date,county,fips,population,confirmed_cases,reported_cases,probable_cases,reported_and_probable_cases,reported_deaths
2022-07-28,Alameda,001,1643700,327605,327608,19030,346638,1941
2022-07-28,Alpine,003,1148,130,130,1,131,0
2022-07-28,Amador,005,37829,9608,9609,831,10440,88
2022-07-28,Butte,007,227075,37349,37349,8084,45433,444
2022-07-28,Calaveras,009,45235,8145,8145,472,8617,128
2022-07-28,Colusa,011,21464,3662,3664,1211,4875,22
2022-07-28,Contra Costa,013,1133247,234633,234635,18470,253105,1375
2022-07-28,Del Norte,015,27424,7135,7136,390,7526,54
2022-07-28,El Dorado,017,186661,31007,31007,3981,34988,222
2022-07-28,Fresno,019,978130,260856,260858,27781,288639,2805
2022-07-28,Glenn,021,27897,5350,5350,1769,7119,48
2022-07-28,Humboldt,023,135768,20520,20523,4274,24797,151
2022-07-28,Imperial,025,180216,62470,62471,13878,76349,949
2022-07-28,Inyo,027,18085,4388,4388,793,5181,57
2022-07-28,Kern,029,883053,210178,210190,53579,263769,2375
2022-07-28,Kings,031,150075,56671,56673,3899,60572,454
2022-07-28,Lake,033,64148,12102,12102,1074,13176,142
2022-07-28,Lassen,035,31185,9548,9548,968,10516,64
2022-07-28,Los Angeles,037,10098052,3122442,3122700,162650,3285350,32445
2022-07-28,Madera,039,155013,41639,41641,7264,48905,372
2022-07-28,Marin,041,260295,42836,42840,4917,47757,300
2022-07-28,Mariposa,043,17540,2940,2940,299,3239,30
2022-07-28,Mendocino,045,87422,15172,15172,4002,19174,132
2022-07-28,Merced,047,269075,68850,68853,10312,79165,838
2022-07-28,Modoc,049,8938,841,841,312,1153,11
2022-07-28,Mono,051,14174,3155,3155,220,3375,7
2022-07-28,Monterey,053,433212,89973,89974,18832,108806,754
2022-07-28,Napa,055,140530,30776,30777,1339,32116,150
2022-07-28,Nevada,057,99092,18182,18187,1618,19805,131
2022-07-28,Orange,059,3164182,636402,636403,55430,691833,7194
2022-07-28,Placer,061,380077,72444,72444,8811,81255,647
2022-07-28,Plumas,063,18699,3490,3490,425,3915,13
2022-07-28,Riverside,065,2383286,662873,662929,32828,695757,6543
2022-07-28,Sacramento,067,1510023,329635,329639,32081,361720,3156
2022-07-28,San Benito,069,59416,15254,15256,822,16078,100
2022-07-28,San Bernardino,071,2135413,633078,633131,28246,661377,7941
2022-07-28,San Diego,073,3302833,881822,881822,66351,948173,5409
2022-07-28,San Francisco,075,870044,169556,169564,11401,180965,937
2022-07-28,San Joaquin,077,732212,187930,187937,12925,200862,2276
2022-07-28,San Luis Obispo,079,281455,60359,60370,6422,66792,503
2022-07-28,San Mateo,081,765935,159143,159145,10023,169168,726
2022-07-28,Santa Barbara,083,443738,99946,99946,5992,105938,708
2022-07-28,Santa Clara,085,1922200,407375,407392,17688,425080,2381
2022-07-28,Santa Cruz,087,273765,59227,59227,3080,62307,269
2022-07-28,Shasta,089,179085,33454,33454,6916,40370,581
2022-07-28,Sierra,091,2930,293,293,59,352,4
2022-07-28,Siskiyou,093,43540,4997,4997,3153,8150,86
2022-07-28,Solano,095,438530,99022,99034,7195,106229,457
2022-07-28,Sonoma,097,501317,101740,101747,4727,106474,500
2022-07-28,Stanislaus,099,539301,131061,131081,19777,150858,1696
2022-07-28,Sutter,101,95872,22926,22931,2387,25318,228
2022-07-28,Tehama,103,63373,13079,13079,2895,15974,208
2022-07-28,Trinity,105,12862,1340,1340,342,1682,20
2022-07-28,Tulare,107,460477,116638,116640,33091,149731,1514
2022-07-28,Tuolumne,109,53932,14701,14701,870,15571,196
2022-07-28,Ventura,111,848112,198496,198498,13479,211977,1530
2022-07-28,Yolo,113,214977,45511,45511,4077,49588,327
2022-07-28,Yuba,115,75493,17948,17951,1560,19511,124
2022-07-27,Alameda,001,1643700,327605,325669,19030,344699,1938
2022-07-27,Alpine,003,1148,130,130,1,131,0
2022-07-27,Amador,005,37829,9608,9568,831,10399,87
2022-07-27,Butte,007,227075,37349,37146,8084,45230,441
2022-07-27,Calaveras,009,45235,8145,8105,472,8577,130
2022-07-27,Colusa,011,21464,3662,3649,1211,4860,22
2022-07-27,Contra Costa,013,1133247,234633,233236,18470,251706,1374
2022-07-27,Del Norte,015,27424,7135,7161,390,7551,54
2022-07-27,El Dorado,017,186661,31007,30891,3981,34872,222
2022-07-27,Fresno,019,978130,260856,259483,27781,287264,2801
2022-07-27,Glenn,021,27897,5350,5327,1769,7096,48
2022-07-27,Humboldt,023,135768,20520,20406,4274,24680,150
2022-07-27,Imperial,025,180216,62470,62014,13878,75892,948
2022-07-27,Inyo,027,18085,4388,4381,793,5174,57
2022-07-27,Kern,029,883053,210178,209400,53579,262979,2368
2022-07-27,Kings,031,150075,56671,56417,3899,60316,451
2022-07-27,Lake,033,64148,12102,12025,1074,13099,142
2022-07-27,Lassen,035,31185,9548,9509,968,10477,64
2022-07-27,Los Angeles,037,10098052,3122442,3107063,162650,3269713,32392
2022-07-27,Madera,039,155013,41639,41423,7264,48687,372
2022-07-27,Marin,041,260295,42836,42624,4917,47541,300
2022-07-27,Mariposa,043,17540,2940,2927,299,3226,30
2022-07-27,Mendocino,045,87422,15172,15066,4002,19068,131
2022-07-27,Merced,047,269075,68850,68455,10312,78767,838
2022-07-27,Modoc,049,8938,841,840,312,1152,10
2022-07-27,Mono,051,14174,3155,3148,220,3368,7
2022-07-27,Monterey,053,433212,89973,89520,18832,108352,752
2022-07-27,Napa,055,140530,30776,30647,1339,31986,150
2022-07-27,Nevada,057,99092,18182,18134,1618,19752,132
2022-07-27,Orange,059,3164182,636402,632871,55430,688301,7188
2022-07-27,Placer,061,380077,72444,72194,8811,81005,647
2022-07-27,Plumas,063,18699,3490,3472,425,3897,13
2022-07-27,Riverside,065,2383286,662873,659650,32828,692478,6528
2022-07-27,Sacramento,067,1510023,329635,328249,32081,360330,3146
2022-07-27,San Benito,069,59416,15254,15188,822,16010,100
2022-07-27,San Bernardino,071,2135413,633078,629895,28246,658141,7937
2022-07-27,San Diego,073,3302833,881822,876507,66351,942858,5386
2022-07-27,San Francisco,075,870044,169556,168570,11401,179971,931
2022-07-27,San Joaquin,077,732212,187930,187066,12925,199991,2267
2022-07-27,San Luis Obispo,079,281455,60359,60180,6422,66602,502
2022-07-27,San Mateo,081,765935,159143,158343,10023,168366,724
2022-07-27,Santa Barbara,083,443738,99946,99460,5992,105452,707
2022-07-27,Santa Clara,085,1922200,407375,404896,17688,422584,2380
2022-07-27,Santa Cruz,087,273765,59227,58873,3080,61953,269
2022-07-27,Shasta,089,179085,33454,33314,6916,40230,578
2022-07-27,Sierra,091,2930,293,293,59,352,4
2022-07-27,Siskiyou,093,43540,4997,4975,3153,8128,84
2022-07-27,Solano,095,438530,99022,98579,7195,105774,457
2022-07-27,Sonoma,097,501317,101740,101316,4727,106043,499
2022-07-27,Stanislaus,099,539301,131061,130451,19777,150228,1695
2022-07-27,Sutter,101,95872,22926,22811,2387,25198,228
2022-07-27,Tehama,103,63373,13079,13036,2895,15931,207
2022-07-27,Trinity,105,12862,1340,1337,342,1679,20
2022-07-27,Tulare,107,460477,116638,116167,33091,149258,1514
2022-07-27,Tuolumne,109,53932,14701,14594,870,15464,196
2022-07-27,Ventura,111,848112,198496,197572,13479,211051,1527
2022-07-27,Yolo,113,214977,45511,45359,4077,49436,326
2022-07-27,Yuba,115,75493,17948,17873,1560,19433,124
2022-07-26,Alameda,001,1643700,327507,325669,19030,344699,1938
2022-07-26,Alpine,003,1148,130,130,1,131,0
2022-07-26,Amador,005,37829,9605,9568,831,10399,87
2022-07-26,Butte,007,227075,37335,37146,8084,45230,441
2022-07-26,Calaveras,009,45235,8142,8105,472,8577,130
2022-07-26,Colusa,011,21464,3662,3649,1210,4859,22
2022-07-26,Contra Costa,013,1133247,234583,233236,18470,251706,1374
2022-07-26,Del Norte,015,27424,7130,7161,390,7551,54
2022-07-26,El Dorado,017,186661,30997,30891,3981,34872,222
2022-07-26,Fresno,019,978130,260759,259483,27781,287264,2801
2022-07-26,Glenn,021,27897,5349,5327,1769,7096,48
2022-07-26,Humboldt,023,135768,20513,20406,4272,24678,150
2022-07-26,Imperial,025,180216,62441,62014,13878,75892,948
2022-07-26,Inyo,027,18085,4386,4381,793,5174,57
2022-07-26,Kern,029,883053,210147,209400,53579,262979,2368
2022-07-26,Kings,031,150075,56636,56417,3899,60316,451
2022-07-26,Lake,033,64148,12090,12025,1074,13099,142
2022-07-26,Lassen,035,31185,9548,9509,968,10477,64
2022-07-26,Los Angeles,037,10098052,3122346,3107063,162632,3269695,32392
2022-07-26,Madera,039,155013,41619,41423,7264,48687,372
2022-07-26,Marin,041,260295,42813,42624,4916,47540,300
2022-07-26,Mariposa,043,17540,2939,2927,299,3226,30
2022-07-26,Mendocino,045,87422,15165,15066,4002,19068,131
2022-07-26,Merced,047,269075,68838,68455,10312,78767,838
2022-07-26,Modoc,049,8938,841,840,312,1152,10
2022-07-26,Mono,051,14174,3155,3148,220,3368,7
2022-07-26,Monterey,053,433212,89932,89520,18827,108347,752
2022-07-26,Napa,055,140530,30771,30647,1339,31986,150
2022-07-26,Nevada,057,99092,18178,18134,1618,19752,132
2022-07-26,Orange,059,3164182,636217,632871,55429,688300,7188
2022-07-26,Placer,061,380077,72425,72194,8810,81004,647
2022-07-26,Plumas,063,18699,3488,3472,425,3897,13
2022-07-26,Riverside,065,2383286,662785,659650,32821,692471,6528
2022-07-26,Sacramento,067,1510023,329588,328249,32081,360330,3146
2022-07-26,San Benito,069,59416,15246,15188,822,16010,100
2022-07-26,San Bernardino,071,2135413,632999,629895,28246,658141,7937
2022-07-26,San Diego,073,3302833,881588,876507,66189,942696,5386
2022-07-26,San Francisco,075,870044,169483,168570,11401,179971,931
2022-07-26,San Joaquin,077,732212,187856,187066,12917,199983,2267
2022-07-26,San Luis Obispo,079,281455,60352,60180,6422,66602,502
2022-07-26,San Mateo,081,765935,159092,158343,10023,168366,724
2022-07-26,Santa Barbara,083,443738,99903,99460,5992,105452,707
2022-07-26,Santa Clara,085,1922200,407251,404896,17688,422584,2380
2022-07-26,Santa Cruz,087,273765,59221,58873,3080,61953,269
2022-07-26,Shasta,089,179085,33453,33314,6916,40230,578
2022-07-26,Sierra,091,2930,293,293,59,352,4
2022-07-26,Siskiyou,093,43540,4992,4975,3153,8128,84
2022-07-26,Solano,095,438530,98991,98579,7195,105774,457
2022-07-26,Sonoma,097,501317,101727,101316,4727,106043,499
2022-07-26,Stanislaus,099,539301,131014,130451,19764,150215,1695
2022-07-26,Sutter,101,95872,22911,22811,2387,25198,228
2022-07-26,Tehama,103,63373,13079,13036,2895,15931,207
2022-07-26,Trinity,105,12862,1339,1337,342,1679,20
2022-07-26,Tulare,107,460477,116603,116167,33081,149248,1514
2022-07-26,Tuolumne,109,53932,14691,14594,870,15464,196
2022-07-26,Ventura,111,848112,198453,197572,13479,211051,1527
2022-07-26,Yolo,113,214977,45505,45359,4077,49436,326
2022-07-26,Yuba,115,75493,17937,17873,1560,19433,124
2022-07-25,Alameda,001,1643700,326973,325669,19029,344698,1938
2022-07-25,Alpine,003,1148,130,130,1,131,0
2022-07-25,Amador,005,37829,9595,9568,831,10399,87
2022-07-25,Butte,007,227075,37286,37146,8083,45229,441
2022-07-25,Calaveras,009,45235,8133,8105,472,8577,130
2022-07-25,Colusa,011,21464,3658,3649,1205,4854,22
2022-07-25,Contra Costa,013,1133247,234227,233236,18468,251704,1374
2022-07-25,Del Norte,015,27424,7125,7161,390,7551,54
2022-07-25,El Dorado,017,186661,30969,30891,3977,34868,222
2022-07-25,Fresno,019,978130,260421,259483,27779,287262,2801
2022-07-25,Glenn,021,27897,5346,5327,1768,7095,48
2022-07-25,Humboldt,023,135768,20484,20406,4272,24678,150
2022-07-25,Imperial,025,180216,62371,62014,13878,75892,948
2022-07-25,Inyo,027,18085,4384,4381,793,5174,57
2022-07-25,Kern,029,883053,210046,209400,53579,262979,2368
2022-07-25,Kings,031,150075,56593,56417,3898,60315,451
2022-07-25,Lake,033,64148,12070,12025,1074,13099,142
2022-07-25,Lassen,035,31185,9542,9509,968,10477,64
2022-07-25,Los Angeles,037,10098052,3120370,3107063,162324,3269387,32392
2022-07-25,Madera,039,155013,41581,41423,7264,48687,372
2022-07-25,Marin,041,260295,42747,42624,4915,47539,300
2022-07-25,Mariposa,043,17540,2937,2927,299,3226,30
2022-07-25,Mendocino,045,87422,15139,15066,4002,19068,131
2022-07-25,Merced,047,269075,68755,68455,10311,78766,838
2022-07-25,Modoc,049,8938,838,840,311,1151,10
2022-07-25,Mono,051,14174,3154,3148,220,3368,7
2022-07-25,Monterey,053,433212,89828,89520,18812,108332,752
2022-07-25,Napa,055,140530,30737,30647,1339,31986,150
2022-07-25,Nevada,057,99092,18172,18134,1616,19750,132
2022-07-25,Orange,059,3164182,635626,632871,55428,688299,7188
2022-07-25,Placer,061,380077,72375,72194,8809,81003,647
2022-07-25,Plumas,063,18699,3484,3472,425,3897,13
2022-07-25,Riverside,065,2383286,662174,659650,32817,692467,6528
2022-07-25,Sacramento,067,1510023,329270,328249,32081,360330,3146
2022-07-25,San Benito,069,59416,15215,15188,822,16010,100
2022-07-25,San Bernardino,071,2135413,632261,629895,28243,658138,7937
2022-07-25,San Diego,073,3302833,880481,876507,66010,942517,5386
2022-07-25,San Francisco,075,870044,169199,168570,11401,179971,931
2022-07-25,San Joaquin,077,732212,187663,187066,12898,199964,2267
2022-07-25,San Luis Obispo,079,281455,60323,60180,6420,66600,502
2022-07-25,San Mateo,081,765935,158866,158343,10023,168366,724
2022-07-25,Santa Barbara,083,443738,99797,99460,5991,105451,707
2022-07-25,Santa Clara,085,1922200,406499,404896,17688,422584,2380
2022-07-25,Santa Cruz,087,273765,59166,58873,3079,61952,269
2022-07-25,Shasta,089,179085,33427,33314,6916,40230,578
2022-07-25,Sierra,091,2930,293,293,59,352,4
2022-07-25,Siskiyou,093,43540,4986,4975,3152,8127,84
2022-07-25,Solano,095,438530,98873,98579,7194,105773,457
2022-07-25,Sonoma,097,501317,101604,101316,4725,106041,499
2022-07-25,Stanislaus,099,539301,130900,130451,19741,150192,1695
2022-07-25,Sutter,101,95872,22868,22811,2387,25198,228
2022-07-25,Tehama,103,63373,13069,13036,2893,15929,207
2022-07-25,Trinity,105,12862,1339,1337,342,1679,20
2022-07-25,Tulare,107,460477,116455,116167,33064,149231,1514
2022-07-25,Tuolumne,109,53932,14665,14594,870,15464,196
2022-07-25,Ventura,111,848112,198284,197572,13478,211050,1527
2022-07-25,Yolo,113,214977,45470,45359,4077,49436,326
2022-07-25,Yuba,115,75493,17903,17873,1560,19433,124
2022-07-24,Alameda,001,1643700,326287,323165,19029,342194,1933
2022-07-24,Alpine,003,1148,130,130,1,131,0
2022-07-24,Amador,005,37829,9578,9526,831,10357,87
2022-07-24,Butte,007,227075,37230,36994,8083,45077,440
2022-07-24,Calaveras,009,45235,8120,8064,472,8536,128
2022-07-24,Colusa,011,21464,3651,3639,1205,4844,22
2022-07-24,Contra Costa,013,1133247,233772,231714,18466,250180,1363
2022-07-24,Del Norte,015,27424,7113,7128,390,7518,54
2022-07-24,El Dorado,017,186661,30925,30722,3977,34699,222
2022-07-24,Fresno,019,978130,259869,257571,27779,285350,2792
2022-07-24,Glenn,021,27897,5339,5311,1768,7079,48
2022-07-24,Humboldt,023,135768,20456,20283,4267,24550,150
2022-07-24,Imperial,025,180216,62226,61671,13849,75520,948
2022-07-24,Inyo,027,18085,4383,4366,793,5159,57
2022-07-24,Kern,029,883053,209827,208535,53577,262112,2366
2022-07-24,Kings,031,150075,56492,56103,3894,59997,451
2022-07-24,Lake,033,64148,12044,11957,1074,13031,142
2022-07-24,Lassen,035,31185,9519,9504,968,10472,64
2022-07-24,Los Angeles,037,10098052,3115561,3085376,161770,3247146,32340
2022-07-24,Madera,039,155013,41498,41145,7264,48409,372
2022-07-24,Marin,041,260295,42688,42347,4907,47254,300
2022-07-24,Mariposa,043,17540,2934,2897,299,3196,30
2022-07-24,Mendocino,045,87422,15092,14988,4002,18990,131
2022-07-24,Merced,047,269075,68616,68127,10311,78438,837
2022-07-24,Modoc,049,8938,838,829,311,1140,10
2022-07-24,Mono,051,14174,3153,3141,220,3361,7
2022-07-24,Monterey,053,433212,89672,89067,18791,107858,747
2022-07-24,Napa,055,140530,30683,30495,1339,31834,148
2022-07-24,Nevada,057,99092,18160,18073,1613,19686,131
2022-07-24,Orange,059,3164182,634409,627948,55428,683376,7181
2022-07-24,Placer,061,380077,72267,71870,8808,80678,644
2022-07-24,Plumas,063,18699,3483,3464,425,3889,13
2022-07-24,Riverside,065,2383286,661015,655603,32801,688404,6527
2022-07-24,Sacramento,067,1510023,328708,326216,32080,358296,3136
2022-07-24,San Benito,069,59416,15196,15049,822,15871,100
2022-07-24,San Bernardino,071,2135413,631076,626059,28243,654302,7933
2022-07-24,San Diego,073,3302833,878665,870102,65835,935937,5380
2022-07-24,San Francisco,075,870044,168829,167260,11400,178660,931
2022-07-24,San Joaquin,077,732212,187330,186142,12882,199024,2267
2022-07-24,San Luis Obispo,079,281455,60218,59919,6413,66332,500
2022-07-24,San Mateo,081,765935,158605,157266,10023,167289,724
2022-07-24,Santa Barbara,083,443738,99614,98826,5990,104816,706
2022-07-24,Santa Clara,085,1922200,405710,401495,17688,419183,2381
2022-07-24,Santa Cruz,087,273765,58993,58386,3078,61464,268
2022-07-24,Shasta,089,179085,33399,33185,6916,40101,578
2022-07-24,Sierra,091,2930,293,293,59,352,4
2022-07-24,Siskiyou,093,43540,4984,4938,3152,8090,84
2022-07-24,Solano,095,438530,98678,98016,7194,105210,457
2022-07-24,Sonoma,097,501317,101433,100735,4722,105457,499
2022-07-24,Stanislaus,099,539301,130644,129813,19718,149531,1695
2022-07-24,Sutter,101,95872,22824,22687,2386,25073,228
2022-07-24,Tehama,103,63373,13058,12974,2892,15866,207
2022-07-24,Trinity,105,12862,1338,1330,342,1672,20
2022-07-24,Tulare,107,460477,116303,115548,33043,148591,1513
2022-07-24,Tuolumne,109,53932,14641,14514,870,15384,196
2022-07-24,Ventura,111,848112,197890,196127,13463,209590,1525
2022-07-24,Yolo,113,214977,45418,45141,4077,49218,327
2022-07-24,Yuba,115,75493,17881,17770,1560,19330,124
2022-07-23,Alameda,001,1643700,325995,323165,19006,342171,1933
2022-07-23,Alpine,003,1148,130,130,1,131,0
2022-07-23,Amador,005,37829,9569,9526,831,10357,87
2022-07-23,Butte,007,227075,37204,36994,8080,45074,440
2022-07-23,Calaveras,009,45235,8112,8064,471,8535,128
2022-07-23,Colusa,011,21464,3649,3639,1205,4844,22
2022-07-23,Contra Costa,013,1133247,233545,231714,18452,250166,1363
2022-07-23,Del Norte,015,27424,7110,7128,390,7518,54
2022-07-23,El Dorado,017,186661,30915,30722,3974,34696,222
2022-07-23,Fresno,019,978130,259701,257571,27775,285346,2792
2022-07-23,Glenn,021,27897,5336,5311,1767,7078,48
2022-07-23,Humboldt,023,135768,20440,20283,4261,24544,150
2022-07-23,Imperial,025,180216,62177,61671,13844,75515,948
2022-07-23,Inyo,027,18085,4382,4366,793,5159,57
2022-07-23,Kern,029,883053,209709,208535,53569,262104,2366
2022-07-23,Kings,031,150075,56452,56103,3894,59997,451
2022-07-23,Lake,033,64148,12033,11957,1074,13031,142
2022-07-23,Lassen,035,31185,9517,9504,968,10472,64
2022-07-23,Los Angeles,037,10098052,3113202,3085376,161443,3246819,32340
2022-07-23,Madera,039,155013,41447,41145,7264,48409,372
2022-07-23,Marin,041,260295,42643,42347,4900,47247,300
2022-07-23,Mariposa,043,17540,2933,2897,299,3196,30
2022-07-23,Mendocino,045,87422,15079,14988,3999,18987,131
2022-07-23,Merced,047,269075,68565,68127,10306,78433,837
2022-07-23,Modoc,049,8938,838,829,311,1140,10
2022-07-23,Mono,051,14174,3153,3141,220,3361,7
2022-07-23,Monterey,053,433212,89622,89067,18781,107848,747
2022-07-23,Napa,055,140530,30663,30495,1338,31833,148
2022-07-23,Nevada,057,99092,18154,18073,1613,19686,131
2022-07-23,Orange,059,3164182,633724,627948,55323,683271,7181
2022-07-23,Placer,061,380077,72218,71870,8806,80676,644
2022-07-23,Plumas,063,18699,3482,3464,425,3889,13
2022-07-23,Riverside,065,2383286,660517,655603,32775,688378,6527
2022-07-23,Sacramento,067,1510023,328499,326216,32073,358289,3136
2022-07-23,San Benito,069,59416,15187,15049,811,15860,100
2022-07-23,San Bernardino,071,2135413,630650,626059,28228,654287,7933
2022-07-23,San Diego,073,3302833,877923,870102,65796,935898,5380
2022-07-23,San Francisco,075,870044,168679,167260,11396,178656,931
2022-07-23,San Joaquin,077,732212,187223,186142,12872,199014,2267
2022-07-23,San Luis Obispo,079,281455,60194,59919,6405,66324,500
2022-07-23,San Mateo,081,765935,158485,157266,10014,167280,724
2022-07-23,Santa Barbara,083,443738,99551,98826,5965,104791,706
2022-07-23,Santa Clara,085,1922200,405277,401495,17681,419176,2381
2022-07-23,Santa Cruz,087,273765,58966,58386,3075,61461,268
2022-07-23,Shasta,089,179085,33368,33185,6916,40101,578
2022-07-23,Sierra,091,2930,293,293,59,352,4
2022-07-23,Siskiyou,093,43540,4980,4938,3152,8090,84
2022-07-23,Solano,095,438530,98616,98016,7191,105207,457
2022-07-23,Sonoma,097,501317,101371,100735,4716,105451,499
2022-07-23,Stanislaus,099,539301,130560,129813,19695,149508,1695
2022-07-23,Sutter,101,95872,22803,22687,2386,25073,228
2022-07-23,Tehama,103,63373,13049,12974,2892,15866,207
2022-07-23,Trinity,105,12862,1338,1330,341,1671,20
2022-07-23,Tulare,107,460477,116228,115548,33010,148558,1513
2022-07-23,Tuolumne,109,53932,14631,14514,870,15384,196
2022-07-23,Ventura,111,848112,197755,196127,13447,209574,1525
2022-07-23,Yolo,113,214977,45387,45141,4075,49216,327
2022-07-23,Yuba,115,75493,17873,17770,1558,19328,124
2022-07-22,Alameda,001,1643700,325668,323165,18963,342128,1933
2022-07-22,Alpine,003,1148,130,130,1,131,0
2022-07-22,Amador,005,37829,9564,9526,830,10356,87
2022-07-22,Butte,007,227075,37178,36994,8067,45061,440
2022-07-22,Calaveras,009,45235,8104,8064,471,8535,128
2022-07-22,Colusa,011,21464,3648,3639,1203,4842,22
2022-07-22,Contra Costa,013,1133247,233324,231714,18429,250143,1363
2022-07-22,Del Norte,015,27424,7103,7128,389,7517,54
2022-07-22,El Dorado,017,186661,30893,30722,3971,34693,222
2022-07-22,Fresno,019,978130,259475,257571,27757,285328,2792
2022-07-22,Glenn,021,27897,5331,5311,1766,7077,48
2022-07-22,Humboldt,023,135768,20420,20283,4253,24536,150
2022-07-22,Imperial,025,180216,62102,61671,13838,75509,948
2022-07-22,Inyo,027,18085,4382,4366,787,5153,57
2022-07-22,Kern,029,883053,209531,208535,53562,262097,2366
2022-07-22,Kings,031,150075,56417,56103,3891,59994,451
2022-07-22,Lake,033,64148,12022,11957,1074,13031,142
2022-07-22,Lassen,035,31185,9517,9504,968,10472,64
2022-07-22,Los Angeles,037,10098052,3110284,3085376,161109,3246485,32340
2022-07-22,Madera,039,155013,41413,41145,7259,48404,372
2022-07-22,Marin,041,260295,42599,42347,4897,47244,300
2022-07-22,Mariposa,043,17540,2932,2897,299,3196,30
2022-07-22,Mendocino,045,87422,15065,14988,3996,18984,131
2022-07-22,Merced,047,269075,68508,68127,10303,78430,837
2022-07-22,Modoc,049,8938,838,829,311,1140,10
2022-07-22,Mono,051,14174,3152,3141,219,3360,7
2022-07-22,Monterey,053,433212,89555,89067,18754,107821,747
2022-07-22,Napa,055,140530,30639,30495,1338,31833,148
2022-07-22,Nevada,057,99092,18147,18073,1611,19684,131
2022-07-22,Orange,059,3164182,632982,627948,55197,683145,7181
2022-07-22,Placer,061,380077,72198,71870,8801,80671,644
2022-07-22,Plumas,063,18699,3482,3464,425,3889,13
2022-07-22,Riverside,065,2383286,659918,655603,32731,688334,6527
2022-07-22,Sacramento,067,1510023,328184,326216,32057,358273,3136
2022-07-22,San Benito,069,59416,15178,15049,811,15860,100
2022-07-22,San Bernardino,071,2135413,630181,626059,28207,654266,7933
2022-07-22,San Diego,073,3302833,876917,870102,65671,935773,5380
2022-07-22,San Francisco,075,870044,168516,167260,11373,178633,931
2022-07-22,San Joaquin,077,732212,187111,186142,12852,198994,2267
2022-07-22,San Luis Obispo,079,281455,60144,59919,6395,66314,500
2022-07-22,San Mateo,081,765935,158315,157266,10002,167268,724
2022-07-22,Santa Barbara,083,443738,99478,98826,5961,104787,706
2022-07-22,Santa Clara,085,1922200,404713,401495,17665,419160,2381
2022-07-22,Santa Cruz,087,273765,58887,58386,3073,61459,268
2022-07-22,Shasta,089,179085,33351,33185,6916,40101,578
2022-07-22,Sierra,091,2930,293,293,59,352,4
2022-07-22,Siskiyou,093,43540,4973,4938,3152,8090,84
2022-07-22,Solano,095,438530,98504,98016,7181,105197,457
2022-07-22,Sonoma,097,501317,101299,100735,4710,105445,499
2022-07-22,Stanislaus,099,539301,130467,129813,19683,149496,1695
2022-07-22,Sutter,101,95872,22780,22687,2385,25072,228
2022-07-22,Tehama,103,63373,13044,12974,2891,15865,207
2022-07-22,Trinity,105,12862,1337,1330,341,1671,20
2022-07-22,Tulare,107,460477,116162,115548,32973,148521,1513
2022-07-22,Tuolumne,109,53932,14612,14514,868,15382,196
2022-07-22,Ventura,111,848112,197625,196127,13425,209552,1525
2022-07-22,Yolo,113,214977,45345,45141,4068,49209,327
2022-07-22,Yuba,115,75493,17863,17770,1558,19328,124
2022-07-21,Alameda,001,1643700,325038,323165,18887,342052,1933
2022-07-21,Alpine,003,1148,130,130,1,131,0
2022-07-21,Amador,005,37829,9558,9526,829,10355,87
2022-07-21,Butte,007,227075,37140,36994,8053,45047,440
2022-07-21,Calaveras,009,45235,8093,8064,469,8533,128
2022-07-21,Colusa,011,21464,3647,3639,1203,4842,22
2022-07-21,Contra Costa,013,1133247,232986,231714,18380,250094,1363
2022-07-21,Del Norte,015,27424,7093,7128,388,7516,54
2022-07-21,El Dorado,017,186661,30845,30722,3967,34689,222
2022-07-21,Fresno,019,978130,259054,257571,27714,285285,2792
2022-07-21,Glenn,021,27897,5325,5311,1766,7077,48
2022-07-21,Humboldt,023,135768,20391,20283,4232,24515,150
2022-07-21,Imperial,025,180216,62006,61671,13783,75454,948
2022-07-21,Inyo,027,18085,4379,4366,781,5147,57
2022-07-21,Kern,029,883053,209303,208535,53550,262085,2366
2022-07-21,Kings,031,150075,56348,56103,3880,59983,451
2022-07-21,Lake,033,64148,12013,11957,1072,13029,142
2022-07-21,Lassen,035,31185,9514,9504,968,10472,64
2022-07-21,Los Angeles,037,10098052,3105285,3085376,160630,3246006,32340
2022-07-21,Madera,039,155013,41352,41145,7240,48385,372
2022-07-21,Marin,041,260295,42551,42347,4894,47241,300
2022-07-21,Mariposa,043,17540,2928,2897,298,3195,30
2022-07-21,Mendocino,045,87422,15042,14988,3992,18980,131
2022-07-21,Merced,047,269075,68419,68127,10282,78409,837
2022-07-21,Modoc,049,8938,836,829,311,1140,10
2022-07-21,Mono,051,14174,3149,3141,218,3359,7
2022-07-21,Monterey,053,433212,89433,89067,18704,107771,747
2022-07-21,Napa,055,140530,30600,30495,1338,31833,148
2022-07-21,Nevada,057,99092,18132,18073,1607,19680,131
2022-07-21,Orange,059,3164182,631893,627948,55012,682960,7181
2022-07-21,Placer,061,380077,72112,71870,8786,80656,644
2022-07-21,Plumas,063,18699,3481,3464,425,3889,13
2022-07-21,Riverside,065,2383286,658992,655603,32669,688272,6527
2022-07-21,Sacramento,067,1510023,327715,326216,32029,358245,3136
2022-07-21,San Benito,069,59416,15135,15049,808,15857,100
2022-07-21,San Bernardino,071,2135413,629260,626059,28155,654214,7933
2022-07-21,San Diego,073,3302833,875323,870102,65488,935590,5380
2022-07-21,San Francisco,075,870044,168208,167260,11328,178588,931
2022-07-21,San Joaquin,077,732212,186899,186142,12827,198969,2267
2022-07-21,San Luis Obispo,079,281455,60097,59919,6364,66283,500
2022-07-21,San Mateo,081,765935,158059,157266,9988,167254,724
2022-07-21,Santa Barbara,083,443738,99333,98826,5944,104770,706
2022-07-21,Santa Clara,085,1922200,403994,401495,17636,419131,2381
2022-07-21,Santa Cruz,087,273765,58787,58386,3061,61447,268
2022-07-21,Shasta,089,179085,33313,33185,6906,40091,578
2022-07-21,Sierra,091,2930,293,293,59,352,4
2022-07-21,Siskiyou,093,43540,4965,4938,3148,8086,84
2022-07-21,Solano,095,438530,98390,98016,7173,105189,457
2022-07-21,Sonoma,097,501317,101176,100735,4701,105436,499
2022-07-21,Stanislaus,099,539301,130304,129813,19670,149483,1695
2022-07-21,Sutter,101,95872,22751,22687,2383,25070,228
2022-07-21,Tehama,103,63373,13030,12974,2882,15856,207
2022-07-21,Trinity,105,12862,1334,1330,340,1670,20
2022-07-21,Tulare,107,460477,116035,115548,32900,148448,1513
2022-07-21,Tuolumne,109,53932,14587,14514,867,15381,196
2022-07-21,Ventura,111,848112,197353,196127,13348,209475,1525
2022-07-21,Yolo,113,214977,45294,45141,4066,49207,327
2022-07-21,Yuba,115,75493,17835,17770,1556,19326,124
2022-07-20,Alameda,001,1643700,324409,321347,18826,340173,1915
2022-07-20,Alpine,003,1148,130,130,1,131,0
2022-07-20,Amador,005,37829,9542,9478,829,10307,87
2022-07-20,Butte,007,227075,37094,36820,8035,44855,440
2022-07-20,Calaveras,009,45235,8084,8035,467,8502,126
2022-07-20,Colusa,011,21464,3645,3627,1202,4829,22
2022-07-20,Contra Costa,013,1133247,232633,230356,18332,248688,1362
2022-07-20,Del Norte,015,27424,7084,7081,387,7468,54
2022-07-20,El Dorado,017,186661,30814,30628,3956,34584,221
2022-07-20,Fresno,019,978130,258561,256217,27661,283878,2790
2022-07-20,Glenn,021,27897,5323,5287,1763,7050,48
2022-07-20,Humboldt,023,135768,20353,20149,4214,24363,150
2022-07-20,Imperial,025,180216,61891,61170,13708,74878,944
2022-07-20,Inyo,027,18085,4375,4355,776,5131,56
2022-07-20,Kern,029,883053,209047,207603,53512,261115,2366
2022-07-20,Kings,031,150075,56260,55836,3869,59705,449
2022-07-20,Lake,033,64148,11995,11895,1069,12964,142
2022-07-20,Lassen,035,31185,9505,9455,968,10423,64
2022-07-20,Los Angeles,037,10098052,3100085,3068779,160081,3228860,32292
2022-07-20,Madera,039,155013,41284,40902,7221,48123,372
2022-07-20,Marin,041,260295,42482,42153,4888,47041,300
2022-07-20,Mariposa,043,17540,2914,2884,296,3180,30
2022-07-20,Mendocino,045,87422,15029,14890,3985,18875,131
2022-07-20,Merced,047,269075,68325,67775,10259,78034,833
2022-07-20,Modoc,049,8938,835,799,310,1109,9
2022-07-20,Mono,051,14174,3146,3138,215,3353,7
2022-07-20,Monterey,053,433212,89315,88606,18626,107232,747
2022-07-20,Napa,055,140530,30570,30353,1336,31689,145
2022-07-20,Nevada,057,99092,18109,18020,1603,19623,131
2022-07-20,Orange,059,3164182,630655,624998,54816,679814,7173
2022-07-20,Placer,061,380077,72041,71614,8770,80384,639
2022-07-20,Plumas,063,18699,3475,3433,425,3858,13
2022-07-20,Riverside,065,2383286,658003,652192,32585,684777,6510
2022-07-20,Sacramento,067,1510023,327195,324765,31993,356758,3123
2022-07-20,San Benito,069,59416,15103,14966,805,15771,100
2022-07-20,San Bernardino,071,2135413,628325,622760,28107,650867,7921
2022-07-20,San Diego,073,3302833,873598,864434,65322,929756,5375
2022-07-20,San Francisco,075,870044,167897,166241,11313,177554,929
2022-07-20,San Joaquin,077,732212,186637,185319,12798,198117,2262
2022-07-20,San Luis Obispo,079,281455,60039,59727,6335,66062,499
2022-07-20,San Mateo,081,765935,157807,156191,9962,166153,724
2022-07-20,Santa Barbara,083,443738,99183,98322,5919,104241,703
2022-07-20,Santa Clara,085,1922200,403251,398816,17599,416415,2374
2022-07-20,Santa Cruz,087,273765,58684,58004,3049,61053,267
2022-07-20,Shasta,089,179085,33274,33017,6901,39918,576
2022-07-20,Sierra,091,2930,293,292,59,351,4
2022-07-20,Siskiyou,093,43540,4950,4921,3144,8065,84
2022-07-20,Solano,095,438530,98251,97577,7153,104730,459
2022-07-20,Sonoma,097,501317,101003,100304,4692,104996,499
2022-07-20,Stanislaus,099,539301,130171,129200,19641,148841,1695
2022-07-20,Sutter,101,95872,22717,22592,2380,24972,228
2022-07-20,Tehama,103,63373,13016,12923,2878,15801,205
2022-07-20,Trinity,105,12862,1334,1319,340,1659,20
2022-07-20,Tulare,107,460477,115877,115073,32799,147872,1510
2022-07-20,Tuolumne,109,53932,14562,14389,866,15255,196
2022-07-20,Ventura,111,848112,197059,195189,13291,208480,1522
2022-07-20,Yolo,113,214977,45248,44950,4058,49008,325
2022-07-20,Yuba,115,75493,17811,17661,1555,19216,124
2022-07-19,Alameda,001,1643700,323793,321347,18777,340124,1915
2022-07-19,Alpine,003,1148,130,130,1,131,0
2022-07-19,Amador,005,37829,9531,9478,826,10304,87
2022-07-19,Butte,007,227075,37046,36820,8023,44843,440
2022-07-19,Calaveras,009,45235,8075,8035,467,8502,126
2022-07-19,Colusa,011,21464,3642,3627,1198,4825,22
2022-07-19,Contra Costa,013,1133247,232211,230356,18281,248637,1362
2022-07-19,Del Norte,015,27424,7076,7081,385,7466,54
2022-07-19,El Dorado,017,186661,30772,30628,3949,34577,221
2022-07-19,Fresno,019,978130,257994,256217,27602,283819,2790
2022-07-19,Glenn,021,27897,5316,5287,1762,7049,48
2022-07-19,Humboldt,023,135768,20323,20149,4203,24352,150
2022-07-19,Imperial,025,180216,61766,61170,13627,74797,944
2022-07-19,Inyo,027,18085,4374,4355,774,5129,56
2022-07-19,Kern,029,883053,208790,207603,53481,261084,2366
2022-07-19,Kings,031,150075,56158,55836,3855,59691,449
2022-07-19,Lake,033,64148,11974,11895,1063,12958,142
2022-07-19,Lassen,035,31185,9499,9455,967,10422,64
2022-07-19,Los Angeles,037,10098052,3094296,3068779,159467,3228246,32292
2022-07-19,Madera,039,155013,41208,40902,7202,48104,372
2022-07-19,Marin,041,260295,42432,42153,4877,47030,300
2022-07-19,Mariposa,043,17540,2910,2884,294,3178,30
2022-07-19,Mendocino,045,87422,14998,14890,3979,18869,131
2022-07-19,Merced,047,269075,68227,67775,10230,78005,833
2022-07-19,Modoc,049,8938,834,799,310,1109,9
2022-07-19,Mono,051,14174,3142,3138,214,3352,7
2022-07-19,Monterey,053,433212,89190,88606,18549,107155,747
2022-07-19,Napa,055,140530,30515,30353,1333,31686,145
2022-07-19,Nevada,057,99092,18097,18020,1599,19619,131
2022-07-19,Orange,059,3164182,629412,624998,54599,679597,7173
2022-07-19,Placer,061,380077,71962,71614,8757,80371,639
2022-07-19,Plumas,063,18699,3469,3433,423,3856,13
2022-07-19,Riverside,065,2383286,656810,652192,32502,684694,6510
2022-07-19,Sacramento,067,1510023,326588,324765,31955,356720,3123
2022-07-19,San Benito,069,59416,15059,14966,803,15769,100
2022-07-19,San Bernardino,071,2135413,627294,622760,28045,650805,7921
2022-07-19,San Diego,073,3302833,871619,864434,65113,929547,5375
2022-07-19,San Francisco,075,870044,167565,166241,11300,177541,929
2022-07-19,San Joaquin,077,732212,186382,185319,12753,198072,2262
2022-07-19,San Luis Obispo,079,281455,59969,59727,6298,66025,499
2022-07-19,San Mateo,081,765935,157531,156191,9940,166131,724
2022-07-19,Santa Barbara,083,443738,99002,98322,5899,104221,703
2022-07-19,Santa Clara,085,1922200,402382,398816,17556,416372,2374
2022-07-19,Santa Cruz,087,273765,58570,58004,3039,61043,267
2022-07-19,Shasta,089,179085,33247,33017,6886,39903,576
2022-07-19,Sierra,091,2930,293,292,59,351,4
2022-07-19,Siskiyou,093,43540,4943,4921,3138,8059,84
2022-07-19,Solano,095,438530,98064,97577,7132,104709,459
2022-07-19,Sonoma,097,501317,100855,100304,4673,104977,499
2022-07-19,Stanislaus,099,539301,129948,129200,19616,148816,1695
2022-07-19,Sutter,101,95872,22687,22592,2378,24970,228
2022-07-19,Tehama,103,63373,13006,12923,2872,15795,205
2022-07-19,Trinity,105,12862,1331,1319,339,1658,20
2022-07-19,Tulare,107,460477,115703,115073,32702,147775,1510
2022-07-19,Tuolumne,109,53932,14542,14389,857,15246,196
2022-07-19,Ventura,111,848112,196738,195189,13225,208414,1522
2022-07-19,Yolo,113,214977,45194,44950,4049,48999,325
2022-07-19,Yuba,115,75493,17777,17661,1554,19215,124
2022-07-18,Alameda,001,1643700,323103,321347,18693,340040,1915
2022-07-18,Alpine,003,1148,130,130,1,131,0
2022-07-18,Amador,005,37829,9516,9478,826,10304,87
2022-07-18,Butte,007,227075,36978,36820,8012,44832,440
2022-07-18,Calaveras,009,45235,8063,8035,464,8499,126
2022-07-18,Colusa,011,21464,3639,3627,1192,4819,22
2022-07-18,Contra Costa,013,1133247,231772,230356,18215,248571,1362
2022-07-18,Del Norte,015,27424,7065,7081,381,7462,54
2022-07-18,El Dorado,017,186661,30724,30628,3941,34569,221
2022-07-18,Fresno,019,978130,257426,256217,27532,283749,2790
2022-07-18,Glenn,021,27897,5314,5287,1762,7049,48
2022-07-18,Humboldt,023,135768,20285,20149,4187,24336,150
2022-07-18,Imperial,025,180216,61605,61170,13520,74690,944
2022-07-18,Inyo,027,18085,4369,4355,773,5128,56
2022-07-18,Kern,029,883053,208523,207603,53439,261042,2366
2022-07-18,Kings,031,150075,56051,55836,3847,59683,449
2022-07-18,Lake,033,64148,11954,11895,1056,12951,142
2022-07-18,Lassen,035,31185,9495,9455,966,10421,64
2022-07-18,Los Angeles,037,10098052,3087711,3068779,158864,3227643,32292
2022-07-18,Madera,039,155013,41101,40902,7180,48082,372
2022-07-18,Marin,041,260295,42364,42153,4866,47019,300
2022-07-18,Mariposa,043,17540,2903,2884,293,3177,30
2022-07-18,Mendocino,045,87422,14971,14890,3969,18859,131
2022-07-18,Merced,047,269075,68116,67775,10204,77979,833
2022-07-18,Modoc,049,8938,833,799,310,1109,9
2022-07-18,Mono,051,14174,3141,3138,213,3351,7
2022-07-18,Monterey,053,433212,89038,88606,18468,107074,747
2022-07-18,Napa,055,140530,30478,30353,1329,31682,145
2022-07-18,Nevada,057,99092,18082,18020,1589,19609,131
2022-07-18,Orange,059,3164182,627961,624998,54356,679354,7173
2022-07-18,Placer,061,380077,71883,71614,8742,80356,639
2022-07-18,Plumas,063,18699,3460,3433,422,3855,13
2022-07-18,Riverside,065,2383286,655591,652192,32390,684582,6510
2022-07-18,Sacramento,067,1510023,325979,324765,31891,356656,3123
2022-07-18,San Benito,069,59416,15020,14966,798,15764,100
2022-07-18,San Bernardino,071,2135413,626105,622760,27978,650738,7921
2022-07-18,San Diego,073,3302833,869375,864434,64843,929277,5375
2022-07-18,San Francisco,075,870044,167160,166241,11279,177520,929
2022-07-18,San Joaquin,077,732212,186068,185319,12712,198031,2262
2022-07-18,San Luis Obispo,079,281455,59878,59727,6273,66000,499
2022-07-18,San Mateo,081,765935,157179,156191,9917,166108,724
2022-07-18,Santa Barbara,083,443738,98828,98322,5885,104207,703
2022-07-18,Santa Clara,085,1922200,401453,398816,17504,416320,2374
2022-07-18,Santa Cruz,087,273765,58426,58004,3029,61033,267
2022-07-18,Shasta,089,179085,33206,33017,6869,39886,576
2022-07-18,Sierra,091,2930,293,292,59,351,4
2022-07-18,Siskiyou,093,43540,4939,4921,3132,8053,84
2022-07-18,Solano,095,438530,97882,97577,7120,104697,459
2022-07-18,Sonoma,097,501317,100686,100304,4659,104963,499
2022-07-18,Stanislaus,099,539301,129736,129200,19580,148780,1695
2022-07-18,Sutter,101,95872,22656,22592,2377,24969,228
2022-07-18,Tehama,103,63373,12988,12923,2871,15794,205
2022-07-18,Trinity,105,12862,1329,1319,338,1657,20
2022-07-18,Tulare,107,460477,115516,115073,32619,147692,1510
2022-07-18,Tuolumne,109,53932,14505,14389,854,15243,196
2022-07-18,Ventura,111,848112,196371,195189,13164,208353,1522
2022-07-18,Yolo,113,214977,45135,44950,4035,48985,325
2022-07-18,Yuba,115,75493,17744,17661,1545,19206,124
2022-07-17,Alameda,001,1643700,322251,318442,18584,337026,1911
2022-07-17,Alpine,003,1148,130,130,1,131,0
2022-07-17,Amador,005,37829,9506,9437,822,10259,87
2022-07-17,Butte,007,227075,36915,36644,7990,44634,440
2022-07-17,Calaveras,009,45235,8048,7994,453,8447,126
2022-07-17,Colusa,011,21464,3632,3617,1188,4805,22
2022-07-17,Contra Costa,013,1133247,231222,228634,18154,246788,1356
2022-07-17,Del Norte,015,27424,7038,6860,379,7239,54
2022-07-17,El Dorado,017,186661,30680,30461,3929,34390,219
2022-07-17,Fresno,019,978130,256756,254088,27445,281533,2790
2022-07-17,Glenn,021,27897,5309,5273,1760,7033,48
2022-07-17,Humboldt,023,135768,20230,20016,4170,24186,150
2022-07-17,Imperial,025,180216,61419,60550,13357,73907,944
2022-07-17,Inyo,027,18085,4359,4343,769,5112,56
2022-07-17,Kern,029,883053,208068,206466,53381,259847,2364
2022-07-17,Kings,031,150075,55912,55432,3824,59256,449
2022-07-17,Lake,033,64148,11920,11835,1053,12888,141
2022-07-17,Lassen,035,31185,9469,9425,962,10387,64
2022-07-17,Los Angeles,037,10098052,3080538,3042708,158121,3200829,32248
2022-07-17,Madera,039,155013,40994,40627,7135,47762,372
2022-07-17,Marin,041,260295,42277,41829,4858,46687,300
2022-07-17,Mariposa,043,17540,2896,2866,293,3159,30
2022-07-17,Mendocino,045,87422,14934,14799,3951,18750,131
2022-07-17,Merced,047,269075,67984,67416,10167,77583,833
2022-07-17,Modoc,049,8938,830,799,310,1109,9
2022-07-17,Mono,051,14174,3137,3131,210,3341,7
2022-07-17,Monterey,053,433212,88856,88118,18389,106507,747
2022-07-17,Napa,055,140530,30420,30176,1327,31503,145
2022-07-17,Nevada,057,99092,18055,17941,1581,19522,131
2022-07-17,Orange,059,3164182,626394,620414,54096,674510,7161
2022-07-17,Placer,061,380077,71801,71232,8723,79955,637
2022-07-17,Plumas,063,18699,3446,3406,422,3828,13
2022-07-17,Riverside,065,2383286,654225,647328,32278,679606,6508
2022-07-17,Sacramento,067,1510023,325342,322788,31824,354612,3119
2022-07-17,San Benito,069,59416,14994,14869,792,15661,100
2022-07-17,San Bernardino,071,2135413,624726,618482,27871,646353,7914
2022-07-17,San Diego,073,3302833,867062,857262,64636,921898,5370
2022-07-17,San Francisco,075,870044,166708,164853,11234,176087,928
2022-07-17,San Joaquin,077,732212,185718,184187,12650,196837,2262
2022-07-17,San Luis Obispo,079,281455,59774,59437,6231,65668,499
2022-07-17,San Mateo,081,765935,156827,154961,9893,164854,723
2022-07-17,Santa Barbara,083,443738,98572,97600,5857,103457,702
2022-07-17,Santa Clara,085,1922200,400430,395466,17451,412917,2371
2022-07-17,Santa Cruz,087,273765,58231,57531,3010,60541,267
2022-07-17,Shasta,089,179085,33157,32871,6844,39715,575
2022-07-17,Sierra,091,2930,293,291,59,350,4
2022-07-17,Siskiyou,093,43540,4930,4899,3121,8020,83
2022-07-17,Solano,095,438530,97699,96974,7096,104070,457
2022-07-17,Sonoma,097,501317,100501,99679,4641,104320,499
2022-07-17,Stanislaus,099,539301,129485,128436,19542,147978,1692
2022-07-17,Sutter,101,95872,22603,22452,2374,24826,228
2022-07-17,Tehama,103,63373,12965,12860,2864,15724,205
2022-07-17,Trinity,105,12862,1326,1304,336,1640,20
2022-07-17,Tulare,107,460477,115296,114399,32528,146927,1510
2022-07-17,Tuolumne,109,53932,14473,14280,844,15124,196
2022-07-17,Ventura,111,848112,195932,193965,13058,207023,1519
2022-07-17,Yolo,113,214977,45063,44703,4017,48720,324
2022-07-17,Yuba,115,75493,17704,17567,1535,19102,124
2022-07-16,Alameda,001,1643700,321861,318442,18560,337002,1911
2022-07-16,Alpine,003,1148,130,130,1,131,0
2022-07-16,Amador,005,37829,9499,9437,821,10258,87
2022-07-16,Butte,007,227075,36896,36644,7976,44620,440
2022-07-16,Calaveras,009,45235,8043,7994,447,8441,126
2022-07-16,Colusa,011,21464,3629,3617,1184,4801,22
2022-07-16,Contra Costa,013,1133247,230926,228634,18109,246743,1356
2022-07-16,Del Norte,015,27424,7027,6860,378,7238,54
2022-07-16,El Dorado,017,186661,30661,30461,3927,34388,219
2022-07-16,Fresno,019,978130,256490,254088,27408,281496,2790
2022-07-16,Glenn,021,27897,5304,5273,1757,7030,48
2022-07-16,Humboldt,023,135768,20200,20016,4160,24176,150
2022-07-16,Imperial,025,180216,61341,60550,13318,73868,944
2022-07-16,Inyo,027,18085,4358,4343,768,5111,56
2022-07-16,Kern,029,883053,207916,206466,53350,259816,2364
2022-07-16,Kings,031,150075,55872,55432,3819,59251,449
2022-07-16,Lake,033,64148,11904,11835,1053,12888,141
2022-07-16,Lassen,035,31185,9467,9425,961,10386,64
2022-07-16,Los Angeles,037,10098052,3077405,3042708,157679,3200387,32248
2022-07-16,Madera,039,155013,40953,40627,7120,47747,372
2022-07-16,Marin,041,260295,42244,41829,4850,46679,300
2022-07-16,Mariposa,043,17540,2894,2866,293,3159,30
2022-07-16,Mendocino,045,87422,14926,14799,3949,18748,131
2022-07-16,Merced,047,269075,67902,67416,10156,77572,833
2022-07-16,Modoc,049,8938,830,799,310,1109,9
2022-07-16,Mono,051,14174,3137,3131,210,3341,7
2022-07-16,Monterey,053,433212,88774,88118,18348,106466,747
2022-07-16,Napa,055,140530,30394,30176,1325,31501,145
2022-07-16,Nevada,057,99092,18042,17941,1574,19515,131
2022-07-16,Orange,059,3164182,625676,620414,53957,674371,7161
2022-07-16,Placer,061,380077,71718,71232,8711,79943,637
2022-07-16,Plumas,063,18699,3443,3406,421,3827,13
2022-07-16,Riverside,065,2383286,653478,647328,32226,679554,6508
2022-07-16,Sacramento,067,1510023,325077,322788,31810,354598,3119
2022-07-16,San Benito,069,59416,14978,14869,787,15656,100
2022-07-16,San Bernardino,071,2135413,624031,618482,27813,646295,7914
2022-07-16,San Diego,073,3302833,866169,857262,64568,921830,5370
2022-07-16,San Francisco,075,870044,166526,164853,11218,176071,928
2022-07-16,San Joaquin,077,732212,185566,184187,12627,196814,2262
2022-07-16,San Luis Obispo,079,281455,59745,59437,6211,65648,499
2022-07-16,San Mateo,081,765935,156587,154961,9882,164843,723
2022-07-16,Santa Barbara,083,443738,98457,97600,5838,103438,702
2022-07-16,Santa Clara,085,1922200,399779,395466,17429,412895,2371
2022-07-16,Santa Cruz,087,273765,58159,57531,3005,60536,267
2022-07-16,Shasta,089,179085,33139,32871,6839,39710,575
2022-07-16,Sierra,091,2930,293,291,59,350,4
2022-07-16,Siskiyou,093,43540,4928,4899,3117,8016,83
2022-07-16,Solano,095,438530,97630,96974,7077,104051,457
2022-07-16,Sonoma,097,501317,100417,99679,4631,104310,499
2022-07-16,Stanislaus,099,539301,129359,128436,19511,147947,1692
2022-07-16,Sutter,101,95872,22579,22452,2373,24825,228
2022-07-16,Tehama,103,63373,12954,12860,2859,15719,205
2022-07-16,Trinity,105,12862,1324,1304,336,1640,20
2022-07-16,Tulare,107,460477,115198,114399,32465,146864,1510
2022-07-16,Tuolumne,109,53932,14449,14280,844,15124,196
2022-07-16,Ventura,111,848112,195714,193965,13020,206985,1519
2022-07-16,Yolo,113,214977,45022,44703,4004,48707,324
2022-07-16,Yuba,115,75493,17680,17567,1534,19101,124
2022-07-15,Alameda,001,1643700,321416,318442,18499,336941,1911
2022-07-15,Alpine,003,1148,130,130,1,131,0
2022-07-15,Amador,005,37829,9496,9437,820,10257,87
2022-07-15,Butte,007,227075,36858,36644,7970,44614,440
2022-07-15,Calaveras,009,45235,8038,7994,443,8437,126
2022-07-15,Colusa,011,21464,3627,3617,1182,4799,22
2022-07-15,Contra Costa,013,1133247,230659,228634,18067,246701,1356
2022-07-15,Del Norte,015,27424,7016,6860,375,7235,54
2022-07-15,El Dorado,017,186661,30637,30461,3924,34385,219
2022-07-15,Fresno,019,978130,256123,254088,27361,281449,2790
2022-07-15,Glenn,021,27897,5301,5273,1754,7027,48
2022-07-15,Humboldt,023,135768,20176,20016,4147,24163,150
2022-07-15,Imperial,025,180216,61267,60550,13278,73828,944
2022-07-15,Inyo,027,18085,4354,4343,763,5106,56
2022-07-15,Kern,029,883053,207751,206466,53323,259789,2364
2022-07-15,Kings,031,150075,55810,55432,3811,59243,449
2022-07-15,Lake,033,64148,11893,11835,1050,12885,141
2022-07-15,Lassen,035,31185,9465,9425,959,10384,64
2022-07-15,Los Angeles,037,10098052,3073407,3042708,157219,3199927,32248
2022-07-15,Madera,039,155013,40891,40627,7106,47733,372
2022-07-15,Marin,041,260295,42189,41829,4837,46666,300
2022-07-15,Mariposa,043,17540,2891,2866,292,3158,30
2022-07-15,Mendocino,045,87422,14905,14799,3947,18746,131
2022-07-15,Merced,047,269075,67846,67416,10148,77564,833
2022-07-15,Modoc,049,8938,829,799,310,1109,9
2022-07-15,Mono,051,14174,3135,3131,209,3340,7
2022-07-15,Monterey,053,433212,88665,88118,18317,106435,747
2022-07-15,Napa,055,140530,30363,30176,1324,31500,145
2022-07-15,Nevada,057,99092,18032,17941,1572,19513,131
2022-07-15,Orange,059,3164182,624853,620414,53796,674210,7161
2022-07-15,Placer,061,380077,71654,71232,8684,79916,637
2022-07-15,Plumas,063,18699,3436,3406,419,3825,13
2022-07-15,Riverside,065,2383286,652697,647328,32160,679488,6508
2022-07-15,Sacramento,067,1510023,324706,322788,31784,354572,3119
2022-07-15,San Benito,069,59416,14964,14869,787,15656,100
2022-07-15,San Bernardino,071,2135413,623314,618482,27773,646255,7914
2022-07-15,San Diego,073,3302833,864913,857262,64406,921668,5370
2022-07-15,San Francisco,075,870044,166273,164853,11178,176031,928
2022-07-15,San Joaquin,077,732212,185392,184187,12599,196786,2262
2022-07-15,San Luis Obispo,079,281455,59715,59437,6197,65634,499
2022-07-15,San Mateo,081,765935,156357,154961,9864,164825,723
2022-07-15,Santa Barbara,083,443738,98331,97600,5831,103431,702
2022-07-15,Santa Clara,085,1922200,399107,395466,17403,412869,2371
2022-07-15,Santa Cruz,087,273765,58068,57531,2992,60523,267
2022-07-15,Shasta,089,179085,33119,32871,6832,39703,575
2022-07-15,Sierra,091,2930,293,291,59,350,4
2022-07-15,Siskiyou,093,43540,4925,4899,3115,8014,83
2022-07-15,Solano,095,438530,97499,96974,7066,104040,457
2022-07-15,Sonoma,097,501317,100307,99679,4628,104307,499
2022-07-15,Stanislaus,099,539301,129240,128436,19496,147932,1692
2022-07-15,Sutter,101,95872,22552,22452,2372,24824,228
2022-07-15,Tehama,103,63373,12947,12860,2851,15711,205
2022-07-15,Trinity,105,12862,1320,1304,336,1640,20
2022-07-15,Tulare,107,460477,115053,114399,32380,146779,1510
2022-07-15,Tuolumne,109,53932,14405,14280,841,15121,196
2022-07-15,Ventura,111,848112,195497,193965,12986,206951,1519
2022-07-15,Yolo,113,214977,44978,44703,3993,48696,324
2022-07-15,Yuba,115,75493,17654,17567,1534,19101,124
2022-07-14,Alameda,001,1643700,320660,318442,18412,336854,1911
2022-07-14,Alpine,003,1148,130,130,1,131,0
2022-07-14,Amador,005,37829,9484,9437,814,10251,87
2022-07-14,Butte,007,227075,36818,36644,7963,44607,440
2022-07-14,Calaveras,009,45235,8032,7994,439,8433,126
2022-07-14,Colusa,011,21464,3627,3617,1180,4797,22
2022-07-14,Contra Costa,013,1133247,230218,228634,17984,246618,1356
2022-07-14,Del Norte,015,27424,6995,6860,371,7231,54
2022-07-14,El Dorado,017,186661,30601,30461,3916,34377,219
2022-07-14,Fresno,019,978130,255601,254088,27275,281363,2790
2022-07-14,Glenn,021,27897,5292,5273,1751,7024,48
2022-07-14,Humboldt,023,135768,20138,20016,4131,24147,150
2022-07-14,Imperial,025,180216,61090,60550,13160,73710,944
2022-07-14,Inyo,027,18085,4352,4343,758,5101,56
2022-07-14,Kern,029,883053,207463,206466,53279,259745,2364
2022-07-14,Kings,031,150075,55716,55432,3800,59232,449
2022-07-14,Lake,033,64148,11877,11835,1048,12883,141
2022-07-14,Lassen,035,31185,9460,9425,958,10383,64
2022-07-14,Los Angeles,037,10098052,3067539,3042708,156557,3199265,32248
2022-07-14,Madera,039,155013,40819,40627,7052,47679,372
2022-07-14,Marin,041,260295,42099,41829,4831,46660,300
2022-07-14,Mariposa,043,17540,2885,2866,289,3155,30
2022-07-14,Mendocino,045,87422,14891,14799,3942,18741,131
2022-07-14,Merced,047,269075,67756,67416,10124,77540,833
2022-07-14,Modoc,049,8938,829,799,310,1109,9
2022-07-14,Mono,051,14174,3134,3131,209,3340,7
2022-07-14,Monterey,053,433212,88554,88118,18238,106356,747
2022-07-14,Napa,055,140530,30319,30176,1320,31496,145
2022-07-14,Nevada,057,99092,18008,17941,1563,19504,131
2022-07-14,Orange,059,3164182,623633,620414,53597,674011,7161
2022-07-14,Placer,061,380077,71548,71232,8665,79897,637
2022-07-14,Plumas,063,18699,3427,3406,418,3824,13
2022-07-14,Riverside,065,2383286,651511,647328,32085,679413,6508
2022-07-14,Sacramento,067,1510023,324154,322788,31736,354524,3119
2022-07-14,San Benito,069,59416,14935,14869,783,15652,100
2022-07-14,San Bernardino,071,2135413,622197,618482,27694,646176,7914
2022-07-14,San Diego,073,3302833,863035,857262,64196,921458,5370
2022-07-14,San Francisco,075,870044,165943,164853,11129,175982,928
2022-07-14,San Joaquin,077,732212,185088,184187,12562,196749,2262
2022-07-14,San Luis Obispo,079,281455,59631,59437,6152,65589,499
2022-07-14,San Mateo,081,765935,156074,154961,9843,164804,723
2022-07-14,Santa Barbara,083,443738,98153,97600,5820,103420,702
2022-07-14,Santa Clara,085,1922200,398256,395466,17360,412826,2371
2022-07-14,Santa Cruz,087,273765,57978,57531,2978,60509,267
2022-07-14,Shasta,089,179085,33073,32871,6821,39692,575
2022-07-14,Sierra,091,2930,293,291,59,350,4
2022-07-14,Siskiyou,093,43540,4917,4899,3107,8006,83
2022-07-14,Solano,095,438530,97343,96974,7054,104028,457
2022-07-14,Sonoma,097,501317,100174,99679,4609,104288,499
2022-07-14,Stanislaus,099,539301,129040,128436,19466,147902,1692
2022-07-14,Sutter,101,95872,22526,22452,2371,24823,228
2022-07-14,Tehama,103,63373,12924,12860,2846,15706,205
2022-07-14,Trinity,105,12862,1320,1304,332,1636,20
2022-07-14,Tulare,107,460477,114920,114399,32280,146679,1510
2022-07-14,Tuolumne,109,53932,14365,14280,836,15116,196
2022-07-14,Ventura,111,848112,195157,193965,12915,206880,1519
2022-07-14,Yolo,113,214977,44913,44703,3980,48683,324
2022-07-14,Yuba,115,75493,17622,17567,1525,19092,124
2022-07-13,Alameda,001,1643700,319944,316026,18327,334353,1911
2022-07-13,Alpine,003,1148,130,129,1,130,0
2022-07-13,Amador,005,37829,9473,9388,813,10201,87
2022-07-13,Butte,007,227075,36761,36405,7951,44356,439
2022-07-13,Calaveras,009,45235,8020,7945,438,8383,125
2022-07-13,Colusa,011,21464,3623,3606,1180,4786,22
2022-07-13,Contra Costa,013,1133247,229746,226833,17905,244738,1356
2022-07-13,Del Norte,015,27424,6977,6790,370,7160,54
2022-07-13,El Dorado,017,186661,30552,30273,3910,34183,218
2022-07-13,Fresno,019,978130,255065,252573,27186,279759,2786
2022-07-13,Glenn,021,27897,5286,5256,1750,7006,48
2022-07-13,Humboldt,023,135768,20106,19854,4115,23969,150
2022-07-13,Imperial,025,180216,60936,60011,13077,73088,944
2022-07-13,Inyo,027,18085,4351,4324,754,5078,56
2022-07-13,Kern,029,883053,207107,205428,53231,258659,2359
2022-07-13,Kings,031,150075,55607,55138,3790,58928,449
2022-07-13,Lake,033,64148,11859,11773,1047,12820,140
2022-07-13,Lassen,035,31185,9438,9381,957,10338,64
2022-07-13,Los Angeles,037,10098052,3061108,3024953,155905,3180858,32206
2022-07-13,Madera,039,155013,40753,40378,7025,47403,372
2022-07-13,Marin,041,260295,42034,41616,4822,46438,300
2022-07-13,Mariposa,043,17540,2880,2847,288,3135,30
2022-07-13,Mendocino,045,87422,14871,14713,3930,18643,128
2022-07-13,Merced,047,269075,67629,67028,10090,77118,832
2022-07-13,Modoc,049,8938,828,791,309,1100,9
2022-07-13,Mono,051,14174,3134,3131,205,3336,7
2022-07-13,Monterey,053,433212,88410,87575,18162,105737,745
2022-07-13,Napa,055,140530,30282,30032,1319,31351,145
2022-07-13,Nevada,057,99092,17990,17849,1559,19408,131
2022-07-13,Orange,059,3164182,622256,616278,53364,669642,7147
2022-07-13,Placer,061,380077,71443,70890,8655,79545,637
2022-07-13,Plumas,063,18699,3419,3354,418,3772,13
2022-07-13,Riverside,065,2383286,650332,643472,31989,675461,6504
2022-07-13,Sacramento,067,1510023,323631,321076,31691,352767,3114
2022-07-13,San Benito,069,59416,14908,14774,777,15551,100
2022-07-13,San Bernardino,071,2135413,621069,614957,27606,642563,7907
2022-07-13,San Diego,073,3302833,861146,851596,63984,915580,5363
2022-07-13,San Francisco,075,870044,165540,163635,11101,174736,919
2022-07-13,San Joaquin,077,732212,184766,183283,12531,195814,2260
2022-07-13,San Luis Obispo,079,281455,59528,59134,6106,65240,498
2022-07-13,San Mateo,081,765935,155735,153875,9827,163702,723
2022-07-13,Santa Barbara,083,443738,97973,97053,5808,102861,699
2022-07-13,Santa Clara,085,1922200,397383,392415,17323,409738,2365
2022-07-13,Santa Cruz,087,273765,57844,57124,2971,60095,267
2022-07-13,Shasta,089,179085,33014,32708,6806,39514,574
2022-07-13,Sierra,091,2930,293,289,59,348,4
2022-07-13,Siskiyou,093,43540,4910,4873,3106,7979,82
2022-07-13,Solano,095,438530,97173,96479,7031,103510,455
2022-07-13,Sonoma,097,501317,100022,99173,4593,103766,499
2022-07-13,Stanislaus,099,539301,128840,127845,19418,147263,1689
2022-07-13,Sutter,101,95872,22478,22331,2369,24700,228
2022-07-13,Tehama,103,63373,12912,12793,2842,15635,205
2022-07-13,Trinity,105,12862,1319,1293,330,1623,20
2022-07-13,Tulare,107,460477,114724,113830,32183,146013,1508
2022-07-13,Tuolumne,109,53932,14343,14159,830,14989,194
2022-07-13,Ventura,111,848112,194827,192923,12835,205758,1518
2022-07-13,Yolo,113,214977,44851,44447,3971,48418,326
2022-07-13,Yuba,115,75493,17595,17464,1517,18981,124
2022-07-12,Alameda,001,1643700,319156,316026,18260,334286,1911
2022-07-12,Alpine,003,1148,130,129,1,130,0
2022-07-12,Amador,005,37829,9440,9388,806,10194,87
2022-07-12,Butte,007,227075,36705,36405,7933,44338,439
2022-07-12,Calaveras,009,45235,8006,7945,436,8381,125
2022-07-12,Colusa,011,21464,3621,3606,1177,4783,22
2022-07-12,Contra Costa,013,1133247,229251,226833,17831,244664,1356
2022-07-12,Del Norte,015,27424,6930,6790,367,7157,54
2022-07-12,El Dorado,017,186661,30514,30273,3902,34175,218
2022-07-12,Fresno,019,978130,254541,252573,27110,279683,2786
2022-07-12,Glenn,021,27897,5283,5256,1747,7003,48
2022-07-12,Humboldt,023,135768,20055,19854,4100,23954,150
2022-07-12,Imperial,025,180216,60762,60011,12970,72981,944
2022-07-12,Inyo,027,18085,4344,4324,754,5078,56
2022-07-12,Kern,029,883053,206810,205428,53173,258601,2359
2022-07-12,Kings,031,150075,55496,55138,3780,58918,449
2022-07-12,Lake,033,64148,11847,11773,1042,12815,140
2022-07-12,Lassen,035,31185,9425,9381,951,10332,64
2022-07-12,Los Angeles,037,10098052,3054493,3024953,155267,3180220,32206
2022-07-12,Madera,039,155013,40668,40378,7010,47388,372
2022-07-12,Marin,041,260295,41962,41616,4812,46428,300
2022-07-12,Mariposa,043,17540,2870,2847,288,3135,30
2022-07-12,Mendocino,045,87422,14834,14713,3909,18622,128
2022-07-12,Merced,047,269075,67523,67028,10058,77086,832
2022-07-12,Modoc,049,8938,828,791,307,1098,9
2022-07-12,Mono,051,14174,3130,3131,205,3336,7
2022-07-12,Monterey,053,433212,88257,87575,18071,105646,745
2022-07-12,Napa,055,140530,30230,30032,1316,31348,145
2022-07-12,Nevada,057,99092,17969,17849,1553,19402,131
2022-07-12,Orange,059,3164182,620853,616278,53135,669413,7147
2022-07-12,Placer,061,380077,71336,70890,8643,79533,637
2022-07-12,Plumas,063,18699,3413,3354,417,3771,13
2022-07-12,Riverside,065,2383286,649096,643472,31892,675364,6504
2022-07-12,Sacramento,067,1510023,323045,321076,31650,352726,3114
2022-07-12,San Benito,069,59416,14863,14774,771,15545,100
2022-07-12,San Bernardino,071,2135413,619777,614957,27524,642481,7907
2022-07-12,San Diego,073,3302833,858807,851596,63767,915363,5363
2022-07-12,San Francisco,075,870044,165136,163635,11077,174712,919
2022-07-12,San Joaquin,077,732212,184457,183283,12493,195776,2260
2022-07-12,San Luis Obispo,079,281455,59454,59134,6077,65211,498
2022-07-12,San Mateo,081,765935,155346,153875,9807,163682,723
2022-07-12,Santa Barbara,083,443738,97761,97053,5791,102844,699
2022-07-12,Santa Clara,085,1922200,396444,392415,17281,409696,2365
2022-07-12,Santa Cruz,087,273765,57708,57124,2962,60086,267
2022-07-12,Shasta,089,179085,32951,32708,6787,39495,574
2022-07-12,Sierra,091,2930,292,289,59,348,4
2022-07-12,Siskiyou,093,43540,4902,4873,3104,7977,82
2022-07-12,Solano,095,438530,96996,96479,7004,103483,455
2022-07-12,Sonoma,097,501317,99862,99173,4564,103737,499
2022-07-12,Stanislaus,099,539301,128600,127845,19380,147225,1689
2022-07-12,Sutter,101,95872,22444,22331,2367,24698,228
2022-07-12,Tehama,103,63373,12893,12793,2836,15629,205
2022-07-12,Trinity,105,12862,1311,1293,330,1623,20
2022-07-12,Tulare,107,460477,114528,113830,32079,145909,1508
2022-07-12,Tuolumne,109,53932,14309,14159,828,14987,194
2022-07-12,Ventura,111,848112,194499,192923,12736,205659,1518
2022-07-12,Yolo,113,214977,44783,44447,3963,48410,326
2022-07-12,Yuba,115,75493,17567,17464,1504,18968,124
2022-07-11,Alameda,001,1643700,318246,316026,18174,334200,1911
2022-07-11,Alpine,003,1148,130,129,1,130,0
2022-07-11,Amador,005,37829,9432,9388,800,10188,87
2022-07-11,Butte,007,227075,36647,36405,7914,44319,439
2022-07-11,Calaveras,009,45235,7990,7945,434,8379,125
2022-07-11,Colusa,011,21464,3617,3606,1174,4780,22
2022-07-11,Contra Costa,013,1133247,228778,226833,17773,244606,1356
2022-07-11,Del Norte,015,27424,6899,6790,357,7147,54
2022-07-11,El Dorado,017,186661,30457,30273,3891,34164,218
2022-07-11,Fresno,019,978130,253880,252573,27029,279602,2786
2022-07-11,Glenn,021,27897,5280,5256,1745,7001,48
2022-07-11,Humboldt,023,135768,19996,19854,4081,23935,150
2022-07-11,Imperial,025,180216,60606,60011,12861,72872,944
2022-07-11,Inyo,027,18085,4341,4324,750,5074,56
2022-07-11,Kern,029,883053,206502,205428,53114,258542,2359
2022-07-11,Kings,031,150075,55348,55138,3770,58908,449
2022-07-11,Lake,033,64148,11821,11773,1041,12814,140
2022-07-11,Lassen,035,31185,9419,9381,951,10332,64
2022-07-11,Los Angeles,037,10098052,3047519,3024953,154515,3179468,32206
2022-07-11,Madera,039,155013,40581,40378,6965,47343,372
2022-07-11,Marin,041,260295,41873,41616,4803,46419,300
2022-07-11,Mariposa,043,17540,2862,2847,286,3133,30
2022-07-11,Mendocino,045,87422,14796,14713,3897,18610,128
2022-07-11,Merced,047,269075,67398,67028,10023,77051,832
2022-07-11,Modoc,049,8938,822,791,305,1096,9
2022-07-11,Mono,051,14174,3130,3131,203,3334,7
2022-07-11,Monterey,053,433212,88096,87575,18002,105577,745
2022-07-11,Napa,055,140530,30168,30032,1316,31348,145
2022-07-11,Nevada,057,99092,17951,17849,1551,19400,131
2022-07-11,Orange,059,3164182,619283,616278,52911,669189,7147
2022-07-11,Placer,061,380077,71235,70890,8629,79519,637
2022-07-11,Plumas,063,18699,3402,3354,415,3769,13
2022-07-11,Riverside,065,2383286,647672,643472,31802,675274,6504
2022-07-11,Sacramento,067,1510023,322521,321076,31606,352682,3114
2022-07-11,San Benito,069,59416,14827,14774,767,15541,100
2022-07-11,San Bernardino,071,2135413,618452,614957,27436,642393,7907
2022-07-11,San Diego,073,3302833,856444,851596,63537,915133,5363
2022-07-11,San Francisco,075,870044,164724,163635,11049,174684,919
2022-07-11,San Joaquin,077,732212,184088,183283,12456,195739,2260
2022-07-11,San Luis Obispo,079,281455,59346,59134,6045,65179,498
2022-07-11,San Mateo,081,765935,154951,153875,9773,163648,723
2022-07-11,Santa Barbara,083,443738,97553,97053,5778,102831,699
2022-07-11,Santa Clara,085,1922200,395393,392415,17224,409639,2365
2022-07-11,Santa Cruz,087,273765,57559,57124,2948,60072,267
2022-07-11,Shasta,089,179085,32897,32708,6756,39464,574
2022-07-11,Sierra,091,2930,292,289,59,348,4
2022-07-11,Siskiyou,093,43540,4895,4873,3097,7970,82
2022-07-11,Solano,095,438530,96827,96479,6988,103467,455
2022-07-11,Sonoma,097,501317,99673,99173,4545,103718,499
2022-07-11,Stanislaus,099,539301,128375,127845,19344,147189,1689
2022-07-11,Sutter,101,95872,22401,22331,2361,24692,228
2022-07-11,Tehama,103,63373,12880,12793,2829,15622,205
2022-07-11,Trinity,105,12862,1309,1293,329,1622,20
2022-07-11,Tulare,107,460477,114338,113830,31973,145803,1508
2022-07-11,Tuolumne,109,53932,14269,14159,826,14985,194
2022-07-11,Ventura,111,848112,194107,192923,12655,205578,1518
2022-07-11,Yolo,113,214977,44717,44447,3947,48394,326
2022-07-11,Yuba,115,75493,17531,17464,1500,18964,124
2022-07-10,Alameda,001,1643700,317264,312651,18092,330743,1912
2022-07-10,Alpine,003,1148,130,129,1,130,0
2022-07-10,Amador,005,37829,9422,9335,796,10131,87
2022-07-10,Butte,007,227075,36544,36165,7891,44056,438
2022-07-10,Calaveras,009,45235,7980,7895,433,8328,125
2022-07-10,Colusa,011,21464,3613,3586,1166,4752,22
2022-07-10,Contra Costa,013,1133247,228175,224718,17679,242397,1351
2022-07-10,Del Norte,015,27424,6859,6666,350,7016,54
2022-07-10,El Dorado,017,186661,30373,30070,3883,33953,218
2022-07-10,Fresno,019,978130,253214,250379,26935,277314,2786
2022-07-10,Glenn,021,27897,5276,5231,1741,6972,48
2022-07-10,Humboldt,023,135768,19935,19677,4064,23741,149
2022-07-10,Imperial,025,180216,60386,59558,12721,72279,944
2022-07-10,Inyo,027,18085,4336,4297,744,5041,56
2022-07-10,Kern,029,883053,206009,204128,53010,257138,2359
2022-07-10,Kings,031,150075,55170,54725,3763,58488,449
2022-07-10,Lake,033,64148,11796,11685,1038,12723,140
2022-07-10,Lassen,035,31185,9404,9362,949,10311,64
2022-07-10,Los Angeles,037,10098052,3040391,3002013,153738,3155751,32151
2022-07-10,Madera,039,155013,40474,40081,6929,47010,372
2022-07-10,Marin,041,260295,41776,41271,4794,46065,302
2022-07-10,Mariposa,043,17540,2855,2805,282,3087,30
2022-07-10,Mendocino,045,87422,14766,14610,3881,18491,128
2022-07-10,Merced,047,269075,67244,66616,9965,76581,832
2022-07-10,Modoc,049,8938,821,789,297,1086,9
2022-07-10,Mono,051,14174,3130,3119,201,3320,7
2022-07-10,Monterey,053,433212,87908,87002,17920,104922,745
2022-07-10,Napa,055,140530,30105,29807,1314,31121,145
2022-07-10,Nevada,057,99092,17890,17693,1542,19235,131
2022-07-10,Orange,059,3164182,617625,610975,52605,663580,7132
2022-07-10,Placer,061,380077,71121,70401,8609,79010,632
2022-07-10,Plumas,063,18699,3389,3339,411,3750,13
2022-07-10,Riverside,065,2383286,646074,638193,31673,669866,6506
2022-07-10,Sacramento,067,1510023,321817,318556,31533,350089,3108
2022-07-10,San Benito,069,59416,14791,14628,757,15385,100
2022-07-10,San Bernardino,071,2135413,617029,610086,27356,637442,7893
2022-07-10,San Diego,073,3302833,853972,844085,63288,907373,5357
2022-07-10,San Francisco,075,870044,164188,161931,10977,172908,914
2022-07-10,San Joaquin,077,732212,183717,181958,12403,194361,2257
2022-07-10,San Luis Obispo,079,281455,59234,58636,6004,64640,498
2022-07-10,San Mateo,081,765935,154488,152319,9748,162067,723
2022-07-10,Santa Barbara,083,443738,97322,96266,5751,102017,697
2022-07-10,Santa Clara,085,1922200,394275,388270,17161,405431,2360
2022-07-10,Santa Cruz,087,273765,57369,56455,2932,59387,266
2022-07-10,Shasta,089,179085,32838,32536,6733,39269,576
2022-07-10,Sierra,091,2930,290,291,59,350,4
2022-07-10,Siskiyou,093,43540,4890,4855,3084,7939,82
2022-07-10,Solano,095,438530,96598,95651,6958,102609,455
2022-07-10,Sonoma,097,501317,99473,98430,4515,102945,496
2022-07-10,Stanislaus,099,539301,128136,126897,19298,146195,1686
2022-07-10,Sutter,101,95872,22353,22165,2360,24525,228
2022-07-10,Tehama,103,63373,12855,12716,2816,15532,205
2022-07-10,Trinity,105,12862,1303,1272,327,1599,20
2022-07-10,Tulare,107,460477,114085,113002,31871,144873,1508
2022-07-10,Tuolumne,109,53932,14234,14019,818,14837,194
2022-07-10,Ventura,111,848112,193637,191462,12550,204012,1518
2022-07-10,Yolo,113,214977,44638,44152,3931,48083,323
2022-07-10,Yuba,115,75493,17492,17345,1498,18843,125
2022-07-09,Alameda,001,1643700,316780,312651,18072,330723,1912
2022-07-09,Alpine,003,1148,130,129,1,130,0
2022-07-09,Amador,005,37829,9414,9335,794,10129,87
2022-07-09,Butte,007,227075,36498,36165,7877,44042,438
2022-07-09,Calaveras,009,45235,7965,7895,432,8327,125
2022-07-09,Colusa,011,21464,3612,3586,1165,4751,22
2022-07-09,Contra Costa,013,1133247,227870,224718,17622,242340,1351
2022-07-09,Del Norte,015,27424,6850,6666,350,7016,54
2022-07-09,El Dorado,017,186661,30330,30070,3878,33948,218
2022-07-09,Fresno,019,978130,252960,250379,26901,277280,2786
2022-07-09,Glenn,021,27897,5266,5231,1741,6972,48
2022-07-09,Humboldt,023,135768,19917,19677,4055,23732,149
2022-07-09,Imperial,025,180216,60307,59558,12667,72225,944
2022-07-09,Inyo,027,18085,4330,4297,743,5040,56
2022-07-09,Kern,029,883053,205843,204128,52962,257090,2359
2022-07-09,Kings,031,150075,55131,54725,3761,58486,449
2022-07-09,Lake,033,64148,11788,11685,1037,12722,140
2022-07-09,Lassen,035,31185,9403,9362,949,10311,64
2022-07-09,Los Angeles,037,10098052,3037101,3002013,153263,3155276,32151
2022-07-09,Madera,039,155013,40434,40081,6920,47001,372
2022-07-09,Marin,041,260295,41720,41271,4783,46054,302
2022-07-09,Mariposa,043,17540,2850,2805,282,3087,30
2022-07-09,Mendocino,045,87422,14751,14610,3871,18481,128
2022-07-09,Merced,047,269075,67193,66616,9959,76575,832
2022-07-09,Modoc,049,8938,820,789,293,1082,9
2022-07-09,Mono,051,14174,3130,3119,201,3320,7
2022-07-09,Monterey,053,433212,87812,87002,17867,104869,745
2022-07-09,Napa,055,140530,30075,29807,1310,31117,145
2022-07-09,Nevada,057,99092,17879,17693,1538,19231,131
2022-07-09,Orange,059,3164182,616785,610975,52434,663409,7132
2022-07-09,Placer,061,380077,71033,70401,8601,79002,632
2022-07-09,Plumas,063,18699,3382,3339,409,3748,13
2022-07-09,Riverside,065,2383286,645177,638193,31619,669812,6506
2022-07-09,Sacramento,067,1510023,321515,318556,31514,350070,3108
2022-07-09,San Benito,069,59416,14771,14628,756,15384,100
2022-07-09,San Bernardino,071,2135413,616339,610086,27303,637389,7893
2022-07-09,San Diego,073,3302833,853088,844085,63217,907302,5357
2022-07-09,San Francisco,075,870044,163955,161931,10956,172887,914
2022-07-09,San Joaquin,077,732212,183551,181958,12377,194335,2257
2022-07-09,San Luis Obispo,079,281455,59179,58636,5986,64622,498
2022-07-09,San Mateo,081,765935,154243,152319,9730,162049,723
2022-07-09,Santa Barbara,083,443738,97190,96266,5741,102007,697
2022-07-09,Santa Clara,085,1922200,393546,388270,17130,405400,2360
2022-07-09,Santa Cruz,087,273765,57293,56455,2922,59377,266
2022-07-09,Shasta,089,179085,32818,32536,6723,39259,576
2022-07-09,Sierra,091,2930,290,291,59,350,4
2022-07-09,Siskiyou,093,43540,4886,4855,3082,7937,82
2022-07-09,Solano,095,438530,96516,95651,6948,102599,455
2022-07-09,Sonoma,097,501317,99384,98430,4510,102940,496
2022-07-09,Stanislaus,099,539301,127972,126897,19268,146165,1686
2022-07-09,Sutter,101,95872,22323,22165,2360,24525,228
2022-07-09,Tehama,103,63373,12838,12716,2809,15525,205
2022-07-09,Trinity,105,12862,1303,1272,326,1598,20
2022-07-09,Tulare,107,460477,113971,113002,31811,144813,1508
2022-07-09,Tuolumne,109,53932,14196,14019,816,14835,194
2022-07-09,Ventura,111,848112,193377,191462,12508,203970,1518
2022-07-09,Yolo,113,214977,44589,44152,3917,48069,323
2022-07-09,Yuba,115,75493,17470,17345,1497,18842,125
2022-07-08,Alameda,001,1643700,316269,312651,18029,330680,1912
2022-07-08,Alpine,003,1148,130,129,1,130,0
2022-07-08,Amador,005,37829,9404,9335,792,10127,87
2022-07-08,Butte,007,227075,36467,36165,7863,44028,438
2022-07-08,Calaveras,009,45235,7950,7895,432,8327,125
2022-07-08,Colusa,011,21464,3608,3586,1165,4751,22
2022-07-08,Contra Costa,013,1133247,227522,224718,17568,242286,1351
2022-07-08,Del Norte,015,27424,6839,6666,347,7013,54
2022-07-08,El Dorado,017,186661,30305,30070,3870,33940,218
2022-07-08,Fresno,019,978130,252597,250379,26850,277229,2786
2022-07-08,Glenn,021,27897,5261,5231,1739,6970,48
2022-07-08,Humboldt,023,135768,19903,19677,4044,23721,149
2022-07-08,Imperial,025,180216,60228,59558,12626,72184,944
2022-07-08,Inyo,027,18085,4329,4297,739,5036,56
2022-07-08,Kern,029,883053,205619,204128,52913,257041,2359
2022-07-08,Kings,031,150075,55090,54725,3760,58485,449
2022-07-08,Lake,033,64148,11771,11685,1034,12719,140
2022-07-08,Lassen,035,31185,9397,9362,948,10310,64
2022-07-08,Los Angeles,037,10098052,3032959,3002013,152715,3154728,32151
2022-07-08,Madera,039,155013,40381,40081,6905,46986,372
2022-07-08,Marin,041,260295,41633,41271,4767,46038,302
2022-07-08,Mariposa,043,17540,2847,2805,281,3086,30
2022-07-08,Mendocino,045,87422,14733,14610,3867,18477,128
2022-07-08,Merced,047,269075,67128,66616,9948,76564,832
2022-07-08,Modoc,049,8938,820,789,293,1082,9
2022-07-08,Mono,051,14174,3127,3119,200,3319,7
2022-07-08,Monterey,053,433212,87700,87002,17835,104837,745
2022-07-08,Napa,055,140530,30051,29807,1309,31116,145
2022-07-08,Nevada,057,99092,17871,17693,1536,19229,131
2022-07-08,Orange,059,3164182,615886,610975,52256,663231,7132
2022-07-08,Placer,061,380077,70957,70401,8589,78990,632
2022-07-08,Plumas,063,18699,3377,3339,409,3748,13
2022-07-08,Riverside,065,2383286,644260,638193,31559,669752,6506
2022-07-08,Sacramento,067,1510023,321083,318556,31497,350053,3108
2022-07-08,San Benito,069,59416,14753,14628,753,15381,100
2022-07-08,San Bernardino,071,2135413,615603,610086,27263,637349,7893
2022-07-08,San Diego,073,3302833,851839,844085,63059,907144,5357
2022-07-08,San Francisco,075,870044,163691,161931,10928,172859,914
2022-07-08,San Joaquin,077,732212,183383,181958,12363,194321,2257
2022-07-08,San Luis Obispo,079,281455,59143,58636,5971,64607,498
2022-07-08,San Mateo,081,765935,153952,152319,9714,162033,723
2022-07-08,Santa Barbara,083,443738,97063,96266,5737,102003,697
2022-07-08,Santa Clara,085,1922200,392777,388270,17107,405377,2360
2022-07-08,Santa Cruz,087,273765,57205,56455,2915,59370,266
2022-07-08,Shasta,089,179085,32789,32536,6715,39251,576
2022-07-08,Sierra,091,2930,290,291,59,350,4
2022-07-08,Siskiyou,093,43540,4881,4855,3079,7934,82
2022-07-08,Solano,095,438530,96400,95651,6936,102587,455
2022-07-08,Sonoma,097,501317,99236,98430,4493,102923,496
2022-07-08,Stanislaus,099,539301,127834,126897,19254,146151,1686
2022-07-08,Sutter,101,95872,22298,22165,2359,24524,228
2022-07-08,Tehama,103,63373,12826,12716,2807,15523,205
2022-07-08,Trinity,105,12862,1301,1272,325,1597,20
2022-07-08,Tulare,107,460477,113848,113002,31742,144744,1508
2022-07-08,Tuolumne,109,53932,14165,14019,809,14828,194
2022-07-08,Ventura,111,848112,193136,191462,12467,203929,1518
2022-07-08,Yolo,113,214977,44537,44152,3905,48057,323
2022-07-08,Yuba,115,75493,17454,17345,1496,18841,125
2022-07-07,Alameda,001,1643700,315467,312651,17981,330632,1912
2022-07-07,Alpine,003,1148,129,129,1,130,0
2022-07-07,Amador,005,37829,9388,9335,784,10119,87
2022-07-07,Butte,007,227075,36407,36165,7843,44008,438
2022-07-07,Calaveras,009,45235,7941,7895,427,8322,125
2022-07-07,Colusa,011,21464,3603,3586,1164,4750,22
2022-07-07,Contra Costa,013,1133247,226975,224718,17493,242211,1351
2022-07-07,Del Norte,015,27424,6813,6666,343,7009,54
2022-07-07,El Dorado,017,186661,30255,30070,3859,33929,218
2022-07-07,Fresno,019,978130,252056,250379,26746,277125,2786
2022-07-07,Glenn,021,27897,5255,5231,1737,6968,48
2022-07-07,Humboldt,023,135768,19857,19677,4028,23705,149
2022-07-07,Imperial,025,180216,60068,59558,12506,72064,944
2022-07-07,Inyo,027,18085,4326,4297,731,5028,56
2022-07-07,Kern,029,883053,205333,204128,52805,256933,2359
2022-07-07,Kings,031,150075,55013,54725,3755,58480,449
2022-07-07,Lake,033,64148,11750,11685,1034,12719,140
2022-07-07,Lassen,035,31185,9396,9362,948,10310,64
2022-07-07,Los Angeles,037,10098052,3026732,3002013,152045,3154058,32151
2022-07-07,Madera,039,155013,40299,40081,6887,46968,372
2022-07-07,Marin,041,260295,41553,41271,4757,46028,302
2022-07-07,Mariposa,043,17540,2840,2805,278,3083,30
2022-07-07,Mendocino,045,87422,14717,14610,3861,18471,128
2022-07-07,Merced,047,269075,67016,66616,9915,76531,832
2022-07-07,Modoc,049,8938,815,789,290,1079,9
2022-07-07,Mono,051,14174,3127,3119,198,3317,7
2022-07-07,Monterey,053,433212,87544,87002,17769,104771,745
2022-07-07,Napa,055,140530,29981,29807,1301,31108,145
2022-07-07,Nevada,057,99092,17841,17693,1530,19223,131
2022-07-07,Orange,059,3164182,614502,610975,52046,663021,7132
2022-07-07,Placer,061,380077,70851,70401,8566,78967,632
2022-07-07,Plumas,063,18699,3370,3339,408,3747,13
2022-07-07,Riverside,065,2383286,642944,638193,31495,669688,6506
2022-07-07,Sacramento,067,1510023,320454,318556,31450,350006,3108
2022-07-07,San Benito,069,59416,14723,14628,753,15381,100
2022-07-07,San Bernardino,071,2135413,614311,610086,27202,637288,7893
2022-07-07,San Diego,073,3302833,849932,844085,62839,906924,5357
2022-07-07,San Francisco,075,870044,163311,161931,10876,172807,914
2022-07-07,San Joaquin,077,732212,183052,181958,12338,194296,2257
2022-07-07,San Luis Obispo,079,281455,59072,58636,5938,64574,498
2022-07-07,San Mateo,081,765935,153614,152319,9704,162023,723
2022-07-07,Santa Barbara,083,443738,96869,96266,5722,101988,697
2022-07-07,Santa Clara,085,1922200,391798,388270,17059,405329,2360
2022-07-07,Santa Cruz,087,273765,57049,56455,2900,59355,266
2022-07-07,Shasta,089,179085,32755,32536,6698,39234,576
2022-07-07,Sierra,091,2930,289,291,58,349,4
2022-07-07,Siskiyou,093,43540,4874,4855,3073,7928,82
2022-07-07,Solano,095,438530,96164,95651,6923,102574,455
2022-07-07,Sonoma,097,501317,99102,98430,4473,102903,496
2022-07-07,Stanislaus,099,539301,127639,126897,19219,146116,1686
2022-07-07,Sutter,101,95872,22252,22165,2357,24522,228
2022-07-07,Tehama,103,63373,12809,12716,2798,15514,205
2022-07-07,Trinity,105,12862,1296,1272,324,1596,20
2022-07-07,Tulare,107,460477,113640,113002,31641,144643,1508
2022-07-07,Tuolumne,109,53932,14128,14019,803,14822,194
2022-07-07,Ventura,111,848112,192818,191462,12381,203843,1518
2022-07-07,Yolo,113,214977,44479,44152,3893,48045,323
2022-07-07,Yuba,115,75493,17420,17345,1494,18839,125
2022-07-06,Alameda,001,1643700,314615,310551,17902,328453,1899
2022-07-06,Alpine,003,1148,129,129,1,130,0
2022-07-06,Amador,005,37829,9370,9301,783,10084,87
2022-07-06,Butte,007,227075,36344,36053,7827,43880,436
2022-07-06,Calaveras,009,45235,7932,7873,425,8298,124
2022-07-06,Colusa,011,21464,3600,3579,1163,4742,22
2022-07-06,Contra Costa,013,1133247,226462,223500,17439,240939,1348
2022-07-06,Del Norte,015,27424,6784,6623,341,6964,54
2022-07-06,El Dorado,017,186661,30213,29953,3846,33799,218
2022-07-06,Fresno,019,978130,251498,249480,26672,276152,2786
2022-07-06,Glenn,021,27897,5250,5222,1737,6959,48
2022-07-06,Humboldt,023,135768,19810,19608,4016,23624,149
2022-07-06,Imperial,025,180216,59873,59184,12406,71590,944
2022-07-06,Inyo,027,18085,4320,4282,725,5007,56
2022-07-06,Kern,029,883053,205021,203587,52667,256254,2353
2022-07-06,Kings,031,150075,54897,54560,3750,58310,449
2022-07-06,Lake,033,64148,11732,11659,1034,12693,140
2022-07-06,Lassen,035,31185,9379,9350,947,10297,64
2022-07-06,Los Angeles,037,10098052,3020405,2991161,151347,3142508,32116
2022-07-06,Madera,039,155013,40227,39952,6862,46814,372
2022-07-06,Marin,041,260295,41484,41036,4748,45784,302
2022-07-06,Mariposa,043,17540,2831,2797,278,3075,30
2022-07-06,Mendocino,045,87422,14689,14540,3849,18389,127
2022-07-06,Merced,047,269075,66894,66420,9892,76312,832
2022-07-06,Modoc,049,8938,809,788,288,1076,8
2022-07-06,Mono,051,14174,3124,3109,198,3307,7
2022-07-06,Monterey,053,433212,87385,86639,17697,104336,744
2022-07-06,Napa,055,140530,29920,29690,1299,30989,144
2022-07-06,Nevada,057,99092,17812,17660,1523,19183,131
2022-07-06,Orange,059,3164182,612980,608084,51845,659929,7125
2022-07-06,Placer,061,380077,70738,70113,8545,78658,632
2022-07-06,Plumas,063,18699,3359,3316,407,3723,13
2022-07-06,Riverside,065,2383286,641586,636209,31418,667627,6505
2022-07-06,Sacramento,067,1510023,319773,317315,31405,348720,3104
2022-07-06,San Benito,069,59416,14680,14556,743,15299,100
2022-07-06,San Bernardino,071,2135413,613092,608119,27133,635252,7870
2022-07-06,San Diego,073,3302833,847808,839970,62601,902571,5349
2022-07-06,San Francisco,075,870044,162891,160612,10849,171461,910
2022-07-06,San Joaquin,077,732212,182738,181448,12306,193754,2256
2022-07-06,San Luis Obispo,079,281455,58969,58488,5896,64384,496
2022-07-06,San Mateo,081,765935,153219,151344,9672,161016,723
2022-07-06,Santa Barbara,083,443738,96679,95918,5701,101619,702
2022-07-06,Santa Clara,085,1922200,390705,385553,16990,402543,2358
2022-07-06,Santa Cruz,087,273765,56908,56307,2882,59189,267
2022-07-06,Shasta,089,179085,32702,32444,6675,39119,570
2022-07-06,Sierra,091,2930,289,290,58,348,4
2022-07-06,Siskiyou,093,43540,4867,4841,3067,7908,82
2022-07-06,Solano,095,438530,95943,95181,6901,102082,455
2022-07-06,Sonoma,097,501317,98925,98031,4455,102486,495
2022-07-06,Stanislaus,099,539301,127416,126492,19191,145683,1682
2022-07-06,Sutter,101,95872,22201,22089,2356,24445,228
2022-07-06,Tehama,103,63373,12798,12680,2792,15472,205
2022-07-06,Trinity,105,12862,1288,1263,320,1583,20
2022-07-06,Tulare,107,460477,113421,112684,31542,144226,1500
2022-07-06,Tuolumne,109,53932,14097,13960,788,14748,189
2022-07-06,Ventura,111,848112,192440,190794,12310,203104,1517
2022-07-06,Yolo,113,214977,44396,43171,3872,47043,324
2022-07-06,Yuba,115,75493,17382,17277,1488,18765,124
2022-07-05,Alameda,001,1643700,313626,310551,17824,328375,1899
2022-07-05,Alpine,003,1148,129,129,1,130,0
2022-07-05,Amador,005,37829,9355,9301,779,10080,87
2022-07-05,Butte,007,227075,36259,36053,7805,43858,436
2022-07-05,Calaveras,009,45235,7921,7873,424,8297,124
2022-07-05,Colusa,011,21464,3595,3579,1161,4740,22
2022-07-05,Contra Costa,013,1133247,225831,223500,17367,240867,1348
2022-07-05,Del Norte,015,27424,6758,6623,336,6959,54
2022-07-05,El Dorado,017,186661,30165,29953,3837,33790,218
2022-07-05,Fresno,019,978130,250896,249480,26591,276071,2786
2022-07-05,Glenn,021,27897,5242,5222,1736,6958,48
2022-07-05,Humboldt,023,135768,19767,19608,4005,23613,149
2022-07-05,Imperial,025,180216,59738,59184,12294,71478,944
2022-07-05,Inyo,027,18085,4306,4282,714,4996,56
2022-07-05,Kern,029,883053,204592,203587,52502,256089,2353
2022-07-05,Kings,031,150075,54769,54560,3737,58297,449
2022-07-05,Lake,033,64148,11710,11659,1031,12690,140
2022-07-05,Lassen,035,31185,9368,9350,947,10297,64
2022-07-05,Los Angeles,037,10098052,3013629,2991161,150595,3141756,32116
2022-07-05,Madera,039,155013,40142,39952,6841,46793,372
2022-07-05,Marin,041,260295,41384,41036,4737,45773,302
2022-07-05,Mariposa,043,17540,2820,2797,275,3072,30
2022-07-05,Mendocino,045,87422,14644,14540,3834,18374,127
2022-07-05,Merced,047,269075,66773,66420,9862,76282,832
2022-07-05,Modoc,049,8938,800,788,287,1075,8
2022-07-05,Mono,051,14174,3122,3109,195,3304,7
2022-07-05,Monterey,053,433212,87230,86639,17639,104278,744
2022-07-05,Napa,055,140530,29868,29690,1294,30984,144
2022-07-05,Nevada,057,99092,17774,17660,1512,19172,131
2022-07-05,Orange,059,3164182,611444,608084,51598,659682,7125
2022-07-05,Placer,061,380077,70633,70113,8524,78637,632
2022-07-05,Plumas,063,18699,3349,3316,406,3722,13
2022-07-05,Riverside,065,2383286,640117,636209,31327,667536,6505
2022-07-05,Sacramento,067,1510023,319120,317315,31332,348647,3104
2022-07-05,San Benito,069,59416,14646,14556,736,15292,100
2022-07-05,San Bernardino,071,2135413,611799,608119,27058,635177,7870
2022-07-05,San Diego,073,3302833,845467,839970,62366,902336,5349
2022-07-05,San Francisco,075,870044,162376,160612,10822,171434,910
2022-07-05,San Joaquin,077,732212,182380,181448,12241,193689,2256
2022-07-05,San Luis Obispo,079,281455,58817,58488,5851,64339,496
2022-07-05,San Mateo,081,765935,152740,151344,9648,160992,723
2022-07-05,Santa Barbara,083,443738,96457,95918,5668,101586,702
2022-07-05,Santa Clara,085,1922200,389547,385553,16939,402492,2358
2022-07-05,Santa Cruz,087,273765,56731,56307,2865,59172,267
2022-07-05,Shasta,089,179085,32659,32444,6651,39095,570
2022-07-05,Sierra,091,2930,289,290,58,348,4
2022-07-05,Siskiyou,093,43540,4860,4841,3055,7896,82
2022-07-05,Solano,095,438530,95702,95181,6878,102059,455
2022-07-05,Sonoma,097,501317,98691,98031,4436,102467,495
2022-07-05,Stanislaus,099,539301,127174,126492,19152,145644,1682
2022-07-05,Sutter,101,95872,22159,22089,2354,24443,228
2022-07-05,Tehama,103,63373,12773,12680,2787,15467,205
2022-07-05,Trinity,105,12862,1279,1263,318,1581,20
2022-07-05,Tulare,107,460477,113184,112684,31455,144139,1500
2022-07-05,Tuolumne,109,53932,14063,13960,780,14740,189
2022-07-05,Ventura,111,848112,192043,190794,12246,203040,1517
2022-07-05,Yolo,113,214977,44310,43171,3862,47033,324
2022-07-05,Yuba,115,75493,17353,17277,1487,18764,124
2022-07-04,Alameda,001,1643700,312477,310551,17724,328275,1899
2022-07-04,Alpine,003,1148,129,129,1,130,0
2022-07-04,Amador,005,37829,9343,9301,778,10079,87
2022-07-04,Butte,007,227075,36152,36053,7787,43840,436
2022-07-04,Calaveras,009,45235,7911,7873,424,8297,124
2022-07-04,Colusa,011,21464,3591,3579,1159,4738,22
2022-07-04,Contra Costa,013,1133247,225126,223500,17263,240763,1348
2022-07-04,Del Norte,015,27424,6725,6623,331,6954,54
2022-07-04,El Dorado,017,186661,30080,29953,3818,33771,218
2022-07-04,Fresno,019,978130,250250,249480,26461,275941,2786
2022-07-04,Glenn,021,27897,5233,5222,1730,6952,48
2022-07-04,Humboldt,023,135768,19696,19608,3991,23599,149
2022-07-04,Imperial,025,180216,59531,59184,12164,71348,944
2022-07-04,Inyo,027,18085,4303,4282,705,4987,56
2022-07-04,Kern,029,883053,204156,203587,52277,255864,2353
2022-07-04,Kings,031,150075,54619,54560,3733,58293,449
2022-07-04,Lake,033,64148,11697,11659,1029,12688,140
2022-07-04,Lassen,035,31185,9360,9350,946,10296,64
2022-07-04,Los Angeles,037,10098052,3005337,2991161,149703,3140864,32116
2022-07-04,Madera,039,155013,40047,39952,6813,46765,372
2022-07-04,Marin,041,260295,41266,41036,4726,45762,302
2022-07-04,Mariposa,043,17540,2810,2797,271,3068,30
2022-07-04,Mendocino,045,87422,14608,14540,3793,18333,127
2022-07-04,Merced,047,269075,66645,66420,9812,76232,832
2022-07-04,Modoc,049,8938,792,788,283,1071,8
2022-07-04,Mono,051,14174,3120,3109,192,3301,7
2022-07-04,Monterey,053,433212,87039,86639,17562,104201,744
2022-07-04,Napa,055,140530,29804,29690,1290,30980,144
2022-07-04,Nevada,057,99092,17731,17660,1504,19164,131
2022-07-04,Orange,059,3164182,609647,608084,51306,659390,7125
2022-07-04,Placer,061,380077,70458,70113,8494,78607,632
2022-07-04,Plumas,063,18699,3331,3316,405,3721,13
2022-07-04,Riverside,065,2383286,638486,636209,31224,667433,6505
2022-07-04,Sacramento,067,1510023,318348,317315,31233,348548,3104
2022-07-04,San Benito,069,59416,14590,14556,730,15286,100
2022-07-04,San Bernardino,071,2135413,610231,608119,26991,635110,7870
2022-07-04,San Diego,073,3302833,842851,839970,62062,902032,5349
2022-07-04,San Francisco,075,870044,161770,160612,10761,171373,910
2022-07-04,San Joaquin,077,732212,181983,181448,12173,193621,2256
2022-07-04,San Luis Obispo,079,281455,58632,58488,5771,64259,496
2022-07-04,San Mateo,081,765935,152230,151344,9609,160953,723
2022-07-04,Santa Barbara,083,443738,96236,95918,5644,101562,702
2022-07-04,Santa Clara,085,1922200,388057,385553,16886,402439,2358
2022-07-04,Santa Cruz,087,273765,56533,56307,2842,59149,267
2022-07-04,Shasta,089,179085,32583,32444,6621,39065,570
2022-07-04,Sierra,091,2930,289,290,58,348,4
2022-07-04,Siskiyou,093,43540,4853,4841,3047,7888,82
2022-07-04,Solano,095,438530,95374,95181,6843,102024,455
2022-07-04,Sonoma,097,501317,98397,98031,4408,102439,495
2022-07-04,Stanislaus,099,539301,126884,126492,19101,145593,1682
2022-07-04,Sutter,101,95872,22113,22089,2353,24442,228
2022-07-04,Tehama,103,63373,12747,12680,2773,15453,205
2022-07-04,Trinity,105,12862,1273,1263,316,1579,20
2022-07-04,Tulare,107,460477,112944,112684,31335,144019,1500
2022-07-04,Tuolumne,109,53932,14021,13960,776,14736,189
2022-07-04,Ventura,111,848112,191578,190794,12142,202936,1517
2022-07-04,Yolo,113,214977,44218,43171,3842,47013,324
2022-07-04,Yuba,115,75493,17314,17277,1487,18764,124
2022-07-03,Alameda,001,1643700,311925,307672,17702,325374,1898
2022-07-03,Alpine,003,1148,129,129,1,130,0
2022-07-03,Amador,005,37829,9335,9243,775,10018,87
2022-07-03,Butte,007,227075,36140,35846,7781,43627,436
2022-07-03,Calaveras,009,45235,7895,7836,424,8260,124
2022-07-03,Colusa,011,21464,3588,3566,1157,4723,22
2022-07-03,Contra Costa,013,1133247,224776,221545,17234,238779,1343
2022-07-03,Del Norte,015,27424,6716,6543,329,6872,53
2022-07-03,El Dorado,017,186661,30048,29764,3812,33576,217
2022-07-03,Fresno,019,978130,250009,247952,26423,274375,2783
2022-07-03,Glenn,021,27897,5232,5211,1727,6938,48
2022-07-03,Humboldt,023,135768,19673,19516,3982,23498,149
2022-07-03,Imperial,025,180216,59457,58768,12124,70892,944
2022-07-03,Inyo,027,18085,4299,4261,703,4964,56
2022-07-03,Kern,029,883053,204021,202502,52150,254652,2352
2022-07-03,Kings,031,150075,54594,54262,3730,57992,449
2022-07-03,Lake,033,64148,11686,11595,1029,12624,140
2022-07-03,Lassen,035,31185,9357,9336,945,10281,64
2022-07-03,Los Angeles,037,10098052,3002793,2969395,149360,3118755,32089
2022-07-03,Madera,039,155013,40020,39738,6808,46546,372
2022-07-03,Marin,041,260295,41197,40653,4716,45369,297
2022-07-03,Mariposa,043,17540,2806,2780,270,3050,30
2022-07-03,Mendocino,045,87422,14596,14464,3792,18256,127
2022-07-03,Merced,047,269075,66597,66093,9807,75900,832
2022-07-03,Modoc,049,8938,792,787,283,1070,8
2022-07-03,Mono,051,14174,3119,3099,192,3291,7
2022-07-03,Monterey,053,433212,86934,86212,17506,103718,744
2022-07-03,Napa,055,140530,29784,29486,1288,30774,145
2022-07-03,Nevada,057,99092,17712,17546,1497,19043,131
2022-07-03,Orange,059,3164182,609115,603511,51175,654686,7114
2022-07-03,Placer,061,380077,70371,69606,8480,78086,631
2022-07-03,Plumas,063,18699,3324,3294,405,3699,13
2022-07-03,Riverside,065,2383286,637920,632038,31181,663219,6502
2022-07-03,Sacramento,067,1510023,318071,315165,31213,346378,3100
2022-07-03,San Benito,069,59416,14583,14420,728,15148,100
2022-07-03,San Bernardino,071,2135413,609657,604093,26961,631054,7860
2022-07-03,San Diego,073,3302833,842127,834116,62005,896121,5341
2022-07-03,San Francisco,075,870044,161432,158871,10748,169619,910
2022-07-03,San Joaquin,077,732212,181814,180368,12134,192502,2256
2022-07-03,San Luis Obispo,079,281455,58564,58079,5761,63840,489
2022-07-03,San Mateo,081,765935,151926,149812,9591,159403,723
2022-07-03,Santa Barbara,083,443738,96129,95214,5631,100845,699
2022-07-03,Santa Clara,085,1922200,387333,381630,16855,398485,2355
2022-07-03,Santa Cruz,087,273765,56473,55757,2821,58578,267
2022-07-03,Shasta,089,179085,32548,32280,6611,38891,570
2022-07-03,Sierra,091,2930,288,283,58,341,4
2022-07-03,Siskiyou,093,43540,4849,4808,3045,7853,82
2022-07-03,Solano,095,438530,95299,94437,6836,101273,455
2022-07-03,Sonoma,097,501317,98292,97379,4404,101783,495
2022-07-03,Stanislaus,099,539301,126768,125788,19084,144872,1681
2022-07-03,Sutter,101,95872,22092,21935,2352,24287,228
2022-07-03,Tehama,103,63373,12729,12615,2770,15385,205
2022-07-03,Trinity,105,12862,1272,1256,313,1569,20
2022-07-03,Tulare,107,460477,112848,112118,31294,143412,1500
2022-07-03,Tuolumne,109,53932,13998,13886,773,14659,189
2022-07-03,Ventura,111,848112,191369,189493,12123,201616,1517
2022-07-03,Yolo,113,214977,44175,42760,3834,46594,324
2022-07-03,Yuba,115,75493,17300,17168,1486,18654,124
2022-07-02,Alameda,001,1643700,311549,307672,17677,325349,1898
2022-07-02,Alpine,003,1148,129,129,1,130,0
2022-07-02,Amador,005,37829,9319,9243,774,10017,87
2022-07-02,Butte,007,227075,36115,35846,7767,43613,436
2022-07-02,Calaveras,009,45235,7889,7836,424,8260,124
2022-07-02,Colusa,011,21464,3584,3566,1155,4721,22
2022-07-02,Contra Costa,013,1133247,224431,221545,17187,238732,1343
2022-07-02,Del Norte,015,27424,6706,6543,329,6872,53
2022-07-02,El Dorado,017,186661,30015,29764,3807,33571,217
2022-07-02,Fresno,019,978130,249797,247952,26391,274343,2783
2022-07-02,Glenn,021,27897,5227,5211,1726,6937,48
2022-07-02,Humboldt,023,135768,19648,19516,3977,23493,149
2022-07-02,Imperial,025,180216,59380,58768,12102,70870,944
2022-07-02,Inyo,027,18085,4295,4261,701,4962,56
2022-07-02,Kern,029,883053,203871,202502,52016,254518,2352
2022-07-02,Kings,031,150075,54549,54262,3730,57992,449
2022-07-02,Lake,033,64148,11677,11595,1027,12622,140
2022-07-02,Lassen,035,31185,9356,9336,944,10280,64
2022-07-02,Los Angeles,037,10098052,3000210,2969395,148947,3118342,32089
2022-07-02,Madera,039,155013,39990,39738,6804,46542,372
2022-07-02,Marin,041,260295,41135,40653,4700,45353,297
2022-07-02,Mariposa,043,17540,2803,2780,269,3049,30
2022-07-02,Mendocino,045,87422,14568,14464,3792,18256,127
2022-07-02,Merced,047,269075,66538,66093,9797,75890,832
2022-07-02,Modoc,049,8938,792,787,282,1069,8
2022-07-02,Mono,051,14174,3115,3099,192,3291,7
2022-07-02,Monterey,053,433212,86846,86212,17467,103679,744
2022-07-02,Napa,055,140530,29755,29486,1287,30773,145
2022-07-02,Nevada,057,99092,17697,17546,1490,19036,131
2022-07-02,Orange,059,3164182,608474,603511,51020,654531,7114
2022-07-02,Placer,061,380077,70278,69606,8465,78071,631
2022-07-02,Plumas,063,18699,3315,3294,405,3699,13
2022-07-02,Riverside,065,2383286,637333,632038,31127,663165,6502
2022-07-02,Sacramento,067,1510023,317741,315165,31190,346355,3100
2022-07-02,San Benito,069,59416,14563,14420,717,15137,100
2022-07-02,San Bernardino,071,2135413,609136,604093,26924,631017,7860
2022-07-02,San Diego,073,3302833,841326,834116,61955,896071,5341
2022-07-02,San Francisco,075,870044,161148,158871,10724,169595,910
2022-07-02,San Joaquin,077,732212,181683,180368,12107,192475,2256
2022-07-02,San Luis Obispo,079,281455,58516,58079,5748,63827,489
2022-07-02,San Mateo,081,765935,151668,149812,9570,159382,723
2022-07-02,Santa Barbara,083,443738,96002,95214,5620,100834,699
2022-07-02,Santa Clara,085,1922200,386600,381630,16826,398456,2355
2022-07-02,Santa Cruz,087,273765,56414,55757,2811,58568,267
2022-07-02,Shasta,089,179085,32520,32280,6600,38880,570
2022-07-02,Sierra,091,2930,288,283,58,341,4
2022-07-02,Siskiyou,093,43540,4842,4808,3044,7852,82
2022-07-02,Solano,095,438530,95229,94437,6819,101256,455
2022-07-02,Sonoma,097,501317,98189,97379,4396,101775,495
2022-07-02,Stanislaus,099,539301,126650,125788,19068,144856,1681
2022-07-02,Sutter,101,95872,22073,21935,2352,24287,228
2022-07-02,Tehama,103,63373,12706,12615,2768,15383,205
2022-07-02,Trinity,105,12862,1270,1256,312,1568,20
2022-07-02,Tulare,107,460477,112748,112118,31250,143368,1500
2022-07-02,Tuolumne,109,53932,13985,13886,764,14650,189
2022-07-02,Ventura,111,848112,191198,189493,12099,201592,1517
2022-07-02,Yolo,113,214977,44130,42760,3828,46588,324
2022-07-02,Yuba,115,75493,17288,17168,1486,18654,124
2022-07-01,Alameda,001,1643700,311079,307672,17656,325328,1898
2022-07-01,Alpine,003,1148,129,129,1,130,0
2022-07-01,Amador,005,37829,9314,9243,772,10015,87
2022-07-01,Butte,007,227075,36088,35846,7748,43594,436
2022-07-01,Calaveras,009,45235,7878,7836,424,8260,124
2022-07-01,Colusa,011,21464,3581,3566,1155,4721,22
2022-07-01,Contra Costa,013,1133247,224133,221545,17144,238689,1343
2022-07-01,Del Norte,015,27424,6686,6543,327,6870,53
2022-07-01,El Dorado,017,186661,29991,29764,3797,33561,217
2022-07-01,Fresno,019,978130,249521,247952,26343,274295,2783
2022-07-01,Glenn,021,27897,5227,5211,1726,6937,48
2022-07-01,Humboldt,023,135768,19626,19516,3968,23484,149
2022-07-01,Imperial,025,180216,59306,58768,12076,70844,944
2022-07-01,Inyo,027,18085,4288,4261,695,4956,56
2022-07-01,Kern,029,883053,203671,202502,51899,254401,2352
2022-07-01,Kings,031,150075,54516,54262,3726,57988,449
2022-07-01,Lake,033,64148,11666,11595,1026,12621,140
2022-07-01,Lassen,035,31185,9353,9336,944,10280,64
2022-07-01,Los Angeles,037,10098052,2996823,2969395,148444,3117839,32089
2022-07-01,Madera,039,155013,39948,39738,6791,46529,372
2022-07-01,Marin,041,260295,41064,40653,4687,45340,297
2022-07-01,Mariposa,043,17540,2801,2780,268,3048,30
2022-07-01,Mendocino,045,87422,14548,14464,3788,18252,127
2022-07-01,Merced,047,269075,66461,66093,9793,75886,832
2022-07-01,Modoc,049,8938,792,787,281,1068,8
2022-07-01,Mono,051,14174,3107,3099,192,3291,7
2022-07-01,Monterey,053,433212,86763,86212,17437,103649,744
2022-07-01,Napa,055,140530,29710,29486,1287,30773,145
2022-07-01,Nevada,057,99092,17677,17546,1485,19031,131
2022-07-01,Orange,059,3164182,607765,603511,50862,654373,7114
2022-07-01,Placer,061,380077,70211,69606,8454,78060,631
2022-07-01,Plumas,063,18699,3313,3294,405,3699,13
2022-07-01,Riverside,065,2383286,636624,632038,31072,663110,6502
2022-07-01,Sacramento,067,1510023,317360,315165,31172,346337,3100
2022-07-01,San Benito,069,59416,14545,14420,716,15136,100
2022-07-01,San Bernardino,071,2135413,608521,604093,26891,630984,7860
2022-07-01,San Diego,073,3302833,840297,834116,61821,895937,5341
2022-07-01,San Francisco,075,870044,160871,158871,10681,169552,910
2022-07-01,San Joaquin,077,732212,181544,180368,12076,192444,2256
2022-07-01,San Luis Obispo,079,281455,58488,58079,5741,63820,489
2022-07-01,San Mateo,081,765935,151396,149812,9550,159362,723
2022-07-01,Santa Barbara,083,443738,95887,95214,5611,100825,699
2022-07-01,Santa Clara,085,1922200,385906,381630,16791,398421,2355
2022-07-01,Santa Cruz,087,273765,56350,55757,2797,58554,267
2022-07-01,Shasta,089,179085,32501,32280,6591,38871,570
2022-07-01,Sierra,091,2930,288,283,58,341,4
2022-07-01,Siskiyou,093,43540,4838,4808,3042,7850,82
2022-07-01,Solano,095,438530,95083,94437,6804,101241,455
2022-07-01,Sonoma,097,501317,98074,97379,4374,101753,495
2022-07-01,Stanislaus,099,539301,126522,125788,19039,144827,1681
2022-07-01,Sutter,101,95872,22044,21935,2352,24287,228
2022-07-01,Tehama,103,63373,12697,12615,2766,15381,205
2022-07-01,Trinity,105,12862,1269,1256,312,1568,20
2022-07-01,Tulare,107,460477,112651,112118,31204,143322,1500
2022-07-01,Tuolumne,109,53932,13967,13886,756,14642,189
2022-07-01,Ventura,111,848112,190991,189493,12061,201554,1517
2022-07-01,Yolo,113,214977,44096,42760,3811,46571,324
2022-07-01,Yuba,115,75493,17267,17168,1486,18654,124
2022-06-30,Alameda,001,1643700,310256,307672,17577,325249,1898
2022-06-30,Alpine,003,1148,129,129,1,130,0
2022-06-30,Amador,005,37829,9305,9243,768,10011,87
2022-06-30,Butte,007,227075,36042,35846,7731,43577,436
2022-06-30,Calaveras,009,45235,7867,7836,423,8259,124
2022-06-30,Colusa,011,21464,3577,3566,1153,4719,22
2022-06-30,Contra Costa,013,1133247,223591,221545,17071,238616,1343
2022-06-30,Del Norte,015,27424,6669,6543,321,6864,53
2022-06-30,El Dorado,017,186661,29947,29764,3789,33553,217
2022-06-30,Fresno,019,978130,249133,247952,26300,274252,2783
2022-06-30,Glenn,021,27897,5224,5211,1725,6936,48
2022-06-30,Humboldt,023,135768,19589,19516,3962,23478,149
2022-06-30,Imperial,025,180216,59195,58768,12044,70812,944
2022-06-30,Inyo,027,18085,4282,4261,695,4956,56
2022-06-30,Kern,029,883053,203362,202502,51735,254237,2352
2022-06-30,Kings,031,150075,54439,54262,3722,57984,449
2022-06-30,Lake,033,64148,11647,11595,1023,12618,140
2022-06-30,Lassen,035,31185,9350,9336,943,10279,64
2022-06-30,Los Angeles,037,10098052,2991541,2969395,147864,3117259,32089
2022-06-30,Madera,039,155013,39884,39738,6766,46504,372
2022-06-30,Marin,041,260295,40982,40653,4679,45332,297
2022-06-30,Mariposa,043,17540,2795,2780,266,3046,30
2022-06-30,Mendocino,045,87422,14532,14464,3782,18246,127
2022-06-30,Merced,047,269075,66364,66093,9776,75869,832
2022-06-30,Modoc,049,8938,791,787,280,1067,8
2022-06-30,Mono,051,14174,3105,3099,189,3288,7
2022-06-30,Monterey,053,433212,86620,86212,17370,103582,744
2022-06-30,Napa,055,140530,29651,29486,1281,30767,145
2022-06-30,Nevada,057,99092,17649,17546,1478,19024,131
2022-06-30,Orange,059,3164182,606601,603511,50679,654190,7114
2022-06-30,Placer,061,380077,70065,69606,8437,78043,631
2022-06-30,Plumas,063,18699,3308,3294,404,3698,13
2022-06-30,Riverside,065,2383286,635534,632038,30997,663035,6502
2022-06-30,Sacramento,067,1510023,316780,315165,31125,346290,3100
2022-06-30,San Benito,069,59416,14508,14420,712,15132,100
2022-06-30,San Bernardino,071,2135413,607513,604093,26851,630944,7860
2022-06-30,San Diego,073,3302833,838777,834116,61633,895749,5341
2022-06-30,San Francisco,075,870044,160444,158871,10648,169519,910
2022-06-30,San Joaquin,077,732212,181265,180368,12050,192418,2256
2022-06-30,San Luis Obispo,079,281455,58389,58079,5713,63792,489
2022-06-30,San Mateo,081,765935,150994,149812,9513,159325,723
2022-06-30,Santa Barbara,083,443738,95691,95214,5600,100814,699
2022-06-30,Santa Clara,085,1922200,384824,381630,16750,398380,2355
2022-06-30,Santa Cruz,087,273765,56234,55757,2783,58540,267
2022-06-30,Shasta,089,179085,32462,32280,6572,38852,570
2022-06-30,Sierra,091,2930,288,283,58,341,4
2022-06-30,Siskiyou,093,43540,4830,4808,3035,7843,82
2022-06-30,Solano,095,438530,94903,94437,6774,101211,455
2022-06-30,Sonoma,097,501317,97925,97379,4352,101731,495
2022-06-30,Stanislaus,099,539301,126331,125788,19013,144801,1681
2022-06-30,Sutter,101,95872,22012,21935,2349,24284,228
2022-06-30,Tehama,103,63373,12677,12615,2762,15377,205
2022-06-30,Trinity,105,12862,1263,1256,310,1566,20
2022-06-30,Tulare,107,460477,112502,112118,31125,143243,1500
2022-06-30,Tuolumne,109,53932,13948,13886,750,14636,189
2022-06-30,Ventura,111,848112,190649,189493,11985,201478,1517
2022-06-30,Yolo,113,214977,44026,42760,3794,46554,324
2022-06-30,Yuba,115,75493,17239,17168,1479,18647,124
2022-06-29,Alameda,001,1643700,309459,305288,17536,322824,1895
2022-06-29,Alpine,003,1148,129,129,1,130,0
2022-06-29,Amador,005,37829,9298,9205,767,9972,87
2022-06-29,Butte,007,227075,35992,35651,7717,43368,434
2022-06-29,Calaveras,009,45235,7855,7798,420,8218,124
2022-06-29,Colusa,011,21464,3574,3548,1151,4699,22
2022-06-29,Contra Costa,013,1133247,223105,219921,17017,236938,1339
2022-06-29,Del Norte,015,27424,6643,6484,317,6801,53
2022-06-29,El Dorado,017,186661,29889,29549,3773,33322,216
2022-06-29,Fresno,019,978130,248746,246740,26240,272980,2777
2022-06-29,Glenn,021,27897,5223,5192,1723,6915,48
2022-06-29,Humboldt,023,135768,19563,19411,3952,23363,149
2022-06-29,Imperial,025,180216,59075,58498,11990,70488,944
2022-06-29,Inyo,027,18085,4278,4243,690,4933,56
2022-06-29,Kern,029,883053,203080,201537,51578,253115,2343
2022-06-29,Kings,031,150075,54349,54031,3720,57751,448
2022-06-29,Lake,033,64148,11619,11548,1019,12567,140
2022-06-29,Lassen,035,31185,9345,9310,943,10253,64
2022-06-29,Los Angeles,037,10098052,2985940,2955489,147282,3102771,32062
2022-06-29,Madera,039,155013,39834,39554,6756,46310,372
2022-06-29,Marin,041,260295,40878,40397,4673,45070,297
2022-06-29,Mariposa,043,17540,2793,2753,266,3019,30
2022-06-29,Mendocino,045,87422,14504,14383,3765,18148,127
2022-06-29,Merced,047,269075,66272,65733,9764,75497,830
2022-06-29,Modoc,049,8938,789,780,279,1059,8
2022-06-29,Mono,051,14174,3104,3081,188,3269,7
2022-06-29,Monterey,053,433212,86490,85711,17318,103029,743
2022-06-29,Napa,055,140530,29601,29285,1277,30562,144
2022-06-29,Nevada,057,99092,17615,17439,1474,18913,129
2022-06-29,Orange,059,3164182,605441,599951,50511,650462,7095
2022-06-29,Placer,061,380077,69931,69244,8428,77672,629
2022-06-29,Plumas,063,18699,3305,3267,402,3669,13
2022-06-29,Riverside,065,2383286,634483,629035,30922,659957,6493
2022-06-29,Sacramento,067,1510023,316191,313224,31077,344301,3082
2022-06-29,San Benito,069,59416,14472,14302,703,15005,100
2022-06-29,San Bernardino,071,2135413,606538,600960,26757,627717,7825
2022-06-29,San Diego,073,3302833,837063,828907,61409,890316,5336
2022-06-29,San Francisco,075,870044,159960,157419,10613,168032,902
2022-06-29,San Joaquin,077,732212,180970,179476,12014,191490,2252
2022-06-29,San Luis Obispo,079,281455,58258,57783,5674,63457,486
2022-06-29,San Mateo,081,765935,150616,148533,9490,158023,723
2022-06-29,Santa Barbara,083,443738,95540,94683,5589,100272,699
2022-06-29,Santa Clara,085,1922200,383836,378000,16699,394699,2348
2022-06-29,Santa Cruz,087,273765,56109,55432,2769,58201,266
2022-06-29,Shasta,089,179085,32416,32106,6554,38660,570
2022-06-29,Sierra,091,2930,286,283,58,341,4
2022-06-29,Siskiyou,093,43540,4822,4773,3034,7807,82
2022-06-29,Solano,095,438530,94690,92975,6757,99732,455
2022-06-29,Sonoma,097,501317,97747,96854,4339,101193,493
2022-06-29,Stanislaus,099,539301,126155,125189,18985,144174,1674
2022-06-29,Sutter,101,95872,21958,21836,2344,24180,227
2022-06-29,Tehama,103,63373,12658,12561,2761,15322,205
2022-06-29,Trinity,105,12862,1261,1245,309,1554,20
2022-06-29,Tulare,107,460477,112370,111707,31043,142750,1499
2022-06-29,Tuolumne,109,53932,13925,13779,731,14510,189
2022-06-29,Ventura,111,848112,190342,188519,11922,200441,1514
2022-06-29,Yolo,113,214977,43923,42410,3783,46193,323
2022-06-29,Yuba,115,75493,17210,17082,1477,18559,124
2022-06-28,Alameda,001,1643700,308621,305288,17501,322789,1895
2022-06-28,Alpine,003,1148,129,129,1,130,0
2022-06-28,Amador,005,37829,9293,9205,766,9971,87
2022-06-28,Butte,007,227075,35926,35651,7699,43350,434
2022-06-28,Calaveras,009,45235,7843,7798,420,8218,124
2022-06-28,Colusa,011,21464,3573,3548,1150,4698,22
2022-06-28,Contra Costa,013,1133247,222497,219921,16953,236874,1339
2022-06-28,Del Norte,015,27424,6606,6484,314,6798,53
2022-06-28,El Dorado,017,186661,29845,29549,3761,33310,216
2022-06-28,Fresno,019,978130,248317,246740,26185,272925,2777
2022-06-28,Glenn,021,27897,5215,5192,1718,6910,48
2022-06-28,Humboldt,023,135768,19543,19411,3945,23356,149
2022-06-28,Imperial,025,180216,58978,58498,11910,70408,944
2022-06-28,Inyo,027,18085,4272,4243,683,4926,56
2022-06-28,Kern,029,883053,202799,201537,51373,252910,2343
2022-06-28,Kings,031,150075,54268,54031,3715,57746,448
2022-06-28,Lake,033,64148,11608,11548,1017,12565,140
2022-06-28,Lassen,035,31185,9338,9310,943,10253,64
2022-06-28,Los Angeles,037,10098052,2980040,2955489,146686,3102175,32062
2022-06-28,Madera,039,155013,39776,39554,6738,46292,372
2022-06-28,Marin,041,260295,40770,40397,4666,45063,297
2022-06-28,Mariposa,043,17540,2785,2753,264,3017,30
2022-06-28,Mendocino,045,87422,14476,14383,3753,18136,127
2022-06-28,Merced,047,269075,66170,65733,9744,75477,830
2022-06-28,Modoc,049,8938,787,780,278,1058,8
2022-06-28,Mono,051,14174,3098,3081,186,3267,7
2022-06-28,Monterey,053,433212,86365,85711,17267,102978,743
2022-06-28,Napa,055,140530,29534,29285,1274,30559,144
2022-06-28,Nevada,057,99092,17588,17439,1470,18909,129
2022-06-28,Orange,059,3164182,604098,599951,50337,650288,7095
2022-06-28,Placer,061,380077,69769,69244,8419,77663,629
2022-06-28,Plumas,063,18699,3305,3267,401,3668,13
2022-06-28,Riverside,065,2383286,633290,629035,30871,659906,6493
2022-06-28,Sacramento,067,1510023,315539,313224,31021,344245,3082
2022-06-28,San Benito,069,59416,14433,14302,701,15003,100
2022-06-28,San Bernardino,071,2135413,605432,600960,26712,627672,7825
2022-06-28,San Diego,073,3302833,835211,828907,61187,890094,5336
2022-06-28,San Francisco,075,870044,159440,157419,10587,168006,902
2022-06-28,San Joaquin,077,732212,180664,179476,11975,191451,2252
2022-06-28,San Luis Obispo,079,281455,58143,57783,5637,63420,486
2022-06-28,San Mateo,081,765935,150168,148533,9464,157997,723
2022-06-28,Santa Barbara,083,443738,95370,94683,5571,100254,699
2022-06-28,Santa Clara,085,1922200,382732,378000,16646,394646,2348
2022-06-28,Santa Cruz,087,273765,55977,55432,2761,58193,266
2022-06-28,Shasta,089,179085,32374,32106,6540,38646,570
2022-06-28,Sierra,091,2930,286,283,58,341,4
2022-06-28,Siskiyou,093,43540,4818,4773,3027,7800,82
2022-06-28,Solano,095,438530,94456,92975,6740,99715,455
2022-06-28,Sonoma,097,501317,97543,96854,4323,101177,493
2022-06-28,Stanislaus,099,539301,125953,125189,18967,144156,1674
2022-06-28,Sutter,101,95872,21922,21836,2341,24177,227
2022-06-28,Tehama,103,63373,12643,12561,2757,15318,205
2022-06-28,Trinity,105,12862,1258,1245,305,1550,20
2022-06-28,Tulare,107,460477,112182,111707,30966,142673,1499
2022-06-28,Tuolumne,109,53932,13895,13779,724,14503,189
2022-06-28,Ventura,111,848112,190019,188519,11842,200361,1514
2022-06-28,Yolo,113,214977,43815,42410,3776,46186,323
2022-06-28,Yuba,115,75493,17175,17082,1473,18555,124
2022-06-27,Alameda,001,1643700,307690,305288,17445,322733,1895
2022-06-27,Alpine,003,1148,129,129,1,130,0
2022-06-27,Amador,005,37829,9278,9205,764,9969,87
2022-06-27,Butte,007,227075,35874,35651,7680,43331,434
2022-06-27,Calaveras,009,45235,7828,7798,420,8218,124
2022-06-27,Colusa,011,21464,3569,3548,1148,4696,22
2022-06-27,Contra Costa,013,1133247,221812,219921,16889,236810,1339
2022-06-27,Del Norte,015,27424,6586,6484,308,6792,53
2022-06-27,El Dorado,017,186661,29783,29549,3743,33292,216
2022-06-27,Fresno,019,978130,247852,246740,26116,272856,2777
2022-06-27,Glenn,021,27897,5209,5192,1711,6903,48
2022-06-27,Humboldt,023,135768,19506,19411,3932,23343,149
2022-06-27,Imperial,025,180216,58840,58498,11837,70335,944
2022-06-27,Inyo,027,18085,4262,4243,673,4916,56
2022-06-27,Kern,029,883053,202460,201537,51166,252703,2343
2022-06-27,Kings,031,150075,54181,54031,3712,57743,448
2022-06-27,Lake,033,64148,11589,11548,1012,12560,140
2022-06-27,Lassen,035,31185,9329,9310,943,10253,64
2022-06-27,Los Angeles,037,10098052,2973884,2955489,146120,3101609,32062
2022-06-27,Madera,039,155013,39711,39554,6723,46277,372
2022-06-27,Marin,041,260295,40663,40397,4653,45050,297
2022-06-27,Mariposa,043,17540,2776,2753,261,3014,30
2022-06-27,Mendocino,045,87422,14447,14383,3745,18128,127
2022-06-27,Merced,047,269075,66060,65733,9707,75440,830
2022-06-27,Modoc,049,8938,782,780,277,1057,8
2022-06-27,Mono,051,14174,3097,3081,186,3267,7
2022-06-27,Monterey,053,433212,86215,85711,17204,102915,743
2022-06-27,Napa,055,140530,29464,29285,1271,30556,144
2022-06-27,Nevada,057,99092,17558,17439,1456,18895,129
2022-06-27,Orange,059,3164182,602748,599951,50115,650066,7095
2022-06-27,Placer,061,380077,69656,69244,8394,77638,629
2022-06-27,Plumas,063,18699,3300,3267,400,3667,13
2022-06-27,Riverside,065,2383286,632141,629035,30800,659835,6493
2022-06-27,Sacramento,067,1510023,314814,313224,30973,344197,3082
2022-06-27,San Benito,069,59416,14378,14302,698,15000,100
2022-06-27,San Bernardino,071,2135413,604338,600960,26664,627624,7825
2022-06-27,San Diego,073,3302833,833287,828907,60955,889862,5336
2022-06-27,San Francisco,075,870044,158895,157419,10560,167979,902
2022-06-27,San Joaquin,077,732212,180322,179476,11935,191411,2252
2022-06-27,San Luis Obispo,079,281455,58032,57783,5602,63385,486
2022-06-27,San Mateo,081,765935,149702,148533,9428,157961,723
2022-06-27,Santa Barbara,083,443738,95184,94683,5556,100239,699
2022-06-27,Santa Clara,085,1922200,381308,378000,16594,394594,2348
2022-06-27,Santa Cruz,087,273765,55807,55432,2753,58185,266
2022-06-27,Shasta,089,179085,32313,32106,6523,38629,570
2022-06-27,Sierra,091,2930,286,283,58,341,4
2022-06-27,Siskiyou,093,43540,4808,4773,3020,7793,82
2022-06-27,Solano,095,438530,94163,92975,6705,99680,455
2022-06-27,Sonoma,097,501317,97353,96854,4305,101159,493
2022-06-27,Stanislaus,099,539301,125725,125189,18948,144137,1674
2022-06-27,Sutter,101,95872,21881,21836,2338,24174,227
2022-06-27,Tehama,103,63373,12621,12561,2754,15315,205
2022-06-27,Trinity,105,12862,1256,1245,303,1548,20
2022-06-27,Tulare,107,460477,112001,111707,30877,142584,1499
2022-06-27,Tuolumne,109,53932,13861,13779,714,14493,189
2022-06-27,Ventura,111,848112,189638,188519,11781,200300,1514
2022-06-27,Yolo,113,214977,43689,42410,3768,46178,323
2022-06-27,Yuba,115,75493,17147,17082,1470,18552,124
2022-06-26,Alameda,001,1643700,306611,302071,17363,319434,1891
2022-06-26,Alpine,003,1148,129,129,1,130,0
2022-06-26,Amador,005,37829,9239,9135,762,9897,87
2022-06-26,Butte,007,227075,35799,35406,7656,43062,433
2022-06-26,Calaveras,009,45235,7814,7754,417,8171,124
2022-06-26,Colusa,011,21464,3560,3540,1143,4683,22
2022-06-26,Contra Costa,013,1133247,221191,218053,16809,234862,1335
2022-06-26,Del Norte,015,27424,6564,6398,304,6702,52
2022-06-26,El Dorado,017,186661,29699,29313,3718,33031,216
2022-06-26,Fresno,019,978130,247314,245118,26053,271171,2777
2022-06-26,Glenn,021,27897,5204,5178,1708,6886,48
2022-06-26,Humboldt,023,135768,19472,19234,3921,23155,149
2022-06-26,Imperial,025,180216,58697,58127,11742,69869,944
2022-06-26,Inyo,027,18085,4251,4228,659,4887,56
2022-06-26,Kern,029,883053,202159,200556,50964,251520,2344
2022-06-26,Kings,031,150075,54073,53783,3709,57492,448
2022-06-26,Lake,033,64148,11570,11471,1009,12480,140
2022-06-26,Lassen,035,31185,9320,9287,941,10228,64
2022-06-26,Los Angeles,037,10098052,2967363,2936815,145492,3082307,32036
2022-06-26,Madera,039,155013,39641,39319,6704,46023,372
2022-06-26,Marin,041,260295,40542,39979,4632,44611,297
2022-06-26,Mariposa,043,17540,2768,2713,261,2974,30
2022-06-26,Mendocino,045,87422,14418,14292,3718,18010,127
2022-06-26,Merced,047,269075,65928,65408,9679,75087,828
2022-06-26,Modoc,049,8938,781,777,275,1052,8
2022-06-26,Mono,051,14174,3087,3076,186,3262,7
2022-06-26,Monterey,053,433212,86043,85275,17142,102417,743
2022-06-26,Napa,055,140530,29384,29054,1268,30322,144
2022-06-26,Nevada,057,99092,17514,17339,1452,18791,129
2022-06-26,Orange,059,3164182,601261,595761,49908,645669,7090
2022-06-26,Placer,061,380077,69520,68785,8374,77159,628
2022-06-26,Plumas,063,18699,3288,3241,400,3641,13
2022-06-26,Riverside,065,2383286,630916,625794,30738,656532,6493
2022-06-26,Sacramento,067,1510023,314005,310837,30899,341736,3077
2022-06-26,San Benito,069,59416,14333,14192,695,14887,99
2022-06-26,San Bernardino,071,2135413,603150,598062,26607,624669,7803
2022-06-26,San Diego,073,3302833,831103,822848,60789,883637,5332
2022-06-26,San Francisco,075,870044,158252,155609,10506,166115,899
2022-06-26,San Joaquin,077,732212,179949,178447,11896,190343,2252
2022-06-26,San Luis Obispo,079,281455,57900,57472,5552,63024,485
2022-06-26,San Mateo,081,765935,149194,146955,9398,156353,723
2022-06-26,Santa Barbara,083,443738,94973,94017,5528,99545,699
2022-06-26,Santa Clara,085,1922200,379931,373961,16524,390485,2338
2022-06-26,Santa Cruz,087,273765,55651,54874,2744,57618,265
2022-06-26,Shasta,089,179085,32232,31921,6502,38423,570
2022-06-26,Sierra,091,2930,285,283,58,341,4
2022-06-26,Siskiyou,093,43540,4790,4744,3013,7757,81
2022-06-26,Solano,095,438530,93909,92248,6666,98914,455
2022-06-26,Sonoma,097,501317,97119,95981,4273,100254,493
2022-06-26,Stanislaus,099,539301,125524,124493,18924,143417,1672
2022-06-26,Sutter,101,95872,21841,21733,2337,24070,227
2022-06-26,Tehama,103,63373,12604,12510,2748,15258,205
2022-06-26,Trinity,105,12862,1251,1233,301,1534,20
2022-06-26,Tulare,107,460477,111818,111188,30792,141980,1496
2022-06-26,Tuolumne,109,53932,13833,13688,707,14395,189
2022-06-26,Ventura,111,848112,189246,187389,11703,199092,1514
2022-06-26,Yolo,113,214977,43574,41932,3753,45685,323
2022-06-26,Yuba,115,75493,17110,16994,1461,18455,124
2022-06-25,Alameda,001,1643700,306144,302071,17342,319413,1891
2022-06-25,Alpine,003,1148,129,129,1,130,0
2022-06-25,Amador,005,37829,9229,9135,761,9896,87
2022-06-25,Butte,007,227075,35760,35406,7635,43041,433
2022-06-25,Calaveras,009,45235,7805,7754,417,8171,124
2022-06-25,Colusa,011,21464,3555,3540,1143,4683,22
2022-06-25,Contra Costa,013,1133247,220830,218053,16764,234817,1335
2022-06-25,Del Norte,015,27424,6550,6398,301,6699,52
2022-06-25,El Dorado,017,186661,29659,29313,3712,33025,216
2022-06-25,Fresno,019,978130,247085,245118,26032,271150,2777
2022-06-25,Glenn,021,27897,5199,5178,1706,6884,48
2022-06-25,Humboldt,023,135768,19452,19234,3911,23145,149
2022-06-25,Imperial,025,180216,58617,58127,11715,69842,944
2022-06-25,Inyo,027,18085,4249,4228,655,4883,56
2022-06-25,Kern,029,883053,202002,200556,50858,251414,2344
2022-06-25,Kings,031,150075,54035,53783,3709,57492,448
2022-06-25,Lake,033,64148,11561,11471,1008,12479,140
2022-06-25,Lassen,035,31185,9315,9287,939,10226,64
2022-06-25,Los Angeles,037,10098052,2964389,2936815,145109,3081924,32036
2022-06-25,Madera,039,155013,39608,39319,6699,46018,372
2022-06-25,Marin,041,260295,40489,39979,4625,44604,297
2022-06-25,Mariposa,043,17540,2766,2713,261,2974,30
2022-06-25,Mendocino,045,87422,14406,14292,3714,18006,127
2022-06-25,Merced,047,269075,65851,65408,9676,75084,828
2022-06-25,Modoc,049,8938,781,777,275,1052,8
2022-06-25,Mono,051,14174,3083,3076,186,3262,7
2022-06-25,Monterey,053,433212,85942,85275,17111,102386,743
2022-06-25,Napa,055,140530,29353,29054,1264,30318,144
2022-06-25,Nevada,057,99092,17490,17339,1448,18787,129
2022-06-25,Orange,059,3164182,600564,595761,49769,645530,7090
2022-06-25,Placer,061,380077,69426,68785,8352,77137,628
2022-06-25,Plumas,063,18699,3284,3241,400,3641,13
2022-06-25,Riverside,065,2383286,630273,625794,30696,656490,6493
2022-06-25,Sacramento,067,1510023,313695,310837,30873,341710,3077
2022-06-25,San Benito,069,59416,14309,14192,694,14886,99
2022-06-25,San Bernardino,071,2135413,602568,598062,26579,624641,7803
2022-06-25,San Diego,073,3302833,830200,822848,60730,883578,5332
2022-06-25,San Francisco,075,870044,157955,155609,10483,166092,899
2022-06-25,San Joaquin,077,732212,179801,178447,11882,190329,2252
2022-06-25,San Luis Obispo,079,281455,57829,57472,5542,63014,485
2022-06-25,San Mateo,081,765935,148920,146955,9375,156330,723
2022-06-25,Santa Barbara,083,443738,94830,94017,5515,99532,699
2022-06-25,Santa Clara,085,1922200,379080,373961,16503,390464,2338
2022-06-25,Santa Cruz,087,273765,55581,54874,2740,57614,265
2022-06-25,Shasta,089,179085,32195,31921,6486,38407,570
2022-06-25,Sierra,091,2930,285,283,58,341,4
2022-06-25,Siskiyou,093,43540,4787,4744,3010,7754,81
2022-06-25,Solano,095,438530,93827,92248,6646,98894,455
2022-06-25,Sonoma,097,501317,97009,95981,4262,100243,493
2022-06-25,Stanislaus,099,539301,125394,124493,18905,143398,1672
2022-06-25,Sutter,101,95872,21819,21733,2336,24069,227
2022-06-25,Tehama,103,63373,12593,12510,2743,15253,205
2022-06-25,Trinity,105,12862,1250,1233,299,1532,20
2022-06-25,Tulare,107,460477,111741,111188,30745,141933,1496
2022-06-25,Tuolumne,109,53932,13815,13688,703,14391,189
2022-06-25,Ventura,111,848112,189038,187389,11673,199062,1514
2022-06-25,Yolo,113,214977,43510,41932,3747,45679,323
2022-06-25,Yuba,115,75493,17089,16994,1460,18454,124
2022-06-24,Alameda,001,1643700,305554,302071,17304,319375,1891
2022-06-24,Alpine,003,1148,129,129,1,130,0
2022-06-24,Amador,005,37829,9222,9135,759,9894,87
2022-06-24,Butte,007,227075,35729,35406,7620,43026,433
2022-06-24,Calaveras,009,45235,7800,7754,416,8170,124
2022-06-24,Colusa,011,21464,3554,3540,1140,4680,22
2022-06-24,Contra Costa,013,1133247,220485,218053,16741,234794,1335
2022-06-24,Del Norte,015,27424,6539,6398,299,6697,52
2022-06-24,El Dorado,017,186661,29616,29313,3708,33021,216
2022-06-24,Fresno,019,978130,246800,245118,26004,271122,2777
2022-06-24,Glenn,021,27897,5197,5178,1706,6884,48
2022-06-24,Humboldt,023,135768,19422,19234,3906,23140,149
2022-06-24,Imperial,025,180216,58547,58127,11681,69808,944
2022-06-24,Inyo,027,18085,4248,4228,651,4879,56
2022-06-24,Kern,029,883053,201829,200556,50763,251319,2344
2022-06-24,Kings,031,150075,53991,53783,3705,57488,448
2022-06-24,Lake,033,64148,11550,11471,1008,12479,140
2022-06-24,Lassen,035,31185,9312,9287,938,10225,64
2022-06-24,Los Angeles,037,10098052,2961139,2936815,144777,3081592,32036
2022-06-24,Madera,039,155013,39563,39319,6692,46011,372
2022-06-24,Marin,041,260295,40413,39979,4613,44592,297
2022-06-24,Mariposa,043,17540,2759,2713,261,2974,30
2022-06-24,Mendocino,045,87422,14399,14292,3711,18003,127
2022-06-24,Merced,047,269075,65814,65408,9668,75076,828
2022-06-24,Modoc,049,8938,781,777,275,1052,8
2022-06-24,Mono,051,14174,3080,3076,185,3261,7
2022-06-24,Monterey,053,433212,85863,85275,17084,102359,743
2022-06-24,Napa,055,140530,29326,29054,1263,30317,144
2022-06-24,Nevada,057,99092,17474,17339,1442,18781,129
2022-06-24,Orange,059,3164182,599875,595761,49624,645385,7090
2022-06-24,Placer,061,380077,69350,68785,8340,77125,628
2022-06-24,Plumas,063,18699,3280,3241,400,3641,13
2022-06-24,Riverside,065,2383286,629627,625794,30649,656443,6493
2022-06-24,Sacramento,067,1510023,313300,310837,30850,341687,3077
2022-06-24,San Benito,069,59416,14296,14192,693,14885,99
2022-06-24,San Bernardino,071,2135413,601994,598062,26556,624618,7803
2022-06-24,San Diego,073,3302833,829161,822848,60654,883502,5332
2022-06-24,San Francisco,075,870044,157640,155609,10456,166065,899
2022-06-24,San Joaquin,077,732212,179621,178447,11857,190304,2252
2022-06-24,San Luis Obispo,079,281455,57784,57472,5537,63009,485
2022-06-24,San Mateo,081,765935,148592,146955,9362,156317,723
2022-06-24,Santa Barbara,083,443738,94699,94017,5512,99529,699
2022-06-24,Santa Clara,085,1922200,378258,373961,16459,390420,2338
2022-06-24,Santa Cruz,087,273765,55480,54874,2729,57603,265
2022-06-24,Shasta,089,179085,32165,31921,6477,38398,570
2022-06-24,Sierra,091,2930,285,283,58,341,4
2022-06-24,Siskiyou,093,43540,4779,4744,3009,7753,81
2022-06-24,Solano,095,438530,93679,92248,6632,98880,455
2022-06-24,Sonoma,097,501317,96871,95981,4245,100226,493
2022-06-24,Stanislaus,099,539301,125269,124493,18881,143374,1672
2022-06-24,Sutter,101,95872,21804,21733,2335,24068,227
2022-06-24,Tehama,103,63373,12579,12510,2737,15247,205
2022-06-24,Trinity,105,12862,1247,1233,299,1532,20
2022-06-24,Tulare,107,460477,111642,111188,30688,141876,1496
2022-06-24,Tuolumne,109,53932,13795,13688,697,14385,189
2022-06-24,Ventura,111,848112,188811,187389,11643,199032,1514
2022-06-24,Yolo,113,214977,43415,41932,3738,45670,323
2022-06-24,Yuba,115,75493,17071,16994,1460,18454,124
2022-06-23,Alameda,001,1643700,304734,302071,17225,319296,1891
2022-06-23,Alpine,003,1148,129,129,1,130,0
2022-06-23,Amador,005,37829,9213,9135,757,9892,87
2022-06-23,Butte,007,227075,35670,35406,7602,43008,433
2022-06-23,Calaveras,009,45235,7789,7754,415,8169,124
2022-06-23,Colusa,011,21464,3547,3540,1138,4678,22
2022-06-23,Contra Costa,013,1133247,219976,218053,16638,234691,1335
2022-06-23,Del Norte,015,27424,6506,6398,297,6695,52
2022-06-23,El Dorado,017,186661,29558,29313,3696,33009,216
2022-06-23,Fresno,019,978130,246399,245118,25947,271065,2777
2022-06-23,Glenn,021,27897,5194,5178,1697,6875,48
2022-06-23,Humboldt,023,135768,19399,19234,3903,23137,149
2022-06-23,Imperial,025,180216,58473,58127,11626,69753,944
2022-06-23,Inyo,027,18085,4245,4228,648,4876,56
2022-06-23,Kern,029,883053,201548,200556,50610,251166,2344
2022-06-23,Kings,031,150075,53932,53783,3702,57485,448
2022-06-23,Lake,033,64148,11529,11471,1008,12479,140
2022-06-23,Lassen,035,31185,9302,9287,937,10224,64
2022-06-23,Los Angeles,037,10098052,2956498,2936815,144238,3081053,32036
2022-06-23,Madera,039,155013,39503,39319,6678,45997,372
2022-06-23,Marin,041,260295,40299,39979,4589,44568,297
2022-06-23,Mariposa,043,17540,2747,2713,261,2974,30
2022-06-23,Mendocino,045,87422,14370,14292,3706,17998,127
2022-06-23,Merced,047,269075,65736,65408,9651,75059,828
2022-06-23,Modoc,049,8938,780,777,275,1052,8
2022-06-23,Mono,051,14174,3078,3076,184,3260,7
2022-06-23,Monterey,053,433212,85717,85275,17027,102302,743
2022-06-23,Napa,055,140530,29269,29054,1262,30316,144
2022-06-23,Nevada,057,99092,17441,17339,1442,18781,129
2022-06-23,Orange,059,3164182,598872,595761,49441,645202,7090
2022-06-23,Placer,061,380077,69213,68785,8320,77105,628
2022-06-23,Plumas,063,18699,3275,3241,398,3639,13
2022-06-23,Riverside,065,2383286,628707,625794,30599,656393,6493
2022-06-23,Sacramento,067,1510023,312694,310837,30803,341640,3077
2022-06-23,San Benito,069,59416,14265,14192,691,14883,99
2022-06-23,San Bernardino,071,2135413,601212,598062,26525,624587,7803
2022-06-23,San Diego,073,3302833,827696,822848,60457,883305,5332
2022-06-23,San Francisco,075,870044,157173,155609,10421,166030,899
2022-06-23,San Joaquin,077,732212,179345,178447,11832,190279,2252
2022-06-23,San Luis Obispo,079,281455,57698,57472,5504,62976,485
2022-06-23,San Mateo,081,765935,148245,146955,9327,156282,723
2022-06-23,Santa Barbara,083,443738,94535,94017,5483,99500,699
2022-06-23,Santa Clara,085,1922200,377276,373961,16410,390371,2338
2022-06-23,Santa Cruz,087,273765,55369,54874,2717,57591,265
2022-06-23,Shasta,089,179085,32123,31921,6465,38386,570
2022-06-23,Sierra,091,2930,284,283,58,341,4
2022-06-23,Siskiyou,093,43540,4773,4744,3001,7745,81
2022-06-23,Solano,095,438530,93445,92248,6591,98839,455
2022-06-23,Sonoma,097,501317,96675,95981,4224,100205,493
2022-06-23,Stanislaus,099,539301,125088,124493,18851,143344,1672
2022-06-23,Sutter,101,95872,21770,21733,2335,24068,227
2022-06-23,Tehama,103,63373,12570,12510,2734,15244,205
2022-06-23,Trinity,105,12862,1245,1233,299,1532,20
2022-06-23,Tulare,107,460477,111517,111188,30618,141806,1496
2022-06-23,Tuolumne,109,53932,13768,13688,684,14372,189
2022-06-23,Ventura,111,848112,188511,187389,11602,198991,1514
2022-06-23,Yolo,113,214977,43311,41932,3726,45658,323
2022-06-23,Yuba,115,75493,17050,16994,1454,18448,124
2022-06-22,Alameda,001,1643700,303897,299567,17141,316708,1888
2022-06-22,Alpine,003,1148,129,129,1,130,0
2022-06-22,Amador,005,37829,9207,9049,756,9805,87
2022-06-22,Butte,007,227075,35603,35203,7584,42787,433
2022-06-22,Calaveras,009,45235,7778,7716,415,8131,122
2022-06-22,Colusa,011,21464,3544,3529,1138,4667,21
2022-06-22,Contra Costa,013,1133247,219455,216355,16582,232937,1328
2022-06-22,Del Norte,015,27424,6488,6367,294,6661,52
2022-06-22,El Dorado,017,186661,29495,29139,3682,32821,215
2022-06-22,Fresno,019,978130,245983,244129,25894,270023,2772
2022-06-22,Glenn,021,27897,5192,5161,1692,6853,48
2022-06-22,Humboldt,023,135768,19348,19111,3883,22994,148
2022-06-22,Imperial,025,180216,58374,57866,11593,69459,944
2022-06-22,Inyo,027,18085,4240,4222,646,4868,56
2022-06-22,Kern,029,883053,201276,199721,50474,250195,2341
2022-06-22,Kings,031,150075,53868,53568,3698,57266,448
2022-06-22,Lake,033,64148,11512,11426,1002,12428,140
2022-06-22,Lassen,035,31185,9294,9259,935,10194,64
2022-06-22,Los Angeles,037,10098052,2951534,2925667,143781,3069448,32015
2022-06-22,Madera,039,155013,39447,39139,6661,45800,372
2022-06-22,Marin,041,260295,40197,39687,4583,44270,297
2022-06-22,Mariposa,043,17540,2742,2695,258,2953,30
2022-06-22,Mendocino,045,87422,14354,14201,3691,17892,127
2022-06-22,Merced,047,269075,65641,65120,9626,74746,827
2022-06-22,Modoc,049,8938,779,773,271,1044,8
2022-06-22,Mono,051,14174,3078,3073,182,3255,7
2022-06-22,Monterey,053,433212,85591,84752,16981,101733,742
2022-06-22,Napa,055,140530,29198,28894,1258,30152,144
2022-06-22,Nevada,057,99092,17421,17280,1433,18713,129
2022-06-22,Orange,059,3164182,597676,592215,49262,641477,7084
2022-06-22,Placer,061,380077,69095,68447,8310,76757,628
2022-06-22,Plumas,063,18699,3265,3220,398,3618,13
2022-06-22,Riverside,065,2383286,627857,623584,30533,654117,6491
2022-06-22,Sacramento,067,1510023,312073,309105,30766,339871,3071
2022-06-22,San Benito,069,59416,14241,14128,687,14815,99
2022-06-22,San Bernardino,071,2135413,600417,595517,26493,622010,7774
2022-06-22,San Diego,073,3302833,826091,815124,60281,875405,5318
2022-06-22,San Francisco,075,870044,156684,154213,10389,164602,897
2022-06-22,San Joaquin,077,732212,179090,177637,11810,189447,2251
2022-06-22,San Luis Obispo,079,281455,57609,57177,5465,62642,485
2022-06-22,San Mateo,081,765935,147842,145781,9304,155085,723
2022-06-22,Santa Barbara,083,443738,94388,93576,5467,99043,700
2022-06-22,Santa Clara,085,1922200,376187,370678,16299,386977,2340
2022-06-22,Santa Cruz,087,273765,55250,54525,2702,57227,265
2022-06-22,Shasta,089,179085,32078,31786,6450,38236,570
2022-06-22,Sierra,091,2930,284,283,58,341,4
2022-06-22,Siskiyou,093,43540,4766,4711,2997,7708,81
2022-06-22,Solano,095,438530,93208,91528,6518,98046,454
2022-06-22,Sonoma,097,501317,96472,95363,4204,99567,493
2022-06-22,Stanislaus,099,539301,124893,124023,18791,142814,1670
2022-06-22,Sutter,101,95872,21738,21649,2333,23982,227
2022-06-22,Tehama,103,63373,12560,12465,2731,15196,205
2022-06-22,Trinity,105,12862,1243,1223,299,1522,20
2022-06-22,Tulare,107,460477,111381,110768,30531,141299,1496
2022-06-22,Tuolumne,109,53932,13750,13596,678,14274,189
2022-06-22,Ventura,111,848112,188209,186601,11549,198150,1514
2022-06-22,Yolo,113,214977,43190,41689,3713,45402,323
2022-06-22,Yuba,115,75493,17030,16912,1449,18361,124
2022-06-21,Alameda,001,1643700,303102,299567,17109,316676,1888
2022-06-21,Alpine,003,1148,129,129,1,130,0
2022-06-21,Amador,005,37829,9200,9049,753,9802,87
2022-06-21,Butte,007,227075,35531,35203,7574,42777,433
2022-06-21,Calaveras,009,45235,7769,7716,414,8130,122
2022-06-21,Colusa,011,21464,3541,3529,1136,4665,21
2022-06-21,Contra Costa,013,1133247,218894,216355,16530,232885,1328
2022-06-21,Del Norte,015,27424,6458,6367,292,6659,52
2022-06-21,El Dorado,017,186661,29421,29139,3675,32814,215
2022-06-21,Fresno,019,978130,245547,244129,25842,269971,2772
2022-06-21,Glenn,021,27897,5185,5161,1690,6851,48
2022-06-21,Humboldt,023,135768,19296,19111,3869,22980,148
2022-06-21,Imperial,025,180216,58283,57866,11556,69422,944
2022-06-21,Inyo,027,18085,4235,4222,640,4862,56
2022-06-21,Kern,029,883053,200953,199721,50292,250013,2341
2022-06-21,Kings,031,150075,53792,53568,3697,57265,448
2022-06-21,Lake,033,64148,11489,11426,999,12425,140
2022-06-21,Lassen,035,31185,9284,9259,932,10191,64
2022-06-21,Los Angeles,037,10098052,2946746,2925667,143276,3068943,32015
2022-06-21,Madera,039,155013,39363,39139,6650,45789,372
2022-06-21,Marin,041,260295,40107,39687,4571,44258,297
2022-06-21,Mariposa,043,17540,2736,2695,257,2952,30
2022-06-21,Mendocino,045,87422,14325,14201,3682,17883,127
2022-06-21,Merced,047,269075,65539,65120,9595,74715,827
2022-06-21,Modoc,049,8938,776,773,270,1043,8
2022-06-21,Mono,051,14174,3076,3073,180,3253,7
2022-06-21,Monterey,053,433212,85436,84752,16938,101690,742
2022-06-21,Napa,055,140530,29145,28894,1257,30151,144
2022-06-21,Nevada,057,99092,17394,17280,1430,18710,129
2022-06-21,Orange,059,3164182,596481,592215,49120,641335,7084
2022-06-21,Placer,061,380077,68967,68447,8298,76745,628
2022-06-21,Plumas,063,18699,3256,3220,397,3617,13
2022-06-21,Riverside,065,2383286,626898,623584,30470,654054,6491
2022-06-21,Sacramento,067,1510023,311376,309105,30718,339823,3071
2022-06-21,San Benito,069,59416,14205,14128,683,14811,99
2022-06-21,San Bernardino,071,2135413,599596,595517,26447,621964,7774
2022-06-21,San Diego,073,3302833,824412,815124,60083,875207,5318
2022-06-21,San Francisco,075,870044,156195,154213,10356,164569,897
2022-06-21,San Joaquin,077,732212,178774,177637,11780,189417,2251
2022-06-21,San Luis Obispo,079,281455,57500,57177,5416,62593,485
2022-06-21,San Mateo,081,765935,147356,145781,9284,155065,723
2022-06-21,Santa Barbara,083,443738,94221,93576,5453,99029,700
2022-06-21,Santa Clara,085,1922200,375034,370678,16255,386933,2340
2022-06-21,Santa Cruz,087,273765,55120,54525,2693,57218,265
2022-06-21,Shasta,089,179085,32031,31786,6432,38218,570
2022-06-21,Sierra,091,2930,284,283,58,341,4
2022-06-21,Siskiyou,093,43540,4758,4711,2989,7700,81
2022-06-21,Solano,095,438530,92958,91528,6503,98031,454
2022-06-21,Sonoma,097,501317,96239,95363,4181,99544,493
2022-06-21,Stanislaus,099,539301,124700,124023,18765,142788,1670
2022-06-21,Sutter,101,95872,21714,21649,2331,23980,227
2022-06-21,Tehama,103,63373,12546,12465,2731,15196,205
2022-06-21,Trinity,105,12862,1237,1223,299,1522,20
2022-06-21,Tulare,107,460477,111240,110768,30468,141236,1496
2022-06-21,Tuolumne,109,53932,13726,13596,671,14267,189
2022-06-21,Ventura,111,848112,187887,186601,11489,198090,1514
2022-06-21,Yolo,113,214977,43059,41689,3702,45391,323
2022-06-21,Yuba,115,75493,17001,16912,1448,18360,124
2022-06-20,Alameda,001,1643700,302202,299567,17049,316616,1888
2022-06-20,Alpine,003,1148,129,129,1,130,0
2022-06-20,Amador,005,37829,9190,9049,749,9798,87
2022-06-20,Butte,007,227075,35458,35203,7556,42759,433
2022-06-20,Calaveras,009,45235,7762,7716,414,8130,122
2022-06-20,Colusa,011,21464,3540,3529,1135,4664,21
2022-06-20,Contra Costa,013,1133247,218296,216355,16462,232817,1328
2022-06-20,Del Norte,015,27424,6445,6367,287,6654,52
2022-06-20,El Dorado,017,186661,29350,29139,3654,32793,215
2022-06-20,Fresno,019,978130,245061,244129,25779,269908,2772
2022-06-20,Glenn,021,27897,5180,5161,1687,6848,48
2022-06-20,Humboldt,023,135768,19251,19111,3853,22964,148
2022-06-20,Imperial,025,180216,58151,57866,11517,69383,944
2022-06-20,Inyo,027,18085,4231,4222,635,4857,56
2022-06-20,Kern,029,883053,200662,199721,50144,249865,2341
2022-06-20,Kings,031,150075,53711,53568,3695,57263,448
2022-06-20,Lake,033,64148,11468,11426,996,12422,140
2022-06-20,Lassen,035,31185,9279,9259,931,10190,64
2022-06-20,Los Angeles,037,10098052,2941334,2925667,142807,3068474,32015
2022-06-20,Madera,039,155013,39301,39139,6632,45771,372
2022-06-20,Marin,041,260295,40005,39687,4548,44235,297
2022-06-20,Mariposa,043,17540,2723,2695,257,2952,30
2022-06-20,Mendocino,045,87422,14296,14201,3677,17878,127
2022-06-20,Merced,047,269075,65446,65120,9569,74689,827
2022-06-20,Modoc,049,8938,775,773,269,1042,8
2022-06-20,Mono,051,14174,3076,3073,177,3250,7
2022-06-20,Monterey,053,433212,85285,84752,16871,101623,742
2022-06-20,Napa,055,140530,29073,28894,1254,30148,144
2022-06-20,Nevada,057,99092,17369,17280,1421,18701,129
2022-06-20,Orange,059,3164182,595217,592215,48963,641178,7084
2022-06-20,Placer,061,380077,68853,68447,8285,76732,628
2022-06-20,Plumas,063,18699,3250,3220,397,3617,13
2022-06-20,Riverside,065,2383286,625959,623584,30400,653984,6491
2022-06-20,Sacramento,067,1510023,310673,309105,30646,339751,3071
2022-06-20,San Benito,069,59416,14159,14128,676,14804,99
2022-06-20,San Bernardino,071,2135413,598693,595517,26409,621926,7774
2022-06-20,San Diego,073,3302833,822424,815124,59838,874962,5318
2022-06-20,San Francisco,075,870044,155581,154213,10315,164528,897
2022-06-20,San Joaquin,077,732212,178447,177637,11735,189372,2251
2022-06-20,San Luis Obispo,079,281455,57400,57177,5366,62543,485
2022-06-20,San Mateo,081,765935,146849,145781,9259,155040,723
2022-06-20,Santa Barbara,083,443738,94037,93576,5426,99002,700
2022-06-20,Santa Clara,085,1922200,373820,370678,16197,386875,2340
2022-06-20,Santa Cruz,087,273765,54946,54525,2686,57211,265
2022-06-20,Shasta,089,179085,31974,31786,6419,38205,570
2022-06-20,Sierra,091,2930,284,283,57,340,4
2022-06-20,Siskiyou,093,43540,4745,4711,2977,7688,81
2022-06-20,Solano,095,438530,92644,91528,6484,98012,454
2022-06-20,Sonoma,097,501317,96002,95363,4157,99520,493
2022-06-20,Stanislaus,099,539301,124514,124023,18738,142761,1670
2022-06-20,Sutter,101,95872,21683,21649,2313,23962,227
2022-06-20,Tehama,103,63373,12531,12465,2728,15193,205
2022-06-20,Trinity,105,12862,1232,1223,299,1522,20
2022-06-20,Tulare,107,460477,111097,110768,30397,141165,1496
2022-06-20,Tuolumne,109,53932,13688,13596,671,14267,189
2022-06-20,Ventura,111,848112,187551,186601,11450,198051,1514
2022-06-20,Yolo,113,214977,42899,41689,3684,45373,323
2022-06-20,Yuba,115,75493,16976,16912,1442,18354,124
2022-06-19,Alameda,001,1643700,301275,296062,17017,313079,1883
2022-06-19,Alpine,003,1148,129,129,1,130,0
2022-06-19,Amador,005,37829,9141,8985,736,9721,87
2022-06-19,Butte,007,227075,35397,34920,7532,42452,432
2022-06-19,Calaveras,009,45235,7744,7664,413,8077,122
2022-06-19,Colusa,011,21464,3535,3519,1130,4649,21
2022-06-19,Contra Costa,013,1133247,217614,213994,16389,230383,1323
2022-06-19,Del Norte,015,27424,6428,6307,284,6591,52
2022-06-19,El Dorado,017,186661,29268,28904,3639,32543,215
2022-06-19,Fresno,019,978130,244616,242214,25720,267934,2768
2022-06-19,Glenn,021,27897,5171,5131,1684,6815,48
2022-06-19,Humboldt,023,135768,19206,18885,3828,22713,148
2022-06-19,Imperial,025,180216,58033,57450,11480,68930,944
2022-06-19,Inyo,027,18085,4230,4209,634,4843,56
2022-06-19,Kern,029,883053,200299,198567,49963,248530,2340
2022-06-19,Kings,031,150075,53615,53242,3692,56934,448
2022-06-19,Lake,033,64148,11454,11318,994,12312,140
2022-06-19,Lassen,035,31185,9266,9225,931,10156,64
2022-06-19,Los Angeles,037,10098052,2936509,2909197,142255,3051452,31999
2022-06-19,Madera,039,155013,39209,38859,6610,45469,372
2022-06-19,Marin,041,260295,39879,39214,4537,43751,294
2022-06-19,Mariposa,043,17540,2716,2662,256,2918,30
2022-06-19,Mendocino,045,87422,14269,14090,3663,17753,127
2022-06-19,Merced,047,269075,65347,64734,9537,74271,827
2022-06-19,Modoc,049,8938,772,771,268,1039,8
2022-06-19,Mono,051,14174,3074,3066,176,3242,6
2022-06-19,Monterey,053,433212,85137,84032,16822,100854,744
2022-06-19,Napa,055,140530,29013,28619,1250,29869,144
2022-06-19,Nevada,057,99092,17339,17134,1413,18547,129
2022-06-19,Orange,059,3164182,593967,587176,48766,635942,7074
2022-06-19,Placer,061,380077,68734,67961,8265,76226,628
2022-06-19,Plumas,063,18699,3242,3201,396,3597,13
2022-06-19,Riverside,065,2383286,625089,619760,30342,650102,6488
2022-06-19,Sacramento,067,1510023,309946,306215,30590,336805,3072
2022-06-19,San Benito,069,59416,14140,13985,674,14659,99
2022-06-19,San Bernardino,071,2135413,597877,591926,26370,618296,7765
2022-06-19,San Diego,073,3302833,820892,815124,59725,874849,5318
2022-06-19,San Francisco,075,870044,155064,151898,10273,162171,897
2022-06-19,San Joaquin,077,732212,178128,176323,11698,188021,2251
2022-06-19,San Luis Obispo,079,281455,57266,56767,5305,62072,485
2022-06-19,San Mateo,081,765935,146400,143879,9225,153104,723
2022-06-19,Santa Barbara,083,443738,93874,92906,5408,98314,699
2022-06-19,Santa Clara,085,1922200,372649,365638,16136,381774,2328
2022-06-19,Santa Cruz,087,273765,54784,53866,2667,56533,264
2022-06-19,Shasta,089,179085,31915,31647,6407,38054,568
2022-06-19,Sierra,091,2930,284,281,57,338,4
2022-06-19,Siskiyou,093,43540,4733,4672,2971,7643,81
2022-06-19,Solano,095,438530,92391,90548,6473,97021,454
2022-06-19,Sonoma,097,501317,95761,94318,4138,98456,493
2022-06-19,Stanislaus,099,539301,124328,123264,18693,141957,1668
2022-06-19,Sutter,101,95872,21648,21501,2305,23806,227
2022-06-19,Tehama,103,63373,12522,12410,2722,15132,205
2022-06-19,Trinity,105,12862,1229,1220,299,1519,20
2022-06-19,Tulare,107,460477,110910,110041,30334,140375,1496
2022-06-19,Tuolumne,109,53932,13661,13487,671,14158,189
2022-06-19,Ventura,111,848112,187201,185219,11403,196622,1513
2022-06-19,Yolo,113,214977,42810,41135,3672,44807,323
2022-06-19,Yuba,115,75493,16945,16786,1439,18225,124
2022-06-18,Alameda,001,1643700,300810,296062,16997,313059,1883
2022-06-18,Alpine,003,1148,129,129,1,130,0
2022-06-18,Amador,005,37829,9134,8985,732,9717,87
2022-06-18,Butte,007,227075,35345,34920,7520,42440,432
2022-06-18,Calaveras,009,45235,7732,7664,413,8077,122
2022-06-18,Colusa,011,21464,3532,3519,1130,4649,21
2022-06-18,Contra Costa,013,1133247,217302,213994,16358,230352,1323
2022-06-18,Del Norte,015,27424,6422,6307,283,6590,52
2022-06-18,El Dorado,017,186661,29239,28904,3636,32540,215
2022-06-18,Fresno,019,978130,244417,242214,25703,267917,2768
2022-06-18,Glenn,021,27897,5168,5131,1682,6813,48
2022-06-18,Humboldt,023,135768,19177,18885,3821,22706,148
2022-06-18,Imperial,025,180216,57964,57450,11467,68917,944
2022-06-18,Inyo,027,18085,4229,4209,633,4842,56
2022-06-18,Kern,029,883053,200176,198567,49864,248431,2340
2022-06-18,Kings,031,150075,53580,53242,3691,56933,448
2022-06-18,Lake,033,64148,11443,11318,992,12310,140
2022-06-18,Lassen,035,31185,9262,9225,931,10156,64
2022-06-18,Los Angeles,037,10098052,2934116,2909197,141960,3051157,31999
2022-06-18,Madera,039,155013,39185,38859,6604,45463,372
2022-06-18,Marin,041,260295,39814,39214,4527,43741,294
2022-06-18,Mariposa,043,17540,2711,2662,256,2918,30
2022-06-18,Mendocino,045,87422,14247,14090,3660,17750,127
2022-06-18,Merced,047,269075,65284,64734,9528,74262,827
2022-06-18,Modoc,049,8938,772,771,268,1039,8
2022-06-18,Mono,051,14174,3073,3066,176,3242,6
2022-06-18,Monterey,053,433212,85047,84032,16793,100825,744
2022-06-18,Napa,055,140530,28988,28619,1249,29868,144
2022-06-18,Nevada,057,99092,17327,17134,1411,18545,129
2022-06-18,Orange,059,3164182,593352,587176,48653,635829,7074
2022-06-18,Placer,061,380077,68669,67961,8252,76213,628
2022-06-18,Plumas,063,18699,3234,3201,396,3597,13
2022-06-18,Riverside,065,2383286,624554,619760,30326,650086,6488
2022-06-18,Sacramento,067,1510023,309633,306215,30566,336781,3072
2022-06-18,San Benito,069,59416,14125,13985,667,14652,99
2022-06-18,San Bernardino,071,2135413,597447,591926,26349,618275,7765
2022-06-18,San Diego,073,3302833,820174,815124,59683,874807,5318
2022-06-18,San Francisco,075,870044,154731,151898,10252,162150,897
2022-06-18,San Joaquin,077,732212,177965,176323,11690,188013,2251
2022-06-18,San Luis Obispo,079,281455,57221,56767,5297,62064,485
2022-06-18,San Mateo,081,765935,146133,143879,9202,153081,723
2022-06-18,Santa Barbara,083,443738,93763,92906,5397,98303,699
2022-06-18,Santa Clara,085,1922200,371892,365638,16092,381730,2328
2022-06-18,Santa Cruz,087,273765,54708,53866,2654,56520,264
2022-06-18,Shasta,089,179085,31894,31647,6404,38051,568
2022-06-18,Sierra,091,2930,284,281,57,338,4
2022-06-18,Siskiyou,093,43540,4725,4672,2967,7639,81
2022-06-18,Solano,095,438530,92308,90548,6463,97011,454
2022-06-18,Sonoma,097,501317,95625,94318,4120,98438,493
2022-06-18,Stanislaus,099,539301,124220,123264,18676,141940,1668
2022-06-18,Sutter,101,95872,21627,21501,2302,23803,227
2022-06-18,Tehama,103,63373,12513,12410,2718,15128,205
2022-06-18,Trinity,105,12862,1228,1220,299,1519,20
2022-06-18,Tulare,107,460477,110828,110041,30289,140330,1496
2022-06-18,Tuolumne,109,53932,13639,13487,668,14155,189
2022-06-18,Ventura,111,848112,187027,185219,11381,196600,1513
2022-06-18,Yolo,113,214977,42741,41135,3666,44801,323
2022-06-18,Yuba,115,75493,16932,16786,1439,18225,124
2022-06-17,Alameda,001,1643700,300332,296062,16972,313034,1883
2022-06-17,Alpine,003,1148,129,129,1,130,0
2022-06-17,Amador,005,37829,9125,8985,731,9716,87
2022-06-17,Butte,007,227075,35311,34920,7508,42428,432
2022-06-17,Calaveras,009,45235,7724,7664,413,8077,122
2022-06-17,Colusa,011,21464,3530,3519,1125,4644,21
2022-06-17,Contra Costa,013,1133247,217006,213994,16334,230328,1323
2022-06-17,Del Norte,015,27424,6408,6307,283,6590,52
2022-06-17,El Dorado,017,186661,29208,28904,3632,32536,215
2022-06-17,Fresno,019,978130,244177,242214,25674,267888,2768
2022-06-17,Glenn,021,27897,5167,5131,1677,6808,48
2022-06-17,Humboldt,023,135768,19150,18885,3817,22702,148
2022-06-17,Imperial,025,180216,57913,57450,11455,68905,944
2022-06-17,Inyo,027,18085,4225,4209,627,4836,56
2022-06-17,Kern,029,883053,200024,198567,49810,248377,2340
2022-06-17,Kings,031,150075,53553,53242,3690,56932,448
2022-06-17,Lake,033,64148,11435,11318,991,12309,140
2022-06-17,Lassen,035,31185,9261,9225,930,10155,64
2022-06-17,Los Angeles,037,10098052,2931282,2909197,141656,3050853,31999
2022-06-17,Madera,039,155013,39160,38859,6598,45457,372
2022-06-17,Marin,041,260295,39719,39214,4515,43729,294
2022-06-17,Mariposa,043,17540,2708,2662,256,2918,30
2022-06-17,Mendocino,045,87422,14231,14090,3657,17747,127
2022-06-17,Merced,047,269075,65227,64734,9523,74257,827
2022-06-17,Modoc,049,8938,772,771,268,1039,8
2022-06-17,Mono,051,14174,3073,3066,176,3242,6
2022-06-17,Monterey,053,433212,84957,84032,16763,100795,744
2022-06-17,Napa,055,140530,28950,28619,1248,29867,144
2022-06-17,Nevada,057,99092,17308,17134,1406,18540,129
2022-06-17,Orange,059,3164182,592671,587176,48520,635696,7074
2022-06-17,Placer,061,380077,68611,67961,8242,76203,628
2022-06-17,Plumas,063,18699,3233,3201,395,3596,13
2022-06-17,Riverside,065,2383286,624001,619760,30288,650048,6488
2022-06-17,Sacramento,067,1510023,309242,306215,30546,336761,3072
2022-06-17,San Benito,069,59416,14113,13985,667,14652,99
2022-06-17,San Bernardino,071,2135413,597009,591926,26317,618243,7765
2022-06-17,San Diego,073,3302833,819210,815124,59578,874702,5318
2022-06-17,San Francisco,075,870044,154413,151898,10217,162115,897
2022-06-17,San Joaquin,077,732212,177816,176323,11679,188002,2251
2022-06-17,San Luis Obispo,079,281455,57184,56767,5291,62058,485
2022-06-17,San Mateo,081,765935,145833,143879,9184,153063,723
2022-06-17,Santa Barbara,083,443738,93657,92906,5385,98291,699
2022-06-17,Santa Clara,085,1922200,371069,365638,16059,381697,2328
2022-06-17,Santa Cruz,087,273765,54642,53866,2649,56515,264
2022-06-17,Shasta,089,179085,31868,31647,6396,38043,568
2022-06-17,Sierra,091,2930,284,281,57,338,4
2022-06-17,Siskiyou,093,43540,4718,4672,2967,7639,81
2022-06-17,Solano,095,438530,92163,90548,6452,97000,454
2022-06-17,Sonoma,097,501317,95459,94318,4104,98422,493
2022-06-17,Stanislaus,099,539301,124123,123264,18666,141930,1668
2022-06-17,Sutter,101,95872,21605,21501,2296,23797,227
2022-06-17,Tehama,103,63373,12498,12410,2715,15125,205
2022-06-17,Trinity,105,12862,1228,1220,299,1519,20
2022-06-17,Tulare,107,460477,110747,110041,30247,140288,1496
2022-06-17,Tuolumne,109,53932,13626,13487,667,14154,189
2022-06-17,Ventura,111,848112,186847,185219,11360,196579,1513
2022-06-17,Yolo,113,214977,42658,41135,3654,44789,323
2022-06-17,Yuba,115,75493,16925,16786,1436,18222,124
2022-06-16,Alameda,001,1643700,299527,296062,16908,312970,1883
2022-06-16,Alpine,003,1148,129,129,1,130,0
2022-06-16,Amador,005,37829,9118,8985,726,9711,87
2022-06-16,Butte,007,227075,35237,34920,7492,42412,432
2022-06-16,Calaveras,009,45235,7712,7664,412,8076,122
2022-06-16,Colusa,011,21464,3528,3519,1124,4643,21
2022-06-16,Contra Costa,013,1133247,216543,213994,16283,230277,1323
2022-06-16,Del Norte,015,27424,6394,6307,281,6588,52
2022-06-16,El Dorado,017,186661,29156,28904,3620,32524,215
2022-06-16,Fresno,019,978130,243807,242214,25615,267829,2768
2022-06-16,Glenn,021,27897,5159,5131,1673,6804,48
2022-06-16,Humboldt,023,135768,19120,18885,3803,22688,148
2022-06-16,Imperial,025,180216,57816,57450,11426,68876,944
2022-06-16,Inyo,027,18085,4224,4209,624,4833,56
2022-06-16,Kern,029,883053,199810,198567,49688,248255,2340
2022-06-16,Kings,031,150075,53486,53242,3684,56926,448
2022-06-16,Lake,033,64148,11419,11318,991,12309,140
2022-06-16,Lassen,035,31185,9254,9225,929,10154,64
2022-06-16,Los Angeles,037,10098052,2927304,2909197,141302,3050499,31999
2022-06-16,Madera,039,155013,39130,38859,6588,45447,372
2022-06-16,Marin,041,260295,39621,39214,4501,43715,294
2022-06-16,Mariposa,043,17540,2700,2662,255,2917,30
2022-06-16,Mendocino,045,87422,14202,14090,3648,17738,127
2022-06-16,Merced,047,269075,65152,64734,9503,74237,827
2022-06-16,Modoc,049,8938,772,771,268,1039,8
2022-06-16,Mono,051,14174,3072,3066,175,3241,6
2022-06-16,Monterey,053,433212,84808,84032,16708,100740,744
2022-06-16,Napa,055,140530,28906,28619,1245,29864,144
2022-06-16,Nevada,057,99092,17285,17134,1401,18535,129
2022-06-16,Orange,059,3164182,591645,587176,48383,635559,7074
2022-06-16,Placer,061,380077,68527,67961,8220,76181,628
2022-06-16,Plumas,063,18699,3226,3201,394,3595,13
2022-06-16,Riverside,065,2383286,623256,619760,30244,650004,6488
2022-06-16,Sacramento,067,1510023,308656,306215,30514,336729,3072
2022-06-16,San Benito,069,59416,14088,13985,665,14650,99
2022-06-16,San Bernardino,071,2135413,596355,591926,26282,618208,7765
2022-06-16,San Diego,073,3302833,817685,815124,59416,874540,5318
2022-06-16,San Francisco,075,870044,153962,151898,10176,162074,897
2022-06-16,San Joaquin,077,732212,177565,176323,11663,187986,2251
2022-06-16,San Luis Obispo,079,281455,57106,56767,5272,62039,485
2022-06-16,San Mateo,081,765935,145472,143879,9169,153048,723
2022-06-16,Santa Barbara,083,443738,93509,92906,5370,98276,699
2022-06-16,Santa Clara,085,1922200,370125,365638,16013,381651,2328
2022-06-16,Santa Cruz,087,273765,54510,53866,2636,56502,264
2022-06-16,Shasta,089,179085,31838,31647,6385,38032,568
2022-06-16,Sierra,091,2930,283,281,57,338,4
2022-06-16,Siskiyou,093,43540,4709,4672,2958,7630,81
2022-06-16,Solano,095,438530,91977,90548,6439,96987,454
2022-06-16,Sonoma,097,501317,95274,94318,4088,98406,493
2022-06-16,Stanislaus,099,539301,123963,123264,18647,141911,1668
2022-06-16,Sutter,101,95872,21580,21501,2294,23795,227
2022-06-16,Tehama,103,63373,12479,12410,2713,15123,205
2022-06-16,Trinity,105,12862,1226,1220,296,1516,20
2022-06-16,Tulare,107,460477,110613,110041,30200,140241,1496
2022-06-16,Tuolumne,109,53932,13602,13487,663,14150,189
2022-06-16,Ventura,111,848112,186576,185219,11315,196534,1513
2022-06-16,Yolo,113,214977,42567,41135,3642,44777,323
2022-06-16,Yuba,115,75493,16901,16786,1432,18218,124
2022-06-15,Alameda,001,1643700,298726,295002,16849,311851,1880
2022-06-15,Alpine,003,1148,129,129,1,130,0
2022-06-15,Amador,005,37829,9110,8972,726,9698,87
2022-06-15,Butte,007,227075,35171,34841,7472,42313,430
2022-06-15,Calaveras,009,45235,7709,7648,409,8057,122
2022-06-15,Colusa,011,21464,3524,3515,1122,4637,21
2022-06-15,Contra Costa,013,1133247,216091,213219,16242,229461,1321
2022-06-15,Del Norte,015,27424,6383,6298,280,6578,52
2022-06-15,El Dorado,017,186661,29103,28829,3607,32436,215
2022-06-15,Fresno,019,978130,243444,241768,25571,267339,2767
2022-06-15,Glenn,021,27897,5154,5128,1665,6793,48
2022-06-15,Humboldt,023,135768,19082,18836,3778,22614,148
2022-06-15,Imperial,025,180216,57734,57373,11401,68774,941
2022-06-15,Inyo,027,18085,4222,4205,623,4828,56
2022-06-15,Kern,029,883053,199548,198216,49575,247791,2338
2022-06-15,Kings,031,150075,53432,53170,3681,56851,448
2022-06-15,Lake,033,64148,11401,11303,987,12290,140
2022-06-15,Lassen,035,31185,9250,9209,928,10137,64
2022-06-15,Los Angeles,037,10098052,2923044,2897298,140948,3038246,31971
2022-06-15,Madera,039,155013,39086,38776,6571,45347,372
2022-06-15,Marin,041,260295,39532,39027,4494,43521,294
2022-06-15,Mariposa,043,17540,2696,2651,253,2904,30
2022-06-15,Mendocino,045,87422,14176,14052,3645,17697,127
2022-06-15,Merced,047,269075,65071,64595,9489,74084,825
2022-06-15,Modoc,049,8938,771,772,268,1040,8
2022-06-15,Mono,051,14174,3072,3060,175,3235,6
2022-06-15,Monterey,053,433212,84669,83837,16665,100502,741
2022-06-15,Napa,055,140530,28846,28518,1238,29756,144
2022-06-15,Nevada,057,99092,17260,17107,1397,18504,127
2022-06-15,Orange,059,3164182,590608,585496,48209,633705,7067
2022-06-15,Placer,061,380077,68405,67805,8203,76008,628
2022-06-15,Plumas,063,18699,3221,3185,392,3577,13
2022-06-15,Riverside,065,2383286,622533,618584,30190,648774,6482
2022-06-15,Sacramento,067,1510023,308061,305361,30461,335822,3059
2022-06-15,San Benito,069,59416,14051,13953,657,14610,99
2022-06-15,San Bernardino,071,2135413,595704,590328,26240,616568,7735
2022-06-15,San Diego,073,3302833,816131,811093,59250,870343,5316
2022-06-15,San Francisco,075,870044,153524,151170,10151,161321,890
2022-06-15,San Joaquin,077,732212,177322,175966,11631,187597,2244
2022-06-15,San Luis Obispo,079,281455,57020,56535,5231,61766,486
2022-06-15,San Mateo,081,765935,145076,143277,9154,152431,722
2022-06-15,Santa Barbara,083,443738,93376,92710,5362,98072,698
2022-06-15,Santa Clara,085,1922200,369126,364014,15980,379994,2323
2022-06-15,Santa Cruz,087,273765,54395,53718,2631,56349,265
2022-06-15,Shasta,089,179085,31798,31598,6377,37975,568
2022-06-15,Sierra,091,2930,281,280,56,336,4
2022-06-15,Siskiyou,093,43540,4698,4656,2948,7604,81
2022-06-15,Solano,095,438530,91767,90265,6431,96696,453
2022-06-15,Sonoma,097,501317,95080,94041,4077,98118,492
2022-06-15,Stanislaus,099,539301,123821,122944,18623,141567,1668
2022-06-15,Sutter,101,95872,21552,21448,2289,23737,227
2022-06-15,Tehama,103,63373,12471,12392,2707,15099,205
2022-06-15,Trinity,105,12862,1225,1217,294,1511,20
2022-06-15,Tulare,107,460477,110507,109930,30163,140093,1495
2022-06-15,Tuolumne,109,53932,13591,13459,663,14122,189
2022-06-15,Ventura,111,848112,186302,184750,11266,196016,1509
2022-06-15,Yolo,113,214977,42463,40756,3627,44383,322
2022-06-15,Yuba,115,75493,16876,16754,1427,18181,124
2022-06-14,Alameda,001,1643700,298022,295002,16797,311799,1880
2022-06-14,Alpine,003,1148,129,129,1,130,0
2022-06-14,Amador,005,37829,9094,8972,721,9693,87
2022-06-14,Butte,007,227075,35118,34841,7457,42298,430
2022-06-14,Calaveras,009,45235,7699,7648,408,8056,122
2022-06-14,Colusa,011,21464,3522,3515,1121,4636,21
2022-06-14,Contra Costa,013,1133247,215565,213219,16182,229401,1321
2022-06-14,Del Norte,015,27424,6375,6298,277,6575,52
2022-06-14,El Dorado,017,186661,29051,28829,3598,32427,215
2022-06-14,Fresno,019,978130,243052,241768,25512,267280,2767
2022-06-14,Glenn,021,27897,5146,5128,1662,6790,48
2022-06-14,Humboldt,023,135768,19032,18836,3761,22597,148
2022-06-14,Imperial,025,180216,57660,57373,11370,68743,941
2022-06-14,Inyo,027,18085,4217,4205,621,4826,56
2022-06-14,Kern,029,883053,199295,198216,49444,247660,2338
2022-06-14,Kings,031,150075,53364,53170,3679,56849,448
2022-06-14,Lake,033,64148,11375,11303,985,12288,140
2022-06-14,Lassen,035,31185,9244,9209,924,10133,64
2022-06-14,Los Angeles,037,10098052,2918543,2897298,140531,3037829,31971
2022-06-14,Madera,039,155013,39032,38776,6563,45339,372
2022-06-14,Marin,041,260295,39424,39027,4483,43510,294
2022-06-14,Mariposa,043,17540,2685,2651,251,2902,30
2022-06-14,Mendocino,045,87422,14148,14052,3632,17684,127
2022-06-14,Merced,047,269075,64989,64595,9463,74058,825
2022-06-14,Modoc,049,8938,771,772,266,1038,8
2022-06-14,Mono,051,14174,3072,3060,174,3234,6
2022-06-14,Monterey,053,433212,84531,83837,16618,100455,741
2022-06-14,Napa,055,140530,28784,28518,1237,29755,144
2022-06-14,Nevada,057,99092,17228,17107,1392,18499,127
2022-06-14,Orange,059,3164182,589477,585496,48044,633540,7067
2022-06-14,Placer,061,380077,68280,67805,8188,75993,628
2022-06-14,Plumas,063,18699,3216,3185,392,3577,13
2022-06-14,Riverside,065,2383286,621752,618584,30151,648735,6482
2022-06-14,Sacramento,067,1510023,307436,305361,30377,335738,3059
2022-06-14,San Benito,069,59416,14016,13953,655,14608,99
2022-06-14,San Bernardino,071,2135413,594998,590328,26199,616527,7735
2022-06-14,San Diego,073,3302833,814418,811093,59097,870190,5316
2022-06-14,San Francisco,075,870044,153035,151170,10125,161295,890
2022-06-14,San Joaquin,077,732212,177053,175966,11598,187564,2244
2022-06-14,San Luis Obispo,079,281455,56913,56535,5180,61715,486
2022-06-14,San Mateo,081,765935,144698,143277,9139,152416,722
2022-06-14,Santa Barbara,083,443738,93240,92710,5347,98057,698
2022-06-14,Santa Clara,085,1922200,368062,364014,15929,379943,2323
2022-06-14,Santa Cruz,087,273765,54270,53718,2620,56338,265
2022-06-14,Shasta,089,179085,31768,31598,6369,37967,568
2022-06-14,Sierra,091,2930,281,280,56,336,4
2022-06-14,Siskiyou,093,43540,4688,4656,2942,7598,81
2022-06-14,Solano,095,438530,91508,90265,6410,96675,453
2022-06-14,Sonoma,097,501317,94870,94041,4064,98105,492
2022-06-14,Stanislaus,099,539301,123642,122944,18594,141538,1668
2022-06-14,Sutter,101,95872,21514,21448,2285,23733,227
2022-06-14,Tehama,103,63373,12453,12392,2705,15097,205
2022-06-14,Trinity,105,12862,1224,1217,294,1511,20
2022-06-14,Tulare,107,460477,110364,109930,30116,140046,1495
2022-06-14,Tuolumne,109,53932,13571,13459,659,14118,189
2022-06-14,Ventura,111,848112,186009,184750,11228,195978,1509
2022-06-14,Yolo,113,214977,42356,40756,3617,44373,322
2022-06-14,Yuba,115,75493,16846,16754,1424,18178,124
2022-06-13,Alameda,001,1643700,297194,295002,16746,311748,1880
2022-06-13,Alpine,003,1148,129,129,1,130,0
2022-06-13,Amador,005,37829,9087,8972,719,9691,87
2022-06-13,Butte,007,227075,35045,34841,7432,42273,430
2022-06-13,Calaveras,009,45235,7680,7648,408,8056,122
2022-06-13,Colusa,011,21464,3522,3515,1118,4633,21
2022-06-13,Contra Costa,013,1133247,214990,213219,16111,229330,1321
2022-06-13,Del Norte,015,27424,6363,6298,273,6571,52
2022-06-13,El Dorado,017,186661,29001,28829,3586,32415,215
2022-06-13,Fresno,019,978130,242633,241768,25458,267226,2767
2022-06-13,Glenn,021,27897,5142,5128,1657,6785,48
2022-06-13,Humboldt,023,135768,18978,18836,3736,22572,148
2022-06-13,Imperial,025,180216,57564,57373,11324,68697,941
2022-06-13,Inyo,027,18085,4213,4205,616,4821,56
2022-06-13,Kern,029,883053,199041,198216,49296,247512,2338
2022-06-13,Kings,031,150075,53299,53170,3675,56845,448
2022-06-13,Lake,033,64148,11350,11303,984,12287,140
2022-06-13,Lassen,035,31185,9236,9209,921,10130,64
2022-06-13,Los Angeles,037,10098052,2914007,2897298,140137,3037435,31971
2022-06-13,Madera,039,155013,38965,38776,6545,45321,372
2022-06-13,Marin,041,260295,39317,39027,4455,43482,294
2022-06-13,Mariposa,043,17540,2672,2651,250,2901,30
2022-06-13,Mendocino,045,87422,14124,14052,3616,17668,127
2022-06-13,Merced,047,269075,64912,64595,9434,74029,825
2022-06-13,Modoc,049,8938,770,772,266,1038,8
2022-06-13,Mono,051,14174,3070,3060,174,3234,6
2022-06-13,Monterey,053,433212,84398,83837,16563,100400,741
2022-06-13,Napa,055,140530,28713,28518,1233,29751,144
2022-06-13,Nevada,057,99092,17197,17107,1389,18496,127
2022-06-13,Orange,059,3164182,588234,585496,47867,633363,7067
2022-06-13,Placer,061,380077,68184,67805,8166,75971,628
2022-06-13,Plumas,063,18699,3211,3185,391,3576,13
2022-06-13,Riverside,065,2383286,621011,618584,30116,648700,6482
2022-06-13,Sacramento,067,1510023,306763,305361,30310,335671,3059
2022-06-13,San Benito,069,59416,13989,13953,649,14602,99
2022-06-13,San Bernardino,071,2135413,594215,590328,26174,616502,7735
2022-06-13,San Diego,073,3302833,812708,811093,58993,870086,5316
2022-06-13,San Francisco,075,870044,152486,151170,10107,161277,890
2022-06-13,San Joaquin,077,732212,176794,175966,11561,187527,2244
2022-06-13,San Luis Obispo,079,281455,56815,56535,5128,61663,486
2022-06-13,San Mateo,081,765935,144269,143277,9113,152390,722
2022-06-13,Santa Barbara,083,443738,93111,92710,5334,98044,698
2022-06-13,Santa Clara,085,1922200,367048,364014,15876,379890,2323
2022-06-13,Santa Cruz,087,273765,54132,53718,2613,56331,265
2022-06-13,Shasta,089,179085,31734,31598,6362,37960,568
2022-06-13,Sierra,091,2930,281,280,56,336,4
2022-06-13,Siskiyou,093,43540,4684,4656,2934,7590,81
2022-06-13,Solano,095,438530,91272,90265,6385,96650,453
2022-06-13,Sonoma,097,501317,94641,94041,4044,98085,492
2022-06-13,Stanislaus,099,539301,123471,122944,18575,141519,1668
2022-06-13,Sutter,101,95872,21486,21448,2281,23729,227
2022-06-13,Tehama,103,63373,12433,12392,2702,15094,205
2022-06-13,Trinity,105,12862,1222,1217,294,1511,20
2022-06-13,Tulare,107,460477,110211,109930,30061,139991,1495
2022-06-13,Tuolumne,109,53932,13549,13459,656,14115,189
2022-06-13,Ventura,111,848112,185717,184750,11175,195925,1509
2022-06-13,Yolo,113,214977,42218,40756,3604,44360,322
2022-06-13,Yuba,115,75493,16828,16754,1419,18173,124
2022-06-12,Alameda,001,1643700,296378,292112,16686,308798,1877
2022-06-12,Alpine,003,1148,129,129,1,130,0
2022-06-12,Amador,005,37829,9064,8869,718,9587,87
2022-06-12,Butte,007,227075,34987,34596,7407,42003,427
2022-06-12,Calaveras,009,45235,7666,7604,405,8009,122
2022-06-12,Colusa,011,21464,3521,3505,1117,4622,21
2022-06-12,Contra Costa,013,1133247,214405,211229,16034,227263,1315
2022-06-12,Del Norte,015,27424,6349,6253,273,6526,52
2022-06-12,El Dorado,017,186661,28939,28641,3568,32209,215
2022-06-12,Fresno,019,978130,242173,240345,25406,265751,2766
2022-06-12,Glenn,021,27897,5138,5104,1655,6759,48
2022-06-12,Humboldt,023,135768,18912,18696,3698,22394,148
2022-06-12,Imperial,025,180216,57495,57129,11278,68407,941
2022-06-12,Inyo,027,18085,4212,4194,615,4809,56
2022-06-12,Kern,029,883053,198770,197353,49161,246514,2338
2022-06-12,Kings,031,150075,53220,52978,3668,56646,447
2022-06-12,Lake,033,64148,11326,11202,983,12185,139
2022-06-12,Lassen,035,31185,9218,9172,919,10091,64
2022-06-12,Los Angeles,037,10098052,2909079,2878981,139658,3018639,31947
2022-06-12,Madera,039,155013,38872,38567,6521,45088,372
2022-06-12,Marin,041,260295,39209,38593,4430,43023,294
2022-06-12,Mariposa,043,17540,2666,2625,249,2874,30
2022-06-12,Mendocino,045,87422,14101,13945,3610,17555,127
2022-06-12,Merced,047,269075,64798,64286,9403,73689,825
2022-06-12,Modoc,049,8938,770,767,266,1033,8
2022-06-12,Mono,051,14174,3066,3052,173,3225,6
2022-06-12,Monterey,053,433212,84242,83391,16481,99872,739
2022-06-12,Napa,055,140530,28651,28202,1224,29426,143
2022-06-12,Nevada,057,99092,17154,16989,1383,18372,127
2022-06-12,Orange,059,3164182,586960,581624,47679,629303,7057
2022-06-12,Placer,061,380077,68071,67306,8141,75447,628
2022-06-12,Plumas,063,18699,3205,3172,390,3562,13
2022-06-12,Riverside,065,2383286,620069,615556,30044,645600,6481
2022-06-12,Sacramento,067,1510023,306031,302721,30205,332926,3058
2022-06-12,San Benito,069,59416,13954,13832,643,14475,99
2022-06-12,San Bernardino,071,2135413,593309,587385,26126,613511,7708
2022-06-12,San Diego,073,3302833,810983,805360,58859,864219,5315
2022-06-12,San Francisco,075,870044,151926,149278,10059,159337,890
2022-06-12,San Joaquin,077,732212,176443,174822,11534,186356,2244
2022-06-12,San Luis Obispo,079,281455,56679,56160,5060,61220,485
2022-06-12,San Mateo,081,765935,143808,141719,9070,150789,715
2022-06-12,Santa Barbara,083,443738,92938,92177,5320,97497,694
2022-06-12,Santa Clara,085,1922200,365868,359925,15828,375753,2322
2022-06-12,Santa Cruz,087,273765,53971,53171,2607,55778,264
2022-06-12,Shasta,089,179085,31687,31483,6348,37831,566
2022-06-12,Sierra,091,2930,281,278,56,334,4
2022-06-12,Siskiyou,093,43540,4676,4633,2929,7562,81
2022-06-12,Solano,095,438530,90981,89424,6365,95789,453
2022-06-12,Sonoma,097,501317,94389,93218,4020,97238,492
2022-06-12,Stanislaus,099,539301,123272,122267,18537,140804,1665
2022-06-12,Sutter,101,95872,21445,21333,2264,23597,227
2022-06-12,Tehama,103,63373,12415,12343,2697,15040,205
2022-06-12,Trinity,105,12862,1219,1213,294,1507,20
2022-06-12,Tulare,107,460477,110005,109467,29994,139461,1495
2022-06-12,Tuolumne,109,53932,13521,13382,653,14035,189
2022-06-12,Ventura,111,848112,185359,183680,11128,194808,1508
2022-06-12,Yolo,113,214977,42098,40202,3599,43801,323
2022-06-12,Yuba,115,75493,16800,16653,1411,18064,123
2022-06-11,Alameda,001,1643700,295961,292112,16662,308774,1877
2022-06-11,Alpine,003,1148,129,129,1,130,0
2022-06-11,Amador,005,37829,9050,8869,718,9587,87
2022-06-11,Butte,007,227075,34953,34596,7389,41985,427
2022-06-11,Calaveras,009,45235,7659,7604,404,8008,122
2022-06-11,Colusa,011,21464,3519,3505,1116,4621,21
2022-06-11,Contra Costa,013,1133247,214095,211229,15997,227226,1315
2022-06-11,Del Norte,015,27424,6341,6253,273,6526,52
2022-06-11,El Dorado,017,186661,28920,28641,3566,32207,215
2022-06-11,Fresno,019,978130,241979,240345,25386,265731,2766
2022-06-11,Glenn,021,27897,5136,5104,1655,6759,48
2022-06-11,Humboldt,023,135768,18889,18696,3690,22386,148
2022-06-11,Imperial,025,180216,57438,57129,11264,68393,941
2022-06-11,Inyo,027,18085,4212,4194,613,4807,56
2022-06-11,Kern,029,883053,198656,197353,49086,246439,2338
2022-06-11,Kings,031,150075,53188,52978,3667,56645,447
2022-06-11,Lake,033,64148,11318,11202,980,12182,139
2022-06-11,Lassen,035,31185,9213,9172,918,10090,64
2022-06-11,Los Angeles,037,10098052,2906743,2878981,139375,3018356,31947
2022-06-11,Madera,039,155013,38851,38567,6519,45086,372
2022-06-11,Marin,041,260295,39132,38593,4395,42988,294
2022-06-11,Mariposa,043,17540,2662,2625,248,2873,30
2022-06-11,Mendocino,045,87422,14090,13945,3607,17552,127
2022-06-11,Merced,047,269075,64750,64286,9398,73684,825
2022-06-11,Modoc,049,8938,770,767,266,1033,8
2022-06-11,Mono,051,14174,3066,3052,173,3225,6
2022-06-11,Monterey,053,433212,84159,83391,16448,99839,739
2022-06-11,Napa,055,140530,28612,28202,1220,29422,143
2022-06-11,Nevada,057,99092,17141,16989,1381,18370,127
2022-06-11,Orange,059,3164182,586318,581624,47539,629163,7057
2022-06-11,Placer,061,380077,67984,67306,8132,75438,628
2022-06-11,Plumas,063,18699,3202,3172,390,3562,13
2022-06-11,Riverside,065,2383286,619542,615556,30014,645570,6481
2022-06-11,Sacramento,067,1510023,305724,302721,30168,332889,3058
2022-06-11,San Benito,069,59416,13944,13832,640,14472,99
2022-06-11,San Bernardino,071,2135413,592900,587385,26104,613489,7708
2022-06-11,San Diego,073,3302833,810280,805360,58816,864176,5315
2022-06-11,San Francisco,075,870044,151605,149278,10038,159316,890
2022-06-11,San Joaquin,077,732212,176288,174822,11515,186337,2244
2022-06-11,San Luis Obispo,079,281455,56645,56160,5051,61211,485
2022-06-11,San Mateo,081,765935,143585,141719,9048,150767,715
2022-06-11,Santa Barbara,083,443738,92871,92177,5307,97484,694
2022-06-11,Santa Clara,085,1922200,365108,359925,15789,375714,2322
2022-06-11,Santa Cruz,087,273765,53916,53171,2592,55763,264
2022-06-11,Shasta,089,179085,31671,31483,6342,37825,566
2022-06-11,Sierra,091,2930,281,278,56,334,4
2022-06-11,Siskiyou,093,43540,4670,4633,2921,7554,81
2022-06-11,Solano,095,438530,90892,89424,6355,95779,453
2022-06-11,Sonoma,097,501317,94282,93218,3996,97214,492
2022-06-11,Stanislaus,099,539301,123169,122267,18517,140784,1665
2022-06-11,Sutter,101,95872,21428,21333,2262,23595,227
2022-06-11,Tehama,103,63373,12408,12343,2697,15040,205
2022-06-11,Trinity,105,12862,1219,1213,294,1507,20
2022-06-11,Tulare,107,460477,109924,109467,29960,139427,1495
2022-06-11,Tuolumne,109,53932,13495,13382,652,14034,189
2022-06-11,Ventura,111,848112,185182,183680,11096,194776,1508
2022-06-11,Yolo,113,214977,42035,40202,3593,43795,323
2022-06-11,Yuba,115,75493,16781,16653,1406,18059,123
2022-06-10,Alameda,001,1643700,295490,292112,16638,308750,1877
2022-06-10,Alpine,003,1148,129,129,1,130,0
2022-06-10,Amador,005,37829,9037,8869,717,9586,87
2022-06-10,Butte,007,227075,34922,34596,7379,41975,427
2022-06-10,Calaveras,009,45235,7654,7604,403,8007,122
2022-06-10,Colusa,011,21464,3514,3505,1115,4620,21
2022-06-10,Contra Costa,013,1133247,213827,211229,15964,227193,1315
2022-06-10,Del Norte,015,27424,6335,6253,272,6525,52
2022-06-10,El Dorado,017,186661,28892,28641,3562,32203,215
2022-06-10,Fresno,019,978130,241750,240345,25362,265707,2766
2022-06-10,Glenn,021,27897,5134,5104,1652,6756,48
2022-06-10,Humboldt,023,135768,18867,18696,3683,22379,148
2022-06-10,Imperial,025,180216,57392,57129,11261,68390,941
2022-06-10,Inyo,027,18085,4211,4194,609,4803,56
2022-06-10,Kern,029,883053,198515,197353,48993,246346,2338
2022-06-10,Kings,031,150075,53168,52978,3666,56644,447
2022-06-10,Lake,033,64148,11303,11202,979,12181,139
2022-06-10,Lassen,035,31185,9210,9172,916,10088,64
2022-06-10,Los Angeles,037,10098052,2904040,2878981,139106,3018087,31947
2022-06-10,Madera,039,155013,38823,38567,6512,45079,372
2022-06-10,Marin,041,260295,39037,38593,4368,42961,294
2022-06-10,Mariposa,043,17540,2658,2625,247,2872,30
2022-06-10,Mendocino,045,87422,14072,13945,3599,17544,127
2022-06-10,Merced,047,269075,64707,64286,9392,73678,825
2022-06-10,Modoc,049,8938,770,767,266,1033,8
2022-06-10,Mono,051,14174,3066,3052,172,3224,6
2022-06-10,Monterey,053,433212,84068,83391,16407,99798,739
2022-06-10,Napa,055,140530,28581,28202,1219,29421,143
2022-06-10,Nevada,057,99092,17128,16989,1380,18369,127
2022-06-10,Orange,059,3164182,585659,581624,47423,629047,7057
2022-06-10,Placer,061,380077,67915,67306,8113,75419,628
2022-06-10,Plumas,063,18699,3198,3172,390,3562,13
2022-06-10,Riverside,065,2383286,619022,615556,29984,645540,6481
2022-06-10,Sacramento,067,1510023,305326,302721,30145,332866,3058
2022-06-10,San Benito,069,59416,13930,13832,639,14471,99
2022-06-10,San Bernardino,071,2135413,592501,587385,26071,613456,7708
2022-06-10,San Diego,073,3302833,809363,805360,58783,864143,5315
2022-06-10,San Francisco,075,870044,151286,149278,9998,159276,890
2022-06-10,San Joaquin,077,732212,176173,174822,11499,186321,2244
2022-06-10,San Luis Obispo,079,281455,56610,56160,5044,61204,485
2022-06-10,San Mateo,081,765935,143333,141719,9035,150754,715
2022-06-10,Santa Barbara,083,443738,92772,92177,5303,97480,694
2022-06-10,Santa Clara,085,1922200,364365,359925,15756,375681,2322
2022-06-10,Santa Cruz,087,273765,53817,53171,2583,55754,264
2022-06-10,Shasta,089,179085,31651,31483,6333,37816,566
2022-06-10,Sierra,091,2930,280,278,56,334,4
2022-06-10,Siskiyou,093,43540,4663,4633,2915,7548,81
2022-06-10,Solano,095,438530,90732,89424,6341,95765,453
2022-06-10,Sonoma,097,501317,94123,93218,3973,97191,492
2022-06-10,Stanislaus,099,539301,123050,122267,18504,140771,1665
2022-06-10,Sutter,101,95872,21413,21333,2260,23593,227
2022-06-10,Tehama,103,63373,12400,12343,2696,15039,205
2022-06-10,Trinity,105,12862,1217,1213,294,1507,20
2022-06-10,Tulare,107,460477,109857,109467,29937,139404,1495
2022-06-10,Tuolumne,109,53932,13481,13382,649,14031,189
2022-06-10,Ventura,111,848112,184993,183680,11061,194741,1508
2022-06-10,Yolo,113,214977,41945,40202,3585,43787,323
2022-06-10,Yuba,115,75493,16760,16653,1403,18056,123
2022-06-09,Alameda,001,1643700,294579,292112,16583,308695,1877
2022-06-09,Alpine,003,1148,129,129,1,130,0
2022-06-09,Amador,005,37829,9026,8869,715,9584,87
2022-06-09,Butte,007,227075,34863,34596,7370,41966,427
2022-06-09,Calaveras,009,45235,7644,7604,403,8007,122
2022-06-09,Colusa,011,21464,3513,3505,1113,4618,21
2022-06-09,Contra Costa,013,1133247,213316,211229,15919,227148,1315
2022-06-09,Del Norte,015,27424,6322,6253,270,6523,52
2022-06-09,El Dorado,017,186661,28835,28641,3553,32194,215
2022-06-09,Fresno,019,978130,241395,240345,25315,265660,2766
2022-06-09,Glenn,021,27897,5128,5104,1650,6754,48
2022-06-09,Humboldt,023,135768,18819,18696,3672,22368,148
2022-06-09,Imperial,025,180216,57336,57129,11243,68372,941
2022-06-09,Inyo,027,18085,4208,4194,604,4798,56
2022-06-09,Kern,029,883053,198318,197353,48893,246246,2338
2022-06-09,Kings,031,150075,53126,52978,3662,56640,447
2022-06-09,Lake,033,64148,11278,11202,978,12180,139
2022-06-09,Lassen,035,31185,9191,9172,914,10086,64
2022-06-09,Los Angeles,037,10098052,2899658,2878981,138726,3017707,31947
2022-06-09,Madera,039,155013,38769,38567,6497,45064,372
2022-06-09,Marin,041,260295,38935,38593,4343,42936,294
2022-06-09,Mariposa,043,17540,2654,2625,246,2871,30
2022-06-09,Mendocino,045,87422,14044,13945,3597,17542,127
2022-06-09,Merced,047,269075,64629,64286,9382,73668,825
2022-06-09,Modoc,049,8938,769,767,266,1033,8
2022-06-09,Mono,051,14174,3060,3052,170,3222,6
2022-06-09,Monterey,053,433212,83948,83391,16337,99728,739
2022-06-09,Napa,055,140530,28521,28202,1217,29419,143
2022-06-09,Nevada,057,99092,17095,16989,1379,18368,127
2022-06-09,Orange,059,3164182,584595,581624,47275,628899,7057
2022-06-09,Placer,061,380077,67795,67306,8100,75406,628
2022-06-09,Plumas,063,18699,3192,3172,390,3562,13
2022-06-09,Riverside,065,2383286,618329,615556,29943,645499,6481
2022-06-09,Sacramento,067,1510023,304745,302721,30061,332782,3058
2022-06-09,San Benito,069,59416,13912,13832,637,14469,99
2022-06-09,San Bernardino,071,2135413,591838,587385,26038,613423,7708
2022-06-09,San Diego,073,3302833,807955,805360,58660,864020,5315
2022-06-09,San Francisco,075,870044,150887,149278,9968,159246,890
2022-06-09,San Joaquin,077,732212,175884,174822,11480,186302,2244
2022-06-09,San Luis Obispo,079,281455,56523,56160,5016,61176,485
2022-06-09,San Mateo,081,765935,142952,141719,9008,150727,715
2022-06-09,Santa Barbara,083,443738,92641,92177,5298,97475,694
2022-06-09,Santa Clara,085,1922200,363398,359925,15689,375614,2322
2022-06-09,Santa Cruz,087,273765,53685,53171,2573,55744,264
2022-06-09,Shasta,089,179085,31620,31483,6323,37806,566
2022-06-09,Sierra,091,2930,280,278,56,334,4
2022-06-09,Siskiyou,093,43540,4656,4633,2901,7534,81
2022-06-09,Solano,095,438530,90488,89424,6326,95750,453
2022-06-09,Sonoma,097,501317,93967,93218,3955,97173,492
2022-06-09,Stanislaus,099,539301,122882,122267,18491,140758,1665
2022-06-09,Sutter,101,95872,21376,21333,2260,23593,227
2022-06-09,Tehama,103,63373,12382,12343,2695,15038,205
2022-06-09,Trinity,105,12862,1216,1213,294,1507,20
2022-06-09,Tulare,107,460477,109736,109467,29895,139362,1495
2022-06-09,Tuolumne,109,53932,13450,13382,646,14028,189
2022-06-09,Ventura,111,848112,184725,183680,11030,194710,1508
2022-06-09,Yolo,113,214977,41833,40202,3569,43771,323
2022-06-09,Yuba,115,75493,16737,16653,1400,18053,123
2022-06-08,Alameda,001,1643700,293818,289661,16542,306203,1873
2022-06-08,Alpine,003,1148,129,128,1,129,0
2022-06-08,Amador,005,37829,9018,8818,713,9531,87
2022-06-08,Butte,007,227075,34799,34380,7352,41732,427
2022-06-08,Calaveras,009,45235,7630,7564,403,7967,122
2022-06-08,Colusa,011,21464,3511,3495,1110,4605,21
2022-06-08,Contra Costa,013,1133247,212809,209384,15877,225261,1310
2022-06-08,Del Norte,015,27424,6300,6229,270,6499,52
2022-06-08,El Dorado,017,186661,28783,28478,3552,32030,215
2022-06-08,Fresno,019,978130,241059,239376,25250,264626,2766
2022-06-08,Glenn,021,27897,5124,5095,1649,6744,48
2022-06-08,Humboldt,023,135768,18789,18598,3646,22244,147
2022-06-08,Imperial,025,180216,57264,56912,11224,68136,941
2022-06-08,Inyo,027,18085,4206,4189,604,4793,56
2022-06-08,Kern,029,883053,198053,196763,48781,245544,2338
2022-06-08,Kings,031,150075,53056,52821,3657,56478,447
2022-06-08,Lake,033,64148,11257,11158,978,12136,137
2022-06-08,Lassen,035,31185,9178,9148,914,10062,64
2022-06-08,Los Angeles,037,10098052,2895064,2865901,138343,3004244,31920
2022-06-08,Madera,039,155013,38724,38408,6490,44898,372
2022-06-08,Marin,041,260295,38842,38338,4327,42665,294
2022-06-08,Mariposa,043,17540,2644,2614,246,2860,30
2022-06-08,Mendocino,045,87422,14024,13859,3590,17449,127
2022-06-08,Merced,047,269075,64564,64080,9367,73447,825
2022-06-08,Modoc,049,8938,765,761,266,1027,8
2022-06-08,Mono,051,14174,3056,3044,170,3214,6
2022-06-08,Monterey,053,433212,83837,83063,16291,99354,740
2022-06-08,Napa,055,140530,28432,27996,1214,29210,143
2022-06-08,Nevada,057,99092,17069,16907,1377,18284,127
2022-06-08,Orange,059,3164182,583496,578530,47087,625617,7044
2022-06-08,Placer,061,380077,67667,66951,8094,75045,627
2022-06-08,Plumas,063,18699,3189,3150,389,3539,13
2022-06-08,Riverside,065,2383286,617645,613469,29909,643378,6480
2022-06-08,Sacramento,067,1510023,304112,300875,29975,330850,3054
2022-06-08,San Benito,069,59416,13878,13734,636,14370,99
2022-06-08,San Bernardino,071,2135413,591147,585029,26001,611030,7685
2022-06-08,San Diego,073,3302833,806467,800840,58514,859354,5308
2022-06-08,San Francisco,075,870044,150464,147960,9942,157902,885
2022-06-08,San Joaquin,077,732212,175610,173887,11453,185340,2241
2022-06-08,San Luis Obispo,079,281455,56367,55822,4955,60777,484
2022-06-08,San Mateo,081,765935,142555,140569,8967,149536,710
2022-06-08,Santa Barbara,083,443738,92502,91747,5295,97042,693
2022-06-08,Santa Clara,085,1922200,362435,356452,15639,372091,2321
2022-06-08,Santa Cruz,087,273765,53545,52753,2562,55315,264
2022-06-08,Shasta,089,179085,31587,31394,6317,37711,565
2022-06-08,Sierra,091,2930,280,278,56,334,4
2022-06-08,Siskiyou,093,43540,4651,4609,2898,7507,81
2022-06-08,Solano,095,438530,90221,88522,6310,94832,453
2022-06-08,Sonoma,097,501317,93783,92644,3923,96567,491
2022-06-08,Stanislaus,099,539301,122698,121787,18467,140254,1662
2022-06-08,Sutter,101,95872,21353,21256,2256,23512,227
2022-06-08,Tehama,103,63373,12375,12306,2694,15000,205
2022-06-08,Trinity,105,12862,1215,1211,293,1504,20
2022-06-08,Tulare,107,460477,109649,109091,29844,138935,1494
2022-06-08,Tuolumne,109,53932,13434,13335,644,13979,189
2022-06-08,Ventura,111,848112,184450,182847,11009,193856,1506
2022-06-08,Yolo,113,214977,41728,39962,3558,43520,321
2022-06-08,Yuba,115,75493,16712,16558,1391,17949,122
2022-06-07,Alameda,001,1643700,293012,289661,16484,306145,1873
2022-06-07,Alpine,003,1148,129,128,1,129,0
2022-06-07,Amador,005,37829,9008,8818,711,9529,87
2022-06-07,Butte,007,227075,34719,34380,7325,41705,427
2022-06-07,Calaveras,009,45235,7622,7564,402,7966,122
2022-06-07,Colusa,011,21464,3511,3495,1106,4601,21
2022-06-07,Contra Costa,013,1133247,212252,209384,15818,225202,1310
2022-06-07,Del Norte,015,27424,6292,6229,266,6495,52
2022-06-07,El Dorado,017,186661,28719,28478,3542,32020,215
2022-06-07,Fresno,019,978130,240676,239376,25182,264558,2766
2022-06-07,Glenn,021,27897,5117,5095,1649,6744,48
2022-06-07,Humboldt,023,135768,18750,18598,3631,22229,147
2022-06-07,Imperial,025,180216,57207,56912,11190,68102,941
2022-06-07,Inyo,027,18085,4205,4189,596,4785,56
2022-06-07,Kern,029,883053,197801,196763,48671,245434,2338
2022-06-07,Kings,031,150075,52998,52821,3651,56472,447
2022-06-07,Lake,033,64148,11232,11158,973,12131,137
2022-06-07,Lassen,035,31185,9169,9148,913,10061,64
2022-06-07,Los Angeles,037,10098052,2889755,2865901,137902,3003803,31920
2022-06-07,Madera,039,155013,38652,38408,6473,44881,372
2022-06-07,Marin,041,260295,38758,38338,4300,42638,294
2022-06-07,Mariposa,043,17540,2637,2614,244,2858,30
2022-06-07,Mendocino,045,87422,13992,13859,3559,17418,127
2022-06-07,Merced,047,269075,64473,64080,9351,73431,825
2022-06-07,Modoc,049,8938,765,761,264,1025,8
2022-06-07,Mono,051,14174,3054,3044,168,3212,6
2022-06-07,Monterey,053,433212,83709,83063,16237,99300,740
2022-06-07,Napa,055,140530,28357,27996,1206,29202,143
2022-06-07,Nevada,057,99092,17042,16907,1371,18278,127
2022-06-07,Orange,059,3164182,582384,578530,46920,625450,7044
2022-06-07,Placer,061,380077,67518,66951,8076,75027,627
2022-06-07,Plumas,063,18699,3184,3150,388,3538,13
2022-06-07,Riverside,065,2383286,616768,613469,29852,643321,6480
2022-06-07,Sacramento,067,1510023,303395,300875,29868,330743,3054
2022-06-07,San Benito,069,59416,13836,13734,632,14366,99
2022-06-07,San Bernardino,071,2135413,590377,585029,25971,611000,7685
2022-06-07,San Diego,073,3302833,804887,800840,58308,859148,5308
2022-06-07,San Francisco,075,870044,149939,147960,9921,157881,885
2022-06-07,San Joaquin,077,732212,175280,173887,11409,185296,2241
2022-06-07,San Luis Obispo,079,281455,56264,55822,4908,60730,484
2022-06-07,San Mateo,081,765935,142138,140569,8910,149479,710
2022-06-07,Santa Barbara,083,443738,92356,91747,5283,97030,693
2022-06-07,Santa Clara,085,1922200,361302,356452,15557,372009,2321
2022-06-07,Santa Cruz,087,273765,53444,52753,2555,55308,264
2022-06-07,Shasta,089,179085,31550,31394,6310,37704,565
2022-06-07,Sierra,091,2930,279,278,56,334,4
2022-06-07,Siskiyou,093,43540,4644,4609,2894,7503,81
2022-06-07,Solano,095,438530,89898,88522,6293,94815,453
2022-06-07,Sonoma,097,501317,93557,92644,3891,96535,491
2022-06-07,Stanislaus,099,539301,122525,121787,18447,140234,1662
2022-06-07,Sutter,101,95872,21324,21256,2254,23510,227
2022-06-07,Tehama,103,63373,12360,12306,2690,14996,205
2022-06-07,Trinity,105,12862,1214,1211,293,1504,20
2022-06-07,Tulare,107,460477,109523,109091,29789,138880,1494
2022-06-07,Tuolumne,109,53932,13421,13335,642,13977,189
2022-06-07,Ventura,111,848112,184094,182847,10963,193810,1506
2022-06-07,Yolo,113,214977,41611,39962,3547,43509,321
2022-06-07,Yuba,115,75493,16683,16558,1390,17948,122
2022-06-06,Alameda,001,1643700,292127,289661,16423,306084,1873
2022-06-06,Alpine,003,1148,129,128,1,129,0
2022-06-06,Amador,005,37829,8957,8818,709,9527,87
2022-06-06,Butte,007,227075,34656,34380,7311,41691,427
2022-06-06,Calaveras,009,45235,7611,7564,402,7966,122
2022-06-06,Colusa,011,21464,3510,3495,1102,4597,21
2022-06-06,Contra Costa,013,1133247,211601,209384,15731,225115,1310
2022-06-06,Del Norte,015,27424,6284,6229,265,6494,52
2022-06-06,El Dorado,017,186661,28670,28478,3529,32007,215
2022-06-06,Fresno,019,978130,240256,239376,25122,264498,2766
2022-06-06,Glenn,021,27897,5110,5095,1646,6741,48
2022-06-06,Humboldt,023,135768,18712,18598,3618,22216,147
2022-06-06,Imperial,025,180216,57134,56912,11152,68064,941
2022-06-06,Inyo,027,18085,4201,4189,593,4782,56
2022-06-06,Kern,029,883053,197520,196763,48537,245300,2338
2022-06-06,Kings,031,150075,52939,52821,3648,56469,447
2022-06-06,Lake,033,64148,11212,11158,966,12124,137
2022-06-06,Lassen,035,31185,9159,9148,912,10060,64
2022-06-06,Los Angeles,037,10098052,2884140,2865901,137485,3003386,31920
2022-06-06,Madera,039,155013,38584,38408,6446,44854,372
2022-06-06,Marin,041,260295,38633,38338,4262,42600,294
2022-06-06,Mariposa,043,17540,2627,2614,241,2855,30
2022-06-06,Mendocino,045,87422,13963,13859,3547,17406,127
2022-06-06,Merced,047,269075,64351,64080,9326,73406,825
2022-06-06,Modoc,049,8938,763,761,262,1023,8
2022-06-06,Mono,051,14174,3051,3044,167,3211,6
2022-06-06,Monterey,053,433212,83566,83063,16170,99233,740
2022-06-06,Napa,055,140530,28279,27996,1197,29193,143
2022-06-06,Nevada,057,99092,17014,16907,1367,18274,127
2022-06-06,Orange,059,3164182,581261,578530,46754,625284,7044
2022-06-06,Placer,061,380077,67404,66951,8053,75004,627
2022-06-06,Plumas,063,18699,3177,3150,387,3537,13
2022-06-06,Riverside,065,2383286,615975,613469,29800,643269,6480
2022-06-06,Sacramento,067,1510023,302620,300875,29759,330634,3054
2022-06-06,San Benito,069,59416,13788,13734,628,14362,99
2022-06-06,San Bernardino,071,2135413,589612,585029,25927,610956,7685
2022-06-06,San Diego,073,3302833,803099,800840,58073,858913,5308
2022-06-06,San Francisco,075,870044,149411,147960,9899,157859,885
2022-06-06,San Joaquin,077,732212,174898,173887,11376,185263,2241
2022-06-06,San Luis Obispo,079,281455,56155,55822,4873,60695,484
2022-06-06,San Mateo,081,765935,141663,140569,8871,149440,710
2022-06-06,Santa Barbara,083,443738,92179,91747,5265,97012,693
2022-06-06,Santa Clara,085,1922200,360040,356452,15474,371926,2321
2022-06-06,Santa Cruz,087,273765,53290,52753,2544,55297,264
2022-06-06,Shasta,089,179085,31516,31394,6297,37691,565
2022-06-06,Sierra,091,2930,279,278,56,334,4
2022-06-06,Siskiyou,093,43540,4634,4609,2884,7493,81
2022-06-06,Solano,095,438530,89609,88522,6274,94796,453
2022-06-06,Sonoma,097,501317,93320,92644,3862,96506,491
2022-06-06,Stanislaus,099,539301,122338,121787,18428,140215,1662
2022-06-06,Sutter,101,95872,21294,21256,2248,23504,227
2022-06-06,Tehama,103,63373,12348,12306,2688,14994,205
2022-06-06,Trinity,105,12862,1212,1211,293,1504,20
2022-06-06,Tulare,107,460477,109387,109091,29731,138822,1494
2022-06-06,Tuolumne,109,53932,13402,13335,641,13976,189
2022-06-06,Ventura,111,848112,183787,182847,10917,193764,1506
2022-06-06,Yolo,113,214977,41453,39962,3534,43496,321
2022-06-06,Yuba,115,75493,16640,16558,1383,17941,122
2022-06-05,Alameda,001,1643700,291076,285785,16360,302145,1873
2022-06-05,Alpine,003,1148,128,128,1,129,0
2022-06-05,Amador,005,37829,8920,8775,706,9481,87
2022-06-05,Butte,007,227075,34575,34129,7295,41424,427
2022-06-05,Calaveras,009,45235,7595,7525,396,7921,121
2022-06-05,Colusa,011,21464,3502,3484,1102,4586,21
2022-06-05,Contra Costa,013,1133247,210893,206711,15612,222323,1310
2022-06-05,Del Norte,015,27424,6274,6206,260,6466,52
2022-06-05,El Dorado,017,186661,28594,28241,3522,31763,214
2022-06-05,Fresno,019,978130,239794,237945,25034,262979,2766
2022-06-05,Glenn,021,27897,5104,5063,1646,6709,48
2022-06-05,Humboldt,023,135768,18662,18433,3595,22028,147
2022-06-05,Imperial,025,180216,57039,56690,11103,67793,941
2022-06-05,Inyo,027,18085,4197,4176,588,4764,56
2022-06-05,Kern,029,883053,197212,195863,48422,244285,2338
2022-06-05,Kings,031,150075,52865,52597,3640,56237,447
2022-06-05,Lake,033,64148,11193,11064,962,12026,137
2022-06-05,Lassen,035,31185,9151,9106,907,10013,64
2022-06-05,Los Angeles,037,10098052,2878097,2846989,136960,2983949,31899
2022-06-05,Madera,039,155013,38522,38188,6431,44619,372
2022-06-05,Marin,041,260295,38520,37879,4229,42108,294
2022-06-05,Mariposa,043,17540,2625,2557,240,2797,30
2022-06-05,Mendocino,045,87422,13927,13738,3500,17238,125
2022-06-05,Merced,047,269075,64259,63756,9291,73047,825
2022-06-05,Modoc,049,8938,762,759,262,1021,8
2022-06-05,Mono,051,14174,3048,3037,165,3202,6
2022-06-05,Monterey,053,433212,83405,82451,16081,98532,738
2022-06-05,Napa,055,140530,28150,27686,1188,28874,143
2022-06-05,Nevada,057,99092,16971,16728,1350,18078,127
2022-06-05,Orange,059,3164182,580000,574146,46568,620714,7038
2022-06-05,Placer,061,380077,67264,66428,8039,74467,627
2022-06-05,Plumas,063,18699,3169,3138,387,3525,13
2022-06-05,Riverside,065,2383286,615040,610369,29737,640106,6481
2022-06-05,Sacramento,067,1510023,301711,297787,29612,327399,3052
2022-06-05,San Benito,069,59416,13743,13572,622,14194,99
2022-06-05,San Bernardino,071,2135413,588635,582305,25882,608187,7664
2022-06-05,San Diego,073,3302833,801197,794822,57883,852705,5303
2022-06-05,San Francisco,075,870044,148817,145876,9841,155717,881
2022-06-05,San Joaquin,077,732212,174466,172621,11326,183947,2242
2022-06-05,San Luis Obispo,079,281455,55994,55333,4800,60133,484
2022-06-05,San Mateo,081,765935,141156,138536,8826,147362,710
2022-06-05,Santa Barbara,083,443738,91987,90911,5246,96157,693
2022-06-05,Santa Clara,085,1922200,358633,351492,15379,366871,2317
2022-06-05,Santa Cruz,087,273765,53098,52333,2531,54864,263
2022-06-05,Shasta,089,179085,31475,31272,6286,37558,565
2022-06-05,Sierra,091,2930,279,278,56,334,4
2022-06-05,Siskiyou,093,43540,4629,4591,2872,7463,81
2022-06-05,Solano,095,438530,89270,87571,6258,93829,452
2022-06-05,Sonoma,097,501317,93040,91518,3831,95349,491
2022-06-05,Stanislaus,099,539301,122139,121001,18399,139400,1661
2022-06-05,Sutter,101,95872,21262,21125,2241,23366,227
2022-06-05,Tehama,103,63373,12329,12262,2685,14947,204
2022-06-05,Trinity,105,12862,1212,1204,293,1497,20
2022-06-05,Tulare,107,460477,109191,108598,29651,138249,1490
2022-06-05,Tuolumne,109,53932,13373,13251,628,13879,189
2022-06-05,Ventura,111,848112,183433,181709,10864,192573,1505
2022-06-05,Yolo,113,214977,41321,39561,3522,43083,321
2022-06-05,Yuba,115,75493,16600,16467,1374,17841,122
2022-06-04,Alameda,001,1643700,290577,285785,16338,302123,1873
2022-06-04,Alpine,003,1148,128,128,1,129,0
2022-06-04,Amador,005,37829,8911,8775,704,9479,87
2022-06-04,Butte,007,227075,34534,34129,7289,41418,427
2022-06-04,Calaveras,009,45235,7581,7525,396,7921,121
2022-06-04,Colusa,011,21464,3499,3484,1097,4581,21
2022-06-04,Contra Costa,013,1133247,210506,206711,15569,222280,1310
2022-06-04,Del Norte,015,27424,6272,6206,260,6466,52
2022-06-04,El Dorado,017,186661,28555,28241,3518,31759,214
2022-06-04,Fresno,019,978130,239622,237945,25017,262962,2766
2022-06-04,Glenn,021,27897,5100,5063,1645,6708,48
2022-06-04,Humboldt,023,135768,18641,18433,3589,22022,147
2022-06-04,Imperial,025,180216,56988,56690,11092,67782,941
2022-06-04,Inyo,027,18085,4197,4176,587,4763,56
2022-06-04,Kern,029,883053,197093,195863,48352,244215,2338
2022-06-04,Kings,031,150075,52822,52597,3640,56237,447
2022-06-04,Lake,033,64148,11178,11064,956,12020,137
2022-06-04,Lassen,035,31185,9146,9106,906,10012,64
2022-06-04,Los Angeles,037,10098052,2875663,2846989,136688,2983677,31899
2022-06-04,Madera,039,155013,38487,38188,6427,44615,372
2022-06-04,Marin,041,260295,38443,37879,4188,42067,294
2022-06-04,Mariposa,043,17540,2622,2557,240,2797,30
2022-06-04,Mendocino,045,87422,13914,13738,3499,17237,125
2022-06-04,Merced,047,269075,64211,63756,9281,73037,825
2022-06-04,Modoc,049,8938,761,759,261,1020,8
2022-06-04,Mono,051,14174,3048,3037,165,3202,6
2022-06-04,Monterey,053,433212,83320,82451,16045,98496,738
2022-06-04,Napa,055,140530,28108,27686,1186,28872,143
2022-06-04,Nevada,057,99092,16958,16728,1349,18077,127
2022-06-04,Orange,059,3164182,579360,574146,46443,620589,7038
2022-06-04,Placer,061,380077,67182,66428,8031,74459,627
2022-06-04,Plumas,063,18699,3165,3138,386,3524,13
2022-06-04,Riverside,065,2383286,614507,610369,29711,640080,6481
2022-06-04,Sacramento,067,1510023,301355,297787,29585,327372,3052
2022-06-04,San Benito,069,59416,13717,13572,619,14191,99
2022-06-04,San Bernardino,071,2135413,588191,582305,25853,608158,7664
2022-06-04,San Diego,073,3302833,800472,794822,57839,852661,5303
2022-06-04,San Francisco,075,870044,148481,145876,9819,155695,881
2022-06-04,San Joaquin,077,732212,174321,172621,11292,183913,2242
2022-06-04,San Luis Obispo,079,281455,55956,55333,4793,60126,484
2022-06-04,San Mateo,081,765935,140855,138536,8798,147334,710
2022-06-04,Santa Barbara,083,443738,91889,90911,5225,96136,693
2022-06-04,Santa Clara,085,1922200,357754,351492,15339,366831,2317
2022-06-04,Santa Cruz,087,273765,53014,52333,2518,54851,263
2022-06-04,Shasta,089,179085,31451,31272,6283,37555,565
2022-06-04,Sierra,091,2930,279,278,56,334,4
2022-06-04,Siskiyou,093,43540,4625,4591,2866,7457,81
2022-06-04,Solano,095,438530,89187,87571,6244,93815,452
2022-06-04,Sonoma,097,501317,92890,91518,3816,95334,491
2022-06-04,Stanislaus,099,539301,122000,121001,18385,139386,1661
2022-06-04,Sutter,101,95872,21236,21125,2237,23362,227
2022-06-04,Tehama,103,63373,12315,12262,2685,14947,204
2022-06-04,Trinity,105,12862,1212,1204,293,1497,20
2022-06-04,Tulare,107,460477,109124,108598,29607,138205,1490
2022-06-04,Tuolumne,109,53932,13363,13251,625,13876,189
2022-06-04,Ventura,111,848112,183249,181709,10848,192557,1505
2022-06-04,Yolo,113,214977,41243,39561,3517,43078,321
2022-06-04,Yuba,115,75493,16584,16467,1370,17837,122
2022-06-03,Alameda,001,1643700,290049,285785,16303,302088,1873
2022-06-03,Alpine,003,1148,128,128,1,129,0
2022-06-03,Amador,005,37829,8905,8775,702,9477,87
2022-06-03,Butte,007,227075,34483,34129,7279,41408,427
2022-06-03,Calaveras,009,45235,7576,7525,396,7921,121
2022-06-03,Colusa,011,21464,3499,3484,1095,4579,21
2022-06-03,Contra Costa,013,1133247,210194,206711,15540,222251,1310
2022-06-03,Del Norte,015,27424,6268,6206,257,6463,52
2022-06-03,El Dorado,017,186661,28526,28241,3515,31756,214
2022-06-03,Fresno,019,978130,239393,237945,24989,262934,2766
2022-06-03,Glenn,021,27897,5094,5063,1642,6705,48
2022-06-03,Humboldt,023,135768,18621,18433,3583,22016,147
2022-06-03,Imperial,025,180216,56942,56690,11081,67771,941
2022-06-03,Inyo,027,18085,4196,4176,587,4763,56
2022-06-03,Kern,029,883053,196953,195863,48285,244148,2338
2022-06-03,Kings,031,150075,52798,52597,3640,56237,447
2022-06-03,Lake,033,64148,11167,11064,953,12017,137
2022-06-03,Lassen,035,31185,9141,9106,906,10012,64
2022-06-03,Los Angeles,037,10098052,2872785,2846989,136403,2983392,31899
2022-06-03,Madera,039,155013,38443,38188,6420,44608,372
2022-06-03,Marin,041,260295,38374,37879,4152,42031,294
2022-06-03,Mariposa,043,17540,2618,2557,240,2797,30
2022-06-03,Mendocino,045,87422,13892,13738,3498,17236,125
2022-06-03,Merced,047,269075,64158,63756,9278,73034,825
2022-06-03,Modoc,049,8938,761,759,261,1020,8
2022-06-03,Mono,051,14174,3045,3037,165,3202,6
2022-06-03,Monterey,053,433212,83221,82451,15995,98446,738
2022-06-03,Napa,055,140530,28058,27686,1178,28864,143
2022-06-03,Nevada,057,99092,16937,16728,1348,18076,127
2022-06-03,Orange,059,3164182,578670,574146,46330,620476,7038
2022-06-03,Placer,061,380077,67101,66428,8017,74445,627
2022-06-03,Plumas,063,18699,3163,3138,385,3523,13
2022-06-03,Riverside,065,2383286,613981,610369,29679,640048,6481
2022-06-03,Sacramento,067,1510023,300892,297787,29551,327338,3052
2022-06-03,San Benito,069,59416,13704,13572,615,14187,99
2022-06-03,San Bernardino,071,2135413,587742,582305,25823,608128,7664
2022-06-03,San Diego,073,3302833,799520,794822,57721,852543,5303
2022-06-03,San Francisco,075,870044,148107,145876,9786,155662,881
2022-06-03,San Joaquin,077,732212,174158,172621,11274,183895,2242
2022-06-03,San Luis Obispo,079,281455,55911,55333,4786,60119,484
2022-06-03,San Mateo,081,765935,140573,138536,8785,147321,710
2022-06-03,Santa Barbara,083,443738,91770,90911,5223,96134,693
2022-06-03,Santa Clara,085,1922200,356853,351492,15292,366784,2317
2022-06-03,Santa Cruz,087,273765,52882,52333,2504,54837,263
2022-06-03,Shasta,089,179085,31439,31272,6282,37554,565
2022-06-03,Sierra,091,2930,279,278,56,334,4
2022-06-03,Siskiyou,093,43540,4620,4591,2865,7456,81
2022-06-03,Solano,095,438530,89072,87571,6235,93806,452
2022-06-03,Sonoma,097,501317,92746,91518,3805,95323,491
2022-06-03,Stanislaus,099,539301,121891,121001,18368,139369,1661
2022-06-03,Sutter,101,95872,21213,21125,2236,23361,227
2022-06-03,Tehama,103,63373,12309,12262,2684,14946,204
2022-06-03,Trinity,105,12862,1210,1204,293,1497,20
2022-06-03,Tulare,107,460477,109057,108598,29569,138167,1490
2022-06-03,Tuolumne,109,53932,13352,13251,622,13873,189
2022-06-03,Ventura,111,848112,183063,181709,10822,192531,1505
2022-06-03,Yolo,113,214977,41180,39561,3503,43064,321
2022-06-03,Yuba,115,75493,16559,16467,1368,17835,122
2022-06-02,Alameda,001,1643700,289149,285785,16227,302012,1873
2022-06-02,Alpine,003,1148,128,128,1,129,0
2022-06-02,Amador,005,37829,8882,8775,700,9475,87
2022-06-02,Butte,007,227075,34408,34129,7261,41390,427
2022-06-02,Calaveras,009,45235,7563,7525,395,7920,121
2022-06-02,Colusa,011,21464,3497,3484,1095,4579,21
2022-06-02,Contra Costa,013,1133247,209608,206711,15451,222162,1310
2022-06-02,Del Norte,015,27424,6258,6206,256,6462,52
2022-06-02,El Dorado,017,186661,28459,28241,3503,31744,214
2022-06-02,Fresno,019,978130,239053,237945,24934,262879,2766
2022-06-02,Glenn,021,27897,5088,5063,1637,6700,48
2022-06-02,Humboldt,023,135768,18580,18433,3561,21994,147
2022-06-02,Imperial,025,180216,56885,56690,11068,67758,941
2022-06-02,Inyo,027,18085,4196,4176,584,4760,56
2022-06-02,Kern,029,883053,196669,195863,48176,244039,2338
2022-06-02,Kings,031,150075,52745,52597,3634,56231,447
2022-06-02,Lake,033,64148,11145,11064,951,12015,137
2022-06-02,Lassen,035,31185,9130,9106,906,10012,64
2022-06-02,Los Angeles,037,10098052,2867886,2846989,135981,2982970,31899
2022-06-02,Madera,039,155013,38390,38188,6406,44594,372
2022-06-02,Marin,041,260295,38275,37879,4124,42003,294
2022-06-02,Mariposa,043,17540,2613,2557,238,2795,30
2022-06-02,Mendocino,045,87422,13863,13738,3490,17228,125
2022-06-02,Merced,047,269075,64081,63756,9269,73025,825
2022-06-02,Modoc,049,8938,760,759,261,1020,8
2022-06-02,Mono,051,14174,3045,3037,164,3201,6
2022-06-02,Monterey,053,433212,83072,82451,15927,98378,738
2022-06-02,Napa,055,140530,27982,27686,1175,28861,143
2022-06-02,Nevada,057,99092,16899,16728,1345,18073,127
2022-06-02,Orange,059,3164182,577636,574146,46183,620329,7038
2022-06-02,Placer,061,380077,66980,66428,8002,74430,627
2022-06-02,Plumas,063,18699,3154,3138,385,3523,13
2022-06-02,Riverside,065,2383286,613295,610369,29619,639988,6481
2022-06-02,Sacramento,067,1510023,300261,297787,29443,327230,3052
2022-06-02,San Benito,069,59416,13672,13572,612,14184,99
2022-06-02,San Bernardino,071,2135413,587072,582305,25777,608082,7664
2022-06-02,San Diego,073,3302833,798149,794822,57556,852378,5303
2022-06-02,San Francisco,075,870044,147680,145876,9733,155609,881
2022-06-02,San Joaquin,077,732212,173847,172621,11244,183865,2242
2022-06-02,San Luis Obispo,079,281455,55780,55333,4751,60084,484
2022-06-02,San Mateo,081,765935,140197,138536,8730,147266,710
2022-06-02,Santa Barbara,083,443738,91596,90911,5208,96119,693
2022-06-02,Santa Clara,085,1922200,355754,351492,15172,366664,2317
2022-06-02,Santa Cruz,087,273765,52766,52333,2493,54826,263
2022-06-02,Shasta,089,179085,31409,31272,6275,37547,565
2022-06-02,Sierra,091,2930,279,278,56,334,4
2022-06-02,Siskiyou,093,43540,4613,4591,2856,7447,81
2022-06-02,Solano,095,438530,88800,87571,6225,93796,452
2022-06-02,Sonoma,097,501317,92521,91518,3778,95296,491
2022-06-02,Stanislaus,099,539301,121731,121001,18344,139345,1661
2022-06-02,Sutter,101,95872,21185,21125,2230,23355,227
2022-06-02,Tehama,103,63373,12298,12262,2677,14939,204
2022-06-02,Trinity,105,12862,1208,1204,293,1497,20
2022-06-02,Tulare,107,460477,108933,108598,29500,138098,1490
2022-06-02,Tuolumne,109,53932,13333,13251,620,13871,189
2022-06-02,Ventura,111,848112,182789,181709,10789,192498,1505
2022-06-02,Yolo,113,214977,41071,39561,3493,43054,321
2022-06-02,Yuba,115,75493,16538,16467,1361,17828,122
2022-06-01,Alameda,001,1643700,288140,284051,16156,300207,1868
2022-06-01,Alpine,003,1148,128,128,1,129,0
2022-06-01,Amador,005,37829,8876,8741,698,9439,87
2022-06-01,Butte,007,227075,34340,34059,7247,41306,427
2022-06-01,Calaveras,009,45235,7558,7502,392,7894,120
2022-06-01,Colusa,011,21464,3494,3476,1095,4571,21
2022-06-01,Contra Costa,013,1133247,208966,205699,15369,221068,1310
2022-06-01,Del Norte,015,27424,6248,6188,254,6442,51
2022-06-01,El Dorado,017,186661,28397,28133,3485,31618,214
2022-06-01,Fresno,019,978130,238696,237367,24879,262246,2765
2022-06-01,Glenn,021,27897,5083,5059,1637,6696,48
2022-06-01,Humboldt,023,135768,18537,18371,3537,21908,147
2022-06-01,Imperial,025,180216,56819,56445,11040,67485,938
2022-06-01,Inyo,027,18085,4192,4171,578,4749,56
2022-06-01,Kern,029,883053,196445,195438,48096,243534,2336
2022-06-01,Kings,031,150075,52689,52491,3628,56119,447
2022-06-01,Lake,033,64148,11124,11024,946,11970,137
2022-06-01,Lassen,035,31185,9117,9083,904,9987,64
2022-06-01,Los Angeles,037,10098052,2862497,2836856,135551,2972407,31882
2022-06-01,Madera,039,155013,38352,38115,6394,44509,372
2022-06-01,Marin,041,260295,38160,37654,4083,41737,293
2022-06-01,Mariposa,043,17540,2598,2549,236,2785,30
2022-06-01,Mendocino,045,87422,13836,13692,3475,17167,125
2022-06-01,Merced,047,269075,64001,63637,9250,72887,824
2022-06-01,Modoc,049,8938,758,755,259,1014,8
2022-06-01,Mono,051,14174,3043,3035,163,3198,6
2022-06-01,Monterey,053,433212,82917,82215,15863,98078,737
2022-06-01,Napa,055,140530,27905,27580,1167,28747,143
2022-06-01,Nevada,057,99092,16860,16693,1335,18028,127
2022-06-01,Orange,059,3164182,576387,571973,46024,617997,7032
2022-06-01,Placer,061,380077,66839,66199,7987,74186,627
2022-06-01,Plumas,063,18699,3147,3117,384,3501,13
2022-06-01,Riverside,065,2383286,612561,608913,29571,638484,6480
2022-06-01,Sacramento,067,1510023,299514,296457,29337,325794,3045
2022-06-01,San Benito,069,59416,13634,13510,601,14111,98
2022-06-01,San Bernardino,071,2135413,586370,580767,25736,606503,7641
2022-06-01,San Diego,073,3302833,796456,791557,57358,848915,5292
2022-06-01,San Francisco,075,870044,147156,144476,9692,154168,879
2022-06-01,San Joaquin,077,732212,173548,172170,11207,183377,2241
2022-06-01,San Luis Obispo,079,281455,55614,55099,4719,59818,482
2022-06-01,San Mateo,081,765935,139716,137566,8654,146220,710
2022-06-01,Santa Barbara,083,443738,91413,90531,5193,95724,693
2022-06-01,Santa Clara,085,1922200,354586,348742,15090,363832,2317
2022-06-01,Santa Cruz,087,273765,52655,52141,2482,54623,263
2022-06-01,Shasta,089,179085,31378,31247,6272,37519,564
2022-06-01,Sierra,091,2930,279,280,56,336,4
2022-06-01,Siskiyou,093,43540,4608,4574,2850,7424,81
2022-06-01,Solano,095,438530,88567,87206,6197,93403,452
2022-06-01,Sonoma,097,501317,92272,91174,3754,94928,491
2022-06-01,Stanislaus,099,539301,121540,120778,18325,139103,1656
2022-06-01,Sutter,101,95872,21154,21065,2226,23291,227
2022-06-01,Tehama,103,63373,12291,12245,2673,14918,204
2022-06-01,Trinity,105,12862,1207,1200,292,1492,20
2022-06-01,Tulare,107,460477,108818,108401,29442,137843,1490
2022-06-01,Tuolumne,109,53932,13319,13221,619,13840,189
2022-06-01,Ventura,111,848112,182503,181163,10756,191919,1503
2022-06-01,Yolo,113,214977,40987,39371,3480,42851,320
2022-06-01,Yuba,115,75493,16514,16406,1353,17759,122
2022-05-31,Alameda,001,1643700,287041,284051,16097,300148,1868
2022-05-31,Alpine,003,1148,128,128,1,129,0
2022-05-31,Amador,005,37829,8858,8741,692,9433,87
2022-05-31,Butte,007,227075,34274,34059,7228,41287,427
2022-05-31,Calaveras,009,45235,7547,7502,392,7894,120
2022-05-31,Colusa,011,21464,3489,3476,1094,4570,21
2022-05-31,Contra Costa,013,1133247,208217,205699,15271,220970,1310
2022-05-31,Del Norte,015,27424,6238,6188,252,6440,51
2022-05-31,El Dorado,017,186661,28335,28133,3465,31598,214
2022-05-31,Fresno,019,978130,238291,237367,24815,262182,2765
2022-05-31,Glenn,021,27897,5075,5059,1635,6694,48
2022-05-31,Humboldt,023,135768,18506,18371,3515,21886,147
2022-05-31,Imperial,025,180216,56755,56445,11016,67461,938
2022-05-31,Inyo,027,18085,4186,4171,576,4747,56
2022-05-31,Kern,029,883053,196201,195438,48003,243441,2336
2022-05-31,Kings,031,150075,52638,52491,3621,56112,447
2022-05-31,Lake,033,64148,11105,11024,942,11966,137
2022-05-31,Lassen,035,31185,9105,9083,903,9986,64
2022-05-31,Los Angeles,037,10098052,2856444,2836856,135093,2971949,31882
2022-05-31,Madera,039,155013,38287,38115,6374,44489,372
2022-05-31,Marin,041,260295,38023,37654,4047,41701,293
2022-05-31,Mariposa,043,17540,2592,2549,231,2780,30
2022-05-31,Mendocino,045,87422,13801,13692,3458,17150,125
2022-05-31,Merced,047,269075,63914,63637,9225,72862,824
2022-05-31,Modoc,049,8938,756,755,259,1014,8
2022-05-31,Mono,051,14174,3039,3035,162,3197,6
2022-05-31,Monterey,053,433212,82759,82215,15793,98008,737
2022-05-31,Napa,055,140530,27813,27580,1163,28743,143
2022-05-31,Nevada,057,99092,16814,16693,1332,18025,127
2022-05-31,Orange,059,3164182,575157,571973,45839,617812,7032
2022-05-31,Placer,061,380077,66679,66199,7971,74170,627
2022-05-31,Plumas,063,18699,3143,3117,383,3500,13
2022-05-31,Riverside,065,2383286,611646,608913,29507,638420,6480
2022-05-31,Sacramento,067,1510023,298651,296457,29193,325650,3045
2022-05-31,San Benito,069,59416,13578,13510,595,14105,98
2022-05-31,San Bernardino,071,2135413,585490,580767,25700,606467,7641
2022-05-31,San Diego,073,3302833,794573,791557,57154,848711,5292
2022-05-31,San Francisco,075,870044,146507,144476,9651,154127,879
2022-05-31,San Joaquin,077,732212,173169,172170,11161,183331,2241
2022-05-31,San Luis Obispo,079,281455,55464,55099,4652,59751,482
2022-05-31,San Mateo,081,765935,139161,137566,8612,146178,710
2022-05-31,Santa Barbara,083,443738,91189,90531,5170,95701,693
2022-05-31,Santa Clara,085,1922200,353074,348742,15010,363752,2317
2022-05-31,Santa Cruz,087,273765,52535,52141,2462,54603,263
2022-05-31,Shasta,089,179085,31341,31247,6260,37507,564
2022-05-31,Sierra,091,2930,278,280,55,335,4
2022-05-31,Siskiyou,093,43540,4603,4574,2843,7417,81
2022-05-31,Solano,095,438530,88238,87206,6175,93381,452
2022-05-31,Sonoma,097,501317,91984,91174,3714,94888,491
2022-05-31,Stanislaus,099,539301,121333,120778,18302,139080,1656
2022-05-31,Sutter,101,95872,21125,21065,2220,23285,227
2022-05-31,Tehama,103,63373,12282,12245,2668,14913,204
2022-05-31,Trinity,105,12862,1206,1200,292,1492,20
2022-05-31,Tulare,107,460477,108680,108401,29379,137780,1490
2022-05-31,Tuolumne,109,53932,13303,13221,616,13837,189
2022-05-31,Ventura,111,848112,182180,181163,10705,191868,1503
2022-05-31,Yolo,113,214977,40814,39371,3467,42838,320
2022-05-31,Yuba,115,75493,16482,16406,1347,17753,122
2022-05-30,Alameda,001,1643700,285664,284051,16005,300056,1868
2022-05-30,Alpine,003,1148,128,128,1,129,0
2022-05-30,Amador,005,37829,8843,8741,691,9432,87
2022-05-30,Butte,007,227075,34199,34059,7205,41264,427
2022-05-30,Calaveras,009,45235,7538,7502,392,7894,120
2022-05-30,Colusa,011,21464,3487,3476,1093,4569,21
2022-05-30,Contra Costa,013,1133247,207373,205699,15129,220828,1310
2022-05-30,Del Norte,015,27424,6221,6188,251,6439,51
2022-05-30,El Dorado,017,186661,28259,28133,3445,31578,214
2022-05-30,Fresno,019,978130,237820,237367,24739,262106,2765
2022-05-30,Glenn,021,27897,5070,5059,1632,6691,48
2022-05-30,Humboldt,023,135768,18452,18371,3485,21856,147
2022-05-30,Imperial,025,180216,56672,56445,10986,67431,938
2022-05-30,Inyo,027,18085,4181,4171,575,4746,56
2022-05-30,Kern,029,883053,195918,195438,47887,243325,2336
2022-05-30,Kings,031,150075,52541,52491,3621,56112,447
2022-05-30,Lake,033,64148,11076,11024,933,11957,137
2022-05-30,Lassen,035,31185,9091,9083,900,9983,64
2022-05-30,Los Angeles,037,10098052,2849129,2836856,134585,2971441,31882
2022-05-30,Madera,039,155013,38232,38115,6333,44448,372
2022-05-30,Marin,041,260295,37898,37654,4005,41659,293
2022-05-30,Mariposa,043,17540,2569,2549,227,2776,30
2022-05-30,Mendocino,045,87422,13753,13692,3440,17132,125
2022-05-30,Merced,047,269075,63820,63637,9186,72823,824
2022-05-30,Modoc,049,8938,753,755,257,1012,8
2022-05-30,Mono,051,14174,3036,3035,162,3197,6
2022-05-30,Monterey,053,433212,82571,82215,15704,97919,737
2022-05-30,Napa,055,140530,27736,27580,1155,28735,143
2022-05-30,Nevada,057,99092,16767,16693,1327,18020,127
2022-05-30,Orange,059,3164182,573690,571973,45626,617599,7032
2022-05-30,Placer,061,380077,66537,66199,7945,74144,627
2022-05-30,Plumas,063,18699,3137,3117,380,3497,13
2022-05-30,Riverside,065,2383286,610636,608913,29427,638340,6480
2022-05-30,Sacramento,067,1510023,297694,296457,29031,325488,3045
2022-05-30,San Benito,069,59416,13516,13510,587,14097,98
2022-05-30,San Bernardino,071,2135413,584504,580767,25664,606431,7641
2022-05-30,San Diego,073,3302833,792290,791557,56853,848410,5292
2022-05-30,San Francisco,075,870044,145843,144476,9598,154074,879
2022-05-30,San Joaquin,077,732212,172771,172170,11121,183291,2241
2022-05-30,San Luis Obispo,079,281455,55260,55099,4582,59681,482
2022-05-30,San Mateo,081,765935,138484,137566,8559,146125,710
2022-05-30,Santa Barbara,083,443738,90933,90531,5136,95667,693
2022-05-30,Santa Clara,085,1922200,351515,348742,14921,363663,2317
2022-05-30,Santa Cruz,087,273765,52396,52141,2451,54592,263
2022-05-30,Shasta,089,179085,31303,31247,6252,37499,564
2022-05-30,Sierra,091,2930,278,280,55,335,4
2022-05-30,Siskiyou,093,43540,4594,4574,2831,7405,81
2022-05-30,Solano,095,438530,87893,87206,6121,93327,452
2022-05-30,Sonoma,097,501317,91699,91174,3668,94842,491
2022-05-30,Stanislaus,099,539301,121141,120778,18273,139051,1656
2022-05-30,Sutter,101,95872,21086,21065,2214,23279,227
2022-05-30,Tehama,103,63373,12266,12245,2664,14909,204
2022-05-30,Trinity,105,12862,1205,1200,292,1492,20
2022-05-30,Tulare,107,460477,108519,108401,29283,137684,1490
2022-05-30,Tuolumne,109,53932,13279,13221,612,13833,189
2022-05-30,Ventura,111,848112,181804,181163,10654,191817,1503
2022-05-30,Yolo,113,214977,40623,39371,3456,42827,320
2022-05-30,Yuba,115,75493,16454,16406,1343,17749,122
2022-05-29,Alameda,001,1643700,285185,280775,15981,296756,1863
2022-05-29,Alpine,003,1148,128,126,1,127,0
2022-05-29,Amador,005,37829,8837,8696,688,9384,86
2022-05-29,Butte,007,227075,34183,33876,7199,41075,426
2022-05-29,Calaveras,009,45235,7527,7469,392,7861,120
2022-05-29,Colusa,011,21464,3486,3474,1092,4566,21
2022-05-29,Contra Costa,013,1133247,207031,203528,15106,218634,1306
2022-05-29,Del Norte,015,27424,6219,6166,250,6416,51
2022-05-29,El Dorado,017,186661,28232,27898,3442,31340,214
2022-05-29,Fresno,019,978130,237694,236250,24720,260970,2764
2022-05-29,Glenn,021,27897,5065,5048,1632,6680,48
2022-05-29,Humboldt,023,135768,18431,18257,3474,21731,147
2022-05-29,Imperial,025,180216,56635,56323,10972,67295,939
2022-05-29,Inyo,027,18085,4180,4161,575,4736,56
2022-05-29,Kern,029,883053,195819,194687,47821,242508,2334
2022-05-29,Kings,031,150075,52515,52292,3621,55913,447
2022-05-29,Lake,033,64148,11067,10958,931,11889,137
2022-05-29,Lassen,035,31185,9087,9049,900,9949,64
2022-05-29,Los Angeles,037,10098052,2846935,2819145,134317,2953462,31862
2022-05-29,Madera,039,155013,38210,37955,6328,44283,371
2022-05-29,Marin,041,260295,37831,37215,3972,41187,293
2022-05-29,Mariposa,043,17540,2564,2526,227,2753,31
2022-05-29,Mendocino,045,87422,13733,13612,3439,17051,124
2022-05-29,Merced,047,269075,63800,63389,9183,72572,824
2022-05-29,Modoc,049,8938,753,751,257,1008,8
2022-05-29,Mono,051,14174,3035,3030,162,3192,6
2022-05-29,Monterey,053,433212,82507,81875,15659,97534,737
2022-05-29,Napa,055,140530,27708,27376,1154,28530,144
2022-05-29,Nevada,057,99092,16752,16568,1325,17893,127
2022-05-29,Orange,059,3164182,573109,568369,45452,613821,7028
2022-05-29,Placer,061,380077,66467,65672,7936,73608,626
2022-05-29,Plumas,063,18699,3130,3096,380,3476,13
2022-05-29,Riverside,065,2383286,610293,606444,29390,635834,6480
2022-05-29,Sacramento,067,1510023,297242,294000,29009,323009,3032
2022-05-29,San Benito,069,59416,13510,13402,585,13987,98
2022-05-29,San Bernardino,071,2135413,584218,578656,25651,604307,7610
2022-05-29,San Diego,073,3302833,791551,786243,56775,843018,5288
2022-05-29,San Francisco,075,870044,145412,142456,9589,152045,879
2022-05-29,San Joaquin,077,732212,172610,171282,11106,182388,2241
2022-05-29,San Luis Obispo,079,281455,55208,54701,4570,59271,481
2022-05-29,San Mateo,081,765935,138236,135746,8546,144292,710
2022-05-29,Santa Barbara,083,443738,90804,89940,5135,95075,693
2022-05-29,Santa Clara,085,1922200,350718,344223,14881,359104,2304
2022-05-29,Santa Cruz,087,273765,52320,51819,2444,54263,263
2022-05-29,Shasta,089,179085,31292,31165,6248,37413,564
2022-05-29,Sierra,091,2930,278,278,55,333,4
2022-05-29,Siskiyou,093,43540,4589,4537,2829,7366,81
2022-05-29,Solano,095,438530,87840,86565,6110,92675,452
2022-05-29,Sonoma,097,501317,91607,90364,3652,94016,490
2022-05-29,Stanislaus,099,539301,121042,120241,18256,138497,1657
2022-05-29,Sutter,101,95872,21066,20976,2214,23190,227
2022-05-29,Tehama,103,63373,12255,12210,2663,14873,204
2022-05-29,Trinity,105,12862,1204,1196,292,1488,20
2022-05-29,Tulare,107,460477,108438,108029,29237,137266,1484
2022-05-29,Tuolumne,109,53932,13264,13141,612,13753,189
2022-05-29,Ventura,111,848112,181663,179953,10646,190599,1503
2022-05-29,Yolo,113,214977,40573,39016,3453,42469,319
2022-05-29,Yuba,115,75493,16438,16314,1338,17652,122
2022-05-28,Alameda,001,1643700,284812,280775,15956,296731,1863
2022-05-28,Alpine,003,1148,128,126,1,127,0
2022-05-28,Amador,005,37829,8828,8696,688,9384,86
2022-05-28,Butte,007,227075,34164,33876,7184,41060,426
2022-05-28,Calaveras,009,45235,7523,7469,392,7861,120
2022-05-28,Colusa,011,21464,3481,3474,1091,4565,21
2022-05-28,Contra Costa,013,1133247,206766,203528,15089,218617,1306
2022-05-28,Del Norte,015,27424,6216,6166,250,6416,51
2022-05-28,El Dorado,017,186661,28202,27898,3441,31339,214
2022-05-28,Fresno,019,978130,237536,236250,24692,260942,2764
2022-05-28,Glenn,021,27897,5062,5048,1632,6680,48
2022-05-28,Humboldt,023,135768,18407,18257,3472,21729,147
2022-05-28,Imperial,025,180216,56609,56323,10961,67284,939
2022-05-28,Inyo,027,18085,4180,4161,572,4733,56
2022-05-28,Kern,029,883053,195719,194687,47770,242457,2334
2022-05-28,Kings,031,150075,52491,52292,3620,55912,447
2022-05-28,Lake,033,64148,11057,10958,930,11888,137
2022-05-28,Lassen,035,31185,9082,9049,900,9949,64
2022-05-28,Los Angeles,037,10098052,2844959,2819145,134054,2953199,31862
2022-05-28,Madera,039,155013,38193,37955,6326,44281,371
2022-05-28,Marin,041,260295,37764,37215,3942,41157,293
2022-05-28,Mariposa,043,17540,2560,2526,227,2753,31
2022-05-28,Mendocino,045,87422,13721,13612,3439,17051,124
2022-05-28,Merced,047,269075,63769,63389,9176,72565,824
2022-05-28,Modoc,049,8938,753,751,257,1008,8
2022-05-28,Mono,051,14174,3035,3030,161,3191,6
2022-05-28,Monterey,053,433212,82441,81875,15630,97505,737
2022-05-28,Napa,055,140530,27663,27376,1152,28528,144
2022-05-28,Nevada,057,99092,16740,16568,1323,17891,127
2022-05-28,Orange,059,3164182,572593,568369,45332,613701,7028
2022-05-28,Placer,061,380077,66393,65672,7922,73594,626
2022-05-28,Plumas,063,18699,3124,3096,379,3475,13
2022-05-28,Riverside,065,2383286,609915,606444,29365,635809,6480
2022-05-28,Sacramento,067,1510023,296967,294000,28992,322992,3032
2022-05-28,San Benito,069,59416,13495,13402,585,13987,98
2022-05-28,San Bernardino,071,2135413,583860,578656,25625,604281,7610
2022-05-28,San Diego,073,3302833,790891,786243,56733,842976,5288
2022-05-28,San Francisco,075,870044,145107,142456,9568,152024,879
2022-05-28,San Joaquin,077,732212,172506,171282,11091,182373,2241
2022-05-28,San Luis Obispo,079,281455,55173,54701,4566,59267,481
2022-05-28,San Mateo,081,765935,137962,135746,8524,144270,710
2022-05-28,Santa Barbara,083,443738,90703,89940,5126,95066,693
2022-05-28,Santa Clara,085,1922200,349929,344223,14853,359076,2304
2022-05-28,Santa Cruz,087,273765,52279,51819,2437,54256,263
2022-05-28,Shasta,089,179085,31281,31165,6243,37408,564
2022-05-28,Sierra,091,2930,278,278,54,332,4
2022-05-28,Siskiyou,093,43540,4581,4537,2825,7362,81
2022-05-28,Solano,095,438530,87767,86565,6101,92666,452
2022-05-28,Sonoma,097,501317,91467,90364,3641,94005,490
2022-05-28,Stanislaus,099,539301,120943,120241,18250,138491,1657
2022-05-28,Sutter,101,95872,21051,20976,2210,23186,227
2022-05-28,Tehama,103,63373,12243,12210,2660,14870,204
2022-05-28,Trinity,105,12862,1203,1196,292,1488,20
2022-05-28,Tulare,107,460477,108380,108029,29202,137231,1484
2022-05-28,Tuolumne,109,53932,13249,13141,611,13752,189
2022-05-28,Ventura,111,848112,181496,179953,10624,190577,1503
2022-05-28,Yolo,113,214977,40519,39016,3447,42463,319
2022-05-28,Yuba,115,75493,16424,16314,1336,17650,122
2022-05-27,Alameda,001,1643700,284344,280775,15926,296701,1863
2022-05-27,Alpine,003,1148,127,126,1,127,0
2022-05-27,Amador,005,37829,8823,8696,688,9384,86
2022-05-27,Butte,007,227075,34136,33876,7169,41045,426
2022-05-27,Calaveras,009,45235,7516,7469,392,7861,120
2022-05-27,Colusa,011,21464,3481,3474,1091,4565,21
2022-05-27,Contra Costa,013,1133247,206483,203528,15069,218597,1306
2022-05-27,Del Norte,015,27424,6210,6166,250,6416,51
2022-05-27,El Dorado,017,186661,28178,27898,3433,31331,214
2022-05-27,Fresno,019,978130,237365,236250,24668,260918,2764
2022-05-27,Glenn,021,27897,5060,5048,1632,6680,48
2022-05-27,Humboldt,023,135768,18397,18257,3467,21724,147
2022-05-27,Imperial,025,180216,56526,56323,10955,67278,939
2022-05-27,Inyo,027,18085,4178,4161,571,4732,56
2022-05-27,Kern,029,883053,195610,194687,47702,242389,2334
2022-05-27,Kings,031,150075,52463,52292,3617,55909,447
2022-05-27,Lake,033,64148,11051,10958,927,11885,137
2022-05-27,Lassen,035,31185,9078,9049,900,9949,64
2022-05-27,Los Angeles,037,10098052,2842611,2819145,133805,2952950,31862
2022-05-27,Madera,039,155013,38159,37955,6321,44276,371
2022-05-27,Marin,041,260295,37699,37215,3908,41123,293
2022-05-27,Mariposa,043,17540,2554,2526,227,2753,31
2022-05-27,Mendocino,045,87422,13704,13612,3435,17047,124
2022-05-27,Merced,047,269075,63726,63389,9171,72560,824
2022-05-27,Modoc,049,8938,753,751,257,1008,8
2022-05-27,Mono,051,14174,3034,3030,161,3191,6
2022-05-27,Monterey,053,433212,82382,81875,15588,97463,737
2022-05-27,Napa,055,140530,27631,27376,1148,28524,144
2022-05-27,Nevada,057,99092,16729,16568,1319,17887,127
2022-05-27,Orange,059,3164182,572035,568369,45219,613588,7028
2022-05-27,Placer,061,380077,66323,65672,7912,73584,626
2022-05-27,Plumas,063,18699,3121,3096,379,3475,13
2022-05-27,Riverside,065,2383286,609503,606444,29336,635780,6480
2022-05-27,Sacramento,067,1510023,296590,294000,28954,322954,3032
2022-05-27,San Benito,069,59416,13484,13402,585,13987,98
2022-05-27,San Bernardino,071,2135413,583529,578656,25611,604267,7610
2022-05-27,San Diego,073,3302833,790017,786243,56679,842922,5288
2022-05-27,San Francisco,075,870044,144773,142456,9528,151984,879
2022-05-27,San Joaquin,077,732212,172377,171282,11072,182354,2241
2022-05-27,San Luis Obispo,079,281455,55112,54701,4553,59254,481
2022-05-27,San Mateo,081,765935,137714,135746,8502,144248,710
2022-05-27,Santa Barbara,083,443738,90613,89940,5124,95064,693
2022-05-27,Santa Clara,085,1922200,349174,344223,14835,359058,2304
2022-05-27,Santa Cruz,087,273765,52224,51819,2428,54247,263
2022-05-27,Shasta,089,179085,31272,31165,6237,37402,564
2022-05-27,Sierra,091,2930,278,278,54,332,4
2022-05-27,Siskiyou,093,43540,4578,4537,2823,7360,81
2022-05-27,Solano,095,438530,87642,86565,6090,92655,452
2022-05-27,Sonoma,097,501317,91320,90364,3628,93992,490
2022-05-27,Stanislaus,099,539301,120859,120241,18236,138477,1657
2022-05-27,Sutter,101,95872,21034,20976,2209,23185,227
2022-05-27,Tehama,103,63373,12240,12210,2660,14870,204
2022-05-27,Trinity,105,12862,1203,1196,292,1488,20
2022-05-27,Tulare,107,460477,108313,108029,29164,137193,1484
2022-05-27,Tuolumne,109,53932,13239,13141,611,13752,189
2022-05-27,Ventura,111,848112,181318,179953,10603,190556,1503
2022-05-27,Yolo,113,214977,40448,39016,3441,42457,319
2022-05-27,Yuba,115,75493,16410,16314,1334,17648,122
2022-05-26,Alameda,001,1643700,283496,280775,15851,296626,1863
2022-05-26,Alpine,003,1148,127,126,1,127,0
2022-05-26,Amador,005,37829,8810,8696,688,9384,86
2022-05-26,Butte,007,227075,34083,33876,7150,41026,426
2022-05-26,Calaveras,009,45235,7506,7469,392,7861,120
2022-05-26,Colusa,011,21464,3478,3474,1088,4562,21
2022-05-26,Contra Costa,013,1133247,206008,203528,15030,218558,1306
2022-05-26,Del Norte,015,27424,6202,6166,246,6412,51
2022-05-26,El Dorado,017,186661,28129,27898,3424,31322,214
2022-05-26,Fresno,019,978130,237109,236250,24623,260873,2764
2022-05-26,Glenn,021,27897,5055,5048,1632,6680,48
2022-05-26,Humboldt,023,135768,18357,18257,3458,21715,147
2022-05-26,Imperial,025,180216,56494,56323,10940,67263,939
2022-05-26,Inyo,027,18085,4177,4161,568,4729,56
2022-05-26,Kern,029,883053,195447,194687,47626,242313,2334
2022-05-26,Kings,031,150075,52414,52292,3613,55905,447
2022-05-26,Lake,033,64148,11036,10958,927,11885,137
2022-05-26,Lassen,035,31185,9069,9049,900,9949,64
2022-05-26,Los Angeles,037,10098052,2838448,2819145,133473,2952618,31862
2022-05-26,Madera,039,155013,38117,37955,6320,44275,371
2022-05-26,Marin,041,260295,37604,37215,3870,41085,293
2022-05-26,Mariposa,043,17540,2549,2526,227,2753,31
2022-05-26,Mendocino,045,87422,13678,13612,3425,17037,124
2022-05-26,Merced,047,269075,63661,63389,9164,72553,824
2022-05-26,Modoc,049,8938,752,751,257,1008,8
2022-05-26,Mono,051,14174,3033,3030,160,3190,6
2022-05-26,Monterey,053,433212,82303,81875,15541,97416,737
2022-05-26,Napa,055,140530,27579,27376,1148,28524,144
2022-05-26,Nevada,057,99092,16698,16568,1315,17883,127
2022-05-26,Orange,059,3164182,571127,568369,45095,613464,7028
2022-05-26,Placer,061,380077,66186,65672,7894,73566,626
2022-05-26,Plumas,063,18699,3117,3096,378,3474,13
2022-05-26,Riverside,065,2383286,608890,606444,29283,635727,6480
2022-05-26,Sacramento,067,1510023,295939,294000,28866,322866,3032
2022-05-26,San Benito,069,59416,13468,13402,583,13985,98
2022-05-26,San Bernardino,071,2135413,582993,578656,25597,604253,7610
2022-05-26,San Diego,073,3302833,788713,786243,56566,842809,5288
2022-05-26,San Francisco,075,870044,144314,142456,9481,151937,879
2022-05-26,San Joaquin,077,732212,172158,171282,11045,182327,2241
2022-05-26,San Luis Obispo,079,281455,55016,54701,4522,59223,481
2022-05-26,San Mateo,081,765935,137327,135746,8465,144211,710
2022-05-26,Santa Barbara,083,443738,90467,89940,5108,95048,693
2022-05-26,Santa Clara,085,1922200,348202,344223,14747,358970,2304
2022-05-26,Santa Cruz,087,273765,52133,51819,2422,54241,263
2022-05-26,Shasta,089,179085,31247,31165,6234,37399,564
2022-05-26,Sierra,091,2930,278,278,54,332,4
2022-05-26,Siskiyou,093,43540,4574,4537,2821,7358,81
2022-05-26,Solano,095,438530,87442,86565,6082,92647,452
2022-05-26,Sonoma,097,501317,91129,90364,3600,93964,490
2022-05-26,Stanislaus,099,539301,120753,120241,18223,138464,1657
2022-05-26,Sutter,101,95872,21014,20976,2206,23182,227
2022-05-26,Tehama,103,63373,12230,12210,2659,14869,204
2022-05-26,Trinity,105,12862,1201,1196,292,1488,20
2022-05-26,Tulare,107,460477,108245,108029,29108,137137,1484
2022-05-26,Tuolumne,109,53932,13219,13141,609,13750,189
2022-05-26,Ventura,111,848112,181053,179953,10573,190526,1503
2022-05-26,Yolo,113,214977,40343,39016,3432,42448,319
2022-05-26,Yuba,115,75493,16394,16314,1332,17646,122
2022-05-25,Alameda,001,1643700,282597,278228,15790,294018,1860
2022-05-25,Alpine,003,1148,126,126,1,127,0
2022-05-25,Amador,005,37829,8794,8654,686,9340,86
2022-05-25,Butte,007,227075,34019,33755,7128,40883,426
2022-05-25,Calaveras,009,45235,7498,7450,390,7840,120
2022-05-25,Colusa,011,21464,3477,3471,1086,4557,21
2022-05-25,Contra Costa,013,1133247,205455,201866,14973,216839,1306
2022-05-25,Del Norte,015,27424,6196,6145,240,6385,50
2022-05-25,El Dorado,017,186661,28076,27715,3417,31132,213
2022-05-25,Fresno,019,978130,236826,235569,24577,260146,2763
2022-05-25,Glenn,021,27897,5050,5030,1630,6660,48
2022-05-25,Humboldt,023,135768,18330,18133,3448,21581,147
2022-05-25,Imperial,025,180216,56437,56203,10930,67133,923
2022-05-25,Inyo,027,18085,4174,4152,568,4720,56
2022-05-25,Kern,029,883053,195253,194251,47538,241789,2336
2022-05-25,Kings,031,150075,52363,52178,3609,55787,447
2022-05-25,Lake,033,64148,11023,10908,926,11834,137
2022-05-25,Lassen,035,31185,9062,9028,900,9928,64
2022-05-25,Los Angeles,037,10098052,2833830,2806770,133108,2939878,31845
2022-05-25,Madera,039,155013,38077,37867,6313,44180,370
2022-05-25,Marin,041,260295,37504,36890,3843,40733,293
2022-05-25,Mariposa,043,17540,2539,2514,227,2741,30
2022-05-25,Mendocino,045,87422,13663,13545,3419,16964,124
2022-05-25,Merced,047,269075,63593,63220,9136,72356,823
2022-05-25,Modoc,049,8938,751,750,256,1006,8
2022-05-25,Mono,051,14174,3033,3024,159,3183,6
2022-05-25,Monterey,053,433212,82237,81592,15498,97090,737
2022-05-25,Napa,055,140530,27529,27240,1142,28382,143
2022-05-25,Nevada,057,99092,16663,16517,1310,17827,127
2022-05-25,Orange,059,3164182,570116,565564,44941,610505,7026
2022-05-25,Placer,061,380077,66036,65309,7873,73182,626
2022-05-25,Plumas,063,18699,3111,3065,377,3442,13
2022-05-25,Riverside,065,2383286,608214,604465,29228,633693,6480
2022-05-25,Sacramento,067,1510023,295296,292211,28756,320967,3028
2022-05-25,San Benito,069,59416,13433,13338,580,13918,98
2022-05-25,San Bernardino,071,2135413,582456,576982,25572,602554,7568
2022-05-25,San Diego,073,3302833,787251,782420,56427,838847,5284
2022-05-25,San Francisco,075,870044,143811,141015,9454,150469,872
2022-05-25,San Joaquin,077,732212,171923,170626,11024,181650,2238
2022-05-25,San Luis Obispo,079,281455,54910,54342,4473,58815,481
2022-05-25,San Mateo,081,765935,136870,134441,8409,142850,710
2022-05-25,Santa Barbara,083,443738,90300,89426,5098,94524,693
2022-05-25,Santa Clara,085,1922200,347127,340868,14634,355502,2304
2022-05-25,Santa Cruz,087,273765,52051,51644,2409,54053,263
2022-05-25,Shasta,089,179085,31220,31072,6226,37298,564
2022-05-25,Sierra,091,2930,278,277,54,331,4
2022-05-25,Siskiyou,093,43540,4564,4516,2818,7334,81
2022-05-25,Solano,095,438530,87233,86024,6065,92089,451
2022-05-25,Sonoma,097,501317,90936,89810,3562,93372,490
2022-05-25,Stanislaus,099,539301,120613,119894,18202,138096,1654
2022-05-25,Sutter,101,95872,20990,20904,2203,23107,226
2022-05-25,Tehama,103,63373,12224,12189,2655,14844,201
2022-05-25,Trinity,105,12862,1201,1194,292,1486,20
2022-05-25,Tulare,107,460477,108163,107790,29064,136854,1482
2022-05-25,Tuolumne,109,53932,13198,13086,606,13692,182
2022-05-25,Ventura,111,848112,180763,179116,10546,189662,1499
2022-05-25,Yolo,113,214977,40248,38782,3422,42204,319
2022-05-25,Yuba,115,75493,16367,16260,1326,17586,122
2022-05-24,Alameda,001,1643700,281724,278228,15734,293962,1860
2022-05-24,Alpine,003,1148,126,126,1,127,0
2022-05-24,Amador,005,37829,8787,8654,685,9339,86
2022-05-24,Butte,007,227075,33975,33755,7109,40864,426
2022-05-24,Calaveras,009,45235,7491,7450,388,7838,120
2022-05-24,Colusa,011,21464,3475,3471,1084,4555,21
2022-05-24,Contra Costa,013,1133247,204805,201866,14893,216759,1306
2022-05-24,Del Norte,015,27424,6191,6145,238,6383,50
2022-05-24,El Dorado,017,186661,28008,27715,3411,31126,213
2022-05-24,Fresno,019,978130,236509,235569,24541,260110,2763
2022-05-24,Glenn,021,27897,5048,5030,1630,6660,48
2022-05-24,Humboldt,023,135768,18298,18133,3434,21567,147
2022-05-24,Imperial,025,180216,56382,56203,10919,67122,923
2022-05-24,Inyo,027,18085,4166,4152,566,4718,56
2022-05-24,Kern,029,883053,195059,194251,47434,241685,2336
2022-05-24,Kings,031,150075,52296,52178,3604,55782,447
2022-05-24,Lake,033,64148,11006,10908,924,11832,137
2022-05-24,Lassen,035,31185,9049,9028,896,9924,64
2022-05-24,Los Angeles,037,10098052,2828555,2806770,132728,2939498,31845
2022-05-24,Madera,039,155013,38028,37867,6304,44171,370
2022-05-24,Marin,041,260295,37398,36890,3792,40682,293
2022-05-24,Mariposa,043,17540,2532,2514,226,2740,30
2022-05-24,Mendocino,045,87422,13639,13545,3411,16956,124
2022-05-24,Merced,047,269075,63532,63220,9105,72325,823
2022-05-24,Modoc,049,8938,750,750,255,1005,8
2022-05-24,Mono,051,14174,3030,3024,159,3183,6
2022-05-24,Monterey,053,433212,82146,81592,15439,97031,737
2022-05-24,Napa,055,140530,27482,27240,1130,28370,143
2022-05-24,Nevada,057,99092,16622,16517,1308,17825,127
2022-05-24,Orange,059,3164182,569082,565564,44772,610336,7026
2022-05-24,Placer,061,380077,65936,65309,7858,73167,626
2022-05-24,Plumas,063,18699,3105,3065,377,3442,13
2022-05-24,Riverside,065,2383286,607519,604465,29182,633647,6480
2022-05-24,Sacramento,067,1510023,294612,292211,28636,320847,3028
2022-05-24,San Benito,069,59416,13399,13338,579,13917,98
2022-05-24,San Bernardino,071,2135413,581841,576982,25544,602526,7568
2022-05-24,San Diego,073,3302833,785601,782420,56259,838679,5284
2022-05-24,San Francisco,075,870044,143265,141015,9435,150450,872
2022-05-24,San Joaquin,077,732212,171661,170626,10993,181619,2238
2022-05-24,San Luis Obispo,079,281455,54760,54342,4419,58761,481
2022-05-24,San Mateo,081,765935,136340,134441,8362,142803,710
2022-05-24,Santa Barbara,083,443738,90138,89426,5078,94504,693
2022-05-24,Santa Clara,085,1922200,345846,340868,14543,355411,2304
2022-05-24,Santa Cruz,087,273765,51975,51644,2400,54044,263
2022-05-24,Shasta,089,179085,31195,31072,6215,37287,564
2022-05-24,Sierra,091,2930,278,277,54,331,4
2022-05-24,Siskiyou,093,43540,4554,4516,2810,7326,81
2022-05-24,Solano,095,438530,87004,86024,6039,92063,451
2022-05-24,Sonoma,097,501317,90731,89810,3529,93339,490
2022-05-24,Stanislaus,099,539301,120473,119894,18171,138065,1654
2022-05-24,Sutter,101,95872,20969,20904,2199,23103,226
2022-05-24,Tehama,103,63373,12215,12189,2653,14842,201
2022-05-24,Trinity,105,12862,1198,1194,292,1486,20
2022-05-24,Tulare,107,460477,108046,107790,29006,136796,1482
2022-05-24,Tuolumne,109,53932,13183,13086,606,13692,182
2022-05-24,Ventura,111,848112,180449,179116,10522,189638,1499
2022-05-24,Yolo,113,214977,40144,38782,3417,42199,319
2022-05-24,Yuba,115,75493,16339,16260,1319,17579,122
2022-05-23,Alameda,001,1643700,280785,278228,15657,293885,1860
2022-05-23,Alpine,003,1148,126,126,1,127,0
2022-05-23,Amador,005,37829,8755,8654,682,9336,86
2022-05-23,Butte,007,227075,33925,33755,7084,40839,426
2022-05-23,Calaveras,009,45235,7484,7450,386,7836,120
2022-05-23,Colusa,011,21464,3474,3471,1081,4552,21
2022-05-23,Contra Costa,013,1133247,204073,201866,14830,216696,1306
2022-05-23,Del Norte,015,27424,6186,6145,235,6380,50
2022-05-23,El Dorado,017,186661,27926,27715,3404,31119,213
2022-05-23,Fresno,019,978130,236163,235569,24483,260052,2763
2022-05-23,Glenn,021,27897,5044,5030,1628,6658,48
2022-05-23,Humboldt,023,135768,18271,18133,3422,21555,147
2022-05-23,Imperial,025,180216,56336,56203,10900,67103,923
2022-05-23,Inyo,027,18085,4163,4152,564,4716,56
2022-05-23,Kern,029,883053,194840,194251,47345,241596,2336
2022-05-23,Kings,031,150075,52249,52178,3599,55777,447
2022-05-23,Lake,033,64148,10987,10908,924,11832,137
2022-05-23,Lassen,035,31185,9041,9028,893,9921,64
2022-05-23,Los Angeles,037,10098052,2823133,2806770,132364,2939134,31845
2022-05-23,Madera,039,155013,37997,37867,6287,44154,370
2022-05-23,Marin,041,260295,37257,36890,3748,40638,293
2022-05-23,Mariposa,043,17540,2530,2514,224,2738,30
2022-05-23,Mendocino,045,87422,13617,13545,3404,16949,124
2022-05-23,Merced,047,269075,63453,63220,9080,72300,823
2022-05-23,Modoc,049,8938,749,750,255,1005,8
2022-05-23,Mono,051,14174,3030,3024,159,3183,6
2022-05-23,Monterey,053,433212,82047,81592,15378,96970,737
2022-05-23,Napa,055,140530,27425,27240,1124,28364,143
2022-05-23,Nevada,057,99092,16587,16517,1307,17824,127
2022-05-23,Orange,059,3164182,568068,565564,44626,610190,7026
2022-05-23,Placer,061,380077,65792,65309,7835,73144,626
2022-05-23,Plumas,063,18699,3102,3065,376,3441,13
2022-05-23,Riverside,065,2383286,606795,604465,29134,633599,6480
2022-05-23,Sacramento,067,1510023,293862,292211,28511,320722,3028
2022-05-23,San Benito,069,59416,13364,13338,576,13914,98
2022-05-23,San Bernardino,071,2135413,581194,576982,25516,602498,7568
2022-05-23,San Diego,073,3302833,783880,782420,56070,838490,5284
2022-05-23,San Francisco,075,870044,142690,141015,9404,150419,872
2022-05-23,San Joaquin,077,732212,171392,170626,10966,181592,2238
2022-05-23,San Luis Obispo,079,281455,54614,54342,4373,58715,481
2022-05-23,San Mateo,081,765935,135771,134441,8327,142768,710
2022-05-23,Santa Barbara,083,443738,89903,89426,5061,94487,693
2022-05-23,Santa Clara,085,1922200,344469,340868,14461,355329,2304
2022-05-23,Santa Cruz,087,273765,51873,51644,2388,54032,263
2022-05-23,Shasta,089,179085,31172,31072,6210,37282,564
2022-05-23,Sierra,091,2930,278,277,54,331,4
2022-05-23,Siskiyou,093,43540,4540,4516,2806,7322,81
2022-05-23,Solano,095,438530,86730,86024,6024,92048,451
2022-05-23,Sonoma,097,501317,90500,89810,3486,93296,490
2022-05-23,Stanislaus,099,539301,120332,119894,18134,138028,1654
2022-05-23,Sutter,101,95872,20929,20904,2195,23099,226
2022-05-23,Tehama,103,63373,12203,12189,2651,14840,201
2022-05-23,Trinity,105,12862,1197,1194,292,1486,20
2022-05-23,Tulare,107,460477,107920,107790,28938,136728,1482
2022-05-23,Tuolumne,109,53932,13159,13086,604,13690,182
2022-05-23,Ventura,111,848112,180112,179116,10506,189622,1499
2022-05-23,Yolo,113,214977,40011,38782,3401,42183,319
2022-05-23,Yuba,115,75493,16310,16260,1315,17575,122
2022-05-22,Alameda,001,1643700,279698,274996,15551,290547,1858
2022-05-22,Alpine,003,1148,126,126,1,127,0
2022-05-22,Amador,005,37829,8738,8628,681,9309,86
2022-05-22,Butte,007,227075,33871,33606,7062,40668,426
2022-05-22,Calaveras,009,45235,7473,7424,381,7805,120
2022-05-22,Colusa,011,21464,3470,3468,1078,4546,21
2022-05-22,Contra Costa,013,1133247,203347,199703,14721,214424,1305
2022-05-22,Del Norte,015,27424,6171,6045,224,6269,50
2022-05-22,El Dorado,017,186661,27849,27517,3394,30911,213
2022-05-22,Fresno,019,978130,235823,234657,24437,259094,2760
2022-05-22,Glenn,021,27897,5034,5020,1628,6648,48
2022-05-22,Humboldt,023,135768,18218,17984,3399,21383,146
2022-05-22,Imperial,025,180216,56266,56014,10888,66902,923
2022-05-22,Inyo,027,18085,4156,4135,562,4697,56
2022-05-22,Kern,029,883053,194604,193705,47247,240952,2334
2022-05-22,Kings,031,150075,52186,52038,3594,55632,447
2022-05-22,Lake,033,64148,10955,10867,924,11791,137
2022-05-22,Lassen,035,31185,9025,9011,890,9901,64
2022-05-22,Los Angeles,037,10098052,2817256,2791671,131936,2923607,31815
2022-05-22,Madera,039,155013,37951,37744,6257,44001,370
2022-05-22,Marin,041,260295,37110,36394,3704,40098,293
2022-05-22,Mariposa,043,17540,2526,2490,223,2713,30
2022-05-22,Mendocino,045,87422,13589,13461,3379,16840,124
2022-05-22,Merced,047,269075,63374,62969,9046,72015,823
2022-05-22,Modoc,049,8938,748,750,255,1005,8
2022-05-22,Mono,051,14174,3029,3012,159,3171,6
2022-05-22,Monterey,053,433212,81888,81224,15279,96503,735
2022-05-22,Napa,055,140530,27355,27034,1116,28150,143
2022-05-22,Nevada,057,99092,16553,16410,1302,17712,127
2022-05-22,Orange,059,3164182,566971,562531,44439,606970,7025
2022-05-22,Placer,061,380077,65634,64802,7809,72611,626
2022-05-22,Plumas,063,18699,3095,3052,374,3426,13
2022-05-22,Riverside,065,2383286,605962,601808,29070,630878,6476
2022-05-22,Sacramento,067,1510023,293063,289972,28353,318325,3027
2022-05-22,San Benito,069,59416,13332,13234,570,13804,98
2022-05-22,San Bernardino,071,2135413,580481,575194,25479,600673,7523
2022-05-22,San Diego,073,3302833,782261,777404,55881,833285,5282
2022-05-22,San Francisco,075,870044,141997,138922,9386,148308,871
2022-05-22,San Joaquin,077,732212,171091,169745,10925,180670,2237
2022-05-22,San Luis Obispo,079,281455,54460,54012,4314,58326,481
2022-05-22,San Mateo,081,765935,135207,132636,8279,140915,711
2022-05-22,Santa Barbara,083,443738,89672,88783,5033,93816,692
2022-05-22,Santa Clara,085,1922200,343026,336488,14382,350870,2301
2022-05-22,Santa Cruz,087,273765,51782,51333,2376,53709,263
2022-05-22,Shasta,089,179085,31123,30966,6197,37163,564
2022-05-22,Sierra,091,2930,278,276,54,330,4
2022-05-22,Siskiyou,093,43540,4531,4501,2804,7305,81
2022-05-22,Solano,095,438530,86450,85038,5998,91036,451
2022-05-22,Sonoma,097,501317,90211,88889,3435,92324,489
2022-05-22,Stanislaus,099,539301,120158,119396,18113,137509,1653
2022-05-22,Sutter,101,95872,20900,20809,2186,22995,226
2022-05-22,Tehama,103,63373,12194,12162,2646,14808,201
2022-05-22,Trinity,105,12862,1197,1191,292,1483,20
2022-05-22,Tulare,107,460477,107815,107485,28861,136346,1477
2022-05-22,Tuolumne,109,53932,13139,12977,604,13581,182
2022-05-22,Ventura,111,848112,179753,178024,10477,188501,1499
2022-05-22,Yolo,113,214977,39884,38377,3379,41756,319
2022-05-22,Yuba,115,75493,16283,16180,1306,17486,122
2022-05-21,Alameda,001,1643700,279245,274996,15528,290524,1858
2022-05-21,Alpine,003,1148,126,126,1,127,0
2022-05-21,Amador,005,37829,8727,8628,681,9309,86
2022-05-21,Butte,007,227075,33853,33606,7050,40656,426
2022-05-21,Calaveras,009,45235,7467,7424,381,7805,120
2022-05-21,Colusa,011,21464,3470,3468,1077,4545,21
2022-05-21,Contra Costa,013,1133247,202990,199703,14706,214409,1305
2022-05-21,Del Norte,015,27424,6167,6045,222,6267,50
2022-05-21,El Dorado,017,186661,27813,27517,3392,30909,213
2022-05-21,Fresno,019,978130,235691,234657,24418,259075,2760
2022-05-21,Glenn,021,27897,5030,5020,1627,6647,48
2022-05-21,Humboldt,023,135768,18193,17984,3397,21381,146
2022-05-21,Imperial,025,180216,56232,56014,10886,66900,923
2022-05-21,Inyo,027,18085,4154,4135,560,4695,56
2022-05-21,Kern,029,883053,194508,193705,47184,240889,2334
2022-05-21,Kings,031,150075,52163,52038,3593,55631,447
2022-05-21,Lake,033,64148,10947,10867,924,11791,137
2022-05-21,Lassen,035,31185,9022,9011,890,9901,64
2022-05-21,Los Angeles,037,10098052,2814958,2791671,131695,2923366,31815
2022-05-21,Madera,039,155013,37933,37744,6252,43996,370
2022-05-21,Marin,041,260295,37015,36394,3659,40053,293
2022-05-21,Mariposa,043,17540,2524,2490,223,2713,30
2022-05-21,Mendocino,045,87422,13578,13461,3374,16835,124
2022-05-21,Merced,047,269075,63339,62969,9040,72009,823
2022-05-21,Modoc,049,8938,747,750,255,1005,8
2022-05-21,Mono,051,14174,3029,3012,159,3171,6
2022-05-21,Monterey,053,433212,81821,81224,15226,96450,735
2022-05-21,Napa,055,140530,27322,27034,1113,28147,143
2022-05-21,Nevada,057,99092,16547,16410,1302,17712,127
2022-05-21,Orange,059,3164182,566459,562531,44335,606866,7025
2022-05-21,Placer,061,380077,65526,64802,7796,72598,626
2022-05-21,Plumas,063,18699,3088,3052,374,3426,13
2022-05-21,Riverside,065,2383286,605491,601808,29044,630852,6476
2022-05-21,Sacramento,067,1510023,292734,289972,28326,318298,3027
2022-05-21,San Benito,069,59416,13320,13234,569,13803,98
2022-05-21,San Bernardino,071,2135413,580144,575194,25457,600651,7523
2022-05-21,San Diego,073,3302833,781566,777404,55826,833230,5282
2022-05-21,San Francisco,075,870044,141685,138922,9372,148294,871
2022-05-21,San Joaquin,077,732212,170973,169745,10906,180651,2237
2022-05-21,San Luis Obispo,079,281455,54381,54012,4301,58313,481
2022-05-21,San Mateo,081,765935,134896,132636,8259,140895,711
2022-05-21,Santa Barbara,083,443738,89581,88783,5030,93813,692
2022-05-21,Santa Clara,085,1922200,342176,336488,14339,350827,2301
2022-05-21,Santa Cruz,087,273765,51737,51333,2369,53702,263
2022-05-21,Shasta,089,179085,31111,30966,6194,37160,564
2022-05-21,Sierra,091,2930,277,276,54,330,4
2022-05-21,Siskiyou,093,43540,4527,4501,2802,7303,81
2022-05-21,Solano,095,438530,86366,85038,5995,91033,451
2022-05-21,Sonoma,097,501317,90085,88889,3429,92318,489
2022-05-21,Stanislaus,099,539301,120079,119396,18093,137489,1653
2022-05-21,Sutter,101,95872,20890,20809,2181,22990,226
2022-05-21,Tehama,103,63373,12192,12162,2645,14807,201
2022-05-21,Trinity,105,12862,1197,1191,292,1483,20
2022-05-21,Tulare,107,460477,107752,107485,28823,136308,1477
2022-05-21,Tuolumne,109,53932,13132,12977,604,13581,182
2022-05-21,Ventura,111,848112,179583,178024,10462,188486,1499
2022-05-21,Yolo,113,214977,39819,38377,3371,41748,319
2022-05-21,Yuba,115,75493,16270,16180,1304,17484,122
2022-05-20,Alameda,001,1643700,278706,274996,15507,290503,1858
2022-05-20,Alpine,003,1148,126,126,1,127,0
2022-05-20,Amador,005,37829,8720,8628,681,9309,86
2022-05-20,Butte,007,227075,33832,33606,7042,40648,426
2022-05-20,Calaveras,009,45235,7459,7424,381,7805,120
2022-05-20,Colusa,011,21464,3470,3468,1077,4545,21
2022-05-20,Contra Costa,013,1133247,202634,199703,14697,214400,1305
2022-05-20,Del Norte,015,27424,6162,6045,221,6266,50
2022-05-20,El Dorado,017,186661,27781,27517,3389,30906,213
2022-05-20,Fresno,019,978130,235533,234657,24396,259053,2760
2022-05-20,Glenn,021,27897,5027,5020,1627,6647,48
2022-05-20,Humboldt,023,135768,18171,17984,3395,21379,146
2022-05-20,Imperial,025,180216,56207,56014,10883,66897,923
2022-05-20,Inyo,027,18085,4151,4135,556,4691,56
2022-05-20,Kern,029,883053,194405,193705,47135,240840,2334
2022-05-20,Kings,031,150075,52148,52038,3592,55630,447
2022-05-20,Lake,033,64148,10930,10867,924,11791,137
2022-05-20,Lassen,035,31185,9020,9011,890,9901,64
2022-05-20,Los Angeles,037,10098052,2812614,2791671,131477,2923148,31815
2022-05-20,Madera,039,155013,37914,37744,6250,43994,370
2022-05-20,Marin,041,260295,36942,36394,3620,40014,293
2022-05-20,Mariposa,043,17540,2519,2490,223,2713,30
2022-05-20,Mendocino,045,87422,13563,13461,3373,16834,124
2022-05-20,Merced,047,269075,63305,62969,9037,72006,823
2022-05-20,Modoc,049,8938,747,750,255,1005,8
2022-05-20,Mono,051,14174,3025,3012,159,3171,6
2022-05-20,Monterey,053,433212,81761,81224,15191,96415,735
2022-05-20,Napa,055,140530,27292,27034,1110,28144,143
2022-05-20,Nevada,057,99092,16539,16410,1300,17710,127
2022-05-20,Orange,059,3164182,565882,562531,44236,606767,7025
2022-05-20,Placer,061,380077,65452,64802,7781,72583,626
2022-05-20,Plumas,063,18699,3086,3052,374,3426,13
2022-05-20,Riverside,065,2383286,605043,601808,29020,630828,6476
2022-05-20,Sacramento,067,1510023,292353,289972,28303,318275,3027
2022-05-20,San Benito,069,59416,13304,13234,569,13803,98
2022-05-20,San Bernardino,071,2135413,579823,575194,25439,600633,7523
2022-05-20,San Diego,073,3302833,780770,777404,55766,833170,5282
2022-05-20,San Francisco,075,870044,141352,138922,9343,148265,871
2022-05-20,San Joaquin,077,732212,170851,169745,10900,180645,2237
2022-05-20,San Luis Obispo,079,281455,54345,54012,4297,58309,481
2022-05-20,San Mateo,081,765935,134581,132636,8238,140874,711
2022-05-20,Santa Barbara,083,443738,89497,88783,5025,93808,692
2022-05-20,Santa Clara,085,1922200,341382,336488,14285,350773,2301
2022-05-20,Santa Cruz,087,273765,51693,51333,2350,53683,263
2022-05-20,Shasta,089,179085,31097,30966,6191,37157,564
2022-05-20,Sierra,091,2930,277,276,54,330,4
2022-05-20,Siskiyou,093,43540,4524,4501,2800,7301,81
2022-05-20,Solano,095,438530,86226,85038,5988,91026,451
2022-05-20,Sonoma,097,501317,89958,88889,3416,92305,489
2022-05-20,Stanislaus,099,539301,119997,119396,18083,137479,1653
2022-05-20,Sutter,101,95872,20881,20809,2181,22990,226
2022-05-20,Tehama,103,63373,12189,12162,2644,14806,201
2022-05-20,Trinity,105,12862,1197,1191,292,1483,20
2022-05-20,Tulare,107,460477,107695,107485,28783,136268,1477
2022-05-20,Tuolumne,109,53932,13113,12977,604,13581,182
2022-05-20,Ventura,111,848112,179387,178024,10454,188478,1499
2022-05-20,Yolo,113,214977,39748,38377,3366,41743,319
2022-05-20,Yuba,115,75493,16255,16180,1300,17480,122
2022-05-19,Alameda,001,1643700,277875,274996,15440,290436,1858
2022-05-19,Alpine,003,1148,126,126,1,127,0
2022-05-19,Amador,005,37829,8712,8628,681,9309,86
2022-05-19,Butte,007,227075,33800,33606,7032,40638,426
2022-05-19,Calaveras,009,45235,7453,7424,378,7802,120
2022-05-19,Colusa,011,21464,3469,3468,1076,4544,21
2022-05-19,Contra Costa,013,1133247,202091,199703,14637,214340,1305
2022-05-19,Del Norte,015,27424,6157,6045,216,6261,50
2022-05-19,El Dorado,017,186661,27729,27517,3382,30899,213
2022-05-19,Fresno,019,978130,235309,234657,24360,259017,2760
2022-05-19,Glenn,021,27897,5026,5020,1623,6643,48
2022-05-19,Humboldt,023,135768,18137,17984,3385,21369,146
2022-05-19,Imperial,025,180216,56161,56014,10881,66895,923
2022-05-19,Inyo,027,18085,4147,4135,555,4690,56
2022-05-19,Kern,029,883053,194262,193705,47058,240763,2334
2022-05-19,Kings,031,150075,52121,52038,3591,55629,447
2022-05-19,Lake,033,64148,10922,10867,923,11790,137
2022-05-19,Lassen,035,31185,9016,9011,890,9901,64
2022-05-19,Los Angeles,037,10098052,2808656,2791671,131150,2922821,31815
2022-05-19,Madera,039,155013,37878,37744,6241,43985,370
2022-05-19,Marin,041,260295,36846,36394,3587,39981,293
2022-05-19,Mariposa,043,17540,2511,2490,223,2713,30
2022-05-19,Mendocino,045,87422,13540,13461,3366,16827,124
2022-05-19,Merced,047,269075,63242,62969,9023,71992,823
2022-05-19,Modoc,049,8938,747,750,255,1005,8
2022-05-19,Mono,051,14174,3024,3012,155,3167,6
2022-05-19,Monterey,053,433212,81681,81224,15127,96351,735
2022-05-19,Napa,055,140530,27235,27034,1107,28141,143
2022-05-19,Nevada,057,99092,16505,16410,1295,17705,127
2022-05-19,Orange,059,3164182,565047,562531,44104,606635,7025
2022-05-19,Placer,061,380077,65334,64802,7769,72571,626
2022-05-19,Plumas,063,18699,3080,3052,373,3425,13
2022-05-19,Riverside,065,2383286,604412,601808,28978,630786,6476
2022-05-19,Sacramento,067,1510023,291795,289972,28216,318188,3027
2022-05-19,San Benito,069,59416,13276,13234,568,13802,98
2022-05-19,San Bernardino,071,2135413,579307,575194,25420,600614,7523
2022-05-19,San Diego,073,3302833,779536,777404,55645,833049,5282
2022-05-19,San Francisco,075,870044,140877,138922,9307,148229,871
2022-05-19,San Joaquin,077,732212,170611,169745,10884,180629,2237
2022-05-19,San Luis Obispo,079,281455,54242,54012,4268,58280,481
2022-05-19,San Mateo,081,765935,134118,132636,8186,140822,711
2022-05-19,Santa Barbara,083,443738,89343,88783,5007,93790,692
2022-05-19,Santa Clara,085,1922200,340288,336488,14189,350677,2301
2022-05-19,Santa Cruz,087,273765,51615,51333,2339,53672,263
2022-05-19,Shasta,089,179085,31068,30966,6185,37151,564
2022-05-19,Sierra,091,2930,277,276,54,330,4
2022-05-19,Siskiyou,093,43540,4521,4501,2798,7299,81
2022-05-19,Solano,095,438530,86043,85038,5966,91004,451
2022-05-19,Sonoma,097,501317,89754,88889,3383,92272,489
2022-05-19,Stanislaus,099,539301,119868,119396,18063,137459,1653
2022-05-19,Sutter,101,95872,20845,20809,2179,22988,226
2022-05-19,Tehama,103,63373,12179,12162,2640,14802,201
2022-05-19,Trinity,105,12862,1196,1191,292,1483,20
2022-05-19,Tulare,107,460477,107604,107485,28737,136222,1477
2022-05-19,Tuolumne,109,53932,13088,12977,603,13580,182
2022-05-19,Ventura,111,848112,179114,178024,10423,188447,1499
2022-05-19,Yolo,113,214977,39657,38377,3360,41737,319
2022-05-19,Yuba,115,75493,16235,16180,1292,17472,122
2022-05-18,Alameda,001,1643700,277027,272530,15374,287904,1859
2022-05-18,Alpine,003,1148,126,126,1,127,0
2022-05-18,Amador,005,37829,8694,8592,681,9273,86
2022-05-18,Butte,007,227075,33758,33486,7017,40503,426
2022-05-18,Calaveras,009,45235,7445,7400,378,7778,120
2022-05-18,Colusa,011,21464,3469,3467,1075,4542,21
2022-05-18,Contra Costa,013,1133247,201537,198207,14574,212781,1303
2022-05-18,Del Norte,015,27424,6149,6001,212,6213,50
2022-05-18,El Dorado,017,186661,27678,27388,3375,30763,212
2022-05-18,Fresno,019,978130,235048,234055,24323,258378,2759
2022-05-18,Glenn,021,27897,5025,5012,1623,6635,48
2022-05-18,Humboldt,023,135768,18112,17868,3373,21241,146
2022-05-18,Imperial,025,180216,56099,55915,10876,66791,918
2022-05-18,Inyo,027,18085,4143,4120,549,4669,56
2022-05-18,Kern,029,883053,194141,193338,46998,240336,2327
2022-05-18,Kings,031,150075,52092,51903,3588,55491,447
2022-05-18,Lake,033,64148,10913,10831,922,11753,137
2022-05-18,Lassen,035,31185,9010,8994,890,9884,65
2022-05-18,Los Angeles,037,10098052,2804317,2780354,130871,2911225,31789
2022-05-18,Madera,039,155013,37841,37644,6234,43878,365
2022-05-18,Marin,041,260295,36755,36024,3548,39572,293
2022-05-18,Mariposa,043,17540,2504,2481,223,2704,30
2022-05-18,Mendocino,045,87422,13519,13403,3351,16754,124
2022-05-18,Merced,047,269075,63176,62802,8998,71800,818
2022-05-18,Modoc,049,8938,747,748,255,1003,8
2022-05-18,Mono,051,14174,3022,3010,153,3163,6
2022-05-18,Monterey,053,433212,81571,80955,15071,96026,735
2022-05-18,Napa,055,140530,27194,26912,1101,28013,143
2022-05-18,Nevada,057,99092,16485,16361,1292,17653,127
2022-05-18,Orange,059,3164182,564244,560094,43997,604091,7021
2022-05-18,Placer,061,380077,65189,64432,7759,72191,626
2022-05-18,Plumas,063,18699,3072,3022,371,3393,13
2022-05-18,Riverside,065,2383286,603767,599947,28928,628875,6471
2022-05-18,Sacramento,067,1510023,291272,288335,28130,316465,3022
2022-05-18,San Benito,069,59416,13253,13186,566,13752,98
2022-05-18,San Bernardino,071,2135413,578835,573790,25394,599184,7455
2022-05-18,San Diego,073,3302833,778100,773934,55508,829442,5277
2022-05-18,San Francisco,075,870044,140344,137341,9283,146624,869
2022-05-18,San Joaquin,077,732212,170377,169045,10797,179842,2236
2022-05-18,San Luis Obispo,079,281455,54145,53756,4231,57987,478
2022-05-18,San Mateo,081,765935,133694,131330,8122,139452,709
2022-05-18,Santa Barbara,083,443738,89182,88317,4989,93306,693
2022-05-18,Santa Clara,085,1922200,339131,333230,14093,347323,2300
2022-05-18,Santa Cruz,087,273765,51523,51020,2327,53347,263
2022-05-18,Shasta,089,179085,31045,30899,6180,37079,558
2022-05-18,Sierra,091,2930,277,275,54,329,4
2022-05-18,Siskiyou,093,43540,4516,4495,2796,7291,81
2022-05-18,Solano,095,438530,85784,84476,5951,90427,451
2022-05-18,Sonoma,097,501317,89556,88195,3350,91545,489
2022-05-18,Stanislaus,099,539301,119759,119025,18034,137059,1645
2022-05-18,Sutter,101,95872,20823,20763,2171,22934,226
2022-05-18,Tehama,103,63373,12173,12133,2637,14770,201
2022-05-18,Trinity,105,12862,1196,1189,292,1481,20
2022-05-18,Tulare,107,460477,107533,107292,28683,135975,1477
2022-05-18,Tuolumne,109,53932,13069,12917,601,13518,182
2022-05-18,Ventura,111,848112,178847,177233,10398,187631,1497
2022-05-18,Yolo,113,214977,39545,38139,3351,41490,316
2022-05-18,Yuba,115,75493,16211,16109,1286,17395,122
2022-05-17,Alameda,001,1643700,276205,272530,15314,287844,1859
2022-05-17,Alpine,003,1148,126,126,1,127,0
2022-05-17,Amador,005,37829,8686,8592,680,9272,86
2022-05-17,Butte,007,227075,33705,33486,7003,40489,426
2022-05-17,Calaveras,009,45235,7438,7400,378,7778,120
2022-05-17,Colusa,011,21464,3468,3467,1074,4541,21
2022-05-17,Contra Costa,013,1133247,200897,198207,14505,212712,1303
2022-05-17,Del Norte,015,27424,6135,6001,211,6212,50
2022-05-17,El Dorado,017,186661,27623,27388,3372,30760,212
2022-05-17,Fresno,019,978130,234797,234055,24298,258353,2759
2022-05-17,Glenn,021,27897,5022,5012,1622,6634,48
2022-05-17,Humboldt,023,135768,18072,17868,3359,21227,146
2022-05-17,Imperial,025,180216,56055,55915,10866,66781,918
2022-05-17,Inyo,027,18085,4141,4120,541,4661,56
2022-05-17,Kern,029,883053,193984,193338,46942,240280,2327
2022-05-17,Kings,031,150075,52049,51903,3584,55487,447
2022-05-17,Lake,033,64148,10898,10831,920,11751,137
2022-05-17,Lassen,035,31185,9005,8994,889,9883,65
2022-05-17,Los Angeles,037,10098052,2799776,2780354,130571,2910925,31789
2022-05-17,Madera,039,155013,37815,37644,6220,43864,365
2022-05-17,Marin,041,260295,36621,36024,3486,39510,293
2022-05-17,Mariposa,043,17540,2499,2481,222,2703,30
2022-05-17,Mendocino,045,87422,13493,13403,3342,16745,124
2022-05-17,Merced,047,269075,63111,62802,8980,71782,818
2022-05-17,Modoc,049,8938,747,748,255,1003,8
2022-05-17,Mono,051,14174,3018,3010,153,3163,6
2022-05-17,Monterey,053,433212,81455,80955,15002,95957,735
2022-05-17,Napa,055,140530,27146,26912,1093,28005,143
2022-05-17,Nevada,057,99092,16456,16361,1286,17647,127
2022-05-17,Orange,059,3164182,563344,560094,43861,603955,7021
2022-05-17,Placer,061,380077,65025,64432,7727,72159,626
2022-05-17,Plumas,063,18699,3066,3022,370,3392,13
2022-05-17,Riverside,065,2383286,603080,599947,28888,628835,6471
2022-05-17,Sacramento,067,1510023,290642,288335,28025,316360,3022
2022-05-17,San Benito,069,59416,13216,13186,566,13752,98
2022-05-17,San Bernardino,071,2135413,578348,573790,25381,599171,7455
2022-05-17,San Diego,073,3302833,776592,773934,55363,829297,5277
2022-05-17,San Francisco,075,870044,139763,137341,9252,146593,869
2022-05-17,San Joaquin,077,732212,170135,169045,10758,179803,2236
2022-05-17,San Luis Obispo,079,281455,54052,53756,4186,57942,478
2022-05-17,San Mateo,081,765935,133201,131330,8085,139415,709
2022-05-17,Santa Barbara,083,443738,88982,88317,4975,93292,693
2022-05-17,Santa Clara,085,1922200,337944,333230,14019,347249,2300
2022-05-17,Santa Cruz,087,273765,51446,51020,2319,53339,263
2022-05-17,Shasta,089,179085,31008,30899,6175,37074,558
2022-05-17,Sierra,091,2930,277,275,54,329,4
2022-05-17,Siskiyou,093,43540,4514,4495,2794,7289,81
2022-05-17,Solano,095,438530,85506,84476,5925,90401,451
2022-05-17,Sonoma,097,501317,89312,88195,3307,91502,489
2022-05-17,Stanislaus,099,539301,119611,119025,18008,137033,1645
2022-05-17,Sutter,101,95872,20803,20763,2168,22931,226
2022-05-17,Tehama,103,63373,12161,12133,2634,14767,201
2022-05-17,Trinity,105,12862,1195,1189,292,1481,20
2022-05-17,Tulare,107,460477,107440,107292,28640,135932,1477
2022-05-17,Tuolumne,109,53932,13054,12917,601,13518,182
2022-05-17,Ventura,111,848112,178524,177233,10359,187592,1497
2022-05-17,Yolo,113,214977,39407,38139,3343,41482,316
2022-05-17,Yuba,115,75493,16187,16109,1283,17392,122
2022-05-16,Alameda,001,1643700,275206,272530,15240,287770,1859
2022-05-16,Alpine,003,1148,126,126,1,127,0
2022-05-16,Amador,005,37829,8676,8592,679,9271,86
2022-05-16,Butte,007,227075,33648,33486,6992,40478,426
2022-05-16,Calaveras,009,45235,7430,7400,376,7776,120
2022-05-16,Colusa,011,21464,3467,3467,1074,4541,21
2022-05-16,Contra Costa,013,1133247,200257,198207,14444,212651,1303
2022-05-16,Del Norte,015,27424,6122,6001,208,6209,50
2022-05-16,El Dorado,017,186661,27567,27388,3365,30753,212
2022-05-16,Fresno,019,978130,234536,234055,24264,258319,2759
2022-05-16,Glenn,021,27897,5018,5012,1619,6631,48
2022-05-16,Humboldt,023,135768,18027,17868,3350,21218,146
2022-05-16,Imperial,025,180216,55991,55915,10855,66770,918
2022-05-16,Inyo,027,18085,4137,4120,538,4658,56
2022-05-16,Kern,029,883053,193830,193338,46879,240217,2327
2022-05-16,Kings,031,150075,51999,51903,3583,55486,447
2022-05-16,Lake,033,64148,10892,10831,919,11750,137
2022-05-16,Lassen,035,31185,9000,8994,887,9881,65
2022-05-16,Los Angeles,037,10098052,2795333,2780354,130289,2910643,31789
2022-05-16,Madera,039,155013,37783,37644,6209,43853,365
2022-05-16,Marin,041,260295,36457,36024,3438,39462,293
2022-05-16,Mariposa,043,17540,2498,2481,221,2702,30
2022-05-16,Mendocino,045,87422,13467,13403,3331,16734,124
2022-05-16,Merced,047,269075,63042,62802,8950,71752,818
2022-05-16,Modoc,049,8938,747,748,255,1003,8
2022-05-16,Mono,051,14174,3016,3010,153,3163,6
2022-05-16,Monterey,053,433212,81344,80955,14915,95870,735
2022-05-16,Napa,055,140530,27094,26912,1090,28002,143
2022-05-16,Nevada,057,99092,16437,16361,1280,17641,127
2022-05-16,Orange,059,3164182,562489,560094,43732,603826,7021
2022-05-16,Placer,061,380077,64918,64432,7701,72133,626
2022-05-16,Plumas,063,18699,3056,3022,370,3392,13
2022-05-16,Riverside,065,2383286,602366,599947,28837,628784,6471
2022-05-16,Sacramento,067,1510023,289979,288335,27933,316268,3022
2022-05-16,San Benito,069,59416,13198,13186,561,13747,98
2022-05-16,San Bernardino,071,2135413,577884,573790,25355,599145,7455
2022-05-16,San Diego,073,3302833,775056,773934,55212,829146,5277
2022-05-16,San Francisco,075,870044,139053,137341,9219,146560,869
2022-05-16,San Joaquin,077,732212,169857,169045,10563,179608,2236
2022-05-16,San Luis Obispo,079,281455,53949,53756,4156,57912,478
2022-05-16,San Mateo,081,765935,132659,131330,8040,139370,709
2022-05-16,Santa Barbara,083,443738,88839,88317,4966,93283,693
2022-05-16,Santa Clara,085,1922200,336616,333230,13935,347165,2300
2022-05-16,Santa Cruz,087,273765,51370,51020,2306,53326,263
2022-05-16,Shasta,089,179085,30975,30899,6166,37065,558
2022-05-16,Sierra,091,2930,277,275,53,328,4
2022-05-16,Siskiyou,093,43540,4511,4495,2787,7282,81
2022-05-16,Solano,095,438530,85245,84476,5901,90377,451
2022-05-16,Sonoma,097,501317,89011,88195,3274,91469,489
2022-05-16,Stanislaus,099,539301,119465,119025,17975,137000,1645
2022-05-16,Sutter,101,95872,20789,20763,2163,22926,226
2022-05-16,Tehama,103,63373,12153,12133,2631,14764,201
2022-05-16,Trinity,105,12862,1194,1189,292,1481,20
2022-05-16,Tulare,107,460477,107365,107292,28587,135879,1477
2022-05-16,Tuolumne,109,53932,13022,12917,599,13516,182
2022-05-16,Ventura,111,848112,178190,177233,10312,187545,1497
2022-05-16,Yolo,113,214977,39272,38139,3334,41473,316
2022-05-16,Yuba,115,75493,16160,16109,1280,17389,122
2022-05-15,Alameda,001,1643700,274138,268944,15174,284118,1857
2022-05-15,Alpine,003,1148,126,125,1,126,0
2022-05-15,Amador,005,37829,8660,8574,678,9252,86
2022-05-15,Butte,007,227075,33593,33377,6970,40347,424
2022-05-15,Calaveras,009,45235,7411,7378,374,7752,120
2022-05-15,Colusa,011,21464,3464,3463,1072,4535,21
2022-05-15,Contra Costa,013,1133247,199500,195925,14374,210299,1301
2022-05-15,Del Norte,015,27424,6049,5919,206,6125,50
2022-05-15,El Dorado,017,186661,27506,27216,3353,30569,212
2022-05-15,Fresno,019,978130,234269,233305,24230,257535,2757
2022-05-15,Glenn,021,27897,5015,5004,1618,6622,48
2022-05-15,Humboldt,023,135768,17977,17633,3316,20949,146
2022-05-15,Imperial,025,180216,55955,55756,10834,66590,917
2022-05-15,Inyo,027,18085,4133,4114,533,4647,56
2022-05-15,Kern,029,883053,193654,192939,46797,239736,2314
2022-05-15,Kings,031,150075,51939,51779,3579,55358,447
2022-05-15,Lake,033,64148,10875,10790,916,11706,137
2022-05-15,Lassen,035,31185,8992,8987,886,9873,65
2022-05-15,Los Angeles,037,10098052,2790725,2768726,129917,2898643,31768
2022-05-15,Madera,039,155013,37741,37520,6195,43715,365
2022-05-15,Marin,041,260295,36286,35486,3399,38885,293
2022-05-15,Mariposa,043,17540,2493,2463,220,2683,30
2022-05-15,Mendocino,045,87422,13448,13349,3306,16655,124
2022-05-15,Merced,047,269075,62957,62627,8905,71532,818
2022-05-15,Modoc,049,8938,746,747,255,1002,8
2022-05-15,Mono,051,14174,3013,3002,151,3153,6
2022-05-15,Monterey,053,433212,81234,80620,14824,95444,735
2022-05-15,Napa,055,140530,27042,26698,1086,27784,143
2022-05-15,Nevada,057,99092,16407,16240,1278,17518,127
2022-05-15,Orange,059,3164182,561539,557134,43596,600730,7017
2022-05-15,Placer,061,380077,64736,63963,7679,71642,626
2022-05-15,Plumas,063,18699,3050,3006,370,3376,13
2022-05-15,Riverside,065,2383286,601648,597914,28771,626685,6471
2022-05-15,Sacramento,067,1510023,289265,286403,27801,314204,3022
2022-05-15,San Benito,069,59416,13173,13106,559,13665,98
2022-05-15,San Bernardino,071,2135413,577335,572057,25329,597386,7423
2022-05-15,San Diego,073,3302833,773553,770323,55027,825350,5271
2022-05-15,San Francisco,075,870044,138335,134916,9184,144100,866
2022-05-15,San Joaquin,077,732212,169615,168174,10490,178664,2236
2022-05-15,San Luis Obispo,079,281455,53822,53502,4111,57613,478
2022-05-15,San Mateo,081,765935,132128,129480,7976,137456,709
2022-05-15,Santa Barbara,083,443738,88609,87773,4934,92707,693
2022-05-15,Santa Clara,085,1922200,335189,328609,13850,342459,2297
2022-05-15,Santa Cruz,087,273765,51268,50268,2291,52559,263
2022-05-15,Shasta,089,179085,30933,30799,6160,36959,557
2022-05-15,Sierra,091,2930,277,275,53,328,4
2022-05-15,Siskiyou,093,43540,4509,4482,2784,7266,81
2022-05-15,Solano,095,438530,84927,83669,5872,89541,451
2022-05-15,Sonoma,097,501317,88686,87070,3251,90321,488
2022-05-15,Stanislaus,099,539301,119295,118586,17945,136531,1645
2022-05-15,Sutter,101,95872,20762,20690,2157,22847,226
2022-05-15,Tehama,103,63373,12135,12115,2625,14740,201
2022-05-15,Trinity,105,12862,1193,1188,292,1480,20
2022-05-15,Tulare,107,460477,107265,107077,28534,135611,1469
2022-05-15,Tuolumne,109,53932,12971,12851,598,13449,182
2022-05-15,Ventura,111,848112,177845,176317,10267,186584,1497
2022-05-15,Yolo,113,214977,39157,37737,3322,41059,316
2022-05-15,Yuba,115,75493,16126,16028,1270,17298,122
2022-05-14,Alameda,001,1643700,273719,268944,15156,284100,1857
2022-05-14,Alpine,003,1148,125,125,1,126,0
2022-05-14,Amador,005,37829,8654,8574,678,9252,86
2022-05-14,Butte,007,227075,33574,33377,6962,40339,424
2022-05-14,Calaveras,009,45235,7409,7378,374,7752,120
2022-05-14,Colusa,011,21464,3464,3463,1072,4535,21
2022-05-14,Contra Costa,013,1133247,199122,195925,14344,210269,1301
2022-05-14,Del Norte,015,27424,6041,5919,204,6123,50
2022-05-14,El Dorado,017,186661,27476,27216,3348,30564,212
2022-05-14,Fresno,019,978130,234146,233305,24222,257527,2757
2022-05-14,Glenn,021,27897,5014,5004,1614,6618,48
2022-05-14,Humboldt,023,135768,17951,17633,3309,20942,146
2022-05-14,Imperial,025,180216,55924,55756,10831,66587,917
2022-05-14,Inyo,027,18085,4128,4114,533,4647,56
2022-05-14,Kern,029,883053,193583,192939,46751,239690,2314
2022-05-14,Kings,031,150075,51912,51779,3579,55358,447
2022-05-14,Lake,033,64148,10865,10790,911,11701,137
2022-05-14,Lassen,035,31185,8990,8987,886,9873,65
2022-05-14,Los Angeles,037,10098052,2788814,2768726,129694,2898420,31768
2022-05-14,Madera,039,155013,37727,37520,6195,43715,365
2022-05-14,Marin,041,260295,36181,35486,3348,38834,293
2022-05-14,Mariposa,043,17540,2492,2463,220,2683,30
2022-05-14,Mendocino,045,87422,13438,13349,3304,16653,124
2022-05-14,Merced,047,269075,62922,62627,8902,71529,818
2022-05-14,Modoc,049,8938,745,747,255,1002,8
2022-05-14,Mono,051,14174,3013,3002,150,3152,6
2022-05-14,Monterey,053,433212,81170,80620,14771,95391,735
2022-05-14,Napa,055,140530,27019,26698,1079,27777,143
2022-05-14,Nevada,057,99092,16392,16240,1277,17517,127
2022-05-14,Orange,059,3164182,561095,557134,43508,600642,7017
2022-05-14,Placer,061,380077,64630,63963,7657,71620,626
2022-05-14,Plumas,063,18699,3046,3006,370,3376,13
2022-05-14,Riverside,065,2383286,601241,597914,28738,626652,6471
2022-05-14,Sacramento,067,1510023,288994,286403,27780,314183,3022
2022-05-14,San Benito,069,59416,13162,13106,557,13663,98
2022-05-14,San Bernardino,071,2135413,577057,572057,25315,597372,7423
2022-05-14,San Diego,073,3302833,772954,770323,54981,825304,5271
2022-05-14,San Francisco,075,870044,137973,134916,9162,144078,866
2022-05-14,San Joaquin,077,732212,169475,168174,10475,178649,2236
2022-05-14,San Luis Obispo,079,281455,53795,53502,4108,57610,478
2022-05-14,San Mateo,081,765935,131801,129480,7954,137434,709
2022-05-14,Santa Barbara,083,443738,88502,87773,4934,92707,693
2022-05-14,Santa Clara,085,1922200,334356,328609,13811,342420,2297
2022-05-14,Santa Cruz,087,273765,51221,50268,2281,52549,263
2022-05-14,Shasta,089,179085,30928,30799,6159,36958,557
2022-05-14,Sierra,091,2930,277,275,53,328,4
2022-05-14,Siskiyou,093,43540,4506,4482,2782,7264,81
2022-05-14,Solano,095,438530,84866,83669,5862,89531,451
2022-05-14,Sonoma,097,501317,88541,87070,3242,90312,488
2022-05-14,Stanislaus,099,539301,119211,118586,17934,136520,1645
2022-05-14,Sutter,101,95872,20754,20690,2156,22846,226
2022-05-14,Tehama,103,63373,12129,12115,2624,14739,201
2022-05-14,Trinity,105,12862,1193,1188,292,1480,20
2022-05-14,Tulare,107,460477,107220,107077,28505,135582,1469
2022-05-14,Tuolumne,109,53932,12959,12851,598,13449,182
2022-05-14,Ventura,111,848112,177683,176317,10245,186562,1497
2022-05-14,Yolo,113,214977,39087,37737,3315,41052,316
2022-05-14,Yuba,115,75493,16119,16028,1269,17297,122
2022-05-13,Alameda,001,1643700,273243,268944,15129,284073,1857
2022-05-13,Alpine,003,1148,125,125,1,126,0
2022-05-13,Amador,005,37829,8649,8574,677,9251,86
2022-05-13,Butte,007,227075,33557,33377,6959,40336,424
2022-05-13,Calaveras,009,45235,7405,7378,374,7752,120
2022-05-13,Colusa,011,21464,3463,3463,1072,4535,21
2022-05-13,Contra Costa,013,1133247,198778,195925,14316,210241,1301
2022-05-13,Del Norte,015,27424,6038,5919,204,6123,50
2022-05-13,El Dorado,017,186661,27448,27216,3348,30564,212
2022-05-13,Fresno,019,978130,234038,233305,24202,257507,2757
2022-05-13,Glenn,021,27897,5012,5004,1613,6617,48
2022-05-13,Humboldt,023,135768,17927,17633,3301,20934,146
2022-05-13,Imperial,025,180216,55905,55756,10830,66586,917
2022-05-13,Inyo,027,18085,4128,4114,532,4646,56
2022-05-13,Kern,029,883053,193509,192939,46721,239660,2314
2022-05-13,Kings,031,150075,51888,51779,3579,55358,447
2022-05-13,Lake,033,64148,10862,10790,911,11701,137
2022-05-13,Lassen,035,31185,8989,8987,886,9873,65
2022-05-13,Los Angeles,037,10098052,2786873,2768726,129505,2898231,31768
2022-05-13,Madera,039,155013,37707,37520,6186,43706,365
2022-05-13,Marin,041,260295,36079,35486,3307,38793,293
2022-05-13,Mariposa,043,17540,2490,2463,220,2683,30
2022-05-13,Mendocino,045,87422,13424,13349,3299,16648,124
2022-05-13,Merced,047,269075,62887,62627,8894,71521,818
2022-05-13,Modoc,049,8938,745,747,255,1002,8
2022-05-13,Mono,051,14174,3011,3002,149,3151,6
2022-05-13,Monterey,053,433212,81114,80620,14730,95350,735
2022-05-13,Napa,055,140530,26983,26698,1077,27775,143
2022-05-13,Nevada,057,99092,16377,16240,1276,17516,127
2022-05-13,Orange,059,3164182,560631,557134,43436,600570,7017
2022-05-13,Placer,061,380077,64551,63963,7647,71610,626
2022-05-13,Plumas,063,18699,3039,3006,370,3376,13
2022-05-13,Riverside,065,2383286,600853,597914,28710,626624,6471
2022-05-13,Sacramento,067,1510023,288656,286403,27761,314164,3022
2022-05-13,San Benito,069,59416,13158,13106,557,13663,98
2022-05-13,San Bernardino,071,2135413,576819,572057,25306,597363,7423
2022-05-13,San Diego,073,3302833,772315,770323,54903,825226,5271
2022-05-13,San Francisco,075,870044,137619,134916,9142,144058,866
2022-05-13,San Joaquin,077,732212,169356,168174,10463,178637,2236
2022-05-13,San Luis Obispo,079,281455,53759,53502,4104,57606,478
2022-05-13,San Mateo,081,765935,131513,129480,7933,137413,709
2022-05-13,Santa Barbara,083,443738,88409,87773,4931,92704,693
2022-05-13,Santa Clara,085,1922200,333551,328609,13779,342388,2297
2022-05-13,Santa Cruz,087,273765,51134,50268,2273,52541,263
2022-05-13,Shasta,089,179085,30924,30799,6159,36958,557
2022-05-13,Sierra,091,2930,276,275,50,325,4
2022-05-13,Siskiyou,093,43540,4505,4482,2781,7263,81
2022-05-13,Solano,095,438530,84744,83669,5855,89524,451
2022-05-13,Sonoma,097,501317,88364,87070,3232,90302,488
2022-05-13,Stanislaus,099,539301,119115,118586,17925,136511,1645
2022-05-13,Sutter,101,95872,20742,20690,2155,22845,226
2022-05-13,Tehama,103,63373,12127,12115,2622,14737,201
2022-05-13,Trinity,105,12862,1192,1188,292,1480,20
2022-05-13,Tulare,107,460477,107175,107077,28467,135544,1469
2022-05-13,Tuolumne,109,53932,12943,12851,598,13449,182
2022-05-13,Ventura,111,848112,177507,176317,10235,186552,1497
2022-05-13,Yolo,113,214977,39025,37737,3311,41048,316
2022-05-13,Yuba,115,75493,16106,16028,1266,17294,122
2022-05-12,Alameda,001,1643700,272499,268944,15074,284018,1857
2022-05-12,Alpine,003,1148,125,125,1,126,0
2022-05-12,Amador,005,37829,8640,8574,677,9251,86
2022-05-12,Butte,007,227075,33531,33377,6945,40322,424
2022-05-12,Calaveras,009,45235,7401,7378,373,7751,120
2022-05-12,Colusa,011,21464,3463,3463,1071,4534,21
2022-05-12,Contra Costa,013,1133247,198257,195925,14253,210178,1301
2022-05-12,Del Norte,015,27424,6021,5919,202,6121,50
2022-05-12,El Dorado,017,186661,27407,27216,3339,30555,212
2022-05-12,Fresno,019,978130,233888,233305,24183,257488,2757
2022-05-12,Glenn,021,27897,5008,5004,1613,6617,48
2022-05-12,Humboldt,023,135768,17885,17633,3286,20919,146
2022-05-12,Imperial,025,180216,55878,55756,10815,66571,917
2022-05-12,Inyo,027,18085,4124,4114,527,4641,56
2022-05-12,Kern,029,883053,193445,192939,46672,239611,2314
2022-05-12,Kings,031,150075,51867,51779,3576,55355,447
2022-05-12,Lake,033,64148,10844,10790,906,11696,137
2022-05-12,Lassen,035,31185,8988,8987,885,9872,65
2022-05-12,Los Angeles,037,10098052,2783662,2768726,129233,2897959,31768
2022-05-12,Madera,039,155013,37681,37520,6175,43695,365
2022-05-12,Marin,041,260295,35979,35486,3284,38770,293
2022-05-12,Mariposa,043,17540,2485,2463,219,2682,30
2022-05-12,Mendocino,045,87422,13407,13349,3287,16636,124
2022-05-12,Merced,047,269075,62854,62627,8881,71508,818
2022-05-12,Modoc,049,8938,744,747,255,1002,8
2022-05-12,Mono,051,14174,3011,3002,148,3150,6
2022-05-12,Monterey,053,433212,81055,80620,14682,95302,735
2022-05-12,Napa,055,140530,26937,26698,1075,27773,143
2022-05-12,Nevada,057,99092,16355,16240,1275,17515,127
2022-05-12,Orange,059,3164182,559990,557134,43326,600460,7017
2022-05-12,Placer,061,380077,64453,63963,7624,71587,626
2022-05-12,Plumas,063,18699,3033,3006,370,3376,13
2022-05-12,Riverside,065,2383286,600395,597914,28678,626592,6471
2022-05-12,Sacramento,067,1510023,288198,286403,27696,314099,3022
2022-05-12,San Benito,069,59416,13143,13106,555,13661,98
2022-05-12,San Bernardino,071,2135413,576473,572057,25287,597344,7423
2022-05-12,San Diego,073,3302833,771361,770323,54814,825137,5271
2022-05-12,San Francisco,075,870044,137237,134916,9102,144018,866
2022-05-12,San Joaquin,077,732212,169177,168174,10428,178602,2236
2022-05-12,San Luis Obispo,079,281455,53700,53502,4075,57577,478
2022-05-12,San Mateo,081,765935,131105,129480,7879,137359,709
2022-05-12,Santa Barbara,083,443738,88303,87773,4920,92693,693
2022-05-12,Santa Clara,085,1922200,332570,328609,13690,342299,2297
2022-05-12,Santa Cruz,087,273765,50990,50268,2268,52536,263
2022-05-12,Shasta,089,179085,30911,30799,6156,36955,557
2022-05-12,Sierra,091,2930,275,275,50,325,4
2022-05-12,Siskiyou,093,43540,4500,4482,2779,7261,81
2022-05-12,Solano,095,438530,84528,83669,5842,89511,451
2022-05-12,Sonoma,097,501317,88147,87070,3209,90279,488
2022-05-12,Stanislaus,099,539301,119014,118586,17898,136484,1645
2022-05-12,Sutter,101,95872,20726,20690,2154,22844,226
2022-05-12,Tehama,103,63373,12120,12115,2620,14735,201
2022-05-12,Trinity,105,12862,1191,1188,291,1479,20
2022-05-12,Tulare,107,460477,107123,107077,28414,135491,1469
2022-05-12,Tuolumne,109,53932,12922,12851,596,13447,182
2022-05-12,Ventura,111,848112,177276,176317,10199,186516,1497
2022-05-12,Yolo,113,214977,38912,37737,3301,41038,316
2022-05-12,Yuba,115,75493,16090,16028,1262,17290,122
2022-05-11,Alameda,001,1643700,271790,267982,15022,283004,1853
2022-05-11,Alpine,003,1148,125,125,1,126,0
2022-05-11,Amador,005,37829,8633,8564,676,9240,86
2022-05-11,Butte,007,227075,33498,33339,6940,40279,423
2022-05-11,Calaveras,009,45235,7396,7368,369,7737,120
2022-05-11,Colusa,011,21464,3462,3462,1071,4533,21
2022-05-11,Contra Costa,013,1133247,197743,195153,14199,209352,1302
2022-05-11,Del Norte,015,27424,6011,5911,202,6113,50
2022-05-11,El Dorado,017,186661,27371,27172,3332,30504,212
2022-05-11,Fresno,019,978130,233725,233021,24155,257176,2754
2022-05-11,Glenn,021,27897,5008,5001,1612,6613,48
2022-05-11,Humboldt,023,135768,17842,17585,3270,20855,146
2022-05-11,Imperial,025,180216,55851,55751,10804,66555,917
2022-05-11,Inyo,027,18085,4123,4093,526,4619,56
2022-05-11,Kern,029,883053,193348,192795,46626,239421,2292
2022-05-11,Kings,031,150075,51839,51752,3574,55326,447
2022-05-11,Lake,033,64148,10831,10786,905,11691,137
2022-05-11,Lassen,035,31185,8987,8984,884,9868,65
2022-05-11,Los Angeles,037,10098052,2780523,2761410,129004,2890414,31747
2022-05-11,Madera,039,155013,37648,37496,6164,43660,365
2022-05-11,Marin,041,260295,35878,35336,3240,38576,292
2022-05-11,Mariposa,043,17540,2480,2461,219,2680,30
2022-05-11,Mendocino,045,87422,13392,13320,3270,16590,124
2022-05-11,Merced,047,269075,62812,62567,8859,71426,818
2022-05-11,Modoc,049,8938,743,747,255,1002,8
2022-05-11,Mono,051,14174,3011,2999,147,3146,6
2022-05-11,Monterey,053,433212,80991,80534,14630,95164,733
2022-05-11,Napa,055,140530,26885,26660,1073,27733,143
2022-05-11,Nevada,057,99092,16339,16230,1270,17500,127
2022-05-11,Orange,059,3164182,559314,556265,43246,599511,7009
2022-05-11,Placer,061,380077,64355,63823,7609,71432,625
2022-05-11,Plumas,063,18699,3025,2998,370,3368,13
2022-05-11,Riverside,065,2383286,599944,597302,28645,625947,6468
2022-05-11,Sacramento,067,1510023,287785,285799,27649,313448,3020
2022-05-11,San Benito,069,59416,13123,13088,555,13643,98
2022-05-11,San Bernardino,071,2135413,576108,571372,25278,596650,7354
2022-05-11,San Diego,073,3302833,770379,768135,54684,822819,5257
2022-05-11,San Francisco,075,870044,136738,134027,9072,143099,864
2022-05-11,San Joaquin,077,732212,169002,167949,10405,178354,2233
2022-05-11,San Luis Obispo,079,281455,53653,53420,4057,57477,478
2022-05-11,San Mateo,081,765935,130709,128821,7834,136655,711
2022-05-11,Santa Barbara,083,443738,88174,87593,4907,92500,693
2022-05-11,Santa Clara,085,1922200,331558,327177,13638,340815,2294
2022-05-11,Santa Cruz,087,273765,50832,50031,2253,52284,263
2022-05-11,Shasta,089,179085,30879,30768,6153,36921,564
2022-05-11,Sierra,091,2930,275,275,50,325,4
2022-05-11,Siskiyou,093,43540,4498,4478,2779,7257,81
2022-05-11,Solano,095,438530,84331,83464,5830,89294,450
2022-05-11,Sonoma,097,501317,87942,86798,3197,89995,488
2022-05-11,Stanislaus,099,539301,118914,118445,17879,136324,1644
2022-05-11,Sutter,101,95872,20711,20668,2153,22821,225
2022-05-11,Tehama,103,63373,12120,12106,2620,14726,201
2022-05-11,Trinity,105,12862,1189,1188,291,1479,20
2022-05-11,Tulare,107,460477,107067,107068,28383,135451,1468
2022-05-11,Tuolumne,109,53932,12903,12829,596,13425,181
2022-05-11,Ventura,111,848112,177079,175955,10158,186113,1491
2022-05-11,Yolo,113,214977,38797,37654,3299,40953,316
2022-05-11,Yuba,115,75493,16071,15997,1253,17250,122
2022-05-10,Alameda,001,1643700,271013,267982,14971,282953,1853
2022-05-10,Alpine,003,1148,125,125,1,126,0
2022-05-10,Amador,005,37829,8629,8564,675,9239,86
2022-05-10,Butte,007,227075,33474,33339,6935,40274,423
2022-05-10,Calaveras,009,45235,7392,7368,368,7736,120
2022-05-10,Colusa,011,21464,3462,3462,1070,4532,21
2022-05-10,Contra Costa,013,1133247,197260,195153,14158,209311,1302
2022-05-10,Del Norte,015,27424,5958,5911,202,6113,50
2022-05-10,El Dorado,017,186661,27334,27172,3326,30498,212
2022-05-10,Fresno,019,978130,233565,233021,24126,257147,2754
2022-05-10,Glenn,021,27897,5005,5001,1612,6613,48
2022-05-10,Humboldt,023,135768,17804,17585,3254,20839,146
2022-05-10,Imperial,025,180216,55816,55751,10786,66537,917
2022-05-10,Inyo,027,18085,4121,4093,520,4613,56
2022-05-10,Kern,029,883053,193246,192795,46587,239382,2292
2022-05-10,Kings,031,150075,51807,51752,3574,55326,447
2022-05-10,Lake,033,64148,10826,10786,905,11691,137
2022-05-10,Lassen,035,31185,8982,8984,884,9868,65
2022-05-10,Los Angeles,037,10098052,2777227,2761410,128770,2890180,31747
2022-05-10,Madera,039,155013,37616,37496,6151,43647,365
2022-05-10,Marin,041,260295,35766,35336,3196,38532,292
2022-05-10,Mariposa,043,17540,2480,2461,219,2680,30
2022-05-10,Mendocino,045,87422,13380,13320,3257,16577,124
2022-05-10,Merced,047,269075,62766,62567,8840,71407,818
2022-05-10,Modoc,049,8938,743,747,255,1002,8
2022-05-10,Mono,051,14174,3007,2999,144,3143,6
2022-05-10,Monterey,053,433212,80925,80534,14580,95114,733
2022-05-10,Napa,055,140530,26847,26660,1071,27731,143
2022-05-10,Nevada,057,99092,16319,16230,1265,17495,127
2022-05-10,Orange,059,3164182,558604,556265,43152,599417,7009
2022-05-10,Placer,061,380077,64242,63823,7594,71417,625
2022-05-10,Plumas,063,18699,3017,2998,369,3367,13
2022-05-10,Riverside,065,2383286,599517,597302,28613,625915,6468
2022-05-10,Sacramento,067,1510023,287284,285799,27581,313380,3020
2022-05-10,San Benito,069,59416,13106,13088,550,13638,98
2022-05-10,San Bernardino,071,2135413,575753,571372,25250,596622,7354
2022-05-10,San Diego,073,3302833,769360,768135,54565,822700,5257
2022-05-10,San Francisco,075,870044,136185,134027,9045,143072,864
2022-05-10,San Joaquin,077,732212,168843,167949,10341,178290,2233
2022-05-10,San Luis Obispo,079,281455,53577,53420,4031,57451,478
2022-05-10,San Mateo,081,765935,130333,128821,7794,136615,711
2022-05-10,Santa Barbara,083,443738,88058,87593,4892,92485,693
2022-05-10,Santa Clara,085,1922200,330529,327177,13556,340733,2294
2022-05-10,Santa Cruz,087,273765,50706,50031,2243,52274,263
2022-05-10,Shasta,089,179085,30859,30768,6152,36920,564
2022-05-10,Sierra,091,2930,275,275,49,324,4
2022-05-10,Siskiyou,093,43540,4494,4478,2779,7257,81
2022-05-10,Solano,095,438530,84147,83464,5811,89275,450
2022-05-10,Sonoma,097,501317,87701,86798,3160,89958,488
2022-05-10,Stanislaus,099,539301,118820,118445,17860,136305,1644
2022-05-10,Sutter,101,95872,20692,20668,2150,22818,225
2022-05-10,Tehama,103,63373,12117,12106,2613,14719,201
2022-05-10,Trinity,105,12862,1189,1188,291,1479,20
2022-05-10,Tulare,107,460477,107025,107068,28353,135421,1468
2022-05-10,Tuolumne,109,53932,12891,12829,596,13425,181
2022-05-10,Ventura,111,848112,176864,175955,10123,186078,1491
2022-05-10,Yolo,113,214977,38695,37654,3288,40942,316
2022-05-10,Yuba,115,75493,16050,15997,1250,17247,122
2022-05-09,Alameda,001,1643700,270245,267982,14926,282908,1853
2022-05-09,Alpine,003,1148,125,125,1,126,0
2022-05-09,Amador,005,37829,8622,8564,675,9239,86
2022-05-09,Butte,007,227075,33448,33339,6927,40266,423
2022-05-09,Calaveras,009,45235,7386,7368,368,7736,120
2022-05-09,Colusa,011,21464,3460,3462,1068,4530,21
2022-05-09,Contra Costa,013,1133247,196793,195153,14098,209251,1302
2022-05-09,Del Norte,015,27424,5949,5911,201,6112,50
2022-05-09,El Dorado,017,186661,27298,27172,3318,30490,212
2022-05-09,Fresno,019,978130,233406,233021,24104,257125,2754
2022-05-09,Glenn,021,27897,5003,5001,1610,6611,48
2022-05-09,Humboldt,023,135768,17753,17585,3232,20817,146
2022-05-09,Imperial,025,180216,55783,55751,10772,66523,917
2022-05-09,Inyo,027,18085,4118,4093,517,4610,56
2022-05-09,Kern,029,883053,193148,192795,46531,239326,2292
2022-05-09,Kings,031,150075,51776,51752,3573,55325,447
2022-05-09,Lake,033,64148,10818,10786,904,11690,137
2022-05-09,Lassen,035,31185,8980,8984,884,9868,65
2022-05-09,Los Angeles,037,10098052,2773871,2761410,128525,2889935,31747
2022-05-09,Madera,039,155013,37585,37496,6142,43638,365
2022-05-09,Marin,041,260295,35649,35336,3160,38496,292
2022-05-09,Mariposa,043,17540,2475,2461,219,2680,30
2022-05-09,Mendocino,045,87422,13369,13320,3246,16566,124
2022-05-09,Merced,047,269075,62725,62567,8821,71388,818
2022-05-09,Modoc,049,8938,743,747,255,1002,8
2022-05-09,Mono,051,14174,3005,2999,142,3141,6
2022-05-09,Monterey,053,433212,80830,80534,14526,95060,733
2022-05-09,Napa,055,140530,26797,26660,1069,27729,143
2022-05-09,Nevada,057,99092,16292,16230,1259,17489,127
2022-05-09,Orange,059,3164182,557934,556265,43071,599336,7009
2022-05-09,Placer,061,380077,64182,63823,7577,71400,625
2022-05-09,Plumas,063,18699,3008,2998,369,3367,13
2022-05-09,Riverside,065,2383286,599028,597302,28576,625878,6468
2022-05-09,Sacramento,067,1510023,286857,285799,27507,313306,3020
2022-05-09,San Benito,069,59416,13088,13088,547,13635,98
2022-05-09,San Bernardino,071,2135413,575422,571372,25235,596607,7354
2022-05-09,San Diego,073,3302833,768383,768135,54423,822558,5257
2022-05-09,San Francisco,075,870044,135632,134027,9020,143047,864
2022-05-09,San Joaquin,077,732212,168658,167949,10316,178265,2233
2022-05-09,San Luis Obispo,079,281455,53525,53420,4011,57431,478
2022-05-09,San Mateo,081,765935,129907,128821,7755,136576,711
2022-05-09,Santa Barbara,083,443738,87930,87593,4880,92473,693
2022-05-09,Santa Clara,085,1922200,329376,327177,13487,340664,2294
2022-05-09,Santa Cruz,087,273765,50568,50031,2235,52266,263
2022-05-09,Shasta,089,179085,30845,30768,6150,36918,564
2022-05-09,Sierra,091,2930,275,275,49,324,4
2022-05-09,Siskiyou,093,43540,4492,4478,2779,7257,81
2022-05-09,Solano,095,438530,83991,83464,5797,89261,450
2022-05-09,Sonoma,097,501317,87441,86798,3133,89931,488
2022-05-09,Stanislaus,099,539301,118724,118445,17842,136287,1644
2022-05-09,Sutter,101,95872,20679,20668,2149,22817,225
2022-05-09,Tehama,103,63373,12115,12106,2611,14717,201
2022-05-09,Trinity,105,12862,1189,1188,291,1479,20
2022-05-09,Tulare,107,460477,106977,107068,28315,135383,1468
2022-05-09,Tuolumne,109,53932,12883,12829,596,13425,181
2022-05-09,Ventura,111,848112,176646,175955,10075,186030,1491
2022-05-09,Yolo,113,214977,38585,37654,3279,40933,316
2022-05-09,Yuba,115,75493,16041,15997,1249,17246,122
2022-05-08,Alameda,001,1643700,269359,265198,14860,280058,1855
2022-05-08,Alpine,003,1148,125,125,1,126,0
2022-05-08,Amador,005,37829,8611,8556,673,9229,86
2022-05-08,Butte,007,227075,33425,33269,6916,40185,421
2022-05-08,Calaveras,009,45235,7379,7353,367,7720,120
2022-05-08,Colusa,011,21464,3459,3459,1068,4527,21
2022-05-08,Contra Costa,013,1133247,196279,193961,14016,207977,1302
2022-05-08,Del Norte,015,27424,5935,5884,201,6085,50
2022-05-08,El Dorado,017,186661,27260,27081,3312,30393,210
2022-05-08,Fresno,019,978130,233238,232655,24080,256735,2754
2022-05-08,Glenn,021,27897,5001,4996,1610,6606,48
2022-05-08,Humboldt,023,135768,17700,17410,3193,20603,146
2022-05-08,Imperial,025,180216,55749,55683,10762,66445,917
2022-05-08,Inyo,027,18085,4111,4087,517,4604,56
2022-05-08,Kern,029,883053,193054,192590,46486,239076,2287
2022-05-08,Kings,031,150075,51759,51702,3573,55275,447
2022-05-08,Lake,033,64148,10811,10766,904,11670,137
2022-05-08,Lassen,035,31185,8976,8978,884,9862,65
2022-05-08,Los Angeles,037,10098052,2770289,2751478,128234,2879712,31738
2022-05-08,Madera,039,155013,37565,37420,6123,43543,365
2022-05-08,Marin,041,260295,35525,34934,3112,38046,292
2022-05-08,Mariposa,043,17540,2468,2438,218,2656,30
2022-05-08,Mendocino,045,87422,13350,13270,3219,16489,124
2022-05-08,Merced,047,269075,62674,62471,8791,71262,818
2022-05-08,Modoc,049,8938,743,745,255,1000,8
2022-05-08,Mono,051,14174,3004,2997,140,3137,6
2022-05-08,Monterey,053,433212,80738,80246,14442,94688,733
2022-05-08,Napa,055,140530,26756,26524,1066,27590,143
2022-05-08,Nevada,057,99092,16268,16171,1257,17428,127
2022-05-08,Orange,059,3164182,557255,554411,42966,597377,7007
2022-05-08,Placer,061,380077,64065,63577,7549,71126,625
2022-05-08,Plumas,063,18699,3004,2996,369,3365,13
2022-05-08,Riverside,065,2383286,598540,596022,28539,624561,6467
2022-05-08,Sacramento,067,1510023,286351,284564,27434,311998,3016
2022-05-08,San Benito,069,59416,13073,13047,544,13591,98
2022-05-08,San Bernardino,071,2135413,574990,570381,25199,595580,7306
2022-05-08,San Diego,073,3302833,767356,765377,54318,819695,5244
2022-05-08,San Francisco,075,870044,134972,132659,8986,141645,861
2022-05-08,San Joaquin,077,732212,168470,167568,10280,177848,2229
2022-05-08,San Luis Obispo,079,281455,53454,53273,3991,57264,477
2022-05-08,San Mateo,081,765935,129445,127615,7703,135318,709
2022-05-08,Santa Barbara,083,443738,87796,87305,4871,92176,692
2022-05-08,Santa Clara,085,1922200,328296,324946,13410,338356,2287
2022-05-08,Santa Cruz,087,273765,50388,49605,2231,51836,262
2022-05-08,Shasta,089,179085,30817,30721,6146,36867,563
2022-05-08,Sierra,091,2930,275,275,49,324,4
2022-05-08,Siskiyou,093,43540,4489,4470,2774,7244,81
2022-05-08,Solano,095,438530,83821,83038,5772,88810,450
2022-05-08,Sonoma,097,501317,87221,86150,3099,89249,488
2022-05-08,Stanislaus,099,539301,118616,118235,17819,136054,1643
2022-05-08,Sutter,101,95872,20658,20694,2145,22839,225
2022-05-08,Tehama,103,63373,12109,12098,2608,14706,201
2022-05-08,Trinity,105,12862,1188,1180,291,1471,20
2022-05-08,Tulare,107,460477,106936,106987,28279,135266,1468
2022-05-08,Tuolumne,109,53932,12870,12793,592,13385,181
2022-05-08,Ventura,111,848112,176410,175454,10024,185478,1491
2022-05-08,Yolo,113,214977,38479,37456,3265,40721,315
2022-05-08,Yuba,115,75493,16019,15964,1245,17209,122
2022-05-07,Alameda,001,1643700,268987,265198,14842,280040,1855
2022-05-07,Alpine,003,1148,125,125,1,126,0
2022-05-07,Amador,005,37829,8609,8556,673,9229,86
2022-05-07,Butte,007,227075,33417,33269,6909,40178,421
2022-05-07,Calaveras,009,45235,7372,7353,367,7720,120
2022-05-07,Colusa,011,21464,3459,3459,1068,4527,21
2022-05-07,Contra Costa,013,1133247,196038,193961,13999,207960,1302
2022-05-07,Del Norte,015,27424,5933,5884,201,6085,50
2022-05-07,El Dorado,017,186661,27242,27081,3311,30392,210
2022-05-07,Fresno,019,978130,233183,232655,24072,256727,2754
2022-05-07,Glenn,021,27897,5000,4996,1610,6606,48
2022-05-07,Humboldt,023,135768,17671,17410,3185,20595,146
2022-05-07,Imperial,025,180216,55726,55683,10755,66438,917
2022-05-07,Inyo,027,18085,4108,4087,517,4604,56
2022-05-07,Kern,029,883053,193019,192590,46464,239054,2287
2022-05-07,Kings,031,150075,51748,51702,3573,55275,447
2022-05-07,Lake,033,64148,10807,10766,904,11670,137
2022-05-07,Lassen,035,31185,8976,8978,884,9862,65
2022-05-07,Los Angeles,037,10098052,2768697,2751478,128065,2879543,31738
2022-05-07,Madera,039,155013,37558,37420,6123,43543,365
2022-05-07,Marin,041,260295,35451,34934,3080,38014,292
2022-05-07,Mariposa,043,17540,2465,2438,218,2656,30
2022-05-07,Mendocino,045,87422,13341,13270,3216,16486,124
2022-05-07,Merced,047,269075,62661,62471,8790,71261,818
2022-05-07,Modoc,049,8938,743,745,255,1000,8
2022-05-07,Mono,051,14174,3003,2997,140,3137,6
2022-05-07,Monterey,053,433212,80678,80246,14416,94662,733
2022-05-07,Napa,055,140530,26726,26524,1065,27589,143
2022-05-07,Nevada,057,99092,16258,16171,1252,17423,127
2022-05-07,Orange,059,3164182,556926,554411,42914,597325,7007
2022-05-07,Placer,061,380077,64002,63577,7543,71120,625
2022-05-07,Plumas,063,18699,3004,2996,368,3364,13
2022-05-07,Riverside,065,2383286,598285,596022,28511,624533,6467
2022-05-07,Sacramento,067,1510023,286157,284564,27421,311985,3016
2022-05-07,San Benito,069,59416,13064,13047,539,13586,98
2022-05-07,San Bernardino,071,2135413,574778,570381,25193,595574,7306
2022-05-07,San Diego,073,3302833,766870,765377,54289,819666,5244
2022-05-07,San Francisco,075,870044,134639,132659,8966,141625,861
2022-05-07,San Joaquin,077,732212,168364,167568,10272,177840,2229
2022-05-07,San Luis Obispo,079,281455,53442,53273,3980,57253,477
2022-05-07,San Mateo,081,765935,129160,127615,7681,135296,709
2022-05-07,Santa Barbara,083,443738,87716,87305,4868,92173,692
2022-05-07,Santa Clara,085,1922200,327673,324946,13381,338327,2287
2022-05-07,Santa Cruz,087,273765,50335,49605,2221,51826,262
2022-05-07,Shasta,089,179085,30809,30721,6146,36867,563
2022-05-07,Sierra,091,2930,275,275,49,324,4
2022-05-07,Siskiyou,093,43540,4487,4470,2773,7243,81
2022-05-07,Solano,095,438530,83766,83038,5768,88806,450
2022-05-07,Sonoma,097,501317,87096,86150,3090,89240,488
2022-05-07,Stanislaus,099,539301,118569,118235,17812,136047,1643
2022-05-07,Sutter,101,95872,20649,20694,2145,22839,225
2022-05-07,Tehama,103,63373,12107,12098,2607,14705,201
2022-05-07,Trinity,105,12862,1188,1180,291,1471,20
2022-05-07,Tulare,107,460477,106912,106987,28267,135254,1468
2022-05-07,Tuolumne,109,53932,12863,12793,592,13385,181
2022-05-07,Ventura,111,848112,176300,175454,9997,185451,1491
2022-05-07,Yolo,113,214977,38434,37456,3263,40719,315
2022-05-07,Yuba,115,75493,16010,15964,1244,17208,122
2022-05-06,Alameda,001,1643700,268608,265198,14819,280017,1855
2022-05-06,Alpine,003,1148,125,125,1,126,0
2022-05-06,Amador,005,37829,8608,8556,672,9228,86
2022-05-06,Butte,007,227075,33408,33269,6906,40175,421
2022-05-06,Calaveras,009,45235,7369,7353,367,7720,120
2022-05-06,Colusa,011,21464,3459,3459,1068,4527,21
2022-05-06,Contra Costa,013,1133247,195805,193961,13986,207947,1302
2022-05-06,Del Norte,015,27424,5924,5884,201,6085,50
2022-05-06,El Dorado,017,186661,27217,27081,3309,30390,210
2022-05-06,Fresno,019,978130,233107,232655,24063,256718,2754
2022-05-06,Glenn,021,27897,5000,4996,1610,6606,48
2022-05-06,Humboldt,023,135768,17644,17410,3178,20588,146
2022-05-06,Imperial,025,180216,55716,55683,10751,66434,917
2022-05-06,Inyo,027,18085,4098,4087,514,4601,56
2022-05-06,Kern,029,883053,192967,192590,46436,239026,2287
2022-05-06,Kings,031,150075,51740,51702,3573,55275,447
2022-05-06,Lake,033,64148,10805,10766,904,11670,137
2022-05-06,Lassen,035,31185,8976,8978,884,9862,65
2022-05-06,Los Angeles,037,10098052,2766872,2751478,127920,2879398,31738
2022-05-06,Madera,039,155013,37544,37420,6120,43540,365
2022-05-06,Marin,041,260295,35373,34934,3034,37968,292
2022-05-06,Mariposa,043,17540,2464,2438,211,2649,30
2022-05-06,Mendocino,045,87422,13329,13270,3214,16484,124
2022-05-06,Merced,047,269075,62644,62471,8789,71260,818
2022-05-06,Modoc,049,8938,743,745,255,1000,8
2022-05-06,Mono,051,14174,3002,2997,140,3137,6
2022-05-06,Monterey,053,433212,80639,80246,14379,94625,733
2022-05-06,Napa,055,140530,26709,26524,1065,27589,143
2022-05-06,Nevada,057,99092,16246,16171,1250,17421,127
2022-05-06,Orange,059,3164182,556582,554411,42846,597257,7007
2022-05-06,Placer,061,380077,63941,63577,7531,71108,625
2022-05-06,Plumas,063,18699,3002,2996,368,3364,13
2022-05-06,Riverside,065,2383286,598056,596022,28489,624511,6467
2022-05-06,Sacramento,067,1510023,285900,284564,27401,311965,3016
2022-05-06,San Benito,069,59416,13060,13047,539,13586,98
2022-05-06,San Bernardino,071,2135413,574602,570381,25186,595567,7306
2022-05-06,San Diego,073,3302833,766360,765377,54253,819630,5244
2022-05-06,San Francisco,075,870044,134311,132659,8941,141600,861
2022-05-06,San Joaquin,077,732212,168274,167568,10259,177827,2229
2022-05-06,San Luis Obispo,079,281455,53416,53273,3975,57248,477
2022-05-06,San Mateo,081,765935,128933,127615,7672,135287,709
2022-05-06,Santa Barbara,083,443738,87662,87305,4866,92171,692
2022-05-06,Santa Clara,085,1922200,327080,324946,13366,338312,2287
2022-05-06,Santa Cruz,087,273765,50271,49605,2217,51822,262
2022-05-06,Shasta,089,179085,30803,30721,6145,36866,563
2022-05-06,Sierra,091,2930,275,275,49,324,4
2022-05-06,Siskiyou,093,43540,4485,4470,2771,7241,81
2022-05-06,Solano,095,438530,83678,83038,5760,88798,450
2022-05-06,Sonoma,097,501317,86974,86150,3075,89225,488
2022-05-06,Stanislaus,099,539301,118513,118235,17805,136040,1643
2022-05-06,Sutter,101,95872,20643,20694,2145,22839,225
2022-05-06,Tehama,103,63373,12102,12098,2607,14705,201
2022-05-06,Trinity,105,12862,1187,1180,291,1471,20
2022-05-06,Tulare,107,460477,106893,106987,28256,135243,1468
2022-05-06,Tuolumne,109,53932,12856,12793,591,13384,181
2022-05-06,Ventura,111,848112,176182,175454,9967,185421,1491
2022-05-06,Yolo,113,214977,38387,37456,3259,40715,315
2022-05-06,Yuba,115,75493,15999,15964,1243,17207,122
2022-05-05,Alameda,001,1643700,268020,265198,14772,279970,1855
2022-05-05,Alpine,003,1148,125,125,1,126,0
2022-05-05,Amador,005,37829,8606,8556,671,9227,86
2022-05-05,Butte,007,227075,33389,33269,6899,40168,421
2022-05-05,Calaveras,009,45235,7366,7353,365,7718,120
2022-05-05,Colusa,011,21464,3459,3459,1065,4524,21
2022-05-05,Contra Costa,013,1133247,195413,193961,13941,207902,1302
2022-05-05,Del Norte,015,27424,5923,5884,201,6085,50
2022-05-05,El Dorado,017,186661,27192,27081,3302,30383,210
2022-05-05,Fresno,019,978130,233006,232655,24040,256695,2754
2022-05-05,Glenn,021,27897,5000,4996,1610,6606,48
2022-05-05,Humboldt,023,135768,17607,17410,3164,20574,146
2022-05-05,Imperial,025,180216,55709,55683,10740,66423,917
2022-05-05,Inyo,027,18085,4094,4087,513,4600,56
2022-05-05,Kern,029,883053,192910,192590,46398,238988,2287
2022-05-05,Kings,031,150075,51732,51702,3573,55275,447
2022-05-05,Lake,033,64148,10801,10766,904,11670,137
2022-05-05,Lassen,035,31185,8976,8978,884,9862,65
2022-05-05,Los Angeles,037,10098052,2764286,2751478,127695,2879173,31738
2022-05-05,Madera,039,155013,37527,37420,6114,43534,365
2022-05-05,Marin,041,260295,35263,34934,3011,37945,292
2022-05-05,Mariposa,043,17540,2462,2438,210,2648,30
2022-05-05,Mendocino,045,87422,13318,13270,3206,16476,124
2022-05-05,Merced,047,269075,62611,62471,8785,71256,818
2022-05-05,Modoc,049,8938,743,745,253,998,8
2022-05-05,Mono,051,14174,3001,2997,139,3136,6
2022-05-05,Monterey,053,433212,80586,80246,14349,94595,733
2022-05-05,Napa,055,140530,26676,26524,1064,27588,143
2022-05-05,Nevada,057,99092,16236,16171,1247,17418,127
2022-05-05,Orange,059,3164182,556074,554411,42789,597200,7007
2022-05-05,Placer,061,380077,63880,63577,7522,71099,625
2022-05-05,Plumas,063,18699,3001,2996,368,3364,13
2022-05-05,Riverside,065,2383286,597715,596022,28461,624483,6467
2022-05-05,Sacramento,067,1510023,285567,284564,27344,311908,3016
2022-05-05,San Benito,069,59416,13049,13047,537,13584,98
2022-05-05,San Bernardino,071,2135413,574312,570381,25170,595551,7306
2022-05-05,San Diego,073,3302833,765619,765377,54183,819560,5244
2022-05-05,San Francisco,075,870044,133898,132659,8906,141565,861
2022-05-05,San Joaquin,077,732212,168182,167568,10229,177797,2229
2022-05-05,San Luis Obispo,079,281455,53380,53273,3960,57233,477
2022-05-05,San Mateo,081,765935,128595,127615,7646,135261,709
2022-05-05,Santa Barbara,083,443738,87587,87305,4861,92166,692
2022-05-05,Santa Clara,085,1922200,326275,324946,13301,338247,2287
2022-05-05,Santa Cruz,087,273765,50173,49605,2213,51818,262
2022-05-05,Shasta,089,179085,30793,30721,6143,36864,563
2022-05-05,Sierra,091,2930,275,275,49,324,4
2022-05-05,Siskiyou,093,43540,4483,4470,2771,7241,81
2022-05-05,Solano,095,438530,83558,83038,5742,88780,450
2022-05-05,Sonoma,097,501317,86801,86150,3056,89206,488
2022-05-05,Stanislaus,099,539301,118455,118235,17790,136025,1643
2022-05-05,Sutter,101,95872,20641,20694,2143,22837,225
2022-05-05,Tehama,103,63373,12098,12098,2605,14703,201
2022-05-05,Trinity,105,12862,1187,1180,291,1471,20
2022-05-05,Tulare,107,460477,106863,106987,28237,135224,1468
2022-05-05,Tuolumne,109,53932,12838,12793,588,13381,181
2022-05-05,Ventura,111,848112,175995,175454,9921,185375,1491
2022-05-05,Yolo,113,214977,38316,37456,3248,40704,315
2022-05-05,Yuba,115,75493,15989,15964,1240,17204,122
2022-05-04,Alameda,001,1643700,267361,263736,14730,278466,1850
2022-05-04,Alpine,003,1148,125,124,1,125,0
2022-05-04,Amador,005,37829,8603,8546,670,9216,86
2022-05-04,Butte,007,227075,33371,33220,6892,40112,417
2022-05-04,Calaveras,009,45235,7361,7344,365,7709,120
2022-05-04,Colusa,011,21464,3458,3460,1065,4525,21
2022-05-04,Contra Costa,013,1133247,195048,193175,13885,207060,1302
2022-05-04,Del Norte,015,27424,5915,5866,201,6067,50
2022-05-04,El Dorado,017,186661,27167,27021,3295,30316,210
2022-05-04,Fresno,019,978130,232889,232332,24028,256360,2751
2022-05-04,Glenn,021,27897,4998,4995,1610,6605,48
2022-05-04,Humboldt,023,135768,17567,17316,3154,20470,146
2022-05-04,Imperial,025,180216,55687,55548,10731,66279,910
2022-05-04,Inyo,027,18085,4094,4085,510,4595,56
2022-05-04,Kern,029,883053,192845,192432,46362,238794,2281
2022-05-04,Kings,031,150075,51715,51663,3571,55234,447
2022-05-04,Lake,033,64148,10796,10758,904,11662,137
2022-05-04,Lassen,035,31185,8975,8972,882,9854,65
2022-05-04,Los Angeles,037,10098052,2761510,2744894,127503,2872397,31722
2022-05-04,Madera,039,155013,37503,37395,6109,43504,365
2022-05-04,Marin,041,260295,35176,34727,2989,37716,291
2022-05-04,Mariposa,043,17540,2456,2435,205,2640,30
2022-05-04,Mendocino,045,87422,13310,13247,3198,16445,123
2022-05-04,Merced,047,269075,62585,62419,8775,71194,818
2022-05-04,Modoc,049,8938,743,746,253,999,8
2022-05-04,Mono,051,14174,3000,2993,136,3129,6
2022-05-04,Monterey,053,433212,80524,80038,14325,94363,732
2022-05-04,Napa,055,140530,26638,26434,1061,27495,143
2022-05-04,Nevada,057,99092,16220,16136,1243,17379,127
2022-05-04,Orange,059,3164182,555491,553177,42716,595893,7006
2022-05-04,Placer,061,380077,63797,63410,7516,70926,625
2022-05-04,Plumas,063,18699,2999,2947,368,3315,13
2022-05-04,Riverside,065,2383286,597377,594981,28433,623414,6457
2022-05-04,Sacramento,067,1510023,285237,283939,27309,311248,3013
2022-05-04,San Benito,069,59416,13039,13019,531,13550,98
2022-05-04,San Bernardino,071,2135413,574050,569570,25155,594725,7240
2022-05-04,San Diego,073,3302833,764871,763453,54091,817544,5239
2022-05-04,San Francisco,075,870044,133485,131599,8884,140483,860
2022-05-04,San Joaquin,077,732212,168077,167280,10200,177480,2225
2022-05-04,San Luis Obispo,079,281455,53336,53156,3949,57105,477
2022-05-04,San Mateo,081,765935,128273,126800,7610,134410,710
2022-05-04,Santa Barbara,083,443738,87483,87058,4846,91904,688
2022-05-04,Santa Clara,085,1922200,325467,322805,13244,336049,2285
2022-05-04,Santa Cruz,087,273765,50059,49230,2210,51440,262
2022-05-04,Shasta,089,179085,30777,30681,6141,36822,556
2022-05-04,Sierra,091,2930,275,275,49,324,4
2022-05-04,Siskiyou,093,43540,4479,4463,2769,7232,81
2022-05-04,Solano,095,438530,83414,82796,5730,88526,449
2022-05-04,Sonoma,097,501317,86625,85694,3033,88727,488
2022-05-04,Stanislaus,099,539301,118393,118123,17779,135902,1643
2022-05-04,Sutter,101,95872,20630,20672,2141,22813,224
2022-05-04,Tehama,103,63373,12096,12090,2602,14692,201
2022-05-04,Trinity,105,12862,1187,1180,291,1471,20
2022-05-04,Tulare,107,460477,106844,106935,28222,135157,1464
2022-05-04,Tuolumne,109,53932,12831,12757,586,13343,181
2022-05-04,Ventura,111,848112,175830,175066,9877,184943,1486
2022-05-04,Yolo,113,214977,38241,37344,3242,40586,315
2022-05-04,Yuba,115,75493,15980,15940,1237,17177,122
2022-05-03,Alameda,001,1643700,266747,263736,14684,278420,1850
2022-05-03,Alpine,003,1148,125,124,1,125,0
2022-05-03,Amador,005,37829,8600,8546,669,9215,86
2022-05-03,Butte,007,227075,33355,33220,6887,40107,417
2022-05-03,Calaveras,009,45235,7354,7344,365,7709,120
2022-05-03,Colusa,011,21464,3457,3460,1065,4525,21
2022-05-03,Contra Costa,013,1133247,194654,193175,13842,207017,1302
2022-05-03,Del Norte,015,27424,5909,5866,199,6065,50
2022-05-03,El Dorado,017,186661,27145,27021,3291,30312,210
2022-05-03,Fresno,019,978130,232779,232332,24008,256340,2751
2022-05-03,Glenn,021,27897,4997,4995,1608,6603,48
2022-05-03,Humboldt,023,135768,17531,17316,3135,20451,146
2022-05-03,Imperial,025,180216,55666,55548,10725,66273,910
2022-05-03,Inyo,027,18085,4092,4085,510,4595,56
2022-05-03,Kern,029,883053,192767,192432,46330,238762,2281
2022-05-03,Kings,031,150075,51703,51663,3571,55234,447
2022-05-03,Lake,033,64148,10791,10758,903,11661,137
2022-05-03,Lassen,035,31185,8975,8972,882,9854,65
2022-05-03,Los Angeles,037,10098052,2758452,2744894,127271,2872165,31722
2022-05-03,Madera,039,155013,37473,37395,6104,43499,365
2022-05-03,Marin,041,260295,35065,34727,2966,37693,291
2022-05-03,Mariposa,043,17540,2448,2435,205,2640,30
2022-05-03,Mendocino,045,87422,13296,13247,3180,16427,123
2022-05-03,Merced,047,269075,62558,62419,8755,71174,818
2022-05-03,Modoc,049,8938,742,746,253,999,8
2022-05-03,Mono,051,14174,2998,2993,135,3128,6
2022-05-03,Monterey,053,433212,80470,80038,14290,94328,732
2022-05-03,Napa,055,140530,26603,26434,1054,27488,143
2022-05-03,Nevada,057,99092,16209,16136,1242,17378,127
2022-05-03,Orange,059,3164182,554966,553177,42637,595814,7006
2022-05-03,Placer,061,380077,63703,63410,7502,70912,625
2022-05-03,Plumas,063,18699,2995,2947,368,3315,13
2022-05-03,Riverside,065,2383286,597007,594981,28409,623390,6457
2022-05-03,Sacramento,067,1510023,284924,283939,27259,311198,3013
2022-05-03,San Benito,069,59416,13025,13019,528,13547,98
2022-05-03,San Bernardino,071,2135413,573783,569570,25143,594713,7240
2022-05-03,San Diego,073,3302833,764027,763453,53991,817444,5239
2022-05-03,San Francisco,075,870044,133007,131599,8852,140451,860
2022-05-03,San Joaquin,077,732212,167993,167280,10173,177453,2225
2022-05-03,San Luis Obispo,079,281455,53288,53156,3939,57095,477
2022-05-03,San Mateo,081,765935,127929,126800,7572,134372,710
2022-05-03,Santa Barbara,083,443738,87392,87058,4843,91901,688
2022-05-03,Santa Clara,085,1922200,324645,322805,13190,335995,2285
2022-05-03,Santa Cruz,087,273765,49969,49230,2205,51435,262
2022-05-03,Shasta,089,179085,30758,30681,6140,36821,556
2022-05-03,Sierra,091,2930,275,275,49,324,4
2022-05-03,Siskiyou,093,43540,4478,4463,2769,7232,81
2022-05-03,Solano,095,438530,83227,82796,5721,88517,449
2022-05-03,Sonoma,097,501317,86446,85694,3009,88703,488
2022-05-03,Stanislaus,099,539301,118339,118123,17767,135890,1643
2022-05-03,Sutter,101,95872,20625,20672,2139,22811,224
2022-05-03,Tehama,103,63373,12092,12090,2601,14691,201
2022-05-03,Trinity,105,12862,1187,1180,291,1471,20
2022-05-03,Tulare,107,460477,106815,106935,28208,135143,1464
2022-05-03,Tuolumne,109,53932,12818,12757,586,13343,181
2022-05-03,Ventura,111,848112,175661,175066,9834,184900,1486
2022-05-03,Yolo,113,214977,38171,37344,3240,40584,315
2022-05-03,Yuba,115,75493,15969,15940,1229,17169,122
2022-05-02,Alameda,001,1643700,266123,263736,14641,278377,1850
2022-05-02,Alpine,003,1148,125,124,1,125,0
2022-05-02,Amador,005,37829,8597,8546,666,9212,86
2022-05-02,Butte,007,227075,33333,33220,6885,40105,417
2022-05-02,Calaveras,009,45235,7353,7344,364,7708,120
2022-05-02,Colusa,011,21464,3457,3460,1065,4525,21
2022-05-02,Contra Costa,013,1133247,194284,193175,13803,206978,1302
2022-05-02,Del Norte,015,27424,5904,5866,193,6059,50
2022-05-02,El Dorado,017,186661,27122,27021,3284,30305,210
2022-05-02,Fresno,019,978130,232669,232332,23978,256310,2751
2022-05-02,Glenn,021,27897,4995,4995,1608,6603,48
2022-05-02,Humboldt,023,135768,17481,17316,3121,20437,146
2022-05-02,Imperial,025,180216,55653,55548,10718,66266,910
2022-05-02,Inyo,027,18085,4091,4085,508,4593,56
2022-05-02,Kern,029,883053,192683,192432,46301,238733,2281
2022-05-02,Kings,031,150075,51686,51663,3571,55234,447
2022-05-02,Lake,033,64148,10787,10758,903,11661,137
2022-05-02,Lassen,035,31185,8974,8972,882,9854,65
2022-05-02,Los Angeles,037,10098052,2755410,2744894,127055,2871949,31722
2022-05-02,Madera,039,155013,37456,37395,6097,43492,365
2022-05-02,Marin,041,260295,34940,34727,2943,37670,291
2022-05-02,Mariposa,043,17540,2443,2435,205,2640,30
2022-05-02,Mendocino,045,87422,13278,13247,3167,16414,123
2022-05-02,Merced,047,269075,62527,62419,8749,71168,818
2022-05-02,Modoc,049,8938,741,746,253,999,8
2022-05-02,Mono,051,14174,2996,2993,134,3127,6
2022-05-02,Monterey,053,433212,80393,80038,14248,94286,732
2022-05-02,Napa,055,140530,26564,26434,1052,27486,143
2022-05-02,Nevada,057,99092,16191,16136,1240,17376,127
2022-05-02,Orange,059,3164182,554426,553177,42544,595721,7006
2022-05-02,Placer,061,380077,63646,63410,7494,70904,625
2022-05-02,Plumas,063,18699,2995,2947,368,3315,13
2022-05-02,Riverside,065,2383286,596616,594981,28381,623362,6457
2022-05-02,Sacramento,067,1510023,284615,283939,27216,311155,3013
2022-05-02,San Benito,069,59416,13013,13019,528,13547,98
2022-05-02,San Bernardino,071,2135413,573497,569570,25122,594692,7240
2022-05-02,San Diego,073,3302833,763162,763453,53897,817350,5239
2022-05-02,San Francisco,075,870044,132570,131599,8824,140423,860
2022-05-02,San Joaquin,077,732212,167876,167280,10162,177442,2225
2022-05-02,San Luis Obispo,079,281455,53235,53156,3930,57086,477
2022-05-02,San Mateo,081,765935,127605,126800,7557,134357,710
2022-05-02,Santa Barbara,083,443738,87291,87058,4839,91897,688
2022-05-02,Santa Clara,085,1922200,323729,322805,13142,335947,2285
2022-05-02,Santa Cruz,087,273765,49841,49230,2201,51431,262
2022-05-02,Shasta,089,179085,30739,30681,6139,36820,556
2022-05-02,Sierra,091,2930,275,275,49,324,4
2022-05-02,Siskiyou,093,43540,4475,4463,2767,7230,81
2022-05-02,Solano,095,438530,83087,82796,5711,88507,449
2022-05-02,Sonoma,097,501317,86264,85694,2989,88683,488
2022-05-02,Stanislaus,099,539301,118266,118123,17754,135877,1643
2022-05-02,Sutter,101,95872,20618,20672,2136,22808,224
2022-05-02,Tehama,103,63373,12087,12090,2598,14688,201
2022-05-02,Trinity,105,12862,1186,1180,291,1471,20
2022-05-02,Tulare,107,460477,106793,106935,28189,135124,1464
2022-05-02,Tuolumne,109,53932,12812,12757,586,13343,181
2022-05-02,Ventura,111,848112,175497,175066,9801,184867,1486
2022-05-02,Yolo,113,214977,38092,37344,3234,40578,315
2022-05-02,Yuba,115,75493,15964,15940,1226,17166,122
2022-05-01,Alameda,001,1643700,265425,262027,14591,276618,1851
2022-05-01,Alpine,003,1148,125,124,1,125,0
2022-05-01,Amador,005,37829,8597,8533,666,9199,86
2022-05-01,Butte,007,227075,33304,33172,6881,40053,418
2022-05-01,Calaveras,009,45235,7349,7328,358,7686,120
2022-05-01,Colusa,011,21464,3457,3457,1065,4522,21
2022-05-01,Contra Costa,013,1133247,193898,192136,13730,205866,1301
2022-05-01,Del Norte,015,27424,5896,5841,193,6034,50
2022-05-01,El Dorado,017,186661,27090,26946,3280,30226,210
2022-05-01,Fresno,019,978130,232564,232067,23957,256024,2748
2022-05-01,Glenn,021,27897,4995,4995,1608,6603,48
2022-05-01,Humboldt,023,135768,17417,17194,3096,20290,145
2022-05-01,Imperial,025,180216,55629,55503,10714,66217,910
2022-05-01,Inyo,027,18085,4090,4084,507,4591,56
2022-05-01,Kern,029,883053,192620,192250,46256,238506,2265
2022-05-01,Kings,031,150075,51664,51640,3567,55207,447
2022-05-01,Lake,033,64148,10780,10742,901,11643,137
2022-05-01,Lassen,035,31185,8974,8966,882,9848,65
2022-05-01,Los Angeles,037,10098052,2752402,2736900,126819,2863719,31712
2022-05-01,Madera,039,155013,37438,37360,6086,43446,365
2022-05-01,Marin,041,260295,34853,34519,2910,37429,291
2022-05-01,Mariposa,043,17540,2442,2430,205,2635,30
2022-05-01,Mendocino,045,87422,13259,13219,3150,16369,123
2022-05-01,Merced,047,269075,62496,62357,8732,71089,818
2022-05-01,Modoc,049,8938,741,745,253,998,8
2022-05-01,Mono,051,14174,2993,2989,132,3121,6
2022-05-01,Monterey,053,433212,80313,79881,14205,94086,731
2022-05-01,Napa,055,140530,26519,26319,1048,27367,143
2022-05-01,Nevada,057,99092,16172,16100,1239,17339,127
2022-05-01,Orange,059,3164182,553873,551822,42445,594267,6998
2022-05-01,Placer,061,380077,63573,63273,7479,70752,625
2022-05-01,Plumas,063,18699,2994,2946,368,3314,13
2022-05-01,Riverside,065,2383286,596153,593965,28344,622309,6457
2022-05-01,Sacramento,067,1510023,284282,283048,27155,310203,3007
2022-05-01,San Benito,069,59416,13005,12988,528,13516,98
2022-05-01,San Bernardino,071,2135413,573179,568758,25104,593862,7191
2022-05-01,San Diego,073,3302833,762281,761253,53807,815060,5238
2022-05-01,San Francisco,075,870044,132076,130241,8795,139036,860
2022-05-01,San Joaquin,077,732212,167734,167028,10132,177160,2225
2022-05-01,San Luis Obispo,079,281455,53163,53040,3913,56953,477
2022-05-01,San Mateo,081,765935,127238,125807,7518,133325,705
2022-05-01,Santa Barbara,083,443738,87186,86768,4829,91597,688
2022-05-01,Santa Clara,085,1922200,322787,320709,13088,333797,2281
2022-05-01,Santa Cruz,087,273765,49689,48798,2193,50991,262
2022-05-01,Shasta,089,179085,30723,30649,6137,36786,554
2022-05-01,Sierra,091,2930,275,274,49,323,4
2022-05-01,Siskiyou,093,43540,4474,4458,2761,7219,81
2022-05-01,Solano,095,438530,82955,82459,5698,88157,449
2022-05-01,Sonoma,097,501317,86044,85290,2961,88251,488
2022-05-01,Stanislaus,099,539301,118210,117943,17738,135681,1643
2022-05-01,Sutter,101,95872,20610,20644,2128,22772,224
2022-05-01,Tehama,103,63373,12086,12078,2597,14675,202
2022-05-01,Trinity,105,12862,1186,1179,291,1470,20
2022-05-01,Tulare,107,460477,106760,106856,28168,135024,1458
2022-05-01,Tuolumne,109,53932,12792,12713,580,13293,181
2022-05-01,Ventura,111,848112,175325,174679,9749,184428,1486
2022-05-01,Yolo,113,214977,38027,37173,3222,40395,314
2022-05-01,Yuba,115,75493,15954,15917,1224,17141,121
2022-04-30,Alameda,001,1643700,265024,262027,14575,276602,1851
2022-04-30,Alpine,003,1148,125,124,1,125,0
2022-04-30,Amador,005,37829,8595,8533,666,9199,86
2022-04-30,Butte,007,227075,33299,33172,6877,40049,418
2022-04-30,Calaveras,009,45235,7346,7328,357,7685,120
2022-04-30,Colusa,011,21464,3456,3457,1065,4522,21
2022-04-30,Contra Costa,013,1133247,193653,192136,13719,205855,1301
2022-04-30,Del Norte,015,27424,5891,5841,193,6034,50
2022-04-30,El Dorado,017,186661,27072,26946,3276,30222,210
2022-04-30,Fresno,019,978130,232519,232067,23949,256016,2748
2022-04-30,Glenn,021,27897,4994,4995,1608,6603,48
2022-04-30,Humboldt,023,135768,17375,17194,3087,20281,145
2022-04-30,Imperial,025,180216,55616,55503,10712,66215,910
2022-04-30,Inyo,027,18085,4090,4084,507,4591,56
2022-04-30,Kern,029,883053,192584,192250,46238,238488,2265
2022-04-30,Kings,031,150075,51659,51640,3566,55206,447
2022-04-30,Lake,033,64148,10777,10742,901,11643,137
2022-04-30,Lassen,035,31185,8974,8966,882,9848,65
2022-04-30,Los Angeles,037,10098052,2751030,2736900,126645,2863545,31712
2022-04-30,Madera,039,155013,37427,37360,6085,43445,365
2022-04-30,Marin,041,260295,34807,34519,2880,37399,291
2022-04-30,Mariposa,043,17540,2440,2430,204,2634,30
2022-04-30,Mendocino,045,87422,13255,13219,3150,16369,123
2022-04-30,Merced,047,269075,62482,62357,8730,71087,818
2022-04-30,Modoc,049,8938,741,745,253,998,8
2022-04-30,Mono,051,14174,2992,2989,130,3119,6
2022-04-30,Monterey,053,433212,80246,79881,14182,94063,731
2022-04-30,Napa,055,140530,26495,26319,1047,27366,143
2022-04-30,Nevada,057,99092,16157,16100,1238,17338,127
2022-04-30,Orange,059,3164182,553606,551822,42405,594227,6998
2022-04-30,Placer,061,380077,63528,63273,7473,70746,625
2022-04-30,Plumas,063,18699,2991,2946,368,3314,13
2022-04-30,Riverside,065,2383286,595909,593965,28325,622290,6457
2022-04-30,Sacramento,067,1510023,284160,283048,27142,310190,3007
2022-04-30,San Benito,069,59416,13002,12988,528,13516,98
2022-04-30,San Bernardino,071,2135413,573004,568758,25094,593852,7191
2022-04-30,San Diego,073,3302833,761908,761253,53779,815032,5238
2022-04-30,San Francisco,075,870044,131791,130241,8773,139014,860
2022-04-30,San Joaquin,077,732212,167679,167028,10127,177155,2225
2022-04-30,San Luis Obispo,079,281455,53152,53040,3910,56950,477
2022-04-30,San Mateo,081,765935,127020,125807,7499,133306,705
2022-04-30,Santa Barbara,083,443738,87130,86768,4826,91594,688
2022-04-30,Santa Clara,085,1922200,322211,320709,13064,333773,2281
2022-04-30,Santa Cruz,087,273765,49642,48798,2193,50991,262
2022-04-30,Shasta,089,179085,30717,30649,6135,36784,554
2022-04-30,Sierra,091,2930,275,274,49,323,4
2022-04-30,Siskiyou,093,43540,4472,4458,2760,7218,81
2022-04-30,Solano,095,438530,82938,82459,5697,88156,449
2022-04-30,Sonoma,097,501317,85927,85290,2949,88239,488
2022-04-30,Stanislaus,099,539301,118178,117943,17731,135674,1643
2022-04-30,Sutter,101,95872,20605,20644,2128,22772,224
2022-04-30,Tehama,103,63373,12082,12078,2595,14673,202
2022-04-30,Trinity,105,12862,1186,1179,291,1470,20
2022-04-30,Tulare,107,460477,106742,106856,28156,135012,1458
2022-04-30,Tuolumne,109,53932,12784,12713,580,13293,181
2022-04-30,Ventura,111,848112,175241,174679,9717,184396,1486
2022-04-30,Yolo,113,214977,37980,37173,3222,40395,314
2022-04-30,Yuba,115,75493,15947,15917,1223,17140,121
2022-04-29,Alameda,001,1643700,264714,262027,14560,276587,1851
2022-04-29,Alpine,003,1148,124,124,1,125,0
2022-04-29,Amador,005,37829,8588,8533,664,9197,86
2022-04-29,Butte,007,227075,33295,33172,6871,40043,418
2022-04-29,Calaveras,009,45235,7344,7328,357,7685,120
2022-04-29,Colusa,011,21464,3455,3457,1065,4522,21
2022-04-29,Contra Costa,013,1133247,193458,192136,13699,205835,1301
2022-04-29,Del Norte,015,27424,5887,5841,193,6034,50
2022-04-29,El Dorado,017,186661,27060,26946,3274,30220,210
2022-04-29,Fresno,019,978130,232468,232067,23941,256008,2748
2022-04-29,Glenn,021,27897,4994,4995,1607,6602,48
2022-04-29,Humboldt,023,135768,17350,17194,3079,20273,145
2022-04-29,Imperial,025,180216,55600,55503,10711,66214,910
2022-04-29,Inyo,027,18085,4090,4084,505,4589,56
2022-04-29,Kern,029,883053,192557,192250,46226,238476,2265
2022-04-29,Kings,031,150075,51654,51640,3566,55206,447
2022-04-29,Lake,033,64148,10776,10742,901,11643,137
2022-04-29,Lassen,035,31185,8973,8966,882,9848,65
2022-04-29,Los Angeles,037,10098052,2749730,2736900,126495,2863395,31712
2022-04-29,Madera,039,155013,37417,37360,6085,43445,365
2022-04-29,Marin,041,260295,34741,34519,2860,37379,291
2022-04-29,Mariposa,043,17540,2438,2430,204,2634,30
2022-04-29,Mendocino,045,87422,13250,13219,3149,16368,123
2022-04-29,Merced,047,269075,62470,62357,8729,71086,818
2022-04-29,Modoc,049,8938,741,745,253,998,8
2022-04-29,Mono,051,14174,2992,2989,130,3119,6
2022-04-29,Monterey,053,433212,80212,79881,14167,94048,731
2022-04-29,Napa,055,140530,26467,26319,1045,27364,143
2022-04-29,Nevada,057,99092,16150,16100,1237,17337,127
2022-04-29,Orange,059,3164182,553341,551822,42360,594182,6998
2022-04-29,Placer,061,380077,63499,63273,7466,70739,625
2022-04-29,Plumas,063,18699,2990,2946,368,3314,13
2022-04-29,Riverside,065,2383286,595689,593965,28304,622269,6457
2022-04-29,Sacramento,067,1510023,284014,283048,27134,310182,3007
2022-04-29,San Benito,069,59416,12997,12988,528,13516,98
2022-04-29,San Bernardino,071,2135413,572847,568758,25084,593842,7191
2022-04-29,San Diego,073,3302833,761489,761253,53754,815007,5238
2022-04-29,San Francisco,075,870044,131570,130241,8753,138994,860
2022-04-29,San Joaquin,077,732212,167623,167028,10122,177150,2225
2022-04-29,San Luis Obispo,079,281455,53137,53040,3905,56945,477
2022-04-29,San Mateo,081,765935,126822,125807,7485,133292,705
2022-04-29,Santa Barbara,083,443738,87090,86768,4824,91592,688
2022-04-29,Santa Clara,085,1922200,321703,320709,13034,333743,2281
2022-04-29,Santa Cruz,087,273765,49586,48798,2189,50987,262
2022-04-29,Shasta,089,179085,30715,30649,6134,36783,554
2022-04-29,Sierra,091,2930,275,274,49,323,4
2022-04-29,Siskiyou,093,43540,4471,4458,2760,7218,81
2022-04-29,Solano,095,438530,82881,82459,5691,88150,449
2022-04-29,Sonoma,097,501317,85819,85290,2935,88225,488
2022-04-29,Stanislaus,099,539301,118155,117943,17726,135669,1643
2022-04-29,Sutter,101,95872,20598,20644,2127,22771,224
2022-04-29,Tehama,103,63373,12080,12078,2595,14673,202
2022-04-29,Trinity,105,12862,1186,1179,291,1470,20
2022-04-29,Tulare,107,460477,106724,106856,28139,134995,1458
2022-04-29,Tuolumne,109,53932,12777,12713,577,13290,181
2022-04-29,Ventura,111,848112,175165,174679,9693,184372,1486
2022-04-29,Yolo,113,214977,37947,37173,3219,40392,314
2022-04-29,Yuba,115,75493,15942,15917,1223,17140,121
2022-04-28,Alameda,001,1643700,264274,262027,14522,276549,1851
2022-04-28,Alpine,003,1148,124,124,1,125,0
2022-04-28,Amador,005,37829,8585,8533,664,9197,86
2022-04-28,Butte,007,227075,33286,33172,6866,40038,418
2022-04-28,Calaveras,009,45235,7340,7328,357,7685,120
2022-04-28,Colusa,011,21464,3454,3457,1065,4522,21
2022-04-28,Contra Costa,013,1133247,193202,192136,13657,205793,1301
2022-04-28,Del Norte,015,27424,5883,5841,193,6034,50
2022-04-28,El Dorado,017,186661,27038,26946,3270,30216,210
2022-04-28,Fresno,019,978130,232409,232067,23932,255999,2748
2022-04-28,Glenn,021,27897,4991,4995,1607,6602,48
2022-04-28,Humboldt,023,135768,17316,17194,3063,20257,145
2022-04-28,Imperial,025,180216,55588,55503,10706,66209,910
2022-04-28,Inyo,027,18085,4090,4084,505,4589,56
2022-04-28,Kern,029,883053,192518,192250,46212,238462,2265
2022-04-28,Kings,031,150075,51648,51640,3566,55206,447
2022-04-28,Lake,033,64148,10772,10742,901,11643,137
2022-04-28,Lassen,035,31185,8973,8966,882,9848,65
2022-04-28,Los Angeles,037,10098052,2747663,2736900,126314,2863214,31712
2022-04-28,Madera,039,155013,37411,37360,6080,43440,365
2022-04-28,Marin,041,260295,34691,34519,2844,37363,291
2022-04-28,Mariposa,043,17540,2438,2430,204,2634,30
2022-04-28,Mendocino,045,87422,13239,13219,3132,16351,123
2022-04-28,Merced,047,269075,62452,62357,8721,71078,818
2022-04-28,Modoc,049,8938,741,745,253,998,8
2022-04-28,Mono,051,14174,2990,2989,130,3119,6
2022-04-28,Monterey,053,433212,80173,79881,14142,94023,731
2022-04-28,Napa,055,140530,26437,26319,1042,27361,143
2022-04-28,Nevada,057,99092,16142,16100,1234,17334,127
2022-04-28,Orange,059,3164182,552980,551822,42300,594122,6998
2022-04-28,Placer,061,380077,63451,63273,7458,70731,625
2022-04-28,Plumas,063,18699,2989,2946,368,3314,13
2022-04-28,Riverside,065,2383286,595406,593965,28280,622245,6457
2022-04-28,Sacramento,067,1510023,283833,283048,27095,310143,3007
2022-04-28,San Benito,069,59416,12988,12988,526,13514,98
2022-04-28,San Bernardino,071,2135413,572647,568758,25076,593834,7191
2022-04-28,San Diego,073,3302833,760946,761253,53691,814944,5238
2022-04-28,San Francisco,075,870044,131269,130241,8719,138960,860
2022-04-28,San Joaquin,077,732212,167553,167028,10108,177136,2225
2022-04-28,San Luis Obispo,079,281455,53109,53040,3887,56927,477
2022-04-28,San Mateo,081,765935,126577,125807,7458,133265,705
2022-04-28,Santa Barbara,083,443738,87037,86768,4821,91589,688
2022-04-28,Santa Clara,085,1922200,321162,320709,12998,333707,2281
2022-04-28,Santa Cruz,087,273765,49488,48798,2183,50981,262
2022-04-28,Shasta,089,179085,30707,30649,6134,36783,554
2022-04-28,Sierra,091,2930,275,274,49,323,4
2022-04-28,Siskiyou,093,43540,4468,4458,2760,7218,81
2022-04-28,Solano,095,438530,82797,82459,5686,88145,449
2022-04-28,Sonoma,097,501317,85704,85290,2922,88212,488
2022-04-28,Stanislaus,099,539301,118116,117943,17719,135662,1643
2022-04-28,Sutter,101,95872,20588,20644,2124,22768,224
2022-04-28,Tehama,103,63373,12079,12078,2594,14672,202
2022-04-28,Trinity,105,12862,1186,1179,291,1470,20
2022-04-28,Tulare,107,460477,106702,106856,28126,134982,1458
2022-04-28,Tuolumne,109,53932,12765,12713,576,13289,181
2022-04-28,Ventura,111,848112,175076,174679,9656,184335,1486
2022-04-28,Yolo,113,214977,37909,37173,3216,40389,314
2022-04-28,Yuba,115,75493,15933,15917,1221,17138,121
2022-04-27,Alameda,001,1643700,263791,260871,14477,275348,1843
2022-04-27,Alpine,003,1148,124,124,1,125,0
2022-04-27,Amador,005,37829,8584,8518,664,9182,86
2022-04-27,Butte,007,227075,33274,33118,6861,39979,411
2022-04-27,Calaveras,009,45235,7337,7307,357,7664,119
2022-04-27,Colusa,011,21464,3453,3457,1065,4522,21
2022-04-27,Contra Costa,013,1133247,192938,191412,13627,205039,1300
2022-04-27,Del Norte,015,27424,5878,5833,193,6026,50
2022-04-27,El Dorado,017,186661,27027,26898,3265,30163,209
2022-04-27,Fresno,019,978130,232343,231951,23918,255869,2744
2022-04-27,Glenn,021,27897,4991,4993,1607,6600,48
2022-04-27,Humboldt,023,135768,17286,17138,3052,20190,145
2022-04-27,Imperial,025,180216,55570,55480,10702,66182,910
2022-04-27,Inyo,027,18085,4089,4080,504,4584,56
2022-04-27,Kern,029,883053,192482,192157,46192,238349,2271
2022-04-27,Kings,031,150075,51643,51617,3565,55182,444
2022-04-27,Lake,033,64148,10768,10732,901,11633,135
2022-04-27,Lassen,035,31185,8972,8965,882,9847,65
2022-04-27,Los Angeles,037,10098052,2745333,2731988,126128,2858116,31691
2022-04-27,Madera,039,155013,37402,37339,6079,43418,354
2022-04-27,Marin,041,260295,34630,34354,2830,37184,288
2022-04-27,Mariposa,043,17540,2436,2427,204,2631,30
2022-04-27,Mendocino,045,87422,13232,13188,3123,16311,123
2022-04-27,Merced,047,269075,62438,62315,8717,71032,815
2022-04-27,Modoc,049,8938,741,745,253,998,8
2022-04-27,Mono,051,14174,2990,2989,130,3119,6
2022-04-27,Monterey,053,433212,80130,79695,14102,93797,729
2022-04-27,Napa,055,140530,26408,26210,1037,27247,143
2022-04-27,Nevada,057,99092,16126,16080,1231,17311,127
2022-04-27,Orange,059,3164182,552606,550859,42241,593100,6991
2022-04-27,Placer,061,380077,63409,63154,7441,70595,623
2022-04-27,Plumas,063,18699,2988,2934,368,3302,13
2022-04-27,Riverside,065,2383286,595141,593397,28263,621660,6453
2022-04-27,Sacramento,067,1510023,283632,281802,27061,308863,3001
2022-04-27,San Benito,069,59416,12975,12989,524,13513,98
2022-04-27,San Bernardino,071,2135413,572449,568018,25067,593085,7105
2022-04-27,San Diego,073,3302833,760373,759873,53629,813502,5236
2022-04-27,San Francisco,075,870044,130918,129284,8695,137979,857
2022-04-27,San Joaquin,077,732212,167480,166848,10093,176941,2225
2022-04-27,San Luis Obispo,079,281455,53064,52911,3875,56786,476
2022-04-27,San Mateo,081,765935,126346,125018,7403,132421,702
2022-04-27,Santa Barbara,083,443738,86973,86557,4814,91371,685
2022-04-27,Santa Clara,085,1922200,320595,319077,12952,332029,2282
2022-04-27,Santa Cruz,087,273765,49406,48500,2175,50675,262
2022-04-27,Shasta,089,179085,30695,30633,6131,36764,554
2022-04-27,Sierra,091,2930,274,276,49,325,4
2022-04-27,Siskiyou,093,43540,4468,4455,2756,7211,81
2022-04-27,Solano,095,438530,82685,82220,5677,87897,448
2022-04-27,Sonoma,097,501317,85595,84983,2901,87884,487
2022-04-27,Stanislaus,099,539301,118072,117841,17709,135550,1643
2022-04-27,Sutter,101,95872,20584,20627,2120,22747,224
2022-04-27,Tehama,103,63373,12079,12073,2594,14667,201
2022-04-27,Trinity,105,12862,1186,1179,291,1470,20
2022-04-27,Tulare,107,460477,106684,106580,28116,134696,1453
2022-04-27,Tuolumne,109,53932,12748,12684,575,13259,181
2022-04-27,Ventura,111,848112,174973,174425,9641,184066,1480
2022-04-27,Yolo,113,214977,37860,37096,3210,40306,314
2022-04-27,Yuba,115,75493,15929,15902,1216,17118,121
2022-04-26,Alameda,001,1643700,263279,260871,14437,275308,1843
2022-04-26,Alpine,003,1148,124,124,1,125,0
2022-04-26,Amador,005,37829,8581,8518,663,9181,86
2022-04-26,Butte,007,227075,33258,33118,6854,39972,411
2022-04-26,Calaveras,009,45235,7333,7307,356,7663,119
2022-04-26,Colusa,011,21464,3453,3457,1065,4522,21
2022-04-26,Contra Costa,013,1133247,192678,191412,13589,205001,1300
2022-04-26,Del Norte,015,27424,5870,5833,193,6026,50
2022-04-26,El Dorado,017,186661,27006,26898,3261,30159,209
2022-04-26,Fresno,019,978130,232264,231951,23908,255859,2744
2022-04-26,Glenn,021,27897,4991,4993,1606,6599,48
2022-04-26,Humboldt,023,135768,17255,17138,3046,20184,145
2022-04-26,Imperial,025,180216,55550,55480,10697,66177,910
2022-04-26,Inyo,027,18085,4089,4080,504,4584,56
2022-04-26,Kern,029,883053,192434,192157,46168,238325,2271
2022-04-26,Kings,031,150075,51637,51617,3565,55182,444
2022-04-26,Lake,033,64148,10761,10732,901,11633,135
2022-04-26,Lassen,035,31185,8967,8965,882,9847,65
2022-04-26,Los Angeles,037,10098052,2742944,2731988,125943,2857931,31691
2022-04-26,Madera,039,155013,37394,37339,6071,43410,354
2022-04-26,Marin,041,260295,34577,34354,2811,37165,288
2022-04-26,Mariposa,043,17540,2436,2427,204,2631,30
2022-04-26,Mendocino,045,87422,13228,13188,3117,16305,123
2022-04-26,Merced,047,269075,62415,62315,8700,71015,815
2022-04-26,Modoc,049,8938,741,745,253,998,8
2022-04-26,Mono,051,14174,2990,2989,129,3118,6
2022-04-26,Monterey,053,433212,80076,79695,14062,93757,729
2022-04-26,Napa,055,140530,26378,26210,1033,27243,143
2022-04-26,Nevada,057,99092,16117,16080,1231,17311,127
2022-04-26,Orange,059,3164182,552199,550859,42182,593041,6991
2022-04-26,Placer,061,380077,63378,63154,7439,70593,623
2022-04-26,Plumas,063,18699,2988,2934,368,3302,13
2022-04-26,Riverside,065,2383286,594832,593397,28235,621632,6453
2022-04-26,Sacramento,067,1510023,283398,281802,27039,308841,3001
2022-04-26,San Benito,069,59416,12971,12989,523,13512,98
2022-04-26,San Bernardino,071,2135413,572239,568018,25051,593069,7105
2022-04-26,San Diego,073,3302833,759714,759873,53527,813400,5236
2022-04-26,San Francisco,075,870044,130518,129284,8673,137957,857
2022-04-26,San Joaquin,077,732212,167418,166848,10083,176931,2225
2022-04-26,San Luis Obispo,079,281455,53035,52911,3864,56775,476
2022-04-26,San Mateo,081,765935,126076,125018,7367,132385,702
2022-04-26,Santa Barbara,083,443738,86912,86557,4808,91365,685
2022-04-26,Santa Clara,085,1922200,320035,319077,12904,331981,2282
2022-04-26,Santa Cruz,087,273765,49306,48500,2172,50672,262
2022-04-26,Shasta,089,179085,30683,30633,6131,36764,554
2022-04-26,Sierra,091,2930,274,276,49,325,4
2022-04-26,Siskiyou,093,43540,4466,4455,2754,7209,81
2022-04-26,Solano,095,438530,82586,82220,5668,87888,448
2022-04-26,Sonoma,097,501317,85489,84983,2883,87866,487
2022-04-26,Stanislaus,099,539301,118036,117841,17699,135540,1643
2022-04-26,Sutter,101,95872,20574,20627,2120,22747,224
2022-04-26,Tehama,103,63373,12070,12073,2594,14667,201
2022-04-26,Trinity,105,12862,1186,1179,291,1470,20
2022-04-26,Tulare,107,460477,106656,106580,28101,134681,1453
2022-04-26,Tuolumne,109,53932,12729,12684,573,13257,181
2022-04-26,Ventura,111,848112,174862,174425,9616,184041,1480
2022-04-26,Yolo,113,214977,37802,37096,3205,40301,314
2022-04-26,Yuba,115,75493,15927,15902,1216,17118,121
2022-04-25,Alameda,001,1643700,262772,260871,14394,275265,1843
2022-04-25,Alpine,003,1148,124,124,1,125,0
2022-04-25,Amador,005,37829,8578,8518,663,9181,86
2022-04-25,Butte,007,227075,33243,33118,6846,39964,411
2022-04-25,Calaveras,009,45235,7330,7307,356,7663,119
2022-04-25,Colusa,011,21464,3453,3457,1065,4522,21
2022-04-25,Contra Costa,013,1133247,192411,191412,13551,204963,1300
2022-04-25,Del Norte,015,27424,5864,5833,191,6024,50
2022-04-25,El Dorado,017,186661,26985,26898,3259,30157,209
2022-04-25,Fresno,019,978130,232173,231951,23895,255846,2744
2022-04-25,Glenn,021,27897,4990,4993,1606,6599,48
2022-04-25,Humboldt,023,135768,17213,17138,3038,20176,145
2022-04-25,Imperial,025,180216,55530,55480,10692,66172,910
2022-04-25,Inyo,027,18085,4089,4080,504,4584,56
2022-04-25,Kern,029,883053,192390,192157,46149,238306,2271
2022-04-25,Kings,031,150075,51628,51617,3564,55181,444
2022-04-25,Lake,033,64148,10758,10732,900,11632,135
2022-04-25,Lassen,035,31185,8966,8965,882,9847,65
2022-04-25,Los Angeles,037,10098052,2740557,2731988,125779,2857767,31691
2022-04-25,Madera,039,155013,37381,37339,6067,43406,354
2022-04-25,Marin,041,260295,34512,34354,2787,37141,288
2022-04-25,Mariposa,043,17540,2436,2427,203,2630,30
2022-04-25,Mendocino,045,87422,13218,13188,3099,16287,123
2022-04-25,Merced,047,269075,62402,62315,8698,71013,815
2022-04-25,Modoc,049,8938,741,745,253,998,8
2022-04-25,Mono,051,14174,2990,2989,129,3118,6
2022-04-25,Monterey,053,433212,80038,79695,14037,93732,729
2022-04-25,Napa,055,140530,26338,26210,1031,27241,143
2022-04-25,Nevada,057,99092,16111,16080,1229,17309,127
2022-04-25,Orange,059,3164182,551791,550859,42120,592979,6991
2022-04-25,Placer,061,380077,63342,63154,7434,70588,623
2022-04-25,Plumas,063,18699,2986,2934,368,3302,13
2022-04-25,Riverside,065,2383286,594567,593397,28218,621615,6453
2022-04-25,Sacramento,067,1510023,283233,281802,27006,308808,3001
2022-04-25,San Benito,069,59416,12964,12989,523,13512,98
2022-04-25,San Bernardino,071,2135413,572014,568018,25034,593052,7105
2022-04-25,San Diego,073,3302833,759031,759873,53454,813327,5236
2022-04-25,San Francisco,075,870044,130157,129284,8655,137939,857
2022-04-25,San Joaquin,077,732212,167334,166848,10068,176916,2225
2022-04-25,San Luis Obispo,079,281455,52986,52911,3856,56767,476
2022-04-25,San Mateo,081,765935,125804,125018,7347,132365,702
2022-04-25,Santa Barbara,083,443738,86851,86557,4802,91359,685
2022-04-25,Santa Clara,085,1922200,319389,319077,12859,331936,2282
2022-04-25,Santa Cruz,087,273765,49166,48500,2163,50663,262
2022-04-25,Shasta,089,179085,30671,30633,6128,36761,554
2022-04-25,Sierra,091,2930,274,276,49,325,4
2022-04-25,Siskiyou,093,43540,4466,4455,2753,7208,81
2022-04-25,Solano,095,438530,82468,82220,5657,87877,448
2022-04-25,Sonoma,097,501317,85366,84983,2863,87846,487
2022-04-25,Stanislaus,099,539301,117990,117841,17692,135533,1643
2022-04-25,Sutter,101,95872,20571,20627,2120,22747,224
2022-04-25,Tehama,103,63373,12070,12073,2594,14667,201
2022-04-25,Trinity,105,12862,1185,1179,291,1470,20
2022-04-25,Tulare,107,460477,106631,106580,28091,134671,1453
2022-04-25,Tuolumne,109,53932,12720,12684,573,13257,181
2022-04-25,Ventura,111,848112,174752,174425,9593,184018,1480
2022-04-25,Yolo,113,214977,37738,37096,3201,40297,314
2022-04-25,Yuba,115,75493,15917,15902,1215,17117,121
2022-04-24,Alameda,001,1643700,262189,259619,14347,273966,1837
2022-04-24,Alpine,003,1148,124,124,1,125,0
2022-04-24,Amador,005,37829,8569,8509,662,9171,86
2022-04-24,Butte,007,227075,33221,33105,6838,39943,411
2022-04-24,Calaveras,009,45235,7321,7296,354,7650,119
2022-04-24,Colusa,011,21464,3452,3453,1065,4518,21
2022-04-24,Contra Costa,013,1133247,192105,190611,13516,204127,1298
2022-04-24,Del Norte,015,27424,5855,5827,189,6016,50
2022-04-24,El Dorado,017,186661,26967,26837,3257,30094,209
2022-04-24,Fresno,019,978130,232092,231751,23880,255631,2744
2022-04-24,Glenn,021,27897,4990,4989,1605,6594,48
2022-04-24,Humboldt,023,135768,17188,17033,3024,20057,145
2022-04-24,Imperial,025,180216,55518,55434,10684,66118,910
2022-04-24,Inyo,027,18085,4085,4079,503,4582,56
2022-04-24,Kern,029,883053,192338,192012,46135,238147,2267
2022-04-24,Kings,031,150075,51619,51588,3564,55152,444
2022-04-24,Lake,033,64148,10750,10720,897,11617,134
2022-04-24,Lassen,035,31185,8965,8966,882,9848,65
2022-04-24,Los Angeles,037,10098052,2738205,2725630,125633,2851263,31667
2022-04-24,Madera,039,155013,37366,37333,6060,43393,354
2022-04-24,Marin,041,260295,34458,34150,2753,36903,288
2022-04-24,Mariposa,043,17540,2433,2422,203,2625,30
2022-04-24,Mendocino,045,87422,13213,13158,3087,16245,122
2022-04-24,Merced,047,269075,62379,62286,8690,70976,815
2022-04-24,Modoc,049,8938,741,745,253,998,8
2022-04-24,Mono,051,14174,2988,2986,129,3115,6
2022-04-24,Monterey,053,433212,79985,79560,14004,93564,729
2022-04-24,Napa,055,140530,26302,26093,1030,27123,143
2022-04-24,Nevada,057,99092,16095,16052,1227,17279,127
2022-04-24,Orange,059,3164182,551370,549765,42059,591824,6989
2022-04-24,Placer,061,380077,63288,63037,7426,70463,622
2022-04-24,Plumas,063,18699,2984,2934,368,3302,13
2022-04-24,Riverside,065,2383286,594289,592683,28183,620866,6450
2022-04-24,Sacramento,067,1510023,283026,280551,26972,307523,2993
2022-04-24,San Benito,069,59416,12959,12966,523,13489,98
2022-04-24,San Bernardino,071,2135413,571781,566806,25011,591817,7047
2022-04-24,San Diego,073,3302833,758400,758311,53392,811703,5233
2022-04-24,San Francisco,075,870044,129711,128323,8630,136953,857
2022-04-24,San Joaquin,077,732212,167247,166626,10032,176658,2224
2022-04-24,San Luis Obispo,079,281455,52910,52826,3845,56671,476
2022-04-24,San Mateo,081,765935,125496,124106,7313,131419,703
2022-04-24,Santa Barbara,083,443738,86782,86376,4800,91176,685
2022-04-24,Santa Clara,085,1922200,318704,317487,12804,330291,2277
2022-04-24,Santa Cruz,087,273765,49054,48255,2157,50412,261
2022-04-24,Shasta,089,179085,30659,30607,6126,36733,557
2022-04-24,Sierra,091,2930,274,276,49,325,4
2022-04-24,Siskiyou,093,43540,4464,4453,2751,7204,81
2022-04-24,Solano,095,438530,82361,81982,5648,87630,448
2022-04-24,Sonoma,097,501317,85230,84581,2842,87423,486
2022-04-24,Stanislaus,099,539301,117939,117737,17686,135423,1632
2022-04-24,Sutter,101,95872,20562,20605,2117,22722,224
2022-04-24,Tehama,103,63373,12066,12064,2594,14658,201
2022-04-24,Trinity,105,12862,1185,1177,291,1468,20
2022-04-24,Tulare,107,460477,106604,106354,28080,134434,1446
2022-04-24,Tuolumne,109,53932,12707,12664,572,13236,181
2022-04-24,Ventura,111,848112,174640,174091,9572,183663,1479
2022-04-24,Yolo,113,214977,37698,36990,3198,40188,314
2022-04-24,Yuba,115,75493,15913,15888,1214,17102,121
2022-04-23,Alameda,001,1643700,261945,259619,14334,273953,1837
2022-04-23,Alpine,003,1148,124,124,1,125,0
2022-04-23,Amador,005,37829,8563,8509,662,9171,86
2022-04-23,Butte,007,227075,33212,33105,6835,39940,411
2022-04-23,Calaveras,009,45235,7313,7296,354,7650,119
2022-04-23,Colusa,011,21464,3452,3453,1065,4518,21
2022-04-23,Contra Costa,013,1133247,191948,190611,13498,204109,1298
2022-04-23,Del Norte,015,27424,5853,5827,188,6015,50
2022-04-23,El Dorado,017,186661,26957,26837,3256,30093,209
2022-04-23,Fresno,019,978130,232059,231751,23874,255625,2744
2022-04-23,Glenn,021,27897,4990,4989,1605,6594,48
2022-04-23,Humboldt,023,135768,17172,17033,3021,20054,145
2022-04-23,Imperial,025,180216,55506,55434,10683,66117,910
2022-04-23,Inyo,027,18085,4085,4079,502,4581,56
2022-04-23,Kern,029,883053,192310,192012,46120,238132,2267
2022-04-23,Kings,031,150075,51614,51588,3563,55151,444
2022-04-23,Lake,033,64148,10749,10720,897,11617,134
2022-04-23,Lassen,035,31185,8965,8966,882,9848,65
2022-04-23,Los Angeles,037,10098052,2737265,2725630,125538,2851168,31667
2022-04-23,Madera,039,155013,37359,37333,6059,43392,354
2022-04-23,Marin,041,260295,34423,34150,2707,36857,288
2022-04-23,Mariposa,043,17540,2433,2422,203,2625,30
2022-04-23,Mendocino,045,87422,13206,13158,3087,16245,122
2022-04-23,Merced,047,269075,62369,62286,8690,70976,815
2022-04-23,Modoc,049,8938,741,745,253,998,8
2022-04-23,Mono,051,14174,2988,2986,129,3115,6
2022-04-23,Monterey,053,433212,79916,79560,13989,93549,729
2022-04-23,Napa,055,140530,26281,26093,1028,27121,143
2022-04-23,Nevada,057,99092,16089,16052,1225,17277,127
2022-04-23,Orange,059,3164182,551154,549765,42010,591775,6989
2022-04-23,Placer,061,380077,63258,63037,7426,70463,622
2022-04-23,Plumas,063,18699,2984,2934,368,3302,13
2022-04-23,Riverside,065,2383286,594152,592683,28173,620856,6450
2022-04-23,Sacramento,067,1510023,282928,280551,26969,307520,2993
2022-04-23,San Benito,069,59416,12958,12966,523,13489,98
2022-04-23,San Bernardino,071,2135413,571664,566806,25008,591814,7047
2022-04-23,San Diego,073,3302833,758138,758311,53374,811685,5233
2022-04-23,San Francisco,075,870044,129508,128323,8605,136928,857
2022-04-23,San Joaquin,077,732212,167206,166626,10024,176650,2224
2022-04-23,San Luis Obispo,079,281455,52895,52826,3841,56667,476
2022-04-23,San Mateo,081,765935,125338,124106,7303,131409,703
2022-04-23,Santa Barbara,083,443738,86746,86376,4799,91175,685
2022-04-23,Santa Clara,085,1922200,318327,317487,12777,330264,2277
2022-04-23,Santa Cruz,087,273765,49004,48255,2155,50410,261
2022-04-23,Shasta,089,179085,30656,30607,6126,36733,557
2022-04-23,Sierra,091,2930,274,276,49,325,4
2022-04-23,Siskiyou,093,43540,4462,4453,2750,7203,81
2022-04-23,Solano,095,438530,82334,81982,5645,87627,448
2022-04-23,Sonoma,097,501317,85162,84581,2832,87413,486
2022-04-23,Stanislaus,099,539301,117903,117737,17683,135420,1632
2022-04-23,Sutter,101,95872,20556,20605,2117,22722,224
2022-04-23,Tehama,103,63373,12065,12064,2594,14658,201
2022-04-23,Trinity,105,12862,1185,1177,291,1468,20
2022-04-23,Tulare,107,460477,106596,106354,28070,134424,1446
2022-04-23,Tuolumne,109,53932,12702,12664,572,13236,181
2022-04-23,Ventura,111,848112,174578,174091,9566,183657,1479
2022-04-23,Yolo,113,214977,37670,36990,3194,40184,314
2022-04-23,Yuba,115,75493,15911,15888,1214,17102,121
2022-04-22,Alameda,001,1643700,261707,259619,14315,273934,1837
2022-04-22,Alpine,003,1148,124,124,1,125,0
2022-04-22,Amador,005,37829,8562,8509,660,9169,86
2022-04-22,Butte,007,227075,33205,33105,6831,39936,411
2022-04-22,Calaveras,009,45235,7312,7296,354,7650,119
2022-04-22,Colusa,011,21464,3452,3453,1065,4518,21
2022-04-22,Contra Costa,013,1133247,191812,190611,13482,204093,1298
2022-04-22,Del Norte,015,27424,5853,5827,188,6015,50
2022-04-22,El Dorado,017,186661,26944,26837,3252,30089,209
2022-04-22,Fresno,019,978130,232029,231751,23870,255621,2744
2022-04-22,Glenn,021,27897,4989,4989,1605,6594,48
2022-04-22,Humboldt,023,135768,17156,17033,3014,20047,145
2022-04-22,Imperial,025,180216,55500,55434,10683,66117,910
2022-04-22,Inyo,027,18085,4085,4079,501,4580,56
2022-04-22,Kern,029,883053,192290,192012,46116,238128,2267
2022-04-22,Kings,031,150075,51610,51588,3562,55150,444
2022-04-22,Lake,033,64148,10748,10720,897,11617,134
2022-04-22,Lassen,035,31185,8965,8966,882,9848,65
2022-04-22,Los Angeles,037,10098052,2736168,2725630,125479,2851109,31667
2022-04-22,Madera,039,155013,37354,37333,6058,43391,354
2022-04-22,Marin,041,260295,34386,34150,2696,36846,288
2022-04-22,Mariposa,043,17540,2432,2422,203,2625,30
2022-04-22,Mendocino,045,87422,13201,13158,3082,16240,122
2022-04-22,Merced,047,269075,62362,62286,8678,70964,815
2022-04-22,Modoc,049,8938,741,745,253,998,8
2022-04-22,Mono,051,14174,2988,2986,128,3114,6
2022-04-22,Monterey,053,433212,79881,79560,13975,93535,729
2022-04-22,Napa,055,140530,26264,26093,1026,27119,143
2022-04-22,Nevada,057,99092,16089,16052,1225,17277,127
2022-04-22,Orange,059,3164182,550969,549765,41959,591724,6989
2022-04-22,Placer,061,380077,63235,63037,7423,70460,622
2022-04-22,Plumas,063,18699,2984,2934,368,3302,13
2022-04-22,Riverside,065,2383286,594008,592683,28157,620840,6450
2022-04-22,Sacramento,067,1510023,282840,280551,26957,307508,2993
2022-04-22,San Benito,069,59416,12953,12966,523,13489,98
2022-04-22,San Bernardino,071,2135413,571551,566806,24999,591805,7047
2022-04-22,San Diego,073,3302833,757818,758311,53346,811657,5233
2022-04-22,San Francisco,075,870044,129345,128323,8579,136902,857
2022-04-22,San Joaquin,077,732212,167176,166626,10023,176649,2224
2022-04-22,San Luis Obispo,079,281455,52889,52826,3840,56666,476
2022-04-22,San Mateo,081,765935,125176,124106,7289,131395,703
2022-04-22,Santa Barbara,083,443738,86699,86376,4798,91174,685
2022-04-22,Santa Clara,085,1922200,317978,317487,12763,330250,2277
2022-04-22,Santa Cruz,087,273765,48966,48255,2154,50409,261
2022-04-22,Shasta,089,179085,30651,30607,6125,36732,557
2022-04-22,Sierra,091,2930,274,276,48,324,4
2022-04-22,Siskiyou,093,43540,4462,4453,2750,7203,81
2022-04-22,Solano,095,438530,82277,81982,5643,87625,448
2022-04-22,Sonoma,097,501317,85098,84581,2828,87409,486
2022-04-22,Stanislaus,099,539301,117881,117737,17678,135415,1632
2022-04-22,Sutter,101,95872,20550,20605,2117,22722,224
2022-04-22,Tehama,103,63373,12060,12064,2593,14657,201
2022-04-22,Trinity,105,12862,1185,1177,290,1467,20
2022-04-22,Tulare,107,460477,106586,106354,28061,134415,1446
2022-04-22,Tuolumne,109,53932,12695,12664,570,13234,181
2022-04-22,Ventura,111,848112,174502,174091,9555,183646,1479
2022-04-22,Yolo,113,214977,37649,36990,3192,40182,314
2022-04-22,Yuba,115,75493,15908,15888,1213,17101,121
2022-04-21,Alameda,001,1643700,261349,259619,14275,273894,1837
2022-04-21,Alpine,003,1148,124,124,1,125,0
2022-04-21,Amador,005,37829,8559,8509,660,9169,86
2022-04-21,Butte,007,227075,33197,33105,6823,39928,411
2022-04-21,Calaveras,009,45235,7309,7296,354,7650,119
2022-04-21,Colusa,011,21464,3451,3453,1065,4518,21
2022-04-21,Contra Costa,013,1133247,191617,190611,13459,204070,1298
2022-04-21,Del Norte,015,27424,5852,5827,188,6015,50
2022-04-21,El Dorado,017,186661,26928,26837,3251,30088,209
2022-04-21,Fresno,019,978130,231987,231751,23862,255613,2744
2022-04-21,Glenn,021,27897,4989,4989,1604,6593,48
2022-04-21,Humboldt,023,135768,17133,17033,3005,20038,145
2022-04-21,Imperial,025,180216,55491,55434,10683,66117,910
2022-04-21,Inyo,027,18085,4085,4079,501,4580,56
2022-04-21,Kern,029,883053,192257,192012,46101,238113,2267
2022-04-21,Kings,031,150075,51602,51588,3562,55150,444
2022-04-21,Lake,033,64148,10745,10720,897,11617,134
2022-04-21,Lassen,035,31185,8965,8966,882,9848,65
2022-04-21,Los Angeles,037,10098052,2734523,2725630,125365,2850995,31667
2022-04-21,Madera,039,155013,37351,37333,6057,43390,354
2022-04-21,Marin,041,260295,34338,34150,2686,36836,288
2022-04-21,Mariposa,043,17540,2431,2422,203,2625,30
2022-04-21,Mendocino,045,87422,13194,13158,3079,16237,122
2022-04-21,Merced,047,269075,62344,62286,8675,70961,815
2022-04-21,Modoc,049,8938,741,745,253,998,8
2022-04-21,Mono,051,14174,2987,2986,127,3113,6
2022-04-21,Monterey,053,433212,79854,79560,13960,93520,729
2022-04-21,Napa,055,140530,26233,26093,1025,27118,143
2022-04-21,Nevada,057,99092,16085,16052,1225,17277,127
2022-04-21,Orange,059,3164182,550714,549765,41921,591686,6989
2022-04-21,Placer,061,380077,63197,63037,7418,70455,622
2022-04-21,Plumas,063,18699,2984,2934,368,3302,13
2022-04-21,Riverside,065,2383286,593849,592683,28138,620821,6450
2022-04-21,Sacramento,067,1510023,282692,280551,26934,307485,2993
2022-04-21,San Benito,069,59416,12947,12966,523,13489,98
2022-04-21,San Bernardino,071,2135413,571360,566806,24985,591791,7047
2022-04-21,San Diego,073,3302833,757393,758311,53302,811613,5233
2022-04-21,San Francisco,075,870044,129121,128323,8551,136874,857
2022-04-21,San Joaquin,077,732212,167123,166626,10018,176644,2224
2022-04-21,San Luis Obispo,079,281455,52869,52826,3833,56659,476
2022-04-21,San Mateo,081,765935,124975,124106,7269,131375,703
2022-04-21,Santa Barbara,083,443738,86640,86376,4794,91170,685
2022-04-21,Santa Clara,085,1922200,317527,317487,12741,330228,2277
2022-04-21,Santa Cruz,087,273765,48921,48255,2152,50407,261
2022-04-21,Shasta,089,179085,30643,30607,6125,36732,557
2022-04-21,Sierra,091,2930,274,276,48,324,4
2022-04-21,Siskiyou,093,43540,4462,4453,2750,7203,81
2022-04-21,Solano,095,438530,82215,81982,5637,87619,448
2022-04-21,Sonoma,097,501317,84984,84581,2808,87389,486
2022-04-21,Stanislaus,099,539301,117842,117737,17670,135407,1632
2022-04-21,Sutter,101,95872,20541,20605,2115,22720,224
2022-04-21,Tehama,103,63373,12060,12064,2593,14657,201
2022-04-21,Trinity,105,12862,1185,1177,290,1467,20
2022-04-21,Tulare,107,460477,106579,106354,28057,134411,1446
2022-04-21,Tuolumne,109,53932,12690,12664,570,13234,181
2022-04-21,Ventura,111,848112,174419,174091,9549,183640,1479
2022-04-21,Yolo,113,214977,37620,36990,3192,40182,314
2022-04-21,Yuba,115,75493,15906,15888,1213,17101,121
2022-04-20,Alameda,001,1643700,260984,258734,14245,272979,1832
2022-04-20,Alpine,003,1148,124,124,1,125,0
2022-04-20,Amador,005,37829,8557,8494,660,9154,86
2022-04-20,Butte,007,227075,33188,33083,6816,39899,408
2022-04-20,Calaveras,009,45235,7304,7288,353,7641,119
2022-04-20,Colusa,011,21464,3451,3453,1065,4518,21
2022-04-20,Contra Costa,013,1133247,191383,190042,13434,203476,1299
2022-04-20,Del Norte,015,27424,5846,5814,188,6002,50
2022-04-20,El Dorado,017,186661,26913,26821,3246,30067,209
2022-04-20,Fresno,019,978130,231937,231568,23860,255428,2740
2022-04-20,Glenn,021,27897,4988,4988,1601,6589,48
2022-04-20,Humboldt,023,135768,17112,16976,3001,19977,145
2022-04-20,Imperial,025,180216,55483,55405,10680,66085,910
2022-04-20,Inyo,027,18085,4085,4075,500,4575,56
2022-04-20,Kern,029,883053,192222,191915,46085,238000,2262
2022-04-20,Kings,031,150075,51593,51571,3560,55131,445
2022-04-20,Lake,033,64148,10745,10711,897,11608,134
2022-04-20,Lassen,035,31185,8965,8951,882,9833,65
2022-04-20,Los Angeles,037,10098052,2732784,2721699,125244,2846943,31630
2022-04-20,Madera,039,155013,37348,37333,6054,43387,354
2022-04-20,Marin,041,260295,34297,33985,2663,36648,288
2022-04-20,Mariposa,043,17540,2429,2412,203,2615,30
2022-04-20,Mendocino,045,87422,13188,13128,3067,16195,122
2022-04-20,Merced,047,269075,62334,62322,8662,70984,813
2022-04-20,Modoc,049,8938,741,744,253,997,8
2022-04-20,Mono,051,14174,2987,2984,127,3111,6
2022-04-20,Monterey,053,433212,79809,79419,13940,93359,727
2022-04-20,Napa,055,140530,26199,26016,1021,27037,143
2022-04-20,Nevada,057,99092,16075,16034,1222,17256,127
2022-04-20,Orange,059,3164182,550386,549136,41873,591009,6963
2022-04-20,Placer,061,380077,63172,62928,7413,70341,619
2022-04-20,Plumas,063,18699,2984,2932,368,3300,13
2022-04-20,Riverside,065,2383286,593655,592224,28116,620340,6447
2022-04-20,Sacramento,067,1510023,282549,279326,26916,306242,2987
2022-04-20,San Benito,069,59416,12941,12971,520,13491,98
2022-04-20,San Bernardino,071,2135413,571153,565405,24966,590371,6977
2022-04-20,San Diego,073,3302833,756949,757138,53242,810380,5231
2022-04-20,San Francisco,075,870044,128814,127594,8532,136126,854
2022-04-20,San Joaquin,077,732212,167051,166531,10011,176542,2222
2022-04-20,San Luis Obispo,079,281455,52842,52740,3826,56566,476
2022-04-20,San Mateo,081,765935,124757,123279,7237,130516,701
2022-04-20,Santa Barbara,083,443738,86603,86214,4787,91001,685
2022-04-20,Santa Clara,085,1922200,317116,316355,12702,329057,2274
2022-04-20,Santa Cruz,087,273765,48858,47997,2148,50145,261
2022-04-20,Shasta,089,179085,30639,30590,6124,36714,554
2022-04-20,Sierra,091,2930,274,276,48,324,4
2022-04-20,Siskiyou,093,43540,4461,4446,2749,7195,80
2022-04-20,Solano,095,438530,82143,81841,5634,87475,447
2022-04-20,Sonoma,097,501317,84896,84429,2785,87214,485
2022-04-20,Stanislaus,099,539301,117806,117540,17659,135199,1630
2022-04-20,Sutter,101,95872,20534,20632,2115,22747,224
2022-04-20,Tehama,103,63373,12057,12061,2592,14653,199
2022-04-20,Trinity,105,12862,1185,1178,290,1468,20
2022-04-20,Tulare,107,460477,106571,105974,28046,134020,1439
2022-04-20,Tuolumne,109,53932,12685,12648,569,13217,180
2022-04-20,Ventura,111,848112,174331,173904,9540,183444,1475
2022-04-20,Yolo,113,214977,37571,36785,3188,39973,311
2022-04-20,Yuba,115,75493,15902,15868,1211,17079,121
2022-04-19,Alameda,001,1643700,260628,258734,14212,272946,1832
2022-04-19,Alpine,003,1148,124,124,1,125,0
2022-04-19,Amador,005,37829,8553,8494,657,9151,86
2022-04-19,Butte,007,227075,33181,33083,6812,39895,408
2022-04-19,Calaveras,009,45235,7301,7288,353,7641,119
2022-04-19,Colusa,011,21464,3451,3453,1065,4518,21
2022-04-19,Contra Costa,013,1133247,191136,190042,13417,203459,1299
2022-04-19,Del Norte,015,27424,5844,5814,186,6000,50
2022-04-19,El Dorado,017,186661,26898,26821,3243,30064,209
2022-04-19,Fresno,019,978130,231883,231568,23849,255417,2740
2022-04-19,Glenn,021,27897,4987,4988,1601,6589,48
2022-04-19,Humboldt,023,135768,17075,16976,2990,19966,145
2022-04-19,Imperial,025,180216,55476,55405,10677,66082,910
2022-04-19,Inyo,027,18085,4082,4075,500,4575,56
2022-04-19,Kern,029,883053,192186,191915,46075,237990,2262
2022-04-19,Kings,031,150075,51579,51571,3559,55130,445
2022-04-19,Lake,033,64148,10741,10711,896,11607,134
2022-04-19,Lassen,035,31185,8965,8951,882,9833,65
2022-04-19,Los Angeles,037,10098052,2730985,2721699,125118,2846817,31630
2022-04-19,Madera,039,155013,37345,37333,6052,43385,354
2022-04-19,Marin,041,260295,34246,33985,2646,36631,288
2022-04-19,Mariposa,043,17540,2429,2412,202,2614,30
2022-04-19,Mendocino,045,87422,13180,13128,3056,16184,122
2022-04-19,Merced,047,269075,62315,62322,8658,70980,813
2022-04-19,Modoc,049,8938,741,744,253,997,8
2022-04-19,Mono,051,14174,2987,2984,127,3111,6
2022-04-19,Monterey,053,433212,79788,79419,13927,93346,727
2022-04-19,Napa,055,140530,26176,26016,1012,27028,143
2022-04-19,Nevada,057,99092,16069,16034,1220,17254,127
2022-04-19,Orange,059,3164182,550108,549136,41829,590965,6963
2022-04-19,Placer,061,380077,63140,62928,7408,70336,619
2022-04-19,Plumas,063,18699,2984,2932,368,3300,13
2022-04-19,Riverside,065,2383286,593473,592224,28104,620328,6447
2022-04-19,Sacramento,067,1510023,282375,279326,26892,306218,2987
2022-04-19,San Benito,069,59416,12935,12971,519,13490,98
2022-04-19,San Bernardino,071,2135413,570937,565405,24944,590349,6977
2022-04-19,San Diego,073,3302833,756484,757138,53179,810317,5231
2022-04-19,San Francisco,075,870044,128479,127594,8514,136108,854
2022-04-19,San Joaquin,077,732212,167000,166531,10006,176537,2222
2022-04-19,San Luis Obispo,079,281455,52807,52740,3820,56560,476
2022-04-19,San Mateo,081,765935,124527,123279,7215,130494,701
2022-04-19,Santa Barbara,083,443738,86549,86214,4779,90993,685
2022-04-19,Santa Clara,085,1922200,316693,316355,12672,329027,2274
2022-04-19,Santa Cruz,087,273765,48803,47997,2146,50143,261
2022-04-19,Shasta,089,179085,30627,30590,6123,36713,554
2022-04-19,Sierra,091,2930,274,276,48,324,4
2022-04-19,Siskiyou,093,43540,4460,4446,2747,7193,80
2022-04-19,Solano,095,438530,82065,81841,5629,87470,447
2022-04-19,Sonoma,097,501317,84794,84429,2757,87186,485
2022-04-19,Stanislaus,099,539301,117780,117540,17654,135194,1630
2022-04-19,Sutter,101,95872,20534,20632,2115,22747,224
2022-04-19,Tehama,103,63373,12056,12061,2592,14653,199
2022-04-19,Trinity,105,12862,1184,1178,290,1468,20
2022-04-19,Tulare,107,460477,106555,105974,28040,134014,1439
2022-04-19,Tuolumne,109,53932,12683,12648,569,13217,180
2022-04-19,Ventura,111,848112,174237,173904,9527,183431,1475
2022-04-19,Yolo,113,214977,37526,36785,3186,39971,311
2022-04-19,Yuba,115,75493,15895,15868,1211,17079,121
2022-04-18,Alameda,001,1643700,260246,258734,14191,272925,1832
2022-04-18,Alpine,003,1148,124,124,1,125,0
2022-04-18,Amador,005,37829,8552,8494,656,9150,86
2022-04-18,Butte,007,227075,33177,33083,6807,39890,408
2022-04-18,Calaveras,009,45235,7297,7288,352,7640,119
2022-04-18,Colusa,011,21464,3450,3453,1065,4518,21
2022-04-18,Contra Costa,013,1133247,190900,190042,13392,203434,1299
2022-04-18,Del Norte,015,27424,5839,5814,186,6000,50
2022-04-18,El Dorado,017,186661,26881,26821,3240,30061,209
2022-04-18,Fresno,019,978130,231838,231568,23838,255406,2740
2022-04-18,Glenn,021,27897,4986,4988,1600,6588,48
2022-04-18,Humboldt,023,135768,17044,16976,2987,19963,145
2022-04-18,Imperial,025,180216,55464,55405,10675,66080,910
2022-04-18,Inyo,027,18085,4082,4075,500,4575,56
2022-04-18,Kern,029,883053,192141,191915,46063,237978,2262
2022-04-18,Kings,031,150075,51574,51571,3559,55130,445
2022-04-18,Lake,033,64148,10737,10711,895,11606,134
2022-04-18,Lassen,035,31185,8965,8951,882,9833,65
2022-04-18,Los Angeles,037,10098052,2729151,2721699,125002,2846701,31630
2022-04-18,Madera,039,155013,37337,37333,6051,43384,354
2022-04-18,Marin,041,260295,34182,33985,2623,36608,288
2022-04-18,Mariposa,043,17540,2427,2412,202,2614,30
2022-04-18,Mendocino,045,87422,13163,13128,3050,16178,122
2022-04-18,Merced,047,269075,62303,62322,8652,70974,813
2022-04-18,Modoc,049,8938,740,744,253,997,8
2022-04-18,Mono,051,14174,2986,2984,127,3111,6
2022-04-18,Monterey,053,433212,79714,79419,13911,93330,727
2022-04-18,Napa,055,140530,26140,26016,1011,27027,143
2022-04-18,Nevada,057,99092,16059,16034,1218,17252,127
2022-04-18,Orange,059,3164182,549820,549136,41795,590931,6963
2022-04-18,Placer,061,380077,63107,62928,7406,70334,619
2022-04-18,Plumas,063,18699,2984,2932,368,3300,13
2022-04-18,Riverside,065,2383286,593263,592224,28083,620307,6447
2022-04-18,Sacramento,067,1510023,282218,279326,26880,306206,2987
2022-04-18,San Benito,069,59416,12929,12971,519,13490,98
2022-04-18,San Bernardino,071,2135413,570726,565405,24925,590330,6977
2022-04-18,San Diego,073,3302833,756014,757138,53120,810258,5231
2022-04-18,San Francisco,075,870044,128160,127594,8502,136096,854
2022-04-18,San Joaquin,077,732212,166941,166531,9999,176530,2222
2022-04-18,San Luis Obispo,079,281455,52779,52740,3815,56555,476
2022-04-18,San Mateo,081,765935,124295,123279,7194,130473,701
2022-04-18,Santa Barbara,083,443738,86478,86214,4774,90988,685
2022-04-18,Santa Clara,085,1922200,316245,316355,12647,329002,2274
2022-04-18,Santa Cruz,087,273765,48697,47997,2143,50140,261
2022-04-18,Shasta,089,179085,30621,30590,6120,36710,554
2022-04-18,Sierra,091,2930,274,276,48,324,4
2022-04-18,Siskiyou,093,43540,4459,4446,2746,7192,80
2022-04-18,Solano,095,438530,82004,81841,5623,87464,447
2022-04-18,Sonoma,097,501317,84694,84429,2742,87171,485
2022-04-18,Stanislaus,099,539301,117750,117540,17650,135190,1630
2022-04-18,Sutter,101,95872,20532,20632,2113,22745,224
2022-04-18,Tehama,103,63373,12052,12061,2592,14653,199
2022-04-18,Trinity,105,12862,1184,1178,290,1468,20
2022-04-18,Tulare,107,460477,106541,105974,28030,134004,1439
2022-04-18,Tuolumne,109,53932,12676,12648,568,13216,180
2022-04-18,Ventura,111,848112,174145,173904,9517,183421,1475
2022-04-18,Yolo,113,214977,37469,36785,3186,39971,311
2022-04-18,Yuba,115,75493,15886,15868,1209,17077,121
2022-04-17,Alameda,001,1643700,259856,257897,14163,272060,1829
2022-04-17,Alpine,003,1148,124,124,1,125,0
2022-04-17,Amador,005,37829,8547,8491,654,9145,86
2022-04-17,Butte,007,227075,33174,33053,6805,39858,405
2022-04-17,Calaveras,009,45235,7294,7275,350,7625,119
2022-04-17,Colusa,011,21464,3449,3450,1065,4515,21
2022-04-17,Contra Costa,013,1133247,190673,189742,13355,203097,1298
2022-04-17,Del Norte,015,27424,5834,5809,186,5995,50
2022-04-17,El Dorado,017,186661,26869,26796,3238,30034,209
2022-04-17,Fresno,019,978130,231760,231455,23831,255286,2739
2022-04-17,Glenn,021,27897,4986,4991,1600,6591,48
2022-04-17,Humboldt,023,135768,17009,16929,2981,19910,143
2022-04-17,Imperial,025,180216,55455,55371,10673,66044,910
2022-04-17,Inyo,027,18085,4080,4075,500,4575,56
2022-04-17,Kern,029,883053,192106,191866,46048,237914,2258
2022-04-17,Kings,031,150075,51563,51544,3557,55101,445
2022-04-17,Lake,033,64148,10736,10702,895,11597,134
2022-04-17,Lassen,035,31185,8965,8950,882,9832,65
2022-04-17,Los Angeles,037,10098052,2727157,2717479,124884,2842363,31598
2022-04-17,Madera,039,155013,37331,37362,6051,43413,354
2022-04-17,Marin,041,260295,34115,33829,2593,36422,288
2022-04-17,Mariposa,043,17540,2419,2406,202,2608,30
2022-04-17,Mendocino,045,87422,13148,13107,3046,16153,122
2022-04-17,Merced,047,269075,62283,62295,8646,70941,813
2022-04-17,Modoc,049,8938,740,743,253,996,8
2022-04-17,Mono,051,14174,2985,2977,127,3104,6
2022-04-17,Monterey,053,433212,79682,79311,13890,93201,727
2022-04-17,Napa,055,140530,26096,25929,1005,26934,143
2022-04-17,Nevada,057,99092,16043,16014,1213,17227,123
2022-04-17,Orange,059,3164182,549456,548311,41744,590055,6945
2022-04-17,Placer,061,380077,63067,62882,7399,70281,618
2022-04-17,Plumas,063,18699,2984,2929,368,3297,13
2022-04-17,Riverside,065,2383286,593043,591772,28063,619835,6443
2022-04-17,Sacramento,067,1510023,282056,278523,26854,305377,2978
2022-04-17,San Benito,069,59416,12926,12926,518,13444,98
2022-04-17,San Bernardino,071,2135413,570486,564397,24910,589307,6948
2022-04-17,San Diego,073,3302833,755523,756165,53052,809217,5229
2022-04-17,San Francisco,075,870044,127842,126976,8486,135462,854
2022-04-17,San Joaquin,077,732212,166891,166645,9993,176638,2220
2022-04-17,San Luis Obispo,079,281455,52710,52698,3810,56508,476
2022-04-17,San Mateo,081,765935,124059,122652,7178,129830,699
2022-04-17,Santa Barbara,083,443738,86420,86030,4768,90798,684
2022-04-17,Santa Clara,085,1922200,315748,315296,12619,327915,2268
2022-04-17,Santa Cruz,087,273765,48575,47895,2141,50036,261
2022-04-17,Shasta,089,179085,30610,30578,6116,36694,554
2022-04-17,Sierra,091,2930,274,276,48,324,4
2022-04-17,Siskiyou,093,43540,4454,4444,2745,7189,80
2022-04-17,Solano,095,438530,81941,81781,5619,87400,447
2022-04-17,Sonoma,097,501317,84582,84172,2735,86907,485
2022-04-17,Stanislaus,099,539301,117720,117567,17643,135210,1619
2022-04-17,Sutter,101,95872,20527,20621,2112,22733,224
2022-04-17,Tehama,103,63373,12051,12061,2592,14653,199
2022-04-17,Trinity,105,12862,1183,1178,290,1468,20
2022-04-17,Tulare,107,460477,106527,105757,28021,133778,1428
2022-04-17,Tuolumne,109,53932,12670,12640,568,13208,180
2022-04-17,Ventura,111,848112,174048,173665,9499,183164,1474
2022-04-17,Yolo,113,214977,37421,36752,3184,39936,311
2022-04-17,Yuba,115,75493,15880,15857,1209,17066,121
2022-04-16,Alameda,001,1643700,259703,257897,14153,272050,1829
2022-04-16,Alpine,003,1148,124,124,1,125,0
2022-04-16,Amador,005,37829,8545,8491,654,9145,86
2022-04-16,Butte,007,227075,33171,33053,6803,39856,405
2022-04-16,Calaveras,009,45235,7292,7275,350,7625,119
2022-04-16,Colusa,011,21464,3449,3450,1065,4515,21
2022-04-16,Contra Costa,013,1133247,190582,189742,13349,203091,1298
2022-04-16,Del Norte,015,27424,5834,5809,186,5995,50
2022-04-16,El Dorado,017,186661,26858,26796,3238,30034,209
2022-04-16,Fresno,019,978130,231732,231455,23830,255285,2739
2022-04-16,Glenn,021,27897,4986,4991,1600,6591,48
2022-04-16,Humboldt,023,135768,17001,16929,2976,19905,143
2022-04-16,Imperial,025,180216,55449,55371,10672,66043,910
2022-04-16,Inyo,027,18085,4080,4075,500,4575,56
2022-04-16,Kern,029,883053,192095,191866,46036,237902,2258
2022-04-16,Kings,031,150075,51560,51544,3557,55101,445
2022-04-16,Lake,033,64148,10734,10702,895,11597,134
2022-04-16,Lassen,035,31185,8965,8950,882,9832,65
2022-04-16,Los Angeles,037,10098052,2726451,2717479,124834,2842313,31598
2022-04-16,Madera,039,155013,37329,37362,6051,43413,354
2022-04-16,Marin,041,260295,34077,33829,2566,36395,288
2022-04-16,Mariposa,043,17540,2418,2406,202,2608,30
2022-04-16,Mendocino,045,87422,13142,13107,3046,16153,122
2022-04-16,Merced,047,269075,62280,62295,8646,70941,813
2022-04-16,Modoc,049,8938,740,743,253,996,8
2022-04-16,Mono,051,14174,2985,2977,127,3104,6
2022-04-16,Monterey,053,433212,79666,79311,13881,93192,727
2022-04-16,Napa,055,140530,26073,25929,1002,26931,143
2022-04-16,Nevada,057,99092,16040,16014,1212,17226,123
2022-04-16,Orange,059,3164182,549341,548311,41716,590027,6945
2022-04-16,Placer,061,380077,63051,62882,7397,70279,618
2022-04-16,Plumas,063,18699,2982,2929,368,3297,13
2022-04-16,Riverside,065,2383286,592963,591772,28057,619829,6443
2022-04-16,Sacramento,067,1510023,282005,278523,26848,305371,2978
2022-04-16,San Benito,069,59416,12925,12926,518,13444,98
2022-04-16,San Bernardino,071,2135413,570387,564397,24906,589303,6948
2022-04-16,San Diego,073,3302833,755376,756165,53040,809205,5229
2022-04-16,San Francisco,075,870044,127686,126976,8477,135453,854
2022-04-16,San Joaquin,077,732212,166851,166645,9989,176634,2220
2022-04-16,San Luis Obispo,079,281455,52704,52698,3809,56507,476
2022-04-16,San Mateo,081,765935,123963,122652,7171,129823,699
2022-04-16,Santa Barbara,083,443738,86390,86030,4768,90798,684
2022-04-16,Santa Clara,085,1922200,315507,315296,12610,327906,2268
2022-04-16,Santa Cruz,087,273765,48548,47895,2141,50036,261
2022-04-16,Shasta,089,179085,30606,30578,6116,36694,554
2022-04-16,Sierra,091,2930,274,276,48,324,4
2022-04-16,Siskiyou,093,43540,4454,4444,2745,7189,80
2022-04-16,Solano,095,438530,81926,81781,5617,87398,447
2022-04-16,Sonoma,097,501317,84533,84172,2725,86897,485
2022-04-16,Stanislaus,099,539301,117700,117567,17638,135205,1619
2022-04-16,Sutter,101,95872,20523,20621,2112,22733,224
2022-04-16,Tehama,103,63373,12050,12061,2592,14653,199
2022-04-16,Trinity,105,12862,1183,1178,290,1468,20
2022-04-16,Tulare,107,460477,106516,105757,28018,133775,1428
2022-04-16,Tuolumne,109,53932,12669,12640,568,13208,180
2022-04-16,Ventura,111,848112,174019,173665,9495,183160,1474
2022-04-16,Yolo,113,214977,37412,36752,3183,39935,311
2022-04-16,Yuba,115,75493,15876,15857,1209,17066,121
2022-04-15,Alameda,001,1643700,259519,257897,14145,272042,1829
2022-04-15,Alpine,003,1148,124,124,1,125,0
2022-04-15,Amador,005,37829,8544,8491,652,9143,86
2022-04-15,Butte,007,227075,33169,33053,6800,39853,405
2022-04-15,Calaveras,009,45235,7290,7275,350,7625,119
2022-04-15,Colusa,011,21464,3449,3450,1065,4515,21
2022-04-15,Contra Costa,013,1133247,190465,189742,13342,203084,1298
2022-04-15,Del Norte,015,27424,5833,5809,186,5995,50
2022-04-15,El Dorado,017,186661,26844,26796,3237,30033,209
2022-04-15,Fresno,019,978130,231703,231455,23830,255285,2739
2022-04-15,Glenn,021,27897,4986,4991,1600,6591,48
2022-04-15,Humboldt,023,135768,16989,16929,2975,19904,143
2022-04-15,Imperial,025,180216,55447,55371,10672,66043,910
2022-04-15,Inyo,027,18085,4080,4075,499,4574,56
2022-04-15,Kern,029,883053,192080,191866,46025,237891,2258
2022-04-15,Kings,031,150075,51556,51544,3557,55101,445
2022-04-15,Lake,033,64148,10729,10702,895,11597,134
2022-04-15,Lassen,035,31185,8965,8950,882,9832,65
2022-04-15,Los Angeles,037,10098052,2725677,2717479,124767,2842246,31598
2022-04-15,Madera,039,155013,37327,37362,6051,43413,354
2022-04-15,Marin,041,260295,34043,33829,2545,36374,288
2022-04-15,Mariposa,043,17540,2417,2406,202,2608,30
2022-04-15,Mendocino,045,87422,13136,13107,3044,16151,122
2022-04-15,Merced,047,269075,62276,62295,8646,70941,813
2022-04-15,Modoc,049,8938,740,743,253,996,8
2022-04-15,Mono,051,14174,2980,2977,126,3103,6
2022-04-15,Monterey,053,433212,79639,79311,13875,93186,727
2022-04-15,Napa,055,140530,26056,25929,1001,26930,143
2022-04-15,Nevada,057,99092,16038,16014,1211,17225,123
2022-04-15,Orange,059,3164182,549220,548311,41686,589997,6945
2022-04-15,Placer,061,380077,63036,62882,7396,70278,618
2022-04-15,Plumas,063,18699,2982,2929,368,3297,13
2022-04-15,Riverside,065,2383286,592862,591772,28051,619823,6443
2022-04-15,Sacramento,067,1510023,281926,278523,26844,305367,2978
2022-04-15,San Benito,069,59416,12923,12926,517,13443,98
2022-04-15,San Bernardino,071,2135413,570304,564397,24903,589300,6948
2022-04-15,San Diego,073,3302833,755183,756165,53021,809186,5229
2022-04-15,San Francisco,075,870044,127535,126976,8463,135439,854
2022-04-15,San Joaquin,077,732212,166828,166645,9986,176631,2220
2022-04-15,San Luis Obispo,079,281455,52696,52698,3809,56507,476
2022-04-15,San Mateo,081,765935,123832,122652,7160,129812,699
2022-04-15,Santa Barbara,083,443738,86357,86030,4767,90797,684
2022-04-15,Santa Clara,085,1922200,315215,315296,12602,327898,2268
2022-04-15,Santa Cruz,087,273765,48520,47895,2140,50035,261
2022-04-15,Shasta,089,179085,30597,30578,6116,36694,554
2022-04-15,Sierra,091,2930,274,276,48,324,4
2022-04-15,Siskiyou,093,43540,4452,4444,2745,7189,80
2022-04-15,Solano,095,438530,81901,81781,5617,87398,447
2022-04-15,Sonoma,097,501317,84481,84172,2709,86881,485
2022-04-15,Stanislaus,099,539301,117680,117567,17636,135203,1619
2022-04-15,Sutter,101,95872,20520,20621,2112,22733,224
2022-04-15,Tehama,103,63373,12050,12061,2592,14653,199
2022-04-15,Trinity,105,12862,1183,1178,290,1468,20
2022-04-15,Tulare,107,460477,106510,105757,28012,133769,1428
2022-04-15,Tuolumne,109,53932,12666,12640,565,13205,180
2022-04-15,Ventura,111,848112,173990,173665,9488,183153,1474
2022-04-15,Yolo,113,214977,37395,36752,3183,39935,311
2022-04-15,Yuba,115,75493,15873,15857,1209,17066,121
2022-04-14,Alameda,001,1643700,259252,257897,14135,272032,1829
2022-04-14,Alpine,003,1148,124,124,1,125,0
2022-04-14,Amador,005,37829,8544,8491,652,9143,86
2022-04-14,Butte,007,227075,33164,33053,6795,39848,405
2022-04-14,Calaveras,009,45235,7289,7275,350,7625,119
2022-04-14,Colusa,011,21464,3449,3450,1065,4515,21
2022-04-14,Contra Costa,013,1133247,190311,189742,13329,203071,1298
2022-04-14,Del Norte,015,27424,5831,5809,186,5995,50
2022-04-14,El Dorado,017,186661,26841,26796,3235,30031,209
2022-04-14,Fresno,019,978130,231677,231455,23829,255284,2739
2022-04-14,Glenn,021,27897,4985,4991,1598,6589,48
2022-04-14,Humboldt,023,135768,16974,16929,2974,19903,143
2022-04-14,Imperial,025,180216,55437,55371,10672,66043,910
2022-04-14,Inyo,027,18085,4080,4075,498,4573,56
2022-04-14,Kern,029,883053,192061,191866,46017,237883,2258
2022-04-14,Kings,031,150075,51548,51544,3557,55101,445
2022-04-14,Lake,033,64148,10728,10702,895,11597,134
2022-04-14,Lassen,035,31185,8965,8950,881,9831,65
2022-04-14,Los Angeles,037,10098052,2724590,2717479,124679,2842158,31598
2022-04-14,Madera,039,155013,37325,37362,6051,43413,354
2022-04-14,Marin,041,260295,34010,33829,2517,36346,288
2022-04-14,Mariposa,043,17540,2416,2406,202,2608,30
2022-04-14,Mendocino,045,87422,13131,13107,3044,16151,122
2022-04-14,Merced,047,269075,62271,62295,8645,70940,813
2022-04-14,Modoc,049,8938,739,743,253,996,8
2022-04-14,Mono,051,14174,2980,2977,125,3102,6
2022-04-14,Monterey,053,433212,79614,79311,13870,93181,727
2022-04-14,Napa,055,140530,26034,25929,1000,26929,143
2022-04-14,Nevada,057,99092,16031,16014,1210,17224,123
2022-04-14,Orange,059,3164182,549031,548311,41659,589970,6945
2022-04-14,Placer,061,380077,63018,62882,7391,70273,618
2022-04-14,Plumas,063,18699,2982,2929,368,3297,13
2022-04-14,Riverside,065,2383286,592743,591772,28040,619812,6443
2022-04-14,Sacramento,067,1510023,281806,278523,26830,305353,2978
2022-04-14,San Benito,069,59416,12917,12926,517,13443,98
2022-04-14,San Bernardino,071,2135413,570133,564397,24898,589295,6948
2022-04-14,San Diego,073,3302833,754905,756165,52983,809148,5229
2022-04-14,San Francisco,075,870044,127333,126976,8452,135428,854
2022-04-14,San Joaquin,077,732212,166797,166645,9984,176629,2220
2022-04-14,San Luis Obispo,079,281455,52680,52698,3805,56503,476
2022-04-14,San Mateo,081,765935,123677,122652,7142,129794,699
2022-04-14,Santa Barbara,083,443738,86312,86030,4765,90795,684
2022-04-14,Santa Clara,085,1922200,314913,315296,12593,327889,2268
2022-04-14,Santa Cruz,087,273765,48490,47895,2139,50034,261
2022-04-14,Shasta,089,179085,30595,30578,6115,36693,554
2022-04-14,Sierra,091,2930,274,276,48,324,4
2022-04-14,Siskiyou,093,43540,4452,4444,2744,7188,80
2022-04-14,Solano,095,438530,81862,81781,5610,87391,447
2022-04-14,Sonoma,097,501317,84390,84172,2704,86876,485
2022-04-14,Stanislaus,099,539301,117660,117567,17633,135200,1619
2022-04-14,Sutter,101,95872,20518,20621,2103,22724,224
2022-04-14,Tehama,103,63373,12049,12061,2591,14652,199
2022-04-14,Trinity,105,12862,1183,1178,290,1468,20
2022-04-14,Tulare,107,460477,106496,105757,28008,133765,1428
2022-04-14,Tuolumne,109,53932,12662,12640,564,13204,180
2022-04-14,Ventura,111,848112,173941,173665,9481,183146,1474
2022-04-14,Yolo,113,214977,37369,36752,3180,39932,311
2022-04-14,Yuba,115,75493,15870,15857,1209,17066,121
2022-04-13,Alameda,001,1643700,259001,257440,14115,271555,1833
2022-04-13,Alpine,003,1148,124,124,1,125,0
2022-04-13,Amador,005,37829,8542,8490,652,9142,86
2022-04-13,Butte,007,227075,33156,33044,6795,39839,402
2022-04-13,Calaveras,009,45235,7288,7270,350,7620,119
2022-04-13,Colusa,011,21464,3449,3451,1065,4516,21
2022-04-13,Contra Costa,013,1133247,190178,189471,13313,202784,1298
2022-04-13,Del Norte,015,27424,5829,5812,186,5998,50
2022-04-13,El Dorado,017,186661,26837,26794,3235,30029,208
2022-04-13,Fresno,019,978130,231645,231325,23817,255142,2738
2022-04-13,Glenn,021,27897,4984,4989,1598,6587,48
2022-04-13,Humboldt,023,135768,16960,16922,2973,19895,143
2022-04-13,Imperial,025,180216,55424,55353,10669,66022,910
2022-04-13,Inyo,027,18085,4080,4074,495,4569,56
2022-04-13,Kern,029,883053,192036,191859,46011,237870,2249
2022-04-13,Kings,031,150075,51542,51535,3557,55092,443
2022-04-13,Lake,033,64148,10726,10695,895,11590,134
2022-04-13,Lassen,035,31185,8964,8949,881,9830,65
2022-04-13,Los Angeles,037,10098052,2723331,2715722,124602,2840324,31578
2022-04-13,Madera,039,155013,37322,37361,6050,43411,354
2022-04-13,Marin,041,260295,33971,33747,2488,36235,288
2022-04-13,Mariposa,043,17540,2410,2402,202,2604,29
2022-04-13,Mendocino,045,87422,13122,13101,3042,16143,120
2022-04-13,Merced,047,269075,62261,62276,8644,70920,811
2022-04-13,Modoc,049,8938,739,743,253,996,8
2022-04-13,Mono,051,14174,2978,2971,125,3096,6
2022-04-13,Monterey,053,433212,79600,79179,13862,93041,727
2022-04-13,Napa,055,140530,26017,25892,997,26889,143
2022-04-13,Nevada,057,99092,16025,16002,1210,17212,123
2022-04-13,Orange,059,3164182,548829,547783,41635,589418,6935
2022-04-13,Placer,061,380077,62991,62851,7387,70238,615
2022-04-13,Plumas,063,18699,2981,2923,368,3291,13
2022-04-13,Riverside,065,2383286,592604,591659,28032,619691,6437
2022-04-13,Sacramento,067,1510023,281720,277866,26827,304693,2974
2022-04-13,San Benito,069,59416,12911,12927,517,13444,98
2022-04-13,San Bernardino,071,2135413,569988,563709,24892,588601,6905
2022-04-13,San Diego,073,3302833,754619,755584,52951,808535,5223
2022-04-13,San Francisco,075,870044,127165,126608,8432,135040,850
2022-04-13,San Joaquin,077,732212,166762,166654,9982,176636,2219
2022-04-13,San Luis Obispo,079,281455,52656,52660,3805,56465,476
2022-04-13,San Mateo,081,765935,123526,122167,7117,129284,699
2022-04-13,Santa Barbara,083,443738,86274,85938,4760,90698,684
2022-04-13,Santa Clara,085,1922200,314644,314863,12575,327438,2267
2022-04-13,Santa Cruz,087,273765,48436,47765,2137,49902,260
2022-04-13,Shasta,089,179085,30593,30569,6115,36684,551
2022-04-13,Sierra,091,2930,274,276,48,324,4
2022-04-13,Siskiyou,093,43540,4451,4444,2743,7187,80
2022-04-13,Solano,095,438530,81824,81843,5607,87450,448
2022-04-13,Sonoma,097,501317,84320,84033,2689,86722,485
2022-04-13,Stanislaus,099,539301,117642,117573,17628,135201,1577
2022-04-13,Sutter,101,95872,20514,20610,2103,22713,223
2022-04-13,Tehama,103,63373,12048,12062,2590,14652,200
2022-04-13,Trinity,105,12862,1183,1177,290,1467,20
2022-04-13,Tulare,107,460477,106488,105519,28003,133522,1426
2022-04-13,Tuolumne,109,53932,12656,12639,564,13203,180
2022-04-13,Ventura,111,848112,173883,173558,9475,183033,1474
2022-04-13,Yolo,113,214977,37332,36684,3178,39862,311
2022-04-13,Yuba,115,75493,15866,15851,1209,17060,121
2022-04-12,Alameda,001,1643700,258759,257440,14106,271546,1833
2022-04-12,Alpine,003,1148,124,124,1,125,0
2022-04-12,Amador,005,37829,8541,8490,652,9142,86
2022-04-12,Butte,007,227075,33144,33044,6788,39832,402
2022-04-12,Calaveras,009,45235,7284,7270,349,7619,119
2022-04-12,Colusa,011,21464,3449,3451,1065,4516,21
2022-04-12,Contra Costa,013,1133247,190021,189471,13299,202770,1298
2022-04-12,Del Norte,015,27424,5826,5812,186,5998,50
2022-04-12,El Dorado,017,186661,26825,26794,3235,30029,208
2022-04-12,Fresno,019,978130,231615,231325,23810,255135,2738
2022-04-12,Glenn,021,27897,4984,4989,1598,6587,48
2022-04-12,Humboldt,023,135768,16952,16922,2971,19893,143
2022-04-12,Imperial,025,180216,55420,55353,10660,66013,910
2022-04-12,Inyo,027,18085,4080,4074,494,4568,56
2022-04-12,Kern,029,883053,192016,191859,46002,237861,2249
2022-04-12,Kings,031,150075,51534,51535,3555,55090,443
2022-04-12,Lake,033,64148,10722,10695,894,11589,134
2022-04-12,Lassen,035,31185,8964,8949,881,9830,65
2022-04-12,Los Angeles,037,10098052,2722085,2715722,124501,2840223,31578
2022-04-12,Madera,039,155013,37321,37361,6050,43411,354
2022-04-12,Marin,041,260295,33926,33747,2461,36208,288
2022-04-12,Mariposa,043,17540,2410,2402,202,2604,29
2022-04-12,Mendocino,045,87422,13114,13101,3036,16137,120
2022-04-12,Merced,047,269075,62247,62276,8641,70917,811
2022-04-12,Modoc,049,8938,739,743,252,995,8
2022-04-12,Mono,051,14174,2978,2971,125,3096,6
2022-04-12,Monterey,053,433212,79576,79179,13855,93034,727
2022-04-12,Napa,055,140530,25994,25892,987,26879,143
2022-04-12,Nevada,057,99092,16022,16002,1209,17211,123
2022-04-12,Orange,059,3164182,548576,547783,41602,589385,6935
2022-04-12,Placer,061,380077,62968,62851,7382,70233,615
2022-04-12,Plumas,063,18699,2980,2923,368,3291,13
2022-04-12,Riverside,065,2383286,592457,591659,28010,619669,6437
2022-04-12,Sacramento,067,1510023,281604,277866,26825,304691,2974
2022-04-12,San Benito,069,59416,12907,12927,516,13443,98
2022-04-12,San Bernardino,071,2135413,569814,563709,24887,588596,6905
2022-04-12,San Diego,073,3302833,754286,755584,52909,808493,5223
2022-04-12,San Francisco,075,870044,126954,126608,8416,135024,850
2022-04-12,San Joaquin,077,732212,166732,166654,9980,176634,2219
2022-04-12,San Luis Obispo,079,281455,52622,52660,3799,56459,476
2022-04-12,San Mateo,081,765935,123369,122167,7094,129261,699
2022-04-12,Santa Barbara,083,443738,86228,85938,4756,90694,684
2022-04-12,Santa Clara,085,1922200,314352,314863,12564,327427,2267
2022-04-12,Santa Cruz,087,273765,48357,47765,2134,49899,260
2022-04-12,Shasta,089,179085,30593,30569,6114,36683,551
2022-04-12,Sierra,091,2930,274,276,48,324,4
2022-04-12,Siskiyou,093,43540,4451,4444,2741,7185,80
2022-04-12,Solano,095,438530,81783,81843,5605,87448,448
2022-04-12,Sonoma,097,501317,84261,84033,2683,86716,485
2022-04-12,Stanislaus,099,539301,117622,117573,17623,135196,1577
2022-04-12,Sutter,101,95872,20511,20610,2103,22713,223
2022-04-12,Tehama,103,63373,12046,12062,2590,14652,200
2022-04-12,Trinity,105,12862,1183,1177,290,1467,20
2022-04-12,Tulare,107,460477,106473,105519,27998,133517,1426
2022-04-12,Tuolumne,109,53932,12654,12639,562,13201,180
2022-04-12,Ventura,111,848112,173834,173558,9469,183027,1474
2022-04-12,Yolo,113,214977,37275,36684,3172,39856,311
2022-04-12,Yuba,115,75493,15861,15851,1209,17060,121
2022-04-11,Alameda,001,1643700,258467,256649,14089,270738,1826
2022-04-11,Alpine,003,1148,124,124,1,125,0
2022-04-11,Amador,005,37829,8540,8489,652,9141,86
2022-04-11,Butte,007,227075,33131,33031,6784,39815,399
2022-04-11,Calaveras,009,45235,7281,7260,349,7609,119
2022-04-11,Colusa,011,21464,3447,3449,1065,4514,21
2022-04-11,Contra Costa,013,1133247,189854,189154,13282,202436,1296
2022-04-11,Del Norte,015,27424,5825,5811,186,5997,50
2022-04-11,El Dorado,017,186661,26812,26757,3234,29991,207
2022-04-11,Fresno,019,978130,231594,231090,23809,254899,2731
2022-04-11,Glenn,021,27897,4983,4988,1597,6585,47
2022-04-11,Humboldt,023,135768,16937,16913,2969,19882,141
2022-04-11,Imperial,025,180216,55415,55267,10658,65925,910
2022-04-11,Inyo,027,18085,4079,4071,494,4565,56
2022-04-11,Kern,029,883053,191991,191542,45999,237541,2244
2022-04-11,Kings,031,150075,51530,51519,3555,55074,443
2022-04-11,Lake,033,64148,10721,10690,893,11583,134
2022-04-11,Lassen,035,31185,8964,8948,881,9829,65
2022-04-11,Los Angeles,037,10098052,2720826,2709735,124430,2834165,31509
2022-04-11,Madera,039,155013,37314,37356,6050,43406,354
2022-04-11,Marin,041,260295,33870,33648,2442,36090,288
2022-04-11,Mariposa,043,17540,2409,2394,202,2596,29
2022-04-11,Mendocino,045,87422,13110,13087,3034,16121,120
2022-04-11,Merced,047,269075,62238,62231,8639,70870,811
2022-04-11,Modoc,049,8938,739,743,252,995,8
2022-04-11,Mono,051,14174,2977,2967,124,3091,6
2022-04-11,Monterey,053,433212,79556,79103,13846,92949,727
2022-04-11,Napa,055,140530,25977,25824,985,26809,144
2022-04-11,Nevada,057,99092,16018,15976,1209,17185,123
2022-04-11,Orange,059,3164182,548368,546983,41567,588550,6912
2022-04-11,Placer,061,380077,62946,62831,7380,70211,616
2022-04-11,Plumas,063,18699,2978,2887,368,3255,13
2022-04-11,Riverside,065,2383286,592330,591268,27992,619260,6429
2022-04-11,Sacramento,067,1510023,281504,277125,26823,303948,2972
2022-04-11,San Benito,069,59416,12905,12917,516,13433,98
2022-04-11,San Bernardino,071,2135413,569663,562571,24879,587450,6892
2022-04-11,San Diego,073,3302833,753959,754281,52870,807151,5210
2022-04-11,San Francisco,075,870044,126722,125963,8404,134367,844
2022-04-11,San Joaquin,077,732212,166694,166547,9974,176521,2212
2022-04-11,San Luis Obispo,079,281455,52599,52609,3798,56407,476
2022-04-11,San Mateo,081,765935,123183,121514,7080,128594,698
2022-04-11,Santa Barbara,083,443738,86180,85754,4751,90505,680
2022-04-11,Santa Clara,085,1922200,314008,313965,12549,326514,2266
2022-04-11,Santa Cruz,087,273765,48263,47624,2128,49752,259
2022-04-11,Shasta,089,179085,30588,30586,6113,36699,549
2022-04-11,Sierra,091,2930,274,272,48,320,4
2022-04-11,Siskiyou,093,43540,4451,4444,2739,7183,80
2022-04-11,Solano,095,438530,81755,81886,5604,87490,448
2022-04-11,Sonoma,097,501317,84193,83600,2672,86272,485
2022-04-11,Stanislaus,099,539301,117588,117528,17615,135143,1578
2022-04-11,Sutter,101,95872,20508,20591,2103,22694,223
2022-04-11,Tehama,103,63373,12045,12059,2589,14648,201
2022-04-11,Trinity,105,12862,1183,1177,290,1467,20
2022-04-11,Tulare,107,460477,106462,105278,27990,133268,1415
2022-04-11,Tuolumne,109,53932,12651,12632,562,13194,180
2022-04-11,Ventura,111,848112,173776,173343,9468,182811,1467
2022-04-11,Yolo,113,214977,37225,36587,3170,39757,312
2022-04-11,Yuba,115,75493,15858,15848,1208,17056,121
2022-04-10,Alameda,001,1643700,258133,256649,14077,270726,1826
2022-04-10,Alpine,003,1148,124,124,1,125,0
2022-04-10,Amador,005,37829,8538,8489,652,9141,86
2022-04-10,Butte,007,227075,33127,33031,6779,39810,399
2022-04-10,Calaveras,009,45235,7278,7260,349,7609,119
2022-04-10,Colusa,011,21464,3446,3449,1065,4514,21
2022-04-10,Contra Costa,013,1133247,189694,189154,13263,202417,1296
2022-04-10,Del Norte,015,27424,5822,5811,186,5997,50
2022-04-10,El Dorado,017,186661,26805,26757,3232,29989,207
2022-04-10,Fresno,019,978130,231556,231090,23807,254897,2731
2022-04-10,Glenn,021,27897,4983,4988,1597,6585,47
2022-04-10,Humboldt,023,135768,16927,16913,2967,19880,141
2022-04-10,Imperial,025,180216,55411,55267,10655,65922,910
2022-04-10,Inyo,027,18085,4079,4071,492,4563,56
2022-04-10,Kern,029,883053,191972,191542,45994,237536,2244
2022-04-10,Kings,031,150075,51528,51519,3555,55074,443
2022-04-10,Lake,033,64148,10717,10690,891,11581,134
2022-04-10,Lassen,035,31185,8963,8948,881,9829,65
2022-04-10,Los Angeles,037,10098052,2719496,2709735,124339,2834074,31509
2022-04-10,Madera,039,155013,37309,37356,6049,43405,354
2022-04-10,Marin,041,260295,33830,33648,2413,36061,288
2022-04-10,Mariposa,043,17540,2407,2394,202,2596,29
2022-04-10,Mendocino,045,87422,13102,13087,3033,16120,120
2022-04-10,Merced,047,269075,62226,62231,8637,70868,811
2022-04-10,Modoc,049,8938,739,743,252,995,8
2022-04-10,Mono,051,14174,2974,2967,124,3091,6
2022-04-10,Monterey,053,433212,79540,79103,13836,92939,727
2022-04-10,Napa,055,140530,25955,25824,983,26807,144
2022-04-10,Nevada,057,99092,16001,15976,1209,17185,123
2022-04-10,Orange,059,3164182,548118,546983,41527,588510,6912
2022-04-10,Placer,061,380077,62912,62831,7379,70210,616
2022-04-10,Plumas,063,18699,2975,2887,368,3255,13
2022-04-10,Riverside,065,2383286,592179,591268,27979,619247,6429
2022-04-10,Sacramento,067,1510023,281406,277125,26813,303938,2972
2022-04-10,San Benito,069,59416,12902,12917,516,13433,98
2022-04-10,San Bernardino,071,2135413,569429,562571,24869,587440,6892
2022-04-10,San Diego,073,3302833,753633,754281,52825,807106,5210
2022-04-10,San Francisco,075,870044,126483,125963,8388,134351,844
2022-04-10,San Joaquin,077,732212,166646,166547,9967,176514,2212
2022-04-10,San Luis Obispo,079,281455,52565,52609,3795,56404,476
2022-04-10,San Mateo,081,765935,123017,121514,7063,128577,698
2022-04-10,Santa Barbara,083,443738,86096,85754,4741,90495,680
2022-04-10,Santa Clara,085,1922200,313679,313965,12535,326500,2266
2022-04-10,Santa Cruz,087,273765,48174,47624,2126,49750,259
2022-04-10,Shasta,089,179085,30581,30586,6113,36699,549
2022-04-10,Sierra,091,2930,274,272,48,320,4
2022-04-10,Siskiyou,093,43540,4451,4444,2737,7181,80
2022-04-10,Solano,095,438530,81708,81886,5599,87485,448
2022-04-10,Sonoma,097,501317,84092,83600,2667,86267,485
2022-04-10,Stanislaus,099,539301,117565,117528,17608,135136,1578
2022-04-10,Sutter,101,95872,20504,20591,2099,22690,223
2022-04-10,Tehama,103,63373,12043,12059,2589,14648,201
2022-04-10,Trinity,105,12862,1183,1177,290,1467,20
2022-04-10,Tulare,107,460477,106447,105278,27983,133261,1415
2022-04-10,Tuolumne,109,53932,12644,12632,562,13194,180
2022-04-10,Ventura,111,848112,173697,173343,9462,182805,1467
2022-04-10,Yolo,113,214977,37194,36587,3165,39752,312
2022-04-10,Yuba,115,75493,15857,15848,1208,17056,121
2022-04-09,Alameda,001,1643700,257959,256649,14072,270721,1826
2022-04-09,Alpine,003,1148,124,124,1,125,0
2022-04-09,Amador,005,37829,8538,8489,651,9140,86
2022-04-09,Butte,007,227075,33124,33031,6779,39810,399
2022-04-09,Calaveras,009,45235,7277,7260,349,7609,119
2022-04-09,Colusa,011,21464,3445,3449,1065,4514,21
2022-04-09,Contra Costa,013,1133247,189597,189154,13256,202410,1296
2022-04-09,Del Norte,015,27424,5821,5811,186,5997,50
2022-04-09,El Dorado,017,186661,26798,26757,3232,29989,207
2022-04-09,Fresno,019,978130,231535,231090,23807,254897,2731
2022-04-09,Glenn,021,27897,4983,4988,1597,6585,47
2022-04-09,Humboldt,023,135768,16920,16913,2967,19880,141
2022-04-09,Imperial,025,180216,55406,55267,10655,65922,910
2022-04-09,Inyo,027,18085,4079,4071,492,4563,56
2022-04-09,Kern,029,883053,191963,191542,45989,237531,2244
2022-04-09,Kings,031,150075,51522,51519,3555,55074,443
2022-04-09,Lake,033,64148,10715,10690,891,11581,134
2022-04-09,Lassen,035,31185,8963,8948,881,9829,65
2022-04-09,Los Angeles,037,10098052,2718821,2709735,124266,2834001,31509
2022-04-09,Madera,039,155013,37306,37356,6049,43405,354
2022-04-09,Marin,041,260295,33797,33648,2370,36018,288
2022-04-09,Mariposa,043,17540,2407,2394,202,2596,29
2022-04-09,Mendocino,045,87422,13100,13087,3033,16120,120
2022-04-09,Merced,047,269075,62211,62231,8635,70866,811
2022-04-09,Modoc,049,8938,739,743,252,995,8
2022-04-09,Mono,051,14174,2973,2967,123,3090,6
2022-04-09,Monterey,053,433212,79531,79103,13832,92935,727
2022-04-09,Napa,055,140530,25931,25824,983,26807,144
2022-04-09,Nevada,057,99092,15998,15976,1209,17185,123
2022-04-09,Orange,059,3164182,547994,546983,41506,588489,6912
2022-04-09,Placer,061,380077,62896,62831,7377,70208,616
2022-04-09,Plumas,063,18699,2975,2887,368,3255,13
2022-04-09,Riverside,065,2383286,592088,591268,27969,619237,6429
2022-04-09,Sacramento,067,1510023,281359,277125,26811,303936,2972
2022-04-09,San Benito,069,59416,12901,12917,515,13432,98
2022-04-09,San Bernardino,071,2135413,569363,562571,24866,587437,6892
2022-04-09,San Diego,073,3302833,753485,754281,52811,807092,5210
2022-04-09,San Francisco,075,870044,126359,125963,8382,134345,844
2022-04-09,San Joaquin,077,732212,166630,166547,9964,176511,2212
2022-04-09,San Luis Obispo,079,281455,52565,52609,3792,56401,476
2022-04-09,San Mateo,081,765935,122927,121514,7056,128570,698
2022-04-09,Santa Barbara,083,443738,86063,85754,4741,90495,680
2022-04-09,Santa Clara,085,1922200,313483,313965,12532,326497,2266
2022-04-09,Santa Cruz,087,273765,48141,47624,2124,49748,259
2022-04-09,Shasta,089,179085,30579,30586,6113,36699,549
2022-04-09,Sierra,091,2930,274,272,48,320,4
2022-04-09,Siskiyou,093,43540,4450,4444,2736,7180,80
2022-04-09,Solano,095,438530,81690,81886,5598,87484,448
2022-04-09,Sonoma,097,501317,84053,83600,2663,86263,485
2022-04-09,Stanislaus,099,539301,117552,117528,17605,135133,1578
2022-04-09,Sutter,101,95872,20504,20591,2099,22690,223
2022-04-09,Tehama,103,63373,12043,12059,2589,14648,201
2022-04-09,Trinity,105,12862,1183,1177,290,1467,20
2022-04-09,Tulare,107,460477,106444,105278,27981,133259,1415
2022-04-09,Tuolumne,109,53932,12642,12632,562,13194,180
2022-04-09,Ventura,111,848112,173660,173343,9459,182802,1467
2022-04-09,Yolo,113,214977,37176,36587,3165,39752,312
2022-04-09,Yuba,115,75493,15856,15848,1208,17056,121
2022-04-08,Alameda,001,1643700,257803,256649,14066,270715,1826
2022-04-08,Alpine,003,1148,124,124,1,125,0
2022-04-08,Amador,005,37829,8536,8489,650,9139,86
2022-04-08,Butte,007,227075,33118,33031,6776,39807,399
2022-04-08,Calaveras,009,45235,7275,7260,349,7609,119
2022-04-08,Colusa,011,21464,3445,3449,1065,4514,21
2022-04-08,Contra Costa,013,1133247,189519,189154,13243,202397,1296
2022-04-08,Del Norte,015,27424,5819,5811,186,5997,50
2022-04-08,El Dorado,017,186661,26796,26757,3232,29989,207
2022-04-08,Fresno,019,978130,231515,231090,23805,254895,2731
2022-04-08,Glenn,021,27897,4983,4988,1597,6585,47
2022-04-08,Humboldt,023,135768,16916,16913,2965,19878,141
2022-04-08,Imperial,025,180216,55402,55267,10655,65922,910
2022-04-08,Inyo,027,18085,4077,4071,491,4562,56
2022-04-08,Kern,029,883053,191944,191542,45988,237530,2244
2022-04-08,Kings,031,150075,51517,51519,3555,55074,443
2022-04-08,Lake,033,64148,10715,10690,891,11581,134
2022-04-08,Lassen,035,31185,8963,8948,881,9829,65
2022-04-08,Los Angeles,037,10098052,2718191,2709735,124211,2833946,31509
2022-04-08,Madera,039,155013,37304,37356,6047,43403,354
2022-04-08,Marin,041,260295,33777,33648,2354,36002,288
2022-04-08,Mariposa,043,17540,2407,2394,201,2595,29
2022-04-08,Mendocino,045,87422,13098,13087,3033,16120,120
2022-04-08,Merced,047,269075,62204,62231,8633,70864,811
2022-04-08,Modoc,049,8938,739,743,252,995,8
2022-04-08,Mono,051,14174,2971,2967,123,3090,6
2022-04-08,Monterey,053,433212,79521,79103,13831,92934,727
2022-04-08,Napa,055,140530,25919,25824,975,26799,144
2022-04-08,Nevada,057,99092,15995,15976,1208,17184,123
2022-04-08,Orange,059,3164182,547875,546983,41491,588474,6912
2022-04-08,Placer,061,380077,62878,62831,7375,70206,616
2022-04-08,Plumas,063,18699,2972,2887,368,3255,13
2022-04-08,Riverside,065,2383286,592012,591268,27966,619234,6429
2022-04-08,Sacramento,067,1510023,281313,277125,26810,303935,2972
2022-04-08,San Benito,069,59416,12901,12917,515,13432,98
2022-04-08,San Bernardino,071,2135413,569310,562571,24863,587434,6892
2022-04-08,San Diego,073,3302833,753315,754281,52801,807082,5210
2022-04-08,San Francisco,075,870044,126263,125963,8378,134341,844
2022-04-08,San Joaquin,077,732212,166612,166547,9962,176509,2212
2022-04-08,San Luis Obispo,079,281455,52560,52609,3792,56401,476
2022-04-08,San Mateo,081,765935,122821,121514,7051,128565,698
2022-04-08,Santa Barbara,083,443738,86042,85754,4741,90495,680
2022-04-08,Santa Clara,085,1922200,313297,313965,12524,326489,2266
2022-04-08,Santa Cruz,087,273765,48124,47624,2121,49745,259
2022-04-08,Shasta,089,179085,30576,30586,6113,36699,549
2022-04-08,Sierra,091,2930,274,272,48,320,4
2022-04-08,Siskiyou,093,43540,4450,4444,2736,7180,80
2022-04-08,Solano,095,438530,81670,81886,5597,87483,448
2022-04-08,Sonoma,097,501317,84002,83600,2659,86259,485
2022-04-08,Stanislaus,099,539301,117537,117528,17604,135132,1578
2022-04-08,Sutter,101,95872,20504,20591,2099,22690,223
2022-04-08,Tehama,103,63373,12043,12059,2589,14648,201
2022-04-08,Trinity,105,12862,1183,1177,290,1467,20
2022-04-08,Tulare,107,460477,106439,105278,27977,133255,1415
2022-04-08,Tuolumne,109,53932,12641,12632,561,13193,180
2022-04-08,Ventura,111,848112,173631,173343,9457,182800,1467
2022-04-08,Yolo,113,214977,37167,36587,3164,39751,312
2022-04-08,Yuba,115,75493,15855,15848,1208,17056,121
2022-04-07,Alameda,001,1643700,257609,256649,14059,270708,1826
2022-04-07,Alpine,003,1148,124,124,1,125,0
2022-04-07,Amador,005,37829,8535,8489,647,9136,86
2022-04-07,Butte,007,227075,33114,33031,6775,39806,399
2022-04-07,Calaveras,009,45235,7273,7260,349,7609,119
2022-04-07,Colusa,011,21464,3444,3449,1065,4514,21
2022-04-07,Contra Costa,013,1133247,189399,189154,13231,202385,1296
2022-04-07,Del Norte,015,27424,5818,5811,186,5997,50
2022-04-07,El Dorado,017,186661,26784,26757,3230,29987,207
2022-04-07,Fresno,019,978130,231489,231090,23804,254894,2731
2022-04-07,Glenn,021,27897,4981,4988,1596,6584,47
2022-04-07,Humboldt,023,135768,16909,16913,2963,19876,141
2022-04-07,Imperial,025,180216,55400,55267,10652,65919,910
2022-04-07,Inyo,027,18085,4077,4071,491,4562,56
2022-04-07,Kern,029,883053,191920,191542,45985,237527,2244
2022-04-07,Kings,031,150075,51509,51519,3555,55074,443
2022-04-07,Lake,033,64148,10711,10690,891,11581,134
2022-04-07,Lassen,035,31185,8963,8948,881,9829,65
2022-04-07,Los Angeles,037,10098052,2717276,2709735,124134,2833869,31509
2022-04-07,Madera,039,155013,37299,37356,6047,43403,354
2022-04-07,Marin,041,260295,33759,33648,2334,35982,288
2022-04-07,Mariposa,043,17540,2404,2394,200,2594,29
2022-04-07,Mendocino,045,87422,13094,13087,3032,16119,120
2022-04-07,Merced,047,269075,62195,62231,8629,70860,811
2022-04-07,Modoc,049,8938,739,743,252,995,8
2022-04-07,Mono,051,14174,2970,2967,123,3090,6
2022-04-07,Monterey,053,433212,79500,79103,13827,92930,727
2022-04-07,Napa,055,140530,25903,25824,971,26795,144
2022-04-07,Nevada,057,99092,15987,15976,1207,17183,123
2022-04-07,Orange,059,3164182,547716,546983,41461,588444,6912
2022-04-07,Placer,061,380077,62861,62831,7372,70203,616
2022-04-07,Plumas,063,18699,2972,2887,368,3255,13
2022-04-07,Riverside,065,2383286,591910,591268,27952,619220,6429
2022-04-07,Sacramento,067,1510023,281247,277125,26803,303928,2972
2022-04-07,San Benito,069,59416,12900,12917,515,13432,98
2022-04-07,San Bernardino,071,2135413,569147,562571,24850,587421,6892
2022-04-07,San Diego,073,3302833,753048,754281,52769,807050,5210
2022-04-07,San Francisco,075,870044,126107,125963,8363,134326,844
2022-04-07,San Joaquin,077,732212,166572,166547,9959,176506,2212
2022-04-07,San Luis Obispo,079,281455,52542,52609,3790,56399,476
2022-04-07,San Mateo,081,765935,122699,121514,7034,128548,698
2022-04-07,Santa Barbara,083,443738,85998,85754,4739,90493,680
2022-04-07,Santa Clara,085,1922200,313074,313965,12512,326477,2266
2022-04-07,Santa Cruz,087,273765,48105,47624,2117,49741,259
2022-04-07,Shasta,089,179085,30574,30586,6113,36699,549
2022-04-07,Sierra,091,2930,274,272,48,320,4
2022-04-07,Siskiyou,093,43540,4450,4444,2734,7178,80
2022-04-07,Solano,095,438530,81640,81886,5597,87483,448
2022-04-07,Sonoma,097,501317,83959,83600,2653,86253,485
2022-04-07,Stanislaus,099,539301,117515,117528,17601,135129,1578
2022-04-07,Sutter,101,95872,20500,20591,2098,22689,223
2022-04-07,Tehama,103,63373,12041,12059,2589,14648,201
2022-04-07,Trinity,105,12862,1183,1177,290,1467,20
2022-04-07,Tulare,107,460477,106432,105278,27975,133253,1415
2022-04-07,Tuolumne,109,53932,12639,12632,560,13192,180
2022-04-07,Ventura,111,848112,173602,173343,9455,182798,1467
2022-04-07,Yolo,113,214977,37148,36587,3164,39751,312
2022-04-07,Yuba,115,75493,15853,15848,1208,17056,121
2022-04-06,Alameda,001,1643700,257423,256143,14052,270195,1814
2022-04-06,Alpine,003,1148,124,124,1,125,0
2022-04-06,Amador,005,37829,8534,8488,647,9135,86
2022-04-06,Butte,007,227075,33109,32997,6773,39770,396
2022-04-06,Calaveras,009,45235,7271,7258,349,7607,120
2022-04-06,Colusa,011,21464,3444,3447,1065,4512,21
2022-04-06,Contra Costa,013,1133247,189332,188850,13216,202066,1296
2022-04-06,Del Norte,015,27424,5818,5809,186,5995,50
2022-04-06,El Dorado,017,186661,26781,26744,3230,29974,205
2022-04-06,Fresno,019,978130,231454,230942,23799,254741,2725
2022-04-06,Glenn,021,27897,4981,4986,1595,6581,47
2022-04-06,Humboldt,023,135768,16905,16904,2962,19866,140
2022-04-06,Imperial,025,180216,55394,55294,10652,65946,908
2022-04-06,Inyo,027,18085,4076,4068,489,4557,56
2022-04-06,Kern,029,883053,191898,191449,45982,237431,2234
2022-04-06,Kings,031,150075,51508,51491,3554,55045,443
2022-04-06,Lake,033,64148,10707,10679,891,11570,136
2022-04-06,Lassen,035,31185,8963,8945,881,9826,65
2022-04-06,Los Angeles,037,10098052,2716229,2707306,124069,2831375,31465
2022-04-06,Madera,039,155013,37294,37349,6047,43396,354
2022-04-06,Marin,041,260295,33739,33566,2326,35892,288
2022-04-06,Mariposa,043,17540,2403,2392,200,2592,29
2022-04-06,Mendocino,045,87422,13090,13074,3031,16105,119
2022-04-06,Merced,047,269075,62186,62195,8626,70821,810
2022-04-06,Modoc,049,8938,739,741,252,993,8
2022-04-06,Mono,051,14174,2969,2967,123,3090,6
2022-04-06,Monterey,053,433212,79487,79019,13819,92838,727
2022-04-06,Napa,055,140530,25884,25790,967,26757,143
2022-04-06,Nevada,057,99092,15985,15974,1207,17181,123
2022-04-06,Orange,059,3164182,547546,546491,41438,587929,6887
2022-04-06,Placer,061,380077,62855,62787,7371,70158,615
2022-04-06,Plumas,063,18699,2972,2850,368,3218,13
2022-04-06,Riverside,065,2383286,591813,590826,27947,618773,6424
2022-04-06,Sacramento,067,1510023,281169,276567,26799,303366,2953
2022-04-06,San Benito,069,59416,12899,12908,515,13423,98
2022-04-06,San Bernardino,071,2135413,569016,561648,24848,586496,6883
2022-04-06,San Diego,073,3302833,752753,753402,52731,806133,5192
2022-04-06,San Francisco,075,870044,125947,125536,8357,133893,843
2022-04-06,San Joaquin,077,732212,166541,166415,9956,176371,2207
2022-04-06,San Luis Obispo,079,281455,52520,52557,3788,56345,475
2022-04-06,San Mateo,081,765935,122591,121041,7022,128063,693
2022-04-06,Santa Barbara,083,443738,85958,85630,4735,90365,679
2022-04-06,Santa Clara,085,1922200,312875,313278,12489,325767,2265
2022-04-06,Santa Cruz,087,273765,48050,47446,2112,49558,259
2022-04-06,Shasta,089,179085,30573,30565,6113,36678,529
2022-04-06,Sierra,091,2930,274,272,48,320,4
2022-04-06,Siskiyou,093,43540,4450,4442,2734,7176,80
2022-04-06,Solano,095,438530,81606,81789,5592,87381,447
2022-04-06,Sonoma,097,501317,83895,83361,2648,86009,485
2022-04-06,Stanislaus,099,539301,117499,117534,17595,135129,1578
2022-04-06,Sutter,101,95872,20495,20581,2098,22679,222
2022-04-06,Tehama,103,63373,12040,12049,2589,14638,198
2022-04-06,Trinity,105,12862,1183,1173,290,1463,20
2022-04-06,Tulare,107,460477,106426,104826,27970,132796,1414
2022-04-06,Tuolumne,109,53932,12637,12621,560,13181,180
2022-04-06,Ventura,111,848112,173548,173179,9450,182629,1460
2022-04-06,Yolo,113,214977,37123,36393,3163,39556,314
2022-04-06,Yuba,115,75493,15848,15839,1208,17047,121
2022-04-05,Alameda,001,1643700,257209,256143,14043,270186,1814
2022-04-05,Alpine,003,1148,124,124,1,125,0
2022-04-05,Amador,005,37829,8532,8488,647,9135,86
2022-04-05,Butte,007,227075,33103,32997,6769,39766,396
2022-04-05,Calaveras,009,45235,7267,7258,349,7607,120
2022-04-05,Colusa,011,21464,3442,3447,1064,4511,21
2022-04-05,Contra Costa,013,1133247,189236,188850,13209,202059,1296
2022-04-05,Del Norte,015,27424,5816,5809,186,5995,50
2022-04-05,El Dorado,017,186661,26769,26744,3230,29974,205
2022-04-05,Fresno,019,978130,231418,230942,23791,254733,2725
2022-04-05,Glenn,021,27897,4981,4986,1594,6580,47
2022-04-05,Humboldt,023,135768,16899,16904,2962,19866,140
2022-04-05,Imperial,025,180216,55392,55294,10652,65946,908
2022-04-05,Inyo,027,18085,4075,4068,488,4556,56
2022-04-05,Kern,029,883053,191878,191449,45979,237428,2234
2022-04-05,Kings,031,150075,51505,51491,3554,55045,443
2022-04-05,Lake,033,64148,10704,10679,891,11570,136
2022-04-05,Lassen,035,31185,8963,8945,881,9826,65
2022-04-05,Los Angeles,037,10098052,2715168,2707306,123994,2831300,31465
2022-04-05,Madera,039,155013,37287,37349,6045,43394,354
2022-04-05,Marin,041,260295,33684,33566,2311,35877,288
2022-04-05,Mariposa,043,17540,2403,2392,200,2592,29
2022-04-05,Mendocino,045,87422,13084,13074,3030,16104,119
2022-04-05,Merced,047,269075,62175,62195,8621,70816,810
2022-04-05,Modoc,049,8938,739,741,252,993,8
2022-04-05,Mono,051,14174,2968,2967,123,3090,6
2022-04-05,Monterey,053,433212,79464,79019,13807,92826,727
2022-04-05,Napa,055,140530,25875,25790,962,26752,143
2022-04-05,Nevada,057,99092,15977,15974,1207,17181,123
2022-04-05,Orange,059,3164182,547361,546491,41409,587900,6887
2022-04-05,Placer,061,380077,62829,62787,7371,70158,615
2022-04-05,Plumas,063,18699,2972,2850,368,3218,13
2022-04-05,Riverside,065,2383286,591692,590826,27935,618761,6424
2022-04-05,Sacramento,067,1510023,281090,276567,26794,303361,2953
2022-04-05,San Benito,069,59416,12891,12908,515,13423,98
2022-04-05,San Bernardino,071,2135413,568889,561648,24838,586486,6883
2022-04-05,San Diego,073,3302833,752445,753402,52687,806089,5192
2022-04-05,San Francisco,075,870044,125743,125536,8349,133885,843
2022-04-05,San Joaquin,077,732212,166499,166415,9953,176368,2207
2022-04-05,San Luis Obispo,079,281455,52503,52557,3783,56340,475
2022-04-05,San Mateo,081,765935,122474,121041,7011,128052,693
2022-04-05,Santa Barbara,083,443738,85922,85630,4734,90364,679
2022-04-05,Santa Clara,085,1922200,312615,313278,12476,325754,2265
2022-04-05,Santa Cruz,087,273765,47983,47446,2109,49555,259
2022-04-05,Shasta,089,179085,30573,30565,6111,36676,529
2022-04-05,Sierra,091,2930,274,272,48,320,4
2022-04-05,Siskiyou,093,43540,4450,4442,2734,7176,80
2022-04-05,Solano,095,438530,81556,81789,5589,87378,447
2022-04-05,Sonoma,097,501317,83831,83361,2639,86000,485
2022-04-05,Stanislaus,099,539301,117485,117534,17585,135119,1578
2022-04-05,Sutter,101,95872,20491,20581,2097,22678,222
2022-04-05,Tehama,103,63373,12038,12049,2588,14637,198
2022-04-05,Trinity,105,12862,1183,1173,290,1463,20
2022-04-05,Tulare,107,460477,106415,104826,27967,132793,1414
2022-04-05,Tuolumne,109,53932,12636,12621,560,13181,180
2022-04-05,Ventura,111,848112,173491,173179,9442,182621,1460
2022-04-05,Yolo,113,214977,37108,36393,3160,39553,314
2022-04-05,Yuba,115,75493,15846,15839,1208,17047,121
2022-04-04,Alameda,001,1643700,256978,256143,14029,270172,1814
2022-04-04,Alpine,003,1148,124,124,1,125,0
2022-04-04,Amador,005,37829,8531,8488,646,9134,86
2022-04-04,Butte,007,227075,33098,32997,6766,39763,396
2022-04-04,Calaveras,009,45235,7267,7258,349,7607,120
2022-04-04,Colusa,011,21464,3441,3447,1064,4511,21
2022-04-04,Contra Costa,013,1133247,189136,188850,13201,202051,1296
2022-04-04,Del Norte,015,27424,5816,5809,186,5995,50
2022-04-04,El Dorado,017,186661,26764,26744,3230,29974,205
2022-04-04,Fresno,019,978130,231400,230942,23786,254728,2725
2022-04-04,Glenn,021,27897,4980,4986,1594,6580,47
2022-04-04,Humboldt,023,135768,16891,16904,2957,19861,140
2022-04-04,Imperial,025,180216,55387,55294,10652,65946,908
2022-04-04,Inyo,027,18085,4075,4068,486,4554,56
2022-04-04,Kern,029,883053,191856,191449,45974,237423,2234
2022-04-04,Kings,031,150075,51498,51491,3554,55045,443
2022-04-04,Lake,033,64148,10699,10679,891,11570,136
2022-04-04,Lassen,035,31185,8963,8945,881,9826,65
2022-04-04,Los Angeles,037,10098052,2714068,2707306,123947,2831253,31465
2022-04-04,Madera,039,155013,37283,37349,6045,43394,354
2022-04-04,Marin,041,260295,33667,33566,2302,35868,288
2022-04-04,Mariposa,043,17540,2402,2392,200,2592,29
2022-04-04,Mendocino,045,87422,13078,13074,3028,16102,119
2022-04-04,Merced,047,269075,62165,62195,8616,70811,810
2022-04-04,Modoc,049,8938,739,741,252,993,8
2022-04-04,Mono,051,14174,2968,2967,123,3090,6
2022-04-04,Monterey,053,433212,79448,79019,13801,92820,727
2022-04-04,Napa,055,140530,25858,25790,961,26751,143
2022-04-04,Nevada,057,99092,15973,15974,1206,17180,123
2022-04-04,Orange,059,3164182,547194,546491,41383,587874,6887
2022-04-04,Placer,061,380077,62819,62787,7370,70157,615
2022-04-04,Plumas,063,18699,2971,2850,368,3218,13
2022-04-04,Riverside,065,2383286,591600,590826,27923,618749,6424
2022-04-04,Sacramento,067,1510023,280998,276567,26785,303352,2953
2022-04-04,San Benito,069,59416,12888,12908,515,13423,98
2022-04-04,San Bernardino,071,2135413,568753,561648,24831,586479,6883
2022-04-04,San Diego,073,3302833,752126,753402,52650,806052,5192
2022-04-04,San Francisco,075,870044,125545,125536,8340,133876,843
2022-04-04,San Joaquin,077,732212,166473,166415,9950,176365,2207
2022-04-04,San Luis Obispo,079,281455,52480,52557,3781,56338,475
2022-04-04,San Mateo,081,765935,122338,121041,6997,128038,693
2022-04-04,Santa Barbara,083,443738,85877,85630,4733,90363,679
2022-04-04,Santa Clara,085,1922200,312346,313278,12464,325742,2265
2022-04-04,Santa Cruz,087,273765,47936,47446,2109,49555,259
2022-04-04,Shasta,089,179085,30570,30565,6110,36675,529
2022-04-04,Sierra,091,2930,274,272,48,320,4
2022-04-04,Siskiyou,093,43540,4450,4442,2734,7176,80
2022-04-04,Solano,095,438530,81511,81789,5586,87375,447
2022-04-04,Sonoma,097,501317,83776,83361,2632,85993,485
2022-04-04,Stanislaus,099,539301,117464,117534,17578,135112,1578
2022-04-04,Sutter,101,95872,20488,20581,2097,22678,222
2022-04-04,Tehama,103,63373,12036,12049,2588,14637,198
2022-04-04,Trinity,105,12862,1183,1173,290,1463,20
2022-04-04,Tulare,107,460477,106406,104826,27963,132789,1414
2022-04-04,Tuolumne,109,53932,12629,12621,560,13181,180
2022-04-04,Ventura,111,848112,173451,173179,9440,182619,1460
2022-04-04,Yolo,113,214977,37094,36393,3158,39551,314
2022-04-04,Yuba,115,75493,15844,15839,1208,17047,121
2022-04-03,Alameda,001,1643700,256721,255650,14027,269677,1813
2022-04-03,Alpine,003,1148,124,124,1,125,0
2022-04-03,Amador,005,37829,8530,8485,646,9131,86
2022-04-03,Butte,007,227075,33091,32981,6764,39745,396
2022-04-03,Calaveras,009,45235,7267,7254,349,7603,119
2022-04-03,Colusa,011,21464,3441,3445,1064,4509,21
2022-04-03,Contra Costa,013,1133247,189030,188658,13191,201849,1291
2022-04-03,Del Norte,015,27424,5816,5812,186,5998,50
2022-04-03,El Dorado,017,186661,26750,26732,3228,29960,200
2022-04-03,Fresno,019,978130,231367,230559,23784,254343,2722
2022-04-03,Glenn,021,27897,4980,4982,1594,6576,47
2022-04-03,Humboldt,023,135768,16886,16898,2957,19855,140
2022-04-03,Imperial,025,180216,55385,55266,10649,65915,908
2022-04-03,Inyo,027,18085,4073,4063,486,4549,56
2022-04-03,Kern,029,883053,191831,191384,45969,237353,2224
2022-04-03,Kings,031,150075,51492,51470,3552,55022,443
2022-04-03,Lake,033,64148,10697,10674,891,11565,136
2022-04-03,Lassen,035,31185,8962,8943,881,9824,65
2022-04-03,Los Angeles,037,10098052,2712874,2703576,123862,2827438,31410
2022-04-03,Madera,039,155013,37281,37333,6044,43377,354
2022-04-03,Marin,041,260295,33632,33493,2293,35786,287
2022-04-03,Mariposa,043,17540,2401,2391,200,2591,29
2022-04-03,Mendocino,045,87422,13072,13058,3026,16084,119
2022-04-03,Merced,047,269075,62150,62149,8612,70761,808
2022-04-03,Modoc,049,8938,738,741,252,993,8
2022-04-03,Mono,051,14174,2968,2967,123,3090,6
2022-04-03,Monterey,053,433212,79430,78964,13776,92740,726
2022-04-03,Napa,055,140530,25838,25757,960,26717,143
2022-04-03,Nevada,057,99092,15967,15962,1205,17167,123
2022-04-03,Orange,059,3164182,546992,546047,41358,587405,6880
2022-04-03,Placer,061,380077,62793,62740,7365,70105,614
2022-04-03,Plumas,063,18699,2970,2803,368,3171,14
2022-04-03,Riverside,065,2383286,591443,590563,27907,618470,6418
2022-04-03,Sacramento,067,1510023,280922,276218,26772,302990,2950
2022-04-03,San Benito,069,59416,12884,12901,515,13416,98
2022-04-03,San Bernardino,071,2135413,568607,561362,24826,586188,6865
2022-04-03,San Diego,073,3302833,751795,752281,52613,804894,5178
2022-04-03,San Francisco,075,870044,125314,125075,8334,133409,843
2022-04-03,San Joaquin,077,732212,166416,166336,9945,176281,2202
2022-04-03,San Luis Obispo,079,281455,52461,52512,3781,56293,475
2022-04-03,San Mateo,081,765935,122198,120717,6990,127707,693
2022-04-03,Santa Barbara,083,443738,85832,85611,4731,90342,678
2022-04-03,Santa Clara,085,1922200,312047,312517,12455,324972,2258
2022-04-03,Santa Cruz,087,273765,47882,47371,2107,49478,259
2022-04-03,Shasta,089,179085,30560,30556,6109,36665,530
2022-04-03,Sierra,091,2930,274,273,48,321,4
2022-04-03,Siskiyou,093,43540,4450,4439,2734,7173,80
2022-04-03,Solano,095,438530,81470,81848,5581,87429,446
2022-04-03,Sonoma,097,501317,83698,83235,2624,85859,485
2022-04-03,Stanislaus,099,539301,117433,117536,17572,135108,1581
2022-04-03,Sutter,101,95872,20485,20570,2097,22667,222
2022-04-03,Tehama,103,63373,12033,12046,2588,14634,198
2022-04-03,Trinity,105,12862,1183,1173,290,1463,20
2022-04-03,Tulare,107,460477,106399,104736,27954,132690,1410
2022-04-03,Tuolumne,109,53932,12628,12618,560,13178,180
2022-04-03,Ventura,111,848112,173398,173044,9437,182481,1460
2022-04-03,Yolo,113,214977,37073,36347,3156,39503,313
2022-04-03,Yuba,115,75493,15842,15835,1208,17043,120
2022-04-02,Alameda,001,1643700,256617,255650,14026,269676,1813
2022-04-02,Alpine,003,1148,124,124,1,125,0
2022-04-02,Amador,005,37829,8530,8485,646,9131,86
2022-04-02,Butte,007,227075,33087,32981,6764,39745,396
2022-04-02,Calaveras,009,45235,7267,7254,349,7603,119
2022-04-02,Colusa,011,21464,3441,3445,1064,4509,21
2022-04-02,Contra Costa,013,1133247,188971,188658,13188,201846,1291
2022-04-02,Del Norte,015,27424,5815,5812,186,5998,50
2022-04-02,El Dorado,017,186661,26747,26732,3228,29960,200
2022-04-02,Fresno,019,978130,231339,230559,23784,254343,2722
2022-04-02,Glenn,021,27897,4980,4982,1594,6576,47
2022-04-02,Humboldt,023,135768,16882,16898,2957,19855,140
2022-04-02,Imperial,025,180216,55381,55266,10649,65915,908
2022-04-02,Inyo,027,18085,4073,4063,486,4549,56
2022-04-02,Kern,029,883053,191817,191384,45965,237349,2224
2022-04-02,Kings,031,150075,51489,51470,3552,55022,443
2022-04-02,Lake,033,64148,10696,10674,891,11565,136
2022-04-02,Lassen,035,31185,8962,8943,881,9824,65
2022-04-02,Los Angeles,037,10098052,2712365,2703576,123822,2827398,31410
2022-04-02,Madera,039,155013,37278,37333,6044,43377,354
2022-04-02,Marin,041,260295,33609,33493,2285,35778,287
2022-04-02,Mariposa,043,17540,2400,2391,200,2591,29
2022-04-02,Mendocino,045,87422,13070,13058,3026,16084,119
2022-04-02,Merced,047,269075,62147,62149,8612,70761,808
2022-04-02,Modoc,049,8938,738,741,252,993,8
2022-04-02,Mono,051,14174,2968,2967,122,3089,6
2022-04-02,Monterey,053,433212,79417,78964,13770,92734,726
2022-04-02,Napa,055,140530,25824,25757,959,26716,143
2022-04-02,Nevada,057,99092,15963,15962,1204,17166,123
2022-04-02,Orange,059,3164182,546886,546047,41346,587393,6880
2022-04-02,Placer,061,380077,62782,62740,7363,70103,614
2022-04-02,Plumas,063,18699,2970,2803,368,3171,14
2022-04-02,Riverside,065,2383286,591369,590563,27902,618465,6418
2022-04-02,Sacramento,067,1510023,280884,276218,26771,302989,2950
2022-04-02,San Benito,069,59416,12883,12901,515,13416,98
2022-04-02,San Bernardino,071,2135413,568556,561362,24823,586185,6865
2022-04-02,San Diego,073,3302833,751670,752281,52604,804885,5178
2022-04-02,San Francisco,075,870044,125210,125075,8326,133401,843
2022-04-02,San Joaquin,077,732212,166395,166336,9943,176279,2202
2022-04-02,San Luis Obispo,079,281455,52456,52512,3781,56293,475
2022-04-02,San Mateo,081,765935,122103,120717,6981,127698,693
2022-04-02,Santa Barbara,083,443738,85813,85611,4730,90341,678
2022-04-02,Santa Clara,085,1922200,311881,312517,12451,324968,2258
2022-04-02,Santa Cruz,087,273765,47870,47371,2106,49477,259
2022-04-02,Shasta,089,179085,30559,30556,6109,36665,530
2022-04-02,Sierra,091,2930,274,273,48,321,4
2022-04-02,Siskiyou,093,43540,4449,4439,2733,7172,80
2022-04-02,Solano,095,438530,81455,81848,5581,87429,446
2022-04-02,Sonoma,097,501317,83650,83235,2618,85853,485
2022-04-02,Stanislaus,099,539301,117424,117536,17570,135106,1581
2022-04-02,Sutter,101,95872,20480,20570,2097,22667,222
2022-04-02,Tehama,103,63373,12033,12046,2588,14634,198
2022-04-02,Trinity,105,12862,1183,1173,290,1463,20
2022-04-02,Tulare,107,460477,106396,104736,27954,132690,1410
2022-04-02,Tuolumne,109,53932,12626,12618,560,13178,180
2022-04-02,Ventura,111,848112,173358,173044,9437,182481,1460
2022-04-02,Yolo,113,214977,37061,36347,3153,39500,313
2022-04-02,Yuba,115,75493,15841,15835,1208,17043,120
2022-04-01,Alameda,001,1643700,256502,255650,14022,269672,1813
2022-04-01,Alpine,003,1148,124,124,1,125,0
2022-04-01,Amador,005,37829,8530,8485,646,9131,86
2022-04-01,Butte,007,227075,33083,32981,6760,39741,396
2022-04-01,Calaveras,009,45235,7265,7254,349,7603,119
2022-04-01,Colusa,011,21464,3440,3445,1064,4509,21
2022-04-01,Contra Costa,013,1133247,188918,188658,13187,201845,1291
2022-04-01,Del Norte,015,27424,5813,5812,186,5998,50
2022-04-01,El Dorado,017,186661,26744,26732,3227,29959,200
2022-04-01,Fresno,019,978130,231313,230559,23782,254341,2722
2022-04-01,Glenn,021,27897,4980,4982,1594,6576,47
2022-04-01,Humboldt,023,135768,16880,16898,2957,19855,140
2022-04-01,Imperial,025,180216,55379,55266,10649,65915,908
2022-04-01,Inyo,027,18085,4071,4063,485,4548,56
2022-04-01,Kern,029,883053,191806,191384,45962,237346,2224
2022-04-01,Kings,031,150075,51486,51470,3552,55022,443
2022-04-01,Lake,033,64148,10694,10674,891,11565,136
2022-04-01,Lassen,035,31185,8961,8943,881,9824,65
2022-04-01,Los Angeles,037,10098052,2711867,2703576,123779,2827355,31410
2022-04-01,Madera,039,155013,37277,37333,6044,43377,354
2022-04-01,Marin,041,260295,33591,33493,2278,35771,287
2022-04-01,Mariposa,043,17540,2397,2391,200,2591,29
2022-04-01,Mendocino,045,87422,13067,13058,3025,16083,119
2022-04-01,Merced,047,269075,62140,62149,8611,70760,808
2022-04-01,Modoc,049,8938,738,741,252,993,8
2022-04-01,Mono,051,14174,2968,2967,122,3089,6
2022-04-01,Monterey,053,433212,79399,78964,13767,92731,726
2022-04-01,Napa,055,140530,25815,25757,959,26716,143
2022-04-01,Nevada,057,99092,15963,15962,1203,17165,123
2022-04-01,Orange,059,3164182,546778,546047,41338,587385,6880
2022-04-01,Placer,061,380077,62768,62740,7363,70103,614
2022-04-01,Plumas,063,18699,2970,2803,367,3170,14
2022-04-01,Riverside,065,2383286,591303,590563,27888,618451,6418
2022-04-01,Sacramento,067,1510023,280845,276218,26767,302985,2950
2022-04-01,San Benito,069,59416,12882,12901,515,13416,98
2022-04-01,San Bernardino,071,2135413,568500,561362,24819,586181,6865
2022-04-01,San Diego,073,3302833,751522,752281,52589,804870,5178
2022-04-01,San Francisco,075,870044,125099,125075,8320,133395,843
2022-04-01,San Joaquin,077,732212,166375,166336,9941,176277,2202
2022-04-01,San Luis Obispo,079,281455,52450,52512,3780,56292,475
2022-04-01,San Mateo,081,765935,122041,120717,6975,127692,693
2022-04-01,Santa Barbara,083,443738,85793,85611,4730,90341,678
2022-04-01,Santa Clara,085,1922200,311731,312517,12450,324967,2258
2022-04-01,Santa Cruz,087,273765,47855,47371,2104,49475,259
2022-04-01,Shasta,089,179085,30558,30556,6109,36665,530
2022-04-01,Sierra,091,2930,274,273,48,321,4
2022-04-01,Siskiyou,093,43540,4449,4439,2732,7171,80
2022-04-01,Solano,095,438530,81440,81848,5581,87429,446
2022-04-01,Sonoma,097,501317,83606,83235,2617,85852,485
2022-04-01,Stanislaus,099,539301,117412,117536,17567,135103,1581
2022-04-01,Sutter,101,95872,20480,20570,2097,22667,222
2022-04-01,Tehama,103,63373,12033,12046,2588,14634,198
2022-04-01,Trinity,105,12862,1183,1173,290,1463,20
2022-04-01,Tulare,107,460477,106391,104736,27950,132686,1410
2022-04-01,Tuolumne,109,53932,12625,12618,560,13178,180
2022-04-01,Ventura,111,848112,173327,173044,9433,182477,1460
2022-04-01,Yolo,113,214977,37046,36347,3152,39499,313
2022-04-01,Yuba,115,75493,15840,15835,1208,17043,120
2022-03-31,Alameda,001,1643700,256327,255650,14009,269659,1813
2022-03-31,Alpine,003,1148,124,124,1,125,0
2022-03-31,Amador,005,37829,8530,8485,646,9131,86
2022-03-31,Butte,007,227075,33079,32981,6757,39738,396
2022-03-31,Calaveras,009,45235,7262,7254,349,7603,119
2022-03-31,Colusa,011,21464,3439,3445,1064,4509,21
2022-03-31,Contra Costa,013,1133247,188822,188658,13181,201839,1291
2022-03-31,Del Norte,015,27424,5812,5812,186,5998,50
2022-03-31,El Dorado,017,186661,26737,26732,3227,29959,200
2022-03-31,Fresno,019,978130,231278,230559,23759,254318,2722
2022-03-31,Glenn,021,27897,4978,4982,1594,6576,47
2022-03-31,Humboldt,023,135768,16876,16898,2957,19855,140
2022-03-31,Imperial,025,180216,55376,55266,10648,65914,908
2022-03-31,Inyo,027,18085,4070,4063,482,4545,56
2022-03-31,Kern,029,883053,191790,191384,45953,237337,2224
2022-03-31,Kings,031,150075,51477,51470,3552,55022,443
2022-03-31,Lake,033,64148,10693,10674,890,11564,136
2022-03-31,Lassen,035,31185,8959,8943,881,9824,65
2022-03-31,Los Angeles,037,10098052,2711121,2703576,123726,2827302,31410
2022-03-31,Madera,039,155013,37274,37333,6044,43377,354
2022-03-31,Marin,041,260295,33565,33493,2266,35759,287
2022-03-31,Mariposa,043,17540,2396,2391,199,2590,29
2022-03-31,Mendocino,045,87422,13063,13058,3025,16083,119
2022-03-31,Merced,047,269075,62135,62149,8608,70757,808
2022-03-31,Modoc,049,8938,738,741,252,993,8
2022-03-31,Mono,051,14174,2968,2967,122,3089,6
2022-03-31,Monterey,053,433212,79382,78964,13756,92720,726
2022-03-31,Napa,055,140530,25806,25757,957,26714,143
2022-03-31,Nevada,057,99092,15956,15962,1202,17164,123
2022-03-31,Orange,059,3164182,546630,546047,41324,587371,6880
2022-03-31,Placer,061,380077,62743,62740,7360,70100,614
2022-03-31,Plumas,063,18699,2970,2803,366,3169,14
2022-03-31,Riverside,065,2383286,591193,590563,27884,618447,6418
2022-03-31,Sacramento,067,1510023,280772,276218,26759,302977,2950
2022-03-31,San Benito,069,59416,12881,12901,515,13416,98
2022-03-31,San Bernardino,071,2135413,568403,561362,24808,586170,6865
2022-03-31,San Diego,073,3302833,751286,752281,52562,804843,5178
2022-03-31,San Francisco,075,870044,124941,125075,8308,133383,843
2022-03-31,San Joaquin,077,732212,166341,166336,9927,176263,2202
2022-03-31,San Luis Obispo,079,281455,52436,52512,3779,56291,475
2022-03-31,San Mateo,081,765935,121931,120717,6973,127690,693
2022-03-31,Santa Barbara,083,443738,85764,85611,4730,90341,678
2022-03-31,Santa Clara,085,1922200,311503,312517,12437,324954,2258
2022-03-31,Santa Cruz,087,273765,47836,47371,2102,49473,259
2022-03-31,Shasta,089,179085,30552,30556,6109,36665,530
2022-03-31,Sierra,091,2930,271,273,48,321,4
2022-03-31,Siskiyou,093,43540,4447,4439,2732,7171,80
2022-03-31,Solano,095,438530,81411,81848,5578,87426,446
2022-03-31,Sonoma,097,501317,83563,83235,2611,85846,485
2022-03-31,Stanislaus,099,539301,117394,117536,17562,135098,1581
2022-03-31,Sutter,101,95872,20477,20570,2096,22666,222
2022-03-31,Tehama,103,63373,12033,12046,2587,14633,198
2022-03-31,Trinity,105,12862,1183,1173,290,1463,20
2022-03-31,Tulare,107,460477,106382,104736,27942,132678,1410
2022-03-31,Tuolumne,109,53932,12624,12618,560,13178,180
2022-03-31,Ventura,111,848112,173287,173044,9430,182474,1460
2022-03-31,Yolo,113,214977,37030,36347,3152,39499,313
2022-03-31,Yuba,115,75493,15840,15835,1205,17040,120
2022-03-30,Alameda,001,1643700,256196,255467,14001,269468,1812
2022-03-30,Alpine,003,1148,124,124,1,125,0
2022-03-30,Amador,005,37829,8530,8485,646,9131,86
2022-03-30,Butte,007,227075,33074,32968,6750,39718,396
2022-03-30,Calaveras,009,45235,7260,7253,348,7601,119
2022-03-30,Colusa,011,21464,3439,3445,1064,4509,21
2022-03-30,Contra Costa,013,1133247,188760,188496,13170,201666,1291
2022-03-30,Del Norte,015,27424,5810,5808,186,5994,50
2022-03-30,El Dorado,017,186661,26729,26722,3227,29949,200
2022-03-30,Fresno,019,978130,231267,230448,23753,254201,2720
2022-03-30,Glenn,021,27897,4977,4982,1594,6576,47
2022-03-30,Humboldt,023,135768,16873,16894,2957,19851,140
2022-03-30,Imperial,025,180216,55372,55252,10645,65897,908
2022-03-30,Inyo,027,18085,4069,4062,480,4542,56
2022-03-30,Kern,029,883053,191762,191363,45948,237311,2219
2022-03-30,Kings,031,150075,51471,51446,3550,54996,443
2022-03-30,Lake,033,64148,10692,10674,890,11564,136
2022-03-30,Lassen,035,31185,8959,8943,881,9824,65
2022-03-30,Los Angeles,037,10098052,2710297,2702536,123672,2826208,31384
2022-03-30,Madera,039,155013,37269,37330,6043,43373,354
2022-03-30,Marin,041,260295,33545,33453,2247,35700,287
2022-03-30,Mariposa,043,17540,2396,2390,199,2589,27
2022-03-30,Mendocino,045,87422,13059,13055,3022,16077,118
2022-03-30,Merced,047,269075,62129,62136,8603,70739,808
2022-03-30,Modoc,049,8938,738,739,252,991,8
2022-03-30,Mono,051,14174,2967,2967,122,3089,6
2022-03-30,Monterey,053,433212,79365,78911,13749,92660,726
2022-03-30,Napa,055,140530,25794,25745,956,26701,141
2022-03-30,Nevada,057,99092,15953,15960,1200,17160,123
2022-03-30,Orange,059,3164182,546477,545895,41302,587197,6876
2022-03-30,Placer,061,380077,62728,62705,7356,70061,614
2022-03-30,Plumas,063,18699,2970,2762,364,3126,13
2022-03-30,Riverside,065,2383286,591110,590437,27871,618308,6411
2022-03-30,Sacramento,067,1510023,280704,276081,26752,302833,2949
2022-03-30,San Benito,069,59416,12877,12898,515,13413,98
2022-03-30,San Bernardino,071,2135413,568319,561153,24803,585956,6863
2022-03-30,San Diego,073,3302833,751054,751684,52536,804220,5169
2022-03-30,San Francisco,075,870044,124835,124930,8298,133228,841
2022-03-30,San Joaquin,077,732212,166313,166299,9921,176220,2201
2022-03-30,San Luis Obispo,079,281455,52423,52484,3775,56259,475
2022-03-30,San Mateo,081,765935,121829,120548,6973,127521,693
2022-03-30,Santa Barbara,083,443738,85742,85488,4727,90215,677
2022-03-30,Santa Clara,085,1922200,311320,312253,12417,324670,2258
2022-03-30,Santa Cruz,087,273765,47780,47340,2101,49441,259
2022-03-30,Shasta,089,179085,30549,30555,6109,36664,530
2022-03-30,Sierra,091,2930,271,273,48,321,4
2022-03-30,Siskiyou,093,43540,4447,4439,2732,7171,80
2022-03-30,Solano,095,438530,81392,81816,5574,87390,443
2022-03-30,Sonoma,097,501317,83526,83163,2610,85773,485
2022-03-30,Stanislaus,099,539301,117381,117593,17559,135152,1559
2022-03-30,Sutter,101,95872,20472,20565,2096,22661,222
2022-03-30,Tehama,103,63373,12032,12045,2586,14631,198
2022-03-30,Trinity,105,12862,1182,1173,290,1463,20
2022-03-30,Tulare,107,460477,106376,104667,27936,132603,1410
2022-03-30,Tuolumne,109,53932,12622,12616,560,13176,180
2022-03-30,Ventura,111,848112,173246,172984,9422,182406,1460
2022-03-30,Yolo,113,214977,37020,36325,3149,39474,313
2022-03-30,Yuba,115,75493,15838,15830,1205,17035,120
2022-03-29,Alameda,001,1643700,256070,255261,13991,269252,1810
2022-03-29,Alpine,003,1148,124,124,1,125,0
2022-03-29,Amador,005,37829,8530,8483,646,9129,86
2022-03-29,Butte,007,227075,33071,32954,6750,39704,396
2022-03-29,Calaveras,009,45235,7259,7250,347,7597,119
2022-03-29,Colusa,011,21464,3439,3445,1064,4509,21
2022-03-29,Contra Costa,013,1133247,188671,188359,13162,201521,1290
2022-03-29,Del Norte,015,27424,5810,5806,185,5991,50
2022-03-29,El Dorado,017,186661,26724,26706,3227,29933,200
2022-03-29,Fresno,019,978130,231239,230256,23749,254005,2718
2022-03-29,Glenn,021,27897,4976,4983,1594,6577,47
2022-03-29,Humboldt,023,135768,16870,16892,2954,19846,140
2022-03-29,Imperial,025,180216,55358,55233,10644,65877,908
2022-03-29,Inyo,027,18085,4067,4062,479,4541,56
2022-03-29,Kern,029,883053,191730,191338,45941,237279,2220
2022-03-29,Kings,031,150075,51463,51416,3549,54965,443
2022-03-29,Lake,033,64148,10688,10674,890,11564,136
2022-03-29,Lassen,035,31185,8958,8943,881,9824,65
2022-03-29,Los Angeles,037,10098052,2709467,2702005,123625,2825630,31378
2022-03-29,Madera,039,155013,37261,37325,6040,43365,354
2022-03-29,Marin,041,260295,33525,33431,2242,35673,287
2022-03-29,Mariposa,043,17540,2396,2388,199,2587,23
2022-03-29,Mendocino,045,87422,13055,13053,3021,16074,119
2022-03-29,Merced,047,269075,62117,62123,8602,70725,806
2022-03-29,Modoc,049,8938,736,737,252,989,8
2022-03-29,Mono,051,14174,2967,2966,122,3088,5
2022-03-29,Monterey,053,433212,79352,78774,13741,92515,725
2022-03-29,Napa,055,140530,25787,25732,956,26688,141
2022-03-29,Nevada,057,99092,15945,15956,1200,17156,123
2022-03-29,Orange,059,3164182,546329,545832,41286,587118,6871
2022-03-29,Placer,061,380077,62710,62687,7351,70038,614
2022-03-29,Plumas,063,18699,2968,2761,364,3125,13
2022-03-29,Riverside,065,2383286,591010,590359,27863,618222,6403
2022-03-29,Sacramento,067,1510023,280638,276040,26741,302781,2946
2022-03-29,San Benito,069,59416,12875,12892,515,13407,97
2022-03-29,San Bernardino,071,2135413,568222,561026,24795,585821,6860
2022-03-29,San Diego,073,3302833,750810,751240,52514,803754,5159
2022-03-29,San Francisco,075,870044,124684,124789,8292,133081,840
2022-03-29,San Joaquin,077,732212,166276,166241,9913,176154,2198
2022-03-29,San Luis Obispo,079,281455,52407,52455,3771,56226,472
2022-03-29,San Mateo,081,765935,121735,120435,6970,127405,686
2022-03-29,Santa Barbara,083,443738,85719,85464,4727,90191,676
2022-03-29,Santa Clara,085,1922200,311080,312067,12400,324467,2259
2022-03-29,Santa Cruz,087,273765,47760,47323,2100,49423,259
2022-03-29,Shasta,089,179085,30542,30552,6107,36659,529
2022-03-29,Sierra,091,2930,271,273,48,321,4
2022-03-29,Siskiyou,093,43540,4447,4439,2731,7170,80
2022-03-29,Solano,095,438530,81370,81713,5571,87284,441
2022-03-29,Sonoma,097,501317,83492,83130,2604,85734,485
2022-03-29,Stanislaus,099,539301,117362,117683,17553,135236,1559
2022-03-29,Sutter,101,95872,20470,20556,2095,22651,221
2022-03-29,Tehama,103,63373,12030,12045,2586,14631,198
2022-03-29,Trinity,105,12862,1182,1173,290,1463,20
2022-03-29,Tulare,107,460477,106371,104622,27930,132552,1406
2022-03-29,Tuolumne,109,53932,12619,12615,560,13175,180
2022-03-29,Ventura,111,848112,173191,172946,9421,182367,1460
2022-03-29,Yolo,113,214977,37007,36296,3148,39444,313
2022-03-29,Yuba,115,75493,15834,15824,1204,17028,117
2022-03-28,Alameda,001,1643700,255919,255192,13980,269172,1808
2022-03-28,Alpine,003,1148,124,124,1,125,0
2022-03-28,Amador,005,37829,8529,8480,646,9126,86
2022-03-28,Butte,007,227075,33054,32947,6750,39697,392
2022-03-28,Calaveras,009,45235,7259,7247,347,7594,119
2022-03-28,Colusa,011,21464,3439,3445,1064,4509,21
2022-03-28,Contra Costa,013,1133247,188590,188305,13157,201462,1290
2022-03-28,Del Norte,015,27424,5808,5834,185,6019,50
2022-03-28,El Dorado,017,186661,26717,26703,3225,29928,200
2022-03-28,Fresno,019,978130,231211,230144,23732,253876,2717
2022-03-28,Glenn,021,27897,4976,4983,1594,6577,47
2022-03-28,Humboldt,023,135768,16869,16916,2954,19870,140
2022-03-28,Imperial,025,180216,55347,55245,10644,65889,909
2022-03-28,Inyo,027,18085,4066,4062,479,4541,56
2022-03-28,Kern,029,883053,191706,191333,45932,237265,2212
2022-03-28,Kings,031,150075,51450,51405,3549,54954,443
2022-03-28,Lake,033,64148,10686,10673,890,11563,136
2022-03-28,Lassen,035,31185,8958,8946,881,9827,63
2022-03-28,Los Angeles,037,10098052,2708584,2700997,123586,2824583,31349
2022-03-28,Madera,039,155013,37257,37324,6040,43364,354
2022-03-28,Marin,041,260295,33500,33391,2237,35628,287
2022-03-28,Mariposa,043,17540,2395,2388,199,2587,23
2022-03-28,Mendocino,045,87422,13053,13046,3020,16066,118
2022-03-28,Merced,047,269075,62107,62116,8597,70713,805
2022-03-28,Modoc,049,8938,735,736,252,988,7
2022-03-28,Mono,051,14174,2967,2966,122,3088,5
2022-03-28,Monterey,053,433212,79319,78784,13736,92520,724
2022-03-28,Napa,055,140530,25781,25723,955,26678,140
2022-03-28,Nevada,057,99092,15943,15969,1200,17169,123
2022-03-28,Orange,059,3164182,546197,545700,41259,586959,6860
2022-03-28,Placer,061,380077,62690,62687,7350,70037,613
2022-03-28,Plumas,063,18699,2967,2760,364,3124,13
2022-03-28,Riverside,065,2383286,590911,590298,27854,618152,6397
2022-03-28,Sacramento,067,1510023,280569,275889,26729,302618,2946
2022-03-28,San Benito,069,59416,12875,12889,515,13404,97
2022-03-28,San Bernardino,071,2135413,568139,560836,24783,585619,6858
2022-03-28,San Diego,073,3302833,750570,750659,52480,803139,5155
2022-03-28,San Francisco,075,870044,124544,124678,8281,132959,839
2022-03-28,San Joaquin,077,732212,166244,166247,9910,176157,2196
2022-03-28,San Luis Obispo,079,281455,52382,52434,3768,56202,470
2022-03-28,San Mateo,081,765935,121621,120337,6963,127300,686
2022-03-28,Santa Barbara,083,443738,85691,85442,4725,90167,675
2022-03-28,Santa Clara,085,1922200,310851,311953,12391,324344,2257
2022-03-28,Santa Cruz,087,273765,47727,47324,2100,49424,259
2022-03-28,Shasta,089,179085,30541,30550,6106,36656,527
2022-03-28,Sierra,091,2930,271,273,48,321,4
2022-03-28,Siskiyou,093,43540,4446,4438,2731,7169,80
2022-03-28,Solano,095,438530,81342,81704,5566,87270,441
2022-03-28,Sonoma,097,501317,83448,83105,2599,85704,485
2022-03-28,Stanislaus,099,539301,117350,117783,17548,135331,1562
2022-03-28,Sutter,101,95872,20465,20549,2095,22644,221
2022-03-28,Tehama,103,63373,12030,12041,2586,14627,200
2022-03-28,Trinity,105,12862,1182,1173,290,1463,20
2022-03-28,Tulare,107,460477,106359,104576,27924,132500,1404
2022-03-28,Tuolumne,109,53932,12619,12627,560,13187,180
2022-03-28,Ventura,111,848112,173151,172867,9420,182287,1455
2022-03-28,Yolo,113,214977,36989,36282,3146,39428,312
2022-03-28,Yuba,115,75493,15833,15821,1202,17023,117
2022-03-27,Alameda,001,1643700,255735,255132,13971,269103,1809
2022-03-27,Alpine,003,1148,124,124,1,125,0
2022-03-27,Amador,005,37829,8526,8480,646,9126,86
2022-03-27,Butte,007,227075,33041,32943,6743,39686,392
2022-03-27,Calaveras,009,45235,7257,7245,347,7592,119
2022-03-27,Colusa,011,21464,3439,3445,1063,4508,21
2022-03-27,Contra Costa,013,1133247,188475,188251,13140,201391,1290
2022-03-27,Del Norte,015,27424,5807,5836,185,6021,50
2022-03-27,El Dorado,017,186661,26703,26699,3222,29921,200
2022-03-27,Fresno,019,978130,231164,230049,23714,253763,2717
2022-03-27,Glenn,021,27897,4975,4983,1594,6577,47
2022-03-27,Humboldt,023,135768,16865,16920,2954,19874,140
2022-03-27,Imperial,025,180216,55334,55240,10643,65883,909
2022-03-27,Inyo,027,18085,4065,4062,477,4539,56
2022-03-27,Kern,029,883053,191668,191332,45926,237258,2213
2022-03-27,Kings,031,150075,51441,51400,3549,54949,443
2022-03-27,Lake,033,64148,10685,10672,889,11561,136
2022-03-27,Lassen,035,31185,8958,8946,881,9827,63
2022-03-27,Los Angeles,037,10098052,2707775,2700983,123539,2824522,31348
2022-03-27,Madera,039,155013,37253,37323,6038,43361,354
2022-03-27,Marin,041,260295,33463,33391,2227,35618,287
2022-03-27,Mariposa,043,17540,2395,2390,199,2589,23
2022-03-27,Mendocino,045,87422,13049,13046,3018,16064,118
2022-03-27,Merced,047,269075,62097,62110,8596,70706,805
2022-03-27,Modoc,049,8938,734,736,250,986,7
2022-03-27,Mono,051,14174,2967,2966,122,3088,5
2022-03-27,Monterey,053,433212,79298,78778,13724,92502,724
2022-03-27,Napa,055,140530,25766,25723,955,26678,140
2022-03-27,Nevada,057,99092,15939,15967,1198,17165,123
2022-03-27,Orange,059,3164182,546063,545644,41225,586869,6860
2022-03-27,Placer,061,380077,62671,62680,7349,70029,613
2022-03-27,Plumas,063,18699,2966,2760,362,3122,13
2022-03-27,Riverside,065,2383286,590825,590251,27843,618094,6395
2022-03-27,Sacramento,067,1510023,280488,275854,26722,302576,2941
2022-03-27,San Benito,069,59416,12870,12889,514,13403,97
2022-03-27,San Bernardino,071,2135413,568023,560853,24781,585634,6862
2022-03-27,San Diego,073,3302833,750315,750659,52457,803116,5155
2022-03-27,San Francisco,075,870044,124358,124619,8269,132888,839
2022-03-27,San Joaquin,077,732212,166208,166238,9906,176144,2196
2022-03-27,San Luis Obispo,079,281455,52361,52430,3766,56196,470
2022-03-27,San Mateo,081,765935,121517,120324,6957,127281,686
2022-03-27,Santa Barbara,083,443738,85655,85434,4723,90157,675
2022-03-27,Santa Clara,085,1922200,310640,311822,12384,324206,2257
2022-03-27,Santa Cruz,087,273765,47694,47321,2098,49419,259
2022-03-27,Shasta,089,179085,30537,30550,6104,36654,527
2022-03-27,Sierra,091,2930,271,273,48,321,4
2022-03-27,Siskiyou,093,43540,4446,4436,2730,7166,80
2022-03-27,Solano,095,438530,81301,81691,5563,87254,441
2022-03-27,Sonoma,097,501317,83395,83088,2595,85683,485
2022-03-27,Stanislaus,099,539301,117330,117778,17545,135323,1562
2022-03-27,Sutter,101,95872,20459,20545,2095,22640,221
2022-03-27,Tehama,103,63373,12030,12040,2586,14626,200
2022-03-27,Trinity,105,12862,1182,1173,290,1463,20
2022-03-27,Tulare,107,460477,106350,104582,27914,132496,1404
2022-03-27,Tuolumne,109,53932,12617,12628,560,13188,180
2022-03-27,Ventura,111,848112,173106,172831,9418,182249,1455
2022-03-27,Yolo,113,214977,36968,36232,3143,39375,312
2022-03-27,Yuba,115,75493,15830,15821,1195,17016,117
2022-03-26,Alameda,001,1643700,255655,254691,13970,268661,1803
2022-03-26,Alpine,003,1148,124,124,1,125,0
2022-03-26,Amador,005,37829,8526,8476,646,9122,86
2022-03-26,Butte,007,227075,33037,32929,6741,39670,391
2022-03-26,Calaveras,009,45235,7255,7240,347,7587,120
2022-03-26,Colusa,011,21464,3437,3445,1063,4508,21
2022-03-26,Contra Costa,013,1133247,188421,187990,13136,201126,1285
2022-03-26,Del Norte,015,27424,5805,5831,185,6016,50
2022-03-26,El Dorado,017,186661,26695,26674,3220,29894,200
2022-03-26,Fresno,019,978130,231141,229799,23713,253512,2710
2022-03-26,Glenn,021,27897,4975,4978,1594,6572,47
2022-03-26,Humboldt,023,135768,16861,16911,2954,19865,139
2022-03-26,Imperial,025,180216,55328,55230,10642,65872,913
2022-03-26,Inyo,027,18085,4065,4060,476,4536,56
2022-03-26,Kern,029,883053,191654,191288,45921,237209,2201
2022-03-26,Kings,031,150075,51440,51397,3549,54946,444
2022-03-26,Lake,033,64148,10685,10659,889,11548,136
2022-03-26,Lassen,035,31185,8958,8944,881,9825,63
2022-03-26,Los Angeles,037,10098052,2707317,2698028,123497,2821525,31291
2022-03-26,Madera,039,155013,37250,37321,6036,43357,354
2022-03-26,Marin,041,260295,33453,33317,2223,35540,287
2022-03-26,Mariposa,043,17540,2395,2386,199,2585,23
2022-03-26,Mendocino,045,87422,13045,13038,3018,16056,118
2022-03-26,Merced,047,269075,62091,62083,8594,70677,805
2022-03-26,Modoc,049,8938,734,736,250,986,7
2022-03-26,Mono,051,14174,2967,2966,122,3088,5
2022-03-26,Monterey,053,433212,79291,78688,13722,92410,724
2022-03-26,Napa,055,140530,25763,25701,955,26656,139
2022-03-26,Nevada,057,99092,15935,15960,1198,17158,123
2022-03-26,Orange,059,3164182,545986,545294,41214,586508,6853
2022-03-26,Placer,061,380077,62659,62634,7345,69979,613
2022-03-26,Plumas,063,18699,2966,2758,361,3119,13
2022-03-26,Riverside,065,2383286,590755,590060,27842,617902,6397
2022-03-26,Sacramento,067,1510023,280455,275529,26720,302249,2935
2022-03-26,San Benito,069,59416,12870,12885,514,13399,97
2022-03-26,San Bernardino,071,2135413,567964,560742,24777,585519,6840
2022-03-26,San Diego,073,3302833,750191,750170,52450,802620,5146
2022-03-26,San Francisco,075,870044,124252,124265,8262,132527,839
2022-03-26,San Joaquin,077,732212,166187,166079,9905,175984,2195
2022-03-26,San Luis Obispo,079,281455,52355,52369,3766,56135,469
2022-03-26,San Mateo,081,765935,121458,120165,6949,127114,684
2022-03-26,Santa Barbara,083,443738,85635,85477,4721,90198,674
2022-03-26,Santa Clara,085,1922200,310482,311189,12377,323566,2250
2022-03-26,Santa Cruz,087,273765,47683,47329,2098,49427,259
2022-03-26,Shasta,089,179085,30536,30542,6103,36645,527
2022-03-26,Sierra,091,2930,271,273,48,321,4
2022-03-26,Siskiyou,093,43540,4445,4433,2730,7163,80
2022-03-26,Solano,095,438530,81292,81659,5563,87222,441
2022-03-26,Sonoma,097,501317,83365,83113,2590,85703,485
2022-03-26,Stanislaus,099,539301,117323,117962,17544,135506,1565
2022-03-26,Sutter,101,95872,20457,20536,2095,22631,221
2022-03-26,Tehama,103,63373,12030,12036,2585,14621,195
2022-03-26,Trinity,105,12862,1182,1174,290,1464,20
2022-03-26,Tulare,107,460477,106343,104538,27913,132451,1400
2022-03-26,Tuolumne,109,53932,12615,12628,560,13188,180
2022-03-26,Ventura,111,848112,173065,172690,9414,182104,1455
2022-03-26,Yolo,113,214977,36959,36234,3143,39377,311
2022-03-26,Yuba,115,75493,15829,15807,1195,17002,117
2022-03-25,Alameda,001,1643700,255590,254691,13968,268659,1803
2022-03-25,Alpine,003,1148,124,124,1,125,0
2022-03-25,Amador,005,37829,8525,8476,646,9122,86
2022-03-25,Butte,007,227075,33032,32929,6740,39669,391
2022-03-25,Calaveras,009,45235,7254,7240,347,7587,120
2022-03-25,Colusa,011,21464,3437,3445,1063,4508,21
2022-03-25,Contra Costa,013,1133247,188373,187990,13132,201122,1285
2022-03-25,Del Norte,015,27424,5805,5831,185,6016,50
2022-03-25,El Dorado,017,186661,26691,26674,3220,29894,200
2022-03-25,Fresno,019,978130,231113,229799,23705,253504,2710
2022-03-25,Glenn,021,27897,4975,4978,1594,6572,47
2022-03-25,Humboldt,023,135768,16861,16911,2954,19865,139
2022-03-25,Imperial,025,180216,55323,55230,10641,65871,913
2022-03-25,Inyo,027,18085,4064,4060,476,4536,56
2022-03-25,Kern,029,883053,191644,191288,45920,237208,2201
2022-03-25,Kings,031,150075,51439,51397,3549,54946,444
2022-03-25,Lake,033,64148,10685,10659,889,11548,136
2022-03-25,Lassen,035,31185,8957,8944,881,9825,63
2022-03-25,Los Angeles,037,10098052,2706899,2698028,123466,2821494,31291
2022-03-25,Madera,039,155013,37249,37321,6035,43356,354
2022-03-25,Marin,041,260295,33438,33317,2214,35531,287
2022-03-25,Mariposa,043,17540,2395,2386,199,2585,23
2022-03-25,Mendocino,045,87422,13045,13038,3018,16056,118
2022-03-25,Merced,047,269075,62084,62083,8593,70676,805
2022-03-25,Modoc,049,8938,734,736,250,986,7
2022-03-25,Mono,051,14174,2966,2966,122,3088,5
2022-03-25,Monterey,053,433212,79280,78688,13719,92407,724
2022-03-25,Napa,055,140530,25756,25701,955,26656,139
2022-03-25,Nevada,057,99092,15934,15960,1198,17158,123
2022-03-25,Orange,059,3164182,545911,545294,41197,586491,6853
2022-03-25,Placer,061,380077,62653,62634,7342,69976,613
2022-03-25,Plumas,063,18699,2965,2758,361,3119,13
2022-03-25,Riverside,065,2383286,590696,590060,27831,617891,6397
2022-03-25,Sacramento,067,1510023,280413,275529,26718,302247,2935
2022-03-25,San Benito,069,59416,12870,12885,514,13399,97
2022-03-25,San Bernardino,071,2135413,567925,560742,24774,585516,6840
2022-03-25,San Diego,073,3302833,750069,750170,52440,802610,5146
2022-03-25,San Francisco,075,870044,124171,124265,8248,132513,839
2022-03-25,San Joaquin,077,732212,166173,166079,9902,175981,2195
2022-03-25,San Luis Obispo,079,281455,52352,52369,3765,56134,469
2022-03-25,San Mateo,081,765935,121406,120165,6949,127114,684
2022-03-25,Santa Barbara,083,443738,85620,85477,4719,90196,674
2022-03-25,Santa Clara,085,1922200,310331,311189,12372,323561,2250
2022-03-25,Santa Cruz,087,273765,47675,47329,2098,49427,259
2022-03-25,Shasta,089,179085,30532,30542,6102,36644,527
2022-03-25,Sierra,091,2930,271,273,48,321,4
2022-03-25,Siskiyou,093,43540,4443,4433,2728,7161,80
2022-03-25,Solano,095,438530,81278,81659,5561,87220,441
2022-03-25,Sonoma,097,501317,83328,83113,2590,85703,485
2022-03-25,Stanislaus,099,539301,117309,117962,17543,135505,1565
2022-03-25,Sutter,101,95872,20452,20536,2095,22631,221
2022-03-25,Tehama,103,63373,12028,12036,2585,14621,195
2022-03-25,Trinity,105,12862,1182,1174,290,1464,20
2022-03-25,Tulare,107,460477,106339,104538,27912,132450,1400
2022-03-25,Tuolumne,109,53932,12614,12628,560,13188,180
2022-03-25,Ventura,111,848112,173027,172690,9414,182104,1455
2022-03-25,Yolo,113,214977,36947,36234,3143,39377,311
2022-03-25,Yuba,115,75493,15824,15807,1194,17001,117
2022-03-24,Alameda,001,1643700,255473,254691,13951,268642,1803
2022-03-24,Alpine,003,1148,124,124,1,125,0
2022-03-24,Amador,005,37829,8525,8476,646,9122,86
2022-03-24,Butte,007,227075,33026,32929,6740,39669,391
2022-03-24,Calaveras,009,45235,7251,7240,347,7587,120
2022-03-24,Colusa,011,21464,3437,3445,1063,4508,21
2022-03-24,Contra Costa,013,1133247,188294,187990,13129,201119,1285
2022-03-24,Del Norte,015,27424,5801,5831,185,6016,50
2022-03-24,El Dorado,017,186661,26680,26674,3220,29894,200
2022-03-24,Fresno,019,978130,231072,229799,23696,253495,2710
2022-03-24,Glenn,021,27897,4974,4978,1594,6572,47
2022-03-24,Humboldt,023,135768,16856,16911,2952,19863,139
2022-03-24,Imperial,025,180216,55316,55230,10641,65871,913
2022-03-24,Inyo,027,18085,4063,4060,476,4536,56
2022-03-24,Kern,029,883053,191634,191288,45918,237206,2201
2022-03-24,Kings,031,150075,51430,51397,3547,54944,444
2022-03-24,Lake,033,64148,10684,10659,889,11548,136
2022-03-24,Lassen,035,31185,8956,8944,881,9825,63
2022-03-24,Los Angeles,037,10098052,2706337,2698028,123421,2821449,31291
2022-03-24,Madera,039,155013,37247,37321,6033,43354,354
2022-03-24,Marin,041,260295,33416,33317,2205,35522,287
2022-03-24,Mariposa,043,17540,2395,2386,199,2585,23
2022-03-24,Mendocino,045,87422,13039,13038,3015,16053,118
2022-03-24,Merced,047,269075,62077,62083,8592,70675,805
2022-03-24,Modoc,049,8938,734,736,250,986,7
2022-03-24,Mono,051,14174,2966,2966,122,3088,5
2022-03-24,Monterey,053,433212,79254,78688,13705,92393,724
2022-03-24,Napa,055,140530,25747,25701,955,26656,139
2022-03-24,Nevada,057,99092,15930,15960,1197,17157,123
2022-03-24,Orange,059,3164182,545809,545294,41182,586476,6853
2022-03-24,Placer,061,380077,62632,62634,7341,69975,613
2022-03-24,Plumas,063,18699,2965,2758,361,3119,13
2022-03-24,Riverside,065,2383286,590620,590060,27822,617882,6397
2022-03-24,Sacramento,067,1510023,280344,275529,26713,302242,2935
2022-03-24,San Benito,069,59416,12869,12885,513,13398,97
2022-03-24,San Bernardino,071,2135413,567842,560742,24770,585512,6840
2022-03-24,San Diego,073,3302833,749860,750170,52427,802597,5146
2022-03-24,San Francisco,075,870044,124090,124265,8242,132507,839
2022-03-24,San Joaquin,077,732212,166146,166079,9901,175980,2195
2022-03-24,San Luis Obispo,079,281455,52337,52369,3764,56133,469
2022-03-24,San Mateo,081,765935,121358,120165,6945,127110,684
2022-03-24,Santa Barbara,083,443738,85605,85477,4716,90193,674
2022-03-24,Santa Clara,085,1922200,310185,311189,12355,323544,2250
2022-03-24,Santa Cruz,087,273765,47658,47329,2097,49426,259
2022-03-24,Shasta,089,179085,30524,30542,6102,36644,527
2022-03-24,Sierra,091,2930,271,273,48,321,4
2022-03-24,Siskiyou,093,43540,4440,4433,2728,7161,80
2022-03-24,Solano,095,438530,81259,81659,5560,87219,441
2022-03-24,Sonoma,097,501317,83293,83113,2588,85701,485
2022-03-24,Stanislaus,099,539301,117299,117962,17540,135502,1565
2022-03-24,Sutter,101,95872,20447,20536,2095,22631,221
2022-03-24,Tehama,103,63373,12026,12036,2584,14620,195
2022-03-24,Trinity,105,12862,1182,1174,290,1464,20
2022-03-24,Tulare,107,460477,106328,104538,27906,132444,1400
2022-03-24,Tuolumne,109,53932,12612,12628,560,13188,180
2022-03-24,Ventura,111,848112,172984,172690,9413,182103,1455
2022-03-24,Yolo,113,214977,36941,36234,3139,39373,311
2022-03-24,Yuba,115,75493,15820,15807,1192,16999,117
2022-03-23,Alameda,001,1643700,255338,254559,13940,268499,1802
2022-03-23,Alpine,003,1148,124,124,1,125,0
2022-03-23,Amador,005,37829,8525,8475,646,9121,86
2022-03-23,Butte,007,227075,33012,32920,6739,39659,387
2022-03-23,Calaveras,009,45235,7246,7237,347,7584,120
2022-03-23,Colusa,011,21464,3436,3444,1063,4507,21
2022-03-23,Contra Costa,013,1133247,188195,187898,13118,201016,1279
2022-03-23,Del Norte,015,27424,5799,5830,185,6015,50
2022-03-23,El Dorado,017,186661,26674,26670,3220,29890,200
2022-03-23,Fresno,019,978130,231036,229656,23682,253338,2710
2022-03-23,Glenn,021,27897,4974,4975,1594,6569,47
2022-03-23,Humboldt,023,135768,16855,16908,2951,19859,139
2022-03-23,Imperial,025,180216,55310,55211,10640,65851,909
2022-03-23,Inyo,027,18085,4063,4060,476,4536,56
2022-03-23,Kern,029,883053,191617,191241,45913,237154,2196
2022-03-23,Kings,031,150075,51418,51384,3547,54931,442
2022-03-23,Lake,033,64148,10680,10658,888,11546,135
2022-03-23,Lassen,035,31185,8955,8944,880,9824,63
2022-03-23,Los Angeles,037,10098052,2705659,2697227,123390,2820617,31267
2022-03-23,Madera,039,155013,37242,37317,6030,43347,354
2022-03-23,Marin,041,260295,33390,33274,2200,35474,287
2022-03-23,Mariposa,043,17540,2393,2382,198,2580,11
2022-03-23,Mendocino,045,87422,13035,13033,3014,16047,118
2022-03-23,Merced,047,269075,62067,62056,8589,70645,805
2022-03-23,Modoc,049,8938,734,736,250,986,7
2022-03-23,Mono,051,14174,2966,2966,122,3088,5
2022-03-23,Monterey,053,433212,79237,78655,13681,92336,724
2022-03-23,Napa,055,140530,25734,25691,953,26644,139
2022-03-23,Nevada,057,99092,15928,15958,1197,17155,123
2022-03-23,Orange,059,3164182,545679,545158,41170,586328,6852
2022-03-23,Placer,061,380077,62613,62622,7339,69961,613
2022-03-23,Plumas,063,18699,2965,2747,361,3108,13
2022-03-23,Riverside,065,2383286,590547,589947,27817,617764,6388
2022-03-23,Sacramento,067,1510023,280282,275398,26706,302104,2934
2022-03-23,San Benito,069,59416,12868,12884,513,13397,97
2022-03-23,San Bernardino,071,2135413,567768,560550,24765,585315,6828
2022-03-23,San Diego,073,3302833,749666,749871,52404,802275,5143
2022-03-23,San Francisco,075,870044,123977,124110,8235,132345,838
2022-03-23,San Joaquin,077,732212,166108,166041,9894,175935,2187
2022-03-23,San Luis Obispo,079,281455,52320,52344,3759,56103,469
2022-03-23,San Mateo,081,765935,121274,120080,6935,127015,685
2022-03-23,Santa Barbara,083,443738,85588,85464,4715,90179,673
2022-03-23,Santa Clara,085,1922200,310021,310956,12343,323299,2250
2022-03-23,Santa Cruz,087,273765,47639,47314,2092,49406,259
2022-03-23,Shasta,089,179085,30520,30524,6101,36625,526
2022-03-23,Sierra,091,2930,271,273,48,321,4
2022-03-23,Siskiyou,093,43540,4439,4433,2728,7161,80
2022-03-23,Solano,095,438530,81225,81615,5559,87174,441
2022-03-23,Sonoma,097,501317,83259,83074,2585,85659,482
2022-03-23,Stanislaus,099,539301,117282,118041,17537,135578,1568
2022-03-23,Sutter,101,95872,20444,20532,2095,22627,218
2022-03-23,Tehama,103,63373,12023,12035,2584,14619,195
2022-03-23,Trinity,105,12862,1182,1174,290,1464,20
2022-03-23,Tulare,107,460477,106311,104489,27901,132390,1394
2022-03-23,Tuolumne,109,53932,12611,12629,560,13189,180
2022-03-23,Ventura,111,848112,172936,172647,9411,182058,1455
2022-03-23,Yolo,113,214977,36921,36197,3137,39334,308
2022-03-23,Yuba,115,75493,15813,15801,1191,16992,117
2022-03-22,Alameda,001,1643700,255215,254467,13617,268084,1802
2022-03-22,Alpine,003,1148,124,122,1,123,0
2022-03-22,Amador,005,37829,8524,8462,645,9107,86
2022-03-22,Butte,007,227075,33002,32907,6735,39642,387
2022-03-22,Calaveras,009,45235,7244,7237,347,7584,120
2022-03-22,Colusa,011,21464,3435,3445,1063,4508,21
2022-03-22,Contra Costa,013,1133247,188119,187813,13097,200910,1279
2022-03-22,Del Norte,015,27424,5793,5824,185,6009,50
2022-03-22,El Dorado,017,186661,26667,26661,3220,29881,200
2022-03-22,Fresno,019,978130,230987,229551,23672,253223,2708
2022-03-22,Glenn,021,27897,4971,4971,1594,6565,47
2022-03-22,Humboldt,023,135768,16852,16911,2951,19862,139
2022-03-22,Imperial,025,180216,55299,55170,10637,65807,908
2022-03-22,Inyo,027,18085,4063,4060,476,4536,56
2022-03-22,Kern,029,883053,191594,191213,45905,237118,2195
2022-03-22,Kings,031,150075,51406,51369,3546,54915,442
2022-03-22,Lake,033,64148,10678,10657,887,11544,135
2022-03-22,Lassen,035,31185,8955,8940,879,9819,63
2022-03-22,Los Angeles,037,10098052,2704996,2696746,123341,2820087,31250
2022-03-22,Madera,039,155013,37238,37304,6027,43331,354
2022-03-22,Marin,041,260295,33365,33253,2196,35449,287
2022-03-22,Mariposa,043,17540,2391,2382,198,2580,6
2022-03-22,Mendocino,045,87422,13030,13030,3012,16042,118
2022-03-22,Merced,047,269075,62057,62056,8585,70641,805
2022-03-22,Modoc,049,8938,734,735,250,985,7
2022-03-22,Mono,051,14174,2966,2963,122,3085,5
2022-03-22,Monterey,053,433212,79220,78614,13671,92285,724
2022-03-22,Napa,055,140530,25724,25688,952,26640,139
2022-03-22,Nevada,057,99092,15920,15950,1197,17147,123
2022-03-22,Orange,059,3164182,545535,545075,41151,586226,6843
2022-03-22,Placer,061,380077,62600,62604,7337,69941,610
2022-03-22,Plumas,063,18699,2964,2744,361,3105,13
2022-03-22,Riverside,065,2383286,590472,589816,27814,617630,6383
2022-03-22,Sacramento,067,1510023,280206,275374,26695,302069,2927
2022-03-22,San Benito,069,59416,12867,12884,512,13396,97
2022-03-22,San Bernardino,071,2135413,567686,560371,24745,585116,6811
2022-03-22,San Diego,073,3302833,749466,749647,52384,802031,5141
2022-03-22,San Francisco,075,870044,123870,123998,8229,132227,838
2022-03-22,San Joaquin,077,732212,166080,165992,9891,175883,2187
2022-03-22,San Luis Obispo,079,281455,52312,52257,3759,56016,465
2022-03-22,San Mateo,081,765935,121200,119975,6932,126907,686
2022-03-22,Santa Barbara,083,443738,85571,85457,4714,90171,672
2022-03-22,Santa Clara,085,1922200,309852,310787,12331,323118,2249
2022-03-22,Santa Cruz,087,273765,47619,47287,2091,49378,259
2022-03-22,Shasta,089,179085,30514,30528,6101,36629,525
2022-03-22,Sierra,091,2930,271,273,48,321,4
2022-03-22,Siskiyou,093,43540,4439,4429,2727,7156,80
2022-03-22,Solano,095,438530,81202,81587,5558,87145,440
2022-03-22,Sonoma,097,501317,83230,83042,2582,85624,482
2022-03-22,Stanislaus,099,539301,117265,118025,17534,135559,1568
2022-03-22,Sutter,101,95872,20443,20525,2092,22617,218
2022-03-22,Tehama,103,63373,12021,12034,2584,14618,162
2022-03-22,Trinity,105,12862,1182,1174,290,1464,20
2022-03-22,Tulare,107,460477,106300,104431,27893,132324,1391
2022-03-22,Tuolumne,109,53932,12611,12628,560,13188,180
2022-03-22,Ventura,111,848112,172887,172590,9409,181999,1455
2022-03-22,Yolo,113,214977,36901,36184,3136,39320,308
2022-03-22,Yuba,115,75493,15810,15795,1190,16985,117
2022-03-21,Alameda,001,1643700,255000,254354,13609,267963,1799
2022-03-21,Alpine,003,1148,124,122,1,123,0
2022-03-21,Amador,005,37829,8521,8461,644,9105,85
2022-03-21,Butte,007,227075,32991,32895,6732,39627,385
2022-03-21,Calaveras,009,45235,7243,7237,347,7584,119
2022-03-21,Colusa,011,21464,3435,3445,1063,4508,21
2022-03-21,Contra Costa,013,1133247,188055,187509,13082,200591,1276
2022-03-21,Del Norte,015,27424,5792,5824,185,6009,50
2022-03-21,El Dorado,017,186661,26656,26610,3219,29829,199
2022-03-21,Fresno,019,978130,230938,229374,23664,253038,2707
2022-03-21,Glenn,021,27897,4969,4972,1589,6561,46
2022-03-21,Humboldt,023,135768,16842,16912,2938,19850,139
2022-03-21,Imperial,025,180216,55286,55133,10636,65769,908
2022-03-21,Inyo,027,18085,4062,4060,476,4536,56
2022-03-21,Kern,029,883053,191561,191184,45899,237083,2187
2022-03-21,Kings,031,150075,51392,51366,3544,54910,441
2022-03-21,Lake,033,64148,10676,10655,887,11542,135
2022-03-21,Lassen,035,31185,8954,8939,879,9818,63
2022-03-21,Los Angeles,037,10098052,2704131,2694711,123292,2818003,31218
2022-03-21,Madera,039,155013,37233,37288,6024,43312,354
2022-03-21,Marin,041,260295,33321,33242,2191,35433,287
2022-03-21,Mariposa,043,17540,2390,2383,197,2580,6
2022-03-21,Mendocino,045,87422,13022,13028,3010,16038,118
2022-03-21,Merced,047,269075,62043,62048,8580,70628,803
2022-03-21,Modoc,049,8938,732,734,250,984,7
2022-03-21,Mono,051,14174,2966,2962,122,3084,5
2022-03-21,Monterey,053,433212,79171,78572,13657,92229,724
2022-03-21,Napa,055,140530,25716,25684,950,26634,138
2022-03-21,Nevada,057,99092,15916,15963,1196,17159,123
2022-03-21,Orange,059,3164182,545381,544943,41134,586077,6841
2022-03-21,Placer,061,380077,62581,62550,7336,69886,610
2022-03-21,Plumas,063,18699,2964,2744,361,3105,13
2022-03-21,Riverside,065,2383286,590391,589707,27809,617516,6376
2022-03-21,Sacramento,067,1510023,280115,275334,26681,302015,2925
2022-03-21,San Benito,069,59416,12861,12872,512,13384,97
2022-03-21,San Bernardino,071,2135413,567597,560210,24732,584942,6807
2022-03-21,San Diego,073,3302833,749242,748833,52364,801197,5138
2022-03-21,San Francisco,075,870044,123702,123912,8220,132132,835
2022-03-21,San Joaquin,077,732212,166054,165939,9888,175827,2185
2022-03-21,San Luis Obispo,079,281455,52287,52219,3754,55973,463
2022-03-21,San Mateo,081,765935,121041,119899,6930,126829,684
2022-03-21,Santa Barbara,083,443738,85556,85416,4712,90128,672
2022-03-21,Santa Clara,085,1922200,309591,310509,12328,322837,2245
2022-03-21,Santa Cruz,087,273765,47583,47267,2090,49357,259
2022-03-21,Shasta,089,179085,30508,30523,6099,36622,525
2022-03-21,Sierra,091,2930,271,273,48,321,4
2022-03-21,Siskiyou,093,43540,4439,4426,2727,7153,80
2022-03-21,Solano,095,438530,81174,81399,5558,86957,441
2022-03-21,Sonoma,097,501317,83192,82979,2577,85556,482
2022-03-21,Stanislaus,099,539301,117232,118144,17532,135676,1571
2022-03-21,Sutter,101,95872,20440,20523,2079,22602,218
2022-03-21,Tehama,103,63373,12017,12030,2584,14614,160
2022-03-21,Trinity,105,12862,1182,1174,290,1464,20
2022-03-21,Tulare,107,460477,106280,104350,27888,132238,1389
2022-03-21,Tuolumne,109,53932,12611,12620,560,13180,180
2022-03-21,Ventura,111,848112,172817,172537,9405,181942,1452
2022-03-21,Yolo,113,214977,36885,36141,3134,39275,307
2022-03-21,Yuba,115,75493,15807,15790,1189,16979,117
2022-03-20,Alameda,001,1643700,254865,254293,13598,267891,1801
2022-03-20,Alpine,003,1148,122,122,1,123,0
2022-03-20,Amador,005,37829,8518,8460,644,9104,85
2022-03-20,Butte,007,227075,32976,32892,6728,39620,385
2022-03-20,Calaveras,009,45235,7242,7233,344,7577,119
2022-03-20,Colusa,011,21464,3435,3446,1063,4509,21
2022-03-20,Contra Costa,013,1133247,187952,187467,13072,200539,1276
2022-03-20,Del Norte,015,27424,5790,5821,185,6006,50
2022-03-20,El Dorado,017,186661,26648,26608,3219,29827,199
2022-03-20,Fresno,019,978130,230861,229297,23653,252950,2707
2022-03-20,Glenn,021,27897,4968,4972,1589,6561,46
2022-03-20,Humboldt,023,135768,16840,16913,2936,19849,139
2022-03-20,Imperial,025,180216,55275,55133,10635,65768,908
2022-03-20,Inyo,027,18085,4062,4060,476,4536,56
2022-03-20,Kern,029,883053,191517,191170,45894,237064,2187
2022-03-20,Kings,031,150075,51381,51360,3544,54904,441
2022-03-20,Lake,033,64148,10672,10652,887,11539,135
2022-03-20,Lassen,035,31185,8952,8938,879,9817,63
2022-03-20,Los Angeles,037,10098052,2703335,2694698,123248,2817946,31219
2022-03-20,Madera,039,155013,37228,37284,6021,43305,354
2022-03-20,Marin,041,260295,33305,33232,2190,35422,275
2022-03-20,Mariposa,043,17540,2390,2383,197,2580,6
2022-03-20,Mendocino,045,87422,13015,13027,3005,16032,118
2022-03-20,Merced,047,269075,62032,62041,8576,70617,803
2022-03-20,Modoc,049,8938,732,734,250,984,7
2022-03-20,Mono,051,14174,2964,2962,122,3084,5
2022-03-20,Monterey,053,433212,79138,78566,13646,92212,723
2022-03-20,Napa,055,140530,25704,25682,949,26631,138
2022-03-20,Nevada,057,99092,15912,15964,1196,17160,123
2022-03-20,Orange,059,3164182,545260,544862,41115,585977,6841
2022-03-20,Placer,061,380077,62561,62525,7336,69861,610
2022-03-20,Plumas,063,18699,2964,2744,361,3105,13
2022-03-20,Riverside,065,2383286,590294,589657,27804,617461,6376
2022-03-20,Sacramento,067,1510023,280037,275317,26666,301983,2927
2022-03-20,San Benito,069,59416,12861,12869,511,13380,97
2022-03-20,San Bernardino,071,2135413,567516,560220,24723,584943,6805
2022-03-20,San Diego,073,3302833,749006,748833,52331,801164,5138
2022-03-20,San Francisco,075,870044,123552,123858,8208,132066,835
2022-03-20,San Joaquin,077,732212,166021,165927,9884,175811,2185
2022-03-20,San Luis Obispo,079,281455,52263,52217,3751,55968,463
2022-03-20,San Mateo,081,765935,120981,119901,6924,126825,684
2022-03-20,Santa Barbara,083,443738,85531,85412,4711,90123,672
2022-03-20,Santa Clara,085,1922200,309382,310412,12320,322732,2243
2022-03-20,Santa Cruz,087,273765,47556,47265,2089,49354,259
2022-03-20,Shasta,089,179085,30498,30522,6098,36620,525
2022-03-20,Sierra,091,2930,271,273,48,321,4
2022-03-20,Siskiyou,093,43540,4438,4426,2727,7153,80
2022-03-20,Solano,095,438530,81144,81393,5556,86949,441
2022-03-20,Sonoma,097,501317,83149,82965,2576,85541,481
2022-03-20,Stanislaus,099,539301,117206,118146,17528,135674,1572
2022-03-20,Sutter,101,95872,20433,20519,2071,22590,218
2022-03-20,Tehama,103,63373,12015,12030,2584,14614,160
2022-03-20,Trinity,105,12862,1182,1174,290,1464,20
2022-03-20,Tulare,107,460477,106259,104353,27875,132228,1389
2022-03-20,Tuolumne,109,53932,12606,12617,560,13177,180
2022-03-20,Ventura,111,848112,172767,172514,9400,181914,1451
2022-03-20,Yolo,113,214977,36866,36135,3133,39268,307
2022-03-20,Yuba,115,75493,15798,15787,1187,16974,117
2022-03-19,Alameda,001,1643700,254788,253936,13596,267532,1797
2022-03-19,Alpine,003,1148,122,122,1,123,0
2022-03-19,Amador,005,37829,8515,8456,644,9100,85
2022-03-19,Butte,007,227075,32968,32856,6728,39584,385
2022-03-19,Calaveras,009,45235,7242,7229,344,7573,119
2022-03-19,Colusa,011,21464,3433,3445,1063,4508,21
2022-03-19,Contra Costa,013,1133247,187916,187225,13071,200296,1276
2022-03-19,Del Norte,015,27424,5787,5815,185,6000,48
2022-03-19,El Dorado,017,186661,26644,26618,3219,29837,199
2022-03-19,Fresno,019,978130,230838,228965,23652,252617,2694
2022-03-19,Glenn,021,27897,4968,4971,1589,6560,44
2022-03-19,Humboldt,023,135768,16834,16901,2936,19837,138
2022-03-19,Imperial,025,180216,55274,55038,10634,65672,898
2022-03-19,Inyo,027,18085,4062,4061,476,4537,56
2022-03-19,Kern,029,883053,191502,190943,45886,236829,2184
2022-03-19,Kings,031,150075,51376,51334,3544,54878,441
2022-03-19,Lake,033,64148,10672,10641,887,11528,135
2022-03-19,Lassen,035,31185,8952,8925,879,9804,63
2022-03-19,Los Angeles,037,10098052,2702961,2686759,123214,2809973,31133
2022-03-19,Madera,039,155013,37228,37273,6021,43294,354
2022-03-19,Marin,041,260295,33287,33163,2186,35349,272
2022-03-19,Mariposa,043,17540,2389,2378,197,2575,6
2022-03-19,Mendocino,045,87422,13015,13012,3005,16017,117
2022-03-19,Merced,047,269075,62026,61985,8574,70559,800
2022-03-19,Modoc,049,8938,732,734,250,984,7
2022-03-19,Mono,051,14174,2964,2961,122,3083,5
2022-03-19,Monterey,053,433212,79127,78483,13639,92122,720
2022-03-19,Napa,055,140530,25701,25654,949,26603,138
2022-03-19,Nevada,057,99092,15910,15960,1196,17156,123
2022-03-19,Orange,059,3164182,545188,543907,41099,585006,6817
2022-03-19,Placer,061,380077,62547,62483,7336,69819,605
2022-03-19,Plumas,063,18699,2964,2724,361,3085,13
2022-03-19,Riverside,065,2383286,590243,589017,27796,616813,6359
2022-03-19,Sacramento,067,1510023,279996,274855,26662,301517,2913
2022-03-19,San Benito,069,59416,12860,12859,511,13370,97
2022-03-19,San Bernardino,071,2135413,567470,559935,24721,584656,6778
2022-03-19,San Diego,073,3302833,748906,747344,52319,799663,5133
2022-03-19,San Francisco,075,870044,123482,123587,8206,131793,833
2022-03-19,San Joaquin,077,732212,165996,165765,9881,175646,2181
2022-03-19,San Luis Obispo,079,281455,52257,52174,3751,55925,463
2022-03-19,San Mateo,081,765935,120944,119782,6923,126705,667
2022-03-19,Santa Barbara,083,443738,85517,85336,4710,90046,671
2022-03-19,Santa Clara,085,1922200,309260,309918,12311,322229,2225
2022-03-19,Santa Cruz,087,273765,47548,47203,2085,49288,256
2022-03-19,Shasta,089,179085,30494,30495,6098,36593,525
2022-03-19,Sierra,091,2930,271,273,48,321,4
2022-03-19,Siskiyou,093,43540,4437,4422,2727,7149,76
2022-03-19,Solano,095,438530,81135,81340,5553,86893,441
2022-03-19,Sonoma,097,501317,83132,82838,2573,85411,472
2022-03-19,Stanislaus,099,539301,117196,118138,17526,135664,1568
2022-03-19,Sutter,101,95872,20430,20503,2071,22574,218
2022-03-19,Tehama,103,63373,12015,12007,2584,14591,160
2022-03-19,Trinity,105,12862,1182,1173,290,1463,20
2022-03-19,Tulare,107,460477,106250,104290,27870,132160,1384
2022-03-19,Tuolumne,109,53932,12605,12617,560,13177,180
2022-03-19,Ventura,111,848112,172736,172380,9399,181779,1451
2022-03-19,Yolo,113,214977,36857,36086,3133,39219,306
2022-03-19,Yuba,115,75493,15794,15768,1186,16954,117
2022-03-18,Alameda,001,1643700,254728,253936,13593,267529,1797
2022-03-18,Alpine,003,1148,122,122,1,123,0
2022-03-18,Amador,005,37829,8515,8456,644,9100,85
2022-03-18,Butte,007,227075,32963,32856,6726,39582,385
2022-03-18,Calaveras,009,45235,7242,7229,344,7573,119
2022-03-18,Colusa,011,21464,3433,3445,1063,4508,21
2022-03-18,Contra Costa,013,1133247,187884,187225,13069,200294,1276
2022-03-18,Del Norte,015,27424,5785,5815,185,6000,48
2022-03-18,El Dorado,017,186661,26639,26618,3217,29835,199
2022-03-18,Fresno,019,978130,230806,228965,23652,252617,2694
2022-03-18,Glenn,021,27897,4968,4971,1589,6560,44
2022-03-18,Humboldt,023,135768,16831,16901,2935,19836,138
2022-03-18,Imperial,025,180216,55272,55038,10634,65672,898
2022-03-18,Inyo,027,18085,4062,4061,476,4537,56
2022-03-18,Kern,029,883053,191491,190943,45883,236826,2184
2022-03-18,Kings,031,150075,51368,51334,3544,54878,441
2022-03-18,Lake,033,64148,10670,10641,886,11527,135
2022-03-18,Lassen,035,31185,8951,8925,879,9804,63
2022-03-18,Los Angeles,037,10098052,2702611,2686759,123188,2809947,31133
2022-03-18,Madera,039,155013,37223,37273,6021,43294,354
2022-03-18,Marin,041,260295,33273,33163,2186,35349,272
2022-03-18,Mariposa,043,17540,2388,2378,197,2575,6
2022-03-18,Mendocino,045,87422,13011,13012,3005,16017,117
2022-03-18,Merced,047,269075,62015,61985,8574,70559,800
2022-03-18,Modoc,049,8938,732,734,250,984,7
2022-03-18,Mono,051,14174,2963,2961,122,3083,5
2022-03-18,Monterey,053,433212,79109,78483,13637,92120,720
2022-03-18,Napa,055,140530,25698,25654,949,26603,138
2022-03-18,Nevada,057,99092,15907,15960,1195,17155,123
2022-03-18,Orange,059,3164182,545121,543907,41090,584997,6817
2022-03-18,Placer,061,380077,62538,62483,7336,69819,605
2022-03-18,Plumas,063,18699,2964,2724,361,3085,13
2022-03-18,Riverside,065,2383286,590183,589017,27792,616809,6359
2022-03-18,Sacramento,067,1510023,279960,274855,26657,301512,2913
2022-03-18,San Benito,069,59416,12858,12859,511,13370,97
2022-03-18,San Bernardino,071,2135413,567432,559935,24719,584654,6778
2022-03-18,San Diego,073,3302833,748798,747344,52304,799648,5133
2022-03-18,San Francisco,075,870044,123403,123587,8200,131787,833
2022-03-18,San Joaquin,077,732212,165981,165765,9876,175641,2181
2022-03-18,San Luis Obispo,079,281455,52251,52174,3751,55925,463
2022-03-18,San Mateo,081,765935,120909,119782,6920,126702,667
2022-03-18,Santa Barbara,083,443738,85507,85336,4709,90045,671
2022-03-18,Santa Clara,085,1922200,309156,309918,12308,322226,2225
2022-03-18,Santa Cruz,087,273765,47536,47203,2084,49287,256
2022-03-18,Shasta,089,179085,30493,30495,6098,36593,525
2022-03-18,Sierra,091,2930,271,273,48,321,4
2022-03-18,Siskiyou,093,43540,4437,4422,2727,7149,76
2022-03-18,Solano,095,438530,81124,81340,5547,86887,441
2022-03-18,Sonoma,097,501317,83111,82838,2572,85410,472
2022-03-18,Stanislaus,099,539301,117183,118138,17526,135664,1568
2022-03-18,Sutter,101,95872,20427,20503,2071,22574,218
2022-03-18,Tehama,103,63373,12014,12007,2584,14591,160
2022-03-18,Trinity,105,12862,1182,1173,290,1463,20
2022-03-18,Tulare,107,460477,106244,104290,27864,132154,1384
2022-03-18,Tuolumne,109,53932,12604,12617,560,13177,180
2022-03-18,Ventura,111,848112,172716,172380,9394,181774,1451
2022-03-18,Yolo,113,214977,36846,36086,3133,39219,306
2022-03-18,Yuba,115,75493,15792,15768,1186,16954,117
2022-03-17,Alameda,001,1643700,254628,253936,13587,267523,1797
2022-03-17,Alpine,003,1148,122,122,1,123,0
2022-03-17,Amador,005,37829,8508,8456,644,9100,85
2022-03-17,Butte,007,227075,32949,32856,6724,39580,385
2022-03-17,Calaveras,009,45235,7239,7229,344,7573,119
2022-03-17,Colusa,011,21464,3433,3445,1063,4508,21
2022-03-17,Contra Costa,013,1133247,187820,187225,13058,200283,1276
2022-03-17,Del Norte,015,27424,5783,5815,185,6000,48
2022-03-17,El Dorado,017,186661,26633,26618,3217,29835,199
2022-03-17,Fresno,019,978130,230756,228965,23649,252614,2694
2022-03-17,Glenn,021,27897,4968,4971,1589,6560,44
2022-03-17,Humboldt,023,135768,16827,16901,2933,19834,138
2022-03-17,Imperial,025,180216,55261,55038,10634,65672,898
2022-03-17,Inyo,027,18085,4062,4061,476,4537,56
2022-03-17,Kern,029,883053,191462,190943,45880,236823,2184
2022-03-17,Kings,031,150075,51365,51334,3543,54877,441
2022-03-17,Lake,033,64148,10667,10641,886,11527,135
2022-03-17,Lassen,035,31185,8949,8925,879,9804,63
2022-03-17,Los Angeles,037,10098052,2701948,2686759,123152,2809911,31133
2022-03-17,Madera,039,155013,37219,37273,6021,43294,354
2022-03-17,Marin,041,260295,33261,33163,2185,35348,272
2022-03-17,Mariposa,043,17540,2388,2378,197,2575,6
2022-03-17,Mendocino,045,87422,13007,13012,3002,16014,117
2022-03-17,Merced,047,269075,62009,61985,8572,70557,800
2022-03-17,Modoc,049,8938,732,734,250,984,7
2022-03-17,Mono,051,14174,2963,2961,121,3082,5
2022-03-17,Monterey,053,433212,79086,78483,13631,92114,720
2022-03-17,Napa,055,140530,25693,25654,949,26603,138
2022-03-17,Nevada,057,99092,15904,15960,1195,17155,123
2022-03-17,Orange,059,3164182,545027,543907,41080,584987,6817
2022-03-17,Placer,061,380077,62523,62483,7334,69817,605
2022-03-17,Plumas,063,18699,2963,2724,361,3085,13
2022-03-17,Riverside,065,2383286,590103,589017,27785,616802,6359
2022-03-17,Sacramento,067,1510023,279893,274855,26650,301505,2913
2022-03-17,San Benito,069,59416,12857,12859,511,13370,97
2022-03-17,San Bernardino,071,2135413,567368,559935,24716,584651,6778
2022-03-17,San Diego,073,3302833,748622,747344,52290,799634,5133
2022-03-17,San Francisco,075,870044,123322,123587,8195,131782,833
2022-03-17,San Joaquin,077,732212,165961,165765,9874,175639,2181
2022-03-17,San Luis Obispo,079,281455,52237,52174,3749,55923,463
2022-03-17,San Mateo,081,765935,120861,119782,6916,126698,667
2022-03-17,Santa Barbara,083,443738,85491,85336,4709,90045,671
2022-03-17,Santa Clara,085,1922200,309036,309918,12303,322221,2225
2022-03-17,Santa Cruz,087,273765,47520,47203,2082,49285,256
2022-03-17,Shasta,089,179085,30489,30495,6096,36591,525
2022-03-17,Sierra,091,2930,271,273,48,321,4
2022-03-17,Siskiyou,093,43540,4436,4422,2727,7149,76
2022-03-17,Solano,095,438530,81095,81340,5544,86884,441
2022-03-17,Sonoma,097,501317,83082,82838,2570,85408,472
2022-03-17,Stanislaus,099,539301,117169,118138,17521,135659,1568
2022-03-17,Sutter,101,95872,20417,20503,2058,22561,218
2022-03-17,Tehama,103,63373,12014,12007,2584,14591,160
2022-03-17,Trinity,105,12862,1182,1173,290,1463,20
2022-03-17,Tulare,107,460477,106228,104290,27853,132143,1384
2022-03-17,Tuolumne,109,53932,12601,12617,559,13176,180
2022-03-17,Ventura,111,848112,172667,172380,9392,181772,1451
2022-03-17,Yolo,113,214977,36832,36086,3133,39219,306
2022-03-17,Yuba,115,75493,15790,15768,1185,16953,117
2022-03-16,Alameda,001,1643700,254529,253792,13584,267376,1794
2022-03-16,Alpine,003,1148,122,122,1,123,0
2022-03-16,Amador,005,37829,8500,8449,644,9093,85
2022-03-16,Butte,007,227075,32938,32837,6719,39556,385
2022-03-16,Calaveras,009,45235,7237,7229,344,7573,120
2022-03-16,Colusa,011,21464,3433,3445,1063,4508,22
2022-03-16,Contra Costa,013,1133247,187762,187100,13047,200147,1266
2022-03-16,Del Norte,015,27424,5782,5811,183,5994,48
2022-03-16,El Dorado,017,186661,26620,26602,3216,29818,199
2022-03-16,Fresno,019,978130,230709,228786,23638,252424,2689
2022-03-16,Glenn,021,27897,4968,4969,1588,6557,44
2022-03-16,Humboldt,023,135768,16824,16893,2933,19826,138
2022-03-16,Imperial,025,180216,55249,55002,10633,65635,897
2022-03-16,Inyo,027,18085,4061,4061,476,4537,56
2022-03-16,Kern,029,883053,191420,190835,45873,236708,2170
2022-03-16,Kings,031,150075,51350,51321,3543,54864,437
2022-03-16,Lake,033,64148,10665,10633,885,11518,133
2022-03-16,Lassen,035,31185,8946,8924,879,9803,62
2022-03-16,Los Angeles,037,10098052,2701320,2685789,123111,2808900,31102
2022-03-16,Madera,039,155013,37209,37262,6020,43282,354
2022-03-16,Marin,041,260295,33240,33136,2183,35319,272
2022-03-16,Mariposa,043,17540,2386,2376,197,2573,6
2022-03-16,Mendocino,045,87422,13004,13011,3001,16012,117
2022-03-16,Merced,047,269075,61994,61959,8568,70527,798
2022-03-16,Modoc,049,8938,731,734,250,984,7
2022-03-16,Mono,051,14174,2963,2960,121,3081,5
2022-03-16,Monterey,053,433212,79064,78416,13626,92042,720
2022-03-16,Napa,055,140530,25684,25638,948,26586,138
2022-03-16,Nevada,057,99092,15902,15960,1195,17155,123
2022-03-16,Orange,059,3164182,544904,543326,41056,584382,6791
2022-03-16,Placer,061,380077,62507,62435,7332,69767,605
2022-03-16,Plumas,063,18699,2963,2723,361,3084,13
2022-03-16,Riverside,065,2383286,590006,588761,27782,616543,6351
2022-03-16,Sacramento,067,1510023,279827,274709,26643,301352,2910
2022-03-16,San Benito,069,59416,12852,12854,511,13365,97
2022-03-16,San Bernardino,071,2135413,567288,559746,24709,584455,6775
2022-03-16,San Diego,073,3302833,748417,746970,52266,799236,5126
2022-03-16,San Francisco,075,870044,123222,123446,8188,131634,831
2022-03-16,San Joaquin,077,732212,165914,165703,9871,175574,2169
2022-03-16,San Luis Obispo,079,281455,52219,52132,3745,55877,462
2022-03-16,San Mateo,081,765935,120798,119680,6907,126587,660
2022-03-16,Santa Barbara,083,443738,85458,85322,4705,90027,670
2022-03-16,Santa Clara,085,1922200,308850,309689,12288,321977,2224
2022-03-16,Santa Cruz,087,273765,47491,47161,2082,49243,255
2022-03-16,Shasta,089,179085,30480,30489,6092,36581,527
2022-03-16,Sierra,091,2930,271,273,48,321,4
2022-03-16,Siskiyou,093,43540,4433,4419,2725,7144,76
2022-03-16,Solano,095,438530,81072,81277,5542,86819,440
2022-03-16,Sonoma,097,501317,83039,82791,2561,85352,472
2022-03-16,Stanislaus,099,539301,117144,118072,17519,135591,1567
2022-03-16,Sutter,101,95872,20415,20494,2057,22551,218
2022-03-16,Tehama,103,63373,12012,11999,2584,14583,160
2022-03-16,Trinity,105,12862,1182,1173,290,1463,20
2022-03-16,Tulare,107,460477,106215,104217,27847,132064,1377
2022-03-16,Tuolumne,109,53932,12596,12610,559,13169,180
2022-03-16,Ventura,111,848112,172626,172212,9388,181600,1451
2022-03-16,Yolo,113,214977,36809,36079,3132,39211,307
2022-03-16,Yuba,115,75493,15785,15758,1185,16943,117
2022-03-15,Alameda,001,1643700,254397,253694,13575,267269,1793
2022-03-15,Alpine,003,1148,122,122,1,123,0
2022-03-15,Amador,005,37829,8497,8448,644,9092,85
2022-03-15,Butte,007,227075,32925,32822,6717,39539,385
2022-03-15,Calaveras,009,45235,7235,7236,344,7580,118
2022-03-15,Colusa,011,21464,3433,3445,1063,4508,21
2022-03-15,Contra Costa,013,1133247,187681,187021,13040,200061,1265
2022-03-15,Del Norte,015,27424,5779,5806,180,5986,48
2022-03-15,El Dorado,017,186661,26617,26596,3216,29812,199
2022-03-15,Fresno,019,978130,230666,228631,23629,252260,2689
2022-03-15,Glenn,021,27897,4966,4966,1588,6554,44
2022-03-15,Humboldt,023,135768,16818,16889,2932,19821,138
2022-03-15,Imperial,025,180216,55239,54981,10629,65610,896
2022-03-15,Inyo,027,18085,4061,4062,475,4537,56
2022-03-15,Kern,029,883053,191391,190645,45863,236508,2168
2022-03-15,Kings,031,150075,51331,51317,3539,54856,437
2022-03-15,Lake,033,64148,10661,10631,885,11516,131
2022-03-15,Lassen,035,31185,8944,8926,879,9805,62
2022-03-15,Los Angeles,037,10098052,2700640,2685071,123054,2808125,31077
2022-03-15,Madera,039,155013,37200,37258,6019,43277,354
2022-03-15,Marin,041,260295,33217,33111,2182,35293,272
2022-03-15,Mariposa,043,17540,2384,2377,197,2574,6
2022-03-15,Mendocino,045,87422,12999,13005,3000,16005,117
2022-03-15,Merced,047,269075,61977,61916,8559,70475,798
2022-03-15,Modoc,049,8938,731,733,250,983,7
2022-03-15,Mono,051,14174,2963,2961,121,3082,5
2022-03-15,Monterey,053,433212,79034,78400,13618,92018,718
2022-03-15,Napa,055,140530,25676,25657,946,26603,138
2022-03-15,Nevada,057,99092,15900,15960,1193,17153,123
2022-03-15,Orange,059,3164182,544763,543197,41049,584246,6780
2022-03-15,Placer,061,380077,62490,62398,7328,69726,604
2022-03-15,Plumas,063,18699,2962,2722,361,3083,13
2022-03-15,Riverside,065,2383286,589905,588622,27774,616396,6333
2022-03-15,Sacramento,067,1510023,279741,274633,26637,301270,2907
2022-03-15,San Benito,069,59416,12848,12849,511,13360,95
2022-03-15,San Bernardino,071,2135413,567213,559605,24705,584310,6770
2022-03-15,San Diego,073,3302833,748173,746474,52244,798718,5116
2022-03-15,San Francisco,075,870044,123106,123526,8179,131705,831
2022-03-15,San Joaquin,077,732212,165871,165664,9865,175529,2161
2022-03-15,San Luis Obispo,079,281455,52209,52060,3741,55801,458
2022-03-15,San Mateo,081,765935,120747,119586,6901,126487,649
2022-03-15,Santa Barbara,083,443738,85433,85353,4701,90054,668
2022-03-15,Santa Clara,085,1922200,308689,309535,12276,321811,2224
2022-03-15,Santa Cruz,087,273765,47438,47117,2082,49199,255
2022-03-15,Shasta,089,179085,30471,30476,6089,36565,524
2022-03-15,Sierra,091,2930,271,273,48,321,4
2022-03-15,Siskiyou,093,43540,4433,4420,2725,7145,76
2022-03-15,Solano,095,438530,81037,81260,5541,86801,440
2022-03-15,Sonoma,097,501317,82999,82737,2561,85298,472
2022-03-15,Stanislaus,099,539301,117126,118085,17515,135600,1567
2022-03-15,Sutter,101,95872,20412,20480,2047,22527,217
2022-03-15,Tehama,103,63373,12009,11997,2583,14580,160
2022-03-15,Trinity,105,12862,1182,1173,290,1463,20
2022-03-15,Tulare,107,460477,106196,104153,27835,131988,1375
2022-03-15,Tuolumne,109,53932,12592,12602,559,13161,180
2022-03-15,Ventura,111,848112,172581,172150,9385,181535,1451
2022-03-15,Yolo,113,214977,36793,36079,3127,39206,308
2022-03-15,Yuba,115,75493,15777,15756,1185,16941,116
2022-03-14,Alameda,001,1643700,254286,253629,13571,267200,1791
2022-03-14,Alpine,003,1148,122,122,1,123,0
2022-03-14,Amador,005,37829,8492,8448,644,9092,85
2022-03-14,Butte,007,227075,32907,32812,6716,39528,385
2022-03-14,Calaveras,009,45235,7234,7245,344,7589,118
2022-03-14,Colusa,011,21464,3432,3445,1063,4508,21
2022-03-14,Contra Costa,013,1133247,187588,186969,13031,200000,1265
2022-03-14,Del Norte,015,27424,5773,5807,180,5987,48
2022-03-14,El Dorado,017,186661,26612,26570,3216,29786,199
2022-03-14,Fresno,019,978130,230592,228470,23619,252089,2682
2022-03-14,Glenn,021,27897,4964,4966,1588,6554,44
2022-03-14,Humboldt,023,135768,16811,16890,2930,19820,137
2022-03-14,Imperial,025,180216,55228,54933,10628,65561,897
2022-03-14,Inyo,027,18085,4061,4062,475,4537,56
2022-03-14,Kern,029,883053,191356,190526,45852,236378,2166
2022-03-14,Kings,031,150075,51313,51293,3538,54831,437
2022-03-14,Lake,033,64148,10658,10631,885,11516,131
2022-03-14,Lassen,035,31185,8944,8927,878,9805,62
2022-03-14,Los Angeles,037,10098052,2700009,2683369,122987,2806356,31034
2022-03-14,Madera,039,155013,37193,37255,6018,43273,354
2022-03-14,Marin,041,260295,33188,33099,2182,35281,272
2022-03-14,Mariposa,043,17540,2383,2376,197,2573,6
2022-03-14,Mendocino,045,87422,12994,12992,2993,15985,117
2022-03-14,Merced,047,269075,61958,61905,8557,70462,795
2022-03-14,Modoc,049,8938,730,731,250,981,7
2022-03-14,Mono,051,14174,2962,2961,121,3082,5
2022-03-14,Monterey,053,433212,79019,78376,13583,91959,718
2022-03-14,Napa,055,140530,25662,25649,946,26595,138
2022-03-14,Nevada,057,99092,15898,15954,1193,17147,123
2022-03-14,Orange,059,3164182,544625,543099,41041,584140,6775
2022-03-14,Placer,061,380077,62472,62389,7326,69715,601
2022-03-14,Plumas,063,18699,2962,2711,361,3072,13
2022-03-14,Riverside,065,2383286,589770,588531,27764,616295,6332
2022-03-14,Sacramento,067,1510023,279661,274682,26632,301314,2899
2022-03-14,San Benito,069,59416,12843,12846,510,13356,95
2022-03-14,San Bernardino,071,2135413,567126,559505,24700,584205,6767
2022-03-14,San Diego,073,3302833,747870,745515,52216,797731,5108
2022-03-14,San Francisco,075,870044,123015,123575,8173,131748,824
2022-03-14,San Joaquin,077,732212,165832,165662,9864,175526,2142
2022-03-14,San Luis Obispo,079,281455,52181,52046,3738,55784,458
2022-03-14,San Mateo,081,765935,120674,119564,6899,126463,649
2022-03-14,Santa Barbara,083,443738,85396,85396,4700,90096,667
2022-03-14,Santa Clara,085,1922200,308505,309600,12272,321872,2223
2022-03-14,Santa Cruz,087,273765,47400,47107,2080,49187,255
2022-03-14,Shasta,089,179085,30466,30462,6086,36548,520
2022-03-14,Sierra,091,2930,271,273,48,321,4
2022-03-14,Siskiyou,093,43540,4428,4419,2724,7143,76
2022-03-14,Solano,095,438530,80989,81233,5536,86769,440
2022-03-14,Sonoma,097,501317,82963,82731,2557,85288,473
2022-03-14,Stanislaus,099,539301,117090,118088,17511,135599,1567
2022-03-14,Sutter,101,95872,20405,20478,2047,22525,217
2022-03-14,Tehama,103,63373,12007,11996,2583,14579,160
2022-03-14,Trinity,105,12862,1182,1172,290,1462,20
2022-03-14,Tulare,107,460477,106167,104121,27827,131948,1365
2022-03-14,Tuolumne,109,53932,12591,12567,558,13125,180
2022-03-14,Ventura,111,848112,172528,172107,9383,181490,1442
2022-03-14,Yolo,113,214977,36777,36059,3125,39184,308
2022-03-14,Yuba,115,75493,15765,15748,1185,16933,116
2022-03-13,Alameda,001,1643700,254162,253547,13563,267110,1792
2022-03-13,Alpine,003,1148,122,122,1,123,0
2022-03-13,Amador,005,37829,8490,8444,644,9088,85
2022-03-13,Butte,007,227075,32887,32806,6712,39518,384
2022-03-13,Calaveras,009,45235,7229,7253,344,7597,118
2022-03-13,Colusa,011,21464,3432,3444,1061,4505,21
2022-03-13,Contra Costa,013,1133247,187492,186911,13018,199929,1265
2022-03-13,Del Norte,015,27424,5769,5808,180,5988,48
2022-03-13,El Dorado,017,186661,26607,26563,3215,29778,199
2022-03-13,Fresno,019,978130,230512,228421,23605,252026,2683
2022-03-13,Glenn,021,27897,4960,4966,1587,6553,44
2022-03-13,Humboldt,023,135768,16803,16883,2930,19813,137
2022-03-13,Imperial,025,180216,55217,54934,10626,65560,897
2022-03-13,Inyo,027,18085,4061,4062,474,4536,56
2022-03-13,Kern,029,883053,191302,190495,45839,236334,2166
2022-03-13,Kings,031,150075,51305,51273,3538,54811,437
2022-03-13,Lake,033,64148,10655,10626,885,11511,131
2022-03-13,Lassen,035,31185,8943,8929,877,9806,62
2022-03-13,Los Angeles,037,10098052,2699284,2683351,122944,2806295,31034
2022-03-13,Madera,039,155013,37185,37248,6018,43266,354
2022-03-13,Marin,041,260295,33164,33083,2180,35263,272
2022-03-13,Mariposa,043,17540,2381,2376,197,2573,6
2022-03-13,Mendocino,045,87422,12988,12987,2988,15975,117
2022-03-13,Merced,047,269075,61935,61895,8547,70442,795
2022-03-13,Modoc,049,8938,730,731,250,981,7
2022-03-13,Mono,051,14174,2962,2961,121,3082,5
2022-03-13,Monterey,053,433212,78983,78366,13534,91900,718
2022-03-13,Napa,055,140530,25648,25639,945,26584,138
2022-03-13,Nevada,057,99092,15891,15959,1193,17152,123
2022-03-13,Orange,059,3164182,544503,543036,41017,584053,6774
2022-03-13,Placer,061,380077,62445,62372,7323,69695,601
2022-03-13,Plumas,063,18699,2962,2711,361,3072,13
2022-03-13,Riverside,065,2383286,589637,588487,27758,616245,6332
2022-03-13,Sacramento,067,1510023,279562,274715,26620,301335,2899
2022-03-13,San Benito,069,59416,12837,12844,508,13352,95
2022-03-13,San Bernardino,071,2135413,567034,559450,24690,584140,6767
2022-03-13,San Diego,073,3302833,747528,745515,52182,797697,5108
2022-03-13,San Francisco,075,870044,122894,123622,8167,131789,824
2022-03-13,San Joaquin,077,732212,165783,165641,9862,175503,2142
2022-03-13,San Luis Obispo,079,281455,52151,52040,3735,55775,458
2022-03-13,San Mateo,081,765935,120596,119521,6890,126411,649
2022-03-13,Santa Barbara,083,443738,85356,85453,4698,90151,667
2022-03-13,Santa Clara,085,1922200,308334,309493,12264,321757,2225
2022-03-13,Santa Cruz,087,273765,47349,47087,2079,49166,255
2022-03-13,Shasta,089,179085,30449,30457,6084,36541,520
2022-03-13,Sierra,091,2930,271,273,48,321,4
2022-03-13,Siskiyou,093,43540,4428,4418,2724,7142,76
2022-03-13,Solano,095,438530,80954,81217,5532,86749,440
2022-03-13,Sonoma,097,501317,82928,82711,2554,85265,473
2022-03-13,Stanislaus,099,539301,117056,118075,17508,135583,1567
2022-03-13,Sutter,101,95872,20401,20474,2047,22521,217
2022-03-13,Tehama,103,63373,12006,11997,2582,14579,160
2022-03-13,Trinity,105,12862,1182,1172,290,1462,20
2022-03-13,Tulare,107,460477,106134,104119,27819,131938,1365
2022-03-13,Tuolumne,109,53932,12588,12565,558,13123,180
2022-03-13,Ventura,111,848112,172470,172080,9376,181456,1442
2022-03-13,Yolo,113,214977,36758,36019,3122,39141,308
2022-03-13,Yuba,115,75493,15760,15741,1185,16926,116
2022-03-12,Alameda,001,1643700,254096,253079,13558,266637,1783
2022-03-12,Alpine,003,1148,122,122,1,123,0
2022-03-12,Amador,005,37829,8486,8427,644,9071,84
2022-03-12,Butte,007,227075,32883,32774,6710,39484,380
2022-03-12,Calaveras,009,45235,7228,7253,344,7597,118
2022-03-12,Colusa,011,21464,3432,3440,1061,4501,21
2022-03-12,Contra Costa,013,1133247,187449,186618,13017,199635,1256
2022-03-12,Del Norte,015,27424,5768,5791,180,5971,48
2022-03-12,El Dorado,017,186661,26603,26538,3215,29753,199
2022-03-12,Fresno,019,978130,230490,228041,23605,251646,2653
2022-03-12,Glenn,021,27897,4960,4955,1587,6542,44
2022-03-12,Humboldt,023,135768,16799,16862,2929,19791,137
2022-03-12,Imperial,025,180216,55212,54837,10623,65460,896
2022-03-12,Inyo,027,18085,4061,4056,474,4530,56
2022-03-12,Kern,029,883053,191285,190330,45834,236164,2162
2022-03-12,Kings,031,150075,51299,51145,3538,54683,436
2022-03-12,Lake,033,64148,10653,10594,884,11478,131
2022-03-12,Lassen,035,31185,8942,8915,877,9792,62
2022-03-12,Los Angeles,037,10098052,2698957,2678858,122924,2801782,30901
2022-03-12,Madera,039,155013,37180,37223,6018,43241,354
2022-03-12,Marin,041,260295,33140,33015,2179,35194,272
2022-03-12,Mariposa,043,17540,2381,2372,197,2569,6
2022-03-12,Mendocino,045,87422,12984,12965,2988,15953,117
2022-03-12,Merced,047,269075,61928,61840,8546,70386,795
2022-03-12,Modoc,049,8938,730,730,250,980,7
2022-03-12,Mono,051,14174,2962,2960,120,3080,5
2022-03-12,Monterey,053,433212,78976,78285,13532,91817,716
2022-03-12,Napa,055,140530,25638,25584,944,26528,138
2022-03-12,Nevada,057,99092,15885,15947,1193,17140,123
2022-03-12,Orange,059,3164182,544437,542354,41008,583362,6718
2022-03-12,Placer,061,380077,62436,62282,7323,69605,598
2022-03-12,Plumas,063,18699,2962,2707,361,3068,13
2022-03-12,Riverside,065,2383286,589572,588022,27753,615775,6317
2022-03-12,Sacramento,067,1510023,279522,274519,26616,301135,2886
2022-03-12,San Benito,069,59416,12834,12868,508,13376,95
2022-03-12,San Bernardino,071,2135413,566990,559013,24689,583702,6734
2022-03-12,San Diego,073,3302833,747406,744386,52160,796546,5090
2022-03-12,San Francisco,075,870044,122829,123610,8161,131771,823
2022-03-12,San Joaquin,077,732212,165766,165516,9859,175375,2117
2022-03-12,San Luis Obispo,079,281455,52142,51947,3732,55679,457
2022-03-12,San Mateo,081,765935,120560,119288,6889,126177,641
2022-03-12,Santa Barbara,083,443738,85337,85421,4698,90119,664
2022-03-12,Santa Clara,085,1922200,308236,308989,12258,321247,2208
2022-03-12,Santa Cruz,087,273765,47336,46982,2078,49060,254
2022-03-12,Shasta,089,179085,30437,30419,6082,36501,517
2022-03-12,Sierra,091,2930,271,273,48,321,4
2022-03-12,Siskiyou,093,43540,4428,4405,2724,7129,75
2022-03-12,Solano,095,438530,80940,81058,5532,86590,436
2022-03-12,Sonoma,097,501317,82911,82622,2552,85174,473
2022-03-12,Stanislaus,099,539301,117042,117884,17507,135391,1564
2022-03-12,Sutter,101,95872,20400,20429,2047,22476,217
2022-03-12,Tehama,103,63373,12006,11983,2582,14565,159
2022-03-12,Trinity,105,12862,1181,1172,290,1462,20
2022-03-12,Tulare,107,460477,106129,103994,27813,131807,1358
2022-03-12,Tuolumne,109,53932,12587,12476,558,13034,180
2022-03-12,Ventura,111,848112,172445,171932,9375,181307,1442
2022-03-12,Yolo,113,214977,36751,35982,3120,39102,308
2022-03-12,Yuba,115,75493,15760,15722,1185,16907,116
2022-03-11,Alameda,001,1643700,254031,253079,13558,266637,1783
2022-03-11,Alpine,003,1148,122,122,1,123,0
2022-03-11,Amador,005,37829,8484,8427,644,9071,84
2022-03-11,Butte,007,227075,32879,32774,6709,39483,380
2022-03-11,Calaveras,009,45235,7228,7253,344,7597,118
2022-03-11,Colusa,011,21464,3432,3440,1061,4501,21
2022-03-11,Contra Costa,013,1133247,187401,186618,13015,199633,1256
2022-03-11,Del Norte,015,27424,5764,5791,180,5971,48
2022-03-11,El Dorado,017,186661,26599,26538,3215,29753,199
2022-03-11,Fresno,019,978130,230434,228041,23601,251642,2653
2022-03-11,Glenn,021,27897,4960,4955,1587,6542,44
2022-03-11,Humboldt,023,135768,16794,16862,2928,19790,137
2022-03-11,Imperial,025,180216,55206,54837,10622,65459,896
2022-03-11,Inyo,027,18085,4061,4056,474,4530,56
2022-03-11,Kern,029,883053,191264,190330,45829,236159,2162
2022-03-11,Kings,031,150075,51279,51145,3538,54683,436
2022-03-11,Lake,033,64148,10649,10594,884,11478,131
2022-03-11,Lassen,035,31185,8941,8915,877,9792,62
2022-03-11,Los Angeles,037,10098052,2698637,2678858,122899,2801757,30901
2022-03-11,Madera,039,155013,37175,37223,6018,43241,354
2022-03-11,Marin,041,260295,33124,33015,2178,35193,272
2022-03-11,Mariposa,043,17540,2380,2372,197,2569,6
2022-03-11,Mendocino,045,87422,12978,12965,2988,15953,117
2022-03-11,Merced,047,269075,61918,61840,8544,70384,795
2022-03-11,Modoc,049,8938,730,730,250,980,7
2022-03-11,Mono,051,14174,2961,2960,120,3080,5
2022-03-11,Monterey,053,433212,78963,78285,13526,91811,716
2022-03-11,Napa,055,140530,25627,25584,944,26528,138
2022-03-11,Nevada,057,99092,15882,15947,1193,17140,123
2022-03-11,Orange,059,3164182,544367,542354,40994,583348,6718
2022-03-11,Placer,061,380077,62425,62282,7322,69604,598
2022-03-11,Plumas,063,18699,2960,2707,361,3068,13
2022-03-11,Riverside,065,2383286,589494,588022,27749,615771,6317
2022-03-11,Sacramento,067,1510023,279454,274519,26613,301132,2886
2022-03-11,San Benito,069,59416,12833,12868,508,13376,95
2022-03-11,San Bernardino,071,2135413,566933,559013,24684,583697,6734
2022-03-11,San Diego,073,3302833,747240,744386,52146,796532,5090
2022-03-11,San Francisco,075,870044,122778,123610,8157,131767,823
2022-03-11,San Joaquin,077,732212,165732,165516,9856,175372,2117
2022-03-11,San Luis Obispo,079,281455,52134,51947,3731,55678,457
2022-03-11,San Mateo,081,765935,120511,119288,6886,126174,641
2022-03-11,Santa Barbara,083,443738,85317,85421,4697,90118,664
2022-03-11,Santa Clara,085,1922200,308136,308989,12254,321243,2208
2022-03-11,Santa Cruz,087,273765,47321,46982,2078,49060,254
2022-03-11,Shasta,089,179085,30432,30419,6079,36498,517
2022-03-11,Sierra,091,2930,271,273,48,321,4
2022-03-11,Siskiyou,093,43540,4426,4405,2722,7127,75
2022-03-11,Solano,095,438530,80926,81058,5531,86589,436
2022-03-11,Sonoma,097,501317,82886,82622,2550,85172,473
2022-03-11,Stanislaus,099,539301,117028,117884,17506,135390,1564
2022-03-11,Sutter,101,95872,20398,20429,2047,22476,217
2022-03-11,Tehama,103,63373,12004,11983,2582,14565,159
2022-03-11,Trinity,105,12862,1181,1172,290,1462,20
2022-03-11,Tulare,107,460477,106115,103994,27807,131801,1358
2022-03-11,Tuolumne,109,53932,12585,12476,558,13034,180
2022-03-11,Ventura,111,848112,172409,171932,9370,181302,1442
2022-03-11,Yolo,113,214977,36740,35982,3120,39102,308
2022-03-11,Yuba,115,75493,15757,15722,1185,16907,116
2022-03-10,Alameda,001,1643700,253920,253079,13552,266631,1783
2022-03-10,Alpine,003,1148,122,122,1,123,0
2022-03-10,Amador,005,37829,8483,8427,644,9071,84
2022-03-10,Butte,007,227075,32865,32774,6707,39481,380
2022-03-10,Calaveras,009,45235,7227,7253,343,7596,118
2022-03-10,Colusa,011,21464,3432,3440,1061,4501,21
2022-03-10,Contra Costa,013,1133247,187317,186618,13005,199623,1256
2022-03-10,Del Norte,015,27424,5755,5791,180,5971,48
2022-03-10,El Dorado,017,186661,26587,26538,3214,29752,199
2022-03-10,Fresno,019,978130,230360,228041,23591,251632,2653
2022-03-10,Glenn,021,27897,4958,4955,1587,6542,44
2022-03-10,Humboldt,023,135768,16785,16862,2927,19789,137
2022-03-10,Imperial,025,180216,55196,54837,10621,65458,896
2022-03-10,Inyo,027,18085,4060,4056,474,4530,56
2022-03-10,Kern,029,883053,191231,190330,45815,236145,2162
2022-03-10,Kings,031,150075,51250,51145,3537,54682,436
2022-03-10,Lake,033,64148,10639,10594,883,11477,131
2022-03-10,Lassen,035,31185,8941,8915,877,9792,62
2022-03-10,Los Angeles,037,10098052,2698083,2678858,122860,2801718,30901
2022-03-10,Madera,039,155013,37169,37223,6011,43234,354
2022-03-10,Marin,041,260295,33111,33015,2174,35189,272
2022-03-10,Mariposa,043,17540,2380,2372,197,2569,6
2022-03-10,Mendocino,045,87422,12975,12965,2988,15953,117
2022-03-10,Merced,047,269075,61902,61840,8539,70379,795
2022-03-10,Modoc,049,8938,729,730,250,980,7
2022-03-10,Mono,051,14174,2961,2960,120,3080,5
2022-03-10,Monterey,053,433212,78940,78285,13501,91786,716
2022-03-10,Napa,055,140530,25618,25584,943,26527,138
2022-03-10,Nevada,057,99092,15875,15947,1193,17140,123
2022-03-10,Orange,059,3164182,544242,542354,40977,583331,6718
2022-03-10,Placer,061,380077,62403,62282,7316,69598,598
2022-03-10,Plumas,063,18699,2959,2707,361,3068,13
2022-03-10,Riverside,065,2383286,589379,588022,27743,615765,6317
2022-03-10,Sacramento,067,1510023,279377,274519,26607,301126,2886
2022-03-10,San Benito,069,59416,12832,12868,507,13375,95
2022-03-10,San Bernardino,071,2135413,566860,559013,24679,583692,6734
2022-03-10,San Diego,073,3302833,746984,744386,52115,796501,5090
2022-03-10,San Francisco,075,870044,122710,123610,8151,131761,823
2022-03-10,San Joaquin,077,732212,165701,165516,9854,175370,2117
2022-03-10,San Luis Obispo,079,281455,52111,51947,3728,55675,457
2022-03-10,San Mateo,081,765935,120448,119288,6883,126171,641
2022-03-10,Santa Barbara,083,443738,85285,85421,4696,90117,664
2022-03-10,Santa Clara,085,1922200,308010,308989,12246,321235,2208
2022-03-10,Santa Cruz,087,273765,47289,46982,2078,49060,254
2022-03-10,Shasta,089,179085,30423,30419,6077,36496,517
2022-03-10,Sierra,091,2930,271,273,48,321,4
2022-03-10,Siskiyou,093,43540,4426,4405,2722,7127,75
2022-03-10,Solano,095,438530,80890,81058,5526,86584,436
2022-03-10,Sonoma,097,501317,82859,82622,2550,85172,473
2022-03-10,Stanislaus,099,539301,116992,117884,17504,135388,1564
2022-03-10,Sutter,101,95872,20394,20429,2047,22476,217
2022-03-10,Tehama,103,63373,12003,11983,2582,14565,159
2022-03-10,Trinity,105,12862,1181,1172,290,1462,20
2022-03-10,Tulare,107,460477,106096,103994,27801,131795,1358
2022-03-10,Tuolumne,109,53932,12582,12476,558,13034,180
2022-03-10,Ventura,111,848112,172368,171932,9367,181299,1442
2022-03-10,Yolo,113,214977,36727,35982,3119,39101,308
2022-03-10,Yuba,115,75493,15747,15722,1184,16906,116
2022-03-09,Alameda,001,1643700,253797,252893,13546,266439,1781
2022-03-09,Alpine,003,1148,122,125,1,126,0
2022-03-09,Amador,005,37829,8477,8409,644,9053,84
2022-03-09,Butte,007,227075,32856,32767,6703,39470,380
2022-03-09,Calaveras,009,45235,7225,7249,343,7592,117
2022-03-09,Colusa,011,21464,3431,3439,1061,4500,21
2022-03-09,Contra Costa,013,1133247,187222,186483,12989,199472,1256
2022-03-09,Del Norte,015,27424,5751,5765,180,5945,48
2022-03-09,El Dorado,017,186661,26582,26515,3214,29729,198
2022-03-09,Fresno,019,978130,230262,227885,23583,251468,2653
2022-03-09,Glenn,021,27897,4956,4953,1586,6539,44
2022-03-09,Humboldt,023,135768,16780,16854,2924,19778,137
2022-03-09,Imperial,025,180216,55191,54764,10619,65383,894
2022-03-09,Inyo,027,18085,4060,4056,474,4530,56
2022-03-09,Kern,029,883053,191183,190254,45803,236057,2159
2022-03-09,Kings,031,150075,51229,51122,3537,54659,435
2022-03-09,Lake,033,64148,10632,10586,883,11469,130
2022-03-09,Lassen,035,31185,8941,8901,877,9778,62
2022-03-09,Los Angeles,037,10098052,2697434,2677901,122821,2800722,30842
2022-03-09,Madera,039,155013,37162,37207,6010,43217,354
2022-03-09,Marin,041,260295,33093,32967,2174,35141,272
2022-03-09,Mariposa,043,17540,2377,2372,197,2569,6
2022-03-09,Mendocino,045,87422,12971,12957,2983,15940,117
2022-03-09,Merced,047,269075,61887,61792,8533,70325,792
2022-03-09,Modoc,049,8938,728,730,249,979,7
2022-03-09,Mono,051,14174,2961,2962,120,3082,5
2022-03-09,Monterey,053,433212,78918,78258,13457,91715,716
2022-03-09,Napa,055,140530,25597,25561,942,26503,138
2022-03-09,Nevada,057,99092,15866,15938,1192,17130,123
2022-03-09,Orange,059,3164182,544110,542278,40964,583242,6700
2022-03-09,Placer,061,380077,62381,62242,7312,69554,598
2022-03-09,Plumas,063,18699,2958,2708,361,3069,13
2022-03-09,Riverside,065,2383286,589283,587833,27733,615566,6305
2022-03-09,Sacramento,067,1510023,279292,274373,26590,300963,2877
2022-03-09,San Benito,069,59416,12829,12864,507,13371,95
2022-03-09,San Bernardino,071,2135413,566768,558795,24668,583463,6723
2022-03-09,San Diego,073,3302833,746713,743956,52088,796044,5083
2022-03-09,San Francisco,075,870044,122620,123676,8147,131823,812
2022-03-09,San Joaquin,077,732212,165661,165444,9848,175292,2113
2022-03-09,San Luis Obispo,079,281455,52092,51923,3726,55649,457
2022-03-09,San Mateo,081,765935,120390,119194,6871,126065,639
2022-03-09,Santa Barbara,083,443738,85270,85382,4694,90076,661
2022-03-09,Santa Clara,085,1922200,307873,308765,12236,321001,2206
2022-03-09,Santa Cruz,087,273765,47249,46917,2077,48994,254
2022-03-09,Shasta,089,179085,30401,30407,6076,36483,493
2022-03-09,Sierra,091,2930,271,273,48,321,4
2022-03-09,Siskiyou,093,43540,4424,4403,2721,7124,75
2022-03-09,Solano,095,438530,80854,80984,5525,86509,436
2022-03-09,Sonoma,097,501317,82826,82574,2548,85122,473
2022-03-09,Stanislaus,099,539301,116955,117827,17499,135326,1541
2022-03-09,Sutter,101,95872,20383,20409,2043,22452,217
2022-03-09,Tehama,103,63373,11999,11980,2582,14562,159
2022-03-09,Trinity,105,12862,1181,1174,290,1464,20
2022-03-09,Tulare,107,460477,106068,103932,27788,131720,1350
2022-03-09,Tuolumne,109,53932,12580,12444,558,13002,180
2022-03-09,Ventura,111,848112,172318,171852,9364,181216,1448
2022-03-09,Yolo,113,214977,36708,35973,3107,39080,308
2022-03-09,Yuba,115,75493,15742,15714,1183,16897,115
2022-03-08,Alameda,001,1643700,253644,252744,13534,266278,1769
2022-03-08,Alpine,003,1148,122,125,1,126,0
2022-03-08,Amador,005,37829,8463,8407,644,9051,84
2022-03-08,Butte,007,227075,32843,32759,6699,39458,380
2022-03-08,Calaveras,009,45235,7221,7245,343,7588,117
2022-03-08,Colusa,011,21464,3428,3439,1060,4499,21
2022-03-08,Contra Costa,013,1133247,187135,186396,12976,199372,1256
2022-03-08,Del Norte,015,27424,5746,5763,180,5943,48
2022-03-08,El Dorado,017,186661,26572,26503,3208,29711,197
2022-03-08,Fresno,019,978130,230163,227808,23574,251382,2653
2022-03-08,Glenn,021,27897,4955,4944,1585,6529,43
2022-03-08,Humboldt,023,135768,16768,16837,2911,19748,137
2022-03-08,Imperial,025,180216,55176,54721,10617,65338,890
2022-03-08,Inyo,027,18085,4057,4056,474,4530,56
2022-03-08,Kern,029,883053,191119,190208,45788,235996,2154
2022-03-08,Kings,031,150075,51187,51089,3535,54624,434
2022-03-08,Lake,033,64148,10622,10571,883,11454,130
2022-03-08,Lassen,035,31185,8940,8897,877,9774,62
2022-03-08,Los Angeles,037,10098052,2696740,2677166,122783,2799949,30803
2022-03-08,Madera,039,155013,37152,37185,6009,43194,354
2022-03-08,Marin,041,260295,33056,32943,2173,35116,272
2022-03-08,Mariposa,043,17540,2375,2371,197,2568,6
2022-03-08,Mendocino,045,87422,12967,12950,2982,15932,117
2022-03-08,Merced,047,269075,61867,61767,8523,70290,791
2022-03-08,Modoc,049,8938,727,729,249,978,7
2022-03-08,Mono,051,14174,2960,2961,120,3081,5
2022-03-08,Monterey,053,433212,78898,78247,13418,91665,711
2022-03-08,Napa,055,140530,25571,25528,941,26469,137
2022-03-08,Nevada,057,99092,15855,15939,1191,17130,122
2022-03-08,Orange,059,3164182,543960,542164,40944,583108,6692
2022-03-08,Placer,061,380077,62354,62221,7311,69532,594
2022-03-08,Plumas,063,18699,2958,2703,361,3064,13
2022-03-08,Riverside,065,2383286,589173,587686,27726,615412,6294
2022-03-08,Sacramento,067,1510023,279198,274276,26571,300847,2872
2022-03-08,San Benito,069,59416,12827,12855,507,13362,94
2022-03-08,San Bernardino,071,2135413,566674,558512,24659,583171,6715
2022-03-08,San Diego,073,3302833,746369,743604,52071,795675,5077
2022-03-08,San Francisco,075,870044,122531,123675,8142,131817,807
2022-03-08,San Joaquin,077,732212,165626,165381,9844,175225,2104
2022-03-08,San Luis Obispo,079,281455,52065,51900,3723,55623,451
2022-03-08,San Mateo,081,765935,120309,119103,6861,125964,638
2022-03-08,Santa Barbara,083,443738,85238,85363,4694,90057,659
2022-03-08,Santa Clara,085,1922200,307664,308528,12227,320755,2206
2022-03-08,Santa Cruz,087,273765,47213,46875,2076,48951,254
2022-03-08,Shasta,089,179085,30382,30372,6073,36445,493
2022-03-08,Sierra,091,2930,271,273,48,321,4
2022-03-08,Siskiyou,093,43540,4420,4404,2721,7125,74
2022-03-08,Solano,095,438530,80826,80924,5522,86446,434
2022-03-08,Sonoma,097,501317,82778,82571,2547,85118,473
2022-03-08,Stanislaus,099,539301,116911,117782,17490,135272,1541
2022-03-08,Sutter,101,95872,20375,20403,2043,22446,217
2022-03-08,Tehama,103,63373,11995,11972,2581,14553,158
2022-03-08,Trinity,105,12862,1181,1174,290,1464,20
2022-03-08,Tulare,107,460477,106029,103893,27776,131669,1334
2022-03-08,Tuolumne,109,53932,12575,12427,556,12983,180
2022-03-08,Ventura,111,848112,172254,171806,9357,181163,1447
2022-03-08,Yolo,113,214977,36682,35946,3106,39052,306
2022-03-08,Yuba,115,75493,15736,15705,1182,16887,115
2022-03-07,Alameda,001,1643700,253442,252578,13519,266097,1766
2022-03-07,Alpine,003,1148,122,125,1,126,0
2022-03-07,Amador,005,37829,8460,8368,644,9012,84
2022-03-07,Butte,007,227075,32828,32734,6696,39430,378
2022-03-07,Calaveras,009,45235,7217,7242,343,7585,116
2022-03-07,Colusa,011,21464,3426,3437,1060,4497,21
2022-03-07,Contra Costa,013,1133247,187036,186087,12953,199040,1256
2022-03-07,Del Norte,015,27424,5742,5758,180,5938,48
2022-03-07,El Dorado,017,186661,26566,26487,3207,29694,196
2022-03-07,Fresno,019,978130,230073,227670,23550,251220,2653
2022-03-07,Glenn,021,27897,4949,4939,1585,6524,43
2022-03-07,Humboldt,023,135768,16755,16829,2906,19735,137
2022-03-07,Imperial,025,180216,55154,54712,10612,65324,890
2022-03-07,Inyo,027,18085,4055,4054,474,4528,56
2022-03-07,Kern,029,883053,191061,190163,45765,235928,2152
2022-03-07,Kings,031,150075,51157,51065,3530,54595,433
2022-03-07,Lake,033,64148,10610,10562,882,11444,130
2022-03-07,Lassen,035,31185,8939,8896,877,9773,62
2022-03-07,Los Angeles,037,10098052,2695927,2675497,122744,2798241,30759
2022-03-07,Madera,039,155013,37142,37164,6007,43171,354
2022-03-07,Marin,041,260295,33018,32919,2170,35089,272
2022-03-07,Mariposa,043,17540,2374,2369,197,2566,6
2022-03-07,Mendocino,045,87422,12960,12940,2981,15921,117
2022-03-07,Merced,047,269075,61827,61751,8516,70267,791
2022-03-07,Modoc,049,8938,727,729,249,978,7
2022-03-07,Mono,051,14174,2960,2960,120,3080,5
2022-03-07,Monterey,053,433212,78864,78161,13370,91531,706
2022-03-07,Napa,055,140530,25541,25500,941,26441,136
2022-03-07,Nevada,057,99092,15848,15935,1185,17120,122
2022-03-07,Orange,059,3164182,543785,542028,40918,582946,6687
2022-03-07,Placer,061,380077,62325,62215,7309,69524,591
2022-03-07,Plumas,063,18699,2958,2702,361,3063,13
2022-03-07,Riverside,065,2383286,589042,587537,27718,615255,6279
2022-03-07,Sacramento,067,1510023,279097,274079,26558,300637,2866
2022-03-07,San Benito,069,59416,12821,12843,507,13350,94
2022-03-07,San Bernardino,071,2135413,566570,558265,24648,582913,6703
2022-03-07,San Diego,073,3302833,746027,742287,52028,794315,5068
2022-03-07,San Francisco,075,870044,122428,123655,8136,131791,807
2022-03-07,San Joaquin,077,732212,165575,165343,9836,175179,2091
2022-03-07,San Luis Obispo,079,281455,52023,51874,3720,55594,448
2022-03-07,San Mateo,081,765935,120233,119035,6854,125889,630
2022-03-07,Santa Barbara,083,443738,85200,85345,4693,90038,659
2022-03-07,Santa Clara,085,1922200,307477,308517,12221,320738,2202
2022-03-07,Santa Cruz,087,273765,47163,46823,2075,48898,254
2022-03-07,Shasta,089,179085,30369,30352,6070,36422,493
2022-03-07,Sierra,091,2930,271,273,48,321,4
2022-03-07,Siskiyou,093,43540,4416,4398,2720,7118,74
2022-03-07,Solano,095,438530,80769,80886,5520,86406,435
2022-03-07,Sonoma,097,501317,82735,82530,2546,85076,473
2022-03-07,Stanislaus,099,539301,116872,117713,17483,135196,1537
2022-03-07,Sutter,101,95872,20364,20400,2042,22442,217
2022-03-07,Tehama,103,63373,11989,11966,2580,14546,158
2022-03-07,Trinity,105,12862,1179,1173,290,1463,20
2022-03-07,Tulare,107,460477,105993,103834,27766,131600,1316
2022-03-07,Tuolumne,109,53932,12569,12408,555,12963,179
2022-03-07,Ventura,111,848112,172203,171886,9355,181241,1436
2022-03-07,Yolo,113,214977,36659,35934,3100,39034,306
2022-03-07,Yuba,115,75493,15729,15701,1181,16882,115
2022-03-06,Alameda,001,1643700,253255,252460,13510,265970,1766
2022-03-06,Alpine,003,1148,122,125,1,126,0
2022-03-06,Amador,005,37829,8457,8367,642,9009,84
2022-03-06,Butte,007,227075,32818,32714,6692,39406,376
2022-03-06,Calaveras,009,45235,7215,7236,342,7578,116
2022-03-06,Colusa,011,21464,3426,3435,1059,4494,21
2022-03-06,Contra Costa,013,1133247,186922,185974,12928,198902,1256
2022-03-06,Del Norte,015,27424,5726,5744,179,5923,48
2022-03-06,El Dorado,017,186661,26557,26478,3205,29683,196
2022-03-06,Fresno,019,978130,229930,227514,23539,251053,2653
2022-03-06,Glenn,021,27897,4945,4939,1585,6524,43
2022-03-06,Humboldt,023,135768,16745,16813,2903,19716,137
2022-03-06,Imperial,025,180216,55136,54719,10601,65320,890
2022-03-06,Inyo,027,18085,4053,4053,474,4527,56
2022-03-06,Kern,029,883053,191006,190088,45744,235832,2152
2022-03-06,Kings,031,150075,51088,51050,3528,54578,432
2022-03-06,Lake,033,64148,10596,10539,881,11420,130
2022-03-06,Lassen,035,31185,8926,8887,876,9763,62
2022-03-06,Los Angeles,037,10098052,2694994,2675456,122686,2798142,30759
2022-03-06,Madera,039,155013,37112,37135,6000,43135,354
2022-03-06,Marin,041,260295,32992,32879,2169,35048,272
2022-03-06,Mariposa,043,17540,2373,2365,196,2561,6
2022-03-06,Mendocino,045,87422,12948,12923,2977,15900,116
2022-03-06,Merced,047,269075,61795,61722,8499,70221,791
2022-03-06,Modoc,049,8938,727,729,249,978,7
2022-03-06,Mono,051,14174,2960,2959,120,3079,5
2022-03-06,Monterey,053,433212,78818,78154,13339,91493,706
2022-03-06,Napa,055,140530,25506,25457,939,26396,136
2022-03-06,Nevada,057,99092,15837,15924,1184,17108,122
2022-03-06,Orange,059,3164182,543626,541903,40872,582775,6688
2022-03-06,Placer,061,380077,62292,62185,7305,69490,591
2022-03-06,Plumas,063,18699,2953,2704,361,3065,13
2022-03-06,Riverside,065,2383286,588880,587388,27698,615086,6279
2022-03-06,Sacramento,067,1510023,278962,273935,26534,300469,2869
2022-03-06,San Benito,069,59416,12810,12835,506,13341,94
2022-03-06,San Bernardino,071,2135413,566447,558139,24635,582774,6701
2022-03-06,San Diego,073,3302833,745632,742287,51979,794266,5068
2022-03-06,San Francisco,075,870044,122307,123742,8133,131875,806
2022-03-06,San Joaquin,077,732212,165493,165252,9830,175082,2091
2022-03-06,San Luis Obispo,079,281455,51985,51828,3718,55546,448
2022-03-06,San Mateo,081,765935,120150,118916,6845,125761,630
2022-03-06,Santa Barbara,083,443738,85160,85317,4688,90005,659
2022-03-06,Santa Clara,085,1922200,307218,308250,12219,320469,2201
2022-03-06,Santa Cruz,087,273765,47112,46755,2074,48829,254
2022-03-06,Shasta,089,179085,30346,30332,6053,36385,493
2022-03-06,Sierra,091,2930,271,273,48,321,4
2022-03-06,Siskiyou,093,43540,4412,4398,2718,7116,74
2022-03-06,Solano,095,438530,80713,80833,5514,86347,435
2022-03-06,Sonoma,097,501317,82700,82458,2541,84999,473
2022-03-06,Stanislaus,099,539301,116826,117680,17473,135153,1536
2022-03-06,Sutter,101,95872,20353,20390,2038,22428,217
2022-03-06,Tehama,103,63373,11981,11963,2580,14543,158
2022-03-06,Trinity,105,12862,1179,1172,289,1461,20
2022-03-06,Tulare,107,460477,105935,103794,27753,131547,1316
2022-03-06,Tuolumne,109,53932,12563,12379,553,12932,179
2022-03-06,Ventura,111,848112,172134,171819,9353,181172,1436
2022-03-06,Yolo,113,214977,36633,35882,3097,38979,306
2022-03-06,Yuba,115,75493,15725,15694,1180,16874,115
2022-03-05,Alameda,001,1643700,253140,251988,13505,265493,1760
2022-03-05,Alpine,003,1148,122,125,1,126,0
2022-03-05,Amador,005,37829,8454,8344,642,8986,83
2022-03-05,Butte,007,227075,32811,32663,6687,39350,372
2022-03-05,Calaveras,009,45235,7212,7236,342,7578,116
2022-03-05,Colusa,011,21464,3426,3433,1059,4492,21
2022-03-05,Contra Costa,013,1133247,186859,185734,12922,198656,1235
2022-03-05,Del Norte,015,27424,5723,5725,179,5904,48
2022-03-05,El Dorado,017,186661,26551,26446,3202,29648,193
2022-03-05,Fresno,019,978130,229878,227154,23537,250691,2640
2022-03-05,Glenn,021,27897,4943,4927,1585,6512,43
2022-03-05,Humboldt,023,135768,16739,16781,2901,19682,136
2022-03-05,Imperial,025,180216,55126,54650,10599,65249,880
2022-03-05,Inyo,027,18085,4052,4043,473,4516,56
2022-03-05,Kern,029,883053,190974,189817,45726,235543,2141
2022-03-05,Kings,031,150075,51081,50926,3526,54452,431
2022-03-05,Lake,033,64148,10588,10512,880,11392,130
2022-03-05,Lassen,035,31185,8917,8818,876,9694,62
2022-03-05,Los Angeles,037,10098052,2694637,2671564,122649,2794213,30608
2022-03-05,Madera,039,155013,37097,37100,6000,43100,354
2022-03-05,Marin,041,260295,32980,32829,2169,34998,272
2022-03-05,Mariposa,043,17540,2373,2363,196,2559,6
2022-03-05,Mendocino,045,87422,12945,12845,2977,15822,113
2022-03-05,Merced,047,269075,61785,61653,8499,70152,789
2022-03-05,Modoc,049,8938,727,729,249,978,7
2022-03-05,Mono,051,14174,2960,2961,120,3081,5
2022-03-05,Monterey,053,433212,78799,78028,13332,91360,704
2022-03-05,Napa,055,140530,25488,25405,939,26344,134
2022-03-05,Nevada,057,99092,15833,15907,1184,17091,122
2022-03-05,Orange,059,3164182,543501,541463,40861,582324,6638
2022-03-05,Placer,061,380077,62278,62117,7298,69415,591
2022-03-05,Plumas,063,18699,2952,2701,361,3062,13
2022-03-05,Riverside,065,2383286,588789,586785,27694,614479,6239
2022-03-05,Sacramento,067,1510023,278898,273487,26529,300016,2847
2022-03-05,San Benito,069,59416,12808,12820,506,13326,94
2022-03-05,San Bernardino,071,2135413,566389,557421,24629,582050,6641
2022-03-05,San Diego,073,3302833,745442,740747,51968,792715,5045
2022-03-05,San Francisco,075,870044,122243,123537,8129,131666,798
2022-03-05,San Joaquin,077,732212,165452,165085,9822,174907,2069
2022-03-05,San Luis Obispo,079,281455,51977,51739,3716,55455,446
2022-03-05,San Mateo,081,765935,120095,118646,6841,125487,621
2022-03-05,Santa Barbara,083,443738,85145,85249,4688,89937,655
2022-03-05,Santa Clara,085,1922200,307101,307689,12216,319905,2195
2022-03-05,Santa Cruz,087,273765,47092,46622,2074,48696,253
2022-03-05,Shasta,089,179085,30334,30282,6053,36335,492
2022-03-05,Sierra,091,2930,271,273,47,320,4
2022-03-05,Siskiyou,093,43540,4411,4389,2717,7106,74
2022-03-05,Solano,095,438530,80696,80690,5514,86204,435
2022-03-05,Sonoma,097,501317,82678,82313,2541,84854,473
2022-03-05,Stanislaus,099,539301,116800,117501,17471,134972,1531
2022-03-05,Sutter,101,95872,20345,20346,2038,22384,217
2022-03-05,Tehama,103,63373,11979,11939,2580,14519,158
2022-03-05,Trinity,105,12862,1179,1170,287,1457,20
2022-03-05,Tulare,107,460477,105922,103534,27744,131278,1305
2022-03-05,Tuolumne,109,53932,12559,12325,552,12877,178
2022-03-05,Ventura,111,848112,172093,171666,9351,181017,1436
2022-03-05,Yolo,113,214977,36619,35856,3097,38953,306
2022-03-05,Yuba,115,75493,15717,15666,1180,16846,115
2022-03-04,Alameda,001,1643700,253045,251988,13497,265485,1760
2022-03-04,Alpine,003,1148,122,125,1,126,0
2022-03-04,Amador,005,37829,8453,8344,642,8986,83
2022-03-04,Butte,007,227075,32805,32663,6683,39346,372
2022-03-04,Calaveras,009,45235,7211,7236,342,7578,116
2022-03-04,Colusa,011,21464,3424,3433,1059,4492,21
2022-03-04,Contra Costa,013,1133247,186791,185734,12919,198653,1235
2022-03-04,Del Norte,015,27424,5713,5725,179,5904,48
2022-03-04,El Dorado,017,186661,26547,26446,3202,29648,193
2022-03-04,Fresno,019,978130,229815,227154,23530,250684,2640
2022-03-04,Glenn,021,27897,4942,4927,1585,6512,43
2022-03-04,Humboldt,023,135768,16735,16781,2901,19682,136
2022-03-04,Imperial,025,180216,55119,54650,10595,65245,880
2022-03-04,Inyo,027,18085,4052,4043,473,4516,56
2022-03-04,Kern,029,883053,190933,189817,45716,235533,2141
2022-03-04,Kings,031,150075,51068,50926,3526,54452,431
2022-03-04,Lake,033,64148,10587,10512,880,11392,130
2022-03-04,Lassen,035,31185,8915,8818,876,9694,62
2022-03-04,Los Angeles,037,10098052,2694112,2671564,122619,2794183,30608
2022-03-04,Madera,039,155013,37088,37100,6000,43100,354
2022-03-04,Marin,041,260295,32958,32829,2167,34996,272
2022-03-04,Mariposa,043,17540,2368,2363,196,2559,6
2022-03-04,Mendocino,045,87422,12939,12845,2977,15822,113
2022-03-04,Merced,047,269075,61773,61653,8497,70150,789
2022-03-04,Modoc,049,8938,727,729,249,978,7
2022-03-04,Mono,051,14174,2960,2961,120,3081,5
2022-03-04,Monterey,053,433212,78779,78028,13326,91354,704
2022-03-04,Napa,055,140530,25473,25405,938,26343,134
2022-03-04,Nevada,057,99092,15828,15907,1184,17091,122
2022-03-04,Orange,059,3164182,543382,541463,40843,582306,6638
2022-03-04,Placer,061,380077,62266,62117,7295,69412,591
2022-03-04,Plumas,063,18699,2952,2701,360,3061,13
2022-03-04,Riverside,065,2383286,588702,586785,27693,614478,6239
2022-03-04,Sacramento,067,1510023,278825,273487,26526,300013,2847
2022-03-04,San Benito,069,59416,12804,12820,506,13326,94
2022-03-04,San Bernardino,071,2135413,566306,557421,24628,582049,6641
2022-03-04,San Diego,073,3302833,745203,740747,51951,792698,5045
2022-03-04,San Francisco,075,870044,122183,123537,8122,131659,798
2022-03-04,San Joaquin,077,732212,165420,165085,9821,174906,2069
2022-03-04,San Luis Obispo,079,281455,51969,51739,3715,55454,446
2022-03-04,San Mateo,081,765935,120037,118646,6839,125485,621
2022-03-04,Santa Barbara,083,443738,85122,85249,4688,89937,655
2022-03-04,Santa Clara,085,1922200,306951,307689,12213,319902,2195
2022-03-04,Santa Cruz,087,273765,47069,46622,2074,48696,253
2022-03-04,Shasta,089,179085,30326,30282,6050,36332,492
2022-03-04,Sierra,091,2930,271,273,47,320,4
2022-03-04,Siskiyou,093,43540,4409,4389,2713,7102,74
2022-03-04,Solano,095,438530,80663,80690,5511,86201,435
2022-03-04,Sonoma,097,501317,82647,82313,2540,84853,473
2022-03-04,Stanislaus,099,539301,116781,117501,17469,134970,1531
2022-03-04,Sutter,101,95872,20341,20346,2038,22384,217
2022-03-04,Tehama,103,63373,11976,11939,2580,14519,158
2022-03-04,Trinity,105,12862,1179,1170,287,1457,20
2022-03-04,Tulare,107,460477,105903,103534,27739,131273,1305
2022-03-04,Tuolumne,109,53932,12554,12325,552,12877,178
2022-03-04,Ventura,111,848112,172046,171666,9348,181014,1436
2022-03-04,Yolo,113,214977,36602,35856,3097,38953,306
2022-03-04,Yuba,115,75493,15712,15666,1179,16845,115
2022-03-03,Alameda,001,1643700,252926,251988,13485,265473,1760
2022-03-03,Alpine,003,1148,122,125,1,126,0
2022-03-03,Amador,005,37829,8452,8344,642,8986,83
2022-03-03,Butte,007,227075,32788,32663,6677,39340,372
2022-03-03,Calaveras,009,45235,7198,7236,342,7578,116
2022-03-03,Colusa,011,21464,3424,3433,1059,4492,21
2022-03-03,Contra Costa,013,1133247,186716,185734,12904,198638,1235
2022-03-03,Del Norte,015,27424,5706,5725,179,5904,48
2022-03-03,El Dorado,017,186661,26529,26446,3201,29647,193
2022-03-03,Fresno,019,978130,229688,227154,23522,250676,2640
2022-03-03,Glenn,021,27897,4940,4927,1584,6511,43
2022-03-03,Humboldt,023,135768,16720,16781,2900,19681,136
2022-03-03,Imperial,025,180216,55101,54650,10593,65243,880
2022-03-03,Inyo,027,18085,4051,4043,473,4516,56
2022-03-03,Kern,029,883053,190865,189817,45698,235515,2141
2022-03-03,Kings,031,150075,51045,50926,3524,54450,431
2022-03-03,Lake,033,64148,10582,10512,878,11390,130
2022-03-03,Lassen,035,31185,8907,8818,876,9694,62
2022-03-03,Los Angeles,037,10098052,2693387,2671564,122578,2794142,30608
2022-03-03,Madera,039,155013,37072,37100,5995,43095,354
2022-03-03,Marin,041,260295,32932,32829,2166,34995,272
2022-03-03,Mariposa,043,17540,2367,2363,196,2559,6
2022-03-03,Mendocino,045,87422,12928,12845,2974,15819,113
2022-03-03,Merced,047,269075,61754,61653,8491,70144,789
2022-03-03,Modoc,049,8938,727,729,249,978,7
2022-03-03,Mono,051,14174,2959,2961,120,3081,5
2022-03-03,Monterey,053,433212,78749,78028,13308,91336,704
2022-03-03,Napa,055,140530,25449,25405,937,26342,134
2022-03-03,Nevada,057,99092,15823,15907,1179,17086,122
2022-03-03,Orange,059,3164182,543205,541463,40817,582280,6638
2022-03-03,Placer,061,380077,62244,62117,7291,69408,591
2022-03-03,Plumas,063,18699,2951,2701,360,3061,13
2022-03-03,Riverside,065,2383286,588569,586785,27688,614473,6239
2022-03-03,Sacramento,067,1510023,278718,273487,26508,299995,2847
2022-03-03,San Benito,069,59416,12801,12820,506,13326,94
2022-03-03,San Bernardino,071,2135413,566200,557421,24622,582043,6641
2022-03-03,San Diego,073,3302833,744859,740747,51933,792680,5045
2022-03-03,San Francisco,075,870044,122110,123537,8111,131648,798
2022-03-03,San Joaquin,077,732212,165346,165085,9818,174903,2069
2022-03-03,San Luis Obispo,079,281455,51914,51739,3707,55446,446
2022-03-03,San Mateo,081,765935,119962,118646,6829,125475,621
2022-03-03,Santa Barbara,083,443738,85103,85249,4679,89928,655
2022-03-03,Santa Clara,085,1922200,306769,307689,12198,319887,2195
2022-03-03,Santa Cruz,087,273765,47021,46622,2072,48694,253
2022-03-03,Shasta,089,179085,30308,30282,6047,36329,492
2022-03-03,Sierra,091,2930,271,273,47,320,4
2022-03-03,Siskiyou,093,43540,4406,4389,2713,7102,74
2022-03-03,Solano,095,438530,80614,80690,5509,86199,435
2022-03-03,Sonoma,097,501317,82600,82313,2535,84848,473
2022-03-03,Stanislaus,099,539301,116748,117501,17461,134962,1531
2022-03-03,Sutter,101,95872,20333,20346,2038,22384,217
2022-03-03,Tehama,103,63373,11973,11939,2580,14519,158
2022-03-03,Trinity,105,12862,1178,1170,287,1457,20
2022-03-03,Tulare,107,460477,105860,103534,27730,131264,1305
2022-03-03,Tuolumne,109,53932,12543,12325,552,12877,178
2022-03-03,Ventura,111,848112,171993,171666,9346,181012,1436
2022-03-03,Yolo,113,214977,36578,35856,3092,38948,306
2022-03-03,Yuba,115,75493,15706,15666,1174,16840,115
2022-03-02,Alameda,001,1643700,252748,251886,13468,265354,1759
2022-03-02,Alpine,003,1148,122,125,1,126,0
2022-03-02,Amador,005,37829,8440,8341,642,8983,83
2022-03-02,Butte,007,227075,32776,32636,6673,39309,372
2022-03-02,Calaveras,009,45235,7197,7225,342,7567,116
2022-03-02,Colusa,011,21464,3421,3428,1059,4487,21
2022-03-02,Contra Costa,013,1133247,186623,185589,12886,198475,1236
2022-03-02,Del Norte,015,27424,5699,5708,177,5885,47
2022-03-02,El Dorado,017,186661,26518,26433,3198,29631,192
2022-03-02,Fresno,019,978130,229556,226932,23512,250444,2629
2022-03-02,Glenn,021,27897,4940,4922,1583,6505,43
2022-03-02,Humboldt,023,135768,16710,16747,2893,19640,135
2022-03-02,Imperial,025,180216,55075,54629,10588,65217,878
2022-03-02,Inyo,027,18085,4049,4041,472,4513,56
2022-03-02,Kern,029,883053,190799,189656,45679,235335,2136
2022-03-02,Kings,031,150075,51019,50819,3521,54340,431
2022-03-02,Lake,033,64148,10569,10495,876,11371,130
2022-03-02,Lassen,035,31185,8904,8811,875,9686,62
2022-03-02,Los Angeles,037,10098052,2692505,2670287,122532,2792819,30535
2022-03-02,Madera,039,155013,37055,37077,5993,43070,354
2022-03-02,Marin,041,260295,32914,32794,2165,34959,272
2022-03-02,Mariposa,043,17540,2367,2359,196,2555,6
2022-03-02,Mendocino,045,87422,12915,12832,2969,15801,112
2022-03-02,Merced,047,269075,61728,61606,8481,70087,785
2022-03-02,Modoc,049,8938,727,729,249,978,7
2022-03-02,Mono,051,14174,2959,2961,120,3081,5
2022-03-02,Monterey,053,433212,78713,77963,13285,91248,703
2022-03-02,Napa,055,140530,25400,25382,936,26318,134
2022-03-02,Nevada,057,99092,15812,15920,1178,17098,122
2022-03-02,Orange,059,3164182,543000,541230,40791,582021,6623
2022-03-02,Placer,061,380077,62222,62066,7288,69354,589
2022-03-02,Plumas,063,18699,2951,2700,359,3059,13
2022-03-02,Riverside,065,2383286,588419,586513,27678,614191,6229
2022-03-02,Sacramento,067,1510023,278600,273291,26497,299788,2837
2022-03-02,San Benito,069,59416,12790,12814,506,13320,94
2022-03-02,San Bernardino,071,2135413,566091,557082,24616,581698,6619
2022-03-02,San Diego,073,3302833,744499,739803,51885,791688,5034
2022-03-02,San Francisco,075,870044,122015,123442,8109,131551,792
2022-03-02,San Joaquin,077,732212,165287,164968,9813,174781,2063
2022-03-02,San Luis Obispo,079,281455,51876,51686,3702,55388,446
2022-03-02,San Mateo,081,765935,119875,118518,6813,125331,617
2022-03-02,Santa Barbara,083,443738,85078,85183,4678,89861,655
2022-03-02,Santa Clara,085,1922200,306555,307354,12184,319538,2184
2022-03-02,Santa Cruz,087,273765,46951,46534,2071,48605,253
2022-03-02,Shasta,089,179085,30283,30253,6037,36290,490
2022-03-02,Sierra,091,2930,271,273,47,320,4
2022-03-02,Siskiyou,093,43540,4404,4384,2710,7094,74
2022-03-02,Solano,095,438530,80548,80626,5506,86132,433
2022-03-02,Sonoma,097,501317,82554,82208,2531,84739,473
2022-03-02,Stanislaus,099,539301,116712,117411,17435,134846,1519
2022-03-02,Sutter,101,95872,20311,20317,2020,22337,216
2022-03-02,Tehama,103,63373,11968,11930,2579,14509,158
2022-03-02,Trinity,105,12862,1176,1160,287,1447,20
2022-03-02,Tulare,107,460477,105819,103451,27713,131164,1302
2022-03-02,Tuolumne,109,53932,12538,12297,552,12849,179
2022-03-02,Ventura,111,848112,171940,171770,9342,181112,1427
2022-03-02,Yolo,113,214977,36560,35799,3086,38885,305
2022-03-02,Yuba,115,75493,15693,15653,1169,16822,115
2022-03-01,Alameda,001,1643700,252583,251830,13457,265287,1749
2022-03-01,Alpine,003,1148,122,125,1,126,0
2022-03-01,Amador,005,37829,8392,8334,640,8974,83
2022-03-01,Butte,007,227075,32752,32575,6669,39244,372
2022-03-01,Calaveras,009,45235,7194,7223,341,7564,116
2022-03-01,Colusa,011,21464,3420,3423,1059,4482,21
2022-03-01,Contra Costa,013,1133247,186513,185378,12871,198249,1231
2022-03-01,Del Norte,015,27424,5696,5701,176,5877,45
2022-03-01,El Dorado,017,186661,26499,26413,3196,29609,192
2022-03-01,Fresno,019,978130,229416,226594,23499,250093,2628
2022-03-01,Glenn,021,27897,4939,4919,1581,6500,40
2022-03-01,Humboldt,023,135768,16689,16727,2886,19613,135
2022-03-01,Imperial,025,180216,55058,54570,10582,65152,875
2022-03-01,Inyo,027,18085,4045,4041,471,4512,56
2022-03-01,Kern,029,883053,190725,189365,45655,235020,2120
2022-03-01,Kings,031,150075,50997,50763,3517,54280,427
2022-03-01,Lake,033,64148,10558,10471,874,11345,128
2022-03-01,Lassen,035,31185,8900,8801,875,9676,61
2022-03-01,Los Angeles,037,10098052,2691555,2669489,122474,2791963,30486
2022-03-01,Madera,039,155013,37035,37046,5987,43033,354
2022-03-01,Marin,041,260295,32889,32764,2164,34928,272
2022-03-01,Mariposa,043,17540,2366,2357,195,2552,6
2022-03-01,Mendocino,045,87422,12904,12818,2967,15785,112
2022-03-01,Merced,047,269075,61700,61549,8467,70016,781
2022-03-01,Modoc,049,8938,727,729,249,978,7
2022-03-01,Mono,051,14174,2958,2960,120,3080,6
2022-03-01,Monterey,053,433212,78687,77911,13275,91186,696
2022-03-01,Napa,055,140530,25368,25344,936,26280,134
2022-03-01,Nevada,057,99092,15804,15916,1175,17091,121
2022-03-01,Orange,059,3164182,542780,541054,40755,581809,6612
2022-03-01,Placer,061,380077,62194,62021,7282,69303,583
2022-03-01,Plumas,063,18699,2951,2694,359,3053,13
2022-03-01,Riverside,065,2383286,588253,586184,27677,613861,6198
2022-03-01,Sacramento,067,1510023,278469,273089,26483,299572,2831
2022-03-01,San Benito,069,59416,12786,12806,506,13312,94
2022-03-01,San Bernardino,071,2135413,565963,556743,24613,581356,6588
2022-03-01,San Diego,073,3302833,744073,739136,51843,790979,5029
2022-03-01,San Francisco,075,870044,121913,123481,8103,131584,792
2022-03-01,San Joaquin,077,732212,165220,164894,9808,174702,2062
2022-03-01,San Luis Obispo,079,281455,51840,51592,3698,55290,445
2022-03-01,San Mateo,081,765935,119798,118358,6806,125164,613
2022-03-01,Santa Barbara,083,443738,85040,85134,4674,89808,654
2022-03-01,Santa Clara,085,1922200,306304,306978,12172,319150,2190
2022-03-01,Santa Cruz,087,273765,46901,46471,2068,48539,253
2022-03-01,Shasta,089,179085,30254,30227,6034,36261,489
2022-03-01,Sierra,091,2930,271,274,47,321,5
2022-03-01,Siskiyou,093,43540,4400,4384,2705,7089,74
2022-03-01,Solano,095,438530,80486,80556,5503,86059,434
2022-03-01,Sonoma,097,501317,82484,82103,2525,84628,477
2022-03-01,Stanislaus,099,539301,116660,117308,17410,134718,1521
2022-03-01,Sutter,101,95872,20297,20288,2016,22304,217
2022-03-01,Tehama,103,63373,11962,11923,2576,14499,158
2022-03-01,Trinity,105,12862,1175,1159,287,1446,20
2022-03-01,Tulare,107,460477,105737,103371,27693,131064,1302
2022-03-01,Tuolumne,109,53932,12531,12276,550,12826,175
2022-03-01,Ventura,111,848112,171870,171672,9335,181007,1427
2022-03-01,Yolo,113,214977,36535,35801,3080,38881,299
2022-03-01,Yuba,115,75493,15685,15637,1169,16806,116
2022-02-28,Alameda,001,1643700,252365,251714,13442,265156,1742
2022-02-28,Alpine,003,1148,122,125,1,126,0
2022-02-28,Amador,005,37829,8386,8308,639,8947,83
2022-02-28,Butte,007,227075,32729,32550,6664,39214,368
2022-02-28,Calaveras,009,45235,7191,7220,340,7560,110
2022-02-28,Colusa,011,21464,3417,3422,1057,4479,21
2022-02-28,Contra Costa,013,1133247,186405,185272,12852,198124,1231
2022-02-28,Del Norte,015,27424,5691,5699,175,5874,45
2022-02-28,El Dorado,017,186661,26489,26409,3191,29600,191
2022-02-28,Fresno,019,978130,229215,226519,23478,249997,2622
2022-02-28,Glenn,021,27897,4935,4918,1581,6499,40
2022-02-28,Humboldt,023,135768,16674,16717,2882,19599,135
2022-02-28,Imperial,025,180216,55032,54517,10577,65094,875
2022-02-28,Inyo,027,18085,4045,4041,470,4511,56
2022-02-28,Kern,029,883053,190635,189245,45625,234870,2115
2022-02-28,Kings,031,150075,50958,50741,3516,54257,427
2022-02-28,Lake,033,64148,10546,10468,870,11338,128
2022-02-28,Lassen,035,31185,8843,8794,875,9669,55
2022-02-28,Los Angeles,037,10098052,2690382,2666804,122378,2789182,30410
2022-02-28,Madera,039,155013,37008,37023,5971,42994,354
2022-02-28,Marin,041,260295,32864,32775,2164,34939,272
2022-02-28,Mariposa,043,17540,2363,2354,193,2547,6
2022-02-28,Mendocino,045,87422,12895,12800,2959,15759,112
2022-02-28,Merced,047,269075,61656,61519,8450,69969,781
2022-02-28,Modoc,049,8938,727,727,249,976,7
2022-02-28,Mono,051,14174,2958,2961,120,3081,5
2022-02-28,Monterey,053,433212,78620,77865,13252,91117,693
2022-02-28,Napa,055,140530,25341,25317,936,26253,129
2022-02-28,Nevada,057,99092,15798,15908,1169,17077,121
2022-02-28,Orange,059,3164182,542527,540839,40741,581580,6605
2022-02-28,Placer,061,380077,62162,61976,7276,69252,577
2022-02-28,Plumas,063,18699,2951,2691,358,3049,13
2022-02-28,Riverside,065,2383286,588057,585891,27645,613536,6179
2022-02-28,Sacramento,067,1510023,278331,273038,26458,299496,2825
2022-02-28,San Benito,069,59416,12782,12798,506,13304,94
2022-02-28,San Bernardino,071,2135413,565775,556540,24599,581139,6576
2022-02-28,San Diego,073,3302833,743684,737760,51813,789573,5018
2022-02-28,San Francisco,075,870044,121753,123402,8095,131497,792
2022-02-28,San Joaquin,077,732212,165134,164833,9798,174631,2060
2022-02-28,San Luis Obispo,079,281455,51781,51565,3690,55255,440
2022-02-28,San Mateo,081,765935,119698,118301,6800,125101,611
2022-02-28,Santa Barbara,083,443738,84997,85076,4669,89745,653
2022-02-28,Santa Clara,085,1922200,306028,306930,12150,319080,2180
2022-02-28,Santa Cruz,087,273765,46831,46447,2067,48514,253
2022-02-28,Shasta,089,179085,30229,30213,6030,36243,488
2022-02-28,Sierra,091,2930,271,273,47,320,4
2022-02-28,Siskiyou,093,43540,4397,4382,2700,7082,74
2022-02-28,Solano,095,438530,80420,80544,5492,86036,430
2022-02-28,Sonoma,097,501317,82416,82058,2522,84580,477
2022-02-28,Stanislaus,099,539301,116596,117231,17394,134625,1521
2022-02-28,Sutter,101,95872,20284,20285,2013,22298,214
2022-02-28,Tehama,103,63373,11949,11917,2576,14493,158
2022-02-28,Trinity,105,12862,1175,1160,287,1447,20
2022-02-28,Tulare,107,460477,105687,103304,27677,130981,1300
2022-02-28,Tuolumne,109,53932,12521,12247,550,12797,175
2022-02-28,Ventura,111,848112,171786,171614,9334,180948,1423
2022-02-28,Yolo,113,214977,36499,35754,3073,38827,299
2022-02-28,Yuba,115,75493,15670,15625,1168,16793,115
2022-02-27,Alameda,001,1643700,252088,251624,13433,265057,1744
2022-02-27,Alpine,003,1148,122,125,1,126,0
2022-02-27,Amador,005,37829,8382,8305,636,8941,83
2022-02-27,Butte,007,227075,32692,32551,6651,39202,368
2022-02-27,Calaveras,009,45235,7184,7214,340,7554,110
2022-02-27,Colusa,011,21464,3416,3422,1057,4479,21
2022-02-27,Contra Costa,013,1133247,186279,185185,12832,198017,1230
2022-02-27,Del Norte,015,27424,5674,5691,173,5864,45
2022-02-27,El Dorado,017,186661,26471,26410,3189,29599,191
2022-02-27,Fresno,019,978130,229017,226397,23451,249848,2621
2022-02-27,Glenn,021,27897,4933,4915,1581,6496,40
2022-02-27,Humboldt,023,135768,16652,16713,2875,19588,135
2022-02-27,Imperial,025,180216,54984,54509,10559,65068,875
2022-02-27,Inyo,027,18085,4044,4041,466,4507,56
2022-02-27,Kern,029,883053,190516,189219,45586,234805,2115
2022-02-27,Kings,031,150075,50930,50733,3515,54248,428
2022-02-27,Lake,033,64148,10527,10463,870,11333,128
2022-02-27,Lassen,035,31185,8835,8786,875,9661,55
2022-02-27,Los Angeles,037,10098052,2689076,2666789,122295,2789084,30410
2022-02-27,Madera,039,155013,36982,37009,5963,42972,354
2022-02-27,Marin,041,260295,32826,32756,2162,34918,272
2022-02-27,Mariposa,043,17540,2360,2352,193,2545,6
2022-02-27,Mendocino,045,87422,12879,12798,2946,15744,112
2022-02-27,Merced,047,269075,61604,61491,8433,69924,779
2022-02-27,Modoc,049,8938,726,727,249,976,7
2022-02-27,Mono,051,14174,2957,2960,120,3080,5
2022-02-27,Monterey,053,433212,78562,77851,13228,91079,693
2022-02-27,Napa,055,140530,25303,25316,936,26252,129
2022-02-27,Nevada,057,99092,15790,15900,1165,17065,121
2022-02-27,Orange,059,3164182,542280,540659,40712,581371,6605
2022-02-27,Placer,061,380077,62120,61965,7272,69237,577
2022-02-27,Plumas,063,18699,2948,2691,358,3049,13
2022-02-27,Riverside,065,2383286,587815,585833,27620,613453,6179
2022-02-27,Sacramento,067,1510023,278145,272927,26428,299355,2822
2022-02-27,San Benito,069,59416,12775,12798,506,13304,94
2022-02-27,San Bernardino,071,2135413,565591,556457,24589,581046,6572
2022-02-27,San Diego,073,3302833,743211,737760,51768,789528,5018
2022-02-27,San Francisco,075,870044,121630,123327,8084,131411,791
2022-02-27,San Joaquin,077,732212,165030,164814,9794,174608,2060
2022-02-27,San Luis Obispo,079,281455,51689,51564,3683,55247,439
2022-02-27,San Mateo,081,765935,119585,118244,6795,125039,611
2022-02-27,Santa Barbara,083,443738,84959,85050,4665,89715,653
2022-02-27,Santa Clara,085,1922200,305740,306756,12121,318877,2180
2022-02-27,Santa Cruz,087,273765,46771,46411,2067,48478,253
2022-02-27,Shasta,089,179085,30197,30206,6025,36231,488
2022-02-27,Sierra,091,2930,271,273,47,320,4
2022-02-27,Siskiyou,093,43540,4392,4378,2687,7065,74
2022-02-27,Solano,095,438530,80344,80515,5479,85994,430
2022-02-27,Sonoma,097,501317,82334,82041,2516,84557,476
2022-02-27,Stanislaus,099,539301,116529,117200,17375,134575,1522
2022-02-27,Sutter,101,95872,20267,20280,2007,22287,214
2022-02-27,Tehama,103,63373,11936,11915,2575,14490,158
2022-02-27,Trinity,105,12862,1174,1158,287,1445,20
2022-02-27,Tulare,107,460477,105618,103270,27626,130896,1300
2022-02-27,Tuolumne,109,53932,12508,12243,549,12792,175
2022-02-27,Ventura,111,848112,171711,171660,9330,180990,1423
2022-02-27,Yolo,113,214977,36471,35744,3068,38812,299
2022-02-27,Yuba,115,75493,15660,15619,1166,16785,113
2022-02-26,Alameda,001,1643700,251980,250867,13428,264295,1716
2022-02-26,Alpine,003,1148,122,125,1,126,0
2022-02-26,Amador,005,37829,8380,8282,635,8917,83
2022-02-26,Butte,007,227075,32678,32466,6649,39115,368
2022-02-26,Calaveras,009,45235,7183,7192,340,7532,110
2022-02-26,Colusa,011,21464,3416,3414,1057,4471,21
2022-02-26,Contra Costa,013,1133247,186210,184686,12814,197500,1209
2022-02-26,Del Norte,015,27424,5669,5639,173,5812,45
2022-02-26,El Dorado,017,186661,26460,26355,3186,29541,191
2022-02-26,Fresno,019,978130,228927,225679,23451,249130,2597
2022-02-26,Glenn,021,27897,4931,4909,1580,6489,40
2022-02-26,Humboldt,023,135768,16627,16619,2874,19493,133
2022-02-26,Imperial,025,180216,54957,54367,10557,64924,871
2022-02-26,Inyo,027,18085,4043,4034,461,4495,56
2022-02-26,Kern,029,883053,190463,188584,45567,234151,2106
2022-02-26,Kings,031,150075,50917,50579,3515,54094,423
2022-02-26,Lake,033,64148,10522,10383,870,11253,128
2022-02-26,Lassen,035,31185,8834,8761,875,9636,55
2022-02-26,Los Angeles,037,10098052,2688502,2660973,122255,2783228,30202
2022-02-26,Madera,039,155013,36967,36933,5961,42894,330
2022-02-26,Marin,041,260295,32810,32651,2160,34811,267
2022-02-26,Mariposa,043,17540,2359,2332,193,2525,6
2022-02-26,Mendocino,045,87422,12872,12762,2946,15708,111
2022-02-26,Merced,047,269075,61583,61348,8432,69780,775
2022-02-26,Modoc,049,8938,726,726,249,975,7
2022-02-26,Mono,051,14174,2957,2959,119,3078,5
2022-02-26,Monterey,053,433212,78531,77610,13222,90832,692
2022-02-26,Napa,055,140530,25288,25221,935,26156,130
2022-02-26,Nevada,057,99092,15786,15850,1163,17013,121
2022-02-26,Orange,059,3164182,542169,539992,40695,580687,6540
2022-02-26,Placer,061,380077,62101,61803,7269,69072,573
2022-02-26,Plumas,063,18699,2948,2673,358,3031,13
2022-02-26,Riverside,065,2383286,587695,584835,27611,612446,6143
2022-02-26,Sacramento,067,1510023,278051,272339,26416,298755,2793
2022-02-26,San Benito,069,59416,12771,12770,506,13276,92
2022-02-26,San Bernardino,071,2135413,565500,555668,24583,580251,6505
2022-02-26,San Diego,073,3302833,742988,736049,51746,787795,5002
2022-02-26,San Francisco,075,870044,121560,123079,8076,131155,769
2022-02-26,San Joaquin,077,732212,164996,164418,9793,174211,2048
2022-02-26,San Luis Obispo,079,281455,51676,51358,3680,55038,438
2022-02-26,San Mateo,081,765935,119531,117860,6794,124654,603
2022-02-26,Santa Barbara,083,443738,84928,84830,4665,89495,652
2022-02-26,Santa Clara,085,1922200,305591,305895,12118,318013,2166
2022-02-26,Santa Cruz,087,273765,46748,46186,2067,48253,251
2022-02-26,Shasta,089,179085,30188,30108,6019,36127,485
2022-02-26,Sierra,091,2930,271,270,47,317,1
2022-02-26,Siskiyou,093,43540,4392,4359,2685,7044,72
2022-02-26,Solano,095,438530,80310,80225,5475,85700,428
2022-02-26,Sonoma,097,501317,82300,81702,2514,84216,432
2022-02-26,Stanislaus,099,539301,116491,116896,17370,134266,1503
2022-02-26,Sutter,101,95872,20258,20230,2007,22237,214
2022-02-26,Tehama,103,63373,11930,11878,2573,14451,158
2022-02-26,Trinity,105,12862,1173,1156,287,1443,20
2022-02-26,Tulare,107,460477,105582,102983,27611,130594,1295
2022-02-26,Tuolumne,109,53932,12505,12169,549,12718,175
2022-02-26,Ventura,111,848112,171679,171292,9327,180619,1411
2022-02-26,Yolo,113,214977,36450,35615,3065,38680,296
2022-02-26,Yuba,115,75493,15648,15587,1166,16753,113
2022-02-25,Alameda,001,1643700,251857,250867,13419,264286,1716
2022-02-25,Alpine,003,1148,122,125,1,126,0
2022-02-25,Amador,005,37829,8369,8282,635,8917,83
2022-02-25,Butte,007,227075,32666,32466,6646,39112,368
2022-02-25,Calaveras,009,45235,7181,7192,340,7532,110
2022-02-25,Colusa,011,21464,3416,3414,1057,4471,21
2022-02-25,Contra Costa,013,1133247,186126,184686,12793,197479,1209
2022-02-25,Del Norte,015,27424,5660,5639,173,5812,45
2022-02-25,El Dorado,017,186661,26451,26355,3186,29541,191
2022-02-25,Fresno,019,978130,228829,225679,23444,249123,2597
2022-02-25,Glenn,021,27897,4929,4909,1580,6489,40
2022-02-25,Humboldt,023,135768,16616,16619,2874,19493,133
2022-02-25,Imperial,025,180216,54939,54367,10556,64923,871
2022-02-25,Inyo,027,18085,4042,4034,461,4495,56
2022-02-25,Kern,029,883053,190398,188584,45554,234138,2106
2022-02-25,Kings,031,150075,50903,50579,3513,54092,423
2022-02-25,Lake,033,64148,10504,10383,870,11253,128
2022-02-25,Lassen,035,31185,8831,8761,875,9636,55
2022-02-25,Los Angeles,037,10098052,2687913,2660973,122225,2783198,30202
2022-02-25,Madera,039,155013,36947,36933,5960,42893,330
2022-02-25,Marin,041,260295,32796,32651,2160,34811,267
2022-02-25,Mariposa,043,17540,2356,2332,193,2525,6
2022-02-25,Mendocino,045,87422,12870,12762,2946,15708,111
2022-02-25,Merced,047,269075,61551,61348,8427,69775,775
2022-02-25,Modoc,049,8938,726,726,249,975,7
2022-02-25,Mono,051,14174,2956,2959,119,3078,5
2022-02-25,Monterey,053,433212,78503,77610,13216,90826,692
2022-02-25,Napa,055,140530,25279,25221,935,26156,130
2022-02-25,Nevada,057,99092,15775,15850,1160,17010,121
2022-02-25,Orange,059,3164182,542034,539992,40672,580664,6540
2022-02-25,Placer,061,380077,62085,61803,7263,69066,573
2022-02-25,Plumas,063,18699,2946,2673,358,3031,13
2022-02-25,Riverside,065,2383286,587540,584835,27599,612434,6143
2022-02-25,Sacramento,067,1510023,277949,272339,26411,298750,2793
2022-02-25,San Benito,069,59416,12769,12770,506,13276,92
2022-02-25,San Bernardino,071,2135413,565393,555668,24576,580244,6505
2022-02-25,San Diego,073,3302833,742706,736049,51727,787776,5002
2022-02-25,San Francisco,075,870044,121480,123079,8073,131152,769
2022-02-25,San Joaquin,077,732212,164955,164418,9788,174206,2048
2022-02-25,San Luis Obispo,079,281455,51672,51358,3671,55029,438
2022-02-25,San Mateo,081,765935,119469,117860,6790,124650,603
2022-02-25,Santa Barbara,083,443738,84891,84830,4665,89495,652
2022-02-25,Santa Clara,085,1922200,305406,305895,12115,318010,2166
2022-02-25,Santa Cruz,087,273765,46714,46186,2065,48251,251
2022-02-25,Shasta,089,179085,30179,30108,6017,36125,485
2022-02-25,Sierra,091,2930,271,270,47,317,1
2022-02-25,Siskiyou,093,43540,4392,4359,2684,7043,72
2022-02-25,Solano,095,438530,80281,80225,5474,85699,428
2022-02-25,Sonoma,097,501317,82249,81702,2512,84214,432
2022-02-25,Stanislaus,099,539301,116463,116896,17366,134262,1503
2022-02-25,Sutter,101,95872,20249,20230,2007,22237,214
2022-02-25,Tehama,103,63373,11928,11878,2573,14451,158
2022-02-25,Trinity,105,12862,1173,1156,287,1443,20
2022-02-25,Tulare,107,460477,105547,102983,27589,130572,1295
2022-02-25,Tuolumne,109,53932,12502,12169,549,12718,175
2022-02-25,Ventura,111,848112,171628,171292,9326,180618,1411
2022-02-25,Yolo,113,214977,36435,35615,3065,38680,296
2022-02-25,Yuba,115,75493,15641,15587,1166,16753,113
2022-02-24,Alameda,001,1643700,251652,250867,13410,264277,1716
2022-02-24,Alpine,003,1148,122,125,1,126,0
2022-02-24,Amador,005,37829,8364,8282,634,8916,83
2022-02-24,Butte,007,227075,32645,32466,6642,39108,368
2022-02-24,Calaveras,009,45235,7179,7192,338,7530,110
2022-02-24,Colusa,011,21464,3415,3414,1056,4470,21
2022-02-24,Contra Costa,013,1133247,185996,184686,12785,197471,1209
2022-02-24,Del Norte,015,27424,5645,5639,172,5811,45
2022-02-24,El Dorado,017,186661,26436,26355,3186,29541,191
2022-02-24,Fresno,019,978130,228633,225679,23429,249108,2597
2022-02-24,Glenn,021,27897,4927,4909,1579,6488,40
2022-02-24,Humboldt,023,135768,16599,16619,2873,19492,133
2022-02-24,Imperial,025,180216,54899,54367,10547,64914,871
2022-02-24,Inyo,027,18085,4041,4034,460,4494,56
2022-02-24,Kern,029,883053,190257,188584,45521,234105,2106
2022-02-24,Kings,031,150075,50873,50579,3508,54087,423
2022-02-24,Lake,033,64148,10487,10383,870,11253,128
2022-02-24,Lassen,035,31185,8827,8761,874,9635,55
2022-02-24,Los Angeles,037,10098052,2686752,2660973,122169,2783142,30202
2022-02-24,Madera,039,155013,36921,36933,5958,42891,330
2022-02-24,Marin,041,260295,32776,32651,2159,34810,267
2022-02-24,Mariposa,043,17540,2350,2332,192,2524,6
2022-02-24,Mendocino,045,87422,12863,12762,2942,15704,111
2022-02-24,Merced,047,269075,61521,61348,8419,69767,775
2022-02-24,Modoc,049,8938,725,726,249,975,7
2022-02-24,Mono,051,14174,2955,2959,119,3078,5
2022-02-24,Monterey,053,433212,78451,77610,13207,90817,692
2022-02-24,Napa,055,140530,25239,25221,931,26152,130
2022-02-24,Nevada,057,99092,15761,15850,1160,17010,121
2022-02-24,Orange,059,3164182,541784,539992,40638,580630,6540
2022-02-24,Placer,061,380077,62048,61803,7261,69064,573
2022-02-24,Plumas,063,18699,2941,2673,357,3030,13
2022-02-24,Riverside,065,2383286,587288,584835,27572,612407,6143
2022-02-24,Sacramento,067,1510023,277776,272339,26394,298733,2793
2022-02-24,San Benito,069,59416,12758,12770,506,13276,92
2022-02-24,San Bernardino,071,2135413,565201,555668,24564,580232,6505
2022-02-24,San Diego,073,3302833,742293,736049,51680,787729,5002
2022-02-24,San Francisco,075,870044,121358,123079,8066,131145,769
2022-02-24,San Joaquin,077,732212,164826,164418,9783,174201,2048
2022-02-24,San Luis Obispo,079,281455,51626,51358,3669,55027,438
2022-02-24,San Mateo,081,765935,119377,117860,6783,124643,603
2022-02-24,Santa Barbara,083,443738,84826,84830,4664,89494,652
2022-02-24,Santa Clara,085,1922200,305171,305895,12102,317997,2166
2022-02-24,Santa Cruz,087,273765,46634,46186,2063,48249,251
2022-02-24,Shasta,089,179085,30160,30108,6011,36119,485
2022-02-24,Sierra,091,2930,271,270,47,317,1
2022-02-24,Siskiyou,093,43540,4389,4359,2681,7040,72
2022-02-24,Solano,095,438530,80202,80225,5470,85695,428
2022-02-24,Sonoma,097,501317,82195,81702,2507,84209,432
2022-02-24,Stanislaus,099,539301,116387,116896,17357,134253,1503
2022-02-24,Sutter,101,95872,20235,20230,1991,22221,214
2022-02-24,Tehama,103,63373,11922,11878,2572,14450,158
2022-02-24,Trinity,105,12862,1171,1156,287,1443,20
2022-02-24,Tulare,107,460477,105491,102983,27558,130541,1295
2022-02-24,Tuolumne,109,53932,12492,12169,547,12716,175
2022-02-24,Ventura,111,848112,171549,171292,9323,180615,1411
2022-02-24,Yolo,113,214977,36409,35615,3063,38678,296
2022-02-24,Yuba,115,75493,15627,15587,1166,16753,113
2022-02-23,Alameda,001,1643700,251427,247686,13391,261077,1713
2022-02-23,Alpine,003,1148,122,125,1,126,0
2022-02-23,Amador,005,37829,8346,8274,634,8908,79
2022-02-23,Butte,007,227075,32618,32417,6639,39056,367
2022-02-23,Calaveras,009,45235,7169,7182,337,7519,107
2022-02-23,Colusa,011,21464,3411,3411,1056,4467,21
2022-02-23,Contra Costa,013,1133247,185852,184013,12772,196785,1209
2022-02-23,Del Norte,015,27424,5634,5625,171,5796,45
2022-02-23,El Dorado,017,186661,26420,26317,3182,29499,189
2022-02-23,Fresno,019,978130,228444,225308,23407,248715,2596
2022-02-23,Glenn,021,27897,4923,4909,1577,6486,40
2022-02-23,Humboldt,023,135768,16583,16601,2870,19471,132
2022-02-23,Imperial,025,180216,54860,54292,10534,64826,871
2022-02-23,Inyo,027,18085,4040,4031,457,4488,54
2022-02-23,Kern,029,883053,190154,188432,45473,233905,2106
2022-02-23,Kings,031,150075,50840,50416,3507,53923,423
2022-02-23,Lake,033,64148,10469,10368,869,11237,126
2022-02-23,Lassen,035,31185,8811,8749,874,9623,55
2022-02-23,Los Angeles,037,10098052,2685380,2659569,122123,2781692,30167
2022-02-23,Madera,039,155013,36889,36876,5948,42824,330
2022-02-23,Marin,041,260295,32753,32625,2158,34783,267
2022-02-23,Mariposa,043,17540,2345,2325,191,2516,6
2022-02-23,Mendocino,045,87422,12853,12747,2938,15685,111
2022-02-23,Merced,047,269075,61491,61295,8414,69709,772
2022-02-23,Modoc,049,8938,725,723,248,971,7
2022-02-23,Mono,051,14174,2954,2960,119,3079,5
2022-02-23,Monterey,053,433212,78413,77472,13184,90656,691
2022-02-23,Napa,055,140530,25215,25185,926,26111,128
2022-02-23,Nevada,057,99092,15755,15825,1157,16982,121
2022-02-23,Orange,059,3164182,541477,539631,40616,580247,6520
2022-02-23,Placer,061,380077,62001,61758,7253,69011,573
2022-02-23,Plumas,063,18699,2937,2663,357,3020,13
2022-02-23,Riverside,065,2383286,586997,584381,27536,611917,6119
2022-02-23,Sacramento,067,1510023,277618,272057,26374,298431,2796
2022-02-23,San Benito,069,59416,12751,12756,505,13261,92
2022-02-23,San Bernardino,071,2135413,565040,555238,24547,579785,6479
2022-02-23,San Diego,073,3302833,741790,735406,51630,787036,4988
2022-02-23,San Francisco,075,870044,121231,122127,8064,130191,769
2022-02-23,San Joaquin,077,732212,164733,164257,9778,174035,2042
2022-02-23,San Luis Obispo,079,281455,51578,51264,3667,54931,434
2022-02-23,San Mateo,081,765935,119286,117585,6774,124359,603
2022-02-23,Santa Barbara,083,443738,84765,84760,4660,89420,651
2022-02-23,Santa Clara,085,1922200,304915,305484,12093,317577,2157
2022-02-23,Santa Cruz,087,273765,46564,46059,2062,48121,251
2022-02-23,Shasta,089,179085,30133,30066,6008,36074,481
2022-02-23,Sierra,091,2930,271,270,47,317,1
2022-02-23,Siskiyou,093,43540,4386,4356,2679,7035,71
2022-02-23,Solano,095,438530,80112,80103,5468,85571,427
2022-02-23,Sonoma,097,501317,82141,81594,2505,84099,432
2022-02-23,Stanislaus,099,539301,116310,116789,17348,134137,1482
2022-02-23,Sutter,101,95872,20218,20194,1987,22181,213
2022-02-23,Tehama,103,63373,11912,11863,2572,14435,154
2022-02-23,Trinity,105,12862,1171,1156,287,1443,20
2022-02-23,Tulare,107,460477,105425,102812,27535,130347,1290
2022-02-23,Tuolumne,109,53932,12483,12158,546,12704,175
2022-02-23,Ventura,111,848112,171461,171163,9316,180479,1401
2022-02-23,Yolo,113,214977,36372,35590,3056,38646,296
2022-02-23,Yuba,115,75493,15624,15571,1164,16735,113
2022-02-22,Alameda,001,1643700,251183,247434,13376,260810,1706
2022-02-22,Alpine,003,1148,122,124,1,125,0
2022-02-22,Amador,005,37829,8336,8243,634,8877,79
2022-02-22,Butte,007,227075,32584,32359,6632,38991,366
2022-02-22,Calaveras,009,45235,7160,7178,337,7515,107
2022-02-22,Colusa,011,21464,3411,3402,1054,4456,21
2022-02-22,Contra Costa,013,1133247,185699,183812,12753,196565,1201
2022-02-22,Del Norte,015,27424,5625,5611,170,5781,45
2022-02-22,El Dorado,017,186661,26410,26289,3182,29471,189
2022-02-22,Fresno,019,978130,228217,225104,23378,248482,2592
2022-02-22,Glenn,021,27897,4922,4900,1576,6476,40
2022-02-22,Humboldt,023,135768,16561,16559,2866,19425,132
2022-02-22,Imperial,025,180216,54828,54227,10530,64757,864
2022-02-22,Inyo,027,18085,4038,4026,455,4481,54
2022-02-22,Kern,029,883053,190033,188237,45437,233674,2102
2022-02-22,Kings,031,150075,50778,50359,3505,53864,423
2022-02-22,Lake,033,64148,10458,10353,867,11220,126
2022-02-22,Lassen,035,31185,8807,8730,874,9604,55
2022-02-22,Los Angeles,037,10098052,2683914,2658230,122036,2780266,30129
2022-02-22,Madera,039,155013,36856,36833,5938,42771,330
2022-02-22,Marin,041,260295,32728,32591,2157,34748,267
2022-02-22,Mariposa,043,17540,2337,2322,191,2513,6
2022-02-22,Mendocino,045,87422,12839,12714,2928,15642,110
2022-02-22,Merced,047,269075,61431,61241,8408,69649,770
2022-02-22,Modoc,049,8938,722,720,248,968,6
2022-02-22,Mono,051,14174,2954,2961,119,3080,5
2022-02-22,Monterey,053,433212,78360,77359,13164,90523,690
2022-02-22,Napa,055,140530,25186,25151,925,26076,128
2022-02-22,Nevada,057,99092,15738,15815,1156,16971,121
2022-02-22,Orange,059,3164182,541189,539390,40583,579973,6502
2022-02-22,Placer,061,380077,61963,61709,7248,68957,572
2022-02-22,Plumas,063,18699,2931,2659,356,3015,13
2022-02-22,Riverside,065,2383286,586741,583969,27515,611484,6097
2022-02-22,Sacramento,067,1510023,277428,271789,26351,298140,2775
2022-02-22,San Benito,069,59416,12740,12742,504,13246,92
2022-02-22,San Bernardino,071,2135413,564837,554903,24528,579431,6451
2022-02-22,San Diego,073,3302833,741264,734536,51575,786111,4974
2022-02-22,San Francisco,075,870044,121102,121954,8060,130014,769
2022-02-22,San Joaquin,077,732212,164609,164111,9767,173878,2040
2022-02-22,San Luis Obispo,079,281455,51493,51193,3661,54854,431
2022-02-22,San Mateo,081,765935,119192,117418,6769,124187,603
2022-02-22,Santa Barbara,083,443738,84703,84701,4655,89356,650
2022-02-22,Santa Clara,085,1922200,304633,305045,12087,317132,2155
2022-02-22,Santa Cruz,087,273765,46499,45958,2062,48020,251
2022-02-22,Shasta,089,179085,30108,30024,6003,36027,479
2022-02-22,Sierra,091,2930,271,269,46,315,0
2022-02-22,Siskiyou,093,43540,4383,4350,2674,7024,70
2022-02-22,Solano,095,438530,80036,79968,5466,85434,425
2022-02-22,Sonoma,097,501317,82075,81412,2501,83913,431
2022-02-22,Stanislaus,099,539301,116229,116676,17330,134006,1475
2022-02-22,Sutter,101,95872,20202,20164,1985,22149,210
2022-02-22,Tehama,103,63373,11903,11852,2571,14423,152
2022-02-22,Trinity,105,12862,1171,1147,286,1433,20
2022-02-22,Tulare,107,460477,105318,102717,27502,130219,1287
2022-02-22,Tuolumne,109,53932,12464,12136,545,12681,175
2022-02-22,Ventura,111,848112,171376,171064,9310,180374,1401
2022-02-22,Yolo,113,214977,36335,35527,3050,38577,292
2022-02-22,Yuba,115,75493,15614,15550,1163,16713,110
2022-02-21,Alameda,001,1643700,250897,247434,13360,260794,1704
2022-02-21,Alpine,003,1148,122,124,1,125,0
2022-02-21,Amador,005,37829,8330,8246,634,8880,79
2022-02-21,Butte,007,227075,32543,32356,6608,38964,366
2022-02-21,Calaveras,009,45235,7152,7175,337,7512,107
2022-02-21,Colusa,011,21464,3409,3401,1052,4453,21
2022-02-21,Contra Costa,013,1133247,185473,183701,12739,196440,1201
2022-02-21,Del Norte,015,27424,5607,5601,169,5770,45
2022-02-21,El Dorado,017,186661,26382,26273,3177,29450,189
2022-02-21,Fresno,019,978130,227904,224923,23322,248245,2592
2022-02-21,Glenn,021,27897,4917,4897,1576,6473,40
2022-02-21,Humboldt,023,135768,16517,16548,2858,19406,132
2022-02-21,Imperial,025,180216,54768,54208,10515,64723,864
2022-02-21,Inyo,027,18085,4035,4023,455,4478,54
2022-02-21,Kern,029,883053,189840,188188,45384,233572,2102
2022-02-21,Kings,031,150075,50712,50188,3502,53690,422
2022-02-21,Lake,033,64148,10436,10334,865,11199,126
2022-02-21,Lassen,035,31185,8799,8705,869,9574,55
2022-02-21,Los Angeles,037,10098052,2682134,2656873,121939,2778812,30108
2022-02-21,Madera,039,155013,36818,36796,5917,42713,330
2022-02-21,Marin,041,260295,32705,32570,2157,34727,258
2022-02-21,Mariposa,043,17540,2334,2321,191,2512,6
2022-02-21,Mendocino,045,87422,12813,12706,2916,15622,110
2022-02-21,Merced,047,269075,61374,61209,8392,69601,770
2022-02-21,Modoc,049,8938,721,718,248,966,6
2022-02-21,Mono,051,14174,2953,2960,119,3079,5
2022-02-21,Monterey,053,433212,78266,77354,13123,90477,690
2022-02-21,Napa,055,140530,25147,25126,925,26051,128
2022-02-21,Nevada,057,99092,15727,15810,1153,16963,121
2022-02-21,Orange,059,3164182,540837,539068,40558,579626,6502
2022-02-21,Placer,061,380077,61909,61727,7244,68971,572
2022-02-21,Plumas,063,18699,2927,2657,351,3008,13
2022-02-21,Riverside,065,2383286,586373,583712,27467,611179,6097
2022-02-21,Sacramento,067,1510023,277173,271588,26318,297906,2769
2022-02-21,San Benito,069,59416,12727,12731,504,13235,92
2022-02-21,San Bernardino,071,2135413,564599,554662,24507,579169,6441
2022-02-21,San Diego,073,3302833,740646,732298,51497,783795,4974
2022-02-21,San Francisco,075,870044,120921,121865,8056,129921,769
2022-02-21,San Joaquin,077,732212,164465,164036,9756,173792,2040
2022-02-21,San Luis Obispo,079,281455,51402,51184,3654,54838,429
2022-02-21,San Mateo,081,765935,119099,117259,6761,124020,605
2022-02-21,Santa Barbara,083,443738,84626,84626,4647,89273,650
2022-02-21,Santa Clara,085,1922200,304305,304858,12081,316939,2158
2022-02-21,Santa Cruz,087,273765,46373,45941,2061,48002,251
2022-02-21,Shasta,089,179085,30062,30004,5995,35999,479
2022-02-21,Sierra,091,2930,271,269,46,315,0
2022-02-21,Siskiyou,093,43540,4371,4337,2669,7006,70
2022-02-21,Solano,095,438530,79944,79906,5461,85367,425
2022-02-21,Sonoma,097,501317,81961,81361,2495,83856,431
2022-02-21,Stanislaus,099,539301,116117,116597,17306,133903,1475
2022-02-21,Sutter,101,95872,20177,20152,1983,22135,210
2022-02-21,Tehama,103,63373,11890,11842,2570,14412,152
2022-02-21,Trinity,105,12862,1170,1147,286,1433,20
2022-02-21,Tulare,107,460477,105223,102614,27458,130072,1287
2022-02-21,Tuolumne,109,53932,12453,12126,542,12668,175
2022-02-21,Ventura,111,848112,171237,170939,9301,180240,1401
2022-02-21,Yolo,113,214977,36292,35518,3041,38559,292
2022-02-21,Yuba,115,75493,15595,15546,1154,16700,110
2022-02-20,Alameda,001,1643700,250667,246028,13352,259380,1700
2022-02-20,Alpine,003,1148,122,124,1,125,0
2022-02-20,Amador,005,37829,8319,8203,634,8837,79
2022-02-20,Butte,007,227075,32514,32173,6603,38776,364
2022-02-20,Calaveras,009,45235,7149,7136,336,7472,107
2022-02-20,Colusa,011,21464,3406,3389,1051,4440,21
2022-02-20,Contra Costa,013,1133247,185345,182797,12734,195531,1190
2022-02-20,Del Norte,015,27424,5592,5511,169,5680,45
2022-02-20,El Dorado,017,186661,26361,26101,3176,29277,189
2022-02-20,Fresno,019,978130,227713,223594,23306,246900,2544
2022-02-20,Glenn,021,27897,4914,4881,1576,6457,39
2022-02-20,Humboldt,023,135768,16505,16393,2854,19247,132
2022-02-20,Imperial,025,180216,54703,53967,10503,64470,862
2022-02-20,Inyo,027,18085,4035,4018,454,4472,52
2022-02-20,Kern,029,883053,189705,187158,45341,232499,2095
2022-02-20,Kings,031,150075,50684,49724,3499,53223,421
2022-02-20,Lake,033,64148,10403,10184,864,11048,126
2022-02-20,Lassen,035,31185,8787,8640,869,9509,55
2022-02-20,Los Angeles,037,10098052,2680807,2642878,121854,2764732,29842
2022-02-20,Madera,039,155013,36787,36526,5913,42439,330
2022-02-20,Marin,041,260295,32688,32441,2157,34598,258
2022-02-20,Mariposa,043,17540,2328,2310,189,2499,6
2022-02-20,Mendocino,045,87422,12803,12625,2913,15538,110
2022-02-20,Merced,047,269075,61346,60886,8390,69276,769
2022-02-20,Modoc,049,8938,720,714,248,962,6
2022-02-20,Mono,051,14174,2953,2956,119,3075,5
2022-02-20,Monterey,053,433212,78206,76765,13109,89874,682
2022-02-20,Napa,055,140530,25125,24970,923,25893,127
2022-02-20,Nevada,057,99092,15716,15715,1152,16867,121
2022-02-20,Orange,059,3164182,540518,538019,40522,578541,6416
2022-02-20,Placer,061,380077,61877,61417,7236,68653,560
2022-02-20,Plumas,063,18699,2923,2646,349,2995,13
2022-02-20,Riverside,065,2383286,586106,581788,27441,609229,6087
2022-02-20,Sacramento,067,1510023,276994,270080,26293,296373,2747
2022-02-20,San Benito,069,59416,12724,12665,504,13169,92
2022-02-20,San Bernardino,071,2135413,564391,553151,24490,577641,6400
2022-02-20,San Diego,073,3302833,740074,729549,51434,780983,4947
2022-02-20,San Francisco,075,870044,120781,121197,8046,129243,756
2022-02-20,San Joaquin,077,732212,164346,163083,9745,172828,2033
2022-02-20,San Luis Obispo,079,281455,51373,50823,3650,54473,424
2022-02-20,San Mateo,081,765935,119025,116648,6753,123401,598
2022-02-20,Santa Barbara,083,443738,84582,83988,4645,88633,642
2022-02-20,Santa Clara,085,1922200,304025,303077,12073,315150,2138
2022-02-20,Santa Cruz,087,273765,46307,45532,2058,47590,250
2022-02-20,Shasta,089,179085,30032,29847,5988,35835,479
2022-02-20,Sierra,091,2930,271,269,46,315,0
2022-02-20,Siskiyou,093,43540,4366,4307,2668,6975,70
2022-02-20,Solano,095,438530,79869,78914,5456,84370,424
2022-02-20,Sonoma,097,501317,81886,80843,2492,83335,431
2022-02-20,Stanislaus,099,539301,116050,115976,17289,133265,1454
2022-02-20,Sutter,101,95872,20165,20060,1980,22040,210
2022-02-20,Tehama,103,63373,11878,11760,2567,14327,152
2022-02-20,Trinity,105,12862,1169,1130,286,1416,20
2022-02-20,Tulare,107,460477,105136,101996,27432,129428,1286
2022-02-20,Tuolumne,109,53932,12432,12036,542,12578,175
2022-02-20,Ventura,111,848112,171141,170331,9294,179625,1384
2022-02-20,Yolo,113,214977,36266,35363,3038,38401,293
2022-02-20,Yuba,115,75493,15580,15449,1153,16602,112
2022-02-19,Alameda,001,1643700,250492,246028,13348,259376,1700
2022-02-19,Alpine,003,1148,122,124,1,125,0
2022-02-19,Amador,005,37829,8315,8203,634,8837,79
2022-02-19,Butte,007,227075,32490,32173,6600,38773,364
2022-02-19,Calaveras,009,45235,7149,7136,336,7472,107
2022-02-19,Colusa,011,21464,3405,3389,1049,4438,21
2022-02-19,Contra Costa,013,1133247,185248,182797,12733,195530,1190
2022-02-19,Del Norte,015,27424,5582,5511,169,5680,45
2022-02-19,El Dorado,017,186661,26343,26101,3174,29275,189
2022-02-19,Fresno,019,978130,227597,223594,23297,246891,2544
2022-02-19,Glenn,021,27897,4910,4881,1576,6457,39
2022-02-19,Humboldt,023,135768,16490,16393,2854,19247,132
2022-02-19,Imperial,025,180216,54687,53967,10497,64464,862
2022-02-19,Inyo,027,18085,4034,4018,453,4471,52
2022-02-19,Kern,029,883053,189602,187158,45317,232475,2095
2022-02-19,Kings,031,150075,50661,49724,3498,53222,421
2022-02-19,Lake,033,64148,10394,10184,864,11048,126
2022-02-19,Lassen,035,31185,8775,8640,868,9508,55
2022-02-19,Los Angeles,037,10098052,2680012,2642878,121813,2764691,29842
2022-02-19,Madera,039,155013,36765,36526,5912,42438,330
2022-02-19,Marin,041,260295,32665,32441,2156,34597,258
2022-02-19,Mariposa,043,17540,2325,2310,189,2499,6
2022-02-19,Mendocino,045,87422,12793,12625,2913,15538,110
2022-02-19,Merced,047,269075,61302,60886,8386,69272,769
2022-02-19,Modoc,049,8938,720,714,247,961,6
2022-02-19,Mono,051,14174,2952,2956,119,3075,5
2022-02-19,Monterey,053,433212,78117,76765,13098,89863,682
2022-02-19,Napa,055,140530,25115,24970,923,25893,127
2022-02-19,Nevada,057,99092,15708,15715,1152,16867,121
2022-02-19,Orange,059,3164182,540316,538019,40497,578516,6416
2022-02-19,Placer,061,380077,61830,61417,7235,68652,560
2022-02-19,Plumas,063,18699,2922,2646,349,2995,13
2022-02-19,Riverside,065,2383286,585923,581788,27429,609217,6087
2022-02-19,Sacramento,067,1510023,276852,270080,26282,296362,2747
2022-02-19,San Benito,069,59416,12711,12665,503,13168,92
2022-02-19,San Bernardino,071,2135413,564228,553151,24483,577634,6400
2022-02-19,San Diego,073,3302833,739728,729549,51387,780936,4947
2022-02-19,San Francisco,075,870044,120695,121197,8042,129239,756
2022-02-19,San Joaquin,077,732212,164272,163083,9734,172817,2033
2022-02-19,San Luis Obispo,079,281455,51360,50823,3646,54469,424
2022-02-19,San Mateo,081,765935,118984,116648,6752,123400,598
2022-02-19,Santa Barbara,083,443738,84515,83988,4644,88632,642
2022-02-19,Santa Clara,085,1922200,303831,303077,12071,315148,2138
2022-02-19,Santa Cruz,087,273765,46269,45532,2056,47588,250
2022-02-19,Shasta,089,179085,30018,29847,5985,35832,479
2022-02-19,Sierra,091,2930,271,269,46,315,0
2022-02-19,Siskiyou,093,43540,4363,4307,2668,6975,70
2022-02-19,Solano,095,438530,79827,78914,5455,84369,424
2022-02-19,Sonoma,097,501317,81844,80843,2492,83335,431
2022-02-19,Stanislaus,099,539301,115979,115976,17283,133259,1454
2022-02-19,Sutter,101,95872,20157,20060,1980,22040,210
2022-02-19,Tehama,103,63373,11871,11760,2567,14327,152
2022-02-19,Trinity,105,12862,1167,1130,286,1416,20
2022-02-19,Tulare,107,460477,105089,101996,27407,129403,1286
2022-02-19,Tuolumne,109,53932,12423,12036,542,12578,175
2022-02-19,Ventura,111,848112,171066,170331,9290,179621,1384
2022-02-19,Yolo,113,214977,36235,35363,3034,38397,293
2022-02-19,Yuba,115,75493,15571,15449,1153,16602,112
2022-02-18,Alameda,001,1643700,250325,246028,13340,259368,1700
2022-02-18,Alpine,003,1148,121,124,1,125,0
2022-02-18,Amador,005,37829,8308,8203,632,8835,79
2022-02-18,Butte,007,227075,32469,32173,6594,38767,364
2022-02-18,Calaveras,009,45235,7144,7136,335,7471,107
2022-02-18,Colusa,011,21464,3403,3389,1049,4438,21
2022-02-18,Contra Costa,013,1133247,185141,182797,12727,195524,1190
2022-02-18,Del Norte,015,27424,5571,5511,169,5680,45
2022-02-18,El Dorado,017,186661,26332,26101,3174,29275,189
2022-02-18,Fresno,019,978130,227409,223594,23285,246879,2544
2022-02-18,Glenn,021,27897,4909,4881,1575,6456,39
2022-02-18,Humboldt,023,135768,16473,16393,2849,19242,132
2022-02-18,Imperial,025,180216,54661,53967,10486,64453,862
2022-02-18,Inyo,027,18085,4032,4018,453,4471,52
2022-02-18,Kern,029,883053,189490,187158,45272,232430,2095
2022-02-18,Kings,031,150075,50574,49724,3498,53222,421
2022-02-18,Lake,033,64148,10376,10184,862,11046,126
2022-02-18,Lassen,035,31185,8755,8640,867,9507,55
2022-02-18,Los Angeles,037,10098052,2679027,2642878,121758,2764636,29842
2022-02-18,Madera,039,155013,36742,36526,5910,42436,330
2022-02-18,Marin,041,260295,32647,32441,2154,34595,258
2022-02-18,Mariposa,043,17540,2323,2310,189,2499,6
2022-02-18,Mendocino,045,87422,12783,12625,2913,15538,110
2022-02-18,Merced,047,269075,61260,60886,8376,69262,769
2022-02-18,Modoc,049,8938,720,714,247,961,6
2022-02-18,Mono,051,14174,2952,2956,119,3075,5
2022-02-18,Monterey,053,433212,78044,76765,13090,89855,682
2022-02-18,Napa,055,140530,25097,24970,923,25893,127
2022-02-18,Nevada,057,99092,15700,15715,1152,16867,121
2022-02-18,Orange,059,3164182,540078,538019,40458,578477,6416
2022-02-18,Placer,061,380077,61801,61417,7227,68644,560
2022-02-18,Plumas,063,18699,2919,2646,349,2995,13
2022-02-18,Riverside,065,2383286,585742,581788,27421,609209,6087
2022-02-18,Sacramento,067,1510023,276661,270080,26274,296354,2747
2022-02-18,San Benito,069,59416,12703,12665,503,13168,92
2022-02-18,San Bernardino,071,2135413,564050,553151,24478,577629,6400
2022-02-18,San Diego,073,3302833,739304,729549,51362,780911,4947
2022-02-18,San Francisco,075,870044,120607,121197,8034,129231,756
2022-02-18,San Joaquin,077,732212,164202,163083,9726,172809,2033
2022-02-18,San Luis Obispo,079,281455,51344,50823,3643,54466,424
2022-02-18,San Mateo,081,765935,118919,116648,6749,123397,598
2022-02-18,Santa Barbara,083,443738,84475,83988,4642,88630,642
2022-02-18,Santa Clara,085,1922200,303595,303077,12070,315147,2138
2022-02-18,Santa Cruz,087,273765,46235,45532,2055,47587,250
2022-02-18,Shasta,089,179085,30005,29847,5984,35831,479
2022-02-18,Sierra,091,2930,271,269,46,315,0
2022-02-18,Siskiyou,093,43540,4360,4307,2666,6973,70
2022-02-18,Solano,095,438530,79757,78914,5454,84368,424
2022-02-18,Sonoma,097,501317,81788,80843,2491,83334,431
2022-02-18,Stanislaus,099,539301,115929,115976,17269,133245,1454
2022-02-18,Sutter,101,95872,20145,20060,1980,22040,210
2022-02-18,Tehama,103,63373,11860,11760,2567,14327,152
2022-02-18,Trinity,105,12862,1166,1130,285,1415,20
2022-02-18,Tulare,107,460477,105038,101996,27366,129362,1286
2022-02-18,Tuolumne,109,53932,12417,12036,541,12577,175
2022-02-18,Ventura,111,848112,170976,170331,9285,179616,1384
2022-02-18,Yolo,113,214977,36207,35363,3032,38395,293
2022-02-18,Yuba,115,75493,15556,15449,1153,16602,112
2022-02-17,Alameda,001,1643700,250063,246028,13320,259348,1700
2022-02-17,Alpine,003,1148,121,124,1,125,0
2022-02-17,Amador,005,37829,8304,8203,630,8833,79
2022-02-17,Butte,007,227075,32431,32173,6590,38763,364
2022-02-17,Calaveras,009,45235,7135,7136,332,7468,107
2022-02-17,Colusa,011,21464,3400,3389,1049,4438,21
2022-02-17,Contra Costa,013,1133247,184945,182797,12694,195491,1190
2022-02-17,Del Norte,015,27424,5550,5511,169,5680,45
2022-02-17,El Dorado,017,186661,26307,26101,3164,29265,189
2022-02-17,Fresno,019,978130,227116,223594,23255,246849,2544
2022-02-17,Glenn,021,27897,4907,4881,1572,6453,39
2022-02-17,Humboldt,023,135768,16433,16393,2848,19241,132
2022-02-17,Imperial,025,180216,54590,53967,10470,64437,862
2022-02-17,Inyo,027,18085,4030,4018,452,4470,52
2022-02-17,Kern,029,883053,189336,187158,45222,232380,2095
2022-02-17,Kings,031,150075,50510,49724,3493,53217,421
2022-02-17,Lake,033,64148,10346,10184,858,11042,126
2022-02-17,Lassen,035,31185,8745,8640,865,9505,55
2022-02-17,Los Angeles,037,10098052,2677187,2642878,121677,2764555,29842
2022-02-17,Madera,039,155013,36699,36526,5903,42429,330
2022-02-17,Marin,041,260295,32621,32441,2152,34593,258
2022-02-17,Mariposa,043,17540,2321,2310,188,2498,6
2022-02-17,Mendocino,045,87422,12766,12625,2910,15535,110
2022-02-17,Merced,047,269075,61186,60886,8359,69245,769
2022-02-17,Modoc,049,8938,719,714,247,961,6
2022-02-17,Mono,051,14174,2950,2956,119,3075,5
2022-02-17,Monterey,053,433212,77932,76765,13048,89813,682
2022-02-17,Napa,055,140530,25065,24970,921,25891,127
2022-02-17,Nevada,057,99092,15688,15715,1151,16866,121
2022-02-17,Orange,059,3164182,539738,538019,40431,578450,6416
2022-02-17,Placer,061,380077,61758,61417,7219,68636,560
2022-02-17,Plumas,063,18699,2916,2646,349,2995,13
2022-02-17,Riverside,065,2383286,585365,581788,27394,609182,6087
2022-02-17,Sacramento,067,1510023,276376,270080,26226,296306,2747
2022-02-17,San Benito,069,59416,12692,12665,503,13168,92
2022-02-17,San Bernardino,071,2135413,563750,553151,24464,577615,6400
2022-02-17,San Diego,073,3302833,738708,729549,51312,780861,4947
2022-02-17,San Francisco,075,870044,120473,121197,8023,129220,756
2022-02-17,San Joaquin,077,732212,164038,163083,9712,172795,2033
2022-02-17,San Luis Obispo,079,281455,51239,50823,3635,54458,424
2022-02-17,San Mateo,081,765935,118825,116648,6740,123388,598
2022-02-17,Santa Barbara,083,443738,84375,83988,4634,88622,642
2022-02-17,Santa Clara,085,1922200,303230,303077,12056,315133,2138
2022-02-17,Santa Cruz,087,273765,46154,45532,2053,47585,250
2022-02-17,Shasta,089,179085,29978,29847,5981,35828,479
2022-02-17,Sierra,091,2930,271,269,46,315,0
2022-02-17,Siskiyou,093,43540,4351,4307,2662,6969,70
2022-02-17,Solano,095,438530,79676,78914,5446,84360,424
2022-02-17,Sonoma,097,501317,81722,80843,2484,83327,431
2022-02-17,Stanislaus,099,539301,115826,115976,17252,133228,1454
2022-02-17,Sutter,101,95872,20130,20060,1972,22032,210
2022-02-17,Tehama,103,63373,11852,11760,2566,14326,152
2022-02-17,Trinity,105,12862,1164,1130,283,1413,20
2022-02-17,Tulare,107,460477,104925,101996,27342,129338,1286
2022-02-17,Tuolumne,109,53932,12406,12036,541,12577,175
2022-02-17,Ventura,111,848112,170836,170331,9284,179615,1384
2022-02-17,Yolo,113,214977,36169,35363,3031,38394,293
2022-02-17,Yuba,115,75493,15541,15449,1153,16602,112
2022-02-16,Alameda,001,1643700,249752,245662,13281,258943,1691
2022-02-16,Alpine,003,1148,121,124,1,125,0
2022-02-16,Amador,005,37829,8286,8197,629,8826,77
2022-02-16,Butte,007,227075,32388,32095,6578,38673,363
2022-02-16,Calaveras,009,45235,7131,7129,329,7458,107
2022-02-16,Colusa,011,21464,3395,3384,1049,4433,21
2022-02-16,Contra Costa,013,1133247,184709,182423,12658,195081,1179
2022-02-16,Del Norte,015,27424,5530,5473,165,5638,45
2022-02-16,El Dorado,017,186661,26280,26061,3160,29221,189
2022-02-16,Fresno,019,978130,226755,223056,23206,246262,2542
2022-02-16,Glenn,021,27897,4903,4873,1567,6440,39
2022-02-16,Humboldt,023,135768,16409,16342,2838,19180,132
2022-02-16,Imperial,025,180216,54512,53901,10442,64343,861
2022-02-16,Inyo,027,18085,4027,4013,450,4463,52
2022-02-16,Kern,029,883053,189119,186740,45135,231875,2084
2022-02-16,Kings,031,150075,50457,49575,3484,53059,420
2022-02-16,Lake,033,64148,10320,10145,858,11003,125
2022-02-16,Lassen,035,31185,8712,8618,865,9483,55
2022-02-16,Los Angeles,037,10098052,2675095,2640005,121566,2761571,29749
2022-02-16,Madera,039,155013,36631,36382,5889,42271,330
2022-02-16,Marin,041,260295,32585,32381,2149,34530,257
2022-02-16,Mariposa,043,17540,2319,2305,188,2493,6
2022-02-16,Mendocino,045,87422,12744,12605,2900,15505,108
2022-02-16,Merced,047,269075,61120,60776,8326,69102,767
2022-02-16,Modoc,049,8938,719,711,243,954,6
2022-02-16,Mono,051,14174,2948,2953,119,3072,5
2022-02-16,Monterey,053,433212,77784,76624,13007,89631,682
2022-02-16,Napa,055,140530,25026,24897,918,25815,128
2022-02-16,Nevada,057,99092,15671,15677,1147,16824,121
2022-02-16,Orange,059,3164182,539336,537934,40387,578321,6392
2022-02-16,Placer,061,380077,61715,61278,7207,68485,556
2022-02-16,Plumas,063,18699,2913,2644,347,2991,13
2022-02-16,Riverside,065,2383286,584966,580828,27348,608176,6064
2022-02-16,Sacramento,067,1510023,276053,269416,26171,295587,2736
2022-02-16,San Benito,069,59416,12665,12644,503,13147,92
2022-02-16,San Bernardino,071,2135413,563478,552353,24440,576793,6379
2022-02-16,San Diego,073,3302833,737948,728610,51237,779847,4931
2022-02-16,San Francisco,075,870044,120300,120987,8018,129005,756
2022-02-16,San Joaquin,077,732212,163869,162752,9702,172454,2032
2022-02-16,San Luis Obispo,079,281455,51167,50704,3623,54327,425
2022-02-16,San Mateo,081,765935,118707,116438,6722,123160,595
2022-02-16,Santa Barbara,083,443738,84299,83968,4621,88589,642
2022-02-16,Santa Clara,085,1922200,302845,302439,12022,314461,2130
2022-02-16,Santa Cruz,087,273765,46064,45274,2051,47325,250
2022-02-16,Shasta,089,179085,29940,29767,5969,35736,477
2022-02-16,Sierra,091,2930,270,269,46,315,0
2022-02-16,Siskiyou,093,43540,4344,4302,2656,6958,71
2022-02-16,Solano,095,438530,79561,78742,5439,84181,422
2022-02-16,Sonoma,097,501317,81594,80642,2474,83116,431
2022-02-16,Stanislaus,099,539301,115707,115751,17221,132972,1443
2022-02-16,Sutter,101,95872,20113,20020,1969,21989,210
2022-02-16,Tehama,103,63373,11835,11738,2564,14302,152
2022-02-16,Trinity,105,12862,1164,1130,282,1412,20
2022-02-16,Tulare,107,460477,104805,101817,27289,129106,1281
2022-02-16,Tuolumne,109,53932,12394,11991,540,12531,171
2022-02-16,Ventura,111,848112,170699,170117,9276,179393,1372
2022-02-16,Yolo,113,214977,36118,35284,3028,38312,292
2022-02-16,Yuba,115,75493,15519,15405,1150,16555,110
2022-02-15,Alameda,001,1643700,249400,245265,13252,258517,1683
2022-02-15,Alpine,003,1148,121,124,1,125,0
2022-02-15,Amador,005,37829,8276,8183,628,8811,77
2022-02-15,Butte,007,227075,32339,32011,6564,38575,361
2022-02-15,Calaveras,009,45235,7121,7115,329,7444,106
2022-02-15,Colusa,011,21464,3387,3374,1048,4422,21
2022-02-15,Contra Costa,013,1133247,184451,182041,12628,194669,1179
2022-02-15,Del Norte,015,27424,5502,5439,164,5603,45
2022-02-15,El Dorado,017,186661,26261,25988,3155,29143,189
2022-02-15,Fresno,019,978130,226379,222673,23144,245817,2543
2022-02-15,Glenn,021,27897,4894,4862,1566,6428,39
2022-02-15,Humboldt,023,135768,16365,16297,2823,19120,132
2022-02-15,Imperial,025,180216,54449,53813,10427,64240,860
2022-02-15,Inyo,027,18085,4026,4009,449,4458,52
2022-02-15,Kern,029,883053,188899,186324,45044,231368,2072
2022-02-15,Kings,031,150075,50364,49473,3475,52948,418
2022-02-15,Lake,033,64148,10288,10112,852,10964,123
2022-02-15,Lassen,035,31185,8698,8587,863,9450,55
2022-02-15,Los Angeles,037,10098052,2672836,2638266,121433,2759699,29691
2022-02-15,Madera,039,155013,36564,36260,5868,42128,330
2022-02-15,Marin,041,260295,32543,32355,2147,34502,255
2022-02-15,Mariposa,043,17540,2318,2302,188,2490,6
2022-02-15,Mendocino,045,87422,12727,12580,2881,15461,108
2022-02-15,Merced,047,269075,61037,60674,8296,68970,763
2022-02-15,Modoc,049,8938,717,710,240,950,6
2022-02-15,Mono,051,14174,2947,2952,119,3071,5
2022-02-15,Monterey,053,433212,77658,75530,12948,88478,682
2022-02-15,Napa,055,140530,24976,24832,911,25743,127
2022-02-15,Nevada,057,99092,15645,15643,1146,16789,121
2022-02-15,Orange,059,3164182,538878,537478,40345,577823,6374
2022-02-15,Placer,061,380077,61654,61170,7196,68366,554
2022-02-15,Plumas,063,18699,2909,2638,347,2985,13
2022-02-15,Riverside,065,2383286,584479,579940,27288,607228,6049
2022-02-15,Sacramento,067,1510023,275664,268950,26092,295042,2721
2022-02-15,San Benito,069,59416,12646,12616,503,13119,91
2022-02-15,San Bernardino,071,2135413,563115,551803,24420,576223,6372
2022-02-15,San Diego,073,3302833,736986,727486,51139,778625,4914
2022-02-15,San Francisco,075,870044,120129,120759,8006,128765,756
2022-02-15,San Joaquin,077,732212,163650,162518,9689,172207,2021
2022-02-15,San Luis Obispo,079,281455,51070,50534,3608,54142,419
2022-02-15,San Mateo,081,765935,118571,116253,6700,122953,595
2022-02-15,Santa Barbara,083,443738,84164,83734,4607,88341,640
2022-02-15,Santa Clara,085,1922200,302353,301831,11984,313815,2130
2022-02-15,Santa Cruz,087,273765,45960,45171,2046,47217,250
2022-02-15,Shasta,089,179085,29889,29684,5955,35639,477
2022-02-15,Sierra,091,2930,270,269,46,315,0
2022-02-15,Siskiyou,093,43540,4337,4288,2649,6937,70
2022-02-15,Solano,095,438530,79428,78626,5433,84059,426
2022-02-15,Sonoma,097,501317,81473,80433,2468,82901,431
2022-02-15,Stanislaus,099,539301,115566,115549,17190,132739,1429
2022-02-15,Sutter,101,95872,20085,19980,1964,21944,208
2022-02-15,Tehama,103,63373,11817,11717,2562,14279,151
2022-02-15,Trinity,105,12862,1158,1125,279,1404,20
2022-02-15,Tulare,107,460477,104652,101645,27232,128877,1278
2022-02-15,Tuolumne,109,53932,12375,11945,538,12483,171
2022-02-15,Ventura,111,848112,170525,169942,9268,179210,1372
2022-02-15,Yolo,113,214977,36067,35241,3019,38260,289
2022-02-15,Yuba,115,75493,15491,15372,1145,16517,109
2022-02-14,Alameda,001,1643700,248966,244315,13220,257535,1677
2022-02-14,Alpine,003,1148,121,125,1,126,0
2022-02-14,Amador,005,37829,8261,8164,625,8789,77
2022-02-14,Butte,007,227075,32282,31946,6549,38495,360
2022-02-14,Calaveras,009,45235,7108,7097,327,7424,106
2022-02-14,Colusa,011,21464,3384,3367,1044,4411,21
2022-02-14,Contra Costa,013,1133247,184167,181753,12590,194343,1167
2022-02-14,Del Norte,015,27424,5479,5426,163,5589,45
2022-02-14,El Dorado,017,186661,26226,25915,3146,29061,188
2022-02-14,Fresno,019,978130,225899,222360,23055,245415,2538
2022-02-14,Glenn,021,27897,4888,4854,1566,6420,39
2022-02-14,Humboldt,023,135768,16325,16264,2798,19062,132
2022-02-14,Imperial,025,180216,54378,53765,10398,64163,860
2022-02-14,Inyo,027,18085,4025,4010,448,4458,52
2022-02-14,Kern,029,883053,188556,186037,44935,230972,2063
2022-02-14,Kings,031,150075,50258,49395,3466,52861,419
2022-02-14,Lake,033,64148,10251,10090,849,10939,123
2022-02-14,Lassen,035,31185,8688,8539,861,9400,55
2022-02-14,Los Angeles,037,10098052,2670255,2636064,121305,2757369,29650
2022-02-14,Madera,039,155013,36499,36194,5845,42039,330
2022-02-14,Marin,041,260295,32507,32304,2144,34448,255
2022-02-14,Mariposa,043,17540,2311,2295,188,2483,6
2022-02-14,Mendocino,045,87422,12700,12541,2849,15390,108
2022-02-14,Merced,047,269075,60948,60591,8254,68845,758
2022-02-14,Modoc,049,8938,712,707,240,947,6
2022-02-14,Mono,051,14174,2946,2954,119,3073,5
2022-02-14,Monterey,053,433212,77487,75407,12865,88272,678
2022-02-14,Napa,055,140530,24917,24776,911,25687,127
2022-02-14,Nevada,057,99092,15626,15629,1145,16774,121
2022-02-14,Orange,059,3164182,538372,536924,40279,577203,6355
2022-02-14,Placer,061,380077,61584,61123,7181,68304,554
2022-02-14,Plumas,063,18699,2907,2631,347,2978,13
2022-02-14,Riverside,065,2383286,583933,579174,27218,606392,5994
2022-02-14,Sacramento,067,1510023,275225,268547,25980,294527,2717
2022-02-14,San Benito,069,59416,12622,12598,502,13100,91
2022-02-14,San Bernardino,071,2135413,562700,551338,24400,575738,6372
2022-02-14,San Diego,073,3302833,736018,723902,51040,774942,4894
2022-02-14,San Francisco,075,870044,119938,120581,7996,128577,756
2022-02-14,San Joaquin,077,732212,163410,162363,9666,172029,2018
2022-02-14,San Luis Obispo,079,281455,50962,50465,3598,54063,416
2022-02-14,San Mateo,081,765935,118407,116129,6691,122820,592
2022-02-14,Santa Barbara,083,443738,84018,83697,4597,88294,636
2022-02-14,Santa Clara,085,1922200,301818,301319,11960,313279,2127
2022-02-14,Santa Cruz,087,273765,45797,45042,2042,47084,250
2022-02-14,Shasta,089,179085,29803,29595,5938,35533,474
2022-02-14,Sierra,091,2930,270,269,46,315,0
2022-02-14,Siskiyou,093,43540,4324,4278,2635,6913,69
2022-02-14,Solano,095,438530,79249,78533,5421,83954,427
2022-02-14,Sonoma,097,501317,81332,80336,2457,82793,431
2022-02-14,Stanislaus,099,539301,115389,115426,17147,132573,1406
2022-02-14,Sutter,101,95872,20057,19957,1958,21915,209
2022-02-14,Tehama,103,63373,11794,11686,2561,14247,151
2022-02-14,Trinity,105,12862,1155,1123,279,1402,20
2022-02-14,Tulare,107,460477,104445,101448,27135,128583,1276
2022-02-14,Tuolumne,109,53932,12346,11920,535,12455,170
2022-02-14,Ventura,111,848112,170348,169725,9256,178981,1361
2022-02-14,Yolo,113,214977,36008,35112,3009,38121,286
2022-02-14,Yuba,115,75493,15461,15375,1141,16516,108
2022-02-13,Alameda,001,1643700,248476,243681,13185,256866,1677
2022-02-13,Alpine,003,1148,121,125,1,126,0
2022-02-13,Amador,005,37829,8232,8146,622,8768,77
2022-02-13,Butte,007,227075,32210,31865,6525,38390,360
2022-02-13,Calaveras,009,45235,7101,7083,324,7407,106
2022-02-13,Colusa,011,21464,3381,3366,1042,4408,21
2022-02-13,Contra Costa,013,1133247,183801,181313,12525,193838,1159
2022-02-13,Del Norte,015,27424,5446,5379,163,5542,45
2022-02-13,El Dorado,017,186661,26189,25871,3138,29009,188
2022-02-13,Fresno,019,978130,225359,221686,22992,244678,2537
2022-02-13,Glenn,021,27897,4878,4847,1563,6410,39
2022-02-13,Humboldt,023,135768,16278,16210,2770,18980,132
2022-02-13,Imperial,025,180216,54280,53658,10362,64020,860
2022-02-13,Inyo,027,18085,4022,4006,446,4452,52
2022-02-13,Kern,029,883053,188304,185640,44848,230488,2063
2022-02-13,Kings,031,150075,50131,49243,3453,52696,416
2022-02-13,Lake,033,64148,10188,10042,842,10884,123
2022-02-13,Lassen,035,31185,8663,8503,859,9362,55
2022-02-13,Los Angeles,037,10098052,2667086,2631267,121162,2752429,29595
2022-02-13,Madera,039,155013,36381,36054,5817,41871,330
2022-02-13,Marin,041,260295,32436,32222,2137,34359,255
2022-02-13,Mariposa,043,17540,2305,2292,186,2478,6
2022-02-13,Mendocino,045,87422,12671,12521,2809,15330,108
2022-02-13,Merced,047,269075,60806,60460,8200,68660,758
2022-02-13,Modoc,049,8938,710,704,233,937,6
2022-02-13,Mono,051,14174,2945,2949,119,3068,5
2022-02-13,Monterey,053,433212,77280,75295,12789,88084,678
2022-02-13,Napa,055,140530,24840,24743,908,25651,127
2022-02-13,Nevada,057,99092,15592,15590,1138,16728,121
2022-02-13,Orange,059,3164182,537744,536134,40217,576351,6355
2022-02-13,Placer,061,380077,61507,61020,7157,68177,554
2022-02-13,Plumas,063,18699,2899,2626,344,2970,13
2022-02-13,Riverside,065,2383286,583341,578363,27176,605539,5995
2022-02-13,Sacramento,067,1510023,274716,267947,25849,293796,2699
2022-02-13,San Benito,069,59416,12589,12578,501,13079,91
2022-02-13,San Bernardino,071,2135413,562210,550632,24367,574999,6367
2022-02-13,San Diego,073,3302833,734879,723902,50921,774823,4894
2022-02-13,San Francisco,075,870044,119685,120295,7984,128279,756
2022-02-13,San Joaquin,077,732212,163103,162028,9637,171665,2018
2022-02-13,San Luis Obispo,079,281455,50817,50384,3590,53974,415
2022-02-13,San Mateo,081,765935,118186,115876,6666,122542,592
2022-02-13,Santa Barbara,083,443738,83854,83547,4590,88137,635
2022-02-13,Santa Clara,085,1922200,301178,300412,11923,312335,2114
2022-02-13,Santa Cruz,087,273765,45642,44887,2040,46927,240
2022-02-13,Shasta,089,179085,29724,29531,5914,35445,474
2022-02-13,Sierra,091,2930,270,269,46,315,0
2022-02-13,Siskiyou,093,43540,4317,4264,2619,6883,69
2022-02-13,Solano,095,438530,79093,78424,5396,83820,426
2022-02-13,Sonoma,097,501317,81166,80172,2445,82617,431
2022-02-13,Stanislaus,099,539301,115193,115156,17106,132262,1406
2022-02-13,Sutter,101,95872,20018,19900,1958,21858,209
2022-02-13,Tehama,103,63373,11768,11644,2558,14202,151
2022-02-13,Trinity,105,12862,1152,1120,276,1396,20
2022-02-13,Tulare,107,460477,104228,101135,27045,128180,1276
2022-02-13,Tuolumne,109,53932,12321,11891,530,12421,170
2022-02-13,Ventura,111,848112,170154,169422,9236,178658,1361
2022-02-13,Yolo,113,214977,35941,35057,2997,38054,286
2022-02-13,Yuba,115,75493,15427,15346,1139,16485,107
2022-02-12,Alameda,001,1643700,248254,242137,13171,255308,1668
2022-02-12,Alpine,003,1148,121,124,1,125,0
2022-02-12,Amador,005,37829,8226,8091,622,8713,76
2022-02-12,Butte,007,227075,32183,31601,6518,38119,360
2022-02-12,Calaveras,009,45235,7098,7022,323,7345,106
2022-02-12,Colusa,011,21464,3378,3345,1042,4387,21
2022-02-12,Contra Costa,013,1133247,183610,180270,12518,192788,1141
2022-02-12,Del Norte,015,27424,5427,5262,163,5425,45
2022-02-12,El Dorado,017,186661,26173,25692,3138,28830,188
2022-02-12,Fresno,019,978130,225145,219909,22975,242884,2509
2022-02-12,Glenn,021,27897,4877,4818,1562,6380,39
2022-02-12,Humboldt,023,135768,16254,16058,2766,18824,132
2022-02-12,Imperial,025,180216,54236,53304,10351,63655,860
2022-02-12,Inyo,027,18085,4020,3991,446,4437,52
2022-02-12,Kern,029,883053,188193,184639,44811,229450,2037
2022-02-12,Kings,031,150075,50091,48893,3446,52339,415
2022-02-12,Lake,033,64148,10167,9926,838,10764,123
2022-02-12,Lassen,035,31185,8640,8477,858,9335,55
2022-02-12,Los Angeles,037,10098052,2665925,2616426,121086,2737512,29364
2022-02-12,Madera,039,155013,36347,35710,5810,41520,330
2022-02-12,Marin,041,260295,32404,32048,2134,34182,255
2022-02-12,Mariposa,043,17540,2305,2286,186,2472,6
2022-02-12,Mendocino,045,87422,12655,12439,2809,15248,107
2022-02-12,Merced,047,269075,60752,60187,8195,68382,758
2022-02-12,Modoc,049,8938,710,697,233,930,6
2022-02-12,Mono,051,14174,2944,2939,119,3058,5
2022-02-12,Monterey,053,433212,77219,74842,12767,87609,672
2022-02-12,Napa,055,140530,24812,24530,908,25438,124
2022-02-12,Nevada,057,99092,15579,15499,1136,16635,119
2022-02-12,Orange,059,3164182,537455,534503,40181,574684,6305
2022-02-12,Placer,061,380077,61450,60636,7154,67790,554
2022-02-12,Plumas,063,18699,2898,2617,343,2960,13
2022-02-12,Riverside,065,2383286,582979,575566,27152,602718,5961
2022-02-12,Sacramento,067,1510023,274479,266347,25840,292187,2686
2022-02-12,San Benito,069,59416,12577,12526,501,13027,91
2022-02-12,San Bernardino,071,2135413,561977,548822,24355,573177,6360
2022-02-12,San Diego,073,3302833,734380,720287,50872,771159,4854
2022-02-12,San Francisco,075,870044,119563,119113,7973,127086,740
2022-02-12,San Joaquin,077,732212,162973,161234,9631,170865,2014
2022-02-12,San Luis Obispo,079,281455,50781,50064,3587,53651,416
2022-02-12,San Mateo,081,765935,118098,115235,6658,121893,589
2022-02-12,Santa Barbara,083,443738,83768,83390,4581,87971,631
2022-02-12,Santa Clara,085,1922200,300839,298176,11915,310091,2093
2022-02-12,Santa Cruz,087,273765,45606,44447,2038,46485,239
2022-02-12,Shasta,089,179085,29695,29370,5910,35280,473
2022-02-12,Sierra,091,2930,270,268,46,314,0
2022-02-12,Siskiyou,093,43540,4310,4231,2616,6847,68
2022-02-12,Solano,095,438530,79051,77865,5391,83256,424
2022-02-12,Sonoma,097,501317,81062,79533,2443,81976,431
2022-02-12,Stanislaus,099,539301,115068,114531,17094,131625,1406
2022-02-12,Sutter,101,95872,20003,19800,1958,21758,211
2022-02-12,Tehama,103,63373,11753,11580,2558,14138,151
2022-02-12,Trinity,105,12862,1151,1115,276,1391,20
2022-02-12,Tulare,107,460477,104132,100434,27008,127442,1273
2022-02-12,Tuolumne,109,53932,12303,11754,530,12284,125
2022-02-12,Ventura,111,848112,170046,168736,9231,177967,1340
2022-02-12,Yolo,113,214977,35900,34773,2994,37767,286
2022-02-12,Yuba,115,75493,15413,15242,1138,16380,107
2022-02-11,Alameda,001,1643700,247973,242137,13157,255294,1668
2022-02-11,Alpine,003,1148,121,124,1,125,0
2022-02-11,Amador,005,37829,8214,8091,622,8713,76
2022-02-11,Butte,007,227075,32139,31601,6508,38109,360
2022-02-11,Calaveras,009,45235,7095,7022,323,7345,106
2022-02-11,Colusa,011,21464,3376,3345,1041,4386,21
2022-02-11,Contra Costa,013,1133247,183406,180270,12500,192770,1141
2022-02-11,Del Norte,015,27424,5411,5262,162,5424,45
2022-02-11,El Dorado,017,186661,26154,25692,3137,28829,188
2022-02-11,Fresno,019,978130,224850,219909,22957,242866,2509
2022-02-11,Glenn,021,27897,4873,4818,1562,6380,39
2022-02-11,Humboldt,023,135768,16225,16058,2761,18819,132
2022-02-11,Imperial,025,180216,54206,53304,10340,63644,860
2022-02-11,Inyo,027,18085,4016,3991,441,4432,52
2022-02-11,Kern,029,883053,188035,184639,44758,229397,2037
2022-02-11,Kings,031,150075,50051,48893,3445,52338,415
2022-02-11,Lake,033,64148,10142,9926,836,10762,123
2022-02-11,Lassen,035,31185,8600,8477,858,9335,55
2022-02-11,Los Angeles,037,10098052,2664294,2616426,120998,2737424,29364
2022-02-11,Madera,039,155013,36305,35710,5804,41514,330
2022-02-11,Marin,041,260295,32372,32048,2131,34179,255
2022-02-11,Mariposa,043,17540,2300,2286,186,2472,6
2022-02-11,Mendocino,045,87422,12639,12439,2809,15248,107
2022-02-11,Merced,047,269075,60702,60187,8188,68375,758
2022-02-11,Modoc,049,8938,708,697,233,930,6
2022-02-11,Mono,051,14174,2943,2939,119,3058,5
2022-02-11,Monterey,053,433212,77103,74842,12753,87595,672
2022-02-11,Napa,055,140530,24785,24530,908,25438,124
2022-02-11,Nevada,057,99092,15565,15499,1133,16632,119
2022-02-11,Orange,059,3164182,537104,534503,40120,574623,6305
2022-02-11,Placer,061,380077,61398,60636,7152,67788,554
2022-02-11,Plumas,063,18699,2894,2617,341,2958,13
2022-02-11,Riverside,065,2383286,582560,575566,27136,602702,5961
2022-02-11,Sacramento,067,1510023,274214,266347,25828,292175,2686
2022-02-11,San Benito,069,59416,12572,12526,501,13027,91
2022-02-11,San Bernardino,071,2135413,561663,548822,24341,573163,6360
2022-02-11,San Diego,073,3302833,733677,720287,50813,771100,4854
2022-02-11,San Francisco,075,870044,119442,119113,7957,127070,740
2022-02-11,San Joaquin,077,732212,162805,161234,9619,170853,2014
2022-02-11,San Luis Obispo,079,281455,50744,50064,3583,53647,416
2022-02-11,San Mateo,081,765935,117980,115235,6649,121884,589
2022-02-11,Santa Barbara,083,443738,83684,83390,4580,87970,631
2022-02-11,Santa Clara,085,1922200,300414,298176,11898,310074,2093
2022-02-11,Santa Cruz,087,273765,45515,44447,2038,46485,239
2022-02-11,Shasta,089,179085,29664,29370,5902,35272,473
2022-02-11,Sierra,091,2930,269,268,45,313,0
2022-02-11,Siskiyou,093,43540,4299,4231,2610,6841,68
2022-02-11,Solano,095,438530,78926,77865,5385,83250,424
2022-02-11,Sonoma,097,501317,80975,79533,2438,81971,431
2022-02-11,Stanislaus,099,539301,114966,114531,17080,131611,1406
2022-02-11,Sutter,101,95872,19980,19800,1956,21756,211
2022-02-11,Tehama,103,63373,11740,11580,2557,14137,151
2022-02-11,Trinity,105,12862,1150,1115,275,1390,20
2022-02-11,Tulare,107,460477,104014,100434,26956,127390,1273
2022-02-11,Tuolumne,109,53932,12288,11754,528,12282,125
2022-02-11,Ventura,111,848112,169907,168736,9226,177962,1340
2022-02-11,Yolo,113,214977,35867,34773,2992,37765,286
2022-02-11,Yuba,115,75493,15396,15242,1137,16379,107
2022-02-10,Alameda,001,1643700,247448,242137,13110,255247,1668
2022-02-10,Alpine,003,1148,121,124,1,125,0
2022-02-10,Amador,005,37829,8202,8091,615,8706,76
2022-02-10,Butte,007,227075,32087,31601,6496,38097,360
2022-02-10,Calaveras,009,45235,7083,7022,321,7343,106
2022-02-10,Colusa,011,21464,3370,3345,1039,4384,21
2022-02-10,Contra Costa,013,1133247,183044,180270,12436,192706,1141
2022-02-10,Del Norte,015,27424,5382,5262,160,5422,45
2022-02-10,El Dorado,017,186661,26109,25692,3130,28822,188
2022-02-10,Fresno,019,978130,224270,219909,22869,242778,2509
2022-02-10,Glenn,021,27897,4869,4818,1560,6378,39
2022-02-10,Humboldt,023,135768,16175,16058,2739,18797,132
2022-02-10,Imperial,025,180216,54137,53304,10297,63601,860
2022-02-10,Inyo,027,18085,4012,3991,441,4432,52
2022-02-10,Kern,029,883053,187727,184639,44646,229285,2037
2022-02-10,Kings,031,150075,49940,48893,3434,52327,415
2022-02-10,Lake,033,64148,10111,9926,834,10760,123
2022-02-10,Lassen,035,31185,8586,8477,856,9333,55
2022-02-10,Los Angeles,037,10098052,2661142,2616426,120810,2737236,29364
2022-02-10,Madera,039,155013,36208,35710,5772,41482,330
2022-02-10,Marin,041,260295,32314,32048,2119,34167,255
2022-02-10,Mariposa,043,17540,2296,2286,185,2471,6
2022-02-10,Mendocino,045,87422,12617,12439,2785,15224,107
2022-02-10,Merced,047,269075,60577,60187,8135,68322,758
2022-02-10,Modoc,049,8938,707,697,232,929,6
2022-02-10,Mono,051,14174,2941,2939,118,3057,5
2022-02-10,Monterey,053,433212,76921,74842,12670,87512,672
2022-02-10,Napa,055,140530,24720,24530,906,25436,124
2022-02-10,Nevada,057,99092,15540,15499,1132,16631,119
2022-02-10,Orange,059,3164182,536453,534503,40052,574555,6305
2022-02-10,Placer,061,380077,61317,60636,7143,67779,554
2022-02-10,Plumas,063,18699,2891,2617,334,2951,13
2022-02-10,Riverside,065,2383286,581832,575566,27080,602646,5961
2022-02-10,Sacramento,067,1510023,273734,266347,25739,292086,2686
2022-02-10,San Benito,069,59416,12551,12526,499,13025,91
2022-02-10,San Bernardino,071,2135413,561119,548822,24309,573131,6360
2022-02-10,San Diego,073,3302833,732569,720287,50693,770980,4854
2022-02-10,San Francisco,075,870044,119229,119113,7939,127052,740
2022-02-10,San Joaquin,077,732212,162492,161234,9611,170845,2014
2022-02-10,San Luis Obispo,079,281455,50645,50064,3572,53636,416
2022-02-10,San Mateo,081,765935,117755,115235,6632,121867,589
2022-02-10,Santa Barbara,083,443738,83500,83390,4574,87964,631
2022-02-10,Santa Clara,085,1922200,299746,298176,11840,310016,2093
2022-02-10,Santa Cruz,087,273765,45371,44447,2037,46484,239
2022-02-10,Shasta,089,179085,29602,29370,5882,35252,473
2022-02-10,Sierra,091,2930,269,268,45,313,0
2022-02-10,Siskiyou,093,43540,4294,4231,2597,6828,68
2022-02-10,Solano,095,438530,78734,77865,5366,83231,424
2022-02-10,Sonoma,097,501317,80839,79533,2422,81955,431
2022-02-10,Stanislaus,099,539301,114787,114531,17041,131572,1406
2022-02-10,Sutter,101,95872,19941,19800,1941,21741,211
2022-02-10,Tehama,103,63373,11710,11580,2554,14134,151
2022-02-10,Trinity,105,12862,1147,1115,274,1389,20
2022-02-10,Tulare,107,460477,103827,100434,26877,127311,1273
2022-02-10,Tuolumne,109,53932,12266,11754,523,12277,125
2022-02-10,Ventura,111,848112,169626,168736,9212,177948,1340
2022-02-10,Yolo,113,214977,35790,34773,2986,37759,286
2022-02-10,Yuba,115,75493,15364,15242,1132,16374,107
2022-02-09,Alameda,001,1643700,246915,241141,13052,254193,1668
2022-02-09,Alpine,003,1148,120,124,1,125,0
2022-02-09,Amador,005,37829,8188,8069,610,8679,76
2022-02-09,Butte,007,227075,31994,31433,6480,37913,359
2022-02-09,Calaveras,009,45235,7068,7005,317,7322,106
2022-02-09,Colusa,011,21464,3367,3331,1038,4369,21
2022-02-09,Contra Costa,013,1133247,182691,179695,12390,192085,1132
2022-02-09,Del Norte,015,27424,5334,5204,159,5363,45
2022-02-09,El Dorado,017,186661,26072,25572,3118,28690,186
2022-02-09,Fresno,019,978130,223657,218989,22779,241768,2502
2022-02-09,Glenn,021,27897,4856,4804,1559,6363,39
2022-02-09,Humboldt,023,135768,16127,15929,2714,18643,131
2022-02-09,Imperial,025,180216,54034,53102,10224,63326,858
2022-02-09,Inyo,027,18085,4006,3989,440,4429,52
2022-02-09,Kern,029,883053,187350,184068,44531,228599,2021
2022-02-09,Kings,031,150075,49829,48718,3428,52146,410
2022-02-09,Lake,033,64148,10071,9880,829,10709,124
2022-02-09,Lassen,035,31185,8561,8459,855,9314,55
2022-02-09,Los Angeles,037,10098052,2657458,2611611,120675,2732286,29263
2022-02-09,Madera,039,155013,36110,35559,5741,41300,330
2022-02-09,Marin,041,260295,32264,31965,2112,34077,255
2022-02-09,Mariposa,043,17540,2293,2279,185,2464,6
2022-02-09,Mendocino,045,87422,12583,12378,2756,15134,107
2022-02-09,Merced,047,269075,60447,59952,8084,68036,755
2022-02-09,Modoc,049,8938,704,691,231,922,6
2022-02-09,Mono,051,14174,2939,2937,118,3055,5
2022-02-09,Monterey,053,433212,76719,74500,12584,87084,670
2022-02-09,Napa,055,140530,24674,24429,901,25330,123
2022-02-09,Nevada,057,99092,15519,15446,1130,16576,119
2022-02-09,Orange,059,3164182,535823,534316,39973,574289,6263
2022-02-09,Placer,061,380077,61222,60490,7123,67613,553
2022-02-09,Plumas,063,18699,2886,2609,330,2939,13
2022-02-09,Riverside,065,2383286,581089,573907,27034,600941,5911
2022-02-09,Sacramento,067,1510023,273168,265624,25622,291246,2673
2022-02-09,San Benito,069,59416,12527,12492,499,12991,91
2022-02-09,San Bernardino,071,2135413,560511,547768,24283,572051,6349
2022-02-09,San Diego,073,3302833,731212,717896,50583,768479,4832
2022-02-09,San Francisco,075,870044,118980,118550,7928,126478,731
2022-02-09,San Joaquin,077,732212,162187,160618,9601,170219,2014
2022-02-09,San Luis Obispo,079,281455,50499,49833,3567,53400,414
2022-02-09,San Mateo,081,765935,117567,114890,6591,121481,589
2022-02-09,Santa Barbara,083,443738,83318,82830,4568,87398,629
2022-02-09,Santa Clara,085,1922200,299028,297157,11782,308939,2090
2022-02-09,Santa Cruz,087,273765,45190,44200,2030,46230,239
2022-02-09,Shasta,089,179085,29533,29215,5861,35076,471
2022-02-09,Sierra,091,2930,268,268,44,312,0
2022-02-09,Siskiyou,093,43540,4280,4217,2591,6808,68
2022-02-09,Solano,095,438530,78543,77299,5355,82654,423
2022-02-09,Sonoma,097,501317,80665,79165,2415,81580,431
2022-02-09,Stanislaus,099,539301,114538,114039,16805,130844,1406
2022-02-09,Sutter,101,95872,19899,19758,1928,21686,207
2022-02-09,Tehama,103,63373,11683,11542,2550,14092,149
2022-02-09,Trinity,105,12862,1143,1110,273,1383,20
2022-02-09,Tulare,107,460477,103613,100049,26789,126838,1271
2022-02-09,Tuolumne,109,53932,12228,11702,520,12222,95
2022-02-09,Ventura,111,848112,169389,168253,9199,177452,1325
2022-02-09,Yolo,113,214977,35720,34588,2970,37558,285
2022-02-09,Yuba,115,75493,15333,15187,1121,16308,105
2022-02-08,Alameda,001,1643700,246280,240587,12979,253566,1651
2022-02-08,Alpine,003,1148,120,124,1,125,0
2022-02-08,Amador,005,37829,8180,8050,603,8653,76
2022-02-08,Butte,007,227075,31909,31353,6457,37810,359
2022-02-08,Calaveras,009,45235,7051,6981,315,7296,101
2022-02-08,Colusa,011,21464,3359,3320,1037,4357,21
2022-02-08,Contra Costa,013,1133247,182260,179078,12313,191391,1132
2022-02-08,Del Norte,015,27424,5309,5156,154,5310,44
2022-02-08,El Dorado,017,186661,26027,25446,3107,28553,186
2022-02-08,Fresno,019,978130,222910,218416,22673,241089,2502
2022-02-08,Glenn,021,27897,4839,4784,1555,6339,39
2022-02-08,Humboldt,023,135768,16066,15865,2681,18546,130
2022-02-08,Imperial,025,180216,53905,52977,10180,63157,855
2022-02-08,Inyo,027,18085,4001,3983,440,4423,52
2022-02-08,Kern,029,883053,187014,183519,44399,227918,2010
2022-02-08,Kings,031,150075,49669,48479,3416,51895,411
2022-02-08,Lake,033,64148,10041,9806,823,10629,125
2022-02-08,Lassen,035,31185,8552,8423,851,9274,55
2022-02-08,Los Angeles,037,10098052,2653123,2611204,120486,2731690,29259
2022-02-08,Madera,039,155013,36003,35381,5685,41066,330
2022-02-08,Marin,041,260295,32190,31878,2107,33985,255
2022-02-08,Mariposa,043,17540,2291,2266,177,2443,6
2022-02-08,Mendocino,045,87422,12551,12336,2725,15061,107
2022-02-08,Merced,047,269075,60337,59789,8025,67814,751
2022-02-08,Modoc,049,8938,700,684,231,915,6
2022-02-08,Mono,051,14174,2938,2932,118,3050,5
2022-02-08,Monterey,053,433212,76512,74316,12497,86813,670
2022-02-08,Napa,055,140530,24601,24346,894,25240,121
2022-02-08,Nevada,057,99092,15492,15383,1127,16510,117
2022-02-08,Orange,059,3164182,535136,533507,39885,573392,6205
2022-02-08,Placer,061,380077,61114,60301,7111,67412,553
2022-02-08,Plumas,063,18699,2875,2596,323,2919,13
2022-02-08,Riverside,065,2383286,580259,571892,26961,598853,5908
2022-02-08,Sacramento,067,1510023,272499,264479,25445,289924,2664
2022-02-08,San Benito,069,59416,12503,12434,497,12931,91
2022-02-08,San Bernardino,071,2135413,559800,544658,24239,568897,6335
2022-02-08,San Diego,073,3302833,729639,717896,50453,768349,4832
2022-02-08,San Francisco,075,870044,118667,117942,7919,125861,731
2022-02-08,San Joaquin,077,732212,161804,160147,9582,169729,2005
2022-02-08,San Luis Obispo,079,281455,50333,49556,3537,53093,410
2022-02-08,San Mateo,081,765935,117349,114541,6561,121102,589
2022-02-08,Santa Barbara,083,443738,83149,82461,4543,87004,627
2022-02-08,Santa Clara,085,1922200,298147,295679,11734,307413,2091
2022-02-08,Santa Cruz,087,273765,45035,43884,2025,45909,239
2022-02-08,Shasta,089,179085,29450,29084,5833,34917,470
2022-02-08,Sierra,091,2930,268,267,44,311,0
2022-02-08,Siskiyou,093,43540,4270,4191,2582,6773,68
2022-02-08,Solano,095,438530,78313,77031,5340,82371,421
2022-02-08,Sonoma,097,501317,80451,78798,2393,81191,431
2022-02-08,Stanislaus,099,539301,114285,113733,16730,130463,1406
2022-02-08,Sutter,101,95872,19861,19717,1916,21633,203
2022-02-08,Tehama,103,63373,11656,11491,2543,14034,149
2022-02-08,Trinity,105,12862,1137,1110,273,1383,20
2022-02-08,Tulare,107,460477,103321,99694,26655,126349,1267
2022-02-08,Tuolumne,109,53932,12204,11665,518,12183,92
2022-02-08,Ventura,111,848112,169152,167830,9184,177014,1325
2022-02-08,Yolo,113,214977,35638,34462,2956,37418,281
2022-02-08,Yuba,115,75493,15288,15126,1099,16225,107
2022-02-07,Alameda,001,1643700,245568,238678,12912,251590,1643
2022-02-07,Alpine,003,1148,120,124,1,125,0
2022-02-07,Amador,005,37829,8152,7980,595,8575,75
2022-02-07,Butte,007,227075,31820,31184,6429,37613,355
2022-02-07,Calaveras,009,45235,7029,6910,314,7224,100
2022-02-07,Colusa,011,21464,3348,3283,1031,4314,21
2022-02-07,Contra Costa,013,1133247,181798,177767,12241,190008,1130
2022-02-07,Del Norte,015,27424,5268,5093,149,5242,44
2022-02-07,El Dorado,017,186661,25964,25257,3095,28352,185
2022-02-07,Fresno,019,978130,222057,216495,22527,239022,2493
2022-02-07,Glenn,021,27897,4832,4762,1551,6313,39
2022-02-07,Humboldt,023,135768,15991,15764,2656,18420,129
2022-02-07,Imperial,025,180216,53791,52689,10111,62800,853
2022-02-07,Inyo,027,18085,3996,3976,434,4410,51
2022-02-07,Kern,029,883053,186541,182047,44234,226281,1998
2022-02-07,Kings,031,150075,49485,48147,3399,51546,403
2022-02-07,Lake,033,64148,9995,9519,815,10334,125
2022-02-07,Lassen,035,31185,8534,8362,845,9207,55
2022-02-07,Los Angeles,037,10098052,2648667,2607438,120274,2727712,29210
2022-02-07,Madera,039,155013,35879,35083,5635,40718,330
2022-02-07,Marin,041,260295,32124,31670,2096,33766,255
2022-02-07,Mariposa,043,17540,2286,2253,173,2426,6
2022-02-07,Mendocino,045,87422,12493,12237,2687,14924,107
2022-02-07,Merced,047,269075,60210,59472,7932,67404,748
2022-02-07,Modoc,049,8938,696,679,231,910,6
2022-02-07,Mono,051,14174,2936,2917,118,3035,5
2022-02-07,Monterey,053,433212,76258,69433,12389,81822,670
2022-02-07,Napa,055,140530,24515,23237,884,24121,120
2022-02-07,Nevada,057,99092,15457,15268,1121,16389,113
2022-02-07,Orange,059,3164182,534372,531442,39803,571245,6179
2022-02-07,Placer,061,380077,60990,59894,7096,66990,546
2022-02-07,Plumas,063,18699,2864,2573,314,2887,13
2022-02-07,Riverside,065,2383286,579315,568874,26875,595749,5868
2022-02-07,Sacramento,067,1510023,271819,262834,25258,288092,2631
2022-02-07,San Benito,069,59416,12465,12285,495,12780,90
2022-02-07,San Bernardino,071,2135413,559004,542846,24200,567046,6335
2022-02-07,San Diego,073,3302833,727919,716244,50270,766514,4811
2022-02-07,San Francisco,075,870044,118328,113945,7894,121839,727
2022-02-07,San Joaquin,077,732212,161421,159358,9563,168921,1998
2022-02-07,San Luis Obispo,079,281455,50163,48994,3517,52511,406
2022-02-07,San Mateo,081,765935,117062,107060,6532,113592,589
2022-02-07,Santa Barbara,083,443738,82961,81608,4528,86136,624
2022-02-07,Santa Clara,085,1922200,297196,293360,11686,305046,2085
2022-02-07,Santa Cruz,087,273765,44819,43244,2021,45265,239
2022-02-07,Shasta,089,179085,29360,28900,5806,34706,468
2022-02-07,Sierra,091,2930,268,265,44,309,0
2022-02-07,Siskiyou,093,43540,4259,4157,2566,6723,68
2022-02-07,Solano,095,438530,78056,73934,5313,79247,420
2022-02-07,Sonoma,097,501317,80194,78296,2380,80676,431
2022-02-07,Stanislaus,099,539301,114027,113029,16585,129614,1406
2022-02-07,Sutter,101,95872,19829,19599,1888,21487,203
2022-02-07,Tehama,103,63373,11615,11418,2535,13953,146
2022-02-07,Trinity,105,12862,1133,1109,270,1379,20
2022-02-07,Tulare,107,460477,102962,98774,26518,125292,1263
2022-02-07,Tuolumne,109,53932,12156,11578,514,12092,92
2022-02-07,Ventura,111,848112,168834,166904,9169,176073,1324
2022-02-07,Yolo,113,214977,35527,34007,2941,36948,281
2022-02-07,Yuba,115,75493,15241,14998,1092,16090,105
2022-02-06,Alameda,001,1643700,244656,237188,12828,250016,1643
2022-02-06,Alpine,003,1148,120,123,1,124,0
2022-02-06,Amador,005,37829,8122,7922,583,8505,73
2022-02-06,Butte,007,227075,31693,31021,6382,37403,355
2022-02-06,Calaveras,009,45235,7002,6870,309,7179,99
2022-02-06,Colusa,011,21464,3338,3282,1030,4312,21
2022-02-06,Contra Costa,013,1133247,181172,176863,12084,188947,1128
2022-02-06,Del Norte,015,27424,5212,5038,147,5185,44
2022-02-06,El Dorado,017,186661,25901,25165,3083,28248,185
2022-02-06,Fresno,019,978130,221211,214726,22269,236995,2489
2022-02-06,Glenn,021,27897,4819,4738,1542,6280,39
2022-02-06,Humboldt,023,135768,15907,15658,2616,18274,128
2022-02-06,Imperial,025,180216,53604,52396,10064,62460,853
2022-02-06,Inyo,027,18085,3994,3970,431,4401,51
2022-02-06,Kern,029,883053,185989,181188,43993,225181,1996
2022-02-06,Kings,031,150075,49262,47669,3373,51042,401
2022-02-06,Lake,033,64148,9926,9468,797,10265,125
2022-02-06,Lassen,035,31185,8514,8326,840,9166,55
2022-02-06,Los Angeles,037,10098052,2643134,2602620,120011,2722631,29180
2022-02-06,Madera,039,155013,35695,34901,5541,40442,330
2022-02-06,Marin,041,260295,32027,31488,2083,33571,255
2022-02-06,Mariposa,043,17540,2278,2244,162,2406,6
2022-02-06,Mendocino,045,87422,12450,12169,2617,14786,107
2022-02-06,Merced,047,269075,59992,59112,7771,66883,748
2022-02-06,Modoc,049,8938,691,675,230,905,6
2022-02-06,Mono,051,14174,2931,2901,116,3017,5
2022-02-06,Monterey,053,433212,75892,67912,12229,80141,670
2022-02-06,Napa,055,140530,24396,23230,876,24106,120
2022-02-06,Nevada,057,99092,15392,15192,1108,16300,113
2022-02-06,Orange,059,3164182,533420,527906,39702,567608,6171
2022-02-06,Placer,061,380077,60814,59507,7070,66577,544
2022-02-06,Plumas,063,18699,2850,2559,305,2864,13
2022-02-06,Riverside,065,2383286,578173,568276,26798,595074,5865
2022-02-06,Sacramento,067,1510023,270948,261353,24991,286344,2631
2022-02-06,San Benito,069,59416,12410,12186,487,12673,90
2022-02-06,San Bernardino,071,2135413,558023,541103,24131,565234,6334
2022-02-06,San Diego,073,3302833,725858,709938,50031,759969,4786
2022-02-06,San Francisco,075,870044,117945,113115,7867,120982,728
2022-02-06,San Joaquin,077,732212,160856,158510,9524,168034,1997
2022-02-06,San Luis Obispo,079,281455,49938,48843,3460,52303,405
2022-02-06,San Mateo,081,765935,116723,105556,6493,112049,587
2022-02-06,Santa Barbara,083,443738,82643,81118,4491,85609,623
2022-02-06,Santa Clara,085,1922200,296089,291732,11568,303300,2075
2022-02-06,Santa Cruz,087,273765,44506,42952,2007,44959,239
2022-02-06,Shasta,089,179085,29237,28762,5757,34519,468
2022-02-06,Sierra,091,2930,268,265,44,309,0
2022-02-06,Siskiyou,093,43540,4238,4118,2540,6658,68
2022-02-06,Solano,095,438530,77758,73475,5271,78746,419
2022-02-06,Sonoma,097,501317,79857,77887,2365,80252,431
2022-02-06,Stanislaus,099,539301,113630,112521,16438,128959,1406
2022-02-06,Sutter,101,95872,19787,19523,1847,21370,203
2022-02-06,Tehama,103,63373,11575,11366,2515,13881,146
2022-02-06,Trinity,105,12862,1132,1102,269,1371,20
2022-02-06,Tulare,107,460477,102525,98260,26326,124586,1262
2022-02-06,Tuolumne,109,53932,12104,11507,497,12004,92
2022-02-06,Ventura,111,848112,168458,166235,9158,175393,1323
2022-02-06,Yolo,113,214977,35388,33784,2925,36709,281
2022-02-06,Yuba,115,75493,15195,14917,1083,16000,104
2022-02-05,Alameda,001,1643700,244240,235698,12819,248517,1638
2022-02-05,Alpine,003,1148,120,124,1,125,0
2022-02-05,Amador,005,37829,8113,7855,580,8435,71
2022-02-05,Butte,007,227075,31639,30733,6368,37101,355
2022-02-05,Calaveras,009,45235,6986,6789,309,7098,99
2022-02-05,Colusa,011,21464,3331,3234,1028,4262,21
2022-02-05,Contra Costa,013,1133247,180903,175871,12068,187939,1115
2022-02-05,Del Norte,015,27424,5170,4978,147,5125,44
2022-02-05,El Dorado,017,186661,25870,24813,3081,27894,185
2022-02-05,Fresno,019,978130,220867,213539,22248,235787,2477
2022-02-05,Glenn,021,27897,4817,4691,1535,6226,39
2022-02-05,Humboldt,023,135768,15859,15514,2613,18127,127
2022-02-05,Imperial,025,180216,53541,52153,10051,62204,853
2022-02-05,Inyo,027,18085,3991,3948,431,4379,51
2022-02-05,Kern,029,883053,185780,180296,43891,224187,1987
2022-02-05,Kings,031,150075,49175,47538,3366,50904,402
2022-02-05,Lake,033,64148,9907,9289,790,10079,124
2022-02-05,Lassen,035,31185,8503,8288,838,9126,55
2022-02-05,Los Angeles,037,10098052,2640950,2572702,119884,2692586,28947
2022-02-05,Madera,039,155013,35642,34471,5529,40000,329
2022-02-05,Marin,041,260295,31980,31299,2079,33378,255
2022-02-05,Mariposa,043,17540,2277,2222,161,2383,6
2022-02-05,Mendocino,045,87422,12422,12066,2615,14681,107
2022-02-05,Merced,047,269075,59899,58908,7763,66671,744
2022-02-05,Modoc,049,8938,690,664,230,894,6
2022-02-05,Mono,051,14174,2930,2904,116,3020,5
2022-02-05,Monterey,053,433212,75776,67342,12185,79527,666
2022-02-05,Napa,055,140530,24340,22973,875,23848,118
2022-02-05,Nevada,057,99092,15371,15002,1103,16105,113
2022-02-05,Orange,059,3164182,532978,527516,39611,567127,6134
2022-02-05,Placer,061,380077,60689,59043,7057,66100,533
2022-02-05,Plumas,063,18699,2849,2550,304,2854,13
2022-02-05,Riverside,065,2383286,577569,563991,26728,590719,5827
2022-02-05,Sacramento,067,1510023,270554,259437,24953,284390,2610
2022-02-05,San Benito,069,59416,12365,12142,487,12629,90
2022-02-05,San Bernardino,071,2135413,557511,539312,24110,563422,6322
2022-02-05,San Diego,073,3302833,724997,703957,49957,753914,4735
2022-02-05,San Francisco,075,870044,117736,112481,7838,120319,720
2022-02-05,San Joaquin,077,732212,160670,157420,9513,166933,1989
2022-02-05,San Luis Obispo,079,281455,49901,48361,3458,51819,404
2022-02-05,San Mateo,081,765935,116535,104810,6485,111295,587
2022-02-05,Santa Barbara,083,443738,82480,80478,4479,84957,617
2022-02-05,Santa Clara,085,1922200,295435,289262,11552,300814,2067
2022-02-05,Santa Cruz,087,273765,44432,42553,2004,44557,239
2022-02-05,Shasta,089,179085,29194,28604,5747,34351,466
2022-02-05,Sierra,091,2930,268,262,44,306,0
2022-02-05,Siskiyou,093,43540,4231,4106,2527,6633,67
2022-02-05,Solano,095,438530,77683,73112,5263,78375,415
2022-02-05,Sonoma,097,501317,79690,77213,2361,79574,431
2022-02-05,Stanislaus,099,539301,113427,111783,16418,128201,1406
2022-02-05,Sutter,101,95872,19757,19406,1841,21247,203
2022-02-05,Tehama,103,63373,11556,11259,2508,13767,146
2022-02-05,Trinity,105,12862,1130,1085,269,1354,20
2022-02-05,Tulare,107,460477,102356,97414,26242,123656,1254
2022-02-05,Tuolumne,109,53932,12079,11409,494,11903,91
2022-02-05,Ventura,111,848112,168232,165532,9142,174674,1308
2022-02-05,Yolo,113,214977,35303,33614,2911,36525,281
2022-02-05,Yuba,115,75493,15164,14801,1075,15876,105
2022-02-04,Alameda,001,1643700,243752,235698,12809,248507,1638
2022-02-04,Alpine,003,1148,120,124,1,125,0
2022-02-04,Amador,005,37829,8097,7855,576,8431,71
2022-02-04,Butte,007,227075,31579,30733,6357,37090,355
2022-02-04,Calaveras,009,45235,6976,6789,307,7096,99
2022-02-04,Colusa,011,21464,3326,3234,1026,4260,21
2022-02-04,Contra Costa,013,1133247,180580,175871,12040,187911,1115
2022-02-04,Del Norte,015,27424,5149,4978,147,5125,44
2022-02-04,El Dorado,017,186661,25834,24813,3077,27890,185
2022-02-04,Fresno,019,978130,220386,213539,22216,235755,2477
2022-02-04,Glenn,021,27897,4808,4691,1532,6223,39
2022-02-04,Humboldt,023,135768,15832,15514,2610,18124,127
2022-02-04,Imperial,025,180216,53464,52153,10034,62187,853
2022-02-04,Inyo,027,18085,3988,3948,431,4379,51
2022-02-04,Kern,029,883053,185555,180296,43763,224059,1987
2022-02-04,Kings,031,150075,49100,47538,3359,50897,402
2022-02-04,Lake,033,64148,9885,9289,787,10076,124
2022-02-04,Lassen,035,31185,8480,8288,838,9126,55
2022-02-04,Los Angeles,037,10098052,2638313,2572702,119755,2692457,28947
2022-02-04,Madera,039,155013,35559,34471,5521,39992,329
2022-02-04,Marin,041,260295,31916,31299,2070,33369,255
2022-02-04,Mariposa,043,17540,2275,2222,159,2381,6
2022-02-04,Mendocino,045,87422,12391,12066,2613,14679,107
2022-02-04,Merced,047,269075,59818,58908,7753,66661,744
2022-02-04,Modoc,049,8938,690,664,230,894,6
2022-02-04,Mono,051,14174,2928,2904,116,3020,5
2022-02-04,Monterey,053,433212,75586,67342,12142,79484,666
2022-02-04,Napa,055,140530,24293,22973,871,23844,118
2022-02-04,Nevada,057,99092,15337,15002,1099,16101,113
2022-02-04,Orange,059,3164182,532428,527516,39554,567070,6134
2022-02-04,Placer,061,380077,60586,59043,7046,66089,533
2022-02-04,Plumas,063,18699,2842,2550,303,2853,13
2022-02-04,Riverside,065,2383286,576857,563991,26716,590707,5827
2022-02-04,Sacramento,067,1510023,270051,259437,24930,284367,2610
2022-02-04,San Benito,069,59416,12346,12142,485,12627,90
2022-02-04,San Bernardino,071,2135413,556932,539312,24089,563401,6322
2022-02-04,San Diego,073,3302833,723862,703957,49883,753840,4735
2022-02-04,San Francisco,075,870044,117495,112481,7813,120294,720
2022-02-04,San Joaquin,077,732212,160440,157420,9501,166921,1989
2022-02-04,San Luis Obispo,079,281455,49840,48361,3451,51812,404
2022-02-04,San Mateo,081,765935,116305,104810,6471,111281,587
2022-02-04,Santa Barbara,083,443738,82330,80478,4478,84956,617
2022-02-04,Santa Clara,085,1922200,294767,289262,11531,300793,2067
2022-02-04,Santa Cruz,087,273765,44227,42553,2000,44553,239
2022-02-04,Shasta,089,179085,29141,28604,5736,34340,466
2022-02-04,Sierra,091,2930,268,262,44,306,0
2022-02-04,Siskiyou,093,43540,4223,4106,2520,6626,67
2022-02-04,Solano,095,438530,77491,73112,5224,78336,415
2022-02-04,Sonoma,097,501317,79531,77213,2280,79493,431
2022-02-04,Stanislaus,099,539301,113246,111783,16391,128174,1406
2022-02-04,Sutter,101,95872,19733,19406,1834,21240,203
2022-02-04,Tehama,103,63373,11541,11259,2507,13766,146
2022-02-04,Trinity,105,12862,1129,1085,268,1353,20
2022-02-04,Tulare,107,460477,102172,97414,26160,123574,1254
2022-02-04,Tuolumne,109,53932,12066,11409,493,11902,91
2022-02-04,Ventura,111,848112,167963,165532,9134,174666,1308
2022-02-04,Yolo,113,214977,35209,33614,2905,36519,281
2022-02-04,Yuba,115,75493,15146,14801,1075,15876,105
2022-02-03,Alameda,001,1643700,242983,235698,12747,248445,1638
2022-02-03,Alpine,003,1148,120,124,1,125,0
2022-02-03,Amador,005,37829,8077,7855,571,8426,71
2022-02-03,Butte,007,227075,31471,30733,6329,37062,355
2022-02-03,Calaveras,009,45235,6946,6789,304,7093,99
2022-02-03,Colusa,011,21464,3313,3234,1024,4258,21
2022-02-03,Contra Costa,013,1133247,179986,175871,11940,187811,1115
2022-02-03,Del Norte,015,27424,5105,4978,144,5122,44
2022-02-03,El Dorado,017,186661,25763,24813,3071,27884,185
2022-02-03,Fresno,019,978130,219456,213539,22049,235588,2477
2022-02-03,Glenn,021,27897,4791,4691,1515,6206,39
2022-02-03,Humboldt,023,135768,15756,15514,2574,18088,127
2022-02-03,Imperial,025,180216,53320,52153,9983,62136,853
2022-02-03,Inyo,027,18085,3985,3948,427,4375,51
2022-02-03,Kern,029,883053,185092,180296,43549,223845,1987
2022-02-03,Kings,031,150075,48943,47538,3352,50890,402
2022-02-03,Lake,033,64148,9830,9289,781,10070,124
2022-02-03,Lassen,035,31185,8456,8288,837,9125,55
2022-02-03,Los Angeles,037,10098052,2632874,2572702,119491,2692193,28947
2022-02-03,Madera,039,155013,35422,34471,5475,39946,329
2022-02-03,Marin,041,260295,31820,31299,2065,33364,255
2022-02-03,Mariposa,043,17540,2263,2222,156,2378,6
2022-02-03,Mendocino,045,87422,12347,12066,2589,14655,107
2022-02-03,Merced,047,269075,59668,58908,7657,66565,744
2022-02-03,Modoc,049,8938,687,664,230,894,6
2022-02-03,Mono,051,14174,2923,2904,115,3019,5
2022-02-03,Monterey,053,433212,75299,67342,11948,79290,666
2022-02-03,Napa,055,140530,24161,22973,871,23844,118
2022-02-03,Nevada,057,99092,15296,15002,1088,16090,113
2022-02-03,Orange,059,3164182,531504,527516,39461,566977,6134
2022-02-03,Placer,061,380077,60389,59043,7023,66066,533
2022-02-03,Plumas,063,18699,2828,2550,299,2849,13
2022-02-03,Riverside,065,2383286,575659,563991,26645,590636,5827
2022-02-03,Sacramento,067,1510023,269096,259437,24740,284177,2610
2022-02-03,San Benito,069,59416,12319,12142,482,12624,90
2022-02-03,San Bernardino,071,2135413,555917,539312,24050,563362,6322
2022-02-03,San Diego,073,3302833,721890,703957,49720,753677,4735
2022-02-03,San Francisco,075,870044,117159,112481,7782,120263,720
2022-02-03,San Joaquin,077,732212,159958,157420,9472,166892,1989
2022-02-03,San Luis Obispo,079,281455,49641,48361,3435,51796,404
2022-02-03,San Mateo,081,765935,115953,104810,6438,111248,587
2022-02-03,Santa Barbara,083,443738,81972,80478,4449,84927,617
2022-02-03,Santa Clara,085,1922200,293599,289262,11421,300683,2067
2022-02-03,Santa Cruz,087,273765,43887,42553,1993,44546,239
2022-02-03,Shasta,089,179085,29037,28604,5709,34313,466
2022-02-03,Sierra,091,2930,268,262,44,306,0
2022-02-03,Siskiyou,093,43540,4208,4106,2504,6610,67
2022-02-03,Solano,095,438530,77161,73112,5204,78316,415
2022-02-03,Sonoma,097,501317,79234,77213,2273,79486,431
2022-02-03,Stanislaus,099,539301,112868,111783,16306,128089,1406
2022-02-03,Sutter,101,95872,19681,19406,1818,21224,203
2022-02-03,Tehama,103,63373,11510,11259,2499,13758,146
2022-02-03,Trinity,105,12862,1127,1085,267,1352,20
2022-02-03,Tulare,107,460477,101766,97414,26020,123434,1254
2022-02-03,Tuolumne,109,53932,12025,11409,481,11890,91
2022-02-03,Ventura,111,848112,167578,165532,9122,174654,1308
2022-02-03,Yolo,113,214977,35100,33614,2892,36506,281
2022-02-03,Yuba,115,75493,15096,14801,1059,15860,105
2022-02-02,Alameda,001,1643700,242038,234300,12643,246943,1632
2022-02-02,Alpine,003,1148,120,123,1,124,0
2022-02-02,Amador,005,37829,8047,7781,562,8343,71
2022-02-02,Butte,007,227075,31361,30550,6298,36848,355
2022-02-02,Calaveras,009,45235,6920,6753,300,7053,99
2022-02-02,Colusa,011,21464,3298,3211,1023,4234,21
2022-02-02,Contra Costa,013,1133247,179395,174876,11845,186721,1113
2022-02-02,Del Norte,015,27424,5062,4924,139,5063,44
2022-02-02,El Dorado,017,186661,25696,24690,3052,27742,185
2022-02-02,Fresno,019,978130,218443,211976,21919,233895,2463
2022-02-02,Glenn,021,27897,4767,4667,1505,6172,39
2022-02-02,Humboldt,023,135768,15695,15392,2535,17927,127
2022-02-02,Imperial,025,180216,53124,51875,9855,61730,853
2022-02-02,Inyo,027,18085,3979,3944,426,4370,51
2022-02-02,Kern,029,883053,184496,179386,43333,222719,1974
2022-02-02,Kings,031,150075,48752,47061,3326,50387,401
2022-02-02,Lake,033,64148,9772,9235,774,10009,120
2022-02-02,Lassen,035,31185,8443,8258,828,9086,55
2022-02-02,Los Angeles,037,10098052,2626651,2561902,119103,2681005,28850
2022-02-02,Madera,039,155013,35254,34265,5403,39668,329
2022-02-02,Marin,041,260295,31717,31149,2055,33204,255
2022-02-02,Mariposa,043,17540,2252,2215,152,2367,6
2022-02-02,Mendocino,045,87422,12294,11996,2549,14545,105
2022-02-02,Merced,047,269075,59491,58532,7574,66106,744
2022-02-02,Modoc,049,8938,681,662,230,892,6
2022-02-02,Mono,051,14174,2912,2887,115,3002,5
2022-02-02,Monterey,053,433212,74908,66852,11763,78615,666
2022-02-02,Napa,055,140530,24040,22859,858,23717,117
2022-02-02,Nevada,057,99092,15238,14895,1065,15960,112
2022-02-02,Orange,059,3164182,530448,524418,39367,563785,6127
2022-02-02,Placer,061,380077,60196,58654,6994,65648,533
2022-02-02,Plumas,063,18699,2812,2540,296,2836,12
2022-02-02,Riverside,065,2383286,574380,561220,26598,587818,5827
2022-02-02,Sacramento,067,1510023,268087,258078,24532,282610,2602
2022-02-02,San Benito,069,59416,12280,12058,478,12536,90
2022-02-02,San Bernardino,071,2135413,554907,537485,23987,561472,6317
2022-02-02,San Diego,073,3302833,719688,703957,49539,753496,4735
2022-02-02,San Francisco,075,870044,116791,112008,7766,119774,714
2022-02-02,San Joaquin,077,732212,159382,156537,9449,165986,1986
2022-02-02,San Luis Obispo,079,281455,49443,48119,3422,51541,403
2022-02-02,San Mateo,081,765935,115577,104201,6374,110575,587
2022-02-02,Santa Barbara,083,443738,81629,79979,4418,84397,612
2022-02-02,Santa Clara,085,1922200,292452,287443,11307,298750,2051
2022-02-02,Santa Cruz,087,273765,43597,42127,1982,44109,239
2022-02-02,Shasta,089,179085,28935,28429,5664,34093,465
2022-02-02,Sierra,091,2930,268,262,44,306,0
2022-02-02,Siskiyou,093,43540,4198,4078,2477,6555,67
2022-02-02,Solano,095,438530,76805,72711,5180,77891,414
2022-02-02,Sonoma,097,501317,78922,76681,2260,78941,431
2022-02-02,Stanislaus,099,539301,112473,111167,16175,127342,1403
2022-02-02,Sutter,101,95872,19616,19290,1789,21079,203
2022-02-02,Tehama,103,63373,11454,11193,2480,13673,146
2022-02-02,Trinity,105,12862,1124,1074,265,1339,20
2022-02-02,Tulare,107,460477,101375,96820,25864,122684,1249
2022-02-02,Tuolumne,109,53932,11948,11342,478,11820,91
2022-02-02,Ventura,111,848112,167179,164905,9103,174008,1292
2022-02-02,Yolo,113,214977,34976,33332,2869,36201,281
2022-02-02,Yuba,115,75493,15031,14720,1051,15771,104
2022-02-01,Alameda,001,1643700,240960,233782,12538,246320,1620
2022-02-01,Alpine,003,1148,120,123,1,124,0
2022-02-01,Amador,005,37829,8001,7783,556,8339,73
2022-02-01,Butte,007,227075,31224,30496,6261,36757,355
2022-02-01,Calaveras,009,45235,6883,6749,296,7045,98
2022-02-01,Colusa,011,21464,3282,3202,1002,4204,21
2022-02-01,Contra Costa,013,1133247,178661,174379,11704,186083,1115
2022-02-01,Del Norte,015,27424,5014,4907,136,5043,44
2022-02-01,El Dorado,017,186661,25637,24664,3035,27699,184
2022-02-01,Fresno,019,978130,217280,211352,21758,233110,2464
2022-02-01,Glenn,021,27897,4753,4649,1495,6144,39
2022-02-01,Humboldt,023,135768,15613,15354,2506,17860,127
2022-02-01,Imperial,025,180216,52909,51675,9789,61464,846
2022-02-01,Inyo,027,18085,3969,3928,423,4351,51
2022-02-01,Kern,029,883053,183849,178987,43088,222075,1967
2022-02-01,Kings,031,150075,48493,46959,3302,50261,400
2022-02-01,Lake,033,64148,9716,9211,767,9978,119
2022-02-01,Lassen,035,31185,8425,8231,824,9055,55
2022-02-01,Los Angeles,037,10098052,2619460,2548794,118726,2667520,28752
2022-02-01,Madera,039,155013,35033,34124,5324,39448,329
2022-02-01,Marin,041,260295,31595,31099,2039,33138,255
2022-02-01,Mariposa,043,17540,2245,2210,151,2361,6
2022-02-01,Mendocino,045,87422,12232,11978,2512,14490,105
2022-02-01,Merced,047,269075,59307,58362,7451,65813,743
2022-02-01,Modoc,049,8938,674,664,230,894,6
2022-02-01,Mono,051,14174,2906,2888,115,3003,5
2022-02-01,Monterey,053,433212,74487,66553,11565,78118,665
2022-02-01,Napa,055,140530,23941,22795,842,23637,116
2022-02-01,Nevada,057,99092,15177,14863,1052,15915,112
2022-02-01,Orange,059,3164182,529298,523741,39223,562964,6108
2022-02-01,Placer,061,380077,59949,58486,6955,65441,532
2022-02-01,Plumas,063,18699,2797,2526,293,2819,12
2022-02-01,Riverside,065,2383286,572990,560010,26549,586559,5825
2022-02-01,Sacramento,067,1510023,267034,257504,24257,281761,2593
2022-02-01,San Benito,069,59416,12214,12053,475,12528,90
2022-02-01,San Bernardino,071,2135413,553644,536591,23923,560514,6311
2022-02-01,San Diego,073,3302833,717167,701009,49321,750330,4710
2022-02-01,San Francisco,075,870044,116325,111606,7747,119353,713
2022-02-01,San Joaquin,077,732212,158853,156300,9426,165726,1987
2022-02-01,San Luis Obispo,079,281455,49214,47842,3360,51202,403
2022-02-01,San Mateo,081,765935,115109,103868,6332,110200,589
2022-02-01,Santa Barbara,083,443738,81184,79659,4382,84041,608
2022-02-01,Santa Clara,085,1922200,290932,286109,11201,297310,2070
2022-02-01,Santa Cruz,087,273765,43298,41782,1966,43748,239
2022-02-01,Shasta,089,179085,28815,28382,5611,33993,465
2022-02-01,Sierra,091,2930,266,262,44,306,0
2022-02-01,Siskiyou,093,43540,4184,4072,2450,6522,66
2022-02-01,Solano,095,438530,76536,72494,5160,77654,415
2022-02-01,Sonoma,097,501317,78561,76379,2236,78615,431
2022-02-01,Stanislaus,099,539301,112062,110925,16073,126998,1403
2022-02-01,Sutter,101,95872,19548,19256,1756,21012,202
2022-02-01,Tehama,103,63373,11397,11165,2467,13632,146
2022-02-01,Trinity,105,12862,1120,1073,265,1338,19
2022-02-01,Tulare,107,460477,100884,96467,25655,122122,1247
2022-02-01,Tuolumne,109,53932,11898,11318,469,11787,91
2022-02-01,Ventura,111,848112,166674,164721,9078,173799,1293
2022-02-01,Yolo,113,214977,34826,33257,2841,36098,275
2022-02-01,Yuba,115,75493,14970,14693,1044,15737,103
2022-01-31,Alameda,001,1643700,239609,232743,12421,245164,1607
2022-01-31,Alpine,003,1148,119,123,1,124,0
2022-01-31,Amador,005,37829,7948,7682,539,8221,73
2022-01-31,Butte,007,227075,31057,30371,6219,36590,354
2022-01-31,Calaveras,009,45235,6848,6700,285,6985,96
2022-01-31,Colusa,011,21464,3270,3187,993,4180,21
2022-01-31,Contra Costa,013,1133247,177861,173466,11579,185045,1115
2022-01-31,Del Norte,015,27424,4980,4879,133,5012,43
2022-01-31,El Dorado,017,186661,25534,24545,3005,27550,184
2022-01-31,Fresno,019,978130,215795,210589,21561,232150,2464
2022-01-31,Glenn,021,27897,4717,4641,1483,6124,39
2022-01-31,Humboldt,023,135768,15524,15308,2473,17781,126
2022-01-31,Imperial,025,180216,52693,51472,9677,61149,846
2022-01-31,Inyo,027,18085,3958,3922,417,4339,50
2022-01-31,Kern,029,883053,183068,178375,42767,221142,1967
2022-01-31,Kings,031,150075,48136,46845,3268,50113,398
2022-01-31,Lake,033,64148,9643,9141,755,9896,119
2022-01-31,Lassen,035,31185,8394,8162,818,8980,55
2022-01-31,Los Angeles,037,10098052,2611204,2541189,118321,2659510,28718
2022-01-31,Madera,039,155013,34817,33886,5228,39114,329
2022-01-31,Marin,041,260295,31470,31023,2022,33045,253
2022-01-31,Mariposa,043,17540,2235,2203,142,2345,6
2022-01-31,Mendocino,045,87422,12166,11896,2471,14367,104
2022-01-31,Merced,047,269075,59029,58198,7260,65458,740
2022-01-31,Modoc,049,8938,671,661,230,891,6
2022-01-31,Mono,051,14174,2892,2889,115,3004,5
2022-01-31,Monterey,053,433212,74036,66117,11351,77468,661
2022-01-31,Napa,055,140530,23773,22707,825,23532,113
2022-01-31,Nevada,057,99092,15101,14813,1039,15852,112
2022-01-31,Orange,059,3164182,527974,522358,39088,561446,6098
2022-01-31,Placer,061,380077,59701,58252,6922,65174,523
2022-01-31,Plumas,063,18699,2784,2513,291,2804,12
2022-01-31,Riverside,065,2383286,571173,558166,26484,584650,5785
2022-01-31,Sacramento,067,1510023,265740,256594,23999,280593,2571
2022-01-31,San Benito,069,59416,12155,11976,474,12450,90
2022-01-31,San Bernardino,071,2135413,552010,535276,23838,559114,6302
2022-01-31,San Diego,073,3302833,714258,698571,49060,747631,4686
2022-01-31,San Francisco,075,870044,115917,111119,7713,118832,712
2022-01-31,San Joaquin,077,732212,158094,155736,9394,165130,1985
2022-01-31,San Luis Obispo,079,281455,48960,47656,3301,50957,395
2022-01-31,San Mateo,081,765935,114599,103313,6274,109587,589
2022-01-31,Santa Barbara,083,443738,80676,79267,4340,83607,606
2022-01-31,Santa Clara,085,1922200,289258,284562,11093,295655,2041
2022-01-31,Santa Cruz,087,273765,42919,41630,1959,43589,239
2022-01-31,Shasta,089,179085,28684,28190,5570,33760,462
2022-01-31,Sierra,091,2930,266,261,44,305,0
2022-01-31,Siskiyou,093,43540,4168,4054,2434,6488,66
2022-01-31,Solano,095,438530,75834,72258,5111,77369,414
2022-01-31,Sonoma,097,501317,78107,76199,2205,78404,431
2022-01-31,Stanislaus,099,539301,111535,110493,15906,126399,1403
2022-01-31,Sutter,101,95872,19468,19189,1704,20893,202
2022-01-31,Tehama,103,63373,11335,11112,2438,13550,145
2022-01-31,Trinity,105,12862,1115,1071,262,1333,19
2022-01-31,Tulare,107,460477,100244,96053,25412,121465,1245
2022-01-31,Tuolumne,109,53932,11807,11278,462,11740,91
2022-01-31,Ventura,111,848112,166138,164060,9052,173112,1286
2022-01-31,Yolo,113,214977,34665,33175,2816,35991,274
2022-01-31,Yuba,115,75493,14907,14652,1024,15676,103
2022-01-30,Alameda,001,1643700,238055,231838,12269,244107,1607
2022-01-30,Alpine,003,1148,119,123,1,124,0
2022-01-30,Amador,005,37829,7897,7644,516,8160,73
2022-01-30,Butte,007,227075,30854,30255,6150,36405,354
2022-01-30,Calaveras,009,45235,6793,6676,274,6950,96
2022-01-30,Colusa,011,21464,3250,3168,982,4150,21
2022-01-30,Contra Costa,013,1133247,176910,172902,11377,184279,1102
2022-01-30,Del Norte,015,27424,4939,4833,130,4963,43
2022-01-30,El Dorado,017,186661,25413,24491,2978,27469,184
2022-01-30,Fresno,019,978130,214233,209645,21304,230949,2463
2022-01-30,Glenn,021,27897,4686,4619,1474,6093,39
2022-01-30,Humboldt,023,135768,15412,15247,2417,17664,126
2022-01-30,Imperial,025,180216,52367,51415,9506,60921,846
2022-01-30,Inyo,027,18085,3941,3921,414,4335,50
2022-01-30,Kern,029,883053,182203,177924,42444,220368,1967
2022-01-30,Kings,031,150075,47784,46654,3211,49865,398
2022-01-30,Lake,033,64148,9554,9080,734,9814,119
2022-01-30,Lassen,035,31185,8370,8158,810,8968,55
2022-01-30,Los Angeles,037,10098052,2601060,2530739,117845,2648584,28678
2022-01-30,Madera,039,155013,34518,33752,5044,38796,329
2022-01-30,Marin,041,260295,31322,30875,2008,32883,253
2022-01-30,Mariposa,043,17540,2223,2177,136,2313,6
2022-01-30,Mendocino,045,87422,12093,11860,2365,14225,104
2022-01-30,Merced,047,269075,58664,58006,6968,64974,740
2022-01-30,Modoc,049,8938,668,661,230,891,6
2022-01-30,Mono,051,14174,2886,2888,115,3003,5
2022-01-30,Monterey,053,433212,73449,65996,11072,77068,661
2022-01-30,Napa,055,140530,23605,22588,808,23396,114
2022-01-30,Nevada,057,99092,15013,14741,1023,15764,112
2022-01-30,Orange,059,3164182,526342,521334,38940,560274,6098
2022-01-30,Placer,061,380077,59371,58030,6881,64911,523
2022-01-30,Plumas,063,18699,2759,2510,277,2787,12
2022-01-30,Riverside,065,2383286,569106,557088,26384,583472,5767
2022-01-30,Sacramento,067,1510023,264279,255715,23501,279216,2572
2022-01-30,San Benito,069,59416,12089,11945,469,12414,90
2022-01-30,San Bernardino,071,2135413,550274,534050,23729,557779,6302
2022-01-30,San Diego,073,3302833,710718,687145,48636,735781,4665
2022-01-30,San Francisco,075,870044,115369,110772,7678,118450,712
2022-01-30,San Joaquin,077,732212,157109,155165,9359,164524,1985
2022-01-30,San Luis Obispo,079,281455,48563,47599,3264,50863,394
2022-01-30,San Mateo,081,765935,114025,102979,6227,109206,589
2022-01-30,Santa Barbara,083,443738,79999,79072,4279,83351,606
2022-01-30,Santa Clara,085,1922200,287296,282846,10962,293808,2035
2022-01-30,Santa Cruz,087,273765,42460,41330,1950,43280,239
2022-01-30,Shasta,089,179085,28524,28105,5485,33590,462
2022-01-30,Sierra,091,2930,266,261,44,305,0
2022-01-30,Siskiyou,093,43540,4138,4039,2387,6426,66
2022-01-30,Solano,095,438530,75310,71857,5059,76916,414
2022-01-30,Sonoma,097,501317,77589,75890,2177,78067,431
2022-01-30,Stanislaus,099,539301,110879,110111,15708,125819,1403
2022-01-30,Sutter,101,95872,19376,19108,1607,20715,202
2022-01-30,Tehama,103,63373,11263,11071,2408,13479,145
2022-01-30,Trinity,105,12862,1109,1068,262,1330,19
2022-01-30,Tulare,107,460477,99500,95676,25138,120814,1245
2022-01-30,Tuolumne,109,53932,11700,11242,425,11667,91
2022-01-30,Ventura,111,848112,165558,163521,9022,172543,1286
2022-01-30,Yolo,113,214977,34447,33043,2783,35826,274
2022-01-30,Yuba,115,75493,14817,14584,1004,15588,103
2022-01-29,Alameda,001,1643700,237379,225602,12252,237854,1605
2022-01-29,Alpine,003,1148,119,123,1,124,0
2022-01-29,Amador,005,37829,7875,7505,513,8018,73
2022-01-29,Butte,007,227075,30769,29557,6124,35681,353
2022-01-29,Calaveras,009,45235,6774,6484,274,6758,96
2022-01-29,Colusa,011,21464,3245,3107,978,4085,21
2022-01-29,Contra Costa,013,1133247,176387,168003,11347,179350,1101
2022-01-29,Del Norte,015,27424,4921,4589,128,4717,43
2022-01-29,El Dorado,017,186661,25370,24008,2971,26979,184
2022-01-29,Fresno,019,978130,213776,202691,21264,223955,2457
2022-01-29,Glenn,021,27897,4679,4516,1467,5983,39
2022-01-29,Humboldt,023,135768,15365,14812,2410,17222,126
2022-01-29,Imperial,025,180216,52251,50153,9450,59603,845
2022-01-29,Inyo,027,18085,3939,3895,406,4301,50
2022-01-29,Kern,029,883053,181863,174456,42280,216736,1962
2022-01-29,Kings,031,150075,47666,45047,3204,48251,397
2022-01-29,Lake,033,64148,9521,8747,730,9477,119
2022-01-29,Lassen,035,31185,8349,7961,807,8768,55
2022-01-29,Los Angeles,037,10098052,2597133,2473332,117577,2590909,28467
2022-01-29,Madera,039,155013,34408,32753,5015,37768,329
2022-01-29,Marin,041,260295,31257,30137,2006,32143,253
2022-01-29,Mariposa,043,17540,2221,2117,134,2251,6
2022-01-29,Mendocino,045,87422,12069,11591,2349,13940,104
2022-01-29,Merced,047,269075,58557,56472,6963,63435,735
2022-01-29,Modoc,049,8938,668,654,230,884,6
2022-01-29,Mono,051,14174,2884,2860,115,2975,5
2022-01-29,Monterey,053,433212,73294,64090,11010,75100,658
2022-01-29,Napa,055,140530,23548,22121,806,22927,113
2022-01-29,Nevada,057,99092,14979,14337,1020,15357,112
2022-01-29,Orange,059,3164182,525638,511255,38834,550089,6038
2022-01-29,Placer,061,380077,59178,56562,6865,63427,523
2022-01-29,Plumas,063,18699,2749,2463,273,2736,12
2022-01-29,Riverside,065,2383286,568083,548121,26342,574463,5726
2022-01-29,Sacramento,067,1510023,263633,249130,23454,272584,2558
2022-01-29,San Benito,069,59416,12032,11670,468,12138,90
2022-01-29,San Bernardino,071,2135413,549523,525249,23687,548936,6297
2022-01-29,San Diego,073,3302833,709383,683027,48538,731565,4643
2022-01-29,San Francisco,075,870044,115094,108265,7630,115895,712
2022-01-29,San Joaquin,077,732212,156864,150849,9337,160186,1971
2022-01-29,San Luis Obispo,079,281455,48473,46374,3261,49635,391
2022-01-29,San Mateo,081,765935,113688,100306,6204,106510,586
2022-01-29,Santa Barbara,083,443738,79777,76546,4273,80819,604
2022-01-29,Santa Clara,085,1922200,286360,273879,10934,284813,2019
2022-01-29,Santa Cruz,087,273765,42329,39228,1948,41176,240
2022-01-29,Shasta,089,179085,28464,27504,5471,32975,452
2022-01-29,Sierra,091,2930,266,260,43,303,0
2022-01-29,Siskiyou,093,43540,4128,3987,2380,6367,66
2022-01-29,Solano,095,438530,75167,69862,5047,74909,407
2022-01-29,Sonoma,097,501317,77375,73439,2172,75611,427
2022-01-29,Stanislaus,099,539301,110630,107668,15661,123329,1403
2022-01-29,Sutter,101,95872,19328,18797,1591,20388,202
2022-01-29,Tehama,103,63373,11228,10880,2399,13279,145
2022-01-29,Trinity,105,12862,1106,1033,261,1294,19
2022-01-29,Tulare,107,460477,99244,93154,25062,118216,1237
2022-01-29,Tuolumne,109,53932,11675,10806,417,11223,91
2022-01-29,Ventura,111,848112,165228,160466,9003,169469,1271
2022-01-29,Yolo,113,214977,34332,32123,2767,34890,275
2022-01-29,Yuba,115,75493,14776,14295,1002,15297,103
2022-01-28,Alameda,001,1643700,236431,225602,12235,237837,1605
2022-01-28,Alpine,003,1148,119,123,1,124,0
2022-01-28,Amador,005,37829,7849,7505,512,8017,73
2022-01-28,Butte,007,227075,30693,29557,6105,35662,353
2022-01-28,Calaveras,009,45235,6756,6484,273,6757,96
2022-01-28,Colusa,011,21464,3240,3107,977,4084,21
2022-01-28,Contra Costa,013,1133247,175865,168003,11310,179313,1101
2022-01-28,Del Norte,015,27424,4897,4589,127,4716,43
2022-01-28,El Dorado,017,186661,25323,24008,2965,26973,184
2022-01-28,Fresno,019,978130,212906,202691,21208,223899,2457
2022-01-28,Glenn,021,27897,4666,4516,1465,5981,39
2022-01-28,Humboldt,023,135768,15329,14812,2400,17212,126
2022-01-28,Imperial,025,180216,52122,50153,9419,59572,845
2022-01-28,Inyo,027,18085,3935,3895,403,4298,50
2022-01-28,Kern,029,883053,181452,174456,42122,216578,1962
2022-01-28,Kings,031,150075,47535,45047,3194,48241,397
2022-01-28,Lake,033,64148,9489,8747,728,9475,119
2022-01-28,Lassen,035,31185,8279,7961,805,8766,55
2022-01-28,Los Angeles,037,10098052,2591398,2473332,117363,2590695,28467
2022-01-28,Madera,039,155013,34280,32753,4998,37751,329
2022-01-28,Marin,041,260295,31164,30137,1986,32123,253
2022-01-28,Mariposa,043,17540,2211,2117,132,2249,6
2022-01-28,Mendocino,045,87422,12026,11591,2347,13938,104
2022-01-28,Merced,047,269075,58461,56472,6948,63420,735
2022-01-28,Modoc,049,8938,667,654,230,884,6
2022-01-28,Mono,051,14174,2879,2860,114,2974,5
2022-01-28,Monterey,053,433212,73092,64090,10961,75051,658
2022-01-28,Napa,055,140530,23470,22121,804,22925,113
2022-01-28,Nevada,057,99092,14942,14337,1018,15355,112
2022-01-28,Orange,059,3164182,524569,511255,38745,550000,6038
2022-01-28,Placer,061,380077,58974,56562,6842,63404,523
2022-01-28,Plumas,063,18699,2741,2463,271,2734,12
2022-01-28,Riverside,065,2383286,566760,548121,26301,574422,5726
2022-01-28,Sacramento,067,1510023,262852,249130,23400,272530,2558
2022-01-28,San Benito,069,59416,12010,11670,463,12133,90
2022-01-28,San Bernardino,071,2135413,548486,525249,23650,548899,6297
2022-01-28,San Diego,073,3302833,707558,683027,48461,731488,4643
2022-01-28,San Francisco,075,870044,114739,108265,7581,115846,712
2022-01-28,San Joaquin,077,732212,156575,150849,9323,160172,1971
2022-01-28,San Luis Obispo,079,281455,48388,46374,3253,49627,391
2022-01-28,San Mateo,081,765935,113336,100306,6183,106489,586
2022-01-28,Santa Barbara,083,443738,79528,76546,4271,80817,604
2022-01-28,Santa Clara,085,1922200,285176,273879,10885,284764,2019
2022-01-28,Santa Cruz,087,273765,42137,39228,1936,41164,240
2022-01-28,Shasta,089,179085,28404,27504,5457,32961,452
2022-01-28,Sierra,091,2930,266,260,43,303,0
2022-01-28,Siskiyou,093,43540,4118,3987,2376,6363,66
2022-01-28,Solano,095,438530,74615,69862,4981,74843,407
2022-01-28,Sonoma,097,501317,77169,73439,2164,75603,427
2022-01-28,Stanislaus,099,539301,110357,107668,15620,123288,1403
2022-01-28,Sutter,101,95872,19283,18797,1589,20386,202
2022-01-28,Tehama,103,63373,11196,10880,2392,13272,145
2022-01-28,Trinity,105,12862,1097,1033,261,1294,19
2022-01-28,Tulare,107,460477,98968,93154,24955,118109,1237
2022-01-28,Tuolumne,109,53932,11642,10806,413,11219,91
2022-01-28,Ventura,111,848112,164773,160466,8984,169450,1271
2022-01-28,Yolo,113,214977,34227,32123,2760,34883,275
2022-01-28,Yuba,115,75493,14737,14295,998,15293,103
2022-01-27,Alameda,001,1643700,234851,225602,12100,237702,1605
2022-01-27,Alpine,003,1148,119,123,1,124,0
2022-01-27,Amador,005,37829,7802,7505,501,8006,73
2022-01-27,Butte,007,227075,30541,29557,6055,35612,353
2022-01-27,Calaveras,009,45235,6730,6484,257,6741,96
2022-01-27,Colusa,011,21464,3225,3107,973,4080,21
2022-01-27,Contra Costa,013,1133247,174858,168003,11139,179142,1101
2022-01-27,Del Norte,015,27424,4853,4589,123,4712,43
2022-01-27,El Dorado,017,186661,25212,24008,2945,26953,184
2022-01-27,Fresno,019,978130,211277,202691,20993,223684,2457
2022-01-27,Glenn,021,27897,4635,4516,1457,5973,39
2022-01-27,Humboldt,023,135768,15241,14812,2363,17175,126
2022-01-27,Imperial,025,180216,51853,50153,9305,59458,845
2022-01-27,Inyo,027,18085,3928,3895,393,4288,50
2022-01-27,Kern,029,883053,180672,174456,41761,216217,1962
2022-01-27,Kings,031,150075,47192,45047,3155,48202,397
2022-01-27,Lake,033,64148,9436,8747,711,9458,119
2022-01-27,Lassen,035,31185,8238,7961,799,8760,55
2022-01-27,Los Angeles,037,10098052,2580240,2473332,116850,2590182,28467
2022-01-27,Madera,039,155013,34070,32753,4896,37649,329
2022-01-27,Marin,041,260295,31001,30137,1971,32108,253
2022-01-27,Mariposa,043,17540,2188,2117,129,2246,6
2022-01-27,Mendocino,045,87422,11975,11591,2298,13889,104
2022-01-27,Merced,047,269075,58200,56472,6785,63257,735
2022-01-27,Modoc,049,8938,665,654,229,883,6
2022-01-27,Mono,051,14174,2874,2860,114,2974,5
2022-01-27,Monterey,053,433212,72471,64090,10710,74800,658
2022-01-27,Napa,055,140530,23313,22121,777,22898,113
2022-01-27,Nevada,057,99092,14869,14337,990,15327,112
2022-01-27,Orange,059,3164182,522843,511255,38609,549864,6038
2022-01-27,Placer,061,380077,58657,56562,6788,63350,523
2022-01-27,Plumas,063,18699,2730,2463,259,2722,12
2022-01-27,Riverside,065,2383286,564586,548121,26232,574353,5726
2022-01-27,Sacramento,067,1510023,261572,249130,23073,272203,2558
2022-01-27,San Benito,069,59416,11955,11670,458,12128,90
2022-01-27,San Bernardino,071,2135413,546595,525249,23551,548800,6297
2022-01-27,San Diego,073,3302833,704210,683027,48106,731133,4643
2022-01-27,San Francisco,075,870044,114232,108265,7521,115786,712
2022-01-27,San Joaquin,077,732212,155715,150849,9257,160106,1971
2022-01-27,San Luis Obispo,079,281455,48117,46374,3217,49591,391
2022-01-27,San Mateo,081,765935,112753,100306,6114,106420,586
2022-01-27,Santa Barbara,083,443738,79049,76546,4215,80761,604
2022-01-27,Santa Clara,085,1922200,283115,273879,10737,284616,2019
2022-01-27,Santa Cruz,087,273765,41473,39228,1917,41145,240
2022-01-27,Shasta,089,179085,28278,27504,5408,32912,452
2022-01-27,Sierra,091,2930,265,260,42,302,0
2022-01-27,Siskiyou,093,43540,4097,3987,2339,6326,66
2022-01-27,Solano,095,438530,73977,69862,4928,74790,407
2022-01-27,Sonoma,097,501317,76702,73439,2151,75590,427
2022-01-27,Stanislaus,099,539301,109830,107668,15475,123143,1403
2022-01-27,Sutter,101,95872,19178,18797,1564,20361,202
2022-01-27,Tehama,103,63373,11143,10880,2376,13256,145
2022-01-27,Trinity,105,12862,1093,1033,260,1293,19
2022-01-27,Tulare,107,460477,98302,93154,24681,117835,1237
2022-01-27,Tuolumne,109,53932,11589,10806,404,11210,91
2022-01-27,Ventura,111,848112,164122,160466,8948,169414,1271
2022-01-27,Yolo,113,214977,34082,32123,2744,34867,275
2022-01-27,Yuba,115,75493,14659,14295,982,15277,103
2022-01-26,Alameda,001,1643700,232956,222680,11931,234611,1596
2022-01-26,Alpine,003,1148,119,123,1,124,0
2022-01-26,Amador,005,37829,7728,7427,486,7913,73
2022-01-26,Butte,007,227075,30342,29229,5998,35227,353
2022-01-26,Calaveras,009,45235,6692,6387,251,6638,96
2022-01-26,Colusa,011,21464,3207,3094,966,4060,21
2022-01-26,Contra Costa,013,1133247,173725,165972,10973,176945,1095
2022-01-26,Del Norte,015,27424,4795,4542,122,4664,43
2022-01-26,El Dorado,017,186661,25093,23819,2922,26741,181
2022-01-26,Fresno,019,978130,209425,199689,20777,220466,2452
2022-01-26,Glenn,021,27897,4602,4472,1452,5924,39
2022-01-26,Humboldt,023,135768,15142,14715,2319,17034,126
2022-01-26,Imperial,025,180216,51496,49477,9158,58635,839
2022-01-26,Inyo,027,18085,3925,3889,362,4251,50
2022-01-26,Kern,029,883053,179734,173052,41420,214472,1953
2022-01-26,Kings,031,150075,46787,44367,3126,47493,396
2022-01-26,Lake,033,64148,9354,8645,701,9346,119
2022-01-26,Lassen,035,31185,8198,7888,799,8687,55
2022-01-26,Los Angeles,037,10098052,2568013,2450620,116402,2567022,28382
2022-01-26,Madera,039,155013,33831,32323,4759,37082,329
2022-01-26,Marin,041,260295,30819,29813,1954,31767,253
2022-01-26,Mariposa,043,17540,2171,2108,122,2230,6
2022-01-26,Mendocino,045,87422,11928,11453,2247,13700,103
2022-01-26,Merced,047,269075,57831,56060,6609,62669,733
2022-01-26,Modoc,049,8938,664,652,228,880,6
2022-01-26,Mono,051,14174,2871,2852,114,2966,4
2022-01-26,Monterey,053,433212,71915,63264,10419,73683,659
2022-01-26,Napa,055,140530,23157,21864,767,22631,112
2022-01-26,Nevada,057,99092,14775,14128,979,15107,112
2022-01-26,Orange,059,3164182,520856,506419,38446,544865,6007
2022-01-26,Placer,061,380077,58318,55892,6724,62616,524
2022-01-26,Plumas,063,18699,2703,2425,257,2682,12
2022-01-26,Riverside,065,2383286,562061,543788,26115,569903,5701
2022-01-26,Sacramento,067,1510023,259881,246416,22738,269154,2559
2022-01-26,San Benito,069,59416,11884,11563,446,12009,90
2022-01-26,San Bernardino,071,2135413,544365,521699,23443,545142,6291
2022-01-26,San Diego,073,3302833,699988,676392,47748,724140,4622
2022-01-26,San Francisco,075,870044,113597,107174,7487,114661,704
2022-01-26,San Joaquin,077,732212,154724,148770,9203,157973,1971
2022-01-26,San Luis Obispo,079,281455,47813,45716,3190,48906,391
2022-01-26,San Mateo,081,765935,112086,99016,5988,105004,586
2022-01-26,Santa Barbara,083,443738,78520,75548,4155,79703,600
2022-01-26,Santa Clara,085,1922200,281026,270470,10564,281034,2015
2022-01-26,Santa Cruz,087,273765,40954,38298,1903,40201,239
2022-01-26,Shasta,089,179085,28130,27255,5361,32616,452
2022-01-26,Sierra,091,2930,264,260,41,301,0
2022-01-26,Siskiyou,093,43540,4081,3971,2314,6285,66
2022-01-26,Solano,095,438530,73282,69150,4862,74012,401
2022-01-26,Sonoma,097,501317,76142,72509,2116,74625,423
2022-01-26,Stanislaus,099,539301,109273,106582,15258,121840,1396
2022-01-26,Sutter,101,95872,19068,18670,1519,20189,202
2022-01-26,Tehama,103,63373,11089,10749,2361,13110,145
2022-01-26,Trinity,105,12862,1088,1008,260,1268,19
2022-01-26,Tulare,107,460477,97492,91904,24439,116343,1234
2022-01-26,Tuolumne,109,53932,11406,10699,393,11092,91
2022-01-26,Ventura,111,848112,163410,159077,8906,167983,1263
2022-01-26,Yolo,113,214977,33865,31913,2707,34620,275
2022-01-26,Yuba,115,75493,14574,14171,960,15131,103
2022-01-25,Alameda,001,1643700,231064,219753,11749,231502,1589
2022-01-25,Alpine,003,1148,119,122,1,123,0
2022-01-25,Amador,005,37829,7651,7352,475,7827,73
2022-01-25,Butte,007,227075,30134,28887,5923,34810,351
2022-01-25,Calaveras,009,45235,6634,6266,237,6503,95
2022-01-25,Colusa,011,21464,3187,3074,964,4038,21
2022-01-25,Contra Costa,013,1133247,172406,163792,10757,174549,1092
2022-01-25,Del Norte,015,27424,4725,4514,117,4631,43
2022-01-25,El Dorado,017,186661,24957,23339,2896,26235,179
2022-01-25,Fresno,019,978130,207282,198262,20495,218757,2434
2022-01-25,Glenn,021,27897,4570,4418,1436,5854,39
2022-01-25,Humboldt,023,135768,15051,14574,2293,16867,126
2022-01-25,Imperial,025,180216,51040,48913,8935,57848,832
2022-01-25,Inyo,027,18085,3910,3857,318,4175,50
2022-01-25,Kern,029,883053,178729,171695,40966,212661,1947
2022-01-25,Kings,031,150075,46317,43853,3081,46934,396
2022-01-25,Lake,033,64148,9275,8543,689,9232,118
2022-01-25,Lassen,035,31185,8167,7834,789,8623,55
2022-01-25,Los Angeles,037,10098052,2553070,2433516,115764,2549280,28293
2022-01-25,Madera,039,155013,33509,31794,4625,36419,329
2022-01-25,Marin,041,260295,30641,29589,1941,31530,253
2022-01-25,Mariposa,043,17540,2159,2069,116,2185,6
2022-01-25,Mendocino,045,87422,11808,11280,2144,13424,103
2022-01-25,Merced,047,269075,57449,55555,6471,62026,733
2022-01-25,Modoc,049,8938,662,652,228,880,6
2022-01-25,Mono,051,14174,2861,2826,113,2939,4
2022-01-25,Monterey,053,433212,71341,62498,10017,72515,654
2022-01-25,Napa,055,140530,22962,21668,732,22400,111
2022-01-25,Nevada,057,99092,14663,13944,957,14901,112
2022-01-25,Orange,059,3164182,518577,504274,38253,542527,5980
2022-01-25,Placer,061,380077,57916,55465,6651,62116,518
2022-01-25,Plumas,063,18699,2678,2397,253,2650,12
2022-01-25,Riverside,065,2383286,558969,540723,25949,566672,5686
2022-01-25,Sacramento,067,1510023,257940,244468,22202,266670,2545
2022-01-25,San Benito,069,59416,11784,11446,442,11888,88
2022-01-25,San Bernardino,071,2135413,541818,519150,23329,542479,6288
2022-01-25,San Diego,073,3302833,694991,670110,47296,717406,4604
2022-01-25,San Francisco,075,870044,112836,106254,7444,113698,703
2022-01-25,San Joaquin,077,732212,153732,147271,9139,156410,1972
2022-01-25,San Luis Obispo,079,281455,47452,45130,3142,48272,391
2022-01-25,San Mateo,081,765935,111253,98010,5877,103887,586
2022-01-25,Santa Barbara,083,443738,77852,74686,4075,78761,594
2022-01-25,Santa Clara,085,1922200,278414,268031,10360,278391,2006
2022-01-25,Santa Cruz,087,273765,40283,37850,1887,39737,237
2022-01-25,Shasta,089,179085,27968,27090,5295,32385,452
2022-01-25,Sierra,091,2930,264,260,37,297,0
2022-01-25,Siskiyou,093,43540,4057,3958,2279,6237,65
2022-01-25,Solano,095,438530,72714,68657,4804,73461,399
2022-01-25,Sonoma,097,501317,75450,71633,2076,73709,423
2022-01-25,Stanislaus,099,539301,108601,105965,15037,121002,1396
2022-01-25,Sutter,101,95872,18965,18508,1478,19986,200
2022-01-25,Tehama,103,63373,11026,10669,2335,13004,145
2022-01-25,Trinity,105,12862,1081,999,258,1257,19
2022-01-25,Tulare,107,460477,96621,91237,24109,115346,1229
2022-01-25,Tuolumne,109,53932,11225,10516,370,10886,91
2022-01-25,Ventura,111,848112,162555,157971,8857,166828,1263
2022-01-25,Yolo,113,214977,33605,31677,2663,34340,274
2022-01-25,Yuba,115,75493,14489,14038,933,14971,103
2022-01-24,Alameda,001,1643700,228609,216252,11481,227733,1581
2022-01-24,Alpine,003,1148,119,120,1,121,0
2022-01-24,Amador,005,37829,7600,7166,438,7604,73
2022-01-24,Butte,007,227075,29907,28607,5860,34467,350
2022-01-24,Calaveras,009,45235,6586,6172,223,6395,95
2022-01-24,Colusa,011,21464,3168,3052,948,4000,21
2022-01-24,Contra Costa,013,1133247,170917,162161,10540,172701,1092
2022-01-24,Del Norte,015,27424,4665,4460,117,4577,43
2022-01-24,El Dorado,017,186661,24790,23128,2867,25995,179
2022-01-24,Fresno,019,978130,204979,196092,20190,216282,2430
2022-01-24,Glenn,021,27897,4529,4367,1427,5794,39
2022-01-24,Humboldt,023,135768,14939,14416,2248,16664,126
2022-01-24,Imperial,025,180216,50498,48228,8650,56878,824
2022-01-24,Inyo,027,18085,3904,3805,294,4099,50
2022-01-24,Kern,029,883053,177420,169892,40492,210384,1946
2022-01-24,Kings,031,150075,45744,43260,3009,46269,396
2022-01-24,Lake,033,64148,9166,8423,674,9097,118
2022-01-24,Lassen,035,31185,8083,7732,770,8502,55
2022-01-24,Los Angeles,037,10098052,2536546,2391045,114984,2506029,28230
2022-01-24,Madera,039,155013,33072,31339,4439,35778,329
2022-01-24,Marin,041,260295,30410,29301,1904,31205,253
2022-01-24,Mariposa,043,17540,2134,2033,112,2145,6
2022-01-24,Mendocino,045,87422,11704,11002,2065,13067,103
2022-01-24,Merced,047,269075,56958,54970,6190,61160,730
2022-01-24,Modoc,049,8938,659,648,227,875,6
2022-01-24,Mono,051,14174,2851,2802,112,2914,4
2022-01-24,Monterey,053,433212,70480,61975,9657,71632,654
2022-01-24,Napa,055,140530,22782,21494,719,22213,111
2022-01-24,Nevada,057,99092,14536,13774,934,14708,112
2022-01-24,Orange,059,3164182,516003,501634,37991,539625,5969
2022-01-24,Placer,061,380077,57438,54933,6600,61533,518
2022-01-24,Plumas,063,18699,2647,2370,239,2609,12
2022-01-24,Riverside,065,2383286,555240,535962,25741,561703,5661
2022-01-24,Sacramento,067,1510023,255574,241522,21636,263158,2526
2022-01-24,San Benito,069,59416,11687,11331,429,11760,88
2022-01-24,San Bernardino,071,2135413,538899,515604,23168,538772,6285
2022-01-24,San Diego,073,3302833,689331,663580,46746,710326,4586
2022-01-24,San Francisco,075,870044,111876,105418,7348,112766,703
2022-01-24,San Joaquin,077,732212,152420,145984,9064,155048,1959
2022-01-24,San Luis Obispo,079,281455,46980,44616,3088,47704,387
2022-01-24,San Mateo,081,765935,110291,96968,5762,102730,586
2022-01-24,Santa Barbara,083,443738,77041,73866,3981,77847,591
2022-01-24,Santa Clara,085,1922200,275541,265341,10149,275490,2006
2022-01-24,Santa Cruz,087,273765,39485,37188,1867,39055,237
2022-01-24,Shasta,089,179085,27785,26871,5207,32078,452
2022-01-24,Sierra,091,2930,264,258,37,295,0
2022-01-24,Siskiyou,093,43540,4048,3934,2240,6174,64
2022-01-24,Solano,095,438530,72032,68094,4726,72820,400
2022-01-24,Sonoma,097,501317,74535,70733,2044,72777,423
2022-01-24,Stanislaus,099,539301,107844,104933,14763,119696,1395
2022-01-24,Sutter,101,95872,18849,18336,1392,19728,200
2022-01-24,Tehama,103,63373,10956,10567,2315,12882,145
2022-01-24,Trinity,105,12862,1072,978,256,1234,19
2022-01-24,Tulare,107,460477,95550,90089,23732,113821,1219
2022-01-24,Tuolumne,109,53932,11104,10374,362,10736,91
2022-01-24,Ventura,111,848112,161532,156551,8810,165361,1261
2022-01-24,Yolo,113,214977,33312,31480,2631,34111,273
2022-01-24,Yuba,115,75493,14382,13862,892,14754,103
2022-01-23,Alameda,001,1643700,225906,214003,11153,225156,1583
2022-01-23,Alpine,003,1148,119,120,1,121,0
2022-01-23,Amador,005,37829,7544,7090,398,7488,73
2022-01-23,Butte,007,227075,29611,28340,5750,34090,350
2022-01-23,Calaveras,009,45235,6521,6095,202,6297,95
2022-01-23,Colusa,011,21464,3144,3040,941,3981,21
2022-01-23,Contra Costa,013,1133247,169070,160798,10182,170980,1092
2022-01-23,Del Norte,015,27424,4597,4419,111,4530,43
2022-01-23,El Dorado,017,186661,24599,22925,2819,25744,179
2022-01-23,Fresno,019,978130,202508,193642,19719,213361,2430
2022-01-23,Glenn,021,27897,4478,4340,1404,5744,39
2022-01-23,Humboldt,023,135768,14817,14296,2166,16462,126
2022-01-23,Imperial,025,180216,49900,47935,8364,56299,824
2022-01-23,Inyo,027,18085,3877,3781,280,4061,50
2022-01-23,Kern,029,883053,176057,168585,39964,208549,1946
2022-01-23,Kings,031,150075,45109,42622,2905,45527,397
2022-01-23,Lake,033,64148,8996,8363,648,9011,118
2022-01-23,Lassen,035,31185,8034,7710,746,8456,55
2022-01-23,Los Angeles,037,10098052,2516246,2390590,113835,2504425,28231
2022-01-23,Madera,039,155013,32713,30962,4201,35163,329
2022-01-23,Marin,041,260295,30157,29025,1866,30891,253
2022-01-23,Mariposa,043,17540,2119,2011,109,2120,6
2022-01-23,Mendocino,045,87422,11579,10889,1936,12825,103
2022-01-23,Merced,047,269075,56404,54644,5744,60388,730
2022-01-23,Modoc,049,8938,657,645,224,869,6
2022-01-23,Mono,051,14174,2843,2788,110,2898,4
2022-01-23,Monterey,053,433212,69643,61522,9217,70739,654
2022-01-23,Napa,055,140530,22520,21281,706,21987,111
2022-01-23,Nevada,057,99092,14372,13629,905,14534,112
2022-01-23,Orange,059,3164182,512906,498968,37700,536668,5970
2022-01-23,Placer,061,380077,56867,54568,6512,61080,518
2022-01-23,Plumas,063,18699,2614,2368,210,2578,12
2022-01-23,Riverside,065,2383286,550796,532273,25437,557710,5661
2022-01-23,Sacramento,067,1510023,252935,239589,20686,260275,2530
2022-01-23,San Benito,069,59416,11565,11225,418,11643,88
2022-01-23,San Bernardino,071,2135413,535462,512657,22894,535551,6281
2022-01-23,San Diego,073,3302833,682718,640215,45945,686160,4566
2022-01-23,San Francisco,075,870044,110810,104485,7241,111726,704
2022-01-23,San Joaquin,077,732212,150805,144621,8982,153603,1959
2022-01-23,San Luis Obispo,079,281455,46286,44183,3011,47194,386
2022-01-23,San Mateo,081,765935,109175,95940,5614,101554,586
2022-01-23,Santa Barbara,083,443738,75918,73041,3856,76897,590
2022-01-23,Santa Clara,085,1922200,272242,261991,9827,271818,2005
2022-01-23,Santa Cruz,087,273765,38954,36547,1836,38383,237
2022-01-23,Shasta,089,179085,27505,26732,5086,31818,452
2022-01-23,Sierra,091,2930,263,252,37,289,0
2022-01-23,Siskiyou,093,43540,4023,3916,2182,6098,64
2022-01-23,Solano,095,438530,71235,67457,4631,72088,400
2022-01-23,Sonoma,097,501317,73579,69791,1989,71780,423
2022-01-23,Stanislaus,099,539301,106985,104067,14481,118548,1395
2022-01-23,Sutter,101,95872,18692,18175,1277,19452,200
2022-01-23,Tehama,103,63373,10858,10481,2283,12764,145
2022-01-23,Trinity,105,12862,1069,961,254,1215,19
2022-01-23,Tulare,107,460477,94291,89120,23310,112430,1219
2022-01-23,Tuolumne,109,53932,10912,10243,344,10587,91
2022-01-23,Ventura,111,848112,160350,155052,8733,163785,1261
2022-01-23,Yolo,113,214977,32934,30908,2590,33498,273
2022-01-23,Yuba,115,75493,14258,13762,837,14599,103
2022-01-22,Alameda,001,1643700,224814,203927,11120,215047,1575
2022-01-22,Alpine,003,1148,118,119,1,120,0
2022-01-22,Amador,005,37829,7510,6845,393,7238,73
2022-01-22,Butte,007,227075,29493,27232,5725,32957,350
2022-01-22,Calaveras,009,45235,6491,5835,201,6036,95
2022-01-22,Colusa,011,21464,3127,2954,938,3892,21
2022-01-22,Contra Costa,013,1133247,168140,154111,10152,164263,1091
2022-01-22,Del Norte,015,27424,4558,4269,107,4376,43
2022-01-22,El Dorado,017,186661,24530,22273,2809,25082,179
2022-01-22,Fresno,019,978130,201689,185292,19651,204943,2429
2022-01-22,Glenn,021,27897,4472,4174,1401,5575,39
2022-01-22,Humboldt,023,135768,14750,13628,2153,15781,125
2022-01-22,Imperial,025,180216,49710,45741,8304,54045,820
2022-01-22,Inyo,027,18085,3873,3706,256,3962,50
2022-01-22,Kern,029,883053,175431,162902,39663,202565,1946
2022-01-22,Kings,031,150075,44901,40580,2892,43472,396
2022-01-22,Lake,033,64148,8962,8056,640,8696,118
2022-01-22,Lassen,035,31185,8000,7545,739,8284,55
2022-01-22,Los Angeles,037,10098052,2508844,2286280,113325,2399605,28038
2022-01-22,Madera,039,155013,32594,29595,4186,33781,329
2022-01-22,Marin,041,260295,30031,27893,1861,29754,253
2022-01-22,Mariposa,043,17540,2115,1920,109,2029,6
2022-01-22,Mendocino,045,87422,11529,10395,1914,12309,103
2022-01-22,Merced,047,269075,56251,53025,5736,58761,727
2022-01-22,Modoc,049,8938,656,639,224,863,6
2022-01-22,Mono,051,14174,2842,2723,106,2829,4
2022-01-22,Monterey,053,433212,69436,59038,9175,68213,651
2022-01-22,Napa,055,140530,22425,20402,696,21098,111
2022-01-22,Nevada,057,99092,14304,12957,897,13854,112
2022-01-22,Orange,059,3164182,511301,480329,37452,517781,5946
2022-01-22,Placer,061,380077,56597,52557,6474,59031,512
2022-01-22,Plumas,063,18699,2597,2289,206,2495,12
2022-01-22,Riverside,065,2383286,548880,513567,25364,538931,5623
2022-01-22,Sacramento,067,1510023,251886,230206,20585,250791,2510
2022-01-22,San Benito,069,59416,11507,10743,413,11156,88
2022-01-22,San Bernardino,071,2135413,533952,495209,22801,518010,6267
2022-01-22,San Diego,073,3302833,680226,628904,45731,674635,4559
2022-01-22,San Francisco,075,870044,110154,100238,7093,107331,702
2022-01-22,San Joaquin,077,732212,150366,138264,8939,147203,1960
2022-01-22,San Luis Obispo,079,281455,46168,42154,3004,45158,385
2022-01-22,San Mateo,081,765935,108590,91440,5552,96992,585
2022-01-22,Santa Barbara,083,443738,75496,69555,3850,73405,589
2022-01-22,Santa Clara,085,1922200,270563,249205,9760,258965,1993
2022-01-22,Santa Cruz,087,273765,38772,33741,1830,35571,237
2022-01-22,Shasta,089,179085,27409,25919,5064,30983,450
2022-01-22,Sierra,091,2930,263,248,36,284,0
2022-01-22,Siskiyou,093,43540,4005,3845,2161,6006,62
2022-01-22,Solano,095,438530,71012,63882,4593,68475,391
2022-01-22,Sonoma,097,501317,73157,66013,1979,67992,422
2022-01-22,Stanislaus,099,539301,106527,100092,14390,114482,1393
2022-01-22,Sutter,101,95872,18624,17616,1264,18880,199
2022-01-22,Tehama,103,63373,10823,10171,2273,12444,142
2022-01-22,Trinity,105,12862,1067,925,254,1179,19
2022-01-22,Tulare,107,460477,93911,85223,23184,108407,1211
2022-01-22,Tuolumne,109,53932,10844,9731,338,10069,91
2022-01-22,Ventura,111,848112,159659,148742,8693,157435,1250
2022-01-22,Yolo,113,214977,32756,30061,2573,32634,273
2022-01-22,Yuba,115,75493,14169,13288,833,14121,103
2022-01-21,Alameda,001,1643700,223237,203927,11089,215016,1575
2022-01-21,Alpine,003,1148,118,119,1,120,0
2022-01-21,Amador,005,37829,7453,6845,390,7235,73
2022-01-21,Butte,007,227075,29365,27232,5683,32915,350
2022-01-21,Calaveras,009,45235,6445,5835,201,6036,95
2022-01-21,Colusa,011,21464,3120,2954,933,3887,21
2022-01-21,Contra Costa,013,1133247,167087,154111,10075,164186,1091
2022-01-21,Del Norte,015,27424,4518,4269,107,4376,43
2022-01-21,El Dorado,017,186661,24447,22273,2793,25066,179
2022-01-21,Fresno,019,978130,200445,185292,19552,204844,2429
2022-01-21,Glenn,021,27897,4453,4174,1396,5570,39
2022-01-21,Humboldt,023,135768,14681,13628,2134,15762,125
2022-01-21,Imperial,025,180216,49520,45741,8226,53967,820
2022-01-21,Inyo,027,18085,3860,3706,251,3957,50
2022-01-21,Kern,029,883053,174713,162902,39292,202194,1946
2022-01-21,Kings,031,150075,44704,40580,2884,43464,396
2022-01-21,Lake,033,64148,8905,8056,627,8683,118
2022-01-21,Lassen,035,31185,7951,7545,735,8280,55
2022-01-21,Los Angeles,037,10098052,2497540,2286280,112866,2399146,28038
2022-01-21,Madera,039,155013,32302,29595,4158,33753,329
2022-01-21,Marin,041,260295,29854,27893,1841,29734,253
2022-01-21,Mariposa,043,17540,2103,1920,108,2028,6
2022-01-21,Mendocino,045,87422,11448,10395,1911,12306,103
2022-01-21,Merced,047,269075,56092,53025,5732,58757,727
2022-01-21,Modoc,049,8938,655,639,224,863,6
2022-01-21,Mono,051,14174,2828,2723,103,2826,4
2022-01-21,Monterey,053,433212,68965,59038,9047,68085,651
2022-01-21,Napa,055,140530,22305,20402,688,21090,111
2022-01-21,Nevada,057,99092,14207,12957,893,13850,112
2022-01-21,Orange,059,3164182,509064,480329,37206,517535,5946
2022-01-21,Placer,061,380077,56204,52557,6412,58969,512
2022-01-21,Plumas,063,18699,2585,2289,201,2490,12
2022-01-21,Riverside,065,2383286,546223,513567,25285,538852,5623
2022-01-21,Sacramento,067,1510023,250441,230206,20484,250690,2510
2022-01-21,San Benito,069,59416,11472,10743,410,11153,88
2022-01-21,San Bernardino,071,2135413,531916,495209,22727,517936,6267
2022-01-21,San Diego,073,3302833,676058,628904,45554,674458,4559
2022-01-21,San Francisco,075,870044,109396,100238,7005,107243,702
2022-01-21,San Joaquin,077,732212,149770,138264,8881,147145,1960
2022-01-21,San Luis Obispo,079,281455,46042,42154,3001,45155,385
2022-01-21,San Mateo,081,765935,107918,91440,5513,96953,585
2022-01-21,Santa Barbara,083,443738,74994,69555,3840,73395,589
2022-01-21,Santa Clara,085,1922200,268738,249205,9652,258857,1993
2022-01-21,Santa Cruz,087,273765,38053,33741,1817,35558,237
2022-01-21,Shasta,089,179085,27320,25919,5017,30936,450
2022-01-21,Sierra,091,2930,261,248,35,283,0
2022-01-21,Siskiyou,093,43540,3996,3845,2143,5988,62
2022-01-21,Solano,095,438530,70601,63882,4511,68393,391
2022-01-21,Sonoma,097,501317,72632,66013,1969,67982,422
2022-01-21,Stanislaus,099,539301,106024,100092,14334,114426,1393
2022-01-21,Sutter,101,95872,18538,17616,1250,18866,199
2022-01-21,Tehama,103,63373,10787,10171,2271,12442,142
2022-01-21,Trinity,105,12862,1061,925,253,1178,19
2022-01-21,Tulare,107,460477,93433,85223,23025,108248,1211
2022-01-21,Tuolumne,109,53932,10761,9731,330,10061,91
2022-01-21,Ventura,111,848112,158850,148742,8662,157404,1250
2022-01-21,Yolo,113,214977,32593,30061,2552,32613,273
2022-01-21,Yuba,115,75493,14097,13288,826,14114,103
2022-01-20,Alameda,001,1643700,220171,203927,10852,214779,1575
2022-01-20,Alpine,003,1148,118,119,1,120,0
2022-01-20,Amador,005,37829,7389,6845,372,7217,73
2022-01-20,Butte,007,227075,29110,27232,5606,32838,350
2022-01-20,Calaveras,009,45235,6340,5835,192,6027,95
2022-01-20,Colusa,011,21464,3090,2954,921,3875,21
2022-01-20,Contra Costa,013,1133247,165126,154111,9810,163921,1091
2022-01-20,Del Norte,015,27424,4478,4269,104,4373,43
2022-01-20,El Dorado,017,186661,24243,22273,2750,25023,179
2022-01-20,Fresno,019,978130,197845,185292,19188,204480,2429
2022-01-20,Glenn,021,27897,4418,4174,1387,5561,39
2022-01-20,Humboldt,023,135768,14552,13628,2083,15711,125
2022-01-20,Imperial,025,180216,49002,45741,8048,53789,820
2022-01-20,Inyo,027,18085,3848,3706,240,3946,50
2022-01-20,Kern,029,883053,173189,162902,38751,201653,1946
2022-01-20,Kings,031,150075,44148,40580,2842,43422,396
2022-01-20,Lake,033,64148,8809,8056,599,8655,118
2022-01-20,Lassen,035,31185,7898,7545,720,8265,55
2022-01-20,Los Angeles,037,10098052,2472819,2286280,111886,2398166,28038
2022-01-20,Madera,039,155013,31914,29595,4032,33627,329
2022-01-20,Marin,041,260295,29561,27893,1805,29698,253
2022-01-20,Mariposa,043,17540,2076,1920,105,2025,6
2022-01-20,Mendocino,045,87422,11350,10395,1833,12228,103
2022-01-20,Merced,047,269075,55663,53025,5502,58527,727
2022-01-20,Modoc,049,8938,653,639,224,863,6
2022-01-20,Mono,051,14174,2820,2723,102,2825,4
2022-01-20,Monterey,053,433212,68199,59038,8630,67668,651
2022-01-20,Napa,055,140530,22039,20402,649,21051,111
2022-01-20,Nevada,057,99092,14059,12957,871,13828,112
2022-01-20,Orange,059,3164182,505124,480329,36838,517167,5946
2022-01-20,Placer,061,380077,55716,52557,6352,58909,512
2022-01-20,Plumas,063,18699,2558,2289,197,2486,12
2022-01-20,Riverside,065,2383286,541649,513567,25050,538617,5623
2022-01-20,Sacramento,067,1510023,248150,230206,19847,250053,2510
2022-01-20,San Benito,069,59416,11361,10743,397,11140,88
2022-01-20,San Bernardino,071,2135413,527767,495209,22447,517656,6267
2022-01-20,San Diego,073,3302833,668956,628904,44851,673755,4559
2022-01-20,San Francisco,075,870044,108244,100238,6864,107102,702
2022-01-20,San Joaquin,077,732212,148134,138264,8755,147019,1960
2022-01-20,San Luis Obispo,079,281455,45531,42154,2967,45121,385
2022-01-20,San Mateo,081,765935,106692,91440,5310,96750,585
2022-01-20,Santa Barbara,083,443738,74096,69555,3728,73283,589
2022-01-20,Santa Clara,085,1922200,265428,249205,9325,258530,1993
2022-01-20,Santa Cruz,087,273765,37169,33741,1794,35535,237
2022-01-20,Shasta,089,179085,27130,25919,4950,30869,450
2022-01-20,Sierra,091,2930,261,248,33,281,0
2022-01-20,Siskiyou,093,43540,3984,3845,2110,5955,62
2022-01-20,Solano,095,438530,69654,63882,4422,68304,391
2022-01-20,Sonoma,097,501317,71606,66013,1919,67932,422
2022-01-20,Stanislaus,099,539301,105067,100092,14130,114222,1393
2022-01-20,Sutter,101,95872,18373,17616,1222,18838,199
2022-01-20,Tehama,103,63373,10714,10171,2253,12424,142
2022-01-20,Trinity,105,12862,1047,925,252,1177,19
2022-01-20,Tulare,107,460477,92377,85223,22732,107955,1211
2022-01-20,Tuolumne,109,53932,10619,9731,319,10050,91
2022-01-20,Ventura,111,848112,157465,148742,8585,157327,1250
2022-01-20,Yolo,113,214977,32305,30061,2519,32580,273
2022-01-20,Yuba,115,75493,13991,13288,793,14081,103
2022-01-19,Alameda,001,1643700,216782,199739,10518,210257,1571
2022-01-19,Alpine,003,1148,117,119,1,120,0
2022-01-19,Amador,005,37829,7308,6789,330,7119,73
2022-01-19,Butte,007,227075,28808,26839,5529,32368,351
2022-01-19,Calaveras,009,45235,6250,5765,183,5948,95
2022-01-19,Colusa,011,21464,3065,2938,914,3852,21
2022-01-19,Contra Costa,013,1133247,162810,151543,9570,161113,1091
2022-01-19,Del Norte,015,27424,4439,4240,103,4343,43
2022-01-19,El Dorado,017,186661,23988,21953,2708,24661,177
2022-01-19,Fresno,019,978130,194943,181526,18868,200394,2430
2022-01-19,Glenn,021,27897,4367,4127,1377,5504,39
2022-01-19,Humboldt,023,135768,14394,13391,2031,15422,125
2022-01-19,Imperial,025,180216,48268,45156,7848,53004,820
2022-01-19,Inyo,027,18085,3825,3680,201,3881,49
2022-01-19,Kern,029,883053,171426,160747,38069,198816,1946
2022-01-19,Kings,031,150075,43452,40027,2771,42798,395
2022-01-19,Lake,033,64148,8682,7972,586,8558,118
2022-01-19,Lassen,035,31185,7841,7507,698,8205,55
2022-01-19,Los Angeles,037,10098052,2444432,2251718,110458,2362176,27934
2022-01-19,Madera,039,155013,31533,29021,3862,32883,329
2022-01-19,Marin,041,260295,29265,27375,1762,29137,251
2022-01-19,Mariposa,043,17540,2051,1896,99,1995,6
2022-01-19,Mendocino,045,87422,11179,10252,1740,11992,103
2022-01-19,Merced,047,269075,55118,52355,5147,57502,724
2022-01-19,Modoc,049,8938,651,635,223,858,6
2022-01-19,Mono,051,14174,2798,2677,100,2777,4
2022-01-19,Monterey,053,433212,67290,58426,8172,66598,651
2022-01-19,Napa,055,140530,21786,20090,622,20712,110
2022-01-19,Nevada,057,99092,13903,12703,844,13547,112
2022-01-19,Orange,059,3164182,500642,468460,36467,504927,5943
2022-01-19,Placer,061,380077,55152,51545,6284,57829,511
2022-01-19,Plumas,063,18699,2518,2239,190,2429,12
2022-01-19,Riverside,065,2383286,536123,503575,24815,528390,5604
2022-01-19,Sacramento,067,1510023,245255,226035,19123,245158,2512
2022-01-19,San Benito,069,59416,11220,10639,385,11024,88
2022-01-19,San Bernardino,071,2135413,523134,487846,22070,509916,6265
2022-01-19,San Diego,073,3302833,660173,614709,44118,658827,4553
2022-01-19,San Francisco,075,870044,106872,98652,6785,105437,694
2022-01-19,San Joaquin,077,732212,146240,135953,8630,144583,1959
2022-01-19,San Luis Obispo,079,281455,44932,41374,2901,44275,382
2022-01-19,San Mateo,081,765935,105278,89715,5045,94760,585
2022-01-19,Santa Barbara,083,443738,73099,68531,3628,72159,586
2022-01-19,Santa Clara,085,1922200,261699,244922,8964,253886,1991
2022-01-19,Santa Cruz,087,273765,35866,33026,1770,34796,237
2022-01-19,Shasta,089,179085,26863,25355,4878,30233,450
2022-01-19,Sierra,091,2930,261,245,32,277,0
2022-01-19,Siskiyou,093,43540,3960,3821,2055,5876,62
2022-01-19,Solano,095,438530,68812,63003,4294,67297,392
2022-01-19,Sonoma,097,501317,70507,64689,1874,66563,420
2022-01-19,Stanislaus,099,539301,104016,98952,13847,112799,1381
2022-01-19,Sutter,101,95872,18206,17436,1131,18567,199
2022-01-19,Tehama,103,63373,10600,10064,2205,12269,142
2022-01-19,Trinity,105,12862,1035,916,251,1167,19
2022-01-19,Tulare,107,460477,91089,83743,22256,105999,1200
2022-01-19,Tuolumne,109,53932,10461,9613,295,9908,91
2022-01-19,Ventura,111,848112,155949,144738,8510,153248,1234
2022-01-19,Yolo,113,214977,31941,29392,2483,31875,273
2022-01-19,Yuba,115,75493,13828,13114,780,13894,104
2022-01-18,Alameda,001,1643700,213420,195728,10206,205934,1566
2022-01-18,Alpine,003,1148,117,118,1,119,0
2022-01-18,Amador,005,37829,7170,6691,293,6984,73
2022-01-18,Butte,007,227075,28418,26514,5451,31965,347
2022-01-18,Calaveras,009,45235,6161,5684,168,5852,94
2022-01-18,Colusa,011,21464,3021,2903,909,3812,21
2022-01-18,Contra Costa,013,1133247,160797,149446,9202,158648,1085
2022-01-18,Del Norte,015,27424,4369,4229,98,4327,43
2022-01-18,El Dorado,017,186661,23607,21707,2662,24369,175
2022-01-18,Fresno,019,978130,191438,178922,18439,197361,2425
2022-01-18,Glenn,021,27897,4334,4070,1365,5435,39
2022-01-18,Humboldt,023,135768,14227,13218,1959,15177,125
2022-01-18,Imperial,025,180216,47572,44742,7665,52407,819
2022-01-18,Inyo,027,18085,3784,3654,190,3844,49
2022-01-18,Kern,029,883053,169403,158864,37309,196173,1943
2022-01-18,Kings,031,150075,42578,39440,2692,42132,392
2022-01-18,Lake,033,64148,8569,7919,566,8485,117
2022-01-18,Lassen,035,31185,7758,7461,659,8120,55
2022-01-18,Los Angeles,037,10098052,2411018,2227360,109022,2336382,27871
2022-01-18,Madera,039,155013,31011,28717,3671,32388,329
2022-01-18,Marin,041,260295,28962,27036,1719,28755,251
2022-01-18,Mariposa,043,17540,2026,1872,95,1967,6
2022-01-18,Mendocino,045,87422,11010,10114,1655,11769,103
2022-01-18,Merced,047,269075,54506,51746,4862,56608,718
2022-01-18,Modoc,049,8938,649,633,218,851,6
2022-01-18,Mono,051,14174,2777,2643,99,2742,4
2022-01-18,Monterey,053,433212,66514,57846,7692,65538,650
2022-01-18,Napa,055,140530,21453,19911,605,20516,109
2022-01-18,Nevada,057,99092,13718,12584,801,13385,111
2022-01-18,Orange,059,3164182,495298,461324,35959,497283,5938
2022-01-18,Placer,061,380077,54510,50983,6210,57193,508
2022-01-18,Plumas,063,18699,2480,2218,184,2402,12
2022-01-18,Riverside,065,2383286,530143,497278,24508,521786,5599
2022-01-18,Sacramento,067,1510023,242164,223745,18131,241876,2496
2022-01-18,San Benito,069,59416,11079,10520,371,10891,88
2022-01-18,San Bernardino,071,2135413,517782,483753,21648,505401,6258
2022-01-18,San Diego,073,3302833,649967,605137,43080,648217,4547
2022-01-18,San Francisco,075,870044,105407,96505,6668,103173,694
2022-01-18,San Joaquin,077,732212,144299,134365,8420,142785,1957
2022-01-18,San Luis Obispo,079,281455,44250,40848,2815,43663,381
2022-01-18,San Mateo,081,765935,103766,88225,4847,93072,585
2022-01-18,Santa Barbara,083,443738,71877,67216,3455,70671,581
2022-01-18,Santa Clara,085,1922200,257584,240281,8564,248845,1986
2022-01-18,Santa Cruz,087,273765,35215,32203,1735,33938,237
2022-01-18,Shasta,089,179085,26581,25162,4784,29946,448
2022-01-18,Sierra,091,2930,257,244,32,276,0
2022-01-18,Siskiyou,093,43540,3927,3799,2002,5801,62
2022-01-18,Solano,095,438530,67963,62204,4183,66387,391
2022-01-18,Sonoma,097,501317,69119,63714,1818,65532,419
2022-01-18,Stanislaus,099,539301,102799,98000,13482,111482,1379
2022-01-18,Sutter,101,95872,18015,17295,1059,18354,198
2022-01-18,Tehama,103,63373,10504,9975,2152,12127,142
2022-01-18,Trinity,105,12862,1022,907,250,1157,19
2022-01-18,Tulare,107,460477,89625,82667,21844,104511,1196
2022-01-18,Tuolumne,109,53932,10293,9528,284,9812,91
2022-01-18,Ventura,111,848112,154236,143384,8424,151808,1233
2022-01-18,Yolo,113,214977,31544,28786,2433,31219,270
2022-01-18,Yuba,115,75493,13667,12971,755,13726,101
2022-01-17,Alameda,001,1643700,208714,193276,9618,202894,1565
2022-01-17,Alpine,003,1148,116,118,0,118,0
2022-01-17,Amador,005,37829,7055,6640,235,6875,73
2022-01-17,Butte,007,227075,28034,26303,5346,31649,348
2022-01-17,Calaveras,009,45235,6030,5584,140,5724,94
2022-01-17,Colusa,011,21464,2997,2905,902,3807,21
2022-01-17,Contra Costa,013,1133247,158031,147993,8716,156709,1086
2022-01-17,Del Norte,015,27424,4318,4209,91,4300,43
2022-01-17,El Dorado,017,186661,23359,21540,2580,24120,175
2022-01-17,Fresno,019,978130,187732,176959,17942,194901,2426
2022-01-17,Glenn,021,27897,4281,4055,1351,5406,39
2022-01-17,Humboldt,023,135768,14023,13120,1793,14913,125
2022-01-17,Imperial,025,180216,46885,44412,7498,51910,821
2022-01-17,Inyo,027,18085,3762,3650,164,3814,49
2022-01-17,Kern,029,883053,166859,157645,36431,194076,1944
2022-01-17,Kings,031,150075,41445,39143,2571,41714,392
2022-01-17,Lake,033,64148,8420,7864,526,8390,117
2022-01-17,Lassen,035,31185,7665,7417,621,8038,55
2022-01-17,Los Angeles,037,10098052,2371831,2205740,107061,2312801,27832
2022-01-17,Madera,039,155013,30359,28568,3488,32056,329
2022-01-17,Marin,041,260295,28556,26633,1664,28297,251
2022-01-17,Mariposa,043,17540,2000,1862,89,1951,6
2022-01-17,Mendocino,045,87422,10787,10030,1515,11545,103
2022-01-17,Merced,047,269075,53826,51227,4301,55528,718
2022-01-17,Modoc,049,8938,645,630,218,848,6
2022-01-17,Mono,051,14174,2754,2642,98,2740,4
2022-01-17,Monterey,053,433212,65395,57318,7273,64591,647
2022-01-17,Napa,055,140530,21108,19647,582,20229,109
2022-01-17,Nevada,057,99092,13532,12414,764,13178,111
2022-01-17,Orange,059,3164182,489338,457418,35484,492902,5933
2022-01-17,Placer,061,380077,53779,50511,6065,56576,508
2022-01-17,Plumas,063,18699,2434,2205,152,2357,12
2022-01-17,Riverside,065,2383286,523332,491322,24055,515377,5600
2022-01-17,Sacramento,067,1510023,238082,221143,16772,237915,2497
2022-01-17,San Benito,069,59416,10912,10432,343,10775,88
2022-01-17,San Bernardino,071,2135413,511459,480243,21105,501348,6259
2022-01-17,San Diego,073,3302833,637748,569241,41873,611114,4545
2022-01-17,San Francisco,075,870044,103779,95292,6473,101765,694
2022-01-17,San Joaquin,077,732212,141464,133414,8230,141644,1958
2022-01-17,San Luis Obispo,079,281455,43421,40425,2713,43138,379
2022-01-17,San Mateo,081,765935,101798,87013,4590,91603,585
2022-01-17,Santa Barbara,083,443738,70554,66704,3255,69959,581
2022-01-17,Santa Clara,085,1922200,253098,237934,8125,246059,1985
2022-01-17,Santa Cruz,087,273765,34445,31714,1698,33412,237
2022-01-17,Shasta,089,179085,26301,25025,4662,29687,448
2022-01-17,Sierra,091,2930,256,242,32,274,0
2022-01-17,Siskiyou,093,43540,3888,3764,1922,5686,62
2022-01-17,Solano,095,438530,66925,61497,3923,65420,391
2022-01-17,Sonoma,097,501317,67614,62763,1755,64518,419
2022-01-17,Stanislaus,099,539301,101487,96951,12999,109950,1379
2022-01-17,Sutter,101,95872,17806,17159,921,18080,198
2022-01-17,Tehama,103,63373,10381,9912,2093,12005,142
2022-01-17,Trinity,105,12862,1009,906,246,1152,19
2022-01-17,Tulare,107,460477,87871,81741,21287,103028,1199
2022-01-17,Tuolumne,109,53932,10158,9416,252,9668,91
2022-01-17,Ventura,111,848112,152120,142070,8307,150377,1234
2022-01-17,Yolo,113,214977,31017,28638,2367,31005,270
2022-01-17,Yuba,115,75493,13471,12871,699,13570,101
2022-01-16,Alameda,001,1643700,205642,190691,9359,200050,1564
2022-01-16,Alpine,003,1148,116,118,0,118,0
2022-01-16,Amador,005,37829,6982,6618,227,6845,73
2022-01-16,Butte,007,227075,27691,26139,5298,31437,348
2022-01-16,Calaveras,009,45235,5929,5537,136,5673,94
2022-01-16,Colusa,011,21464,2980,2886,890,3776,21
2022-01-16,Contra Costa,013,1133247,156119,146307,8515,154822,1086
2022-01-16,Del Norte,015,27424,4276,4177,89,4266,43
2022-01-16,El Dorado,017,186661,23084,21303,2541,23844,175
2022-01-16,Fresno,019,978130,185019,174818,17589,192407,2425
2022-01-16,Glenn,021,27897,4226,4049,1329,5378,39
2022-01-16,Humboldt,023,135768,13876,13075,1774,14849,125
2022-01-16,Imperial,025,180216,46313,44035,7331,51366,821
2022-01-16,Inyo,027,18085,3725,3602,142,3744,49
2022-01-16,Kern,029,883053,165588,156655,35643,192298,1944
2022-01-16,Kings,031,150075,41072,38861,2547,41408,392
2022-01-16,Lake,033,64148,8316,7823,492,8315,117
2022-01-16,Lassen,035,31185,7620,7391,608,7999,55
2022-01-16,Los Angeles,037,10098052,2348657,2174403,105532,2279935,27805
2022-01-16,Madera,039,155013,29989,28313,3437,31750,329
2022-01-16,Marin,041,260295,28262,26292,1650,27942,251
2022-01-16,Mariposa,043,17540,1973,1851,84,1935,6
2022-01-16,Mendocino,045,87422,10640,9992,1399,11391,102
2022-01-16,Merced,047,269075,53236,50882,4276,55158,718
2022-01-16,Modoc,049,8938,642,629,218,847,6
2022-01-16,Mono,051,14174,2750,2614,96,2710,4
2022-01-16,Monterey,053,433212,64629,57012,7126,64138,647
2022-01-16,Napa,055,140530,20841,19521,571,20092,109
2022-01-16,Nevada,057,99092,13317,12307,745,13052,111
2022-01-16,Orange,059,3164182,483943,451962,34934,486896,5932
2022-01-16,Placer,061,380077,53073,50076,5954,56030,508
2022-01-16,Plumas,063,18699,2399,2204,142,2346,12
2022-01-16,Riverside,065,2383286,517828,485191,23833,509024,5600
2022-01-16,Sacramento,067,1510023,235124,218819,16047,234866,2491
2022-01-16,San Benito,069,59416,10754,10377,341,10718,88
2022-01-16,San Bernardino,071,2135413,507553,474425,20853,495278,6259
2022-01-16,San Diego,073,3302833,630160,569241,41436,610677,4545
2022-01-16,San Francisco,075,870044,102263,94139,6334,100473,694
2022-01-16,San Joaquin,077,732212,139680,132214,8087,140301,1958
2022-01-16,San Luis Obispo,079,281455,42764,40113,2673,42786,379
2022-01-16,San Mateo,081,765935,100271,85966,4497,90463,585
2022-01-16,Santa Barbara,083,443738,69526,66111,3215,69326,582
2022-01-16,Santa Clara,085,1922200,249435,234293,7971,242264,1984
2022-01-16,Santa Cruz,087,273765,33816,31469,1675,33144,237
2022-01-16,Shasta,089,179085,26046,24980,4594,29574,449
2022-01-16,Sierra,091,2930,252,238,31,269,0
2022-01-16,Siskiyou,093,43540,3860,3748,1883,5631,62
2022-01-16,Solano,095,438530,66251,60885,3792,64677,391
2022-01-16,Sonoma,097,501317,66536,61842,1736,63578,419
2022-01-16,Stanislaus,099,539301,100423,96370,12848,109218,1379
2022-01-16,Sutter,101,95872,17606,16996,899,17895,198
2022-01-16,Tehama,103,63373,10297,9868,2072,11940,142
2022-01-16,Trinity,105,12862,1004,889,244,1133,19
2022-01-16,Tulare,107,460477,86554,80867,21031,101898,1199
2022-01-16,Tuolumne,109,53932,10053,9369,244,9613,91
2022-01-16,Ventura,111,848112,150546,140715,8228,148943,1234
2022-01-16,Yolo,113,214977,30624,28481,2314,30795,270
2022-01-16,Yuba,115,75493,13293,12760,693,13453,101
2022-01-15,Alameda,001,1643700,204274,177768,9307,187075,1561
2022-01-15,Alpine,003,1148,116,117,0,117,0
2022-01-15,Amador,005,37829,6950,6434,213,6647,72
2022-01-15,Butte,007,227075,27536,25032,5249,30281,348
2022-01-15,Calaveras,009,45235,5897,5258,136,5394,93
2022-01-15,Colusa,011,21464,2966,2796,883,3679,21
2022-01-15,Contra Costa,013,1133247,154909,137643,8471,146114,1082
2022-01-15,Del Norte,015,27424,4261,4065,87,4152,43
2022-01-15,El Dorado,017,186661,22986,20434,2524,22958,175
2022-01-15,Fresno,019,978130,184091,167361,17502,184863,2415
2022-01-15,Glenn,021,27897,4219,3906,1322,5228,39
2022-01-15,Humboldt,023,135768,13772,12419,1758,14177,123
2022-01-15,Imperial,025,180216,46175,42508,7222,49730,817
2022-01-15,Inyo,027,18085,3715,3395,142,3537,49
2022-01-15,Kern,029,883053,164744,150085,35254,185339,1938
2022-01-15,Kings,031,150075,40823,37221,2535,39756,391
2022-01-15,Lake,033,64148,8277,7641,479,8120,117
2022-01-15,Lassen,035,31185,7579,7274,602,7876,55
2022-01-15,Los Angeles,037,10098052,2337128,2047927,104579,2152506,27641
2022-01-15,Madera,039,155013,29842,27294,3416,30710,329
2022-01-15,Marin,041,260295,28076,25248,1643,26891,251
2022-01-15,Mariposa,043,17540,1966,1762,84,1846,6
2022-01-15,Mendocino,045,87422,10567,9534,1393,10927,102
2022-01-15,Merced,047,269075,53069,48904,4265,53169,715
2022-01-15,Modoc,049,8938,640,628,218,846,6
2022-01-15,Mono,051,14174,2745,2508,95,2603,4
2022-01-15,Monterey,053,433212,64115,55315,7059,62374,647
2022-01-15,Napa,055,140530,20720,17648,567,18215,109
2022-01-15,Nevada,057,99092,13258,11773,732,12505,111
2022-01-15,Orange,059,3164182,481350,433141,34662,467803,5914
2022-01-15,Placer,061,380077,52783,47780,5920,53700,501
2022-01-15,Plumas,063,18699,2378,2158,136,2294,12
2022-01-15,Riverside,065,2383286,515145,466381,23699,490080,5578
2022-01-15,Sacramento,067,1510023,233967,208156,15944,224100,2491
2022-01-15,San Benito,069,59416,10655,9868,335,10203,87
2022-01-15,San Bernardino,071,2135413,505238,454395,20703,475098,6233
2022-01-15,San Diego,073,3302833,626370,559385,41180,600565,4540
2022-01-15,San Francisco,075,870044,101267,88004,6199,94203,692
2022-01-15,San Joaquin,077,732212,139116,125136,7989,133125,1954
2022-01-15,San Luis Obispo,079,281455,42575,38231,2660,40891,374
2022-01-15,San Mateo,081,765935,99315,80494,4456,84950,582
2022-01-15,Santa Barbara,083,443738,68928,62312,3204,65516,579
2022-01-15,Santa Clara,085,1922200,247232,218986,7849,226835,1974
2022-01-15,Santa Cruz,087,273765,33462,29414,1667,31081,235
2022-01-15,Shasta,089,179085,25955,24482,4562,29044,445
2022-01-15,Sierra,091,2930,251,232,30,262,0
2022-01-15,Siskiyou,093,43540,3848,3661,1873,5534,62
2022-01-15,Solano,095,438530,65972,58061,3742,61803,389
2022-01-15,Sonoma,097,501317,65950,58181,1730,59911,418
2022-01-15,Stanislaus,099,539301,99841,92986,12750,105736,1379
2022-01-15,Sutter,101,95872,17515,16345,889,17234,197
2022-01-15,Tehama,103,63373,10247,9572,2054,11626,141
2022-01-15,Trinity,105,12862,1001,872,244,1116,19
2022-01-15,Tulare,107,460477,86108,77769,20915,98684,1192
2022-01-15,Tuolumne,109,53932,9954,9042,239,9281,91
2022-01-15,Ventura,111,848112,149771,134736,8190,142926,1227
2022-01-15,Yolo,113,214977,30444,27311,2294,29605,270
2022-01-15,Yuba,115,75493,13230,12200,689,12889,101
2022-01-14,Alameda,001,1643700,202231,177768,9256,187024,1561
2022-01-14,Alpine,003,1148,116,117,0,117,0
2022-01-14,Amador,005,37829,6874,6434,204,6638,72
2022-01-14,Butte,007,227075,27355,25032,5219,30251,348
2022-01-14,Calaveras,009,45235,5860,5258,135,5393,93
2022-01-14,Colusa,011,21464,2957,2796,873,3669,21
2022-01-14,Contra Costa,013,1133247,153465,137643,8370,146013,1082
2022-01-14,Del Norte,015,27424,4236,4065,86,4151,43
2022-01-14,El Dorado,017,186661,22831,20434,2506,22940,175
2022-01-14,Fresno,019,978130,182437,167361,17426,184787,2415
2022-01-14,Glenn,021,27897,4197,3906,1314,5220,39
2022-01-14,Humboldt,023,135768,13665,12419,1725,14144,123
2022-01-14,Imperial,025,180216,46004,42508,7202,49710,817
2022-01-14,Inyo,027,18085,3690,3395,138,3533,49
2022-01-14,Kern,029,883053,163745,150085,34819,184904,1938
2022-01-14,Kings,031,150075,40572,37221,2527,39748,391
2022-01-14,Lake,033,64148,8220,7641,467,8108,117
2022-01-14,Lassen,035,31185,7545,7274,590,7864,55
2022-01-14,Los Angeles,037,10098052,2317809,2047927,103542,2151469,27641
2022-01-14,Madera,039,155013,29605,27294,3391,30685,329
2022-01-14,Marin,041,260295,27817,25248,1608,26856,251
2022-01-14,Mariposa,043,17540,1951,1762,84,1846,6
2022-01-14,Mendocino,045,87422,10455,9534,1380,10914,102
2022-01-14,Merced,047,269075,52886,48904,4250,53154,715
2022-01-14,Modoc,049,8938,639,628,218,846,6
2022-01-14,Mono,051,14174,2724,2508,93,2601,4
2022-01-14,Monterey,053,433212,63418,55315,6967,62282,647
2022-01-14,Napa,055,140530,20550,17648,562,18210,109
2022-01-14,Nevada,057,99092,13136,11773,719,12492,111
2022-01-14,Orange,059,3164182,477616,433141,34344,467485,5914
2022-01-14,Placer,061,380077,52347,47780,5834,53614,501
2022-01-14,Plumas,063,18699,2370,2158,129,2287,12
2022-01-14,Riverside,065,2383286,511618,466381,23556,489937,5578
2022-01-14,Sacramento,067,1510023,232023,208156,15790,223946,2491
2022-01-14,San Benito,069,59416,10603,9868,334,10202,87
2022-01-14,San Bernardino,071,2135413,502102,454395,20517,474912,6233
2022-01-14,San Diego,073,3302833,620717,559385,40870,600255,4540
2022-01-14,San Francisco,075,870044,100095,88004,6024,94028,692
2022-01-14,San Joaquin,077,732212,138267,125136,7907,133043,1954
2022-01-14,San Luis Obispo,079,281455,42409,38231,2638,40869,374
2022-01-14,San Mateo,081,765935,98088,80494,4427,84921,582
2022-01-14,Santa Barbara,083,443738,68409,62312,3194,65506,579
2022-01-14,Santa Clara,085,1922200,244657,218986,7742,226728,1974
2022-01-14,Santa Cruz,087,273765,33085,29414,1658,31072,235
2022-01-14,Shasta,089,179085,25834,24482,4529,29011,445
2022-01-14,Sierra,091,2930,249,232,28,260,0
2022-01-14,Siskiyou,093,43540,3837,3661,1860,5521,62
2022-01-14,Solano,095,438530,65129,58061,3653,61714,389
2022-01-14,Sonoma,097,501317,65410,58181,1703,59884,418
2022-01-14,Stanislaus,099,539301,99235,92986,12650,105636,1379
2022-01-14,Sutter,101,95872,17389,16345,880,17225,197
2022-01-14,Tehama,103,63373,10194,9572,2042,11614,141
2022-01-14,Trinity,105,12862,996,872,242,1114,19
2022-01-14,Tulare,107,460477,85575,77769,20748,98517,1192
2022-01-14,Tuolumne,109,53932,9831,9042,234,9276,91
2022-01-14,Ventura,111,848112,148664,134736,8130,142866,1227
2022-01-14,Yolo,113,214977,30203,27311,2266,29577,270
2022-01-14,Yuba,115,75493,13127,12200,684,12884,101
2022-01-13,Alameda,001,1643700,197915,177768,8906,186674,1561
2022-01-13,Alpine,003,1148,115,117,0,117,0
2022-01-13,Amador,005,37829,6814,6434,183,6617,72
2022-01-13,Butte,007,227075,27054,25032,5107,30139,348
2022-01-13,Calaveras,009,45235,5770,5258,131,5389,93
2022-01-13,Colusa,011,21464,2926,2796,863,3659,21
2022-01-13,Contra Costa,013,1133247,150939,137643,7917,145560,1082
2022-01-13,Del Norte,015,27424,4200,4065,85,4150,43
2022-01-13,El Dorado,017,186661,22583,20434,2460,22894,175
2022-01-13,Fresno,019,978130,179633,167361,17063,184424,2415
2022-01-13,Glenn,021,27897,4150,3906,1288,5194,39
2022-01-13,Humboldt,023,135768,13512,12419,1663,14082,123
2022-01-13,Imperial,025,180216,45460,42508,6988,49496,817
2022-01-13,Inyo,027,18085,3634,3395,121,3516,49
2022-01-13,Kern,029,883053,162160,150085,34228,184313,1938
2022-01-13,Kings,031,150075,40091,37221,2483,39704,391
2022-01-13,Lake,033,64148,8119,7641,446,8087,117
2022-01-13,Lassen,035,31185,7511,7274,574,7848,55
2022-01-13,Los Angeles,037,10098052,2281348,2047927,101754,2149681,27641
2022-01-13,Madera,039,155013,29138,27294,3297,30591,329
2022-01-13,Marin,041,260295,27473,25248,1564,26812,251
2022-01-13,Mariposa,043,17540,1928,1762,81,1843,6
2022-01-13,Mendocino,045,87422,10364,9534,1312,10846,102
2022-01-13,Merced,047,269075,52228,48904,3991,52895,715
2022-01-13,Modoc,049,8938,636,628,218,846,6
2022-01-13,Mono,051,14174,2701,2508,90,2598,4
2022-01-13,Monterey,053,433212,62482,55315,6679,61994,647
2022-01-13,Napa,055,140530,20252,17648,552,18200,109
2022-01-13,Nevada,057,99092,12944,11773,689,12462,111
2022-01-13,Orange,059,3164182,471175,433141,33889,467030,5914
2022-01-13,Placer,061,380077,51717,47780,5719,53499,501
2022-01-13,Plumas,063,18699,2350,2158,119,2277,12
2022-01-13,Riverside,065,2383286,505321,466381,23228,489609,5578
2022-01-13,Sacramento,067,1510023,228924,208156,14995,223151,2491
2022-01-13,San Benito,069,59416,10499,9868,326,10194,87
2022-01-13,San Bernardino,071,2135413,496379,454395,20053,474448,6233
2022-01-13,San Diego,073,3302833,612197,559385,39995,599380,4540
2022-01-13,San Francisco,075,870044,98359,88004,5829,93833,692
2022-01-13,San Joaquin,077,732212,136201,125136,7758,132894,1954
2022-01-13,San Luis Obispo,079,281455,41806,38231,2533,40764,374
2022-01-13,San Mateo,081,765935,96306,80494,4187,84681,582
2022-01-13,Santa Barbara,083,443738,67411,62312,3014,65326,579
2022-01-13,Santa Clara,085,1922200,240405,218986,7407,226393,1974
2022-01-13,Santa Cruz,087,273765,32270,29414,1636,31050,235
2022-01-13,Shasta,089,179085,25625,24482,4457,28939,445
2022-01-13,Sierra,091,2930,248,232,28,260,0
2022-01-13,Siskiyou,093,43540,3815,3661,1819,5480,62
2022-01-13,Solano,095,438530,63998,58061,3541,61602,389
2022-01-13,Sonoma,097,501317,64343,58181,1647,59828,418
2022-01-13,Stanislaus,099,539301,98118,92986,12372,105358,1379
2022-01-13,Sutter,101,95872,17193,16345,816,17161,197
2022-01-13,Tehama,103,63373,10095,9572,1993,11565,141
2022-01-13,Trinity,105,12862,988,872,242,1114,19
2022-01-13,Tulare,107,460477,84292,77769,20451,98220,1192
2022-01-13,Tuolumne,109,53932,9692,9042,216,9258,91
2022-01-13,Ventura,111,848112,146881,134736,8036,142772,1227
2022-01-13,Yolo,113,214977,29789,27311,2221,29532,270
2022-01-13,Yuba,115,75493,12992,12200,655,12855,101
2022-01-12,Alameda,001,1643700,193292,173001,8445,181446,1563
2022-01-12,Alpine,003,1148,115,117,0,117,0
2022-01-12,Amador,005,37829,6766,6354,169,6523,71
2022-01-12,Butte,007,227075,26729,24631,5018,29649,348
2022-01-12,Calaveras,009,45235,5693,5151,125,5276,93
2022-01-12,Colusa,011,21464,2887,2772,850,3622,21
2022-01-12,Contra Costa,013,1133247,148393,134579,7554,142133,1077
2022-01-12,Del Norte,015,27424,4174,4019,83,4102,43
2022-01-12,El Dorado,017,186661,22260,20092,2420,22512,175
2022-01-12,Fresno,019,978130,176902,165316,16650,181966,2413
2022-01-12,Glenn,021,27897,4099,3859,1266,5125,39
2022-01-12,Humboldt,023,135768,13340,12081,1581,13662,122
2022-01-12,Imperial,025,180216,44804,41985,6681,48666,814
2022-01-12,Inyo,027,18085,3588,3334,105,3439,49
2022-01-12,Kern,029,883053,160021,148435,33495,181930,1933
2022-01-12,Kings,031,150075,39460,36780,2441,39221,391
2022-01-12,Lake,033,64148,8003,7535,402,7937,117
2022-01-12,Lassen,035,31185,7469,7223,547,7770,55
2022-01-12,Los Angeles,037,10098052,2241624,2005065,99509,2104574,27601
2022-01-12,Madera,039,155013,28821,26952,3199,30151,329
2022-01-12,Marin,041,260295,26983,24704,1513,26217,251
2022-01-12,Mariposa,043,17540,1899,1725,79,1804,6
2022-01-12,Mendocino,045,87422,10200,9379,1213,10592,103
2022-01-12,Merced,047,269075,51528,48441,3717,52158,710
2022-01-12,Modoc,049,8938,634,627,218,845,6
2022-01-12,Mono,051,14174,2665,2466,86,2552,4
2022-01-12,Monterey,053,433212,61496,54524,6316,60840,647
2022-01-12,Napa,055,140530,19994,17347,529,17876,109
2022-01-12,Nevada,057,99092,12731,11552,641,12193,111
2022-01-12,Orange,059,3164182,464389,425737,33303,459040,5912
2022-01-12,Placer,061,380077,51061,47004,5606,52610,501
2022-01-12,Plumas,063,18699,2310,2135,108,2243,12
2022-01-12,Riverside,065,2383286,498109,458881,22885,481766,5565
2022-01-12,Sacramento,067,1510023,225336,204696,14112,218808,2479
2022-01-12,San Benito,069,59416,10368,9737,314,10051,87
2022-01-12,San Bernardino,071,2135413,490053,447869,19435,467304,6222
2022-01-12,San Diego,073,3302833,601692,551669,39137,590806,4529
2022-01-12,San Francisco,075,870044,96524,85700,5716,91416,691
2022-01-12,San Joaquin,077,732212,133917,122850,7630,130480,1948
2022-01-12,San Luis Obispo,079,281455,41079,37727,2450,40177,373
2022-01-12,San Mateo,081,765935,94274,78476,3813,82289,582
2022-01-12,Santa Barbara,083,443738,66267,60815,2911,63726,578
2022-01-12,Santa Clara,085,1922200,235912,213177,7027,220204,1971
2022-01-12,Santa Cruz,087,273765,31615,28463,1588,30051,235
2022-01-12,Shasta,089,179085,25412,24324,4391,28715,446
2022-01-12,Sierra,091,2930,247,228,28,256,0
2022-01-12,Siskiyou,093,43540,3787,3639,1772,5411,62
2022-01-12,Solano,095,438530,62952,57052,3420,60472,386
2022-01-12,Sonoma,097,501317,63058,56394,1563,57957,417
2022-01-12,Stanislaus,099,539301,96886,91738,12030,103768,1373
2022-01-12,Sutter,101,95872,16999,16135,783,16918,197
2022-01-12,Tehama,103,63373,10006,9475,1932,11407,141
2022-01-12,Trinity,105,12862,984,868,241,1109,19
2022-01-12,Tulare,107,460477,83169,76943,20062,97005,1192
2022-01-12,Tuolumne,109,53932,9561,8870,199,9069,91
2022-01-12,Ventura,111,848112,144971,132180,7950,140130,1220
2022-01-12,Yolo,113,214977,29373,26888,2147,29035,270
2022-01-12,Yuba,115,75493,12832,12015,628,12643,101
2022-01-11,Alameda,001,1643700,188768,169181,8048,177229,1561
2022-01-11,Alpine,003,1148,115,116,0,116,0
2022-01-11,Amador,005,37829,6682,6317,154,6471,71
2022-01-11,Butte,007,227075,26337,24479,4927,29406,347
2022-01-11,Calaveras,009,45235,5563,5083,111,5194,93
2022-01-11,Colusa,011,21464,2864,2766,837,3603,21
2022-01-11,Contra Costa,013,1133247,145418,132410,7074,139484,1077
2022-01-11,Del Norte,015,27424,4141,4006,81,4087,43
2022-01-11,El Dorado,017,186661,21914,19842,2347,22189,174
2022-01-11,Fresno,019,978130,173858,163509,16309,179818,2404
2022-01-11,Glenn,021,27897,4037,3844,1221,5065,39
2022-01-11,Humboldt,023,135768,13119,11960,1488,13448,122
2022-01-11,Imperial,025,180216,44199,41444,6478,47922,813
2022-01-11,Inyo,027,18085,3490,3278,98,3376,49
2022-01-11,Kern,029,883053,157738,146942,32670,179612,1929
2022-01-11,Kings,031,150075,38872,36524,2410,38934,389
2022-01-11,Lake,033,64148,7925,7494,386,7880,117
2022-01-11,Lassen,035,31185,7419,7210,533,7743,55
2022-01-11,Los Angeles,037,10098052,2199191,1966319,97287,2063606,27563
2022-01-11,Madera,039,155013,28405,26688,3120,29808,329
2022-01-11,Marin,041,260295,26626,24387,1468,25855,251
2022-01-11,Mariposa,043,17540,1877,1718,75,1793,6
2022-01-11,Mendocino,045,87422,10039,9301,1115,10416,102
2022-01-11,Merced,047,269075,50763,48068,3536,51604,708
2022-01-11,Modoc,049,8938,633,626,217,843,6
2022-01-11,Mono,051,14174,2622,2425,85,2510,4
2022-01-11,Monterey,053,433212,60453,53911,5966,59877,646
2022-01-11,Napa,055,140530,19554,17020,482,17502,109
2022-01-11,Nevada,057,99092,12505,11467,606,12073,110
2022-01-11,Orange,059,3164182,456716,417703,32669,450372,5909
2022-01-11,Placer,061,380077,50307,46459,5462,51921,500
2022-01-11,Plumas,063,18699,2275,2099,100,2199,12
2022-01-11,Riverside,065,2383286,490382,453766,22570,476336,5551
2022-01-11,Sacramento,067,1510023,221151,201058,13074,214132,2489
2022-01-11,San Benito,069,59416,10232,9624,301,9925,83
2022-01-11,San Bernardino,071,2135413,482299,442960,18835,461795,6198
2022-01-11,San Diego,073,3302833,589682,536954,38026,574980,4520
2022-01-11,San Francisco,075,870044,94320,83678,5557,89235,691
2022-01-11,San Joaquin,077,732212,131538,121139,7461,128600,1944
2022-01-11,San Luis Obispo,079,281455,40304,37183,2331,39514,372
2022-01-11,San Mateo,081,765935,91980,76756,3591,80347,582
2022-01-11,Santa Barbara,083,443738,64962,59758,2774,62532,578
2022-01-11,Santa Clara,085,1922200,230528,208425,6574,214999,1971
2022-01-11,Santa Cruz,087,273765,31107,27709,1538,29247,232
2022-01-11,Shasta,089,179085,25153,24132,4298,28430,446
2022-01-11,Sierra,091,2930,245,228,28,256,0
2022-01-11,Siskiyou,093,43540,3763,3621,1722,5343,62
2022-01-11,Solano,095,438530,61556,56349,3267,59616,388
2022-01-11,Sonoma,097,501317,61542,55411,1483,56894,416
2022-01-11,Stanislaus,099,539301,95519,90998,11662,102660,1372
2022-01-11,Sutter,101,95872,16798,15993,729,16722,197
2022-01-11,Tehama,103,63373,9877,9406,1884,11290,140
2022-01-11,Trinity,105,12862,972,858,239,1097,19
2022-01-11,Tulare,107,460477,81863,76267,19657,95924,1188
2022-01-11,Tuolumne,109,53932,9402,8811,192,9003,91
2022-01-11,Ventura,111,848112,142740,129548,7804,137352,1220
2022-01-11,Yolo,113,214977,28798,26482,2085,28567,270
2022-01-11,Yuba,115,75493,12658,11912,607,12519,101
2022-01-10,Alameda,001,1643700,183649,165657,7522,173179,1559
2022-01-10,Alpine,003,1148,115,116,0,116,0
2022-01-10,Amador,005,37829,6579,6279,138,6417,71
2022-01-10,Butte,007,227075,25999,24217,4835,29052,347
2022-01-10,Calaveras,009,45235,5465,5025,105,5130,93
2022-01-10,Colusa,011,21464,2835,2758,828,3586,21
2022-01-10,Contra Costa,013,1133247,142667,129951,6561,136512,1077
2022-01-10,Del Norte,015,27424,4118,3970,81,4051,43
2022-01-10,El Dorado,017,186661,21348,19606,2290,21896,172
2022-01-10,Fresno,019,978130,170814,161593,15915,177508,2404
2022-01-10,Glenn,021,27897,3978,3807,1207,5014,39
2022-01-10,Humboldt,023,135768,12876,11778,1355,13133,121
2022-01-10,Imperial,025,180216,43473,41080,6259,47339,811
2022-01-10,Inyo,027,18085,3435,3227,86,3313,49
2022-01-10,Kern,029,883053,155166,145744,31921,177665,1929
2022-01-10,Kings,031,150075,38256,36286,2381,38667,389
2022-01-10,Lake,033,64148,7836,7416,362,7778,117
2022-01-10,Lassen,035,31185,7381,7192,510,7702,55
2022-01-10,Los Angeles,037,10098052,2153668,1932475,94805,2027280,27546
2022-01-10,Madera,039,155013,27953,26501,3018,29519,328
2022-01-10,Marin,041,260295,26137,24023,1394,25417,251
2022-01-10,Mariposa,043,17540,1837,1684,70,1754,6
2022-01-10,Mendocino,045,87422,9866,9163,1027,10190,101
2022-01-10,Merced,047,269075,49955,47632,3255,50887,707
2022-01-10,Modoc,049,8938,632,622,215,837,6
2022-01-10,Mono,051,14174,2556,2415,80,2495,4
2022-01-10,Monterey,053,433212,59497,53485,5650,59135,645
2022-01-10,Napa,055,140530,19177,16775,468,17243,109
2022-01-10,Nevada,057,99092,12281,11300,568,11868,110
2022-01-10,Orange,059,3164182,448021,406170,31817,437987,5906
2022-01-10,Placer,061,380077,49458,45642,5300,50942,498
2022-01-10,Plumas,063,18699,2240,2086,98,2184,12
2022-01-10,Riverside,065,2383286,482129,445536,22118,467654,5546
2022-01-10,Sacramento,067,1510023,216644,198023,12017,210040,2474
2022-01-10,San Benito,069,59416,10061,9467,291,9758,83
2022-01-10,San Bernardino,071,2135413,474056,437207,18117,455324,6184
2022-01-10,San Diego,073,3302833,576981,530506,36887,567393,4500
2022-01-10,San Francisco,075,870044,92527,82209,5297,87506,690
2022-01-10,San Joaquin,077,732212,128874,119587,7177,126764,1927
2022-01-10,San Luis Obispo,079,281455,39487,36618,2234,38852,371
2022-01-10,San Mateo,081,765935,89332,75210,3333,78543,582
2022-01-10,Santa Barbara,083,443738,63702,58957,2585,61542,578
2022-01-10,Santa Clara,085,1922200,224746,203540,6093,209633,1971
2022-01-10,Santa Cruz,087,273765,30266,26906,1500,28406,232
2022-01-10,Shasta,089,179085,24956,23983,4220,28203,446
2022-01-10,Sierra,091,2930,242,223,28,251,0
2022-01-10,Siskiyou,093,43540,3730,3592,1678,5270,62
2022-01-10,Solano,095,438530,60517,55663,3065,58728,385
2022-01-10,Sonoma,097,501317,59994,54478,1437,55915,412
2022-01-10,Stanislaus,099,539301,94185,89997,11328,101325,1372
2022-01-10,Sutter,101,95872,16554,15823,683,16506,196
2022-01-10,Tehama,103,63373,9765,9360,1829,11189,140
2022-01-10,Trinity,105,12862,968,849,237,1086,19
2022-01-10,Tulare,107,460477,80370,75498,19266,94764,1186
2022-01-10,Tuolumne,109,53932,9276,8685,180,8865,91
2022-01-10,Ventura,111,848112,140132,126240,7652,133892,1217
2022-01-10,Yolo,113,214977,28202,26065,2032,28097,270
2022-01-10,Yuba,115,75493,12410,11776,573,12349,101
2022-01-09,Alameda,001,1643700,179137,162701,6848,169549,1561
2022-01-09,Alpine,003,1148,115,116,0,116,0
2022-01-09,Amador,005,37829,6491,6215,126,6341,71
2022-01-09,Butte,007,227075,25611,24018,4717,28735,347
2022-01-09,Calaveras,009,45235,5335,4976,96,5072,93
2022-01-09,Colusa,011,21464,2808,2750,805,3555,21
2022-01-09,Contra Costa,013,1133247,139791,128050,5908,133958,1077
2022-01-09,Del Norte,015,27424,4078,3950,77,4027,43
2022-01-09,El Dorado,017,186661,20986,19430,2224,21654,172
2022-01-09,Fresno,019,978130,168233,159989,15536,175525,2405
2022-01-09,Glenn,021,27897,3922,3797,1186,4983,39
2022-01-09,Humboldt,023,135768,12632,11582,1232,12814,121
2022-01-09,Imperial,025,180216,42634,40608,5999,46607,811
2022-01-09,Inyo,027,18085,3332,3149,77,3226,49
2022-01-09,Kern,029,883053,152709,144819,31176,175995,1927
2022-01-09,Kings,031,150075,37579,36041,2344,38385,389
2022-01-09,Lake,033,64148,7725,7393,317,7710,117
2022-01-09,Lassen,035,31185,7317,7172,481,7653,55
2022-01-09,Los Angeles,037,10098052,2105647,1887830,91806,1979636,27532
2022-01-09,Madera,039,155013,27573,26325,2918,29243,328
2022-01-09,Marin,041,260295,25687,23708,1303,25011,251
2022-01-09,Mariposa,043,17540,1787,1660,69,1729,6
2022-01-09,Mendocino,045,87422,9659,9097,915,10012,101
2022-01-09,Merced,047,269075,49085,47294,2984,50278,706
2022-01-09,Modoc,049,8938,630,619,215,834,6
2022-01-09,Mono,051,14174,2521,2390,73,2463,4
2022-01-09,Monterey,053,433212,58435,53251,5382,58633,645
2022-01-09,Napa,055,140530,18682,16614,452,17066,109
2022-01-09,Nevada,057,99092,12026,11152,507,11659,110
2022-01-09,Orange,059,3164182,438027,400563,30863,431426,5905
2022-01-09,Placer,061,380077,48469,45081,5150,50231,498
2022-01-09,Plumas,063,18699,2201,2081,78,2159,12
2022-01-09,Riverside,065,2383286,473145,440413,21574,461987,5546
2022-01-09,Sacramento,067,1510023,211844,195444,10889,206333,2475
2022-01-09,San Benito,069,59416,9875,9363,263,9626,83
2022-01-09,San Bernardino,071,2135413,465839,430257,17307,447564,6180
2022-01-09,San Diego,073,3302833,563825,478206,35031,513237,4500
2022-01-09,San Francisco,075,870044,90662,80463,5051,85514,690
2022-01-09,San Joaquin,077,732212,125796,118422,7010,125432,1927
2022-01-09,San Luis Obispo,079,281455,38682,36291,2127,38418,371
2022-01-09,San Mateo,081,765935,86822,73867,3003,76870,582
2022-01-09,Santa Barbara,083,443738,62018,58280,2323,60603,578
2022-01-09,Santa Clara,085,1922200,218695,199889,5551,205440,1976
2022-01-09,Santa Cruz,087,273765,29516,26513,1468,27981,232
2022-01-09,Shasta,089,179085,24715,23926,4133,28059,446
2022-01-09,Sierra,091,2930,239,223,26,249,0
2022-01-09,Siskiyou,093,43540,3701,3580,1618,5198,62
2022-01-09,Solano,095,438530,59362,54985,2780,57765,384
2022-01-09,Sonoma,097,501317,58319,53543,1400,54943,412
2022-01-09,Stanislaus,099,539301,92816,89248,11049,100297,1372
2022-01-09,Sutter,101,95872,16266,15695,603,16298,196
2022-01-09,Tehama,103,63373,9647,9306,1778,11084,140
2022-01-09,Trinity,105,12862,964,848,235,1083,19
2022-01-09,Tulare,107,460477,78959,75085,18885,93970,1186
2022-01-09,Tuolumne,109,53932,9119,8595,161,8756,91
2022-01-09,Ventura,111,848112,137079,124269,7409,131678,1217
2022-01-09,Yolo,113,214977,27594,25632,1986,27618,270
2022-01-09,Yuba,115,75493,12212,11666,542,12208,101
2022-01-08,Alameda,001,1643700,177246,148560,6705,155265,1558
2022-01-08,Alpine,003,1148,115,114,0,114,0
2022-01-08,Amador,005,37829,6460,6091,121,6212,71
2022-01-08,Butte,007,227075,25426,23429,4678,28107,347
2022-01-08,Calaveras,009,45235,5289,4823,92,4915,93
2022-01-08,Colusa,011,21464,2800,2713,802,3515,21
2022-01-08,Contra Costa,013,1133247,138281,119907,5829,125736,1077
2022-01-08,Del Norte,015,27424,4061,3902,77,3979,43
2022-01-08,El Dorado,017,186661,20805,18599,2191,20790,172
2022-01-08,Fresno,019,978130,167348,155394,15401,170795,2393
2022-01-08,Glenn,021,27897,3914,3732,1181,4913,39
2022-01-08,Humboldt,023,135768,12511,11149,1206,12355,121
2022-01-08,Imperial,025,180216,42446,39429,5855,45284,800
2022-01-08,Inyo,027,18085,3318,3020,74,3094,49
2022-01-08,Kern,029,883053,151572,140410,30746,171156,1921
2022-01-08,Kings,031,150075,37338,35275,2326,37601,390
2022-01-08,Lake,033,64148,7685,7209,309,7518,117
2022-01-08,Lassen,035,31185,7287,7127,465,7592,55
2022-01-08,Los Angeles,037,10098052,2087265,1765787,90066,1855853,27476
2022-01-08,Madera,039,155013,27406,25767,2881,28648,328
2022-01-08,Marin,041,260295,25403,22377,1292,23669,251
2022-01-08,Mariposa,043,17540,1777,1588,69,1657,6
2022-01-08,Mendocino,045,87422,9585,8792,913,9705,101
2022-01-08,Merced,047,269075,48912,46094,2962,49056,703
2022-01-08,Modoc,049,8938,630,610,215,825,6
2022-01-08,Mono,051,14174,2510,2240,68,2308,4
2022-01-08,Monterey,053,433212,58049,51721,5289,57010,644
2022-01-08,Napa,055,140530,18528,15819,426,16245,109
2022-01-08,Nevada,057,99092,11939,10765,494,11259,110
2022-01-08,Orange,059,3164182,434232,375124,30015,405139,5903
2022-01-08,Placer,061,380077,48025,43172,5108,48280,495
2022-01-08,Plumas,063,18699,2191,2053,73,2126,12
2022-01-08,Riverside,065,2383286,469631,422591,21304,443895,5535
2022-01-08,Sacramento,067,1510023,210412,185118,10731,195849,2470
2022-01-08,San Benito,069,59416,9714,9016,260,9276,83
2022-01-08,San Bernardino,071,2135413,462465,411724,16915,428639,6122
2022-01-08,San Diego,073,3302833,558922,472273,34488,506761,4495
2022-01-08,San Francisco,075,870044,89463,73660,4770,78430,690
2022-01-08,San Joaquin,077,732212,124828,112514,6910,119424,1916
2022-01-08,San Luis Obispo,079,281455,38480,34489,2084,36573,369
2022-01-08,San Mateo,081,765935,85440,67918,2916,70834,582
2022-01-08,Santa Barbara,083,443738,61323,54617,2289,56906,575
2022-01-08,Santa Clara,085,1922200,215655,183842,5343,189185,1966
2022-01-08,Santa Cruz,087,273765,29090,24678,1448,26126,230
2022-01-08,Shasta,089,179085,24624,23585,4102,27687,445
2022-01-08,Sierra,091,2930,235,215,25,240,0
2022-01-08,Siskiyou,093,43540,3689,3545,1604,5149,62
2022-01-08,Solano,095,438530,58954,52452,2707,55159,383
2022-01-08,Sonoma,097,501317,57796,50130,1366,51496,411
2022-01-08,Stanislaus,099,539301,92176,87049,10926,97975,1372
2022-01-08,Sutter,101,95872,16147,15261,590,15851,195
2022-01-08,Tehama,103,63373,9616,9109,1770,10879,140
2022-01-08,Trinity,105,12862,958,836,235,1071,19
2022-01-08,Tulare,107,460477,78567,73600,18749,92349,1185
2022-01-08,Tuolumne,109,53932,9013,8360,158,8518,91
2022-01-08,Ventura,111,848112,135909,117229,7275,124504,1216
2022-01-08,Yolo,113,214977,27300,24006,1958,25964,270
2022-01-08,Yuba,115,75493,12125,11277,539,11816,101
2022-01-07,Alameda,001,1643700,174557,148560,6593,155153,1558
2022-01-07,Alpine,003,1148,115,114,0,114,0
2022-01-07,Amador,005,37829,6411,6091,118,6209,71
2022-01-07,Butte,007,227075,25221,23429,4643,28072,347
2022-01-07,Calaveras,009,45235,5250,4823,92,4915,93
2022-01-07,Colusa,011,21464,2791,2713,791,3504,21
2022-01-07,Contra Costa,013,1133247,136406,119907,5708,125615,1077
2022-01-07,Del Norte,015,27424,4045,3902,76,3978,43
2022-01-07,El Dorado,017,186661,20642,18599,2177,20776,172
2022-01-07,Fresno,019,978130,165988,155394,15306,170700,2393
2022-01-07,Glenn,021,27897,3894,3732,1178,4910,39
2022-01-07,Humboldt,023,135768,12368,11149,1179,12328,121
2022-01-07,Imperial,025,180216,42287,39429,5771,45200,800
2022-01-07,Inyo,027,18085,3299,3020,72,3092,49
2022-01-07,Kern,029,883053,150603,140410,30302,170712,1921
2022-01-07,Kings,031,150075,37157,35275,2312,37587,390
2022-01-07,Lake,033,64148,7637,7209,284,7493,117
2022-01-07,Lassen,035,31185,7271,7127,462,7589,55
2022-01-07,Los Angeles,037,10098052,2056089,1765787,88602,1854389,27476
2022-01-07,Madera,039,155013,27224,25767,2846,28613,328
2022-01-07,Marin,041,260295,25022,22377,1274,23651,251
2022-01-07,Mariposa,043,17540,1761,1588,69,1657,6
2022-01-07,Mendocino,045,87422,9492,8792,912,9704,101
2022-01-07,Merced,047,269075,48746,46094,2938,49032,703
2022-01-07,Modoc,049,8938,629,610,215,825,6
2022-01-07,Mono,051,14174,2472,2240,62,2302,4
2022-01-07,Monterey,053,433212,57629,51721,5194,56915,644
2022-01-07,Napa,055,140530,18301,15819,405,16224,109
2022-01-07,Nevada,057,99092,11809,10765,473,11238,110
2022-01-07,Orange,059,3164182,429420,375124,29397,404521,5903
2022-01-07,Placer,061,380077,47518,43172,5059,48231,495
2022-01-07,Plumas,063,18699,2182,2053,72,2125,12
2022-01-07,Riverside,065,2383286,465803,422591,21075,443666,5535
2022-01-07,Sacramento,067,1510023,208136,185118,10572,195690,2470
2022-01-07,San Benito,069,59416,9669,9016,259,9275,83
2022-01-07,San Bernardino,071,2135413,458497,411724,16687,428411,6122
2022-01-07,San Diego,073,3302833,551795,472273,33941,506214,4495
2022-01-07,San Francisco,075,870044,88022,73660,4511,78171,690
2022-01-07,San Joaquin,077,732212,123878,112514,6849,119363,1916
2022-01-07,San Luis Obispo,079,281455,38265,34489,2029,36518,369
2022-01-07,San Mateo,081,765935,83974,67918,2857,70775,582
2022-01-07,Santa Barbara,083,443738,60627,54617,2268,56885,575
2022-01-07,Santa Clara,085,1922200,212408,183842,5234,189076,1966
2022-01-07,Santa Cruz,087,273765,28610,24678,1432,26110,230
2022-01-07,Shasta,089,179085,24525,23585,4068,27653,445
2022-01-07,Sierra,091,2930,232,215,25,240,0
2022-01-07,Siskiyou,093,43540,3678,3545,1592,5137,62
2022-01-07,Solano,095,438530,58272,52452,2662,55114,383
2022-01-07,Sonoma,097,501317,57194,50130,1278,51408,411
2022-01-07,Stanislaus,099,539301,91648,87049,10830,97879,1372
2022-01-07,Sutter,101,95872,15996,15261,577,15838,195
2022-01-07,Tehama,103,63373,9580,9109,1757,10866,140
2022-01-07,Trinity,105,12862,951,836,234,1070,19
2022-01-07,Tulare,107,460477,78140,73600,18610,92210,1185
2022-01-07,Tuolumne,109,53932,8925,8360,154,8514,91
2022-01-07,Ventura,111,848112,134280,117229,7139,124368,1216
2022-01-07,Yolo,113,214977,26926,24006,1939,25945,270
2022-01-07,Yuba,115,75493,12020,11277,534,11811,101
2022-01-06,Alameda,001,1643700,169188,148560,6189,154749,1558
2022-01-06,Alpine,003,1148,114,114,0,114,0
2022-01-06,Amador,005,37829,6360,6091,113,6204,71
2022-01-06,Butte,007,227075,24927,23429,4559,27988,347
2022-01-06,Calaveras,009,45235,5132,4823,90,4913,93
2022-01-06,Colusa,011,21464,2771,2713,782,3495,21
2022-01-06,Contra Costa,013,1133247,133522,119907,5293,125200,1077
2022-01-06,Del Norte,015,27424,4011,3902,74,3976,43
2022-01-06,El Dorado,017,186661,20310,18599,2137,20736,172
2022-01-06,Fresno,019,978130,163863,155394,15046,170440,2393
2022-01-06,Glenn,021,27897,3867,3732,1152,4884,39
2022-01-06,Humboldt,023,135768,12142,11149,1138,12287,121
2022-01-06,Imperial,025,180216,41702,39429,5570,44999,800
2022-01-06,Inyo,027,18085,3261,3020,72,3092,49
2022-01-06,Kern,029,883053,148934,140410,29633,170043,1921
2022-01-06,Kings,031,150075,36832,35275,2287,37562,390
2022-01-06,Lake,033,64148,7564,7209,272,7481,117
2022-01-06,Lassen,035,31185,7248,7127,456,7583,55
2022-01-06,Los Angeles,037,10098052,2001949,1765787,86247,1852034,27476
2022-01-06,Madera,039,155013,26919,25767,2790,28557,328
2022-01-06,Marin,041,260295,24620,22377,1241,23618,251
2022-01-06,Mariposa,043,17540,1742,1588,69,1657,6
2022-01-06,Mendocino,045,87422,9395,8792,873,9665,101
2022-01-06,Merced,047,269075,48197,46094,2799,48893,703
2022-01-06,Modoc,049,8938,628,610,215,825,6
2022-01-06,Mono,051,14174,2449,2240,59,2299,4
2022-01-06,Monterey,053,433212,56908,51721,4940,56661,644
2022-01-06,Napa,055,140530,17903,15819,396,16215,109
2022-01-06,Nevada,057,99092,11613,10765,461,11226,110
2022-01-06,Orange,059,3164182,419972,375124,28657,403781,5903
2022-01-06,Placer,061,380077,46772,43172,4971,48143,495
2022-01-06,Plumas,063,18699,2164,2053,64,2117,12
2022-01-06,Riverside,065,2383286,458328,422591,20784,443375,5535
2022-01-06,Sacramento,067,1510023,204078,185118,9822,194940,2470
2022-01-06,San Benito,069,59416,9568,9016,252,9268,83
2022-01-06,San Bernardino,071,2135413,451063,411724,16203,427927,6122
2022-01-06,San Diego,073,3302833,540154,472273,32938,505211,4495
2022-01-06,San Francisco,075,870044,85707,73660,4257,77917,690
2022-01-06,San Joaquin,077,732212,121713,112514,6763,119277,1916
2022-01-06,San Luis Obispo,079,281455,37566,34489,1958,36447,369
2022-01-06,San Mateo,081,765935,81553,67918,2677,70595,582
2022-01-06,Santa Barbara,083,443738,59459,54617,2207,56824,575
2022-01-06,Santa Clara,085,1922200,207516,183842,4847,188689,1966
2022-01-06,Santa Cruz,087,273765,28050,24678,1408,26086,230
2022-01-06,Shasta,089,179085,24378,23585,4018,27603,445
2022-01-06,Sierra,091,2930,229,215,25,240,0
2022-01-06,Siskiyou,093,43540,3662,3545,1546,5091,62
2022-01-06,Solano,095,438530,57260,52452,2476,54928,383
2022-01-06,Sonoma,097,501317,55802,50130,1245,51375,411
2022-01-06,Stanislaus,099,539301,90498,87049,10663,97712,1372
2022-01-06,Sutter,101,95872,15819,15261,549,15810,195
2022-01-06,Tehama,103,63373,9502,9109,1730,10839,140
2022-01-06,Trinity,105,12862,944,836,233,1069,19
2022-01-06,Tulare,107,460477,77433,73600,18434,92034,1185
2022-01-06,Tuolumne,109,53932,8816,8360,148,8508,91
2022-01-06,Ventura,111,848112,131584,117229,6978,124207,1216
2022-01-06,Yolo,113,214977,26369,24006,1896,25902,270
2022-01-06,Yuba,115,75493,11884,11277,517,11794,101
2022-01-05,Alameda,001,1643700,164037,144824,5771,150595,1548
2022-01-05,Alpine,003,1148,114,112,0,112,0
2022-01-05,Amador,005,37829,6317,6012,110,6122,70
2022-01-05,Butte,007,227075,24622,23134,4500,27634,343
2022-01-05,Calaveras,009,45235,5077,4758,88,4846,90
2022-01-05,Colusa,011,21464,2759,2704,771,3475,21
2022-01-05,Contra Costa,013,1133247,130502,117188,4848,122036,1071
2022-01-05,Del Norte,015,27424,3991,3862,72,3934,43
2022-01-05,El Dorado,017,186661,19924,18367,2107,20474,171
2022-01-05,Fresno,019,978130,161854,153033,14775,167808,2377
2022-01-05,Glenn,021,27897,3819,3700,1142,4842,39
2022-01-05,Humboldt,023,135768,11938,10938,1090,12028,120
2022-01-05,Imperial,025,180216,41074,38789,5416,44205,800
2022-01-05,Inyo,027,18085,3179,2939,68,3007,49
2022-01-05,Kern,029,883053,147156,138186,29059,167245,1913
2022-01-05,Kings,031,150075,36489,34893,2268,37161,387
2022-01-05,Lake,033,64148,7481,7129,256,7385,117
2022-01-05,Lassen,035,31185,7228,7077,448,7525,55
2022-01-05,Los Angeles,037,10098052,1945669,1729640,83859,1813499,27443
2022-01-05,Madera,039,155013,26679,25392,2698,28090,327
2022-01-05,Marin,041,260295,24274,21829,1189,23018,251
2022-01-05,Mariposa,043,17540,1716,1564,68,1632,6
2022-01-05,Mendocino,045,87422,9264,8625,838,9463,101
2022-01-05,Merced,047,269075,47621,45721,2666,48387,700
2022-01-05,Modoc,049,8938,625,603,215,818,6
2022-01-05,Mono,051,14174,2430,2201,55,2256,4
2022-01-05,Monterey,053,433212,56084,51241,4740,55981,639
2022-01-05,Napa,055,140530,17540,15494,364,15858,108
2022-01-05,Nevada,057,99092,11418,10624,444,11068,110
2022-01-05,Orange,059,3164182,409932,366139,27606,393745,5869
2022-01-05,Placer,061,380077,45895,42456,4876,47332,492
2022-01-05,Plumas,063,18699,2144,2020,62,2082,12
2022-01-05,Riverside,065,2383286,450872,415253,20430,435683,5502
2022-01-05,Sacramento,067,1510023,199301,181488,8861,190349,2455
2022-01-05,San Benito,069,59416,9374,8829,240,9069,83
2022-01-05,San Bernardino,071,2135413,442672,405323,15658,420981,6085
2022-01-05,San Diego,073,3302833,526555,466602,31957,498559,4495
2022-01-05,San Francisco,075,870044,83144,71405,4119,75524,686
2022-01-05,San Joaquin,077,732212,119183,110497,6683,117180,1903
2022-01-05,San Luis Obispo,079,281455,36769,34066,1881,35947,369
2022-01-05,San Mateo,081,765935,79388,66018,2479,68497,578
2022-01-05,Santa Barbara,083,443738,58153,53082,2127,55209,570
2022-01-05,Santa Clara,085,1922200,201761,178629,4429,183058,1961
2022-01-05,Santa Cruz,087,273765,27296,24394,1386,25780,229
2022-01-05,Shasta,089,179085,24222,23361,3989,27350,441
2022-01-05,Sierra,091,2930,226,210,23,233,0
2022-01-05,Siskiyou,093,43540,3652,3513,1517,5030,60
2022-01-05,Solano,095,438530,56214,51505,2341,53846,380
2022-01-05,Sonoma,097,501317,54537,49120,1085,50205,412
2022-01-05,Stanislaus,099,539301,89515,86248,10497,96745,1360
2022-01-05,Sutter,101,95872,15617,15117,510,15627,193
2022-01-05,Tehama,103,63373,9405,9011,1699,10710,140
2022-01-05,Trinity,105,12862,940,822,231,1053,19
2022-01-05,Tulare,107,460477,76651,72718,18259,90977,1173
2022-01-05,Tuolumne,109,53932,8724,8223,141,8364,90
2022-01-05,Ventura,111,848112,128832,114752,6768,121520,1211
2022-01-05,Yolo,113,214977,25758,23401,1854,25255,269
2022-01-05,Yuba,115,75493,11702,11138,491,11629,100
2022-01-04,Alameda,001,1643700,158533,143360,5368,148728,1532
2022-01-04,Alpine,003,1148,114,113,0,113,0
2022-01-04,Amador,005,37829,6250,6025,104,6129,71
2022-01-04,Butte,007,227075,24324,23094,4432,27526,346
2022-01-04,Calaveras,009,45235,5003,4767,85,4852,93
2022-01-04,Colusa,011,21464,2742,2689,765,3454,21
2022-01-04,Contra Costa,013,1133247,127400,116005,4491,120496,1075
2022-01-04,Del Norte,015,27424,3959,3882,69,3951,43
2022-01-04,El Dorado,017,186661,19567,18339,2087,20426,172
2022-01-04,Fresno,019,978130,159700,153244,14529,167773,2380
2022-01-04,Glenn,021,27897,3789,3705,1128,4833,39
2022-01-04,Humboldt,023,135768,11688,10865,1039,11904,120
2022-01-04,Imperial,025,180216,40473,38596,5156,43752,800
2022-01-04,Inyo,027,18085,3096,2870,67,2937,49
2022-01-04,Kern,029,883053,145225,138245,28477,166722,1916
2022-01-04,Kings,031,150075,36167,34931,2252,37183,388
2022-01-04,Lake,033,64148,7440,7152,247,7399,117
2022-01-04,Lassen,035,31185,7205,7111,444,7555,55
2022-01-04,Los Angeles,037,10098052,1885723,1705253,81520,1786773,27419
2022-01-04,Madera,039,155013,26335,25425,2631,28056,328
2022-01-04,Marin,041,260295,23793,21675,1129,22804,251
2022-01-04,Mariposa,043,17540,1680,1564,67,1631,6
2022-01-04,Mendocino,045,87422,9141,8636,814,9450,101
2022-01-04,Merced,047,269075,47010,45583,2537,48120,700
2022-01-04,Modoc,049,8938,622,611,215,826,6
2022-01-04,Mono,051,14174,2381,2190,45,2235,4
2022-01-04,Monterey,053,433212,55349,51176,4516,55692,643
2022-01-04,Napa,055,140530,17036,15370,334,15704,107
2022-01-04,Nevada,057,99092,11260,10608,431,11039,110
2022-01-04,Orange,059,3164182,399180,362051,26472,388523,5897
2022-01-04,Placer,061,380077,45059,42285,4759,47044,494
2022-01-04,Plumas,063,18699,2118,2014,60,2074,12
2022-01-04,Riverside,065,2383286,442341,413366,20081,433447,5504
2022-01-04,Sacramento,067,1510023,194324,181271,8127,189398,2453
2022-01-04,San Benito,069,59416,9187,8763,232,8995,79
2022-01-04,San Bernardino,071,2135413,433835,404409,15130,419539,6060
2022-01-04,San Diego,073,3302833,510195,458499,30990,489489,4487
2022-01-04,San Francisco,075,870044,80298,70666,3975,74641,688
2022-01-04,San Joaquin,077,732212,116768,110374,6528,116902,1911
2022-01-04,San Luis Obispo,079,281455,35961,33788,1794,35582,371
2022-01-04,San Mateo,081,765935,77080,65157,2292,67449,582
2022-01-04,Santa Barbara,083,443738,56629,52449,2049,54498,574
2022-01-04,Santa Clara,085,1922200,195796,176854,3962,180816,1964
2022-01-04,Santa Cruz,087,273765,26534,23904,1351,25255,228
2022-01-04,Shasta,089,179085,24078,23366,3935,27301,442
2022-01-04,Sierra,091,2930,225,214,22,236,0
2022-01-04,Siskiyou,093,43540,3636,3509,1498,5007,61
2022-01-04,Solano,095,438530,54909,51300,2145,53445,383
2022-01-04,Sonoma,097,501317,52828,48653,964,49617,410
2022-01-04,Stanislaus,099,539301,88455,86107,10334,96441,1361
2022-01-04,Sutter,101,95872,15464,15032,486,15518,193
2022-01-04,Tehama,103,63373,9326,9020,1676,10696,140
2022-01-04,Trinity,105,12862,935,833,227,1060,18
2022-01-04,Tulare,107,460477,75860,72893,18056,90949,1172
2022-01-04,Tuolumne,109,53932,8614,8235,136,8371,91
2022-01-04,Ventura,111,848112,125766,114079,6534,120613,1213
2022-01-04,Yolo,113,214977,25108,22938,1809,24747,270
2022-01-04,Yuba,115,75493,11522,11104,476,11580,101
2022-01-03,Alameda,001,1643700,152584,142090,4931,147021,1529
2022-01-03,Alpine,003,1148,113,113,0,113,0
2022-01-03,Amador,005,37829,6188,6004,99,6103,71
2022-01-03,Butte,007,227075,24032,22924,4378,27302,345
2022-01-03,Calaveras,009,45235,4941,4742,80,4822,93
2022-01-03,Colusa,011,21464,2733,2683,758,3441,21
2022-01-03,Contra Costa,013,1133247,124102,114966,3910,118876,1073
2022-01-03,Del Norte,015,27424,3939,3873,65,3938,43
2022-01-03,El Dorado,017,186661,19174,18183,2060,20243,172
2022-01-03,Fresno,019,978130,157718,152674,14332,167006,2379
2022-01-03,Glenn,021,27897,3760,3703,1093,4796,39
2022-01-03,Humboldt,023,135768,11480,10784,991,11775,119
2022-01-03,Imperial,025,180216,39841,38411,4977,43388,800
2022-01-03,Inyo,027,18085,3027,2845,63,2908,49
2022-01-03,Kern,029,883053,143230,137773,27880,165653,1916
2022-01-03,Kings,031,150075,35844,34817,2223,37040,387
2022-01-03,Lake,033,64148,7338,7134,229,7363,117
2022-01-03,Lassen,035,31185,7187,7103,441,7544,55
2022-01-03,Los Angeles,037,10098052,1824932,1686203,78766,1764969,27394
2022-01-03,Madera,039,155013,26042,25323,2587,27910,320
2022-01-03,Marin,041,260295,23200,21532,1090,22622,251
2022-01-03,Mariposa,043,17540,1638,1559,67,1626,6
2022-01-03,Mendocino,045,87422,8993,8573,764,9337,101
2022-01-03,Merced,047,269075,46415,45459,2428,47887,696
2022-01-03,Modoc,049,8938,619,602,215,817,6
2022-01-03,Mono,051,14174,2303,2172,40,2212,4
2022-01-03,Monterey,053,433212,54521,51047,4309,55356,644
2022-01-03,Napa,055,140530,16528,15260,301,15561,107
2022-01-03,Nevada,057,99092,11095,10572,422,10994,110
2022-01-03,Orange,059,3164182,388010,358052,25285,383337,5894
2022-01-03,Placer,061,380077,44237,42054,4696,46750,489
2022-01-03,Plumas,063,18699,2098,2005,60,2065,12
2022-01-03,Riverside,065,2383286,433864,410155,19586,429741,5504
2022-01-03,Sacramento,067,1510023,189163,179992,7571,187563,2452
2022-01-03,San Benito,069,59416,9024,8688,225,8913,79
2022-01-03,San Bernardino,071,2135413,425265,401938,14673,416611,6056
2022-01-03,San Diego,073,3302833,494076,451154,30026,481180,4476
2022-01-03,San Francisco,075,870044,77493,69315,3725,73040,686
2022-01-03,San Joaquin,077,732212,114452,109757,6402,116159,1903
2022-01-03,San Luis Obispo,079,281455,35151,33667,1701,35368,367
2022-01-03,San Mateo,081,765935,74370,64470,2135,66605,582
2022-01-03,Santa Barbara,083,443738,55168,51912,1956,53868,571
2022-01-03,Santa Clara,085,1922200,189858,174215,3488,177703,1963
2022-01-03,Santa Cruz,087,273765,25726,23765,1320,25085,228
2022-01-03,Shasta,089,179085,23901,23301,3908,27209,440
2022-01-03,Sierra,091,2930,218,213,21,234,0
2022-01-03,Siskiyou,093,43540,3610,3500,1476,4976,61
2022-01-03,Solano,095,438530,53611,51030,1957,52987,380
2022-01-03,Sonoma,097,501317,51129,48391,867,49258,410
2022-01-03,Stanislaus,099,539301,87463,85793,10155,95948,1332
2022-01-03,Sutter,101,95872,15307,14973,466,15439,193
2022-01-03,Tehama,103,63373,9251,9005,1650,10655,140
2022-01-03,Trinity,105,12862,930,833,226,1059,18
2022-01-03,Tulare,107,460477,75163,72664,17849,90513,1167
2022-01-03,Tuolumne,109,53932,8478,8179,132,8311,91
2022-01-03,Ventura,111,848112,122593,112762,6292,119054,1211
2022-01-03,Yolo,113,214977,24426,22563,1746,24309,270
2022-01-03,Yuba,115,75493,11389,11037,457,11494,99
2022-01-02,Alameda,001,1643700,148175,133486,4451,137937,1528
2022-01-02,Alpine,003,1148,111,113,0,113,0
2022-01-02,Amador,005,37829,6120,5913,94,6007,70
2022-01-02,Butte,007,227075,23694,22469,4318,26787,341
2022-01-02,Calaveras,009,45235,4871,4668,72,4740,93
2022-01-02,Colusa,011,21464,2727,2659,747,3406,21
2022-01-02,Contra Costa,013,1133247,120546,109593,3474,113067,1073
2022-01-02,Del Norte,015,27424,3907,3841,63,3904,43
2022-01-02,El Dorado,017,186661,18838,17621,2009,19630,172
2022-01-02,Fresno,019,978130,155999,149927,14107,164034,2379
2022-01-02,Glenn,021,27897,3741,3663,1084,4747,39
2022-01-02,Humboldt,023,135768,11237,10381,916,11297,119
2022-01-02,Imperial,025,180216,39185,37672,4766,42438,800
2022-01-02,Inyo,027,18085,2958,2726,52,2778,49
2022-01-02,Kern,029,883053,141310,136123,27285,163408,1917
2022-01-02,Kings,031,150075,35520,34318,2189,36507,386
2022-01-02,Lake,033,64148,7267,7060,215,7275,117
2022-01-02,Lassen,035,31185,7171,7089,439,7528,55
2022-01-02,Los Angeles,037,10098052,1773781,1596123,75888,1672011,27371
2022-01-02,Madera,039,155013,25789,25002,2531,27533,320
2022-01-02,Marin,041,260295,22636,20475,1019,21494,249
2022-01-02,Mariposa,043,17540,1607,1509,65,1574,6
2022-01-02,Mendocino,045,87422,8869,8422,746,9168,101
2022-01-02,Merced,047,269075,45876,44769,2332,47101,694
2022-01-02,Modoc,049,8938,617,601,214,815,6
2022-01-02,Mono,051,14174,2274,2101,35,2136,4
2022-01-02,Monterey,053,433212,53896,50251,4098,54349,643
2022-01-02,Napa,055,140530,15987,14439,290,14729,107
2022-01-02,Nevada,057,99092,10906,10299,407,10706,110
2022-01-02,Orange,059,3164182,377001,339526,24134,363660,5890
2022-01-02,Placer,061,380077,43512,40857,4609,45466,489
2022-01-02,Plumas,063,18699,2083,1994,56,2050,12
2022-01-02,Riverside,065,2383286,425524,397124,19068,416192,5501
2022-01-02,Sacramento,067,1510023,185080,173562,6730,180292,2448
2022-01-02,San Benito,069,59416,8843,8320,210,8530,79
2022-01-02,San Bernardino,071,2135413,417434,386278,14121,400399,6051
2022-01-02,San Diego,073,3302833,479046,427087,28847,455934,4469
2022-01-02,San Francisco,075,870044,74556,64498,3485,67983,682
2022-01-02,San Joaquin,077,732212,112574,106640,6259,112899,1902
2022-01-02,San Luis Obispo,079,281455,34416,32342,1618,33960,365
2022-01-02,San Mateo,081,765935,71800,60504,1894,62398,581
2022-01-02,Santa Barbara,083,443738,53734,49555,1895,51450,568
2022-01-02,Santa Clara,085,1922200,183712,164547,3087,167634,1969
2022-01-02,Santa Cruz,087,273765,25057,22980,1287,24267,228
2022-01-02,Shasta,089,179085,23708,23161,3859,27020,435
2022-01-02,Sierra,091,2930,217,206,21,227,0
2022-01-02,Siskiyou,093,43540,3585,3474,1453,4927,61
2022-01-02,Solano,095,438530,52670,48957,1793,50750,379
2022-01-02,Sonoma,097,501317,49810,46040,830,46870,410
2022-01-02,Stanislaus,099,539301,86609,84367,10021,94388,1332
2022-01-02,Sutter,101,95872,15134,14741,447,15188,193
2022-01-02,Tehama,103,63373,9188,8944,1627,10571,139
2022-01-02,Trinity,105,12862,928,832,225,1057,17
2022-01-02,Tulare,107,460477,74503,71941,17659,89600,1160
2022-01-02,Tuolumne,109,53932,8372,8044,127,8171,91
2022-01-02,Ventura,111,848112,119669,107992,6071,114063,1211
2022-01-02,Yolo,113,214977,23750,21747,1680,23427,270
2022-01-02,Yuba,115,75493,11264,10844,440,11284,99
2022-01-01,Alameda,001,1643700,146367,133486,4199,137685,1528
2022-01-01,Alpine,003,1148,111,113,0,113,0
2022-01-01,Amador,005,37829,6084,5913,89,6002,70
2022-01-01,Butte,007,227075,23498,22469,4282,26751,341
2022-01-01,Calaveras,009,45235,4832,4668,70,4738,93
2022-01-01,Colusa,011,21464,2723,2659,737,3396,21
2022-01-01,Contra Costa,013,1133247,119181,109593,3348,112941,1073
2022-01-01,Del Norte,015,27424,3902,3841,63,3904,43
2022-01-01,El Dorado,017,186661,18690,17621,1994,19615,172
2022-01-01,Fresno,019,978130,155336,149927,14029,163956,2379
2022-01-01,Glenn,021,27897,3734,3663,1084,4747,39
2022-01-01,Humboldt,023,135768,11100,10381,895,11276,119
2022-01-01,Imperial,025,180216,39037,37672,4718,42390,800
2022-01-01,Inyo,027,18085,2929,2726,50,2776,49
2022-01-01,Kern,029,883053,140610,136123,26978,163101,1917
2022-01-01,Kings,031,150075,35379,34318,2162,36480,386
2022-01-01,Lake,033,64148,7229,7060,210,7270,117
2022-01-01,Lassen,035,31185,7165,7089,434,7523,55
2022-01-01,Los Angeles,037,10098052,1753667,1596123,73930,1670053,27371
2022-01-01,Madera,039,155013,25705,25002,2517,27519,320
2022-01-01,Marin,041,260295,22323,20475,978,21453,249
2022-01-01,Mariposa,043,17540,1596,1509,65,1574,6
2022-01-01,Mendocino,045,87422,8777,8422,740,9162,101
2022-01-01,Merced,047,269075,45743,44769,2321,47090,694
2022-01-01,Modoc,049,8938,614,601,214,815,6
2022-01-01,Mono,051,14174,2250,2101,30,2131,4
2022-01-01,Monterey,053,433212,53586,50251,4011,54262,643
2022-01-01,Napa,055,140530,15837,14439,275,14714,107
2022-01-01,Nevada,057,99092,10831,10299,400,10699,110
2022-01-01,Orange,059,3164182,372780,339526,23424,362950,5890
2022-01-01,Placer,061,380077,43210,40857,4544,45401,489
2022-01-01,Plumas,063,18699,2071,1994,56,2050,12
2022-01-01,Riverside,065,2383286,422033,397124,18866,415990,5501
2022-01-01,Sacramento,067,1510023,183807,173562,6469,180031,2448
2022-01-01,San Benito,069,59416,8753,8320,210,8530,79
2022-01-01,San Bernardino,071,2135413,414257,386278,13841,400119,6051
2022-01-01,San Diego,073,3302833,473111,427087,28328,455415,4469
2022-01-01,San Francisco,075,870044,73158,64498,3273,67771,682
2022-01-01,San Joaquin,077,732212,111869,106640,6186,112826,1902
2022-01-01,San Luis Obispo,079,281455,34214,32342,1608,33950,365
2022-01-01,San Mateo,081,765935,70333,60504,1744,62248,581
2022-01-01,Santa Barbara,083,443738,52994,49555,1859,51414,568
2022-01-01,Santa Clara,085,1922200,180677,164547,2889,167436,1969
2022-01-01,Santa Cruz,087,273765,24737,22980,1269,24249,228
2022-01-01,Shasta,089,179085,23624,23161,3841,27002,435
2022-01-01,Sierra,091,2930,216,206,21,227,0
2022-01-01,Siskiyou,093,43540,3582,3474,1443,4917,61
2022-01-01,Solano,095,438530,52403,48957,1735,50692,379
2022-01-01,Sonoma,097,501317,49416,46040,800,46840,410
2022-01-01,Stanislaus,099,539301,86202,84367,9943,94310,1332
2022-01-01,Sutter,101,95872,15057,14741,445,15186,193
2022-01-01,Tehama,103,63373,9155,8944,1615,10559,139
2022-01-01,Trinity,105,12862,925,832,225,1057,17
2022-01-01,Tulare,107,460477,74258,71941,17560,89501,1160
2022-01-01,Tuolumne,109,53932,8312,8044,124,8168,91
2022-01-01,Ventura,111,848112,118282,107992,5942,113934,1211
2022-01-01,Yolo,113,214977,23329,21747,1640,23387,270
2022-01-01,Yuba,115,75493,11198,10844,434,11278,99
2021-12-31,Alameda,001,1643700,145615,133486,4104,137590,1528
2021-12-31,Alpine,003,1148,111,113,0,113,0
2021-12-31,Amador,005,37829,6060,5913,88,6001,70
2021-12-31,Butte,007,227075,23393,22469,4249,26718,341
2021-12-31,Calaveras,009,45235,4799,4668,70,4738,93
2021-12-31,Colusa,011,21464,2714,2659,731,3390,21
2021-12-31,Contra Costa,013,1133247,118301,109593,3269,112862,1073
2021-12-31,Del Norte,015,27424,3893,3841,61,3902,43
2021-12-31,El Dorado,017,186661,18609,17621,1976,19597,172
2021-12-31,Fresno,019,978130,155031,149927,14007,163934,2379
2021-12-31,Glenn,021,27897,3733,3663,1082,4745,39
2021-12-31,Humboldt,023,135768,11013,10381,876,11257,119
2021-12-31,Imperial,025,180216,38906,37672,4702,42374,800
2021-12-31,Inyo,027,18085,2902,2726,50,2776,49
2021-12-31,Kern,029,883053,140105,136123,26840,162963,1917
2021-12-31,Kings,031,150075,35269,34318,2152,36470,386
2021-12-31,Lake,033,64148,7206,7060,205,7265,117
2021-12-31,Lassen,035,31185,7151,7089,434,7523,55
2021-12-31,Los Angeles,037,10098052,1742900,1596123,73175,1669298,27371
2021-12-31,Madera,039,155013,25636,25002,2500,27502,320
2021-12-31,Marin,041,260295,22167,20475,947,21422,249
2021-12-31,Mariposa,043,17540,1589,1509,64,1573,6
2021-12-31,Mendocino,045,87422,8744,8422,737,9159,101
2021-12-31,Merced,047,269075,45659,44769,2303,47072,694
2021-12-31,Modoc,049,8938,610,601,212,813,6
2021-12-31,Mono,051,14174,2238,2101,29,2130,4
2021-12-31,Monterey,053,433212,53460,50251,3945,54196,643
2021-12-31,Napa,055,140530,15725,14439,265,14704,107
2021-12-31,Nevada,057,99092,10764,10299,394,10693,110
2021-12-31,Orange,059,3164182,370271,339526,23002,362528,5890
2021-12-31,Placer,061,380077,42976,40857,4478,45335,489
2021-12-31,Plumas,063,18699,2066,1994,56,2050,12
2021-12-31,Riverside,065,2383286,420345,397124,18710,415834,5501
2021-12-31,Sacramento,067,1510023,182943,173562,6363,179925,2448
2021-12-31,San Benito,069,59416,8739,8320,209,8529,79
2021-12-31,San Bernardino,071,2135413,412018,386278,13650,399928,6051
2021-12-31,San Diego,073,3302833,469896,427087,28010,455097,4469
2021-12-31,San Francisco,075,870044,72235,64498,3217,67715,682
2021-12-31,San Joaquin,077,732212,111242,106640,6120,112760,1902
2021-12-31,San Luis Obispo,079,281455,34106,32342,1596,33938,365
2021-12-31,San Mateo,081,765935,69455,60504,1691,62195,581
2021-12-31,Santa Barbara,083,443738,52595,49555,1847,51402,568
2021-12-31,Santa Clara,085,1922200,178724,164547,2748,167295,1969
2021-12-31,Santa Cruz,087,273765,24499,22980,1248,24228,228
2021-12-31,Shasta,089,179085,23561,23161,3820,26981,435
2021-12-31,Sierra,091,2930,216,206,21,227,0
2021-12-31,Siskiyou,093,43540,3575,3474,1432,4906,61
2021-12-31,Solano,095,438530,52245,48957,1709,50666,379
2021-12-31,Sonoma,097,501317,49163,46040,787,46827,410
2021-12-31,Stanislaus,099,539301,85874,84367,9889,94256,1332
2021-12-31,Sutter,101,95872,14996,14741,439,15180,193
2021-12-31,Tehama,103,63373,9123,8944,1606,10550,139
2021-12-31,Trinity,105,12862,924,832,225,1057,17
2021-12-31,Tulare,107,460477,74053,71941,17474,89415,1160
2021-12-31,Tuolumne,109,53932,8268,8044,123,8167,91
2021-12-31,Ventura,111,848112,117308,107992,5860,113852,1211
2021-12-31,Yolo,113,214977,23108,21747,1618,23365,270
2021-12-31,Yuba,115,75493,11141,10844,428,11272,99
2021-12-30,Alameda,001,1643700,144339,133486,3972,137458,1528
2021-12-30,Alpine,003,1148,110,113,0,113,0
2021-12-30,Amador,005,37829,6041,5913,87,6000,70
2021-12-30,Butte,007,227075,23263,22469,4225,26694,341
2021-12-30,Calaveras,009,45235,4780,4668,70,4738,93
2021-12-30,Colusa,011,21464,2713,2659,729,3388,21
2021-12-30,Contra Costa,013,1133247,117210,109593,3157,112750,1073
2021-12-30,Del Norte,015,27424,3882,3841,60,3901,43
2021-12-30,El Dorado,017,186661,18505,17621,1955,19576,172
2021-12-30,Fresno,019,978130,154503,149927,13933,163860,2379
2021-12-30,Glenn,021,27897,3728,3663,1079,4742,39
2021-12-30,Humboldt,023,135768,10944,10381,864,11245,119
2021-12-30,Imperial,025,180216,38738,37672,4590,42262,800
2021-12-30,Inyo,027,18085,2883,2726,48,2774,49
2021-12-30,Kern,029,883053,139571,136123,26540,162663,1917
2021-12-30,Kings,031,150075,35151,34318,2137,36455,386
2021-12-30,Lake,033,64148,7191,7060,200,7260,117
2021-12-30,Lassen,035,31185,7145,7089,434,7523,55
2021-12-30,Los Angeles,037,10098052,1719584,1596123,71919,1668042,27371
2021-12-30,Madera,039,155013,25558,25002,2480,27482,320
2021-12-30,Marin,041,260295,21989,20475,923,21398,249
2021-12-30,Mariposa,043,17540,1583,1509,64,1573,6
2021-12-30,Mendocino,045,87422,8727,8422,726,9148,101
2021-12-30,Merced,047,269075,45557,44769,2288,47057,694
2021-12-30,Modoc,049,8938,609,601,212,813,6
2021-12-30,Mono,051,14174,2233,2101,28,2129,4
2021-12-30,Monterey,053,433212,53148,50251,3885,54136,643
2021-12-30,Napa,055,140530,15581,14439,256,14695,107
2021-12-30,Nevada,057,99092,10700,10299,385,10684,110
2021-12-30,Orange,059,3164182,365183,339526,22450,361976,5890
2021-12-30,Placer,061,380077,42700,40857,4431,45288,489
2021-12-30,Plumas,063,18699,2062,1994,55,2049,12
2021-12-30,Riverside,065,2383286,417071,397124,18555,415679,5501
2021-12-30,Sacramento,067,1510023,181687,173562,6218,179780,2448
2021-12-30,San Benito,069,59416,8693,8320,207,8527,79
2021-12-30,San Bernardino,071,2135413,409474,386278,13504,399782,6051
2021-12-30,San Diego,073,3302833,464755,427087,27499,454586,4469
2021-12-30,San Francisco,075,870044,71147,64498,3144,67642,682
2021-12-30,San Joaquin,077,732212,110647,106640,6076,112716,1902
2021-12-30,San Luis Obispo,079,281455,33987,32342,1582,33924,365
2021-12-30,San Mateo,081,765935,68410,60504,1562,62066,581
2021-12-30,Santa Barbara,083,443738,52117,49555,1827,51382,568
2021-12-30,Santa Clara,085,1922200,176447,164547,2624,167171,1969
2021-12-30,Santa Cruz,087,273765,24261,22980,1214,24194,228
2021-12-30,Shasta,089,179085,23508,23161,3814,26975,435
2021-12-30,Sierra,091,2930,216,206,21,227,0
2021-12-30,Siskiyou,093,43540,3566,3474,1430,4904,61
2021-12-30,Solano,095,438530,51896,48957,1662,50619,379
2021-12-30,Sonoma,097,501317,48827,46040,778,46818,410
2021-12-30,Stanislaus,099,539301,85560,84367,9834,94201,1332
2021-12-30,Sutter,101,95872,14934,14741,438,15179,193
2021-12-30,Tehama,103,63373,9095,8944,1600,10544,139
2021-12-30,Trinity,105,12862,921,832,225,1057,17
2021-12-30,Tulare,107,460477,73870,71941,17394,89335,1160
2021-12-30,Tuolumne,109,53932,8229,8044,123,8167,91
2021-12-30,Ventura,111,848112,116049,107992,5757,113749,1211
2021-12-30,Yolo,113,214977,22970,21747,1592,23339,270
2021-12-30,Yuba,115,75493,11094,10844,426,11270,99
2021-12-29,Alameda,001,1643700,141159,131586,3821,135407,1529
2021-12-29,Alpine,003,1148,110,113,0,113,0
2021-12-29,Amador,005,37829,6018,5905,84,5989,70
2021-12-29,Butte,007,227075,23123,22353,4187,26540,338
2021-12-29,Calaveras,009,45235,4752,4646,68,4714,93
2021-12-29,Colusa,011,21464,2703,2657,724,3381,21
2021-12-29,Contra Costa,013,1133247,115116,108165,3034,111199,1072
2021-12-29,Del Norte,015,27424,3868,3826,58,3884,43
2021-12-29,El Dorado,017,186661,18282,17489,1937,19426,172
2021-12-29,Fresno,019,978130,153375,149318,13822,163140,2364
2021-12-29,Glenn,021,27897,3718,3653,1077,4730,39
2021-12-29,Humboldt,023,135768,10835,10249,842,11091,119
2021-12-29,Imperial,025,180216,38502,37460,4523,41983,800
2021-12-29,Inyo,027,18085,2850,2703,48,2751,49
2021-12-29,Kern,029,883053,138768,135648,26152,161800,1913
2021-12-29,Kings,031,150075,35036,34216,2131,36347,386
2021-12-29,Lake,033,64148,7160,7048,198,7246,117
2021-12-29,Lassen,035,31185,7141,7085,433,7518,55
2021-12-29,Los Angeles,037,10098052,1689592,1576414,70201,1646615,27349
2021-12-29,Madera,039,155013,25454,24923,2469,27392,320
2021-12-29,Marin,041,260295,21633,20025,902,20927,249
2021-12-29,Mariposa,043,17540,1561,1507,64,1571,6
2021-12-29,Mendocino,045,87422,8668,8386,722,9108,99
2021-12-29,Merced,047,269075,45341,44548,2274,46822,693
2021-12-29,Modoc,049,8938,606,600,212,812,6
2021-12-29,Mono,051,14174,2209,2056,27,2083,4
2021-12-29,Monterey,053,433212,52738,50097,3780,53877,641
2021-12-29,Napa,055,140530,15257,14247,237,14484,107
2021-12-29,Nevada,057,99092,10608,10274,384,10658,110
2021-12-29,Orange,059,3164182,357647,334557,21774,356331,5887
2021-12-29,Placer,061,380077,42212,40545,4356,44901,489
2021-12-29,Plumas,063,18699,2050,1990,55,2045,12
2021-12-29,Riverside,065,2383286,411650,392989,18348,411337,5486
2021-12-29,Sacramento,067,1510023,179358,172145,6058,178203,2437
2021-12-29,San Benito,069,59416,8550,8239,206,8445,79
2021-12-29,San Bernardino,071,2135413,404094,382872,13293,396165,6049
2021-12-29,San Diego,073,3302833,453929,421045,26781,447826,4461
2021-12-29,San Francisco,075,870044,69449,63117,3073,66190,684
2021-12-29,San Joaquin,077,732212,109465,106063,6003,112066,1891
2021-12-29,San Luis Obispo,079,281455,33593,31936,1533,33469,365
2021-12-29,San Mateo,081,765935,66781,59478,1454,60932,581
2021-12-29,Santa Barbara,083,443738,51276,49003,1802,50805,568
2021-12-29,Santa Clara,085,1922200,173295,162008,2492,164500,1962
2021-12-29,Santa Cruz,087,273765,23982,22669,1182,23851,228
2021-12-29,Shasta,089,179085,23433,23083,3802,26885,435
2021-12-29,Sierra,091,2930,215,206,21,227,0
2021-12-29,Siskiyou,093,43540,3554,3472,1419,4891,61
2021-12-29,Solano,095,438530,51191,48562,1609,50171,379
2021-12-29,Sonoma,097,501317,48025,45479,756,46235,410
2021-12-29,Stanislaus,099,539301,85078,84083,9778,93861,1332
2021-12-29,Sutter,101,95872,14865,14688,436,15124,193
2021-12-29,Tehama,103,63373,9070,8914,1587,10501,138
2021-12-29,Trinity,105,12862,919,832,225,1057,17
2021-12-29,Tulare,107,460477,73580,71752,17278,89030,1160
2021-12-29,Tuolumne,109,53932,8176,8012,122,8134,91
2021-12-29,Ventura,111,848112,114107,106974,5577,112551,1207
2021-12-29,Yolo,113,214977,22731,21564,1561,23125,270
2021-12-29,Yuba,115,75493,11033,10808,422,11230,99
2021-12-28,Alameda,001,1643700,138061,130427,3664,134091,1522
2021-12-28,Alpine,003,1148,110,113,0,113,0
2021-12-28,Amador,005,37829,5998,5900,83,5983,70
2021-12-28,Butte,007,227075,22980,22285,4170,26455,338
2021-12-28,Calaveras,009,45235,4734,4641,67,4708,91
2021-12-28,Colusa,011,21464,2697,2653,722,3375,21
2021-12-28,Contra Costa,013,1133247,112814,107160,2920,110080,1072
2021-12-28,Del Norte,015,27424,3862,3815,58,3873,43
2021-12-28,El Dorado,017,186661,18058,17419,1927,19346,172
2021-12-28,Fresno,019,978130,152295,148987,13738,162725,2365
2021-12-28,Glenn,021,27897,3692,3639,1073,4712,39
2021-12-28,Humboldt,023,135768,10714,10198,818,11016,119
2021-12-28,Imperial,025,180216,38205,37223,4421,41644,800
2021-12-28,Inyo,027,18085,2792,2676,47,2723,48
2021-12-28,Kern,029,883053,138047,135346,25800,161146,1909
2021-12-28,Kings,031,150075,34900,34165,2116,36281,386
2021-12-28,Lake,033,64148,7141,7044,192,7236,116
2021-12-28,Lassen,035,31185,7132,7083,433,7516,55
2021-12-28,Los Angeles,037,10098052,1657365,1561791,68541,1630332,27323
2021-12-28,Madera,039,155013,25328,24865,2449,27314,320
2021-12-28,Marin,041,260295,21222,19739,872,20611,249
2021-12-28,Mariposa,043,17540,1550,1499,63,1562,6
2021-12-28,Mendocino,045,87422,8608,8366,714,9080,98
2021-12-28,Merced,047,269075,45101,44434,2264,46698,691
2021-12-28,Modoc,049,8938,606,599,211,810,6
2021-12-28,Mono,051,14174,2186,2045,25,2070,4
2021-12-28,Monterey,053,433212,52363,49973,3707,53680,639
2021-12-28,Napa,055,140530,14940,14131,210,14341,107
2021-12-28,Nevada,057,99092,10517,10250,381,10631,110
2021-12-28,Orange,059,3164182,349979,331279,21038,352317,5882
2021-12-28,Placer,061,380077,41745,40410,4286,44696,489
2021-12-28,Plumas,063,18699,2047,1989,55,2044,12
2021-12-28,Riverside,065,2383286,406408,390343,18103,408446,5470
2021-12-28,Sacramento,067,1510023,177073,171290,5927,177217,2426
2021-12-28,San Benito,069,59416,8407,8170,204,8374,79
2021-12-28,San Bernardino,071,2135413,398452,381316,13082,394398,6047
2021-12-28,San Diego,073,3302833,443242,417383,26223,443606,4450
2021-12-28,San Francisco,075,870044,67830,61745,3015,64760,682
2021-12-28,San Joaquin,077,732212,108411,105572,5959,111531,1884
2021-12-28,San Luis Obispo,079,281455,33133,31759,1517,33276,365
2021-12-28,San Mateo,081,765935,65268,58712,1366,60078,582
2021-12-28,Santa Barbara,083,443738,50631,48493,1782,50275,568
2021-12-28,Santa Clara,085,1922200,170161,160811,2396,163207,1962
2021-12-28,Santa Cruz,087,273765,23608,22513,1143,23656,228
2021-12-28,Shasta,089,179085,23363,23035,3797,26832,434
2021-12-28,Sierra,091,2930,212,206,21,227,0
2021-12-28,Siskiyou,093,43540,3545,3468,1414,4882,60
2021-12-28,Solano,095,438530,50276,48318,1555,49873,378
2021-12-28,Sonoma,097,501317,47165,45086,730,45816,410
2021-12-28,Stanislaus,099,539301,84598,83946,9717,93663,1331
2021-12-28,Sutter,101,95872,14816,14662,433,15095,193
2021-12-28,Tehama,103,63373,9053,8893,1585,10478,138
2021-12-28,Trinity,105,12862,917,831,224,1055,17
2021-12-28,Tulare,107,460477,73300,71630,17158,88788,1156
2021-12-28,Tuolumne,109,53932,8134,8006,122,8128,91
2021-12-28,Ventura,111,848112,111997,105883,5446,111329,1207
2021-12-28,Yolo,113,214977,22394,21320,1511,22831,270
2021-12-28,Yuba,115,75493,10977,10778,419,11197,99
2021-12-27,Alameda,001,1643700,135481,129910,3529,133439,1530
2021-12-27,Alpine,003,1148,110,113,0,113,0
2021-12-27,Amador,005,37829,5970,5891,83,5974,70
2021-12-27,Butte,007,227075,22844,22234,4146,26380,335
2021-12-27,Calaveras,009,45235,4708,4630,66,4696,91
2021-12-27,Colusa,011,21464,2686,2652,716,3368,21
2021-12-27,Contra Costa,013,1133247,110651,106692,2839,109531,1071
2021-12-27,Del Norte,015,27424,3853,3802,57,3859,43
2021-12-27,El Dorado,017,186661,17899,17361,1915,19276,172
2021-12-27,Fresno,019,978130,151337,148826,13656,162482,2364
2021-12-27,Glenn,021,27897,3684,3634,1067,4701,39
2021-12-27,Humboldt,023,135768,10600,10164,796,10960,119
2021-12-27,Imperial,025,180216,37964,37180,4327,41507,800
2021-12-27,Inyo,027,18085,2763,2662,45,2707,48
2021-12-27,Kern,029,883053,137396,135119,25497,160616,1907
2021-12-27,Kings,031,150075,34751,34126,2103,36229,382
2021-12-27,Lake,033,64148,7118,7037,182,7219,116
2021-12-27,Lassen,035,31185,7126,7080,433,7513,55
2021-12-27,Los Angeles,037,10098052,1621036,1554074,66791,1620865,27300
2021-12-27,Madera,039,155013,25208,24840,2430,27270,320
2021-12-27,Marin,041,260295,20831,19601,845,20446,249
2021-12-27,Mariposa,043,17540,1535,1495,63,1558,6
2021-12-27,Mendocino,045,87422,8541,8351,709,9060,98
2021-12-27,Merced,047,269075,44871,44383,2247,46630,690
2021-12-27,Modoc,049,8938,604,599,211,810,6
2021-12-27,Mono,051,14174,2123,2026,25,2051,4
2021-12-27,Monterey,053,433212,52062,49918,3656,53574,639
2021-12-27,Napa,055,140530,14670,14083,201,14284,107
2021-12-27,Nevada,057,99092,10448,10239,373,10612,110
2021-12-27,Orange,059,3164182,342501,329222,20232,349454,5875
2021-12-27,Placer,061,380077,41368,40263,4238,44501,489
2021-12-27,Plumas,063,18699,2045,1988,53,2041,12
2021-12-27,Riverside,065,2383286,401821,389096,17847,406943,5470
2021-12-27,Sacramento,067,1510023,175047,170858,5756,176614,2422
2021-12-27,San Benito,069,59416,8289,8133,200,8333,79
2021-12-27,San Bernardino,071,2135413,392675,380526,12884,393410,6047
2021-12-27,San Diego,073,3302833,433044,414968,25733,440701,4445
2021-12-27,San Francisco,075,870044,66086,60920,2950,63870,682
2021-12-27,San Joaquin,077,732212,107492,105413,5895,111308,1876
2021-12-27,San Luis Obispo,079,281455,32691,31671,1496,33167,365
2021-12-27,San Mateo,081,765935,63744,58397,1267,59664,581
2021-12-27,Santa Barbara,083,443738,49845,48209,1762,49971,568
2021-12-27,Santa Clara,085,1922200,167189,159904,2270,162174,1961
2021-12-27,Santa Cruz,087,273765,23320,22456,1125,23581,228
2021-12-27,Shasta,089,179085,23301,23015,3786,26801,432
2021-12-27,Sierra,091,2930,212,206,21,227,0
2021-12-27,Siskiyou,093,43540,3536,3466,1409,4875,60
2021-12-27,Solano,095,438530,49543,48172,1508,49680,378
2021-12-27,Sonoma,097,501317,46589,44990,711,45701,410
2021-12-27,Stanislaus,099,539301,84149,83833,9676,93509,1331
2021-12-27,Sutter,101,95872,14760,14642,428,15070,191
2021-12-27,Tehama,103,63373,9038,8887,1578,10465,136
2021-12-27,Trinity,105,12862,917,827,224,1051,17
2021-12-27,Tulare,107,460477,73034,71562,17063,88625,1146
2021-12-27,Tuolumne,109,53932,8096,7978,121,8099,91
2021-12-27,Ventura,111,848112,109909,105212,5311,110523,1206
2021-12-27,Yolo,113,214977,22100,21300,1477,22777,270
2021-12-27,Yuba,115,75493,10916,10759,418,11177,98
2021-12-26,Alameda,001,1643700,133412,127221,3455,130676,1525
2021-12-26,Alpine,003,1148,110,113,0,113,0
2021-12-26,Amador,005,37829,5954,5861,81,5942,70
2021-12-26,Butte,007,227075,22689,22087,4119,26206,330
2021-12-26,Calaveras,009,45235,4686,4591,66,4657,91
2021-12-26,Colusa,011,21464,2675,2647,710,3357,21
2021-12-26,Contra Costa,013,1133247,108889,105022,2740,107762,1071
2021-12-26,Del Norte,015,27424,3848,3795,57,3852,43
2021-12-26,El Dorado,017,186661,17744,17188,1907,19095,172
2021-12-26,Fresno,019,978130,150634,148027,13577,161604,2358
2021-12-26,Glenn,021,27897,3676,3611,1056,4667,39
2021-12-26,Humboldt,023,135768,10457,10052,773,10825,119
2021-12-26,Imperial,025,180216,37662,36878,4236,41114,800
2021-12-26,Inyo,027,18085,2739,2636,42,2678,47
2021-12-26,Kern,029,883053,136674,134591,25242,159833,1908
2021-12-26,Kings,031,150075,34598,34009,2097,36106,379
2021-12-26,Lake,033,64148,7096,7019,179,7198,116
2021-12-26,Lassen,035,31185,7120,7072,432,7504,55
2021-12-26,Los Angeles,037,10098052,1591185,1515469,64996,1580465,27257
2021-12-26,Madera,039,155013,25089,24741,2414,27155,320
2021-12-26,Marin,041,260295,20452,19085,786,19871,249
2021-12-26,Mariposa,043,17540,1529,1480,63,1543,6
2021-12-26,Mendocino,045,87422,8490,8314,707,9021,98
2021-12-26,Merced,047,269075,44620,44208,2236,46444,690
2021-12-26,Modoc,049,8938,603,597,209,806,6
2021-12-26,Mono,051,14174,2097,2000,25,2025,4
2021-12-26,Monterey,053,433212,51781,49709,3607,53316,638
2021-12-26,Napa,055,140530,14433,13809,196,14005,107
2021-12-26,Nevada,057,99092,10388,10153,366,10519,110
2021-12-26,Orange,059,3164182,336168,322991,19433,342424,5863
2021-12-26,Placer,061,380077,41017,39852,4168,44020,489
2021-12-26,Plumas,063,18699,2037,1987,52,2039,12
2021-12-26,Riverside,065,2383286,397635,384567,17677,402244,5470
2021-12-26,Sacramento,067,1510023,173322,169144,5609,174753,2418
2021-12-26,San Benito,069,59416,8200,7991,196,8187,79
2021-12-26,San Bernardino,071,2135413,387988,376052,12708,388760,6043
2021-12-26,San Diego,073,3302833,424054,406616,25240,431856,4442
2021-12-26,San Francisco,075,870044,64510,58229,2888,61117,682
2021-12-26,San Joaquin,077,732212,106677,104590,5842,110432,1872
2021-12-26,San Luis Obispo,079,281455,32251,31290,1478,32768,365
2021-12-26,San Mateo,081,765935,62343,56973,1220,58193,581
2021-12-26,Santa Barbara,083,443738,49169,47553,1732,49285,567
2021-12-26,Santa Clara,085,1922200,164487,156872,2137,159009,1967
2021-12-26,Santa Cruz,087,273765,23036,22176,1111,23287,228
2021-12-26,Shasta,089,179085,23218,22959,3774,26733,432
2021-12-26,Sierra,091,2930,212,202,21,223,0
2021-12-26,Siskiyou,093,43540,3528,3460,1400,4860,60
2021-12-26,Solano,095,438530,49040,47646,1470,49116,377
2021-12-26,Sonoma,097,501317,46092,44358,679,45037,408
2021-12-26,Stanislaus,099,539301,83777,83368,9634,93002,1331
2021-12-26,Sutter,101,95872,14695,14533,425,14958,191
2021-12-26,Tehama,103,63373,9005,8861,1575,10436,136
2021-12-26,Trinity,105,12862,917,826,223,1049,17
2021-12-26,Tulare,107,460477,72784,71292,16954,88246,1137
2021-12-26,Tuolumne,109,53932,8059,7919,121,8040,91
2021-12-26,Ventura,111,848112,108072,103498,5163,108661,1206
2021-12-26,Yolo,113,214977,21814,21084,1438,22522,270
2021-12-26,Yuba,115,75493,10865,10694,416,11110,98
2021-12-25,Alameda,001,1643700,132336,127221,3391,130612,1525
2021-12-25,Alpine,003,1148,110,113,0,113,0
2021-12-25,Amador,005,37829,5935,5861,81,5942,70
2021-12-25,Butte,007,227075,22592,22087,4103,26190,330
2021-12-25,Calaveras,009,45235,4657,4591,65,4656,91
2021-12-25,Colusa,011,21464,2670,2647,704,3351,21
2021-12-25,Contra Costa,013,1133247,108067,105022,2687,107709,1071
2021-12-25,Del Norte,015,27424,3841,3795,56,3851,43
2021-12-25,El Dorado,017,186661,17691,17188,1896,19084,172
2021-12-25,Fresno,019,978130,150321,148027,13529,161556,2358
2021-12-25,Glenn,021,27897,3665,3611,1052,4663,39
2021-12-25,Humboldt,023,135768,10376,10052,766,10818,119
2021-12-25,Imperial,025,180216,37540,36878,4213,41091,800
2021-12-25,Inyo,027,18085,2719,2636,42,2678,47
2021-12-25,Kern,029,883053,136327,134591,25116,159707,1908
2021-12-25,Kings,031,150075,34508,34009,2090,36099,379
2021-12-25,Lake,033,64148,7084,7019,177,7196,116
2021-12-25,Lassen,035,31185,7118,7072,432,7504,55
2021-12-25,Los Angeles,037,10098052,1578374,1515469,63676,1579145,27257
2021-12-25,Madera,039,155013,25039,24741,2408,27149,320
2021-12-25,Marin,041,260295,20110,19085,737,19822,249
2021-12-25,Mariposa,043,17540,1523,1480,63,1543,6
2021-12-25,Mendocino,045,87422,8452,8314,707,9021,98
2021-12-25,Merced,047,269075,44520,44208,2234,46442,690
2021-12-25,Modoc,049,8938,603,597,209,806,6
2021-12-25,Mono,051,14174,2080,2000,25,2025,4
2021-12-25,Monterey,053,433212,51613,49709,3572,53281,638
2021-12-25,Napa,055,140530,14318,13809,188,13997,107
2021-12-25,Nevada,057,99092,10359,10153,366,10519,110
2021-12-25,Orange,059,3164182,333299,322991,18860,341851,5863
2021-12-25,Placer,061,380077,40834,39852,4134,43986,489
2021-12-25,Plumas,063,18699,2035,1987,52,2039,12
2021-12-25,Riverside,065,2383286,395355,384567,17558,402125,5470
2021-12-25,Sacramento,067,1510023,172508,169144,5502,174646,2418
2021-12-25,San Benito,069,59416,8135,7991,196,8187,79
2021-12-25,San Bernardino,071,2135413,385785,376052,12573,388625,6043
2021-12-25,San Diego,073,3302833,419987,406616,24970,431586,4442
2021-12-25,San Francisco,075,870044,63485,58229,2852,61081,682
2021-12-25,San Joaquin,077,732212,106341,104590,5810,110400,1872
2021-12-25,San Luis Obispo,079,281455,32098,31290,1469,32759,365
2021-12-25,San Mateo,081,765935,61312,56973,1177,58150,581
2021-12-25,Santa Barbara,083,443738,48805,47553,1720,49273,567
2021-12-25,Santa Clara,085,1922200,163009,156872,2070,158942,1967
2021-12-25,Santa Cruz,087,273765,22876,22176,1105,23281,228
2021-12-25,Shasta,089,179085,23185,22959,3768,26727,432
2021-12-25,Sierra,091,2930,212,202,21,223,0
2021-12-25,Siskiyou,093,43540,3525,3460,1394,4854,60
2021-12-25,Solano,095,438530,48915,47646,1452,49098,377
2021-12-25,Sonoma,097,501317,45707,44358,653,45011,408
2021-12-25,Stanislaus,099,539301,83564,83368,9608,92976,1331
2021-12-25,Sutter,101,95872,14654,14533,423,14956,191
2021-12-25,Tehama,103,63373,8985,8861,1571,10432,136
2021-12-25,Trinity,105,12862,916,826,223,1049,17
2021-12-25,Tulare,107,460477,72648,71292,16874,88166,1137
2021-12-25,Tuolumne,109,53932,8028,7919,121,8040,91
2021-12-25,Ventura,111,848112,106899,103498,5056,108554,1206
2021-12-25,Yolo,113,214977,21704,21084,1416,22500,270
2021-12-25,Yuba,115,75493,10838,10694,415,11109,98
2021-12-24,Alameda,001,1643700,131724,127221,3375,130596,1525
2021-12-24,Alpine,003,1148,110,113,0,113,0
2021-12-24,Amador,005,37829,5927,5861,80,5941,70
2021-12-24,Butte,007,227075,22537,22087,4089,26176,330
2021-12-24,Calaveras,009,45235,4651,4591,65,4656,91
2021-12-24,Colusa,011,21464,2668,2647,703,3350,21
2021-12-24,Contra Costa,013,1133247,107751,105022,2656,107678,1071
2021-12-24,Del Norte,015,27424,3834,3795,56,3851,43
2021-12-24,El Dorado,017,186661,17638,17188,1891,19079,172
2021-12-24,Fresno,019,978130,150155,148027,13515,161542,2358
2021-12-24,Glenn,021,27897,3664,3611,1052,4663,39
2021-12-24,Humboldt,023,135768,10320,10052,761,10813,119
2021-12-24,Imperial,025,180216,37457,36878,4209,41087,800
2021-12-24,Inyo,027,18085,2699,2636,42,2678,47
2021-12-24,Kern,029,883053,136204,134591,25074,159665,1908
2021-12-24,Kings,031,150075,34440,34009,2089,36098,379
2021-12-24,Lake,033,64148,7080,7019,177,7196,116
2021-12-24,Lassen,035,31185,7115,7072,432,7504,55
2021-12-24,Los Angeles,037,10098052,1573514,1515469,63150,1578619,27257
2021-12-24,Madera,039,155013,25004,24741,2403,27144,320
2021-12-24,Marin,041,260295,19964,19085,706,19791,249
2021-12-24,Mariposa,043,17540,1521,1480,63,1543,6
2021-12-24,Mendocino,045,87422,8435,8314,707,9021,98
2021-12-24,Merced,047,269075,44470,44208,2232,46440,690
2021-12-24,Modoc,049,8938,603,597,209,806,6
2021-12-24,Mono,051,14174,2067,2000,25,2025,4
2021-12-24,Monterey,053,433212,51516,49709,3546,53255,638
2021-12-24,Napa,055,140530,14252,13809,184,13993,107
2021-12-24,Nevada,057,99092,10333,10153,364,10517,110
2021-12-24,Orange,059,3164182,332247,322991,18701,341692,5863
2021-12-24,Placer,061,380077,40714,39852,4118,43970,489
2021-12-24,Plumas,063,18699,2034,1987,52,2039,12
2021-12-24,Riverside,065,2383286,394358,384567,17468,402035,5470
2021-12-24,Sacramento,067,1510023,172193,169144,5466,174610,2418
2021-12-24,San Benito,069,59416,8126,7991,195,8186,79
2021-12-24,San Bernardino,071,2135413,384665,376052,12501,388553,6043
2021-12-24,San Diego,073,3302833,418865,406616,24843,431459,4442
2021-12-24,San Francisco,075,870044,62976,58229,2834,61063,682
2021-12-24,San Joaquin,077,732212,106146,104590,5802,110392,1872
2021-12-24,San Luis Obispo,079,281455,32036,31290,1459,32749,365
2021-12-24,San Mateo,081,765935,60880,56973,1154,58127,581
2021-12-24,Santa Barbara,083,443738,48600,47553,1713,49266,567
2021-12-24,Santa Clara,085,1922200,162185,156872,2036,158908,1967
2021-12-24,Santa Cruz,087,273765,22793,22176,1102,23278,228
2021-12-24,Shasta,089,179085,23151,22959,3764,26723,432
2021-12-24,Sierra,091,2930,211,202,21,223,0
2021-12-24,Siskiyou,093,43540,3520,3460,1390,4850,60
2021-12-24,Solano,095,438530,48863,47646,1450,49096,377
2021-12-24,Sonoma,097,501317,45541,44358,645,45003,408
2021-12-24,Stanislaus,099,539301,83452,83368,9585,92953,1331
2021-12-24,Sutter,101,95872,14634,14533,420,14953,191
2021-12-24,Tehama,103,63373,8976,8861,1568,10429,136
2021-12-24,Trinity,105,12862,914,826,223,1049,17
2021-12-24,Tulare,107,460477,72581,71292,16831,88123,1137
2021-12-24,Tuolumne,109,53932,8003,7919,121,8040,91
2021-12-24,Ventura,111,848112,106452,103498,5000,108498,1206
2021-12-24,Yolo,113,214977,21630,21084,1398,22482,270
2021-12-24,Yuba,115,75493,10815,10694,414,11108,98
2021-12-23,Alameda,001,1643700,131023,127221,3341,130562,1525
2021-12-23,Alpine,003,1148,110,113,0,113,0
2021-12-23,Amador,005,37829,5915,5861,78,5939,70
2021-12-23,Butte,007,227075,22486,22087,4077,26164,330
2021-12-23,Calaveras,009,45235,4640,4591,65,4656,91
2021-12-23,Colusa,011,21464,2662,2647,699,3346,21
2021-12-23,Contra Costa,013,1133247,107322,105022,2611,107633,1071
2021-12-23,Del Norte,015,27424,3831,3795,56,3851,43
2021-12-23,El Dorado,017,186661,17575,17188,1885,19073,172
2021-12-23,Fresno,019,978130,149950,148027,13496,161523,2358
2021-12-23,Glenn,021,27897,3660,3611,1052,4663,39
2021-12-23,Humboldt,023,135768,10267,10052,758,10810,119
2021-12-23,Imperial,025,180216,37383,36878,4181,41059,800
2021-12-23,Inyo,027,18085,2686,2636,42,2678,47
2021-12-23,Kern,029,883053,136053,134591,24978,159569,1908
2021-12-23,Kings,031,150075,34399,34009,2088,36097,379
2021-12-23,Lake,033,64148,7068,7019,175,7194,116
2021-12-23,Lassen,035,31185,7114,7072,432,7504,55
2021-12-23,Los Angeles,037,10098052,1563977,1515469,62059,1577528,27257
2021-12-23,Madera,039,155013,24971,24741,2398,27139,320
2021-12-23,Marin,041,260295,19830,19085,689,19774,249
2021-12-23,Mariposa,043,17540,1516,1480,63,1543,6
2021-12-23,Mendocino,045,87422,8426,8314,707,9021,98
2021-12-23,Merced,047,269075,44421,44208,2230,46438,690
2021-12-23,Modoc,049,8938,603,597,209,806,6
2021-12-23,Mono,051,14174,2046,2000,24,2024,4
2021-12-23,Monterey,053,433212,51394,49709,3525,53234,638
2021-12-23,Napa,055,140530,14171,13809,179,13988,107
2021-12-23,Nevada,057,99092,10309,10153,363,10516,110
2021-12-23,Orange,059,3164182,330556,322991,18371,341362,5863
2021-12-23,Placer,061,380077,40591,39852,4102,43954,489
2021-12-23,Plumas,063,18699,2034,1987,52,2039,12
2021-12-23,Riverside,065,2383286,393141,384567,17399,401966,5470
2021-12-23,Sacramento,067,1510023,171736,169144,5418,174562,2418
2021-12-23,San Benito,069,59416,8107,7991,193,8184,79
2021-12-23,San Bernardino,071,2135413,383495,376052,12396,388448,6043
2021-12-23,San Diego,073,3302833,417017,406616,24644,431260,4442
2021-12-23,San Francisco,075,870044,62247,58229,2806,61035,682
2021-12-23,San Joaquin,077,732212,105928,104590,5789,110379,1872
2021-12-23,San Luis Obispo,079,281455,31964,31290,1455,32745,365
2021-12-23,San Mateo,081,765935,60318,56973,1134,58107,581
2021-12-23,Santa Barbara,083,443738,48401,47553,1711,49264,567
2021-12-23,Santa Clara,085,1922200,161279,156872,1977,158849,1967
2021-12-23,Santa Cruz,087,273765,22678,22176,1090,23266,228
2021-12-23,Shasta,089,179085,23121,22959,3761,26720,432
2021-12-23,Sierra,091,2930,208,202,21,223,0
2021-12-23,Siskiyou,093,43540,3520,3460,1388,4848,60
2021-12-23,Solano,095,438530,48757,47646,1434,49080,377
2021-12-23,Sonoma,097,501317,45364,44358,643,45001,408
2021-12-23,Stanislaus,099,539301,83323,83368,9565,92933,1331
2021-12-23,Sutter,101,95872,14617,14533,419,14952,191
2021-12-23,Tehama,103,63373,8964,8861,1564,10425,136
2021-12-23,Trinity,105,12862,914,826,223,1049,17
2021-12-23,Tulare,107,460477,72506,71292,16788,88080,1137
2021-12-23,Tuolumne,109,53932,7985,7919,120,8039,91
2021-12-23,Ventura,111,848112,105916,103498,4933,108431,1206
2021-12-23,Yolo,113,214977,21558,21084,1380,22464,270
2021-12-23,Yuba,115,75493,10802,10694,414,11108,98
2021-12-22,Alameda,001,1643700,130099,126533,3258,129791,1522
2021-12-22,Alpine,003,1148,110,112,0,112,0
2021-12-22,Amador,005,37829,5902,5850,77,5927,70
2021-12-22,Butte,007,227075,22436,22070,4065,26135,330
2021-12-22,Calaveras,009,45235,4631,4580,65,4645,91
2021-12-22,Colusa,011,21464,2662,2645,696,3341,21
2021-12-22,Contra Costa,013,1133247,106686,104559,2568,107127,1070
2021-12-22,Del Norte,015,27424,3831,3794,56,3850,43
2021-12-22,El Dorado,017,186661,17513,17140,1876,19016,172
2021-12-22,Fresno,019,978130,149669,147838,13463,161301,2349
2021-12-22,Glenn,021,27897,3655,3604,1052,4656,39
2021-12-22,Humboldt,023,135768,10206,10022,753,10775,119
2021-12-22,Imperial,025,180216,37297,36755,4144,40899,798
2021-12-22,Inyo,027,18085,2668,2632,42,2674,47
2021-12-22,Kern,029,883053,135818,134433,24894,159327,1900
2021-12-22,Kings,031,150075,34349,33953,2081,36034,376
2021-12-22,Lake,033,64148,7061,7008,173,7181,116
2021-12-22,Lassen,035,31185,7109,7069,431,7500,55
2021-12-22,Los Angeles,037,10098052,1550440,1507110,60888,1567998,27234
2021-12-22,Madera,039,155013,24933,24702,2394,27096,320
2021-12-22,Marin,041,260295,19609,18927,666,19593,249
2021-12-22,Mariposa,043,17540,1509,1480,63,1543,6
2021-12-22,Mendocino,045,87422,8417,8299,707,9006,99
2021-12-22,Merced,047,269075,44350,44137,2228,46365,689
2021-12-22,Modoc,049,8938,603,595,209,804,6
2021-12-22,Mono,051,14174,2042,1979,24,2003,4
2021-12-22,Monterey,053,433212,51237,49650,3508,53158,639
2021-12-22,Napa,055,140530,14044,13746,169,13915,107
2021-12-22,Nevada,057,99092,10281,10101,358,10459,110
2021-12-22,Orange,059,3164182,328262,321765,17940,339705,5858
2021-12-22,Placer,061,380077,40408,39758,4065,43823,489
2021-12-22,Plumas,063,18699,2030,1986,52,2038,12
2021-12-22,Riverside,065,2383286,391310,383319,17285,400604,5472
2021-12-22,Sacramento,067,1510023,171077,168695,5354,174049,2422
2021-12-22,San Benito,069,59416,8055,7971,191,8162,79
2021-12-22,San Bernardino,071,2135413,381826,375044,12312,387356,6039
2021-12-22,San Diego,073,3302833,412898,404269,24315,428584,4434
2021-12-22,San Francisco,075,870044,61258,57520,2762,60282,682
2021-12-22,San Joaquin,077,732212,105658,104385,5775,110160,1870
2021-12-22,San Luis Obispo,079,281455,31823,31175,1435,32610,365
2021-12-22,San Mateo,081,765935,59633,56604,1105,57709,581
2021-12-22,Santa Barbara,083,443738,48145,47372,1695,49067,566
2021-12-22,Santa Clara,085,1922200,160159,156258,1936,158194,1954
2021-12-22,Santa Cruz,087,273765,22571,22075,1084,23159,228
2021-12-22,Shasta,089,179085,23092,22937,3756,26693,432
2021-12-22,Sierra,091,2930,208,202,21,223,0
2021-12-22,Siskiyou,093,43540,3517,3458,1385,4843,59
2021-12-22,Solano,095,438530,48528,47531,1421,48952,375
2021-12-22,Sonoma,097,501317,45089,44201,632,44833,408
2021-12-22,Stanislaus,099,539301,83182,83245,9545,92790,1331
2021-12-22,Sutter,101,95872,14581,14513,416,14929,191
2021-12-22,Tehama,103,63373,8951,8853,1561,10414,136
2021-12-22,Trinity,105,12862,914,826,223,1049,17
2021-12-22,Tulare,107,460477,72405,71226,16737,87963,1137
2021-12-22,Tuolumne,109,53932,7964,7903,120,8023,91
2021-12-22,Ventura,111,848112,105310,103089,4827,107916,1206
2021-12-22,Yolo,113,214977,21482,21012,1366,22378,270
2021-12-22,Yuba,115,75493,10785,10681,414,11095,98
2021-12-21,Alameda,001,1643700,129102,126007,3202,129209,1518
2021-12-21,Alpine,003,1148,110,112,0,112,0
2021-12-21,Amador,005,37829,5892,5845,77,5922,70
2021-12-21,Butte,007,227075,22373,22041,4051,26092,330
2021-12-21,Calaveras,009,45235,4618,4575,65,4640,91
2021-12-21,Colusa,011,21464,2660,2643,695,3338,21
2021-12-21,Contra Costa,013,1133247,106057,104255,2504,106759,1068
2021-12-21,Del Norte,015,27424,3830,3793,56,3849,43
2021-12-21,El Dorado,017,186661,17448,17098,1864,18962,172
2021-12-21,Fresno,019,978130,149382,147707,13428,161135,2341
2021-12-21,Glenn,021,27897,3641,3602,1052,4654,39
2021-12-21,Humboldt,023,135768,10142,9989,748,10737,118
2021-12-21,Imperial,025,180216,37199,36580,4103,40683,792
2021-12-21,Inyo,027,18085,2657,2627,42,2669,47
2021-12-21,Kern,029,883053,135609,134321,24788,159109,1892
2021-12-21,Kings,031,150075,34289,33914,2080,35994,376
2021-12-21,Lake,033,64148,7056,7004,171,7175,116
2021-12-21,Lassen,035,31185,7107,7069,431,7500,55
2021-12-21,Los Angeles,037,10098052,1536552,1501169,59863,1561032,27220
2021-12-21,Madera,039,155013,24896,24688,2387,27075,320
2021-12-21,Marin,041,260295,19439,18828,631,19459,249
2021-12-21,Mariposa,043,17540,1508,1480,62,1542,6
2021-12-21,Mendocino,045,87422,8401,8282,705,8987,97
2021-12-21,Merced,047,269075,44278,44096,2225,46321,688
2021-12-21,Modoc,049,8938,601,595,207,802,6
2021-12-21,Mono,051,14174,2023,1979,24,2003,4
2021-12-21,Monterey,053,433212,51146,49586,3491,53077,638
2021-12-21,Napa,055,140530,13943,13703,158,13861,107
2021-12-21,Nevada,057,99092,10252,10095,358,10453,110
2021-12-21,Orange,059,3164182,326137,320705,17489,338194,5855
2021-12-21,Placer,061,380077,40267,39649,4036,43685,487
2021-12-21,Plumas,063,18699,2030,1975,52,2027,12
2021-12-21,Riverside,065,2383286,389584,382415,17165,399580,5465
2021-12-21,Sacramento,067,1510023,170427,168422,5298,173720,2419
2021-12-21,San Benito,069,59416,8016,7950,188,8138,79
2021-12-21,San Bernardino,071,2135413,380198,374219,12205,386424,6026
2021-12-21,San Diego,073,3302833,409172,402386,23978,426364,4424
2021-12-21,San Francisco,075,870044,60305,56950,2728,59678,681
2021-12-21,San Joaquin,077,732212,105372,104238,5756,109994,1870
2021-12-21,San Luis Obispo,079,281455,31659,31103,1423,32526,365
2021-12-21,San Mateo,081,765935,59016,56381,1082,57463,581
2021-12-21,Santa Barbara,083,443738,47917,47194,1680,48874,564
2021-12-21,Santa Clara,085,1922200,159134,155769,1894,157663,1951
2021-12-21,Santa Cruz,087,273765,22454,22028,1074,23102,228
2021-12-21,Shasta,089,179085,23061,22920,3752,26672,429
2021-12-21,Sierra,091,2930,206,201,21,222,0
2021-12-21,Siskiyou,093,43540,3516,3455,1385,4840,59
2021-12-21,Solano,095,438530,48374,47474,1414,48888,372
2021-12-21,Sonoma,097,501317,44866,44051,622,44673,408
2021-12-21,Stanislaus,099,539301,83027,83167,9514,92681,1331
2021-12-21,Sutter,101,95872,14558,14492,415,14907,190
2021-12-21,Tehama,103,63373,8943,8849,1556,10405,136
2021-12-21,Trinity,105,12862,913,826,223,1049,17
2021-12-21,Tulare,107,460477,72312,71166,16696,87862,1137
2021-12-21,Tuolumne,109,53932,7940,7893,120,8013,91
2021-12-21,Ventura,111,848112,104691,102631,4714,107345,1205
2021-12-21,Yolo,113,214977,21372,20944,1362,22306,267
2021-12-21,Yuba,115,75493,10768,10668,414,11082,98
2021-12-20,Alameda,001,1643700,128169,125762,3133,128895,1515
2021-12-20,Alpine,003,1148,110,112,0,112,0
2021-12-20,Amador,005,37829,5878,5838,77,5915,70
2021-12-20,Butte,007,227075,22311,22030,4042,26072,329
2021-12-20,Calaveras,009,45235,4608,4569,65,4634,91
2021-12-20,Colusa,011,21464,2659,2644,695,3339,21
2021-12-20,Contra Costa,013,1133247,105523,104051,2457,106508,1068
2021-12-20,Del Norte,015,27424,3828,3792,56,3848,43
2021-12-20,El Dorado,017,186661,17387,17083,1856,18939,172
2021-12-20,Fresno,019,978130,149139,147605,13399,161004,2341
2021-12-20,Glenn,021,27897,3635,3597,1052,4649,39
2021-12-20,Humboldt,023,135768,10100,9973,744,10717,118
2021-12-20,Imperial,025,180216,37083,36532,4073,40605,792
2021-12-20,Inyo,027,18085,2654,2615,42,2657,47
2021-12-20,Kern,029,883053,135410,134203,24728,158931,1883
2021-12-20,Kings,031,150075,34247,33898,2079,35977,376
2021-12-20,Lake,033,64148,7051,6999,171,7170,116
2021-12-20,Lassen,035,31185,7105,7065,430,7495,55
2021-12-20,Los Angeles,037,10098052,1525079,1495251,59134,1554385,27188
2021-12-20,Madera,039,155013,24867,24668,2383,27051,313
2021-12-20,Marin,041,260295,19225,18747,613,19360,249
2021-12-20,Mariposa,043,17540,1499,1479,62,1541,6
2021-12-20,Mendocino,045,87422,8389,8264,703,8967,96
2021-12-20,Merced,047,269075,44221,44071,2220,46291,687
2021-12-20,Modoc,049,8938,601,595,204,799,6
2021-12-20,Mono,051,14174,2000,1973,24,1997,4
2021-12-20,Monterey,053,433212,51050,49556,3471,53027,636
2021-12-20,Napa,055,140530,13858,13672,148,13820,107
2021-12-20,Nevada,057,99092,10212,10079,357,10436,109
2021-12-20,Orange,059,3164182,324532,320235,17172,337407,5852
2021-12-20,Placer,061,380077,40138,39579,4006,43585,485
2021-12-20,Plumas,063,18699,2027,1971,50,2021,12
2021-12-20,Riverside,065,2383286,388135,381841,17075,398916,5452
2021-12-20,Sacramento,067,1510023,169857,168153,5257,173410,2414
2021-12-20,San Benito,069,59416,7972,7934,186,8120,79
2021-12-20,San Bernardino,071,2135413,378703,373881,12120,386001,6023
2021-12-20,San Diego,073,3302833,405961,401483,23738,425221,4412
2021-12-20,San Francisco,075,870044,59250,56661,2670,59331,681
2021-12-20,San Joaquin,077,732212,105129,104188,5747,109935,1865
2021-12-20,San Luis Obispo,079,281455,31546,31075,1415,32490,365
2021-12-20,San Mateo,081,765935,58468,56247,1063,57310,581
2021-12-20,Santa Barbara,083,443738,47707,47131,1675,48806,562
2021-12-20,Santa Clara,085,1922200,158174,155427,1846,157273,1950
2021-12-20,Santa Cruz,087,273765,22374,21989,1069,23058,227
2021-12-20,Shasta,089,179085,23040,22888,3747,26635,429
2021-12-20,Sierra,091,2930,205,201,21,222,0
2021-12-20,Siskiyou,093,43540,3515,3453,1383,4836,59
2021-12-20,Solano,095,438530,48246,47394,1406,48800,370
2021-12-20,Sonoma,097,501317,44675,43982,614,44596,408
2021-12-20,Stanislaus,099,539301,82903,83110,9485,92595,1331
2021-12-20,Sutter,101,95872,14535,14480,415,14895,190
2021-12-20,Tehama,103,63373,8935,8840,1553,10393,136
2021-12-20,Trinity,105,12862,913,826,223,1049,17
2021-12-20,Tulare,107,460477,72218,71124,16637,87761,1129
2021-12-20,Tuolumne,109,53932,7926,7867,116,7983,91
2021-12-20,Ventura,111,848112,104183,102452,4637,107089,1203
2021-12-20,Yolo,113,214977,21279,20903,1350,22253,267
2021-12-20,Yuba,115,75493,10752,10656,411,11067,97
2021-12-19,Alameda,001,1643700,127284,125464,3092,128556,1519
2021-12-19,Alpine,003,1148,110,112,0,112,0
2021-12-19,Amador,005,37829,5866,5832,76,5908,70
2021-12-19,Butte,007,227075,22257,22022,4035,26057,329
2021-12-19,Calaveras,009,45235,4592,4563,64,4627,91
2021-12-19,Colusa,011,21464,2659,2643,692,3335,21
2021-12-19,Contra Costa,013,1133247,105032,103906,2422,106328,1068
2021-12-19,Del Norte,015,27424,3824,3797,56,3853,43
2021-12-19,El Dorado,017,186661,17330,17067,1854,18921,172
2021-12-19,Fresno,019,978130,148898,147505,13374,160879,2341
2021-12-19,Glenn,021,27897,3631,3596,1051,4647,39
2021-12-19,Humboldt,023,135768,10058,9957,739,10696,118
2021-12-19,Imperial,025,180216,36954,36501,4030,40531,792
2021-12-19,Inyo,027,18085,2645,2613,42,2655,47
2021-12-19,Kern,029,883053,135211,134136,24660,158796,1883
2021-12-19,Kings,031,150075,34189,33874,2075,35949,378
2021-12-19,Lake,033,64148,7042,6999,168,7167,116
2021-12-19,Lassen,035,31185,7101,7065,430,7495,55
2021-12-19,Los Angeles,037,10098052,1516091,1495082,58529,1553611,27189
2021-12-19,Madera,039,155013,24843,24642,2377,27019,313
2021-12-19,Marin,041,260295,19049,18707,590,19297,249
2021-12-19,Mariposa,043,17540,1493,1475,62,1537,6
2021-12-19,Mendocino,045,87422,8372,8257,700,8957,96
2021-12-19,Merced,047,269075,44126,44045,2213,46258,687
2021-12-19,Modoc,049,8938,600,595,204,799,6
2021-12-19,Mono,051,14174,1989,1968,23,1991,4
2021-12-19,Monterey,053,433212,50949,49516,3449,52965,636
2021-12-19,Napa,055,140530,13785,13659,139,13798,107
2021-12-19,Nevada,057,99092,10176,10057,354,10411,109
2021-12-19,Orange,059,3164182,323126,319615,16945,336560,5852
2021-12-19,Placer,061,380077,40017,39525,3990,43515,485
2021-12-19,Plumas,063,18699,2024,1971,50,2021,12
2021-12-19,Riverside,065,2383286,386691,381305,17000,398305,5452
2021-12-19,Sacramento,067,1510023,169363,167933,5228,173161,2415
2021-12-19,San Benito,069,59416,7947,7929,185,8114,79
2021-12-19,San Bernardino,071,2135413,377402,373480,12081,385561,6023
2021-12-19,San Diego,073,3302833,403484,398197,23542,421739,4406
2021-12-19,San Francisco,075,870044,58377,56358,2614,58972,681
2021-12-19,San Joaquin,077,732212,104872,104125,5733,109858,1865
2021-12-19,San Luis Obispo,079,281455,31423,31035,1403,32438,366
2021-12-19,San Mateo,081,765935,58003,56132,1048,57180,581
2021-12-19,Santa Barbara,083,443738,47484,47070,1668,48738,562
2021-12-19,Santa Clara,085,1922200,157287,155049,1819,156868,1950
2021-12-19,Santa Cruz,087,273765,22274,21960,1064,23024,227
2021-12-19,Shasta,089,179085,23003,22875,3743,26618,429
2021-12-19,Sierra,091,2930,204,201,21,222,0
2021-12-19,Siskiyou,093,43540,3512,3452,1383,4835,59
2021-12-19,Solano,095,438530,48124,47341,1400,48741,370
2021-12-19,Sonoma,097,501317,44491,43944,612,44556,408
2021-12-19,Stanislaus,099,539301,82765,83040,9453,92493,1331
2021-12-19,Sutter,101,95872,14495,14475,414,14889,190
2021-12-19,Tehama,103,63373,8927,8840,1553,10393,136
2021-12-19,Trinity,105,12862,913,826,223,1049,17
2021-12-19,Tulare,107,460477,72125,71085,16595,87680,1129
2021-12-19,Tuolumne,109,53932,7909,7865,115,7980,91
2021-12-19,Ventura,111,848112,103603,102170,4572,106742,1203
2021-12-19,Yolo,113,214977,21198,20887,1330,22217,267
2021-12-19,Yuba,115,75493,10735,10646,409,11055,97
2021-12-18,Alameda,001,1643700,126879,124583,3067,127650,1512
2021-12-18,Alpine,003,1148,110,110,0,110,0
2021-12-18,Amador,005,37829,5860,5821,76,5897,69
2021-12-18,Butte,007,227075,22241,21956,4030,25986,328
2021-12-18,Calaveras,009,45235,4585,4534,64,4598,91
2021-12-18,Colusa,011,21464,2655,2635,690,3325,21
2021-12-18,Contra Costa,013,1133247,104818,103380,2408,105788,1065
2021-12-18,Del Norte,015,27424,3821,3791,56,3847,43
2021-12-18,El Dorado,017,186661,17302,16968,1851,18819,171
2021-12-18,Fresno,019,978130,148795,147038,13360,160398,2335
2021-12-18,Glenn,021,27897,3628,3590,1051,4641,39
2021-12-18,Humboldt,023,135768,10042,9889,739,10628,118
2021-12-18,Imperial,025,180216,36881,36280,4018,40298,790
2021-12-18,Inyo,027,18085,2639,2607,42,2649,47
2021-12-18,Kern,029,883053,135121,133754,24614,158368,1873
2021-12-18,Kings,031,150075,34156,33783,2071,35854,374
2021-12-18,Lake,033,64148,7041,6976,168,7144,115
2021-12-18,Lassen,035,31185,7099,7061,429,7490,55
2021-12-18,Los Angeles,037,10098052,1512004,1484840,58216,1543056,27135
2021-12-18,Madera,039,155013,24828,24575,2375,26950,313
2021-12-18,Marin,041,260295,18948,18537,578,19115,249
2021-12-18,Mariposa,043,17540,1492,1468,62,1530,6
2021-12-18,Mendocino,045,87422,8366,8219,700,8919,95
2021-12-18,Merced,047,269075,44091,43929,2212,46141,686
2021-12-18,Modoc,049,8938,598,595,204,799,6
2021-12-18,Mono,051,14174,1987,1956,23,1979,4
2021-12-18,Monterey,053,433212,50891,49343,3444,52787,635
2021-12-18,Napa,055,140530,13759,13581,137,13718,107
2021-12-18,Nevada,057,99092,10154,9991,352,10343,108
2021-12-18,Orange,059,3164182,322462,318149,16808,334957,5844
2021-12-18,Placer,061,380077,39916,39336,3976,43312,485
2021-12-18,Plumas,063,18699,2024,1964,50,2014,13
2021-12-18,Riverside,065,2383286,385993,379354,16959,396313,5439
2021-12-18,Sacramento,067,1510023,169126,167046,5209,172255,2404
2021-12-18,San Benito,069,59416,7932,7894,185,8079,79
2021-12-18,San Bernardino,071,2135413,376742,371658,12053,383711,6017
2021-12-18,San Diego,073,3302833,402519,397130,23490,420620,4399
2021-12-18,San Francisco,075,870044,57882,55562,2584,58146,679
2021-12-18,San Joaquin,077,732212,104785,103698,5723,109421,1858
2021-12-18,San Luis Obispo,079,281455,31381,30873,1397,32270,365
2021-12-18,San Mateo,081,765935,57763,55730,1043,56773,580
2021-12-18,Santa Barbara,083,443738,47388,46776,1666,48442,562
2021-12-18,Santa Clara,085,1922200,156831,154243,1806,156049,1946
2021-12-18,Santa Cruz,087,273765,22222,21805,1062,22867,225
2021-12-18,Shasta,089,179085,22982,22811,3743,26554,429
2021-12-18,Sierra,091,2930,204,199,21,220,0
2021-12-18,Siskiyou,093,43540,3510,3441,1382,4823,58
2021-12-18,Solano,095,438530,48078,47174,1398,48572,369
2021-12-18,Sonoma,097,501317,44381,43658,608,44266,407
2021-12-18,Stanislaus,099,539301,82683,82736,9441,92177,1330
2021-12-18,Sutter,101,95872,14477,14435,414,14849,190
2021-12-18,Tehama,103,63373,8921,8814,1552,10366,136
2021-12-18,Trinity,105,12862,913,823,223,1046,17
2021-12-18,Tulare,107,460477,72087,70922,16570,87492,1120
2021-12-18,Tuolumne,109,53932,7895,7834,115,7949,91
2021-12-18,Ventura,111,848112,103318,101612,4550,106162,1201
2021-12-18,Yolo,113,214977,21158,20793,1324,22117,267
2021-12-18,Yuba,115,75493,10724,10599,409,11008,96
2021-12-17,Alameda,001,1643700,126544,124583,3048,127631,1512
2021-12-17,Alpine,003,1148,110,110,0,110,0
2021-12-17,Amador,005,37829,5853,5821,76,5897,69
2021-12-17,Butte,007,227075,22221,21956,4024,25980,328
2021-12-17,Calaveras,009,45235,4581,4534,64,4598,91
2021-12-17,Colusa,011,21464,2654,2635,689,3324,21
2021-12-17,Contra Costa,013,1133247,104616,103380,2404,105784,1065
2021-12-17,Del Norte,015,27424,3820,3791,56,3847,43
2021-12-17,El Dorado,017,186661,17273,16968,1848,18816,171
2021-12-17,Fresno,019,978130,148692,147038,13360,160398,2335
2021-12-17,Glenn,021,27897,3621,3590,1051,4641,39
2021-12-17,Humboldt,023,135768,10022,9889,737,10626,118
2021-12-17,Imperial,025,180216,36818,36280,4000,40280,790
2021-12-17,Inyo,027,18085,2634,2607,42,2649,47
2021-12-17,Kern,029,883053,135030,133754,24572,158326,1873
2021-12-17,Kings,031,150075,34137,33783,2071,35854,374
2021-12-17,Lake,033,64148,7037,6976,168,7144,115
2021-12-17,Lassen,035,31185,7099,7061,428,7489,55
2021-12-17,Los Angeles,037,10098052,1508061,1484840,57976,1542816,27135
2021-12-17,Madera,039,155013,24812,24575,2370,26945,313
2021-12-17,Marin,041,260295,18872,18537,574,19111,249
2021-12-17,Mariposa,043,17540,1488,1468,62,1530,6
2021-12-17,Mendocino,045,87422,8355,8219,700,8919,95
2021-12-17,Merced,047,269075,44065,43929,2211,46140,686
2021-12-17,Modoc,049,8938,598,595,204,799,6
2021-12-17,Mono,051,14174,1984,1956,23,1979,4
2021-12-17,Monterey,053,433212,50833,49343,3439,52782,635
2021-12-17,Napa,055,140530,13732,13581,136,13717,107
2021-12-17,Nevada,057,99092,10143,9991,352,10343,108
2021-12-17,Orange,059,3164182,321898,318149,16740,334889,5844
2021-12-17,Placer,061,380077,39861,39336,3970,43306,485
2021-12-17,Plumas,063,18699,2023,1964,50,2014,13
2021-12-17,Riverside,065,2383286,385341,379354,16948,396302,5439
2021-12-17,Sacramento,067,1510023,168894,167046,5196,172242,2404
2021-12-17,San Benito,069,59416,7930,7894,185,8079,79
2021-12-17,San Bernardino,071,2135413,376192,371658,12036,383694,6017
2021-12-17,San Diego,073,3302833,401591,397130,23442,420572,4399
2021-12-17,San Francisco,075,870044,57556,55562,2554,58116,679
2021-12-17,San Joaquin,077,732212,104710,103698,5706,109404,1858
2021-12-17,San Luis Obispo,079,281455,31353,30873,1393,32266,365
2021-12-17,San Mateo,081,765935,57575,55730,1036,56766,580
2021-12-17,Santa Barbara,083,443738,47311,46776,1660,48436,562
2021-12-17,Santa Clara,085,1922200,156459,154243,1792,156035,1946
2021-12-17,Santa Cruz,087,273765,22175,21805,1059,22864,225
2021-12-17,Shasta,089,179085,22970,22811,3741,26552,429
2021-12-17,Sierra,091,2930,203,199,21,220,0
2021-12-17,Siskiyou,093,43540,3506,3441,1380,4821,58
2021-12-17,Solano,095,438530,48010,47174,1394,48568,369
2021-12-17,Sonoma,097,501317,44284,43658,605,44263,407
2021-12-17,Stanislaus,099,539301,82632,82736,9434,92170,1330
2021-12-17,Sutter,101,95872,14465,14435,412,14847,190
2021-12-17,Tehama,103,63373,8914,8814,1551,10365,136
2021-12-17,Trinity,105,12862,913,823,223,1046,17
2021-12-17,Tulare,107,460477,72045,70922,16540,87462,1120
2021-12-17,Tuolumne,109,53932,7883,7834,115,7949,91
2021-12-17,Ventura,111,848112,103068,101612,4538,106150,1201
2021-12-17,Yolo,113,214977,21125,20793,1318,22111,267
2021-12-17,Yuba,115,75493,10713,10599,407,11006,96
2021-12-16,Alameda,001,1643700,126172,124583,3033,127616,1512
2021-12-16,Alpine,003,1148,108,110,0,110,0
2021-12-16,Amador,005,37829,5845,5821,76,5897,69
2021-12-16,Butte,007,227075,22201,21956,4021,25977,328
2021-12-16,Calaveras,009,45235,4574,4534,64,4598,91
2021-12-16,Colusa,011,21464,2654,2635,689,3324,21
2021-12-16,Contra Costa,013,1133247,104393,103380,2393,105773,1065
2021-12-16,Del Norte,015,27424,3817,3791,56,3847,43
2021-12-16,El Dorado,017,186661,17238,16968,1843,18811,171
2021-12-16,Fresno,019,978130,148533,147038,13353,160391,2335
2021-12-16,Glenn,021,27897,3620,3590,1048,4638,39
2021-12-16,Humboldt,023,135768,9998,9889,727,10616,118
2021-12-16,Imperial,025,180216,36734,36280,3972,40252,790
2021-12-16,Inyo,027,18085,2630,2607,41,2648,47
2021-12-16,Kern,029,883053,134886,133754,24523,158277,1873
2021-12-16,Kings,031,150075,34113,33783,2070,35853,374
2021-12-16,Lake,033,64148,7033,6976,168,7144,115
2021-12-16,Lassen,035,31185,7096,7061,427,7488,55
2021-12-16,Los Angeles,037,10098052,1503845,1484840,57709,1542549,27135
2021-12-16,Madera,039,155013,24783,24575,2366,26941,313
2021-12-16,Marin,041,260295,18826,18537,567,19104,249
2021-12-16,Mariposa,043,17540,1486,1468,62,1530,6
2021-12-16,Mendocino,045,87422,8344,8219,695,8914,95
2021-12-16,Merced,047,269075,44026,43929,2210,46139,686
2021-12-16,Modoc,049,8938,598,595,204,799,6
2021-12-16,Mono,051,14174,1981,1956,23,1979,4
2021-12-16,Monterey,053,433212,50762,49343,3422,52765,635
2021-12-16,Napa,055,140530,13700,13581,136,13717,107
2021-12-16,Nevada,057,99092,10117,9991,352,10343,108
2021-12-16,Orange,059,3164182,321290,318149,16662,334811,5844
2021-12-16,Placer,061,380077,39784,39336,3965,43301,485
2021-12-16,Plumas,063,18699,2023,1964,50,2014,13
2021-12-16,Riverside,065,2383286,384534,379354,16934,396288,5439
2021-12-16,Sacramento,067,1510023,168610,167046,5172,172218,2404
2021-12-16,San Benito,069,59416,7923,7894,185,8079,79
2021-12-16,San Bernardino,071,2135413,375538,371658,12017,383675,6017
2021-12-16,San Diego,073,3302833,400424,397130,23376,420506,4399
2021-12-16,San Francisco,075,870044,57180,55562,2532,58094,679
2021-12-16,San Joaquin,077,732212,104586,103698,5699,109397,1858
2021-12-16,San Luis Obispo,079,281455,31283,30873,1387,32260,365
2021-12-16,San Mateo,081,765935,57375,55730,1033,56763,580
2021-12-16,Santa Barbara,083,443738,47190,46776,1656,48432,562
2021-12-16,Santa Clara,085,1922200,156127,154243,1782,156025,1946
2021-12-16,Santa Cruz,087,273765,22129,21805,1058,22863,225
2021-12-16,Shasta,089,179085,22940,22811,3739,26550,429
2021-12-16,Sierra,091,2930,203,199,21,220,0
2021-12-16,Siskiyou,093,43540,3505,3441,1376,4817,58
2021-12-16,Solano,095,438530,47942,47174,1387,48561,369
2021-12-16,Sonoma,097,501317,44185,43658,603,44261,407
2021-12-16,Stanislaus,099,539301,82545,82736,9420,92156,1330
2021-12-16,Sutter,101,95872,14451,14435,411,14846,190
2021-12-16,Tehama,103,63373,8907,8814,1550,10364,136
2021-12-16,Trinity,105,12862,913,823,223,1046,17
2021-12-16,Tulare,107,460477,71997,70922,16515,87437,1120
2021-12-16,Tuolumne,109,53932,7864,7834,115,7949,91
2021-12-16,Ventura,111,848112,102800,101612,4531,106143,1201
2021-12-16,Yolo,113,214977,21074,20793,1313,22106,267
2021-12-16,Yuba,115,75493,10697,10599,406,11005,96
2021-12-15,Alameda,001,1643700,125846,124342,3021,127363,1509
2021-12-15,Alpine,003,1148,108,109,0,109,0
2021-12-15,Amador,005,37829,5839,5810,76,5886,69
2021-12-15,Butte,007,227075,22179,21922,4020,25942,327
2021-12-15,Calaveras,009,45235,4568,4523,64,4587,89
2021-12-15,Colusa,011,21464,2653,2632,688,3320,21
2021-12-15,Contra Costa,013,1133247,104174,103236,2390,105626,1064
2021-12-15,Del Norte,015,27424,3816,3789,55,3844,43
2021-12-15,El Dorado,017,186661,17206,16936,1837,18773,171
2021-12-15,Fresno,019,978130,148405,146859,13339,160198,2319
2021-12-15,Glenn,021,27897,3620,3589,1048,4637,39
2021-12-15,Humboldt,023,135768,9978,9854,726,10580,118
2021-12-15,Imperial,025,180216,36655,36187,3928,40115,789
2021-12-15,Inyo,027,18085,2625,2606,41,2647,47
2021-12-15,Kern,029,883053,134747,133590,24476,158066,1866
2021-12-15,Kings,031,150075,34084,33716,2066,35782,374
2021-12-15,Lake,033,64148,7025,6968,167,7135,115
2021-12-15,Lassen,035,31185,7096,7062,427,7489,55
2021-12-15,Los Angeles,037,10098052,1499955,1482735,57514,1540249,27116
2021-12-15,Madera,039,155013,24765,24549,2360,26909,313
2021-12-15,Marin,041,260295,18767,18514,562,19076,249
2021-12-15,Mariposa,043,17540,1483,1463,62,1525,6
2021-12-15,Mendocino,045,87422,8339,8209,692,8901,95
2021-12-15,Merced,047,269075,43984,43890,2198,46088,685
2021-12-15,Modoc,049,8938,598,595,204,799,6
2021-12-15,Mono,051,14174,1977,1955,23,1978,4
2021-12-15,Monterey,053,433212,50707,49279,3404,52683,635
2021-12-15,Napa,055,140530,13671,13557,134,13691,107
2021-12-15,Nevada,057,99092,10096,9958,352,10310,107
2021-12-15,Orange,059,3164182,320709,317808,16620,334428,5838
2021-12-15,Placer,061,380077,39728,39264,3955,43219,485
2021-12-15,Plumas,063,18699,2019,1957,50,2007,12
2021-12-15,Riverside,065,2383286,383813,378769,16922,395691,5438
2021-12-15,Sacramento,067,1510023,168301,166793,5151,171944,2401
2021-12-15,San Benito,069,59416,7908,7877,185,8062,79
2021-12-15,San Bernardino,071,2135413,374985,371122,11984,383106,6013
2021-12-15,San Diego,073,3302833,399230,396546,23306,419852,4395
2021-12-15,San Francisco,075,870044,56861,55414,2514,57928,679
2021-12-15,San Joaquin,077,732212,104429,103579,5689,109268,1853
2021-12-15,San Luis Obispo,079,281455,31234,30784,1380,32164,365
2021-12-15,San Mateo,081,765935,57233,55657,1023,56680,580
2021-12-15,Santa Barbara,083,443738,47109,46681,1654,48335,562
2021-12-15,Santa Clara,085,1922200,155816,153928,1762,155690,1944
2021-12-15,Santa Cruz,087,273765,22089,21753,1051,22804,225
2021-12-15,Shasta,089,179085,22925,22778,3735,26513,427
2021-12-15,Sierra,091,2930,203,199,21,220,0
2021-12-15,Siskiyou,093,43540,3504,3434,1375,4809,58
2021-12-15,Solano,095,438530,47871,47098,1381,48479,367
2021-12-15,Sonoma,097,501317,44103,43580,598,44178,407
2021-12-15,Stanislaus,099,539301,82439,82628,9412,92040,1298
2021-12-15,Sutter,101,95872,14431,14428,410,14838,189
2021-12-15,Tehama,103,63373,8900,8806,1549,10355,136
2021-12-15,Trinity,105,12862,912,822,223,1045,17
2021-12-15,Tulare,107,460477,71946,70846,16486,87332,1120
2021-12-15,Tuolumne,109,53932,7855,7818,114,7932,91
2021-12-15,Ventura,111,848112,102585,101447,4525,105972,1199
2021-12-15,Yolo,113,214977,21046,20749,1308,22057,267
2021-12-15,Yuba,115,75493,10686,10587,405,10992,96
2021-12-14,Alameda,001,1643700,125517,124272,3008,127280,1506
2021-12-14,Alpine,003,1148,107,109,0,109,0
2021-12-14,Amador,005,37829,5833,5808,75,5883,69
2021-12-14,Butte,007,227075,22146,21901,4018,25919,326
2021-12-14,Calaveras,009,45235,4556,4517,64,4581,89
2021-12-14,Colusa,011,21464,2651,2628,688,3316,21
2021-12-14,Contra Costa,013,1133247,103990,103135,2386,105521,1064
2021-12-14,Del Norte,015,27424,3813,3788,55,3843,43
2021-12-14,El Dorado,017,186661,17172,16915,1835,18750,170
2021-12-14,Fresno,019,978130,148235,146756,13331,160087,2316
2021-12-14,Glenn,021,27897,3619,3589,1048,4637,39
2021-12-14,Humboldt,023,135768,9966,9836,718,10554,118
2021-12-14,Imperial,025,180216,36582,36049,3885,39934,789
2021-12-14,Inyo,027,18085,2624,2601,41,2642,46
2021-12-14,Kern,029,883053,134609,133498,24427,157925,1863
2021-12-14,Kings,031,150075,34047,33693,2063,35756,373
2021-12-14,Lake,033,64148,7016,6961,167,7128,115
2021-12-14,Lassen,035,31185,7095,7061,427,7488,55
2021-12-14,Los Angeles,037,10098052,1496298,1481131,57333,1538464,27099
2021-12-14,Madera,039,155013,24738,24535,2352,26887,313
2021-12-14,Marin,041,260295,18719,18491,560,19051,249
2021-12-14,Mariposa,043,17540,1480,1463,61,1524,6
2021-12-14,Mendocino,045,87422,8311,8206,690,8896,95
2021-12-14,Merced,047,269075,43938,43870,2196,46066,684
2021-12-14,Modoc,049,8938,597,595,204,799,6
2021-12-14,Mono,051,14174,1970,1955,23,1978,4
2021-12-14,Monterey,053,433212,50623,49237,3393,52630,635
2021-12-14,Napa,055,140530,13642,13528,134,13662,107
2021-12-14,Nevada,057,99092,10070,9956,351,10307,106
2021-12-14,Orange,059,3164182,320156,317465,16566,334031,5827
2021-12-14,Placer,061,380077,39653,39221,3950,43171,482
2021-12-14,Plumas,063,18699,2015,1950,48,1998,12
2021-12-14,Riverside,065,2383286,383121,378227,16905,395132,5427
2021-12-14,Sacramento,067,1510023,167990,166605,5128,171733,2394
2021-12-14,San Benito,069,59416,7889,7871,185,8056,79
2021-12-14,San Bernardino,071,2135413,374360,370604,11953,382557,6013
2021-12-14,San Diego,073,3302833,398091,395876,23255,419131,4393
2021-12-14,San Francisco,075,870044,56548,55278,2503,57781,679
2021-12-14,San Joaquin,077,732212,104283,103488,5671,109159,1848
2021-12-14,San Luis Obispo,079,281455,31174,30753,1376,32129,363
2021-12-14,San Mateo,081,765935,57069,55601,1016,56617,580
2021-12-14,Santa Barbara,083,443738,47007,46648,1650,48298,560
2021-12-14,Santa Clara,085,1922200,155493,153814,1749,155563,1945
2021-12-14,Santa Cruz,087,273765,22024,21737,1046,22783,225
2021-12-14,Shasta,089,179085,22898,22756,3734,26490,427
2021-12-14,Sierra,091,2930,201,199,21,220,0
2021-12-14,Siskiyou,093,43540,3499,3430,1374,4804,58
2021-12-14,Solano,095,438530,47824,47065,1375,48440,367
2021-12-14,Sonoma,097,501317,44020,43538,596,44134,407
2021-12-14,Stanislaus,099,539301,82353,82581,9396,91977,1293
2021-12-14,Sutter,101,95872,14419,14421,409,14830,189
2021-12-14,Tehama,103,63373,8896,8805,1549,10354,134
2021-12-14,Trinity,105,12862,912,821,223,1044,17
2021-12-14,Tulare,107,460477,71874,70803,16456,87259,1120
2021-12-14,Tuolumne,109,53932,7842,7815,114,7929,91
2021-12-14,Ventura,111,848112,102360,101343,4518,105861,1199
2021-12-14,Yolo,113,214977,21012,20734,1295,22029,267
2021-12-14,Yuba,115,75493,10669,10574,405,10979,92
2021-12-13,Alameda,001,1643700,125233,124174,2991,127165,1501
2021-12-13,Alpine,003,1148,107,109,0,109,0
2021-12-13,Amador,005,37829,5829,5797,75,5872,69
2021-12-13,Butte,007,227075,22122,21889,4014,25903,326
2021-12-13,Calaveras,009,45235,4549,4507,63,4570,89
2021-12-13,Colusa,011,21464,2649,2627,688,3315,21
2021-12-13,Contra Costa,013,1133247,103839,103041,2375,105416,1064
2021-12-13,Del Norte,015,27424,3809,3787,55,3842,42
2021-12-13,El Dorado,017,186661,17149,16896,1833,18729,170
2021-12-13,Fresno,019,978130,148084,146641,13321,159962,2312
2021-12-13,Glenn,021,27897,3614,3589,1046,4635,37
2021-12-13,Humboldt,023,135768,9937,9821,714,10535,118
2021-12-13,Imperial,025,180216,36498,35974,3864,39838,787
2021-12-13,Inyo,027,18085,2623,2592,41,2633,46
2021-12-13,Kern,029,883053,134483,133381,24374,157755,1863
2021-12-13,Kings,031,150075,34004,33680,2058,35738,372
2021-12-13,Lake,033,64148,7014,6958,165,7123,115
2021-12-13,Lassen,035,31185,7094,7057,427,7484,55
2021-12-13,Los Angeles,037,10098052,1493517,1480195,57168,1537363,27085
2021-12-13,Madera,039,155013,24709,24527,2347,26874,311
2021-12-13,Marin,041,260295,18659,18471,557,19028,249
2021-12-13,Mariposa,043,17540,1478,1462,61,1523,6
2021-12-13,Mendocino,045,87422,8298,8196,688,8884,95
2021-12-13,Merced,047,269075,43899,43848,2192,46040,682
2021-12-13,Modoc,049,8938,596,595,204,799,6
2021-12-13,Mono,051,14174,1963,1952,23,1975,4
2021-12-13,Monterey,053,433212,50571,49222,3374,52596,631
2021-12-13,Napa,055,140530,13629,13518,134,13652,107
2021-12-13,Nevada,057,99092,10051,9946,350,10296,106
2021-12-13,Orange,059,3164182,319686,317112,16512,333624,5824
2021-12-13,Placer,061,380077,39592,39168,3939,43107,481
2021-12-13,Plumas,063,18699,2011,1943,48,1991,12
2021-12-13,Riverside,065,2383286,382538,377728,16890,394618,5414
2021-12-13,Sacramento,067,1510023,167712,166439,5096,171535,2392
2021-12-13,San Benito,069,59416,7880,7856,185,8041,79
2021-12-13,San Bernardino,071,2135413,373783,370274,11945,382219,6011
2021-12-13,San Diego,073,3302833,397285,395266,23202,418468,4389
2021-12-13,San Francisco,075,870044,56278,55245,2490,57735,678
2021-12-13,San Joaquin,077,732212,104167,103449,5662,109111,1846
2021-12-13,San Luis Obispo,079,281455,31124,30746,1372,32118,363
2021-12-13,San Mateo,081,765935,56910,55569,1007,56576,580
2021-12-13,Santa Barbara,083,443738,46919,46608,1645,48253,560
2021-12-13,Santa Clara,085,1922200,155228,153672,1738,155410,1944
2021-12-13,Santa Cruz,087,273765,21969,21698,1043,22741,225
2021-12-13,Shasta,089,179085,22877,22731,3732,26463,426
2021-12-13,Sierra,091,2930,201,199,21,220,0
2021-12-13,Siskiyou,093,43540,3495,3426,1371,4797,57
2021-12-13,Solano,095,438530,47750,47045,1370,48415,365
2021-12-13,Sonoma,097,501317,43924,43492,594,44086,407
2021-12-13,Stanislaus,099,539301,82237,82507,9373,91880,1282
2021-12-13,Sutter,101,95872,14412,14408,409,14817,188
2021-12-13,Tehama,103,63373,8883,8800,1549,10349,134
2021-12-13,Trinity,105,12862,912,820,223,1043,17
2021-12-13,Tulare,107,460477,71816,70758,16432,87190,1114
2021-12-13,Tuolumne,109,53932,7831,7804,114,7918,91
2021-12-13,Ventura,111,848112,102135,101180,4507,105687,1197
2021-12-13,Yolo,113,214977,20963,20706,1290,21996,267
2021-12-13,Yuba,115,75493,10652,10570,405,10975,92
2021-12-12,Alameda,001,1643700,124947,124075,2979,127054,1503
2021-12-12,Alpine,003,1148,107,109,0,109,0
2021-12-12,Amador,005,37829,5821,5797,74,5871,69
2021-12-12,Butte,007,227075,22098,21874,4009,25883,326
2021-12-12,Calaveras,009,45235,4538,4501,63,4564,89
2021-12-12,Colusa,011,21464,2644,2627,685,3312,21
2021-12-12,Contra Costa,013,1133247,103650,102976,2373,105349,1065
2021-12-12,Del Norte,015,27424,3806,3793,55,3848,42
2021-12-12,El Dorado,017,186661,17113,16890,1825,18715,170
2021-12-12,Fresno,019,978130,147922,146518,13306,159824,2310
2021-12-12,Glenn,021,27897,3611,3589,1046,4635,37
2021-12-12,Humboldt,023,135768,9912,9804,707,10511,118
2021-12-12,Imperial,025,180216,36364,35926,3833,39759,787
2021-12-12,Inyo,027,18085,2618,2592,41,2633,46
2021-12-12,Kern,029,883053,134317,133314,24333,157647,1861
2021-12-12,Kings,031,150075,33953,33661,2056,35717,372
2021-12-12,Lake,033,64148,7007,6955,163,7118,115
2021-12-12,Lassen,035,31185,7093,7057,427,7484,55
2021-12-12,Los Angeles,037,10098052,1490614,1479054,56986,1536040,27074
2021-12-12,Madera,039,155013,24680,24493,2340,26833,311
2021-12-12,Marin,041,260295,18606,18451,553,19004,249
2021-12-12,Mariposa,043,17540,1477,1461,61,1522,6
2021-12-12,Mendocino,045,87422,8285,8190,687,8877,95
2021-12-12,Merced,047,269075,43865,43821,2185,46006,682
2021-12-12,Modoc,049,8938,596,595,203,798,6
2021-12-12,Mono,051,14174,1959,1947,23,1970,4
2021-12-12,Monterey,053,433212,50518,49192,3348,52540,631
2021-12-12,Napa,055,140530,13586,13508,132,13640,107
2021-12-12,Nevada,057,99092,10024,9938,349,10287,106
2021-12-12,Orange,059,3164182,319180,316918,16447,333365,5825
2021-12-12,Placer,061,380077,39527,39139,3933,43072,481
2021-12-12,Plumas,063,18699,2007,1942,46,1988,12
2021-12-12,Riverside,065,2383286,381862,377467,16864,394331,5414
2021-12-12,Sacramento,067,1510023,167447,166291,5075,171366,2392
2021-12-12,San Benito,069,59416,7860,7853,185,8038,79
2021-12-12,San Bernardino,071,2135413,373141,369977,11921,381898,6011
2021-12-12,San Diego,073,3302833,396391,393307,23164,416471,4378
2021-12-12,San Francisco,075,870044,56023,55180,2478,57658,678
2021-12-12,San Joaquin,077,732212,104028,103405,5652,109057,1846
2021-12-12,San Luis Obispo,079,281455,31071,30719,1370,32089,363
2021-12-12,San Mateo,081,765935,56794,55505,1003,56508,580
2021-12-12,Santa Barbara,083,443738,46844,46586,1643,48229,560
2021-12-12,Santa Clara,085,1922200,154948,153452,1724,155176,1945
2021-12-12,Santa Cruz,087,273765,21920,21671,1041,22712,225
2021-12-12,Shasta,089,179085,22849,22732,3731,26463,426
2021-12-12,Sierra,091,2930,201,199,21,220,0
2021-12-12,Siskiyou,093,43540,3495,3424,1371,4795,57
2021-12-12,Solano,095,438530,47684,47021,1366,48387,365
2021-12-12,Sonoma,097,501317,43831,43424,591,44015,407
2021-12-12,Stanislaus,099,539301,82139,82460,9360,91820,1282
2021-12-12,Sutter,101,95872,14401,14396,409,14805,189
2021-12-12,Tehama,103,63373,8872,8796,1547,10343,134
2021-12-12,Trinity,105,12862,910,820,223,1043,17
2021-12-12,Tulare,107,460477,71739,70733,16390,87123,1115
2021-12-12,Tuolumne,109,53932,7814,7794,114,7908,91
2021-12-12,Ventura,111,848112,101942,101105,4493,105598,1197
2021-12-12,Yolo,113,214977,20913,20685,1279,21964,267
2021-12-12,Yuba,115,75493,10638,10565,402,10967,92
2021-12-11,Alameda,001,1643700,124809,123572,2977,126549,1496
2021-12-11,Alpine,003,1148,107,109,0,109,0
2021-12-11,Amador,005,37829,5816,5787,74,5861,69
2021-12-11,Butte,007,227075,22084,21819,4008,25827,326
2021-12-11,Calaveras,009,45235,4530,4469,62,4531,89
2021-12-11,Colusa,011,21464,2640,2619,684,3303,21
2021-12-11,Contra Costa,013,1133247,103564,102618,2371,104989,1061
2021-12-11,Del Norte,015,27424,3806,3778,55,3833,42
2021-12-11,El Dorado,017,186661,17093,16796,1824,18620,170
2021-12-11,Fresno,019,978130,147834,145988,13297,159285,2294
2021-12-11,Glenn,021,27897,3610,3585,1046,4631,37
2021-12-11,Humboldt,023,135768,9895,9721,704,10425,118
2021-12-11,Imperial,025,180216,36306,35635,3823,39458,782
2021-12-11,Inyo,027,18085,2613,2576,41,2617,46
2021-12-11,Kern,029,883053,134248,132852,24298,157150,1854
2021-12-11,Kings,031,150075,33940,33530,2054,35584,371
2021-12-11,Lake,033,64148,7006,6932,161,7093,114
2021-12-11,Lassen,035,31185,7092,7049,427,7476,55
2021-12-11,Los Angeles,037,10098052,1489399,1474030,56894,1530924,27031
2021-12-11,Madera,039,155013,24674,24417,2339,26756,311
2021-12-11,Marin,041,260295,18573,18339,550,18889,249
2021-12-11,Mariposa,043,17540,1476,1450,61,1511,6
2021-12-11,Mendocino,045,87422,8278,8130,687,8817,95
2021-12-11,Merced,047,269075,43846,43690,2184,45874,681
2021-12-11,Modoc,049,8938,596,594,203,797,6
2021-12-11,Mono,051,14174,1955,1926,23,1949,4
2021-12-11,Monterey,053,433212,50490,49008,3345,52353,631
2021-12-11,Napa,055,140530,13569,13459,132,13591,107
2021-12-11,Nevada,057,99092,10011,9880,349,10229,106
2021-12-11,Orange,059,3164182,318929,315759,16420,332179,5805
2021-12-11,Placer,061,380077,39469,38959,3926,42885,481
2021-12-11,Plumas,063,18699,2001,1934,46,1980,12
2021-12-11,Riverside,065,2383286,381442,375649,16849,392498,5408
2021-12-11,Sacramento,067,1510023,167317,165530,5065,170595,2386
2021-12-11,San Benito,069,59416,7846,7808,185,7993,79
2021-12-11,San Bernardino,071,2135413,372779,368145,11911,380056,6007
2021-12-11,San Diego,073,3302833,395971,392274,23126,415400,4374
2021-12-11,San Francisco,075,870044,55870,54869,2473,57342,678
2021-12-11,San Joaquin,077,732212,103967,103013,5648,108661,1842
2021-12-11,San Luis Obispo,079,281455,31049,30567,1366,31933,362
2021-12-11,San Mateo,081,765935,56715,55284,1001,56285,580
2021-12-11,Santa Barbara,083,443738,46809,46309,1643,47952,559
2021-12-11,Santa Clara,085,1922200,154750,152846,1712,154558,1941
2021-12-11,Santa Cruz,087,273765,21896,21557,1041,22598,225
2021-12-11,Shasta,089,179085,22834,22660,3727,26387,419
2021-12-11,Sierra,091,2930,201,199,21,220,0
2021-12-11,Siskiyou,093,43540,3489,3418,1368,4786,57
2021-12-11,Solano,095,438530,47655,46891,1362,48253,365
2021-12-11,Sonoma,097,501317,43783,43227,591,43818,407
2021-12-11,Stanislaus,099,539301,82090,82133,9351,91484,1264
2021-12-11,Sutter,101,95872,14392,14354,409,14763,187
2021-12-11,Tehama,103,63373,8869,8776,1545,10321,134
2021-12-11,Trinity,105,12862,910,819,223,1042,17
2021-12-11,Tulare,107,460477,71695,70523,16380,86903,1103
2021-12-11,Tuolumne,109,53932,7805,7760,114,7874,91
2021-12-11,Ventura,111,848112,101867,100711,4486,105197,1195
2021-12-11,Yolo,113,214977,20894,20608,1275,21883,267
2021-12-11,Yuba,115,75493,10626,10519,401,10920,92
2021-12-10,Alameda,001,1643700,124683,123572,2970,126542,1496
2021-12-10,Alpine,003,1148,106,109,0,109,0
2021-12-10,Amador,005,37829,5809,5787,74,5861,69
2021-12-10,Butte,007,227075,22071,21819,4006,25825,326
2021-12-10,Calaveras,009,45235,4527,4469,62,4531,89
2021-12-10,Colusa,011,21464,2639,2619,684,3303,21
2021-12-10,Contra Costa,013,1133247,103468,102618,2370,104988,1061
2021-12-10,Del Norte,015,27424,3806,3778,55,3833,42
2021-12-10,El Dorado,017,186661,17080,16796,1824,18620,170
2021-12-10,Fresno,019,978130,147746,145988,13286,159274,2294
2021-12-10,Glenn,021,27897,3610,3585,1046,4631,37
2021-12-10,Humboldt,023,135768,9878,9721,702,10423,118
2021-12-10,Imperial,025,180216,36251,35635,3808,39443,782
2021-12-10,Inyo,027,18085,2610,2576,41,2617,46
2021-12-10,Kern,029,883053,134159,132852,24274,157126,1854
2021-12-10,Kings,031,150075,33925,33530,2052,35582,371
2021-12-10,Lake,033,64148,6999,6932,161,7093,114
2021-12-10,Lassen,035,31185,7091,7049,427,7476,55
2021-12-10,Los Angeles,037,10098052,1488306,1474030,56807,1530837,27031
2021-12-10,Madera,039,155013,24656,24417,2337,26754,311
2021-12-10,Marin,041,260295,18551,18339,550,18889,249
2021-12-10,Mariposa,043,17540,1473,1450,61,1511,6
2021-12-10,Mendocino,045,87422,8271,8130,686,8816,95
2021-12-10,Merced,047,269075,43828,43690,2182,45872,681
2021-12-10,Modoc,049,8938,596,594,203,797,6
2021-12-10,Mono,051,14174,1952,1926,23,1949,4
2021-12-10,Monterey,053,433212,50453,49008,3339,52347,631
2021-12-10,Napa,055,140530,13557,13459,131,13590,107
2021-12-10,Nevada,057,99092,10002,9880,349,10229,106
2021-12-10,Orange,059,3164182,318657,315759,16388,332147,5805
2021-12-10,Placer,061,380077,39426,38959,3923,42882,481
2021-12-10,Plumas,063,18699,1999,1934,46,1980,12
2021-12-10,Riverside,065,2383286,381035,375649,16839,392488,5408
2021-12-10,Sacramento,067,1510023,167164,165530,5063,170593,2386
2021-12-10,San Benito,069,59416,7842,7808,185,7993,79
2021-12-10,San Bernardino,071,2135413,372408,368145,11888,380033,6007
2021-12-10,San Diego,073,3302833,395491,392274,23112,415386,4374
2021-12-10,San Francisco,075,870044,55785,54869,2467,57336,678
2021-12-10,San Joaquin,077,732212,103912,103013,5644,108657,1842
2021-12-10,San Luis Obispo,079,281455,31039,30567,1363,31930,362
2021-12-10,San Mateo,081,765935,56658,55284,998,56282,580
2021-12-10,Santa Barbara,083,443738,46773,46309,1642,47951,559
2021-12-10,Santa Clara,085,1922200,154580,152846,1699,154545,1941
2021-12-10,Santa Cruz,087,273765,21876,21557,1040,22597,225
2021-12-10,Shasta,089,179085,22823,22660,3724,26384,419
2021-12-10,Sierra,091,2930,201,199,21,220,0
2021-12-10,Siskiyou,093,43540,3482,3418,1368,4786,57
2021-12-10,Solano,095,438530,47613,46891,1358,48249,365
2021-12-10,Sonoma,097,501317,43749,43227,590,43817,407
2021-12-10,Stanislaus,099,539301,82024,82133,9345,91478,1264
2021-12-10,Sutter,101,95872,14384,14354,409,14763,187
2021-12-10,Tehama,103,63373,8867,8776,1543,10319,134
2021-12-10,Trinity,105,12862,910,819,223,1042,17
2021-12-10,Tulare,107,460477,71666,70523,16356,86879,1103
2021-12-10,Tuolumne,109,53932,7799,7760,114,7874,91
2021-12-10,Ventura,111,848112,101763,100711,4483,105194,1195
2021-12-10,Yolo,113,214977,20880,20608,1273,21881,267
2021-12-10,Yuba,115,75493,10614,10519,400,10919,92
2021-12-09,Alameda,001,1643700,124538,123572,2965,126537,1496
2021-12-09,Alpine,003,1148,106,109,0,109,0
2021-12-09,Amador,005,37829,5806,5787,73,5860,69
2021-12-09,Butte,007,227075,22051,21819,4002,25821,326
2021-12-09,Calaveras,009,45235,4518,4469,62,4531,89
2021-12-09,Colusa,011,21464,2637,2619,684,3303,21
2021-12-09,Contra Costa,013,1133247,103349,102618,2364,104982,1061
2021-12-09,Del Norte,015,27424,3805,3778,55,3833,42
2021-12-09,El Dorado,017,186661,17052,16796,1819,18615,170
2021-12-09,Fresno,019,978130,147600,145988,13274,159262,2294
2021-12-09,Glenn,021,27897,3610,3585,1046,4631,37
2021-12-09,Humboldt,023,135768,9855,9721,701,10422,118
2021-12-09,Imperial,025,180216,36180,35635,3778,39413,782
2021-12-09,Inyo,027,18085,2608,2576,41,2617,46
2021-12-09,Kern,029,883053,134033,132852,24241,157093,1854
2021-12-09,Kings,031,150075,33897,33530,2049,35579,371
2021-12-09,Lake,033,64148,6991,6932,161,7093,114
2021-12-09,Lassen,035,31185,7089,7049,427,7476,55
2021-12-09,Los Angeles,037,10098052,1486770,1474030,56721,1530751,27031
2021-12-09,Madera,039,155013,24631,24417,2334,26751,311
2021-12-09,Marin,041,260295,18537,18339,548,18887,249
2021-12-09,Mariposa,043,17540,1472,1450,61,1511,6
2021-12-09,Mendocino,045,87422,8258,8130,683,8813,95
2021-12-09,Merced,047,269075,43790,43690,2170,45860,681
2021-12-09,Modoc,049,8938,596,594,203,797,6
2021-12-09,Mono,051,14174,1948,1926,23,1949,4
2021-12-09,Monterey,053,433212,50406,49008,3328,52336,631
2021-12-09,Napa,055,140530,13537,13459,127,13586,107
2021-12-09,Nevada,057,99092,9983,9880,349,10229,106
2021-12-09,Orange,059,3164182,318324,315759,16349,332108,5805
2021-12-09,Placer,061,380077,39382,38959,3910,42869,481
2021-12-09,Plumas,063,18699,1991,1934,46,1980,12
2021-12-09,Riverside,065,2383286,380485,375649,16823,392472,5408
2021-12-09,Sacramento,067,1510023,166945,165530,5048,170578,2386
2021-12-09,San Benito,069,59416,7830,7808,184,7992,79
2021-12-09,San Bernardino,071,2135413,371898,368145,11864,380009,6007
2021-12-09,San Diego,073,3302833,394846,392274,23082,415356,4374
2021-12-09,San Francisco,075,870044,55700,54869,2460,57329,678
2021-12-09,San Joaquin,077,732212,103820,103013,5638,108651,1842
2021-12-09,San Luis Obispo,079,281455,31011,30567,1361,31928,362
2021-12-09,San Mateo,081,765935,56570,55284,996,56280,580
2021-12-09,Santa Barbara,083,443738,46693,46309,1636,47945,559
2021-12-09,Santa Clara,085,1922200,154365,152846,1688,154534,1941
2021-12-09,Santa Cruz,087,273765,21848,21557,1040,22597,225
2021-12-09,Shasta,089,179085,22807,22660,3723,26383,419
2021-12-09,Sierra,091,2930,201,199,21,220,0
2021-12-09,Siskiyou,093,43540,3478,3418,1367,4785,57
2021-12-09,Solano,095,438530,47576,46891,1356,48247,365
2021-12-09,Sonoma,097,501317,43692,43227,589,43816,407
2021-12-09,Stanislaus,099,539301,81954,82133,9330,91463,1264
2021-12-09,Sutter,101,95872,14369,14354,409,14763,187
2021-12-09,Tehama,103,63373,8860,8776,1541,10317,134
2021-12-09,Trinity,105,12862,910,819,223,1042,17
2021-12-09,Tulare,107,460477,71610,70523,16327,86850,1103
2021-12-09,Tuolumne,109,53932,7788,7760,114,7874,91
2021-12-09,Ventura,111,848112,101618,100711,4471,105182,1195
2021-12-09,Yolo,113,214977,20857,20608,1265,21873,267
2021-12-09,Yuba,115,75493,10606,10519,397,10916,92
2021-12-08,Alameda,001,1643700,124387,123438,2955,126393,1496
2021-12-08,Alpine,003,1148,106,108,0,108,0
2021-12-08,Amador,005,37829,5801,5781,73,5854,69
2021-12-08,Butte,007,227075,22034,21780,3999,25779,326
2021-12-08,Calaveras,009,45235,4510,4455,62,4517,89
2021-12-08,Colusa,011,21464,2634,2619,683,3302,21
2021-12-08,Contra Costa,013,1133247,103220,102506,2363,104869,1058
2021-12-08,Del Norte,015,27424,3804,3767,55,3822,42
2021-12-08,El Dorado,017,186661,17020,16757,1819,18576,170
2021-12-08,Fresno,019,978130,147439,145830,13260,159090,2293
2021-12-08,Glenn,021,27897,3610,3584,1042,4626,37
2021-12-08,Humboldt,023,135768,9833,9704,699,10403,117
2021-12-08,Imperial,025,180216,36100,35537,3747,39284,782
2021-12-08,Inyo,027,18085,2605,2570,41,2611,46
2021-12-08,Kern,029,883053,133910,132709,24193,156902,1846
2021-12-08,Kings,031,150075,33862,33468,2048,35516,371
2021-12-08,Lake,033,64148,6985,6927,160,7087,114
2021-12-08,Lassen,035,31185,7088,7041,425,7466,55
2021-12-08,Los Angeles,037,10098052,1485218,1472410,56610,1529020,27018
2021-12-08,Madera,039,155013,24610,24396,2327,26723,311
2021-12-08,Marin,041,260295,18516,18305,545,18850,249
2021-12-08,Mariposa,043,17540,1469,1447,61,1508,6
2021-12-08,Mendocino,045,87422,8245,8118,682,8800,95
2021-12-08,Merced,047,269075,43758,43631,2163,45794,680
2021-12-08,Modoc,049,8938,596,594,203,797,6
2021-12-08,Mono,051,14174,1942,1924,23,1947,4
2021-12-08,Monterey,053,433212,50341,48957,3313,52270,631
2021-12-08,Napa,055,140530,13523,13421,127,13548,107
2021-12-08,Nevada,057,99092,9967,9862,349,10211,106
2021-12-08,Orange,059,3164182,317975,315421,16312,331733,5795
2021-12-08,Placer,061,380077,39331,38934,3906,42840,478
2021-12-08,Plumas,063,18699,1989,1924,46,1970,12
2021-12-08,Riverside,065,2383286,379972,375099,16800,391899,5404
2021-12-08,Sacramento,067,1510023,166691,165278,5021,170299,2373
2021-12-08,San Benito,069,59416,7821,7793,184,7977,79
2021-12-08,San Bernardino,071,2135413,371420,367516,11838,379354,6006
2021-12-08,San Diego,073,3302833,394197,391676,23050,414726,4369
2021-12-08,San Francisco,075,870044,55613,54792,2452,57244,677
2021-12-08,San Joaquin,077,732212,103718,102877,5629,108506,1841
2021-12-08,San Luis Obispo,079,281455,30963,30519,1356,31875,361
2021-12-08,San Mateo,081,765935,56503,55220,990,56210,580
2021-12-08,Santa Barbara,083,443738,46638,46250,1633,47883,558
2021-12-08,Santa Clara,085,1922200,154201,152674,1677,154351,1937
2021-12-08,Santa Cruz,087,273765,21802,21505,1038,22543,224
2021-12-08,Shasta,089,179085,22787,22616,3717,26333,419
2021-12-08,Sierra,091,2930,201,199,21,220,0
2021-12-08,Siskiyou,093,43540,3477,3415,1365,4780,57
2021-12-08,Solano,095,438530,47546,46837,1355,48192,365
2021-12-08,Sonoma,097,501317,43630,43179,588,43767,405
2021-12-08,Stanislaus,099,539301,81872,82038,9317,91355,1264
2021-12-08,Sutter,101,95872,14353,14336,407,14743,187
2021-12-08,Tehama,103,63373,8851,8768,1541,10309,133
2021-12-08,Trinity,105,12862,910,818,223,1041,17
2021-12-08,Tulare,107,460477,71547,70472,16302,86774,1102
2021-12-08,Tuolumne,109,53932,7775,7749,114,7863,91
2021-12-08,Ventura,111,848112,101489,100647,4468,105115,1194
2021-12-08,Yolo,113,214977,20831,20575,1259,21834,267
2021-12-08,Yuba,115,75493,10592,10499,394,10893,92
2021-12-07,Alameda,001,1643700,124211,123325,2947,126272,1497
2021-12-07,Alpine,003,1148,106,108,0,108,0
2021-12-07,Amador,005,37829,5798,5778,72,5850,69
2021-12-07,Butte,007,227075,22009,21761,3994,25755,324
2021-12-07,Calaveras,009,45235,4493,4445,62,4507,88
2021-12-07,Colusa,011,21464,2632,2619,683,3302,21
2021-12-07,Contra Costa,013,1133247,103100,102421,2355,104776,1058
2021-12-07,Del Norte,015,27424,3803,3766,55,3821,42
2021-12-07,El Dorado,017,186661,16995,16742,1816,18558,170
2021-12-07,Fresno,019,978130,147291,145715,13245,158960,2289
2021-12-07,Glenn,021,27897,3609,3579,1042,4621,36
2021-12-07,Humboldt,023,135768,9807,9693,694,10387,117
2021-12-07,Imperial,025,180216,36022,35502,3726,39228,778
2021-12-07,Inyo,027,18085,2602,2567,41,2608,46
2021-12-07,Kern,029,883053,133750,132564,24140,156704,1838
2021-12-07,Kings,031,150075,33830,33441,2045,35486,372
2021-12-07,Lake,033,64148,6980,6925,160,7085,113
2021-12-07,Lassen,035,31185,7086,7040,424,7464,55
2021-12-07,Los Angeles,037,10098052,1483432,1470904,56509,1527413,27007
2021-12-07,Madera,039,155013,24587,24367,2320,26687,311
2021-12-07,Marin,041,260295,18483,18284,539,18823,249
2021-12-07,Mariposa,043,17540,1467,1446,61,1507,6
2021-12-07,Mendocino,045,87422,8226,8107,682,8789,95
2021-12-07,Merced,047,269075,43717,43600,2156,45756,675
2021-12-07,Modoc,049,8938,596,594,202,796,6
2021-12-07,Mono,051,14174,1940,1921,23,1944,4
2021-12-07,Monterey,053,433212,50258,48880,3296,52176,631
2021-12-07,Napa,055,140530,13505,13409,127,13536,107
2021-12-07,Nevada,057,99092,9952,9858,348,10206,105
2021-12-07,Orange,059,3164182,317642,315138,16263,331401,5784
2021-12-07,Placer,061,380077,39254,38860,3902,42762,474
2021-12-07,Plumas,063,18699,1985,1915,46,1961,12
2021-12-07,Riverside,065,2383286,379439,374552,16784,391336,5397
2021-12-07,Sacramento,067,1510023,166444,165148,5007,170155,2375
2021-12-07,San Benito,069,59416,7804,7776,184,7960,78
2021-12-07,San Bernardino,071,2135413,370836,366981,11820,378801,6007
2021-12-07,San Diego,073,3302833,393355,391110,23012,414122,4357
2021-12-07,San Francisco,075,870044,55503,54729,2447,57176,676
2021-12-07,San Joaquin,077,732212,103600,102797,5617,108414,1839
2021-12-07,San Luis Obispo,079,281455,30923,30495,1354,31849,361
2021-12-07,San Mateo,081,765935,56411,55163,984,56147,580
2021-12-07,Santa Barbara,083,443738,46566,46205,1631,47836,556
2021-12-07,Santa Clara,085,1922200,154015,152465,1668,154133,1941
2021-12-07,Santa Cruz,087,273765,21755,21493,1038,22531,224
2021-12-07,Shasta,089,179085,22765,22594,3714,26308,418
2021-12-07,Sierra,091,2930,201,199,21,220,0
2021-12-07,Siskiyou,093,43540,3475,3412,1365,4777,57
2021-12-07,Solano,095,438530,47506,46812,1353,48165,365
2021-12-07,Sonoma,097,501317,43556,43154,587,43741,405
2021-12-07,Stanislaus,099,539301,81795,81980,9306,91286,1258
2021-12-07,Sutter,101,95872,14345,14322,406,14728,186
2021-12-07,Tehama,103,63373,8843,8765,1540,10305,133
2021-12-07,Trinity,105,12862,910,818,223,1041,17
2021-12-07,Tulare,107,460477,71491,70411,16273,86684,1103
2021-12-07,Tuolumne,109,53932,7767,7743,114,7857,91
2021-12-07,Ventura,111,848112,101392,100569,4458,105027,1194
2021-12-07,Yolo,113,214977,20805,20560,1256,21816,263
2021-12-07,Yuba,115,75493,10574,10491,393,10884,91
2021-12-06,Alameda,001,1643700,124046,123227,2944,126171,1496
2021-12-06,Alpine,003,1148,106,108,0,108,0
2021-12-06,Amador,005,37829,5791,5769,71,5840,67
2021-12-06,Butte,007,227075,21991,21732,3991,25723,321
2021-12-06,Calaveras,009,45235,4486,4443,62,4505,88
2021-12-06,Colusa,011,21464,2631,2615,679,3294,21
2021-12-06,Contra Costa,013,1133247,102979,102327,2351,104678,1058
2021-12-06,Del Norte,015,27424,3801,3744,55,3799,42
2021-12-06,El Dorado,017,186661,16970,16726,1814,18540,168
2021-12-06,Fresno,019,978130,147093,145539,13235,158774,2285
2021-12-06,Glenn,021,27897,3606,3577,1041,4618,36
2021-12-06,Humboldt,023,135768,9787,9671,687,10358,117
2021-12-06,Imperial,025,180216,35941,35453,3708,39161,778
2021-12-06,Inyo,027,18085,2596,2562,40,2602,46
2021-12-06,Kern,029,883053,133563,132366,24083,156449,1835
2021-12-06,Kings,031,150075,33797,33399,2040,35439,368
2021-12-06,Lake,033,64148,6976,6922,160,7082,113
2021-12-06,Lassen,035,31185,7081,7032,422,7454,51
2021-12-06,Los Angeles,037,10098052,1481767,1470059,56417,1526476,26993
2021-12-06,Madera,039,155013,24560,24334,2317,26651,307
2021-12-06,Marin,041,260295,18455,18252,537,18789,249
2021-12-06,Mariposa,043,17540,1464,1443,61,1504,6
2021-12-06,Mendocino,045,87422,8213,8079,678,8757,95
2021-12-06,Merced,047,269075,43677,43549,2146,45695,672
2021-12-06,Modoc,049,8938,596,593,202,795,6
2021-12-06,Mono,051,14174,1935,1913,23,1936,4
2021-12-06,Monterey,053,433212,50181,48831,3277,52108,626
2021-12-06,Napa,055,140530,13482,13387,125,13512,107
2021-12-06,Nevada,057,99092,9924,9847,347,10194,105
2021-12-06,Orange,059,3164182,317261,314859,16221,331080,5771
2021-12-06,Placer,061,380077,39196,38785,3897,42682,473
2021-12-06,Plumas,063,18699,1977,1913,46,1959,10
2021-12-06,Riverside,065,2383286,378914,374116,16770,390886,5388
2021-12-06,Sacramento,067,1510023,166167,164926,4986,169912,2367
2021-12-06,San Benito,069,59416,7788,7755,184,7939,78
2021-12-06,San Bernardino,071,2135413,370276,366606,11793,378399,5998
2021-12-06,San Diego,073,3302833,392510,390389,22967,413356,4352
2021-12-06,San Francisco,075,870044,55395,54659,2442,57101,674
2021-12-06,San Joaquin,077,732212,103472,102728,5610,108338,1837
2021-12-06,San Luis Obispo,079,281455,30886,30464,1352,31816,361
2021-12-06,San Mateo,081,765935,56337,55112,981,56093,580
2021-12-06,Santa Barbara,083,443738,46473,46146,1630,47776,556
2021-12-06,Santa Clara,085,1922200,153806,152310,1651,153961,1937
2021-12-06,Santa Cruz,087,273765,21720,21450,1035,22485,224
2021-12-06,Shasta,089,179085,22742,22556,3706,26262,416
2021-12-06,Sierra,091,2930,200,198,21,219,0
2021-12-06,Siskiyou,093,43540,3473,3409,1360,4769,57
2021-12-06,Solano,095,438530,47461,46748,1352,48100,360
2021-12-06,Sonoma,097,501317,43486,43114,579,43693,405
2021-12-06,Stanislaus,099,539301,81701,81889,9272,91161,1241
2021-12-06,Sutter,101,95872,14333,14319,406,14725,186
2021-12-06,Tehama,103,63373,8835,8760,1540,10300,133
2021-12-06,Trinity,105,12862,910,815,222,1037,17
2021-12-06,Tulare,107,460477,71414,70285,16234,86519,1101
2021-12-06,Tuolumne,109,53932,7753,7726,114,7840,91
2021-12-06,Ventura,111,848112,101290,100426,4450,104876,1194
2021-12-06,Yolo,113,214977,20781,20548,1255,21803,263
2021-12-06,Yuba,115,75493,10559,10480,388,10868,91
2021-12-05,Alameda,001,1643700,123861,123104,2937,126041,1496
2021-12-05,Alpine,003,1148,105,108,0,108,0
2021-12-05,Amador,005,37829,5788,5761,71,5832,67
2021-12-05,Butte,007,227075,21958,21720,3985,25705,320
2021-12-05,Calaveras,009,45235,4469,4434,62,4496,88
2021-12-05,Colusa,011,21464,2630,2615,678,3293,21
2021-12-05,Contra Costa,013,1133247,102848,102251,2341,104592,1058
2021-12-05,Del Norte,015,27424,3799,3751,55,3806,42
2021-12-05,El Dorado,017,186661,16932,16717,1808,18525,168
2021-12-05,Fresno,019,978130,146919,145452,13214,158666,2284
2021-12-05,Glenn,021,27897,3604,3577,1040,4617,36
2021-12-05,Humboldt,023,135768,9757,9662,684,10346,117
2021-12-05,Imperial,025,180216,35847,35422,3679,39101,778
2021-12-05,Inyo,027,18085,2589,2559,40,2599,46
2021-12-05,Kern,029,883053,133399,132286,24031,156317,1833
2021-12-05,Kings,031,150075,33734,33360,2040,35400,369
2021-12-05,Lake,033,64148,6971,6919,159,7078,113
2021-12-05,Lassen,035,31185,7079,7031,422,7453,51
2021-12-05,Los Angeles,037,10098052,1479920,1468937,56278,1525215,26991
2021-12-05,Madera,039,155013,24519,24311,2314,26625,307
2021-12-05,Marin,041,260295,18408,18216,529,18745,249
2021-12-05,Mariposa,043,17540,1461,1440,60,1500,6
2021-12-05,Mendocino,045,87422,8194,8069,672,8741,95
2021-12-05,Merced,047,269075,43632,43534,2137,45671,672
2021-12-05,Modoc,049,8938,596,593,202,795,6
2021-12-05,Mono,051,14174,1928,1907,23,1930,4
2021-12-05,Monterey,053,433212,50109,48813,3245,52058,626
2021-12-05,Napa,055,140530,13456,13382,122,13504,107
2021-12-05,Nevada,057,99092,9903,9827,347,10174,105
2021-12-05,Orange,059,3164182,316826,314560,16178,330738,5771
2021-12-05,Placer,061,380077,39138,38738,3888,42626,473
2021-12-05,Plumas,063,18699,1973,1913,45,1958,9
2021-12-05,Riverside,065,2383286,378257,373827,16740,390567,5388
2021-12-05,Sacramento,067,1510023,165862,164721,4968,169689,2367
2021-12-05,San Benito,069,59416,7771,7748,183,7931,78
2021-12-05,San Bernardino,071,2135413,369570,366282,11746,378028,5998
2021-12-05,San Diego,073,3302833,391716,387979,22918,410897,4351
2021-12-05,San Francisco,075,870044,55294,54603,2440,57043,674
2021-12-05,San Joaquin,077,732212,103331,102698,5605,108303,1837
2021-12-05,San Luis Obispo,079,281455,30816,30454,1349,31803,360
2021-12-05,San Mateo,081,765935,56248,55050,971,56021,580
2021-12-05,Santa Barbara,083,443738,46390,46097,1622,47719,555
2021-12-05,Santa Clara,085,1922200,153553,152114,1632,153746,1933
2021-12-05,Santa Cruz,087,273765,21670,21424,1035,22459,224
2021-12-05,Shasta,089,179085,22685,22550,3705,26255,416
2021-12-05,Sierra,091,2930,200,198,21,219,0
2021-12-05,Siskiyou,093,43540,3471,3409,1359,4768,57
2021-12-05,Solano,095,438530,47398,46715,1350,48065,360
2021-12-05,Sonoma,097,501317,43409,43038,574,43612,405
2021-12-05,Stanislaus,099,539301,81568,81847,9262,91109,1241
2021-12-05,Sutter,101,95872,14310,14303,401,14704,186
2021-12-05,Tehama,103,63373,8827,8755,1539,10294,133
2021-12-05,Trinity,105,12862,909,815,222,1037,17
2021-12-05,Tulare,107,460477,71333,70254,16186,86440,1102
2021-12-05,Tuolumne,109,53932,7740,7718,114,7832,91
2021-12-05,Ventura,111,848112,101154,100367,4437,104804,1194
2021-12-05,Yolo,113,214977,20739,20512,1253,21765,263
2021-12-05,Yuba,115,75493,10546,10467,381,10848,91
2021-12-04,Alameda,001,1643700,123747,122508,2933,125441,1494
2021-12-04,Alpine,003,1148,105,108,0,108,0
2021-12-04,Amador,005,37829,5785,5729,71,5800,67
2021-12-04,Butte,007,227075,21939,21638,3981,25619,318
2021-12-04,Calaveras,009,45235,4461,4392,61,4453,88
2021-12-04,Colusa,011,21464,2630,2600,676,3276,21
2021-12-04,Contra Costa,013,1133247,102776,101824,2335,104159,1056
2021-12-04,Del Norte,015,27424,3796,3726,55,3781,42
2021-12-04,El Dorado,017,186661,16923,16621,1807,18428,168
2021-12-04,Fresno,019,978130,146830,144734,13205,157939,2270
2021-12-04,Glenn,021,27897,3604,3559,1040,4599,36
2021-12-04,Humboldt,023,135768,9742,9596,680,10276,117
2021-12-04,Imperial,025,180216,35794,35206,3666,38872,776
2021-12-04,Inyo,027,18085,2584,2538,40,2578,46
2021-12-04,Kern,029,883053,133319,131771,24008,155779,1817
2021-12-04,Kings,031,150075,33710,33183,2039,35222,367
2021-12-04,Lake,033,64148,6962,6903,159,7062,113
2021-12-04,Lassen,035,31185,7078,7014,420,7434,51
2021-12-04,Los Angeles,037,10098052,1479043,1463270,56201,1519471,26952
2021-12-04,Madera,039,155013,24505,24188,2310,26498,307
2021-12-04,Marin,041,260295,18387,18075,528,18603,249
2021-12-04,Mariposa,043,17540,1457,1421,60,1481,6
2021-12-04,Mendocino,045,87422,8189,7981,672,8653,91
2021-12-04,Merced,047,269075,43605,43337,2135,45472,671
2021-12-04,Modoc,049,8938,596,591,202,793,6
2021-12-04,Mono,051,14174,1928,1883,23,1906,4
2021-12-04,Monterey,053,433212,50077,48682,3238,51920,626
2021-12-04,Napa,055,140530,13446,13327,121,13448,106
2021-12-04,Nevada,057,99092,9895,9752,347,10099,105
2021-12-04,Orange,059,3164182,316595,313112,16152,329264,5748
2021-12-04,Placer,061,380077,39098,38460,3882,42342,473
2021-12-04,Plumas,063,18699,1970,1903,45,1948,7
2021-12-04,Riverside,065,2383286,377898,371768,16734,388502,5381
2021-12-04,Sacramento,067,1510023,165718,163900,4960,168860,2365
2021-12-04,San Benito,069,59416,7745,7688,183,7871,78
2021-12-04,San Bernardino,071,2135413,369179,364154,11733,375887,5983
2021-12-04,San Diego,073,3302833,391236,386710,22888,409598,4350
2021-12-04,San Francisco,075,870044,55226,54286,2437,56723,674
2021-12-04,San Joaquin,077,732212,103277,102286,5603,107889,1835
2021-12-04,San Luis Obispo,079,281455,30795,30318,1345,31663,360
2021-12-04,San Mateo,081,765935,56199,54774,968,55742,579
2021-12-04,Santa Barbara,083,443738,46345,45774,1622,47396,555
2021-12-04,Santa Clara,085,1922200,153399,151275,1618,152893,1928
2021-12-04,Santa Cruz,087,273765,21644,21286,1034,22320,224
2021-12-04,Shasta,089,179085,22668,22418,3703,26121,414
2021-12-04,Sierra,091,2930,200,196,21,217,0
2021-12-04,Siskiyou,093,43540,3469,3398,1359,4757,57
2021-12-04,Solano,095,438530,47378,46529,1349,47878,360
2021-12-04,Sonoma,097,501317,43364,42778,571,43349,405
2021-12-04,Stanislaus,099,539301,81497,81462,9255,90717,1231
2021-12-04,Sutter,101,95872,14302,14258,400,14658,186
2021-12-04,Tehama,103,63373,8825,8742,1539,10281,131
2021-12-04,Trinity,105,12862,908,801,222,1023,17
2021-12-04,Tulare,107,460477,71295,70014,16158,86172,1100
2021-12-04,Tuolumne,109,53932,7735,7676,114,7790,91
2021-12-04,Ventura,111,848112,101063,99751,4433,104184,1192
2021-12-04,Yolo,113,214977,20716,20442,1250,21692,261
2021-12-04,Yuba,115,75493,10535,10418,380,10798,91
2021-12-03,Alameda,001,1643700,123655,122508,2923,125431,1494
2021-12-03,Alpine,003,1148,105,108,0,108,0
2021-12-03,Amador,005,37829,5780,5729,70,5799,67
2021-12-03,Butte,007,227075,21926,21638,3976,25614,318
2021-12-03,Calaveras,009,45235,4452,4392,61,4453,88
2021-12-03,Colusa,011,21464,2628,2600,676,3276,21
2021-12-03,Contra Costa,013,1133247,102703,101824,2329,104153,1056
2021-12-03,Del Norte,015,27424,3794,3726,55,3781,42
2021-12-03,El Dorado,017,186661,16893,16621,1805,18426,168
2021-12-03,Fresno,019,978130,146716,144734,13202,157936,2270
2021-12-03,Glenn,021,27897,3603,3559,1039,4598,36
2021-12-03,Humboldt,023,135768,9725,9596,678,10274,117
2021-12-03,Imperial,025,180216,35752,35206,3636,38842,776
2021-12-03,Inyo,027,18085,2577,2538,40,2578,46
2021-12-03,Kern,029,883053,133247,131771,23973,155744,1817
2021-12-03,Kings,031,150075,33683,33183,2039,35222,367
2021-12-03,Lake,033,64148,6962,6903,159,7062,113
2021-12-03,Lassen,035,31185,7076,7014,419,7433,51
2021-12-03,Los Angeles,037,10098052,1478101,1463270,56121,1519391,26952
2021-12-03,Madera,039,155013,24479,24188,2306,26494,307
2021-12-03,Marin,041,260295,18354,18075,524,18599,249
2021-12-03,Mariposa,043,17540,1455,1421,60,1481,6
2021-12-03,Mendocino,045,87422,8182,7981,672,8653,91
2021-12-03,Merced,047,269075,43582,43337,2132,45469,671
2021-12-03,Modoc,049,8938,596,591,202,793,6
2021-12-03,Mono,051,14174,1922,1883,23,1906,4
2021-12-03,Monterey,053,433212,50038,48682,3227,51909,626
2021-12-03,Napa,055,140530,13434,13327,121,13448,106
2021-12-03,Nevada,057,99092,9884,9752,347,10099,105
2021-12-03,Orange,059,3164182,316324,313112,16120,329232,5748
2021-12-03,Placer,061,380077,39061,38460,3875,42335,473
2021-12-03,Plumas,063,18699,1967,1903,45,1948,7
2021-12-03,Riverside,065,2383286,377505,371768,16728,388496,5381
2021-12-03,Sacramento,067,1510023,165538,163900,4946,168846,2365
2021-12-03,San Benito,069,59416,7738,7688,183,7871,78
2021-12-03,San Bernardino,071,2135413,368732,364154,11722,375876,5983
2021-12-03,San Diego,073,3302833,390761,386710,22864,409574,4350
2021-12-03,San Francisco,075,870044,55156,54286,2433,56719,674
2021-12-03,San Joaquin,077,732212,103220,102286,5602,107888,1835
2021-12-03,San Luis Obispo,079,281455,30769,30318,1342,31660,360
2021-12-03,San Mateo,081,765935,56134,54774,965,55739,579
2021-12-03,Santa Barbara,083,443738,46309,45774,1622,47396,555
2021-12-03,Santa Clara,085,1922200,153217,151275,1603,152878,1928
2021-12-03,Santa Cruz,087,273765,21617,21286,1034,22320,224
2021-12-03,Shasta,089,179085,22653,22418,3703,26121,414
2021-12-03,Sierra,091,2930,200,196,21,217,0
2021-12-03,Siskiyou,093,43540,3466,3398,1357,4755,57
2021-12-03,Solano,095,438530,47336,46529,1348,47877,360
2021-12-03,Sonoma,097,501317,43328,42778,569,43347,405
2021-12-03,Stanislaus,099,539301,81440,81462,9246,90708,1231
2021-12-03,Sutter,101,95872,14289,14258,398,14656,186
2021-12-03,Tehama,103,63373,8824,8742,1538,10280,131
2021-12-03,Trinity,105,12862,908,801,222,1023,17
2021-12-03,Tulare,107,460477,71256,70014,16127,86141,1100
2021-12-03,Tuolumne,109,53932,7726,7676,114,7790,91
2021-12-03,Ventura,111,848112,100977,99751,4426,104177,1192
2021-12-03,Yolo,113,214977,20699,20442,1249,21691,261
2021-12-03,Yuba,115,75493,10527,10418,380,10798,91
2021-12-02,Alameda,001,1643700,123498,122508,2915,125423,1494
2021-12-02,Alpine,003,1148,105,108,0,108,0
2021-12-02,Amador,005,37829,5775,5729,69,5798,67
2021-12-02,Butte,007,227075,21901,21638,3972,25610,318
2021-12-02,Calaveras,009,45235,4442,4392,60,4452,88
2021-12-02,Colusa,011,21464,2627,2600,676,3276,21
2021-12-02,Contra Costa,013,1133247,102588,101824,2325,104149,1056
2021-12-02,Del Norte,015,27424,3786,3726,55,3781,42
2021-12-02,El Dorado,017,186661,16872,16621,1803,18424,168
2021-12-02,Fresno,019,978130,146547,144734,13190,157924,2270
2021-12-02,Glenn,021,27897,3603,3559,1036,4595,36
2021-12-02,Humboldt,023,135768,9706,9596,677,10273,117
2021-12-02,Imperial,025,180216,35684,35206,3613,38819,776
2021-12-02,Inyo,027,18085,2572,2538,40,2578,46
2021-12-02,Kern,029,883053,133076,131771,23920,155691,1817
2021-12-02,Kings,031,150075,33630,33183,2037,35220,367
2021-12-02,Lake,033,64148,6958,6903,159,7062,113
2021-12-02,Lassen,035,31185,7072,7014,419,7433,51
2021-12-02,Los Angeles,037,10098052,1476583,1463270,56031,1519301,26952
2021-12-02,Madera,039,155013,24442,24188,2297,26485,307
2021-12-02,Marin,041,260295,18323,18075,520,18595,249
2021-12-02,Mariposa,043,17540,1453,1421,60,1481,6
2021-12-02,Mendocino,045,87422,8166,7981,671,8652,91
2021-12-02,Merced,047,269075,43536,43337,2127,45464,671
2021-12-02,Modoc,049,8938,595,591,202,793,6
2021-12-02,Mono,051,14174,1916,1883,23,1906,4
2021-12-02,Monterey,053,433212,49961,48682,3205,51887,626
2021-12-02,Napa,055,140530,13421,13327,121,13448,106
2021-12-02,Nevada,057,99092,9866,9752,346,10098,105
2021-12-02,Orange,059,3164182,315981,313112,16083,329195,5748
2021-12-02,Placer,061,380077,38996,38460,3870,42330,473
2021-12-02,Plumas,063,18699,1964,1903,45,1948,7
2021-12-02,Riverside,065,2383286,376979,371768,16718,388486,5381
2021-12-02,Sacramento,067,1510023,165310,163900,4936,168836,2365
2021-12-02,San Benito,069,59416,7718,7688,183,7871,78
2021-12-02,San Bernardino,071,2135413,368185,364154,11702,375856,5983
2021-12-02,San Diego,073,3302833,390120,386710,22809,409519,4350
2021-12-02,San Francisco,075,870044,55061,54286,2428,56714,674
2021-12-02,San Joaquin,077,732212,103106,102286,5597,107883,1835
2021-12-02,San Luis Obispo,079,281455,30735,30318,1335,31653,360
2021-12-02,San Mateo,081,765935,56053,54774,957,55731,579
2021-12-02,Santa Barbara,083,443738,46228,45774,1619,47393,555
2021-12-02,Santa Clara,085,1922200,152971,151275,1586,152861,1928
2021-12-02,Santa Cruz,087,273765,21566,21286,1033,22319,224
2021-12-02,Shasta,089,179085,22620,22418,3702,26120,414
2021-12-02,Sierra,091,2930,200,196,21,217,0
2021-12-02,Siskiyou,093,43540,3465,3398,1350,4748,57
2021-12-02,Solano,095,438530,47286,46529,1346,47875,360
2021-12-02,Sonoma,097,501317,43254,42778,569,43347,405
2021-12-02,Stanislaus,099,539301,81348,81462,9238,90700,1231
2021-12-02,Sutter,101,95872,14276,14258,395,14653,186
2021-12-02,Tehama,103,63373,8817,8742,1536,10278,131
2021-12-02,Trinity,105,12862,908,801,222,1023,17
2021-12-02,Tulare,107,460477,71169,70014,16077,86091,1100
2021-12-02,Tuolumne,109,53932,7711,7676,113,7789,91
2021-12-02,Ventura,111,848112,100852,99751,4424,104175,1192
2021-12-02,Yolo,113,214977,20675,20442,1245,21687,261
2021-12-02,Yuba,115,75493,10511,10418,377,10795,91
2021-12-01,Alameda,001,1643700,123347,122298,2905,125203,1492
2021-12-01,Alpine,003,1148,105,108,0,108,0
2021-12-01,Amador,005,37829,5768,5723,69,5792,67
2021-12-01,Butte,007,227075,21882,21600,3966,25566,318
2021-12-01,Calaveras,009,45235,4437,4371,60,4431,88
2021-12-01,Colusa,011,21464,2620,2595,674,3269,20
2021-12-01,Contra Costa,013,1133247,102480,101651,2315,103966,1048
2021-12-01,Del Norte,015,27424,3784,3722,55,3777,42
2021-12-01,El Dorado,017,186661,16851,16575,1801,18376,166
2021-12-01,Fresno,019,978130,146340,144507,13182,157689,2264
2021-12-01,Glenn,021,27897,3596,3556,1035,4591,36
2021-12-01,Humboldt,023,135768,9682,9573,672,10245,117
2021-12-01,Imperial,025,180216,35604,35085,3586,38671,776
2021-12-01,Inyo,027,18085,2568,2533,40,2573,46
2021-12-01,Kern,029,883053,132929,131580,23865,155445,1804
2021-12-01,Kings,031,150075,33580,33112,2036,35148,364
2021-12-01,Lake,033,64148,6950,6896,158,7054,112
2021-12-01,Lassen,035,31185,7067,7008,417,7425,51
2021-12-01,Los Angeles,037,10098052,1474992,1461394,55936,1517330,26928
2021-12-01,Madera,039,155013,24411,24134,2288,26422,307
2021-12-01,Marin,041,260295,18285,18038,514,18552,249
2021-12-01,Mariposa,043,17540,1449,1415,60,1475,6
2021-12-01,Mendocino,045,87422,8152,7966,666,8632,90
2021-12-01,Merced,047,269075,43480,43259,2106,45365,670
2021-12-01,Modoc,049,8938,595,576,202,778,5
2021-12-01,Mono,051,14174,1911,1876,23,1899,4
2021-12-01,Monterey,053,433212,49912,48611,3196,51807,626
2021-12-01,Napa,055,140530,13404,13319,118,13437,107
2021-12-01,Nevada,057,99092,9853,9706,346,10052,105
2021-12-01,Orange,059,3164182,315616,312772,16045,328817,5735
2021-12-01,Placer,061,380077,38941,38373,3864,42237,472
2021-12-01,Plumas,063,18699,1960,1893,45,1938,7
2021-12-01,Riverside,065,2383286,376454,371189,16701,387890,5369
2021-12-01,Sacramento,067,1510023,165097,163616,4918,168534,2360
2021-12-01,San Benito,069,59416,7704,7669,183,7852,78
2021-12-01,San Bernardino,071,2135413,367594,363368,11675,375043,5973
2021-12-01,San Diego,073,3302833,389324,386056,22754,408810,4346
2021-12-01,San Francisco,075,870044,54979,54199,2421,56620,672
2021-12-01,San Joaquin,077,732212,102999,102109,5596,107705,1834
2021-12-01,San Luis Obispo,079,281455,30693,30238,1331,31569,360
2021-12-01,San Mateo,081,765935,55972,54711,954,55665,579
2021-12-01,Santa Barbara,083,443738,46158,45681,1617,47298,554
2021-12-01,Santa Clara,085,1922200,152751,150961,1569,152530,1925
2021-12-01,Santa Cruz,087,273765,21537,21191,1032,22223,224
2021-12-01,Shasta,089,179085,22589,22375,3696,26071,410
2021-12-01,Sierra,091,2930,200,195,21,216,0
2021-12-01,Siskiyou,093,43540,3462,3391,1350,4741,55
2021-12-01,Solano,095,438530,47241,46485,1346,47831,360
2021-12-01,Sonoma,097,501317,43178,42713,568,43281,405
2021-12-01,Stanislaus,099,539301,81255,81330,9225,90555,1231
2021-12-01,Sutter,101,95872,14261,14229,394,14623,186
2021-12-01,Tehama,103,63373,8807,8728,1536,10264,130
2021-12-01,Trinity,105,12862,903,801,222,1023,17
2021-12-01,Tulare,107,460477,71092,69953,16037,85990,1098
2021-12-01,Tuolumne,109,53932,7703,7655,113,7768,91
2021-12-01,Ventura,111,848112,100746,99680,4413,104093,1191
2021-12-01,Yolo,113,214977,20647,20393,1245,21638,260
2021-12-01,Yuba,115,75493,10500,10401,377,10778,89
2021-11-30,Alameda,001,1643700,123176,122196,2897,125093,1489
2021-11-30,Alpine,003,1148,105,108,0,108,0
2021-11-30,Amador,005,37829,5760,5716,69,5785,66
2021-11-30,Butte,007,227075,21853,21565,3955,25520,318
2021-11-30,Calaveras,009,45235,4419,4360,60,4420,88
2021-11-30,Colusa,011,21464,2619,2592,674,3266,21
2021-11-30,Contra Costa,013,1133247,102344,101538,2308,103846,1046
2021-11-30,Del Norte,015,27424,3778,3718,55,3773,42
2021-11-30,El Dorado,017,186661,16823,16558,1795,18353,166
2021-11-30,Fresno,019,978130,146139,144384,13174,157558,2259
2021-11-30,Glenn,021,27897,3592,3555,1034,4589,36
2021-11-30,Humboldt,023,135768,9651,9539,666,10205,116
2021-11-30,Imperial,025,180216,35496,34999,3559,38558,773
2021-11-30,Inyo,027,18085,2559,2530,40,2570,46
2021-11-30,Kern,029,883053,132758,131451,23808,155259,1799
2021-11-30,Kings,031,150075,33528,33074,2032,35106,362
2021-11-30,Lake,033,64148,6944,6892,156,7048,110
2021-11-30,Lassen,035,31185,7063,7003,416,7419,51
2021-11-30,Los Angeles,037,10098052,1473199,1460177,55836,1516013,26913
2021-11-30,Madera,039,155013,24377,24108,2283,26391,307
2021-11-30,Marin,041,260295,18241,18010,512,18522,249
2021-11-30,Mariposa,043,17540,1443,1412,60,1472,6
2021-11-30,Mendocino,045,87422,8123,7960,660,8620,89
2021-11-30,Merced,047,269075,43412,43200,2098,45298,668
2021-11-30,Modoc,049,8938,594,576,202,778,5
2021-11-30,Mono,051,14174,1908,1873,23,1896,4
2021-11-30,Monterey,053,433212,49849,48581,3186,51767,626
2021-11-30,Napa,055,140530,13384,13308,118,13426,105
2021-11-30,Nevada,057,99092,9837,9699,345,10044,105
2021-11-30,Orange,059,3164182,315195,312451,16003,328454,5724
2021-11-30,Placer,061,380077,38838,38324,3856,42180,470
2021-11-30,Plumas,063,18699,1955,1887,44,1931,7
2021-11-30,Riverside,065,2383286,375768,370739,16676,387415,5358
2021-11-30,Sacramento,067,1510023,164817,163420,4896,168316,2353
2021-11-30,San Benito,069,59416,7682,7645,182,7827,78
2021-11-30,San Bernardino,071,2135413,366918,363006,11652,374658,5967
2021-11-30,San Diego,073,3302833,388395,385405,22707,408112,4340
2021-11-30,San Francisco,075,870044,54872,54147,2412,56559,672
2021-11-30,San Joaquin,077,732212,102873,101972,5588,107560,1834
2021-11-30,San Luis Obispo,079,281455,30668,30200,1329,31529,360
2021-11-30,San Mateo,081,765935,55867,54656,944,55600,579
2021-11-30,Santa Barbara,083,443738,46062,45628,1611,47239,553
2021-11-30,Santa Clara,085,1922200,152492,150799,1551,152350,1929
2021-11-30,Santa Cruz,087,273765,21479,21169,1028,22197,224
2021-11-30,Shasta,089,179085,22559,22347,3693,26040,401
2021-11-30,Sierra,091,2930,197,195,21,216,0
2021-11-30,Siskiyou,093,43540,3458,3385,1347,4732,55
2021-11-30,Solano,095,438530,47178,46434,1340,47774,358
2021-11-30,Sonoma,097,501317,43099,42663,566,43229,405
2021-11-30,Stanislaus,099,539301,81154,81276,9198,90474,1227
2021-11-30,Sutter,101,95872,14250,14210,391,14601,186
2021-11-30,Tehama,103,63373,8800,8727,1535,10262,130
2021-11-30,Trinity,105,12862,902,799,222,1021,17
2021-11-30,Tulare,107,460477,71005,69900,15990,85890,1099
2021-11-30,Tuolumne,109,53932,7688,7643,113,7756,91
2021-11-30,Ventura,111,848112,100592,99601,4402,104003,1191
2021-11-30,Yolo,113,214977,20605,20376,1239,21615,260
2021-11-30,Yuba,115,75493,10481,10398,372,10770,89
2021-11-29,Alameda,001,1643700,123018,122136,2888,125024,1489
2021-11-29,Alpine,003,1148,105,108,0,108,0
2021-11-29,Amador,005,37829,5753,5706,69,5775,66
2021-11-29,Butte,007,227075,21822,21544,3948,25492,314
2021-11-29,Calaveras,009,45235,4403,4353,60,4413,88
2021-11-29,Colusa,011,21464,2617,2585,671,3256,20
2021-11-29,Contra Costa,013,1133247,102195,101441,2300,103741,1046
2021-11-29,Del Norte,015,27424,3775,3704,55,3759,42
2021-11-29,El Dorado,017,186661,16805,16534,1790,18324,166
2021-11-29,Fresno,019,978130,145933,144282,13151,157433,2254
2021-11-29,Glenn,021,27897,3589,3555,1033,4588,36
2021-11-29,Humboldt,023,135768,9634,9514,659,10173,115
2021-11-29,Imperial,025,180216,35431,34960,3538,38498,773
2021-11-29,Inyo,027,18085,2554,2529,40,2569,46
2021-11-29,Kern,029,883053,132574,131362,23766,155128,1789
2021-11-29,Kings,031,150075,33475,33059,2028,35087,363
2021-11-29,Lake,033,64148,6932,6889,156,7045,110
2021-11-29,Lassen,035,31185,7060,7003,414,7417,51
2021-11-29,Los Angeles,037,10098052,1471353,1459446,55750,1515196,26889
2021-11-29,Madera,039,155013,24341,24069,2275,26344,307
2021-11-29,Marin,041,260295,18194,17980,507,18487,249
2021-11-29,Mariposa,043,17540,1435,1409,60,1469,6
2021-11-29,Mendocino,045,87422,8106,7954,656,8610,89
2021-11-29,Merced,047,269075,43338,43167,2090,45257,667
2021-11-29,Modoc,049,8938,593,569,202,771,5
2021-11-29,Mono,051,14174,1891,1859,23,1882,4
2021-11-29,Monterey,053,433212,49788,48548,3170,51718,626
2021-11-29,Napa,055,140530,13374,13304,118,13422,104
2021-11-29,Nevada,057,99092,9823,9689,345,10034,105
2021-11-29,Orange,059,3164182,314792,312203,15957,328160,5709
2021-11-29,Placer,061,380077,38773,38261,3851,42112,470
2021-11-29,Plumas,063,18699,1952,1884,44,1928,7
2021-11-29,Riverside,065,2383286,375230,370334,16665,386999,5358
2021-11-29,Sacramento,067,1510023,164570,163282,4864,168146,2342
2021-11-29,San Benito,069,59416,7663,7631,181,7812,77
2021-11-29,San Bernardino,071,2135413,366311,362694,11618,374312,5962
2021-11-29,San Diego,073,3302833,387507,384853,22673,407526,4335
2021-11-29,San Francisco,075,870044,54774,54125,2408,56533,669
2021-11-29,San Joaquin,077,732212,102734,101927,5581,107508,1834
2021-11-29,San Luis Obispo,079,281455,30634,30165,1325,31490,359
2021-11-29,San Mateo,081,765935,55764,54622,940,55562,579
2021-11-29,Santa Barbara,083,443738,45965,45576,1607,47183,549
2021-11-29,Santa Clara,085,1922200,152218,150620,1545,152165,1925
2021-11-29,Santa Cruz,087,273765,21441,21149,1027,22176,224
2021-11-29,Shasta,089,179085,22524,22315,3689,26004,399
2021-11-29,Sierra,091,2930,197,195,21,216,0
2021-11-29,Siskiyou,093,43540,3455,3374,1340,4714,55
2021-11-29,Solano,095,438530,47126,46412,1338,47750,357
2021-11-29,Sonoma,097,501317,43022,42624,563,43187,405
2021-11-29,Stanislaus,099,539301,81072,81227,9180,90407,1223
2021-11-29,Sutter,101,95872,14234,14204,388,14592,186
2021-11-29,Tehama,103,63373,8795,8720,1530,10250,130
2021-11-29,Trinity,105,12862,897,798,222,1020,17
2021-11-29,Tulare,107,460477,70926,69850,15956,85806,1096
2021-11-29,Tuolumne,109,53932,7675,7627,113,7740,90
2021-11-29,Ventura,111,848112,100472,99520,4393,103913,1190
2021-11-29,Yolo,113,214977,20560,20344,1237,21581,257
2021-11-29,Yuba,115,75493,10464,10395,371,10766,89
2021-11-28,Alameda,001,1643700,122798,122082,2882,124964,1491
2021-11-28,Alpine,003,1148,105,108,0,108,0
2021-11-28,Amador,005,37829,5743,5703,69,5772,66
2021-11-28,Butte,007,227075,21783,21530,3945,25475,313
2021-11-28,Calaveras,009,45235,4382,4350,60,4410,88
2021-11-28,Colusa,011,21464,2613,2586,670,3256,19
2021-11-28,Contra Costa,013,1133247,102022,101355,2290,103645,1046
2021-11-28,Del Norte,015,27424,3770,3703,55,3758,42
2021-11-28,El Dorado,017,186661,16764,16527,1789,18316,166
2021-11-28,Fresno,019,978130,145687,144164,13125,157289,2252
2021-11-28,Glenn,021,27897,3586,3547,1031,4578,36
2021-11-28,Humboldt,023,135768,9602,9499,655,10154,115
2021-11-28,Imperial,025,180216,35323,34929,3514,38443,773
2021-11-28,Inyo,027,18085,2547,2531,40,2571,46
2021-11-28,Kern,029,883053,132368,131279,23709,154988,1789
2021-11-28,Kings,031,150075,33402,33057,2022,35079,364
2021-11-28,Lake,033,64148,6922,6885,155,7040,110
2021-11-28,Lassen,035,31185,7051,7002,410,7412,51
2021-11-28,Los Angeles,037,10098052,1469180,1458646,55663,1514309,26878
2021-11-28,Madera,039,155013,24293,24055,2268,26323,307
2021-11-28,Marin,041,260295,18146,17962,503,18465,249
2021-11-28,Mariposa,043,17540,1431,1406,60,1466,6
2021-11-28,Mendocino,045,87422,8076,7943,651,8594,89
2021-11-28,Merced,047,269075,43272,43166,2075,45241,667
2021-11-28,Modoc,049,8938,592,569,202,771,5
2021-11-28,Mono,051,14174,1885,1841,23,1864,4
2021-11-28,Monterey,053,433212,49723,48537,3151,51688,626
2021-11-28,Napa,055,140530,13361,13303,118,13421,104
2021-11-28,Nevada,057,99092,9797,9684,344,10028,105
2021-11-28,Orange,059,3164182,314406,312028,15915,327943,5693
2021-11-28,Placer,061,380077,38691,38240,3832,42072,470
2021-11-28,Plumas,063,18699,1946,1884,43,1927,7
2021-11-28,Riverside,065,2383286,374569,370051,16643,386694,5358
2021-11-28,Sacramento,067,1510023,164213,163170,4841,168011,2335
2021-11-28,San Benito,069,59416,7644,7623,180,7803,77
2021-11-28,San Bernardino,071,2135413,365579,362407,11590,373997,5958
2021-11-28,San Diego,073,3302833,386618,383025,22609,405634,4325
2021-11-28,San Francisco,075,870044,54698,54082,2403,56485,669
2021-11-28,San Joaquin,077,732212,102553,101895,5564,107459,1834
2021-11-28,San Luis Obispo,079,281455,30570,30152,1321,31473,358
2021-11-28,San Mateo,081,765935,55670,54567,936,55503,579
2021-11-28,Santa Barbara,083,443738,45886,45551,1596,47147,549
2021-11-28,Santa Clara,085,1922200,151917,150436,1530,151966,1920
2021-11-28,Santa Cruz,087,273765,21370,21110,1026,22136,224
2021-11-28,Shasta,089,179085,22485,22316,3687,26003,400
2021-11-28,Sierra,091,2930,197,195,21,216,0
2021-11-28,Siskiyou,093,43540,3449,3372,1336,4708,55
2021-11-28,Solano,095,438530,47064,46385,1337,47722,356
2021-11-28,Sonoma,097,501317,42936,42583,560,43143,405
2021-11-28,Stanislaus,099,539301,80953,81181,9158,90339,1223
2021-11-28,Sutter,101,95872,14212,14192,382,14574,186
2021-11-28,Tehama,103,63373,8787,8720,1526,10246,130
2021-11-28,Trinity,105,12862,896,797,222,1019,17
2021-11-28,Tulare,107,460477,70829,69833,15904,85737,1095
2021-11-28,Tuolumne,109,53932,7654,7620,113,7733,90
2021-11-28,Ventura,111,848112,100316,99486,4382,103868,1190
2021-11-28,Yolo,113,214977,20517,20333,1236,21569,257
2021-11-28,Yuba,115,75493,10446,10391,369,10760,89
2021-11-27,Alameda,001,1643700,122700,121618,2879,124497,1477
2021-11-27,Alpine,003,1148,105,106,0,106,0
2021-11-27,Amador,005,37829,5742,5670,69,5739,66
2021-11-27,Butte,007,227075,21760,21384,3940,25324,309
2021-11-27,Calaveras,009,45235,4376,4294,60,4354,85
2021-11-27,Colusa,011,21464,2612,2568,668,3236,19
2021-11-27,Contra Costa,013,1133247,101937,100961,2289,103250,1045
2021-11-27,Del Norte,015,27424,3763,3661,55,3716,42
2021-11-27,El Dorado,017,186661,16730,16399,1788,18187,161
2021-11-27,Fresno,019,978130,145575,143386,13119,156505,2246
2021-11-27,Glenn,021,27897,3582,3532,1030,4562,36
2021-11-27,Humboldt,023,135768,9574,9399,653,10052,115
2021-11-27,Imperial,025,180216,35241,34611,3498,38109,769
2021-11-27,Inyo,027,18085,2544,2506,40,2546,45
2021-11-27,Kern,029,883053,132284,130245,23680,153925,1773
2021-11-27,Kings,031,150075,33380,32891,2019,34910,358
2021-11-27,Lake,033,64148,6919,6836,154,6990,110
2021-11-27,Lassen,035,31185,7049,6959,409,7368,47
2021-11-27,Los Angeles,037,10098052,1468174,1454495,55593,1510088,26817
2021-11-27,Madera,039,155013,24272,23880,2263,26143,296
2021-11-27,Marin,041,260295,18107,17857,498,18355,248
2021-11-27,Mariposa,043,17540,1429,1374,60,1434,6
2021-11-27,Mendocino,045,87422,8057,7871,651,8522,89
2021-11-27,Merced,047,269075,43237,42921,2072,44993,664
2021-11-27,Modoc,049,8938,590,551,202,753,5
2021-11-27,Mono,051,14174,1883,1810,23,1833,4
2021-11-27,Monterey,053,433212,49690,48400,3137,51537,625
2021-11-27,Napa,055,140530,13347,13256,118,13374,104
2021-11-27,Nevada,057,99092,9775,9584,343,9927,103
2021-11-27,Orange,059,3164182,314155,310809,15878,326687,5665
2021-11-27,Placer,061,380077,38630,38001,3826,41827,468
2021-11-27,Plumas,063,18699,1942,1860,43,1903,7
2021-11-27,Riverside,065,2383286,374211,367601,16636,384237,5306
2021-11-27,Sacramento,067,1510023,164055,162328,4838,167166,2335
2021-11-27,San Benito,069,59416,7628,7575,180,7755,77
2021-11-27,San Bernardino,071,2135413,365147,360033,11581,371614,5932
2021-11-27,San Diego,073,3302833,386123,382634,22583,405217,4319
2021-11-27,San Francisco,075,870044,54648,53830,2400,56230,669
2021-11-27,San Joaquin,077,732212,102486,101368,5561,106929,1833
2021-11-27,San Luis Obispo,079,281455,30535,29983,1317,31300,358
2021-11-27,San Mateo,081,765935,55613,54360,933,55293,577
2021-11-27,Santa Barbara,083,443738,45832,45318,1594,46912,548
2021-11-27,Santa Clara,085,1922200,151710,149700,1523,151223,1922
2021-11-27,Santa Cruz,087,273765,21330,20929,1023,21952,222
2021-11-27,Shasta,089,179085,22462,22151,3686,25837,396
2021-11-27,Sierra,091,2930,196,194,21,215,0
2021-11-27,Siskiyou,093,43540,3446,3336,1334,4670,54
2021-11-27,Solano,095,438530,47028,46163,1334,47497,356
2021-11-27,Sonoma,097,501317,42873,42368,560,42928,405
2021-11-27,Stanislaus,099,539301,80885,80782,9141,89923,1220
2021-11-27,Sutter,101,95872,14204,14127,381,14508,181
2021-11-27,Tehama,103,63373,8785,8675,1525,10200,129
2021-11-27,Trinity,105,12862,896,789,222,1011,17
2021-11-27,Tulare,107,460477,70777,69377,15888,85265,1082
2021-11-27,Tuolumne,109,53932,7641,7574,113,7687,90
2021-11-27,Ventura,111,848112,100243,99163,4375,103538,1188
2021-11-27,Yolo,113,214977,20496,20237,1227,21464,257
2021-11-27,Yuba,115,75493,10435,10335,369,10704,88
2021-11-26,Alameda,001,1643700,122589,121618,2877,124495,1477
2021-11-26,Alpine,003,1148,105,106,0,106,0
2021-11-26,Amador,005,37829,5738,5670,69,5739,66
2021-11-26,Butte,007,227075,21736,21384,3935,25319,309
2021-11-26,Calaveras,009,45235,4367,4294,60,4354,85
2021-11-26,Colusa,011,21464,2610,2568,667,3235,19
2021-11-26,Contra Costa,013,1133247,101849,100961,2285,103246,1045
2021-11-26,Del Norte,015,27424,3760,3661,55,3716,42
2021-11-26,El Dorado,017,186661,16713,16399,1785,18184,161
2021-11-26,Fresno,019,978130,145443,143386,13109,156495,2246
2021-11-26,Glenn,021,27897,3579,3532,1030,4562,36
2021-11-26,Humboldt,023,135768,9555,9399,649,10048,115
2021-11-26,Imperial,025,180216,35184,34611,3485,38096,769
2021-11-26,Inyo,027,18085,2544,2506,40,2546,45
2021-11-26,Kern,029,883053,132201,130245,23636,153881,1773
2021-11-26,Kings,031,150075,33356,32891,2017,34908,358
2021-11-26,Lake,033,64148,6917,6836,154,6990,110
2021-11-26,Lassen,035,31185,7043,6959,409,7368,47
2021-11-26,Los Angeles,037,10098052,1467330,1454495,55532,1510027,26817
2021-11-26,Madera,039,155013,24245,23880,2261,26141,296
2021-11-26,Marin,041,260295,18078,17857,498,18355,248
2021-11-26,Mariposa,043,17540,1423,1374,59,1433,6
2021-11-26,Mendocino,045,87422,8047,7871,651,8522,89
2021-11-26,Merced,047,269075,43207,42921,2068,44989,664
2021-11-26,Modoc,049,8938,588,551,202,753,5
2021-11-26,Mono,051,14174,1872,1810,23,1833,4
2021-11-26,Monterey,053,433212,49646,48400,3130,51530,625
2021-11-26,Napa,055,140530,13331,13256,118,13374,104
2021-11-26,Nevada,057,99092,9763,9584,343,9927,103
2021-11-26,Orange,059,3164182,313886,310809,15846,326655,5665
2021-11-26,Placer,061,380077,38585,38001,3818,41819,468
2021-11-26,Plumas,063,18699,1937,1860,43,1903,7
2021-11-26,Riverside,065,2383286,373810,367601,16629,384230,5306
2021-11-26,Sacramento,067,1510023,163942,162328,4833,167161,2335
2021-11-26,San Benito,069,59416,7620,7575,180,7755,77
2021-11-26,San Bernardino,071,2135413,364721,360033,11574,371607,5932
2021-11-26,San Diego,073,3302833,385578,382634,22571,405205,4319
2021-11-26,San Francisco,075,870044,54601,53830,2398,56228,669
2021-11-26,San Joaquin,077,732212,102429,101368,5560,106928,1833
2021-11-26,San Luis Obispo,079,281455,30493,29983,1314,31297,358
2021-11-26,San Mateo,081,765935,55550,54360,932,55292,577
2021-11-26,Santa Barbara,083,443738,45785,45318,1593,46911,548
2021-11-26,Santa Clara,085,1922200,151541,149700,1515,151215,1922
2021-11-26,Santa Cruz,087,273765,21290,20929,1023,21952,222
2021-11-26,Shasta,089,179085,22442,22151,3684,25835,396
2021-11-26,Sierra,091,2930,196,194,21,215,0
2021-11-26,Siskiyou,093,43540,3443,3336,1333,4669,54
2021-11-26,Solano,095,438530,46987,46163,1333,47496,356
2021-11-26,Sonoma,097,501317,42823,42368,558,42926,405
2021-11-26,Stanislaus,099,539301,80812,80782,9130,89912,1220
2021-11-26,Sutter,101,95872,14191,14127,380,14507,181
2021-11-26,Tehama,103,63373,8783,8675,1524,10199,129
2021-11-26,Trinity,105,12862,895,789,222,1011,17
2021-11-26,Tulare,107,460477,70731,69377,15856,85233,1082
2021-11-26,Tuolumne,109,53932,7631,7574,113,7687,90
2021-11-26,Ventura,111,848112,100163,99163,4370,103533,1188
2021-11-26,Yolo,113,214977,20477,20237,1220,21457,257
2021-11-26,Yuba,115,75493,10429,10335,369,10704,88
2021-11-25,Alameda,001,1643700,122481,121618,2872,124490,1477
2021-11-25,Alpine,003,1148,105,106,0,106,0
2021-11-25,Amador,005,37829,5730,5670,69,5739,66
2021-11-25,Butte,007,227075,21718,21384,3933,25317,309
2021-11-25,Calaveras,009,45235,4362,4294,60,4354,85
2021-11-25,Colusa,011,21464,2607,2568,665,3233,19
2021-11-25,Contra Costa,013,1133247,101745,100961,2281,103242,1045
2021-11-25,Del Norte,015,27424,3755,3661,55,3716,42
2021-11-25,El Dorado,017,186661,16694,16399,1784,18183,161
2021-11-25,Fresno,019,978130,145309,143386,13100,156486,2246
2021-11-25,Glenn,021,27897,3578,3532,1029,4561,36
2021-11-25,Humboldt,023,135768,9536,9399,646,10045,115
2021-11-25,Imperial,025,180216,35139,34611,3474,38085,769
2021-11-25,Inyo,027,18085,2542,2506,40,2546,45
2021-11-25,Kern,029,883053,132103,130245,23590,153835,1773
2021-11-25,Kings,031,150075,33328,32891,2016,34907,358
2021-11-25,Lake,033,64148,6910,6836,154,6990,110
2021-11-25,Lassen,035,31185,7041,6959,408,7367,47
2021-11-25,Los Angeles,037,10098052,1466363,1454495,55476,1509971,26817
2021-11-25,Madera,039,155013,24209,23880,2260,26140,296
2021-11-25,Marin,041,260295,18051,17857,492,18349,248
2021-11-25,Mariposa,043,17540,1420,1374,59,1433,6
2021-11-25,Mendocino,045,87422,8029,7871,651,8522,89
2021-11-25,Merced,047,269075,43168,42921,2062,44983,664
2021-11-25,Modoc,049,8938,587,551,202,753,5
2021-11-25,Mono,051,14174,1861,1810,23,1833,4
2021-11-25,Monterey,053,433212,49602,48400,3121,51521,625
2021-11-25,Napa,055,140530,13323,13256,118,13374,104
2021-11-25,Nevada,057,99092,9744,9584,340,9924,103
2021-11-25,Orange,059,3164182,313624,310809,15815,326624,5665
2021-11-25,Placer,061,380077,38539,38001,3812,41813,468
2021-11-25,Plumas,063,18699,1935,1860,43,1903,7
2021-11-25,Riverside,065,2383286,373395,367601,16622,384223,5306
2021-11-25,Sacramento,067,1510023,163763,162328,4827,167155,2335
2021-11-25,San Benito,069,59416,7613,7575,180,7755,77
2021-11-25,San Bernardino,071,2135413,364326,360033,11557,371590,5932
2021-11-25,San Diego,073,3302833,385137,382634,22552,405186,4319
2021-11-25,San Francisco,075,870044,54551,53830,2395,56225,669
2021-11-25,San Joaquin,077,732212,102346,101368,5556,106924,1833
2021-11-25,San Luis Obispo,079,281455,30463,29983,1312,31295,358
2021-11-25,San Mateo,081,765935,55501,54360,930,55290,577
2021-11-25,Santa Barbara,083,443738,45746,45318,1591,46909,548
2021-11-25,Santa Clara,085,1922200,151384,149700,1510,151210,1922
2021-11-25,Santa Cruz,087,273765,21257,20929,1023,21952,222
2021-11-25,Shasta,089,179085,22416,22151,3684,25835,396
2021-11-25,Sierra,091,2930,196,194,21,215,0
2021-11-25,Siskiyou,093,43540,3440,3336,1333,4669,54
2021-11-25,Solano,095,438530,46950,46163,1332,47495,356
2021-11-25,Sonoma,097,501317,42766,42368,554,42922,405
2021-11-25,Stanislaus,099,539301,80747,80782,9116,89898,1220
2021-11-25,Sutter,101,95872,14175,14127,379,14506,181
2021-11-25,Tehama,103,63373,8775,8675,1524,10199,129
2021-11-25,Trinity,105,12862,895,789,222,1011,17
2021-11-25,Tulare,107,460477,70663,69377,15830,85207,1082
2021-11-25,Tuolumne,109,53932,7619,7574,113,7687,90
2021-11-25,Ventura,111,848112,100097,99163,4367,103530,1188
2021-11-25,Yolo,113,214977,20447,20237,1216,21453,257
2021-11-25,Yuba,115,75493,10420,10335,368,10703,88
2021-11-24,Alameda,001,1643700,122417,121618,2868,124486,1477
2021-11-24,Alpine,003,1148,105,106,0,106,0
2021-11-24,Amador,005,37829,5720,5670,69,5739,66
2021-11-24,Butte,007,227075,21702,21384,3932,25316,309
2021-11-24,Calaveras,009,45235,4355,4294,60,4354,85
2021-11-24,Colusa,011,21464,2607,2568,664,3232,19
2021-11-24,Contra Costa,013,1133247,101707,100961,2278,103239,1045
2021-11-24,Del Norte,015,27424,3752,3661,55,3716,42
2021-11-24,El Dorado,017,186661,16683,16399,1783,18182,161
2021-11-24,Fresno,019,978130,145254,143386,13099,156485,2246
2021-11-24,Glenn,021,27897,3573,3532,1028,4560,36
2021-11-24,Humboldt,023,135768,9521,9399,646,10045,115
2021-11-24,Imperial,025,180216,35110,34611,3468,38079,769
2021-11-24,Inyo,027,18085,2539,2506,40,2546,45
2021-11-24,Kern,029,883053,132041,130245,23578,153823,1773
2021-11-24,Kings,031,150075,33314,32891,2015,34906,358
2021-11-24,Lake,033,64148,6906,6836,154,6990,110
2021-11-24,Lassen,035,31185,7041,6959,408,7367,47
2021-11-24,Los Angeles,037,10098052,1465877,1454495,55433,1509928,26817
2021-11-24,Madera,039,155013,24186,23880,2254,26134,296
2021-11-24,Marin,041,260295,18039,17857,490,18347,248
2021-11-24,Mariposa,043,17540,1420,1374,59,1433,6
2021-11-24,Mendocino,045,87422,8017,7871,651,8522,89
2021-11-24,Merced,047,269075,43136,42921,2059,44980,664
2021-11-24,Modoc,049,8938,587,551,202,753,5
2021-11-24,Mono,051,14174,1858,1810,23,1833,4
2021-11-24,Monterey,053,433212,49589,48400,3119,51519,625
2021-11-24,Napa,055,140530,13319,13256,118,13374,104
2021-11-24,Nevada,057,99092,9729,9584,340,9924,103
2021-11-24,Orange,059,3164182,313469,310809,15800,326609,5665
2021-11-24,Placer,061,380077,38506,38001,3810,41811,468
2021-11-24,Plumas,063,18699,1933,1860,43,1903,7
2021-11-24,Riverside,065,2383286,373216,367601,16616,384217,5306
2021-11-24,Sacramento,067,1510023,163691,162328,4827,167155,2335
2021-11-24,San Benito,069,59416,7611,7575,180,7755,77
2021-11-24,San Bernardino,071,2135413,364115,360033,11547,371580,5932
2021-11-24,San Diego,073,3302833,384879,382634,22539,405173,4319
2021-11-24,San Francisco,075,870044,54520,53830,2393,56223,669
2021-11-24,San Joaquin,077,732212,102305,101368,5553,106921,1833
2021-11-24,San Luis Obispo,079,281455,30444,29983,1312,31295,358
2021-11-24,San Mateo,081,765935,55471,54360,929,55289,577
2021-11-24,Santa Barbara,083,443738,45719,45318,1591,46909,548
2021-11-24,Santa Clara,085,1922200,151288,149700,1509,151209,1922
2021-11-24,Santa Cruz,087,273765,21234,20929,1022,21951,222
2021-11-24,Shasta,089,179085,22405,22151,3681,25832,396
2021-11-24,Sierra,091,2930,196,194,21,215,0
2021-11-24,Siskiyou,093,43540,3437,3336,1333,4669,54
2021-11-24,Solano,095,438530,46922,46163,1330,47493,356
2021-11-24,Sonoma,097,501317,42734,42368,552,42920,405
2021-11-24,Stanislaus,099,539301,80710,80782,9111,89893,1220
2021-11-24,Sutter,101,95872,14162,14127,377,14504,181
2021-11-24,Tehama,103,63373,8772,8675,1523,10198,129
2021-11-24,Trinity,105,12862,895,789,222,1011,17
2021-11-24,Tulare,107,460477,70639,69377,15811,85188,1082
2021-11-24,Tuolumne,109,53932,7615,7574,113,7687,90
2021-11-24,Ventura,111,848112,100062,99163,4363,103526,1188
2021-11-24,Yolo,113,214977,20439,20237,1215,21452,257
2021-11-24,Yuba,115,75493,10416,10335,367,10702,88
2021-11-23,Alameda,001,1643700,122298,121618,2861,124479,1477
2021-11-23,Alpine,003,1148,105,106,0,106,0
2021-11-23,Amador,005,37829,5713,5670,69,5739,66
2021-11-23,Butte,007,227075,21673,21384,3928,25312,309
2021-11-23,Calaveras,009,45235,4349,4294,59,4353,85
2021-11-23,Colusa,011,21464,2603,2568,662,3230,19
2021-11-23,Contra Costa,013,1133247,101600,100961,2276,103237,1045
2021-11-23,Del Norte,015,27424,3749,3661,55,3716,42
2021-11-23,El Dorado,017,186661,16651,16399,1780,18179,161
2021-11-23,Fresno,019,978130,145116,143386,13090,156476,2246
2021-11-23,Glenn,021,27897,3568,3532,1028,4560,36
2021-11-23,Humboldt,023,135768,9499,9399,643,10042,115
2021-11-23,Imperial,025,180216,35041,34611,3449,38060,769
2021-11-23,Inyo,027,18085,2535,2506,40,2546,45
2021-11-23,Kern,029,883053,131933,130245,23529,153774,1773
2021-11-23,Kings,031,150075,33272,32891,2014,34905,358
2021-11-23,Lake,033,64148,6901,6836,154,6990,110
2021-11-23,Lassen,035,31185,7038,6959,405,7364,47
2021-11-23,Los Angeles,037,10098052,1464863,1454495,55365,1509860,26817
2021-11-23,Madera,039,155013,24160,23880,2252,26132,296
2021-11-23,Marin,041,260295,18008,17857,487,18344,248
2021-11-23,Mariposa,043,17540,1417,1374,59,1433,6
2021-11-23,Mendocino,045,87422,7996,7871,648,8519,89
2021-11-23,Merced,047,269075,43098,42921,2058,44979,664
2021-11-23,Modoc,049,8938,585,551,202,753,5
2021-11-23,Mono,051,14174,1844,1810,23,1833,4
2021-11-23,Monterey,053,433212,49553,48400,3113,51513,625
2021-11-23,Napa,055,140530,13310,13256,118,13374,104
2021-11-23,Nevada,057,99092,9700,9584,339,9923,103
2021-11-23,Orange,059,3164182,313219,310809,15764,326573,5665
2021-11-23,Placer,061,380077,38447,38001,3793,41794,468
2021-11-23,Plumas,063,18699,1929,1860,43,1903,7
2021-11-23,Riverside,065,2383286,372833,367601,16603,384204,5306
2021-11-23,Sacramento,067,1510023,163504,162328,4816,167144,2335
2021-11-23,San Benito,069,59416,7602,7575,178,7753,77
2021-11-23,San Bernardino,071,2135413,363696,360033,11532,371565,5932
2021-11-23,San Diego,073,3302833,384396,382634,22516,405150,4319
2021-11-23,San Francisco,075,870044,54461,53830,2391,56221,669
2021-11-23,San Joaquin,077,732212,102196,101368,5542,106910,1833
2021-11-23,San Luis Obispo,079,281455,30409,29983,1309,31292,358
2021-11-23,San Mateo,081,765935,55421,54360,928,55288,577
2021-11-23,Santa Barbara,083,443738,45666,45318,1591,46909,548
2021-11-23,Santa Clara,085,1922200,151077,149700,1497,151197,1922
2021-11-23,Santa Cruz,087,273765,21196,20929,1022,21951,222
2021-11-23,Shasta,089,179085,22369,22151,3679,25830,396
2021-11-23,Sierra,091,2930,196,194,21,215,0
2021-11-23,Siskiyou,093,43540,3432,3336,1332,4668,54
2021-11-23,Solano,095,438530,46868,46163,1326,47489,356
2021-11-23,Sonoma,097,501317,42683,42368,549,42917,405
2021-11-23,Stanislaus,099,539301,80641,80782,9098,89880,1220
2021-11-23,Sutter,101,95872,14146,14127,376,14503,181
2021-11-23,Tehama,103,63373,8759,8675,1522,10197,129
2021-11-23,Trinity,105,12862,894,789,222,1011,17
2021-11-23,Tulare,107,460477,70592,69377,15781,85158,1082
2021-11-23,Tuolumne,109,53932,7603,7574,112,7686,90
2021-11-23,Ventura,111,848112,99979,99163,4357,103520,1188
2021-11-23,Yolo,113,214977,20418,20237,1207,21444,257
2021-11-23,Yuba,115,75493,10404,10335,367,10702,88
2021-11-22,Alameda,001,1643700,122185,121566,2859,124425,1475
2021-11-22,Alpine,003,1148,105,106,0,106,0
2021-11-22,Amador,005,37829,5700,5670,69,5739,66
2021-11-22,Butte,007,227075,21635,21363,3922,25285,305
2021-11-22,Calaveras,009,45235,4337,4294,59,4353,84
2021-11-22,Colusa,011,21464,2600,2565,662,3227,19
2021-11-22,Contra Costa,013,1133247,101512,100877,2271,103148,1045
2021-11-22,Del Norte,015,27424,3746,3659,55,3714,42
2021-11-22,El Dorado,017,186661,16628,16378,1777,18155,161
2021-11-22,Fresno,019,978130,144983,143290,13082,156372,2243
2021-11-22,Glenn,021,27897,3563,3530,1027,4557,36
2021-11-22,Humboldt,023,135768,9473,9389,638,10027,115
2021-11-22,Imperial,025,180216,34980,34562,3435,37997,766
2021-11-22,Inyo,027,18085,2529,2501,40,2541,44
2021-11-22,Kern,029,883053,131772,130091,23479,153570,1762
2021-11-22,Kings,031,150075,33235,32867,2009,34876,358
2021-11-22,Lake,033,64148,6896,6837,154,6991,110
2021-11-22,Lassen,035,31185,7036,6954,404,7358,47
2021-11-22,Los Angeles,037,10098052,1463799,1453945,55283,1509228,26800
2021-11-22,Madera,039,155013,24126,23872,2244,26116,296
2021-11-22,Marin,041,260295,17977,17842,485,18327,248
2021-11-22,Mariposa,043,17540,1413,1372,59,1431,6
2021-11-22,Mendocino,045,87422,7980,7859,647,8506,89
2021-11-22,Merced,047,269075,43047,42898,2047,44945,660
2021-11-22,Modoc,049,8938,584,551,202,753,5
2021-11-22,Mono,051,14174,1837,1809,23,1832,4
2021-11-22,Monterey,053,433212,49525,48374,3109,51483,611
2021-11-22,Napa,055,140530,13302,13255,117,13372,104
2021-11-22,Nevada,057,99092,9683,9575,337,9912,96
2021-11-22,Orange,059,3164182,312978,310654,15738,326392,5663
2021-11-22,Placer,061,380077,38402,37956,3785,41741,465
2021-11-22,Plumas,063,18699,1926,1858,43,1901,7
2021-11-22,Riverside,065,2383286,372396,367301,16594,383895,5283
2021-11-22,Sacramento,067,1510023,163312,162222,4807,167029,2328
2021-11-22,San Benito,069,59416,7582,7567,178,7745,77
2021-11-22,San Bernardino,071,2135413,363281,359851,11522,371373,5916
2021-11-22,San Diego,073,3302833,383902,382132,22492,404624,4317
2021-11-22,San Francisco,075,870044,54369,53778,2385,56163,669
2021-11-22,San Joaquin,077,732212,102071,101299,5537,106836,1833
2021-11-22,San Luis Obispo,079,281455,30383,29963,1306,31269,358
2021-11-22,San Mateo,081,765935,55364,54330,926,55256,577
2021-11-22,Santa Barbara,083,443738,45590,45279,1591,46870,546
2021-11-22,Santa Clara,085,1922200,150892,149541,1487,151028,1919
2021-11-22,Santa Cruz,087,273765,21155,20891,1022,21913,222
2021-11-22,Shasta,089,179085,22355,22116,3674,25790,393
2021-11-22,Sierra,091,2930,196,193,21,214,0
2021-11-22,Siskiyou,093,43540,3427,3336,1330,4666,54
2021-11-22,Solano,095,438530,46819,46153,1324,47477,356
2021-11-22,Sonoma,097,501317,42622,42344,548,42892,404
2021-11-22,Stanislaus,099,539301,80553,80718,9088,89806,1209
2021-11-22,Sutter,101,95872,14130,14125,374,14499,181
2021-11-22,Tehama,103,63373,8752,8669,1517,10186,127
2021-11-22,Trinity,105,12862,893,785,222,1007,17
2021-11-22,Tulare,107,460477,70531,69314,15744,85058,1075
2021-11-22,Tuolumne,109,53932,7588,7567,112,7679,90
2021-11-22,Ventura,111,848112,99913,99114,4354,103468,1186
2021-11-22,Yolo,113,214977,20395,20227,1205,21432,257
2021-11-22,Yuba,115,75493,10395,10332,366,10698,88
2021-11-21,Alameda,001,1643700,122054,121443,2855,124298,1475
2021-11-21,Alpine,003,1148,103,106,0,106,0
2021-11-21,Amador,005,37829,5695,5662,68,5730,66
2021-11-21,Butte,007,227075,21593,21342,3917,25259,306
2021-11-21,Calaveras,009,45235,4328,4287,59,4346,84
2021-11-21,Colusa,011,21464,2596,2562,661,3223,19
2021-11-21,Contra Costa,013,1133247,101410,100807,2265,103072,1045
2021-11-21,Del Norte,015,27424,3742,3659,55,3714,42
2021-11-21,El Dorado,017,186661,16601,16370,1771,18141,161
2021-11-21,Fresno,019,978130,144811,143203,13062,156265,2242
2021-11-21,Glenn,021,27897,3559,3529,1027,4556,36
2021-11-21,Humboldt,023,135768,9450,9378,637,10015,115
2021-11-21,Imperial,025,180216,34892,34527,3425,37952,766
2021-11-21,Inyo,027,18085,2522,2501,40,2541,44
2021-11-21,Kern,029,883053,131609,130020,23433,153453,1762
2021-11-21,Kings,031,150075,33197,32843,2005,34848,356
2021-11-21,Lake,033,64148,6889,6834,154,6988,110
2021-11-21,Lassen,035,31185,7027,6953,404,7357,47
2021-11-21,Los Angeles,037,10098052,1462729,1453181,55227,1508408,26793
2021-11-21,Madera,039,155013,24101,23856,2239,26095,296
2021-11-21,Marin,041,260295,17948,17829,482,18311,248
2021-11-21,Mariposa,043,17540,1412,1371,58,1429,6
2021-11-21,Mendocino,045,87422,7974,7846,644,8490,89
2021-11-21,Merced,047,269075,42992,42881,2044,44925,660
2021-11-21,Modoc,049,8938,580,551,202,753,5
2021-11-21,Mono,051,14174,1827,1799,22,1821,4
2021-11-21,Monterey,053,433212,49479,48358,3100,51458,611
2021-11-21,Napa,055,140530,13289,13250,117,13367,104
2021-11-21,Nevada,057,99092,9657,9556,336,9892,96
2021-11-21,Orange,059,3164182,312721,310477,15707,326184,5663
2021-11-21,Placer,061,380077,38320,37929,3784,41713,465
2021-11-21,Plumas,063,18699,1921,1858,43,1901,7
2021-11-21,Riverside,065,2383286,371904,367093,16586,383679,5283
2021-11-21,Sacramento,067,1510023,163095,162087,4797,166884,2327
2021-11-21,San Benito,069,59416,7568,7563,177,7740,77
2021-11-21,San Bernardino,071,2135413,362786,359621,11486,371107,5912
2021-11-21,San Diego,073,3302833,383371,380747,22467,403214,4317
2021-11-21,San Francisco,075,870044,54300,53741,2380,56121,669
2021-11-21,San Joaquin,077,732212,101965,101264,5524,106788,1833
2021-11-21,San Luis Obispo,079,281455,30345,29948,1306,31254,358
2021-11-21,San Mateo,081,765935,55312,54290,924,55214,577
2021-11-21,Santa Barbara,083,443738,45529,45237,1588,46825,546
2021-11-21,Santa Clara,085,1922200,150687,149387,1467,150854,1918
2021-11-21,Santa Cruz,087,273765,21111,20866,1020,21886,222
2021-11-21,Shasta,089,179085,22324,22112,3672,25784,393
2021-11-21,Sierra,091,2930,196,193,21,214,0
2021-11-21,Siskiyou,093,43540,3422,3333,1329,4662,54
2021-11-21,Solano,095,438530,46763,46122,1317,47439,356
2021-11-21,Sonoma,097,501317,42562,42298,547,42845,404
2021-11-21,Stanislaus,099,539301,80458,80687,9073,89760,1209
2021-11-21,Sutter,101,95872,14116,14111,374,14485,181
2021-11-21,Tehama,103,63373,8746,8669,1516,10185,127
2021-11-21,Trinity,105,12862,891,784,220,1004,17
2021-11-21,Tulare,107,460477,70447,69285,15705,84990,1075
2021-11-21,Tuolumne,109,53932,7580,7560,111,7671,90
2021-11-21,Ventura,111,848112,99822,99081,4351,103432,1186
2021-11-21,Yolo,113,214977,20367,20209,1202,21411,257
2021-11-21,Yuba,115,75493,10386,10326,366,10692,88
2021-11-20,Alameda,001,1643700,121961,121059,2848,123907,1473
2021-11-20,Alpine,003,1148,103,105,0,105,0
2021-11-20,Amador,005,37829,5689,5652,67,5719,66
2021-11-20,Butte,007,227075,21578,21265,3913,25178,300
2021-11-20,Calaveras,009,45235,4318,4268,59,4327,84
2021-11-20,Colusa,011,21464,2595,2549,660,3209,19
2021-11-20,Contra Costa,013,1133247,101333,100491,2261,102752,1043
2021-11-20,Del Norte,015,27424,3739,3637,55,3692,42
2021-11-20,El Dorado,017,186661,16580,16308,1769,18077,161
2021-11-20,Fresno,019,978130,144741,142579,13053,155632,2233
2021-11-20,Glenn,021,27897,3558,3526,1026,4552,35
2021-11-20,Humboldt,023,135768,9437,9302,635,9937,115
2021-11-20,Imperial,025,180216,34840,34312,3419,37731,766
2021-11-20,Inyo,027,18085,2521,2467,40,2507,44
2021-11-20,Kern,029,883053,131508,129488,23396,152884,1750
2021-11-20,Kings,031,150075,33187,32720,2005,34725,354
2021-11-20,Lake,033,64148,6886,6808,154,6962,110
2021-11-20,Lassen,035,31185,7026,6931,404,7335,47
2021-11-20,Los Angeles,037,10098052,1462109,1448963,55179,1504142,26741
2021-11-20,Madera,039,155013,24087,23720,2235,25955,296
2021-11-20,Marin,041,260295,17933,17774,482,18256,248
2021-11-20,Mariposa,043,17540,1411,1354,58,1412,6
2021-11-20,Mendocino,045,87422,7966,7773,644,8417,89
2021-11-20,Merced,047,269075,42966,42692,2044,44736,656
2021-11-20,Modoc,049,8938,579,550,202,752,5
2021-11-20,Mono,051,14174,1821,1767,22,1789,4
2021-11-20,Monterey,053,433212,49466,48260,3095,51355,609
2021-11-20,Napa,055,140530,13286,13184,117,13301,103
2021-11-20,Nevada,057,99092,9641,9480,336,9816,92
2021-11-20,Orange,059,3164182,312522,309672,15690,325362,5658
2021-11-20,Placer,061,380077,38280,37800,3779,41579,462
2021-11-20,Plumas,063,18699,1917,1841,43,1884,7
2021-11-20,Riverside,065,2383286,371631,365809,16574,382383,5265
2021-11-20,Sacramento,067,1510023,162991,161533,4793,166326,2316
2021-11-20,San Benito,069,59416,7564,7533,177,7710,77
2021-11-20,San Bernardino,071,2135413,362511,358322,11475,369797,5897
2021-11-20,San Diego,073,3302833,383046,380147,22441,402588,4311
2021-11-20,San Francisco,075,870044,54261,53525,2379,55904,669
2021-11-20,San Joaquin,077,732212,101915,100922,5519,106441,1832
2021-11-20,San Luis Obispo,079,281455,30331,29815,1305,31120,355
2021-11-20,San Mateo,081,765935,55278,54132,923,55055,577
2021-11-20,Santa Barbara,083,443738,45497,45074,1588,46662,544
2021-11-20,Santa Clara,085,1922200,150580,148829,1466,150295,1917
2021-11-20,Santa Cruz,087,273765,21093,20756,1020,21776,222
2021-11-20,Shasta,089,179085,22300,21968,3671,25639,383
2021-11-20,Sierra,091,2930,196,191,21,212,0
2021-11-20,Siskiyou,093,43540,3419,3313,1329,4642,54
2021-11-20,Solano,095,438530,46742,46006,1317,47323,356
2021-11-20,Sonoma,097,501317,42531,42151,547,42698,403
2021-11-20,Stanislaus,099,539301,80412,80412,9069,89481,1205
2021-11-20,Sutter,101,95872,14108,14074,374,14448,181
2021-11-20,Tehama,103,63373,8741,8648,1516,10164,125
2021-11-20,Trinity,105,12862,887,771,220,991,17
2021-11-20,Tulare,107,460477,70408,69074,15684,84758,1054
2021-11-20,Tuolumne,109,53932,7572,7511,111,7622,90
2021-11-20,Ventura,111,848112,99773,98893,4344,103237,1186
2021-11-20,Yolo,113,214977,20359,20139,1198,21337,257
2021-11-20,Yuba,115,75493,10380,10290,365,10655,88
2021-11-19,Alameda,001,1643700,121885,121059,2845,123904,1473
2021-11-19,Alpine,003,1148,103,105,0,105,0
2021-11-19,Amador,005,37829,5679,5652,67,5719,66
2021-11-19,Butte,007,227075,21555,21265,3907,25172,300
2021-11-19,Calaveras,009,45235,4311,4268,59,4327,84
2021-11-19,Colusa,011,21464,2593,2549,659,3208,19
2021-11-19,Contra Costa,013,1133247,101276,100491,2256,102747,1043
2021-11-19,Del Norte,015,27424,3734,3637,55,3692,42
2021-11-19,El Dorado,017,186661,16558,16308,1767,18075,161
2021-11-19,Fresno,019,978130,144624,142579,13044,155623,2233
2021-11-19,Glenn,021,27897,3557,3526,1025,4551,35
2021-11-19,Humboldt,023,135768,9424,9302,632,9934,115
2021-11-19,Imperial,025,180216,34803,34312,3412,37724,766
2021-11-19,Inyo,027,18085,2517,2467,40,2507,44
2021-11-19,Kern,029,883053,131405,129488,23353,152841,1750
2021-11-19,Kings,031,150075,33162,32720,2003,34723,354
2021-11-19,Lake,033,64148,6883,6808,154,6962,110
2021-11-19,Lassen,035,31185,7021,6931,403,7334,47
2021-11-19,Los Angeles,037,10098052,1461423,1448963,55125,1504088,26741
2021-11-19,Madera,039,155013,24066,23720,2230,25950,296
2021-11-19,Marin,041,260295,17915,17774,480,18254,248
2021-11-19,Mariposa,043,17540,1409,1354,58,1412,6
2021-11-19,Mendocino,045,87422,7946,7773,644,8417,89
2021-11-19,Merced,047,269075,42940,42692,2043,44735,656
2021-11-19,Modoc,049,8938,578,550,202,752,5
2021-11-19,Mono,051,14174,1810,1767,22,1789,4
2021-11-19,Monterey,053,433212,49444,48260,3095,51355,609
2021-11-19,Napa,055,140530,13276,13184,116,13300,103
2021-11-19,Nevada,057,99092,9628,9480,336,9816,92
2021-11-19,Orange,059,3164182,312368,309672,15665,325337,5658
2021-11-19,Placer,061,380077,38243,37800,3775,41575,462
2021-11-19,Plumas,063,18699,1913,1841,43,1884,7
2021-11-19,Riverside,065,2383286,371357,365809,16570,382379,5265
2021-11-19,Sacramento,067,1510023,162866,161533,4789,166322,2316
2021-11-19,San Benito,069,59416,7558,7533,175,7708,77
2021-11-19,San Bernardino,071,2135413,362188,358322,11466,369788,5897
2021-11-19,San Diego,073,3302833,382655,380147,22415,402562,4311
2021-11-19,San Francisco,075,870044,54223,53525,2379,55904,669
2021-11-19,San Joaquin,077,732212,101858,100922,5515,106437,1832
2021-11-19,San Luis Obispo,079,281455,30313,29815,1303,31118,355
2021-11-19,San Mateo,081,765935,55230,54132,919,55051,577
2021-11-19,Santa Barbara,083,443738,45460,45074,1588,46662,544
2021-11-19,Santa Clara,085,1922200,150431,148829,1463,150292,1917
2021-11-19,Santa Cruz,087,273765,21066,20756,1017,21773,222
2021-11-19,Shasta,089,179085,22288,21968,3670,25638,383
2021-11-19,Sierra,091,2930,196,191,21,212,0
2021-11-19,Siskiyou,093,43540,3416,3313,1329,4642,54
2021-11-19,Solano,095,438530,46712,46006,1313,47319,356
2021-11-19,Sonoma,097,501317,42498,42151,544,42695,403
2021-11-19,Stanislaus,099,539301,80355,80412,9060,89472,1205
2021-11-19,Sutter,101,95872,14106,14074,374,14448,181
2021-11-19,Tehama,103,63373,8738,8648,1516,10164,125
2021-11-19,Trinity,105,12862,885,771,220,991,17
2021-11-19,Tulare,107,460477,70367,69074,15657,84731,1054
2021-11-19,Tuolumne,109,53932,7561,7511,111,7622,90
2021-11-19,Ventura,111,848112,99708,98893,4341,103234,1186
2021-11-19,Yolo,113,214977,20348,20139,1196,21335,257
2021-11-19,Yuba,115,75493,10377,10290,365,10655,88
2021-11-18,Alameda,001,1643700,121760,121059,2838,123897,1473
2021-11-18,Alpine,003,1148,103,105,0,105,0
2021-11-18,Amador,005,37829,5677,5652,67,5719,66
2021-11-18,Butte,007,227075,21538,21265,3899,25164,300
2021-11-18,Calaveras,009,45235,4304,4268,58,4326,84
2021-11-18,Colusa,011,21464,2585,2549,659,3208,19
2021-11-18,Contra Costa,013,1133247,101173,100491,2248,102739,1043
2021-11-18,Del Norte,015,27424,3731,3637,55,3692,42
2021-11-18,El Dorado,017,186661,16539,16308,1764,18072,161
2021-11-18,Fresno,019,978130,144484,142579,13034,155613,2233
2021-11-18,Glenn,021,27897,3556,3526,1024,4550,35
2021-11-18,Humboldt,023,135768,9408,9302,627,9929,115
2021-11-18,Imperial,025,180216,34748,34312,3396,37708,766
2021-11-18,Inyo,027,18085,2509,2467,40,2507,44
2021-11-18,Kern,029,883053,131259,129488,23306,152794,1750
2021-11-18,Kings,031,150075,33125,32720,2000,34720,354
2021-11-18,Lake,033,64148,6878,6808,154,6962,110
2021-11-18,Lassen,035,31185,7018,6931,398,7329,47
2021-11-18,Los Angeles,037,10098052,1460432,1448963,55063,1504026,26741
2021-11-18,Madera,039,155013,24041,23720,2226,25946,296
2021-11-18,Marin,041,260295,17898,17774,476,18250,248
2021-11-18,Mariposa,043,17540,1406,1354,58,1412,6
2021-11-18,Mendocino,045,87422,7924,7773,635,8408,89
2021-11-18,Merced,047,269075,42883,42692,2041,44733,656
2021-11-18,Modoc,049,8938,566,550,202,752,5
2021-11-18,Mono,051,14174,1802,1767,22,1789,4
2021-11-18,Monterey,053,433212,49419,48260,3090,51350,609
2021-11-18,Napa,055,140530,13264,13184,115,13299,103
2021-11-18,Nevada,057,99092,9604,9480,336,9816,92
2021-11-18,Orange,059,3164182,312131,309672,15645,325317,5658
2021-11-18,Placer,061,380077,38200,37800,3764,41564,462
2021-11-18,Plumas,063,18699,1912,1841,43,1884,7
2021-11-18,Riverside,065,2383286,370984,365809,16557,382366,5265
2021-11-18,Sacramento,067,1510023,162638,161533,4774,166307,2316
2021-11-18,San Benito,069,59416,7548,7533,175,7708,77
2021-11-18,San Bernardino,071,2135413,361756,358322,11447,369769,5897
2021-11-18,San Diego,073,3302833,382157,380147,22399,402546,4311
2021-11-18,San Francisco,075,870044,54171,53525,2375,55900,669
2021-11-18,San Joaquin,077,732212,101765,100922,5506,106428,1832
2021-11-18,San Luis Obispo,079,281455,30283,29815,1302,31117,355
2021-11-18,San Mateo,081,765935,55171,54132,916,55048,577
2021-11-18,Santa Barbara,083,443738,45414,45074,1581,46655,544
2021-11-18,Santa Clara,085,1922200,150244,148829,1455,150284,1917
2021-11-18,Santa Cruz,087,273765,21015,20756,1016,21772,222
2021-11-18,Shasta,089,179085,22252,21968,3665,25633,383
2021-11-18,Sierra,091,2930,195,191,21,212,0
2021-11-18,Siskiyou,093,43540,3416,3313,1325,4638,54
2021-11-18,Solano,095,438530,46670,46006,1310,47316,356
2021-11-18,Sonoma,097,501317,42449,42151,542,42693,403
2021-11-18,Stanislaus,099,539301,80288,80412,9052,89464,1205
2021-11-18,Sutter,101,95872,14095,14074,373,14447,181
2021-11-18,Tehama,103,63373,8733,8648,1516,10164,125
2021-11-18,Trinity,105,12862,884,771,220,991,17
2021-11-18,Tulare,107,460477,70294,69074,15611,84685,1054
2021-11-18,Tuolumne,109,53932,7551,7511,111,7622,90
2021-11-18,Ventura,111,848112,99631,98893,4337,103230,1186
2021-11-18,Yolo,113,214977,20331,20139,1192,21331,257
2021-11-18,Yuba,115,75493,10371,10290,365,10655,88
2021-11-17,Alameda,001,1643700,121638,120913,2837,123750,1472
2021-11-17,Alpine,003,1148,103,105,0,105,0
2021-11-17,Amador,005,37829,5671,5646,67,5713,66
2021-11-17,Butte,007,227075,21512,21230,3896,25126,300
2021-11-17,Calaveras,009,45235,4297,4259,58,4317,84
2021-11-17,Colusa,011,21464,2582,2546,658,3204,19
2021-11-17,Contra Costa,013,1133247,101081,100387,2244,102631,1039
2021-11-17,Del Norte,015,27424,3728,3630,55,3685,42
2021-11-17,El Dorado,017,186661,16519,16269,1763,18032,161
2021-11-17,Fresno,019,978130,144301,142366,13021,155387,2230
2021-11-17,Glenn,021,27897,3554,3527,1023,4550,34
2021-11-17,Humboldt,023,135768,9397,9270,624,9894,115
2021-11-17,Imperial,025,180216,34692,34256,3375,37631,766
2021-11-17,Inyo,027,18085,2503,2457,40,2497,44
2021-11-17,Kern,029,883053,131086,129307,23264,152571,1743
2021-11-17,Kings,031,150075,33098,32669,1996,34665,352
2021-11-17,Lake,033,64148,6874,6795,153,6948,110
2021-11-17,Lassen,035,31185,7016,6918,398,7316,47
2021-11-17,Los Angeles,037,10098052,1459332,1447947,54997,1502944,26721
2021-11-17,Madera,039,155013,24008,23673,2224,25897,287
2021-11-17,Marin,041,260295,17878,17757,474,18231,248
2021-11-17,Mariposa,043,17540,1402,1353,58,1411,6
2021-11-17,Mendocino,045,87422,7916,7735,634,8369,89
2021-11-17,Merced,047,269075,42824,42612,2036,44648,654
2021-11-17,Modoc,049,8938,562,540,202,742,5
2021-11-17,Mono,051,14174,1798,1765,22,1787,5
2021-11-17,Monterey,053,433212,49371,48221,3079,51300,609
2021-11-17,Napa,055,140530,13241,13167,115,13282,103
2021-11-17,Nevada,057,99092,9591,9447,336,9783,92
2021-11-17,Orange,059,3164182,311884,309396,15611,325007,5651
2021-11-17,Placer,061,380077,38152,37725,3756,41481,460
2021-11-17,Plumas,063,18699,1907,1833,43,1876,7
2021-11-17,Riverside,065,2383286,370573,365406,16544,381950,5229
2021-11-17,Sacramento,067,1510023,162468,161269,4767,166036,2302
2021-11-17,San Benito,069,59416,7541,7524,175,7699,77
2021-11-17,San Bernardino,071,2135413,361390,357947,11430,369377,5893
2021-11-17,San Diego,073,3302833,381667,379769,22373,402142,4301
2021-11-17,San Francisco,075,870044,54116,53469,2372,55841,667
2021-11-17,San Joaquin,077,732212,101663,100764,5501,106265,1828
2021-11-17,San Luis Obispo,079,281455,30257,29731,1299,31030,354
2021-11-17,San Mateo,081,765935,55103,54092,913,55005,577
2021-11-17,Santa Barbara,083,443738,45376,45000,1581,46581,542
2021-11-17,Santa Clara,085,1922200,150080,148626,1447,150073,1915
2021-11-17,Santa Cruz,087,273765,20980,20700,1016,21716,222
2021-11-17,Shasta,089,179085,22219,21883,3663,25546,382
2021-11-17,Sierra,091,2930,194,189,21,210,0
2021-11-17,Siskiyou,093,43540,3412,3307,1322,4629,54
2021-11-17,Solano,095,438530,46637,45948,1309,47257,353
2021-11-17,Sonoma,097,501317,42403,42093,539,42632,403
2021-11-17,Stanislaus,099,539301,80199,80276,9042,89318,1199
2021-11-17,Sutter,101,95872,14081,14064,371,14435,181
2021-11-17,Tehama,103,63373,8723,8633,1513,10146,125
2021-11-17,Trinity,105,12862,883,765,220,985,17
2021-11-17,Tulare,107,460477,70222,68977,15584,84561,1047
2021-11-17,Tuolumne,109,53932,7534,7485,111,7596,90
2021-11-17,Ventura,111,848112,99569,98812,4331,103143,1183
2021-11-17,Yolo,113,214977,20312,20100,1189,21289,257
2021-11-17,Yuba,115,75493,10359,10275,361,10636,88
2021-11-16,Alameda,001,1643700,121528,120809,2833,123642,1467
2021-11-16,Alpine,003,1148,103,105,0,105,0
2021-11-16,Amador,005,37829,5665,5644,67,5711,66
2021-11-16,Butte,007,227075,21486,21208,3891,25099,297
2021-11-16,Calaveras,009,45235,4288,4249,58,4307,83
2021-11-16,Colusa,011,21464,2576,2538,658,3196,19
2021-11-16,Contra Costa,013,1133247,100960,100320,2241,102561,1038
2021-11-16,Del Norte,015,27424,3722,3630,55,3685,42
2021-11-16,El Dorado,017,186661,16494,16248,1761,18009,159
2021-11-16,Fresno,019,978130,144114,142200,12999,155199,2218
2021-11-16,Glenn,021,27897,3553,3527,1020,4547,34
2021-11-16,Humboldt,023,135768,9376,9252,620,9872,115
2021-11-16,Imperial,025,180216,34608,34177,3361,37538,766
2021-11-16,Inyo,027,18085,2496,2449,40,2489,42
2021-11-16,Kern,029,883053,130926,129136,23203,152339,1735
2021-11-16,Kings,031,150075,33045,32614,1989,34603,350
2021-11-16,Lake,033,64148,6869,6789,153,6942,110
2021-11-16,Lassen,035,31185,7006,6915,398,7313,47
2021-11-16,Los Angeles,037,10098052,1458158,1446815,54925,1501740,26703
2021-11-16,Madera,039,155013,23970,23642,2218,25860,287
2021-11-16,Marin,041,260295,17859,17736,473,18209,248
2021-11-16,Mariposa,043,17540,1394,1349,57,1406,6
2021-11-16,Mendocino,045,87422,7874,7723,630,8353,89
2021-11-16,Merced,047,269075,42787,42578,2029,44607,653
2021-11-16,Modoc,049,8938,561,539,201,740,5
2021-11-16,Mono,051,14174,1789,1767,22,1789,4
2021-11-16,Monterey,053,433212,49341,48195,3065,51260,609
2021-11-16,Napa,055,140530,13230,13151,115,13266,103
2021-11-16,Nevada,057,99092,9574,9435,335,9770,92
2021-11-16,Orange,059,3164182,311617,309170,15577,324747,5651
2021-11-16,Placer,061,380077,38110,37676,3750,41426,459
2021-11-16,Plumas,063,18699,1898,1832,43,1875,7
2021-11-16,Riverside,065,2383286,370151,365078,16522,381600,5208
2021-11-16,Sacramento,067,1510023,162288,161102,4755,165857,2299
2021-11-16,San Benito,069,59416,7527,7513,175,7688,77
2021-11-16,San Bernardino,071,2135413,360974,357528,11377,368905,5901
2021-11-16,San Diego,073,3302833,381115,379435,22346,401781,4287
2021-11-16,San Francisco,075,870044,54043,53415,2364,55779,667
2021-11-16,San Joaquin,077,732212,101523,100637,5486,106123,1807
2021-11-16,San Luis Obispo,079,281455,30225,29703,1296,30999,356
2021-11-16,San Mateo,081,765935,55041,54034,911,54945,577
2021-11-16,Santa Barbara,083,443738,45308,44932,1578,46510,539
2021-11-16,Santa Clara,085,1922200,149899,148452,1435,149887,1916
2021-11-16,Santa Cruz,087,273765,20935,20684,1014,21698,222
2021-11-16,Shasta,089,179085,22180,21853,3659,25512,379
2021-11-16,Sierra,091,2930,194,189,21,210,0
2021-11-16,Siskiyou,093,43540,3409,3304,1320,4624,54
2021-11-16,Solano,095,438530,46597,45908,1308,47216,351
2021-11-16,Sonoma,097,501317,42354,42056,538,42594,401
2021-11-16,Stanislaus,099,539301,80104,80214,9019,89233,1196
2021-11-16,Sutter,101,95872,14069,14058,370,14428,181
2021-11-16,Tehama,103,63373,8716,8621,1506,10127,125
2021-11-16,Trinity,105,12862,883,762,219,981,17
2021-11-16,Tulare,107,460477,70142,68881,15549,84430,1039
2021-11-16,Tuolumne,109,53932,7524,7478,111,7589,90
2021-11-16,Ventura,111,848112,99494,98731,4328,103059,1183
2021-11-16,Yolo,113,214977,20273,20077,1187,21264,257
2021-11-16,Yuba,115,75493,10351,10262,359,10621,85
2021-11-15,Alameda,001,1643700,121372,120731,2829,123560,1464
2021-11-15,Alpine,003,1148,103,105,0,105,0
2021-11-15,Amador,005,37829,5660,5637,67,5704,66
2021-11-15,Butte,007,227075,21461,21182,3886,25068,296
2021-11-15,Calaveras,009,45235,4274,4237,58,4295,83
2021-11-15,Colusa,011,21464,2569,2535,655,3190,19
2021-11-15,Contra Costa,013,1133247,100854,100251,2238,102489,1038
2021-11-15,Del Norte,015,27424,3717,3630,54,3684,42
2021-11-15,El Dorado,017,186661,16470,16236,1757,17993,159
2021-11-15,Fresno,019,978130,143892,142015,12977,154992,2210
2021-11-15,Glenn,021,27897,3551,3526,1020,4546,34
2021-11-15,Humboldt,023,135768,9354,9230,612,9842,115
2021-11-15,Imperial,025,180216,34535,34130,3345,37475,766
2021-11-15,Inyo,027,18085,2491,2442,40,2482,42
2021-11-15,Kern,029,883053,130717,128928,23132,152060,1730
2021-11-15,Kings,031,150075,33011,32584,1984,34568,348
2021-11-15,Lake,033,64148,6865,6784,153,6937,109
2021-11-15,Lassen,035,31185,6995,6915,396,7311,47
2021-11-15,Los Angeles,037,10098052,1456971,1446114,54862,1500976,26677
2021-11-15,Madera,039,155013,23932,23605,2207,25812,287
2021-11-15,Marin,041,260295,17842,17723,472,18195,248
2021-11-15,Mariposa,043,17540,1393,1347,55,1402,6
2021-11-15,Mendocino,045,87422,7854,7694,624,8318,89
2021-11-15,Merced,047,269075,42730,42552,2018,44570,648
2021-11-15,Modoc,049,8938,560,538,200,738,5
2021-11-15,Mono,051,14174,1784,1763,22,1785,4
2021-11-15,Monterey,053,433212,49309,48154,3059,51213,609
2021-11-15,Napa,055,140530,13222,13143,115,13258,103
2021-11-15,Nevada,057,99092,9545,9420,334,9754,92
2021-11-15,Orange,059,3164182,311340,308859,15552,324411,5646
2021-11-15,Placer,061,380077,38046,37610,3746,41356,452
2021-11-15,Plumas,063,18699,1891,1829,43,1872,7
2021-11-15,Riverside,065,2383286,369704,364750,16503,381253,5199
2021-11-15,Sacramento,067,1510023,162068,160937,4743,165680,2293
2021-11-15,San Benito,069,59416,7522,7511,174,7685,77
2021-11-15,San Bernardino,071,2135413,360551,357306,11358,368664,5898
2021-11-15,San Diego,073,3302833,380579,378845,22321,401166,4284
2021-11-15,San Francisco,075,870044,53975,53374,2361,55735,667
2021-11-15,San Joaquin,077,732212,101369,100587,5475,106062,1799
2021-11-15,San Luis Obispo,079,281455,30182,29669,1284,30953,351
2021-11-15,San Mateo,081,765935,54988,54010,909,54919,576
2021-11-15,Santa Barbara,083,443738,45252,44879,1572,46451,539
2021-11-15,Santa Clara,085,1922200,149682,148313,1428,149741,1914
2021-11-15,Santa Cruz,087,273765,20893,20630,1013,21643,223
2021-11-15,Shasta,089,179085,22135,21779,3654,25433,374
2021-11-15,Sierra,091,2930,194,189,21,210,0
2021-11-15,Siskiyou,093,43540,3402,3302,1318,4620,54
2021-11-15,Solano,095,438530,46558,45885,1303,47188,351
2021-11-15,Sonoma,097,501317,42303,42021,537,42558,401
2021-11-15,Stanislaus,099,539301,80019,80129,9005,89134,1174
2021-11-15,Sutter,101,95872,14056,14043,369,14412,181
2021-11-15,Tehama,103,63373,8710,8615,1505,10120,125
2021-11-15,Trinity,105,12862,881,757,217,974,17
2021-11-15,Tulare,107,460477,70055,68826,15504,84330,1039
2021-11-15,Tuolumne,109,53932,7513,7461,111,7572,90
2021-11-15,Ventura,111,848112,99410,98605,4323,102928,1183
2021-11-15,Yolo,113,214977,20243,20065,1182,21247,255
2021-11-15,Yuba,115,75493,10332,10254,355,10609,85
2021-11-14,Alameda,001,1643700,121197,120629,2825,123454,1461
2021-11-14,Alpine,003,1148,102,105,0,105,0
2021-11-14,Amador,005,37829,5653,5632,66,5698,66
2021-11-14,Butte,007,227075,21430,21146,3877,25023,296
2021-11-14,Calaveras,009,45235,4263,4222,58,4280,83
2021-11-14,Colusa,011,21464,2567,2532,652,3184,19
2021-11-14,Contra Costa,013,1133247,100746,100188,2236,102424,1038
2021-11-14,Del Norte,015,27424,3714,3629,54,3683,42
2021-11-14,El Dorado,017,186661,16428,16212,1752,17964,159
2021-11-14,Fresno,019,978130,143610,141869,12944,154813,2209
2021-11-14,Glenn,021,27897,3549,3521,1020,4541,34
2021-11-14,Humboldt,023,135768,9324,9215,602,9817,115
2021-11-14,Imperial,025,180216,34432,34078,3330,37408,766
2021-11-14,Inyo,027,18085,2479,2441,40,2481,42
2021-11-14,Kern,029,883053,130477,128842,23062,151904,1730
2021-11-14,Kings,031,150075,32954,32545,1977,34522,349
2021-11-14,Lake,033,64148,6857,6777,153,6930,109
2021-11-14,Lassen,035,31185,6985,6911,395,7306,47
2021-11-14,Los Angeles,037,10098052,1455607,1445284,54786,1500070,26667
2021-11-14,Madera,039,155013,23882,23566,2198,25764,287
2021-11-14,Marin,041,260295,17827,17712,472,18184,247
2021-11-14,Mariposa,043,17540,1383,1337,51,1388,6
2021-11-14,Mendocino,045,87422,7821,7684,619,8303,89
2021-11-14,Merced,047,269075,42640,42513,2012,44525,648
2021-11-14,Modoc,049,8938,558,538,200,738,5
2021-11-14,Mono,051,14174,1772,1760,22,1782,4
2021-11-14,Monterey,053,433212,49254,48135,3041,51176,609
2021-11-14,Napa,055,140530,13204,13132,115,13247,103
2021-11-14,Nevada,057,99092,9517,9408,334,9742,92
2021-11-14,Orange,059,3164182,311020,308699,15531,324230,5646
2021-11-14,Placer,061,380077,37966,37569,3736,41305,452
2021-11-14,Plumas,063,18699,1888,1829,42,1871,7
2021-11-14,Riverside,065,2383286,369206,364490,16486,380976,5199
2021-11-14,Sacramento,067,1510023,161831,160761,4726,165487,2295
2021-11-14,San Benito,069,59416,7511,7507,173,7680,77
2021-11-14,San Bernardino,071,2135413,359971,357014,11341,368355,5897
2021-11-14,San Diego,073,3302833,379983,377633,22290,399923,4280
2021-11-14,San Francisco,075,870044,53900,53338,2356,55694,667
2021-11-14,San Joaquin,077,732212,101241,100518,5470,105988,1799
2021-11-14,San Luis Obispo,079,281455,30101,29645,1280,30925,352
2021-11-14,San Mateo,081,765935,54935,53978,907,54885,576
2021-11-14,Santa Barbara,083,443738,45173,44842,1569,46411,539
2021-11-14,Santa Clara,085,1922200,149484,148152,1420,149572,1913
2021-11-14,Santa Cruz,087,273765,20839,20609,1011,21620,223
2021-11-14,Shasta,089,179085,22083,21771,3641,25412,373
2021-11-14,Sierra,091,2930,194,189,21,210,0
2021-11-14,Siskiyou,093,43540,3393,3302,1317,4619,54
2021-11-14,Solano,095,438530,46503,45860,1296,47156,351
2021-11-14,Sonoma,097,501317,42237,41974,535,42509,401
2021-11-14,Stanislaus,099,539301,79884,80076,8987,89063,1174
2021-11-14,Sutter,101,95872,14039,14031,364,14395,181
2021-11-14,Tehama,103,63373,8700,8607,1503,10110,125
2021-11-14,Trinity,105,12862,878,754,215,969,17
2021-11-14,Tulare,107,460477,69937,68772,15446,84218,1037
2021-11-14,Tuolumne,109,53932,7495,7439,110,7549,90
2021-11-14,Ventura,111,848112,99295,98550,4322,102872,1183
2021-11-14,Yolo,113,214977,20216,20040,1176,21216,255
2021-11-14,Yuba,115,75493,10325,10238,354,10592,85
2021-11-13,Alameda,001,1643700,121125,120407,2823,123230,1454
2021-11-13,Alpine,003,1148,102,105,0,105,0
2021-11-13,Amador,005,37829,5652,5614,66,5680,66
2021-11-13,Butte,007,227075,21410,21104,3874,24978,296
2021-11-13,Calaveras,009,45235,4252,4203,58,4261,83
2021-11-13,Colusa,011,21464,2565,2522,652,3174,19
2021-11-13,Contra Costa,013,1133247,100674,100004,2230,102234,1028
2021-11-13,Del Norte,015,27424,3714,3629,54,3683,42
2021-11-13,El Dorado,017,186661,16416,16163,1749,17912,159
2021-11-13,Fresno,019,978130,143503,141452,12930,154382,2205
2021-11-13,Glenn,021,27897,3549,3514,1019,4533,34
2021-11-13,Humboldt,023,135768,9308,9177,597,9774,115
2021-11-13,Imperial,025,180216,34382,33990,3313,37303,766
2021-11-13,Inyo,027,18085,2473,2436,40,2476,42
2021-11-13,Kern,029,883053,130375,128472,23018,151490,1719
2021-11-13,Kings,031,150075,32937,32452,1976,34428,347
2021-11-13,Lake,033,64148,6852,6769,153,6922,109
2021-11-13,Lassen,035,31185,6980,6897,395,7292,47
2021-11-13,Los Angeles,037,10098052,1454948,1443088,54746,1497834,26649
2021-11-13,Madera,039,155013,23851,23462,2194,25656,287
2021-11-13,Marin,041,260295,17814,17684,470,18154,247
2021-11-13,Mariposa,043,17540,1380,1323,51,1374,6
2021-11-13,Mendocino,045,87422,7802,7652,618,8270,89
2021-11-13,Merced,047,269075,42602,42411,2009,44420,644
2021-11-13,Modoc,049,8938,557,536,200,736,5
2021-11-13,Mono,051,14174,1768,1750,22,1772,4
2021-11-13,Monterey,053,433212,49228,48087,3039,51126,609
2021-11-13,Napa,055,140530,13196,13110,115,13225,103
2021-11-13,Nevada,057,99092,9497,9369,332,9701,92
2021-11-13,Orange,059,3164182,310854,308211,15503,323714,5641
2021-11-13,Placer,061,380077,37916,37453,3733,41186,445
2021-11-13,Plumas,063,18699,1885,1828,42,1870,8
2021-11-13,Riverside,065,2383286,368900,363801,16479,380280,5187
2021-11-13,Sacramento,067,1510023,161694,160397,4713,165110,2291
2021-11-13,San Benito,069,59416,7498,7491,172,7663,77
2021-11-13,San Bernardino,071,2135413,359718,356325,11334,367659,5873
2021-11-13,San Diego,073,3302833,379653,377633,22262,399895,4280
2021-11-13,San Francisco,075,870044,53868,53195,2355,55550,667
2021-11-13,San Joaquin,077,732212,101184,100263,5461,105724,1799
2021-11-13,San Luis Obispo,079,281455,30071,29589,1278,30867,351
2021-11-13,San Mateo,081,765935,54897,53853,906,54759,574
2021-11-13,Santa Barbara,083,443738,45140,44734,1569,46303,537
2021-11-13,Santa Clara,085,1922200,149364,147821,1415,149236,1905
2021-11-13,Santa Cruz,087,273765,20824,20565,1010,21575,223
2021-11-13,Shasta,089,179085,22052,21713,3637,25350,366
2021-11-13,Sierra,091,2930,193,188,21,209,0
2021-11-13,Siskiyou,093,43540,3384,3299,1316,4615,54
2021-11-13,Solano,095,438530,46474,45774,1292,47066,350
2021-11-13,Sonoma,097,501317,42203,41882,534,42416,399
2021-11-13,Stanislaus,099,539301,79809,79872,8973,88845,1174
2021-11-13,Sutter,101,95872,14029,14017,363,14380,181
2021-11-13,Tehama,103,63373,8694,8592,1499,10091,125
2021-11-13,Trinity,105,12862,877,749,215,964,17
2021-11-13,Tulare,107,460477,69871,68619,15423,84042,1033
2021-11-13,Tuolumne,109,53932,7477,7392,110,7502,90
2021-11-13,Ventura,111,848112,99237,98452,4319,102771,1183
2021-11-13,Yolo,113,214977,20202,20009,1171,21180,255
2021-11-13,Yuba,115,75493,10315,10218,352,10570,85
2021-11-12,Alameda,001,1643700,121042,120407,2820,123227,1454
2021-11-12,Alpine,003,1148,102,105,0,105,0
2021-11-12,Amador,005,37829,5648,5614,65,5679,66
2021-11-12,Butte,007,227075,21393,21104,3870,24974,296
2021-11-12,Calaveras,009,45235,4241,4203,58,4261,83
2021-11-12,Colusa,011,21464,2561,2522,651,3173,19
2021-11-12,Contra Costa,013,1133247,100619,100004,2229,102233,1028
2021-11-12,Del Norte,015,27424,3714,3629,54,3683,42
2021-11-12,El Dorado,017,186661,16397,16163,1748,17911,159
2021-11-12,Fresno,019,978130,143360,141452,12916,154368,2205
2021-11-12,Glenn,021,27897,3546,3514,1018,4532,34
2021-11-12,Humboldt,023,135768,9301,9177,595,9772,115
2021-11-12,Imperial,025,180216,34356,33990,3303,37293,766
2021-11-12,Inyo,027,18085,2469,2436,40,2476,42
2021-11-12,Kern,029,883053,130238,128472,22986,151458,1719
2021-11-12,Kings,031,150075,32911,32452,1974,34426,347
2021-11-12,Lake,033,64148,6848,6769,153,6922,109
2021-11-12,Lassen,035,31185,6976,6897,394,7291,47
2021-11-12,Los Angeles,037,10098052,1454221,1443088,54701,1497789,26649
2021-11-12,Madera,039,155013,23822,23462,2189,25651,287
2021-11-12,Marin,041,260295,17798,17684,469,18153,247
2021-11-12,Mariposa,043,17540,1373,1323,51,1374,6
2021-11-12,Mendocino,045,87422,7790,7652,615,8267,89
2021-11-12,Merced,047,269075,42573,42411,2007,44418,644
2021-11-12,Modoc,049,8938,556,536,200,736,5
2021-11-12,Mono,051,14174,1766,1750,22,1772,4
2021-11-12,Monterey,053,433212,49196,48087,3033,51120,609
2021-11-12,Napa,055,140530,13187,13110,115,13225,103
2021-11-12,Nevada,057,99092,9483,9369,331,9700,92
2021-11-12,Orange,059,3164182,310666,308211,15485,323696,5641
2021-11-12,Placer,061,380077,37877,37453,3730,41183,445
2021-11-12,Plumas,063,18699,1879,1828,42,1870,8
2021-11-12,Riverside,065,2383286,368633,363801,16475,380276,5187
2021-11-12,Sacramento,067,1510023,161535,160397,4708,165105,2291
2021-11-12,San Benito,069,59416,7498,7491,172,7663,77
2021-11-12,San Bernardino,071,2135413,359410,356325,11324,367649,5873
2021-11-12,San Diego,073,3302833,379288,377633,22240,399873,4280
2021-11-12,San Francisco,075,870044,53833,53195,2351,55546,667
2021-11-12,San Joaquin,077,732212,101139,100263,5455,105718,1799
2021-11-12,San Luis Obispo,079,281455,30042,29589,1277,30866,351
2021-11-12,San Mateo,081,765935,54847,53853,903,54756,574
2021-11-12,Santa Barbara,083,443738,45085,44734,1568,46302,537
2021-11-12,Santa Clara,085,1922200,149222,147821,1410,149231,1905
2021-11-12,Santa Cruz,087,273765,20796,20565,1008,21573,223
2021-11-12,Shasta,089,179085,22019,21713,3634,25347,366
2021-11-12,Sierra,091,2930,192,188,21,209,0
2021-11-12,Siskiyou,093,43540,3383,3299,1314,4613,54
2021-11-12,Solano,095,438530,46447,45774,1288,47062,350
2021-11-12,Sonoma,097,501317,42163,41882,534,42416,399
2021-11-12,Stanislaus,099,539301,79757,79872,8965,88837,1174
2021-11-12,Sutter,101,95872,14022,14017,363,14380,181
2021-11-12,Tehama,103,63373,8690,8592,1498,10090,125
2021-11-12,Trinity,105,12862,870,749,215,964,17
2021-11-12,Tulare,107,460477,69829,68619,15388,84007,1033
2021-11-12,Tuolumne,109,53932,7464,7392,109,7501,90
2021-11-12,Ventura,111,848112,99172,98452,4318,102770,1183
2021-11-12,Yolo,113,214977,20188,20009,1165,21174,255
2021-11-12,Yuba,115,75493,10306,10218,351,10569,85
2021-11-11,Alameda,001,1643700,120926,120147,2812,122959,1453
2021-11-11,Alpine,003,1148,102,105,0,105,0
2021-11-11,Amador,005,37829,5645,5603,64,5667,66
2021-11-11,Butte,007,227075,21350,21047,3863,24910,293
2021-11-11,Calaveras,009,45235,4223,4179,58,4237,83
2021-11-11,Colusa,011,21464,2553,2518,649,3167,19
2021-11-11,Contra Costa,013,1133247,100515,99808,2224,102032,1028
2021-11-11,Del Norte,015,27424,3712,3622,54,3676,42
2021-11-11,El Dorado,017,186661,16363,16085,1745,17830,159
2021-11-11,Fresno,019,978130,143155,140833,12882,153715,2202
2021-11-11,Glenn,021,27897,3544,3503,1018,4521,34
2021-11-11,Humboldt,023,135768,9278,9125,592,9717,115
2021-11-11,Imperial,025,180216,34287,33844,3281,37125,766
2021-11-11,Inyo,027,18085,2464,2428,40,2468,42
2021-11-11,Kern,029,883053,130053,128023,22923,150946,1709
2021-11-11,Kings,031,150075,32861,32318,1972,34290,345
2021-11-11,Lake,033,64148,6841,6745,153,6898,107
2021-11-11,Lassen,035,31185,6970,6875,394,7269,47
2021-11-11,Los Angeles,037,10098052,1453124,1440436,54643,1495079,26614
2021-11-11,Madera,039,155013,23774,23316,2181,25497,287
2021-11-11,Marin,041,260295,17788,17639,469,18108,247
2021-11-11,Mariposa,043,17540,1363,1317,51,1368,6
2021-11-11,Mendocino,045,87422,7775,7612,606,8218,89
2021-11-11,Merced,047,269075,42517,42292,2004,44296,643
2021-11-11,Modoc,049,8938,554,536,200,736,5
2021-11-11,Mono,051,14174,1762,1743,22,1765,4
2021-11-11,Monterey,053,433212,49161,48008,3021,51029,609
2021-11-11,Napa,055,140530,13179,13075,115,13190,103
2021-11-11,Nevada,057,99092,9461,9308,331,9639,92
2021-11-11,Orange,059,3164182,310392,307674,15447,323121,5633
2021-11-11,Placer,061,380077,37826,37333,3722,41055,440
2021-11-11,Plumas,063,18699,1875,1814,42,1856,7
2021-11-11,Riverside,065,2383286,368199,362930,16457,379387,5175
2021-11-11,Sacramento,067,1510023,161322,159962,4689,164651,2289
2021-11-11,San Benito,069,59416,7490,7473,172,7645,76
2021-11-11,San Bernardino,071,2135413,358980,355413,11311,366724,5849
2021-11-11,San Diego,073,3302833,378780,376428,22217,398645,4272
2021-11-11,San Francisco,075,870044,53774,53063,2349,55412,666
2021-11-11,San Joaquin,077,732212,101044,99937,5440,105377,1799
2021-11-11,San Luis Obispo,079,281455,29991,29532,1275,30807,351
2021-11-11,San Mateo,081,765935,54798,53722,898,54620,574
2021-11-11,Santa Barbara,083,443738,45027,44603,1565,46168,534
2021-11-11,Santa Clara,085,1922200,149040,147458,1404,148862,1901
2021-11-11,Santa Cruz,087,273765,20751,20479,1008,21487,222
2021-11-11,Shasta,089,179085,21972,21600,3632,25232,364
2021-11-11,Sierra,091,2930,191,186,21,207,0
2021-11-11,Siskiyou,093,43540,3377,3297,1313,4610,53
2021-11-11,Solano,095,438530,46410,45679,1287,46966,350
2021-11-11,Sonoma,097,501317,42126,41774,534,42308,395
2021-11-11,Stanislaus,099,539301,79675,79570,8949,88519,1166
2021-11-11,Sutter,101,95872,14008,13993,362,14355,181
2021-11-11,Tehama,103,63373,8678,8565,1496,10061,125
2021-11-11,Trinity,105,12862,869,748,215,963,17
2021-11-11,Tulare,107,460477,69736,68367,15352,83719,1028
2021-11-11,Tuolumne,109,53932,7451,7354,109,7463,90
2021-11-11,Ventura,111,848112,99094,98297,4311,102608,1182
2021-11-11,Yolo,113,214977,20161,19946,1163,21109,255
2021-11-11,Yuba,115,75493,10290,10191,351,10542,85
2021-11-10,Alameda,001,1643700,120817,120147,2803,122950,1453
2021-11-10,Alpine,003,1148,102,105,0,105,0
2021-11-10,Amador,005,37829,5639,5603,64,5667,66
2021-11-10,Butte,007,227075,21324,21047,3859,24906,293
2021-11-10,Calaveras,009,45235,4212,4179,58,4237,83
2021-11-10,Colusa,011,21464,2547,2518,649,3167,19
2021-11-10,Contra Costa,013,1133247,100432,99808,2220,102028,1028
2021-11-10,Del Norte,015,27424,3711,3622,54,3676,42
2021-11-10,El Dorado,017,186661,16347,16085,1744,17829,159
2021-11-10,Fresno,019,978130,142977,140833,12869,153702,2202
2021-11-10,Glenn,021,27897,3544,3503,1017,4520,34
2021-11-10,Humboldt,023,135768,9260,9125,592,9717,115
2021-11-10,Imperial,025,180216,34239,33844,3262,37106,766
2021-11-10,Inyo,027,18085,2457,2428,40,2468,42
2021-11-10,Kern,029,883053,129903,128023,22868,150891,1709
2021-11-10,Kings,031,150075,32828,32318,1970,34288,345
2021-11-10,Lake,033,64148,6831,6745,153,6898,107
2021-11-10,Lassen,035,31185,6965,6875,394,7269,47
2021-11-10,Los Angeles,037,10098052,1452172,1440436,54585,1495021,26614
2021-11-10,Madera,039,155013,23724,23316,2175,25491,287
2021-11-10,Marin,041,260295,17775,17639,467,18106,247
2021-11-10,Mariposa,043,17540,1357,1317,51,1368,6
2021-11-10,Mendocino,045,87422,7763,7612,605,8217,89
2021-11-10,Merced,047,269075,42482,42292,2002,44294,643
2021-11-10,Modoc,049,8938,553,536,199,735,5
2021-11-10,Mono,051,14174,1760,1743,22,1765,4
2021-11-10,Monterey,053,433212,49127,48008,3010,51018,609
2021-11-10,Napa,055,140530,13165,13075,114,13189,103
2021-11-10,Nevada,057,99092,9454,9308,329,9637,92
2021-11-10,Orange,059,3164182,310129,307674,15415,323089,5633
2021-11-10,Placer,061,380077,37780,37333,3715,41048,440
2021-11-10,Plumas,063,18699,1869,1814,41,1855,7
2021-11-10,Riverside,065,2383286,367818,362930,16451,379381,5175
2021-11-10,Sacramento,067,1510023,161167,159962,4679,164641,2289
2021-11-10,San Benito,069,59416,7482,7473,172,7645,76
2021-11-10,San Bernardino,071,2135413,358641,355413,11304,366717,5849
2021-11-10,San Diego,073,3302833,378377,376428,22195,398623,4272
2021-11-10,San Francisco,075,870044,53713,53063,2346,55409,666
2021-11-10,San Joaquin,077,732212,100938,99937,5434,105371,1799
2021-11-10,San Luis Obispo,079,281455,29960,29532,1274,30806,351
2021-11-10,San Mateo,081,765935,54744,53722,897,54619,574
2021-11-10,Santa Barbara,083,443738,44989,44603,1564,46167,534
2021-11-10,Santa Clara,085,1922200,148893,147458,1398,148856,1901
2021-11-10,Santa Cruz,087,273765,20724,20479,1007,21486,222
2021-11-10,Shasta,089,179085,21936,21600,3630,25230,364
2021-11-10,Sierra,091,2930,190,186,21,207,0
2021-11-10,Siskiyou,093,43540,3375,3297,1313,4610,53
2021-11-10,Solano,095,438530,46380,45679,1285,46964,350
2021-11-10,Sonoma,097,501317,42075,41774,534,42308,395
2021-11-10,Stanislaus,099,539301,79573,79570,8933,88503,1166
2021-11-10,Sutter,101,95872,14000,13993,362,14355,181
2021-11-10,Tehama,103,63373,8666,8565,1490,10055,125
2021-11-10,Trinity,105,12862,865,748,214,962,17
2021-11-10,Tulare,107,460477,69676,68367,15312,83679,1028
2021-11-10,Tuolumne,109,53932,7427,7354,109,7463,90
2021-11-10,Ventura,111,848112,99023,98297,4311,102608,1182
2021-11-10,Yolo,113,214977,20142,19946,1162,21108,255
2021-11-10,Yuba,115,75493,10281,10191,351,10542,85
2021-11-09,Alameda,001,1643700,120680,120051,2794,122845,1450
2021-11-09,Alpine,003,1148,102,105,0,105,0
2021-11-09,Amador,005,37829,5633,5596,64,5660,66
2021-11-09,Butte,007,227075,21302,21022,3855,24877,291
2021-11-09,Calaveras,009,45235,4208,4174,58,4232,84
2021-11-09,Colusa,011,21464,2542,2517,648,3165,19
2021-11-09,Contra Costa,013,1133247,100337,99732,2212,101944,1028
2021-11-09,Del Norte,015,27424,3710,3620,54,3674,42
2021-11-09,El Dorado,017,186661,16309,16073,1739,17812,160
2021-11-09,Fresno,019,978130,142731,140666,12854,153520,2188
2021-11-09,Glenn,021,27897,3539,3499,1017,4516,34
2021-11-09,Humboldt,023,135768,9239,9112,587,9699,115
2021-11-09,Imperial,025,180216,34186,33751,3248,36999,766
2021-11-09,Inyo,027,18085,2453,2404,40,2444,42
2021-11-09,Kern,029,883053,129657,127901,22806,150707,1694
2021-11-09,Kings,031,150075,32761,32279,1966,34245,344
2021-11-09,Lake,033,64148,6822,6743,153,6896,106
2021-11-09,Lassen,035,31185,6953,6846,394,7240,47
2021-11-09,Los Angeles,037,10098052,1450908,1439125,54522,1493647,26581
2021-11-09,Madera,039,155013,23674,23285,2166,25451,287
2021-11-09,Marin,041,260295,17756,17630,465,18095,247
2021-11-09,Mariposa,043,17540,1349,1317,51,1368,5
2021-11-09,Mendocino,045,87422,7740,7598,599,8197,85
2021-11-09,Merced,047,269075,42441,42251,1996,44247,613
2021-11-09,Modoc,049,8938,552,536,197,733,5
2021-11-09,Mono,051,14174,1755,1738,22,1760,4
2021-11-09,Monterey,053,433212,49091,47975,2986,50961,609
2021-11-09,Napa,055,140530,13147,13051,114,13165,103
2021-11-09,Nevada,057,99092,9435,9288,329,9617,92
2021-11-09,Orange,059,3164182,309845,307412,15387,322799,5621
2021-11-09,Placer,061,380077,37725,37291,3698,40989,440
2021-11-09,Plumas,063,18699,1867,1802,41,1843,7
2021-11-09,Riverside,065,2383286,367352,362557,16436,378993,5160
2021-11-09,Sacramento,067,1510023,160926,159856,4670,164526,2286
2021-11-09,San Benito,069,59416,7472,7471,171,7642,76
2021-11-09,San Bernardino,071,2135413,358193,354972,11287,366259,5839
2021-11-09,San Diego,073,3302833,377882,375997,22169,398166,4272
2021-11-09,San Francisco,075,870044,53639,52996,2340,55336,666
2021-11-09,San Joaquin,077,732212,100763,99848,5421,105269,1794
2021-11-09,San Luis Obispo,079,281455,29918,29488,1273,30761,350
2021-11-09,San Mateo,081,765935,54697,53697,888,54585,574
2021-11-09,Santa Barbara,083,443738,44922,44579,1557,46136,533
2021-11-09,Santa Clara,085,1922200,148687,147281,1391,148672,1901
2021-11-09,Santa Cruz,087,273765,20690,20463,1006,21469,222
2021-11-09,Shasta,089,179085,21881,21558,3625,25183,364
2021-11-09,Sierra,091,2930,190,186,21,207,0
2021-11-09,Siskiyou,093,43540,3373,3295,1311,4606,52
2021-11-09,Solano,095,438530,46325,45639,1284,46923,350
2021-11-09,Sonoma,097,501317,42018,41727,532,42259,395
2021-11-09,Stanislaus,099,539301,79467,79505,8916,88421,1165
2021-11-09,Sutter,101,95872,13985,13988,360,14348,180
2021-11-09,Tehama,103,63373,8648,8555,1488,10043,125
2021-11-09,Trinity,105,12862,864,746,214,960,17
2021-11-09,Tulare,107,460477,69570,68298,15272,83570,1024
2021-11-09,Tuolumne,109,53932,7407,7347,109,7456,90
2021-11-09,Ventura,111,848112,98945,98202,4306,102508,1182
2021-11-09,Yolo,113,214977,20118,19931,1158,21089,255
2021-11-09,Yuba,115,75493,10264,10175,345,10520,85
2021-11-08,Alameda,001,1643700,120537,119983,2788,122771,1447
2021-11-08,Alpine,003,1148,102,105,0,105,0
2021-11-08,Amador,005,37829,5627,5590,64,5654,66
2021-11-08,Butte,007,227075,21274,21000,3847,24847,288
2021-11-08,Calaveras,009,45235,4200,4166,58,4224,82
2021-11-08,Colusa,011,21464,2541,2514,647,3161,19
2021-11-08,Contra Costa,013,1133247,100233,99669,2208,101877,1028
2021-11-08,Del Norte,015,27424,3706,3619,54,3673,42
2021-11-08,El Dorado,017,186661,16290,16055,1734,17789,156
2021-11-08,Fresno,019,978130,142430,140466,12832,153298,2179
2021-11-08,Glenn,021,27897,3537,3496,1013,4509,34
2021-11-08,Humboldt,023,135768,9212,9095,577,9672,109
2021-11-08,Imperial,025,180216,34106,33690,3230,36920,766
2021-11-08,Inyo,027,18085,2446,2398,40,2438,41
2021-11-08,Kern,029,883053,129421,127722,22723,150445,1692
2021-11-08,Kings,031,150075,32715,32248,1965,34213,344
2021-11-08,Lake,033,64148,6816,6737,153,6890,106
2021-11-08,Lassen,035,31185,6946,6830,392,7222,46
2021-11-08,Los Angeles,037,10098052,1449564,1438322,54463,1492785,26575
2021-11-08,Madera,039,155013,23625,23253,2155,25408,287
2021-11-08,Marin,041,260295,17739,17617,462,18079,247
2021-11-08,Mariposa,043,17540,1341,1316,50,1366,5
2021-11-08,Mendocino,045,87422,7727,7581,593,8174,85
2021-11-08,Merced,047,269075,42371,42224,1986,44210,607
2021-11-08,Modoc,049,8938,551,529,197,726,5
2021-11-08,Mono,051,14174,1751,1739,22,1761,4
2021-11-08,Monterey,053,433212,49050,47942,2965,50907,602
2021-11-08,Napa,055,140530,13133,13045,114,13159,103
2021-11-08,Nevada,057,99092,9416,9278,327,9605,92
2021-11-08,Orange,059,3164182,309572,307156,15356,322512,5616
2021-11-08,Placer,061,380077,37671,37250,3695,40945,439
2021-11-08,Plumas,063,18699,1866,1788,40,1828,7
2021-11-08,Riverside,065,2383286,366897,362201,16422,378623,5152
2021-11-08,Sacramento,067,1510023,160710,159735,4650,164385,2275
2021-11-08,San Benito,069,59416,7470,7461,171,7632,75
2021-11-08,San Bernardino,071,2135413,357682,354741,11269,366010,5836
2021-11-08,San Diego,073,3302833,377320,375557,22122,397679,4259
2021-11-08,San Francisco,075,870044,53586,52942,2334,55276,666
2021-11-08,San Joaquin,077,732212,100649,99736,5419,105155,1794
2021-11-08,San Luis Obispo,079,281455,29866,29464,1268,30732,350
2021-11-08,San Mateo,081,765935,54624,53658,883,54541,574
2021-11-08,Santa Barbara,083,443738,44868,44548,1556,46104,532
2021-11-08,Santa Clara,085,1922200,148461,147183,1385,148568,1899
2021-11-08,Santa Cruz,087,273765,20661,20435,1006,21441,222
2021-11-08,Shasta,089,179085,21834,21504,3619,25123,354
2021-11-08,Sierra,091,2930,190,183,21,204,0
2021-11-08,Siskiyou,093,43540,3369,3290,1300,4590,50
2021-11-08,Solano,095,438530,46284,45613,1280,46893,350
2021-11-08,Sonoma,097,501317,41950,41669,531,42200,395
2021-11-08,Stanislaus,099,539301,79315,79417,8902,88319,1150
2021-11-08,Sutter,101,95872,13977,13976,356,14332,180
2021-11-08,Tehama,103,63373,8639,8534,1488,10022,123
2021-11-08,Trinity,105,12862,864,743,213,956,13
2021-11-08,Tulare,107,460477,69453,68199,15234,83433,1020
2021-11-08,Tuolumne,109,53932,7388,7328,108,7436,90
2021-11-08,Ventura,111,848112,98852,98144,4304,102448,1182
2021-11-08,Yolo,113,214977,20080,19916,1153,21069,255
2021-11-08,Yuba,115,75493,10253,10172,342,10514,83
2021-11-07,Alameda,001,1643700,120380,119902,2782,122684,1444
2021-11-07,Alpine,003,1148,102,105,0,105,0
2021-11-07,Amador,005,37829,5619,5580,62,5642,66
2021-11-07,Butte,007,227075,21233,20969,3838,24807,288
2021-11-07,Calaveras,009,45235,4173,4158,57,4215,82
2021-11-07,Colusa,011,21464,2535,2511,645,3156,19
2021-11-07,Contra Costa,013,1133247,100122,99596,2199,101795,1028
2021-11-07,Del Norte,015,27424,3704,3617,54,3671,42
2021-11-07,El Dorado,017,186661,16253,16040,1731,17771,156
2021-11-07,Fresno,019,978130,142088,140263,12804,153067,2179
2021-11-07,Glenn,021,27897,3530,3493,1012,4505,34
2021-11-07,Humboldt,023,135768,9187,9074,573,9647,109
2021-11-07,Imperial,025,180216,34033,33674,3211,36885,766
2021-11-07,Inyo,027,18085,2433,2394,40,2434,41
2021-11-07,Kern,029,883053,129149,127583,22631,150214,1692
2021-11-07,Kings,031,150075,32624,32221,1962,34183,343
2021-11-07,Lake,033,64148,6800,6734,152,6886,106
2021-11-07,Lassen,035,31185,6938,6819,388,7207,46
2021-11-07,Los Angeles,037,10098052,1448067,1437314,54387,1491701,26573
2021-11-07,Madera,039,155013,23580,23225,2147,25372,287
2021-11-07,Marin,041,260295,17719,17594,461,18055,247
2021-11-07,Mariposa,043,17540,1339,1306,50,1356,5
2021-11-07,Mendocino,045,87422,7699,7567,589,8156,85
2021-11-07,Merced,047,269075,42293,42186,1955,44141,607
2021-11-07,Modoc,049,8938,548,528,196,724,5
2021-11-07,Mono,051,14174,1745,1739,22,1761,4
2021-11-07,Monterey,053,433212,48998,47924,2960,50884,602
2021-11-07,Napa,055,140530,13112,13041,114,13155,103
2021-11-07,Nevada,057,99092,9368,9254,327,9581,92
2021-11-07,Orange,059,3164182,309248,306954,15318,322272,5616
2021-11-07,Placer,061,380077,37595,37202,3680,40882,439
2021-11-07,Plumas,063,18699,1859,1787,39,1826,7
2021-11-07,Riverside,065,2383286,366360,361960,16402,378362,5152
2021-11-07,Sacramento,067,1510023,160478,159549,4633,164182,2277
2021-11-07,San Benito,069,59416,7457,7460,171,7631,75
2021-11-07,San Bernardino,071,2135413,357174,354488,11246,365734,5832
2021-11-07,San Diego,073,3302833,376739,375165,22089,397254,4250
2021-11-07,San Francisco,075,870044,53502,52868,2328,55196,666
2021-11-07,San Joaquin,077,732212,100464,99696,5413,105109,1794
2021-11-07,San Luis Obispo,079,281455,29816,29454,1264,30718,350
2021-11-07,San Mateo,081,765935,54565,53600,881,54481,574
2021-11-07,Santa Barbara,083,443738,44805,44501,1555,46056,532
2021-11-07,Santa Clara,085,1922200,148257,147054,1372,148426,1898
2021-11-07,Santa Cruz,087,273765,20603,20397,1005,21402,222
2021-11-07,Shasta,089,179085,21786,21479,3613,25092,354
2021-11-07,Sierra,091,2930,188,183,21,204,0
2021-11-07,Siskiyou,093,43540,3363,3289,1298,4587,51
2021-11-07,Solano,095,438530,46229,45582,1273,46855,350
2021-11-07,Sonoma,097,501317,41900,41630,530,42160,395
2021-11-07,Stanislaus,099,539301,79160,79351,8880,88231,1150
2021-11-07,Sutter,101,95872,13964,13964,353,14317,180
2021-11-07,Tehama,103,63373,8615,8528,1486,10014,121
2021-11-07,Trinity,105,12862,863,742,212,954,13
2021-11-07,Tulare,107,460477,69300,68145,15192,83337,1020
2021-11-07,Tuolumne,109,53932,7370,7300,106,7406,90
2021-11-07,Ventura,111,848112,98761,98085,4302,102387,1182
2021-11-07,Yolo,113,214977,20059,19899,1148,21047,255
2021-11-07,Yuba,115,75493,10236,10162,337,10499,83
2021-11-06,Alameda,001,1643700,120316,119499,2779,122278,1436
2021-11-06,Alpine,003,1148,102,105,0,105,0
2021-11-06,Amador,005,37829,5613,5557,62,5619,66
2021-11-06,Butte,007,227075,21213,20796,3834,24630,288
2021-11-06,Calaveras,009,45235,4165,4105,57,4162,82
2021-11-06,Colusa,011,21464,2534,2501,644,3145,19
2021-11-06,Contra Costa,013,1133247,100067,99282,2197,101479,1025
2021-11-06,Del Norte,015,27424,3701,3607,54,3661,42
2021-11-06,El Dorado,017,186661,16236,15958,1731,17689,156
2021-11-06,Fresno,019,978130,141970,139249,12799,152048,2170
2021-11-06,Glenn,021,27897,3527,3479,1012,4491,33
2021-11-06,Humboldt,023,135768,9175,8972,569,9541,109
2021-11-06,Imperial,025,180216,33989,33471,3205,36676,766
2021-11-06,Inyo,027,18085,2427,2353,40,2393,41
2021-11-06,Kern,029,883053,129015,126848,22579,149427,1684
2021-11-06,Kings,031,150075,32591,32018,1957,33975,342
2021-11-06,Lake,033,64148,6798,6695,152,6847,106
2021-11-06,Lassen,035,31185,6933,6796,387,7183,46
2021-11-06,Los Angeles,037,10098052,1447292,1433081,54345,1487426,26533
2021-11-06,Madera,039,155013,23544,22994,2137,25131,287
2021-11-06,Marin,041,260295,17700,17520,458,17978,247
2021-11-06,Mariposa,043,17540,1337,1282,50,1332,5
2021-11-06,Mendocino,045,87422,7677,7486,589,8075,85
2021-11-06,Merced,047,269075,42269,41958,1947,43905,604
2021-11-06,Modoc,049,8938,547,523,196,719,5
2021-11-06,Mono,051,14174,1743,1725,22,1747,4
2021-11-06,Monterey,053,433212,48966,47830,2950,50780,602
2021-11-06,Napa,055,140530,13102,12950,114,13064,103
2021-11-06,Nevada,057,99092,9346,9169,326,9495,91
2021-11-06,Orange,059,3164182,309041,306049,15292,321341,5611
2021-11-06,Placer,061,380077,37554,36967,3677,40644,438
2021-11-06,Plumas,063,18699,1855,1755,38,1793,7
2021-11-06,Riverside,065,2383286,366042,360584,16394,376978,5138
2021-11-06,Sacramento,067,1510023,160385,158766,4628,163394,2263
2021-11-06,San Benito,069,59416,7450,7429,171,7600,75
2021-11-06,San Bernardino,071,2135413,356905,353142,11242,364384,5813
2021-11-06,San Diego,073,3302833,376403,373423,22071,395494,4246
2021-11-06,San Francisco,075,870044,53449,52556,2325,54881,666
2021-11-06,San Joaquin,077,732212,100406,99372,5412,104784,1782
2021-11-06,San Luis Obispo,079,281455,29788,29335,1260,30595,350
2021-11-06,San Mateo,081,765935,54530,53442,880,54322,574
2021-11-06,Santa Barbara,083,443738,44769,44301,1554,45855,532
2021-11-06,Santa Clara,085,1922200,148112,146519,1367,147886,1894
2021-11-06,Santa Cruz,087,273765,20584,20311,1003,21314,222
2021-11-06,Shasta,089,179085,21767,21281,3608,24889,349
2021-11-06,Sierra,091,2930,188,181,21,202,0
2021-11-06,Siskiyou,093,43540,3363,3279,1296,4575,48
2021-11-06,Solano,095,438530,46199,45465,1272,46737,350
2021-11-06,Sonoma,097,501317,41850,41398,529,41927,395
2021-11-06,Stanislaus,099,539301,79092,78902,8872,87774,1193
2021-11-06,Sutter,101,95872,13960,13908,352,14260,180
2021-11-06,Tehama,103,63373,8604,8474,1484,9958,120
2021-11-06,Trinity,105,12862,860,732,212,944,11
2021-11-06,Tulare,107,460477,69250,67767,15163,82930,1010
2021-11-06,Tuolumne,109,53932,7358,7245,106,7351,90
2021-11-06,Ventura,111,848112,98694,97770,4297,102067,1180
2021-11-06,Yolo,113,214977,20042,19827,1144,20971,255
2021-11-06,Yuba,115,75493,10222,10107,337,10444,83
2021-11-05,Alameda,001,1643700,120232,119499,2777,122276,1436
2021-11-05,Alpine,003,1148,102,105,0,105,0
2021-11-05,Amador,005,37829,5608,5557,62,5619,66
2021-11-05,Butte,007,227075,21200,20796,3833,24629,288
2021-11-05,Calaveras,009,45235,4160,4105,57,4162,82
2021-11-05,Colusa,011,21464,2534,2501,643,3144,19
2021-11-05,Contra Costa,013,1133247,100002,99282,2195,101477,1025
2021-11-05,Del Norte,015,27424,3699,3607,54,3661,42
2021-11-05,El Dorado,017,186661,16218,15958,1725,17683,156
2021-11-05,Fresno,019,978130,141792,139249,12789,152038,2170
2021-11-05,Glenn,021,27897,3527,3479,1011,4490,33
2021-11-05,Humboldt,023,135768,9161,8972,569,9541,109
2021-11-05,Imperial,025,180216,33953,33471,3202,36673,766
2021-11-05,Inyo,027,18085,2419,2353,40,2393,41
2021-11-05,Kern,029,883053,128888,126848,22524,149372,1684
2021-11-05,Kings,031,150075,32567,32018,1956,33974,342
2021-11-05,Lake,033,64148,6792,6695,152,6847,106
2021-11-05,Lassen,035,31185,6929,6796,386,7182,46
2021-11-05,Los Angeles,037,10098052,1446472,1433081,54308,1487389,26533
2021-11-05,Madera,039,155013,23506,22994,2136,25130,287
2021-11-05,Marin,041,260295,17678,17520,457,17977,247
2021-11-05,Mariposa,043,17540,1334,1282,49,1331,5
2021-11-05,Mendocino,045,87422,7666,7486,588,8074,85
2021-11-05,Merced,047,269075,42243,41958,1938,43896,604
2021-11-05,Modoc,049,8938,547,523,196,719,5
2021-11-05,Mono,051,14174,1742,1725,22,1747,4
2021-11-05,Monterey,053,433212,48936,47830,2948,50778,602
2021-11-05,Napa,055,140530,13080,12950,114,13064,103
2021-11-05,Nevada,057,99092,9333,9169,326,9495,91
2021-11-05,Orange,059,3164182,308844,306049,15270,321319,5611
2021-11-05,Placer,061,380077,37527,36967,3668,40635,438
2021-11-05,Plumas,063,18699,1847,1755,38,1793,7
2021-11-05,Riverside,065,2383286,365701,360584,16384,376968,5138
2021-11-05,Sacramento,067,1510023,160263,158766,4622,163388,2263
2021-11-05,San Benito,069,59416,7448,7429,170,7599,75
2021-11-05,San Bernardino,071,2135413,356575,353142,11232,364374,5813
2021-11-05,San Diego,073,3302833,376050,373423,22059,395482,4246
2021-11-05,San Francisco,075,870044,53398,52556,2322,54878,666
2021-11-05,San Joaquin,077,732212,100353,99372,5403,104775,1782
2021-11-05,San Luis Obispo,079,281455,29765,29335,1260,30595,350
2021-11-05,San Mateo,081,765935,54488,53442,878,54320,574
2021-11-05,Santa Barbara,083,443738,44724,44301,1553,45854,532
2021-11-05,Santa Clara,085,1922200,147975,146519,1366,147885,1894
2021-11-05,Santa Cruz,087,273765,20560,20311,1002,21313,222
2021-11-05,Shasta,089,179085,21735,21281,3603,24884,349
2021-11-05,Sierra,091,2930,188,181,21,202,0
2021-11-05,Siskiyou,093,43540,3358,3279,1295,4574,48
2021-11-05,Solano,095,438530,46154,45465,1269,46734,350
2021-11-05,Sonoma,097,501317,41810,41398,529,41927,395
2021-11-05,Stanislaus,099,539301,79034,78902,8860,87762,1193
2021-11-05,Sutter,101,95872,13952,13908,351,14259,180
2021-11-05,Tehama,103,63373,8597,8474,1483,9957,120
2021-11-05,Trinity,105,12862,860,732,212,944,11
2021-11-05,Tulare,107,460477,69178,67767,15126,82893,1010
2021-11-05,Tuolumne,109,53932,7341,7245,105,7350,90
2021-11-05,Ventura,111,848112,98654,97770,4294,102064,1180
2021-11-05,Yolo,113,214977,20031,19827,1143,20970,255
2021-11-05,Yuba,115,75493,10209,10107,335,10442,83
2021-11-04,Alameda,001,1643700,120115,119499,2771,122270,1436
2021-11-04,Alpine,003,1148,102,105,0,105,0
2021-11-04,Amador,005,37829,5600,5557,62,5619,66
2021-11-04,Butte,007,227075,21158,20796,3822,24618,288
2021-11-04,Calaveras,009,45235,4146,4105,55,4160,82
2021-11-04,Colusa,011,21464,2528,2501,642,3143,19
2021-11-04,Contra Costa,013,1133247,99911,99282,2190,101472,1025
2021-11-04,Del Norte,015,27424,3696,3607,54,3661,42
2021-11-04,El Dorado,017,186661,16192,15958,1721,17679,156
2021-11-04,Fresno,019,978130,141510,139249,12780,152029,2170
2021-11-04,Glenn,021,27897,3522,3479,1010,4489,33
2021-11-04,Humboldt,023,135768,9136,8972,566,9538,109
2021-11-04,Imperial,025,180216,33896,33471,3193,36664,766
2021-11-04,Inyo,027,18085,2411,2353,40,2393,41
2021-11-04,Kern,029,883053,128656,126848,22456,149304,1684
2021-11-04,Kings,031,150075,32488,32018,1947,33965,342
2021-11-04,Lake,033,64148,6782,6695,150,6845,106
2021-11-04,Lassen,035,31185,6919,6796,381,7177,46
2021-11-04,Los Angeles,037,10098052,1445163,1433081,54227,1487308,26533
2021-11-04,Madera,039,155013,23451,22994,2125,25119,287
2021-11-04,Marin,041,260295,17666,17520,455,17975,247
2021-11-04,Mariposa,043,17540,1327,1282,49,1331,5
2021-11-04,Mendocino,045,87422,7653,7486,582,8068,85
2021-11-04,Merced,047,269075,42189,41958,1934,43892,604
2021-11-04,Modoc,049,8938,546,523,196,719,5
2021-11-04,Mono,051,14174,1737,1725,22,1747,4
2021-11-04,Monterey,053,433212,48892,47830,2932,50762,602
2021-11-04,Napa,055,140530,13059,12950,114,13064,103
2021-11-04,Nevada,057,99092,9302,9169,325,9494,91
2021-11-04,Orange,059,3164182,308596,306049,15252,321301,5611
2021-11-04,Placer,061,380077,37455,36967,3659,40626,438
2021-11-04,Plumas,063,18699,1839,1755,34,1789,7
2021-11-04,Riverside,065,2383286,365303,360584,16375,376959,5138
2021-11-04,Sacramento,067,1510023,160029,158766,4602,163368,2263
2021-11-04,San Benito,069,59416,7442,7429,170,7599,75
2021-11-04,San Bernardino,071,2135413,356138,353142,11224,364366,5813
2021-11-04,San Diego,073,3302833,375581,373423,22038,395461,4246
2021-11-04,San Francisco,075,870044,53317,52556,2318,54874,666
2021-11-04,San Joaquin,077,732212,100246,99372,5391,104763,1782
2021-11-04,San Luis Obispo,079,281455,29741,29335,1254,30589,350
2021-11-04,San Mateo,081,765935,54429,53442,872,54314,574
2021-11-04,Santa Barbara,083,443738,44668,44301,1553,45854,532
2021-11-04,Santa Clara,085,1922200,147821,146519,1362,147881,1894
2021-11-04,Santa Cruz,087,273765,20525,20311,1002,21313,222
2021-11-04,Shasta,089,179085,21677,21281,3597,24878,349
2021-11-04,Sierra,091,2930,186,181,21,202,0
2021-11-04,Siskiyou,093,43540,3354,3279,1288,4567,48
2021-11-04,Solano,095,438530,46112,45465,1268,46733,350
2021-11-04,Sonoma,097,501317,41750,41398,529,41927,395
2021-11-04,Stanislaus,099,539301,78896,78902,8852,87754,1193
2021-11-04,Sutter,101,95872,13941,13908,349,14257,180
2021-11-04,Tehama,103,63373,8588,8474,1479,9953,120
2021-11-04,Trinity,105,12862,859,732,212,944,11
2021-11-04,Tulare,107,460477,69063,67767,15080,82847,1010
2021-11-04,Tuolumne,109,53932,7319,7245,103,7348,90
2021-11-04,Ventura,111,848112,98566,97770,4291,102061,1180
2021-11-04,Yolo,113,214977,20006,19827,1138,20965,255
2021-11-04,Yuba,115,75493,10195,10107,333,10440,83
2021-11-03,Alameda,001,1643700,119974,119356,2767,122123,1428
2021-11-03,Alpine,003,1148,102,105,0,105,0
2021-11-03,Amador,005,37829,5594,5545,61,5606,66
2021-11-03,Butte,007,227075,21113,20769,3813,24582,284
2021-11-03,Calaveras,009,45235,4128,4087,54,4141,82
2021-11-03,Colusa,011,21464,2522,2499,642,3141,20
2021-11-03,Contra Costa,013,1133247,99812,99168,2185,101353,1025
2021-11-03,Del Norte,015,27424,3694,3600,53,3653,42
2021-11-03,El Dorado,017,186661,16165,15915,1717,17632,156
2021-11-03,Fresno,019,978130,141148,138873,12758,151631,2166
2021-11-03,Glenn,021,27897,3518,3470,1010,4480,33
2021-11-03,Humboldt,023,135768,9119,8949,561,9510,109
2021-11-03,Imperial,025,180216,33824,33402,3183,36585,766
2021-11-03,Inyo,027,18085,2390,2344,40,2384,41
2021-11-03,Kern,029,883053,128396,126523,22355,148878,1681
2021-11-03,Kings,031,150075,32433,31923,1940,33863,341
2021-11-03,Lake,033,64148,6766,6685,150,6835,106
2021-11-03,Lassen,035,31185,6902,6782,376,7158,46
2021-11-03,Los Angeles,037,10098052,1443810,1431209,54142,1485351,26517
2021-11-03,Madera,039,155013,23383,22893,2116,25009,287
2021-11-03,Marin,041,260295,17645,17491,451,17942,247
2021-11-03,Mariposa,043,17540,1317,1276,49,1325,5
2021-11-03,Mendocino,045,87422,7637,7457,574,8031,84
2021-11-03,Merced,047,269075,42128,41849,1924,43773,597
2021-11-03,Modoc,049,8938,546,521,194,715,5
2021-11-03,Mono,051,14174,1733,1719,22,1741,4
2021-11-03,Monterey,053,433212,48842,47794,2919,50713,601
2021-11-03,Napa,055,140530,13047,12937,113,13050,103
2021-11-03,Nevada,057,99092,9275,9131,324,9455,91
2021-11-03,Orange,059,3164182,308285,305661,15219,320880,5607
2021-11-03,Placer,061,380077,37385,36868,3654,40522,438
2021-11-03,Plumas,063,18699,1828,1739,33,1772,7
2021-11-03,Riverside,065,2383286,364845,360060,16371,376431,5131
2021-11-03,Sacramento,067,1510023,159805,158311,4592,162903,2259
2021-11-03,San Benito,069,59416,7434,7419,170,7589,75
2021-11-03,San Bernardino,071,2135413,355662,352225,11204,363429,5813
2021-11-03,San Diego,073,3302833,375081,372951,22015,394966,4241
2021-11-03,San Francisco,075,870044,53224,52493,2313,54806,663
2021-11-03,San Joaquin,077,732212,100134,99188,5380,104568,1776
2021-11-03,San Luis Obispo,079,281455,29699,29276,1248,30524,348
2021-11-03,San Mateo,081,765935,54365,53396,866,54262,571
2021-11-03,Santa Barbara,083,443738,44611,44220,1550,45770,531
2021-11-03,Santa Clara,085,1922200,147651,146259,1355,147614,1897
2021-11-03,Santa Cruz,087,273765,20490,20275,1002,21277,222
2021-11-03,Shasta,089,179085,21619,21215,3590,24805,346
2021-11-03,Sierra,091,2930,184,180,21,201,0
2021-11-03,Siskiyou,093,43540,3350,3276,1286,4562,46
2021-11-03,Solano,095,438530,46085,45411,1266,46677,351
2021-11-03,Sonoma,097,501317,41673,41326,527,41853,395
2021-11-03,Stanislaus,099,539301,78765,78736,8836,87572,1193
2021-11-03,Sutter,101,95872,13928,13876,347,14223,179
2021-11-03,Tehama,103,63373,8576,8438,1479,9917,118
2021-11-03,Trinity,105,12862,858,730,212,942,11
2021-11-03,Tulare,107,460477,68935,67588,15039,82627,1007
2021-11-03,Tuolumne,109,53932,7301,7218,101,7319,90
2021-11-03,Ventura,111,848112,98458,97682,4287,101969,1178
2021-11-03,Yolo,113,214977,19988,19758,1130,20888,250
2021-11-03,Yuba,115,75493,10183,10092,333,10425,83
2021-11-02,Alameda,001,1643700,119829,119241,2761,122002,1425
2021-11-02,Alpine,003,1148,101,105,0,105,0
2021-11-02,Amador,005,37829,5589,5535,61,5596,66
2021-11-02,Butte,007,227075,21068,20744,3802,24546,282
2021-11-02,Calaveras,009,45235,4105,4075,54,4129,82
2021-11-02,Colusa,011,21464,2517,2497,641,3138,19
2021-11-02,Contra Costa,013,1133247,99708,99080,2173,101253,1025
2021-11-02,Del Norte,015,27424,3692,3596,53,3649,42
2021-11-02,El Dorado,017,186661,16136,15883,1717,17600,154
2021-11-02,Fresno,019,978130,140824,138644,12727,151371,2158
2021-11-02,Glenn,021,27897,3510,3469,1007,4476,33
2021-11-02,Humboldt,023,135768,9077,8937,560,9497,109
2021-11-02,Imperial,025,180216,33751,33371,3171,36542,766
2021-11-02,Inyo,027,18085,2383,2324,40,2364,41
2021-11-02,Kern,029,883053,128141,126311,22235,148546,1665
2021-11-02,Kings,031,150075,32374,31896,1935,33831,339
2021-11-02,Lake,033,64148,6761,6681,149,6830,106
2021-11-02,Lassen,035,31185,6890,6777,373,7150,45
2021-11-02,Los Angeles,037,10098052,1442359,1429601,54066,1483667,26496
2021-11-02,Madera,039,155013,23302,22837,2105,24942,287
2021-11-02,Marin,041,260295,17617,17482,451,17933,247
2021-11-02,Mariposa,043,17540,1306,1270,48,1318,5
2021-11-02,Mendocino,045,87422,7613,7447,562,8009,84
2021-11-02,Merced,047,269075,42061,41785,1916,43701,596
2021-11-02,Modoc,049,8938,543,520,193,713,5
2021-11-02,Mono,051,14174,1729,1718,22,1740,4
2021-11-02,Monterey,053,433212,48791,47775,2901,50676,599
2021-11-02,Napa,055,140530,13029,12930,113,13043,104
2021-11-02,Nevada,057,99092,9245,9122,323,9445,91
2021-11-02,Orange,059,3164182,307969,305369,15174,320543,5600
2021-11-02,Placer,061,380077,37313,36817,3639,40456,438
2021-11-02,Plumas,063,18699,1817,1721,33,1754,7
2021-11-02,Riverside,065,2383286,364391,359586,16352,375938,5116
2021-11-02,Sacramento,067,1510023,159549,158112,4570,162682,2250
2021-11-02,San Benito,069,59416,7418,7407,170,7577,75
2021-11-02,San Bernardino,071,2135413,355187,351832,11150,362982,5813
2021-11-02,San Diego,073,3302833,374496,372440,21985,394425,4232
2021-11-02,San Francisco,075,870044,53105,52450,2309,54759,663
2021-11-02,San Joaquin,077,732212,100000,99076,5369,104445,1772
2021-11-02,San Luis Obispo,079,281455,29666,29224,1244,30468,348
2021-11-02,San Mateo,081,765935,54293,53351,863,54214,571
2021-11-02,Santa Barbara,083,443738,44555,44177,1547,45724,531
2021-11-02,Santa Clara,085,1922200,147457,146115,1348,147463,1896
2021-11-02,Santa Cruz,087,273765,20457,20266,1001,21267,222
2021-11-02,Shasta,089,179085,21545,21127,3580,24707,344
2021-11-02,Sierra,091,2930,184,180,20,200,0
2021-11-02,Siskiyou,093,43540,3348,3272,1283,4555,46
2021-11-02,Solano,095,438530,46045,45378,1260,46638,350
2021-11-02,Sonoma,097,501317,41592,41288,526,41814,395
2021-11-02,Stanislaus,099,539301,78610,78629,8816,87445,1193
2021-11-02,Sutter,101,95872,13908,13868,347,14215,179
2021-11-02,Tehama,103,63373,8560,8422,1476,9898,116
2021-11-02,Trinity,105,12862,858,729,212,941,11
2021-11-02,Tulare,107,460477,68810,67502,14991,82493,1002
2021-11-02,Tuolumne,109,53932,7280,7204,99,7303,90
2021-11-02,Ventura,111,848112,98353,97574,4283,101857,1178
2021-11-02,Yolo,113,214977,19958,19736,1128,20864,250
2021-11-02,Yuba,115,75493,10160,10080,331,10411,83
2021-11-01,Alameda,001,1643700,119689,119159,2758,121917,1421
2021-11-01,Alpine,003,1148,101,105,0,105,0
2021-11-01,Amador,005,37829,5587,5532,61,5593,64
2021-11-01,Butte,007,227075,21018,20710,3796,24506,281
2021-11-01,Calaveras,009,45235,4095,4059,53,4112,82
2021-11-01,Colusa,011,21464,2515,2494,638,3132,19
2021-11-01,Contra Costa,013,1133247,99583,99011,2165,101176,1025
2021-11-01,Del Norte,015,27424,3690,3594,53,3647,42
2021-11-01,El Dorado,017,186661,16112,15858,1712,17570,154
2021-11-01,Fresno,019,978130,140448,138421,12690,151111,2149
2021-11-01,Glenn,021,27897,3502,3461,1005,4466,33
2021-11-01,Humboldt,023,135768,9049,8929,556,9485,108
2021-11-01,Imperial,025,180216,33701,33342,3162,36504,766
2021-11-01,Inyo,027,18085,2371,2307,40,2347,41
2021-11-01,Kern,029,883053,127841,126092,22120,148212,1660
2021-11-01,Kings,031,150075,32321,31866,1931,33797,337
2021-11-01,Lake,033,64148,6750,6676,148,6824,106
2021-11-01,Lassen,035,31185,6875,6775,370,7145,42
2021-11-01,Los Angeles,037,10098052,1440974,1428891,53975,1482866,26483
2021-11-01,Madera,039,155013,23223,22801,2100,24901,283
2021-11-01,Marin,041,260295,17597,17460,450,17910,247
2021-11-01,Mariposa,043,17540,1298,1266,47,1313,5
2021-11-01,Mendocino,045,87422,7580,7422,544,7966,84
2021-11-01,Merced,047,269075,41970,41740,1914,43654,594
2021-11-01,Modoc,049,8938,538,520,191,711,5
2021-11-01,Mono,051,14174,1725,1714,22,1736,3
2021-11-01,Monterey,053,433212,48748,47756,2889,50645,597
2021-11-01,Napa,055,140530,13002,12916,112,13028,101
2021-11-01,Nevada,057,99092,9222,9108,322,9430,91
2021-11-01,Orange,059,3164182,307627,305192,15131,320323,5596
2021-11-01,Placer,061,380077,37230,36747,3627,40374,435
2021-11-01,Plumas,063,18699,1798,1719,33,1752,7
2021-11-01,Riverside,065,2383286,363889,359263,16330,375593,5115
2021-11-01,Sacramento,067,1510023,159277,157893,4546,162439,2239
2021-11-01,San Benito,069,59416,7408,7406,169,7575,73
2021-11-01,San Bernardino,071,2135413,354699,351620,11130,362750,5815
2021-11-01,San Diego,073,3302833,373933,372043,21967,394010,4232
2021-11-01,San Francisco,075,870044,53020,52418,2302,54720,661
2021-11-01,San Joaquin,077,732212,99837,98969,5362,104331,1772
2021-11-01,San Luis Obispo,079,281455,29622,29199,1239,30438,343
2021-11-01,San Mateo,081,765935,54226,53314,859,54173,571
2021-11-01,Santa Barbara,083,443738,44488,44146,1543,45689,529
2021-11-01,Santa Clara,085,1922200,147260,145978,1343,147321,1907
2021-11-01,Santa Cruz,087,273765,20422,20238,1001,21239,221
2021-11-01,Shasta,089,179085,21492,21104,3573,24677,338
2021-11-01,Sierra,091,2930,184,180,20,200,0
2021-11-01,Siskiyou,093,43540,3341,3272,1278,4550,46
2021-11-01,Solano,095,438530,45991,45358,1260,46618,350
2021-11-01,Sonoma,097,501317,41519,41234,525,41759,395
2021-11-01,Stanislaus,099,539301,78481,78534,8801,87335,1193
2021-11-01,Sutter,101,95872,13884,13852,345,14197,179
2021-11-01,Tehama,103,63373,8532,8412,1473,9885,116
2021-11-01,Trinity,105,12862,856,727,212,939,11
2021-11-01,Tulare,107,460477,68666,67388,14939,82327,1002
2021-11-01,Tuolumne,109,53932,7264,7175,98,7273,90
2021-11-01,Ventura,111,848112,98263,97507,4281,101788,1178
2021-11-01,Yolo,113,214977,19938,19708,1121,20829,250
2021-11-01,Yuba,115,75493,10142,10066,329,10395,83
2021-10-31,Alameda,001,1643700,119544,119071,2755,121826,1419
2021-10-31,Alpine,003,1148,101,105,0,105,0
2021-10-31,Amador,005,37829,5576,5518,61,5579,64
2021-10-31,Butte,007,227075,20957,20689,3785,24474,281
2021-10-31,Calaveras,009,45235,4077,4052,52,4104,82
2021-10-31,Colusa,011,21464,2513,2493,635,3128,18
2021-10-31,Contra Costa,013,1133247,99455,98936,2162,101098,1025
2021-10-31,Del Norte,015,27424,3684,3591,53,3644,42
2021-10-31,El Dorado,017,186661,16066,15841,1709,17550,154
2021-10-31,Fresno,019,978130,140043,138165,12653,150818,2147
2021-10-31,Glenn,021,27897,3497,3459,1005,4464,33
2021-10-31,Humboldt,023,135768,9001,8919,550,9469,108
2021-10-31,Imperial,025,180216,33626,33334,3150,36484,766
2021-10-31,Inyo,027,18085,2352,2309,40,2349,41
2021-10-31,Kern,029,883053,127472,125917,21996,147913,1666
2021-10-31,Kings,031,150075,32235,31814,1919,33733,338
2021-10-31,Lake,033,64148,6739,6665,146,6811,106
2021-10-31,Lassen,035,31185,6860,6768,365,7133,42
2021-10-31,Los Angeles,037,10098052,1439427,1427933,53892,1481825,26474
2021-10-31,Madera,039,155013,23127,22744,2087,24831,283
2021-10-31,Marin,041,260295,17569,17443,449,17892,247
2021-10-31,Mariposa,043,17540,1292,1257,46,1303,5
2021-10-31,Mendocino,045,87422,7539,7403,527,7930,84
2021-10-31,Merced,047,269075,41877,41699,1894,43593,589
2021-10-31,Modoc,049,8938,532,517,188,705,5
2021-10-31,Mono,051,14174,1721,1711,22,1733,3
2021-10-31,Monterey,053,433212,48707,47744,2871,50615,596
2021-10-31,Napa,055,140530,12984,12906,110,13016,101
2021-10-31,Nevada,057,99092,9185,9084,317,9401,91
2021-10-31,Orange,059,3164182,307279,305032,15048,320080,5596
2021-10-31,Placer,061,380077,37133,36698,3614,40312,435
2021-10-31,Plumas,063,18699,1780,1716,33,1749,7
2021-10-31,Riverside,065,2383286,363310,359005,16316,375321,5104
2021-10-31,Sacramento,067,1510023,158925,157667,4533,162200,2243
2021-10-31,San Benito,069,59416,7399,7397,167,7564,73
2021-10-31,San Bernardino,071,2135413,354165,351411,11116,362527,5810
2021-10-31,San Diego,073,3302833,373381,371603,21936,393539,4218
2021-10-31,San Francisco,075,870044,52912,52370,2296,54666,661
2021-10-31,San Joaquin,077,732212,99673,98893,5348,104241,1772
2021-10-31,San Luis Obispo,079,281455,29568,29176,1238,30414,343
2021-10-31,San Mateo,081,765935,54167,53284,857,54141,571
2021-10-31,Santa Barbara,083,443738,44418,44113,1538,45651,529
2021-10-31,Santa Clara,085,1922200,147045,145829,1329,147158,1908
2021-10-31,Santa Cruz,087,273765,20387,20218,1000,21218,221
2021-10-31,Shasta,089,179085,21409,21086,3561,24647,338
2021-10-31,Sierra,091,2930,184,180,20,200,0
2021-10-31,Siskiyou,093,43540,3335,3271,1277,4548,46
2021-10-31,Solano,095,438530,45943,45310,1253,46563,350
2021-10-31,Sonoma,097,501317,41449,41183,522,41705,395
2021-10-31,Stanislaus,099,539301,78292,78426,8784,87210,1193
2021-10-31,Sutter,101,95872,13865,13838,342,14180,179
2021-10-31,Tehama,103,63373,8501,8391,1469,9860,116
2021-10-31,Trinity,105,12862,856,724,212,936,11
2021-10-31,Tulare,107,460477,68472,67310,14850,82160,1002
2021-10-31,Tuolumne,109,53932,7235,7141,97,7238,90
2021-10-31,Ventura,111,848112,98141,97460,4276,101736,1178
2021-10-31,Yolo,113,214977,19894,19662,1115,20777,250
2021-10-31,Yuba,115,75493,10124,10051,319,10370,83
2021-10-30,Alameda,001,1643700,119484,118632,2752,121384,1419
2021-10-30,Alpine,003,1148,101,105,0,105,0
2021-10-30,Amador,005,37829,5567,5480,60,5540,64
2021-10-30,Butte,007,227075,20942,20516,3778,24294,277
2021-10-30,Calaveras,009,45235,4070,3992,52,4044,82
2021-10-30,Colusa,011,21464,2513,2484,634,3118,19
2021-10-30,Contra Costa,013,1133247,99393,98562,2161,100723,1024
2021-10-30,Del Norte,015,27424,3681,3574,53,3627,42
2021-10-30,El Dorado,017,186661,16050,15752,1704,17456,154
2021-10-30,Fresno,019,978130,139897,136901,12641,149542,2131
2021-10-30,Glenn,021,27897,3493,3442,1005,4447,33
2021-10-30,Humboldt,023,135768,8986,8871,548,9419,105
2021-10-30,Imperial,025,180216,33580,33156,3146,36302,766
2021-10-30,Inyo,027,18085,2349,2249,40,2289,41
2021-10-30,Kern,029,883053,127319,124892,21927,146819,1653
2021-10-30,Kings,031,150075,32201,31578,1915,33493,337
2021-10-30,Lake,033,64148,6734,6610,146,6756,106
2021-10-30,Lassen,035,31185,6854,6719,363,7082,42
2021-10-30,Los Angeles,037,10098052,1438703,1424257,53839,1478096,26625
2021-10-30,Madera,039,155013,23083,22524,2082,24606,283
2021-10-30,Marin,041,260295,17554,17380,447,17827,247
2021-10-30,Mariposa,043,17540,1289,1228,46,1274,5
2021-10-30,Mendocino,045,87422,7516,7338,525,7863,84
2021-10-30,Merced,047,269075,41837,41428,1892,43320,586
2021-10-30,Modoc,049,8938,530,513,187,700,5
2021-10-30,Mono,051,14174,1721,1684,22,1706,3
2021-10-30,Monterey,053,433212,48690,47649,2865,50514,588
2021-10-30,Napa,055,140530,12970,12863,109,12972,101
2021-10-30,Nevada,057,99092,9166,9015,317,9332,91
2021-10-30,Orange,059,3164182,307100,304120,15026,319146,5588
2021-10-30,Placer,061,380077,37087,36400,3608,40008,434
2021-10-30,Plumas,063,18699,1775,1695,33,1728,7
2021-10-30,Riverside,065,2383286,363008,357645,16307,373952,5088
2021-10-30,Sacramento,067,1510023,158766,157125,4524,161649,2233
2021-10-30,San Benito,069,59416,7392,7362,167,7529,71
2021-10-30,San Bernardino,071,2135413,353890,350076,11102,361178,5777
2021-10-30,San Diego,073,3302833,373018,370006,21914,391920,4213
2021-10-30,San Francisco,075,870044,52883,52161,2294,54455,661
2021-10-30,San Joaquin,077,732212,99617,98314,5347,103661,1768
2021-10-30,San Luis Obispo,079,281455,29536,29053,1235,30288,341
2021-10-30,San Mateo,081,765935,54128,53083,857,53940,571
2021-10-30,Santa Barbara,083,443738,44383,43972,1537,45509,528
2021-10-30,Santa Clara,085,1922200,146940,145262,1325,146587,1903
2021-10-30,Santa Cruz,087,273765,20369,20134,998,21132,221
2021-10-30,Shasta,089,179085,21365,20878,3555,24433,332
2021-10-30,Sierra,091,2930,184,175,20,195,0
2021-10-30,Siskiyou,093,43540,3334,3257,1274,4531,46
2021-10-30,Solano,095,438530,45922,45146,1251,46397,346
2021-10-30,Sonoma,097,501317,41410,40924,522,41446,393
2021-10-30,Stanislaus,099,539301,78222,77871,8777,86648,1191
2021-10-30,Sutter,101,95872,13851,13773,342,14115,178
2021-10-30,Tehama,103,63373,8490,8307,1464,9771,114
2021-10-30,Trinity,105,12862,854,708,211,919,11
2021-10-30,Tulare,107,460477,68401,66745,14805,81550,995
2021-10-30,Tuolumne,109,53932,7211,7050,96,7146,90
2021-10-30,Ventura,111,848112,98092,97182,4273,101455,1174
2021-10-30,Yolo,113,214977,19875,19568,1113,20681,250
2021-10-30,Yuba,115,75493,10113,9969,319,10288,82
2021-10-29,Alameda,001,1643700,119404,118632,2747,121379,1419
2021-10-29,Alpine,003,1148,101,105,0,105,0
2021-10-29,Amador,005,37829,5556,5480,60,5540,64
2021-10-29,Butte,007,227075,20918,20516,3767,24283,277
2021-10-29,Calaveras,009,45235,4063,3992,52,4044,82
2021-10-29,Colusa,011,21464,2513,2484,632,3116,19
2021-10-29,Contra Costa,013,1133247,99325,98562,2159,100721,1024
2021-10-29,Del Norte,015,27424,3674,3574,53,3627,42
2021-10-29,El Dorado,017,186661,16036,15752,1704,17456,154
2021-10-29,Fresno,019,978130,139683,136901,12627,149528,2131
2021-10-29,Glenn,021,27897,3492,3442,1004,4446,33
2021-10-29,Humboldt,023,135768,8981,8871,547,9418,105
2021-10-29,Imperial,025,180216,33553,33156,3143,36299,766
2021-10-29,Inyo,027,18085,2346,2249,40,2289,41
2021-10-29,Kern,029,883053,127142,124892,21837,146729,1653
2021-10-29,Kings,031,150075,32167,31578,1913,33491,337
2021-10-29,Lake,033,64148,6725,6610,143,6753,106
2021-10-29,Lassen,035,31185,6845,6719,360,7079,42
2021-10-29,Los Angeles,037,10098052,1437858,1424257,53795,1478052,26625
2021-10-29,Madera,039,155013,23031,22524,2077,24601,283
2021-10-29,Marin,041,260295,17538,17380,446,17826,247
2021-10-29,Mariposa,043,17540,1285,1228,46,1274,5
2021-10-29,Mendocino,045,87422,7508,7338,525,7863,84
2021-10-29,Merced,047,269075,41787,41428,1886,43314,586
2021-10-29,Modoc,049,8938,528,513,186,699,5
2021-10-29,Mono,051,14174,1719,1684,22,1706,3
2021-10-29,Monterey,053,433212,48667,47649,2865,50514,588
2021-10-29,Napa,055,140530,12949,12863,109,12972,101
2021-10-29,Nevada,057,99092,9154,9015,317,9332,91
2021-10-29,Orange,059,3164182,306875,304120,15006,319126,5588
2021-10-29,Placer,061,380077,37051,36400,3598,39998,434
2021-10-29,Plumas,063,18699,1769,1695,33,1728,7
2021-10-29,Riverside,065,2383286,362674,357645,16302,373947,5088
2021-10-29,Sacramento,067,1510023,158577,157125,4515,161640,2233
2021-10-29,San Benito,069,59416,7389,7362,167,7529,71
2021-10-29,San Bernardino,071,2135413,353590,350076,11091,361167,5777
2021-10-29,San Diego,073,3302833,372648,370006,21886,391892,4213
2021-10-29,San Francisco,075,870044,52823,52161,2288,54449,661
2021-10-29,San Joaquin,077,732212,99559,98314,5342,103656,1768
2021-10-29,San Luis Obispo,079,281455,29510,29053,1233,30286,341
2021-10-29,San Mateo,081,765935,54085,53083,855,53938,571
2021-10-29,Santa Barbara,083,443738,44343,43972,1534,45506,528
2021-10-29,Santa Clara,085,1922200,146825,145262,1318,146580,1903
2021-10-29,Santa Cruz,087,273765,20362,20134,997,21131,221
2021-10-29,Shasta,089,179085,21327,20878,3549,24427,332
2021-10-29,Sierra,091,2930,182,175,20,195,0
2021-10-29,Siskiyou,093,43540,3334,3257,1273,4530,46
2021-10-29,Solano,095,438530,45885,45146,1250,46396,346
2021-10-29,Sonoma,097,501317,41389,40924,522,41446,393
2021-10-29,Stanislaus,099,539301,78137,77871,8765,86636,1191
2021-10-29,Sutter,101,95872,13832,13773,342,14115,178
2021-10-29,Tehama,103,63373,8477,8307,1463,9770,114
2021-10-29,Trinity,105,12862,853,708,211,919,11
2021-10-29,Tulare,107,460477,68296,66745,14761,81506,995
2021-10-29,Tuolumne,109,53932,7198,7050,96,7146,90
2021-10-29,Ventura,111,848112,98037,97182,4269,101451,1174
2021-10-29,Yolo,113,214977,19856,19568,1108,20676,250
2021-10-29,Yuba,115,75493,10105,9969,315,10284,82
2021-10-28,Alameda,001,1643700,119283,118632,2740,121372,1419
2021-10-28,Alpine,003,1148,101,105,0,105,0
2021-10-28,Amador,005,37829,5543,5480,60,5540,64
2021-10-28,Butte,007,227075,20875,20516,3758,24274,277
2021-10-28,Calaveras,009,45235,4050,3992,52,4044,82
2021-10-28,Colusa,011,21464,2510,2484,631,3115,19
2021-10-28,Contra Costa,013,1133247,99195,98562,2155,100717,1024
2021-10-28,Del Norte,015,27424,3673,3574,53,3627,42
2021-10-28,El Dorado,017,186661,16010,15752,1701,17453,154
2021-10-28,Fresno,019,978130,139350,136901,12596,149497,2131
2021-10-28,Glenn,021,27897,3489,3442,1002,4444,33
2021-10-28,Humboldt,023,135768,8965,8871,542,9413,105
2021-10-28,Imperial,025,180216,33487,33156,3136,36292,766
2021-10-28,Inyo,027,18085,2329,2249,40,2289,41
2021-10-28,Kern,029,883053,126895,124892,21724,146616,1653
2021-10-28,Kings,031,150075,32098,31578,1908,33486,337
2021-10-28,Lake,033,64148,6715,6610,143,6753,106
2021-10-28,Lassen,035,31185,6835,6719,357,7076,42
2021-10-28,Los Angeles,037,10098052,1436718,1424257,53722,1477979,26625
2021-10-28,Madera,039,155013,22977,22524,2066,24590,283
2021-10-28,Marin,041,260295,17520,17380,445,17825,247
2021-10-28,Mariposa,043,17540,1281,1228,46,1274,5
2021-10-28,Mendocino,045,87422,7495,7338,514,7852,84
2021-10-28,Merced,047,269075,41702,41428,1875,43303,586
2021-10-28,Modoc,049,8938,527,513,186,699,5
2021-10-28,Mono,051,14174,1713,1684,22,1706,3
2021-10-28,Monterey,053,433212,48636,47649,2848,50497,588
2021-10-28,Napa,055,140530,12940,12863,108,12971,101
2021-10-28,Nevada,057,99092,9136,9015,317,9332,91
2021-10-28,Orange,059,3164182,306588,304120,14943,319063,5588
2021-10-28,Placer,061,380077,36972,36400,3589,39989,434
2021-10-28,Plumas,063,18699,1761,1695,33,1728,7
2021-10-28,Riverside,065,2383286,362236,357645,16279,373924,5088
2021-10-28,Sacramento,067,1510023,158311,157125,4504,161629,2233
2021-10-28,San Benito,069,59416,7381,7362,167,7529,71
2021-10-28,San Bernardino,071,2135413,353175,350076,11068,361144,5777
2021-10-28,San Diego,073,3302833,372192,370006,21863,391869,4213
2021-10-28,San Francisco,075,870044,52777,52161,2281,54442,661
2021-10-28,San Joaquin,077,732212,99431,98314,5341,103655,1768
2021-10-28,San Luis Obispo,079,281455,29481,29053,1230,30283,341
2021-10-28,San Mateo,081,765935,54040,53083,853,53936,571
2021-10-28,Santa Barbara,083,443738,44304,43972,1532,45504,528
2021-10-28,Santa Clara,085,1922200,146668,145262,1313,146575,1903
2021-10-28,Santa Cruz,087,273765,20338,20134,997,21131,221
2021-10-28,Shasta,089,179085,21253,20878,3542,24420,332
2021-10-28,Sierra,091,2930,181,175,20,195,0
2021-10-28,Siskiyou,093,43540,3333,3257,1273,4530,46
2021-10-28,Solano,095,438530,45846,45146,1249,46395,346
2021-10-28,Sonoma,097,501317,41321,40924,521,41445,393
2021-10-28,Stanislaus,099,539301,77984,77871,8749,86620,1191
2021-10-28,Sutter,101,95872,13819,13773,338,14111,178
2021-10-28,Tehama,103,63373,8440,8307,1460,9767,114
2021-10-28,Trinity,105,12862,850,708,211,919,11
2021-10-28,Tulare,107,460477,68157,66745,14705,81450,995
2021-10-28,Tuolumne,109,53932,7167,7050,96,7146,90
2021-10-28,Ventura,111,848112,97952,97182,4266,101448,1174
2021-10-28,Yolo,113,214977,19818,19568,1104,20672,250
2021-10-28,Yuba,115,75493,10076,9969,312,10281,82
2021-10-27,Alameda,001,1643700,119161,118487,2738,121225,1414
2021-10-27,Alpine,003,1148,101,105,0,105,0
2021-10-27,Amador,005,37829,5531,5470,59,5529,64
2021-10-27,Butte,007,227075,20831,20446,3743,24189,274
2021-10-27,Calaveras,009,45235,4032,3970,51,4021,82
2021-10-27,Colusa,011,21464,2509,2480,630,3110,18
2021-10-27,Contra Costa,013,1133247,99087,98442,2143,100585,1018
2021-10-27,Del Norte,015,27424,3666,3571,52,3623,42
2021-10-27,El Dorado,017,186661,15979,15723,1696,17419,154
2021-10-27,Fresno,019,978130,138968,136447,12562,149009,2128
2021-10-27,Glenn,021,27897,3487,3435,1001,4436,33
2021-10-27,Humboldt,023,135768,8945,8851,540,9391,105
2021-10-27,Imperial,025,180216,33447,33068,3131,36199,766
2021-10-27,Inyo,027,18085,2309,2236,40,2276,41
2021-10-27,Kern,029,883053,126626,124557,21624,146181,1647
2021-10-27,Kings,031,150075,32032,31437,1902,33339,335
2021-10-27,Lake,033,64148,6689,6589,143,6732,105
2021-10-27,Lassen,035,31185,6822,6706,355,7061,42
2021-10-27,Los Angeles,037,10098052,1435484,1422615,53664,1476279,26604
2021-10-27,Madera,039,155013,22893,22413,2042,24455,283
2021-10-27,Marin,041,260295,17505,17362,445,17807,247
2021-10-27,Mariposa,043,17540,1268,1228,46,1274,5
2021-10-27,Mendocino,045,87422,7481,7321,507,7828,84
2021-10-27,Merced,047,269075,41605,41310,1861,43171,583
2021-10-27,Modoc,049,8938,523,513,186,699,5
2021-10-27,Mono,051,14174,1710,1682,22,1704,3
2021-10-27,Monterey,053,433212,48599,47610,2827,50437,588
2021-10-27,Napa,055,140530,12925,12856,108,12964,101
2021-10-27,Nevada,057,99092,9118,8987,316,9303,90
2021-10-27,Orange,059,3164182,306266,303825,14893,318718,5584
2021-10-27,Placer,061,380077,36907,36296,3582,39878,434
2021-10-27,Plumas,063,18699,1753,1686,33,1719,7
2021-10-27,Riverside,065,2383286,361806,357152,16271,373423,5081
2021-10-27,Sacramento,067,1510023,158043,156830,4483,161313,2230
2021-10-27,San Benito,069,59416,7374,7337,167,7504,71
2021-10-27,San Bernardino,071,2135413,352752,349624,11046,360670,5770
2021-10-27,San Diego,073,3302833,371635,369579,21839,391418,4207
2021-10-27,San Francisco,075,870044,52726,52108,2277,54385,655
2021-10-27,San Joaquin,077,732212,99273,98168,5326,103494,1753
2021-10-27,San Luis Obispo,079,281455,29442,29002,1228,30230,341
2021-10-27,San Mateo,081,765935,53985,53032,845,53877,571
2021-10-27,Santa Barbara,083,443738,44251,43901,1529,45430,527
2021-10-27,Santa Clara,085,1922200,146491,145081,1305,146386,1902
2021-10-27,Santa Cruz,087,273765,20311,20091,995,21086,221
2021-10-27,Shasta,089,179085,21177,20813,3534,24347,331
2021-10-27,Sierra,091,2930,180,176,20,196,0
2021-10-27,Siskiyou,093,43540,3330,3256,1269,4525,46
2021-10-27,Solano,095,438530,45801,45089,1242,46331,346
2021-10-27,Sonoma,097,501317,41245,40829,519,41348,393
2021-10-27,Stanislaus,099,539301,77824,77687,8734,86421,1191
2021-10-27,Sutter,101,95872,13805,13754,338,14092,177
2021-10-27,Tehama,103,63373,8418,8265,1458,9723,113
2021-10-27,Trinity,105,12862,850,706,210,916,11
2021-10-27,Tulare,107,460477,68003,66568,14648,81216,991
2021-10-27,Tuolumne,109,53932,7140,7009,95,7104,90
2021-10-27,Ventura,111,848112,97860,97108,4261,101369,1172
2021-10-27,Yolo,113,214977,19789,19517,1097,20614,250
2021-10-27,Yuba,115,75493,10055,9945,310,10255,82
2021-10-26,Alameda,001,1643700,119026,118360,2736,121096,1407
2021-10-26,Alpine,003,1148,101,105,0,105,0
2021-10-26,Amador,005,37829,5523,5465,58,5523,64
2021-10-26,Butte,007,227075,20772,20387,3726,24113,274
2021-10-26,Calaveras,009,45235,4021,3966,51,4017,81
2021-10-26,Colusa,011,21464,2507,2478,629,3107,18
2021-10-26,Contra Costa,013,1133247,98965,98352,2132,100484,1017
2021-10-26,Del Norte,015,27424,3661,3563,52,3615,42
2021-10-26,El Dorado,017,186661,15951,15690,1687,17377,153
2021-10-26,Fresno,019,978130,138518,136211,12517,148728,2122
2021-10-26,Glenn,021,27897,3472,3431,998,4429,33
2021-10-26,Humboldt,023,135768,8927,8830,534,9364,105
2021-10-26,Imperial,025,180216,33382,33012,3126,36138,766
2021-10-26,Inyo,027,18085,2294,2200,40,2240,41
2021-10-26,Kern,029,883053,126283,124351,21506,145857,1645
2021-10-26,Kings,031,150075,31965,31382,1895,33277,336
2021-10-26,Lake,033,64148,6679,6584,141,6725,105
2021-10-26,Lassen,035,31185,6801,6689,353,7042,42
2021-10-26,Los Angeles,037,10098052,1434143,1421795,53594,1475389,26599
2021-10-26,Madera,039,155013,22803,22363,2031,24394,283
2021-10-26,Marin,041,260295,17488,17354,444,17798,244
2021-10-26,Mariposa,043,17540,1263,1225,45,1270,5
2021-10-26,Mendocino,045,87422,7452,7308,491,7799,83
2021-10-26,Merced,047,269075,41527,41267,1854,43121,583
2021-10-26,Modoc,049,8938,523,513,186,699,5
2021-10-26,Mono,051,14174,1705,1680,22,1702,3
2021-10-26,Monterey,053,433212,48560,47572,2817,50389,588
2021-10-26,Napa,055,140530,12913,12849,108,12957,101
2021-10-26,Nevada,057,99092,9087,8971,315,9286,90
2021-10-26,Orange,059,3164182,305996,303533,14854,318387,5580
2021-10-26,Placer,061,380077,36810,36245,3576,39821,434
2021-10-26,Plumas,063,18699,1744,1645,33,1678,7
2021-10-26,Riverside,065,2383286,361316,356775,16261,373036,5068
2021-10-26,Sacramento,067,1510023,157742,156643,4466,161109,2228
2021-10-26,San Benito,069,59416,7351,7325,167,7492,71
2021-10-26,San Bernardino,071,2135413,352328,349346,11031,360377,5764
2021-10-26,San Diego,073,3302833,371119,369043,21809,390852,4198
2021-10-26,San Francisco,075,870044,52651,52063,2274,54337,655
2021-10-26,San Joaquin,077,732212,99094,98036,5311,103347,1748
2021-10-26,San Luis Obispo,079,281455,29403,28928,1222,30150,337
2021-10-26,San Mateo,081,765935,53913,52974,842,53816,571
2021-10-26,Santa Barbara,083,443738,44205,43835,1528,45363,525
2021-10-26,Santa Clara,085,1922200,146292,144932,1299,146231,1903
2021-10-26,Santa Cruz,087,273765,20280,20067,994,21061,221
2021-10-26,Shasta,089,179085,21116,20725,3516,24241,330
2021-10-26,Sierra,091,2930,180,169,20,189,0
2021-10-26,Siskiyou,093,43540,3324,3254,1267,4521,46
2021-10-26,Solano,095,438530,45745,45044,1241,46285,344
2021-10-26,Sonoma,097,501317,41163,40794,517,41311,393
2021-10-26,Stanislaus,099,539301,77650,77552,8709,86261,1157
2021-10-26,Sutter,101,95872,13776,13739,337,14076,176
2021-10-26,Tehama,103,63373,8390,8247,1453,9700,112
2021-10-26,Trinity,105,12862,846,705,210,915,11
2021-10-26,Tulare,107,460477,67843,66476,14590,81066,991
2021-10-26,Tuolumne,109,53932,7114,6995,93,7088,90
2021-10-26,Ventura,111,848112,97751,97014,4257,101271,1170
2021-10-26,Yolo,113,214977,19760,19490,1094,20584,248
2021-10-26,Yuba,115,75493,10037,9927,305,10232,82
2021-10-25,Alameda,001,1643700,118881,118319,2735,121054,1404
2021-10-25,Alpine,003,1148,101,105,0,105,0
2021-10-25,Amador,005,37829,5509,5455,58,5513,64
2021-10-25,Butte,007,227075,20699,20331,3718,24049,273
2021-10-25,Calaveras,009,45235,3991,3942,50,3992,82
2021-10-25,Colusa,011,21464,2505,2471,627,3098,18
2021-10-25,Contra Costa,013,1133247,98848,98267,2128,100395,1017
2021-10-25,Del Norte,015,27424,3654,3562,52,3614,42
2021-10-25,El Dorado,017,186661,15916,15663,1685,17348,149
2021-10-25,Fresno,019,978130,138084,135974,12482,148456,2112
2021-10-25,Glenn,021,27897,3469,3421,997,4418,33
2021-10-25,Humboldt,023,135768,8904,8825,529,9354,105
2021-10-25,Imperial,025,180216,33321,32968,3115,36083,766
2021-10-25,Inyo,027,18085,2276,2183,40,2223,41
2021-10-25,Kern,029,883053,125931,124078,21367,145445,1649
2021-10-25,Kings,031,150075,31876,31329,1886,33215,335
2021-10-25,Lake,033,64148,6666,6571,141,6712,105
2021-10-25,Lassen,035,31185,6790,6688,351,7039,42
2021-10-25,Los Angeles,037,10098052,1432783,1421061,53527,1474588,26579
2021-10-25,Madera,039,155013,22749,22325,2024,24349,281
2021-10-25,Marin,041,260295,17466,17334,442,17776,244
2021-10-25,Mariposa,043,17540,1249,1220,45,1265,5
2021-10-25,Mendocino,045,87422,7422,7296,487,7783,82
2021-10-25,Merced,047,269075,41459,41207,1827,43034,583
2021-10-25,Modoc,049,8938,521,512,184,696,5
2021-10-25,Mono,051,14174,1697,1677,22,1699,3
2021-10-25,Monterey,053,433212,48527,47547,2815,50362,587
2021-10-25,Napa,055,140530,12900,12841,108,12949,100
2021-10-25,Nevada,057,99092,9061,8958,315,9273,90
2021-10-25,Orange,059,3164182,305699,303279,14817,318096,5574
2021-10-25,Placer,061,380077,36702,36153,3566,39719,431
2021-10-25,Plumas,063,18699,1732,1641,33,1674,7
2021-10-25,Riverside,065,2383286,360889,356381,16246,372627,5056
2021-10-25,Sacramento,067,1510023,157439,156516,4443,160959,2235
2021-10-25,San Benito,069,59416,7338,7314,166,7480,71
2021-10-25,San Bernardino,071,2135413,351826,349075,11019,360094,5748
2021-10-25,San Diego,073,3302833,370550,368386,21781,390167,4196
2021-10-25,San Francisco,075,870044,52578,52041,2267,54308,649
2021-10-25,San Joaquin,077,732212,98892,97980,5302,103282,1740
2021-10-25,San Luis Obispo,079,281455,29355,28907,1217,30124,336
2021-10-25,San Mateo,081,765935,53853,52927,838,53765,571
2021-10-25,Santa Barbara,083,443738,44146,43775,1528,45303,525
2021-10-25,Santa Clara,085,1922200,146101,144895,1294,146189,1901
2021-10-25,Santa Cruz,087,273765,20251,20053,993,21046,221
2021-10-25,Shasta,089,179085,21044,20666,3509,24175,326
2021-10-25,Sierra,091,2930,180,168,20,188,0
2021-10-25,Siskiyou,093,43540,3320,3248,1262,4510,46
2021-10-25,Solano,095,438530,45684,45022,1239,46261,344
2021-10-25,Sonoma,097,501317,41090,40746,515,41261,393
2021-10-25,Stanislaus,099,539301,77458,77452,8680,86132,1145
2021-10-25,Sutter,101,95872,13763,13721,334,14055,176
2021-10-25,Tehama,103,63373,8363,8224,1449,9673,111
2021-10-25,Trinity,105,12862,841,699,209,908,11
2021-10-25,Tulare,107,460477,67648,66357,14528,80885,986
2021-10-25,Tuolumne,109,53932,7080,6952,91,7043,90
2021-10-25,Ventura,111,848112,97660,96932,4254,101186,1167
2021-10-25,Yolo,113,214977,19711,19457,1090,20547,248
2021-10-25,Yuba,115,75493,10021,9924,301,10225,82
2021-10-24,Alameda,001,1643700,118750,117816,2730,120546,1397
2021-10-24,Alpine,003,1148,101,105,0,105,0
2021-10-24,Amador,005,37829,5504,5412,58,5470,64
2021-10-24,Butte,007,227075,20626,20101,3706,23807,273
2021-10-24,Calaveras,009,45235,3972,3865,49,3914,81
2021-10-24,Colusa,011,21464,2501,2458,624,3082,18
2021-10-24,Contra Costa,013,1133247,98730,97855,2119,99974,1008
2021-10-24,Del Norte,015,27424,3650,3540,52,3592,42
2021-10-24,El Dorado,017,186661,15880,15540,1681,17221,149
2021-10-24,Fresno,019,978130,137648,134466,12433,146899,2094
2021-10-24,Glenn,021,27897,3462,3399,995,4394,33
2021-10-24,Humboldt,023,135768,8891,8753,523,9276,105
2021-10-24,Imperial,025,180216,33243,32777,3109,35886,766
2021-10-24,Inyo,027,18085,2244,2108,40,2148,41
2021-10-24,Kern,029,883053,125597,122939,21249,144188,1636
2021-10-24,Kings,031,150075,31747,30942,1871,32813,325
2021-10-24,Lake,033,64148,6643,6501,140,6641,105
2021-10-24,Lassen,035,31185,6773,6632,350,6982,27
2021-10-24,Los Angeles,037,10098052,1431345,1415919,53459,1469378,26527
2021-10-24,Madera,039,155013,22672,22062,2012,24074,281
2021-10-24,Marin,041,260295,17450,17264,441,17705,244
2021-10-24,Mariposa,043,17540,1246,1184,45,1229,5
2021-10-24,Mendocino,045,87422,7398,7220,477,7697,82
2021-10-24,Merced,047,269075,41338,40808,1821,42629,581
2021-10-24,Modoc,049,8938,520,507,184,691,5
2021-10-24,Mono,051,14174,1692,1655,22,1677,3
2021-10-24,Monterey,053,433212,48479,47456,2804,50260,586
2021-10-24,Napa,055,140530,12889,12789,108,12897,100
2021-10-24,Nevada,057,99092,9038,8861,312,9173,90
2021-10-24,Orange,059,3164182,305348,302237,14780,317017,5546
2021-10-24,Placer,061,380077,36598,35822,3552,39374,426
2021-10-24,Plumas,063,18699,1722,1623,32,1655,7
2021-10-24,Riverside,065,2383286,360415,354688,16226,370914,5041
2021-10-24,Sacramento,067,1510023,157098,155125,4420,159545,2232
2021-10-24,San Benito,069,59416,7318,7280,166,7446,71
2021-10-24,San Bernardino,071,2135413,351270,347681,11007,358688,5688
2021-10-24,San Diego,073,3302833,369967,366085,21750,387835,4183
2021-10-24,San Francisco,075,870044,52515,51820,2261,54081,649
2021-10-24,San Joaquin,077,732212,98719,97440,5296,102736,1721
2021-10-24,San Luis Obispo,079,281455,29294,28755,1210,29965,333
2021-10-24,San Mateo,081,765935,53781,52719,838,53557,571
2021-10-24,Santa Barbara,083,443738,44079,43552,1526,45078,523
2021-10-24,Santa Clara,085,1922200,145910,144276,1284,145560,1897
2021-10-24,Santa Cruz,087,273765,20213,19967,992,20959,221
2021-10-24,Shasta,089,179085,20945,20386,3503,23889,321
2021-10-24,Sierra,091,2930,180,168,20,188,0
2021-10-24,Siskiyou,093,43540,3313,3231,1258,4489,46
2021-10-24,Solano,095,438530,45634,44861,1234,46095,341
2021-10-24,Sonoma,097,501317,41007,40476,515,40991,393
2021-10-24,Stanislaus,099,539301,77267,76812,8669,85481,1145
2021-10-24,Sutter,101,95872,13736,13616,326,13942,175
2021-10-24,Tehama,103,63373,8315,8105,1438,9543,110
2021-10-24,Trinity,105,12862,837,696,206,902,11
2021-10-24,Tulare,107,460477,67476,65585,14457,80042,978
2021-10-24,Tuolumne,109,53932,7040,6840,89,6929,90
2021-10-24,Ventura,111,848112,97553,96664,4253,100917,1167
2021-10-24,Yolo,113,214977,19662,19280,1087,20367,248
2021-10-24,Yuba,115,75493,9996,9838,300,10138,82
2021-10-23,Alameda,001,1643700,118662,117816,2725,120541,1397
2021-10-23,Alpine,003,1148,101,105,0,105,0
2021-10-23,Amador,005,37829,5497,5412,58,5470,64
2021-10-23,Butte,007,227075,20589,20101,3698,23799,273
2021-10-23,Calaveras,009,45235,3965,3865,48,3913,81
2021-10-23,Colusa,011,21464,2499,2458,623,3081,18
2021-10-23,Contra Costa,013,1133247,98678,97855,2115,99970,1008
2021-10-23,Del Norte,015,27424,3648,3540,52,3592,42
2021-10-23,El Dorado,017,186661,15854,15540,1679,17219,149
2021-10-23,Fresno,019,978130,137470,134466,12420,146886,2094
2021-10-23,Glenn,021,27897,3460,3399,994,4393,33
2021-10-23,Humboldt,023,135768,8877,8753,518,9271,105
2021-10-23,Imperial,025,180216,33196,32777,3105,35882,766
2021-10-23,Inyo,027,18085,2233,2108,40,2148,41
2021-10-23,Kern,029,883053,125437,122939,21162,144101,1636
2021-10-23,Kings,031,150075,31701,30942,1869,32811,325
2021-10-23,Lake,033,64148,6638,6501,140,6641,105
2021-10-23,Lassen,035,31185,6770,6632,348,6980,27
2021-10-23,Los Angeles,037,10098052,1430664,1415919,53405,1469324,26527
2021-10-23,Madera,039,155013,22623,22062,2004,24066,281
2021-10-23,Marin,041,260295,17433,17264,440,17704,244
2021-10-23,Mariposa,043,17540,1243,1184,44,1228,5
2021-10-23,Mendocino,045,87422,7391,7220,476,7696,82
2021-10-23,Merced,047,269075,41297,40808,1816,42624,581
2021-10-23,Modoc,049,8938,518,507,184,691,5
2021-10-23,Mono,051,14174,1686,1655,22,1677,3
2021-10-23,Monterey,053,433212,48462,47456,2800,50256,586
2021-10-23,Napa,055,140530,12884,12789,108,12897,100
2021-10-23,Nevada,057,99092,9027,8861,310,9171,90
2021-10-23,Orange,059,3164182,305162,302237,14765,317002,5546
2021-10-23,Placer,061,380077,36536,35822,3546,39368,426
2021-10-23,Plumas,063,18699,1721,1623,32,1655,7
2021-10-23,Riverside,065,2383286,360094,354688,16219,370907,5041
2021-10-23,Sacramento,067,1510023,156969,155125,4411,159536,2232
2021-10-23,San Benito,069,59416,7308,7280,166,7446,71
2021-10-23,San Bernardino,071,2135413,351000,347681,10999,358680,5688
2021-10-23,San Diego,073,3302833,369626,366085,21719,387804,4183
2021-10-23,San Francisco,075,870044,52480,51820,2260,54080,649
2021-10-23,San Joaquin,077,732212,98651,97440,5287,102727,1721
2021-10-23,San Luis Obispo,079,281455,29257,28755,1208,29963,333
2021-10-23,San Mateo,081,765935,53743,52719,837,53556,571
2021-10-23,Santa Barbara,083,443738,44048,43552,1524,45076,523
2021-10-23,Santa Clara,085,1922200,145802,144276,1280,145556,1897
2021-10-23,Santa Cruz,087,273765,20201,19967,992,20959,221
2021-10-23,Shasta,089,179085,20909,20386,3491,23877,321
2021-10-23,Sierra,091,2930,179,168,20,188,0
2021-10-23,Siskiyou,093,43540,3311,3231,1258,4489,46
2021-10-23,Solano,095,438530,45609,44861,1231,46092,341
2021-10-23,Sonoma,097,501317,40967,40476,515,40991,393
2021-10-23,Stanislaus,099,539301,77178,76812,8649,85461,1145
2021-10-23,Sutter,101,95872,13730,13616,325,13941,175
2021-10-23,Tehama,103,63373,8303,8105,1437,9542,110
2021-10-23,Trinity,105,12862,836,696,206,902,11
2021-10-23,Tulare,107,460477,67388,65585,14398,79983,978
2021-10-23,Tuolumne,109,53932,7019,6840,89,6929,90
2021-10-23,Ventura,111,848112,97492,96664,4253,100917,1167
2021-10-23,Yolo,113,214977,19645,19280,1084,20364,248
2021-10-23,Yuba,115,75493,9988,9838,300,10138,82
2021-10-22,Alameda,001,1643700,118578,117816,2722,120538,1397
2021-10-22,Alpine,003,1148,101,105,0,105,0
2021-10-22,Amador,005,37829,5486,5412,58,5470,64
2021-10-22,Butte,007,227075,20557,20101,3694,23795,273
2021-10-22,Calaveras,009,45235,3957,3865,48,3913,81
2021-10-22,Colusa,011,21464,2496,2458,623,3081,18
2021-10-22,Contra Costa,013,1133247,98587,97855,2113,99968,1008
2021-10-22,Del Norte,015,27424,3644,3540,52,3592,42
2021-10-22,El Dorado,017,186661,15841,15540,1677,17217,149
2021-10-22,Fresno,019,978130,137255,134466,12398,146864,2094
2021-10-22,Glenn,021,27897,3450,3399,994,4393,33
2021-10-22,Humboldt,023,135768,8863,8753,517,9270,105
2021-10-22,Imperial,025,180216,33153,32777,3105,35882,766
2021-10-22,Inyo,027,18085,2220,2108,40,2148,41
2021-10-22,Kern,029,883053,125250,122939,21089,144028,1636
2021-10-22,Kings,031,150075,31666,30942,1868,32810,325
2021-10-22,Lake,033,64148,6628,6501,140,6641,105
2021-10-22,Lassen,035,31185,6763,6632,345,6977,27
2021-10-22,Los Angeles,037,10098052,1429911,1415919,53346,1469265,26527
2021-10-22,Madera,039,155013,22573,22062,1992,24054,281
2021-10-22,Marin,041,260295,17421,17264,440,17704,244
2021-10-22,Mariposa,043,17540,1240,1184,44,1228,5
2021-10-22,Mendocino,045,87422,7377,7220,475,7695,82
2021-10-22,Merced,047,269075,41260,40808,1809,42617,581
2021-10-22,Modoc,049,8938,518,507,184,691,5
2021-10-22,Mono,051,14174,1684,1655,22,1677,3
2021-10-22,Monterey,053,433212,48429,47456,2798,50254,586
2021-10-22,Napa,055,140530,12878,12789,108,12897,100
2021-10-22,Nevada,057,99092,9010,8861,309,9170,90
2021-10-22,Orange,059,3164182,304946,302237,14735,316972,5546
2021-10-22,Placer,061,380077,36508,35822,3537,39359,426
2021-10-22,Plumas,063,18699,1715,1623,32,1655,7
2021-10-22,Riverside,065,2383286,359783,354688,16214,370902,5041
2021-10-22,Sacramento,067,1510023,156783,155125,4401,159526,2232
2021-10-22,San Benito,069,59416,7303,7280,166,7446,71
2021-10-22,San Bernardino,071,2135413,350672,347681,10983,358664,5688
2021-10-22,San Diego,073,3302833,369228,366085,21701,387786,4183
2021-10-22,San Francisco,075,870044,52445,51820,2253,54073,649
2021-10-22,San Joaquin,077,732212,98592,97440,5284,102724,1721
2021-10-22,San Luis Obispo,079,281455,29227,28755,1208,29963,333
2021-10-22,San Mateo,081,765935,53692,52719,831,53550,571
2021-10-22,Santa Barbara,083,443738,44007,43552,1524,45076,523
2021-10-22,Santa Clara,085,1922200,145646,144276,1273,145549,1897
2021-10-22,Santa Cruz,087,273765,20179,19967,992,20959,221
2021-10-22,Shasta,089,179085,20876,20386,3488,23874,321
2021-10-22,Sierra,091,2930,178,168,19,187,0
2021-10-22,Siskiyou,093,43540,3309,3231,1255,4486,46
2021-10-22,Solano,095,438530,45574,44861,1227,46088,341
2021-10-22,Sonoma,097,501317,40910,40476,515,40991,393
2021-10-22,Stanislaus,099,539301,77075,76812,8632,85444,1145
2021-10-22,Sutter,101,95872,13715,13616,325,13941,175
2021-10-22,Tehama,103,63373,8281,8105,1432,9537,110
2021-10-22,Trinity,105,12862,835,696,206,902,11
2021-10-22,Tulare,107,460477,67302,65585,14345,79930,978
2021-10-22,Tuolumne,109,53932,6984,6840,89,6929,90
2021-10-22,Ventura,111,848112,97439,96664,4247,100911,1167
2021-10-22,Yolo,113,214977,19618,19280,1082,20362,248
2021-10-22,Yuba,115,75493,9974,9838,298,10136,82
2021-10-21,Alameda,001,1643700,118463,117816,2717,120533,1397
2021-10-21,Alpine,003,1148,101,105,0,105,0
2021-10-21,Amador,005,37829,5478,5412,58,5470,64
2021-10-21,Butte,007,227075,20473,20101,3681,23782,273
2021-10-21,Calaveras,009,45235,3938,3865,48,3913,81
2021-10-21,Colusa,011,21464,2492,2458,619,3077,18
2021-10-21,Contra Costa,013,1133247,98471,97855,2108,99963,1008
2021-10-21,Del Norte,015,27424,3638,3540,51,3591,42
2021-10-21,El Dorado,017,186661,15813,15540,1670,17210,149
2021-10-21,Fresno,019,978130,136905,134466,12354,146820,2094
2021-10-21,Glenn,021,27897,3446,3399,991,4390,33
2021-10-21,Humboldt,023,135768,8849,8753,513,9266,105
2021-10-21,Imperial,025,180216,33098,32777,3101,35878,766
2021-10-21,Inyo,027,18085,2198,2108,40,2148,41
2021-10-21,Kern,029,883053,125002,122939,20980,143919,1636
2021-10-21,Kings,031,150075,31568,30942,1862,32804,325
2021-10-21,Lake,033,64148,6614,6501,139,6640,105
2021-10-21,Lassen,035,31185,6750,6632,341,6973,27
2021-10-21,Los Angeles,037,10098052,1428796,1415919,53297,1469216,26527
2021-10-21,Madera,039,155013,22515,22062,1982,24044,281
2021-10-21,Marin,041,260295,17403,17264,440,17704,244
2021-10-21,Mariposa,043,17540,1234,1184,43,1227,5
2021-10-21,Mendocino,045,87422,7359,7220,468,7688,82
2021-10-21,Merced,047,269075,41163,40808,1798,42606,581
2021-10-21,Modoc,049,8938,518,507,184,691,5
2021-10-21,Mono,051,14174,1675,1655,22,1677,3
2021-10-21,Monterey,053,433212,48395,47456,2787,50243,586
2021-10-21,Napa,055,140530,12866,12789,108,12897,100
2021-10-21,Nevada,057,99092,8985,8861,309,9170,90
2021-10-21,Orange,059,3164182,304674,302237,14699,316936,5546
2021-10-21,Placer,061,380077,36419,35822,3524,39346,426
2021-10-21,Plumas,063,18699,1701,1623,32,1655,7
2021-10-21,Riverside,065,2383286,359338,354688,16203,370891,5041
2021-10-21,Sacramento,067,1510023,156464,155125,4375,159500,2232
2021-10-21,San Benito,069,59416,7296,7280,164,7444,71
2021-10-21,San Bernardino,071,2135413,350292,347681,10949,358630,5688
2021-10-21,San Diego,073,3302833,368717,366085,21671,387756,4183
2021-10-21,San Francisco,075,870044,52390,51820,2252,54072,649
2021-10-21,San Joaquin,077,732212,98453,97440,5277,102717,1721
2021-10-21,San Luis Obispo,079,281455,29185,28755,1206,29961,333
2021-10-21,San Mateo,081,765935,53645,52719,830,53549,571
2021-10-21,Santa Barbara,083,443738,43941,43552,1522,45074,523
2021-10-21,Santa Clara,085,1922200,145475,144276,1269,145545,1897
2021-10-21,Santa Cruz,087,273765,20155,19967,990,20957,221
2021-10-21,Shasta,089,179085,20815,20386,3473,23859,321
2021-10-21,Sierra,091,2930,177,168,18,186,0
2021-10-21,Siskiyou,093,43540,3304,3231,1253,4484,46
2021-10-21,Solano,095,438530,45522,44861,1225,46086,341
2021-10-21,Sonoma,097,501317,40841,40476,513,40989,393
2021-10-21,Stanislaus,099,539301,76906,76812,8621,85433,1145
2021-10-21,Sutter,101,95872,13687,13616,321,13937,175
2021-10-21,Tehama,103,63373,8254,8105,1425,9530,110
2021-10-21,Trinity,105,12862,833,696,206,902,11
2021-10-21,Tulare,107,460477,67113,65585,14274,79859,978
2021-10-21,Tuolumne,109,53932,6946,6840,88,6928,90
2021-10-21,Ventura,111,848112,97348,96664,4245,100909,1167
2021-10-21,Yolo,113,214977,19571,19280,1080,20360,248
2021-10-21,Yuba,115,75493,9950,9838,297,10135,82
2021-10-20,Alameda,001,1643700,118343,117654,2717,120371,1390
2021-10-20,Alpine,003,1148,101,103,0,103,0
2021-10-20,Amador,005,37829,5470,5379,58,5437,64
2021-10-20,Butte,007,227075,20419,20021,3665,23686,270
2021-10-20,Calaveras,009,45235,3918,3844,47,3891,81
2021-10-20,Colusa,011,21464,2488,2454,617,3071,18
2021-10-20,Contra Costa,013,1133247,98355,97721,2104,99825,1008
2021-10-20,Del Norte,015,27424,3634,3536,51,3587,42
2021-10-20,El Dorado,017,186661,15783,15502,1667,17169,149
2021-10-20,Fresno,019,978130,136503,134025,12317,146342,2084
2021-10-20,Glenn,021,27897,3438,3382,990,4372,33
2021-10-20,Humboldt,023,135768,8827,8727,511,9238,105
2021-10-20,Imperial,025,180216,33024,32705,3093,35798,766
2021-10-20,Inyo,027,18085,2178,2077,39,2116,40
2021-10-20,Kern,029,883053,124708,122630,20861,143491,1623
2021-10-20,Kings,031,150075,31491,30805,1852,32657,322
2021-10-20,Lake,033,64148,6592,6475,138,6613,104
2021-10-20,Lassen,035,31185,6735,6622,341,6963,27
2021-10-20,Los Angeles,037,10098052,1427685,1414931,53226,1468157,26506
2021-10-20,Madera,039,155013,22445,21983,1973,23956,281
2021-10-20,Marin,041,260295,17382,17250,438,17688,244
2021-10-20,Mariposa,043,17540,1227,1174,43,1217,5
2021-10-20,Mendocino,045,87422,7331,7189,465,7654,82
2021-10-20,Merced,047,269075,41082,40685,1781,42466,581
2021-10-20,Modoc,049,8938,518,504,184,688,5
2021-10-20,Mono,051,14174,1675,1653,22,1675,3
2021-10-20,Monterey,053,433212,48363,47430,2778,50208,587
2021-10-20,Napa,055,140530,12852,12773,107,12880,100
2021-10-20,Nevada,057,99092,8957,8836,309,9145,90
2021-10-20,Orange,059,3164182,304388,301957,14677,316634,5534
2021-10-20,Placer,061,380077,36330,35729,3515,39244,425
2021-10-20,Plumas,063,18699,1694,1604,32,1636,7
2021-10-20,Riverside,065,2383286,358894,354311,16186,370497,5030
2021-10-20,Sacramento,067,1510023,156164,154822,4352,159174,2222
2021-10-20,San Benito,069,59416,7293,7275,162,7437,71
2021-10-20,San Bernardino,071,2135413,349891,347217,10918,358135,5663
2021-10-20,San Diego,073,3302833,368209,365698,21652,387350,4178
2021-10-20,San Francisco,075,870044,52341,51755,2251,54006,646
2021-10-20,San Joaquin,077,732212,98308,97246,5269,102515,1721
2021-10-20,San Luis Obispo,079,281455,29140,28727,1202,29929,332
2021-10-20,San Mateo,081,765935,53574,52663,822,53485,571
2021-10-20,Santa Barbara,083,443738,43878,43489,1521,45010,523
2021-10-20,Santa Clara,085,1922200,145340,144124,1264,145388,1896
2021-10-20,Santa Cruz,087,273765,20142,19951,990,20941,219
2021-10-20,Shasta,089,179085,20753,20313,3446,23759,320
2021-10-20,Sierra,091,2930,177,168,18,186,0
2021-10-20,Siskiyou,093,43540,3304,3224,1247,4471,46
2021-10-20,Solano,095,438530,45490,44819,1223,46042,341
2021-10-20,Sonoma,097,501317,40794,40404,513,40917,393
2021-10-20,Stanislaus,099,539301,76756,76631,8602,85233,1145
2021-10-20,Sutter,101,95872,13663,13592,315,13907,175
2021-10-20,Tehama,103,63373,8223,8081,1414,9495,110
2021-10-20,Trinity,105,12862,833,693,205,898,11
2021-10-20,Tulare,107,460477,66939,65413,14230,79643,967
2021-10-20,Tuolumne,109,53932,6923,6803,88,6891,89
2021-10-20,Ventura,111,848112,97266,96610,4241,100851,1166
2021-10-20,Yolo,113,214977,19526,19236,1077,20313,248
2021-10-20,Yuba,115,75493,9933,9808,294,10102,82
2021-10-19,Alameda,001,1643700,118222,117542,2711,120253,1383
2021-10-19,Alpine,003,1148,101,103,0,103,0
2021-10-19,Amador,005,37829,5454,5367,58,5425,64
2021-10-19,Butte,007,227075,20366,19974,3657,23631,268
2021-10-19,Calaveras,009,45235,3901,3826,46,3872,80
2021-10-19,Colusa,011,21464,2485,2447,615,3062,18
2021-10-19,Contra Costa,013,1133247,98264,97613,2099,99712,1004
2021-10-19,Del Norte,015,27424,3627,3531,51,3582,42
2021-10-19,El Dorado,017,186661,15758,15478,1662,17140,149
2021-10-19,Fresno,019,978130,136139,133813,12269,146082,2073
2021-10-19,Glenn,021,27897,3435,3380,988,4368,33
2021-10-19,Humboldt,023,135768,8803,8714,505,9219,105
2021-10-19,Imperial,025,180216,32958,32632,3089,35721,764
2021-10-19,Inyo,027,18085,2147,2045,39,2084,40
2021-10-19,Kern,029,883053,124391,122391,20737,143128,1613
2021-10-19,Kings,031,150075,31398,30757,1845,32602,322
2021-10-19,Lake,033,64148,6588,6465,138,6603,104
2021-10-19,Lassen,035,31185,6729,6612,337,6949,27
2021-10-19,Los Angeles,037,10098052,1426441,1413882,53152,1467034,26473
2021-10-19,Madera,039,155013,22382,21950,1965,23915,281
2021-10-19,Marin,041,260295,17368,17241,435,17676,244
2021-10-19,Mariposa,043,17540,1221,1171,41,1212,5
2021-10-19,Mendocino,045,87422,7316,7172,462,7634,82
2021-10-19,Merced,047,269075,40967,40628,1760,42388,580
2021-10-19,Modoc,049,8938,516,502,184,686,5
2021-10-19,Mono,051,14174,1671,1651,22,1673,3
2021-10-19,Monterey,053,433212,48326,47412,2767,50179,583
2021-10-19,Napa,055,140530,12845,12769,107,12876,100
2021-10-19,Nevada,057,99092,8936,8829,308,9137,90
2021-10-19,Orange,059,3164182,304131,301700,14643,316343,5527
2021-10-19,Placer,061,380077,36209,35663,3500,39163,422
2021-10-19,Plumas,063,18699,1676,1586,32,1618,8
2021-10-19,Riverside,065,2383286,358472,353891,16178,370069,5020
2021-10-19,Sacramento,067,1510023,155858,154570,4326,158896,2227
2021-10-19,San Benito,069,59416,7278,7264,162,7426,71
2021-10-19,San Bernardino,071,2135413,349487,346814,10889,357703,5627
2021-10-19,San Diego,073,3302833,367628,365285,21621,386906,4170
2021-10-19,San Francisco,075,870044,52278,51704,2249,53953,645
2021-10-19,San Joaquin,077,732212,98141,97105,5258,102363,1721
2021-10-19,San Luis Obispo,079,281455,29092,28670,1199,29869,332
2021-10-19,San Mateo,081,765935,53516,52617,820,53437,571
2021-10-19,Santa Barbara,083,443738,43811,43413,1520,44933,522
2021-10-19,Santa Clara,085,1922200,145167,143989,1256,145245,1898
2021-10-19,Santa Cruz,087,273765,20118,19895,988,20883,218
2021-10-19,Shasta,089,179085,20677,20209,3438,23647,319
2021-10-19,Sierra,091,2930,174,168,18,186,0
2021-10-19,Siskiyou,093,43540,3300,3216,1242,4458,46
2021-10-19,Solano,095,438530,45448,44782,1217,45999,341
2021-10-19,Sonoma,097,501317,40720,40379,512,40891,392
2021-10-19,Stanislaus,099,539301,76614,76526,8590,85116,1145
2021-10-19,Sutter,101,95872,13639,13569,314,13883,174
2021-10-19,Tehama,103,63373,8193,8057,1398,9455,108
2021-10-19,Trinity,105,12862,826,691,205,896,11
2021-10-19,Tulare,107,460477,66752,65253,14161,79414,958
2021-10-19,Tuolumne,109,53932,6894,6782,87,6869,89
2021-10-19,Ventura,111,848112,97190,96539,4236,100775,1166
2021-10-19,Yolo,113,214977,19481,19206,1072,20278,248
2021-10-19,Yuba,115,75493,9915,9796,293,10089,82
2021-10-18,Alameda,001,1643700,118085,117506,2702,120208,1381
2021-10-18,Alpine,003,1148,101,103,0,103,0
2021-10-18,Amador,005,37829,5443,5345,58,5403,64
2021-10-18,Butte,007,227075,20315,19921,3646,23567,265
2021-10-18,Calaveras,009,45235,3876,3819,45,3864,80
2021-10-18,Colusa,011,21464,2484,2444,613,3057,18
2021-10-18,Contra Costa,013,1133247,98153,97585,2095,99680,995
2021-10-18,Del Norte,015,27424,3620,3529,51,3580,41
2021-10-18,El Dorado,017,186661,15727,15452,1659,17111,149
2021-10-18,Fresno,019,978130,135737,133688,12227,145915,2063
2021-10-18,Glenn,021,27897,3431,3370,984,4354,32
2021-10-18,Humboldt,023,135768,8784,8699,497,9196,104
2021-10-18,Imperial,025,180216,32867,32558,3089,35647,764
2021-10-18,Inyo,027,18085,2129,2020,39,2059,40
2021-10-18,Kern,029,883053,124092,122231,20643,142874,1605
2021-10-18,Kings,031,150075,31284,30698,1832,32530,320
2021-10-18,Lake,033,64148,6569,6455,134,6589,104
2021-10-18,Lassen,035,31185,6709,6607,334,6941,26
2021-10-18,Los Angeles,037,10098052,1425199,1413291,53076,1466367,26446
2021-10-18,Madera,039,155013,22328,21909,1952,23861,277
2021-10-18,Marin,041,260295,17348,17232,432,17664,244
2021-10-18,Mariposa,043,17540,1213,1160,41,1201,5
2021-10-18,Mendocino,045,87422,7297,7156,454,7610,82
2021-10-18,Merced,047,269075,40844,40573,1750,42323,579
2021-10-18,Modoc,049,8938,516,498,184,682,5
2021-10-18,Mono,051,14174,1665,1648,21,1669,3
2021-10-18,Monterey,053,433212,48304,47389,2762,50151,583
2021-10-18,Napa,055,140530,12830,12762,107,12869,100
2021-10-18,Nevada,057,99092,8917,8816,308,9124,90
2021-10-18,Orange,059,3164182,303792,301573,14609,316182,5524
2021-10-18,Placer,061,380077,36132,35598,3496,39094,420
2021-10-18,Plumas,063,18699,1668,1579,32,1611,6
2021-10-18,Riverside,065,2383286,358057,353699,16164,369863,5008
2021-10-18,Sacramento,067,1510023,155553,154428,4295,158723,2203
2021-10-18,San Benito,069,59416,7266,7253,162,7415,71
2021-10-18,San Bernardino,071,2135413,349067,346742,10875,357617,5606
2021-10-18,San Diego,073,3302833,367073,364948,21583,386531,4169
2021-10-18,San Francisco,075,870044,52215,51671,2243,53914,644
2021-10-18,San Joaquin,077,732212,97976,97041,5248,102289,1721
2021-10-18,San Luis Obispo,079,281455,29053,28644,1196,29840,331
2021-10-18,San Mateo,081,765935,53451,52594,819,53413,571
2021-10-18,Santa Barbara,083,443738,43752,43386,1518,44904,522
2021-10-18,Santa Clara,085,1922200,145012,143891,1247,145138,1895
2021-10-18,Santa Cruz,087,273765,20104,19876,986,20862,218
2021-10-18,Shasta,089,179085,20597,20146,3427,23573,313
2021-10-18,Sierra,091,2930,174,166,18,184,0
2021-10-18,Siskiyou,093,43540,3297,3210,1234,4444,42
2021-10-18,Solano,095,438530,45404,44758,1214,45972,339
2021-10-18,Sonoma,097,501317,40656,40349,509,40858,392
2021-10-18,Stanislaus,099,539301,76450,76466,8576,85042,1145
2021-10-18,Sutter,101,95872,13605,13557,312,13869,172
2021-10-18,Tehama,103,63373,8158,8042,1386,9428,107
2021-10-18,Trinity,105,12862,825,688,205,893,11
2021-10-18,Tulare,107,460477,66576,65171,14097,79268,958
2021-10-18,Tuolumne,109,53932,6865,6755,87,6842,89
2021-10-18,Ventura,111,848112,97095,96506,4233,100739,1165
2021-10-18,Yolo,113,214977,19443,19197,1069,20266,248
2021-10-18,Yuba,115,75493,9888,9782,291,10073,82
2021-10-17,Alameda,001,1643700,117933,117423,2697,120120,1376
2021-10-17,Alpine,003,1148,101,103,0,103,0
2021-10-17,Amador,005,37829,5420,5341,58,5399,64
2021-10-17,Butte,007,227075,20231,19897,3636,23533,265
2021-10-17,Calaveras,009,45235,3860,3805,45,3850,80
2021-10-17,Colusa,011,21464,2479,2442,606,3048,18
2021-10-17,Contra Costa,013,1133247,98031,97485,2084,99569,995
2021-10-17,Del Norte,015,27424,3615,3526,51,3577,41
2021-10-17,El Dorado,017,186661,15669,15438,1652,17090,149
2021-10-17,Fresno,019,978130,135270,133429,12184,145613,2063
2021-10-17,Glenn,021,27897,3421,3364,979,4343,32
2021-10-17,Humboldt,023,135768,8764,8690,494,9184,104
2021-10-17,Imperial,025,180216,32784,32520,3082,35602,764
2021-10-17,Inyo,027,18085,2101,2000,39,2039,40
2021-10-17,Kern,029,883053,123742,122085,20544,142629,1603
2021-10-17,Kings,031,150075,31171,30636,1824,32460,315
2021-10-17,Lake,033,64148,6553,6437,134,6571,104
2021-10-17,Lassen,035,31185,6697,6605,330,6935,26
2021-10-17,Los Angeles,037,10098052,1423862,1412371,53001,1465372,26443
2021-10-17,Madera,039,155013,22266,21869,1941,23810,277
2021-10-17,Marin,041,260295,17326,17211,432,17643,243
2021-10-17,Mariposa,043,17540,1206,1150,41,1191,5
2021-10-17,Mendocino,045,87422,7268,7148,448,7596,82
2021-10-17,Merced,047,269075,40718,40531,1734,42265,579
2021-10-17,Modoc,049,8938,513,498,182,680,5
2021-10-17,Mono,051,14174,1663,1640,20,1660,3
2021-10-17,Monterey,053,433212,48263,47369,2752,50121,583
2021-10-17,Napa,055,140530,12815,12753,104,12857,100
2021-10-17,Nevada,057,99092,8900,8794,307,9101,90
2021-10-17,Orange,059,3164182,303477,301414,14576,315990,5524
2021-10-17,Placer,061,380077,36032,35559,3481,39040,420
2021-10-17,Plumas,063,18699,1644,1571,31,1602,6
2021-10-17,Riverside,065,2383286,357573,353500,16150,369650,5008
2021-10-17,Sacramento,067,1510023,155153,154080,4278,158358,2213
2021-10-17,San Benito,069,59416,7257,7250,161,7411,71
2021-10-17,San Bernardino,071,2135413,348634,346524,10855,357379,5597
2021-10-17,San Diego,073,3302833,366482,364675,21555,386230,4163
2021-10-17,San Francisco,075,870044,52143,51625,2234,53859,644
2021-10-17,San Joaquin,077,732212,97803,96950,5239,102189,1721
2021-10-17,San Luis Obispo,079,281455,29001,28604,1188,29792,331
2021-10-17,San Mateo,081,765935,53399,52541,815,53356,571
2021-10-17,Santa Barbara,083,443738,43689,43344,1517,44861,522
2021-10-17,Santa Clara,085,1922200,144835,143768,1238,145006,1895
2021-10-17,Santa Cruz,087,273765,20076,19861,984,20845,218
2021-10-17,Shasta,089,179085,20507,20116,3417,23533,312
2021-10-17,Sierra,091,2930,172,165,18,183,0
2021-10-17,Siskiyou,093,43540,3289,3204,1231,4435,42
2021-10-17,Solano,095,438530,45347,44722,1213,45935,340
2021-10-17,Sonoma,097,501317,40580,40306,508,40814,392
2021-10-17,Stanislaus,099,539301,76253,76354,8562,84916,1145
2021-10-17,Sutter,101,95872,13588,13543,310,13853,172
2021-10-17,Tehama,103,63373,8126,8015,1370,9385,107
2021-10-17,Trinity,105,12862,822,686,204,890,11
2021-10-17,Tulare,107,460477,66392,65057,14025,79082,958
2021-10-17,Tuolumne,109,53932,6831,6735,86,6821,89
2021-10-17,Ventura,111,848112,96995,96458,4230,100688,1165
2021-10-17,Yolo,113,214977,19401,19171,1060,20231,248
2021-10-17,Yuba,115,75493,9862,9771,289,10060,82
2021-10-16,Alameda,001,1643700,117843,117027,2695,119722,1365
2021-10-16,Alpine,003,1148,100,102,0,102,0
2021-10-16,Amador,005,37829,5413,5310,58,5368,64
2021-10-16,Butte,007,227075,20200,19612,3628,23240,260
2021-10-16,Calaveras,009,45235,3853,3771,45,3816,80
2021-10-16,Colusa,011,21464,2475,2431,603,3034,18
2021-10-16,Contra Costa,013,1133247,97939,97107,2077,99184,982
2021-10-16,Del Norte,015,27424,3612,3516,51,3567,41
2021-10-16,El Dorado,017,186661,15648,15315,1650,16965,149
2021-10-16,Fresno,019,978130,135116,132433,12167,144600,2051
2021-10-16,Glenn,021,27897,3415,3331,979,4310,26
2021-10-16,Humboldt,023,135768,8752,8621,489,9110,104
2021-10-16,Imperial,025,180216,32769,32368,3080,35448,764
2021-10-16,Inyo,027,18085,2087,1932,39,1971,39
2021-10-16,Kern,029,883053,123586,121354,20462,141816,1590
2021-10-16,Kings,031,150075,31125,30418,1821,32239,314
2021-10-16,Lake,033,64148,6542,6378,134,6512,104
2021-10-16,Lassen,035,31185,6688,6559,325,6884,26
2021-10-16,Los Angeles,037,10098052,1423206,1409418,52947,1462365,26398
2021-10-16,Madera,039,155013,22222,21707,1937,23644,277
2021-10-16,Marin,041,260295,17316,17148,432,17580,243
2021-10-16,Mariposa,043,17540,1203,1096,41,1137,5
2021-10-16,Mendocino,045,87422,7257,7099,448,7547,82
2021-10-16,Merced,047,269075,40686,40265,1732,41997,577
2021-10-16,Modoc,049,8938,510,492,182,674,5
2021-10-16,Mono,051,14174,1659,1628,20,1648,3
2021-10-16,Monterey,053,433212,48246,47293,2744,50037,582
2021-10-16,Napa,055,140530,12804,12706,104,12810,100
2021-10-16,Nevada,057,99092,8880,8739,307,9046,90
2021-10-16,Orange,059,3164182,303301,300722,14551,315273,5509
2021-10-16,Placer,061,380077,35948,35343,3475,38818,412
2021-10-16,Plumas,063,18699,1639,1542,30,1572,6
2021-10-16,Riverside,065,2383286,357303,352435,16138,368573,4990
2021-10-16,Sacramento,067,1510023,154954,153264,4274,157538,2192
2021-10-16,San Benito,069,59416,7244,7210,160,7370,71
2021-10-16,San Bernardino,071,2135413,348426,345418,10847,356265,5566
2021-10-16,San Diego,073,3302833,366166,363109,21539,384648,4151
2021-10-16,San Francisco,075,870044,52096,51436,2230,53666,645
2021-10-16,San Joaquin,077,732212,97731,96507,5236,101743,1708
2021-10-16,San Luis Obispo,079,281455,28975,28460,1187,29647,329
2021-10-16,San Mateo,081,765935,53350,52399,814,53213,569
2021-10-16,Santa Barbara,083,443738,43653,43175,1516,44691,521
2021-10-16,Santa Clara,085,1922200,144735,143282,1230,144512,1890
2021-10-16,Santa Cruz,087,273765,20061,19794,983,20777,218
2021-10-16,Shasta,089,179085,20457,19932,3406,23338,309
2021-10-16,Sierra,091,2930,170,160,18,178,0
2021-10-16,Siskiyou,093,43540,3287,3173,1224,4397,42
2021-10-16,Solano,095,438530,45321,44585,1209,45794,334
2021-10-16,Sonoma,097,501317,40540,40195,508,40703,390
2021-10-16,Stanislaus,099,539301,76167,75868,8552,84420,1142
2021-10-16,Sutter,101,95872,13569,13471,309,13780,169
2021-10-16,Tehama,103,63373,8113,7907,1365,9272,104
2021-10-16,Trinity,105,12862,822,679,204,883,11
2021-10-16,Tulare,107,460477,66254,64489,13994,78483,951
2021-10-16,Tuolumne,109,53932,6799,6666,86,6752,89
2021-10-16,Ventura,111,848112,96963,96181,4225,100406,1164
2021-10-16,Yolo,113,214977,19374,19078,1054,20132,247
2021-10-16,Yuba,115,75493,9838,9705,286,9991,82
2021-10-15,Alameda,001,1643700,117771,117027,2691,119718,1365
2021-10-15,Alpine,003,1148,100,102,0,102,0
2021-10-15,Amador,005,37829,5389,5310,58,5368,64
2021-10-15,Butte,007,227075,20164,19612,3621,23233,260
2021-10-15,Calaveras,009,45235,3847,3771,45,3816,80
2021-10-15,Colusa,011,21464,2473,2431,600,3031,18
2021-10-15,Contra Costa,013,1133247,97857,97107,2073,99180,982
2021-10-15,Del Norte,015,27424,3610,3516,51,3567,41
2021-10-15,El Dorado,017,186661,15628,15315,1645,16960,149
2021-10-15,Fresno,019,978130,134863,132433,12158,144591,2051
2021-10-15,Glenn,021,27897,3409,3331,978,4309,26
2021-10-15,Humboldt,023,135768,8743,8621,487,9108,104
2021-10-15,Imperial,025,180216,32722,32368,3076,35444,764
2021-10-15,Inyo,027,18085,2069,1932,39,1971,39
2021-10-15,Kern,029,883053,123450,121354,20387,141741,1590
2021-10-15,Kings,031,150075,31070,30418,1817,32235,314
2021-10-15,Lake,033,64148,6533,6378,134,6512,104
2021-10-15,Lassen,035,31185,6676,6559,324,6883,26
2021-10-15,Los Angeles,037,10098052,1422512,1409418,52899,1462317,26398
2021-10-15,Madera,039,155013,22178,21707,1929,23636,277
2021-10-15,Marin,041,260295,17305,17148,432,17580,243
2021-10-15,Mariposa,043,17540,1195,1096,41,1137,5
2021-10-15,Mendocino,045,87422,7242,7099,448,7547,82
2021-10-15,Merced,047,269075,40656,40265,1729,41994,577
2021-10-15,Modoc,049,8938,509,492,182,674,5
2021-10-15,Mono,051,14174,1656,1628,20,1648,3
2021-10-15,Monterey,053,433212,48224,47293,2742,50035,582
2021-10-15,Napa,055,140530,12800,12706,104,12810,100
2021-10-15,Nevada,057,99092,8865,8739,307,9046,90
2021-10-15,Orange,059,3164182,303132,300722,14533,315255,5509
2021-10-15,Placer,061,380077,35894,35343,3469,38812,412
2021-10-15,Plumas,063,18699,1631,1542,30,1572,6
2021-10-15,Riverside,065,2383286,357061,352435,16133,368568,4990
2021-10-15,Sacramento,067,1510023,154767,153264,4264,157528,2192
2021-10-15,San Benito,069,59416,7241,7210,160,7370,71
2021-10-15,San Bernardino,071,2135413,348193,345418,10844,356262,5566
2021-10-15,San Diego,073,3302833,365806,363109,21514,384623,4151
2021-10-15,San Francisco,075,870044,52055,51436,2223,53659,645
2021-10-15,San Joaquin,077,732212,97653,96507,5229,101736,1708
2021-10-15,San Luis Obispo,079,281455,28954,28460,1185,29645,329
2021-10-15,San Mateo,081,765935,53306,52399,813,53212,569
2021-10-15,Santa Barbara,083,443738,43615,43175,1516,44691,521
2021-10-15,Santa Clara,085,1922200,144612,143282,1222,144504,1890
2021-10-15,Santa Cruz,087,273765,20050,19794,983,20777,218
2021-10-15,Shasta,089,179085,20401,19932,3398,23330,309
2021-10-15,Sierra,091,2930,170,160,18,178,0
2021-10-15,Siskiyou,093,43540,3286,3173,1221,4394,42
2021-10-15,Solano,095,438530,45295,44585,1209,45794,334
2021-10-15,Sonoma,097,501317,40506,40195,507,40702,390
2021-10-15,Stanislaus,099,539301,76087,75868,8536,84404,1142
2021-10-15,Sutter,101,95872,13552,13471,307,13778,169
2021-10-15,Tehama,103,63373,8092,7907,1359,9266,104
2021-10-15,Trinity,105,12862,822,679,204,883,11
2021-10-15,Tulare,107,460477,66175,64489,13957,78446,951
2021-10-15,Tuolumne,109,53932,6776,6666,84,6750,89
2021-10-15,Ventura,111,848112,96921,96181,4222,100403,1164
2021-10-15,Yolo,113,214977,19359,19078,1050,20128,247
2021-10-15,Yuba,115,75493,9828,9705,285,9990,82
2021-10-14,Alameda,001,1643700,117661,117027,2686,119713,1365
2021-10-14,Alpine,003,1148,100,102,0,102,0
2021-10-14,Amador,005,37829,5378,5310,58,5368,64
2021-10-14,Butte,007,227075,20112,19612,3615,23227,260
2021-10-14,Calaveras,009,45235,3834,3771,44,3815,80
2021-10-14,Colusa,011,21464,2471,2431,598,3029,18
2021-10-14,Contra Costa,013,1133247,97723,97107,2066,99173,982
2021-10-14,Del Norte,015,27424,3604,3516,51,3567,41
2021-10-14,El Dorado,017,186661,15590,15315,1642,16957,149
2021-10-14,Fresno,019,978130,134568,132433,12129,144562,2051
2021-10-14,Glenn,021,27897,3404,3331,977,4308,26
2021-10-14,Humboldt,023,135768,8726,8621,484,9105,104
2021-10-14,Imperial,025,180216,32659,32368,3069,35437,764
2021-10-14,Inyo,027,18085,2050,1932,39,1971,39
2021-10-14,Kern,029,883053,123178,121354,20288,141642,1590
2021-10-14,Kings,031,150075,31005,30418,1809,32227,314
2021-10-14,Lake,033,64148,6512,6378,133,6511,104
2021-10-14,Lassen,035,31185,6670,6559,323,6882,26
2021-10-14,Los Angeles,037,10098052,1421526,1409418,52847,1462265,26398
2021-10-14,Madera,039,155013,22113,21707,1923,23630,277
2021-10-14,Marin,041,260295,17300,17148,430,17578,243
2021-10-14,Mariposa,043,17540,1182,1096,40,1136,5
2021-10-14,Mendocino,045,87422,7228,7099,446,7545,82
2021-10-14,Merced,047,269075,40568,40265,1715,41980,577
2021-10-14,Modoc,049,8938,509,492,182,674,5
2021-10-14,Mono,051,14174,1649,1628,20,1648,3
2021-10-14,Monterey,053,433212,48198,47293,2737,50030,582
2021-10-14,Napa,055,140530,12785,12706,104,12810,100
2021-10-14,Nevada,057,99092,8838,8739,305,9044,90
2021-10-14,Orange,059,3164182,302924,300722,14516,315238,5509
2021-10-14,Placer,061,380077,35827,35343,3455,38798,412
2021-10-14,Plumas,063,18699,1616,1542,30,1572,6
2021-10-14,Riverside,065,2383286,356664,352435,16122,368557,4990
2021-10-14,Sacramento,067,1510023,154515,153264,4244,157508,2192
2021-10-14,San Benito,069,59416,7230,7210,160,7370,71
2021-10-14,San Bernardino,071,2135413,347835,345418,10837,356255,5566
2021-10-14,San Diego,073,3302833,365367,363109,21487,384596,4151
2021-10-14,San Francisco,075,870044,51999,51436,2219,53655,645
2021-10-14,San Joaquin,077,732212,97524,96507,5220,101727,1708
2021-10-14,San Luis Obispo,079,281455,28910,28460,1181,29641,329
2021-10-14,San Mateo,081,765935,53258,52399,812,53211,569
2021-10-14,Santa Barbara,083,443738,43559,43175,1511,44686,521
2021-10-14,Santa Clara,085,1922200,144471,143282,1216,144498,1890
2021-10-14,Santa Cruz,087,273765,20027,19794,983,20777,218
2021-10-14,Shasta,089,179085,20344,19932,3386,23318,309
2021-10-14,Sierra,091,2930,169,160,18,178,0
2021-10-14,Siskiyou,093,43540,3283,3173,1213,4386,42
2021-10-14,Solano,095,438530,45245,44585,1201,45786,334
2021-10-14,Sonoma,097,501317,40455,40195,504,40699,390
2021-10-14,Stanislaus,099,539301,75941,75868,8523,84391,1142
2021-10-14,Sutter,101,95872,13532,13471,306,13777,169
2021-10-14,Tehama,103,63373,8061,7907,1352,9259,104
2021-10-14,Trinity,105,12862,821,679,203,882,11
2021-10-14,Tulare,107,460477,65991,64489,13910,78399,951
2021-10-14,Tuolumne,109,53932,6745,6666,83,6749,89
2021-10-14,Ventura,111,848112,96853,96181,4216,100397,1164
2021-10-14,Yolo,113,214977,19326,19078,1043,20121,247
2021-10-14,Yuba,115,75493,9814,9705,276,9981,82
2021-10-13,Alameda,001,1643700,117555,116914,2680,119594,1360
2021-10-13,Alpine,003,1148,100,102,0,102,0
2021-10-13,Amador,005,37829,5364,5305,58,5363,63
2021-10-13,Butte,007,227075,20037,19546,3610,23156,257
2021-10-13,Calaveras,009,45235,3813,3756,42,3798,79
2021-10-13,Colusa,011,21464,2464,2430,594,3024,18
2021-10-13,Contra Costa,013,1133247,97607,96975,2065,99040,969
2021-10-13,Del Norte,015,27424,3599,3512,51,3563,39
2021-10-13,El Dorado,017,186661,15566,15302,1637,16939,149
2021-10-13,Fresno,019,978130,134234,132055,12097,144152,2048
2021-10-13,Glenn,021,27897,3399,3327,973,4300,26
2021-10-13,Humboldt,023,135768,8715,8604,480,9084,102
2021-10-13,Imperial,025,180216,32599,32317,3067,35384,762
2021-10-13,Inyo,027,18085,2013,1907,39,1946,39
2021-10-13,Kern,029,883053,122934,120956,20196,141152,1586
2021-10-13,Kings,031,150075,30924,30246,1802,32048,312
2021-10-13,Lake,033,64148,6492,6371,133,6504,103
2021-10-13,Lassen,035,31185,6659,6535,317,6852,25
2021-10-13,Los Angeles,037,10098052,1420473,1408384,52790,1461174,26379
2021-10-13,Madera,039,155013,22060,21609,1909,23518,277
2021-10-13,Marin,041,260295,17276,17137,429,17566,243
2021-10-13,Mariposa,043,17540,1168,1090,40,1130,5
2021-10-13,Mendocino,045,87422,7212,7088,438,7526,82
2021-10-13,Merced,047,269075,40483,40164,1704,41868,577
2021-10-13,Modoc,049,8938,507,490,180,670,5
2021-10-13,Mono,051,14174,1649,1612,20,1632,3
2021-10-13,Monterey,053,433212,48179,47273,2730,50003,582
2021-10-13,Napa,055,140530,12774,12695,102,12797,100
2021-10-13,Nevada,057,99092,8816,8725,305,9030,90
2021-10-13,Orange,059,3164182,302716,300468,14500,314968,5503
2021-10-13,Placer,061,380077,35760,35254,3446,38700,412
2021-10-13,Plumas,063,18699,1602,1514,30,1544,6
2021-10-13,Riverside,065,2383286,356334,352044,16109,368153,4978
2021-10-13,Sacramento,067,1510023,154266,153141,4223,157364,2182
2021-10-13,San Benito,069,59416,7224,7196,159,7355,71
2021-10-13,San Bernardino,071,2135413,347510,344951,10820,355771,5562
2021-10-13,San Diego,073,3302833,364936,362564,21465,384029,4141
2021-10-13,San Francisco,075,870044,51956,51379,2215,53594,644
2021-10-13,San Joaquin,077,732212,97381,96343,5215,101558,1696
2021-10-13,San Luis Obispo,079,281455,28872,28397,1178,29575,330
2021-10-13,San Mateo,081,765935,53206,52352,808,53160,569
2021-10-13,Santa Barbara,083,443738,43507,43109,1511,44620,518
2021-10-13,Santa Clara,085,1922200,144333,143064,1215,144279,1886
2021-10-13,Santa Cruz,087,273765,20001,19763,982,20745,217
2021-10-13,Shasta,089,179085,20274,19802,3366,23168,307
2021-10-13,Sierra,091,2930,169,155,18,173,0
2021-10-13,Siskiyou,093,43540,3275,3173,1212,4385,42
2021-10-13,Solano,095,438530,45206,44558,1198,45756,334
2021-10-13,Sonoma,097,501317,40399,40122,504,40626,390
2021-10-13,Stanislaus,099,539301,75799,75698,8513,84211,1136
2021-10-13,Sutter,101,95872,13502,13458,304,13762,169
2021-10-13,Tehama,103,63373,8025,7849,1346,9195,103
2021-10-13,Trinity,105,12862,818,677,203,880,11
2021-10-13,Tulare,107,460477,65811,64297,13856,78153,945
2021-10-13,Tuolumne,109,53932,6731,6644,82,6726,89
2021-10-13,Ventura,111,848112,96779,96099,4210,100309,1162
2021-10-13,Yolo,113,214977,19298,19023,1041,20064,247
2021-10-13,Yuba,115,75493,9789,9690,263,9953,80
2021-10-12,Alameda,001,1643700,117452,116813,2676,119489,1357
2021-10-12,Alpine,003,1148,100,102,0,102,0
2021-10-12,Amador,005,37829,5353,5301,58,5359,63
2021-10-12,Butte,007,227075,19967,19506,3599,23105,256
2021-10-12,Calaveras,009,45235,3798,3750,42,3792,75
2021-10-12,Colusa,011,21464,2461,2428,592,3020,18
2021-10-12,Contra Costa,013,1133247,97494,96894,2056,98950,960
2021-10-12,Del Norte,015,27424,3593,3511,51,3562,39
2021-10-12,El Dorado,017,186661,15532,15287,1635,16922,148
2021-10-12,Fresno,019,978130,133872,131848,12066,143914,2042
2021-10-12,Glenn,021,27897,3385,3321,972,4293,26
2021-10-12,Humboldt,023,135768,8688,8587,474,9061,102
2021-10-12,Imperial,025,180216,32547,32267,3065,35332,762
2021-10-12,Inyo,027,18085,1981,1889,39,1928,39
2021-10-12,Kern,029,883053,122647,120826,20085,140911,1580
2021-10-12,Kings,031,150075,30850,30200,1791,31991,312
2021-10-12,Lake,033,64148,6477,6372,131,6503,97
2021-10-12,Lassen,035,31185,6649,6526,316,6842,25
2021-10-12,Los Angeles,037,10098052,1419409,1407462,52742,1460204,26362
2021-10-12,Madera,039,155013,21989,21574,1896,23470,277
2021-10-12,Marin,041,260295,17253,17126,429,17555,242
2021-10-12,Mariposa,043,17540,1154,1088,40,1128,5
2021-10-12,Mendocino,045,87422,7183,7077,435,7512,82
2021-10-12,Merced,047,269075,40404,40113,1698,41811,567
2021-10-12,Modoc,049,8938,502,485,179,664,5
2021-10-12,Mono,051,14174,1647,1608,20,1628,3
2021-10-12,Monterey,053,433212,48148,47254,2722,49976,582
2021-10-12,Napa,055,140530,12760,12671,102,12773,97
2021-10-12,Nevada,057,99092,8804,8720,304,9024,89
2021-10-12,Orange,059,3164182,302461,300256,14474,314730,5499
2021-10-12,Placer,061,380077,35697,35214,3438,38652,404
2021-10-12,Plumas,063,18699,1588,1488,29,1517,6
2021-10-12,Riverside,065,2383286,356008,351771,16095,367866,4973
2021-10-12,Sacramento,067,1510023,153961,152935,4198,157133,2170
2021-10-12,San Benito,069,59416,7210,7193,159,7352,71
2021-10-12,San Bernardino,071,2135413,347197,344788,10810,355598,5563
2021-10-12,San Diego,073,3302833,364423,362256,21436,383692,4137
2021-10-12,San Francisco,075,870044,51892,51301,2214,53515,643
2021-10-12,San Joaquin,077,732212,97244,96237,5210,101447,1690
2021-10-12,San Luis Obispo,079,281455,28825,28379,1177,29556,327
2021-10-12,San Mateo,081,765935,53155,52328,807,53135,569
2021-10-12,Santa Barbara,083,443738,43446,43076,1511,44587,515
2021-10-12,Santa Clara,085,1922200,144180,142954,1213,144167,1882
2021-10-12,Santa Cruz,087,273765,19976,19757,982,20739,218
2021-10-12,Shasta,089,179085,20200,19731,3345,23076,304
2021-10-12,Sierra,091,2930,169,153,18,171,0
2021-10-12,Siskiyou,093,43540,3264,3166,1206,4372,42
2021-10-12,Solano,095,438530,45164,44516,1192,45708,329
2021-10-12,Sonoma,097,501317,40358,40105,503,40608,390
2021-10-12,Stanislaus,099,539301,75647,75589,8500,84089,1126
2021-10-12,Sutter,101,95872,13479,13436,300,13736,168
2021-10-12,Tehama,103,63373,7993,7820,1342,9162,103
2021-10-12,Trinity,105,12862,815,676,203,879,11
2021-10-12,Tulare,107,460477,65626,64216,13799,78015,944
2021-10-12,Tuolumne,109,53932,6714,6637,81,6718,89
2021-10-12,Ventura,111,848112,96678,96022,4205,100227,1160
2021-10-12,Yolo,113,214977,19271,18987,1033,20020,247
2021-10-12,Yuba,115,75493,9774,9676,259,9935,70
2021-10-11,Alameda,001,1643700,117310,116759,2675,119434,1358
2021-10-11,Alpine,003,1148,100,102,0,102,0
2021-10-11,Amador,005,37829,5341,5286,58,5344,62
2021-10-11,Butte,007,227075,19908,19452,3594,23046,253
2021-10-11,Calaveras,009,45235,3777,3750,42,3792,75
2021-10-11,Colusa,011,21464,2457,2427,584,3011,18
2021-10-11,Contra Costa,013,1133247,97358,96832,2051,98883,960
2021-10-11,Del Norte,015,27424,3590,3510,47,3557,39
2021-10-11,El Dorado,017,186661,15503,15273,1631,16904,146
2021-10-11,Fresno,019,978130,133542,131703,12031,143734,2036
2021-10-11,Glenn,021,27897,3368,3308,969,4277,26
2021-10-11,Humboldt,023,135768,8663,8571,467,9038,101
2021-10-11,Imperial,025,180216,32497,32207,3059,35266,762
2021-10-11,Inyo,027,18085,1958,1862,38,1900,39
2021-10-11,Kern,029,883053,122411,120684,19990,140674,1575
2021-10-11,Kings,031,150075,30761,30180,1781,31961,309
2021-10-11,Lake,033,64148,6461,6361,127,6488,97
2021-10-11,Lassen,035,31185,6629,6499,313,6812,25
2021-10-11,Los Angeles,037,10098052,1418366,1406826,52691,1459517,26346
2021-10-11,Madera,039,155013,21931,21555,1879,23434,272
2021-10-11,Marin,041,260295,17235,17121,425,17546,242
2021-10-11,Mariposa,043,17540,1124,1083,39,1122,5
2021-10-11,Mendocino,045,87422,7167,7064,431,7495,82
2021-10-11,Merced,047,269075,40288,40064,1673,41737,566
2021-10-11,Modoc,049,8938,499,482,176,658,5
2021-10-11,Mono,051,14174,1637,1604,20,1624,3
2021-10-11,Monterey,053,433212,48119,47241,2715,49956,580
2021-10-11,Napa,055,140530,12737,12654,100,12754,96
2021-10-11,Nevada,057,99092,8784,8716,303,9019,90
2021-10-11,Orange,059,3164182,302231,299941,14444,314385,5499
2021-10-11,Placer,061,380077,35628,35173,3421,38594,404
2021-10-11,Plumas,063,18699,1570,1469,27,1496,6
2021-10-11,Riverside,065,2383286,355663,351444,16090,367534,4973
2021-10-11,Sacramento,067,1510023,153672,152681,4167,156848,2169
2021-10-11,San Benito,069,59416,7189,7184,157,7341,71
2021-10-11,San Bernardino,071,2135413,346811,344594,10802,355396,5549
2021-10-11,San Diego,073,3302833,363911,361712,21404,383116,4124
2021-10-11,San Francisco,075,870044,51821,51275,2211,53486,643
2021-10-11,San Joaquin,077,732212,97089,96152,5199,101351,1681
2021-10-11,San Luis Obispo,079,281455,28778,28355,1172,29527,327
2021-10-11,San Mateo,081,765935,53107,52298,807,53105,569
2021-10-11,Santa Barbara,083,443738,43399,43018,1510,44528,515
2021-10-11,Santa Clara,085,1922200,144019,142836,1209,144045,1882
2021-10-11,Santa Cruz,087,273765,19952,19745,981,20726,217
2021-10-11,Shasta,089,179085,20121,19662,3329,22991,295
2021-10-11,Sierra,091,2930,166,147,17,164,0
2021-10-11,Siskiyou,093,43540,3257,3159,1202,4361,42
2021-10-11,Solano,095,438530,45115,44474,1189,45663,329
2021-10-11,Sonoma,097,501317,40313,40067,503,40570,390
2021-10-11,Stanislaus,099,539301,75476,75478,8479,83957,1118
2021-10-11,Sutter,101,95872,13460,13427,298,13725,165
2021-10-11,Tehama,103,63373,7952,7795,1333,9128,102
2021-10-11,Trinity,105,12862,809,675,202,877,11
2021-10-11,Tulare,107,460477,65446,64094,13733,77827,942
2021-10-11,Tuolumne,109,53932,6676,6602,81,6683,89
2021-10-11,Ventura,111,848112,96581,95876,4198,100074,1160
2021-10-11,Yolo,113,214977,19224,18977,1030,20007,247
2021-10-11,Yuba,115,75493,9757,9657,247,9904,69
2021-10-10,Alameda,001,1643700,117191,116679,2671,119350,1358
2021-10-10,Alpine,003,1148,100,102,0,102,0
2021-10-10,Amador,005,37829,5327,5278,58,5336,62
2021-10-10,Butte,007,227075,19843,19430,3579,23009,253
2021-10-10,Calaveras,009,45235,3765,3747,42,3789,75
2021-10-10,Colusa,011,21464,2456,2425,583,3008,18
2021-10-10,Contra Costa,013,1133247,97259,96760,2045,98805,960
2021-10-10,Del Norte,015,27424,3586,3507,47,3554,39
2021-10-10,El Dorado,017,186661,15473,15250,1625,16875,146
2021-10-10,Fresno,019,978130,133212,131434,12000,143434,2035
2021-10-10,Glenn,021,27897,3363,3297,967,4264,26
2021-10-10,Humboldt,023,135768,8641,8554,463,9017,101
2021-10-10,Imperial,025,180216,32423,32167,3058,35225,762
2021-10-10,Inyo,027,18085,1937,1857,38,1895,39
2021-10-10,Kern,029,883053,122085,120552,19886,140438,1573
2021-10-10,Kings,031,150075,30672,30122,1771,31893,308
2021-10-10,Lake,033,64148,6445,6349,126,6475,97
2021-10-10,Lassen,035,31185,6609,6495,312,6807,26
2021-10-10,Los Angeles,037,10098052,1417181,1406034,52617,1458651,26338
2021-10-10,Madera,039,155013,21885,21486,1870,23356,272
2021-10-10,Marin,041,260295,17218,17112,425,17537,242
2021-10-10,Mariposa,043,17540,1121,1074,39,1113,5
2021-10-10,Mendocino,045,87422,7152,7060,423,7483,81
2021-10-10,Merced,047,269075,40204,40036,1654,41690,566
2021-10-10,Modoc,049,8938,499,482,176,658,5
2021-10-10,Mono,051,14174,1636,1596,20,1616,3
2021-10-10,Monterey,053,433212,48089,47228,2714,49942,580
2021-10-10,Napa,055,140530,12714,12641,100,12741,96
2021-10-10,Nevada,057,99092,8772,8689,303,8992,90
2021-10-10,Orange,059,3164182,301969,299787,14416,314203,5499
2021-10-10,Placer,061,380077,35535,35128,3409,38537,404
2021-10-10,Plumas,063,18699,1554,1468,25,1493,6
2021-10-10,Riverside,065,2383286,355289,351248,16072,367320,4973
2021-10-10,Sacramento,067,1510023,153405,152405,4150,156555,2178
2021-10-10,San Benito,069,59416,7184,7180,156,7336,71
2021-10-10,San Bernardino,071,2135413,346502,344423,10794,355217,5551
2021-10-10,San Diego,073,3302833,363395,361038,21357,382395,4113
2021-10-10,San Francisco,075,870044,51774,51216,2209,53425,643
2021-10-10,San Joaquin,077,732212,96918,96084,5184,101268,1681
2021-10-10,San Luis Obispo,079,281455,28734,28343,1172,29515,326
2021-10-10,San Mateo,081,765935,53065,52273,806,53079,569
2021-10-10,Santa Barbara,083,443738,43352,42987,1509,44496,515
2021-10-10,Santa Clara,085,1922200,143854,142768,1202,143970,1881
2021-10-10,Santa Cruz,087,273765,19932,19727,981,20708,217
2021-10-10,Shasta,089,179085,20033,19635,3320,22955,296
2021-10-10,Sierra,091,2930,164,147,17,164,0
2021-10-10,Siskiyou,093,43540,3243,3155,1195,4350,42
2021-10-10,Solano,095,438530,45059,44431,1189,45620,329
2021-10-10,Sonoma,097,501317,40261,40027,503,40530,390
2021-10-10,Stanislaus,099,539301,75298,75403,8465,83868,1118
2021-10-10,Sutter,101,95872,13436,13412,293,13705,165
2021-10-10,Tehama,103,63373,7914,7764,1324,9088,102
2021-10-10,Trinity,105,12862,808,669,201,870,11
2021-10-10,Tulare,107,460477,65274,63930,13683,77613,940
2021-10-10,Tuolumne,109,53932,6652,6580,80,6660,89
2021-10-10,Ventura,111,848112,96492,95829,4198,100027,1160
2021-10-10,Yolo,113,214977,19192,18952,1025,19977,247
2021-10-10,Yuba,115,75493,9741,9641,242,9883,69
2021-10-09,Alameda,001,1643700,117092,116253,2669,118922,1356
2021-10-09,Alpine,003,1148,99,102,0,102,0
2021-10-09,Amador,005,37829,5325,5237,57,5294,62
2021-10-09,Butte,007,227075,19812,19277,3575,22852,250
2021-10-09,Calaveras,009,45235,3761,3716,42,3758,75
2021-10-09,Colusa,011,21464,2452,2419,582,3001,18
2021-10-09,Contra Costa,013,1133247,97190,96378,2039,98417,958
2021-10-09,Del Norte,015,27424,3585,3495,47,3542,39
2021-10-09,El Dorado,017,186661,15455,15153,1622,16775,144
2021-10-09,Fresno,019,978130,133080,130508,11982,142490,2018
2021-10-09,Glenn,021,27897,3359,3277,965,4242,26
2021-10-09,Humboldt,023,135768,8627,8448,461,8909,97
2021-10-09,Imperial,025,180216,32389,31989,3056,35045,760
2021-10-09,Inyo,027,18085,1928,1808,38,1846,39
2021-10-09,Kern,029,883053,121944,119795,19859,139654,1559
2021-10-09,Kings,031,150075,30623,29894,1769,31663,308
2021-10-09,Lake,033,64148,6426,6283,125,6408,97
2021-10-09,Lassen,035,31185,6604,6442,311,6753,25
2021-10-09,Los Angeles,037,10098052,1416590,1402810,52579,1455389,26280
2021-10-09,Madera,039,155013,21852,21313,1856,23169,271
2021-10-09,Marin,041,260295,17213,17049,423,17472,242
2021-10-09,Mariposa,043,17540,1114,1042,38,1080,5
2021-10-09,Mendocino,045,87422,7145,7011,422,7433,82
2021-10-09,Merced,047,269075,40161,39784,1654,41438,565
2021-10-09,Modoc,049,8938,497,477,175,652,5
2021-10-09,Mono,051,14174,1633,1577,20,1597,3
2021-10-09,Monterey,053,433212,48077,47168,2711,49879,577
2021-10-09,Napa,055,140530,12710,12586,100,12686,96
2021-10-09,Nevada,057,99092,8761,8613,302,8915,90
2021-10-09,Orange,059,3164182,301788,299089,14397,313486,5457
2021-10-09,Placer,061,380077,35497,34877,3402,38279,393
2021-10-09,Plumas,063,18699,1543,1418,25,1443,6
2021-10-09,Riverside,065,2383286,355037,350082,16056,366138,4965
2021-10-09,Sacramento,067,1510023,153195,151566,4137,155703,2160
2021-10-09,San Benito,069,59416,7176,7123,156,7279,71
2021-10-09,San Bernardino,071,2135413,346315,343452,10790,354242,5556
2021-10-09,San Diego,073,3302833,363089,359909,21352,381261,4111
2021-10-09,San Francisco,075,870044,51726,50960,2202,53162,643
2021-10-09,San Joaquin,077,732212,96852,95606,5179,100785,1669
2021-10-09,San Luis Obispo,079,281455,28717,28197,1170,29367,324
2021-10-09,San Mateo,081,765935,53034,52121,805,52926,569
2021-10-09,Santa Barbara,083,443738,43325,42735,1509,44244,514
2021-10-09,Santa Clara,085,1922200,143730,142298,1196,143494,1873
2021-10-09,Santa Cruz,087,273765,19922,19635,980,20615,217
2021-10-09,Shasta,089,179085,19982,19437,3315,22752,290
2021-10-09,Sierra,091,2930,161,141,17,158,0
2021-10-09,Siskiyou,093,43540,3242,3124,1194,4318,42
2021-10-09,Solano,095,438530,45042,44265,1188,45453,329
2021-10-09,Sonoma,097,501317,40217,39848,503,40351,387
2021-10-09,Stanislaus,099,539301,75208,74899,8454,83353,1114
2021-10-09,Sutter,101,95872,13427,13314,291,13605,165
2021-10-09,Tehama,103,63373,7903,7670,1319,8989,99
2021-10-09,Trinity,105,12862,807,660,201,861,11
2021-10-09,Tulare,107,460477,65166,63398,13661,77059,932
2021-10-09,Tuolumne,109,53932,6633,6521,80,6601,89
2021-10-09,Ventura,111,848112,96438,95542,4195,99737,1158
2021-10-09,Yolo,113,214977,19170,18850,1023,19873,247
2021-10-09,Yuba,115,75493,9729,9551,241,9792,69
2021-10-08,Alameda,001,1643700,117011,116253,2666,118919,1356
2021-10-08,Alpine,003,1148,99,102,0,102,0
2021-10-08,Amador,005,37829,5312,5237,57,5294,62
2021-10-08,Butte,007,227075,19783,19277,3571,22848,250
2021-10-08,Calaveras,009,45235,3756,3716,42,3758,75
2021-10-08,Colusa,011,21464,2450,2419,582,3001,18
2021-10-08,Contra Costa,013,1133247,97146,96378,2034,98412,958
2021-10-08,Del Norte,015,27424,3584,3495,47,3542,39
2021-10-08,El Dorado,017,186661,15435,15153,1618,16771,144
2021-10-08,Fresno,019,978130,132884,130508,11961,142469,2018
2021-10-08,Glenn,021,27897,3351,3277,963,4240,26
2021-10-08,Humboldt,023,135768,8616,8448,458,8906,97
2021-10-08,Imperial,025,180216,32360,31989,3052,35041,760
2021-10-08,Inyo,027,18085,1910,1808,38,1846,39
2021-10-08,Kern,029,883053,121807,119795,19817,139612,1559
2021-10-08,Kings,031,150075,30529,29894,1768,31662,308
2021-10-08,Lake,033,64148,6418,6283,125,6408,97
2021-10-08,Lassen,035,31185,6590,6442,308,6750,25
2021-10-08,Los Angeles,037,10098052,1415929,1402810,52542,1455352,26280
2021-10-08,Madera,039,155013,21793,21313,1849,23162,271
2021-10-08,Marin,041,260295,17202,17049,422,17471,242
2021-10-08,Mariposa,043,17540,1107,1042,36,1078,5
2021-10-08,Mendocino,045,87422,7132,7011,422,7433,82
2021-10-08,Merced,047,269075,40129,39784,1651,41435,565
2021-10-08,Modoc,049,8938,495,477,175,652,5
2021-10-08,Mono,051,14174,1630,1577,20,1597,3
2021-10-08,Monterey,053,433212,48050,47168,2709,49877,577
2021-10-08,Napa,055,140530,12694,12586,100,12686,96
2021-10-08,Nevada,057,99092,8748,8613,302,8915,90
2021-10-08,Orange,059,3164182,301641,299089,14377,313466,5457
2021-10-08,Placer,061,380077,35459,34877,3395,38272,393
2021-10-08,Plumas,063,18699,1531,1418,25,1443,6
2021-10-08,Riverside,065,2383286,354768,350082,16045,366127,4965
2021-10-08,Sacramento,067,1510023,153030,151566,4123,155689,2160
2021-10-08,San Benito,069,59416,7172,7123,154,7277,71
2021-10-08,San Bernardino,071,2135413,346107,343452,10782,354234,5556
2021-10-08,San Diego,073,3302833,362763,359909,21333,381242,4111
2021-10-08,San Francisco,075,870044,51679,50960,2195,53155,643
2021-10-08,San Joaquin,077,732212,96784,95606,5173,100779,1669
2021-10-08,San Luis Obispo,079,281455,28690,28197,1169,29366,324
2021-10-08,San Mateo,081,765935,53006,52121,805,52926,569
2021-10-08,Santa Barbara,083,443738,43290,42735,1508,44243,514
2021-10-08,Santa Clara,085,1922200,143617,142298,1191,143489,1873
2021-10-08,Santa Cruz,087,273765,19907,19635,980,20615,217
2021-10-08,Shasta,089,179085,19940,19437,3309,22746,290
2021-10-08,Sierra,091,2930,159,141,15,156,0
2021-10-08,Siskiyou,093,43540,3234,3124,1193,4317,42
2021-10-08,Solano,095,438530,45003,44265,1188,45453,329
2021-10-08,Sonoma,097,501317,40181,39848,503,40351,387
2021-10-08,Stanislaus,099,539301,75139,74899,8445,83344,1114
2021-10-08,Sutter,101,95872,13413,13314,289,13603,165
2021-10-08,Tehama,103,63373,7886,7670,1317,8987,99
2021-10-08,Trinity,105,12862,806,660,201,861,11
2021-10-08,Tulare,107,460477,65048,63398,13629,77027,932
2021-10-08,Tuolumne,109,53932,6610,6521,80,6601,89
2021-10-08,Ventura,111,848112,96387,95542,4189,99731,1158
2021-10-08,Yolo,113,214977,19157,18850,1019,19869,247
2021-10-08,Yuba,115,75493,9709,9551,240,9791,69
2021-10-07,Alameda,001,1643700,116891,116253,2665,118918,1356
2021-10-07,Alpine,003,1148,99,102,0,102,0
2021-10-07,Amador,005,37829,5305,5237,57,5294,62
2021-10-07,Butte,007,227075,19734,19277,3560,22837,250
2021-10-07,Calaveras,009,45235,3744,3716,42,3758,75
2021-10-07,Colusa,011,21464,2447,2419,576,2995,18
2021-10-07,Contra Costa,013,1133247,97023,96378,2031,98409,958
2021-10-07,Del Norte,015,27424,3581,3495,47,3542,39
2021-10-07,El Dorado,017,186661,15398,15153,1614,16767,144
2021-10-07,Fresno,019,978130,132610,130508,11937,142445,2018
2021-10-07,Glenn,021,27897,3344,3277,961,4238,26
2021-10-07,Humboldt,023,135768,8590,8448,455,8903,97
2021-10-07,Imperial,025,180216,32289,31989,3039,35028,760
2021-10-07,Inyo,027,18085,1891,1808,38,1846,39
2021-10-07,Kern,029,883053,121576,119795,19752,139547,1559
2021-10-07,Kings,031,150075,30464,29894,1762,31656,308
2021-10-07,Lake,033,64148,6407,6283,125,6408,97
2021-10-07,Lassen,035,31185,6572,6442,306,6748,25
2021-10-07,Los Angeles,037,10098052,1414974,1402810,52498,1455308,26280
2021-10-07,Madera,039,155013,21720,21313,1835,23148,271
2021-10-07,Marin,041,260295,17184,17049,422,17471,242
2021-10-07,Mariposa,043,17540,1099,1042,36,1078,5
2021-10-07,Mendocino,045,87422,7122,7011,418,7429,82
2021-10-07,Merced,047,269075,40062,39784,1634,41418,565
2021-10-07,Modoc,049,8938,492,477,174,651,5
2021-10-07,Mono,051,14174,1622,1577,20,1597,3
2021-10-07,Monterey,053,433212,48025,47168,2700,49868,577
2021-10-07,Napa,055,140530,12679,12586,100,12686,96
2021-10-07,Nevada,057,99092,8720,8613,302,8915,90
2021-10-07,Orange,059,3164182,301415,299089,14363,313452,5457
2021-10-07,Placer,061,380077,35397,34877,3388,38265,393
2021-10-07,Plumas,063,18699,1514,1418,25,1443,6
2021-10-07,Riverside,065,2383286,354435,350082,16033,366115,4965
2021-10-07,Sacramento,067,1510023,152748,151566,4096,155662,2160
2021-10-07,San Benito,069,59416,7156,7123,152,7275,71
2021-10-07,San Bernardino,071,2135413,345834,343452,10774,354226,5556
2021-10-07,San Diego,073,3302833,362368,359909,21312,381221,4111
2021-10-07,San Francisco,075,870044,51608,50960,2192,53152,643
2021-10-07,San Joaquin,077,732212,96630,95606,5165,100771,1669
2021-10-07,San Luis Obispo,079,281455,28639,28197,1167,29364,324
2021-10-07,San Mateo,081,765935,52966,52121,804,52925,569
2021-10-07,Santa Barbara,083,443738,43222,42735,1502,44237,514
2021-10-07,Santa Clara,085,1922200,143468,142298,1185,143483,1873
2021-10-07,Santa Cruz,087,273765,19887,19635,979,20614,217
2021-10-07,Shasta,089,179085,19851,19437,3294,22731,290
2021-10-07,Sierra,091,2930,158,141,15,156,0
2021-10-07,Siskiyou,093,43540,3230,3124,1188,4312,42
2021-10-07,Solano,095,438530,44958,44265,1184,45449,329
2021-10-07,Sonoma,097,501317,40144,39848,501,40349,387
2021-10-07,Stanislaus,099,539301,74977,74899,8420,83319,1114
2021-10-07,Sutter,101,95872,13391,13314,286,13600,165
2021-10-07,Tehama,103,63373,7853,7670,1311,8981,99
2021-10-07,Trinity,105,12862,804,660,201,861,11
2021-10-07,Tulare,107,460477,64880,63398,13592,76990,932
2021-10-07,Tuolumne,109,53932,6588,6521,80,6601,89
2021-10-07,Ventura,111,848112,96314,95542,4186,99728,1158
2021-10-07,Yolo,113,214977,19124,18850,1014,19864,247
2021-10-07,Yuba,115,75493,9683,9551,233,9784,69
2021-10-06,Alameda,001,1643700,116754,116058,2659,118717,1353
2021-10-06,Alpine,003,1148,99,102,0,102,0
2021-10-06,Amador,005,37829,5302,5205,57,5262,62
2021-10-06,Butte,007,227075,19672,19208,3553,22761,247
2021-10-06,Calaveras,009,45235,3735,3669,42,3711,75
2021-10-06,Colusa,011,21464,2445,2414,569,2983,18
2021-10-06,Contra Costa,013,1133247,96898,96184,2027,98211,953
2021-10-06,Del Norte,015,27424,3578,3490,44,3534,39
2021-10-06,El Dorado,017,186661,15373,15078,1611,16689,140
2021-10-06,Fresno,019,978130,132320,130074,11912,141986,2008
2021-10-06,Glenn,021,27897,3335,3270,959,4229,26
2021-10-06,Humboldt,023,135768,8575,8416,449,8865,94
2021-10-06,Imperial,025,180216,32236,31930,3028,34958,760
2021-10-06,Inyo,027,18085,1876,1806,38,1844,39
2021-10-06,Kern,029,883053,121319,119491,19660,139151,1552
2021-10-06,Kings,031,150075,30398,29785,1754,31539,308
2021-10-06,Lake,033,64148,6393,6271,125,6396,97
2021-10-06,Lassen,035,31185,6556,6429,305,6734,25
2021-10-06,Los Angeles,037,10098052,1414015,1401675,52450,1454125,26252
2021-10-06,Madera,039,155013,21665,21230,1825,23055,269
2021-10-06,Marin,041,260295,17175,17042,419,17461,242
2021-10-06,Mariposa,043,17540,1092,1036,36,1072,5
2021-10-06,Mendocino,045,87422,7113,6986,416,7402,81
2021-10-06,Merced,047,269075,39987,39666,1622,41288,563
2021-10-06,Modoc,049,8938,492,477,172,649,5
2021-10-06,Mono,051,14174,1610,1568,20,1588,3
2021-10-06,Monterey,053,433212,47992,47136,2695,49831,577
2021-10-06,Napa,055,140530,12655,12552,99,12651,96
2021-10-06,Nevada,057,99092,8704,8582,301,8883,90
2021-10-06,Orange,059,3164182,301177,298785,14351,313136,5448
2021-10-06,Placer,061,380077,35346,34764,3382,38146,390
2021-10-06,Plumas,063,18699,1491,1383,25,1408,6
2021-10-06,Riverside,065,2383286,354079,349645,16012,365657,4953
2021-10-06,Sacramento,067,1510023,152495,151164,4065,155229,2141
2021-10-06,San Benito,069,59416,7141,7108,152,7260,69
2021-10-06,San Bernardino,071,2135413,345543,343022,10767,353789,5551
2021-10-06,San Diego,073,3302833,361876,359564,21284,380848,4104
2021-10-06,San Francisco,075,870044,51545,50894,2189,53083,641
2021-10-06,San Joaquin,077,732212,96496,95418,5153,100571,1658
2021-10-06,San Luis Obispo,079,281455,28589,28170,1161,29331,323
2021-10-06,San Mateo,081,765935,52916,52056,799,52855,569
2021-10-06,Santa Barbara,083,443738,43139,42687,1500,44187,513
2021-10-06,Santa Clara,085,1922200,143317,142124,1180,143304,1872
2021-10-06,Santa Cruz,087,273765,19858,19604,977,20581,217
2021-10-06,Shasta,089,179085,19776,19325,3281,22606,287
2021-10-06,Sierra,091,2930,156,138,15,153,0
2021-10-06,Siskiyou,093,43540,3220,3116,1181,4297,42
2021-10-06,Solano,095,438530,44924,44185,1183,45368,328
2021-10-06,Sonoma,097,501317,40094,39787,500,40287,383
2021-10-06,Stanislaus,099,539301,74835,74699,8407,83106,1114
2021-10-06,Sutter,101,95872,13370,13284,284,13568,164
2021-10-06,Tehama,103,63373,7817,7629,1304,8933,99
2021-10-06,Trinity,105,12862,801,656,201,857,11
2021-10-06,Tulare,107,460477,64701,63198,13534,76732,926
2021-10-06,Tuolumne,109,53932,6563,6486,80,6566,89
2021-10-06,Ventura,111,848112,96223,95449,4178,99627,1158
2021-10-06,Yolo,113,214977,19092,18815,1010,19825,247
2021-10-06,Yuba,115,75493,9659,9520,232,9752,69
2021-10-05,Alameda,001,1643700,116610,115968,2654,118622,1350
2021-10-05,Alpine,003,1148,99,102,0,102,0
2021-10-05,Amador,005,37829,5281,5194,56,5250,61
2021-10-05,Butte,007,227075,19623,19137,3539,22676,246
2021-10-05,Calaveras,009,45235,3719,3657,42,3699,73
2021-10-05,Colusa,011,21464,2438,2414,568,2982,18
2021-10-05,Contra Costa,013,1133247,96781,96108,2022,98130,941
2021-10-05,Del Norte,015,27424,3576,3485,43,3528,39
2021-10-05,El Dorado,017,186661,15334,15052,1608,16660,140
2021-10-05,Fresno,019,978130,131980,129957,11876,141833,1987
2021-10-05,Glenn,021,27897,3325,3270,955,4225,26
2021-10-05,Humboldt,023,135768,8544,8398,445,8843,94
2021-10-05,Imperial,025,180216,32189,31909,3023,34932,759
2021-10-05,Inyo,027,18085,1859,1800,38,1838,39
2021-10-05,Kern,029,883053,121054,119260,19559,138819,1540
2021-10-05,Kings,031,150075,30323,29749,1748,31497,301
2021-10-05,Lake,033,64148,6372,6264,124,6388,97
2021-10-05,Lassen,035,31185,6537,6417,303,6720,25
2021-10-05,Los Angeles,037,10098052,1412871,1400300,52397,1452697,26223
2021-10-05,Madera,039,155013,21607,21183,1813,22996,269
2021-10-05,Marin,041,260295,17163,17024,419,17443,242
2021-10-05,Mariposa,043,17540,1073,1033,33,1066,5
2021-10-05,Mendocino,045,87422,7097,6972,409,7381,79
2021-10-05,Merced,047,269075,39921,39608,1614,41222,562
2021-10-05,Modoc,049,8938,488,475,171,646,5
2021-10-05,Mono,051,14174,1602,1565,20,1585,3
2021-10-05,Monterey,053,433212,47975,47087,2685,49772,573
2021-10-05,Napa,055,140530,12631,12533,99,12632,96
2021-10-05,Nevada,057,99092,8674,8576,301,8877,90
2021-10-05,Orange,059,3164182,300900,298589,14319,312908,5441
2021-10-05,Placer,061,380077,35266,34728,3375,38103,382
2021-10-05,Plumas,063,18699,1466,1357,25,1382,6
2021-10-05,Riverside,065,2383286,353719,349365,15997,365362,4942
2021-10-05,Sacramento,067,1510023,152221,151111,4037,155148,2126
2021-10-05,San Benito,069,59416,7123,7103,150,7253,69
2021-10-05,San Bernardino,071,2135413,345216,342711,10760,353471,5557
2021-10-05,San Diego,073,3302833,361301,359194,21257,380451,4092
2021-10-05,San Francisco,075,870044,51448,50826,2186,53012,641
2021-10-05,San Joaquin,077,732212,96343,95276,5127,100403,1651
2021-10-05,San Luis Obispo,079,281455,28545,28113,1159,29272,324
2021-10-05,San Mateo,081,765935,52869,52008,799,52807,569
2021-10-05,Santa Barbara,083,443738,43061,42595,1496,44091,511
2021-10-05,Santa Clara,085,1922200,143157,141971,1173,143144,1873
2021-10-05,Santa Cruz,087,273765,19816,19582,977,20559,216
2021-10-05,Shasta,089,179085,19702,19285,3268,22553,286
2021-10-05,Sierra,091,2930,152,136,15,151,0
2021-10-05,Siskiyou,093,43540,3206,3107,1181,4288,42
2021-10-05,Solano,095,438530,44853,44149,1181,45330,325
2021-10-05,Sonoma,097,501317,40039,39756,495,40251,383
2021-10-05,Stanislaus,099,539301,74673,74599,8390,82989,1114
2021-10-05,Sutter,101,95872,13342,13270,283,13553,164
2021-10-05,Tehama,103,63373,7787,7607,1295,8902,98
2021-10-05,Trinity,105,12862,798,655,201,856,11
2021-10-05,Tulare,107,460477,64494,63093,13481,76574,920
2021-10-05,Tuolumne,109,53932,6548,6473,79,6552,89
2021-10-05,Ventura,111,848112,96117,95351,4177,99528,1155
2021-10-05,Yolo,113,214977,19056,18782,1004,19786,245
2021-10-05,Yuba,115,75493,9627,9504,229,9733,69
2021-10-04,Alameda,001,1643700,116449,115845,2651,118496,1347
2021-10-04,Alpine,003,1148,99,102,0,102,0
2021-10-04,Amador,005,37829,5271,5163,55,5218,61
2021-10-04,Butte,007,227075,19546,19081,3527,22608,245
2021-10-04,Calaveras,009,45235,3710,3641,42,3683,73
2021-10-04,Colusa,011,21464,2437,2414,566,2980,18
2021-10-04,Contra Costa,013,1133247,96640,95958,2017,97975,937
2021-10-04,Del Norte,015,27424,3574,3485,39,3524,39
2021-10-04,El Dorado,017,186661,15287,15031,1601,16632,138
2021-10-04,Fresno,019,978130,131670,129665,11846,141511,1978
2021-10-04,Glenn,021,27897,3318,3270,952,4222,26
2021-10-04,Humboldt,023,135768,8512,8355,437,8792,94
2021-10-04,Imperial,025,180216,32140,31866,3016,34882,757
2021-10-04,Inyo,027,18085,1847,1792,35,1827,39
2021-10-04,Kern,029,883053,120763,118984,19439,138423,1531
2021-10-04,Kings,031,150075,30230,29702,1745,31447,303
2021-10-04,Lake,033,64148,6359,6248,124,6372,97
2021-10-04,Lassen,035,31185,6520,6405,303,6708,25
2021-10-04,Los Angeles,037,10098052,1411754,1399604,52340,1451944,26186
2021-10-04,Madera,039,155013,21543,21126,1801,22927,266
2021-10-04,Marin,041,260295,17147,17008,418,17426,242
2021-10-04,Mariposa,043,17540,1061,1024,33,1057,5
2021-10-04,Mendocino,045,87422,7079,6947,406,7353,79
2021-10-04,Merced,047,269075,39805,39565,1598,41163,558
2021-10-04,Modoc,049,8938,485,473,171,644,5
2021-10-04,Mono,051,14174,1594,1561,20,1581,3
2021-10-04,Monterey,053,433212,47954,47058,2678,49736,571
2021-10-04,Napa,055,140530,12607,12506,99,12605,96
2021-10-04,Nevada,057,99092,8654,8563,301,8864,90
2021-10-04,Orange,059,3164182,300604,298165,14287,312452,5438
2021-10-04,Placer,061,380077,35184,34630,3348,37978,379
2021-10-04,Plumas,063,18699,1444,1329,25,1354,6
2021-10-04,Riverside,065,2383286,353339,348828,15987,364815,4923
2021-10-04,Sacramento,067,1510023,151897,150887,4010,154897,2115
2021-10-04,San Benito,069,59416,7110,7099,150,7249,69
2021-10-04,San Bernardino,071,2135413,344857,342418,10748,353166,5551
2021-10-04,San Diego,073,3302833,360735,358525,21226,379751,4090
2021-10-04,San Francisco,075,870044,51353,50798,2182,52980,638
2021-10-04,San Joaquin,077,732212,96146,95198,5107,100305,1649
2021-10-04,San Luis Obispo,079,281455,28500,28090,1153,29243,323
2021-10-04,San Mateo,081,765935,52809,51958,798,52756,569
2021-10-04,Santa Barbara,083,443738,42976,42585,1495,44080,511
2021-10-04,Santa Clara,085,1922200,143012,141840,1167,143007,1869
2021-10-04,Santa Cruz,087,273765,19787,19559,976,20535,216
2021-10-04,Shasta,089,179085,19595,19170,3254,22424,279
2021-10-04,Sierra,091,2930,145,136,14,150,0
2021-10-04,Siskiyou,093,43540,3197,3103,1166,4269,42
2021-10-04,Solano,095,438530,44794,44092,1177,45269,322
2021-10-04,Sonoma,097,501317,39973,39720,495,40215,381
2021-10-04,Stanislaus,099,539301,74521,74444,8371,82815,1106
2021-10-04,Sutter,101,95872,13313,13261,282,13543,164
2021-10-04,Tehama,103,63373,7746,7585,1289,8874,95
2021-10-04,Trinity,105,12862,797,649,200,849,11
2021-10-04,Tulare,107,460477,64307,62957,13412,76369,920
2021-10-04,Tuolumne,109,53932,6522,6442,79,6521,89
2021-10-04,Ventura,111,848112,96025,95170,4171,99341,1153
2021-10-04,Yolo,113,214977,19012,18761,1000,19761,242
2021-10-04,Yuba,115,75493,9588,9481,227,9708,68
2021-10-03,Alameda,001,1643700,116307,115751,2641,118392,1349
2021-10-03,Alpine,003,1148,99,102,0,102,0
2021-10-03,Amador,005,37829,5253,5160,53,5213,61
2021-10-03,Butte,007,227075,19473,19066,3510,22576,245
2021-10-03,Calaveras,009,45235,3693,3632,42,3674,73
2021-10-03,Colusa,011,21464,2436,2413,563,2976,18
2021-10-03,Contra Costa,013,1133247,96508,95890,2010,97900,937
2021-10-03,Del Norte,015,27424,3568,3483,38,3521,39
2021-10-03,El Dorado,017,186661,15228,15014,1594,16608,139
2021-10-03,Fresno,019,978130,131289,129365,11805,141170,1978
2021-10-03,Glenn,021,27897,3311,3266,944,4210,26
2021-10-03,Humboldt,023,135768,8467,8352,433,8785,94
2021-10-03,Imperial,025,180216,32073,31844,3008,34852,757
2021-10-03,Inyo,027,18085,1826,1788,35,1823,39
2021-10-03,Kern,029,883053,120458,118851,19317,138168,1535
2021-10-03,Kings,031,150075,30129,29623,1738,31361,300
2021-10-03,Lake,033,64148,6333,6239,124,6363,97
2021-10-03,Lassen,035,31185,6498,6400,301,6701,25
2021-10-03,Los Angeles,037,10098052,1410488,1398790,52285,1451075,26179
2021-10-03,Madera,039,155013,21471,21066,1791,22857,266
2021-10-03,Marin,041,260295,17124,16995,413,17408,242
2021-10-03,Mariposa,043,17540,1054,1011,33,1044,5
2021-10-03,Mendocino,045,87422,7059,6939,398,7337,79
2021-10-03,Merced,047,269075,39698,39516,1578,41094,558
2021-10-03,Modoc,049,8938,484,472,170,642,5
2021-10-03,Mono,051,14174,1590,1554,20,1574,3
2021-10-03,Monterey,053,433212,47929,47049,2667,49716,571
2021-10-03,Napa,055,140530,12579,12489,97,12586,96
2021-10-03,Nevada,057,99092,8619,8545,301,8846,90
2021-10-03,Orange,059,3164182,300322,298027,14267,312294,5447
2021-10-03,Placer,061,380077,35046,34596,3332,37928,379
2021-10-03,Plumas,063,18699,1416,1328,25,1353,6
2021-10-03,Riverside,065,2383286,352908,348593,15967,364560,4924
2021-10-03,Sacramento,067,1510023,151608,150664,3981,154645,2120
2021-10-03,San Benito,069,59416,7101,7095,150,7245,69
2021-10-03,San Bernardino,071,2135413,344442,342302,10741,353043,5555
2021-10-03,San Diego,073,3302833,360156,358153,21194,379347,4081
2021-10-03,San Francisco,075,870044,51265,50733,2179,52912,638
2021-10-03,San Joaquin,077,732212,95957,95133,5099,100232,1649
2021-10-03,San Luis Obispo,079,281455,28433,28065,1148,29213,325
2021-10-03,San Mateo,081,765935,52742,51923,797,52720,569
2021-10-03,Santa Barbara,083,443738,42880,42550,1487,44037,511
2021-10-03,Santa Clara,085,1922200,142842,141737,1159,142896,1869
2021-10-03,Santa Cruz,087,273765,19747,19548,974,20522,216
2021-10-03,Shasta,089,179085,19490,19132,3226,22358,279
2021-10-03,Sierra,091,2930,142,136,14,150,0
2021-10-03,Siskiyou,093,43540,3184,3096,1155,4251,42
2021-10-03,Solano,095,438530,44730,44051,1174,45225,322
2021-10-03,Sonoma,097,501317,39907,39679,495,40174,381
2021-10-03,Stanislaus,099,539301,74333,74366,8353,82719,1106
2021-10-03,Sutter,101,95872,13298,13248,278,13526,164
2021-10-03,Tehama,103,63373,7703,7564,1284,8848,94
2021-10-03,Trinity,105,12862,793,647,198,845,11
2021-10-03,Tulare,107,460477,64103,62860,13339,76199,924
2021-10-03,Tuolumne,109,53932,6493,6430,77,6507,89
2021-10-03,Ventura,111,848112,95920,95108,4168,99276,1153
2021-10-03,Yolo,113,214977,18983,18720,992,19712,242
2021-10-03,Yuba,115,75493,9571,9462,226,9688,68
2021-10-02,Alameda,001,1643700,116199,115185,2637,117822,1343
2021-10-02,Alpine,003,1148,99,102,0,102,0
2021-10-02,Amador,005,37829,5244,5105,53,5158,61
2021-10-02,Butte,007,227075,19442,18911,3502,22413,243
2021-10-02,Calaveras,009,45235,3686,3585,42,3627,72
2021-10-02,Colusa,011,21464,2435,2403,561,2964,18
2021-10-02,Contra Costa,013,1133247,96437,95369,2006,97375,933
2021-10-02,Del Norte,015,27424,3563,3468,38,3506,39
2021-10-02,El Dorado,017,186661,15202,14887,1593,16480,136
2021-10-02,Fresno,019,978130,131118,128450,11792,140242,1964
2021-10-02,Glenn,021,27897,3306,3234,944,4178,26
2021-10-02,Humboldt,023,135768,8448,8244,433,8677,94
2021-10-02,Imperial,025,180216,32038,31674,3005,34679,757
2021-10-02,Inyo,027,18085,1817,1746,35,1781,39
2021-10-02,Kern,029,883053,120325,117962,19236,137198,1524
2021-10-02,Kings,031,150075,30080,29339,1734,31073,301
2021-10-02,Lake,033,64148,6324,6191,124,6315,97
2021-10-02,Lassen,035,31185,6493,6360,301,6661,25
2021-10-02,Los Angeles,037,10098052,1409881,1395070,52249,1447319,26126
2021-10-02,Madera,039,155013,21446,20931,1782,22713,266
2021-10-02,Marin,041,260295,17119,16936,410,17346,242
2021-10-02,Mariposa,043,17540,1052,967,33,1000,5
2021-10-02,Mendocino,045,87422,7049,6869,398,7267,78
2021-10-02,Merced,047,269075,39671,39196,1574,40770,552
2021-10-02,Modoc,049,8938,482,468,170,638,5
2021-10-02,Mono,051,14174,1588,1540,20,1560,3
2021-10-02,Monterey,053,433212,47874,46964,2666,49630,571
2021-10-02,Napa,055,140530,12568,12433,97,12530,96
2021-10-02,Nevada,057,99092,8608,8474,300,8774,87
2021-10-02,Orange,059,3164182,300157,297307,14247,311554,5435
2021-10-02,Placer,061,380077,34980,34377,3323,37700,381
2021-10-02,Plumas,063,18699,1405,1298,25,1323,6
2021-10-02,Riverside,065,2383286,352667,347227,15956,363183,4895
2021-10-02,Sacramento,067,1510023,151435,149897,3973,153870,2099
2021-10-02,San Benito,069,59416,7094,7055,150,7205,69
2021-10-02,San Bernardino,071,2135413,344256,341212,10689,351901,5540
2021-10-02,San Diego,073,3302833,359839,356454,21172,377626,4078
2021-10-02,San Francisco,075,870044,51216,50393,2174,52567,634
2021-10-02,San Joaquin,077,732212,95892,94599,5093,99692,1646
2021-10-02,San Luis Obispo,079,281455,28409,27915,1148,29063,323
2021-10-02,San Mateo,081,765935,52701,51767,793,52560,573
2021-10-02,Santa Barbara,083,443738,42840,42423,1487,43910,508
2021-10-02,Santa Clara,085,1922200,142728,141231,1155,142386,1862
2021-10-02,Santa Cruz,087,273765,19730,19461,973,20434,214
2021-10-02,Shasta,089,179085,19444,18912,3220,22132,270
2021-10-02,Sierra,091,2930,141,131,14,145,0
2021-10-02,Siskiyou,093,43540,3183,3053,1152,4205,42
2021-10-02,Solano,095,438530,44685,43800,1173,44973,321
2021-10-02,Sonoma,097,501317,39873,39497,494,39991,382
2021-10-02,Stanislaus,099,539301,74247,73859,8340,82199,1099
2021-10-02,Sutter,101,95872,13289,13160,277,13437,160
2021-10-02,Tehama,103,63373,7688,7453,1284,8737,93
2021-10-02,Trinity,105,12862,790,625,198,823,10
2021-10-02,Tulare,107,460477,64027,62247,13313,75560,908
2021-10-02,Tuolumne,109,53932,6479,6369,77,6446,89
2021-10-02,Ventura,111,848112,95848,94854,4163,99017,1148
2021-10-02,Yolo,113,214977,18958,18640,988,19628,242
2021-10-02,Yuba,115,75493,9552,9370,225,9595,66
2021-10-01,Alameda,001,1643700,116123,115185,2631,117816,1343
2021-10-01,Alpine,003,1148,99,102,0,102,0
2021-10-01,Amador,005,37829,5224,5105,53,5158,61
2021-10-01,Butte,007,227075,19401,18911,3495,22406,243
2021-10-01,Calaveras,009,45235,3676,3585,42,3627,72
2021-10-01,Colusa,011,21464,2433,2403,561,2964,18
2021-10-01,Contra Costa,013,1133247,96341,95369,2002,97371,933
2021-10-01,Del Norte,015,27424,3560,3468,37,3505,39
2021-10-01,El Dorado,017,186661,15185,14887,1589,16476,136
2021-10-01,Fresno,019,978130,130930,128450,11782,140232,1964
2021-10-01,Glenn,021,27897,3304,3234,943,4177,26
2021-10-01,Humboldt,023,135768,8431,8244,433,8677,94
2021-10-01,Imperial,025,180216,32019,31674,2996,34670,757
2021-10-01,Inyo,027,18085,1808,1746,35,1781,39
2021-10-01,Kern,029,883053,120172,117962,19179,137141,1524
2021-10-01,Kings,031,150075,30046,29339,1728,31067,301
2021-10-01,Lake,033,64148,6314,6191,124,6315,97
2021-10-01,Lassen,035,31185,6482,6360,300,6660,25
2021-10-01,Los Angeles,037,10098052,1409119,1395070,52205,1447275,26126
2021-10-01,Madera,039,155013,21396,20931,1773,22704,266
2021-10-01,Marin,041,260295,17104,16936,409,17345,242
2021-10-01,Mariposa,043,17540,1045,967,33,1000,5
2021-10-01,Mendocino,045,87422,7037,6869,398,7267,78
2021-10-01,Merced,047,269075,39627,39196,1565,40761,552
2021-10-01,Modoc,049,8938,481,468,170,638,5
2021-10-01,Mono,051,14174,1585,1540,20,1560,3
2021-10-01,Monterey,053,433212,47853,46964,2663,49627,571
2021-10-01,Napa,055,140530,12558,12433,96,12529,96
2021-10-01,Nevada,057,99092,8594,8474,299,8773,87
2021-10-01,Orange,059,3164182,299973,297307,14227,311534,5435
2021-10-01,Placer,061,380077,34946,34377,3319,37696,381
2021-10-01,Plumas,063,18699,1396,1298,25,1323,6
2021-10-01,Riverside,065,2383286,352374,347227,15948,363175,4895
2021-10-01,Sacramento,067,1510023,151283,149897,3962,153859,2099
2021-10-01,San Benito,069,59416,7092,7055,148,7203,69
2021-10-01,San Bernardino,071,2135413,344056,341212,10686,351898,5540
2021-10-01,San Diego,073,3302833,359479,356454,21151,377605,4078
2021-10-01,San Francisco,075,870044,51175,50393,2172,52565,634
2021-10-01,San Joaquin,077,732212,95822,94599,5089,99688,1646
2021-10-01,San Luis Obispo,079,281455,28385,27915,1145,29060,323
2021-10-01,San Mateo,081,765935,52661,51767,790,52557,573
2021-10-01,Santa Barbara,083,443738,42804,42423,1487,43910,508
2021-10-01,Santa Clara,085,1922200,142635,141231,1150,142381,1862
2021-10-01,Santa Cruz,087,273765,19710,19461,972,20433,214
2021-10-01,Shasta,089,179085,19390,18912,3213,22125,270
2021-10-01,Sierra,091,2930,141,131,14,145,0
2021-10-01,Siskiyou,093,43540,3182,3053,1149,4202,42
2021-10-01,Solano,095,438530,44633,43800,1167,44967,321
2021-10-01,Sonoma,097,501317,39841,39497,493,39990,382
2021-10-01,Stanislaus,099,539301,74163,73859,8329,82188,1099
2021-10-01,Sutter,101,95872,13273,13160,275,13435,160
2021-10-01,Tehama,103,63373,7676,7453,1282,8735,93
2021-10-01,Trinity,105,12862,788,625,198,823,10
2021-10-01,Tulare,107,460477,63924,62247,13278,75525,908
2021-10-01,Tuolumne,109,53932,6462,6369,77,6446,89
2021-10-01,Ventura,111,848112,95781,94854,4158,99012,1148
2021-10-01,Yolo,113,214977,18934,18640,986,19626,242
2021-10-01,Yuba,115,75493,9530,9370,225,9595,66
2021-09-30,Alameda,001,1643700,115977,115185,2628,117813,1343
2021-09-30,Alpine,003,1148,99,102,0,102,0
2021-09-30,Amador,005,37829,5212,5105,53,5158,61
2021-09-30,Butte,007,227075,19352,18911,3486,22397,243
2021-09-30,Calaveras,009,45235,3662,3585,42,3627,72
2021-09-30,Colusa,011,21464,2430,2403,560,2963,18
2021-09-30,Contra Costa,013,1133247,96236,95369,1996,97365,933
2021-09-30,Del Norte,015,27424,3556,3468,34,3502,39
2021-09-30,El Dorado,017,186661,15159,14887,1581,16468,136
2021-09-30,Fresno,019,978130,130654,128450,11748,140198,1964
2021-09-30,Glenn,021,27897,3294,3234,941,4175,26
2021-09-30,Humboldt,023,135768,8399,8244,427,8671,94
2021-09-30,Imperial,025,180216,31967,31674,2994,34668,757
2021-09-30,Inyo,027,18085,1798,1746,35,1781,39
2021-09-30,Kern,029,883053,119928,117962,19098,137060,1524
2021-09-30,Kings,031,150075,29956,29339,1724,31063,301
2021-09-30,Lake,033,64148,6296,6191,124,6315,97
2021-09-30,Lassen,035,31185,6468,6360,300,6660,25
2021-09-30,Los Angeles,037,10098052,1407915,1395070,52145,1447215,26126
2021-09-30,Madera,039,155013,21313,20931,1758,22689,266
2021-09-30,Marin,041,260295,17084,16936,408,17344,242
2021-09-30,Mariposa,043,17540,1023,967,33,1000,5
2021-09-30,Mendocino,045,87422,7028,6869,389,7258,78
2021-09-30,Merced,047,269075,39531,39196,1561,40757,552
2021-09-30,Modoc,049,8938,481,468,169,637,5
2021-09-30,Mono,051,14174,1577,1540,20,1560,3
2021-09-30,Monterey,053,433212,47823,46964,2652,49616,571
2021-09-30,Napa,055,140530,12538,12433,96,12529,96
2021-09-30,Nevada,057,99092,8577,8474,298,8772,87
2021-09-30,Orange,059,3164182,299701,297307,14189,311496,5435
2021-09-30,Placer,061,380077,34892,34377,3299,37676,381
2021-09-30,Plumas,063,18699,1378,1298,25,1323,6
2021-09-30,Riverside,065,2383286,351941,347227,15927,363154,4895
2021-09-30,Sacramento,067,1510023,151022,149897,3936,153833,2099
2021-09-30,San Benito,069,59416,7086,7055,148,7203,69
2021-09-30,San Bernardino,071,2135413,343744,341212,10672,351884,5540
2021-09-30,San Diego,073,3302833,358998,356454,21125,377579,4078
2021-09-30,San Francisco,075,870044,51098,50393,2168,52561,634
2021-09-30,San Joaquin,077,732212,95692,94599,5081,99680,1646
2021-09-30,San Luis Obispo,079,281455,28337,27915,1141,29056,323
2021-09-30,San Mateo,081,765935,52612,51767,787,52554,573
2021-09-30,Santa Barbara,083,443738,42747,42423,1486,43909,508
2021-09-30,Santa Clara,085,1922200,142485,141231,1147,142378,1862
2021-09-30,Santa Cruz,087,273765,19670,19461,971,20432,214
2021-09-30,Shasta,089,179085,19328,18912,3198,22110,270
2021-09-30,Sierra,091,2930,140,131,14,145,0
2021-09-30,Siskiyou,093,43540,3174,3053,1144,4197,42
2021-09-30,Solano,095,438530,44579,43800,1164,44964,321
2021-09-30,Sonoma,097,501317,39792,39497,493,39990,382
2021-09-30,Stanislaus,099,539301,74003,73859,8310,82169,1099
2021-09-30,Sutter,101,95872,13252,13160,275,13435,160
2021-09-30,Tehama,103,63373,7639,7453,1270,8723,93
2021-09-30,Trinity,105,12862,784,625,198,823,10
2021-09-30,Tulare,107,460477,63748,62247,13220,75467,908
2021-09-30,Tuolumne,109,53932,6439,6369,77,6446,89
2021-09-30,Ventura,111,848112,95676,94854,4151,99005,1148
2021-09-30,Yolo,113,214977,18895,18640,983,19623,242
2021-09-30,Yuba,115,75493,9507,9370,224,9594,66
2021-09-29,Alameda,001,1643700,115833,114998,2625,117623,1339
2021-09-29,Alpine,003,1148,99,101,0,101,0
2021-09-29,Amador,005,37829,5190,5058,53,5111,61
2021-09-29,Butte,007,227075,19298,18835,3479,22314,242
2021-09-29,Calaveras,009,45235,3645,3553,41,3594,72
2021-09-29,Colusa,011,21464,2428,2401,560,2961,18
2021-09-29,Contra Costa,013,1133247,96122,95213,1988,97201,929
2021-09-29,Del Norte,015,27424,3550,3467,34,3501,39
2021-09-29,El Dorado,017,186661,15125,14834,1574,16408,136
2021-09-29,Fresno,019,978130,130354,128068,11727,139795,1957
2021-09-29,Glenn,021,27897,3289,3213,939,4152,26
2021-09-29,Humboldt,023,135768,8375,8203,426,8629,94
2021-09-29,Imperial,025,180216,31901,31600,2989,34589,757
2021-09-29,Inyo,027,18085,1788,1740,34,1774,39
2021-09-29,Kern,029,883053,119693,117605,19022,136627,1513
2021-09-29,Kings,031,150075,29874,29195,1709,30904,299
2021-09-29,Lake,033,64148,6276,6164,124,6288,97
2021-09-29,Lassen,035,31185,6454,6347,300,6647,25
2021-09-29,Los Angeles,037,10098052,1406701,1393617,52075,1445692,26098
2021-09-29,Madera,039,155013,21269,20818,1742,22560,266
2021-09-29,Marin,041,260295,17066,16921,406,17327,242
2021-09-29,Mariposa,043,17540,1008,963,33,996,5
2021-09-29,Mendocino,045,87422,7016,6821,381,7202,78
2021-09-29,Merced,047,269075,39437,39026,1550,40576,552
2021-09-29,Modoc,049,8938,479,468,169,637,5
2021-09-29,Mono,051,14174,1575,1527,20,1547,3
2021-09-29,Monterey,053,433212,47785,46917,2638,49555,571
2021-09-29,Napa,055,140530,12518,12416,93,12509,96
2021-09-29,Nevada,057,99092,8564,8434,298,8732,87
2021-09-29,Orange,059,3164182,299433,296936,14153,311089,5429
2021-09-29,Placer,061,380077,34828,34271,3277,37548,379
2021-09-29,Plumas,063,18699,1359,1289,25,1314,6
2021-09-29,Riverside,065,2383286,351507,346558,15914,362472,4886
2021-09-29,Sacramento,067,1510023,150771,149686,3926,153612,2099
2021-09-29,San Benito,069,59416,7075,7039,148,7187,69
2021-09-29,San Bernardino,071,2135413,343424,340672,10658,351330,5539
2021-09-29,San Diego,073,3302833,358511,355899,21095,376994,4066
2021-09-29,San Francisco,075,870044,51014,50286,2164,52450,629
2021-09-29,San Joaquin,077,732212,95534,94356,5059,99415,1645
2021-09-29,San Luis Obispo,079,281455,28291,27800,1135,28935,323
2021-09-29,San Mateo,081,765935,52552,51673,785,52458,573
2021-09-29,Santa Barbara,083,443738,42675,42328,1483,43811,507
2021-09-29,Santa Clara,085,1922200,142350,141036,1141,142177,1861
2021-09-29,Santa Cruz,087,273765,19652,19425,970,20395,214
2021-09-29,Shasta,089,179085,19262,18805,3187,21992,271
2021-09-29,Sierra,091,2930,136,130,14,144,0
2021-09-29,Siskiyou,093,43540,3161,3043,1137,4180,42
2021-09-29,Solano,095,438530,44523,43724,1157,44881,321
2021-09-29,Sonoma,097,501317,39731,39426,491,39917,370
2021-09-29,Stanislaus,099,539301,73872,73634,8299,81933,1096
2021-09-29,Sutter,101,95872,13225,13135,272,13407,155
2021-09-29,Tehama,103,63373,7609,7409,1255,8664,88
2021-09-29,Trinity,105,12862,780,616,198,814,10
2021-09-29,Tulare,107,460477,63573,62046,13161,75207,908
2021-09-29,Tuolumne,109,53932,6422,6336,77,6413,89
2021-09-29,Ventura,111,848112,95586,94753,4147,98900,1144
2021-09-29,Yolo,113,214977,18862,18587,978,19565,239
2021-09-29,Yuba,115,75493,9476,9351,220,9571,66
2021-09-28,Alameda,001,1643700,115675,114869,2619,117488,1333
2021-09-28,Alpine,003,1148,99,101,0,101,0
2021-09-28,Amador,005,37829,5168,5049,53,5102,61
2021-09-28,Butte,007,227075,19249,18764,3466,22230,241
2021-09-28,Calaveras,009,45235,3625,3530,41,3571,72
2021-09-28,Colusa,011,21464,2425,2399,558,2957,18
2021-09-28,Contra Costa,013,1133247,95981,95115,1983,97098,929
2021-09-28,Del Norte,015,27424,3547,3462,34,3496,39
2021-09-28,El Dorado,017,186661,15079,14793,1570,16363,133
2021-09-28,Fresno,019,978130,130009,127877,11693,139570,1948
2021-09-28,Glenn,021,27897,3284,3205,938,4143,26
2021-09-28,Humboldt,023,135768,8334,8159,423,8582,91
2021-09-28,Imperial,025,180216,31856,31543,2985,34528,757
2021-09-28,Inyo,027,18085,1774,1708,33,1741,39
2021-09-28,Kern,029,883053,119424,117420,18927,136347,1506
2021-09-28,Kings,031,150075,29772,29141,1701,30842,295
2021-09-28,Lake,033,64148,6261,6155,124,6279,95
2021-09-28,Lassen,035,31185,6448,6340,296,6636,25
2021-09-28,Los Angeles,037,10098052,1405407,1392445,52006,1444451,26068
2021-09-28,Madera,039,155013,21215,20764,1727,22491,266
2021-09-28,Marin,041,260295,17047,16887,404,17291,242
2021-09-28,Mariposa,043,17540,1003,952,33,985,5
2021-09-28,Mendocino,045,87422,6994,6804,379,7183,78
2021-09-28,Merced,047,269075,39351,38953,1537,40490,551
2021-09-28,Modoc,049,8938,478,467,169,636,5
2021-09-28,Mono,051,14174,1565,1527,20,1547,3
2021-09-28,Monterey,053,433212,47748,46859,2629,49488,571
2021-09-28,Napa,055,140530,12501,12388,92,12480,96
2021-09-28,Nevada,057,99092,8541,8409,297,8706,84
2021-09-28,Orange,059,3164182,299180,296596,14124,310720,5421
2021-09-28,Placer,061,380077,34763,34187,3259,37446,370
2021-09-28,Plumas,063,18699,1350,1276,25,1301,6
2021-09-28,Riverside,065,2383286,351048,346096,15893,361989,4874
2021-09-28,Sacramento,067,1510023,150481,149310,3904,153214,2086
2021-09-28,San Benito,069,59416,7058,7028,147,7175,69
2021-09-28,San Bernardino,071,2135413,343077,340342,10641,350983,5540
2021-09-28,San Diego,073,3302833,357964,355373,21063,376436,4054
2021-09-28,San Francisco,075,870044,50913,50234,2163,52397,627
2021-09-28,San Joaquin,077,732212,95380,94194,5046,99240,1639
2021-09-28,San Luis Obispo,079,281455,28257,27755,1130,28885,321
2021-09-28,San Mateo,081,765935,52507,51620,785,52405,571
2021-09-28,Santa Barbara,083,443738,42602,42226,1482,43708,506
2021-09-28,Santa Clara,085,1922200,142189,140886,1132,142018,1858
2021-09-28,Santa Cruz,087,273765,19611,19324,969,20293,214
2021-09-28,Shasta,089,179085,19201,18701,3173,21874,267
2021-09-28,Sierra,091,2930,135,130,13,143,0
2021-09-28,Siskiyou,093,43540,3149,3032,1134,4166,42
2021-09-28,Solano,095,438530,44450,43652,1154,44806,316
2021-09-28,Sonoma,097,501317,39684,39395,490,39885,370
2021-09-28,Stanislaus,099,539301,73701,73528,8287,81815,1094
2021-09-28,Sutter,101,95872,13206,13102,268,13370,155
2021-09-28,Tehama,103,63373,7591,7382,1240,8622,88
2021-09-28,Trinity,105,12862,777,613,198,811,10
2021-09-28,Tulare,107,460477,63413,61916,13103,75019,905
2021-09-28,Tuolumne,109,53932,6396,6308,77,6385,89
2021-09-28,Ventura,111,848112,95460,94632,4144,98776,1143
2021-09-28,Yolo,113,214977,18836,18564,975,19539,239
2021-09-28,Yuba,115,75493,9457,9323,219,9542,66
2021-09-27,Alameda,001,1643700,115481,114731,2610,117341,1327
2021-09-27,Alpine,003,1148,99,101,0,101,0
2021-09-27,Amador,005,37829,5154,5017,53,5070,59
2021-09-27,Butte,007,227075,19190,18687,3450,22137,239
2021-09-27,Calaveras,009,45235,3605,3514,40,3554,70
2021-09-27,Colusa,011,21464,2424,2393,557,2950,18
2021-09-27,Contra Costa,013,1133247,95850,94979,1974,96953,924
2021-09-27,Del Norte,015,27424,3545,3468,32,3500,37
2021-09-27,El Dorado,017,186661,15040,14764,1563,16327,132
2021-09-27,Fresno,019,978130,129688,127475,11660,139135,1942
2021-09-27,Glenn,021,27897,3271,3189,934,4123,26
2021-09-27,Humboldt,023,135768,8294,8118,423,8541,91
2021-09-27,Imperial,025,180216,31793,31491,2978,34469,756
2021-09-27,Inyo,027,18085,1762,1698,33,1731,39
2021-09-27,Kern,029,883053,119149,117064,18830,135894,1503
2021-09-27,Kings,031,150075,29674,28998,1689,30687,297
2021-09-27,Lake,033,64148,6241,6126,122,6248,95
2021-09-27,Lassen,035,31185,6433,6327,292,6619,25
2021-09-27,Los Angeles,037,10098052,1404074,1391538,51938,1443476,26040
2021-09-27,Madera,039,155013,21150,20691,1719,22410,262
2021-09-27,Marin,041,260295,17026,16861,403,17264,242
2021-09-27,Mariposa,043,17540,993,931,33,964,5
2021-09-27,Mendocino,045,87422,6968,6761,372,7133,74
2021-09-27,Merced,047,269075,39251,38840,1531,40371,548
2021-09-27,Modoc,049,8938,477,465,167,632,5
2021-09-27,Mono,051,14174,1553,1525,20,1545,3
2021-09-27,Monterey,053,433212,47705,46811,2617,49428,571
2021-09-27,Napa,055,140530,12477,12354,91,12445,95
2021-09-27,Nevada,057,99092,8517,8379,294,8673,84
2021-09-27,Orange,059,3164182,298875,296334,14094,310428,5409
2021-09-27,Placer,061,380077,34676,34087,3254,37341,370
2021-09-27,Plumas,063,18699,1340,1269,25,1294,6
2021-09-27,Riverside,065,2383286,350606,345529,15883,361412,4864
2021-09-27,Sacramento,067,1510023,150164,149096,3882,152978,2076
2021-09-27,San Benito,069,59416,7041,7017,147,7164,67
2021-09-27,San Bernardino,071,2135413,342664,339952,10616,350568,5544
2021-09-27,San Diego,073,3302833,357312,354755,21038,375793,4054
2021-09-27,San Francisco,075,870044,50829,50157,2159,52316,622
2021-09-27,San Joaquin,077,732212,95196,94085,5043,99128,1633
2021-09-27,San Luis Obispo,079,281455,28202,27674,1127,28801,320
2021-09-27,San Mateo,081,765935,52431,51552,785,52337,571
2021-09-27,Santa Barbara,083,443738,42535,42012,1478,43490,505
2021-09-27,Santa Clara,085,1922200,142008,140802,1122,141924,1853
2021-09-27,Santa Cruz,087,273765,19587,19292,968,20260,214
2021-09-27,Shasta,089,179085,19120,18599,3146,21745,267
2021-09-27,Sierra,091,2930,135,128,13,141,0
2021-09-27,Siskiyou,093,43540,3137,3015,1129,4144,42
2021-09-27,Solano,095,438530,44375,43582,1148,44730,314
2021-09-27,Sonoma,097,501317,39630,39347,490,39837,370
2021-09-27,Stanislaus,099,539301,73547,73370,8267,81637,1091
2021-09-27,Sutter,101,95872,13175,13082,265,13347,155
2021-09-27,Tehama,103,63373,7550,7345,1231,8576,88
2021-09-27,Trinity,105,12862,766,605,197,802,9
2021-09-27,Tulare,107,460477,63213,61708,13032,74740,904
2021-09-27,Tuolumne,109,53932,6375,6264,77,6341,89
2021-09-27,Ventura,111,848112,95335,94477,4140,98617,1138
2021-09-27,Yolo,113,214977,18802,18524,974,19498,239
2021-09-27,Yuba,115,75493,9420,9292,215,9507,64
2021-09-26,Alameda,001,1643700,115286,114601,2603,117204,1326
2021-09-26,Alpine,003,1148,99,101,0,101,0
2021-09-26,Amador,005,37829,5122,5001,52,5053,59
2021-09-26,Butte,007,227075,19115,18634,3433,22067,238
2021-09-26,Calaveras,009,45235,3583,3505,40,3545,70
2021-09-26,Colusa,011,21464,2419,2392,555,2947,18
2021-09-26,Contra Costa,013,1133247,95675,94877,1961,96838,924
2021-09-26,Del Norte,015,27424,3540,3466,31,3497,37
2021-09-26,El Dorado,017,186661,14998,14738,1555,16293,132
2021-09-26,Fresno,019,978130,129331,127235,11614,138849,1939
2021-09-26,Glenn,021,27897,3263,3182,930,4112,26
2021-09-26,Humboldt,023,135768,8259,8098,422,8520,91
2021-09-26,Imperial,025,180216,31733,31462,2977,34439,756
2021-09-26,Inyo,027,18085,1747,1685,33,1718,39
2021-09-26,Kern,029,883053,118811,116927,18721,135648,1502
2021-09-26,Kings,031,150075,29573,28930,1678,30608,293
2021-09-26,Lake,033,64148,6224,6113,122,6235,95
2021-09-26,Lassen,035,31185,6423,6319,287,6606,25
2021-09-26,Los Angeles,037,10098052,1402585,1390577,51868,1442445,26035
2021-09-26,Madera,039,155013,21075,20629,1700,22329,262
2021-09-26,Marin,041,260295,17003,16860,403,17263,242
2021-09-26,Mariposa,043,17540,987,929,33,962,5
2021-09-26,Mendocino,045,87422,6934,6744,357,7101,74
2021-09-26,Merced,047,269075,39090,38717,1523,40240,548
2021-09-26,Modoc,049,8938,477,465,166,631,5
2021-09-26,Mono,051,14174,1549,1516,20,1536,3
2021-09-26,Monterey,053,433212,47658,46792,2603,49395,571
2021-09-26,Napa,055,140530,12453,12340,90,12430,95
2021-09-26,Nevada,057,99092,8486,8356,289,8645,84
2021-09-26,Orange,059,3164182,298536,296085,14061,310146,5409
2021-09-26,Placer,061,380077,34582,34043,3244,37287,370
2021-09-26,Plumas,063,18699,1322,1268,25,1293,6
2021-09-26,Riverside,065,2383286,350074,345257,15869,361126,4864
2021-09-26,Sacramento,067,1510023,149758,148745,3863,152608,2071
2021-09-26,San Benito,069,59416,7024,7012,146,7158,67
2021-09-26,San Bernardino,071,2135413,342207,339771,10601,350372,5545
2021-09-26,San Diego,073,3302833,356690,354414,20997,375411,4051
2021-09-26,San Francisco,075,870044,50703,50092,2150,52242,622
2021-09-26,San Joaquin,077,732212,94993,93935,5029,98964,1633
2021-09-26,San Luis Obispo,079,281455,28128,27624,1122,28746,319
2021-09-26,San Mateo,081,765935,52362,51496,783,52279,571
2021-09-26,Santa Barbara,083,443738,42449,41946,1475,43421,505
2021-09-26,Santa Clara,085,1922200,141807,140667,1119,141786,1852
2021-09-26,Santa Cruz,087,273765,19562,19279,968,20247,214
2021-09-26,Shasta,089,179085,19011,18566,3123,21689,266
2021-09-26,Sierra,091,2930,135,128,13,141,0
2021-09-26,Siskiyou,093,43540,3123,2998,1119,4117,42
2021-09-26,Solano,095,438530,44308,43537,1147,44684,314
2021-09-26,Sonoma,097,501317,39571,39302,490,39792,370
2021-09-26,Stanislaus,099,539301,73347,73243,8239,81482,1091
2021-09-26,Sutter,101,95872,13138,13045,264,13309,155
2021-09-26,Tehama,103,63373,7493,7323,1220,8543,88
2021-09-26,Trinity,105,12862,763,591,197,788,9
2021-09-26,Tulare,107,460477,62992,61560,12955,74515,904
2021-09-26,Tuolumne,109,53932,6347,6236,75,6311,89
2021-09-26,Ventura,111,848112,95221,94391,4133,98524,1138
2021-09-26,Yolo,113,214977,18765,18496,966,19462,239
2021-09-26,Yuba,115,75493,9393,9275,215,9490,64
2021-09-25,Alameda,001,1643700,115207,114014,2600,116614,1324
2021-09-25,Alpine,003,1148,99,101,0,101,0
2021-09-25,Amador,005,37829,5108,4934,52,4986,59
2021-09-25,Butte,007,227075,19086,18396,3425,21821,236
2021-09-25,Calaveras,009,45235,3580,3461,40,3501,70
2021-09-25,Colusa,011,21464,2416,2387,553,2940,16
2021-09-25,Contra Costa,013,1133247,95604,94337,1957,96294,924
2021-09-25,Del Norte,015,27424,3539,3404,31,3435,35
2021-09-25,El Dorado,017,186661,14975,14641,1551,16192,130
2021-09-25,Fresno,019,978130,129186,126299,11598,137897,1927
2021-09-25,Glenn,021,27897,3258,3144,929,4073,25
2021-09-25,Humboldt,023,135768,8240,8014,420,8434,88
2021-09-25,Imperial,025,180216,31706,31280,2977,34257,755
2021-09-25,Inyo,027,18085,1739,1657,33,1690,39
2021-09-25,Kern,029,883053,118656,116021,18653,134674,1485
2021-09-25,Kings,031,150075,29522,28636,1675,30311,293
2021-09-25,Lake,033,64148,6219,6046,120,6166,92
2021-09-25,Lassen,035,31185,6411,6248,286,6534,25
2021-09-25,Los Angeles,037,10098052,1401872,1386417,51828,1438245,25964
2021-09-25,Madera,039,155013,21050,20432,1694,22126,262
2021-09-25,Marin,041,260295,16994,16802,401,17203,242
2021-09-25,Mariposa,043,17540,982,906,33,939,5
2021-09-25,Mendocino,045,87422,6915,6657,356,7013,74
2021-09-25,Merced,047,269075,39044,38393,1521,39914,546
2021-09-25,Modoc,049,8938,477,460,166,626,5
2021-09-25,Mono,051,14174,1546,1501,20,1521,3
2021-09-25,Monterey,053,433212,47628,46653,2601,49254,567
2021-09-25,Napa,055,140530,12433,12266,90,12356,95
2021-09-25,Nevada,057,99092,8469,8285,289,8574,84
2021-09-25,Orange,059,3164182,298363,294514,14044,308558,5374
2021-09-25,Placer,061,380077,34518,33764,3242,37006,367
2021-09-25,Plumas,063,18699,1318,1238,25,1263,6
2021-09-25,Riverside,065,2383286,349751,343463,15861,359324,4843
2021-09-25,Sacramento,067,1510023,149583,147728,3855,151583,2049
2021-09-25,San Benito,069,59416,7019,6965,146,7111,67
2021-09-25,San Bernardino,071,2135413,341970,338413,10588,349001,5540
2021-09-25,San Diego,073,3302833,356345,352017,20971,372988,4039
2021-09-25,San Francisco,075,870044,50659,49840,2149,51989,615
2021-09-25,San Joaquin,077,732212,94907,93273,5027,98300,1628
2021-09-25,San Luis Obispo,079,281455,28090,27447,1118,28565,318
2021-09-25,San Mateo,081,765935,52298,51266,781,52047,568
2021-09-25,Santa Barbara,083,443738,42391,41728,1475,43203,505
2021-09-25,Santa Clara,085,1922200,141701,140023,1117,141140,1844
2021-09-25,Santa Cruz,087,273765,19546,19200,966,20166,214
2021-09-25,Shasta,089,179085,18960,18256,3114,21370,262
2021-09-25,Sierra,091,2930,134,127,13,140,0
2021-09-25,Siskiyou,093,43540,3116,2956,1109,4065,41
2021-09-25,Solano,095,438530,44267,43331,1144,44475,312
2021-09-25,Sonoma,097,501317,39530,39112,490,39602,369
2021-09-25,Stanislaus,099,539301,73237,72628,8225,80853,1091
2021-09-25,Sutter,101,95872,13120,12976,261,13237,154
2021-09-25,Tehama,103,63373,7477,7200,1218,8418,86
2021-09-25,Trinity,105,12862,763,576,197,773,9
2021-09-25,Tulare,107,460477,62910,60909,12912,73821,898
2021-09-25,Tuolumne,109,53932,6335,6168,75,6243,89
2021-09-25,Ventura,111,848112,95154,94059,4129,98188,1129
2021-09-25,Yolo,113,214977,18743,18393,965,19358,239
2021-09-25,Yuba,115,75493,9373,9191,215,9406,61
2021-09-24,Alameda,001,1643700,115102,114014,2596,116610,1324
2021-09-24,Alpine,003,1148,99,101,0,101,0
2021-09-24,Amador,005,37829,5078,4934,52,4986,59
2021-09-24,Butte,007,227075,19034,18396,3415,21811,236
2021-09-24,Calaveras,009,45235,3573,3461,39,3500,70
2021-09-24,Colusa,011,21464,2413,2387,552,2939,16
2021-09-24,Contra Costa,013,1133247,95494,94337,1953,96290,924
2021-09-24,Del Norte,015,27424,3536,3404,31,3435,35
2021-09-24,El Dorado,017,186661,14957,14641,1548,16189,130
2021-09-24,Fresno,019,978130,128988,126299,11586,137885,1927
2021-09-24,Glenn,021,27897,3250,3144,929,4073,25
2021-09-24,Humboldt,023,135768,8221,8014,417,8431,88
2021-09-24,Imperial,025,180216,31668,31280,2975,34255,755
2021-09-24,Inyo,027,18085,1730,1657,33,1690,39
2021-09-24,Kern,029,883053,118520,116021,18587,134608,1485
2021-09-24,Kings,031,150075,29481,28636,1670,30306,293
2021-09-24,Lake,033,64148,6211,6046,120,6166,92
2021-09-24,Lassen,035,31185,6403,6248,285,6533,25
2021-09-24,Los Angeles,037,10098052,1400990,1386417,51786,1438203,25964
2021-09-24,Madera,039,155013,21019,20432,1685,22117,262
2021-09-24,Marin,041,260295,16980,16802,400,17202,242
2021-09-24,Mariposa,043,17540,970,906,33,939,5
2021-09-24,Mendocino,045,87422,6902,6657,356,7013,74
2021-09-24,Merced,047,269075,39000,38393,1521,39914,546
2021-09-24,Modoc,049,8938,477,460,165,625,5
2021-09-24,Mono,051,14174,1541,1501,20,1521,3
2021-09-24,Monterey,053,433212,47607,46653,2593,49246,567
2021-09-24,Napa,055,140530,12414,12266,90,12356,95
2021-09-24,Nevada,057,99092,8455,8285,286,8571,84
2021-09-24,Orange,059,3164182,298156,294514,14026,308540,5374
2021-09-24,Placer,061,380077,34463,33764,3230,36994,367
2021-09-24,Plumas,063,18699,1314,1238,25,1263,6
2021-09-24,Riverside,065,2383286,349417,343463,15853,359316,4843
2021-09-24,Sacramento,067,1510023,149398,147728,3851,151579,2049
2021-09-24,San Benito,069,59416,7013,6965,146,7111,67
2021-09-24,San Bernardino,071,2135413,341701,338413,10578,348991,5540
2021-09-24,San Diego,073,3302833,355994,352017,20956,372973,4039
2021-09-24,San Francisco,075,870044,50595,49840,2142,51982,615
2021-09-24,San Joaquin,077,732212,94794,93273,5025,98298,1628
2021-09-24,San Luis Obispo,079,281455,28059,27447,1113,28560,318
2021-09-24,San Mateo,081,765935,52238,51266,780,52046,568
2021-09-24,Santa Barbara,083,443738,42351,41728,1474,43202,505
2021-09-24,Santa Clara,085,1922200,141589,140023,1116,141139,1844
2021-09-24,Santa Cruz,087,273765,19523,19200,965,20165,214
2021-09-24,Shasta,089,179085,18906,18256,3100,21356,262
2021-09-24,Sierra,091,2930,133,127,13,140,0
2021-09-24,Siskiyou,093,43540,3107,2956,1103,4059,41
2021-09-24,Solano,095,438530,44230,43331,1142,44473,312
2021-09-24,Sonoma,097,501317,39497,39112,490,39602,369
2021-09-24,Stanislaus,099,539301,73121,72628,8210,80838,1091
2021-09-24,Sutter,101,95872,13101,12976,260,13236,154
2021-09-24,Tehama,103,63373,7465,7200,1213,8413,86
2021-09-24,Trinity,105,12862,760,576,197,773,9
2021-09-24,Tulare,107,460477,62819,60909,12870,73779,898
2021-09-24,Tuolumne,109,53932,6306,6168,75,6243,89
2021-09-24,Ventura,111,848112,95076,94059,4122,98181,1129
2021-09-24,Yolo,113,214977,18711,18393,962,19355,239
2021-09-24,Yuba,115,75493,9354,9191,215,9406,61
2021-09-23,Alameda,001,1643700,114945,114014,2590,116604,1324
2021-09-23,Alpine,003,1148,99,101,0,101,0
2021-09-23,Amador,005,37829,5065,4934,52,4986,59
2021-09-23,Butte,007,227075,18972,18396,3391,21787,236
2021-09-23,Calaveras,009,45235,3552,3461,39,3500,70
2021-09-23,Colusa,011,21464,2411,2387,549,2936,16
2021-09-23,Contra Costa,013,1133247,95353,94337,1946,96283,924
2021-09-23,Del Norte,015,27424,3527,3404,30,3434,35
2021-09-23,El Dorado,017,186661,14931,14641,1542,16183,130
2021-09-23,Fresno,019,978130,128691,126299,11567,137866,1927
2021-09-23,Glenn,021,27897,3236,3144,926,4070,25
2021-09-23,Humboldt,023,135768,8196,8014,415,8429,88
2021-09-23,Imperial,025,180216,31632,31280,2975,34255,755
2021-09-23,Inyo,027,18085,1716,1657,33,1690,39
2021-09-23,Kern,029,883053,118262,116021,18507,134528,1485
2021-09-23,Kings,031,150075,29377,28636,1661,30297,293
2021-09-23,Lake,033,64148,6201,6046,120,6166,92
2021-09-23,Lassen,035,31185,6394,6248,280,6528,25
2021-09-23,Los Angeles,037,10098052,1399794,1386417,51722,1438139,25964
2021-09-23,Madera,039,155013,20937,20432,1681,22113,262
2021-09-23,Marin,041,260295,16965,16802,397,17199,242
2021-09-23,Mariposa,043,17540,957,906,33,939,5
2021-09-23,Mendocino,045,87422,6880,6657,351,7008,74
2021-09-23,Merced,047,269075,38896,38393,1514,39907,546
2021-09-23,Modoc,049,8938,476,460,165,625,5
2021-09-23,Mono,051,14174,1538,1501,20,1521,3
2021-09-23,Monterey,053,433212,47558,46653,2581,49234,567
2021-09-23,Napa,055,140530,12397,12266,90,12356,95
2021-09-23,Nevada,057,99092,8428,8285,286,8571,84
2021-09-23,Orange,059,3164182,297859,294514,14002,308516,5374
2021-09-23,Placer,061,380077,34387,33764,3224,36988,367
2021-09-23,Plumas,063,18699,1297,1238,24,1262,6
2021-09-23,Riverside,065,2383286,348964,343463,15846,359309,4843
2021-09-23,Sacramento,067,1510023,149069,147728,3832,151560,2049
2021-09-23,San Benito,069,59416,7002,6965,146,7111,67
2021-09-23,San Bernardino,071,2135413,341336,338413,10563,348976,5540
2021-09-23,San Diego,073,3302833,355538,352017,20917,372934,4039
2021-09-23,San Francisco,075,870044,50522,49840,2140,51980,615
2021-09-23,San Joaquin,077,732212,94621,93273,5010,98283,1628
2021-09-23,San Luis Obispo,079,281455,28016,27447,1111,28558,318
2021-09-23,San Mateo,081,765935,52163,51266,779,52045,568
2021-09-23,Santa Barbara,083,443738,42273,41728,1471,43199,505
2021-09-23,Santa Clara,085,1922200,141438,140023,1109,141132,1844
2021-09-23,Santa Cruz,087,273765,19492,19200,965,20165,214
2021-09-23,Shasta,089,179085,18826,18256,3083,21339,262
2021-09-23,Sierra,091,2930,133,127,13,140,0
2021-09-23,Siskiyou,093,43540,3103,2956,1092,4048,41
2021-09-23,Solano,095,438530,44162,43331,1139,44470,312
2021-09-23,Sonoma,097,501317,39438,39112,487,39599,369
2021-09-23,Stanislaus,099,539301,72965,72628,8178,80806,1091
2021-09-23,Sutter,101,95872,13072,12976,260,13236,154
2021-09-23,Tehama,103,63373,7424,7200,1208,8408,86
2021-09-23,Trinity,105,12862,746,576,196,772,9
2021-09-23,Tulare,107,460477,62642,60909,12816,73725,898
2021-09-23,Tuolumne,109,53932,6281,6168,74,6242,89
2021-09-23,Ventura,111,848112,94972,94059,4115,98174,1129
2021-09-23,Yolo,113,214977,18680,18393,957,19350,239
2021-09-23,Yuba,115,75493,9326,9191,214,9405,61
2021-09-22,Alameda,001,1643700,114791,113862,2586,116448,1322
2021-09-22,Alpine,003,1148,99,100,0,100,0
2021-09-22,Amador,005,37829,5049,4915,52,4967,59
2021-09-22,Butte,007,227075,18911,18337,3374,21711,235
2021-09-22,Calaveras,009,45235,3536,3448,39,3487,70
2021-09-22,Colusa,011,21464,2406,2384,548,2932,16
2021-09-22,Contra Costa,013,1133247,95168,94209,1937,96146,924
2021-09-22,Del Norte,015,27424,3516,3386,29,3415,35
2021-09-22,El Dorado,017,186661,14895,14605,1536,16141,127
2021-09-22,Fresno,019,978130,128434,126006,11552,137558,1908
2021-09-22,Glenn,021,27897,3229,3138,925,4063,25
2021-09-22,Humboldt,023,135768,8174,7998,407,8405,80
2021-09-22,Imperial,025,180216,31580,31243,2968,34211,755
2021-09-22,Inyo,027,18085,1706,1651,33,1684,39
2021-09-22,Kern,029,883053,118021,115757,18385,134142,1477
2021-09-22,Kings,031,150075,29293,28589,1655,30244,292
2021-09-22,Lake,033,64148,6189,6035,120,6155,93
2021-09-22,Lassen,035,31185,6374,6209,276,6485,25
2021-09-22,Los Angeles,037,10098052,1398470,1384719,51667,1436386,25930
2021-09-22,Madera,039,155013,20880,20382,1671,22053,262
2021-09-22,Marin,041,260295,16954,16782,394,17176,242
2021-09-22,Mariposa,043,17540,951,901,33,934,5
2021-09-22,Mendocino,045,87422,6853,6624,345,6969,70
2021-09-22,Merced,047,269075,38763,38305,1512,39817,541
2021-09-22,Modoc,049,8938,473,458,165,623,5
2021-09-22,Mono,051,14174,1529,1496,19,1515,3
2021-09-22,Monterey,053,433212,47507,46615,2574,49189,566
2021-09-22,Napa,055,140530,12374,12248,89,12337,95
2021-09-22,Nevada,057,99092,8405,8273,283,8556,84
2021-09-22,Orange,059,3164182,297583,294214,13985,308199,5366
2021-09-22,Placer,061,380077,34299,33661,3211,36872,367
2021-09-22,Plumas,063,18699,1284,1230,24,1254,6
2021-09-22,Riverside,065,2383286,348429,342946,15821,358767,4830
2021-09-22,Sacramento,067,1510023,148756,147533,3803,151336,2043
2021-09-22,San Benito,069,59416,6991,6961,144,7105,67
2021-09-22,San Bernardino,071,2135413,340943,337938,10554,348492,5528
2021-09-22,San Diego,073,3302833,355087,351132,20893,372025,4027
2021-09-22,San Francisco,075,870044,50437,49734,2135,51869,610
2021-09-22,San Joaquin,077,732212,94390,93010,4986,97996,1626
2021-09-22,San Luis Obispo,079,281455,27968,27398,1107,28505,315
2021-09-22,San Mateo,081,765935,52090,51197,775,51972,568
2021-09-22,Santa Barbara,083,443738,42210,41678,1470,43148,504
2021-09-22,Santa Clara,085,1922200,141274,139803,1102,140905,1844
2021-09-22,Santa Cruz,087,273765,19454,19177,965,20142,214
2021-09-22,Shasta,089,179085,18736,18153,3072,21225,260
2021-09-22,Sierra,091,2930,133,127,13,140,0
2021-09-22,Siskiyou,093,43540,3086,2947,1082,4029,41
2021-09-22,Solano,095,438530,44097,43269,1138,44407,312
2021-09-22,Sonoma,097,501317,39385,39063,486,39549,369
2021-09-22,Stanislaus,099,539301,72800,72355,8159,80514,1091
2021-09-22,Sutter,101,95872,13052,12960,257,13217,153
2021-09-22,Tehama,103,63373,7397,7173,1205,8378,86
2021-09-22,Trinity,105,12862,745,572,196,768,9
2021-09-22,Tulare,107,460477,62433,60776,12746,73522,896
2021-09-22,Tuolumne,109,53932,6260,6155,73,6228,89
2021-09-22,Ventura,111,848112,94867,93978,4110,98088,1122
2021-09-22,Yolo,113,214977,18641,18342,950,19292,239
2021-09-22,Yuba,115,75493,9297,9169,209,9378,61
2021-09-21,Alameda,001,1643700,114637,113765,2586,116351,1321
2021-09-21,Alpine,003,1148,99,100,0,100,0
2021-09-21,Amador,005,37829,5027,4897,52,4949,59
2021-09-21,Butte,007,227075,18815,18229,3334,21563,232
2021-09-21,Calaveras,009,45235,3519,3437,39,3476,70
2021-09-21,Colusa,011,21464,2403,2378,547,2925,16
2021-09-21,Contra Costa,013,1133247,94974,94101,1923,96024,924
2021-09-21,Del Norte,015,27424,3504,3378,29,3407,34
2021-09-21,El Dorado,017,186661,14865,14578,1529,16107,127
2021-09-21,Fresno,019,978130,128083,125789,11525,137314,1892
2021-09-21,Glenn,021,27897,3222,3134,921,4055,25
2021-09-21,Humboldt,023,135768,8142,7955,402,8357,80
2021-09-21,Imperial,025,180216,31523,31185,2966,34151,755
2021-09-21,Inyo,027,18085,1696,1646,33,1679,39
2021-09-21,Kern,029,883053,117729,115534,18272,133806,1467
2021-09-21,Kings,031,150075,29205,28545,1647,30192,291
2021-09-21,Lake,033,64148,6166,6013,120,6133,90
2021-09-21,Lassen,035,31185,6356,6159,272,6431,25
2021-09-21,Los Angeles,037,10098052,1397014,1383277,51611,1434888,25893
2021-09-21,Madera,039,155013,20820,20317,1661,21978,262
2021-09-21,Marin,041,260295,16939,16748,393,17141,242
2021-09-21,Mariposa,043,17540,946,894,32,926,5
2021-09-21,Mendocino,045,87422,6815,6580,334,6914,68
2021-09-21,Merced,047,269075,38641,38225,1508,39733,539
2021-09-21,Modoc,049,8938,470,458,165,623,5
2021-09-21,Mono,051,14174,1527,1495,18,1513,3
2021-09-21,Monterey,053,433212,47439,46583,2562,49145,565
2021-09-21,Napa,055,140530,12353,12238,89,12327,95
2021-09-21,Nevada,057,99092,8378,8259,275,8534,84
2021-09-21,Orange,059,3164182,297252,293898,13955,307853,5357
2021-09-21,Placer,061,380077,34198,33609,3200,36809,365
2021-09-21,Plumas,063,18699,1277,1225,24,1249,5
2021-09-21,Riverside,065,2383286,347869,342460,15797,358257,4817
2021-09-21,Sacramento,067,1510023,148374,147378,3775,151153,2027
2021-09-21,San Benito,069,59416,6980,6950,143,7093,67
2021-09-21,San Bernardino,071,2135413,340506,337387,10537,347924,5520
2021-09-21,San Diego,073,3302833,354481,350265,20867,371132,4021
2021-09-21,San Francisco,075,870044,50340,49653,2131,51784,609
2021-09-21,San Joaquin,077,732212,94156,92762,4975,97737,1621
2021-09-21,San Luis Obispo,079,281455,27909,27318,1103,28421,314
2021-09-21,San Mateo,081,765935,52021,51136,775,51911,568
2021-09-21,Santa Barbara,083,443738,42141,41644,1466,43110,503
2021-09-21,Santa Clara,085,1922200,141057,139657,1098,140755,1843
2021-09-21,Santa Cruz,087,273765,19424,19140,964,20104,212
2021-09-21,Shasta,089,179085,18608,18027,3048,21075,258
2021-09-21,Sierra,091,2930,133,127,13,140,0
2021-09-21,Siskiyou,093,43540,3072,2927,1068,3995,36
2021-09-21,Solano,095,438530,44021,43220,1138,44358,311
2021-09-21,Sonoma,097,501317,39332,39042,486,39528,369
2021-09-21,Stanislaus,099,539301,72616,72211,8138,80349,1091
2021-09-21,Sutter,101,95872,13029,12930,254,13184,153
2021-09-21,Tehama,103,63373,7351,7151,1201,8352,85
2021-09-21,Trinity,105,12862,734,572,194,766,9
2021-09-21,Tulare,107,460477,62219,60607,12685,73292,896
2021-09-21,Tuolumne,109,53932,6228,6139,73,6212,89
2021-09-21,Ventura,111,848112,94762,93818,4102,97920,1120
2021-09-21,Yolo,113,214977,18605,18313,947,19260,239
2021-09-21,Yuba,115,75493,9269,9135,209,9344,61
2021-09-20,Alameda,001,1643700,114455,113637,2582,116219,1320
2021-09-20,Alpine,003,1148,99,100,0,100,0
2021-09-20,Amador,005,37829,5009,4883,51,4934,59
2021-09-20,Butte,007,227075,18733,18135,3318,21453,231
2021-09-20,Calaveras,009,45235,3497,3395,38,3433,66
2021-09-20,Colusa,011,21464,2401,2376,544,2920,16
2021-09-20,Contra Costa,013,1133247,94824,93919,1917,95836,924
2021-09-20,Del Norte,015,27424,3496,3374,28,3402,34
2021-09-20,El Dorado,017,186661,14832,14545,1517,16062,127
2021-09-20,Fresno,019,978130,127670,125287,11499,136786,1889
2021-09-20,Glenn,021,27897,3211,3112,918,4030,25
2021-09-20,Humboldt,023,135768,8106,7938,397,8335,80
2021-09-20,Imperial,025,180216,31440,31146,2965,34111,755
2021-09-20,Inyo,027,18085,1688,1641,32,1673,39
2021-09-20,Kern,029,883053,117390,115271,18140,133411,1459
2021-09-20,Kings,031,150075,29118,28471,1641,30112,285
2021-09-20,Lake,033,64148,6151,5984,119,6103,87
2021-09-20,Lassen,035,31185,6326,6132,272,6404,25
2021-09-20,Los Angeles,037,10098052,1395493,1382206,51531,1433737,25858
2021-09-20,Madera,039,155013,20767,20203,1654,21857,257
2021-09-20,Marin,041,260295,16914,16732,391,17123,242
2021-09-20,Mariposa,043,17540,935,887,32,919,5
2021-09-20,Mendocino,045,87422,6781,6568,328,6896,67
2021-09-20,Merced,047,269075,38530,38144,1497,39641,536
2021-09-20,Modoc,049,8938,469,457,163,620,5
2021-09-20,Mono,051,14174,1521,1480,18,1498,3
2021-09-20,Monterey,053,433212,47397,46506,2544,49050,565
2021-09-20,Napa,055,140530,12328,12209,88,12297,95
2021-09-20,Nevada,057,99092,8358,8228,273,8501,84
2021-09-20,Orange,059,3164182,296909,293642,13928,307570,5354
2021-09-20,Placer,061,380077,34108,33531,3185,36716,364
2021-09-20,Plumas,063,18699,1272,1211,24,1235,5
2021-09-20,Riverside,065,2383286,347369,341961,15784,357745,4802
2021-09-20,Sacramento,067,1510023,148001,147016,3742,150758,2016
2021-09-20,San Benito,069,59416,6971,6947,142,7089,67
2021-09-20,San Bernardino,071,2135413,340108,337059,10521,347580,5507
2021-09-20,San Diego,073,3302833,353809,349579,20830,370409,4009
2021-09-20,San Francisco,075,870044,50233,49559,2130,51689,605
2021-09-20,San Joaquin,077,732212,93912,92614,4962,97576,1615
2021-09-20,San Luis Obispo,079,281455,27833,27259,1095,28354,313
2021-09-20,San Mateo,081,765935,51934,51100,772,51872,567
2021-09-20,Santa Barbara,083,443738,42042,41589,1462,43051,500
2021-09-20,Santa Clara,085,1922200,140857,139578,1096,140674,1841
2021-09-20,Santa Cruz,087,273765,19392,19121,964,20085,211
2021-09-20,Shasta,089,179085,18509,17893,3018,20911,258
2021-09-20,Sierra,091,2930,131,126,13,139,0
2021-09-20,Siskiyou,093,43540,3050,2902,1055,3957,35
2021-09-20,Solano,095,438530,43953,43152,1130,44282,312
2021-09-20,Sonoma,097,501317,39286,38991,486,39477,369
2021-09-20,Stanislaus,099,539301,72417,72031,8119,80150,1091
2021-09-20,Sutter,101,95872,12993,12896,249,13145,153
2021-09-20,Tehama,103,63373,7319,7121,1189,8310,84
2021-09-20,Trinity,105,12862,728,568,193,761,7
2021-09-20,Tulare,107,460477,62017,60302,12631,72933,896
2021-09-20,Tuolumne,109,53932,6202,6113,73,6186,89
2021-09-20,Ventura,111,848112,94649,93700,4096,97796,1120
2021-09-20,Yolo,113,214977,18559,18287,945,19232,239
2021-09-20,Yuba,115,75493,9234,9107,207,9314,61
2021-09-19,Alameda,001,1643700,114241,113446,2577,116023,1320
2021-09-19,Alpine,003,1148,99,100,0,100,0
2021-09-19,Amador,005,37829,4969,4875,50,4925,59
2021-09-19,Butte,007,227075,18640,18063,3290,21353,230
2021-09-19,Calaveras,009,45235,3473,3390,35,3425,66
2021-09-19,Colusa,011,21464,2399,2375,542,2917,16
2021-09-19,Contra Costa,013,1133247,94638,93788,1907,95695,924
2021-09-19,Del Norte,015,27424,3470,3344,27,3371,34
2021-09-19,El Dorado,017,186661,14779,14512,1511,16023,127
2021-09-19,Fresno,019,978130,127264,124985,11454,136439,1888
2021-09-19,Glenn,021,27897,3202,3102,915,4017,25
2021-09-19,Humboldt,023,135768,8061,7914,395,8309,80
2021-09-19,Imperial,025,180216,31371,31122,2962,34084,755
2021-09-19,Inyo,027,18085,1679,1639,32,1671,39
2021-09-19,Kern,029,883053,117078,115074,18034,133108,1459
2021-09-19,Kings,031,150075,28991,28416,1632,30048,284
2021-09-19,Lake,033,64148,6120,5962,119,6081,87
2021-09-19,Lassen,035,31185,6306,6129,266,6395,25
2021-09-19,Los Angeles,037,10098052,1393517,1381200,51434,1432634,25852
2021-09-19,Madera,039,155013,20689,20161,1644,21805,257
2021-09-19,Marin,041,260295,16885,16711,389,17100,242
2021-09-19,Mariposa,043,17540,927,881,32,913,5
2021-09-19,Mendocino,045,87422,6736,6538,322,6860,67
2021-09-19,Merced,047,269075,38373,38068,1488,39556,535
2021-09-19,Modoc,049,8938,466,457,161,618,5
2021-09-19,Mono,051,14174,1516,1480,18,1498,3
2021-09-19,Monterey,053,433212,47342,46486,2541,49027,565
2021-09-19,Napa,055,140530,12307,12190,86,12276,95
2021-09-19,Nevada,057,99092,8330,8203,271,8474,84
2021-09-19,Orange,059,3164182,296541,293258,13906,307164,5354
2021-09-19,Placer,061,380077,33995,33406,3167,36573,364
2021-09-19,Plumas,063,18699,1264,1211,24,1235,5
2021-09-19,Riverside,065,2383286,346776,341566,15775,357341,4804
2021-09-19,Sacramento,067,1510023,147641,146603,3698,150301,2012
2021-09-19,San Benito,069,59416,6952,6942,142,7084,67
2021-09-19,San Bernardino,071,2135413,339618,336688,10510,347198,5506
2021-09-19,San Diego,073,3302833,353106,349225,20793,370018,4006
2021-09-19,San Francisco,075,870044,50125,49458,2121,51579,605
2021-09-19,San Joaquin,077,732212,93615,92467,4951,97418,1615
2021-09-19,San Luis Obispo,079,281455,27732,27208,1086,28294,313
2021-09-19,San Mateo,081,765935,51836,51028,771,51799,567
2021-09-19,Santa Barbara,083,443738,41936,41512,1462,42974,500
2021-09-19,Santa Clara,085,1922200,140670,139410,1091,140501,1841
2021-09-19,Santa Cruz,087,273765,19353,19096,964,20060,211
2021-09-19,Shasta,089,179085,18395,17813,2983,20796,258
2021-09-19,Sierra,091,2930,130,126,13,139,0
2021-09-19,Siskiyou,093,43540,3024,2882,1046,3928,35
2021-09-19,Solano,095,438530,43864,43056,1125,44181,312
2021-09-19,Sonoma,097,501317,39214,38956,482,39438,369
2021-09-19,Stanislaus,099,539301,72172,71830,8094,79924,1091
2021-09-19,Sutter,101,95872,12966,12868,242,13110,153
2021-09-19,Tehama,103,63373,7265,7081,1180,8261,84
2021-09-19,Trinity,105,12862,717,562,191,753,7
2021-09-19,Tulare,107,460477,61756,60160,12538,72698,896
2021-09-19,Tuolumne,109,53932,6161,6097,73,6170,89
2021-09-19,Ventura,111,848112,94487,93491,4087,97578,1120
2021-09-19,Yolo,113,214977,18510,18238,939,19177,239
2021-09-19,Yuba,115,75493,9208,9087,206,9293,61
2021-09-18,Alameda,001,1643700,114140,113300,2576,115876,1320
2021-09-18,Alpine,003,1148,99,100,0,100,0
2021-09-18,Amador,005,37829,4959,4850,50,4900,59
2021-09-18,Butte,007,227075,18602,17961,3275,21236,230
2021-09-18,Calaveras,009,45235,3468,3361,34,3395,66
2021-09-18,Colusa,011,21464,2399,2373,541,2914,16
2021-09-18,Contra Costa,013,1133247,94548,93656,1903,95559,924
2021-09-18,Del Norte,015,27424,3462,3326,25,3351,34
2021-09-18,El Dorado,017,186661,14756,14472,1508,15980,127
2021-09-18,Fresno,019,978130,127122,124771,11436,136207,1889
2021-09-18,Glenn,021,27897,3193,3086,912,3998,25
2021-09-18,Humboldt,023,135768,8047,7881,394,8275,80
2021-09-18,Imperial,025,180216,31347,31096,2961,34057,755
2021-09-18,Inyo,027,18085,1673,1636,32,1668,39
2021-09-18,Kern,029,883053,116923,114781,17970,132751,1459
2021-09-18,Kings,031,150075,28943,28330,1627,29957,285
2021-09-18,Lake,033,64148,6103,5936,119,6055,87
2021-09-18,Lassen,035,31185,6296,6121,264,6385,25
2021-09-18,Los Angeles,037,10098052,1392758,1379880,51383,1431263,25849
2021-09-18,Madera,039,155013,20645,20126,1634,21760,257
2021-09-18,Marin,041,260295,16868,16685,388,17073,242
2021-09-18,Mariposa,043,17540,924,871,32,903,5
2021-09-18,Mendocino,045,87422,6715,6523,322,6845,67
2021-09-18,Merced,047,269075,38336,37977,1482,39459,535
2021-09-18,Modoc,049,8938,466,457,160,617,5
2021-09-18,Mono,051,14174,1513,1480,18,1498,3
2021-09-18,Monterey,053,433212,47304,46466,2538,49004,565
2021-09-18,Napa,055,140530,12295,12168,86,12254,95
2021-09-18,Nevada,057,99092,8313,8183,271,8454,84
2021-09-18,Orange,059,3164182,296347,293005,13892,306897,5354
2021-09-18,Placer,061,380077,33923,33309,3164,36473,364
2021-09-18,Plumas,063,18699,1263,1204,24,1228,5
2021-09-18,Riverside,065,2383286,346392,341136,15760,356896,4802
2021-09-18,Sacramento,067,1510023,147459,146162,3689,149851,2016
2021-09-18,San Benito,069,59416,6948,6937,142,7079,67
2021-09-18,San Bernardino,071,2135413,339346,336380,10497,346877,5501
2021-09-18,San Diego,073,3302833,352715,348848,20780,369628,4006
2021-09-18,San Francisco,075,870044,50062,49359,2116,51475,605
2021-09-18,San Joaquin,077,732212,93505,92242,4939,97181,1615
2021-09-18,San Luis Obispo,079,281455,27695,27181,1083,28264,313
2021-09-18,San Mateo,081,765935,51785,50961,769,51730,567
2021-09-18,Santa Barbara,083,443738,41871,41465,1462,42927,500
2021-09-18,Santa Clara,085,1922200,140550,139233,1088,140321,1841
2021-09-18,Santa Cruz,087,273765,19333,19079,964,20043,211
2021-09-18,Shasta,089,179085,18332,17777,2967,20744,258
2021-09-18,Sierra,091,2930,129,125,13,138,0
2021-09-18,Siskiyou,093,43540,3021,2875,1040,3915,35
2021-09-18,Solano,095,438530,43824,42966,1122,44088,312
2021-09-18,Sonoma,097,501317,39179,38891,480,39371,369
2021-09-18,Stanislaus,099,539301,72027,71587,8070,79657,1091
2021-09-18,Sutter,101,95872,12952,12829,242,13071,153
2021-09-18,Tehama,103,63373,7251,7055,1173,8228,84
2021-09-18,Trinity,105,12862,715,561,191,752,7
2021-09-18,Tulare,107,460477,61680,60003,12488,72491,896
2021-09-18,Tuolumne,109,53932,6146,6069,73,6142,89
2021-09-18,Ventura,111,848112,94419,93424,4082,97506,1120
2021-09-18,Yolo,113,214977,18483,18213,934,19147,239
2021-09-18,Yuba,115,75493,9194,9061,205,9266,61
2021-09-17,Alameda,001,1643700,114014,113070,2574,115644,1320
2021-09-17,Alpine,003,1148,99,99,0,99,0
2021-09-17,Amador,005,37829,4943,4835,49,4884,58
2021-09-17,Butte,007,227075,18550,17870,3266,21136,230
2021-09-17,Calaveras,009,45235,3456,3338,33,3371,66
2021-09-17,Colusa,011,21464,2398,2369,536,2905,16
2021-09-17,Contra Costa,013,1133247,94446,93485,1900,95385,924
2021-09-17,Del Norte,015,27424,3457,3311,23,3334,34
2021-09-17,El Dorado,017,186661,14737,14421,1506,15927,127
2021-09-17,Fresno,019,978130,126903,124296,11420,135716,1882
2021-09-17,Glenn,021,27897,3176,3072,908,3980,25
2021-09-17,Humboldt,023,135768,8026,7850,394,8244,80
2021-09-17,Imperial,025,180216,31321,31031,2960,33991,755
2021-09-17,Inyo,027,18085,1665,1634,32,1666,39
2021-09-17,Kern,029,883053,116732,114303,17873,132176,1456
2021-09-17,Kings,031,150075,28878,28240,1625,29865,281
2021-09-17,Lake,033,64148,6090,5915,119,6034,87
2021-09-17,Lassen,035,31185,6281,6080,262,6342,25
2021-09-17,Los Angeles,037,10098052,1391780,1377905,51317,1429222,25820
2021-09-17,Madera,039,155013,20594,20040,1622,21662,257
2021-09-17,Marin,041,260295,16855,16658,386,17044,242
2021-09-17,Mariposa,043,17540,922,869,32,901,5
2021-09-17,Mendocino,045,87422,6696,6498,322,6820,67
2021-09-17,Merced,047,269075,38289,37803,1480,39283,533
2021-09-17,Modoc,049,8938,466,456,160,616,5
2021-09-17,Mono,051,14174,1509,1457,18,1475,3
2021-09-17,Monterey,053,433212,47281,46421,2537,48958,564
2021-09-17,Napa,055,140530,12274,12153,86,12239,95
2021-09-17,Nevada,057,99092,8298,8157,271,8428,84
2021-09-17,Orange,059,3164182,296128,292685,13874,306559,5346
2021-09-17,Placer,061,380077,33863,33188,3154,36342,362
2021-09-17,Plumas,063,18699,1254,1192,23,1215,5
2021-09-17,Riverside,065,2383286,345992,340445,15749,356194,4792
2021-09-17,Sacramento,067,1510023,147260,145985,3678,149663,1999
2021-09-17,San Benito,069,59416,6945,6929,142,7071,67
2021-09-17,San Bernardino,071,2135413,338988,335810,10490,346300,5488
2021-09-17,San Diego,073,3302833,352291,348098,20763,368861,4002
2021-09-17,San Francisco,075,870044,50010,49249,2111,51360,605
2021-09-17,San Joaquin,077,732212,93367,91977,4928,96905,1610
2021-09-17,San Luis Obispo,079,281455,27661,27102,1072,28174,311
2021-09-17,San Mateo,081,765935,51732,50854,768,51622,564
2021-09-17,Santa Barbara,083,443738,41808,41354,1461,42815,498
2021-09-17,Santa Clara,085,1922200,140401,138939,1087,140026,1838
2021-09-17,Santa Cruz,087,273765,19309,19039,964,20003,211
2021-09-17,Shasta,089,179085,18262,17617,2954,20571,254
2021-09-17,Sierra,091,2930,129,124,13,137,0
2021-09-17,Siskiyou,093,43540,3006,2852,1040,3892,35
2021-09-17,Solano,095,438530,43761,42898,1118,44016,312
2021-09-17,Sonoma,097,501317,39142,38808,479,39287,369
2021-09-17,Stanislaus,099,539301,71920,71408,8052,79460,1091
2021-09-17,Sutter,101,95872,12936,12799,239,13038,153
2021-09-17,Tehama,103,63373,7228,7020,1161,8181,84
2021-09-17,Trinity,105,12862,710,556,190,746,7
2021-09-17,Tulare,107,460477,61565,59689,12453,72142,895
2021-09-17,Tuolumne,109,53932,6127,6047,73,6120,89
2021-09-17,Ventura,111,848112,94307,93273,4080,97353,1116
2021-09-17,Yolo,113,214977,18452,18177,930,19107,239
2021-09-17,Yuba,115,75493,9167,9019,204,9223,61
2021-09-16,Alameda,001,1643700,113836,112770,2571,115341,1318
2021-09-16,Alpine,003,1148,99,99,0,99,0
2021-09-16,Amador,005,37829,4923,4819,49,4868,58
2021-09-16,Butte,007,227075,18475,17750,3250,21000,230
2021-09-16,Calaveras,009,45235,3425,3313,33,3346,66
2021-09-16,Colusa,011,21464,2396,2363,534,2897,16
2021-09-16,Contra Costa,013,1133247,94274,93213,1892,95105,917
2021-09-16,Del Norte,015,27424,3439,3285,23,3308,34
2021-09-16,El Dorado,017,186661,14696,14372,1498,15870,127
2021-09-16,Fresno,019,978130,126546,123853,11378,135231,1868
2021-09-16,Glenn,021,27897,3166,3068,906,3974,24
2021-09-16,Humboldt,023,135768,7992,7809,386,8195,80
2021-09-16,Imperial,025,180216,31278,30966,2952,33918,753
2021-09-16,Inyo,027,18085,1663,1623,32,1655,39
2021-09-16,Kern,029,883053,116461,113828,17805,131633,1448
2021-09-16,Kings,031,150075,28792,28114,1616,29730,280
2021-09-16,Lake,033,64148,6066,5890,116,6006,87
2021-09-16,Lassen,035,31185,6246,6028,257,6285,25
2021-09-16,Los Angeles,037,10098052,1390390,1376277,51252,1427529,25796
2021-09-16,Madera,039,155013,20516,19974,1616,21590,257
2021-09-16,Marin,041,260295,16828,16625,385,17010,242
2021-09-16,Mariposa,043,17540,916,849,32,881,6
2021-09-16,Mendocino,045,87422,6658,6445,311,6756,67
2021-09-16,Merced,047,269075,38182,37675,1478,39153,532
2021-09-16,Modoc,049,8938,464,455,160,615,5
2021-09-16,Mono,051,14174,1503,1449,18,1467,3
2021-09-16,Monterey,053,433212,47227,46342,2531,48873,562
2021-09-16,Napa,055,140530,12249,12115,82,12197,95
2021-09-16,Nevada,057,99092,8271,8121,270,8391,84
2021-09-16,Orange,059,3164182,295782,292183,13854,306037,5340
2021-09-16,Placer,061,380077,33767,33037,3134,36171,354
2021-09-16,Plumas,063,18699,1245,1178,23,1201,5
2021-09-16,Riverside,065,2383286,345462,339770,15735,355505,4786
2021-09-16,Sacramento,067,1510023,146904,145754,3646,149400,1996
2021-09-16,San Benito,069,59416,6933,6913,141,7054,67
2021-09-16,San Bernardino,071,2135413,338564,335129,10483,345612,5474
2021-09-16,San Diego,073,3302833,351677,347472,20724,368196,3994
2021-09-16,San Francisco,075,870044,49924,49133,2103,51236,605
2021-09-16,San Joaquin,077,732212,93129,91650,4884,96534,1608
2021-09-16,San Luis Obispo,079,281455,27588,27044,1068,28112,310
2021-09-16,San Mateo,081,765935,51655,50773,766,51539,564
2021-09-16,Santa Barbara,083,443738,41742,41272,1458,42730,497
2021-09-16,Santa Clara,085,1922200,140247,138685,1083,139768,1835
2021-09-16,Santa Cruz,087,273765,19282,19011,964,19975,211
2021-09-16,Shasta,089,179085,18137,17438,2921,20359,251
2021-09-16,Sierra,091,2930,129,123,13,136,0
2021-09-16,Siskiyou,093,43540,2986,2819,1033,3852,35
2021-09-16,Solano,095,438530,43689,42792,1109,43901,312
2021-09-16,Sonoma,097,501317,39079,38707,478,39185,369
2021-09-16,Stanislaus,099,539301,71687,71105,8036,79141,1091
2021-09-16,Sutter,101,95872,12892,12729,234,12963,152
2021-09-16,Tehama,103,63373,7188,6953,1150,8103,83
2021-09-16,Trinity,105,12862,707,547,189,736,7
2021-09-16,Tulare,107,460477,61343,59459,12379,71838,894
2021-09-16,Tuolumne,109,53932,6107,5999,72,6071,89
2021-09-16,Ventura,111,848112,94167,93087,4076,97163,1110
2021-09-16,Yolo,113,214977,18420,18135,928,19063,239
2021-09-16,Yuba,115,75493,9133,8981,201,9182,61
2021-09-15,Alameda,001,1643700,113670,112498,2564,115062,1317
2021-09-15,Alpine,003,1148,99,99,0,99,0
2021-09-15,Amador,005,37829,4915,4792,49,4841,58
2021-09-15,Butte,007,227075,18376,17664,3230,20894,228
2021-09-15,Calaveras,009,45235,3396,3293,31,3324,66
2021-09-15,Colusa,011,21464,2394,2352,531,2883,16
2021-09-15,Contra Costa,013,1133247,94094,92989,1881,94870,913
2021-09-15,Del Norte,015,27424,3426,3271,21,3292,34
2021-09-15,El Dorado,017,186661,14670,14309,1489,15798,127
2021-09-15,Fresno,019,978130,126167,123370,11321,134691,1867
2021-09-15,Glenn,021,27897,3154,3051,901,3952,20
2021-09-15,Humboldt,023,135768,7957,7754,381,8135,52
2021-09-15,Imperial,025,180216,31223,30891,2947,33838,753
2021-09-15,Inyo,027,18085,1659,1614,32,1646,39
2021-09-15,Kern,029,883053,116114,113546,17707,131253,1434
2021-09-15,Kings,031,150075,28713,27991,1608,29599,279
2021-09-15,Lake,033,64148,6034,5852,115,5967,85
2021-09-15,Lassen,035,31185,6186,6018,252,6270,25
2021-09-15,Los Angeles,037,10098052,1388889,1374307,51183,1425490,25767
2021-09-15,Madera,039,155013,20441,19880,1609,21489,257
2021-09-15,Marin,041,260295,16793,16592,380,16972,242
2021-09-15,Mariposa,043,17540,904,843,32,875,5
2021-09-15,Mendocino,045,87422,6628,6399,306,6705,66
2021-09-15,Merced,047,269075,38074,37508,1476,38984,529
2021-09-15,Modoc,049,8938,464,454,160,614,5
2021-09-15,Mono,051,14174,1497,1445,18,1463,3
2021-09-15,Monterey,053,433212,47157,46317,2519,48836,562
2021-09-15,Napa,055,140530,12228,12082,82,12164,95
2021-09-15,Nevada,057,99092,8249,8081,267,8348,84
2021-09-15,Orange,059,3164182,295458,291834,13835,305669,5328
2021-09-15,Placer,061,380077,33655,32860,3113,35973,352
2021-09-15,Plumas,063,18699,1240,1164,22,1186,5
2021-09-15,Riverside,065,2383286,344879,339077,15711,354788,4769
2021-09-15,Sacramento,067,1510023,146477,145202,3615,148817,1981
2021-09-15,San Benito,069,59416,6930,6902,141,7043,67
2021-09-15,San Bernardino,071,2135413,338100,334556,10469,345025,5470
2021-09-15,San Diego,073,3302833,351058,346933,20696,367629,3983
2021-09-15,San Francisco,075,870044,49813,48999,2098,51097,605
2021-09-15,San Joaquin,077,732212,92853,91322,4844,96166,1607
2021-09-15,San Luis Obispo,079,281455,27505,26943,1062,28005,306
2021-09-15,San Mateo,081,765935,51573,50691,763,51454,564
2021-09-15,Santa Barbara,083,443738,41639,41077,1453,42530,497
2021-09-15,Santa Clara,085,1922200,140073,138410,1078,139488,1833
2021-09-15,Santa Cruz,087,273765,19244,18984,962,19946,210
2021-09-15,Shasta,089,179085,18026,17317,2900,20217,250
2021-09-15,Sierra,091,2930,129,123,13,136,0
2021-09-15,Siskiyou,093,43540,2966,2804,1003,3807,35
2021-09-15,Solano,095,438530,43617,42682,1104,43786,312
2021-09-15,Sonoma,097,501317,39021,38629,478,39107,369
2021-09-15,Stanislaus,099,539301,71463,70852,8014,78866,1091
2021-09-15,Sutter,101,95872,12859,12699,229,12928,151
2021-09-15,Tehama,103,63373,7147,6894,1141,8035,79
2021-09-15,Trinity,105,12862,705,541,187,728,7
2021-09-15,Tulare,107,460477,61084,59149,12318,71467,890
2021-09-15,Tuolumne,109,53932,6081,5969,72,6041,89
2021-09-15,Ventura,111,848112,94024,92960,4069,97029,1109
2021-09-15,Yolo,113,214977,18386,18064,921,18985,239
2021-09-15,Yuba,115,75493,9099,8953,201,9154,61
2021-09-14,Alameda,001,1643700,113464,112329,2559,114888,1316
2021-09-14,Alpine,003,1148,99,98,0,98,0
2021-09-14,Amador,005,37829,4895,4790,49,4839,57
2021-09-14,Butte,007,227075,18242,17516,3207,20723,226
2021-09-14,Calaveras,009,45235,3376,3280,28,3308,66
2021-09-14,Colusa,011,21464,2390,2344,527,2871,16
2021-09-14,Contra Costa,013,1133247,93896,92822,1873,94695,908
2021-09-14,Del Norte,015,27424,3410,3252,21,3273,32
2021-09-14,El Dorado,017,186661,14617,14247,1481,15728,123
2021-09-14,Fresno,019,978130,125692,123151,11269,134420,1856
2021-09-14,Glenn,021,27897,3137,3045,897,3942,20
2021-09-14,Humboldt,023,135768,7923,7717,376,8093,52
2021-09-14,Imperial,025,180216,31174,30845,2944,33789,752
2021-09-14,Inyo,027,18085,1650,1605,31,1636,39
2021-09-14,Kern,029,883053,115731,113250,17581,130831,1428
2021-09-14,Kings,031,150075,28637,27955,1600,29555,278
2021-09-14,Lake,033,64148,6002,5845,115,5960,83
2021-09-14,Lassen,035,31185,6172,5977,247,6224,25
2021-09-14,Los Angeles,037,10098052,1387051,1372831,51101,1423932,25729
2021-09-14,Madera,039,155013,20359,19800,1598,21398,254
2021-09-14,Marin,041,260295,16765,16584,378,16962,242
2021-09-14,Mariposa,043,17540,893,834,31,865,5
2021-09-14,Mendocino,045,87422,6592,6372,295,6667,65
2021-09-14,Merced,047,269075,37924,37430,1472,38902,526
2021-09-14,Modoc,049,8938,463,453,160,613,5
2021-09-14,Mono,051,14174,1493,1440,18,1458,4
2021-09-14,Monterey,053,433212,47116,46224,2507,48731,558
2021-09-14,Napa,055,140530,12195,12070,81,12151,91
2021-09-14,Nevada,057,99092,8215,8056,267,8323,83
2021-09-14,Orange,059,3164182,295065,291423,13811,305234,5319
2021-09-14,Placer,061,380077,33523,32735,3093,35828,350
2021-09-14,Plumas,063,18699,1225,1148,22,1170,5
2021-09-14,Riverside,065,2383286,344238,338534,15680,354214,4748
2021-09-14,Sacramento,067,1510023,146092,145051,3567,148618,1977
2021-09-14,San Benito,069,59416,6920,6887,141,7028,64
2021-09-14,San Bernardino,071,2135413,337601,333968,10444,344412,5465
2021-09-14,San Diego,073,3302833,350398,346204,20645,366849,3966
2021-09-14,San Francisco,075,870044,49679,48998,2096,51094,603
2021-09-14,San Joaquin,077,732212,92614,91128,4835,95963,1596
2021-09-14,San Luis Obispo,079,281455,27432,26845,1057,27902,304
2021-09-14,San Mateo,081,765935,51475,50602,760,51362,564
2021-09-14,Santa Barbara,083,443738,41543,40783,1444,42227,495
2021-09-14,Santa Clara,085,1922200,139838,138321,1075,139396,1828
2021-09-14,Santa Cruz,087,273765,19204,18965,960,19925,210
2021-09-14,Shasta,089,179085,17895,17152,2879,20031,246
2021-09-14,Sierra,091,2930,129,123,13,136,0
2021-09-14,Siskiyou,093,43540,2942,2756,986,3742,35
2021-09-14,Solano,095,438530,43534,42599,1101,43700,307
2021-09-14,Sonoma,097,501317,38952,38595,474,39069,369
2021-09-14,Stanislaus,099,539301,71204,70697,7986,78683,1091
2021-09-14,Sutter,101,95872,12817,12670,222,12892,149
2021-09-14,Tehama,103,63373,7093,6859,1133,7992,80
2021-09-14,Trinity,105,12862,699,538,186,724,7
2021-09-14,Tulare,107,460477,60831,58961,12247,71208,888
2021-09-14,Tuolumne,109,53932,6060,5951,70,6021,89
2021-09-14,Ventura,111,848112,93839,92841,4052,96893,1107
2021-09-14,Yolo,113,214977,18342,18039,916,18955,239
2021-09-14,Yuba,115,75493,9063,8928,201,9129,61
2021-09-13,Alameda,001,1643700,113250,112159,2554,114713,1309
2021-09-13,Alpine,003,1148,98,98,0,98,0
2021-09-13,Amador,005,37829,4877,4761,49,4810,56
2021-09-13,Butte,007,227075,18117,17393,3179,20572,225
2021-09-13,Calaveras,009,45235,3350,3253,27,3280,65
2021-09-13,Colusa,011,21464,2381,2346,523,2869,16
2021-09-13,Contra Costa,013,1133247,93651,92658,1868,94526,908
2021-09-13,Del Norte,015,27424,3374,3232,21,3253,28
2021-09-13,El Dorado,017,186661,14556,14194,1473,15667,119
2021-09-13,Fresno,019,978130,125225,122650,11203,133853,1853
2021-09-13,Glenn,021,27897,3123,3026,891,3917,20
2021-09-13,Humboldt,023,135768,7891,7659,373,8032,52
2021-09-13,Imperial,025,180216,31121,30802,2941,33743,751
2021-09-13,Inyo,027,18085,1643,1602,31,1633,39
2021-09-13,Kern,029,883053,115348,112930,17459,130389,1424
2021-09-13,Kings,031,150075,28527,27858,1588,29446,275
2021-09-13,Lake,033,64148,5980,5809,115,5924,82
2021-09-13,Lassen,035,31185,6137,5953,246,6199,25
2021-09-13,Los Angeles,037,10098052,1385186,1371423,51034,1422457,25703
2021-09-13,Madera,039,155013,20289,19735,1583,21318,252
2021-09-13,Marin,041,260295,16729,16557,377,16934,242
2021-09-13,Mariposa,043,17540,879,825,31,856,5
2021-09-13,Mendocino,045,87422,6557,6323,286,6609,61
2021-09-13,Merced,047,269075,37774,37291,1467,38758,521
2021-09-13,Modoc,049,8938,462,451,160,611,5
2021-09-13,Mono,051,14174,1487,1435,18,1453,3
2021-09-13,Monterey,053,433212,47025,46188,2494,48682,558
2021-09-13,Napa,055,140530,12177,12039,81,12120,91
2021-09-13,Nevada,057,99092,8189,8021,265,8286,83
2021-09-13,Orange,059,3164182,294633,291128,13790,304918,5312
2021-09-13,Placer,061,380077,33358,32617,3076,35693,343
2021-09-13,Plumas,063,18699,1216,1142,22,1164,5
2021-09-13,Riverside,065,2383286,343593,337876,15662,353538,4731
2021-09-13,Sacramento,067,1510023,145605,144537,3533,148070,1956
2021-09-13,San Benito,069,59416,6905,6867,140,7007,64
2021-09-13,San Bernardino,071,2135413,337110,333613,10419,344032,5441
2021-09-13,San Diego,073,3302833,349611,345647,20593,366240,3961
2021-09-13,San Francisco,075,870044,49550,48914,2090,51004,603
2021-09-13,San Joaquin,077,732212,92329,90966,4817,95783,1581
2021-09-13,San Luis Obispo,079,281455,27335,26805,1054,27859,300
2021-09-13,San Mateo,081,765935,51383,50525,755,51280,564
2021-09-13,Santa Barbara,083,443738,41424,40661,1437,42098,494
2021-09-13,Santa Clara,085,1922200,139592,138152,1070,139222,1820
2021-09-13,Santa Cruz,087,273765,19164,18917,959,19876,210
2021-09-13,Shasta,089,179085,17765,17033,2839,19872,243
2021-09-13,Sierra,091,2930,129,123,13,136,0
2021-09-13,Siskiyou,093,43540,2927,2745,974,3719,35
2021-09-13,Solano,095,438530,43430,42501,1098,43599,306
2021-09-13,Sonoma,097,501317,38885,38513,471,38984,368
2021-09-13,Stanislaus,099,539301,70950,70477,7950,78427,1091
2021-09-13,Sutter,101,95872,12759,12624,218,12842,145
2021-09-13,Tehama,103,63373,7030,6803,1121,7924,79
2021-09-13,Trinity,105,12862,697,533,184,717,7
2021-09-13,Tulare,107,460477,60548,58768,12187,70955,887
2021-09-13,Tuolumne,109,53932,6029,5909,70,5979,89
2021-09-13,Ventura,111,848112,93677,92679,4045,96724,1107
2021-09-13,Yolo,113,214977,18297,17974,910,18884,239
2021-09-13,Yuba,115,75493,9018,8884,200,9084,61
2021-09-12,Alameda,001,1643700,112987,111961,2551,114512,1309
2021-09-12,Alpine,003,1148,98,98,0,98,0
2021-09-12,Amador,005,37829,4856,4752,49,4801,56
2021-09-12,Butte,007,227075,17972,17257,3131,20388,221
2021-09-12,Calaveras,009,45235,3319,3236,23,3259,65
2021-09-12,Colusa,011,21464,2378,2344,522,2866,16
2021-09-12,Contra Costa,013,1133247,93383,92498,1856,94354,908
2021-09-12,Del Norte,015,27424,3339,3200,21,3221,28
2021-09-12,El Dorado,017,186661,14483,14167,1457,15624,119
2021-09-12,Fresno,019,978130,124706,122407,11146,133553,1853
2021-09-12,Glenn,021,27897,3106,3016,886,3902,20
2021-09-12,Humboldt,023,135768,7821,7636,362,7998,52
2021-09-12,Imperial,025,180216,31058,30790,2936,33726,751
2021-09-12,Inyo,027,18085,1633,1596,30,1626,39
2021-09-12,Kern,029,883053,114936,112602,17300,129902,1424
2021-09-12,Kings,031,150075,28416,27764,1571,29335,274
2021-09-12,Lake,033,64148,5940,5781,113,5894,82
2021-09-12,Lassen,035,31185,6100,5943,237,6180,25
2021-09-12,Los Angeles,037,10098052,1383129,1365968,50960,1416928,25630
2021-09-12,Madera,039,155013,20202,19691,1570,21261,252
2021-09-12,Marin,041,260295,16706,16526,377,16903,242
2021-09-12,Mariposa,043,17540,868,811,29,840,5
2021-09-12,Mendocino,045,87422,6517,6283,277,6560,61
2021-09-12,Merced,047,269075,37602,37172,1456,38628,521
2021-09-12,Modoc,049,8938,462,451,159,610,5
2021-09-12,Mono,051,14174,1480,1431,18,1449,3
2021-09-12,Monterey,053,433212,46926,46167,2484,48651,558
2021-09-12,Napa,055,140530,12147,12011,81,12092,91
2021-09-12,Nevada,057,99092,8149,7987,264,8251,83
2021-09-12,Orange,059,3164182,294169,290718,13769,304487,5312
2021-09-12,Placer,061,380077,33209,32520,3053,35573,343
2021-09-12,Plumas,063,18699,1197,1138,22,1160,5
2021-09-12,Riverside,065,2383286,342909,337332,15628,352960,4731
2021-09-12,Sacramento,067,1510023,145099,144030,3493,147523,1959
2021-09-12,San Benito,069,59416,6886,6852,139,6991,64
2021-09-12,San Bernardino,071,2135413,336495,333049,10406,343455,5439
2021-09-12,San Diego,073,3302833,348801,345058,20517,365575,3942
2021-09-12,San Francisco,075,870044,49439,48819,2083,50902,603
2021-09-12,San Joaquin,077,732212,92000,90730,4809,95539,1581
2021-09-12,San Luis Obispo,079,281455,27216,26729,1041,27770,299
2021-09-12,San Mateo,081,765935,51273,50432,751,51183,564
2021-09-12,Santa Barbara,083,443738,41312,40600,1430,42030,494
2021-09-12,Santa Clara,085,1922200,139335,137899,1067,138966,1820
2021-09-12,Santa Cruz,087,273765,19131,18892,958,19850,210
2021-09-12,Shasta,089,179085,17600,16957,2781,19738,243
2021-09-12,Sierra,091,2930,129,123,13,136,0
2021-09-12,Siskiyou,093,43540,2899,2730,959,3689,35
2021-09-12,Solano,095,438530,43324,42409,1094,43503,306
2021-09-12,Sonoma,097,501317,38805,38456,469,38925,368
2021-09-12,Stanislaus,099,539301,70651,70184,7911,78095,1091
2021-09-12,Sutter,101,95872,12717,12589,212,12801,145
2021-09-12,Tehama,103,63373,6966,6732,1109,7841,79
2021-09-12,Trinity,105,12862,693,529,182,711,7
2021-09-12,Tulare,107,460477,60195,58582,12127,70709,887
2021-09-12,Tuolumne,109,53932,5996,5888,70,5958,89
2021-09-12,Ventura,111,848112,93550,92496,4039,96535,1107
2021-09-12,Yolo,113,214977,18231,17943,902,18845,239
2021-09-12,Yuba,115,75493,8983,8842,200,9042,61
2021-09-11,Alameda,001,1643700,112863,111715,2549,114264,1309
2021-09-11,Alpine,003,1148,98,98,0,98,0
2021-09-11,Amador,005,37829,4843,4728,48,4776,56
2021-09-11,Butte,007,227075,17890,17218,3104,20322,221
2021-09-11,Calaveras,009,45235,3311,3208,22,3230,65
2021-09-11,Colusa,011,21464,2377,2338,519,2857,16
2021-09-11,Contra Costa,013,1133247,93264,92269,1852,94121,908
2021-09-11,Del Norte,015,27424,3323,3184,21,3205,28
2021-09-11,El Dorado,017,186661,14464,14117,1450,15567,119
2021-09-11,Fresno,019,978130,124527,122224,11121,133345,1853
2021-09-11,Glenn,021,27897,3096,3007,883,3890,20
2021-09-11,Humboldt,023,135768,7799,7615,359,7974,52
2021-09-11,Imperial,025,180216,31033,30760,2932,33692,751
2021-09-11,Inyo,027,18085,1630,1590,30,1620,39
2021-09-11,Kern,029,883053,114686,112205,17185,129390,1424
2021-09-11,Kings,031,150075,28367,27631,1565,29196,275
2021-09-11,Lake,033,64148,5919,5761,113,5874,82
2021-09-11,Lassen,035,31185,6085,5930,233,6163,25
2021-09-11,Los Angeles,037,10098052,1382162,1365831,50896,1416727,25630
2021-09-11,Madera,039,155013,20149,19648,1565,21213,252
2021-09-11,Marin,041,260295,16678,16496,376,16872,242
2021-09-11,Mariposa,043,17540,863,799,29,828,5
2021-09-11,Mendocino,045,87422,6493,6257,277,6534,61
2021-09-11,Merced,047,269075,37548,37042,1453,38495,521
2021-09-11,Modoc,049,8938,462,449,159,608,5
2021-09-11,Mono,051,14174,1474,1431,18,1449,3
2021-09-11,Monterey,053,433212,46889,46140,2481,48621,558
2021-09-11,Napa,055,140530,12124,11991,81,12072,91
2021-09-11,Nevada,057,99092,8134,7967,264,8231,83
2021-09-11,Orange,059,3164182,293867,290429,13753,304182,5306
2021-09-11,Placer,061,380077,33126,32414,3042,35456,344
2021-09-11,Plumas,063,18699,1190,1112,22,1134,5
2021-09-11,Riverside,065,2383286,342471,336585,15615,352200,4731
2021-09-11,Sacramento,067,1510023,144798,143557,3481,147038,1955
2021-09-11,San Benito,069,59416,6873,6844,139,6983,64
2021-09-11,San Bernardino,071,2135413,336152,332512,10392,342904,5430
2021-09-11,San Diego,073,3302833,348317,344355,20493,364848,3942
2021-09-11,San Francisco,075,870044,49384,48660,2078,50738,603
2021-09-11,San Joaquin,077,732212,91857,90482,4802,95284,1581
2021-09-11,San Luis Obispo,079,281455,27170,26651,1040,27691,299
2021-09-11,San Mateo,081,765935,51201,50341,750,51091,564
2021-09-11,Santa Barbara,083,443738,41239,40451,1430,41881,494
2021-09-11,Santa Clara,085,1922200,139183,137659,1064,138723,1820
2021-09-11,Santa Cruz,087,273765,19102,18865,958,19823,210
2021-09-11,Shasta,089,179085,17506,16877,2761,19638,243
2021-09-11,Sierra,091,2930,129,123,13,136,0
2021-09-11,Siskiyou,093,43540,2882,2717,956,3673,35
2021-09-11,Solano,095,438530,43273,42344,1091,43435,306
2021-09-11,Sonoma,097,501317,38758,38399,467,38866,368
2021-09-11,Stanislaus,099,539301,70526,69974,7898,77872,1091
2021-09-11,Sutter,101,95872,12691,12538,209,12747,145
2021-09-11,Tehama,103,63373,6945,6703,1101,7804,79
2021-09-11,Trinity,105,12862,686,526,182,708,7
2021-09-11,Tulare,107,460477,60083,58321,12080,70401,889
2021-09-11,Tuolumne,109,53932,5977,5879,67,5946,89
2021-09-11,Ventura,111,848112,93468,92328,4034,96362,1107
2021-09-11,Yolo,113,214977,18207,17906,897,18803,239
2021-09-11,Yuba,115,75493,8958,8813,200,9013,61
2021-09-10,Alameda,001,1643700,112673,111386,2548,113934,1306
2021-09-10,Alpine,003,1148,97,97,0,97,0
2021-09-10,Amador,005,37829,4831,4706,48,4754,56
2021-09-10,Butte,007,227075,17815,17051,3086,20137,222
2021-09-10,Calaveras,009,45235,3303,3183,22,3205,65
2021-09-10,Colusa,011,21464,2373,2327,516,2843,16
2021-09-10,Contra Costa,013,1133247,93141,92024,1850,93874,908
2021-09-10,Del Norte,015,27424,3308,3128,20,3148,28
2021-09-10,El Dorado,017,186661,14434,14051,1446,15497,119
2021-09-10,Fresno,019,978130,124204,121659,11092,132751,1846
2021-09-10,Glenn,021,27897,3089,2977,882,3859,20
2021-09-10,Humboldt,023,135768,7767,7543,355,7898,52
2021-09-10,Imperial,025,180216,31010,30716,2930,33646,751
2021-09-10,Inyo,027,18085,1626,1590,30,1620,39
2021-09-10,Kern,029,883053,114432,111832,17069,128901,1419
2021-09-10,Kings,031,150075,28293,27473,1556,29029,274
2021-09-10,Lake,033,64148,5903,5713,111,5824,79
2021-09-10,Lassen,035,31185,6077,5914,230,6144,25
2021-09-10,Los Angeles,037,10098052,1380954,1365709,50830,1416539,25630
2021-09-10,Madera,039,155013,20103,19520,1558,21078,252
2021-09-10,Marin,041,260295,16658,16458,373,16831,242
2021-09-10,Mariposa,043,17540,858,795,29,824,5
2021-09-10,Mendocino,045,87422,6461,6184,276,6460,61
2021-09-10,Merced,047,269075,37496,36884,1452,38336,521
2021-09-10,Modoc,049,8938,462,448,159,607,5
2021-09-10,Mono,051,14174,1469,1422,18,1440,3
2021-09-10,Monterey,053,433212,46845,46084,2479,48563,557
2021-09-10,Napa,055,140530,12099,11948,81,12029,90
2021-09-10,Nevada,057,99092,8116,7932,263,8195,83
2021-09-10,Orange,059,3164182,293559,290022,13743,303765,5302
2021-09-10,Placer,061,380077,33024,32264,3029,35293,343
2021-09-10,Plumas,063,18699,1182,1111,22,1133,5
2021-09-10,Riverside,065,2383286,341998,335988,15608,351596,4720
2021-09-10,Sacramento,067,1510023,144455,143244,3473,146717,1950
2021-09-10,San Benito,069,59416,6869,6824,139,6963,64
2021-09-10,San Bernardino,071,2135413,335733,331894,10383,342277,5422
2021-09-10,San Diego,073,3302833,347770,343173,20456,363629,3941
2021-09-10,San Francisco,075,870044,49305,48518,2071,50589,602
2021-09-10,San Joaquin,077,732212,91677,90208,4796,95004,1573
2021-09-10,San Luis Obispo,079,281455,27137,26526,1038,27564,299
2021-09-10,San Mateo,081,765935,51134,50251,749,51000,564
2021-09-10,Santa Barbara,083,443738,41186,40321,1427,41748,492
2021-09-10,Santa Clara,085,1922200,138999,137337,1063,138400,1817
2021-09-10,Santa Cruz,087,273765,19083,18785,957,19742,210
2021-09-10,Shasta,089,179085,17412,16667,2733,19400,242
2021-09-10,Sierra,091,2930,129,117,13,130,0
2021-09-10,Siskiyou,093,43540,2870,2702,952,3654,35
2021-09-10,Solano,095,438530,43199,42230,1084,43314,305
2021-09-10,Sonoma,097,501317,38700,38271,466,38737,368
2021-09-10,Stanislaus,099,539301,70370,69617,7874,77491,1091
2021-09-10,Sutter,101,95872,12657,12468,209,12677,145
2021-09-10,Tehama,103,63373,6912,6652,1095,7747,77
2021-09-10,Trinity,105,12862,682,524,182,706,7
2021-09-10,Tulare,107,460477,59935,57930,12033,69963,883
2021-09-10,Tuolumne,109,53932,5958,5842,66,5908,89
2021-09-10,Ventura,111,848112,93371,92145,4030,96175,1104
2021-09-10,Yolo,113,214977,18182,17825,892,18717,239
2021-09-10,Yuba,115,75493,8939,8760,199,8959,62
2021-09-09,Alameda,001,1643700,112454,111014,2544,113558,1306
2021-09-09,Alpine,003,1148,97,94,0,94,0
2021-09-09,Amador,005,37829,4810,4698,47,4745,56
2021-09-09,Butte,007,227075,17668,16874,3059,19933,221
2021-09-09,Calaveras,009,45235,3269,3165,22,3187,65
2021-09-09,Colusa,011,21464,2366,2321,515,2836,16
2021-09-09,Contra Costa,013,1133247,92931,91687,1845,93532,904
2021-09-09,Del Norte,015,27424,3285,3102,20,3122,28
2021-09-09,El Dorado,017,186661,14377,13970,1436,15406,119
2021-09-09,Fresno,019,978130,123728,121040,11046,132086,1838
2021-09-09,Glenn,021,27897,3077,2947,878,3825,20
2021-09-09,Humboldt,023,135768,7717,7471,349,7820,52
2021-09-09,Imperial,025,180216,30972,30661,2927,33588,751
2021-09-09,Inyo,027,18085,1619,1586,30,1616,39
2021-09-09,Kern,029,883053,114085,111390,16913,128303,1414
2021-09-09,Kings,031,150075,28192,27282,1545,28827,273
2021-09-09,Lake,033,64148,5879,5638,109,5747,79
2021-09-09,Lassen,035,31185,6027,5860,224,6084,25
2021-09-09,Los Angeles,037,10098052,1379088,1363735,50756,1414491,25583
2021-09-09,Madera,039,155013,20030,19401,1545,20946,252
2021-09-09,Marin,041,260295,16635,16416,370,16786,242
2021-09-09,Mariposa,043,17540,845,779,28,807,5
2021-09-09,Mendocino,045,87422,6427,6089,267,6356,61
2021-09-09,Merced,047,269075,37342,36634,1439,38073,516
2021-09-09,Modoc,049,8938,462,448,159,607,5
2021-09-09,Mono,051,14174,1459,1420,18,1438,3
2021-09-09,Monterey,053,433212,46791,45991,2468,48459,556
2021-09-09,Napa,055,140530,12067,11878,81,11959,90
2021-09-09,Nevada,057,99092,8078,7855,263,8118,82
2021-09-09,Orange,059,3164182,293150,289109,13712,302821,5299
2021-09-09,Placer,061,380077,32906,32048,3014,35062,342
2021-09-09,Plumas,063,18699,1171,1098,22,1120,5
2021-09-09,Riverside,065,2383286,341359,334774,15590,350364,4701
2021-09-09,Sacramento,067,1510023,143975,142728,3427,146155,1929
2021-09-09,San Benito,069,59416,6859,6820,138,6958,64
2021-09-09,San Bernardino,071,2135413,335163,331040,10370,341410,5417
2021-09-09,San Diego,073,3302833,347056,342149,20399,362548,3929
2021-09-09,San Francisco,075,870044,49191,48404,2062,50466,597
2021-09-09,San Joaquin,077,732212,91404,89874,4778,94652,1570
2021-09-09,San Luis Obispo,079,281455,27055,26472,1035,27507,296
2021-09-09,San Mateo,081,765935,51013,50143,746,50889,561
2021-09-09,Santa Barbara,083,443738,41080,40180,1423,41603,490
2021-09-09,Santa Clara,085,1922200,138776,137017,1058,138075,1816
2021-09-09,Santa Cruz,087,273765,19037,18728,957,19685,210
2021-09-09,Shasta,089,179085,17266,16401,2692,19093,238
2021-09-09,Sierra,091,2930,129,115,13,128,0
2021-09-09,Siskiyou,093,43540,2847,2683,938,3621,35
2021-09-09,Solano,095,438530,43083,42081,1080,43161,303
2021-09-09,Sonoma,097,501317,38632,38171,465,38636,360
2021-09-09,Stanislaus,099,539301,70091,69178,7842,77020,1074
2021-09-09,Sutter,101,95872,12602,12396,207,12603,144
2021-09-09,Tehama,103,63373,6858,6554,1090,7644,75
2021-09-09,Trinity,105,12862,676,523,180,703,6
2021-09-09,Tulare,107,460477,59693,57564,11974,69538,879
2021-09-09,Tuolumne,109,53932,5930,5802,65,5867,89
2021-09-09,Ventura,111,848112,93226,91610,4021,95631,1098
2021-09-09,Yolo,113,214977,18124,17724,889,18613,239
2021-09-09,Yuba,115,75493,8894,8707,196,8903,55
2021-09-08,Alameda,001,1643700,112209,110781,2541,113322,1305
2021-09-08,Alpine,003,1148,97,94,0,94,0
2021-09-08,Amador,005,37829,4798,4693,47,4740,56
2021-09-08,Butte,007,227075,17534,16775,3040,19815,220
2021-09-08,Calaveras,009,45235,3251,3157,22,3179,63
2021-09-08,Colusa,011,21464,2364,2308,515,2823,16
2021-09-08,Contra Costa,013,1133247,92651,91471,1840,93311,900
2021-09-08,Del Norte,015,27424,3262,3085,20,3105,25
2021-09-08,El Dorado,017,186661,14297,13928,1415,15343,119
2021-09-08,Fresno,019,978130,123230,120644,10983,131627,1831
2021-09-08,Glenn,021,27897,3062,2942,869,3811,20
2021-09-08,Humboldt,023,135768,7673,7438,341,7779,52
2021-09-08,Imperial,025,180216,30939,30609,2914,33523,751
2021-09-08,Inyo,027,18085,1608,1580,30,1610,39
2021-09-08,Kern,029,883053,113687,110933,16774,127707,1409
2021-09-08,Kings,031,150075,28063,27235,1530,28765,267
2021-09-08,Lake,033,64148,5849,5618,107,5725,79
2021-09-08,Lassen,035,31185,6009,5848,217,6065,25
2021-09-08,Los Angeles,037,10098052,1377021,1362029,50667,1412696,25533
2021-09-08,Madera,039,155013,19970,19352,1532,20884,252
2021-09-08,Marin,041,260295,16607,16386,369,16755,242
2021-09-08,Mariposa,043,17540,833,777,27,804,5
2021-09-08,Mendocino,045,87422,6383,6069,258,6327,61
2021-09-08,Merced,047,269075,37181,36500,1427,37927,516
2021-09-08,Modoc,049,8938,462,448,159,607,5
2021-09-08,Mono,051,14174,1453,1418,18,1436,3
2021-09-08,Monterey,053,433212,46742,45959,2462,48421,554
2021-09-08,Napa,055,140530,12032,11842,79,11921,90
2021-09-08,Nevada,057,99092,8043,7843,262,8105,82
2021-09-08,Orange,059,3164182,292741,288511,13689,302200,5290
2021-09-08,Placer,061,380077,32769,31852,2997,34849,337
2021-09-08,Plumas,063,18699,1164,1072,22,1094,5
2021-09-08,Riverside,065,2383286,340600,334037,15565,349602,4683
2021-09-08,Sacramento,067,1510023,143496,142448,3379,145827,1921
2021-09-08,San Benito,069,59416,6841,6800,138,6938,64
2021-09-08,San Bernardino,071,2135413,334561,330279,10353,340632,5411
2021-09-08,San Diego,073,3302833,346140,341437,20348,361785,3926
2021-09-08,San Francisco,075,870044,49053,48263,2058,50321,589
2021-09-08,San Joaquin,077,732212,91124,89631,4754,94385,1561
2021-09-08,San Luis Obispo,079,281455,26961,26303,1030,27333,294
2021-09-08,San Mateo,081,765935,50908,50051,746,50797,561
2021-09-08,Santa Barbara,083,443738,40968,40000,1419,41419,490
2021-09-08,Santa Clara,085,1922200,138543,136836,1054,137890,1810
2021-09-08,Santa Cruz,087,273765,19000,18699,957,19656,210
2021-09-08,Shasta,089,179085,17111,16227,2645,18872,234
2021-09-08,Sierra,091,2930,129,113,13,126,0
2021-09-08,Siskiyou,093,43540,2814,2643,927,3570,35
2021-09-08,Solano,095,438530,42991,41971,1077,43048,302
2021-09-08,Sonoma,097,501317,38548,38075,464,38539,360
2021-09-08,Stanislaus,099,539301,69860,68945,7803,76748,1074
2021-09-08,Sutter,101,95872,12537,12349,204,12553,144
2021-09-08,Tehama,103,63373,6791,6520,1073,7593,75
2021-09-08,Trinity,105,12862,673,520,176,696,6
2021-09-08,Tulare,107,460477,59369,57425,11919,69344,876
2021-09-08,Tuolumne,109,53932,5898,5783,63,5846,89
2021-09-08,Ventura,111,848112,93074,91345,4003,95348,1096
2021-09-08,Yolo,113,214977,18043,17680,884,18564,239
2021-09-08,Yuba,115,75493,8852,8675,194,8869,55
2021-09-07,Alameda,001,1643700,111908,110550,2534,113084,1301
2021-09-07,Alpine,003,1148,96,94,0,94,0
2021-09-07,Amador,005,37829,4771,4679,47,4726,53
2021-09-07,Butte,007,227075,17378,16723,3003,19726,220
2021-09-07,Calaveras,009,45235,3210,3140,20,3160,63
2021-09-07,Colusa,011,21464,2354,2306,513,2819,16
2021-09-07,Contra Costa,013,1133247,92388,91167,1834,93001,891
2021-09-07,Del Norte,015,27424,3248,3081,20,3101,24
2021-09-07,El Dorado,017,186661,14225,13892,1400,15292,119
2021-09-07,Fresno,019,978130,122672,120268,10890,131158,1828
2021-09-07,Glenn,021,27897,3050,2937,863,3800,20
2021-09-07,Humboldt,023,135768,7613,7397,324,7721,52
2021-09-07,Imperial,025,180216,30899,30584,2906,33490,751
2021-09-07,Inyo,027,18085,1602,1579,29,1608,39
2021-09-07,Kern,029,883053,113255,110674,16616,127290,1408
2021-09-07,Kings,031,150075,27939,27169,1512,28681,267
2021-09-07,Lake,033,64148,5806,5597,99,5696,78
2021-09-07,Lassen,035,31185,5991,5842,211,6053,21
2021-09-07,Los Angeles,037,10098052,1374789,1360407,50575,1410982,25486
2021-09-07,Madera,039,155013,19883,19316,1524,20840,249
2021-09-07,Marin,041,260295,16568,16363,369,16732,242
2021-09-07,Mariposa,043,17540,817,771,27,798,5
2021-09-07,Mendocino,045,87422,6323,6036,248,6284,61
2021-09-07,Merced,047,269075,37007,36400,1421,37821,513
2021-09-07,Modoc,049,8938,460,449,159,608,5
2021-09-07,Mono,051,14174,1444,1416,18,1434,3
2021-09-07,Monterey,053,433212,46659,45911,2450,48361,543
2021-09-07,Napa,055,140530,11991,11814,79,11893,90
2021-09-07,Nevada,057,99092,8016,7829,262,8091,82
2021-09-07,Orange,059,3164182,292312,288225,13658,301883,5274
2021-09-07,Placer,061,380077,32616,31710,2969,34679,337
2021-09-07,Plumas,063,18699,1149,1071,22,1093,5
2021-09-07,Riverside,065,2383286,339813,333390,15546,348936,4666
2021-09-07,Sacramento,067,1510023,142957,142364,3334,145698,1905
2021-09-07,San Benito,069,59416,6823,6786,138,6924,64
2021-09-07,San Bernardino,071,2135413,333814,329962,10328,340290,5407
2021-09-07,San Diego,073,3302833,345143,340709,20282,360991,3922
2021-09-07,San Francisco,075,870044,48913,48175,2053,50228,589
2021-09-07,San Joaquin,077,732212,90789,89468,4740,94208,1548
2021-09-07,San Luis Obispo,079,281455,26843,26253,1021,27274,287
2021-09-07,San Mateo,081,765935,50813,49913,745,50658,561
2021-09-07,Santa Barbara,083,443738,40842,39957,1414,41371,489
2021-09-07,Santa Clara,085,1922200,138255,136631,1049,137680,1807
2021-09-07,Santa Cruz,087,273765,18951,18669,955,19624,210
2021-09-07,Shasta,089,179085,16955,16096,2592,18688,226
2021-09-07,Sierra,091,2930,129,111,13,124,0
2021-09-07,Siskiyou,093,43540,2788,2607,910,3517,34
2021-09-07,Solano,095,438530,42861,41862,1073,42935,300
2021-09-07,Sonoma,097,501317,38464,38013,462,38475,358
2021-09-07,Stanislaus,099,539301,69589,68831,7776,76607,1074
2021-09-07,Sutter,101,95872,12463,12310,198,12508,138
2021-09-07,Tehama,103,63373,6739,6482,1053,7535,74
2021-09-07,Trinity,105,12862,667,517,176,693,6
2021-09-07,Tulare,107,460477,59019,57228,11841,69069,874
2021-09-07,Tuolumne,109,53932,5861,5759,63,5822,88
2021-09-07,Ventura,111,848112,92863,91246,3993,95239,1093
2021-09-07,Yolo,113,214977,17974,17653,879,18532,235
2021-09-07,Yuba,115,75493,8809,8642,189,8831,55
2021-09-06,Alameda,001,1643700,111595,110357,2526,112883,1301
2021-09-06,Alpine,003,1148,94,94,0,94,0
2021-09-06,Amador,005,37829,4755,4648,46,4694,53
2021-09-06,Butte,007,227075,17186,16588,2960,19548,218
2021-09-06,Calaveras,009,45235,3188,3122,20,3142,63
2021-09-06,Colusa,011,21464,2347,2306,509,2815,16
2021-09-06,Contra Costa,013,1133247,92093,90971,1824,92795,891
2021-09-06,Del Norte,015,27424,3207,3037,19,3056,24
2021-09-06,El Dorado,017,186661,14156,13848,1384,15232,119
2021-09-06,Fresno,019,978130,122100,119738,10815,130553,1828
2021-09-06,Glenn,021,27897,3021,2912,855,3767,20
2021-09-06,Humboldt,023,135768,7537,7320,306,7626,52
2021-09-06,Imperial,025,180216,30836,30576,2900,33476,751
2021-09-06,Inyo,027,18085,1593,1578,17,1595,39
2021-09-06,Kern,029,883053,112743,110347,16428,126775,1408
2021-09-06,Kings,031,150075,27796,27094,1497,28591,264
2021-09-06,Lake,033,64148,5742,5548,92,5640,78
2021-09-06,Lassen,035,31185,5965,5822,201,6023,21
2021-09-06,Los Angeles,037,10098052,1372411,1359348,50459,1409807,25477
2021-09-06,Madera,039,155013,19780,19191,1501,20692,249
2021-09-06,Marin,041,260295,16528,16356,369,16725,242
2021-09-06,Mariposa,043,17540,805,764,27,791,5
2021-09-06,Mendocino,045,87422,6253,5984,235,6219,61
2021-09-06,Merced,047,269075,36793,36300,1407,37707,513
2021-09-06,Modoc,049,8938,457,449,159,608,5
2021-09-06,Mono,051,14174,1440,1416,18,1434,3
2021-09-06,Monterey,053,433212,46565,45833,2434,48267,541
2021-09-06,Napa,055,140530,11948,11792,78,11870,90
2021-09-06,Nevada,057,99092,7968,7748,260,8008,82
2021-09-06,Orange,059,3164182,291818,287948,13607,301555,5274
2021-09-06,Placer,061,380077,32439,31595,2931,34526,337
2021-09-06,Plumas,063,18699,1128,1068,19,1087,5
2021-09-06,Riverside,065,2383286,338998,333052,15526,348578,4666
2021-09-06,Sacramento,067,1510023,142317,141730,3266,144996,1905
2021-09-06,San Benito,069,59416,6800,6777,135,6912,64
2021-09-06,San Bernardino,071,2135413,332931,329693,10298,339991,5398
2021-09-06,San Diego,073,3302833,344144,340222,20185,360407,3922
2021-09-06,San Francisco,075,870044,48778,48120,2048,50168,589
2021-09-06,San Joaquin,077,732212,90444,89293,4714,94007,1548
2021-09-06,San Luis Obispo,079,281455,26714,26183,1017,27200,286
2021-09-06,San Mateo,081,765935,50683,49859,743,50602,561
2021-09-06,Santa Barbara,083,443738,40712,39876,1405,41281,489
2021-09-06,Santa Clara,085,1922200,137963,136458,1047,137505,1807
2021-09-06,Santa Cruz,087,273765,18902,18615,952,19567,210
2021-09-06,Shasta,089,179085,16774,15985,2538,18523,226
2021-09-06,Sierra,091,2930,129,109,13,122,0
2021-09-06,Siskiyou,093,43540,2744,2595,876,3471,34
2021-09-06,Solano,095,438530,42713,41774,1067,42841,300
2021-09-06,Sonoma,097,501317,38343,37929,461,38390,358
2021-09-06,Stanislaus,099,539301,69247,68596,7732,76328,1074
2021-09-06,Sutter,101,95872,12401,12238,189,12427,138
2021-09-06,Tehama,103,63373,6677,6413,1026,7439,74
2021-09-06,Trinity,105,12862,664,515,174,689,6
2021-09-06,Tulare,107,460477,58660,57068,11761,68829,874
2021-09-06,Tuolumne,109,53932,5825,5697,63,5760,88
2021-09-06,Ventura,111,848112,92686,91132,3981,95113,1093
2021-09-06,Yolo,113,214977,17888,17576,874,18450,235
2021-09-06,Yuba,115,75493,8759,8584,185,8769,55
2021-09-05,Alameda,001,1643700,111403,110173,2523,112696,1301
2021-09-05,Alpine,003,1148,94,94,0,94,0
2021-09-05,Amador,005,37829,4743,4642,46,4688,53
2021-09-05,Butte,007,227075,17096,16504,2932,19436,218
2021-09-05,Calaveras,009,45235,3182,3106,20,3126,63
2021-09-05,Colusa,011,21464,2339,2305,507,2812,16
2021-09-05,Contra Costa,013,1133247,91908,90862,1819,92681,891
2021-09-05,Del Norte,015,27424,3187,3023,19,3042,24
2021-09-05,El Dorado,017,186661,14127,13827,1371,15198,119
2021-09-05,Fresno,019,978130,121801,119384,10774,130158,1828
2021-09-05,Glenn,021,27897,3007,2899,853,3752,20
2021-09-05,Humboldt,023,135768,7504,7312,303,7615,52
2021-09-05,Imperial,025,180216,30807,30548,2898,33446,751
2021-09-05,Inyo,027,18085,1590,1572,17,1589,39
2021-09-05,Kern,029,883053,112443,110073,16269,126342,1408
2021-09-05,Kings,031,150075,27719,26989,1493,28482,264
2021-09-05,Lake,033,64148,5722,5525,92,5617,78
2021-09-05,Lassen,035,31185,5943,5820,197,6017,21
2021-09-05,Los Angeles,037,10098052,1371120,1357748,50390,1408138,25465
2021-09-05,Madera,039,155013,19739,19155,1490,20645,249
2021-09-05,Marin,041,260295,16509,16342,368,16710,242
2021-09-05,Mariposa,043,17540,801,761,27,788,5
2021-09-05,Mendocino,045,87422,6219,5965,235,6200,61
2021-09-05,Merced,047,269075,36718,36243,1405,37648,513
2021-09-05,Modoc,049,8938,457,447,159,606,5
2021-09-05,Mono,051,14174,1440,1416,18,1434,3
2021-09-05,Monterey,053,433212,46537,45795,2425,48220,540
2021-09-05,Napa,055,140530,11923,11770,78,11848,90
2021-09-05,Nevada,057,99092,7946,7722,259,7981,82
2021-09-05,Orange,059,3164182,291530,287614,13590,301204,5274
2021-09-05,Placer,061,380077,32311,31487,2917,34404,337
2021-09-05,Plumas,063,18699,1121,1067,19,1086,5
2021-09-05,Riverside,065,2383286,338543,332604,15514,348118,4654
2021-09-05,Sacramento,067,1510023,141879,141276,3248,144524,1905
2021-09-05,San Benito,069,59416,6799,6764,135,6899,64
2021-09-05,San Bernardino,071,2135413,332547,329062,10283,339345,5392
2021-09-05,San Diego,073,3302833,343592,339427,20144,359571,3914
2021-09-05,San Francisco,075,870044,48700,48035,2044,50079,589
2021-09-05,San Joaquin,077,732212,90278,89121,4697,93818,1548
2021-09-05,San Luis Obispo,079,281455,26665,26098,1016,27114,285
2021-09-05,San Mateo,081,765935,50615,49809,739,50548,561
2021-09-05,Santa Barbara,083,443738,40645,39762,1403,41165,489
2021-09-05,Santa Clara,085,1922200,137753,136146,1045,137191,1807
2021-09-05,Santa Cruz,087,273765,18882,18588,950,19538,210
2021-09-05,Shasta,089,179085,16691,15960,2512,18472,226
2021-09-05,Sierra,091,2930,128,109,13,122,0
2021-09-05,Siskiyou,093,43540,2727,2585,862,3447,34
2021-09-05,Solano,095,438530,42618,41687,1062,42749,300
2021-09-05,Sonoma,097,501317,38258,37881,460,38341,358
2021-09-05,Stanislaus,099,539301,69108,68434,7708,76142,1074
2021-09-05,Sutter,101,95872,12371,12179,183,12362,138
2021-09-05,Tehama,103,63373,6651,6400,1020,7420,74
2021-09-05,Trinity,105,12862,658,505,173,678,6
2021-09-05,Tulare,107,460477,58490,56915,11717,68632,874
2021-09-05,Tuolumne,109,53932,5813,5688,63,5751,88
2021-09-05,Ventura,111,848112,92550,91004,3977,94981,1093
2021-09-05,Yolo,113,214977,17851,17557,869,18426,235
2021-09-05,Yuba,115,75493,8732,8521,183,8704,55
2021-09-04,Alameda,001,1643700,111280,109944,2516,112460,1301
2021-09-04,Alpine,003,1148,94,94,0,94,0
2021-09-04,Amador,005,37829,4725,4637,45,4682,53
2021-09-04,Butte,007,227075,17038,16403,2917,19320,218
2021-09-04,Calaveras,009,45235,3170,3087,19,3106,63
2021-09-04,Colusa,011,21464,2337,2301,507,2808,16
2021-09-04,Contra Costa,013,1133247,91791,90623,1816,92439,891
2021-09-04,Del Norte,015,27424,3176,2984,19,3003,24
2021-09-04,El Dorado,017,186661,14101,13782,1362,15144,119
2021-09-04,Fresno,019,978130,121605,119033,10753,129786,1828
2021-09-04,Glenn,021,27897,2997,2878,847,3725,20
2021-09-04,Humboldt,023,135768,7473,7298,297,7595,52
2021-09-04,Imperial,025,180216,30784,30526,2896,33422,751
2021-09-04,Inyo,027,18085,1588,1571,17,1588,39
2021-09-04,Kern,029,883053,112200,109751,16139,125890,1408
2021-09-04,Kings,031,150075,27632,26896,1487,28383,263
2021-09-04,Lake,033,64148,5704,5507,92,5599,78
2021-09-04,Lassen,035,31185,5928,5814,189,6003,21
2021-09-04,Los Angeles,037,10098052,1370170,1355634,50331,1405965,25454
2021-09-04,Madera,039,155013,19706,19112,1483,20595,249
2021-09-04,Marin,041,260295,16493,16319,367,16686,242
2021-09-04,Mariposa,043,17540,796,759,27,786,5
2021-09-04,Mendocino,045,87422,6183,5933,235,6168,61
2021-09-04,Merced,047,269075,36674,36083,1400,37483,513
2021-09-04,Modoc,049,8938,457,447,159,606,5
2021-09-04,Mono,051,14174,1437,1417,18,1435,3
2021-09-04,Monterey,053,433212,46506,45756,2421,48177,540
2021-09-04,Napa,055,140530,11898,11760,76,11836,90
2021-09-04,Nevada,057,99092,7931,7691,258,7949,82
2021-09-04,Orange,059,3164182,291267,287244,13569,300813,5274
2021-09-04,Placer,061,380077,32207,31374,2900,34274,337
2021-09-04,Plumas,063,18699,1113,1067,19,1086,5
2021-09-04,Riverside,065,2383286,338073,331958,15502,347460,4654
2021-09-04,Sacramento,067,1510023,141586,140735,3240,143975,1896
2021-09-04,San Benito,069,59416,6790,6758,135,6893,64
2021-09-04,San Bernardino,071,2135413,332215,328425,10269,338694,5393
2021-09-04,San Diego,073,3302833,343157,338748,20122,358870,3914
2021-09-04,San Francisco,075,870044,48625,47937,2036,49973,589
2021-09-04,San Joaquin,077,732212,90162,88846,4689,93535,1548
2021-09-04,San Luis Obispo,079,281455,26633,26020,1016,27036,285
2021-09-04,San Mateo,081,765935,50561,49721,739,50460,560
2021-09-04,Santa Barbara,083,443738,40579,39667,1401,41068,489
2021-09-04,Santa Clara,085,1922200,137568,135845,1042,136887,1806
2021-09-04,Santa Cruz,087,273765,18864,18579,946,19525,210
2021-09-04,Shasta,089,179085,16614,15924,2486,18410,226
2021-09-04,Sierra,091,2930,126,108,13,121,0
2021-09-04,Siskiyou,093,43540,2701,2563,851,3414,34
2021-09-04,Solano,095,438530,42545,41614,1060,42674,300
2021-09-04,Sonoma,097,501317,38225,37809,460,38269,358
2021-09-04,Stanislaus,099,539301,68961,68210,7683,75893,1074
2021-09-04,Sutter,101,95872,12330,12137,182,12319,138
2021-09-04,Tehama,103,63373,6626,6367,1002,7369,74
2021-09-04,Trinity,105,12862,656,497,173,670,6
2021-09-04,Tulare,107,460477,58382,56719,11674,68393,874
2021-09-04,Tuolumne,109,53932,5795,5667,61,5728,88
2021-09-04,Ventura,111,848112,92415,90904,3974,94878,1090
2021-09-04,Yolo,113,214977,17815,17522,865,18387,235
2021-09-04,Yuba,115,75493,8703,8475,182,8657,55
2021-09-03,Alameda,001,1643700,111125,109636,2513,112149,1301
2021-09-03,Alpine,003,1148,94,94,0,94,0
2021-09-03,Amador,005,37829,4703,4614,45,4659,53
2021-09-03,Butte,007,227075,16948,16259,2891,19150,215
2021-09-03,Calaveras,009,45235,3160,3069,19,3088,63
2021-09-03,Colusa,011,21464,2332,2295,506,2801,16
2021-09-03,Contra Costa,013,1133247,91639,90299,1813,92112,886
2021-09-03,Del Norte,015,27424,3148,2943,18,2961,24
2021-09-03,El Dorado,017,186661,14068,13710,1357,15067,119
2021-09-03,Fresno,019,978130,121270,118508,10731,129239,1822
2021-09-03,Glenn,021,27897,2988,2867,840,3707,20
2021-09-03,Humboldt,023,135768,7448,7194,292,7486,52
2021-09-03,Imperial,025,180216,30761,30475,2891,33366,751
2021-09-03,Inyo,027,18085,1583,1567,17,1584,39
2021-09-03,Kern,029,883053,111984,109296,16028,125324,1407
2021-09-03,Kings,031,150075,27548,26753,1484,28237,263
2021-09-03,Lake,033,64148,5684,5479,90,5569,78
2021-09-03,Lassen,035,31185,5911,5789,184,5973,21
2021-09-03,Los Angeles,037,10098052,1368841,1351185,50265,1401450,25384
2021-09-03,Madera,039,155013,19621,19021,1477,20498,247
2021-09-03,Marin,041,260295,16471,16293,366,16659,242
2021-09-03,Mariposa,043,17540,789,753,25,778,5
2021-09-03,Mendocino,045,87422,6148,5891,235,6126,61
2021-09-03,Merced,047,269075,36620,35941,1391,37332,512
2021-09-03,Modoc,049,8938,457,445,159,604,5
2021-09-03,Mono,051,14174,1436,1410,18,1428,3
2021-09-03,Monterey,053,433212,46468,45707,2417,48124,540
2021-09-03,Napa,055,140530,11877,11733,76,11809,89
2021-09-03,Nevada,057,99092,7897,7632,258,7890,82
2021-09-03,Orange,059,3164182,290950,286818,13542,300360,5253
2021-09-03,Placer,061,380077,32100,31238,2876,34114,335
2021-09-03,Plumas,063,18699,1102,1057,19,1076,5
2021-09-03,Riverside,065,2383286,337541,331011,15486,346497,4653
2021-09-03,Sacramento,067,1510023,141217,139982,3222,143204,1886
2021-09-03,San Benito,069,59416,6784,6746,135,6881,64
2021-09-03,San Bernardino,071,2135413,331799,327599,10258,337857,5381
2021-09-03,San Diego,073,3302833,342537,337627,20089,357716,3911
2021-09-03,San Francisco,075,870044,48549,47822,2030,49852,589
2021-09-03,San Joaquin,077,732212,90009,88366,4681,93047,1540
2021-09-03,San Luis Obispo,079,281455,26557,25917,1014,26931,283
2021-09-03,San Mateo,081,765935,50466,49617,737,50354,560
2021-09-03,Santa Barbara,083,443738,40512,39507,1398,40905,489
2021-09-03,Santa Clara,085,1922200,137366,135522,1038,136560,1801
2021-09-03,Santa Cruz,087,273765,18839,18532,946,19478,210
2021-09-03,Shasta,089,179085,16539,15778,2462,18240,226
2021-09-03,Sierra,091,2930,124,105,13,118,0
2021-09-03,Siskiyou,093,43540,2689,2529,838,3367,34
2021-09-03,Solano,095,438530,42449,41457,1057,42514,300
2021-09-03,Sonoma,097,501317,38162,37699,460,38159,358
2021-09-03,Stanislaus,099,539301,68786,67887,7657,75544,1074
2021-09-03,Sutter,101,95872,12291,12073,181,12254,139
2021-09-03,Tehama,103,63373,6587,6334,995,7329,72
2021-09-03,Trinity,105,12862,654,490,169,659,6
2021-09-03,Tulare,107,460477,58256,56401,11622,68023,872
2021-09-03,Tuolumne,109,53932,5753,5630,61,5691,88
2021-09-03,Ventura,111,848112,92281,90742,3970,94712,1088
2021-09-03,Yolo,113,214977,17792,17446,860,18306,235
2021-09-03,Yuba,115,75493,8672,8412,182,8594,55
2021-09-02,Alameda,001,1643700,110866,109377,2510,111887,1301
2021-09-02,Alpine,003,1148,93,92,0,92,0
2021-09-02,Amador,005,37829,4687,4606,45,4651,53
2021-09-02,Butte,007,227075,16820,16154,2873,19027,215
2021-09-02,Calaveras,009,45235,3147,3042,19,3061,62
2021-09-02,Colusa,011,21464,2328,2290,506,2796,16
2021-09-02,Contra Costa,013,1133247,91457,90038,1802,91840,886
2021-09-02,Del Norte,015,27424,3117,2891,18,2909,24
2021-09-02,El Dorado,017,186661,14009,13641,1332,14973,119
2021-09-02,Fresno,019,978130,120782,117974,10676,128650,1804
2021-09-02,Glenn,021,27897,2972,2855,834,3689,20
2021-09-02,Humboldt,023,135768,7401,7141,281,7422,52
2021-09-02,Imperial,025,180216,30717,30449,2886,33335,751
2021-09-02,Inyo,027,18085,1578,1564,16,1580,39
2021-09-02,Kern,029,883053,111572,108930,15884,124814,1404
2021-09-02,Kings,031,150075,27455,26638,1474,28112,263
2021-09-02,Lake,033,64148,5654,5432,86,5518,78
2021-09-02,Lassen,035,31185,5897,5747,177,5924,21
2021-09-02,Los Angeles,037,10098052,1366981,1351105,50171,1401276,25382
2021-09-02,Madera,039,155013,19530,18937,1458,20395,247
2021-09-02,Marin,041,260295,16458,16244,364,16608,242
2021-09-02,Mariposa,043,17540,782,745,22,767,5
2021-09-02,Mendocino,045,87422,6106,5848,232,6080,61
2021-09-02,Merced,047,269075,36457,35820,1384,37204,508
2021-09-02,Modoc,049,8938,457,437,159,596,5
2021-09-02,Mono,051,14174,1436,1409,18,1427,3
2021-09-02,Monterey,053,433212,46402,45648,2402,48050,539
2021-09-02,Napa,055,140530,11848,11684,76,11760,88
2021-09-02,Nevada,057,99092,7845,7575,257,7832,82
2021-09-02,Orange,059,3164182,290490,286326,13508,299834,5240
2021-09-02,Placer,061,380077,31963,31067,2847,33914,330
2021-09-02,Plumas,063,18699,1091,1045,18,1063,5
2021-09-02,Riverside,065,2383286,336826,330190,15462,345652,4644
2021-09-02,Sacramento,067,1510023,140634,139274,3183,142457,1882
2021-09-02,San Benito,069,59416,6779,6734,134,6868,64
2021-09-02,San Bernardino,071,2135413,331192,326940,10185,337125,5369
2021-09-02,San Diego,073,3302833,341579,336382,20036,356418,3909
2021-09-02,San Francisco,075,870044,48441,47674,2026,49700,587
2021-09-02,San Joaquin,077,732212,89725,88056,4657,92713,1540
2021-09-02,San Luis Obispo,079,281455,26472,25851,1009,26860,283
2021-09-02,San Mateo,081,765935,50365,49490,735,50225,558
2021-09-02,Santa Barbara,083,443738,40422,39386,1385,40771,486
2021-09-02,Santa Clara,085,1922200,137065,135216,1032,136248,1799
2021-09-02,Santa Cruz,087,273765,18805,18473,943,19416,210
2021-09-02,Shasta,089,179085,16401,15670,2433,18103,224
2021-09-02,Sierra,091,2930,124,105,13,118,0
2021-09-02,Siskiyou,093,43540,2668,2513,810,3323,34
2021-09-02,Solano,095,438530,42343,41293,1054,42347,294
2021-09-02,Sonoma,097,501317,38081,37558,460,38018,352
2021-09-02,Stanislaus,099,539301,68545,67576,7636,75212,1074
2021-09-02,Sutter,101,95872,12222,11995,177,12172,138
2021-09-02,Tehama,103,63373,6529,6265,976,7241,72
2021-09-02,Trinity,105,12862,650,484,167,651,6
2021-09-02,Tulare,107,460477,58026,56105,11571,67676,872
2021-09-02,Tuolumne,109,53932,5697,5578,61,5639,88
2021-09-02,Ventura,111,848112,92098,90610,3965,94575,1084
2021-09-02,Yolo,113,214977,17722,17357,849,18206,235
2021-09-02,Yuba,115,75493,8612,8363,182,8545,55
2021-09-01,Alameda,001,1643700,110599,109075,2505,111580,1299
2021-09-01,Alpine,003,1148,93,92,0,92,0
2021-09-01,Amador,005,37829,4671,4599,44,4643,53
2021-09-01,Butte,007,227075,16705,16046,2845,18891,215
2021-09-01,Calaveras,009,45235,3135,3023,19,3042,59
2021-09-01,Colusa,011,21464,2323,2281,505,2786,16
2021-09-01,Contra Costa,013,1133247,91222,89834,1795,91629,877
2021-09-01,Del Norte,015,27424,3084,2860,18,2878,24
2021-09-01,El Dorado,017,186661,13953,13577,1303,14880,119
2021-09-01,Fresno,019,978130,120291,117492,10606,128098,1800
2021-09-01,Glenn,021,27897,2947,2846,826,3672,20
2021-09-01,Humboldt,023,135768,7354,7090,274,7364,52
2021-09-01,Imperial,025,180216,30679,30393,2881,33274,750
2021-09-01,Inyo,027,18085,1574,1561,15,1576,39
2021-09-01,Kern,029,883053,111141,108449,15746,124195,1400
2021-09-01,Kings,031,150075,27342,26443,1463,27906,263
2021-09-01,Lake,033,64148,5613,5396,81,5477,77
2021-09-01,Lassen,035,31185,5875,5731,173,5904,21
2021-09-01,Los Angeles,037,10098052,1364716,1348589,50068,1398657,25341
2021-09-01,Madera,039,155013,19452,18852,1443,20295,247
2021-09-01,Marin,041,260295,16436,16224,359,16583,240
2021-09-01,Mariposa,043,17540,774,735,22,757,5
2021-09-01,Mendocino,045,87422,6063,5821,227,6048,59
2021-09-01,Merced,047,269075,36280,35686,1374,37060,500
2021-09-01,Modoc,049,8938,451,436,157,593,5
2021-09-01,Mono,051,14174,1436,1400,18,1418,3
2021-09-01,Monterey,053,433212,46322,45590,2387,47977,539
2021-09-01,Napa,055,140530,11815,11653,76,11729,88
2021-09-01,Nevada,057,99092,7792,7508,256,7764,82
2021-09-01,Orange,059,3164182,290016,285840,13471,299311,5233
2021-09-01,Placer,061,380077,31808,30902,2833,33735,330
2021-09-01,Plumas,063,18699,1083,1033,18,1051,5
2021-09-01,Riverside,065,2383286,336010,329388,15432,344820,4634
2021-09-01,Sacramento,067,1510023,140025,138499,3138,141637,1875
2021-09-01,San Benito,069,59416,6762,6716,134,6850,64
2021-09-01,San Bernardino,071,2135413,330543,326250,10156,336406,5364
2021-09-01,San Diego,073,3302833,340557,335302,19980,355282,3908
2021-09-01,San Francisco,075,870044,48333,47538,2019,49557,584
2021-09-01,San Joaquin,077,732212,89403,87640,4634,92274,1540
2021-09-01,San Luis Obispo,079,281455,26376,25691,1004,26695,283
2021-09-01,San Mateo,081,765935,50245,49394,729,50123,558
2021-09-01,Santa Barbara,083,443738,40305,39263,1369,40632,483
2021-09-01,Santa Clara,085,1922200,136797,134855,1025,135880,1796
2021-09-01,Santa Cruz,087,273765,18758,18453,941,19394,210
2021-09-01,Shasta,089,179085,16269,15552,2393,17945,221
2021-09-01,Sierra,091,2930,123,98,13,111,0
2021-09-01,Siskiyou,093,43540,2638,2482,790,3272,34
2021-09-01,Solano,095,438530,42192,41194,1048,42242,293
2021-09-01,Sonoma,097,501317,37987,37454,459,37913,352
2021-09-01,Stanislaus,099,539301,68260,67287,7605,74892,1075
2021-09-01,Sutter,101,95872,12158,11945,170,12115,136
2021-09-01,Tehama,103,63373,6495,6228,959,7187,72
2021-09-01,Trinity,105,12862,649,482,164,646,5
2021-09-01,Tulare,107,460477,57743,55768,11534,67302,870
2021-09-01,Tuolumne,109,53932,5658,5553,61,5614,88
2021-09-01,Ventura,111,848112,91883,90471,3949,94420,1089
2021-09-01,Yolo,113,214977,17666,17264,843,18107,235
2021-09-01,Yuba,115,75493,8550,8308,182,8490,55
2021-08-31,Alameda,001,1643700,110305,108837,2499,111336,1297
2021-08-31,Alpine,003,1148,91,92,0,92,0
2021-08-31,Amador,005,37829,4650,4555,44,4599,53
2021-08-31,Butte,007,227075,16562,15896,2803,18699,216
2021-08-31,Calaveras,009,45235,3095,3008,19,3027,59
2021-08-31,Colusa,011,21464,2321,2275,503,2778,16
2021-08-31,Contra Costa,013,1133247,90927,89546,1783,91329,871
2021-08-31,Del Norte,015,27424,3048,2830,18,2848,19
2021-08-31,El Dorado,017,186661,13882,13539,1285,14824,119
2021-08-31,Fresno,019,978130,119715,117155,10527,127682,1801
2021-08-31,Glenn,021,27897,2931,2829,816,3645,20
2021-08-31,Humboldt,023,135768,7279,7030,261,7291,52
2021-08-31,Imperial,025,180216,30642,30348,2873,33221,750
2021-08-31,Inyo,027,18085,1570,1550,15,1565,39
2021-08-31,Kern,029,883053,110639,108151,15567,123718,1393
2021-08-31,Kings,031,150075,27200,26405,1449,27854,260
2021-08-31,Lake,033,64148,5569,5359,80,5439,74
2021-08-31,Lassen,035,31185,5849,5702,170,5872,21
2021-08-31,Los Angeles,037,10098052,1362128,1346686,49989,1396675,25303
2021-08-31,Madera,039,155013,19362,18811,1426,20237,247
2021-08-31,Marin,041,260295,16407,16215,356,16571,240
2021-08-31,Mariposa,043,17540,766,732,22,754,5
2021-08-31,Mendocino,045,87422,6021,5777,226,6003,59
2021-08-31,Merced,047,269075,36110,35512,1369,36881,498
2021-08-31,Modoc,049,8938,450,436,157,593,5
2021-08-31,Mono,051,14174,1424,1398,18,1416,3
2021-08-31,Monterey,053,433212,46238,45550,2374,47924,539
2021-08-31,Napa,055,140530,11768,11618,76,11694,88
2021-08-31,Nevada,057,99092,7725,7460,256,7716,82
2021-08-31,Orange,059,3164182,289418,285310,13437,298747,5229
2021-08-31,Placer,061,380077,31618,30745,2796,33541,325
2021-08-31,Plumas,063,18699,1079,1018,17,1035,5
2021-08-31,Riverside,065,2383286,335036,328556,15399,343955,4627
2021-08-31,Sacramento,067,1510023,139340,137879,3106,140985,1863
2021-08-31,San Benito,069,59416,6750,6694,132,6826,64
2021-08-31,San Bernardino,071,2135413,329797,325446,10136,335582,5350
2021-08-31,San Diego,073,3302833,339304,334377,19922,354299,3888
2021-08-31,San Francisco,075,870044,48182,47440,2008,49448,581
2021-08-31,San Joaquin,077,732212,88958,87365,4619,91984,1540
2021-08-31,San Luis Obispo,079,281455,26253,25518,1000,26518,282
2021-08-31,San Mateo,081,765935,50133,49299,729,50028,556
2021-08-31,Santa Barbara,083,443738,40154,39091,1363,40454,481
2021-08-31,Santa Clara,085,1922200,136446,134637,1018,135655,1793
2021-08-31,Santa Cruz,087,273765,18720,18419,938,19357,210
2021-08-31,Shasta,089,179085,16117,15368,2366,17734,220
2021-08-31,Sierra,091,2930,120,95,13,108,0
2021-08-31,Siskiyou,093,43540,2618,2435,774,3209,33
2021-08-31,Solano,095,438530,42053,41067,1042,42109,289
2021-08-31,Sonoma,097,501317,37891,37379,457,37836,352
2021-08-31,Stanislaus,099,539301,67906,67004,7570,74574,1075
2021-08-31,Sutter,101,95872,12093,11901,166,12067,136
2021-08-31,Tehama,103,63373,6434,6169,928,7097,72
2021-08-31,Trinity,105,12862,643,480,164,644,3
2021-08-31,Tulare,107,460477,57409,55567,11464,67031,870
2021-08-31,Tuolumne,109,53932,5622,5516,61,5577,88
2021-08-31,Ventura,111,848112,91664,90292,3937,94229,1081
2021-08-31,Yolo,113,214977,17585,17205,834,18039,234
2021-08-31,Yuba,115,75493,8496,8253,182,8435,54
2021-08-30,Alameda,001,1643700,109982,107734,2488,110222,1296
2021-08-30,Alpine,003,1148,91,92,0,92,0
2021-08-30,Amador,005,37829,4639,4507,44,4551,53
2021-08-30,Butte,007,227075,16411,15719,2769,18488,214
2021-08-30,Calaveras,009,45235,3080,2975,19,2994,59
2021-08-30,Colusa,011,21464,2312,2271,500,2771,16
2021-08-30,Contra Costa,013,1133247,90667,87679,1773,89452,872
2021-08-30,Del Norte,015,27424,3006,2796,17,2813,11
2021-08-30,El Dorado,017,186661,13813,13217,1268,14485,119
2021-08-30,Fresno,019,978130,119143,115867,10455,126322,1790
2021-08-30,Glenn,021,27897,2920,2804,810,3614,20
2021-08-30,Humboldt,023,135768,7225,6930,255,7185,52
2021-08-30,Imperial,025,180216,30604,30311,2868,33179,750
2021-08-30,Inyo,027,18085,1565,1544,15,1559,39
2021-08-30,Kern,029,883053,110160,107615,15404,123019,1389
2021-08-30,Kings,031,150075,27084,26236,1434,27670,259
2021-08-30,Lake,033,64148,5534,5323,77,5400,74
2021-08-30,Lassen,035,31185,5827,5667,164,5831,21
2021-08-30,Los Angeles,037,10098052,1359667,1344949,49904,1394853,25269
2021-08-30,Madera,039,155013,19280,18622,1406,20028,247
2021-08-30,Marin,041,260295,16376,16160,356,16516,240
2021-08-30,Mariposa,043,17540,760,715,21,736,5
2021-08-30,Mendocino,045,87422,5987,5721,222,5943,55
2021-08-30,Merced,047,269075,35982,35335,1365,36700,497
2021-08-30,Modoc,049,8938,448,436,156,592,5
2021-08-30,Mono,051,14174,1423,1390,18,1408,3
2021-08-30,Monterey,053,433212,46176,45463,2357,47820,539
2021-08-30,Napa,055,140530,11719,11579,74,11653,87
2021-08-30,Nevada,057,99092,7666,7356,253,7609,82
2021-08-30,Orange,059,3164182,288837,284750,13388,298138,5223
2021-08-30,Placer,061,380077,31453,29825,2773,32598,319
2021-08-30,Plumas,063,18699,1062,998,17,1015,5
2021-08-30,Riverside,065,2383286,334139,327593,15368,342961,4623
2021-08-30,Sacramento,067,1510023,138682,134571,3060,137631,1847
2021-08-30,San Benito,069,59416,6741,6663,132,6795,64
2021-08-30,San Bernardino,071,2135413,329117,324870,10106,334976,5348
2021-08-30,San Diego,073,3302833,338033,333011,19842,352853,3885
2021-08-30,San Francisco,075,870044,48043,46966,1995,48961,581
2021-08-30,San Joaquin,077,732212,88627,86203,4598,90801,1528
2021-08-30,San Luis Obispo,079,281455,26128,25422,993,26415,280
2021-08-30,San Mateo,081,765935,50007,48839,723,49562,554
2021-08-30,Santa Barbara,083,443738,40002,38998,1358,40356,481
2021-08-30,Santa Clara,085,1922200,136125,133281,1011,134292,1789
2021-08-30,Santa Cruz,087,273765,18666,18326,934,19260,210
2021-08-30,Shasta,089,179085,15988,15238,2327,17565,217
2021-08-30,Sierra,091,2930,118,91,13,104,0
2021-08-30,Siskiyou,093,43540,2605,2411,763,3174,33
2021-08-30,Solano,095,438530,41892,39986,1038,41024,290
2021-08-30,Sonoma,097,501317,37785,36764,457,37221,352
2021-08-30,Stanislaus,099,539301,67567,66173,7539,73712,1074
2021-08-30,Sutter,101,95872,12023,11791,159,11950,136
2021-08-30,Tehama,103,63373,6355,6085,904,6989,71
2021-08-30,Trinity,105,12862,632,468,161,629,3
2021-08-30,Tulare,107,460477,57097,55140,11389,66529,870
2021-08-30,Tuolumne,109,53932,5576,5492,61,5553,74
2021-08-30,Ventura,111,848112,91448,90149,3925,94074,1082
2021-08-30,Yolo,113,214977,17523,17071,830,17901,231
2021-08-30,Yuba,115,75493,8422,8129,181,8310,54
2021-08-29,Alameda,001,1643700,109642,107494,2477,109971,1296
2021-08-29,Alpine,003,1148,91,92,0,92,0
2021-08-29,Amador,005,37829,4625,4501,44,4545,53
2021-08-29,Butte,007,227075,16240,15602,2732,18334,214
2021-08-29,Calaveras,009,45235,3048,2970,19,2989,59
2021-08-29,Colusa,011,21464,2305,2260,494,2754,16
2021-08-29,Contra Costa,013,1133247,90370,87439,1768,89207,872
2021-08-29,Del Norte,015,27424,2963,2752,17,2769,11
2021-08-29,El Dorado,017,186661,13757,13166,1257,14423,119
2021-08-29,Fresno,019,978130,118546,115502,10386,125888,1790
2021-08-29,Glenn,021,27897,2902,2778,803,3581,20
2021-08-29,Humboldt,023,135768,7181,6922,240,7162,52
2021-08-29,Imperial,025,180216,30543,30293,2857,33150,750
2021-08-29,Inyo,027,18085,1555,1543,14,1557,39
2021-08-29,Kern,029,883053,109709,107324,15234,122558,1389
2021-08-29,Kings,031,150075,26930,26143,1420,27563,259
2021-08-29,Lake,033,64148,5494,5293,67,5360,74
2021-08-29,Lassen,035,31185,5804,5666,160,5826,21
2021-08-29,Los Angeles,037,10098052,1356907,1342541,49793,1392334,25263
2021-08-29,Madera,039,155013,19193,18594,1390,19984,247
2021-08-29,Marin,041,260295,16345,16134,354,16488,240
2021-08-29,Mariposa,043,17540,754,709,19,728,5
2021-08-29,Mendocino,045,87422,5929,5689,209,5898,55
2021-08-29,Merced,047,269075,35743,35250,1353,36603,497
2021-08-29,Modoc,049,8938,445,436,156,592,5
2021-08-29,Mono,051,14174,1416,1387,18,1405,3
2021-08-29,Monterey,053,433212,46070,45424,2333,47757,539
2021-08-29,Napa,055,140530,11688,11552,74,11626,87
2021-08-29,Nevada,057,99092,7609,7294,252,7546,82
2021-08-29,Orange,059,3164182,288208,284432,13345,297777,5223
2021-08-29,Placer,061,380077,31281,29674,2732,32406,319
2021-08-29,Plumas,063,18699,1051,996,17,1013,5
2021-08-29,Riverside,065,2383286,333282,326987,15347,342334,4623
2021-08-29,Sacramento,067,1510023,137929,133981,3011,136992,1843
2021-08-29,San Benito,069,59416,6716,6646,132,6778,64
2021-08-29,San Bernardino,071,2135413,328332,324266,10072,334338,5347
2021-08-29,San Diego,073,3302833,336927,332014,19746,351760,3880
2021-08-29,San Francisco,075,870044,47908,46885,1983,48868,581
2021-08-29,San Joaquin,077,732212,88177,85922,4578,90500,1528
2021-08-29,San Luis Obispo,079,281455,25930,25288,985,26273,280
2021-08-29,San Mateo,081,765935,49894,48737,718,49455,554
2021-08-29,Santa Barbara,083,443738,39836,38900,1354,40254,481
2021-08-29,Santa Clara,085,1922200,135772,132979,1005,133984,1789
2021-08-29,Santa Cruz,087,273765,18619,18285,932,19217,210
2021-08-29,Shasta,089,179085,15834,15198,2300,17498,217
2021-08-29,Sierra,091,2930,116,91,13,104,0
2021-08-29,Siskiyou,093,43540,2558,2407,743,3150,33
2021-08-29,Solano,095,438530,41738,39887,1031,40918,290
2021-08-29,Sonoma,097,501317,37650,36650,453,37103,352
2021-08-29,Stanislaus,099,539301,67222,65956,7503,73459,1074
2021-08-29,Sutter,101,95872,11964,11719,152,11871,136
2021-08-29,Tehama,103,63373,6284,6040,881,6921,71
2021-08-29,Trinity,105,12862,629,468,158,626,3
2021-08-29,Tulare,107,460477,56763,54974,11305,66279,870
2021-08-29,Tuolumne,109,53932,5551,5478,60,5538,74
2021-08-29,Ventura,111,848112,91190,90114,3916,94030,1082
2021-08-29,Yolo,113,214977,17423,17015,818,17833,231
2021-08-29,Yuba,115,75493,8358,8042,181,8223,54
2021-08-28,Alameda,001,1643700,109477,107007,2468,109475,1296
2021-08-28,Alpine,003,1148,91,92,0,92,0
2021-08-28,Amador,005,37829,4606,4484,43,4527,53
2021-08-28,Butte,007,227075,16181,15487,2705,18192,214
2021-08-28,Calaveras,009,45235,3038,2926,19,2945,59
2021-08-28,Colusa,011,21464,2301,2252,492,2744,16
2021-08-28,Contra Costa,013,1133247,90158,86938,1765,88703,872
2021-08-28,Del Norte,015,27424,2936,2734,16,2750,11
2021-08-28,El Dorado,017,186661,13717,13089,1251,14340,119
2021-08-28,Fresno,019,978130,118305,115079,10355,125434,1792
2021-08-28,Glenn,021,27897,2893,2773,796,3569,20
2021-08-28,Humboldt,023,135768,7146,6887,235,7122,52
2021-08-28,Imperial,025,180216,30516,30260,2854,33114,750
2021-08-28,Inyo,027,18085,1553,1539,14,1553,39
2021-08-28,Kern,029,883053,109471,107012,15093,122105,1389
2021-08-28,Kings,031,150075,26863,26059,1417,27476,257
2021-08-28,Lake,033,64148,5471,5267,63,5330,74
2021-08-28,Lassen,035,31185,5789,5665,159,5824,21
2021-08-28,Los Angeles,037,10098052,1355696,1337097,49720,1386817,25234
2021-08-28,Madera,039,155013,19142,18553,1376,19929,247
2021-08-28,Marin,041,260295,16330,16106,354,16460,240
2021-08-28,Mariposa,043,17540,752,704,19,723,5
2021-08-28,Mendocino,045,87422,5904,5658,209,5867,55
2021-08-28,Merced,047,269075,35691,35108,1350,36458,497
2021-08-28,Modoc,049,8938,445,436,155,591,5
2021-08-28,Mono,051,14174,1413,1385,18,1403,3
2021-08-28,Monterey,053,433212,46028,45394,2328,47722,539
2021-08-28,Napa,055,140530,11665,11512,73,11585,88
2021-08-28,Nevada,057,99092,7585,7238,250,7488,82
2021-08-28,Orange,059,3164182,287850,283953,13297,297250,5222
2021-08-28,Placer,061,380077,31172,29428,2719,32147,319
2021-08-28,Plumas,063,18699,1044,991,17,1008,5
2021-08-28,Riverside,065,2383286,332694,326222,15337,341559,4623
2021-08-28,Sacramento,067,1510023,137538,132985,2995,135980,1844
2021-08-28,San Benito,069,59416,6709,6636,132,6768,64
2021-08-28,San Bernardino,071,2135413,327884,323672,10064,333736,5348
2021-08-28,San Diego,073,3302833,336343,331330,19710,351040,3880
2021-08-28,San Francisco,075,870044,47836,46654,1976,48630,581
2021-08-28,San Joaquin,077,732212,88008,85481,4569,90050,1527
2021-08-28,San Luis Obispo,079,281455,25863,25138,980,26118,280
2021-08-28,San Mateo,081,765935,49820,48575,714,49289,554
2021-08-28,Santa Barbara,083,443738,39765,38780,1353,40133,481
2021-08-28,Santa Clara,085,1922200,135565,132488,1003,133491,1789
2021-08-28,Santa Cruz,087,273765,18601,18240,929,19169,210
2021-08-28,Shasta,089,179085,15731,15147,2282,17429,217
2021-08-28,Sierra,091,2930,112,91,13,104,0
2021-08-28,Siskiyou,093,43540,2550,2402,732,3134,33
2021-08-28,Solano,095,438530,41689,39610,1030,40640,290
2021-08-28,Sonoma,097,501317,37577,36466,451,36917,352
2021-08-28,Stanislaus,099,539301,67064,65670,7486,73156,1074
2021-08-28,Sutter,101,95872,11943,11669,151,11820,136
2021-08-28,Tehama,103,63373,6259,6004,870,6874,71
2021-08-28,Trinity,105,12862,625,463,157,620,3
2021-08-28,Tulare,107,460477,56633,54746,11263,66009,870
2021-08-28,Tuolumne,109,53932,5535,5469,60,5529,74
2021-08-28,Ventura,111,848112,91072,89934,3914,93848,1081
2021-08-28,Yolo,113,214977,17387,16907,811,17718,231
2021-08-28,Yuba,115,75493,8327,7985,180,8165,55
2021-08-27,Alameda,001,1643700,109266,106622,2466,109088,1296
2021-08-27,Alpine,003,1148,91,92,0,92,0
2021-08-27,Amador,005,37829,4590,4458,42,4500,53
2021-08-27,Butte,007,227075,16101,15277,2686,17963,214
2021-08-27,Calaveras,009,45235,3024,2903,19,2922,59
2021-08-27,Colusa,011,21464,2295,2240,490,2730,16
2021-08-27,Contra Costa,013,1133247,89960,86386,1762,88148,872
2021-08-27,Del Norte,015,27424,2904,2695,16,2711,11
2021-08-27,El Dorado,017,186661,13678,12968,1247,14215,119
2021-08-27,Fresno,019,978130,117871,114481,10333,124814,1774
2021-08-27,Glenn,021,27897,2875,2754,787,3541,20
2021-08-27,Humboldt,023,135768,7113,6782,232,7014,52
2021-08-27,Imperial,025,180216,30496,30201,2851,33052,750
2021-08-27,Inyo,027,18085,1552,1529,14,1543,39
2021-08-27,Kern,029,883053,109177,106570,14983,121553,1385
2021-08-27,Kings,031,150075,26784,25957,1415,27372,257
2021-08-27,Lake,033,64148,5446,5228,62,5290,74
2021-08-27,Lassen,035,31185,5773,5646,154,5800,21
2021-08-27,Los Angeles,037,10098052,1354166,1337006,49657,1386663,25230
2021-08-27,Madera,039,155013,19086,18476,1363,19839,247
2021-08-27,Marin,041,260295,16314,16055,352,16407,240
2021-08-27,Mariposa,043,17540,746,690,19,709,5
2021-08-27,Mendocino,045,87422,5873,5602,208,5810,55
2021-08-27,Merced,047,269075,35637,34906,1341,36247,495
2021-08-27,Modoc,049,8938,445,434,155,589,5
2021-08-27,Mono,051,14174,1408,1385,18,1403,3
2021-08-27,Monterey,053,433212,45979,45337,2320,47657,539
2021-08-27,Napa,055,140530,11631,11460,73,11533,87
2021-08-27,Nevada,057,99092,7545,7169,248,7417,82
2021-08-27,Orange,059,3164182,287489,283407,13258,296665,5206
2021-08-27,Placer,061,380077,31042,29157,2699,31856,320
2021-08-27,Plumas,063,18699,1038,984,17,1001,5
2021-08-27,Riverside,065,2383286,332176,325379,15322,340701,4622
2021-08-27,Sacramento,067,1510023,137103,131921,2982,134903,1838
2021-08-27,San Benito,069,59416,6703,6622,132,6754,64
2021-08-27,San Bernardino,071,2135413,327360,322893,10046,332939,5342
2021-08-27,San Diego,073,3302833,335563,330162,19656,349818,3877
2021-08-27,San Francisco,075,870044,47760,46456,1958,48414,581
2021-08-27,San Joaquin,077,732212,87825,84949,4550,89499,1524
2021-08-27,San Luis Obispo,079,281455,25814,24952,977,25929,280
2021-08-27,San Mateo,081,765935,49745,48424,710,49134,553
2021-08-27,Santa Barbara,083,443738,39673,38675,1351,40026,480
2021-08-27,Santa Clara,085,1922200,135335,132011,1000,133011,1783
2021-08-27,Santa Cruz,087,273765,18562,18163,925,19088,210
2021-08-27,Shasta,089,179085,15651,14996,2266,17262,217
2021-08-27,Sierra,091,2930,111,91,13,104,0
2021-08-27,Siskiyou,093,43540,2535,2358,718,3076,33
2021-08-27,Solano,095,438530,41575,39347,1026,40373,287
2021-08-27,Sonoma,097,501317,37505,36326,450,36776,342
2021-08-27,Stanislaus,099,539301,66854,65167,7449,72616,1061
2021-08-27,Sutter,101,95872,11897,11590,149,11739,135
2021-08-27,Tehama,103,63373,6227,5964,855,6819,71
2021-08-27,Trinity,105,12862,625,458,156,614,3
2021-08-27,Tulare,107,460477,56498,54443,11218,65661,870
2021-08-27,Tuolumne,109,53932,5503,5438,60,5498,74
2021-08-27,Ventura,111,848112,90943,89774,3910,93684,1076
2021-08-27,Yolo,113,214977,17344,16805,806,17611,231
2021-08-27,Yuba,115,75493,8270,7926,180,8106,54
2021-08-26,Alameda,001,1643700,108990,106146,2457,108603,1296
2021-08-26,Alpine,003,1148,91,92,0,92,0
2021-08-26,Amador,005,37829,4575,4442,41,4483,53
2021-08-26,Butte,007,227075,15966,15159,2649,17808,214
2021-08-26,Calaveras,009,45235,3013,2873,19,2892,59
2021-08-26,Colusa,011,21464,2288,2234,486,2720,16
2021-08-26,Contra Costa,013,1133247,89601,85808,1756,87564,866
2021-08-26,Del Norte,015,27424,2868,2625,16,2641,8
2021-08-26,El Dorado,017,186661,13609,12863,1233,14096,118
2021-08-26,Fresno,019,978130,117369,113854,10280,124134,1770
2021-08-26,Glenn,021,27897,2857,2740,778,3518,20
2021-08-26,Humboldt,023,135768,7055,6695,222,6917,53
2021-08-26,Imperial,025,180216,30447,30121,2843,32964,748
2021-08-26,Inyo,027,18085,1542,1521,13,1534,39
2021-08-26,Kern,029,883053,108749,106051,14841,120892,1380
2021-08-26,Kings,031,150075,26661,25838,1407,27245,260
2021-08-26,Lake,033,64148,5400,5196,59,5255,74
2021-08-26,Lassen,035,31185,5761,5626,152,5778,21
2021-08-26,Los Angeles,037,10098052,1351893,1334372,49563,1383935,25199
2021-08-26,Madera,039,155013,19016,18393,1350,19743,247
2021-08-26,Marin,041,260295,16285,15983,349,16332,240
2021-08-26,Mariposa,043,17540,736,677,19,696,5
2021-08-26,Mendocino,045,87422,5835,5533,203,5736,55
2021-08-26,Merced,047,269075,35470,34755,1320,36075,495
2021-08-26,Modoc,049,8938,445,433,155,588,5
2021-08-26,Mono,051,14174,1404,1385,18,1403,3
2021-08-26,Monterey,053,433212,45906,45265,2309,47574,539
2021-08-26,Napa,055,140530,11609,11394,72,11466,87
2021-08-26,Nevada,057,99092,7487,7086,245,7331,80
2021-08-26,Orange,059,3164182,286997,282814,13234,296048,5200
2021-08-26,Placer,061,380077,30873,28898,2674,31572,319
2021-08-26,Plumas,063,18699,1031,971,16,987,5
2021-08-26,Riverside,065,2383286,331385,324486,15302,339788,4615
2021-08-26,Sacramento,067,1510023,136570,130977,2941,133918,1827
2021-08-26,San Benito,069,59416,6693,6604,132,6736,64
2021-08-26,San Bernardino,071,2135413,326704,322100,10023,332123,5339
2021-08-26,San Diego,073,3302833,334536,328276,19590,347866,3869
2021-08-26,San Francisco,075,870044,47633,46288,1953,48241,581
2021-08-26,San Joaquin,077,732212,87447,84429,4529,88958,1513
2021-08-26,San Luis Obispo,079,281455,25664,24831,970,25801,278
2021-08-26,San Mateo,081,765935,49617,48263,708,48971,553
2021-08-26,Santa Barbara,083,443738,39589,38566,1350,39916,479
2021-08-26,Santa Clara,085,1922200,135010,131443,996,132439,1782
2021-08-26,Santa Cruz,087,273765,18502,18072,923,18995,210
2021-08-26,Shasta,089,179085,15529,14891,2238,17129,217
2021-08-26,Sierra,091,2930,109,90,13,103,0
2021-08-26,Siskiyou,093,43540,2513,2342,705,3047,33
2021-08-26,Solano,095,438530,41426,39027,1018,40045,286
2021-08-26,Sonoma,097,501317,37416,36102,450,36552,337
2021-08-26,Stanislaus,099,539301,66555,64785,7408,72193,1061
2021-08-26,Sutter,101,95872,11837,11499,146,11645,135
2021-08-26,Tehama,103,63373,6169,5913,842,6755,68
2021-08-26,Trinity,105,12862,620,450,154,604,3
2021-08-26,Tulare,107,460477,56241,54157,11172,65329,870
2021-08-26,Tuolumne,109,53932,5483,5387,60,5447,74
2021-08-26,Ventura,111,848112,90757,89595,3901,93496,1080
2021-08-26,Yolo,113,214977,17279,16727,795,17522,231
2021-08-26,Yuba,115,75493,8197,7834,178,8012,54
2021-08-25,Alameda,001,1643700,108666,105636,2450,108086,1296
2021-08-25,Alpine,003,1148,91,92,0,92,0
2021-08-25,Amador,005,37829,4560,4415,41,4456,53
2021-08-25,Butte,007,227075,15859,15039,2608,17647,214
2021-08-25,Calaveras,009,45235,2994,2851,19,2870,59
2021-08-25,Colusa,011,21464,2281,2227,477,2704,16
2021-08-25,Contra Costa,013,1133247,89216,85322,1750,87072,863
2021-08-25,Del Norte,015,27424,2823,2573,16,2589,8
2021-08-25,El Dorado,017,186661,13550,12787,1217,14004,118
2021-08-25,Fresno,019,978130,116828,113384,10238,123622,1761
2021-08-25,Glenn,021,27897,2839,2728,763,3491,20
2021-08-25,Humboldt,023,135768,6986,6653,213,6866,52
2021-08-25,Imperial,025,180216,30410,30085,2837,32922,748
2021-08-25,Inyo,027,18085,1538,1518,13,1531,39
2021-08-25,Kern,029,883053,108318,105687,14685,120372,1379
2021-08-25,Kings,031,150075,26554,25676,1401,27077,258
2021-08-25,Lake,033,64148,5370,5163,56,5219,74
2021-08-25,Lassen,035,31185,5744,5583,151,5734,21
2021-08-25,Los Angeles,037,10098052,1349289,1331400,49465,1380865,25170
2021-08-25,Madera,039,155013,18952,18311,1328,19639,247
2021-08-25,Marin,041,260295,16263,15938,343,16281,240
2021-08-25,Mariposa,043,17540,730,676,19,695,5
2021-08-25,Mendocino,045,87422,5800,5486,197,5683,53
2021-08-25,Merced,047,269075,35338,34600,1307,35907,492
2021-08-25,Modoc,049,8938,445,433,155,588,5
2021-08-25,Mono,051,14174,1400,1382,18,1400,3
2021-08-25,Monterey,053,433212,45832,45196,2294,47490,539
2021-08-25,Napa,055,140530,11575,11348,71,11419,87
2021-08-25,Nevada,057,99092,7421,7000,244,7244,77
2021-08-25,Orange,059,3164182,286471,282061,13200,295261,5193
2021-08-25,Placer,061,380077,30697,28740,2642,31382,319
2021-08-25,Plumas,063,18699,1016,962,16,978,5
2021-08-25,Riverside,065,2383286,330541,323548,15280,338828,4610
2021-08-25,Sacramento,067,1510023,135890,130046,2903,132949,1827
2021-08-25,San Benito,069,59416,6672,6587,131,6718,64
2021-08-25,San Bernardino,071,2135413,326010,321228,10002,331230,5337
2021-08-25,San Diego,073,3302833,333268,327166,19505,346671,3859
2021-08-25,San Francisco,075,870044,47484,46107,1948,48055,578
2021-08-25,San Joaquin,077,732212,87062,84002,4513,88515,1510
2021-08-25,San Luis Obispo,079,281455,25472,24607,966,25573,276
2021-08-25,San Mateo,081,765935,49494,48153,705,48858,553
2021-08-25,Santa Barbara,083,443738,39460,38450,1350,39800,479
2021-08-25,Santa Clara,085,1922200,134642,130995,994,131989,1783
2021-08-25,Santa Cruz,087,273765,18442,17987,920,18907,210
2021-08-25,Shasta,089,179085,15402,14752,2206,16958,217
2021-08-25,Sierra,091,2930,106,90,13,103,0
2021-08-25,Siskiyou,093,43540,2468,2322,687,3009,33
2021-08-25,Solano,095,438530,41255,38848,1006,39854,286
2021-08-25,Sonoma,097,501317,37292,35986,447,36433,336
2021-08-25,Stanislaus,099,539301,66274,64441,7376,71817,1061
2021-08-25,Sutter,101,95872,11769,11451,142,11593,134
2021-08-25,Tehama,103,63373,6110,5861,825,6686,68
2021-08-25,Trinity,105,12862,614,450,153,603,3
2021-08-25,Tulare,107,460477,55956,53877,11102,64979,866
2021-08-25,Tuolumne,109,53932,5457,5354,60,5414,74
2021-08-25,Ventura,111,848112,90573,89379,3887,93266,1068
2021-08-25,Yolo,113,214977,17214,16667,785,17452,231
2021-08-25,Yuba,115,75493,8131,7771,177,7948,54
2021-08-24,Alameda,001,1643700,108349,105319,2438,107757,1296
2021-08-24,Alpine,003,1148,91,92,0,92,0
2021-08-24,Amador,005,37829,4541,4380,41,4421,50
2021-08-24,Butte,007,227075,15704,14964,2575,17539,214
2021-08-24,Calaveras,009,45235,2955,2811,19,2830,59
2021-08-24,Colusa,011,21464,2273,2221,472,2693,16
2021-08-24,Contra Costa,013,1133247,88853,84963,1744,86707,857
2021-08-24,Del Norte,015,27424,2796,2543,16,2559,8
2021-08-24,El Dorado,017,186661,13473,12732,1201,13933,118
2021-08-24,Fresno,019,978130,116222,113024,10174,123198,1761
2021-08-24,Glenn,021,27897,2824,2717,756,3473,20
2021-08-24,Humboldt,023,135768,6923,6585,200,6785,52
2021-08-24,Imperial,025,180216,30349,30045,2832,32877,748
2021-08-24,Inyo,027,18085,1533,1512,13,1525,39
2021-08-24,Kern,029,883053,107854,105399,14520,119919,1375
2021-08-24,Kings,031,150075,26433,25629,1386,27015,258
2021-08-24,Lake,033,64148,5335,5135,56,5191,72
2021-08-24,Lassen,035,31185,5728,5576,149,5725,21
2021-08-24,Los Angeles,037,10098052,1346420,1328777,49357,1378134,25135
2021-08-24,Madera,039,155013,18876,18251,1311,19562,247
2021-08-24,Marin,041,260295,16227,15900,339,16239,240
2021-08-24,Mariposa,043,17540,723,670,19,689,5
2021-08-24,Mendocino,045,87422,5757,5416,190,5606,52
2021-08-24,Merced,047,269075,35170,34490,1296,35786,491
2021-08-24,Modoc,049,8938,445,432,155,587,5
2021-08-24,Mono,051,14174,1398,1382,18,1400,3
2021-08-24,Monterey,053,433212,45766,45126,2277,47403,539
2021-08-24,Napa,055,140530,11542,11299,70,11369,85
2021-08-24,Nevada,057,99092,7351,6981,242,7223,77
2021-08-24,Orange,059,3164182,285872,281461,13175,294636,5187
2021-08-24,Placer,061,380077,30494,28618,2603,31221,318
2021-08-24,Plumas,063,18699,1006,953,16,969,5
2021-08-24,Riverside,065,2383286,329668,322620,15250,337870,4605
2021-08-24,Sacramento,067,1510023,135206,129542,2856,132398,1812
2021-08-24,San Benito,069,59416,6659,6576,131,6707,64
2021-08-24,San Bernardino,071,2135413,325255,320300,9972,330272,5328
2021-08-24,San Diego,073,3302833,331825,325823,19396,345219,3851
2021-08-24,San Francisco,075,870044,47309,46010,1937,47947,574
2021-08-24,San Joaquin,077,732212,86622,83684,4475,88159,1508
2021-08-24,San Luis Obispo,079,281455,25295,24443,955,25398,274
2021-08-24,San Mateo,081,765935,49345,48050,703,48753,553
2021-08-24,Santa Barbara,083,443738,39329,38307,1349,39656,478
2021-08-24,Santa Clara,085,1922200,134218,130763,990,131753,1779
2021-08-24,Santa Cruz,087,273765,18367,17928,914,18842,209
2021-08-24,Shasta,089,179085,15294,14664,2175,16839,217
2021-08-24,Sierra,091,2930,103,90,13,103,0
2021-08-24,Siskiyou,093,43540,2446,2294,672,2966,33
2021-08-24,Solano,095,438530,41046,38724,994,39718,283
2021-08-24,Sonoma,097,501317,37164,35849,445,36294,336
2021-08-24,Stanislaus,099,539301,65945,64195,7322,71517,1058
2021-08-24,Sutter,101,95872,11702,11384,139,11523,134
2021-08-24,Tehama,103,63373,6064,5826,811,6637,67
2021-08-24,Trinity,105,12862,603,446,145,591,3
2021-08-24,Tulare,107,460477,55604,53702,11012,64714,856
2021-08-24,Tuolumne,109,53932,5426,5287,60,5347,74
2021-08-24,Ventura,111,848112,90389,89167,3876,93043,1068
2021-08-24,Yolo,113,214977,17137,16492,772,17264,231
2021-08-24,Yuba,115,75493,8048,7723,175,7898,54
2021-08-23,Alameda,001,1643700,107936,104922,2425,107347,1294
2021-08-23,Alpine,003,1148,91,91,0,91,0
2021-08-23,Amador,005,37829,4527,4369,41,4410,50
2021-08-23,Butte,007,227075,15559,14847,2537,17384,211
2021-08-23,Calaveras,009,45235,2928,2803,19,2822,59
2021-08-23,Colusa,011,21464,2269,2206,469,2675,16
2021-08-23,Contra Costa,013,1133247,88474,84651,1737,86388,857
2021-08-23,Del Norte,015,27424,2750,2499,16,2515,8
2021-08-23,El Dorado,017,186661,13370,12684,1179,13863,118
2021-08-23,Fresno,019,978130,115660,112445,10124,122569,1759
2021-08-23,Glenn,021,27897,2808,2696,746,3442,20
2021-08-23,Humboldt,023,135768,6850,6498,186,6684,52
2021-08-23,Imperial,025,180216,30298,30011,2829,32840,748
2021-08-23,Inyo,027,18085,1526,1509,13,1522,39
2021-08-23,Kern,029,883053,107399,104995,14366,119361,1375
2021-08-23,Kings,031,150075,26302,25465,1380,26845,257
2021-08-23,Lake,033,64148,5295,5099,54,5153,69
2021-08-23,Lassen,035,31185,5716,5562,149,5711,21
2021-08-23,Los Angeles,037,10098052,1343454,1326412,49226,1375638,25096
2021-08-23,Madera,039,155013,18790,18155,1296,19451,246
2021-08-23,Marin,041,260295,16179,15856,335,16191,240
2021-08-23,Mariposa,043,17540,712,645,19,664,5
2021-08-23,Mendocino,045,87422,5690,5374,183,5557,51
2021-08-23,Merced,047,269075,34988,34322,1291,35613,488
2021-08-23,Modoc,049,8938,442,431,154,585,6
2021-08-23,Mono,051,14174,1394,1384,18,1402,3
2021-08-23,Monterey,053,433212,45666,45047,2266,47313,538
2021-08-23,Napa,055,140530,11504,11257,70,11327,85
2021-08-23,Nevada,057,99092,7270,6930,240,7170,77
2021-08-23,Orange,059,3164182,285239,280891,13141,294032,5181
2021-08-23,Placer,061,380077,30294,28540,2565,31105,314
2021-08-23,Plumas,063,18699,998,934,16,950,5
2021-08-23,Riverside,065,2383286,328755,321650,15224,336874,4598
2021-08-23,Sacramento,067,1510023,134419,128969,2789,131758,1807
2021-08-23,San Benito,069,59416,6641,6562,129,6691,64
2021-08-23,San Bernardino,071,2135413,324452,319577,9933,329510,5324
2021-08-23,San Diego,073,3302833,330392,324536,19273,343809,3848
2021-08-23,San Francisco,075,870044,47154,45945,1928,47873,573
2021-08-23,San Joaquin,077,732212,86189,83466,4443,87909,1499
2021-08-23,San Luis Obispo,079,281455,25113,24317,953,25270,274
2021-08-23,San Mateo,081,765935,49207,47935,700,48635,553
2021-08-23,Santa Barbara,083,443738,39150,38181,1347,39528,478
2021-08-23,Santa Clara,085,1922200,133818,130489,986,131475,1778
2021-08-23,Santa Cruz,087,273765,18310,17871,913,18784,209
2021-08-23,Shasta,089,179085,15167,14537,2137,16674,216
2021-08-23,Sierra,091,2930,103,90,13,103,0
2021-08-23,Siskiyou,093,43540,2425,2274,651,2925,33
2021-08-23,Solano,095,438530,40893,38612,985,39597,283
2021-08-23,Sonoma,097,501317,37044,35769,444,36213,336
2021-08-23,Stanislaus,099,539301,65610,63922,7283,71205,1058
2021-08-23,Sutter,101,95872,11613,11314,131,11445,133
2021-08-23,Tehama,103,63373,6010,5805,794,6599,67
2021-08-23,Trinity,105,12862,600,435,142,577,3
2021-08-23,Tulare,107,460477,55297,53370,10940,64310,856
2021-08-23,Tuolumne,109,53932,5384,5240,60,5300,73
2021-08-23,Ventura,111,848112,90171,88960,3864,92824,1063
2021-08-23,Yolo,113,214977,17049,16445,758,17203,226
2021-08-23,Yuba,115,75493,7977,7653,173,7826,54
2021-08-22,Alameda,001,1643700,107488,104539,2397,106936,1294
2021-08-22,Alpine,003,1148,91,91,0,91,0
2021-08-22,Amador,005,37829,4497,4349,41,4390,50
2021-08-22,Butte,007,227075,15419,14791,2502,17293,211
2021-08-22,Calaveras,009,45235,2890,2771,19,2790,59
2021-08-22,Colusa,011,21464,2262,2201,463,2664,16
2021-08-22,Contra Costa,013,1133247,87933,84371,1724,86095,857
2021-08-22,Del Norte,015,27424,2690,2455,16,2471,8
2021-08-22,El Dorado,017,186661,13266,12629,1159,13788,118
2021-08-22,Fresno,019,978130,115061,112057,10055,122112,1759
2021-08-22,Glenn,021,27897,2781,2678,733,3411,20
2021-08-22,Humboldt,023,135768,6772,6483,168,6651,52
2021-08-22,Imperial,025,180216,30240,29993,2824,32817,748
2021-08-22,Inyo,027,18085,1520,1505,13,1518,39
2021-08-22,Kern,029,883053,106873,104691,14213,118904,1375
2021-08-22,Kings,031,150075,26144,25391,1363,26754,257
2021-08-22,Lake,033,64148,5250,5069,51,5120,69
2021-08-22,Lassen,035,31185,5684,5556,145,5701,21
2021-08-22,Los Angeles,037,10098052,1340143,1324151,49094,1373245,25089
2021-08-22,Madera,039,155013,18671,18120,1282,19402,246
2021-08-22,Marin,041,260295,16127,15822,327,16149,240
2021-08-22,Mariposa,043,17540,702,638,17,655,5
2021-08-22,Mendocino,045,87422,5631,5336,183,5519,51
2021-08-22,Merced,047,269075,34785,34234,1278,35512,488
2021-08-22,Modoc,049,8938,440,431,154,585,6
2021-08-22,Mono,051,14174,1392,1378,18,1396,3
2021-08-22,Monterey,053,433212,45567,45017,2252,47269,538
2021-08-22,Napa,055,140530,11459,11231,70,11301,85
2021-08-22,Nevada,057,99092,7196,6864,238,7102,77
2021-08-22,Orange,059,3164182,284545,280390,13097,293487,5181
2021-08-22,Placer,061,380077,30085,28395,2529,30924,314
2021-08-22,Plumas,063,18699,980,923,15,938,5
2021-08-22,Riverside,065,2383286,327734,320836,15176,336012,4594
2021-08-22,Sacramento,067,1510023,133643,128231,2749,130980,1802
2021-08-22,San Benito,069,59416,6625,6550,129,6679,64
2021-08-22,San Bernardino,071,2135413,323482,318839,9898,328737,5324
2021-08-22,San Diego,073,3302833,329071,323591,19167,342758,3848
2021-08-22,San Francisco,075,870044,46988,45831,1919,47750,573
2021-08-22,San Joaquin,077,732212,85730,83121,4408,87529,1498
2021-08-22,San Luis Obispo,079,281455,24907,24250,946,25196,274
2021-08-22,San Mateo,081,765935,49031,47821,695,48516,553
2021-08-22,Santa Barbara,083,443738,38969,38099,1339,39438,478
2021-08-22,Santa Clara,085,1922200,133401,130189,979,131168,1778
2021-08-22,Santa Cruz,087,273765,18252,17823,908,18731,209
2021-08-22,Shasta,089,179085,15030,14478,2101,16579,216
2021-08-22,Sierra,091,2930,103,87,13,100,0
2021-08-22,Siskiyou,093,43540,2396,2261,633,2894,33
2021-08-22,Solano,095,438530,40695,38489,972,39461,283
2021-08-22,Sonoma,097,501317,36888,35676,441,36117,336
2021-08-22,Stanislaus,099,539301,65257,63683,7193,70876,1058
2021-08-22,Sutter,101,95872,11531,11251,127,11378,133
2021-08-22,Tehama,103,63373,5964,5791,775,6566,67
2021-08-22,Trinity,105,12862,593,433,140,573,3
2021-08-22,Tulare,107,460477,54978,53220,10857,64077,856
2021-08-22,Tuolumne,109,53932,5342,5214,60,5274,73
2021-08-22,Ventura,111,848112,89962,88791,3847,92638,1063
2021-08-22,Yolo,113,214977,16946,16374,750,17124,226
2021-08-22,Yuba,115,75493,7904,7626,172,7798,54
2021-08-21,Alameda,001,1643700,107284,104281,2390,106671,1294
2021-08-21,Alpine,003,1148,91,91,0,91,0
2021-08-21,Amador,005,37829,4487,4338,39,4377,50
2021-08-21,Butte,007,227075,15351,14714,2482,17196,211
2021-08-21,Calaveras,009,45235,2874,2744,19,2763,59
2021-08-21,Colusa,011,21464,2256,2192,459,2651,16
2021-08-21,Contra Costa,013,1133247,87674,84136,1716,85852,857
2021-08-21,Del Norte,015,27424,2667,2409,16,2425,8
2021-08-21,El Dorado,017,186661,13222,12590,1155,13745,118
2021-08-21,Fresno,019,978130,114861,111765,10042,121807,1759
2021-08-21,Glenn,021,27897,2768,2654,725,3379,20
2021-08-21,Humboldt,023,135768,6734,6446,163,6609,52
2021-08-21,Imperial,025,180216,30197,29976,2821,32797,748
2021-08-21,Inyo,027,18085,1517,1500,13,1513,39
2021-08-21,Kern,029,883053,106618,104443,14089,118532,1375
2021-08-21,Kings,031,150075,26073,25313,1358,26671,257
2021-08-21,Lake,033,64148,5230,5055,49,5104,69
2021-08-21,Lassen,035,31185,5670,5553,145,5698,21
2021-08-21,Los Angeles,037,10098052,1338842,1321308,49001,1370309,25080
2021-08-21,Madera,039,155013,18633,18067,1276,19343,246
2021-08-21,Marin,041,260295,16093,15775,325,16100,240
2021-08-21,Mariposa,043,17540,692,634,17,651,5
2021-08-21,Mendocino,045,87422,5585,5307,182,5489,51
2021-08-21,Merced,047,269075,34680,34148,1273,35421,488
2021-08-21,Modoc,049,8938,440,430,154,584,6
2021-08-21,Mono,051,14174,1392,1378,18,1396,3
2021-08-21,Monterey,053,433212,45520,44969,2245,47214,538
2021-08-21,Napa,055,140530,11424,11211,70,11281,85
2021-08-21,Nevada,057,99092,7152,6810,237,7047,77
2021-08-21,Orange,059,3164182,284092,279855,13063,292918,5181
2021-08-21,Placer,061,380077,29947,28289,2505,30794,314
2021-08-21,Plumas,063,18699,976,916,14,930,5
2021-08-21,Riverside,065,2383286,327154,320086,15163,335249,4594
2021-08-21,Sacramento,067,1510023,133148,127751,2738,130489,1809
2021-08-21,San Benito,069,59416,6615,6542,128,6670,64
2021-08-21,San Bernardino,071,2135413,323033,318293,9877,328170,5324
2021-08-21,San Diego,073,3302833,328415,322620,19118,341738,3848
2021-08-21,San Francisco,075,870044,46886,45637,1912,47549,573
2021-08-21,San Joaquin,077,732212,85513,82825,4394,87219,1498
2021-08-21,San Luis Obispo,079,281455,24849,24169,946,25115,273
2021-08-21,San Mateo,081,765935,48936,47685,695,48380,553
2021-08-21,Santa Barbara,083,443738,38887,37951,1335,39286,478
2021-08-21,Santa Clara,085,1922200,133136,129911,975,130886,1778
2021-08-21,Santa Cruz,087,273765,18215,17763,903,18666,209
2021-08-21,Shasta,089,179085,14956,14417,2087,16504,217
2021-08-21,Sierra,091,2930,98,85,13,98,0
2021-08-21,Siskiyou,093,43540,2382,2246,622,2868,33
2021-08-21,Solano,095,438530,40584,38423,962,39385,281
2021-08-21,Sonoma,097,501317,36801,35582,440,36022,336
2021-08-21,Stanislaus,099,539301,65075,63512,7176,70688,1058
2021-08-21,Sutter,101,95872,11486,11204,125,11329,133
2021-08-21,Tehama,103,63373,5939,5757,768,6525,67
2021-08-21,Trinity,105,12862,588,431,138,569,3
2021-08-21,Tulare,107,460477,54835,53045,10813,63858,857
2021-08-21,Tuolumne,109,53932,5311,5193,60,5253,73
2021-08-21,Ventura,111,848112,89817,88558,3832,92390,1063
2021-08-21,Yolo,113,214977,16899,16322,744,17066,226
2021-08-21,Yuba,115,75493,7858,7580,171,7751,54
2021-08-20,Alameda,001,1643700,107045,103812,2382,106194,1294
2021-08-20,Alpine,003,1148,91,91,0,91,0
2021-08-20,Amador,005,37829,4461,4323,39,4362,50
2021-08-20,Butte,007,227075,15278,14617,2461,17078,211
2021-08-20,Calaveras,009,45235,2854,2717,19,2736,59
2021-08-20,Colusa,011,21464,2251,2178,457,2635,16
2021-08-20,Contra Costa,013,1133247,87399,83721,1709,85430,857
2021-08-20,Del Norte,015,27424,2635,2316,16,2332,8
2021-08-20,El Dorado,017,186661,13184,12495,1147,13642,118
2021-08-20,Fresno,019,978130,114504,111315,10008,121323,1759
2021-08-20,Glenn,021,27897,2761,2642,715,3357,20
2021-08-20,Humboldt,023,135768,6682,6349,158,6507,52
2021-08-20,Imperial,025,180216,30174,29934,2821,32755,747
2021-08-20,Inyo,027,18085,1511,1495,13,1508,39
2021-08-20,Kern,029,883053,106334,104048,13962,118010,1373
2021-08-20,Kings,031,150075,26007,25241,1356,26597,256
2021-08-20,Lake,033,64148,5215,5024,46,5070,69
2021-08-20,Lassen,035,31185,5650,5539,145,5684,21
2021-08-20,Los Angeles,037,10098052,1336961,1317541,48900,1366441,25049
2021-08-20,Madera,039,155013,18584,18018,1261,19279,246
2021-08-20,Marin,041,260295,16075,15727,321,16048,240
2021-08-20,Mariposa,043,17540,687,630,17,647,5
2021-08-20,Mendocino,045,87422,5539,5241,181,5422,51
2021-08-20,Merced,047,269075,34616,34035,1263,35298,486
2021-08-20,Modoc,049,8938,440,429,154,583,6
2021-08-20,Mono,051,14174,1391,1368,18,1386,3
2021-08-20,Monterey,053,433212,45482,44890,2239,47129,538
2021-08-20,Napa,055,140530,11392,11152,70,11222,83
2021-08-20,Nevada,057,99092,7110,6753,231,6984,77
2021-08-20,Orange,059,3164182,283647,279193,13042,292235,5179
2021-08-20,Placer,061,380077,29852,28156,2476,30632,313
2021-08-20,Plumas,063,18699,966,908,14,922,5
2021-08-20,Riverside,065,2383286,326458,319072,15132,334204,4594
2021-08-20,Sacramento,067,1510023,132672,127226,2721,129947,1797
2021-08-20,San Benito,069,59416,6601,6508,128,6636,64
2021-08-20,San Bernardino,071,2135413,322420,317372,9848,327220,5322
2021-08-20,San Diego,073,3302833,327506,321102,19048,340150,3846
2021-08-20,San Francisco,075,870044,46789,45432,1897,47329,573
2021-08-20,San Joaquin,077,732212,85282,82419,4376,86795,1496
2021-08-20,San Luis Obispo,079,281455,24771,23986,942,24928,273
2021-08-20,San Mateo,081,765935,48823,47561,692,48253,551
2021-08-20,Santa Barbara,083,443738,38802,37794,1330,39124,477
2021-08-20,Santa Clara,085,1922200,132853,129510,970,130480,1774
2021-08-20,Santa Cruz,087,273765,18175,17701,900,18601,209
2021-08-20,Shasta,089,179085,14876,14277,2069,16346,215
2021-08-20,Sierra,091,2930,97,83,13,96,0
2021-08-20,Siskiyou,093,43540,2366,2226,617,2843,33
2021-08-20,Solano,095,438530,40444,38214,951,39165,277
2021-08-20,Sonoma,097,501317,36733,35416,439,35855,336
2021-08-20,Stanislaus,099,539301,64886,63219,7152,70371,1047
2021-08-20,Sutter,101,95872,11430,11136,124,11260,133
2021-08-20,Tehama,103,63373,5923,5730,756,6486,66
2021-08-20,Trinity,105,12862,588,422,137,559,3
2021-08-20,Tulare,107,460477,54705,52855,10770,63625,856
2021-08-20,Tuolumne,109,53932,5287,5153,59,5212,73
2021-08-20,Ventura,111,848112,89649,88285,3829,92114,1061
2021-08-20,Yolo,113,214977,16845,16236,738,16974,225
2021-08-20,Yuba,115,75493,7817,7523,171,7694,54
2021-08-19,Alameda,001,1643700,106595,103276,2360,105636,1294
2021-08-19,Alpine,003,1148,91,91,0,91,0
2021-08-19,Amador,005,37829,4454,4317,39,4356,50
2021-08-19,Butte,007,227075,15144,14518,2433,16951,211
2021-08-19,Calaveras,009,45235,2832,2673,19,2692,59
2021-08-19,Colusa,011,21464,2242,2167,452,2619,16
2021-08-19,Contra Costa,013,1133247,86961,83296,1695,84991,852
2021-08-19,Del Norte,015,27424,2585,2257,16,2273,8
2021-08-19,El Dorado,017,186661,13098,12410,1128,13538,118
2021-08-19,Fresno,019,978130,114066,110947,9954,120901,1759
2021-08-19,Glenn,021,27897,2743,2629,708,3337,20
2021-08-19,Humboldt,023,135768,6621,6246,152,6398,52
2021-08-19,Imperial,025,180216,30128,29865,2816,32681,747
2021-08-19,Inyo,027,18085,1504,1494,13,1507,39
2021-08-19,Kern,029,883053,105938,103731,13821,117552,1371
2021-08-19,Kings,031,150075,25876,25128,1344,26472,256
2021-08-19,Lake,033,64148,5183,4991,42,5033,69
2021-08-19,Lassen,035,31185,5632,5520,144,5664,21
2021-08-19,Los Angeles,037,10098052,1333978,1314453,48759,1363212,25020
2021-08-19,Madera,039,155013,18522,17947,1246,19193,246
2021-08-19,Marin,041,260295,16042,15672,318,15990,240
2021-08-19,Mariposa,043,17540,672,618,17,635,5
2021-08-19,Mendocino,045,87422,5506,5167,178,5345,51
2021-08-19,Merced,047,269075,34481,33851,1250,35101,486
2021-08-19,Modoc,049,8938,440,427,154,581,6
2021-08-19,Mono,051,14174,1387,1349,18,1367,3
2021-08-19,Monterey,053,433212,45409,44821,2229,47050,538
2021-08-19,Napa,055,140530,11340,11104,70,11174,83
2021-08-19,Nevada,057,99092,7046,6695,229,6924,77
2021-08-19,Orange,059,3164182,283011,278562,12991,291553,5172
2021-08-19,Placer,061,380077,29672,27953,2459,30412,313
2021-08-19,Plumas,063,18699,953,896,14,910,5
2021-08-19,Riverside,065,2383286,325430,318056,15103,333159,4589
2021-08-19,Sacramento,067,1510023,131968,126720,2686,129406,1801
2021-08-19,San Benito,069,59416,6584,6493,127,6620,64
2021-08-19,San Bernardino,071,2135413,321597,316398,9825,326223,5318
2021-08-19,San Diego,073,3302833,326255,319582,18950,338532,3839
2021-08-19,San Francisco,075,870044,46626,45220,1884,47104,571
2021-08-19,San Joaquin,077,732212,84837,82047,4326,86373,1491
2021-08-19,San Luis Obispo,079,281455,24633,23878,935,24813,271
2021-08-19,San Mateo,081,765935,48691,47431,690,48121,551
2021-08-19,Santa Barbara,083,443738,38657,37693,1327,39020,477
2021-08-19,Santa Clara,085,1922200,132463,129133,963,130096,1774
2021-08-19,Santa Cruz,087,273765,18112,17644,893,18537,209
2021-08-19,Shasta,089,179085,14752,14200,2046,16246,214
2021-08-19,Sierra,091,2930,93,83,13,96,0
2021-08-19,Siskiyou,093,43540,2351,2218,605,2823,33
2021-08-19,Solano,095,438530,40286,38025,939,38964,273
2021-08-19,Sonoma,097,501317,36645,35233,438,35671,336
2021-08-19,Stanislaus,099,539301,64543,62928,7108,70036,1047
2021-08-19,Sutter,101,95872,11345,11057,123,11180,133
2021-08-19,Tehama,103,63373,5887,5683,730,6413,66
2021-08-19,Trinity,105,12862,584,414,135,549,3
2021-08-19,Tulare,107,460477,54473,52685,10707,63392,856
2021-08-19,Tuolumne,109,53932,5251,5112,58,5170,64
2021-08-19,Ventura,111,848112,89446,88073,3815,91888,1060
2021-08-19,Yolo,113,214977,16760,16153,730,16883,225
2021-08-19,Yuba,115,75493,7764,7458,170,7628,51
2021-08-18,Alameda,001,1643700,106181,102696,2338,105034,1294
2021-08-18,Alpine,003,1148,90,91,0,91,0
2021-08-18,Amador,005,37829,4438,4279,38,4317,50
2021-08-18,Butte,007,227075,15034,14426,2405,16831,208
2021-08-18,Calaveras,009,45235,2795,2643,18,2661,59
2021-08-18,Colusa,011,21464,2234,2160,448,2608,16
2021-08-18,Contra Costa,013,1133247,86461,82767,1689,84456,851
2021-08-18,Del Norte,015,27424,2528,2219,16,2235,8
2021-08-18,El Dorado,017,186661,13008,12306,1114,13420,118
2021-08-18,Fresno,019,978130,113611,110523,9892,120415,1759
2021-08-18,Glenn,021,27897,2710,2623,700,3323,20
2021-08-18,Humboldt,023,135768,6550,6195,147,6342,52
2021-08-18,Imperial,025,180216,30095,29821,2814,32635,746
2021-08-18,Inyo,027,18085,1501,1494,13,1507,39
2021-08-18,Kern,029,883053,105591,103440,13726,117166,1370
2021-08-18,Kings,031,150075,25767,24984,1336,26320,256
2021-08-18,Lake,033,64148,5142,4957,41,4998,69
2021-08-18,Lassen,035,31185,5613,5506,143,5649,21
2021-08-18,Los Angeles,037,10098052,1330826,1311477,48628,1360105,24984
2021-08-18,Madera,039,155013,18463,17871,1233,19104,246
2021-08-18,Marin,041,260295,16004,15610,315,15925,240
2021-08-18,Mariposa,043,17540,659,615,16,631,5
2021-08-18,Mendocino,045,87422,5455,5129,176,5305,51
2021-08-18,Merced,047,269075,34317,33708,1239,34947,484
2021-08-18,Modoc,049,8938,440,427,153,580,6
2021-08-18,Mono,051,14174,1384,1344,18,1362,3
2021-08-18,Monterey,053,433212,45325,44735,2212,46947,532
2021-08-18,Napa,055,140530,11301,11060,69,11129,83
2021-08-18,Nevada,057,99092,6980,6633,229,6862,76
2021-08-18,Orange,059,3164182,282374,277795,12939,290734,5168
2021-08-18,Placer,061,380077,29445,27741,2431,30172,312
2021-08-18,Plumas,063,18699,944,874,14,888,5
2021-08-18,Riverside,065,2383286,324432,317107,15069,332176,4585
2021-08-18,Sacramento,067,1510023,131208,125599,2654,128253,1781
2021-08-18,San Benito,069,59416,6573,6481,126,6607,64
2021-08-18,San Bernardino,071,2135413,320798,315477,9806,325283,5304
2021-08-18,San Diego,073,3302833,324915,318152,18884,337036,3834
2021-08-18,San Francisco,075,870044,46424,44957,1875,46832,568
2021-08-18,San Joaquin,077,732212,84385,81601,4295,85896,1491
2021-08-18,San Luis Obispo,079,281455,24483,23726,922,24648,270
2021-08-18,San Mateo,081,765935,48527,47255,689,47944,551
2021-08-18,Santa Barbara,083,443738,38526,37599,1321,38920,475
2021-08-18,Santa Clara,085,1922200,132099,128563,960,129523,1773
2021-08-18,Santa Cruz,087,273765,18057,17566,889,18455,209
2021-08-18,Shasta,089,179085,14653,14087,2027,16114,213
2021-08-18,Sierra,091,2930,92,83,13,96,0
2021-08-18,Siskiyou,093,43540,2322,2204,593,2797,33
2021-08-18,Solano,095,438530,40080,37812,924,38736,271
2021-08-18,Sonoma,097,501317,36501,35063,437,35500,333
2021-08-18,Stanislaus,099,539301,64212,62613,7065,69678,1047
2021-08-18,Sutter,101,95872,11273,11004,118,11122,130
2021-08-18,Tehama,103,63373,5852,5653,720,6373,66
2021-08-18,Trinity,105,12862,577,409,132,541,3
2021-08-18,Tulare,107,460477,54233,52486,10638,63124,856
2021-08-18,Tuolumne,109,53932,5215,5081,56,5137,64
2021-08-18,Ventura,111,848112,89214,87835,3805,91640,1055
2021-08-18,Yolo,113,214977,16677,16047,712,16759,225
2021-08-18,Yuba,115,75493,7699,7391,170,7561,51
2021-08-17,Alameda,001,1643700,105781,102379,2323,104702,1290
2021-08-17,Alpine,003,1148,90,91,0,91,0
2021-08-17,Amador,005,37829,4409,4266,38,4304,50
2021-08-17,Butte,007,227075,14927,14357,2371,16728,206
2021-08-17,Calaveras,009,45235,2761,2624,18,2642,59
2021-08-17,Colusa,011,21464,2225,2156,444,2600,16
2021-08-17,Contra Costa,013,1133247,86015,82482,1678,84160,848
2021-08-17,Del Norte,015,27424,2474,2188,16,2204,8
2021-08-17,El Dorado,017,186661,12921,12242,1101,13343,118
2021-08-17,Fresno,019,978130,113127,110263,9828,120091,1755
2021-08-17,Glenn,021,27897,2696,2608,691,3299,20
2021-08-17,Humboldt,023,135768,6470,6155,145,6300,52
2021-08-17,Imperial,025,180216,30044,29768,2810,32578,746
2021-08-17,Inyo,027,18085,1498,1492,13,1505,39
2021-08-17,Kern,029,883053,105197,103048,13603,116651,1367
2021-08-17,Kings,031,150075,25661,24930,1325,26255,254
2021-08-17,Lake,033,64148,5099,4930,35,4965,68
2021-08-17,Lassen,035,31185,5596,5499,141,5640,21
2021-08-17,Los Angeles,037,10098052,1327271,1307999,48498,1356497,24952
2021-08-17,Madera,039,155013,18389,17838,1215,19053,246
2021-08-17,Marin,041,260295,15948,15570,315,15885,240
2021-08-17,Mariposa,043,17540,651,609,15,624,5
2021-08-17,Mendocino,045,87422,5400,5097,176,5273,51
2021-08-17,Merced,047,269075,34167,33508,1229,34737,482
2021-08-17,Modoc,049,8938,437,424,151,575,6
2021-08-17,Mono,051,14174,1379,1341,18,1359,3
2021-08-17,Monterey,053,433212,45241,44672,2202,46874,528
2021-08-17,Napa,055,140530,11260,11007,68,11075,83
2021-08-17,Nevada,057,99092,6905,6605,227,6832,75
2021-08-17,Orange,059,3164182,281727,277121,12903,290024,5164
2021-08-17,Placer,061,380077,29230,27634,2402,30036,312
2021-08-17,Plumas,063,18699,932,860,14,874,5
2021-08-17,Riverside,065,2383286,323420,316051,15026,331077,4582
2021-08-17,Sacramento,067,1510023,130414,125151,2612,127763,1774
2021-08-17,San Benito,069,59416,6554,6470,126,6596,64
2021-08-17,San Bernardino,071,2135413,319859,314402,9766,324168,5302
2021-08-17,San Diego,073,3302833,323305,317058,18786,335844,3824
2021-08-17,San Francisco,075,870044,46224,44820,1869,46689,567
2021-08-17,San Joaquin,077,732212,83917,81300,4262,85562,1489
2021-08-17,San Luis Obispo,079,281455,24327,23556,919,24475,268
2021-08-17,San Mateo,081,765935,48372,47127,684,47811,551
2021-08-17,Santa Barbara,083,443738,38367,37478,1314,38792,475
2021-08-17,Santa Clara,085,1922200,131696,128354,953,129307,1773
2021-08-17,Santa Cruz,087,273765,17972,17528,888,18416,209
2021-08-17,Shasta,089,179085,14522,14012,2008,16020,214
2021-08-17,Sierra,091,2930,91,82,13,95,0
2021-08-17,Siskiyou,093,43540,2306,2183,580,2763,33
2021-08-17,Solano,095,438530,39851,37662,911,38573,269
2021-08-17,Sonoma,097,501317,36353,34943,433,35376,333
2021-08-17,Stanislaus,099,539301,63871,62385,7006,69391,1047
2021-08-17,Sutter,101,95872,11201,10973,118,11091,130
2021-08-17,Tehama,103,63373,5818,5612,698,6310,66
2021-08-17,Trinity,105,12862,572,406,130,536,3
2021-08-17,Tulare,107,460477,53965,52362,10573,62935,856
2021-08-17,Tuolumne,109,53932,5172,5042,55,5097,64
2021-08-17,Ventura,111,848112,88976,87601,3784,91385,1053
2021-08-17,Yolo,113,214977,16588,15975,698,16673,225
2021-08-17,Yuba,115,75493,7628,7355,170,7525,51
2021-08-16,Alameda,001,1643700,105278,102052,2314,104366,1287
2021-08-16,Alpine,003,1148,90,91,0,91,0
2021-08-16,Amador,005,37829,4399,4235,38,4273,50
2021-08-16,Butte,007,227075,14809,14283,2337,16620,206
2021-08-16,Calaveras,009,45235,2701,2609,17,2626,57
2021-08-16,Colusa,011,21464,2214,2147,440,2587,16
2021-08-16,Contra Costa,013,1133247,85473,82070,1668,83738,848
2021-08-16,Del Norte,015,27424,2397,2125,16,2141,8
2021-08-16,El Dorado,017,186661,12820,12139,1088,13227,118
2021-08-16,Fresno,019,978130,112629,109623,9776,119399,1753
2021-08-16,Glenn,021,27897,2677,2593,685,3278,20
2021-08-16,Humboldt,023,135768,6399,6064,124,6188,52
2021-08-16,Imperial,025,180216,30003,29737,2796,32533,746
2021-08-16,Inyo,027,18085,1495,1490,13,1503,39
2021-08-16,Kern,029,883053,104822,102690,13487,116177,1367
2021-08-16,Kings,031,150075,25558,24817,1315,26132,254
2021-08-16,Lake,033,64148,5072,4898,34,4932,68
2021-08-16,Lassen,035,31185,5580,5481,133,5614,21
2021-08-16,Los Angeles,037,10098052,1323888,1305330,48354,1353684,24923
2021-08-16,Madera,039,155013,18314,17756,1194,18950,246
2021-08-16,Marin,041,260295,15889,15497,314,15811,239
2021-08-16,Mariposa,043,17540,634,597,15,612,5
2021-08-16,Mendocino,045,87422,5344,5037,174,5211,49
2021-08-16,Merced,047,269075,33966,33364,1216,34580,481
2021-08-16,Modoc,049,8938,435,421,150,571,5
2021-08-16,Mono,051,14174,1374,1339,18,1357,3
2021-08-16,Monterey,053,433212,45162,44595,2190,46785,527
2021-08-16,Napa,055,140530,11231,10946,68,11014,83
2021-08-16,Nevada,057,99092,6850,6535,226,6761,74
2021-08-16,Orange,059,3164182,280933,275985,12857,288842,5161
2021-08-16,Placer,061,380077,29047,27384,2370,29754,306
2021-08-16,Plumas,063,18699,921,851,14,865,5
2021-08-16,Riverside,065,2383286,322329,314774,14989,329763,4582
2021-08-16,Sacramento,067,1510023,129604,124554,2569,127123,1762
2021-08-16,San Benito,069,59416,6530,6452,126,6578,64
2021-08-16,San Bernardino,071,2135413,318893,313617,9739,323356,5301
2021-08-16,San Diego,073,3302833,321707,315348,18646,333994,3824
2021-08-16,San Francisco,075,870044,46020,44681,1861,46542,567
2021-08-16,San Joaquin,077,732212,83414,81087,4235,85322,1488
2021-08-16,San Luis Obispo,079,281455,24177,23452,911,24363,265
2021-08-16,San Mateo,081,765935,48189,47024,678,47702,548
2021-08-16,Santa Barbara,083,443738,38196,37358,1309,38667,475
2021-08-16,Santa Clara,085,1922200,131232,127978,949,128927,1773
2021-08-16,Santa Cruz,087,273765,17908,17491,882,18373,209
2021-08-16,Shasta,089,179085,14433,13862,1992,15854,211
2021-08-16,Sierra,091,2930,88,82,13,95,0
2021-08-16,Siskiyou,093,43540,2289,2169,560,2729,33
2021-08-16,Solano,095,438530,39570,37436,899,38335,263
2021-08-16,Sonoma,097,501317,36185,34844,431,35275,333
2021-08-16,Stanislaus,099,539301,63532,62033,6954,68987,1039
2021-08-16,Sutter,101,95872,11132,10902,117,11019,130
2021-08-16,Tehama,103,63373,5755,5565,693,6258,66
2021-08-16,Trinity,105,12862,566,400,129,529,3
2021-08-16,Tulare,107,460477,53722,52162,10503,62665,856
2021-08-16,Tuolumne,109,53932,5133,4984,54,5038,64
2021-08-16,Ventura,111,848112,88731,86954,3766,90720,1052
2021-08-16,Yolo,113,214977,16487,15922,690,16612,225
2021-08-16,Yuba,115,75493,7544,7314,169,7483,51
2021-08-15,Alameda,001,1643700,104786,101660,2297,103957,1287
2021-08-15,Alpine,003,1148,90,91,0,91,0
2021-08-15,Amador,005,37829,4371,4231,38,4269,49
2021-08-15,Butte,007,227075,14685,14263,2315,16578,206
2021-08-15,Calaveras,009,45235,2659,2599,17,2616,57
2021-08-15,Colusa,011,21464,2202,2140,430,2570,16
2021-08-15,Contra Costa,013,1133247,84991,81781,1653,83434,848
2021-08-15,Del Norte,015,27424,2330,2060,16,2076,8
2021-08-15,El Dorado,017,186661,12685,12057,1071,13128,118
2021-08-15,Fresno,019,978130,112150,109382,9710,119092,1753
2021-08-15,Glenn,021,27897,2654,2592,673,3265,20
2021-08-15,Humboldt,023,135768,6325,6024,118,6142,52
2021-08-15,Imperial,025,180216,29937,29711,2792,32503,746
2021-08-15,Inyo,027,18085,1494,1489,13,1502,39
2021-08-15,Kern,029,883053,104378,102524,13375,115899,1367
2021-08-15,Kings,031,150075,25413,24736,1305,26041,254
2021-08-15,Lake,033,64148,5013,4886,33,4919,68
2021-08-15,Lassen,035,31185,5563,5482,132,5614,21
2021-08-15,Los Angeles,037,10098052,1320355,1302882,48183,1351065,24918
2021-08-15,Madera,039,155013,18226,17714,1178,18892,246
2021-08-15,Marin,041,260295,15830,15461,312,15773,239
2021-08-15,Mariposa,043,17540,627,591,14,605,5
2021-08-15,Mendocino,045,87422,5287,5022,168,5190,49
2021-08-15,Merced,047,269075,33722,33305,1205,34510,481
2021-08-15,Modoc,049,8938,433,421,150,571,5
2021-08-15,Mono,051,14174,1370,1334,18,1352,3
2021-08-15,Monterey,053,433212,45040,44567,2169,46736,527
2021-08-15,Napa,055,140530,11176,10919,68,10987,83
2021-08-15,Nevada,057,99092,6765,6486,226,6712,74
2021-08-15,Orange,059,3164182,280162,275447,12817,288264,5161
2021-08-15,Placer,061,380077,28825,27220,2322,29542,306
2021-08-15,Plumas,063,18699,909,850,14,864,5
2021-08-15,Riverside,065,2383286,321191,314133,14962,329095,4582
2021-08-15,Sacramento,067,1510023,128788,123924,2537,126461,1761
2021-08-15,San Benito,069,59416,6512,6446,125,6571,64
2021-08-15,San Bernardino,071,2135413,317820,313120,9708,322828,5301
2021-08-15,San Diego,073,3302833,320237,314247,18519,332766,3824
2021-08-15,San Francisco,075,870044,45797,44531,1845,46376,567
2021-08-15,San Joaquin,077,732212,82926,80832,4196,85028,1488
2021-08-15,San Luis Obispo,079,281455,23980,23404,901,24305,265
2021-08-15,San Mateo,081,765935,48002,46897,672,47569,548
2021-08-15,Santa Barbara,083,443738,38024,37276,1302,38578,475
2021-08-15,Santa Clara,085,1922200,130799,127715,943,128658,1773
2021-08-15,Santa Cruz,087,273765,17838,17440,875,18315,209
2021-08-15,Shasta,089,179085,14330,13835,1967,15802,211
2021-08-15,Sierra,091,2930,87,82,12,94,0
2021-08-15,Siskiyou,093,43540,2268,2169,546,2715,33
2021-08-15,Solano,095,438530,39314,37320,888,38208,263
2021-08-15,Sonoma,097,501317,35989,34706,423,35129,333
2021-08-15,Stanislaus,099,539301,63164,61795,6877,68672,1039
2021-08-15,Sutter,101,95872,11041,10863,117,10980,130
2021-08-15,Tehama,103,63373,5706,5550,687,6237,66
2021-08-15,Trinity,105,12862,562,400,128,528,3
2021-08-15,Tulare,107,460477,53466,52046,10443,62489,856
2021-08-15,Tuolumne,109,53932,5095,4934,52,4986,64
2021-08-15,Ventura,111,848112,88426,86797,3752,90549,1052
2021-08-15,Yolo,113,214977,16390,15873,680,16553,225
2021-08-15,Yuba,115,75493,7467,7265,168,7433,51
2021-08-14,Alameda,001,1643700,104570,101305,2293,103598,1287
2021-08-14,Alpine,003,1148,90,91,0,91,0
2021-08-14,Amador,005,37829,4353,4206,38,4244,49
2021-08-14,Butte,007,227075,14649,14192,2299,16491,206
2021-08-14,Calaveras,009,45235,2652,2579,17,2596,57
2021-08-14,Colusa,011,21464,2191,2134,426,2560,16
2021-08-14,Contra Costa,013,1133247,84743,81458,1645,83103,848
2021-08-14,Del Norte,015,27424,2303,2015,16,2031,8
2021-08-14,El Dorado,017,186661,12649,12019,1063,13082,118
2021-08-14,Fresno,019,978130,111988,109056,9680,118736,1753
2021-08-14,Glenn,021,27897,2643,2583,670,3253,20
2021-08-14,Humboldt,023,135768,6272,5998,115,6113,52
2021-08-14,Imperial,025,180216,29910,29671,2792,32463,746
2021-08-14,Inyo,027,18085,1492,1487,13,1500,39
2021-08-14,Kern,029,883053,104183,102306,13279,115585,1367
2021-08-14,Kings,031,150075,25315,24647,1296,25943,254
2021-08-14,Lake,033,64148,4996,4850,32,4882,68
2021-08-14,Lassen,035,31185,5556,5475,131,5606,21
2021-08-14,Los Angeles,037,10098052,1318582,1299346,48044,1347390,24911
2021-08-14,Madera,039,155013,18179,17691,1173,18864,246
2021-08-14,Marin,041,260295,15796,15441,312,15753,239
2021-08-14,Mariposa,043,17540,623,584,14,598,5
2021-08-14,Mendocino,045,87422,5251,4977,165,5142,49
2021-08-14,Merced,047,269075,33658,33234,1199,34433,481
2021-08-14,Modoc,049,8938,433,421,150,571,5
2021-08-14,Mono,051,14174,1365,1332,18,1350,3
2021-08-14,Monterey,053,433212,44995,44514,2166,46680,527
2021-08-14,Napa,055,140530,11146,10878,67,10945,83
2021-08-14,Nevada,057,99092,6730,6419,225,6644,74
2021-08-14,Orange,059,3164182,279728,274732,12790,287522,5161
2021-08-14,Placer,061,380077,28679,27115,2298,29413,306
2021-08-14,Plumas,063,18699,899,849,14,863,5
2021-08-14,Riverside,065,2383286,320475,313264,14941,328205,4582
2021-08-14,Sacramento,067,1510023,128294,123438,2519,125957,1758
2021-08-14,San Benito,069,59416,6499,6428,125,6553,64
2021-08-14,San Bernardino,071,2135413,317269,312142,9687,321829,5301
2021-08-14,San Diego,073,3302833,319566,313589,18451,332040,3824
2021-08-14,San Francisco,075,870044,45668,44353,1826,46179,567
2021-08-14,San Joaquin,077,732212,82710,80585,4181,84766,1488
2021-08-14,San Luis Obispo,079,281455,23919,23328,898,24226,265
2021-08-14,San Mateo,081,765935,47883,46792,668,47460,548
2021-08-14,Santa Barbara,083,443738,37930,37118,1299,38417,475
2021-08-14,Santa Clara,085,1922200,130520,127432,940,128372,1772
2021-08-14,Santa Cruz,087,273765,17799,17384,874,18258,209
2021-08-14,Shasta,089,179085,14255,13813,1946,15759,211
2021-08-14,Sierra,091,2930,86,81,12,93,0
2021-08-14,Siskiyou,093,43540,2258,2160,536,2696,33
2021-08-14,Solano,095,438530,39227,37237,876,38113,263
2021-08-14,Sonoma,097,501317,35866,34606,421,35027,333
2021-08-14,Stanislaus,099,539301,62990,61564,6832,68396,1039
2021-08-14,Sutter,101,95872,10996,10808,116,10924,130
2021-08-14,Tehama,103,63373,5682,5530,683,6213,66
2021-08-14,Trinity,105,12862,556,399,128,527,3
2021-08-14,Tulare,107,460477,53330,51951,10397,62348,856
2021-08-14,Tuolumne,109,53932,5060,4924,52,4976,64
2021-08-14,Ventura,111,848112,88270,86569,3732,90301,1052
2021-08-14,Yolo,113,214977,16345,15815,670,16485,225
2021-08-14,Yuba,115,75493,7418,7223,168,7391,51
2021-08-13,Alameda,001,1643700,104273,100930,2285,103215,1284
2021-08-13,Alpine,003,1148,90,91,0,91,0
2021-08-13,Amador,005,37829,4325,4169,38,4207,49
2021-08-13,Butte,007,227075,14579,14100,2282,16382,206
2021-08-13,Calaveras,009,45235,2646,2564,17,2581,57
2021-08-13,Colusa,011,21464,2184,2123,421,2544,16
2021-08-13,Contra Costa,013,1133247,84432,81046,1638,82684,848
2021-08-13,Del Norte,015,27424,2262,1973,16,1989,8
2021-08-13,El Dorado,017,186661,12609,11951,1051,13002,118
2021-08-13,Fresno,019,978130,111696,108638,9657,118295,1753
2021-08-13,Glenn,021,27897,2632,2574,666,3240,20
2021-08-13,Humboldt,023,135768,6225,5882,112,5994,52
2021-08-13,Imperial,025,180216,29883,29654,2791,32445,745
2021-08-13,Inyo,027,18085,1491,1484,13,1497,39
2021-08-13,Kern,029,883053,103974,102029,13170,115199,1364
2021-08-13,Kings,031,150075,25230,24531,1289,25820,253
2021-08-13,Lake,033,64148,4973,4811,31,4842,68
2021-08-13,Lassen,035,31185,5548,5455,130,5585,21
2021-08-13,Los Angeles,037,10098052,1316259,1295406,47907,1343313,24891
2021-08-13,Madera,039,155013,18130,17614,1164,18778,246
2021-08-13,Marin,041,260295,15765,15380,312,15692,239
2021-08-13,Mariposa,043,17540,617,577,14,591,5
2021-08-13,Mendocino,045,87422,5198,4924,163,5087,49
2021-08-13,Merced,047,269075,33611,33111,1193,34304,480
2021-08-13,Modoc,049,8938,432,421,149,570,5
2021-08-13,Mono,051,14174,1362,1331,18,1349,3
2021-08-13,Monterey,053,433212,44935,44450,2164,46614,527
2021-08-13,Napa,055,140530,11110,10830,67,10897,83
2021-08-13,Nevada,057,99092,6689,6356,224,6580,74
2021-08-13,Orange,059,3164182,279234,274004,12741,286745,5159
2021-08-13,Placer,061,380077,28579,26987,2271,29258,306
2021-08-13,Plumas,063,18699,885,842,14,856,5
2021-08-13,Riverside,065,2383286,319736,312408,14916,327324,4581
2021-08-13,Sacramento,067,1510023,127824,122868,2493,125361,1758
2021-08-13,San Benito,069,59416,6493,6422,123,6545,64
2021-08-13,San Bernardino,071,2135413,316601,311378,9668,321046,5301
2021-08-13,San Diego,073,3302833,318520,312293,18372,330665,3821
2021-08-13,San Francisco,075,870044,45532,44196,1803,45999,567
2021-08-13,San Joaquin,077,732212,82493,80232,4165,84397,1481
2021-08-13,San Luis Obispo,079,281455,23856,23226,895,24121,265
2021-08-13,San Mateo,081,765935,47764,46660,667,47327,548
2021-08-13,Santa Barbara,083,443738,37845,37023,1295,38318,474
2021-08-13,Santa Clara,085,1922200,130233,126958,934,127892,1769
2021-08-13,Santa Cruz,087,273765,17759,17332,867,18199,209
2021-08-13,Shasta,089,179085,14192,13698,1932,15630,211
2021-08-13,Sierra,091,2930,85,81,12,93,0
2021-08-13,Siskiyou,093,43540,2249,2147,532,2679,33
2021-08-13,Solano,095,438530,39093,37104,868,37972,264
2021-08-13,Sonoma,097,501317,35761,34464,421,34885,333
2021-08-13,Stanislaus,099,539301,62818,61294,6791,68085,1039
2021-08-13,Sutter,101,95872,10952,10751,115,10866,130
2021-08-13,Tehama,103,63373,5658,5496,681,6177,66
2021-08-13,Trinity,105,12862,552,392,128,520,3
2021-08-13,Tulare,107,460477,53226,51770,10324,62094,856
2021-08-13,Tuolumne,109,53932,5027,4899,51,4950,64
2021-08-13,Ventura,111,848112,88112,86368,3719,90087,1052
2021-08-13,Yolo,113,214977,16291,15761,660,16421,225
2021-08-13,Yuba,115,75493,7380,7184,168,7352,51
2021-08-12,Alameda,001,1643700,103780,100472,2272,102744,1284
2021-08-12,Alpine,003,1148,90,91,0,91,0
2021-08-12,Amador,005,37829,4295,4161,37,4198,49
2021-08-12,Butte,007,227075,14509,14006,2264,16270,206
2021-08-12,Calaveras,009,45235,2631,2531,17,2548,57
2021-08-12,Colusa,011,21464,2179,2111,420,2531,17
2021-08-12,Contra Costa,013,1133247,83950,80738,1623,82361,846
2021-08-12,Del Norte,015,27424,2190,1923,16,1939,8
2021-08-12,El Dorado,017,186661,12495,11880,1042,12922,118
2021-08-12,Fresno,019,978130,111274,108193,9589,117782,1753
2021-08-12,Glenn,021,27897,2624,2559,654,3213,20
2021-08-12,Humboldt,023,135768,6156,5845,108,5953,52
2021-08-12,Imperial,025,180216,29827,29585,2785,32370,745
2021-08-12,Inyo,027,18085,1489,1483,13,1496,39
2021-08-12,Kern,029,883053,103685,101698,13090,114788,1364
2021-08-12,Kings,031,150075,25130,24423,1280,25703,252
2021-08-12,Lake,033,64148,4947,4774,31,4805,68
2021-08-12,Lassen,035,31185,5526,5428,129,5557,21
2021-08-12,Los Angeles,037,10098052,1313071,1291875,47773,1339648,24874
2021-08-12,Madera,039,155013,18066,17564,1152,18716,246
2021-08-12,Marin,041,260295,15716,15277,309,15586,239
2021-08-12,Mariposa,043,17540,608,568,13,581,5
2021-08-12,Mendocino,045,87422,5168,4873,157,5030,49
2021-08-12,Merced,047,269075,33487,32960,1186,34146,480
2021-08-12,Modoc,049,8938,431,423,149,572,5
2021-08-12,Mono,051,14174,1357,1325,18,1343,3
2021-08-12,Monterey,053,433212,44859,44383,2148,46531,527
2021-08-12,Napa,055,140530,11061,10780,66,10846,83
2021-08-12,Nevada,057,99092,6628,6283,224,6507,74
2021-08-12,Orange,059,3164182,278556,273167,12683,285850,5158
2021-08-12,Placer,061,380077,28381,26856,2248,29104,306
2021-08-12,Plumas,063,18699,877,829,14,843,5
2021-08-12,Riverside,065,2383286,318727,311304,14884,326188,4575
2021-08-12,Sacramento,067,1510023,127053,122222,2463,124685,1758
2021-08-12,San Benito,069,59416,6476,6398,121,6519,64
2021-08-12,San Bernardino,071,2135413,315727,310420,9638,320058,5297
2021-08-12,San Diego,073,3302833,317150,310596,18283,328879,3821
2021-08-12,San Francisco,075,870044,45325,43774,1790,45564,564
2021-08-12,San Joaquin,077,732212,82097,79945,4142,84087,1479
2021-08-12,San Luis Obispo,079,281455,23756,23101,881,23982,264
2021-08-12,San Mateo,081,765935,47620,46435,664,47099,548
2021-08-12,Santa Barbara,083,443738,37708,36881,1287,38168,473
2021-08-12,Santa Clara,085,1922200,129784,126614,928,127542,1769
2021-08-12,Santa Cruz,087,273765,17695,17261,866,18127,209
2021-08-12,Shasta,089,179085,14106,13621,1905,15526,211
2021-08-12,Sierra,091,2930,85,81,12,93,0
2021-08-12,Siskiyou,093,43540,2242,2134,522,2656,33
2021-08-12,Solano,095,438530,38864,36980,859,37839,262
2021-08-12,Sonoma,097,501317,35613,34299,418,34717,333
2021-08-12,Stanislaus,099,539301,62554,61026,6732,67758,1039
2021-08-12,Sutter,101,95872,10891,10695,113,10808,130
2021-08-12,Tehama,103,63373,5628,5462,672,6134,66
2021-08-12,Trinity,105,12862,548,386,127,513,3
2021-08-12,Tulare,107,460477,53081,51632,10275,61907,856
2021-08-12,Tuolumne,109,53932,4980,4845,49,4894,64
2021-08-12,Ventura,111,848112,87875,86106,3695,89801,1052
2021-08-12,Yolo,113,214977,16219,15686,647,16333,224
2021-08-12,Yuba,115,75493,7332,7128,167,7295,51
2021-08-11,Alameda,001,1643700,103268,100040,2269,102309,1281
2021-08-11,Alpine,003,1148,90,91,0,91,0
2021-08-11,Amador,005,37829,4271,4127,37,4164,49
2021-08-11,Butte,007,227075,14408,13905,2239,16144,206
2021-08-11,Calaveras,009,45235,2609,2505,17,2522,57
2021-08-11,Colusa,011,21464,2169,2101,418,2519,16
2021-08-11,Contra Costa,013,1133247,83450,80275,1605,81880,843
2021-08-11,Del Norte,015,27424,2131,1893,16,1909,8
2021-08-11,El Dorado,017,186661,12384,11799,1030,12829,119
2021-08-11,Fresno,019,978130,110820,107773,9543,117316,1751
2021-08-11,Glenn,021,27897,2615,2547,644,3191,20
2021-08-11,Humboldt,023,135768,6109,5765,107,5872,52
2021-08-11,Imperial,025,180216,29784,29565,2781,32346,745
2021-08-11,Inyo,027,18085,1489,1483,13,1496,39
2021-08-11,Kern,029,883053,103371,101448,12981,114429,1363
2021-08-11,Kings,031,150075,25017,24304,1271,25575,250
2021-08-11,Lake,033,64148,4910,4713,30,4743,68
2021-08-11,Lassen,035,31185,5517,5408,127,5535,21
2021-08-11,Los Angeles,037,10098052,1309745,1288238,47587,1335825,24851
2021-08-11,Madera,039,155013,18016,17511,1141,18652,245
2021-08-11,Marin,041,260295,15667,15235,309,15544,239
2021-08-11,Mariposa,043,17540,598,554,12,566,5
2021-08-11,Mendocino,045,87422,5099,4796,148,4944,49
2021-08-11,Merced,047,269075,33354,32802,1182,33984,479
2021-08-11,Modoc,049,8938,431,421,149,570,5
2021-08-11,Mono,051,14174,1352,1320,18,1338,3
2021-08-11,Monterey,053,433212,44760,44314,2130,46444,527
2021-08-11,Napa,055,140530,11020,10732,66,10798,83
2021-08-11,Nevada,057,99092,6575,6172,221,6393,74
2021-08-11,Orange,059,3164182,277699,272212,12638,284850,5155
2021-08-11,Placer,061,380077,28169,26687,2222,28909,305
2021-08-11,Plumas,063,18699,868,824,14,838,5
2021-08-11,Riverside,065,2383286,317734,310265,14849,325114,4570
2021-08-11,Sacramento,067,1510023,126260,121603,2424,124027,1757
2021-08-11,San Benito,069,59416,6463,6381,121,6502,64
2021-08-11,San Bernardino,071,2135413,314833,309498,9618,319116,5296
2021-08-11,San Diego,073,3302833,315680,309406,18179,327585,3818
2021-08-11,San Francisco,075,870044,45100,43555,1782,45337,564
2021-08-11,San Joaquin,077,732212,81690,79641,4115,83756,1478
2021-08-11,San Luis Obispo,079,281455,23652,22920,874,23794,264
2021-08-11,San Mateo,081,765935,47452,46300,661,46961,548
2021-08-11,Santa Barbara,083,443738,37545,36699,1278,37977,472
2021-08-11,Santa Clara,085,1922200,129303,126301,920,127221,1769
2021-08-11,Santa Cruz,087,273765,17630,17191,863,18054,209
2021-08-11,Shasta,089,179085,14032,13546,1889,15435,211
2021-08-11,Sierra,091,2930,84,81,12,93,0
2021-08-11,Siskiyou,093,43540,2228,2124,515,2639,33
2021-08-11,Solano,095,438530,38629,36862,845,37707,262
2021-08-11,Sonoma,097,501317,35434,34188,413,34601,333
2021-08-11,Stanislaus,099,539301,62224,60767,6702,67469,1037
2021-08-11,Sutter,101,95872,10819,10628,113,10741,130
2021-08-11,Tehama,103,63373,5599,5410,656,6066,66
2021-08-11,Trinity,105,12862,546,385,127,512,3
2021-08-11,Tulare,107,460477,52913,51464,10230,61694,854
2021-08-11,Tuolumne,109,53932,4948,4794,49,4843,64
2021-08-11,Ventura,111,848112,87623,85863,3674,89537,1051
2021-08-11,Yolo,113,214977,16144,15593,631,16224,218
2021-08-11,Yuba,115,75493,7273,7063,166,7229,53
2021-08-10,Alameda,001,1643700,102793,99771,2261,102032,1281
2021-08-10,Alpine,003,1148,90,91,0,91,0
2021-08-10,Amador,005,37829,4255,4093,37,4130,49
2021-08-10,Butte,007,227075,14324,13853,2218,16071,205
2021-08-10,Calaveras,009,45235,2584,2491,15,2506,57
2021-08-10,Colusa,011,21464,2156,2088,409,2497,16
2021-08-10,Contra Costa,013,1133247,82906,80018,1595,81613,840
2021-08-10,Del Norte,015,27424,2087,1870,16,1886,8
2021-08-10,El Dorado,017,186661,12283,11734,1018,12752,117
2021-08-10,Fresno,019,978130,110364,107616,9488,117104,1747
2021-08-10,Glenn,021,27897,2602,2538,634,3172,20
2021-08-10,Humboldt,023,135768,6055,5718,104,5822,52
2021-08-10,Imperial,025,180216,29749,29522,2774,32296,745
2021-08-10,Inyo,027,18085,1489,1482,13,1495,39
2021-08-10,Kern,029,883053,103043,101254,12885,114139,1359
2021-08-10,Kings,031,150075,24891,24252,1255,25507,251
2021-08-10,Lake,033,64148,4869,4700,30,4730,67
2021-08-10,Lassen,035,31185,5499,5401,127,5528,21
2021-08-10,Los Angeles,037,10098052,1305992,1285140,47417,1332557,24821
2021-08-10,Madera,039,155013,17943,17481,1131,18612,245
2021-08-10,Marin,041,260295,15620,15194,309,15503,239
2021-08-10,Mariposa,043,17540,585,550,12,562,5
2021-08-10,Mendocino,045,87422,5054,4775,144,4919,49
2021-08-10,Merced,047,269075,33207,32721,1173,33894,477
2021-08-10,Modoc,049,8938,430,421,149,570,5
2021-08-10,Mono,051,14174,1347,1320,18,1338,3
2021-08-10,Monterey,053,433212,44698,44259,2115,46374,527
2021-08-10,Napa,055,140530,10964,10703,65,10768,83
2021-08-10,Nevada,057,99092,6510,6151,220,6371,73
2021-08-10,Orange,059,3164182,276820,271688,12590,284278,5155
2021-08-10,Placer,061,380077,27950,26561,2180,28741,305
2021-08-10,Plumas,063,18699,859,816,14,830,5
2021-08-10,Riverside,065,2383286,316619,309529,14823,324352,4564
2021-08-10,Sacramento,067,1510023,125407,121159,2394,123553,1755
2021-08-10,San Benito,069,59416,6449,6371,121,6492,64
2021-08-10,San Bernardino,071,2135413,313909,308672,9600,318272,5295
2021-08-10,San Diego,073,3302833,314039,308288,18087,326375,3815
2021-08-10,San Francisco,075,870044,44846,43389,1767,45156,564
2021-08-10,San Joaquin,077,732212,81292,79391,4097,83488,1478
2021-08-10,San Luis Obispo,079,281455,23526,22776,872,23648,264
2021-08-10,San Mateo,081,765935,47280,46184,659,46843,548
2021-08-10,Santa Barbara,083,443738,37380,36574,1271,37845,472
2021-08-10,Santa Clara,085,1922200,128840,126019,913,126932,1770
2021-08-10,Santa Cruz,087,273765,17547,17142,861,18003,209
2021-08-10,Shasta,089,179085,13954,13461,1866,15327,211
2021-08-10,Sierra,091,2930,84,76,12,88,0
2021-08-10,Siskiyou,093,43540,2219,2088,508,2596,33
2021-08-10,Solano,095,438530,38383,36767,834,37601,262
2021-08-10,Sonoma,097,501317,35289,34054,410,34464,333
2021-08-10,Stanislaus,099,539301,61879,60605,6665,67270,1037
2021-08-10,Sutter,101,95872,10754,10569,113,10682,130
2021-08-10,Tehama,103,63373,5570,5392,651,6043,66
2021-08-10,Trinity,105,12862,546,384,127,511,3
2021-08-10,Tulare,107,460477,52748,51390,10178,61568,854
2021-08-10,Tuolumne,109,53932,4919,4780,47,4827,64
2021-08-10,Ventura,111,848112,87333,85714,3653,89367,1051
2021-08-10,Yolo,113,214977,16057,15568,621,16189,218
2021-08-10,Yuba,115,75493,7224,7028,166,7194,50
2021-08-09,Alameda,001,1643700,102239,99496,2257,101753,1276
2021-08-09,Alpine,003,1148,90,91,0,91,0
2021-08-09,Amador,005,37829,4229,4078,37,4115,48
2021-08-09,Butte,007,227075,14225,13813,2189,16002,205
2021-08-09,Calaveras,009,45235,2559,2472,15,2487,57
2021-08-09,Colusa,011,21464,2146,2075,401,2476,16
2021-08-09,Contra Costa,013,1133247,82362,79740,1583,81323,840
2021-08-09,Del Norte,015,27424,2019,1848,16,1864,8
2021-08-09,El Dorado,017,186661,12176,11672,1005,12677,117
2021-08-09,Fresno,019,978130,109870,107310,9450,116760,1747
2021-08-09,Glenn,021,27897,2591,2532,622,3154,20
2021-08-09,Humboldt,023,135768,5964,5632,102,5734,52
2021-08-09,Imperial,025,180216,29704,29512,2770,32282,745
2021-08-09,Inyo,027,18085,1489,1481,13,1494,39
2021-08-09,Kern,029,883053,102731,101069,12799,113868,1359
2021-08-09,Kings,031,150075,24784,24155,1241,25396,250
2021-08-09,Lake,033,64148,4834,4670,28,4698,66
2021-08-09,Lassen,035,31185,5477,5393,126,5519,21
2021-08-09,Los Angeles,037,10098052,1301976,1282891,47212,1330103,24798
2021-08-09,Madera,039,155013,17884,17429,1111,18540,245
2021-08-09,Marin,041,260295,15567,15154,308,15462,239
2021-08-09,Mariposa,043,17540,572,545,12,557,5
2021-08-09,Mendocino,045,87422,5003,4732,136,4868,49
2021-08-09,Merced,047,269075,33061,32666,1166,33832,477
2021-08-09,Modoc,049,8938,430,419,149,568,5
2021-08-09,Mono,051,14174,1344,1337,18,1355,3
2021-08-09,Monterey,053,433212,44626,44190,2099,46289,527
2021-08-09,Napa,055,140530,10917,10679,65,10744,83
2021-08-09,Nevada,057,99092,6438,6088,219,6307,73
2021-08-09,Orange,059,3164182,275780,271036,12534,283570,5153
2021-08-09,Placer,061,380077,27727,26457,2149,28606,305
2021-08-09,Plumas,063,18699,842,803,14,817,5
2021-08-09,Riverside,065,2383286,315543,308678,14804,323482,4562
2021-08-09,Sacramento,067,1510023,124572,120812,2369,123181,1748
2021-08-09,San Benito,069,59416,6429,6359,119,6478,63
2021-08-09,San Bernardino,071,2135413,312923,308038,9577,317615,5295
2021-08-09,San Diego,073,3302833,312379,306855,17988,324843,3811
2021-08-09,San Francisco,075,870044,44600,43261,1751,45012,564
2021-08-09,San Joaquin,077,732212,80910,79198,4079,83277,1469
2021-08-09,San Luis Obispo,079,281455,23387,22695,863,23558,264
2021-08-09,San Mateo,081,765935,47108,46040,656,46696,548
2021-08-09,Santa Barbara,083,443738,37196,36474,1263,37737,470
2021-08-09,Santa Clara,085,1922200,128337,125791,904,126695,2187
2021-08-09,Santa Cruz,087,273765,17485,17082,861,17943,209
2021-08-09,Shasta,089,179085,13837,13397,1855,15252,210
2021-08-09,Sierra,091,2930,83,75,12,87,0
2021-08-09,Siskiyou,093,43540,2207,2047,493,2540,32
2021-08-09,Solano,095,438530,38107,36653,832,37485,262
2021-08-09,Sonoma,097,501317,35108,33933,408,34341,333
2021-08-09,Stanislaus,099,539301,61602,60410,6616,67026,1037
2021-08-09,Sutter,101,95872,10705,10525,110,10635,129
2021-08-09,Tehama,103,63373,5527,5373,650,6023,66
2021-08-09,Trinity,105,12862,544,378,125,503,3
2021-08-09,Tulare,107,460477,52587,51274,10115,61389,854
2021-08-09,Tuolumne,109,53932,4877,4745,47,4792,64
2021-08-09,Ventura,111,848112,87061,85514,3642,89156,1047
2021-08-09,Yolo,113,214977,15979,15521,600,16121,218
2021-08-09,Yuba,115,75493,7165,6994,166,7160,50
2021-08-08,Alameda,001,1643700,101687,99135,2251,101386,1276
2021-08-08,Alpine,003,1148,90,91,0,91,0
2021-08-08,Amador,005,37829,4195,4057,36,4093,48
2021-08-08,Butte,007,227075,14143,13791,2171,15962,205
2021-08-08,Calaveras,009,45235,2526,2462,15,2477,57
2021-08-08,Colusa,011,21464,2129,2070,394,2464,16
2021-08-08,Contra Costa,013,1133247,81838,79454,1576,81030,840
2021-08-08,Del Norte,015,27424,1973,1810,16,1826,8
2021-08-08,El Dorado,017,186661,12055,11631,994,12625,117
2021-08-08,Fresno,019,978130,109427,107078,9413,116491,1747
2021-08-08,Glenn,021,27897,2583,2527,615,3142,20
2021-08-08,Humboldt,023,135768,5875,5571,102,5673,52
2021-08-08,Imperial,025,180216,29680,29485,2760,32245,745
2021-08-08,Inyo,027,18085,1489,1481,13,1494,39
2021-08-08,Kern,029,883053,102411,100909,12687,113596,1359
2021-08-08,Kings,031,150075,24670,24095,1232,25327,250
2021-08-08,Lake,033,64148,4784,4636,27,4663,66
2021-08-08,Lassen,035,31185,5462,5391,125,5516,21
2021-08-08,Los Angeles,037,10098052,1297719,1279982,47028,1327010,24793
2021-08-08,Madera,039,155013,17805,17398,1094,18492,245
2021-08-08,Marin,041,260295,15514,15124,306,15430,239
2021-08-08,Mariposa,043,17540,568,538,12,550,5
2021-08-08,Mendocino,045,87422,4941,4702,123,4825,49
2021-08-08,Merced,047,269075,32914,32634,1157,33791,477
2021-08-08,Modoc,049,8938,429,419,148,567,5
2021-08-08,Mono,051,14174,1340,1336,18,1354,3
2021-08-08,Monterey,053,433212,44556,44171,2088,46259,527
2021-08-08,Napa,055,140530,10881,10668,65,10733,83
2021-08-08,Nevada,057,99092,6354,6009,217,6226,73
2021-08-08,Orange,059,3164182,274866,270532,12492,283024,5153
2021-08-08,Placer,061,380077,27518,26332,2108,28440,305
2021-08-08,Plumas,063,18699,833,803,14,817,5
2021-08-08,Riverside,065,2383286,314422,308042,14781,322823,4562
2021-08-08,Sacramento,067,1510023,123744,120109,2357,122466,1744
2021-08-08,San Benito,069,59416,6412,6350,118,6468,63
2021-08-08,San Bernardino,071,2135413,311779,307378,9548,316926,5295
2021-08-08,San Diego,073,3302833,311039,305983,17890,323873,3811
2021-08-08,San Francisco,075,870044,44340,43098,1728,44826,564
2021-08-08,San Joaquin,077,732212,80461,79002,4063,83065,1469
2021-08-08,San Luis Obispo,079,281455,23213,22668,855,23523,263
2021-08-08,San Mateo,081,765935,46918,45927,653,46580,548
2021-08-08,Santa Barbara,083,443738,37019,36417,1256,37673,470
2021-08-08,Santa Clara,085,1922200,127886,125553,899,126452,2187
2021-08-08,Santa Cruz,087,273765,17414,17035,856,17891,209
2021-08-08,Shasta,089,179085,13752,13381,1844,15225,210
2021-08-08,Sierra,091,2930,83,74,12,86,0
2021-08-08,Siskiyou,093,43540,2191,2041,488,2529,32
2021-08-08,Solano,095,438530,37855,36551,828,37379,262
2021-08-08,Sonoma,097,501317,34864,33805,407,34212,333
2021-08-08,Stanislaus,099,539301,61279,60269,6571,66840,1037
2021-08-08,Sutter,101,95872,10645,10481,109,10590,129
2021-08-08,Tehama,103,63373,5490,5359,647,6006,66
2021-08-08,Trinity,105,12862,539,378,125,503,3
2021-08-08,Tulare,107,460477,52408,51220,10056,61276,854
2021-08-08,Tuolumne,109,53932,4838,4731,47,4778,64
2021-08-08,Ventura,111,848112,86770,85382,3632,89014,1047
2021-08-08,Yolo,113,214977,15887,15477,593,16070,218
2021-08-08,Yuba,115,75493,7126,6967,166,7133,50
2021-08-07,Alameda,001,1643700,101439,98812,2245,101057,1276
2021-08-07,Alpine,003,1148,90,91,0,91,0
2021-08-07,Amador,005,37829,4178,4041,35,4076,48
2021-08-07,Butte,007,227075,14091,13714,2159,15873,205
2021-08-07,Calaveras,009,45235,2516,2446,15,2461,57
2021-08-07,Colusa,011,21464,2124,2067,385,2452,16
2021-08-07,Contra Costa,013,1133247,81542,79168,1573,80741,840
2021-08-07,Del Norte,015,27424,1941,1791,16,1807,8
2021-08-07,El Dorado,017,186661,12007,11575,987,12562,117
2021-08-07,Fresno,019,978130,109224,106861,9387,116248,1747
2021-08-07,Glenn,021,27897,2575,2515,614,3129,20
2021-08-07,Humboldt,023,135768,5825,5510,99,5609,52
2021-08-07,Imperial,025,180216,29661,29470,2760,32230,745
2021-08-07,Inyo,027,18085,1487,1476,13,1489,39
2021-08-07,Kern,029,883053,102253,100693,12632,113325,1359
2021-08-07,Kings,031,150075,24609,24048,1226,25274,250
2021-08-07,Lake,033,64148,4763,4613,27,4640,66
2021-08-07,Lassen,035,31185,5458,5386,125,5511,21
2021-08-07,Los Angeles,037,10098052,1295689,1276853,46880,1323733,24786
2021-08-07,Madera,039,155013,17770,17366,1090,18456,245
2021-08-07,Marin,041,260295,15480,15085,305,15390,239
2021-08-07,Mariposa,043,17540,565,530,12,542,5
2021-08-07,Mendocino,045,87422,4905,4690,121,4811,49
2021-08-07,Merced,047,269075,32850,32569,1154,33723,477
2021-08-07,Modoc,049,8938,429,419,148,567,5
2021-08-07,Mono,051,14174,1337,1329,18,1347,3
2021-08-07,Monterey,053,433212,44504,44124,2083,46207,527
2021-08-07,Napa,055,140530,10860,10658,64,10722,83
2021-08-07,Nevada,057,99092,6304,5967,215,6182,73
2021-08-07,Orange,059,3164182,274273,269900,12461,282361,5153
2021-08-07,Placer,061,380077,27329,26244,2100,28344,305
2021-08-07,Plumas,063,18699,828,801,14,815,5
2021-08-07,Riverside,065,2383286,313750,307326,14774,322100,4562
2021-08-07,Sacramento,067,1510023,123243,119636,2353,121989,1744
2021-08-07,San Benito,069,59416,6402,6332,118,6450,63
2021-08-07,San Bernardino,071,2135413,311191,306663,9531,316194,5295
2021-08-07,San Diego,073,3302833,310284,304974,17855,322829,3811
2021-08-07,San Francisco,075,870044,44169,42926,1710,44636,564
2021-08-07,San Joaquin,077,732212,80297,78769,4049,82818,1469
2021-08-07,San Luis Obispo,079,281455,23144,22579,854,23433,263
2021-08-07,San Mateo,081,765935,46790,45804,651,46455,548
2021-08-07,Santa Barbara,083,443738,36923,36303,1250,37553,470
2021-08-07,Santa Clara,085,1922200,127615,125196,894,126090,2188
2021-08-07,Santa Cruz,087,273765,17371,16994,854,17848,209
2021-08-07,Shasta,089,179085,13696,13361,1837,15198,210
2021-08-07,Sierra,091,2930,83,74,12,86,0
2021-08-07,Siskiyou,093,43540,2179,2039,486,2525,32
2021-08-07,Solano,095,438530,37739,36458,820,37278,262
2021-08-07,Sonoma,097,501317,34742,33716,407,34123,333
2021-08-07,Stanislaus,099,539301,61110,60093,6541,66634,1037
2021-08-07,Sutter,101,95872,10608,10447,109,10556,129
2021-08-07,Tehama,103,63373,5480,5343,641,5984,66
2021-08-07,Trinity,105,12862,535,377,124,501,3
2021-08-07,Tulare,107,460477,52321,51133,10018,61151,854
2021-08-07,Tuolumne,109,53932,4808,4721,47,4768,64
2021-08-07,Ventura,111,848112,86590,85232,3617,88849,1047
2021-08-07,Yolo,113,214977,15843,15423,586,16009,218
2021-08-07,Yuba,115,75493,7101,6937,164,7101,50
2021-08-06,Alameda,001,1643700,101110,98487,2239,100726,1275
2021-08-06,Alpine,003,1148,90,91,0,91,0
2021-08-06,Amador,005,37829,4157,4002,35,4037,48
2021-08-06,Butte,007,227075,14041,13626,2144,15770,205
2021-08-06,Calaveras,009,45235,2505,2419,15,2434,57
2021-08-06,Colusa,011,21464,2117,2045,379,2424,16
2021-08-06,Contra Costa,013,1133247,81247,78796,1568,80364,840
2021-08-06,Del Norte,015,27424,1914,1755,15,1770,8
2021-08-06,El Dorado,017,186661,11957,11498,975,12473,117
2021-08-06,Fresno,019,978130,108959,106542,9360,115902,1747
2021-08-06,Glenn,021,27897,2560,2504,611,3115,20
2021-08-06,Humboldt,023,135768,5774,5421,96,5517,52
2021-08-06,Imperial,025,180216,29650,29404,2756,32160,745
2021-08-06,Inyo,027,18085,1484,1471,13,1484,39
2021-08-06,Kern,029,883053,102076,100427,12547,112974,1359
2021-08-06,Kings,031,150075,24554,23974,1222,25196,250
2021-08-06,Lake,033,64148,4740,4557,27,4584,66
2021-08-06,Lassen,035,31185,5436,5368,125,5493,21
2021-08-06,Los Angeles,037,10098052,1293201,1273081,46728,1319809,24772
2021-08-06,Madera,039,155013,17731,17324,1081,18405,245
2021-08-06,Marin,041,260295,15447,15051,305,15356,239
2021-08-06,Mariposa,043,17540,556,511,12,523,5
2021-08-06,Mendocino,045,87422,4863,4649,120,4769,49
2021-08-06,Merced,047,269075,32790,32456,1151,33607,477
2021-08-06,Modoc,049,8938,429,419,148,567,5
2021-08-06,Mono,051,14174,1336,1328,18,1346,3
2021-08-06,Monterey,053,433212,44436,44058,2070,46128,527
2021-08-06,Napa,055,140530,10833,10620,64,10684,83
2021-08-06,Nevada,057,99092,6248,5874,215,6089,73
2021-08-06,Orange,059,3164182,273708,269077,12444,281521,5151
2021-08-06,Placer,061,380077,27206,26086,2078,28164,305
2021-08-06,Plumas,063,18699,819,795,14,809,5
2021-08-06,Riverside,065,2383286,313040,306304,14763,321067,4562
2021-08-06,Sacramento,067,1510023,122751,119169,2334,121503,1740
2021-08-06,San Benito,069,59416,6385,6315,118,6433,63
2021-08-06,San Bernardino,071,2135413,310492,305806,9522,315328,5286
2021-08-06,San Diego,073,3302833,309245,303691,17806,321497,3810
2021-08-06,San Francisco,075,870044,44012,42659,1692,44351,565
2021-08-06,San Joaquin,077,732212,80147,78405,4037,82442,1469
2021-08-06,San Luis Obispo,079,281455,23076,22472,849,23321,263
2021-08-06,San Mateo,081,765935,46637,45665,646,46311,548
2021-08-06,Santa Barbara,083,443738,36834,36208,1246,37454,470
2021-08-06,Santa Clara,085,1922200,127325,124767,888,125655,2185
2021-08-06,Santa Cruz,087,273765,17327,16924,850,17774,207
2021-08-06,Shasta,089,179085,13630,13284,1831,15115,210
2021-08-06,Sierra,091,2930,83,73,12,85,0
2021-08-06,Siskiyou,093,43540,2169,2030,482,2512,32
2021-08-06,Solano,095,438530,37629,36351,811,37162,262
2021-08-06,Sonoma,097,501317,34656,33594,406,34000,333
2021-08-06,Stanislaus,099,539301,60972,59854,6521,66375,1037
2021-08-06,Sutter,101,95872,10565,10391,109,10500,128
2021-08-06,Tehama,103,63373,5456,5325,639,5964,66
2021-08-06,Trinity,105,12862,534,371,123,494,3
2021-08-06,Tulare,107,460477,52220,51018,9971,60989,854
2021-08-06,Tuolumne,109,53932,4781,4674,47,4721,64
2021-08-06,Ventura,111,848112,86419,85046,3605,88651,1047
2021-08-06,Yolo,113,214977,15790,15299,581,15880,218
2021-08-06,Yuba,115,75493,7078,6904,164,7068,50
2021-08-05,Alameda,001,1643700,100625,98052,2234,100286,1275
2021-08-05,Alpine,003,1148,90,91,0,91,0
2021-08-05,Amador,005,37829,4137,3992,35,4027,48
2021-08-05,Butte,007,227075,13980,13564,2121,15685,206
2021-08-05,Calaveras,009,45235,2486,2397,15,2412,57
2021-08-05,Colusa,011,21464,2105,2036,375,2411,16
2021-08-05,Contra Costa,013,1133247,80820,78514,1561,80075,840
2021-08-05,Del Norte,015,27424,1887,1731,15,1746,8
2021-08-05,El Dorado,017,186661,11872,11408,964,12372,117
2021-08-05,Fresno,019,978130,108588,106219,9324,115543,1747
2021-08-05,Glenn,021,27897,2554,2494,608,3102,20
2021-08-05,Humboldt,023,135768,5700,5328,95,5423,52
2021-08-05,Imperial,025,180216,29619,29383,2752,32135,745
2021-08-05,Inyo,027,18085,1480,1468,13,1481,38
2021-08-05,Kern,029,883053,101854,100091,12462,112553,1358
2021-08-05,Kings,031,150075,24470,23906,1217,25123,249
2021-08-05,Lake,033,64148,4701,4490,25,4515,66
2021-08-05,Lassen,035,31185,5428,5344,125,5469,21
2021-08-05,Los Angeles,037,10098052,1289978,1269445,46596,1316041,24756
2021-08-05,Madera,039,155013,17690,17301,1073,18374,245
2021-08-05,Marin,041,260295,15403,15005,301,15306,239
2021-08-05,Mariposa,043,17540,545,504,11,515,5
2021-08-05,Mendocino,045,87422,4820,4597,111,4708,49
2021-08-05,Merced,047,269075,32723,32381,1140,33521,477
2021-08-05,Modoc,049,8938,428,418,148,566,5
2021-08-05,Mono,051,14174,1328,1309,18,1327,3
2021-08-05,Monterey,053,433212,44379,43992,2052,46044,527
2021-08-05,Napa,055,140530,10797,10591,62,10653,83
2021-08-05,Nevada,057,99092,6166,5778,212,5990,73
2021-08-05,Orange,059,3164182,272927,268329,12418,280747,5149
2021-08-05,Placer,061,380077,27006,25965,2051,28016,305
2021-08-05,Plumas,063,18699,810,787,14,801,5
2021-08-05,Riverside,065,2383286,312123,305415,14736,320151,4562
2021-08-05,Sacramento,067,1510023,122042,118590,2321,120911,1739
2021-08-05,San Benito,069,59416,6367,6305,118,6423,63
2021-08-05,San Bernardino,071,2135413,309656,304956,9501,314457,5284
2021-08-05,San Diego,073,3302833,307973,302220,17724,319944,3806
2021-08-05,San Francisco,075,870044,43801,42301,1683,43984,564
2021-08-05,San Joaquin,077,732212,79785,78151,4019,82170,1468
2021-08-05,San Luis Obispo,079,281455,22961,22362,843,23205,263
2021-08-05,San Mateo,081,765935,46464,45554,644,46198,548
2021-08-05,Santa Barbara,083,443738,36727,36112,1243,37355,470
2021-08-05,Santa Clara,085,1922200,126992,124490,888,125378,2185
2021-08-05,Santa Cruz,087,273765,17283,16867,847,17714,207
2021-08-05,Shasta,089,179085,13572,13217,1823,15040,210
2021-08-05,Sierra,091,2930,78,73,12,85,0
2021-08-05,Siskiyou,093,43540,2148,2024,473,2497,32
2021-08-05,Solano,095,438530,37448,36250,804,37054,262
2021-08-05,Sonoma,097,501317,34521,33455,405,33860,330
2021-08-05,Stanislaus,099,539301,60754,59692,6482,66174,1037
2021-08-05,Sutter,101,95872,10509,10349,109,10458,127
2021-08-05,Tehama,103,63373,5438,5305,636,5941,66
2021-08-05,Trinity,105,12862,528,367,123,490,3
2021-08-05,Tulare,107,460477,52103,50889,9916,60805,854
2021-08-05,Tuolumne,109,53932,4751,4619,47,4666,64
2021-08-05,Ventura,111,848112,86168,84837,3591,88428,1047
2021-08-05,Yolo,113,214977,15723,15250,571,15821,218
2021-08-05,Yuba,115,75493,7035,6872,162,7034,50
2021-08-04,Alameda,001,1643700,100122,97477,2223,99700,1274
2021-08-04,Alpine,003,1148,90,91,0,91,0
2021-08-04,Amador,005,37829,4107,3962,34,3996,48
2021-08-04,Butte,007,227075,13912,13509,2104,15613,205
2021-08-04,Calaveras,009,45235,2461,2374,15,2389,57
2021-08-04,Colusa,011,21464,2093,2025,369,2394,16
2021-08-04,Contra Costa,013,1133247,80304,77966,1556,79522,840
2021-08-04,Del Norte,015,27424,1864,1701,15,1716,8
2021-08-04,El Dorado,017,186661,11793,11319,953,12272,117
2021-08-04,Fresno,019,978130,108220,105899,9285,115184,1747
2021-08-04,Glenn,021,27897,2546,2487,606,3093,20
2021-08-04,Humboldt,023,135768,5624,5271,94,5365,52
2021-08-04,Imperial,025,180216,29571,29375,2750,32125,745
2021-08-04,Inyo,027,18085,1479,1465,13,1478,38
2021-08-04,Kern,029,883053,101604,99868,12377,112245,1358
2021-08-04,Kings,031,150075,24398,23840,1209,25049,250
2021-08-04,Lake,033,64148,4671,4423,20,4443,65
2021-08-04,Lassen,035,31185,5420,5340,125,5465,21
2021-08-04,Los Angeles,037,10098052,1286488,1265788,46436,1312224,24737
2021-08-04,Madera,039,155013,17655,17251,1066,18317,245
2021-08-04,Marin,041,260295,15356,14950,299,15249,239
2021-08-04,Mariposa,043,17540,530,497,11,508,5
2021-08-04,Mendocino,045,87422,4796,4560,107,4667,49
2021-08-04,Merced,047,269075,32585,32274,1135,33409,476
2021-08-04,Modoc,049,8938,428,416,148,564,5
2021-08-04,Mono,051,14174,1324,1307,18,1325,3
2021-08-04,Monterey,053,433212,44314,43926,2041,45967,526
2021-08-04,Napa,055,140530,10760,10544,62,10606,82
2021-08-04,Nevada,057,99092,6102,5702,211,5913,73
2021-08-04,Orange,059,3164182,272053,267199,12381,279580,5146
2021-08-04,Placer,061,380077,26789,25688,2031,27719,305
2021-08-04,Plumas,063,18699,804,784,14,798,5
2021-08-04,Riverside,065,2383286,311198,304272,14710,318982,4562
2021-08-04,Sacramento,067,1510023,121284,117882,2295,120177,1736
2021-08-04,San Benito,069,59416,6352,6300,118,6418,63
2021-08-04,San Bernardino,071,2135413,308801,304164,9482,313646,5285
2021-08-04,San Diego,073,3302833,306460,301100,17657,318757,3805
2021-08-04,San Francisco,075,870044,43546,41913,1671,43584,562
2021-08-04,San Joaquin,077,732212,79428,77846,4007,81853,1466
2021-08-04,San Luis Obispo,079,281455,22852,22245,837,23082,262
2021-08-04,San Mateo,081,765935,46292,45392,643,46035,548
2021-08-04,Santa Barbara,083,443738,36598,36013,1235,37248,470
2021-08-04,Santa Clara,085,1922200,126601,124127,881,125008,2183
2021-08-04,Santa Cruz,087,273765,17221,16820,840,17660,208
2021-08-04,Shasta,089,179085,13521,13134,1812,14946,211
2021-08-04,Sierra,091,2930,78,73,12,85,0
2021-08-04,Siskiyou,093,43540,2128,2010,468,2478,32
2021-08-04,Solano,095,438530,37248,36025,795,36820,262
2021-08-04,Sonoma,097,501317,34349,33311,403,33714,330
2021-08-04,Stanislaus,099,539301,60530,59396,6444,65840,1037
2021-08-04,Sutter,101,95872,10472,10294,109,10403,127
2021-08-04,Tehama,103,63373,5412,5281,631,5912,66
2021-08-04,Trinity,105,12862,526,362,120,482,3
2021-08-04,Tulare,107,460477,51993,50797,9872,60669,855
2021-08-04,Tuolumne,109,53932,4726,4584,47,4631,64
2021-08-04,Ventura,111,848112,85910,84406,3569,87975,1047
2021-08-04,Yolo,113,214977,15643,15189,558,15747,215
2021-08-04,Yuba,115,75493,6995,6827,160,6987,50
2021-08-03,Alameda,001,1643700,99675,97275,2218,99493,1270
2021-08-03,Alpine,003,1148,90,91,0,91,0
2021-08-03,Amador,005,37829,4071,3953,34,3987,48
2021-08-03,Butte,007,227075,13844,13468,2089,15557,205
2021-08-03,Calaveras,009,45235,2439,2356,15,2371,57
2021-08-03,Colusa,011,21464,2080,2023,363,2386,16
2021-08-03,Contra Costa,013,1133247,79822,77739,1549,79288,836
2021-08-03,Del Norte,015,27424,1832,1691,14,1705,8
2021-08-03,El Dorado,017,186661,11702,11255,943,12198,117
2021-08-03,Fresno,019,978130,107858,105732,9254,114986,1746
2021-08-03,Glenn,021,27897,2539,2481,600,3081,20
2021-08-03,Humboldt,023,135768,5559,5199,89,5288,52
2021-08-03,Imperial,025,180216,29549,29333,2743,32076,745
2021-08-03,Inyo,027,18085,1476,1459,13,1472,38
2021-08-03,Kern,029,883053,101342,99708,12298,112006,1358
2021-08-03,Kings,031,150075,24310,23780,1202,24982,249
2021-08-03,Lake,033,64148,4615,4408,16,4424,66
2021-08-03,Lassen,035,31185,5410,5341,125,5466,21
2021-08-03,Los Angeles,037,10098052,1282745,1262678,46258,1308936,24721
2021-08-03,Madera,039,155013,17614,17220,1051,18271,245
2021-08-03,Marin,041,260295,15307,14906,296,15202,243
2021-08-03,Mariposa,043,17540,519,495,11,506,5
2021-08-03,Mendocino,045,87422,4747,4546,106,4652,49
2021-08-03,Merced,047,269075,32502,32197,1133,33330,476
2021-08-03,Modoc,049,8938,428,416,148,564,5
2021-08-03,Mono,051,14174,1319,1303,18,1321,3
2021-08-03,Monterey,053,433212,44251,43872,2028,45900,525
2021-08-03,Napa,055,140530,10717,10527,61,10588,82
2021-08-03,Nevada,057,99092,6021,5685,210,5895,73
2021-08-03,Orange,059,3164182,271314,266649,12351,279000,5146
2021-08-03,Placer,061,380077,26588,25624,2007,27631,305
2021-08-03,Plumas,063,18699,797,779,14,793,5
2021-08-03,Riverside,065,2383286,310274,303499,14683,318182,4562
2021-08-03,Sacramento,067,1510023,120539,117591,2275,119866,1732
2021-08-03,San Benito,069,59416,6337,6284,117,6401,63
2021-08-03,San Bernardino,071,2135413,307881,303386,9463,312849,5265
2021-08-03,San Diego,073,3302833,305021,300189,17547,317736,3803
2021-08-03,San Francisco,075,870044,43264,41758,1651,43409,562
2021-08-03,San Joaquin,077,732212,79079,77615,3986,81601,1461
2021-08-03,San Luis Obispo,079,281455,22712,22166,830,22996,264
2021-08-03,San Mateo,081,765935,46100,45255,638,45893,548
2021-08-03,Santa Barbara,083,443738,36479,35912,1229,37141,469
2021-08-03,Santa Clara,085,1922200,126180,123914,875,124789,2183
2021-08-03,Santa Cruz,087,273765,17155,16778,837,17615,207
2021-08-03,Shasta,089,179085,13446,13091,1801,14892,211
2021-08-03,Sierra,091,2930,78,72,12,84,0
2021-08-03,Siskiyou,093,43540,2117,1998,463,2461,32
2021-08-03,Solano,095,438530,37028,35953,783,36736,261
2021-08-03,Sonoma,097,501317,34168,33243,402,33645,330
2021-08-03,Stanislaus,099,539301,60308,59282,6425,65707,1037
2021-08-03,Sutter,101,95872,10432,10263,108,10371,127
2021-08-03,Tehama,103,63373,5386,5269,626,5895,66
2021-08-03,Trinity,105,12862,523,361,117,478,3
2021-08-03,Tulare,107,460477,51898,50729,9826,60555,854
2021-08-03,Tuolumne,109,53932,4691,4563,47,4610,64
2021-08-03,Ventura,111,848112,85666,84270,3548,87818,1046
2021-08-03,Yolo,113,214977,15551,15149,542,15691,215
2021-08-03,Yuba,115,75493,6958,6781,158,6939,50
2021-08-02,Alameda,001,1643700,99118,96954,2213,99167,1270
2021-08-02,Alpine,003,1148,90,91,0,91,0
2021-08-02,Amador,005,37829,4051,3927,34,3961,48
2021-08-02,Butte,007,227075,13764,13442,2070,15512,205
2021-08-02,Calaveras,009,45235,2414,2347,15,2362,57
2021-08-02,Colusa,011,21464,2068,2019,360,2379,16
2021-08-02,Contra Costa,013,1133247,79313,77516,1535,79051,836
2021-08-02,Del Norte,015,27424,1802,1653,14,1667,8
2021-08-02,El Dorado,017,186661,11598,11226,929,12155,116
2021-08-02,Fresno,019,978130,107512,105471,9217,114688,1744
2021-08-02,Glenn,021,27897,2531,2477,597,3074,20
2021-08-02,Humboldt,023,135768,5476,5161,87,5248,52
2021-08-02,Imperial,025,180216,29516,29302,2740,32042,743
2021-08-02,Inyo,027,18085,1470,1455,13,1468,38
2021-08-02,Kern,029,883053,101087,99556,12207,111763,1357
2021-08-02,Kings,031,150075,24240,23722,1196,24918,249
2021-08-02,Lake,033,64148,4572,4375,16,4391,66
2021-08-02,Lassen,035,31185,5387,5338,123,5461,21
2021-08-02,Los Angeles,037,10098052,1279023,1260807,46050,1306857,24705
2021-08-02,Madera,039,155013,17570,17158,1038,18196,245
2021-08-02,Marin,041,260295,15264,14859,294,15153,239
2021-08-02,Mariposa,043,17540,510,490,11,501,5
2021-08-02,Mendocino,045,87422,4707,4512,103,4615,49
2021-08-02,Merced,047,269075,32404,32163,1126,33289,474
2021-08-02,Modoc,049,8938,428,415,148,563,5
2021-08-02,Mono,051,14174,1312,1296,18,1314,3
2021-08-02,Monterey,053,433212,44191,43842,2020,45862,525
2021-08-02,Napa,055,140530,10674,10490,58,10548,82
2021-08-02,Nevada,057,99092,5950,5611,209,5820,73
2021-08-02,Orange,059,3164182,270400,266050,12306,278356,5146
2021-08-02,Placer,061,380077,26441,25516,1973,27489,306
2021-08-02,Plumas,063,18699,790,762,14,776,5
2021-08-02,Riverside,065,2383286,309336,302756,14668,317424,4562
2021-08-02,Sacramento,067,1510023,119842,117183,2255,119438,1728
2021-08-02,San Benito,069,59416,6318,6276,116,6392,63
2021-08-02,San Bernardino,071,2135413,307005,303000,9430,312430,5253
2021-08-02,San Diego,073,3302833,303541,299021,17467,316488,3798
2021-08-02,San Francisco,075,870044,42978,41553,1628,43181,562
2021-08-02,San Joaquin,077,732212,78736,77447,3961,81408,1461
2021-08-02,San Luis Obispo,079,281455,22618,22093,823,22916,261
2021-08-02,San Mateo,081,765935,45923,45154,625,45779,548
2021-08-02,Santa Barbara,083,443738,36341,35851,1223,37074,469
2021-08-02,Santa Clara,085,1922200,125710,123655,867,124522,2183
2021-08-02,Santa Cruz,087,273765,17097,16746,833,17579,207
2021-08-02,Shasta,089,179085,13384,13049,1787,14836,212
2021-08-02,Sierra,091,2930,78,71,12,83,0
2021-08-02,Siskiyou,093,43540,2106,1992,449,2441,31
2021-08-02,Solano,095,438530,36780,35852,770,36622,260
2021-08-02,Sonoma,097,501317,33942,33132,397,33529,330
2021-08-02,Stanislaus,099,539301,60089,59160,6398,65558,1037
2021-08-02,Sutter,101,95872,10386,10220,108,10328,127
2021-08-02,Tehama,103,63373,5362,5260,622,5882,66
2021-08-02,Trinity,105,12862,518,359,116,475,3
2021-08-02,Tulare,107,460477,51797,50640,9753,60393,854
2021-08-02,Tuolumne,109,53932,4624,4524,47,4571,64
2021-08-02,Ventura,111,848112,85481,84143,3525,87668,1044
2021-08-02,Yolo,113,214977,15453,15072,524,15596,215
2021-08-02,Yuba,115,75493,6916,6743,155,6898,50
2021-08-01,Alameda,001,1643700,98585,96775,2207,98982,1270
2021-08-01,Alpine,003,1148,90,91,0,91,0
2021-08-01,Amador,005,37829,4013,3923,34,3957,48
2021-08-01,Butte,007,227075,13683,13406,2053,15459,205
2021-08-01,Calaveras,009,45235,2390,2341,15,2356,57
2021-08-01,Colusa,011,21464,2057,2014,358,2372,16
2021-08-01,Contra Costa,013,1133247,78878,77360,1527,78887,836
2021-08-01,Del Norte,015,27424,1770,1642,14,1656,8
2021-08-01,El Dorado,017,186661,11498,11189,918,12107,116
2021-08-01,Fresno,019,978130,107186,105339,9172,114511,1744
2021-08-01,Glenn,021,27897,2525,2476,594,3070,20
2021-08-01,Humboldt,023,135768,5399,5118,83,5201,52
2021-08-01,Imperial,025,180216,29481,29297,2735,32032,743
2021-08-01,Inyo,027,18085,1468,1454,13,1467,38
2021-08-01,Kern,029,883053,100809,99396,12132,111528,1357
2021-08-01,Kings,031,150075,24153,23700,1191,24891,249
2021-08-01,Lake,033,64148,4493,4356,16,4372,66
2021-08-01,Lassen,035,31185,5374,5336,121,5457,21
2021-08-01,Los Angeles,037,10098052,1275336,1258461,45825,1304286,24700
2021-08-01,Madera,039,155013,17514,17146,1033,18179,245
2021-08-01,Marin,041,260295,15187,14844,293,15137,239
2021-08-01,Mariposa,043,17540,503,482,11,493,5
2021-08-01,Mendocino,045,87422,4661,4476,99,4575,49
2021-08-01,Merced,047,269075,32313,32144,1120,33264,474
2021-08-01,Modoc,049,8938,426,413,148,561,5
2021-08-01,Mono,051,14174,1309,1294,18,1312,3
2021-08-01,Monterey,053,433212,44144,43808,2007,45815,525
2021-08-01,Napa,055,140530,10626,10473,56,10529,82
2021-08-01,Nevada,057,99092,5863,5561,208,5769,73
2021-08-01,Orange,059,3164182,269586,265467,12263,277730,5146
2021-08-01,Placer,061,380077,26226,25464,1943,27407,306
2021-08-01,Plumas,063,18699,784,761,14,775,5
2021-08-01,Riverside,065,2383286,308403,302256,14650,316906,4562
2021-08-01,Sacramento,067,1510023,119107,116923,2240,119163,1727
2021-08-01,San Benito,069,59416,6301,6271,116,6387,63
2021-08-01,San Bernardino,071,2135413,306070,302542,9419,311961,5248
2021-08-01,San Diego,073,3302833,302355,298002,17402,315404,3798
2021-08-01,San Francisco,075,870044,42640,41432,1615,43047,562
2021-08-01,San Joaquin,077,732212,78369,77338,3936,81274,1461
2021-08-01,San Luis Obispo,079,281455,22516,22083,818,22901,261
2021-08-01,San Mateo,081,765935,45741,45036,618,45654,548
2021-08-01,Santa Barbara,083,443738,36217,35809,1219,37028,469
2021-08-01,Santa Clara,085,1922200,125298,123511,859,124370,2183
2021-08-01,Santa Cruz,087,273765,17018,16709,826,17535,207
2021-08-01,Shasta,089,179085,13313,13036,1778,14814,212
2021-08-01,Sierra,091,2930,76,71,12,83,0
2021-08-01,Siskiyou,093,43540,2100,1989,443,2432,31
2021-08-01,Solano,095,438530,36545,35800,761,36561,260
2021-08-01,Sonoma,097,501317,33750,33076,394,33470,330
2021-08-01,Stanislaus,099,539301,59852,59078,6366,65444,1037
2021-08-01,Sutter,101,95872,10331,10198,105,10303,127
2021-08-01,Tehama,103,63373,5345,5252,618,5870,66
2021-08-01,Trinity,105,12862,515,359,115,474,3
2021-08-01,Tulare,107,460477,51640,50600,9692,60292,854
2021-08-01,Tuolumne,109,53932,4586,4489,47,4536,64
2021-08-01,Ventura,111,848112,85251,84040,3510,87550,1044
2021-08-01,Yolo,113,214977,15381,15042,515,15557,215
2021-08-01,Yuba,115,75493,6879,6721,154,6875,50
2021-07-31,Alameda,001,1643700,98253,95279,2202,97481,1265
2021-07-31,Alpine,003,1148,90,89,0,89,0
2021-07-31,Amador,005,37829,3993,3877,34,3911,48
2021-07-31,Butte,007,227075,13650,13235,2033,15268,205
2021-07-31,Calaveras,009,45235,2381,2294,15,2309,57
2021-07-31,Colusa,011,21464,2051,2006,356,2362,16
2021-07-31,Contra Costa,013,1133247,78599,75866,1525,77391,832
2021-07-31,Del Norte,015,27424,1744,1576,14,1590,8
2021-07-31,El Dorado,017,186661,11445,11017,912,11929,116
2021-07-31,Fresno,019,978130,107027,104639,9159,113798,1744
2021-07-31,Glenn,021,27897,2520,2465,589,3054,20
2021-07-31,Humboldt,023,135768,5344,4978,82,5060,52
2021-07-31,Imperial,025,180216,29464,29164,2732,31896,743
2021-07-31,Inyo,027,18085,1465,1442,13,1455,38
2021-07-31,Kern,029,883053,100644,98903,12073,110976,1357
2021-07-31,Kings,031,150075,24100,23548,1186,24734,248
2021-07-31,Lake,033,64148,4468,4238,16,4254,66
2021-07-31,Lassen,035,31185,5367,5320,121,5441,21
2021-07-31,Los Angeles,037,10098052,1273136,1248545,45681,1294226,24691
2021-07-31,Madera,039,155013,17481,17058,1027,18085,245
2021-07-31,Marin,041,260295,15143,14701,292,14993,239
2021-07-31,Mariposa,043,17540,494,470,11,481,5
2021-07-31,Mendocino,045,87422,4636,4400,96,4496,49
2021-07-31,Merced,047,269075,32265,31959,1115,33074,474
2021-07-31,Modoc,049,8938,426,413,148,561,5
2021-07-31,Mono,051,14174,1307,1287,18,1305,3
2021-07-31,Monterey,053,433212,44104,43720,1997,45717,525
2021-07-31,Napa,055,140530,10606,10401,55,10456,82
2021-07-31,Nevada,057,99092,5824,5373,207,5580,72
2021-07-31,Orange,059,3164182,269012,263446,12244,275690,5144
2021-07-31,Placer,061,380077,26093,25104,1936,27040,306
2021-07-31,Plumas,063,18699,781,743,14,757,5
2021-07-31,Riverside,065,2383286,307787,300315,14640,314955,4554
2021-07-31,Sacramento,067,1510023,118695,115259,2234,117493,1720
2021-07-31,San Benito,069,59416,6290,6251,116,6367,63
2021-07-31,San Bernardino,071,2135413,305496,300726,9416,310142,5240
2021-07-31,San Diego,073,3302833,301682,295054,17356,312410,3798
2021-07-31,San Francisco,075,870044,42412,40412,1595,42007,562
2021-07-31,San Joaquin,077,732212,78204,76575,3923,80498,1443
2021-07-31,San Luis Obispo,079,281455,22462,21922,816,22738,260
2021-07-31,San Mateo,081,765935,45584,44622,613,45235,548
2021-07-31,Santa Barbara,083,443738,36136,35531,1218,36749,467
2021-07-31,Santa Clara,085,1922200,125043,122614,857,123471,2099
2021-07-31,Santa Cruz,087,273765,16979,16576,825,17401,207
2021-07-31,Shasta,089,179085,13276,12918,1770,14688,212
2021-07-31,Sierra,091,2930,76,68,12,80,0
2021-07-31,Siskiyou,093,43540,2091,1976,437,2413,31
2021-07-31,Solano,095,438530,36444,35340,754,36094,263
2021-07-31,Sonoma,097,501317,33624,32601,394,32995,329
2021-07-31,Stanislaus,099,539301,59693,58586,6343,64929,1035
2021-07-31,Sutter,101,95872,10297,10068,104,10172,127
2021-07-31,Tehama,103,63373,5330,5216,615,5831,66
2021-07-31,Trinity,105,12862,514,354,114,468,3
2021-07-31,Tulare,107,460477,51551,50409,9639,60048,854
2021-07-31,Tuolumne,109,53932,4547,4362,47,4409,64
2021-07-31,Ventura,111,848112,85090,83509,3494,87003,1044
2021-07-31,Yolo,113,214977,15333,14863,504,15367,215
2021-07-31,Yuba,115,75493,6856,6615,150,6765,50
2021-07-30,Alameda,001,1643700,97919,95279,2198,97477,1265
2021-07-30,Alpine,003,1148,90,89,0,89,0
2021-07-30,Amador,005,37829,3970,3877,34,3911,48
2021-07-30,Butte,007,227075,13595,13235,2020,15255,205
2021-07-30,Calaveras,009,45235,2371,2294,15,2309,57
2021-07-30,Colusa,011,21464,2047,2006,354,2360,16
2021-07-30,Contra Costa,013,1133247,78355,75866,1521,77387,832
2021-07-30,Del Norte,015,27424,1726,1576,14,1590,8
2021-07-30,El Dorado,017,186661,11411,11017,906,11923,116
2021-07-30,Fresno,019,978130,106833,104639,9147,113786,1744
2021-07-30,Glenn,021,27897,2515,2465,588,3053,20
2021-07-30,Humboldt,023,135768,5281,4978,79,5057,52
2021-07-30,Imperial,025,180216,29450,29164,2729,31893,743
2021-07-30,Inyo,027,18085,1464,1442,13,1455,38
2021-07-30,Kern,029,883053,100520,98903,12026,110929,1357
2021-07-30,Kings,031,150075,24060,23548,1182,24730,248
2021-07-30,Lake,033,64148,4440,4238,16,4254,66
2021-07-30,Lassen,035,31185,5363,5320,121,5441,21
2021-07-30,Los Angeles,037,10098052,1270814,1248545,45531,1294076,24691
2021-07-30,Madera,039,155013,17439,17058,1024,18082,245
2021-07-30,Marin,041,260295,15109,14701,292,14993,239
2021-07-30,Mariposa,043,17540,490,470,11,481,5
2021-07-30,Mendocino,045,87422,4606,4400,95,4495,49
2021-07-30,Merced,047,269075,32224,31959,1111,33070,474
2021-07-30,Modoc,049,8938,424,413,148,561,5
2021-07-30,Mono,051,14174,1302,1287,18,1305,3
2021-07-30,Monterey,053,433212,44070,43720,1988,45708,525
2021-07-30,Napa,055,140530,10584,10401,54,10455,82
2021-07-30,Nevada,057,99092,5767,5373,207,5580,72
2021-07-30,Orange,059,3164182,268387,263446,12218,275664,5144
2021-07-30,Placer,061,380077,26004,25104,1918,27022,306
2021-07-30,Plumas,063,18699,776,743,14,757,5
2021-07-30,Riverside,065,2383286,307150,300315,14630,314945,4554
2021-07-30,Sacramento,067,1510023,118244,115259,2230,117489,1720
2021-07-30,San Benito,069,59416,6283,6251,116,6367,63
2021-07-30,San Bernardino,071,2135413,304983,300726,9409,310135,5240
2021-07-30,San Diego,073,3302833,300908,295054,17298,312352,3798
2021-07-30,San Francisco,075,870044,42199,40412,1580,41992,562
2021-07-30,San Joaquin,077,732212,78050,76575,3918,80493,1443
2021-07-30,San Luis Obispo,079,281455,22424,21922,812,22734,260
2021-07-30,San Mateo,081,765935,45459,44622,600,45222,548
2021-07-30,Santa Barbara,083,443738,36067,35531,1212,36743,467
2021-07-30,Santa Clara,085,1922200,124820,122614,855,123469,2099
2021-07-30,Santa Cruz,087,273765,16953,16576,823,17399,207
2021-07-30,Shasta,089,179085,13231,12918,1770,14688,212
2021-07-30,Sierra,091,2930,75,68,12,80,0
2021-07-30,Siskiyou,093,43540,2082,1976,436,2412,31
2021-07-30,Solano,095,438530,36353,35340,738,36078,263
2021-07-30,Sonoma,097,501317,33529,32601,394,32995,329
2021-07-30,Stanislaus,099,539301,59549,58586,6323,64909,1035
2021-07-30,Sutter,101,95872,10262,10068,104,10172,127
2021-07-30,Tehama,103,63373,5319,5216,615,5831,66
2021-07-30,Trinity,105,12862,514,354,114,468,3
2021-07-30,Tulare,107,460477,51508,50409,9604,60013,854
2021-07-30,Tuolumne,109,53932,4529,4362,47,4409,64
2021-07-30,Ventura,111,848112,84926,83509,3479,86988,1044
2021-07-30,Yolo,113,214977,15272,14863,500,15363,215
2021-07-30,Yuba,115,75493,6820,6615,149,6764,50
2021-07-29,Alameda,001,1643700,97501,95279,2192,97471,1265
2021-07-29,Alpine,003,1148,90,89,0,89,0
2021-07-29,Amador,005,37829,3951,3877,34,3911,48
2021-07-29,Butte,007,227075,13548,13235,2012,15247,205
2021-07-29,Calaveras,009,45235,2356,2294,15,2309,57
2021-07-29,Colusa,011,21464,2040,2006,354,2360,16
2021-07-29,Contra Costa,013,1133247,77916,75866,1519,77385,832
2021-07-29,Del Norte,015,27424,1702,1576,14,1590,8
2021-07-29,El Dorado,017,186661,11347,11017,894,11911,116
2021-07-29,Fresno,019,978130,106568,104639,9120,113759,1744
2021-07-29,Glenn,021,27897,2505,2465,587,3052,20
2021-07-29,Humboldt,023,135768,5221,4978,77,5055,52
2021-07-29,Imperial,025,180216,29405,29164,2727,31891,743
2021-07-29,Inyo,027,18085,1460,1442,13,1455,38
2021-07-29,Kern,029,883053,100313,98903,11948,110851,1357
2021-07-29,Kings,031,150075,24014,23548,1178,24726,248
2021-07-29,Lake,033,64148,4405,4238,16,4254,66
2021-07-29,Lassen,035,31185,5355,5320,118,5438,21
2021-07-29,Los Angeles,037,10098052,1267719,1248545,45349,1293894,24691
2021-07-29,Madera,039,155013,17392,17058,1020,18078,245
2021-07-29,Marin,041,260295,15066,14701,292,14993,239
2021-07-29,Mariposa,043,17540,486,470,11,481,5
2021-07-29,Mendocino,045,87422,4583,4400,93,4493,49
2021-07-29,Merced,047,269075,32169,31959,1111,33070,474
2021-07-29,Modoc,049,8938,424,413,148,561,5
2021-07-29,Mono,051,14174,1300,1287,18,1305,3
2021-07-29,Monterey,053,433212,44021,43720,1978,45698,525
2021-07-29,Napa,055,140530,10552,10401,52,10453,82
2021-07-29,Nevada,057,99092,5715,5373,206,5579,72
2021-07-29,Orange,059,3164182,267675,263446,12186,275632,5144
2021-07-29,Placer,061,380077,25881,25104,1903,27007,306
2021-07-29,Plumas,063,18699,768,743,14,757,5
2021-07-29,Riverside,065,2383286,306445,300315,14606,314921,4554
2021-07-29,Sacramento,067,1510023,117689,115259,2217,117476,1720
2021-07-29,San Benito,069,59416,6272,6251,116,6367,63
2021-07-29,San Bernardino,071,2135413,304346,300726,9399,310125,5240
2021-07-29,San Diego,073,3302833,299851,295054,17230,312284,3798
2021-07-29,San Francisco,075,870044,41951,40412,1559,41971,562
2021-07-29,San Joaquin,077,732212,77795,76575,3910,80485,1443
2021-07-29,San Luis Obispo,079,281455,22370,21922,810,22732,260
2021-07-29,San Mateo,081,765935,45332,44622,590,45212,548
2021-07-29,Santa Barbara,083,443738,35981,35531,1211,36742,467
2021-07-29,Santa Clara,085,1922200,124523,122614,852,123466,2099
2021-07-29,Santa Cruz,087,273765,16900,16576,821,17397,207
2021-07-29,Shasta,089,179085,13177,12918,1761,14679,212
2021-07-29,Sierra,091,2930,75,68,12,80,0
2021-07-29,Siskiyou,093,43540,2077,1976,434,2410,31
2021-07-29,Solano,095,438530,36193,35340,728,36068,263
2021-07-29,Sonoma,097,501317,33355,32601,392,32993,329
2021-07-29,Stanislaus,099,539301,59377,58586,6308,64894,1035
2021-07-29,Sutter,101,95872,10216,10068,103,10171,127
2021-07-29,Tehama,103,63373,5307,5216,609,5825,66
2021-07-29,Trinity,105,12862,512,354,113,467,3
2021-07-29,Tulare,107,460477,51418,50409,9564,59973,854
2021-07-29,Tuolumne,109,53932,4489,4362,46,4408,64
2021-07-29,Ventura,111,848112,84760,83509,3472,86981,1044
2021-07-29,Yolo,113,214977,15204,14863,486,15349,215
2021-07-29,Yuba,115,75493,6771,6615,146,6761,50
2021-07-28,Alameda,001,1643700,97035,94965,2185,97150,1262
2021-07-28,Alpine,003,1148,90,89,0,89,0
2021-07-28,Amador,005,37829,3937,3870,34,3904,48
2021-07-28,Butte,007,227075,13491,13184,1999,15183,205
2021-07-28,Calaveras,009,45235,2335,2289,15,2304,57
2021-07-28,Colusa,011,21464,2037,2001,353,2354,16
2021-07-28,Contra Costa,013,1133247,77429,75487,1511,76998,832
2021-07-28,Del Norte,015,27424,1669,1545,14,1559,8
2021-07-28,El Dorado,017,186661,11297,10967,885,11852,116
2021-07-28,Fresno,019,978130,106320,104458,9100,113558,1744
2021-07-28,Glenn,021,27897,2502,2464,584,3048,20
2021-07-28,Humboldt,023,135768,5170,4946,76,5022,52
2021-07-28,Imperial,025,180216,29358,29096,2727,31823,743
2021-07-28,Inyo,027,18085,1454,1439,12,1451,38
2021-07-28,Kern,029,883053,100157,98781,11902,110683,1352
2021-07-28,Kings,031,150075,23950,23503,1168,24671,248
2021-07-28,Lake,033,64148,4359,4191,15,4206,65
2021-07-28,Lassen,035,31185,5347,5318,118,5436,21
2021-07-28,Los Angeles,037,10098052,1264544,1245485,45164,1290649,24673
2021-07-28,Madera,039,155013,17351,17024,1014,18038,245
2021-07-28,Marin,041,260295,15011,14652,292,14944,239
2021-07-28,Mariposa,043,17540,479,469,11,480,5
2021-07-28,Mendocino,045,87422,4555,4377,93,4470,49
2021-07-28,Merced,047,269075,32113,31886,1107,32993,474
2021-07-28,Modoc,049,8938,422,413,148,561,5
2021-07-28,Mono,051,14174,1299,1286,18,1304,3
2021-07-28,Monterey,053,433212,43974,43668,1969,45637,524
2021-07-28,Napa,055,140530,10512,10376,50,10426,82
2021-07-28,Nevada,057,99092,5661,5320,206,5526,72
2021-07-28,Orange,059,3164182,266883,262735,12157,274892,5143
2021-07-28,Placer,061,380077,25734,24978,1888,26866,306
2021-07-28,Plumas,063,18699,763,754,14,768,5
2021-07-28,Riverside,065,2383286,305678,299611,14587,314198,4554
2021-07-28,Sacramento,067,1510023,117038,114665,2197,116862,1714
2021-07-28,San Benito,069,59416,6261,6236,116,6352,63
2021-07-28,San Bernardino,071,2135413,303725,300121,9387,309508,5236
2021-07-28,San Diego,073,3302833,298578,294176,17157,311333,3798
2021-07-28,San Francisco,075,870044,41647,40144,1533,41677,561
2021-07-28,San Joaquin,077,732212,77544,76312,3880,80192,1443
2021-07-28,San Luis Obispo,079,281455,22311,21865,809,22674,260
2021-07-28,San Mateo,081,765935,45182,44477,581,45058,547
2021-07-28,Santa Barbara,083,443738,35906,35431,1206,36637,467
2021-07-28,Santa Clara,085,1922200,124262,122345,850,123195,2099
2021-07-28,Santa Cruz,087,273765,16862,16551,820,17371,207
2021-07-28,Shasta,089,179085,13132,12882,1751,14633,212
2021-07-28,Sierra,091,2930,71,67,12,79,0
2021-07-28,Siskiyou,093,43540,2068,1971,431,2402,31
2021-07-28,Solano,095,438530,36019,35204,721,35925,262
2021-07-28,Sonoma,097,501317,33212,32434,389,32823,328
2021-07-28,Stanislaus,099,539301,59180,58427,6292,64719,1035
2021-07-28,Sutter,101,95872,10184,10033,102,10135,126
2021-07-28,Tehama,103,63373,5295,5209,606,5815,66
2021-07-28,Trinity,105,12862,511,352,113,465,3
2021-07-28,Tulare,107,460477,51330,50363,9517,59880,854
2021-07-28,Tuolumne,109,53932,4450,4313,46,4359,64
2021-07-28,Ventura,111,848112,84564,83360,3456,86816,1043
2021-07-28,Yolo,113,214977,15132,14801,477,15278,215
2021-07-28,Yuba,115,75493,6738,6591,145,6736,51
2021-07-27,Alameda,001,1643700,96631,94682,2176,96858,1256
2021-07-27,Alpine,003,1148,90,89,0,89,0
2021-07-27,Amador,005,37829,3921,3861,34,3895,48
2021-07-27,Butte,007,227075,13443,13127,1988,15115,205
2021-07-27,Calaveras,009,45235,2324,2280,15,2295,57
2021-07-27,Colusa,011,21464,2028,1999,352,2351,16
2021-07-27,Contra Costa,013,1133247,76944,75227,1507,76734,830
2021-07-27,Del Norte,015,27424,1649,1538,14,1552,8
2021-07-27,El Dorado,017,186661,11238,10941,875,11816,116
2021-07-27,Fresno,019,978130,106027,104288,9077,113365,1746
2021-07-27,Glenn,021,27897,2494,2460,582,3042,20
2021-07-27,Humboldt,023,135768,5116,4925,75,5000,52
2021-07-27,Imperial,025,180216,29313,29048,2726,31774,743
2021-07-27,Inyo,027,18085,1452,1430,12,1442,38
2021-07-27,Kern,029,883053,99987,98724,11847,110571,1352
2021-07-27,Kings,031,150075,23893,23463,1158,24621,248
2021-07-27,Lake,033,64148,4320,4157,15,4172,65
2021-07-27,Lassen,035,31185,5341,5315,118,5433,21
2021-07-27,Los Angeles,037,10098052,1261081,1243336,44956,1288292,24658
2021-07-27,Madera,039,155013,17298,16998,1008,18006,245
2021-07-27,Marin,041,260295,14963,14631,289,14920,239
2021-07-27,Mariposa,043,17540,476,468,11,479,5
2021-07-27,Mendocino,045,87422,4532,4371,93,4464,49
2021-07-27,Merced,047,269075,32046,31825,1104,32929,473
2021-07-27,Modoc,049,8938,421,413,148,561,5
2021-07-27,Mono,051,14174,1295,1288,18,1306,3
2021-07-27,Monterey,053,433212,43934,43646,1958,45604,523
2021-07-27,Napa,055,140530,10482,10354,50,10404,82
2021-07-27,Nevada,057,99092,5584,5305,204,5509,72
2021-07-27,Orange,059,3164182,266139,262193,12131,274324,5143
2021-07-27,Placer,061,380077,25575,24916,1862,26778,306
2021-07-27,Plumas,063,18699,760,752,14,766,5
2021-07-27,Riverside,065,2383286,304949,299160,14568,313728,4554
2021-07-27,Sacramento,067,1510023,116435,114413,2188,116601,1710
2021-07-27,San Benito,069,59416,6252,6229,116,6345,63
2021-07-27,San Bernardino,071,2135413,303039,299593,9365,308958,5236
2021-07-27,San Diego,073,3302833,297489,293408,17078,310486,3798
2021-07-27,San Francisco,075,870044,41291,39939,1515,41454,561
2021-07-27,San Joaquin,077,732212,77281,76166,3861,80027,1442
2021-07-27,San Luis Obispo,079,281455,22256,21803,800,22603,260
2021-07-27,San Mateo,081,765935,45031,44378,578,44956,547
2021-07-27,Santa Barbara,083,443738,35811,35355,1204,36559,467
2021-07-27,Santa Clara,085,1922200,123968,122154,848,123002,2099
2021-07-27,Santa Cruz,087,273765,16816,16523,819,17342,207
2021-07-27,Shasta,089,179085,13082,12846,1738,14584,212
2021-07-27,Sierra,091,2930,71,65,12,77,0
2021-07-27,Siskiyou,093,43540,2063,1964,428,2392,31
2021-07-27,Solano,095,438530,35887,35093,711,35804,261
2021-07-27,Sonoma,097,501317,33068,32367,387,32754,328
2021-07-27,Stanislaus,099,539301,59012,58333,6264,64597,1033
2021-07-27,Sutter,101,95872,10143,9998,102,10100,115
2021-07-27,Tehama,103,63373,5274,5192,604,5796,66
2021-07-27,Trinity,105,12862,510,351,113,464,3
2021-07-27,Tulare,107,460477,51264,50324,9486,59810,854
2021-07-27,Tuolumne,109,53932,4398,4282,46,4328,64
2021-07-27,Ventura,111,848112,84356,83189,3444,86633,1043
2021-07-27,Yolo,113,214977,15058,14759,471,15230,215
2021-07-27,Yuba,115,75493,6716,6564,143,6707,51
2021-07-26,Alameda,001,1643700,96186,94436,2172,96608,1259
2021-07-26,Alpine,003,1148,90,89,0,89,0
2021-07-26,Amador,005,37829,3911,3854,34,3888,48
2021-07-26,Butte,007,227075,13388,13082,1977,15059,203
2021-07-26,Calaveras,009,45235,2318,2276,15,2291,57
2021-07-26,Colusa,011,21464,2021,1996,350,2346,16
2021-07-26,Contra Costa,013,1133247,76447,74854,1500,76354,830
2021-07-26,Del Norte,015,27424,1628,1530,14,1544,8
2021-07-26,El Dorado,017,186661,11174,10899,872,11771,116
2021-07-26,Fresno,019,978130,105823,104143,9054,113197,1742
2021-07-26,Glenn,021,27897,2492,2461,581,3042,20
2021-07-26,Humboldt,023,135768,5077,4906,73,4979,52
2021-07-26,Imperial,025,180216,29273,29034,2726,31760,743
2021-07-26,Inyo,027,18085,1447,1429,12,1441,38
2021-07-26,Kern,029,883053,99821,98633,11782,110415,1351
2021-07-26,Kings,031,150075,23844,23426,1154,24580,247
2021-07-26,Lake,033,64148,4299,4133,15,4148,65
2021-07-26,Lassen,035,31185,5337,5314,118,5432,21
2021-07-26,Los Angeles,037,10098052,1257740,1241527,44784,1286311,24647
2021-07-26,Madera,039,155013,17270,16971,1001,17972,245
2021-07-26,Marin,041,260295,14906,14579,288,14867,239
2021-07-26,Mariposa,043,17540,475,467,11,478,5
2021-07-26,Mendocino,045,87422,4511,4354,93,4447,49
2021-07-26,Merced,047,269075,31955,31774,1100,32874,473
2021-07-26,Modoc,049,8938,421,413,148,561,5
2021-07-26,Mono,051,14174,1294,1286,18,1304,3
2021-07-26,Monterey,053,433212,43891,43595,1946,45541,521
2021-07-26,Napa,055,140530,10459,10332,50,10382,82
2021-07-26,Nevada,057,99092,5498,5280,204,5484,72
2021-07-26,Orange,059,3164182,265500,261803,12111,273914,5142
2021-07-26,Placer,061,380077,25439,24842,1841,26683,304
2021-07-26,Plumas,063,18699,756,750,14,764,5
2021-07-26,Riverside,065,2383286,304257,298626,14554,313180,4553
2021-07-26,Sacramento,067,1510023,115836,113986,2172,116158,1705
2021-07-26,San Benito,069,59416,6246,6222,116,6338,63
2021-07-26,San Bernardino,071,2135413,302424,299238,9352,308590,5237
2021-07-26,San Diego,073,3302833,296382,292688,16996,309684,3793
2021-07-26,San Francisco,075,870044,40930,39800,1489,41289,561
2021-07-26,San Joaquin,077,732212,77046,76033,3857,79890,1440
2021-07-26,San Luis Obispo,079,281455,22207,21752,797,22549,260
2021-07-26,San Mateo,081,765935,44883,44297,570,44867,547
2021-07-26,Santa Barbara,083,443738,35738,35311,1192,36503,467
2021-07-26,Santa Clara,085,1922200,123659,121978,839,122817,2099
2021-07-26,Santa Cruz,087,273765,16776,16493,816,17309,207
2021-07-26,Shasta,089,179085,13033,12819,1726,14545,211
2021-07-26,Sierra,091,2930,70,65,12,77,0
2021-07-26,Siskiyou,093,43540,2060,1962,426,2388,31
2021-07-26,Solano,095,438530,35732,34990,704,35694,259
2021-07-26,Sonoma,097,501317,32932,32283,385,32668,328
2021-07-26,Stanislaus,099,539301,58867,58219,6245,64464,1033
2021-07-26,Sutter,101,95872,10103,9963,99,10062,115
2021-07-26,Tehama,103,63373,5264,5183,600,5783,66
2021-07-26,Trinity,105,12862,510,351,112,463,3
2021-07-26,Tulare,107,460477,51198,50265,9456,59721,854
2021-07-26,Tuolumne,109,53932,4368,4271,46,4317,64
2021-07-26,Ventura,111,848112,84183,83072,3429,86501,1041
2021-07-26,Yolo,113,214977,14997,14727,459,15186,215
2021-07-26,Yuba,115,75493,6682,6538,141,6679,51
2021-07-25,Alameda,001,1643700,95693,94146,2166,96312,1259
2021-07-25,Alpine,003,1148,88,89,0,89,0
2021-07-25,Amador,005,37829,3896,3848,34,3882,48
2021-07-25,Butte,007,227075,13349,13074,1967,15041,203
2021-07-25,Calaveras,009,45235,2308,2275,15,2290,57
2021-07-25,Colusa,011,21464,2012,1996,346,2342,16
2021-07-25,Contra Costa,013,1133247,75962,74634,1486,76120,830
2021-07-25,Del Norte,015,27424,1607,1526,14,1540,8
2021-07-25,El Dorado,017,186661,11117,10878,868,11746,116
2021-07-25,Fresno,019,978130,105582,104019,9038,113057,1742
2021-07-25,Glenn,021,27897,2483,2461,579,3040,20
2021-07-25,Humboldt,023,135768,5018,4892,72,4964,52
2021-07-25,Imperial,025,180216,29237,29037,2726,31763,743
2021-07-25,Inyo,027,18085,1442,1427,12,1439,38
2021-07-25,Kern,029,883053,99649,98503,11711,110214,1351
2021-07-25,Kings,031,150075,23790,23396,1150,24546,247
2021-07-25,Lake,033,64148,4246,4109,14,4123,65
2021-07-25,Lassen,035,31185,5332,5314,118,5432,21
2021-07-25,Los Angeles,037,10098052,1254321,1239596,44589,1284185,24643
2021-07-25,Madera,039,155013,17233,16947,994,17941,245
2021-07-25,Marin,041,260295,14856,14558,285,14843,239
2021-07-25,Mariposa,043,17540,472,465,11,476,5
2021-07-25,Mendocino,045,87422,4482,4335,91,4426,49
2021-07-25,Merced,047,269075,31882,31760,1098,32858,473
2021-07-25,Modoc,049,8938,421,413,148,561,5
2021-07-25,Mono,051,14174,1291,1286,18,1304,3
2021-07-25,Monterey,053,433212,43853,43590,1938,45528,521
2021-07-25,Napa,055,140530,10423,10316,49,10365,82
2021-07-25,Nevada,057,99092,5433,5256,201,5457,72
2021-07-25,Orange,059,3164182,264792,261351,12088,273439,5142
2021-07-25,Placer,061,380077,25317,24755,1820,26575,304
2021-07-25,Plumas,063,18699,754,750,14,764,5
2021-07-25,Riverside,065,2383286,303493,298181,14536,312717,4553
2021-07-25,Sacramento,067,1510023,115286,113611,2157,115768,1704
2021-07-25,San Benito,069,59416,6239,6217,116,6333,63
2021-07-25,San Bernardino,071,2135413,301764,298982,9345,308327,5237
2021-07-25,San Diego,073,3302833,295320,290626,16922,307548,3793
2021-07-25,San Francisco,075,870044,40580,39663,1463,41126,561
2021-07-25,San Joaquin,077,732212,76791,75926,3838,79764,1440
2021-07-25,San Luis Obispo,079,281455,22134,21741,794,22535,260
2021-07-25,San Mateo,081,765935,44721,44189,564,44753,547
2021-07-25,Santa Barbara,083,443738,35658,35261,1189,36450,467
2021-07-25,Santa Clara,085,1922200,123329,121800,834,122634,2099
2021-07-25,Santa Cruz,087,273765,16729,16474,815,17289,207
2021-07-25,Shasta,089,179085,12986,12815,1721,14536,211
2021-07-25,Sierra,091,2930,70,65,12,77,0
2021-07-25,Siskiyou,093,43540,2052,1963,423,2386,31
2021-07-25,Solano,095,438530,35540,34863,701,35564,259
2021-07-25,Sonoma,097,501317,32807,32202,382,32584,328
2021-07-25,Stanislaus,099,539301,58701,58154,6240,64394,1033
2021-07-25,Sutter,101,95872,10050,9937,97,10034,115
2021-07-25,Tehama,103,63373,5248,5181,599,5780,66
2021-07-25,Trinity,105,12862,508,351,110,461,3
2021-07-25,Tulare,107,460477,51123,50221,9418,59639,854
2021-07-25,Tuolumne,109,53932,4317,4267,46,4313,64
2021-07-25,Ventura,111,848112,83969,82986,3406,86392,1041
2021-07-25,Yolo,113,214977,14936,14693,445,15138,215
2021-07-25,Yuba,115,75493,6649,6519,141,6660,51
2021-07-24,Alameda,001,1643700,95413,93170,2162,95332,1259
2021-07-24,Alpine,003,1148,88,89,0,89,0
2021-07-24,Amador,005,37829,3887,3816,34,3850,48
2021-07-24,Butte,007,227075,13320,12982,1965,14947,203
2021-07-24,Calaveras,009,45235,2303,2267,15,2282,57
2021-07-24,Colusa,011,21464,2011,1992,344,2336,16
2021-07-24,Contra Costa,013,1133247,75734,73682,1483,75165,830
2021-07-24,Del Norte,015,27424,1596,1497,14,1511,8
2021-07-24,El Dorado,017,186661,11083,10773,865,11638,116
2021-07-24,Fresno,019,978130,105464,103637,9028,112665,1736
2021-07-24,Glenn,021,27897,2481,2457,579,3036,20
2021-07-24,Humboldt,023,135768,4983,4780,71,4851,52
2021-07-24,Imperial,025,180216,29217,28996,2726,31722,742
2021-07-24,Inyo,027,18085,1439,1424,12,1436,38
2021-07-24,Kern,029,883053,99571,98261,11689,109950,1350
2021-07-24,Kings,031,150075,23759,23304,1147,24451,246
2021-07-24,Lake,033,64148,4223,3963,14,3977,64
2021-07-24,Lassen,035,31185,5331,5311,118,5429,21
2021-07-24,Los Angeles,037,10098052,1252540,1232164,44460,1276624,24623
2021-07-24,Madera,039,155013,17209,16885,992,17877,245
2021-07-24,Marin,041,260295,14817,14454,285,14739,238
2021-07-24,Mariposa,043,17540,472,453,11,464,5
2021-07-24,Mendocino,045,87422,4457,4293,91,4384,49
2021-07-24,Merced,047,269075,31860,31661,1097,32758,473
2021-07-24,Modoc,049,8938,421,413,148,561,5
2021-07-24,Mono,051,14174,1289,1284,18,1302,3
2021-07-24,Monterey,053,433212,43828,43525,1931,45456,521
2021-07-24,Napa,055,140530,10407,10230,49,10279,81
2021-07-24,Nevada,057,99092,5401,5183,201,5384,72
2021-07-24,Orange,059,3164182,264327,259973,12076,272049,5141
2021-07-24,Placer,061,380077,25234,24530,1815,26345,303
2021-07-24,Plumas,063,18699,753,737,14,751,4
2021-07-24,Riverside,065,2383286,303025,296912,14526,311438,4552
2021-07-24,Sacramento,067,1510023,114972,112438,2153,114591,1698
2021-07-24,San Benito,069,59416,6235,6200,115,6315,63
2021-07-24,San Bernardino,071,2135413,301373,297899,9336,307235,5236
2021-07-24,San Diego,073,3302833,294854,289368,16894,306262,3788
2021-07-24,San Francisco,075,870044,40406,38954,1447,40401,561
2021-07-24,San Joaquin,077,732212,76663,75461,3827,79288,1436
2021-07-24,San Luis Obispo,079,281455,22103,21616,792,22408,260
2021-07-24,San Mateo,081,765935,44604,43880,558,44438,542
2021-07-24,Santa Barbara,083,443738,35599,35071,1185,36256,465
2021-07-24,Santa Clara,085,1922200,123117,121092,833,121925,2099
2021-07-24,Santa Cruz,087,273765,16706,16416,815,17231,207
2021-07-24,Shasta,089,179085,12958,12759,1718,14477,211
2021-07-24,Sierra,091,2930,69,64,12,76,0
2021-07-24,Siskiyou,093,43540,2052,1951,423,2374,31
2021-07-24,Solano,095,438530,35448,34499,692,35191,259
2021-07-24,Sonoma,097,501317,32682,31928,380,32308,327
2021-07-24,Stanislaus,099,539301,58609,57879,6230,64109,1030
2021-07-24,Sutter,101,95872,10023,9890,97,9987,115
2021-07-24,Tehama,103,63373,5241,5166,597,5763,65
2021-07-24,Trinity,105,12862,508,345,110,455,3
2021-07-24,Tulare,107,460477,51080,50104,9401,59505,854
2021-07-24,Tuolumne,109,53932,4291,4216,46,4262,64
2021-07-24,Ventura,111,848112,83842,82687,3390,86077,1041
2021-07-24,Yolo,113,214977,14898,14557,441,14998,214
2021-07-24,Yuba,115,75493,6630,6449,141,6590,51
2021-07-23,Alameda,001,1643700,95160,93170,2157,95327,1259
2021-07-23,Alpine,003,1148,88,89,0,89,0
2021-07-23,Amador,005,37829,3880,3816,34,3850,48
2021-07-23,Butte,007,227075,13291,12982,1957,14939,203
2021-07-23,Calaveras,009,45235,2293,2267,15,2282,57
2021-07-23,Colusa,011,21464,2010,1992,344,2336,16
2021-07-23,Contra Costa,013,1133247,75474,73682,1473,75155,830
2021-07-23,Del Norte,015,27424,1588,1497,14,1511,8
2021-07-23,El Dorado,017,186661,11054,10773,861,11634,116
2021-07-23,Fresno,019,978130,105332,103637,9018,112655,1736
2021-07-23,Glenn,021,27897,2479,2457,576,3033,20
2021-07-23,Humboldt,023,135768,4961,4780,68,4848,52
2021-07-23,Imperial,025,180216,29205,28996,2726,31722,742
2021-07-23,Inyo,027,18085,1436,1424,12,1436,38
2021-07-23,Kern,029,883053,99489,98261,11663,109924,1350
2021-07-23,Kings,031,150075,23728,23304,1144,24448,246
2021-07-23,Lake,033,64148,4194,3963,14,3977,64
2021-07-23,Lassen,035,31185,5329,5311,118,5429,21
2021-07-23,Los Angeles,037,10098052,1250603,1232164,44351,1276515,24623
2021-07-23,Madera,039,155013,17179,16885,987,17872,245
2021-07-23,Marin,041,260295,14780,14454,283,14737,238
2021-07-23,Mariposa,043,17540,469,453,11,464,5
2021-07-23,Mendocino,045,87422,4444,4293,91,4384,49
2021-07-23,Merced,047,269075,31835,31661,1097,32758,473
2021-07-23,Modoc,049,8938,421,413,148,561,5
2021-07-23,Mono,051,14174,1288,1284,18,1302,3
2021-07-23,Monterey,053,433212,43802,43525,1931,45456,521
2021-07-23,Napa,055,140530,10386,10230,49,10279,81
2021-07-23,Nevada,057,99092,5357,5183,201,5384,72
2021-07-23,Orange,059,3164182,263877,259973,12053,272026,5141
2021-07-23,Placer,061,380077,25154,24530,1799,26329,303
2021-07-23,Plumas,063,18699,751,737,14,751,4
2021-07-23,Riverside,065,2383286,302560,296912,14514,311426,4552
2021-07-23,Sacramento,067,1510023,114618,112438,2151,114589,1698
2021-07-23,San Benito,069,59416,6229,6200,115,6315,63
2021-07-23,San Bernardino,071,2135413,300991,297899,9327,307226,5236
2021-07-23,San Diego,073,3302833,294246,289368,16846,306214,3788
2021-07-23,San Francisco,075,870044,40219,38954,1435,40389,561
2021-07-23,San Joaquin,077,732212,76559,75461,3812,79273,1436
2021-07-23,San Luis Obispo,079,281455,22064,21616,792,22408,260
2021-07-23,San Mateo,081,765935,44501,43880,554,44434,542
2021-07-23,Santa Barbara,083,443738,35534,35071,1184,36255,465
2021-07-23,Santa Clara,085,1922200,122898,121092,830,121922,2099
2021-07-23,Santa Cruz,087,273765,16681,16416,815,17231,207
2021-07-23,Shasta,089,179085,12931,12759,1715,14474,211
2021-07-23,Sierra,091,2930,69,64,12,76,0
2021-07-23,Siskiyou,093,43540,2050,1951,423,2374,31
2021-07-23,Solano,095,438530,35356,34499,688,35187,259
2021-07-23,Sonoma,097,501317,32587,31928,379,32307,327
2021-07-23,Stanislaus,099,539301,58533,57879,6221,64100,1030
2021-07-23,Sutter,101,95872,9994,9890,97,9987,115
2021-07-23,Tehama,103,63373,5232,5166,597,5763,65
2021-07-23,Trinity,105,12862,507,345,109,454,3
2021-07-23,Tulare,107,460477,51034,50104,9379,59483,854
2021-07-23,Tuolumne,109,53932,4269,4216,46,4262,64
2021-07-23,Ventura,111,848112,83680,82687,3372,86059,1041
2021-07-23,Yolo,113,214977,14861,14557,434,14991,214
2021-07-23,Yuba,115,75493,6604,6449,140,6589,51
2021-07-22,Alameda,001,1643700,94806,93170,2153,95323,1259
2021-07-22,Alpine,003,1148,88,89,0,89,0
2021-07-22,Amador,005,37829,3871,3816,34,3850,48
2021-07-22,Butte,007,227075,13257,12982,1948,14930,203
2021-07-22,Calaveras,009,45235,2283,2267,15,2282,57
2021-07-22,Colusa,011,21464,2008,1992,341,2333,16
2021-07-22,Contra Costa,013,1133247,75135,73682,1468,75150,830
2021-07-22,Del Norte,015,27424,1571,1497,14,1511,8
2021-07-22,El Dorado,017,186661,11018,10773,853,11626,116
2021-07-22,Fresno,019,978130,105203,103637,9008,112645,1736
2021-07-22,Glenn,021,27897,2475,2457,576,3033,20
2021-07-22,Humboldt,023,135768,4930,4780,66,4846,52
2021-07-22,Imperial,025,180216,29175,28996,2726,31722,742
2021-07-22,Inyo,027,18085,1434,1424,12,1436,38
2021-07-22,Kern,029,883053,99374,98261,11622,109883,1350
2021-07-22,Kings,031,150075,23689,23304,1142,24446,246
2021-07-22,Lake,033,64148,4143,3963,14,3977,64
2021-07-22,Lassen,035,31185,5326,5311,118,5429,21
2021-07-22,Los Angeles,037,10098052,1248173,1232164,44169,1276333,24623
2021-07-22,Madera,039,155013,17144,16885,985,17870,245
2021-07-22,Marin,041,260295,14739,14454,282,14736,238
2021-07-22,Mariposa,043,17540,462,453,11,464,5
2021-07-22,Mendocino,045,87422,4431,4293,90,4383,49
2021-07-22,Merced,047,269075,31793,31661,1095,32756,473
2021-07-22,Modoc,049,8938,421,413,148,561,5
2021-07-22,Mono,051,14174,1287,1284,18,1302,3
2021-07-22,Monterey,053,433212,43774,43525,1925,45450,521
2021-07-22,Napa,055,140530,10368,10230,49,10279,81
2021-07-22,Nevada,057,99092,5331,5183,200,5383,72
2021-07-22,Orange,059,3164182,263324,259973,12044,272017,5141
2021-07-22,Placer,061,380077,25060,24530,1788,26318,303
2021-07-22,Plumas,063,18699,750,737,14,751,4
2021-07-22,Riverside,065,2383286,302052,296912,14493,311405,4552
2021-07-22,Sacramento,067,1510023,114180,112438,2142,114580,1698
2021-07-22,San Benito,069,59416,6222,6200,115,6315,63
2021-07-22,San Bernardino,071,2135413,300589,297899,9312,307211,5236
2021-07-22,San Diego,073,3302833,293516,289368,16786,306154,3788
2021-07-22,San Francisco,075,870044,40006,38954,1423,40377,561
2021-07-22,San Joaquin,077,732212,76416,75461,3800,79261,1436
2021-07-22,San Luis Obispo,079,281455,22026,21616,788,22404,260
2021-07-22,San Mateo,081,765935,44389,43880,549,44429,542
2021-07-22,Santa Barbara,083,443738,35468,35071,1182,36253,465
2021-07-22,Santa Clara,085,1922200,122657,121092,827,121919,2099
2021-07-22,Santa Cruz,087,273765,16644,16416,814,17230,207
2021-07-22,Shasta,089,179085,12907,12759,1711,14470,211
2021-07-22,Sierra,091,2930,67,64,12,76,0
2021-07-22,Siskiyou,093,43540,2047,1951,423,2374,31
2021-07-22,Solano,095,438530,35210,34499,681,35180,259
2021-07-22,Sonoma,097,501317,32477,31928,377,32305,327
2021-07-22,Stanislaus,099,539301,58405,57879,6209,64088,1030
2021-07-22,Sutter,101,95872,9973,9890,97,9987,115
2021-07-22,Tehama,103,63373,5226,5166,597,5763,65
2021-07-22,Trinity,105,12862,507,345,109,454,3
2021-07-22,Tulare,107,460477,50991,50104,9351,59455,854
2021-07-22,Tuolumne,109,53932,4257,4216,46,4262,64
2021-07-22,Ventura,111,848112,83546,82687,3359,86046,1041
2021-07-22,Yolo,113,214977,14823,14557,434,14991,214
2021-07-22,Yuba,115,75493,6573,6449,137,6586,51
2021-07-21,Alameda,001,1643700,94485,92840,2150,94990,1256
2021-07-21,Alpine,003,1148,88,89,0,89,0
2021-07-21,Amador,005,37829,3858,3813,34,3847,48
2021-07-21,Butte,007,227075,13216,12939,1943,14882,203
2021-07-21,Calaveras,009,45235,2279,2257,15,2272,57
2021-07-21,Colusa,011,21464,2004,1988,340,2328,16
2021-07-21,Contra Costa,013,1133247,74871,73320,1459,74779,827
2021-07-21,Del Norte,015,27424,1561,1492,14,1506,8
2021-07-21,El Dorado,017,186661,10982,10742,849,11591,116
2021-07-21,Fresno,019,978130,105055,103504,8999,112503,1736
2021-07-21,Glenn,021,27897,2473,2455,575,3030,20
2021-07-21,Humboldt,023,135768,4898,4763,64,4827,52
2021-07-21,Imperial,025,180216,29163,28964,2723,31687,742
2021-07-21,Inyo,027,18085,1434,1423,12,1435,38
2021-07-21,Kern,029,883053,99256,98152,11581,109733,1350
2021-07-21,Kings,031,150075,23661,23270,1138,24408,246
2021-07-21,Lake,033,64148,4077,3896,14,3910,64
2021-07-21,Lassen,035,31185,5323,5310,118,5428,21
2021-07-21,Los Angeles,037,10098052,1245661,1229598,44032,1273630,24609
2021-07-21,Madera,039,155013,17120,16858,983,17841,245
2021-07-21,Marin,041,260295,14690,14427,282,14709,238
2021-07-21,Mariposa,043,17540,458,449,11,460,5
2021-07-21,Mendocino,045,87422,4413,4274,90,4364,49
2021-07-21,Merced,047,269075,31754,31607,1091,32698,473
2021-07-21,Modoc,049,8938,421,413,148,561,5
2021-07-21,Mono,051,14174,1284,1282,18,1300,3
2021-07-21,Monterey,053,433212,43744,43502,1922,45424,515
2021-07-21,Napa,055,140530,10342,10209,49,10258,81
2021-07-21,Nevada,057,99092,5296,5152,200,5352,72
2021-07-21,Orange,059,3164182,262771,259615,12014,271629,5139
2021-07-21,Placer,061,380077,24951,24441,1777,26218,303
2021-07-21,Plumas,063,18699,750,736,14,750,4
2021-07-21,Riverside,065,2383286,301539,296419,14476,310895,4552
2021-07-21,Sacramento,067,1510023,113758,112043,2131,114174,1696
2021-07-21,San Benito,069,59416,6212,6196,115,6311,63
2021-07-21,San Bernardino,071,2135413,300136,297519,9304,306823,5230
2021-07-21,San Diego,073,3302833,292666,288682,16723,305405,3787
2021-07-21,San Francisco,075,870044,39781,38699,1418,40117,559
2021-07-21,San Joaquin,077,732212,76227,75288,3788,79076,1434
2021-07-21,San Luis Obispo,079,281455,21989,21579,785,22364,260
2021-07-21,San Mateo,081,765935,44297,43755,545,44300,542
2021-07-21,Santa Barbara,083,443738,35409,34998,1166,36164,465
2021-07-21,Santa Clara,085,1922200,122447,120838,825,121663,2099
2021-07-21,Santa Cruz,087,273765,16610,16407,814,17221,207
2021-07-21,Shasta,089,179085,12874,12751,1708,14459,211
2021-07-21,Sierra,091,2930,67,64,12,76,0
2021-07-21,Siskiyou,093,43540,2045,1943,421,2364,31
2021-07-21,Solano,095,438530,35052,34374,676,35050,258
2021-07-21,Sonoma,097,501317,32361,31789,377,32166,327
2021-07-21,Stanislaus,099,539301,58303,57774,6199,63973,1028
2021-07-21,Sutter,101,95872,9949,9862,97,9959,113
2021-07-21,Tehama,103,63373,5222,5161,597,5758,65
2021-07-21,Trinity,105,12862,505,345,108,453,3
2021-07-21,Tulare,107,460477,50931,50066,9326,59392,854
2021-07-21,Tuolumne,109,53932,4220,4156,46,4202,64
2021-07-21,Ventura,111,848112,83424,82573,3347,85920,1041
2021-07-21,Yolo,113,214977,14781,14525,433,14958,213
2021-07-21,Yuba,115,75493,6545,6425,137,6562,52
2021-07-20,Alameda,001,1643700,94113,92625,2136,94761,1256
2021-07-20,Alpine,003,1148,88,89,0,89,0
2021-07-20,Amador,005,37829,3847,3807,34,3841,48
2021-07-20,Butte,007,227075,13179,12916,1938,14854,203
2021-07-20,Calaveras,009,45235,2276,2249,15,2264,57
2021-07-20,Colusa,011,21464,2004,1985,340,2325,16
2021-07-20,Contra Costa,013,1133247,74587,73143,1441,74584,825
2021-07-20,Del Norte,015,27424,1551,1490,14,1504,8
2021-07-20,El Dorado,017,186661,10942,10727,845,11572,116
2021-07-20,Fresno,019,978130,104920,103438,8980,112418,1736
2021-07-20,Glenn,021,27897,2473,2453,575,3028,20
2021-07-20,Humboldt,023,135768,4853,4735,62,4797,52
2021-07-20,Imperial,025,180216,29143,28933,2723,31656,742
2021-07-20,Inyo,027,18085,1430,1420,12,1432,36
2021-07-20,Kern,029,883053,99144,98082,11553,109635,1350
2021-07-20,Kings,031,150075,23620,23254,1133,24387,246
2021-07-20,Lake,033,64148,4052,3871,14,3885,64
2021-07-20,Lassen,035,31185,5323,5306,118,5424,21
2021-07-20,Los Angeles,037,10098052,1242866,1227404,43865,1271269,24603
2021-07-20,Madera,039,155013,17099,16856,979,17835,245
2021-07-20,Marin,041,260295,14654,14396,279,14675,234
2021-07-20,Mariposa,043,17540,456,448,11,459,5
2021-07-20,Mendocino,045,87422,4396,4259,90,4349,49
2021-07-20,Merced,047,269075,31715,31578,1084,32662,473
2021-07-20,Modoc,049,8938,421,413,148,561,5
2021-07-20,Mono,051,14174,1280,1281,18,1299,3
2021-07-20,Monterey,053,433212,43713,43481,1919,45400,515
2021-07-20,Napa,055,140530,10319,10191,49,10240,81
2021-07-20,Nevada,057,99092,5277,5148,199,5347,72
2021-07-20,Orange,059,3164182,262214,259303,11984,271287,5139
2021-07-20,Placer,061,380077,24859,24408,1755,26163,303
2021-07-20,Plumas,063,18699,748,736,14,750,4
2021-07-20,Riverside,065,2383286,301004,296118,14462,310580,4543
2021-07-20,Sacramento,067,1510023,113318,111796,2101,113897,1695
2021-07-20,San Benito,069,59416,6205,6196,115,6311,63
2021-07-20,San Bernardino,071,2135413,299727,297222,9279,306501,5231
2021-07-20,San Diego,073,3302833,291740,288209,16627,304836,3786
2021-07-20,San Francisco,075,870044,39523,38536,1407,39943,558
2021-07-20,San Joaquin,077,732212,76055,75198,3775,78973,1433
2021-07-20,San Luis Obispo,079,281455,21943,21556,784,22340,259
2021-07-20,San Mateo,081,765935,44178,43670,544,44214,542
2021-07-20,Santa Barbara,083,443738,35339,34935,1160,36095,462
2021-07-20,Santa Clara,085,1922200,122190,120704,822,121526,2098
2021-07-20,Santa Cruz,087,273765,16581,16399,814,17213,207
2021-07-20,Shasta,089,179085,12848,12734,1704,14438,211
2021-07-20,Sierra,091,2930,67,64,12,76,0
2021-07-20,Siskiyou,093,43540,2041,1931,420,2351,31
2021-07-20,Solano,095,438530,34917,34337,669,35006,258
2021-07-20,Sonoma,097,501317,32242,31763,376,32139,326
2021-07-20,Stanislaus,099,539301,58188,57706,6193,63899,1028
2021-07-20,Sutter,101,95872,9922,9854,94,9948,114
2021-07-20,Tehama,103,63373,5220,5153,597,5750,65
2021-07-20,Trinity,105,12862,503,344,107,451,3
2021-07-20,Tulare,107,460477,50889,50047,9309,59356,854
2021-07-20,Tuolumne,109,53932,4201,4156,46,4202,64
2021-07-20,Ventura,111,848112,83271,82504,3331,85835,1041
2021-07-20,Yolo,113,214977,14716,14495,430,14925,213
2021-07-20,Yuba,115,75493,6520,6393,134,6527,52
2021-07-19,Alameda,001,1643700,93738,92357,2120,94477,1256
2021-07-19,Alpine,003,1148,88,89,0,89,0
2021-07-19,Amador,005,37829,3843,3802,34,3836,48
2021-07-19,Butte,007,227075,13135,12901,1933,14834,202
2021-07-19,Calaveras,009,45235,2272,2245,15,2260,57
2021-07-19,Colusa,011,21464,2002,1981,339,2320,16
2021-07-19,Contra Costa,013,1133247,74275,72935,1421,74356,825
2021-07-19,Del Norte,015,27424,1538,1484,14,1498,8
2021-07-19,El Dorado,017,186661,10912,10703,837,11540,114
2021-07-19,Fresno,019,978130,104790,103350,8967,112317,1731
2021-07-19,Glenn,021,27897,2473,2452,574,3026,20
2021-07-19,Humboldt,023,135768,4823,4719,60,4779,52
2021-07-19,Imperial,025,180216,29116,28888,2722,31610,742
2021-07-19,Inyo,027,18085,1429,1417,12,1429,36
2021-07-19,Kern,029,883053,99030,97999,11519,109518,1349
2021-07-19,Kings,031,150075,23590,23221,1127,24348,246
2021-07-19,Lake,033,64148,4016,3848,14,3862,64
2021-07-19,Lassen,035,31185,5322,5305,118,5423,21
2021-07-19,Los Angeles,037,10098052,1240263,1225946,43675,1269621,24600
2021-07-19,Madera,039,155013,17076,16846,976,17822,244
2021-07-19,Marin,041,260295,14619,14369,276,14645,234
2021-07-19,Mariposa,043,17540,450,447,11,458,5
2021-07-19,Mendocino,045,87422,4378,4251,90,4341,49
2021-07-19,Merced,047,269075,31651,31565,1077,32642,472
2021-07-19,Modoc,049,8938,420,413,148,561,5
2021-07-19,Mono,051,14174,1278,1280,18,1298,3
2021-07-19,Monterey,053,433212,43689,43436,1918,45354,515
2021-07-19,Napa,055,140530,10294,10180,47,10227,81
2021-07-19,Nevada,057,99092,5249,5133,198,5331,72
2021-07-19,Orange,059,3164182,261691,258927,11952,270879,5138
2021-07-19,Placer,061,380077,24760,24359,1733,26092,303
2021-07-19,Plumas,063,18699,748,730,14,744,4
2021-07-19,Riverside,065,2383286,300514,295736,14424,310160,4543
2021-07-19,Sacramento,067,1510023,112954,111470,2077,113547,1696
2021-07-19,San Benito,069,59416,6202,6193,115,6308,63
2021-07-19,San Bernardino,071,2135413,299354,296929,9261,306190,5235
2021-07-19,San Diego,073,3302833,290840,287695,16522,304217,3786
2021-07-19,San Francisco,075,870044,39251,38463,1394,39857,560
2021-07-19,San Joaquin,077,732212,75890,75086,3770,78856,1431
2021-07-19,San Luis Obispo,079,281455,21898,21531,780,22311,259
2021-07-19,San Mateo,081,765935,44036,43563,535,44098,542
2021-07-19,Santa Barbara,083,443738,35267,34904,1158,36062,461
2021-07-19,Santa Clara,085,1922200,121932,120554,821,121375,2098
2021-07-19,Santa Cruz,087,273765,16565,16387,814,17201,207
2021-07-19,Shasta,089,179085,12830,12723,1702,14425,209
2021-07-19,Sierra,091,2930,66,64,12,76,0
2021-07-19,Siskiyou,093,43540,2036,1927,418,2345,31
2021-07-19,Solano,095,438530,34742,34262,658,34920,261
2021-07-19,Sonoma,097,501317,32121,31713,375,32088,325
2021-07-19,Stanislaus,099,539301,58087,57644,6183,63827,1027
2021-07-19,Sutter,101,95872,9906,9834,94,9928,114
2021-07-19,Tehama,103,63373,5214,5152,595,5747,65
2021-07-19,Trinity,105,12862,503,344,106,450,3
2021-07-19,Tulare,107,460477,50842,49994,9293,59287,855
2021-07-19,Tuolumne,109,53932,4191,4151,46,4197,64
2021-07-19,Ventura,111,848112,83175,82409,3309,85718,1041
2021-07-19,Yolo,113,214977,14684,14439,428,14867,213
2021-07-19,Yuba,115,75493,6496,6370,134,6504,52
2021-07-18,Alameda,001,1643700,93381,92162,2108,94270,1256
2021-07-18,Alpine,003,1148,88,89,0,89,0
2021-07-18,Amador,005,37829,3832,3799,34,3833,48
2021-07-18,Butte,007,227075,13092,12888,1929,14817,202
2021-07-18,Calaveras,009,45235,2269,2243,15,2258,57
2021-07-18,Colusa,011,21464,2002,1981,338,2319,16
2021-07-18,Contra Costa,013,1133247,73959,72849,1403,74252,825
2021-07-18,Del Norte,015,27424,1529,1482,14,1496,8
2021-07-18,El Dorado,017,186661,10874,10687,829,11516,114
2021-07-18,Fresno,019,978130,104636,103298,8949,112247,1731
2021-07-18,Glenn,021,27897,2472,2452,573,3025,20
2021-07-18,Humboldt,023,135768,4787,4714,60,4774,52
2021-07-18,Imperial,025,180216,29079,28877,2721,31598,742
2021-07-18,Inyo,027,18085,1425,1417,12,1429,36
2021-07-18,Kern,029,883053,98904,97963,11477,109440,1349
2021-07-18,Kings,031,150075,23569,23203,1123,24326,246
2021-07-18,Lake,033,64148,3980,3825,14,3839,64
2021-07-18,Lassen,035,31185,5322,5305,118,5423,21
2021-07-18,Los Angeles,037,10098052,1237573,1224691,43484,1268175,24598
2021-07-18,Madera,039,155013,17051,16838,972,17810,244
2021-07-18,Marin,041,260295,14583,14358,274,14632,234
2021-07-18,Mariposa,043,17540,449,447,11,458,5
2021-07-18,Mendocino,045,87422,4357,4246,90,4336,49
2021-07-18,Merced,047,269075,31620,31537,1075,32612,471
2021-07-18,Modoc,049,8938,420,413,148,561,5
2021-07-18,Mono,051,14174,1277,1280,18,1298,3
2021-07-18,Monterey,053,433212,43671,43422,1908,45330,515
2021-07-18,Napa,055,140530,10277,10174,44,10218,81
2021-07-18,Nevada,057,99092,5223,5124,198,5322,72
2021-07-18,Orange,059,3164182,261207,258724,11923,270647,5138
2021-07-18,Placer,061,380077,24693,24313,1706,26019,303
2021-07-18,Plumas,063,18699,748,730,14,744,4
2021-07-18,Riverside,065,2383286,300022,295522,14382,309904,4543
2021-07-18,Sacramento,067,1510023,112523,111255,2045,113300,1696
2021-07-18,San Benito,069,59416,6194,6191,115,6306,63
2021-07-18,San Bernardino,071,2135413,298880,296739,9246,305985,5233
2021-07-18,San Diego,073,3302833,290024,286287,16438,302725,3786
2021-07-18,San Francisco,075,870044,39016,38367,1383,39750,560
2021-07-18,San Joaquin,077,732212,75713,74997,3757,78754,1431
2021-07-18,San Luis Obispo,079,281455,21863,21527,777,22304,259
2021-07-18,San Mateo,081,765935,43923,43506,529,44035,542
2021-07-18,Santa Barbara,083,443738,35202,34880,1156,36036,461
2021-07-18,Santa Clara,085,1922200,121718,120438,814,121252,2098
2021-07-18,Santa Cruz,087,273765,16533,16372,813,17185,207
2021-07-18,Shasta,089,179085,12805,12714,1698,14412,209
2021-07-18,Sierra,091,2930,66,64,12,76,0
2021-07-18,Siskiyou,093,43540,2030,1927,413,2340,31
2021-07-18,Solano,095,438530,34614,34215,654,34869,261
2021-07-18,Sonoma,097,501317,32016,31675,374,32049,325
2021-07-18,Stanislaus,099,539301,57976,57600,6158,63758,1028
2021-07-18,Sutter,101,95872,9874,9826,94,9920,114
2021-07-18,Tehama,103,63373,5211,5150,594,5744,65
2021-07-18,Trinity,105,12862,503,344,106,450,3
2021-07-18,Tulare,107,460477,50789,49985,9270,59255,855
2021-07-18,Tuolumne,109,53932,4173,4149,46,4195,64
2021-07-18,Ventura,111,848112,83061,82361,3285,85646,1041
2021-07-18,Yolo,113,214977,14625,14425,422,14847,213
2021-07-18,Yuba,115,75493,6455,6357,134,6491,52
2021-07-17,Alameda,001,1643700,93164,91346,2096,93442,1255
2021-07-17,Alpine,003,1148,88,89,0,89,0
2021-07-17,Amador,005,37829,3823,3785,34,3819,48
2021-07-17,Butte,007,227075,13078,12824,1925,14749,202
2021-07-17,Calaveras,009,45235,2263,2237,15,2252,57
2021-07-17,Colusa,011,21464,1999,1976,338,2314,16
2021-07-17,Contra Costa,013,1133247,73777,72254,1390,73644,824
2021-07-17,Del Norte,015,27424,1521,1475,14,1489,8
2021-07-17,El Dorado,017,186661,10847,10622,825,11447,114
2021-07-17,Fresno,019,978130,104563,103055,8935,111990,1730
2021-07-17,Glenn,021,27897,2471,2451,573,3024,20
2021-07-17,Humboldt,023,135768,4774,4654,59,4713,52
2021-07-17,Imperial,025,180216,29063,28840,2721,31561,742
2021-07-17,Inyo,027,18085,1425,1416,12,1428,36
2021-07-17,Kern,029,883053,98847,97796,11440,109236,1348
2021-07-17,Kings,031,150075,23549,23163,1122,24285,246
2021-07-17,Lake,033,64148,3955,3760,14,3774,64
2021-07-17,Lassen,035,31185,5322,5302,118,5420,21
2021-07-17,Los Angeles,037,10098052,1236043,1219733,43342,1263075,24582
2021-07-17,Madera,039,155013,17043,16804,972,17776,240
2021-07-17,Marin,041,260295,14565,14297,272,14569,234
2021-07-17,Mariposa,043,17540,449,445,11,456,5
2021-07-17,Mendocino,045,87422,4345,4209,90,4299,49
2021-07-17,Merced,047,269075,31599,31451,1071,32522,471
2021-07-17,Modoc,049,8938,420,412,148,560,5
2021-07-17,Mono,051,14174,1275,1277,18,1295,3
2021-07-17,Monterey,053,433212,43648,43367,1903,45270,515
2021-07-17,Napa,055,140530,10261,10129,44,10173,81
2021-07-17,Nevada,057,99092,5208,5066,198,5264,72
2021-07-17,Orange,059,3164182,260900,257805,11884,269689,5136
2021-07-17,Placer,061,380077,24626,24169,1692,25861,303
2021-07-17,Plumas,063,18699,743,721,14,735,4
2021-07-17,Riverside,065,2383286,299715,294751,14350,309101,4542
2021-07-17,Sacramento,067,1510023,112288,110432,2024,112456,1694
2021-07-17,San Benito,069,59416,6188,6181,115,6296,63
2021-07-17,San Bernardino,071,2135413,298643,296048,9227,305275,5218
2021-07-17,San Diego,073,3302833,289617,285698,16370,302068,3786
2021-07-17,San Francisco,075,870044,38894,37978,1379,39357,560
2021-07-17,San Joaquin,077,732212,75626,74695,3751,78446,1430
2021-07-17,San Luis Obispo,079,281455,21836,21462,777,22239,258
2021-07-17,San Mateo,081,765935,43852,43324,528,43852,542
2021-07-17,Santa Barbara,083,443738,35161,34769,1153,35922,461
2021-07-17,Santa Clara,085,1922200,121546,119980,811,120791,2097
2021-07-17,Santa Cruz,087,273765,16526,16337,813,17150,207
2021-07-17,Shasta,089,179085,12790,12683,1693,14376,210
2021-07-17,Sierra,091,2930,66,62,12,74,0
2021-07-17,Siskiyou,093,43540,2025,1922,410,2332,29
2021-07-17,Solano,095,438530,34549,34015,646,34661,263
2021-07-17,Sonoma,097,501317,31948,31536,373,31909,322
2021-07-17,Stanislaus,099,539301,57899,57400,6144,63544,1028
2021-07-17,Sutter,101,95872,9864,9778,94,9872,114
2021-07-17,Tehama,103,63373,5208,5145,594,5739,64
2021-07-17,Trinity,105,12862,502,341,106,447,3
2021-07-17,Tulare,107,460477,50768,49937,9258,59195,854
2021-07-17,Tuolumne,109,53932,4163,4131,46,4177,64
2021-07-17,Ventura,111,848112,82992,82125,3274,85399,1041
2021-07-17,Yolo,113,214977,14593,14356,415,14771,213
2021-07-17,Yuba,115,75493,6444,6309,134,6443,52
2021-07-16,Alameda,001,1643700,92924,91346,2085,93431,1255
2021-07-16,Alpine,003,1148,88,89,0,89,0
2021-07-16,Amador,005,37829,3820,3785,34,3819,48
2021-07-16,Butte,007,227075,13053,12824,1922,14746,202
2021-07-16,Calaveras,009,45235,2262,2237,15,2252,57
2021-07-16,Colusa,011,21464,1997,1976,337,2313,16
2021-07-16,Contra Costa,013,1133247,73588,72254,1386,73640,824
2021-07-16,Del Norte,015,27424,1519,1475,14,1489,8
2021-07-16,El Dorado,017,186661,10828,10622,824,11446,114
2021-07-16,Fresno,019,978130,104511,103055,8915,111970,1730
2021-07-16,Glenn,021,27897,2471,2451,573,3024,20
2021-07-16,Humboldt,023,135768,4752,4654,59,4713,52
2021-07-16,Imperial,025,180216,29051,28840,2721,31561,742
2021-07-16,Inyo,027,18085,1423,1416,12,1428,36
2021-07-16,Kern,029,883053,98785,97796,11400,109196,1348
2021-07-16,Kings,031,150075,23524,23163,1121,24284,246
2021-07-16,Lake,033,64148,3928,3760,14,3774,64
2021-07-16,Lassen,035,31185,5321,5302,118,5420,21
2021-07-16,Los Angeles,037,10098052,1234540,1219733,43197,1262930,24582
2021-07-16,Madera,039,155013,17025,16804,972,17776,240
2021-07-16,Marin,041,260295,14541,14297,269,14566,234
2021-07-16,Mariposa,043,17540,449,445,11,456,5
2021-07-16,Mendocino,045,87422,4336,4209,89,4298,49
2021-07-16,Merced,047,269075,31577,31451,1069,32520,471
2021-07-16,Modoc,049,8938,420,412,148,560,5
2021-07-16,Mono,051,14174,1274,1277,18,1295,3
2021-07-16,Monterey,053,433212,43626,43367,1902,45269,515
2021-07-16,Napa,055,140530,10237,10129,43,10172,81
2021-07-16,Nevada,057,99092,5198,5066,198,5264,72
2021-07-16,Orange,059,3164182,260628,257805,11844,269649,5136
2021-07-16,Placer,061,380077,24573,24169,1687,25856,303
2021-07-16,Plumas,063,18699,742,721,14,735,4
2021-07-16,Riverside,065,2383286,299439,294751,14324,309075,4542
2021-07-16,Sacramento,067,1510023,112071,110432,2011,112443,1694
2021-07-16,San Benito,069,59416,6186,6181,115,6296,63
2021-07-16,San Bernardino,071,2135413,298366,296048,9210,305258,5218
2021-07-16,San Diego,073,3302833,289175,285698,16323,302021,3786
2021-07-16,San Francisco,075,870044,38777,37978,1374,39352,560
2021-07-16,San Joaquin,077,732212,75532,74695,3748,78443,1430
2021-07-16,San Luis Obispo,079,281455,21819,21462,777,22239,258
2021-07-16,San Mateo,081,765935,43799,43324,527,43851,542
2021-07-16,Santa Barbara,083,443738,35123,34769,1153,35922,461
2021-07-16,Santa Clara,085,1922200,121399,119980,804,120784,2097
2021-07-16,Santa Cruz,087,273765,16513,16337,813,17150,207
2021-07-16,Shasta,089,179085,12780,12683,1692,14375,210
2021-07-16,Sierra,091,2930,66,62,12,74,0
2021-07-16,Siskiyou,093,43540,2023,1922,408,2330,29
2021-07-16,Solano,095,438530,34482,34015,638,34653,263
2021-07-16,Sonoma,097,501317,31896,31536,370,31906,322
2021-07-16,Stanislaus,099,539301,57849,57400,6134,63534,1028
2021-07-16,Sutter,101,95872,9852,9778,94,9872,114
2021-07-16,Tehama,103,63373,5206,5145,594,5739,64
2021-07-16,Trinity,105,12862,502,341,105,446,3
2021-07-16,Tulare,107,460477,50744,49937,9248,59185,854
2021-07-16,Tuolumne,109,53932,4157,4131,46,4177,64
2021-07-16,Ventura,111,848112,82927,82125,3267,85392,1041
2021-07-16,Yolo,113,214977,14567,14356,411,14767,213
2021-07-16,Yuba,115,75493,6422,6309,133,6442,52
2021-07-15,Alameda,001,1643700,92627,91346,2075,93421,1255
2021-07-15,Alpine,003,1148,88,89,0,89,0
2021-07-15,Amador,005,37829,3817,3785,34,3819,48
2021-07-15,Butte,007,227075,13027,12824,1920,14744,202
2021-07-15,Calaveras,009,45235,2259,2237,15,2252,57
2021-07-15,Colusa,011,21464,1996,1976,336,2312,16
2021-07-15,Contra Costa,013,1133247,73375,72254,1379,73633,824
2021-07-15,Del Norte,015,27424,1516,1475,14,1489,8
2021-07-15,El Dorado,017,186661,10801,10622,822,11444,114
2021-07-15,Fresno,019,978130,104414,103055,8895,111950,1730
2021-07-15,Glenn,021,27897,2471,2451,573,3024,20
2021-07-15,Humboldt,023,135768,4734,4654,58,4712,52
2021-07-15,Imperial,025,180216,29028,28840,2721,31561,742
2021-07-15,Inyo,027,18085,1423,1416,12,1428,36
2021-07-15,Kern,029,883053,98715,97796,11372,109168,1348
2021-07-15,Kings,031,150075,23486,23163,1118,24281,246
2021-07-15,Lake,033,64148,3889,3760,14,3774,64
2021-07-15,Lassen,035,31185,5320,5302,118,5420,21
2021-07-15,Los Angeles,037,10098052,1232560,1219733,43038,1262771,24582
2021-07-15,Madera,039,155013,17003,16804,968,17772,240
2021-07-15,Marin,041,260295,14516,14297,269,14566,234
2021-07-15,Mariposa,043,17540,449,445,11,456,5
2021-07-15,Mendocino,045,87422,4328,4209,88,4297,49
2021-07-15,Merced,047,269075,31547,31451,1069,32520,471
2021-07-15,Modoc,049,8938,420,412,148,560,5
2021-07-15,Mono,051,14174,1274,1277,18,1295,3
2021-07-15,Monterey,053,433212,43597,43367,1899,45266,515
2021-07-15,Napa,055,140530,10212,10129,42,10171,81
2021-07-15,Nevada,057,99092,5181,5066,197,5263,72
2021-07-15,Orange,059,3164182,260277,257805,11813,269618,5136
2021-07-15,Placer,061,380077,24513,24169,1670,25839,303
2021-07-15,Plumas,063,18699,741,721,14,735,4
2021-07-15,Riverside,065,2383286,299117,294751,14309,309060,4542
2021-07-15,Sacramento,067,1510023,111767,110432,1994,112426,1694
2021-07-15,San Benito,069,59416,6184,6181,115,6296,63
2021-07-15,San Bernardino,071,2135413,298060,296048,9196,305244,5218
2021-07-15,San Diego,073,3302833,288537,285698,16245,301943,3786
2021-07-15,San Francisco,075,870044,38625,37978,1366,39344,560
2021-07-15,San Joaquin,077,732212,75415,74695,3743,78438,1430
2021-07-15,San Luis Obispo,079,281455,21787,21462,777,22239,258
2021-07-15,San Mateo,081,765935,43695,43324,522,43846,542
2021-07-15,Santa Barbara,083,443738,35067,34769,1152,35921,461
2021-07-15,Santa Clara,085,1922200,121277,119980,801,120781,2097
2021-07-15,Santa Cruz,087,273765,16500,16337,813,17150,207
2021-07-15,Shasta,089,179085,12772,12683,1688,14371,210
2021-07-15,Sierra,091,2930,66,62,12,74,0
2021-07-15,Siskiyou,093,43540,2022,1922,408,2330,29
2021-07-15,Solano,095,438530,34407,34015,632,34647,263
2021-07-15,Sonoma,097,501317,31835,31536,370,31906,322
2021-07-15,Stanislaus,099,539301,57780,57400,6121,63521,1028
2021-07-15,Sutter,101,95872,9832,9778,93,9871,114
2021-07-15,Tehama,103,63373,5200,5145,593,5738,64
2021-07-15,Trinity,105,12862,502,341,105,446,3
2021-07-15,Tulare,107,460477,50724,49937,9231,59168,854
2021-07-15,Tuolumne,109,53932,4145,4131,46,4177,64
2021-07-15,Ventura,111,848112,82851,82125,3262,85387,1041
2021-07-15,Yolo,113,214977,14540,14356,410,14766,213
2021-07-15,Yuba,115,75493,6407,6309,132,6441,52
2021-07-14,Alameda,001,1643700,92367,91092,2058,93150,1255
2021-07-14,Alpine,003,1148,88,89,0,89,0
2021-07-14,Amador,005,37829,3809,3784,34,3818,48
2021-07-14,Butte,007,227075,13000,12813,1913,14726,202
2021-07-14,Calaveras,009,45235,2252,2234,15,2249,57
2021-07-14,Colusa,011,21464,1993,1974,336,2310,16
2021-07-14,Contra Costa,013,1133247,73146,72091,1367,73458,823
2021-07-14,Del Norte,015,27424,1515,1472,14,1486,8
2021-07-14,El Dorado,017,186661,10775,10598,819,11417,114
2021-07-14,Fresno,019,978130,104334,102966,8884,111850,1728
2021-07-14,Glenn,021,27897,2471,2449,573,3022,20
2021-07-14,Humboldt,023,135768,4711,4644,56,4700,52
2021-07-14,Imperial,025,180216,28999,28822,2721,31543,742
2021-07-14,Inyo,027,18085,1422,1415,12,1427,36
2021-07-14,Kern,029,883053,98651,97736,11347,109083,1346
2021-07-14,Kings,031,150075,23473,23142,1118,24260,246
2021-07-14,Lake,033,64148,3856,3739,14,3753,63
2021-07-14,Lassen,035,31185,5319,5298,118,5416,21
2021-07-14,Los Angeles,037,10098052,1230543,1218265,42897,1261162,24578
2021-07-14,Madera,039,155013,16991,16786,966,17752,240
2021-07-14,Marin,041,260295,14482,14269,267,14536,233
2021-07-14,Mariposa,043,17540,447,445,11,456,5
2021-07-14,Mendocino,045,87422,4315,4193,88,4281,49
2021-07-14,Merced,047,269075,31510,31412,1065,32477,471
2021-07-14,Modoc,049,8938,420,412,148,560,4
2021-07-14,Mono,051,14174,1274,1278,18,1296,3
2021-07-14,Monterey,053,433212,43573,43347,1897,45244,504
2021-07-14,Napa,055,140530,10190,10121,42,10163,81
2021-07-14,Nevada,057,99092,5161,5058,197,5255,72
2021-07-14,Orange,059,3164182,259960,257558,11783,269341,5137
2021-07-14,Placer,061,380077,24460,24125,1658,25783,303
2021-07-14,Plumas,063,18699,734,719,14,733,4
2021-07-14,Riverside,065,2383286,298793,294511,14293,308804,4542
2021-07-14,Sacramento,067,1510023,111439,110193,1970,112163,1688
2021-07-14,San Benito,069,59416,6181,6177,115,6292,63
2021-07-14,San Bernardino,071,2135413,297759,295820,9181,305001,5193
2021-07-14,San Diego,073,3302833,287965,285269,16165,301434,3786
2021-07-14,San Francisco,075,870044,38486,37836,1361,39197,559
2021-07-14,San Joaquin,077,732212,75323,74599,3734,78333,1416
2021-07-14,San Luis Obispo,079,281455,21765,21444,775,22219,258
2021-07-14,San Mateo,081,765935,43596,43249,518,43767,542
2021-07-14,Santa Barbara,083,443738,35025,34719,1150,35869,461
2021-07-14,Santa Clara,085,1922200,121127,119844,798,120642,2098
2021-07-14,Santa Cruz,087,273765,16488,16326,813,17139,207
2021-07-14,Shasta,089,179085,12752,12669,1685,14354,209
2021-07-14,Sierra,091,2930,66,62,12,74,0
2021-07-14,Siskiyou,093,43540,2015,1922,405,2327,29
2021-07-14,Solano,095,438530,34334,33948,632,34580,268
2021-07-14,Sonoma,097,501317,31783,31470,370,31840,322
2021-07-14,Stanislaus,099,539301,57705,57340,6109,63449,1028
2021-07-14,Sutter,101,95872,9810,9766,93,9859,114
2021-07-14,Tehama,103,63373,5198,5142,593,5735,64
2021-07-14,Trinity,105,12862,502,341,105,446,3
2021-07-14,Tulare,107,460477,50707,49908,9217,59125,853
2021-07-14,Tuolumne,109,53932,4142,4128,45,4173,64
2021-07-14,Ventura,111,848112,82757,82041,3251,85292,1040
2021-07-14,Yolo,113,214977,14507,14332,407,14739,213
2021-07-14,Yuba,115,75493,6389,6294,132,6426,52
2021-07-13,Alameda,001,1643700,92102,90874,2048,92922,1255
2021-07-13,Alpine,003,1148,88,89,0,89,0
2021-07-13,Amador,005,37829,3802,3783,34,3817,48
2021-07-13,Butte,007,227075,12986,12802,1912,14714,202
2021-07-13,Calaveras,009,45235,2248,2230,15,2245,57
2021-07-13,Colusa,011,21464,1991,1972,333,2305,16
2021-07-13,Contra Costa,013,1133247,72921,71963,1358,73321,823
2021-07-13,Del Norte,015,27424,1511,1471,14,1485,8
2021-07-13,El Dorado,017,186661,10757,10581,817,11398,114
2021-07-13,Fresno,019,978130,104258,102909,8874,111783,1727
2021-07-13,Glenn,021,27897,2469,2448,573,3021,20
2021-07-13,Humboldt,023,135768,4696,4634,56,4690,51
2021-07-13,Imperial,025,180216,28988,28792,2721,31513,741
2021-07-13,Inyo,027,18085,1421,1415,12,1427,36
2021-07-13,Kern,029,883053,98562,97698,11308,109006,1346
2021-07-13,Kings,031,150075,23455,23132,1117,24249,246
2021-07-13,Lake,033,64148,3829,3719,13,3732,63
2021-07-13,Lassen,035,31185,5317,5292,118,5410,21
2021-07-13,Los Angeles,037,10098052,1228691,1217184,42729,1259913,24569
2021-07-13,Madera,039,155013,16981,16773,962,17735,240
2021-07-13,Marin,041,260295,14453,14254,266,14520,233
2021-07-13,Mariposa,043,17540,446,443,11,454,5
2021-07-13,Mendocino,045,87422,4308,4185,88,4273,49
2021-07-13,Merced,047,269075,31489,31379,1062,32441,471
2021-07-13,Modoc,049,8938,420,411,148,559,4
2021-07-13,Mono,051,14174,1273,1277,18,1295,3
2021-07-13,Monterey,053,433212,43555,43333,1893,45226,504
2021-07-13,Napa,055,140530,10169,10118,42,10160,81
2021-07-13,Nevada,057,99092,5136,5053,197,5250,72
2021-07-13,Orange,059,3164182,259630,257339,11755,269094,5136
2021-07-13,Placer,061,380077,24414,24091,1645,25736,303
2021-07-13,Plumas,063,18699,733,716,14,730,4
2021-07-13,Riverside,065,2383286,298470,294302,14266,308568,4541
2021-07-13,Sacramento,067,1510023,111129,109990,1947,111937,1687
2021-07-13,San Benito,069,59416,6179,6173,115,6288,63
2021-07-13,San Bernardino,071,2135413,297482,295596,9159,304755,5183
2021-07-13,San Diego,073,3302833,287417,284997,16086,301083,3785
2021-07-13,San Francisco,075,870044,38342,37725,1355,39080,559
2021-07-13,San Joaquin,077,732212,75207,74500,3731,78231,1417
2021-07-13,San Luis Obispo,079,281455,21739,21423,772,22195,258
2021-07-13,San Mateo,081,765935,43527,43180,517,43697,542
2021-07-13,Santa Barbara,083,443738,34976,34679,1147,35826,461
2021-07-13,Santa Clara,085,1922200,120974,119727,794,120521,2098
2021-07-13,Santa Cruz,087,273765,16479,16315,811,17126,207
2021-07-13,Shasta,089,179085,12739,12659,1678,14337,209
2021-07-13,Sierra,091,2930,66,62,12,74,0
2021-07-13,Siskiyou,093,43540,2014,1916,403,2319,29
2021-07-13,Solano,095,438530,34269,33918,626,34544,268
2021-07-13,Sonoma,097,501317,31724,31431,370,31801,322
2021-07-13,Stanislaus,099,539301,57635,57282,6094,63376,1028
2021-07-13,Sutter,101,95872,9792,9752,92,9844,114
2021-07-13,Tehama,103,63373,5191,5144,593,5737,64
2021-07-13,Trinity,105,12862,502,341,104,445,3
2021-07-13,Tulare,107,460477,50682,49891,9201,59092,853
2021-07-13,Tuolumne,109,53932,4134,4122,44,4166,64
2021-07-13,Ventura,111,848112,82672,81982,3226,85208,1040
2021-07-13,Yolo,113,214977,14479,14320,400,14720,213
2021-07-13,Yuba,115,75493,6372,6279,132,6411,52
2021-07-12,Alameda,001,1643700,91842,90720,2041,92761,1254
2021-07-12,Alpine,003,1148,88,89,0,89,0
2021-07-12,Amador,005,37829,3795,3781,34,3815,47
2021-07-12,Butte,007,227075,12966,12796,1910,14706,202
2021-07-12,Calaveras,009,45235,2246,2228,15,2243,57
2021-07-12,Colusa,011,21464,1987,1971,332,2303,16
2021-07-12,Contra Costa,013,1133247,72720,71833,1353,73186,823
2021-07-12,Del Norte,015,27424,1508,1469,14,1483,8
2021-07-12,El Dorado,017,186661,10729,10569,815,11384,114
2021-07-12,Fresno,019,978130,104164,102853,8862,111715,1728
2021-07-12,Glenn,021,27897,2469,2446,573,3019,20
2021-07-12,Humboldt,023,135768,4680,4621,56,4677,51
2021-07-12,Imperial,025,180216,28958,28789,2721,31510,741
2021-07-12,Inyo,027,18085,1421,1415,12,1427,36
2021-07-12,Kern,029,883053,98493,97660,11283,108943,1346
2021-07-12,Kings,031,150075,23435,23124,1115,24239,246
2021-07-12,Lake,033,64148,3808,3706,13,3719,63
2021-07-12,Lassen,035,31185,5316,5292,118,5410,21
2021-07-12,Los Angeles,037,10098052,1226898,1216230,42596,1258826,24559
2021-07-12,Madera,039,155013,16970,16772,962,17734,240
2021-07-12,Marin,041,260295,14428,14238,265,14503,233
2021-07-12,Mariposa,043,17540,446,442,11,453,5
2021-07-12,Mendocino,045,87422,4297,4175,88,4263,49
2021-07-12,Merced,047,269075,31458,31374,1061,32435,471
2021-07-12,Modoc,049,8938,419,411,148,559,4
2021-07-12,Mono,051,14174,1271,1275,18,1293,3
2021-07-12,Monterey,053,433212,43534,43315,1889,45204,504
2021-07-12,Napa,055,140530,10151,10104,41,10145,81
2021-07-12,Nevada,057,99092,5113,5046,197,5243,72
2021-07-12,Orange,059,3164182,259277,257171,11732,268903,5136
2021-07-12,Placer,061,380077,24363,24052,1639,25691,302
2021-07-12,Plumas,063,18699,733,716,14,730,4
2021-07-12,Riverside,065,2383286,298162,294108,14237,308345,4541
2021-07-12,Sacramento,067,1510023,110914,109849,1921,111770,1685
2021-07-12,San Benito,069,59416,6176,6166,115,6281,63
2021-07-12,San Bernardino,071,2135413,297210,295447,9144,304591,5171
2021-07-12,San Diego,073,3302833,286948,284648,16010,300658,3785
2021-07-12,San Francisco,075,870044,38195,37656,1352,39008,559
2021-07-12,San Joaquin,077,732212,75113,74424,3721,78145,1415
2021-07-12,San Luis Obispo,079,281455,21720,21408,771,22179,258
2021-07-12,San Mateo,081,765935,43434,43138,510,43648,542
2021-07-12,Santa Barbara,083,443738,34933,34664,1145,35809,461
2021-07-12,Santa Clara,085,1922200,120809,119634,791,120425,2098
2021-07-12,Santa Cruz,087,273765,16454,16310,810,17120,207
2021-07-12,Shasta,089,179085,12732,12648,1675,14323,208
2021-07-12,Sierra,091,2930,66,62,12,74,0
2021-07-12,Siskiyou,093,43540,2009,1916,398,2314,29
2021-07-12,Solano,095,438530,34179,33859,617,34476,268
2021-07-12,Sonoma,097,501317,31676,31377,369,31746,322
2021-07-12,Stanislaus,099,539301,57566,57243,6087,63330,1028
2021-07-12,Sutter,101,95872,9775,9736,91,9827,114
2021-07-12,Tehama,103,63373,5186,5138,592,5730,63
2021-07-12,Trinity,105,12862,498,340,102,442,3
2021-07-12,Tulare,107,460477,50654,49882,9188,59070,853
2021-07-12,Tuolumne,109,53932,4130,4116,44,4160,64
2021-07-12,Ventura,111,848112,82571,81919,3205,85124,1040
2021-07-12,Yolo,113,214977,14451,14303,396,14699,213
2021-07-12,Yuba,115,75493,6357,6266,132,6398,52
2021-07-11,Alameda,001,1643700,91511,90597,2029,92626,1254
2021-07-11,Alpine,003,1148,88,89,0,89,0
2021-07-11,Amador,005,37829,3793,3779,34,3813,47
2021-07-11,Butte,007,227075,12944,12794,1904,14698,202
2021-07-11,Calaveras,009,45235,2244,2226,14,2240,57
2021-07-11,Colusa,011,21464,1986,1971,331,2302,16
2021-07-11,Contra Costa,013,1133247,72510,71744,1346,73090,823
2021-07-11,Del Norte,015,27424,1504,1467,13,1480,8
2021-07-11,El Dorado,017,186661,10700,10554,813,11367,114
2021-07-11,Fresno,019,978130,104069,102813,8842,111655,1728
2021-07-11,Glenn,021,27897,2468,2446,573,3019,20
2021-07-11,Humboldt,023,135768,4667,4611,55,4666,51
2021-07-11,Imperial,025,180216,28940,28787,2720,31507,741
2021-07-11,Inyo,027,18085,1419,1415,12,1427,36
2021-07-11,Kern,029,883053,98420,97637,11267,108904,1346
2021-07-11,Kings,031,150075,23404,23116,1112,24228,246
2021-07-11,Lake,033,64148,3777,3699,13,3712,63
2021-07-11,Lassen,035,31185,5313,5291,118,5409,21
2021-07-11,Los Angeles,037,10098052,1225146,1215182,42438,1257620,24558
2021-07-11,Madera,039,155013,16951,16766,961,17727,240
2021-07-11,Marin,041,260295,14402,14231,265,14496,233
2021-07-11,Mariposa,043,17540,445,442,11,453,5
2021-07-11,Mendocino,045,87422,4277,4167,88,4255,49
2021-07-11,Merced,047,269075,31434,31366,1056,32422,471
2021-07-11,Modoc,049,8938,418,411,148,559,4
2021-07-11,Mono,051,14174,1271,1275,18,1293,3
2021-07-11,Monterey,053,433212,43515,43307,1885,45192,504
2021-07-11,Napa,055,140530,10147,10100,41,10141,81
2021-07-11,Nevada,057,99092,5102,5035,196,5231,72
2021-07-11,Orange,059,3164182,258964,257009,11704,268713,5136
2021-07-11,Placer,061,380077,24306,24017,1627,25644,302
2021-07-11,Plumas,063,18699,733,716,14,730,4
2021-07-11,Riverside,065,2383286,297898,293969,14219,308188,4541
2021-07-11,Sacramento,067,1510023,110635,109696,1911,111607,1685
2021-07-11,San Benito,069,59416,6171,6163,115,6278,63
2021-07-11,San Bernardino,071,2135413,296904,295342,9119,304461,5167
2021-07-11,San Diego,073,3302833,286534,283819,15924,299743,3784
2021-07-11,San Francisco,075,870044,38066,37596,1346,38942,559
2021-07-11,San Joaquin,077,732212,74996,74376,3704,78080,1415
2021-07-11,San Luis Obispo,079,281455,21687,21403,770,22173,258
2021-07-11,San Mateo,081,765935,43355,43107,503,43610,542
2021-07-11,Santa Barbara,083,443738,34886,34646,1145,35791,461
2021-07-11,Santa Clara,085,1922200,120655,119549,790,120339,2098
2021-07-11,Santa Cruz,087,273765,16438,16303,810,17113,207
2021-07-11,Shasta,089,179085,12715,12647,1673,14320,208
2021-07-11,Sierra,091,2930,66,62,12,74,0
2021-07-11,Siskiyou,093,43540,2005,1915,396,2311,29
2021-07-11,Solano,095,438530,34097,33837,613,34450,268
2021-07-11,Sonoma,097,501317,31594,31352,369,31721,322
2021-07-11,Stanislaus,099,539301,57500,57230,6076,63306,1028
2021-07-11,Sutter,101,95872,9761,9728,91,9819,114
2021-07-11,Tehama,103,63373,5183,5138,592,5730,63
2021-07-11,Trinity,105,12862,497,340,102,442,3
2021-07-11,Tulare,107,460477,50629,49877,9170,59047,853
2021-07-11,Tuolumne,109,53932,4124,4116,44,4160,64
2021-07-11,Ventura,111,848112,82498,81875,3185,85060,1040
2021-07-11,Yolo,113,214977,14426,14285,390,14675,213
2021-07-11,Yuba,115,75493,6346,6260,132,6392,52
2021-07-10,Alameda,001,1643700,91360,90090,2025,92115,1252
2021-07-10,Alpine,003,1148,88,89,0,89,0
2021-07-10,Amador,005,37829,3787,3773,34,3807,47
2021-07-10,Butte,007,227075,12933,12764,1901,14665,202
2021-07-10,Calaveras,009,45235,2243,2214,14,2228,57
2021-07-10,Colusa,011,21464,1984,1969,331,2300,16
2021-07-10,Contra Costa,013,1133247,72410,71376,1345,72721,821
2021-07-10,Del Norte,015,27424,1502,1451,13,1464,8
2021-07-10,El Dorado,017,186661,10684,10508,809,11317,114
2021-07-10,Fresno,019,978130,104036,102675,8835,111510,1730
2021-07-10,Glenn,021,27897,2465,2440,572,3012,20
2021-07-10,Humboldt,023,135768,4658,4574,55,4629,51
2021-07-10,Imperial,025,180216,28927,28729,2720,31449,741
2021-07-10,Inyo,027,18085,1418,1415,12,1427,36
2021-07-10,Kern,029,883053,98380,97538,11250,108788,1346
2021-07-10,Kings,031,150075,23397,23090,1111,24201,246
2021-07-10,Lake,033,64148,3760,3667,13,3680,63
2021-07-10,Lassen,035,31185,5313,5290,118,5408,21
2021-07-10,Los Angeles,037,10098052,1224124,1212043,42336,1254379,24542
2021-07-10,Madera,039,155013,16945,16744,958,17702,241
2021-07-10,Marin,041,260295,14388,14194,265,14459,233
2021-07-10,Mariposa,043,17540,445,442,11,453,5
2021-07-10,Mendocino,045,87422,4270,4153,87,4240,49
2021-07-10,Merced,047,269075,31421,31328,1056,32384,470
2021-07-10,Modoc,049,8938,418,410,148,558,4
2021-07-10,Mono,051,14174,1271,1275,18,1293,3
2021-07-10,Monterey,053,433212,43501,43251,1883,45134,499
2021-07-10,Napa,055,140530,10135,10077,41,10118,81
2021-07-10,Nevada,057,99092,5093,5000,196,5196,72
2021-07-10,Orange,059,3164182,258786,256438,11688,268126,5135
2021-07-10,Placer,061,380077,24277,23916,1617,25533,302
2021-07-10,Plumas,063,18699,732,717,14,731,4
2021-07-10,Riverside,065,2383286,297708,293474,14205,307679,4541
2021-07-10,Sacramento,067,1510023,110486,109091,1906,110997,1682
2021-07-10,San Benito,069,59416,6166,6141,115,6256,63
2021-07-10,San Bernardino,071,2135413,296716,294932,9107,304039,5117
2021-07-10,San Diego,073,3302833,286244,283577,15871,299448,3783
2021-07-10,San Francisco,075,870044,37983,37338,1343,38681,559
2021-07-10,San Joaquin,077,732212,74939,74150,3698,77848,1412
2021-07-10,San Luis Obispo,079,281455,21676,21375,769,22144,258
2021-07-10,San Mateo,081,765935,43303,42948,501,43449,542
2021-07-10,Santa Barbara,083,443738,34859,34595,1145,35740,460
2021-07-10,Santa Clara,085,1922200,120552,119330,787,120117,2094
2021-07-10,Santa Cruz,087,273765,16431,16286,810,17096,207
2021-07-10,Shasta,089,179085,12702,12623,1668,14291,206
2021-07-10,Sierra,091,2930,66,61,12,73,0
2021-07-10,Siskiyou,093,43540,2003,1909,393,2302,29
2021-07-10,Solano,095,438530,34055,33678,607,34285,268
2021-07-10,Sonoma,097,501317,31543,31231,369,31600,317
2021-07-10,Stanislaus,099,539301,57464,57104,6066,63170,1026
2021-07-10,Sutter,101,95872,9749,9692,91,9783,114
2021-07-10,Tehama,103,63373,5180,5131,592,5723,63
2021-07-10,Trinity,105,12862,497,341,102,443,3
2021-07-10,Tulare,107,460477,50619,49850,9164,59014,853
2021-07-10,Tuolumne,109,53932,4122,4114,44,4158,64
2021-07-10,Ventura,111,848112,82453,81713,3167,84880,1039
2021-07-10,Yolo,113,214977,14405,14250,387,14637,213
2021-07-10,Yuba,115,75493,6336,6238,132,6370,52
2021-07-09,Alameda,001,1643700,91200,90090,2020,92110,1252
2021-07-09,Alpine,003,1148,88,89,0,89,0
2021-07-09,Amador,005,37829,3786,3773,34,3807,47
2021-07-09,Butte,007,227075,12922,12764,1899,14663,202
2021-07-09,Calaveras,009,45235,2241,2214,14,2228,57
2021-07-09,Colusa,011,21464,1983,1969,331,2300,16
2021-07-09,Contra Costa,013,1133247,72285,71376,1343,72719,821
2021-07-09,Del Norte,015,27424,1497,1451,13,1464,8
2021-07-09,El Dorado,017,186661,10669,10508,808,11316,114
2021-07-09,Fresno,019,978130,103980,102675,8828,111503,1730
2021-07-09,Glenn,021,27897,2464,2440,570,3010,20
2021-07-09,Humboldt,023,135768,4639,4574,55,4629,51
2021-07-09,Imperial,025,180216,28919,28729,2719,31448,741
2021-07-09,Inyo,027,18085,1417,1415,12,1427,36
2021-07-09,Kern,029,883053,98342,97538,11238,108776,1346
2021-07-09,Kings,031,150075,23386,23090,1110,24200,246
2021-07-09,Lake,033,64148,3746,3667,13,3680,63
2021-07-09,Lassen,035,31185,5311,5290,117,5407,21
2021-07-09,Los Angeles,037,10098052,1223119,1212043,42264,1254307,24542
2021-07-09,Madera,039,155013,16935,16744,957,17701,241
2021-07-09,Marin,041,260295,14367,14194,264,14458,233
2021-07-09,Mariposa,043,17540,445,442,11,453,5
2021-07-09,Mendocino,045,87422,4263,4153,87,4240,49
2021-07-09,Merced,047,269075,31406,31328,1056,32384,470
2021-07-09,Modoc,049,8938,418,410,148,558,4
2021-07-09,Mono,051,14174,1271,1275,18,1293,3
2021-07-09,Monterey,053,433212,43492,43251,1883,45134,499
2021-07-09,Napa,055,140530,10128,10077,41,10118,81
2021-07-09,Nevada,057,99092,5084,5000,196,5196,72
2021-07-09,Orange,059,3164182,258581,256438,11674,268112,5135
2021-07-09,Placer,061,380077,24255,23916,1611,25527,302
2021-07-09,Plumas,063,18699,730,717,14,731,4
2021-07-09,Riverside,065,2383286,297522,293474,14192,307666,4541
2021-07-09,Sacramento,067,1510023,110332,109091,1897,110988,1682
2021-07-09,San Benito,069,59416,6164,6141,115,6256,63
2021-07-09,San Bernardino,071,2135413,296564,294932,9100,304032,5117
2021-07-09,San Diego,073,3302833,285955,283577,15823,299400,3783
2021-07-09,San Francisco,075,870044,37903,37338,1336,38674,559
2021-07-09,San Joaquin,077,732212,74865,74150,3691,77841,1412
2021-07-09,San Luis Obispo,079,281455,21664,21375,769,22144,258
2021-07-09,San Mateo,081,765935,43259,42948,497,43445,542
2021-07-09,Santa Barbara,083,443738,34838,34595,1144,35739,460
2021-07-09,Santa Clara,085,1922200,120442,119330,787,120117,2094
2021-07-09,Santa Cruz,087,273765,16428,16286,810,17096,207
2021-07-09,Shasta,089,179085,12696,12623,1663,14286,206
2021-07-09,Sierra,091,2930,66,61,12,73,0
2021-07-09,Siskiyou,093,43540,2001,1909,392,2301,29
2021-07-09,Solano,095,438530,34019,33678,603,34281,268
2021-07-09,Sonoma,097,501317,31507,31231,369,31600,317
2021-07-09,Stanislaus,099,539301,57435,57104,6064,63168,1026
2021-07-09,Sutter,101,95872,9740,9692,91,9783,114
2021-07-09,Tehama,103,63373,5178,5131,592,5723,63
2021-07-09,Trinity,105,12862,496,341,99,440,3
2021-07-09,Tulare,107,460477,50606,49850,9158,59008,853
2021-07-09,Tuolumne,109,53932,4118,4114,44,4158,64
2021-07-09,Ventura,111,848112,82398,81713,3158,84871,1039
2021-07-09,Yolo,113,214977,14390,14250,383,14633,213
2021-07-09,Yuba,115,75493,6323,6238,132,6370,52
2021-07-08,Alameda,001,1643700,90993,90090,2017,92107,1252
2021-07-08,Alpine,003,1148,88,89,0,89,0
2021-07-08,Amador,005,37829,3784,3773,34,3807,47
2021-07-08,Butte,007,227075,12909,12764,1896,14660,202
2021-07-08,Calaveras,009,45235,2238,2214,13,2227,57
2021-07-08,Colusa,011,21464,1983,1969,331,2300,16
2021-07-08,Contra Costa,013,1133247,72157,71376,1338,72714,821
2021-07-08,Del Norte,015,27424,1495,1451,13,1464,8
2021-07-08,El Dorado,017,186661,10652,10508,802,11310,114
2021-07-08,Fresno,019,978130,103918,102675,8817,111492,1730
2021-07-08,Glenn,021,27897,2464,2440,570,3010,20
2021-07-08,Humboldt,023,135768,4623,4574,54,4628,51
2021-07-08,Imperial,025,180216,28907,28729,2718,31447,741
2021-07-08,Inyo,027,18085,1417,1415,12,1427,36
2021-07-08,Kern,029,883053,98294,97538,11223,108761,1346
2021-07-08,Kings,031,150075,23377,23090,1110,24200,246
2021-07-08,Lake,033,64148,3732,3667,13,3680,63
2021-07-08,Lassen,035,31185,5308,5290,117,5407,21
2021-07-08,Los Angeles,037,10098052,1221905,1212043,42169,1254212,24542
2021-07-08,Madera,039,155013,16919,16744,957,17701,241
2021-07-08,Marin,041,260295,14353,14194,264,14458,233
2021-07-08,Mariposa,043,17540,444,442,11,453,5
2021-07-08,Mendocino,045,87422,4260,4153,87,4240,49
2021-07-08,Merced,047,269075,31392,31328,1054,32382,470
2021-07-08,Modoc,049,8938,418,410,148,558,4
2021-07-08,Mono,051,14174,1271,1275,18,1293,3
2021-07-08,Monterey,053,433212,43472,43251,1877,45128,499
2021-07-08,Napa,055,140530,10124,10077,41,10118,81
2021-07-08,Nevada,057,99092,5078,5000,196,5196,72
2021-07-08,Orange,059,3164182,258386,256438,11652,268090,5135
2021-07-08,Placer,061,380077,24216,23916,1603,25519,302
2021-07-08,Plumas,063,18699,729,717,14,731,4
2021-07-08,Riverside,065,2383286,297321,293474,14176,307650,4541
2021-07-08,Sacramento,067,1510023,110110,109091,1892,110983,1682
2021-07-08,San Benito,069,59416,6161,6141,115,6256,63
2021-07-08,San Bernardino,071,2135413,296389,294932,9091,304023,5117
2021-07-08,San Diego,073,3302833,285628,283577,15775,299352,3783
2021-07-08,San Francisco,075,870044,37823,37338,1332,38670,559
2021-07-08,San Joaquin,077,732212,74777,74150,3678,77828,1412
2021-07-08,San Luis Obispo,079,281455,21652,21375,766,22141,258
2021-07-08,San Mateo,081,765935,43208,42948,496,43444,542
2021-07-08,Santa Barbara,083,443738,34811,34595,1142,35737,460
2021-07-08,Santa Clara,085,1922200,120349,119330,786,120116,2094
2021-07-08,Santa Cruz,087,273765,16422,16286,810,17096,207
2021-07-08,Shasta,089,179085,12690,12623,1659,14282,206
2021-07-08,Sierra,091,2930,66,61,12,73,0
2021-07-08,Siskiyou,093,43540,1996,1909,389,2298,29
2021-07-08,Solano,095,438530,33964,33678,597,34275,268
2021-07-08,Sonoma,097,501317,31476,31231,368,31599,317
2021-07-08,Stanislaus,099,539301,57409,57104,6060,63164,1026
2021-07-08,Sutter,101,95872,9726,9692,89,9781,114
2021-07-08,Tehama,103,63373,5175,5131,591,5722,63
2021-07-08,Trinity,105,12862,496,341,99,440,3
2021-07-08,Tulare,107,460477,50588,49850,9151,59001,853
2021-07-08,Tuolumne,109,53932,4116,4114,44,4158,64
2021-07-08,Ventura,111,848112,82334,81713,3142,84855,1039
2021-07-08,Yolo,113,214977,14371,14250,381,14631,213
2021-07-08,Yuba,115,75493,6315,6238,132,6370,52
2021-07-07,Alameda,001,1643700,90808,89995,2011,92006,1253
2021-07-07,Alpine,003,1148,88,89,0,89,0
2021-07-07,Amador,005,37829,3779,3770,34,3804,47
2021-07-07,Butte,007,227075,12896,12750,1891,14641,202
2021-07-07,Calaveras,009,45235,2231,2212,13,2225,57
2021-07-07,Colusa,011,21464,1979,1969,331,2300,16
2021-07-07,Contra Costa,013,1133247,72010,71308,1336,72644,821
2021-07-07,Del Norte,015,27424,1490,1446,13,1459,8
2021-07-07,El Dorado,017,186661,10632,10494,800,11294,114
2021-07-07,Fresno,019,978130,103868,102639,8810,111449,1729
2021-07-07,Glenn,021,27897,2464,2441,570,3011,20
2021-07-07,Humboldt,023,135768,4609,4566,54,4620,51
2021-07-07,Imperial,025,180216,28900,28701,2718,31419,740
2021-07-07,Inyo,027,18085,1416,1415,12,1427,36
2021-07-07,Kern,029,883053,98250,97507,11208,108715,1348
2021-07-07,Kings,031,150075,23364,23085,1107,24192,245
2021-07-07,Lake,033,64148,3713,3660,13,3673,63
2021-07-07,Lassen,035,31185,5308,5286,117,5403,21
2021-07-07,Los Angeles,037,10098052,1220725,1211316,42065,1253381,24531
2021-07-07,Madera,039,155013,16908,16733,955,17688,241
2021-07-07,Marin,041,260295,14334,14183,263,14446,233
2021-07-07,Mariposa,043,17540,442,442,11,453,5
2021-07-07,Mendocino,045,87422,4251,4145,87,4232,49
2021-07-07,Merced,047,269075,31377,31317,1054,32371,470
2021-07-07,Modoc,049,8938,418,410,148,558,4
2021-07-07,Mono,051,14174,1270,1274,18,1292,3
2021-07-07,Monterey,053,433212,43448,43233,1875,45108,494
2021-07-07,Napa,055,140530,10113,10078,41,10119,81
2021-07-07,Nevada,057,99092,5071,4996,196,5192,72
2021-07-07,Orange,059,3164182,258160,256301,11631,267932,5132
2021-07-07,Placer,061,380077,24180,23901,1593,25494,302
2021-07-07,Plumas,063,18699,729,710,14,724,4
2021-07-07,Riverside,065,2383286,297107,293331,14166,307497,4538
2021-07-07,Sacramento,067,1510023,109920,108954,1884,110838,1682
2021-07-07,San Benito,069,59416,6156,6137,115,6252,63
2021-07-07,San Bernardino,071,2135413,296220,294787,9084,303871,5087
2021-07-07,San Diego,073,3302833,285308,283377,15735,299112,3782
2021-07-07,San Francisco,075,870044,37731,37284,1329,38613,558
2021-07-07,San Joaquin,077,732212,74701,74095,3663,77758,1410
2021-07-07,San Luis Obispo,079,281455,21643,21360,764,22124,258
2021-07-07,San Mateo,081,765935,43154,42908,493,43401,542
2021-07-07,Santa Barbara,083,443738,34785,34582,1142,35724,460
2021-07-07,Santa Clara,085,1922200,120251,119250,785,120035,2094
2021-07-07,Santa Cruz,087,273765,16413,16279,809,17088,207
2021-07-07,Shasta,089,179085,12682,12613,1656,14269,206
2021-07-07,Sierra,091,2930,66,60,12,72,0
2021-07-07,Siskiyou,093,43540,1990,1908,385,2293,29
2021-07-07,Solano,095,438530,33915,33659,590,34249,268
2021-07-07,Sonoma,097,501317,31430,31172,368,31540,316
2021-07-07,Stanislaus,099,539301,57377,57102,6055,63157,1028
2021-07-07,Sutter,101,95872,9716,9683,89,9772,114
2021-07-07,Tehama,103,63373,5174,5129,591,5720,63
2021-07-07,Trinity,105,12862,496,341,99,440,3
2021-07-07,Tulare,107,460477,50584,49835,9142,58977,853
2021-07-07,Tuolumne,109,53932,4112,4115,43,4158,64
2021-07-07,Ventura,111,848112,82290,81608,3128,84736,1036
2021-07-07,Yolo,113,214977,14360,14236,378,14614,213
2021-07-07,Yuba,115,75493,6299,6233,132,6365,51
2021-07-06,Alameda,001,1643700,90611,89918,2003,91921,1253
2021-07-06,Alpine,003,1148,88,89,0,89,0
2021-07-06,Amador,005,37829,3778,3768,33,3801,47
2021-07-06,Butte,007,227075,12883,12744,1888,14632,201
2021-07-06,Calaveras,009,45235,2231,2211,13,2224,55
2021-07-06,Colusa,011,21464,1978,1967,328,2295,16
2021-07-06,Contra Costa,013,1133247,71882,71262,1333,72595,820
2021-07-06,Del Norte,015,27424,1486,1445,13,1458,8
2021-07-06,El Dorado,017,186661,10614,10484,798,11282,113
2021-07-06,Fresno,019,978130,103816,102616,8798,111414,1727
2021-07-06,Glenn,021,27897,2463,2438,570,3008,20
2021-07-06,Humboldt,023,135768,4595,4565,53,4618,49
2021-07-06,Imperial,025,180216,28885,28693,2716,31409,739
2021-07-06,Inyo,027,18085,1416,1412,12,1424,36
2021-07-06,Kern,029,883053,98208,97491,11197,108688,1346
2021-07-06,Kings,031,150075,23356,23077,1106,24183,245
2021-07-06,Lake,033,64148,3703,3659,13,3672,63
2021-07-06,Lassen,035,31185,5307,5288,116,5404,21
2021-07-06,Los Angeles,037,10098052,1219505,1210965,41966,1252931,24525
2021-07-06,Madera,039,155013,16896,16730,955,17685,241
2021-07-06,Marin,041,260295,14320,14181,263,14444,233
2021-07-06,Mariposa,043,17540,442,442,11,453,5
2021-07-06,Mendocino,045,87422,4244,4143,87,4230,49
2021-07-06,Merced,047,269075,31360,31317,1053,32370,470
2021-07-06,Modoc,049,8938,418,411,148,559,4
2021-07-06,Mono,051,14174,1269,1274,18,1292,3
2021-07-06,Monterey,053,433212,43426,43224,1873,45097,494
2021-07-06,Napa,055,140530,10102,10081,41,10122,81
2021-07-06,Nevada,057,99092,5062,4988,196,5184,72
2021-07-06,Orange,059,3164182,257916,256227,11614,267841,5129
2021-07-06,Placer,061,380077,24139,23876,1587,25463,302
2021-07-06,Plumas,063,18699,728,708,14,722,4
2021-07-06,Riverside,065,2383286,296905,293227,14148,307375,4539
2021-07-06,Sacramento,067,1510023,109709,108850,1876,110726,1679
2021-07-06,San Benito,069,59416,6152,6137,115,6252,63
2021-07-06,San Bernardino,071,2135413,296040,294712,9071,303783,5056
2021-07-06,San Diego,073,3302833,284950,283278,15676,298954,3782
2021-07-06,San Francisco,075,870044,37614,37251,1328,38579,558
2021-07-06,San Joaquin,077,732212,74631,74019,3651,77670,1410
2021-07-06,San Luis Obispo,079,281455,21626,21354,762,22116,257
2021-07-06,San Mateo,081,765935,43079,42895,493,43388,541
2021-07-06,Santa Barbara,083,443738,34766,34572,1141,35713,460
2021-07-06,Santa Clara,085,1922200,120133,119194,782,119976,2095
2021-07-06,Santa Cruz,087,273765,16408,16274,808,17082,207
2021-07-06,Shasta,089,179085,12672,12606,1654,14260,205
2021-07-06,Sierra,091,2930,65,60,12,72,0
2021-07-06,Siskiyou,093,43540,1987,1905,381,2286,29
2021-07-06,Solano,095,438530,33864,33619,587,34206,268
2021-07-06,Sonoma,097,501317,31367,31130,367,31497,316
2021-07-06,Stanislaus,099,539301,57329,57120,6044,63164,1029
2021-07-06,Sutter,101,95872,9707,9674,88,9762,114
2021-07-06,Tehama,103,63373,5171,5126,590,5716,63
2021-07-06,Trinity,105,12862,496,341,99,440,3
2021-07-06,Tulare,107,460477,50569,49826,9132,58958,853
2021-07-06,Tuolumne,109,53932,4110,4113,43,4156,64
2021-07-06,Ventura,111,848112,82250,81534,3102,84636,1033
2021-07-06,Yolo,113,214977,14338,14227,375,14602,213
2021-07-06,Yuba,115,75493,6288,6231,132,6363,51
2021-07-05,Alameda,001,1643700,90433,89892,1998,91890,1253
2021-07-05,Alpine,003,1148,88,89,0,89,0
2021-07-05,Amador,005,37829,3776,3768,33,3801,47
2021-07-05,Butte,007,227075,12875,12740,1879,14619,201
2021-07-05,Calaveras,009,45235,2229,2211,13,2224,55
2021-07-05,Colusa,011,21464,1976,1966,327,2293,16
2021-07-05,Contra Costa,013,1133247,71754,71235,1333,72568,820
2021-07-05,Del Norte,015,27424,1482,1446,13,1459,8
2021-07-05,El Dorado,017,186661,10589,10481,798,11279,113
2021-07-05,Fresno,019,978130,103757,102592,8783,111375,1727
2021-07-05,Glenn,021,27897,2460,2438,569,3007,20
2021-07-05,Humboldt,023,135768,4581,4563,53,4616,49
2021-07-05,Imperial,025,180216,28866,28689,2716,31405,739
2021-07-05,Inyo,027,18085,1416,1412,12,1424,36
2021-07-05,Kern,029,883053,98160,97479,11176,108655,1346
2021-07-05,Kings,031,150075,23348,23065,1103,24168,245
2021-07-05,Lake,033,64148,3685,3645,13,3658,63
2021-07-05,Lassen,035,31185,5304,5288,115,5403,21
2021-07-05,Los Angeles,037,10098052,1218311,1210653,41865,1252518,24522
2021-07-05,Madera,039,155013,16885,16722,954,17676,241
2021-07-05,Marin,041,260295,14299,14178,263,14441,233
2021-07-05,Mariposa,043,17540,442,441,11,452,5
2021-07-05,Mendocino,045,87422,4239,4139,86,4225,49
2021-07-05,Merced,047,269075,31340,31312,1053,32365,470
2021-07-05,Modoc,049,8938,418,410,148,558,4
2021-07-05,Mono,051,14174,1269,1273,18,1291,3
2021-07-05,Monterey,053,433212,43406,43218,1868,45086,494
2021-07-05,Napa,055,140530,10096,10074,41,10115,81
2021-07-05,Nevada,057,99092,5044,4980,195,5175,72
2021-07-05,Orange,059,3164182,257715,256173,11596,267769,5129
2021-07-05,Placer,061,380077,24092,23867,1579,25446,302
2021-07-05,Plumas,063,18699,727,708,14,722,4
2021-07-05,Riverside,065,2383286,296714,293193,14136,307329,4539
2021-07-05,Sacramento,067,1510023,109527,108758,1867,110625,1679
2021-07-05,San Benito,069,59416,6145,6137,115,6252,63
2021-07-05,San Bernardino,071,2135413,295878,294647,9065,303712,5037
2021-07-05,San Diego,073,3302833,284587,282834,15632,298466,3782
2021-07-05,San Francisco,075,870044,37527,37237,1323,38560,558
2021-07-05,San Joaquin,077,732212,74561,73999,3646,77645,1410
2021-07-05,San Luis Obispo,079,281455,21613,21351,761,22112,257
2021-07-05,San Mateo,081,765935,43027,42876,490,43366,541
2021-07-05,Santa Barbara,083,443738,34746,34569,1141,35710,460
2021-07-05,Santa Clara,085,1922200,120027,119184,780,119964,2095
2021-07-05,Santa Cruz,087,273765,16399,16273,807,17080,208
2021-07-05,Shasta,089,179085,12663,12603,1652,14255,205
2021-07-05,Sierra,091,2930,65,60,12,72,0
2021-07-05,Siskiyou,093,43540,1985,1904,380,2284,29
2021-07-05,Solano,095,438530,33794,33612,581,34193,268
2021-07-05,Sonoma,097,501317,31314,31116,367,31483,316
2021-07-05,Stanislaus,099,539301,57299,57109,6033,63142,1029
2021-07-05,Sutter,101,95872,9695,9667,88,9755,114
2021-07-05,Tehama,103,63373,5170,5125,590,5715,63
2021-07-05,Trinity,105,12862,495,341,98,439,3
2021-07-05,Tulare,107,460477,50551,49818,9129,58947,853
2021-07-05,Tuolumne,109,53932,4106,4112,43,4155,64
2021-07-05,Ventura,111,848112,82199,81519,3083,84602,1033
2021-07-05,Yolo,113,214977,14318,14225,367,14592,213
2021-07-05,Yuba,115,75493,6280,6223,132,6355,51
2021-07-04,Alameda,001,1643700,90269,89683,1995,91678,1253
2021-07-04,Alpine,003,1148,88,89,0,89,0
2021-07-04,Amador,005,37829,3775,3758,33,3791,46
2021-07-04,Butte,007,227075,12865,12684,1879,14563,201
2021-07-04,Calaveras,009,45235,2225,2200,13,2213,55
2021-07-04,Colusa,011,21464,1976,1969,327,2296,15
2021-07-04,Contra Costa,013,1133247,71648,70941,1328,72269,818
2021-07-04,Del Norte,015,27424,1479,1439,13,1452,8
2021-07-04,El Dorado,017,186661,10580,10433,797,11230,113
2021-07-04,Fresno,019,978130,103711,102512,8767,111279,1727
2021-07-04,Glenn,021,27897,2458,2442,568,3010,20
2021-07-04,Humboldt,023,135768,4573,4530,53,4583,49
2021-07-04,Imperial,025,180216,28860,28661,2716,31377,739
2021-07-04,Inyo,027,18085,1416,1412,12,1424,35
2021-07-04,Kern,029,883053,98141,97421,11167,108588,1347
2021-07-04,Kings,031,150075,23340,23051,1103,24154,245
2021-07-04,Lake,033,64148,3675,3623,13,3636,62
2021-07-04,Lassen,035,31185,5303,5277,115,5392,20
2021-07-04,Los Angeles,037,10098052,1217451,1208705,41780,1250485,24506
2021-07-04,Madera,039,155013,16873,16696,953,17649,240
2021-07-04,Marin,041,260295,14284,14143,263,14406,233
2021-07-04,Mariposa,043,17540,442,441,11,452,5
2021-07-04,Mendocino,045,87422,4229,4122,86,4208,49
2021-07-04,Merced,047,269075,31329,31297,1053,32350,469
2021-07-04,Modoc,049,8938,418,410,148,558,4
2021-07-04,Mono,051,14174,1269,1275,18,1293,3
2021-07-04,Monterey,053,433212,43390,43212,1867,45079,492
2021-07-04,Napa,055,140530,10088,10045,40,10085,81
2021-07-04,Nevada,057,99092,5034,4966,195,5161,72
2021-07-04,Orange,059,3164182,257540,255823,11576,267399,5126
2021-07-04,Placer,061,380077,24055,23764,1573,25337,299
2021-07-04,Plumas,063,18699,727,707,14,721,4
2021-07-04,Riverside,065,2383286,296554,293260,14130,307390,4536
2021-07-04,Sacramento,067,1510023,109357,108257,1861,110118,1676
2021-07-04,San Benito,069,59416,6138,6108,115,6223,63
2021-07-04,San Bernardino,071,2135413,295711,294294,9058,303352,5003
2021-07-04,San Diego,073,3302833,284363,282692,15594,298286,3780
2021-07-04,San Francisco,075,870044,37468,37107,1317,38424,558
2021-07-04,San Joaquin,077,732212,74495,73841,3638,77479,1409
2021-07-04,San Luis Obispo,079,281455,21607,21330,760,22090,256
2021-07-04,San Mateo,081,765935,42993,42691,490,43181,541
2021-07-04,Santa Barbara,083,443738,34723,34526,1140,35666,456
2021-07-04,Santa Clara,085,1922200,119937,118966,779,119745,2090
2021-07-04,Santa Cruz,087,273765,16388,16254,807,17061,208
2021-07-04,Shasta,089,179085,12659,12582,1651,14233,204
2021-07-04,Sierra,091,2930,64,60,12,72,0
2021-07-04,Siskiyou,093,43540,1981,1899,379,2278,29
2021-07-04,Solano,095,438530,33753,33486,579,34065,268
2021-07-04,Sonoma,097,501317,31284,31000,366,31366,316
2021-07-04,Stanislaus,099,539301,57284,57018,6027,63045,1018
2021-07-04,Sutter,101,95872,9684,9644,88,9732,114
2021-07-04,Tehama,103,63373,5166,5124,590,5714,63
2021-07-04,Trinity,105,12862,494,341,98,439,3
2021-07-04,Tulare,107,460477,50541,49789,9126,58915,853
2021-07-04,Tuolumne,109,53932,4098,4113,43,4156,64
2021-07-04,Ventura,111,848112,82141,81425,3072,84497,1033
2021-07-04,Yolo,113,214977,14297,14188,364,14552,213
2021-07-04,Yuba,115,75493,6272,6197,132,6329,51
2021-07-03,Alameda,001,1643700,90181,89683,1987,91670,1253
2021-07-03,Alpine,003,1148,88,89,0,89,0
2021-07-03,Amador,005,37829,3775,3758,33,3791,46
2021-07-03,Butte,007,227075,12861,12684,1878,14562,201
2021-07-03,Calaveras,009,45235,2223,2200,13,2213,55
2021-07-03,Colusa,011,21464,1975,1969,327,2296,15
2021-07-03,Contra Costa,013,1133247,71589,70941,1325,72266,818
2021-07-03,Del Norte,015,27424,1476,1439,13,1452,8
2021-07-03,El Dorado,017,186661,10574,10433,795,11228,113
2021-07-03,Fresno,019,978130,103687,102512,8758,111270,1727
2021-07-03,Glenn,021,27897,2458,2442,568,3010,20
2021-07-03,Humboldt,023,135768,4568,4530,53,4583,49
2021-07-03,Imperial,025,180216,28850,28661,2716,31377,739
2021-07-03,Inyo,027,18085,1416,1412,12,1424,35
2021-07-03,Kern,029,883053,98121,97421,11159,108580,1347
2021-07-03,Kings,031,150075,23340,23051,1102,24153,245
2021-07-03,Lake,033,64148,3665,3623,13,3636,62
2021-07-03,Lassen,035,31185,5302,5277,115,5392,20
2021-07-03,Los Angeles,037,10098052,1217022,1208705,41749,1250454,24506
2021-07-03,Madera,039,155013,16864,16696,950,17646,240
2021-07-03,Marin,041,260295,14280,14143,263,14406,233
2021-07-03,Mariposa,043,17540,442,441,11,452,5
2021-07-03,Mendocino,045,87422,4228,4122,86,4208,49
2021-07-03,Merced,047,269075,31316,31297,1052,32349,469
2021-07-03,Modoc,049,8938,417,410,148,558,4
2021-07-03,Mono,051,14174,1268,1275,18,1293,3
2021-07-03,Monterey,053,433212,43378,43212,1865,45077,492
2021-07-03,Napa,055,140530,10083,10045,40,10085,81
2021-07-03,Nevada,057,99092,5020,4966,195,5161,72
2021-07-03,Orange,059,3164182,257456,255823,11569,267392,5126
2021-07-03,Placer,061,380077,24036,23764,1570,25334,299
2021-07-03,Plumas,063,18699,727,707,14,721,4
2021-07-03,Riverside,065,2383286,296462,293260,14126,307386,4536
2021-07-03,Sacramento,067,1510023,109283,108257,1858,110115,1676
2021-07-03,San Benito,069,59416,6131,6108,115,6223,63
2021-07-03,San Bernardino,071,2135413,295621,294294,9055,303349,5003
2021-07-03,San Diego,073,3302833,284232,282692,15575,298267,3780
2021-07-03,San Francisco,075,870044,37427,37107,1314,38421,558
2021-07-03,San Joaquin,077,732212,74459,73841,3633,77474,1409
2021-07-03,San Luis Obispo,079,281455,21595,21330,760,22090,256
2021-07-03,San Mateo,081,765935,42968,42691,489,43180,541
2021-07-03,Santa Barbara,083,443738,34714,34526,1139,35665,456
2021-07-03,Santa Clara,085,1922200,119890,118966,779,119745,2090
2021-07-03,Santa Cruz,087,273765,16381,16254,807,17061,208
2021-07-03,Shasta,089,179085,12655,12582,1649,14231,204
2021-07-03,Sierra,091,2930,64,60,12,72,0
2021-07-03,Siskiyou,093,43540,1980,1899,378,2277,29
2021-07-03,Solano,095,438530,33709,33486,579,34065,268
2021-07-03,Sonoma,097,501317,31250,31000,366,31366,316
2021-07-03,Stanislaus,099,539301,57273,57018,6020,63038,1018
2021-07-03,Sutter,101,95872,9674,9644,88,9732,114
2021-07-03,Tehama,103,63373,5164,5124,590,5714,63
2021-07-03,Trinity,105,12862,494,341,98,439,3
2021-07-03,Tulare,107,460477,50535,49789,9120,58909,853
2021-07-03,Tuolumne,109,53932,4097,4113,43,4156,64
2021-07-03,Ventura,111,848112,82111,81425,3064,84489,1033
2021-07-03,Yolo,113,214977,14287,14188,361,14549,213
2021-07-03,Yuba,115,75493,6266,6197,132,6329,51
2021-07-02,Alameda,001,1643700,90099,89683,1986,91669,1253
2021-07-02,Alpine,003,1148,88,89,0,89,0
2021-07-02,Amador,005,37829,3773,3758,33,3791,46
2021-07-02,Butte,007,227075,12854,12684,1878,14562,201
2021-07-02,Calaveras,009,45235,2221,2200,13,2213,55
2021-07-02,Colusa,011,21464,1974,1969,326,2295,15
2021-07-02,Contra Costa,013,1133247,71519,70941,1321,72262,818
2021-07-02,Del Norte,015,27424,1476,1439,13,1452,8
2021-07-02,El Dorado,017,186661,10566,10433,795,11228,113
2021-07-02,Fresno,019,978130,103659,102512,8752,111264,1727
2021-07-02,Glenn,021,27897,2457,2442,567,3009,20
2021-07-02,Humboldt,023,135768,4565,4530,52,4582,49
2021-07-02,Imperial,025,180216,28844,28661,2715,31376,739
2021-07-02,Inyo,027,18085,1416,1412,12,1424,35
2021-07-02,Kern,029,883053,98103,97421,11150,108571,1347
2021-07-02,Kings,031,150075,23330,23051,1102,24153,245
2021-07-02,Lake,033,64148,3659,3623,13,3636,62
2021-07-02,Lassen,035,31185,5302,5277,115,5392,20
2021-07-02,Los Angeles,037,10098052,1216546,1208705,41712,1250417,24506
2021-07-02,Madera,039,155013,16855,16696,949,17645,240
2021-07-02,Marin,041,260295,14276,14143,263,14406,233
2021-07-02,Mariposa,043,17540,442,441,11,452,5
2021-07-02,Mendocino,045,87422,4224,4122,85,4207,49
2021-07-02,Merced,047,269075,31307,31297,1052,32349,469
2021-07-02,Modoc,049,8938,417,410,148,558,4
2021-07-02,Mono,051,14174,1267,1275,18,1293,3
2021-07-02,Monterey,053,433212,43370,43212,1864,45076,492
2021-07-02,Napa,055,140530,10078,10045,40,10085,81
2021-07-02,Nevada,057,99092,5011,4966,195,5161,72
2021-07-02,Orange,059,3164182,257345,255823,11562,267385,5126
2021-07-02,Placer,061,380077,24019,23764,1563,25327,299
2021-07-02,Plumas,063,18699,727,707,14,721,4
2021-07-02,Riverside,065,2383286,296364,293260,14121,307381,4536
2021-07-02,Sacramento,067,1510023,109205,108257,1857,110114,1676
2021-07-02,San Benito,069,59416,6128,6108,115,6223,63
2021-07-02,San Bernardino,071,2135413,295534,294294,9053,303347,5003
2021-07-02,San Diego,073,3302833,284087,282692,15549,298241,3780
2021-07-02,San Francisco,075,870044,37378,37107,1312,38419,558
2021-07-02,San Joaquin,077,732212,74427,73841,3627,77468,1409
2021-07-02,San Luis Obispo,079,281455,21589,21330,759,22089,256
2021-07-02,San Mateo,081,765935,42932,42691,489,43180,541
2021-07-02,Santa Barbara,083,443738,34704,34526,1139,35665,456
2021-07-02,Santa Clara,085,1922200,119812,118966,779,119745,2090
2021-07-02,Santa Cruz,087,273765,16377,16254,807,17061,208
2021-07-02,Shasta,089,179085,12651,12582,1649,14231,204
2021-07-02,Sierra,091,2930,63,60,12,72,0
2021-07-02,Siskiyou,093,43540,1977,1899,377,2276,29
2021-07-02,Solano,095,438530,33684,33486,579,34065,268
2021-07-02,Sonoma,097,501317,31227,31000,366,31366,316
2021-07-02,Stanislaus,099,539301,57256,57018,6019,63037,1018
2021-07-02,Sutter,101,95872,9670,9644,88,9732,114
2021-07-02,Tehama,103,63373,5162,5124,588,5712,63
2021-07-02,Trinity,105,12862,494,341,98,439,3
2021-07-02,Tulare,107,460477,50525,49789,9112,58901,853
2021-07-02,Tuolumne,109,53932,4094,4113,43,4156,64
2021-07-02,Ventura,111,848112,82068,81425,3056,84481,1033
2021-07-02,Yolo,113,214977,14271,14188,359,14547,213
2021-07-02,Yuba,115,75493,6258,6197,132,6329,51
2021-07-01,Alameda,001,1643700,89999,89683,1984,91667,1253
2021-07-01,Alpine,003,1148,88,89,0,89,0
2021-07-01,Amador,005,37829,3772,3758,33,3791,46
2021-07-01,Butte,007,227075,12842,12684,1876,14560,201
2021-07-01,Calaveras,009,45235,2219,2200,13,2213,55
2021-07-01,Colusa,011,21464,1974,1969,324,2293,15
2021-07-01,Contra Costa,013,1133247,71447,70941,1321,72262,818
2021-07-01,Del Norte,015,27424,1475,1439,13,1452,8
2021-07-01,El Dorado,017,186661,10554,10433,795,11228,113
2021-07-01,Fresno,019,978130,103620,102512,8747,111259,1727
2021-07-01,Glenn,021,27897,2457,2442,567,3009,20
2021-07-01,Humboldt,023,135768,4563,4530,52,4582,49
2021-07-01,Imperial,025,180216,28827,28661,2715,31376,739
2021-07-01,Inyo,027,18085,1416,1412,12,1424,35
2021-07-01,Kern,029,883053,98077,97421,11140,108561,1347
2021-07-01,Kings,031,150075,23316,23051,1102,24153,245
2021-07-01,Lake,033,64148,3656,3623,13,3636,62
2021-07-01,Lassen,035,31185,5300,5277,115,5392,20
2021-07-01,Los Angeles,037,10098052,1215947,1208705,41657,1250362,24506
2021-07-01,Madera,039,155013,16846,16696,948,17644,240
2021-07-01,Marin,041,260295,14272,14143,263,14406,233
2021-07-01,Mariposa,043,17540,442,441,11,452,5
2021-07-01,Mendocino,045,87422,4220,4122,84,4206,49
2021-07-01,Merced,047,269075,31301,31297,1052,32349,469
2021-07-01,Modoc,049,8938,417,410,148,558,4
2021-07-01,Mono,051,14174,1266,1275,18,1293,3
2021-07-01,Monterey,053,433212,43362,43212,1861,45073,492
2021-07-01,Napa,055,140530,10071,10045,40,10085,81
2021-07-01,Nevada,057,99092,5006,4966,195,5161,72
2021-07-01,Orange,059,3164182,257224,255823,11543,267366,5126
2021-07-01,Placer,061,380077,24000,23764,1560,25324,299
2021-07-01,Plumas,063,18699,724,707,12,719,4
2021-07-01,Riverside,065,2383286,296255,293260,14113,307373,4536
2021-07-01,Sacramento,067,1510023,109079,108257,1850,110107,1676
2021-07-01,San Benito,069,59416,6124,6108,115,6223,63
2021-07-01,San Bernardino,071,2135413,295414,294294,9048,303342,5003
2021-07-01,San Diego,073,3302833,283909,282692,15512,298204,3780
2021-07-01,San Francisco,075,870044,37342,37107,1310,38417,558
2021-07-01,San Joaquin,077,732212,74376,73841,3623,77464,1409
2021-07-01,San Luis Obispo,079,281455,21574,21330,758,22088,256
2021-07-01,San Mateo,081,765935,42904,42691,488,43179,541
2021-07-01,Santa Barbara,083,443738,34691,34526,1139,35665,456
2021-07-01,Santa Clara,085,1922200,119763,118966,779,119745,2090
2021-07-01,Santa Cruz,087,273765,16372,16254,807,17061,208
2021-07-01,Shasta,089,179085,12643,12582,1648,14230,204
2021-07-01,Sierra,091,2930,63,60,12,72,0
2021-07-01,Siskiyou,093,43540,1977,1899,377,2276,29
2021-07-01,Solano,095,438530,33643,33486,578,34064,268
2021-07-01,Sonoma,097,501317,31183,31000,366,31366,316
2021-07-01,Stanislaus,099,539301,57238,57018,6015,63033,1018
2021-07-01,Sutter,101,95872,9661,9644,88,9732,114
2021-07-01,Tehama,103,63373,5162,5124,587,5711,63
2021-07-01,Trinity,105,12862,494,341,98,439,3
2021-07-01,Tulare,107,460477,50516,49789,9105,58894,853
2021-07-01,Tuolumne,109,53932,4087,4113,43,4156,64
2021-07-01,Ventura,111,848112,82037,81425,3046,84471,1033
2021-07-01,Yolo,113,214977,14255,14188,357,14545,213
2021-07-01,Yuba,115,75493,6251,6197,132,6329,51
2021-06-30,Alameda,001,1643700,89920,89597,1980,91577,1256
2021-06-30,Alpine,003,1148,88,89,0,89,0
2021-06-30,Amador,005,37829,3770,3756,33,3789,46
2021-06-30,Butte,007,227075,12835,12676,1867,14543,201
2021-06-30,Calaveras,009,45235,2213,2198,13,2211,55
2021-06-30,Colusa,011,21464,1972,1967,321,2288,15
2021-06-30,Contra Costa,013,1133247,71382,70869,1318,72187,818
2021-06-30,Del Norte,015,27424,1470,1435,13,1448,8
2021-06-30,El Dorado,017,186661,10534,10420,795,11215,113
2021-06-30,Fresno,019,978130,103583,102490,8744,111234,1727
2021-06-30,Glenn,021,27897,2455,2440,567,3007,20
2021-06-30,Humboldt,023,135768,4547,4522,50,4572,49
2021-06-30,Imperial,025,180216,28819,28651,2715,31366,739
2021-06-30,Inyo,027,18085,1416,1409,12,1421,35
2021-06-30,Kern,029,883053,98036,97267,11128,108395,1348
2021-06-30,Kings,031,150075,23311,23038,1101,24139,245
2021-06-30,Lake,033,64148,3643,3601,13,3614,56
2021-06-30,Lassen,035,31185,5295,5269,115,5384,20
2021-06-30,Los Angeles,037,10098052,1215275,1208246,41611,1249857,24499
2021-06-30,Madera,039,155013,16838,16688,946,17634,240
2021-06-30,Marin,041,260295,14263,14133,262,14395,232
2021-06-30,Mariposa,043,17540,441,441,11,452,5
2021-06-30,Mendocino,045,87422,4210,4115,84,4199,49
2021-06-30,Merced,047,269075,31291,31286,1052,32338,469
2021-06-30,Modoc,049,8938,417,410,148,558,4
2021-06-30,Mono,051,14174,1266,1275,18,1293,3
2021-06-30,Monterey,053,433212,43357,43209,1859,45068,492
2021-06-30,Napa,055,140530,10063,10039,40,10079,81
2021-06-30,Nevada,057,99092,4995,4958,195,5153,72
2021-06-30,Orange,059,3164182,257097,255764,11533,267297,5125
2021-06-30,Placer,061,380077,23976,23721,1557,25278,299
2021-06-30,Plumas,063,18699,724,705,12,717,4
2021-06-30,Riverside,065,2383286,296141,293280,14104,307384,4535
2021-06-30,Sacramento,067,1510023,108940,108137,1846,109983,1676
2021-06-30,San Benito,069,59416,6120,6105,115,6220,63
2021-06-30,San Bernardino,071,2135413,295254,294211,9043,303254,4975
2021-06-30,San Diego,073,3302833,283773,282583,15484,298067,3780
2021-06-30,San Francisco,075,870044,37293,37065,1305,38370,558
2021-06-30,San Joaquin,077,732212,74313,73777,3622,77399,1409
2021-06-30,San Luis Obispo,079,281455,21561,21326,757,22083,256
2021-06-30,San Mateo,081,765935,42867,42599,487,43086,537
2021-06-30,Santa Barbara,083,443738,34675,34521,1139,35660,456
2021-06-30,Santa Clara,085,1922200,119716,118930,776,119706,2090
2021-06-30,Santa Cruz,087,273765,16366,16250,807,17057,208
2021-06-30,Shasta,089,179085,12637,12564,1648,14212,204
2021-06-30,Sierra,091,2930,63,60,12,72,0
2021-06-30,Siskiyou,093,43540,1975,1900,374,2274,29
2021-06-30,Solano,095,438530,33604,33453,576,34029,268
2021-06-30,Sonoma,097,501317,31153,30947,366,31313,316
2021-06-30,Stanislaus,099,539301,57221,56997,6014,63011,1018
2021-06-30,Sutter,101,95872,9651,9638,88,9726,114
2021-06-30,Tehama,103,63373,5160,5124,587,5711,63
2021-06-30,Trinity,105,12862,494,341,98,439,3
2021-06-30,Tulare,107,460477,50505,49764,9094,58858,853
2021-06-30,Tuolumne,109,53932,4084,4112,43,4155,64
2021-06-30,Ventura,111,848112,81994,81392,3041,84433,1032
2021-06-30,Yolo,113,214977,14249,14178,354,14532,213
2021-06-30,Yuba,115,75493,6244,6191,132,6323,51
2021-06-29,Alameda,001,1643700,89813,89519,1978,91497,1257
2021-06-29,Alpine,003,1148,88,89,0,89,0
2021-06-29,Amador,005,37829,3766,3754,33,3787,46
2021-06-29,Butte,007,227075,12827,12669,1867,14536,201
2021-06-29,Calaveras,009,45235,2207,2198,13,2211,55
2021-06-29,Colusa,011,21464,1970,1967,321,2288,15
2021-06-29,Contra Costa,013,1133247,71308,70775,1317,72092,817
2021-06-29,Del Norte,015,27424,1469,1435,13,1448,8
2021-06-29,El Dorado,017,186661,10521,10403,791,11194,113
2021-06-29,Fresno,019,978130,103550,102464,8741,111205,1725
2021-06-29,Glenn,021,27897,2454,2439,567,3006,20
2021-06-29,Humboldt,023,135768,4543,4514,49,4563,49
2021-06-29,Imperial,025,180216,28810,28645,2714,31359,737
2021-06-29,Inyo,027,18085,1416,1408,12,1420,35
2021-06-29,Kern,029,883053,98015,97173,11122,108295,1347
2021-06-29,Kings,031,150075,23302,23035,1100,24135,245
2021-06-29,Lake,033,64148,3637,3594,13,3607,56
2021-06-29,Lassen,035,31185,5288,5268,115,5383,20
2021-06-29,Los Angeles,037,10098052,1214664,1207895,41582,1249477,24498
2021-06-29,Madera,039,155013,16834,16680,945,17625,240
2021-06-29,Marin,041,260295,14251,14127,262,14389,232
2021-06-29,Mariposa,043,17540,441,441,11,452,5
2021-06-29,Mendocino,045,87422,4206,4107,83,4190,49
2021-06-29,Merced,047,269075,31279,31277,1052,32329,469
2021-06-29,Modoc,049,8938,416,408,148,556,3
2021-06-29,Mono,051,14174,1266,1275,18,1293,3
2021-06-29,Monterey,053,433212,43347,43196,1857,45053,471
2021-06-29,Napa,055,140530,10057,10033,40,10073,81
2021-06-29,Nevada,057,99092,4988,4952,195,5147,72
2021-06-29,Orange,059,3164182,256997,255686,11518,267204,5124
2021-06-29,Placer,061,380077,23956,23693,1555,25248,299
2021-06-29,Plumas,063,18699,724,704,12,716,4
2021-06-29,Riverside,065,2383286,296042,292962,14097,307059,4524
2021-06-29,Sacramento,067,1510023,108788,108067,1843,109910,1677
2021-06-29,San Benito,069,59416,6109,6099,115,6214,63
2021-06-29,San Bernardino,071,2135413,295142,294118,9042,303160,4940
2021-06-29,San Diego,073,3302833,283617,282499,15457,297956,3780
2021-06-29,San Francisco,075,870044,37255,37041,1302,38343,558
2021-06-29,San Joaquin,077,732212,74265,73724,3619,77343,1409
2021-06-29,San Luis Obispo,079,281455,21551,21324,756,22080,256
2021-06-29,San Mateo,081,765935,42833,42540,487,43027,540
2021-06-29,Santa Barbara,083,443738,34665,34507,1138,35645,455
2021-06-29,Santa Clara,085,1922200,119662,118893,775,119668,2090
2021-06-29,Santa Cruz,087,273765,16360,16249,807,17056,208
2021-06-29,Shasta,089,179085,12625,12564,1647,14211,204
2021-06-29,Sierra,091,2930,63,59,12,71,0
2021-06-29,Siskiyou,093,43540,1972,1897,370,2267,29
2021-06-29,Solano,095,438530,33571,33440,574,34014,268
2021-06-29,Sonoma,097,501317,31111,30950,364,31314,316
2021-06-29,Stanislaus,099,539301,57200,56980,6007,62987,1018
2021-06-29,Sutter,101,95872,9640,9634,88,9722,114
2021-06-29,Tehama,103,63373,5160,5124,587,5711,63
2021-06-29,Trinity,105,12862,494,341,98,439,3
2021-06-29,Tulare,107,460477,50492,49751,9089,58840,852
2021-06-29,Tuolumne,109,53932,4082,4111,43,4154,64
2021-06-29,Ventura,111,848112,81956,81363,3035,84398,1032
2021-06-29,Yolo,113,214977,14237,14171,353,14524,213
2021-06-29,Yuba,115,75493,6234,6188,132,6320,51
2021-06-28,Alameda,001,1643700,89719,89638,1975,91613,1259
2021-06-28,Alpine,003,1148,88,89,0,89,0
2021-06-28,Amador,005,37829,3765,3753,33,3786,46
2021-06-28,Butte,007,227075,12818,12697,1865,14562,198
2021-06-28,Calaveras,009,45235,2204,2203,13,2216,55
2021-06-28,Colusa,011,21464,1968,1974,321,2295,15
2021-06-28,Contra Costa,013,1133247,71234,70807,1315,72122,816
2021-06-28,Del Norte,015,27424,1469,1436,13,1449,8
2021-06-28,El Dorado,017,186661,10511,10422,787,11209,115
2021-06-28,Fresno,019,978130,103519,103121,8739,111860,1727
2021-06-28,Glenn,021,27897,2454,2439,567,3006,20
2021-06-28,Humboldt,023,135768,4536,4520,48,4568,49
2021-06-28,Imperial,025,180216,28802,28981,2713,31694,741
2021-06-28,Inyo,027,18085,1413,1407,12,1419,35
2021-06-28,Kern,029,883053,97996,97252,11117,108369,1348
2021-06-28,Kings,031,150075,23296,23134,1100,24234,246
2021-06-28,Lake,033,64148,3629,3591,13,3604,56
2021-06-28,Lassen,035,31185,5286,5268,115,5383,20
2021-06-28,Los Angeles,037,10098052,1214145,1207714,41547,1249261,24496
2021-06-28,Madera,039,155013,16823,16683,944,17627,240
2021-06-28,Marin,041,260295,14236,14186,262,14448,232
2021-06-28,Mariposa,043,17540,441,440,11,451,5
2021-06-28,Mendocino,045,87422,4197,4102,82,4184,49
2021-06-28,Merced,047,269075,31267,31277,1052,32329,469
2021-06-28,Modoc,049,8938,416,411,147,558,3
2021-06-28,Mono,051,14174,1266,1276,18,1294,3
2021-06-28,Monterey,053,433212,43343,43202,1856,45058,462
2021-06-28,Napa,055,140530,10048,10050,39,10089,81
2021-06-28,Nevada,057,99092,4984,4951,195,5146,72
2021-06-28,Orange,059,3164182,256907,255755,11504,267259,5123
2021-06-28,Placer,061,380077,23936,23756,1551,25307,299
2021-06-28,Plumas,063,18699,722,704,12,716,4
2021-06-28,Riverside,065,2383286,295916,292647,14085,306732,4507
2021-06-28,Sacramento,067,1510023,108656,108342,1838,110180,1675
2021-06-28,San Benito,069,59416,6107,6101,115,6216,63
2021-06-28,San Bernardino,071,2135413,295041,294151,9037,303188,4928
2021-06-28,San Diego,073,3302833,283453,282417,15428,297845,3780
2021-06-28,San Francisco,075,870044,37219,37372,1300,38672,559
2021-06-28,San Joaquin,077,732212,74218,73973,3615,77588,1411
2021-06-28,San Luis Obispo,079,281455,21547,21340,755,22095,256
2021-06-28,San Mateo,081,765935,42799,42927,486,43413,540
2021-06-28,Santa Barbara,083,443738,34658,34534,1136,35670,455
2021-06-28,Santa Clara,085,1922200,119598,120377,774,121151,2103
2021-06-28,Santa Cruz,087,273765,16355,16245,807,17052,208
2021-06-28,Shasta,089,179085,12621,12642,1645,14287,203
2021-06-28,Sierra,091,2930,63,58,12,70,0
2021-06-28,Siskiyou,093,43540,1971,1896,370,2266,29
2021-06-28,Solano,095,438530,33535,33524,572,34096,267
2021-06-28,Sonoma,097,501317,31074,31137,363,31500,315
2021-06-28,Stanislaus,099,539301,57182,57047,6003,63050,1018
2021-06-28,Sutter,101,95872,9636,9682,88,9770,114
2021-06-28,Tehama,103,63373,5158,5122,587,5709,63
2021-06-28,Trinity,105,12862,494,341,98,439,3
2021-06-28,Tulare,107,460477,50482,49751,9085,58836,850
2021-06-28,Tuolumne,109,53932,4075,4121,43,4164,64
2021-06-28,Ventura,111,848112,81899,81393,3030,84423,1032
2021-06-28,Yolo,113,214977,14228,14199,350,14549,213
2021-06-28,Yuba,115,75493,6229,6207,132,6339,51
2021-06-27,Alameda,001,1643700,89632,89611,1971,91582,1259
2021-06-27,Alpine,003,1148,88,89,0,89,0
2021-06-27,Amador,005,37829,3764,3752,33,3785,46
2021-06-27,Butte,007,227075,12809,12696,1864,14560,198
2021-06-27,Calaveras,009,45235,2203,2203,13,2216,55
2021-06-27,Colusa,011,21464,1968,1974,321,2295,15
2021-06-27,Contra Costa,013,1133247,71148,70762,1311,72073,816
2021-06-27,Del Norte,015,27424,1466,1436,13,1449,8
2021-06-27,El Dorado,017,186661,10499,10418,784,11202,115
2021-06-27,Fresno,019,978130,103490,103110,8737,111847,1727
2021-06-27,Glenn,021,27897,2453,2439,566,3005,20
2021-06-27,Humboldt,023,135768,4524,4513,45,4558,49
2021-06-27,Imperial,025,180216,28788,28987,2713,31700,741
2021-06-27,Inyo,027,18085,1413,1407,12,1419,35
2021-06-27,Kern,029,883053,97970,97249,11110,108359,1348
2021-06-27,Kings,031,150075,23286,23132,1100,24232,246
2021-06-27,Lake,033,64148,3622,3581,13,3594,56
2021-06-27,Lassen,035,31185,5285,5265,115,5380,20
2021-06-27,Los Angeles,037,10098052,1213598,1207461,41507,1248968,24493
2021-06-27,Madera,039,155013,16815,16680,944,17624,240
2021-06-27,Marin,041,260295,14227,14182,262,14444,232
2021-06-27,Mariposa,043,17540,441,440,11,451,5
2021-06-27,Mendocino,045,87422,4190,4100,82,4182,49
2021-06-27,Merced,047,269075,31255,31266,1052,32318,469
2021-06-27,Modoc,049,8938,416,411,147,558,3
2021-06-27,Mono,051,14174,1266,1279,18,1297,3
2021-06-27,Monterey,053,433212,43330,43199,1856,45055,462
2021-06-27,Napa,055,140530,10042,10046,39,10085,81
2021-06-27,Nevada,057,99092,4978,4946,195,5141,72
2021-06-27,Orange,059,3164182,256793,255710,11493,267203,5123
2021-06-27,Placer,061,380077,23903,23731,1548,25279,299
2021-06-27,Plumas,063,18699,722,704,12,716,4
2021-06-27,Riverside,065,2383286,295814,292641,14079,306720,4507
2021-06-27,Sacramento,067,1510023,108521,108279,1834,110113,1675
2021-06-27,San Benito,069,59416,6101,6101,115,6216,63
2021-06-27,San Bernardino,071,2135413,294928,294115,9035,303150,4927
2021-06-27,San Diego,073,3302833,283313,282359,15402,297761,3780
2021-06-27,San Francisco,075,870044,37182,37360,1299,38659,559
2021-06-27,San Joaquin,077,732212,74182,73960,3613,77573,1411
2021-06-27,San Luis Obispo,079,281455,21540,21340,754,22094,256
2021-06-27,San Mateo,081,765935,42770,42925,483,43408,539
2021-06-27,Santa Barbara,083,443738,34644,34533,1134,35667,455
2021-06-27,Santa Clara,085,1922200,119547,120352,773,121125,2103
2021-06-27,Santa Cruz,087,273765,16346,16241,807,17048,208
2021-06-27,Shasta,089,179085,12615,12640,1644,14284,203
2021-06-27,Sierra,091,2930,63,58,12,70,0
2021-06-27,Siskiyou,093,43540,1969,1896,369,2265,29
2021-06-27,Solano,095,438530,33507,33516,572,34088,267
2021-06-27,Sonoma,097,501317,31036,31129,363,31492,315
2021-06-27,Stanislaus,099,539301,57142,57021,6000,63021,1018
2021-06-27,Sutter,101,95872,9630,9678,88,9766,114
2021-06-27,Tehama,103,63373,5154,5122,587,5709,63
2021-06-27,Trinity,105,12862,494,341,97,438,3
2021-06-27,Tulare,107,460477,50469,49749,9078,58827,850
2021-06-27,Tuolumne,109,53932,4073,4121,43,4164,64
2021-06-27,Ventura,111,848112,81865,81361,3021,84382,1032
2021-06-27,Yolo,113,214977,14213,14194,346,14540,213
2021-06-27,Yuba,115,75493,6223,6205,132,6337,51
2021-06-26,Alameda,001,1643700,89574,89560,1969,91529,1259
2021-06-26,Alpine,003,1148,88,89,0,89,0
2021-06-26,Amador,005,37829,3764,3748,33,3781,46
2021-06-26,Butte,007,227075,12805,12693,1861,14554,198
2021-06-26,Calaveras,009,45235,2201,2202,13,2215,55
2021-06-26,Colusa,011,21464,1968,1973,321,2294,15
2021-06-26,Contra Costa,013,1133247,71105,70712,1310,72022,816
2021-06-26,Del Norte,015,27424,1465,1432,13,1445,8
2021-06-26,El Dorado,017,186661,10491,10414,782,11196,115
2021-06-26,Fresno,019,978130,103470,103091,8735,111826,1727
2021-06-26,Glenn,021,27897,2451,2441,566,3007,20
2021-06-26,Humboldt,023,135768,4521,4509,45,4554,49
2021-06-26,Imperial,025,180216,28784,28970,2713,31683,741
2021-06-26,Inyo,027,18085,1413,1407,12,1419,35
2021-06-26,Kern,029,883053,97944,97239,11101,108340,1348
2021-06-26,Kings,031,150075,23282,23128,1099,24227,246
2021-06-26,Lake,033,64148,3611,3576,13,3589,56
2021-06-26,Lassen,035,31185,5282,5263,115,5378,20
2021-06-26,Los Angeles,037,10098052,1213290,1207198,41474,1248672,24490
2021-06-26,Madera,039,155013,16808,16679,943,17622,240
2021-06-26,Marin,041,260295,14218,14180,262,14442,232
2021-06-26,Mariposa,043,17540,441,440,11,451,5
2021-06-26,Mendocino,045,87422,4188,4096,82,4178,49
2021-06-26,Merced,047,269075,31249,31259,1051,32310,469
2021-06-26,Modoc,049,8938,416,411,147,558,3
2021-06-26,Mono,051,14174,1266,1279,18,1297,3
2021-06-26,Monterey,053,433212,43327,43192,1856,45048,462
2021-06-26,Napa,055,140530,10035,10043,39,10082,81
2021-06-26,Nevada,057,99092,4973,4939,195,5134,72
2021-06-26,Orange,059,3164182,256714,255640,11486,267126,5123
2021-06-26,Placer,061,380077,23889,23702,1546,25248,299
2021-06-26,Plumas,063,18699,722,704,12,716,4
2021-06-26,Riverside,065,2383286,295756,292480,14073,306553,4505
2021-06-26,Sacramento,067,1510023,108450,108179,1832,110011,1675
2021-06-26,San Benito,069,59416,6097,6100,115,6215,63
2021-06-26,San Bernardino,071,2135413,294834,294034,9031,303065,4928
2021-06-26,San Diego,073,3302833,283228,282263,15384,297647,3780
2021-06-26,San Francisco,075,870044,37150,37348,1298,38646,559
2021-06-26,San Joaquin,077,732212,74153,73928,3612,77540,1411
2021-06-26,San Luis Obispo,079,281455,21539,21330,753,22083,256
2021-06-26,San Mateo,081,765935,42750,42898,483,43381,539
2021-06-26,Santa Barbara,083,443738,34635,34525,1134,35659,455
2021-06-26,Santa Clara,085,1922200,119514,120321,773,121094,2103
2021-06-26,Santa Cruz,087,273765,16343,16239,807,17046,208
2021-06-26,Shasta,089,179085,12611,12635,1640,14275,203
2021-06-26,Sierra,091,2930,63,58,12,70,0
2021-06-26,Siskiyou,093,43540,1968,1896,368,2264,29
2021-06-26,Solano,095,438530,33489,33489,570,34059,267
2021-06-26,Sonoma,097,501317,31010,31088,363,31451,315
2021-06-26,Stanislaus,099,539301,57126,57006,5997,63003,1018
2021-06-26,Sutter,101,95872,9629,9669,88,9757,114
2021-06-26,Tehama,103,63373,5154,5119,587,5706,63
2021-06-26,Trinity,105,12862,494,341,97,438,3
2021-06-26,Tulare,107,460477,50463,49745,9078,58823,850
2021-06-26,Tuolumne,109,53932,4073,4121,43,4164,64
2021-06-26,Ventura,111,848112,81841,81352,3020,84372,1032
2021-06-26,Yolo,113,214977,14205,14184,346,14530,213
2021-06-26,Yuba,115,75493,6220,6200,132,6332,51
2021-06-25,Alameda,001,1643700,89507,89453,1967,91420,1271
2021-06-25,Alpine,003,1148,88,89,0,89,0
2021-06-25,Amador,005,37829,3763,3746,33,3779,46
2021-06-25,Butte,007,227075,12800,12682,1858,14540,198
2021-06-25,Calaveras,009,45235,2200,2201,13,2214,55
2021-06-25,Colusa,011,21464,1968,1972,321,2293,15
2021-06-25,Contra Costa,013,1133247,71069,70659,1310,71969,815
2021-06-25,Del Norte,015,27424,1465,1426,13,1439,8
2021-06-25,El Dorado,017,186661,10483,10406,779,11185,115
2021-06-25,Fresno,019,978130,103452,103073,8731,111804,1727
2021-06-25,Glenn,021,27897,2451,2441,566,3007,20
2021-06-25,Humboldt,023,135768,4515,4503,43,4546,49
2021-06-25,Imperial,025,180216,28781,28968,2713,31681,740
2021-06-25,Inyo,027,18085,1412,1406,12,1418,35
2021-06-25,Kern,029,883053,97925,97182,11097,108279,1347
2021-06-25,Kings,031,150075,23276,23118,1099,24217,246
2021-06-25,Lake,033,64148,3605,3571,13,3584,56
2021-06-25,Lassen,035,31185,5281,5259,115,5374,20
2021-06-25,Los Angeles,037,10098052,1213005,1206909,41457,1248366,24483
2021-06-25,Madera,039,155013,16805,16670,943,17613,240
2021-06-25,Marin,041,260295,14215,14179,262,14441,232
2021-06-25,Mariposa,043,17540,441,440,11,451,5
2021-06-25,Mendocino,045,87422,4185,4089,82,4171,49
2021-06-25,Merced,047,269075,31241,31256,1051,32307,467
2021-06-25,Modoc,049,8938,416,411,147,558,3
2021-06-25,Mono,051,14174,1266,1279,18,1297,3
2021-06-25,Monterey,053,433212,43322,43184,1855,45039,462
2021-06-25,Napa,055,140530,10030,10037,39,10076,81
2021-06-25,Nevada,057,99092,4970,4932,195,5127,72
2021-06-25,Orange,059,3164182,256643,255574,11484,267058,5119
2021-06-25,Placer,061,380077,23870,23672,1545,25217,299
2021-06-25,Plumas,063,18699,722,702,11,713,4
2021-06-25,Riverside,065,2383286,295688,291663,14066,305729,4490
2021-06-25,Sacramento,067,1510023,108378,108034,1829,109863,1673
2021-06-25,San Benito,069,59416,6093,6098,115,6213,63
2021-06-25,San Bernardino,071,2135413,294779,293941,9029,302970,4911
2021-06-25,San Diego,073,3302833,283168,282157,15371,297528,3779
2021-06-25,San Francisco,075,870044,37127,37338,1297,38635,559
2021-06-25,San Joaquin,077,732212,74120,73860,3610,77470,1410
2021-06-25,San Luis Obispo,079,281455,21536,21325,752,22077,256
2021-06-25,San Mateo,081,765935,42732,42849,483,43332,537
2021-06-25,Santa Barbara,083,443738,34626,34518,1133,35651,454
2021-06-25,Santa Clara,085,1922200,119494,120272,773,121045,2103
2021-06-25,Santa Cruz,087,273765,16340,16230,805,17035,208
2021-06-25,Shasta,089,179085,12601,12633,1639,14272,202
2021-06-25,Sierra,091,2930,63,58,12,70,0
2021-06-25,Siskiyou,093,43540,1967,1894,368,2262,29
2021-06-25,Solano,095,438530,33469,33449,570,34019,267
2021-06-25,Sonoma,097,501317,30987,31043,363,31406,314
2021-06-25,Stanislaus,099,539301,57110,56973,5990,62963,1018
2021-06-25,Sutter,101,95872,9622,9664,88,9752,114
2021-06-25,Tehama,103,63373,5153,5119,587,5706,63
2021-06-25,Trinity,105,12862,494,338,97,435,3
2021-06-25,Tulare,107,460477,50456,49731,9075,58806,850
2021-06-25,Tuolumne,109,53932,4072,4121,43,4164,64
2021-06-25,Ventura,111,848112,81812,81342,3014,84356,1032
2021-06-25,Yolo,113,214977,14199,14172,346,14518,213
2021-06-25,Yuba,115,75493,6216,6195,132,6327,51
2021-06-24,Alameda,001,1643700,89437,89358,1964,91322,1268
2021-06-24,Alpine,003,1148,88,89,0,89,0
2021-06-24,Amador,005,37829,3759,3745,33,3778,46
2021-06-24,Butte,007,227075,12794,12673,1856,14529,198
2021-06-24,Calaveras,009,45235,2197,2202,13,2215,55
2021-06-24,Colusa,011,21464,1967,1972,321,2293,15
2021-06-24,Contra Costa,013,1133247,71010,70590,1310,71900,813
2021-06-24,Del Norte,015,27424,1464,1421,13,1434,8
2021-06-24,El Dorado,017,186661,10476,10402,779,11181,115
2021-06-24,Fresno,019,978130,103432,103061,8729,111790,1727
2021-06-24,Glenn,021,27897,2450,2439,566,3005,20
2021-06-24,Humboldt,023,135768,4510,4493,43,4536,49
2021-06-24,Imperial,025,180216,28778,28981,2713,31694,740
2021-06-24,Inyo,027,18085,1411,1406,12,1418,35
2021-06-24,Kern,029,883053,97906,97129,11084,108213,1346
2021-06-24,Kings,031,150075,23272,23114,1097,24211,246
2021-06-24,Lake,033,64148,3599,3571,13,3584,56
2021-06-24,Lassen,035,31185,5280,5258,115,5373,20
2021-06-24,Los Angeles,037,10098052,1212681,1206590,41434,1248024,24480
2021-06-24,Madera,039,155013,16794,16662,942,17604,240
2021-06-24,Marin,041,260295,14211,14180,262,14442,232
2021-06-24,Mariposa,043,17540,441,440,11,451,5
2021-06-24,Mendocino,045,87422,4177,4085,82,4167,49
2021-06-24,Merced,047,269075,31231,31248,1050,32298,466
2021-06-24,Modoc,049,8938,416,411,147,558,3
2021-06-24,Mono,051,14174,1266,1276,18,1294,3
2021-06-24,Monterey,053,433212,43315,43180,1855,45035,451
2021-06-24,Napa,055,140530,10028,10036,39,10075,80
2021-06-24,Nevada,057,99092,4968,4927,195,5122,72
2021-06-24,Orange,059,3164182,256579,255520,11476,266996,5117
2021-06-24,Placer,061,380077,23845,23659,1543,25202,299
2021-06-24,Plumas,063,18699,721,702,11,713,4
2021-06-24,Riverside,065,2383286,295608,291067,14055,305122,4473
2021-06-24,Sacramento,067,1510023,108290,107965,1827,109792,1672
2021-06-24,San Benito,069,59416,6090,6098,115,6213,63
2021-06-24,San Bernardino,071,2135413,294708,293895,9024,302919,4898
2021-06-24,San Diego,073,3302833,283064,282053,15358,297411,3778
2021-06-24,San Francisco,075,870044,37105,37320,1295,38615,559
2021-06-24,San Joaquin,077,732212,74071,73814,3610,77424,1408
2021-06-24,San Luis Obispo,079,281455,21530,21326,752,22078,256
2021-06-24,San Mateo,081,765935,42706,42814,482,43296,542
2021-06-24,Santa Barbara,083,443738,34620,34512,1132,35644,454
2021-06-24,Santa Clara,085,1922200,119463,120274,772,121046,2103
2021-06-24,Santa Cruz,087,273765,16339,16227,805,17032,208
2021-06-24,Shasta,089,179085,12596,12629,1635,14264,202
2021-06-24,Sierra,091,2930,63,58,12,70,0
2021-06-24,Siskiyou,093,43540,1967,1892,368,2260,28
2021-06-24,Solano,095,438530,33446,33432,568,34000,267
2021-06-24,Sonoma,097,501317,30958,31020,363,31383,314
2021-06-24,Stanislaus,099,539301,57084,56946,5990,62936,1018
2021-06-24,Sutter,101,95872,9615,9660,88,9748,113
2021-06-24,Tehama,103,63373,5150,5115,587,5702,63
2021-06-24,Trinity,105,12862,493,338,97,435,3
2021-06-24,Tulare,107,460477,50445,49730,9073,58803,850
2021-06-24,Tuolumne,109,53932,4070,4120,43,4163,64
2021-06-24,Ventura,111,848112,81784,81332,3013,84345,1032
2021-06-24,Yolo,113,214977,14190,14169,343,14512,213
2021-06-24,Yuba,115,75493,6211,6195,132,6327,51
2021-06-23,Alameda,001,1643700,89365,89338,1963,91301,1266
2021-06-23,Alpine,003,1148,88,88,0,88,0
2021-06-23,Amador,005,37829,3757,3743,33,3776,46
2021-06-23,Butte,007,227075,12787,12666,1856,14522,198
2021-06-23,Calaveras,009,45235,2196,2199,13,2212,55
2021-06-23,Colusa,011,21464,1966,1972,321,2293,15
2021-06-23,Contra Costa,013,1133247,70945,70526,1309,71835,813
2021-06-23,Del Norte,015,27424,1460,1418,13,1431,8
2021-06-23,El Dorado,017,186661,10467,10395,776,11171,115
2021-06-23,Fresno,019,978130,103403,103020,8727,111747,1724
2021-06-23,Glenn,021,27897,2450,2437,565,3002,20
2021-06-23,Humboldt,023,135768,4501,4490,43,4533,48
2021-06-23,Imperial,025,180216,28771,28908,2713,31621,740
2021-06-23,Inyo,027,18085,1411,1406,12,1418,35
2021-06-23,Kern,029,883053,97878,97078,11071,108149,1345
2021-06-23,Kings,031,150075,23265,23105,1095,24200,245
2021-06-23,Lake,033,64148,3590,3566,13,3579,53
2021-06-23,Lassen,035,31185,5277,5257,115,5372,20
2021-06-23,Los Angeles,037,10098052,1212343,1206358,41424,1247782,24472
2021-06-23,Madera,039,155013,16787,16660,942,17602,240
2021-06-23,Marin,041,260295,14205,14177,262,14439,230
2021-06-23,Mariposa,043,17540,441,439,11,450,5
2021-06-23,Mendocino,045,87422,4173,4078,82,4160,49
2021-06-23,Merced,047,269075,31222,31260,1050,32310,465
2021-06-23,Modoc,049,8938,414,407,147,554,3
2021-06-23,Mono,051,14174,1266,1279,18,1297,3
2021-06-23,Monterey,053,433212,43306,43166,1855,45021,439
2021-06-23,Napa,055,140530,10019,10032,39,10071,80
2021-06-23,Nevada,057,99092,4965,4924,195,5119,72
2021-06-23,Orange,059,3164182,256513,255479,11468,266947,5116
2021-06-23,Placer,061,380077,23816,23630,1538,25168,299
2021-06-23,Plumas,063,18699,720,701,11,712,4
2021-06-23,Riverside,065,2383286,295525,290343,14053,304396,4462
2021-06-23,Sacramento,067,1510023,108198,107868,1822,109690,1671
2021-06-23,San Benito,069,59416,6086,6097,115,6212,63
2021-06-23,San Bernardino,071,2135413,294629,293816,9019,302835,4886
2021-06-23,San Diego,073,3302833,282964,281937,15337,297274,3777
2021-06-23,San Francisco,075,870044,37081,37304,1293,38597,559
2021-06-23,San Joaquin,077,732212,74032,73764,3608,77372,1405
2021-06-23,San Luis Obispo,079,281455,21526,21323,751,22074,257
2021-06-23,San Mateo,081,765935,42690,42756,482,43238,542
2021-06-23,Santa Barbara,083,443738,34610,34505,1132,35637,454
2021-06-23,Santa Clara,085,1922200,119434,120233,772,121005,2098
2021-06-23,Santa Cruz,087,273765,16335,16215,805,17020,209
2021-06-23,Shasta,089,179085,12589,12604,1633,14237,202
2021-06-23,Sierra,091,2930,63,57,12,69,0
2021-06-23,Siskiyou,093,43540,1965,1892,368,2260,28
2021-06-23,Solano,095,438530,33402,33408,568,33976,267
2021-06-23,Sonoma,097,501317,30918,30959,361,31320,314
2021-06-23,Stanislaus,099,539301,57054,56926,5989,62915,1017
2021-06-23,Sutter,101,95872,9609,9653,88,9741,113
2021-06-23,Tehama,103,63373,5150,5119,586,5705,63
2021-06-23,Trinity,105,12862,493,338,97,435,3
2021-06-23,Tulare,107,460477,50438,49711,9069,58780,850
2021-06-23,Tuolumne,109,53932,4067,4120,43,4163,64
2021-06-23,Ventura,111,848112,81761,81312,3010,84322,1032
2021-06-23,Yolo,113,214977,14180,14161,343,14504,212
2021-06-23,Yuba,115,75493,6208,6190,132,6322,51
2021-06-22,Alameda,001,1643700,89298,89308,1963,91271,1263
2021-06-22,Alpine,003,1148,88,88,0,88,0
2021-06-22,Amador,005,37829,3754,3743,33,3776,46
2021-06-22,Butte,007,227075,12783,12662,1853,14515,198
2021-06-22,Calaveras,009,45235,2195,2198,13,2211,55
2021-06-22,Colusa,011,21464,1965,1971,321,2292,15
2021-06-22,Contra Costa,013,1133247,70889,70480,1308,71788,813
2021-06-22,Del Norte,015,27424,1457,1417,13,1430,8
2021-06-22,El Dorado,017,186661,10462,10380,775,11155,113
2021-06-22,Fresno,019,978130,103384,102996,8723,111719,1724
2021-06-22,Glenn,021,27897,2449,2435,563,2998,19
2021-06-22,Humboldt,023,135768,4491,4483,43,4526,42
2021-06-22,Imperial,025,180216,28766,28880,2713,31593,740
2021-06-22,Inyo,027,18085,1411,1405,12,1417,35
2021-06-22,Kern,029,883053,97865,97013,11067,108080,1342
2021-06-22,Kings,031,150075,23257,23098,1094,24192,245
2021-06-22,Lake,033,64148,3588,3564,13,3577,45
2021-06-22,Lassen,035,31185,5272,5254,115,5369,20
2021-06-22,Los Angeles,037,10098052,1212029,1206146,41412,1247558,24461
2021-06-22,Madera,039,155013,16782,16652,942,17594,240
2021-06-22,Marin,041,260295,14203,14174,262,14436,230
2021-06-22,Mariposa,043,17540,441,439,11,450,5
2021-06-22,Mendocino,045,87422,4167,4072,82,4154,49
2021-06-22,Merced,047,269075,31211,31267,1050,32317,464
2021-06-22,Modoc,049,8938,412,405,146,551,3
2021-06-22,Mono,051,14174,1266,1277,18,1295,3
2021-06-22,Monterey,053,433212,43303,43162,1854,45016,427
2021-06-22,Napa,055,140530,10015,10029,39,10068,80
2021-06-22,Nevada,057,99092,4959,4923,195,5118,72
2021-06-22,Orange,059,3164182,256444,255452,11457,266909,5114
2021-06-22,Placer,061,380077,23794,23603,1538,25141,299
2021-06-22,Plumas,063,18699,720,697,11,708,4
2021-06-22,Riverside,065,2383286,295464,289839,14049,303888,4456
2021-06-22,Sacramento,067,1510023,108097,107801,1817,109618,1670
2021-06-22,San Benito,069,59416,6085,6098,115,6213,63
2021-06-22,San Bernardino,071,2135413,294553,293770,9013,302783,4873
2021-06-22,San Diego,073,3302833,282860,281867,15314,297181,3771
2021-06-22,San Francisco,075,870044,37067,37287,1293,38580,556
2021-06-22,San Joaquin,077,732212,74002,73723,3606,77329,1405
2021-06-22,San Luis Obispo,079,281455,21523,21321,750,22071,257
2021-06-22,San Mateo,081,765935,42676,42725,477,43202,542
2021-06-22,Santa Barbara,083,443738,34599,34500,1131,35631,454
2021-06-22,Santa Clara,085,1922200,119402,120194,772,120966,2095
2021-06-22,Santa Cruz,087,273765,16330,16218,805,17023,209
2021-06-22,Shasta,089,179085,12578,12616,1630,14246,202
2021-06-22,Sierra,091,2930,62,57,12,69,0
2021-06-22,Siskiyou,093,43540,1965,1892,368,2260,28
2021-06-22,Solano,095,438530,33384,33397,567,33964,267
2021-06-22,Sonoma,097,501317,30878,30933,361,31294,314
2021-06-22,Stanislaus,099,539301,57038,56915,5987,62902,1017
2021-06-22,Sutter,101,95872,9602,9649,88,9737,113
2021-06-22,Tehama,103,63373,5148,5118,585,5703,63
2021-06-22,Trinity,105,12862,491,337,97,434,3
2021-06-22,Tulare,107,460477,50429,49706,9064,58770,850
2021-06-22,Tuolumne,109,53932,4065,4119,43,4162,64
2021-06-22,Ventura,111,848112,81747,81300,3009,84309,1032
2021-06-22,Yolo,113,214977,14175,14157,341,14498,212
2021-06-22,Yuba,115,75493,6204,6181,132,6313,51
2021-06-21,Alameda,001,1643700,89241,89281,1962,91243,1262
2021-06-21,Alpine,003,1148,88,88,0,88,0
2021-06-21,Amador,005,37829,3748,3742,33,3775,46
2021-06-21,Butte,007,227075,12777,12668,1851,14519,195
2021-06-21,Calaveras,009,45235,2193,2194,13,2207,55
2021-06-21,Colusa,011,21464,1964,1970,320,2290,15
2021-06-21,Contra Costa,013,1133247,70818,70439,1306,71745,813
2021-06-21,Del Norte,015,27424,1453,1416,13,1429,8
2021-06-21,El Dorado,017,186661,10456,10375,774,11149,113
2021-06-21,Fresno,019,978130,103364,102971,8720,111691,1724
2021-06-21,Glenn,021,27897,2448,2433,563,2996,19
2021-06-21,Humboldt,023,135768,4482,4478,42,4520,42
2021-06-21,Imperial,025,180216,28762,28855,2713,31568,740
2021-06-21,Inyo,027,18085,1410,1405,12,1417,35
2021-06-21,Kern,029,883053,97836,96995,11058,108053,1342
2021-06-21,Kings,031,150075,23250,23091,1091,24182,245
2021-06-21,Lake,033,64148,3582,3563,13,3576,45
2021-06-21,Lassen,035,31185,5270,5233,115,5348,19
2021-06-21,Los Angeles,037,10098052,1211736,1205994,41390,1247384,24459
2021-06-21,Madera,039,155013,16773,16647,942,17589,240
2021-06-21,Marin,041,260295,14199,14173,262,14435,230
2021-06-21,Mariposa,043,17540,441,439,11,450,5
2021-06-21,Mendocino,045,87422,4164,4085,82,4167,49
2021-06-21,Merced,047,269075,31201,31264,1049,32313,465
2021-06-21,Modoc,049,8938,412,405,146,551,3
2021-06-21,Mono,051,14174,1266,1277,18,1295,3
2021-06-21,Monterey,053,433212,43300,43157,1854,45011,427
2021-06-21,Napa,055,140530,10010,10028,39,10067,80
2021-06-21,Nevada,057,99092,4955,4921,195,5116,72
2021-06-21,Orange,059,3164182,256371,255400,11450,266850,5113
2021-06-21,Placer,061,380077,23770,23577,1538,25115,298
2021-06-21,Plumas,063,18699,718,697,11,708,4
2021-06-21,Riverside,065,2383286,295388,289797,14044,303841,4456
2021-06-21,Sacramento,067,1510023,107986,107757,1816,109573,1669
2021-06-21,San Benito,069,59416,6081,6098,115,6213,63
2021-06-21,San Bernardino,071,2135413,294466,293736,9009,302745,4850
2021-06-21,San Diego,073,3302833,282755,281811,15294,297105,3771
2021-06-21,San Francisco,075,870044,37051,37275,1292,38567,556
2021-06-21,San Joaquin,077,732212,73961,73687,3605,77292,1405
2021-06-21,San Luis Obispo,079,281455,21514,21316,750,22066,257
2021-06-21,San Mateo,081,765935,42660,42685,476,43161,542
2021-06-21,Santa Barbara,083,443738,34594,34492,1131,35623,455
2021-06-21,Santa Clara,085,1922200,119369,120192,771,120963,2093
2021-06-21,Santa Cruz,087,273765,16328,16212,805,17017,208
2021-06-21,Shasta,089,179085,12565,12617,1627,14244,201
2021-06-21,Sierra,091,2930,62,57,12,69,0
2021-06-21,Siskiyou,093,43540,1965,1892,368,2260,27
2021-06-21,Solano,095,438530,33361,33383,566,33949,266
2021-06-21,Sonoma,097,501317,30855,30912,361,31273,314
2021-06-21,Stanislaus,099,539301,57008,56891,5982,62873,1017
2021-06-21,Sutter,101,95872,9599,9649,88,9737,113
2021-06-21,Tehama,103,63373,5148,5115,584,5699,63
2021-06-21,Trinity,105,12862,491,337,97,434,3
2021-06-21,Tulare,107,460477,50418,49689,9060,58749,849
2021-06-21,Tuolumne,109,53932,4061,4119,43,4162,63
2021-06-21,Ventura,111,848112,81719,81291,3005,84296,1031
2021-06-21,Yolo,113,214977,14169,14165,341,14506,212
2021-06-21,Yuba,115,75493,6203,6172,132,6304,51
2021-06-20,Alameda,001,1643700,89176,89255,1961,91216,1263
2021-06-20,Alpine,003,1148,88,88,0,88,0
2021-06-20,Amador,005,37829,3745,3740,33,3773,46
2021-06-20,Butte,007,227075,12770,12668,1850,14518,194
2021-06-20,Calaveras,009,45235,2192,2193,13,2206,55
2021-06-20,Colusa,011,21464,1964,1970,320,2290,15
2021-06-20,Contra Costa,013,1133247,70761,70401,1304,71705,813
2021-06-20,Del Norte,015,27424,1449,1416,13,1429,8
2021-06-20,El Dorado,017,186661,10442,10372,771,11143,113
2021-06-20,Fresno,019,978130,103323,102947,8716,111663,1724
2021-06-20,Glenn,021,27897,2448,2434,563,2997,19
2021-06-20,Humboldt,023,135768,4476,4472,42,4514,42
2021-06-20,Imperial,025,180216,28753,28855,2713,31568,740
2021-06-20,Inyo,027,18085,1409,1405,12,1417,35
2021-06-20,Kern,029,883053,97815,96985,11047,108032,1342
2021-06-20,Kings,031,150075,23245,23088,1089,24177,245
2021-06-20,Lake,033,64148,3580,3563,13,3576,45
2021-06-20,Lassen,035,31185,5267,5230,115,5345,19
2021-06-20,Los Angeles,037,10098052,1211433,1205874,41382,1247256,24456
2021-06-20,Madera,039,155013,16765,16638,940,17578,240
2021-06-20,Marin,041,260295,14196,14166,262,14428,230
2021-06-20,Mariposa,043,17540,439,439,11,450,5
2021-06-20,Mendocino,045,87422,4157,4080,82,4162,49
2021-06-20,Merced,047,269075,31188,31265,1049,32314,465
2021-06-20,Modoc,049,8938,412,405,146,551,3
2021-06-20,Mono,051,14174,1266,1275,18,1293,3
2021-06-20,Monterey,053,433212,43291,43156,1853,45009,427
2021-06-20,Napa,055,140530,10003,10026,38,10064,80
2021-06-20,Nevada,057,99092,4948,4919,195,5114,72
2021-06-20,Orange,059,3164182,256307,255377,11439,266816,5113
2021-06-20,Placer,061,380077,23736,23562,1534,25096,298
2021-06-20,Plumas,063,18699,717,697,11,708,4
2021-06-20,Riverside,065,2383286,295309,289770,14033,303803,4456
2021-06-20,Sacramento,067,1510023,107875,107700,1813,109513,1669
2021-06-20,San Benito,069,59416,6081,6098,115,6213,63
2021-06-20,San Bernardino,071,2135413,294366,293713,9005,302718,4845
2021-06-20,San Diego,073,3302833,282649,281750,15272,297022,3771
2021-06-20,San Francisco,075,870044,37028,37269,1292,38561,556
2021-06-20,San Joaquin,077,732212,73916,73676,3596,77272,1405
2021-06-20,San Luis Obispo,079,281455,21512,21313,750,22063,257
2021-06-20,San Mateo,081,765935,42631,42681,476,43157,542
2021-06-20,Santa Barbara,083,443738,34585,34487,1131,35618,455
2021-06-20,Santa Clara,085,1922200,119334,120163,771,120934,2093
2021-06-20,Santa Cruz,087,273765,16322,16210,805,17015,208
2021-06-20,Shasta,089,179085,12560,12617,1625,14242,201
2021-06-20,Sierra,091,2930,62,57,12,69,0
2021-06-20,Siskiyou,093,43540,1964,1891,368,2259,27
2021-06-20,Solano,095,438530,33339,33361,564,33925,266
2021-06-20,Sonoma,097,501317,30808,30884,358,31242,314
2021-06-20,Stanislaus,099,539301,56975,56868,5981,62849,1017
2021-06-20,Sutter,101,95872,9596,9645,88,9733,113
2021-06-20,Tehama,103,63373,5144,5115,584,5699,63
2021-06-20,Trinity,105,12862,491,337,97,434,3
2021-06-20,Tulare,107,460477,50409,49685,9058,58743,849
2021-06-20,Tuolumne,109,53932,4058,4117,43,4160,63
2021-06-20,Ventura,111,848112,81703,81282,3003,84285,1031
2021-06-20,Yolo,113,214977,14162,14160,341,14501,212
2021-06-20,Yuba,115,75493,6196,6167,132,6299,51
2021-06-19,Alameda,001,1643700,89141,89202,1961,91163,1263
2021-06-19,Alpine,003,1148,88,88,0,88,0
2021-06-19,Amador,005,37829,3743,3739,33,3772,46
2021-06-19,Butte,007,227075,12766,12659,1850,14509,194
2021-06-19,Calaveras,009,45235,2192,2192,13,2205,55
2021-06-19,Colusa,011,21464,1964,1969,320,2289,15
2021-06-19,Contra Costa,013,1133247,70730,70334,1303,71637,813
2021-06-19,Del Norte,015,27424,1448,1416,13,1429,8
2021-06-19,El Dorado,017,186661,10441,10363,770,11133,113
2021-06-19,Fresno,019,978130,103310,102922,8715,111637,1724
2021-06-19,Glenn,021,27897,2447,2434,562,2996,19
2021-06-19,Humboldt,023,135768,4465,4463,42,4505,42
2021-06-19,Imperial,025,180216,28752,28813,2713,31526,740
2021-06-19,Inyo,027,18085,1409,1405,12,1417,35
2021-06-19,Kern,029,883053,97799,96966,11043,108009,1342
2021-06-19,Kings,031,150075,23242,23086,1089,24175,245
2021-06-19,Lake,033,64148,3576,3563,13,3576,45
2021-06-19,Lassen,035,31185,5266,5225,115,5340,19
2021-06-19,Los Angeles,037,10098052,1211229,1205602,41366,1246968,24454
2021-06-19,Madera,039,155013,16763,16632,940,17572,240
2021-06-19,Marin,041,260295,14188,14152,262,14414,230
2021-06-19,Mariposa,043,17540,439,439,11,450,5
2021-06-19,Mendocino,045,87422,4151,4077,82,4159,49
2021-06-19,Merced,047,269075,31186,31256,1049,32305,465
2021-06-19,Modoc,049,8938,411,402,146,548,3
2021-06-19,Mono,051,14174,1266,1275,18,1293,3
2021-06-19,Monterey,053,433212,43285,43153,1853,45006,427
2021-06-19,Napa,055,140530,9999,10025,38,10063,80
2021-06-19,Nevada,057,99092,4943,4910,195,5105,72
2021-06-19,Orange,059,3164182,256260,255329,11436,266765,5112
2021-06-19,Placer,061,380077,23720,23537,1531,25068,298
2021-06-19,Plumas,063,18699,716,697,11,708,4
2021-06-19,Riverside,065,2383286,295263,289720,14033,303753,4456
2021-06-19,Sacramento,067,1510023,107829,107631,1810,109441,1669
2021-06-19,San Benito,069,59416,6080,6098,115,6213,63
2021-06-19,San Bernardino,071,2135413,294322,293673,9003,302676,4844
2021-06-19,San Diego,073,3302833,282589,281682,15258,296940,3771
2021-06-19,San Francisco,075,870044,37015,37256,1292,38548,556
2021-06-19,San Joaquin,077,732212,73900,73652,3592,77244,1405
2021-06-19,San Luis Obispo,079,281455,21510,21308,748,22056,257
2021-06-19,San Mateo,081,765935,42613,42646,474,43120,542
2021-06-19,Santa Barbara,083,443738,34583,34472,1131,35603,455
2021-06-19,Santa Clara,085,1922200,119311,120110,770,120880,2093
2021-06-19,Santa Cruz,087,273765,16317,16206,805,17011,208
2021-06-19,Shasta,089,179085,12558,12615,1624,14239,201
2021-06-19,Sierra,091,2930,62,57,12,69,0
2021-06-19,Siskiyou,093,43540,1964,1891,368,2259,27
2021-06-19,Solano,095,438530,33329,33341,563,33904,266
2021-06-19,Sonoma,097,501317,30767,30841,358,31199,314
2021-06-19,Stanislaus,099,539301,56956,56847,5978,62825,1017
2021-06-19,Sutter,101,95872,9593,9645,88,9733,113
2021-06-19,Tehama,103,63373,5143,5115,584,5699,63
2021-06-19,Trinity,105,12862,491,337,97,434,3
2021-06-19,Tulare,107,460477,50402,49681,9053,58734,849
2021-06-19,Tuolumne,109,53932,4058,4117,43,4160,63
2021-06-19,Ventura,111,848112,81690,81270,3002,84272,1031
2021-06-19,Yolo,113,214977,14158,14156,340,14496,212
2021-06-19,Yuba,115,75493,6195,6157,132,6289,51
2021-06-18,Alameda,001,1643700,89104,89123,1961,91084,1263
2021-06-18,Alpine,003,1148,88,88,0,88,0
2021-06-18,Amador,005,37829,3743,3739,33,3772,46
2021-06-18,Butte,007,227075,12763,12653,1847,14500,194
2021-06-18,Calaveras,009,45235,2192,2191,13,2204,55
2021-06-18,Colusa,011,21464,1963,1969,320,2289,15
2021-06-18,Contra Costa,013,1133247,70688,70271,1301,71572,813
2021-06-18,Del Norte,015,27424,1448,1415,13,1428,8
2021-06-18,El Dorado,017,186661,10438,10348,768,11116,113
2021-06-18,Fresno,019,978130,103294,102894,8713,111607,1722
2021-06-18,Glenn,021,27897,2446,2430,562,2992,19
2021-06-18,Humboldt,023,135768,4457,4450,42,4492,42
2021-06-18,Imperial,025,180216,28750,28809,2713,31522,740
2021-06-18,Inyo,027,18085,1409,1405,12,1417,35
2021-06-18,Kern,029,883053,97788,96948,11037,107985,1341
2021-06-18,Kings,031,150075,23237,23082,1089,24171,245
2021-06-18,Lake,033,64148,3572,3563,13,3576,45
2021-06-18,Lassen,035,31185,5265,5224,115,5339,19
2021-06-18,Los Angeles,037,10098052,1211070,1205472,41349,1246821,24451
2021-06-18,Madera,039,155013,16757,16625,940,17565,241
2021-06-18,Marin,041,260295,14185,14147,262,14409,230
2021-06-18,Mariposa,043,17540,439,439,11,450,5
2021-06-18,Mendocino,045,87422,4146,4068,82,4150,49
2021-06-18,Merced,047,269075,31184,31262,1049,32311,464
2021-06-18,Modoc,049,8938,411,402,146,548,3
2021-06-18,Mono,051,14174,1265,1275,17,1292,3
2021-06-18,Monterey,053,433212,43282,43148,1853,45001,427
2021-06-18,Napa,055,140530,9995,10021,38,10059,80
2021-06-18,Nevada,057,99092,4935,4903,195,5098,72
2021-06-18,Orange,059,3164182,256223,255274,11433,266707,5108
2021-06-18,Placer,061,380077,23712,23500,1528,25028,298
2021-06-18,Plumas,063,18699,716,697,11,708,4
2021-06-18,Riverside,065,2383286,295215,289676,14032,303708,4457
2021-06-18,Sacramento,067,1510023,107781,107570,1810,109380,1669
2021-06-18,San Benito,069,59416,6079,6097,115,6212,63
2021-06-18,San Bernardino,071,2135413,294277,293629,8999,302628,4826
2021-06-18,San Diego,073,3302833,282513,281608,15247,296855,3771
2021-06-18,San Francisco,075,870044,37006,37246,1292,38538,556
2021-06-18,San Joaquin,077,732212,73882,73623,3590,77213,1403
2021-06-18,San Luis Obispo,079,281455,21506,21301,747,22048,257
2021-06-18,San Mateo,081,765935,42602,42630,473,43103,542
2021-06-18,Santa Barbara,083,443738,34573,34469,1131,35600,455
2021-06-18,Santa Clara,085,1922200,119290,120081,768,120849,2093
2021-06-18,Santa Cruz,087,273765,16313,16202,805,17007,208
2021-06-18,Shasta,089,179085,12554,12607,1622,14229,201
2021-06-18,Sierra,091,2930,61,57,12,69,0
2021-06-18,Siskiyou,093,43540,1964,1890,368,2258,27
2021-06-18,Solano,095,438530,33315,33323,563,33886,266
2021-06-18,Sonoma,097,501317,30749,30816,357,31173,313
2021-06-18,Stanislaus,099,539301,56941,56803,5976,62779,1012
2021-06-18,Sutter,101,95872,9590,9643,88,9731,113
2021-06-18,Tehama,103,63373,5141,5114,584,5698,63
2021-06-18,Trinity,105,12862,491,337,96,433,3
2021-06-18,Tulare,107,460477,50400,49664,9046,58710,849
2021-06-18,Tuolumne,109,53932,4056,4116,43,4159,63
2021-06-18,Ventura,111,848112,81680,81256,2997,84253,1031
2021-06-18,Yolo,113,214977,14155,14148,338,14486,212
2021-06-18,Yuba,115,75493,6189,6150,132,6282,51
2021-06-17,Alameda,001,1643700,89057,89087,1961,91048,1262
2021-06-17,Alpine,003,1148,88,88,0,88,0
2021-06-17,Amador,005,37829,3741,3731,33,3764,46
2021-06-17,Butte,007,227075,12753,12644,1846,14490,194
2021-06-17,Calaveras,009,45235,2191,2189,13,2202,55
2021-06-17,Colusa,011,21464,1962,1969,320,2289,15
2021-06-17,Contra Costa,013,1133247,70649,70190,1297,71487,810
2021-06-17,Del Norte,015,27424,1446,1413,13,1426,8
2021-06-17,El Dorado,017,186661,10428,10341,768,11109,113
2021-06-17,Fresno,019,978130,103268,102867,8709,111576,1722
2021-06-17,Glenn,021,27897,2446,2430,562,2992,19
2021-06-17,Humboldt,023,135768,4448,4438,42,4480,42
2021-06-17,Imperial,025,180216,28742,28801,2713,31514,741
2021-06-17,Inyo,027,18085,1409,1405,12,1417,35
2021-06-17,Kern,029,883053,97773,96840,11031,107871,1340
2021-06-17,Kings,031,150075,23233,23078,1088,24166,245
2021-06-17,Lake,033,64148,3569,3563,9,3572,45
2021-06-17,Lassen,035,31185,5261,5223,115,5338,19
2021-06-17,Los Angeles,037,10098052,1210857,1205301,41321,1246622,24444
2021-06-17,Madera,039,155013,16752,16618,940,17558,241
2021-06-17,Marin,041,260295,14185,14141,262,14403,229
2021-06-17,Mariposa,043,17540,439,439,11,450,5
2021-06-17,Mendocino,045,87422,4139,4054,82,4136,49
2021-06-17,Merced,047,269075,31179,31262,1049,32311,464
2021-06-17,Modoc,049,8938,410,401,146,547,3
2021-06-17,Mono,051,14174,1264,1275,17,1292,3
2021-06-17,Monterey,053,433212,43274,43140,1853,44993,416
2021-06-17,Napa,055,140530,9995,10014,38,10052,80
2021-06-17,Nevada,057,99092,4931,4898,195,5093,72
2021-06-17,Orange,059,3164182,256177,255240,11422,266662,5109
2021-06-17,Placer,061,380077,23696,23461,1526,24987,298
2021-06-17,Plumas,063,18699,715,697,11,708,4
2021-06-17,Riverside,065,2383286,295161,289627,14030,303657,4458
2021-06-17,Sacramento,067,1510023,107717,107492,1808,109300,1666
2021-06-17,San Benito,069,59416,6079,6097,115,6212,63
2021-06-17,San Bernardino,071,2135413,294236,293560,8999,302559,4811
2021-06-17,San Diego,073,3302833,282437,281531,15233,296764,3771
2021-06-17,San Francisco,075,870044,36995,37243,1291,38534,556
2021-06-17,San Joaquin,077,732212,73859,73560,3585,77145,1403
2021-06-17,San Luis Obispo,079,281455,21504,21297,747,22044,257
2021-06-17,San Mateo,081,765935,42596,42615,473,43088,542
2021-06-17,Santa Barbara,083,443738,34567,34466,1131,35597,453
2021-06-17,Santa Clara,085,1922200,119265,120032,767,120799,2093
2021-06-17,Santa Cruz,087,273765,16309,16197,805,17002,208
2021-06-17,Shasta,089,179085,12546,12597,1622,14219,201
2021-06-17,Sierra,091,2930,61,56,12,68,0
2021-06-17,Siskiyou,093,43540,1963,1889,368,2257,27
2021-06-17,Solano,095,438530,33294,33296,562,33858,266
2021-06-17,Sonoma,097,501317,30719,30793,357,31150,323
2021-06-17,Stanislaus,099,539301,56910,56752,5971,62723,1012
2021-06-17,Sutter,101,95872,9587,9629,88,9717,113
2021-06-17,Tehama,103,63373,5140,5112,582,5694,63
2021-06-17,Trinity,105,12862,490,337,96,433,3
2021-06-17,Tulare,107,460477,50395,49649,9038,58687,849
2021-06-17,Tuolumne,109,53932,4055,4116,43,4159,63
2021-06-17,Ventura,111,848112,81671,81248,2994,84242,1030
2021-06-17,Yolo,113,214977,14147,14141,338,14479,212
2021-06-17,Yuba,115,75493,6180,6140,132,6272,51
2021-06-16,Alameda,001,1643700,89008,89045,1960,91005,1265
2021-06-16,Alpine,003,1148,88,88,0,88,0
2021-06-16,Amador,005,37829,3740,3730,33,3763,46
2021-06-16,Butte,007,227075,12751,12635,1844,14479,194
2021-06-16,Calaveras,009,45235,2189,2188,13,2201,55
2021-06-16,Colusa,011,21464,1962,1967,320,2287,15
2021-06-16,Contra Costa,013,1133247,70597,70136,1296,71432,810
2021-06-16,Del Norte,015,27424,1443,1413,13,1426,8
2021-06-16,El Dorado,017,186661,10422,10334,767,11101,113
2021-06-16,Fresno,019,978130,103238,102842,8705,111547,1722
2021-06-16,Glenn,021,27897,2446,2430,562,2992,19
2021-06-16,Humboldt,023,135768,4439,4427,41,4468,42
2021-06-16,Imperial,025,180216,28739,28796,2713,31509,741
2021-06-16,Inyo,027,18085,1408,1405,12,1417,35
2021-06-16,Kern,029,883053,97751,96789,11024,107813,1339
2021-06-16,Kings,031,150075,23232,23072,1087,24159,245
2021-06-16,Lake,033,64148,3569,3562,9,3571,45
2021-06-16,Lassen,035,31185,5258,5216,115,5331,19
2021-06-16,Los Angeles,037,10098052,1210632,1205102,41311,1246413,24439
2021-06-16,Madera,039,155013,16748,16603,940,17543,240
2021-06-16,Marin,041,260295,14183,14137,262,14399,229
2021-06-16,Mariposa,043,17540,439,437,11,448,5
2021-06-16,Mendocino,045,87422,4131,4041,82,4123,49
2021-06-16,Merced,047,269075,31171,31250,1049,32299,463
2021-06-16,Modoc,049,8938,409,383,145,528,3
2021-06-16,Mono,051,14174,1264,1275,17,1292,3
2021-06-16,Monterey,053,433212,43271,43122,1853,44975,416
2021-06-16,Napa,055,140530,9991,10011,38,10049,80
2021-06-16,Nevada,057,99092,4926,4894,195,5089,72
2021-06-16,Orange,059,3164182,256123,255188,11414,266602,5109
2021-06-16,Placer,061,380077,23686,23425,1522,24947,298
2021-06-16,Plumas,063,18699,715,697,11,708,4
2021-06-16,Riverside,065,2383286,295100,289539,14028,303567,4457
2021-06-16,Sacramento,067,1510023,107647,107422,1804,109226,1665
2021-06-16,San Benito,069,59416,6079,6090,115,6205,63
2021-06-16,San Bernardino,071,2135413,294187,293499,8997,302496,4797
2021-06-16,San Diego,073,3302833,282358,281423,15220,296643,3770
2021-06-16,San Francisco,075,870044,36982,37222,1289,38511,555
2021-06-16,San Joaquin,077,732212,73821,73530,3581,77111,1399
2021-06-16,San Luis Obispo,079,281455,21499,21294,747,22041,257
2021-06-16,San Mateo,081,765935,42580,42601,473,43074,542
2021-06-16,Santa Barbara,083,443738,34561,34459,1131,35590,460
2021-06-16,Santa Clara,085,1922200,119233,119982,767,120749,2087
2021-06-16,Santa Cruz,087,273765,16306,16187,805,16992,208
2021-06-16,Shasta,089,179085,12541,12592,1621,14213,200
2021-06-16,Sierra,091,2930,61,56,12,68,0
2021-06-16,Siskiyou,093,43540,1962,1886,368,2254,26
2021-06-16,Solano,095,438530,33266,33276,562,33838,266
2021-06-16,Sonoma,097,501317,30683,30741,357,31098,323
2021-06-16,Stanislaus,099,539301,56879,56738,5969,62707,984
2021-06-16,Sutter,101,95872,9583,9620,88,9708,113
2021-06-16,Tehama,103,63373,5138,5106,582,5688,63
2021-06-16,Trinity,105,12862,489,332,96,428,3
2021-06-16,Tulare,107,460477,50390,49578,9034,58612,849
2021-06-16,Tuolumne,109,53932,4055,4110,43,4153,63
2021-06-16,Ventura,111,848112,81657,81229,2992,84221,1029
2021-06-16,Yolo,113,214977,14138,14135,337,14472,212
2021-06-16,Yuba,115,75493,6170,6134,132,6266,51
2021-06-15,Alameda,001,1643700,88966,89008,1960,90968,1262
2021-06-15,Alpine,003,1148,88,88,0,88,0
2021-06-15,Amador,005,37829,3737,3723,33,3756,46
2021-06-15,Butte,007,227075,12743,12620,1843,14463,194
2021-06-15,Calaveras,009,45235,2188,2188,13,2201,55
2021-06-15,Colusa,011,21464,1962,1967,318,2285,15
2021-06-15,Contra Costa,013,1133247,70535,70101,1296,71397,810
2021-06-15,Del Norte,015,27424,1442,1411,13,1424,8
2021-06-15,El Dorado,017,186661,10413,10330,767,11097,113
2021-06-15,Fresno,019,978130,103206,102828,8704,111532,1722
2021-06-15,Glenn,021,27897,2445,2426,562,2988,19
2021-06-15,Humboldt,023,135768,4430,4414,40,4454,42
2021-06-15,Imperial,025,180216,28733,28789,2713,31502,741
2021-06-15,Inyo,027,18085,1408,1405,12,1417,35
2021-06-15,Kern,029,883053,97723,96782,11016,107798,1338
2021-06-15,Kings,031,150075,23226,23070,1085,24155,245
2021-06-15,Lake,033,64148,3568,3559,9,3568,45
2021-06-15,Lassen,035,31185,5257,5211,115,5326,19
2021-06-15,Los Angeles,037,10098052,1210399,1204926,41303,1246229,24435
2021-06-15,Madera,039,155013,16741,16600,939,17539,240
2021-06-15,Marin,041,260295,14175,14135,262,14397,229
2021-06-15,Mariposa,043,17540,439,437,11,448,5
2021-06-15,Mendocino,045,87422,4124,4034,82,4116,49
2021-06-15,Merced,047,269075,31165,31244,1049,32293,461
2021-06-15,Modoc,049,8938,408,383,145,528,3
2021-06-15,Mono,051,14174,1264,1275,17,1292,3
2021-06-15,Monterey,053,433212,43265,43118,1853,44971,416
2021-06-15,Napa,055,140530,9989,10010,38,10048,80
2021-06-15,Nevada,057,99092,4923,4888,195,5083,72
2021-06-15,Orange,059,3164182,256082,255127,11405,266532,5105
2021-06-15,Placer,061,380077,23664,23396,1521,24917,298
2021-06-15,Plumas,063,18699,714,697,11,708,4
2021-06-15,Riverside,065,2383286,295040,289508,14024,303532,4455
2021-06-15,Sacramento,067,1510023,107572,107370,1798,109168,1662
2021-06-15,San Benito,069,59416,6078,6089,115,6204,63
2021-06-15,San Bernardino,071,2135413,294137,293463,8991,302454,4790
2021-06-15,San Diego,073,3302833,282274,281375,15205,296580,3770
2021-06-15,San Francisco,075,870044,36973,37210,1288,38498,555
2021-06-15,San Joaquin,077,732212,73781,73494,3576,77070,1399
2021-06-15,San Luis Obispo,079,281455,21494,21293,746,22039,257
2021-06-15,San Mateo,081,765935,42567,42593,473,43066,543
2021-06-15,Santa Barbara,083,443738,34556,34451,1131,35582,460
2021-06-15,Santa Clara,085,1922200,119195,119963,767,120730,2086
2021-06-15,Santa Cruz,087,273765,16300,16180,804,16984,208
2021-06-15,Shasta,089,179085,12535,12583,1621,14204,201
2021-06-15,Sierra,091,2930,60,55,12,67,0
2021-06-15,Siskiyou,093,43540,1961,1887,368,2255,26
2021-06-15,Solano,095,438530,33247,33264,562,33826,266
2021-06-15,Sonoma,097,501317,30644,30707,356,31063,323
2021-06-15,Stanislaus,099,539301,56851,56724,5966,62690,979
2021-06-15,Sutter,101,95872,9574,9616,88,9704,113
2021-06-15,Tehama,103,63373,5136,5102,582,5684,63
2021-06-15,Trinity,105,12862,488,332,95,427,3
2021-06-15,Tulare,107,460477,50384,49561,9031,58592,848
2021-06-15,Tuolumne,109,53932,4055,4111,43,4154,63
2021-06-15,Ventura,111,848112,81646,81215,2989,84204,1029
2021-06-15,Yolo,113,214977,14134,14127,335,14462,212
2021-06-15,Yuba,115,75493,6159,6130,132,6262,51
2021-06-14,Alameda,001,1643700,88918,88966,1960,90926,1264
2021-06-14,Alpine,003,1148,88,88,0,88,0
2021-06-14,Amador,005,37829,3736,3722,33,3755,46
2021-06-14,Butte,007,227075,12732,12613,1839,14452,194
2021-06-14,Calaveras,009,45235,2187,2190,13,2203,55
2021-06-14,Colusa,011,21464,1961,1966,318,2284,15
2021-06-14,Contra Costa,013,1133247,70482,70069,1294,71363,810
2021-06-14,Del Norte,015,27424,1442,1411,13,1424,8
2021-06-14,El Dorado,017,186661,10404,10327,765,11092,113
2021-06-14,Fresno,019,978130,103184,102812,8702,111514,1719
2021-06-14,Glenn,021,27897,2445,2426,562,2988,19
2021-06-14,Humboldt,023,135768,4422,4407,39,4446,42
2021-06-14,Imperial,025,180216,28721,28836,2713,31549,741
2021-06-14,Inyo,027,18085,1407,1405,12,1417,35
2021-06-14,Kern,029,883053,97703,96760,11006,107766,1337
2021-06-14,Kings,031,150075,23223,23071,1084,24155,245
2021-06-14,Lake,033,64148,3567,3557,9,3566,45
2021-06-14,Lassen,035,31185,5254,5209,114,5323,19
2021-06-14,Los Angeles,037,10098052,1210161,1204748,41293,1246041,24434
2021-06-14,Madera,039,155013,16735,16597,938,17535,240
2021-06-14,Marin,041,260295,14173,14133,262,14395,229
2021-06-14,Mariposa,043,17540,438,437,11,448,5
2021-06-14,Mendocino,045,87422,4118,4028,82,4110,49
2021-06-14,Merced,047,269075,31156,31241,1048,32289,461
2021-06-14,Modoc,049,8938,399,382,143,525,3
2021-06-14,Mono,051,14174,1264,1275,17,1292,3
2021-06-14,Monterey,053,433212,43262,43110,1853,44963,415
2021-06-14,Napa,055,140530,9985,10000,38,10038,80
2021-06-14,Nevada,057,99092,4916,4885,195,5080,72
2021-06-14,Orange,059,3164182,256044,255069,11401,266470,5103
2021-06-14,Placer,061,380077,23639,23379,1520,24899,298
2021-06-14,Plumas,063,18699,714,696,11,707,4
2021-06-14,Riverside,065,2383286,294986,289476,14024,303500,4453
2021-06-14,Sacramento,067,1510023,107518,107334,1793,109127,1661
2021-06-14,San Benito,069,59416,6078,6087,115,6202,63
2021-06-14,San Bernardino,071,2135413,294080,293446,8987,302433,4790
2021-06-14,San Diego,073,3302833,282168,281314,15185,296499,3770
2021-06-14,San Francisco,075,870044,36960,37206,1288,38494,555
2021-06-14,San Joaquin,077,732212,73752,73453,3576,77029,1398
2021-06-14,San Luis Obispo,079,281455,21492,21302,746,22048,256
2021-06-14,San Mateo,081,765935,42554,42619,472,43091,543
2021-06-14,Santa Barbara,083,443738,34553,34449,1131,35580,460
2021-06-14,Santa Clara,085,1922200,119164,119957,766,120723,2085
2021-06-14,Santa Cruz,087,273765,16297,16175,804,16979,208
2021-06-14,Shasta,089,179085,12524,12561,1618,14179,201
2021-06-14,Sierra,091,2930,59,55,12,67,0
2021-06-14,Siskiyou,093,43540,1961,1886,368,2254,26
2021-06-14,Solano,095,438530,33230,33243,561,33804,266
2021-06-14,Sonoma,097,501317,30612,30679,355,31034,323
2021-06-14,Stanislaus,099,539301,56814,56689,5963,62652,975
2021-06-14,Sutter,101,95872,9571,9607,88,9695,112
2021-06-14,Tehama,103,63373,5134,5102,582,5684,63
2021-06-14,Trinity,105,12862,488,332,95,427,3
2021-06-14,Tulare,107,460477,50379,49538,9028,58566,848
2021-06-14,Tuolumne,109,53932,4052,4108,43,4151,63
2021-06-14,Ventura,111,848112,81636,81209,2989,84198,1028
2021-06-14,Yolo,113,214977,14126,14123,335,14458,212
2021-06-14,Yuba,115,75493,6152,6127,132,6259,50
2021-06-13,Alameda,001,1643700,88861,88947,1959,90906,1264
2021-06-13,Alpine,003,1148,87,88,0,88,0
2021-06-13,Amador,005,37829,3732,3721,33,3754,46
2021-06-13,Butte,007,227075,12721,12586,1836,14422,194
2021-06-13,Calaveras,009,45235,2187,2189,13,2202,55
2021-06-13,Colusa,011,21464,1961,1965,317,2282,15
2021-06-13,Contra Costa,013,1133247,70428,70040,1292,71332,810
2021-06-13,Del Norte,015,27424,1440,1412,13,1425,8
2021-06-13,El Dorado,017,186661,10395,10324,765,11089,113
2021-06-13,Fresno,019,978130,103154,102795,8697,111492,1719
2021-06-13,Glenn,021,27897,2444,2425,560,2985,19
2021-06-13,Humboldt,023,135768,4409,4401,39,4440,42
2021-06-13,Imperial,025,180216,28712,28800,2713,31513,741
2021-06-13,Inyo,027,18085,1407,1405,12,1417,35
2021-06-13,Kern,029,883053,97679,96743,10994,107737,1337
2021-06-13,Kings,031,150075,23218,23069,1083,24152,245
2021-06-13,Lake,033,64148,3567,3556,9,3565,45
2021-06-13,Lassen,035,31185,5249,5209,114,5323,19
2021-06-13,Los Angeles,037,10098052,1209897,1204614,41280,1245894,24433
2021-06-13,Madera,039,155013,16721,16590,938,17528,240
2021-06-13,Marin,041,260295,14167,14126,262,14388,229
2021-06-13,Mariposa,043,17540,438,434,11,445,5
2021-06-13,Mendocino,045,87422,4111,4026,82,4108,49
2021-06-13,Merced,047,269075,31150,31240,1047,32287,461
2021-06-13,Modoc,049,8938,397,382,141,523,3
2021-06-13,Mono,051,14174,1264,1275,17,1292,3
2021-06-13,Monterey,053,433212,43254,43108,1853,44961,415
2021-06-13,Napa,055,140530,9979,9995,38,10033,80
2021-06-13,Nevada,057,99092,4911,4883,195,5078,72
2021-06-13,Orange,059,3164182,255989,255043,11398,266441,5103
2021-06-13,Placer,061,380077,23613,23365,1518,24883,295
2021-06-13,Plumas,063,18699,713,696,11,707,4
2021-06-13,Riverside,065,2383286,294919,289447,14021,303468,4453
2021-06-13,Sacramento,067,1510023,107442,107289,1790,109079,1658
2021-06-13,San Benito,069,59416,6078,6086,115,6201,63
2021-06-13,San Bernardino,071,2135413,294029,293416,8982,302398,4788
2021-06-13,San Diego,073,3302833,282089,281268,15169,296437,3770
2021-06-13,San Francisco,075,870044,36948,37197,1288,38485,555
2021-06-13,San Joaquin,077,732212,73717,73438,3574,77012,1398
2021-06-13,San Luis Obispo,079,281455,21486,21298,745,22043,256
2021-06-13,San Mateo,081,765935,42541,42611,472,43083,542
2021-06-13,Santa Barbara,083,443738,34542,34449,1130,35579,460
2021-06-13,Santa Clara,085,1922200,119140,119946,766,120712,2085
2021-06-13,Santa Cruz,087,273765,16290,16172,804,16976,208
2021-06-13,Shasta,089,179085,12515,12560,1617,14177,201
2021-06-13,Sierra,091,2930,59,55,12,67,0
2021-06-13,Siskiyou,093,43540,1960,1885,368,2253,26
2021-06-13,Solano,095,438530,33209,33234,561,33795,266
2021-06-13,Sonoma,097,501317,30577,30663,353,31016,323
2021-06-13,Stanislaus,099,539301,56788,56671,5960,62631,975
2021-06-13,Sutter,101,95872,9564,9603,88,9691,112
2021-06-13,Tehama,103,63373,5132,5100,582,5682,63
2021-06-13,Trinity,105,12862,487,332,95,427,3
2021-06-13,Tulare,107,460477,50370,49537,9023,58560,848
2021-06-13,Tuolumne,109,53932,4050,4107,42,4149,63
2021-06-13,Ventura,111,848112,81622,81201,2989,84190,1028
2021-06-13,Yolo,113,214977,14117,14120,333,14453,212
2021-06-13,Yuba,115,75493,6145,6125,132,6257,50
2021-06-12,Alameda,001,1643700,88834,88901,1959,90860,1271
2021-06-12,Alpine,003,1148,87,88,0,88,0
2021-06-12,Amador,005,37829,3731,3721,33,3754,46
2021-06-12,Butte,007,227075,12717,12576,1836,14412,194
2021-06-12,Calaveras,009,45235,2187,2189,13,2202,55
2021-06-12,Colusa,011,21464,1961,1965,317,2282,15
2021-06-12,Contra Costa,013,1133247,70397,69989,1289,71278,810
2021-06-12,Del Norte,015,27424,1440,1412,13,1425,8
2021-06-12,El Dorado,017,186661,10390,10320,764,11084,113
2021-06-12,Fresno,019,978130,103144,102783,8696,111479,1720
2021-06-12,Glenn,021,27897,2442,2425,560,2985,19
2021-06-12,Humboldt,023,135768,4401,4396,39,4435,42
2021-06-12,Imperial,025,180216,28709,28799,2713,31512,741
2021-06-12,Inyo,027,18085,1407,1405,12,1417,35
2021-06-12,Kern,029,883053,97664,96731,10990,107721,1337
2021-06-12,Kings,031,150075,23216,23067,1083,24150,245
2021-06-12,Lake,033,64148,3566,3552,9,3561,45
2021-06-12,Lassen,035,31185,5249,5208,114,5322,19
2021-06-12,Los Angeles,037,10098052,1209757,1204439,41274,1245713,24434
2021-06-12,Madera,039,155013,16717,16586,938,17524,240
2021-06-12,Marin,041,260295,14164,14121,262,14383,229
2021-06-12,Mariposa,043,17540,438,434,11,445,5
2021-06-12,Mendocino,045,87422,4108,4024,82,4106,49
2021-06-12,Merced,047,269075,31147,31236,1047,32283,461
2021-06-12,Modoc,049,8938,396,382,141,523,3
2021-06-12,Mono,051,14174,1264,1275,17,1292,3
2021-06-12,Monterey,053,433212,43249,43103,1853,44956,415
2021-06-12,Napa,055,140530,9975,9986,38,10024,80
2021-06-12,Nevada,057,99092,4905,4878,195,5073,72
2021-06-12,Orange,059,3164182,255956,255004,11396,266400,5103
2021-06-12,Placer,061,380077,23594,23345,1518,24863,295
2021-06-12,Plumas,063,18699,713,696,11,707,4
2021-06-12,Riverside,065,2383286,294877,289413,14018,303431,4453
2021-06-12,Sacramento,067,1510023,107383,107199,1787,108986,1658
2021-06-12,San Benito,069,59416,6076,6083,115,6198,63
2021-06-12,San Bernardino,071,2135413,293994,293375,8980,302355,4788
2021-06-12,San Diego,073,3302833,282032,281203,15160,296363,3770
2021-06-12,San Francisco,075,870044,36938,37189,1288,38477,555
2021-06-12,San Joaquin,077,732212,73698,73413,3573,76986,1398
2021-06-12,San Luis Obispo,079,281455,21483,21293,745,22038,256
2021-06-12,San Mateo,081,765935,42535,42604,472,43076,542
2021-06-12,Santa Barbara,083,443738,34537,34450,1130,35580,460
2021-06-12,Santa Clara,085,1922200,119100,119894,766,120660,2085
2021-06-12,Santa Cruz,087,273765,16282,16170,804,16974,208
2021-06-12,Shasta,089,179085,12512,12556,1616,14172,201
2021-06-12,Sierra,091,2930,59,55,12,67,0
2021-06-12,Siskiyou,093,43540,1959,1884,368,2252,25
2021-06-12,Solano,095,438530,33200,33219,561,33780,266
2021-06-12,Sonoma,097,501317,30548,30647,353,31000,323
2021-06-12,Stanislaus,099,539301,56771,56649,5959,62608,974
2021-06-12,Sutter,101,95872,9560,9603,88,9691,112
2021-06-12,Tehama,103,63373,5132,5099,581,5680,63
2021-06-12,Trinity,105,12862,487,332,95,427,3
2021-06-12,Tulare,107,460477,50365,49533,9016,58549,848
2021-06-12,Tuolumne,109,53932,4049,4105,42,4147,63
2021-06-12,Ventura,111,848112,81610,81197,2989,84186,1028
2021-06-12,Yolo,113,214977,14114,14118,332,14450,212
2021-06-12,Yuba,115,75493,6140,6120,132,6252,50
2021-06-11,Alameda,001,1643700,88806,88844,1959,90803,1278
2021-06-11,Alpine,003,1148,87,88,0,88,0
2021-06-11,Amador,005,37829,3730,3710,33,3743,46
2021-06-11,Butte,007,227075,12713,12576,1834,14410,194
2021-06-11,Calaveras,009,45235,2187,2188,13,2201,55
2021-06-11,Colusa,011,21464,1960,1964,317,2281,15
2021-06-11,Contra Costa,013,1133247,70364,69940,1287,71227,808
2021-06-11,Del Norte,015,27424,1440,1409,13,1422,8
2021-06-11,El Dorado,017,186661,10387,10316,764,11080,113
2021-06-11,Fresno,019,978130,103125,102770,8695,111465,1720
2021-06-11,Glenn,021,27897,2442,2425,560,2985,19
2021-06-11,Humboldt,023,135768,4397,4389,39,4428,42
2021-06-11,Imperial,025,180216,28704,28793,2713,31506,741
2021-06-11,Inyo,027,18085,1407,1405,12,1417,35
2021-06-11,Kern,029,883053,97652,96718,10987,107705,1340
2021-06-11,Kings,031,150075,23212,23069,1082,24151,245
2021-06-11,Lake,033,64148,3565,3550,9,3559,45
2021-06-11,Lassen,035,31185,5248,5204,114,5318,18
2021-06-11,Los Angeles,037,10098052,1209609,1204259,41259,1245518,24434
2021-06-11,Madera,039,155013,16714,16582,938,17520,240
2021-06-11,Marin,041,260295,14161,14116,262,14378,229
2021-06-11,Mariposa,043,17540,438,434,11,445,5
2021-06-11,Mendocino,045,87422,4105,4022,82,4104,49
2021-06-11,Merced,047,269075,31142,31231,1047,32278,461
2021-06-11,Modoc,049,8938,396,382,140,522,3
2021-06-11,Mono,051,14174,1264,1274,17,1291,3
2021-06-11,Monterey,053,433212,43245,43097,1853,44950,415
2021-06-11,Napa,055,140530,9972,9977,38,10015,80
2021-06-11,Nevada,057,99092,4903,4873,195,5068,72
2021-06-11,Orange,059,3164182,255922,254975,11393,266368,5101
2021-06-11,Placer,061,380077,23589,23330,1518,24848,294
2021-06-11,Plumas,063,18699,713,696,11,707,4
2021-06-11,Riverside,065,2383286,294839,289376,14013,303389,4451
2021-06-11,Sacramento,067,1510023,107323,107119,1786,108905,1659
2021-06-11,San Benito,069,59416,6075,6082,115,6197,63
2021-06-11,San Bernardino,071,2135413,293958,293335,8976,302311,4788
2021-06-11,San Diego,073,3302833,281992,281144,15153,296297,3768
2021-06-11,San Francisco,075,870044,36933,37177,1288,38465,555
2021-06-11,San Joaquin,077,732212,73681,73347,3570,76917,1397
2021-06-11,San Luis Obispo,079,281455,21482,21288,745,22033,256
2021-06-11,San Mateo,081,765935,42521,42585,472,43057,542
2021-06-11,Santa Barbara,083,443738,34534,34438,1130,35568,460
2021-06-11,Santa Clara,085,1922200,119080,119860,766,120626,2083
2021-06-11,Santa Cruz,087,273765,16274,16164,804,16968,208
2021-06-11,Shasta,089,179085,12504,12550,1614,14164,201
2021-06-11,Sierra,091,2930,59,55,12,67,0
2021-06-11,Siskiyou,093,43540,1958,1882,368,2250,25
2021-06-11,Solano,095,438530,33180,33179,560,33739,266
2021-06-11,Sonoma,097,501317,30530,30624,353,30977,323
2021-06-11,Stanislaus,099,539301,56745,56617,5955,62572,974
2021-06-11,Sutter,101,95872,9557,9600,87,9687,112
2021-06-11,Tehama,103,63373,5131,5099,581,5680,63
2021-06-11,Trinity,105,12862,487,331,95,426,3
2021-06-11,Tulare,107,460477,50359,49516,9015,58531,848
2021-06-11,Tuolumne,109,53932,4046,4104,42,4146,63
2021-06-11,Ventura,111,848112,81600,81189,2989,84178,1026
2021-06-11,Yolo,113,214977,14107,14111,328,14439,212
2021-06-11,Yuba,115,75493,6136,6113,132,6245,50
2021-06-10,Alameda,001,1643700,88762,88806,1958,90764,1275
2021-06-10,Alpine,003,1148,87,88,0,88,0
2021-06-10,Amador,005,37829,3726,3709,33,3742,46
2021-06-10,Butte,007,227075,12696,12565,1834,14399,194
2021-06-10,Calaveras,009,45235,2186,2188,13,2201,55
2021-06-10,Colusa,011,21464,1958,1964,317,2281,15
2021-06-10,Contra Costa,013,1133247,70310,69876,1287,71163,807
2021-06-10,Del Norte,015,27424,1440,1405,13,1418,8
2021-06-10,El Dorado,017,186661,10380,10314,760,11074,113
2021-06-10,Fresno,019,978130,103099,102724,8694,111418,1717
2021-06-10,Glenn,021,27897,2442,2425,560,2985,19
2021-06-10,Humboldt,023,135768,4389,4384,39,4423,42
2021-06-10,Imperial,025,180216,28698,28779,2713,31492,739
2021-06-10,Inyo,027,18085,1407,1405,12,1417,35
2021-06-10,Kern,029,883053,97638,96706,10982,107688,1336
2021-06-10,Kings,031,150075,23211,23067,1082,24149,245
2021-06-10,Lake,033,64148,3560,3550,9,3559,45
2021-06-10,Lassen,035,31185,5246,5201,114,5315,18
2021-06-10,Los Angeles,037,10098052,1209442,1204110,41243,1245353,24440
2021-06-10,Madera,039,155013,16707,16581,937,17518,240
2021-06-10,Marin,041,260295,14158,14118,262,14380,229
2021-06-10,Mariposa,043,17540,436,434,11,445,5
2021-06-10,Mendocino,045,87422,4100,4016,82,4098,48
2021-06-10,Merced,047,269075,31134,31231,1044,32275,461
2021-06-10,Modoc,049,8938,395,381,140,521,3
2021-06-10,Mono,051,14174,1263,1274,17,1291,3
2021-06-10,Monterey,053,433212,43239,43090,1853,44943,415
2021-06-10,Napa,055,140530,9971,9974,38,10012,80
2021-06-10,Nevada,057,99092,4898,4866,195,5061,72
2021-06-10,Orange,059,3164182,255892,254950,11386,266336,5097
2021-06-10,Placer,061,380077,23576,23296,1518,24814,293
2021-06-10,Plumas,063,18699,713,696,11,707,4
2021-06-10,Riverside,065,2383286,294797,289335,14008,303343,4450
2021-06-10,Sacramento,067,1510023,107261,107049,1786,108835,1658
2021-06-10,San Benito,069,59416,6075,6079,115,6194,63
2021-06-10,San Bernardino,071,2135413,293917,293281,8973,302254,4782
2021-06-10,San Diego,073,3302833,281934,281052,15136,296188,3766
2021-06-10,San Francisco,075,870044,36923,37159,1286,38445,552
2021-06-10,San Joaquin,077,732212,73647,73276,3569,76845,1393
2021-06-10,San Luis Obispo,079,281455,21479,21280,745,22025,256
2021-06-10,San Mateo,081,765935,42514,42562,472,43034,666
2021-06-10,Santa Barbara,083,443738,34530,34434,1130,35564,460
2021-06-10,Santa Clara,085,1922200,119045,119832,765,120597,2075
2021-06-10,Santa Cruz,087,273765,16273,16159,804,16963,208
2021-06-10,Shasta,089,179085,12494,12536,1614,14150,201
2021-06-10,Sierra,091,2930,58,55,12,67,0
2021-06-10,Siskiyou,093,43540,1958,1881,368,2249,25
2021-06-10,Solano,095,438530,33163,33150,559,33709,265
2021-06-10,Sonoma,097,501317,30494,30571,351,30922,323
2021-06-10,Stanislaus,099,539301,56724,56588,5951,62539,974
2021-06-10,Sutter,101,95872,9550,9594,87,9681,112
2021-06-10,Tehama,103,63373,5131,5096,581,5677,63
2021-06-10,Trinity,105,12862,487,331,95,426,3
2021-06-10,Tulare,107,460477,50351,49503,9015,58518,848
2021-06-10,Tuolumne,109,53932,4046,4100,42,4142,63
2021-06-10,Ventura,111,848112,81589,81172,2988,84160,1026
2021-06-10,Yolo,113,214977,14104,14107,328,14435,212
2021-06-10,Yuba,115,75493,6132,6112,132,6244,50
2021-06-09,Alameda,001,1643700,88719,88762,1957,90719,1271
2021-06-09,Alpine,003,1148,87,88,0,88,0
2021-06-09,Amador,005,37829,3722,3706,33,3739,46
2021-06-09,Butte,007,227075,12690,12555,1832,14387,194
2021-06-09,Calaveras,009,45235,2184,2184,13,2197,55
2021-06-09,Colusa,011,21464,1958,1962,316,2278,15
2021-06-09,Contra Costa,013,1133247,70273,69829,1286,71115,803
2021-06-09,Del Norte,015,27424,1436,1403,13,1416,8
2021-06-09,El Dorado,017,186661,10377,10312,759,11071,113
2021-06-09,Fresno,019,978130,103079,102690,8690,111380,1717
2021-06-09,Glenn,021,27897,2441,2424,560,2984,19
2021-06-09,Humboldt,023,135768,4384,4379,38,4417,42
2021-06-09,Imperial,025,180216,28695,28754,2713,31467,739
2021-06-09,Inyo,027,18085,1407,1405,12,1417,35
2021-06-09,Kern,029,883053,97624,96697,10973,107670,1328
2021-06-09,Kings,031,150075,23209,23061,1082,24143,245
2021-06-09,Lake,033,64148,3557,3541,9,3550,45
2021-06-09,Lassen,035,31185,5245,5200,114,5314,18
2021-06-09,Los Angeles,037,10098052,1209256,1203955,41230,1245185,24432
2021-06-09,Madera,039,155013,16702,16580,937,17517,240
2021-06-09,Marin,041,260295,14153,14114,262,14376,229
2021-06-09,Mariposa,043,17540,436,434,11,445,5
2021-06-09,Mendocino,045,87422,4094,4008,82,4090,47
2021-06-09,Merced,047,269075,31130,31225,1044,32269,461
2021-06-09,Modoc,049,8938,393,377,139,516,3
2021-06-09,Mono,051,14174,1263,1274,17,1291,3
2021-06-09,Monterey,053,433212,43232,43082,1853,44935,415
2021-06-09,Napa,055,140530,9965,9971,38,10009,80
2021-06-09,Nevada,057,99092,4888,4863,194,5057,72
2021-06-09,Orange,059,3164182,255848,254893,11381,266274,5080
2021-06-09,Placer,061,380077,23557,23237,1518,24755,293
2021-06-09,Plumas,063,18699,712,697,11,708,4
2021-06-09,Riverside,065,2383286,294751,289299,14006,303305,4450
2021-06-09,Sacramento,067,1510023,107198,106971,1783,108754,1657
2021-06-09,San Benito,069,59416,6072,6078,115,6193,63
2021-06-09,San Bernardino,071,2135413,293875,293222,8973,302195,4782
2021-06-09,San Diego,073,3302833,281870,280941,15124,296065,3765
2021-06-09,San Francisco,075,870044,36910,37143,1285,38428,552
2021-06-09,San Joaquin,077,732212,73621,73232,3568,76800,1392
2021-06-09,San Luis Obispo,079,281455,21478,21259,745,22004,256
2021-06-09,San Mateo,081,765935,42498,42502,471,42973,666
2021-06-09,Santa Barbara,083,443738,34519,34422,1130,35552,460
2021-06-09,Santa Clara,085,1922200,119007,119793,764,120557,2068
2021-06-09,Santa Cruz,087,273765,16270,16155,804,16959,208
2021-06-09,Shasta,089,179085,12484,12521,1612,14133,201
2021-06-09,Sierra,091,2930,57,55,12,67,0
2021-06-09,Siskiyou,093,43540,1957,1871,368,2239,25
2021-06-09,Solano,095,438530,33147,33137,558,33695,264
2021-06-09,Sonoma,097,501317,30472,30540,351,30891,323
2021-06-09,Stanislaus,099,539301,56704,56560,5948,62508,974
2021-06-09,Sutter,101,95872,9541,9586,86,9672,111
2021-06-09,Tehama,103,63373,5130,5093,581,5674,63
2021-06-09,Trinity,105,12862,486,331,95,426,3
2021-06-09,Tulare,107,460477,50347,49496,9013,58509,847
2021-06-09,Tuolumne,109,53932,4043,4100,42,4142,63
2021-06-09,Ventura,111,848112,81579,81154,2987,84141,1026
2021-06-09,Yolo,113,214977,14102,14102,327,14429,212
2021-06-09,Yuba,115,75493,6128,6109,132,6241,50
2021-06-08,Alameda,001,1643700,88671,88731,1957,90688,1267
2021-06-08,Alpine,003,1148,87,88,0,88,0
2021-06-08,Amador,005,37829,3721,3704,33,3737,46
2021-06-08,Butte,007,227075,12684,12540,1830,14370,194
2021-06-08,Calaveras,009,45235,2183,2181,13,2194,55
2021-06-08,Colusa,011,21464,1958,1961,316,2277,15
2021-06-08,Contra Costa,013,1133247,70225,69762,1285,71047,803
2021-06-08,Del Norte,015,27424,1434,1402,13,1415,8
2021-06-08,El Dorado,017,186661,10372,10306,757,11063,113
2021-06-08,Fresno,019,978130,103054,102680,8688,111368,1717
2021-06-08,Glenn,021,27897,2440,2423,560,2983,19
2021-06-08,Humboldt,023,135768,4379,4363,38,4401,42
2021-06-08,Imperial,025,180216,28686,28752,2713,31465,738
2021-06-08,Inyo,027,18085,1407,1405,12,1417,35
2021-06-08,Kern,029,883053,97605,96671,10966,107637,1325
2021-06-08,Kings,031,150075,23208,23036,1082,24118,245
2021-06-08,Lake,033,64148,3556,3540,9,3549,45
2021-06-08,Lassen,035,31185,5245,5200,114,5314,18
2021-06-08,Los Angeles,037,10098052,1209058,1203794,41218,1245012,24426
2021-06-08,Madera,039,155013,16696,16579,936,17515,240
2021-06-08,Marin,041,260295,14151,14111,261,14372,229
2021-06-08,Mariposa,043,17540,436,434,11,445,5
2021-06-08,Mendocino,045,87422,4087,4002,82,4084,47
2021-06-08,Merced,047,269075,31122,31225,1044,32269,461
2021-06-08,Modoc,049,8938,387,377,138,515,3
2021-06-08,Mono,051,14174,1263,1274,17,1291,3
2021-06-08,Monterey,053,433212,43226,43078,1852,44930,415
2021-06-08,Napa,055,140530,9961,9962,38,10000,80
2021-06-08,Nevada,057,99092,4883,4861,194,5055,72
2021-06-08,Orange,059,3164182,255806,254852,11374,266226,5078
2021-06-08,Placer,061,380077,23539,23209,1514,24723,293
2021-06-08,Plumas,063,18699,712,692,11,703,4
2021-06-08,Riverside,065,2383286,294715,289268,13998,303266,4452
2021-06-08,Sacramento,067,1510023,107136,106901,1780,108681,1654
2021-06-08,San Benito,069,59416,6070,6076,115,6191,63
2021-06-08,San Bernardino,071,2135413,293826,293186,8969,302155,4778
2021-06-08,San Diego,073,3302833,281807,280879,15115,295994,3764
2021-06-08,San Francisco,075,870044,36895,37134,1284,38418,552
2021-06-08,San Joaquin,077,732212,73577,73186,3563,76749,1390
2021-06-08,San Luis Obispo,079,281455,21472,21251,744,21995,255
2021-06-08,San Mateo,081,765935,42485,42488,471,42959,663
2021-06-08,Santa Barbara,083,443738,34515,34418,1130,35548,459
2021-06-08,Santa Clara,085,1922200,118986,119770,763,120533,2068
2021-06-08,Santa Cruz,087,273765,16267,16160,804,16964,208
2021-06-08,Shasta,089,179085,12469,12498,1612,14110,201
2021-06-08,Sierra,091,2930,57,55,12,67,0
2021-06-08,Siskiyou,093,43540,1955,1870,366,2236,21
2021-06-08,Solano,095,438530,33126,33130,558,33688,259
2021-06-08,Sonoma,097,501317,30446,30523,349,30872,323
2021-06-08,Stanislaus,099,539301,56677,56548,5946,62494,973
2021-06-08,Sutter,101,95872,9538,9581,86,9667,111
2021-06-08,Tehama,103,63373,5127,5093,581,5674,63
2021-06-08,Trinity,105,12862,486,330,94,424,3
2021-06-08,Tulare,107,460477,50335,49485,9009,58494,847
2021-06-08,Tuolumne,109,53932,4040,4099,42,4141,63
2021-06-08,Ventura,111,848112,81563,81142,2986,84128,1026
2021-06-08,Yolo,113,214977,14097,14099,326,14425,212
2021-06-08,Yuba,115,75493,6126,6103,132,6235,50
2021-06-07,Alameda,001,1643700,88614,88688,1957,90645,1267
2021-06-07,Alpine,003,1148,87,88,0,88,0
2021-06-07,Amador,005,37829,3711,3697,33,3730,46
2021-06-07,Butte,007,227075,12677,12533,1829,14362,194
2021-06-07,Calaveras,009,45235,2182,2181,13,2194,55
2021-06-07,Colusa,011,21464,1957,1960,316,2276,15
2021-06-07,Contra Costa,013,1133247,70168,69718,1284,71002,817
2021-06-07,Del Norte,015,27424,1434,1401,13,1414,8
2021-06-07,El Dorado,017,186661,10367,10305,757,11062,113
2021-06-07,Fresno,019,978130,103023,102659,8680,111339,1717
2021-06-07,Glenn,021,27897,2440,2423,560,2983,19
2021-06-07,Humboldt,023,135768,4370,4354,38,4392,42
2021-06-07,Imperial,025,180216,28684,28754,2713,31467,738
2021-06-07,Inyo,027,18085,1407,1404,12,1416,35
2021-06-07,Kern,029,883053,97589,96645,10959,107604,1324
2021-06-07,Kings,031,150075,23204,23023,1082,24105,244
2021-06-07,Lake,033,64148,3554,3540,9,3549,45
2021-06-07,Lassen,035,31185,5240,5198,114,5312,18
2021-06-07,Los Angeles,037,10098052,1208834,1203664,41203,1244867,24413
2021-06-07,Madera,039,155013,16689,16572,936,17508,240
2021-06-07,Marin,041,260295,14147,14108,260,14368,229
2021-06-07,Mariposa,043,17540,436,434,11,445,5
2021-06-07,Mendocino,045,87422,4081,3998,82,4080,47
2021-06-07,Merced,047,269075,31110,31212,1043,32255,459
2021-06-07,Modoc,049,8938,386,375,135,510,3
2021-06-07,Mono,051,14174,1263,1275,17,1292,3
2021-06-07,Monterey,053,433212,43219,43077,1852,44929,415
2021-06-07,Napa,055,140530,9953,9962,38,10000,80
2021-06-07,Nevada,057,99092,4881,4860,194,5054,72
2021-06-07,Orange,059,3164182,255766,254808,11366,266174,5073
2021-06-07,Placer,061,380077,23520,23176,1512,24688,293
2021-06-07,Plumas,063,18699,712,692,11,703,4
2021-06-07,Riverside,065,2383286,294672,289232,13994,303226,4451
2021-06-07,Sacramento,067,1510023,107060,106841,1777,108618,1655
2021-06-07,San Benito,069,59416,6069,6074,115,6189,63
2021-06-07,San Bernardino,071,2135413,293788,293129,8968,302097,4775
2021-06-07,San Diego,073,3302833,281725,280808,15102,295910,3764
2021-06-07,San Francisco,075,870044,36879,37122,1284,38406,552
2021-06-07,San Joaquin,077,732212,73532,73130,3556,76686,1388
2021-06-07,San Luis Obispo,079,281455,21459,21252,744,21996,255
2021-06-07,San Mateo,081,765935,42469,42479,471,42950,664
2021-06-07,Santa Barbara,083,443738,34509,34407,1130,35537,459
2021-06-07,Santa Clara,085,1922200,118954,119743,763,120506,2066
2021-06-07,Santa Cruz,087,273765,16266,16159,804,16963,208
2021-06-07,Shasta,089,179085,12455,12483,1607,14090,200
2021-06-07,Sierra,091,2930,57,55,12,67,0
2021-06-07,Siskiyou,093,43540,1955,1869,366,2235,21
2021-06-07,Solano,095,438530,33104,33124,557,33681,258
2021-06-07,Sonoma,097,501317,30410,30504,348,30852,323
2021-06-07,Stanislaus,099,539301,56644,56521,5944,62465,972
2021-06-07,Sutter,101,95872,9534,9571,86,9657,111
2021-06-07,Tehama,103,63373,5123,5092,579,5671,63
2021-06-07,Trinity,105,12862,486,329,94,423,3
2021-06-07,Tulare,107,460477,50329,49471,9009,58480,847
2021-06-07,Tuolumne,109,53932,4039,4098,42,4140,63
2021-06-07,Ventura,111,848112,81546,81137,2984,84121,1025
2021-06-07,Yolo,113,214977,14092,14097,325,14422,211
2021-06-07,Yuba,115,75493,6124,6099,129,6228,49
2021-06-06,Alameda,001,1643700,88576,88636,1956,90592,1267
2021-06-06,Alpine,003,1148,87,88,0,88,0
2021-06-06,Amador,005,37829,3708,3696,33,3729,46
2021-06-06,Butte,007,227075,12666,12527,1828,14355,194
2021-06-06,Calaveras,009,45235,2181,2181,13,2194,55
2021-06-06,Colusa,011,21464,1955,1959,316,2275,15
2021-06-06,Contra Costa,013,1133247,70103,69659,1282,70941,817
2021-06-06,Del Norte,015,27424,1429,1401,13,1414,8
2021-06-06,El Dorado,017,186661,10360,10294,757,11051,113
2021-06-06,Fresno,019,978130,102990,102642,8677,111319,1717
2021-06-06,Glenn,021,27897,2439,2423,560,2983,19
2021-06-06,Humboldt,023,135768,4359,4353,38,4391,42
2021-06-06,Imperial,025,180216,28678,28762,2713,31475,738
2021-06-06,Inyo,027,18085,1406,1404,12,1416,35
2021-06-06,Kern,029,883053,97571,96623,10952,107575,1324
2021-06-06,Kings,031,150075,23198,23021,1082,24103,244
2021-06-06,Lake,033,64148,3554,3535,9,3544,45
2021-06-06,Lassen,035,31185,5238,5191,114,5305,18
2021-06-06,Los Angeles,037,10098052,1208632,1203539,41189,1244728,24410
2021-06-06,Madera,039,155013,16682,16567,936,17503,240
2021-06-06,Marin,041,260295,14141,14106,259,14365,229
2021-06-06,Mariposa,043,17540,435,435,11,446,5
2021-06-06,Mendocino,045,87422,4077,3993,82,4075,47
2021-06-06,Merced,047,269075,31104,31215,1042,32257,459
2021-06-06,Modoc,049,8938,386,375,134,509,3
2021-06-06,Mono,051,14174,1263,1275,17,1292,3
2021-06-06,Monterey,053,433212,43214,43078,1852,44930,415
2021-06-06,Napa,055,140530,9947,9963,38,10001,80
2021-06-06,Nevada,057,99092,4874,4854,193,5047,72
2021-06-06,Orange,059,3164182,255730,254782,11361,266143,5073
2021-06-06,Placer,061,380077,23495,23156,1509,24665,293
2021-06-06,Plumas,063,18699,712,692,11,703,4
2021-06-06,Riverside,065,2383286,294633,289201,13988,303189,4451
2021-06-06,Sacramento,067,1510023,106974,106749,1776,108525,1655
2021-06-06,San Benito,069,59416,6063,6074,115,6189,63
2021-06-06,San Bernardino,071,2135413,293732,293117,8959,302076,4773
2021-06-06,San Diego,073,3302833,281645,280743,15085,295828,3764
2021-06-06,San Francisco,075,870044,36866,37118,1282,38400,552
2021-06-06,San Joaquin,077,732212,73500,73105,3552,76657,1388
2021-06-06,San Luis Obispo,079,281455,21456,21246,744,21990,255
2021-06-06,San Mateo,081,765935,42452,42457,471,42928,664
2021-06-06,Santa Barbara,083,443738,34505,34403,1129,35532,459
2021-06-06,Santa Clara,085,1922200,118932,119711,763,120474,2066
2021-06-06,Santa Cruz,087,273765,16265,16158,804,16962,208
2021-06-06,Shasta,089,179085,12440,12478,1604,14082,200
2021-06-06,Sierra,091,2930,57,55,12,67,0
2021-06-06,Siskiyou,093,43540,1952,1869,366,2235,21
2021-06-06,Solano,095,438530,33077,33093,557,33650,258
2021-06-06,Sonoma,097,501317,30379,30478,347,30825,323
2021-06-06,Stanislaus,099,539301,56608,56486,5941,62427,972
2021-06-06,Sutter,101,95872,9527,9567,86,9653,111
2021-06-06,Tehama,103,63373,5113,5092,577,5669,63
2021-06-06,Trinity,105,12862,486,328,94,422,3
2021-06-06,Tulare,107,460477,50321,49466,9004,58470,847
2021-06-06,Tuolumne,109,53932,4037,4097,42,4139,63
2021-06-06,Ventura,111,848112,81535,81130,2981,84111,1025
2021-06-06,Yolo,113,214977,14084,14089,324,14413,210
2021-06-06,Yuba,115,75493,6116,6096,129,6225,49
2021-06-05,Alameda,001,1643700,88543,88612,1956,90568,1268
2021-06-05,Alpine,003,1148,87,88,0,88,0
2021-06-05,Amador,005,37829,3708,3694,33,3727,46
2021-06-05,Butte,007,227075,12660,12514,1827,14341,194
2021-06-05,Calaveras,009,45235,2181,2181,13,2194,55
2021-06-05,Colusa,011,21464,1955,1959,316,2275,15
2021-06-05,Contra Costa,013,1133247,70074,69601,1282,70883,817
2021-06-05,Del Norte,015,27424,1429,1400,13,1413,8
2021-06-05,El Dorado,017,186661,10358,10288,756,11044,113
2021-06-05,Fresno,019,978130,102981,102626,8677,111303,1717
2021-06-05,Glenn,021,27897,2438,2423,560,2983,19
2021-06-05,Humboldt,023,135768,4354,4346,38,4384,42
2021-06-05,Imperial,025,180216,28675,28764,2713,31477,738
2021-06-05,Inyo,027,18085,1406,1405,12,1417,35
2021-06-05,Kern,029,883053,97558,96597,10948,107545,1324
2021-06-05,Kings,031,150075,23195,23017,1082,24099,244
2021-06-05,Lake,033,64148,3551,3534,9,3543,45
2021-06-05,Lassen,035,31185,5237,5191,114,5305,18
2021-06-05,Los Angeles,037,10098052,1208504,1203338,41178,1244516,24411
2021-06-05,Madera,039,155013,16678,16563,936,17499,240
2021-06-05,Marin,041,260295,14139,14101,259,14360,229
2021-06-05,Mariposa,043,17540,435,435,11,446,5
2021-06-05,Mendocino,045,87422,4074,3989,82,4071,47
2021-06-05,Merced,047,269075,31102,31212,1041,32253,459
2021-06-05,Modoc,049,8938,386,375,133,508,3
2021-06-05,Mono,051,14174,1263,1274,17,1291,3
2021-06-05,Monterey,053,433212,43210,43071,1851,44922,415
2021-06-05,Napa,055,140530,9942,9960,38,9998,80
2021-06-05,Nevada,057,99092,4872,4849,193,5042,72
2021-06-05,Orange,059,3164182,255706,254752,11358,266110,5069
2021-06-05,Placer,061,380077,23479,23133,1509,24642,293
2021-06-05,Plumas,063,18699,712,692,11,703,4
2021-06-05,Riverside,065,2383286,294598,289157,13984,303141,4451
2021-06-05,Sacramento,067,1510023,106922,106688,1774,108462,1655
2021-06-05,San Benito,069,59416,6061,6074,115,6189,63
2021-06-05,San Bernardino,071,2135413,293699,293081,8957,302038,4772
2021-06-05,San Diego,073,3302833,281604,280676,15072,295748,3764
2021-06-05,San Francisco,075,870044,36857,37111,1282,38393,552
2021-06-05,San Joaquin,077,732212,73484,73078,3546,76624,1388
2021-06-05,San Luis Obispo,079,281455,21453,21236,744,21980,255
2021-06-05,San Mateo,081,765935,42442,42433,471,42904,664
2021-06-05,Santa Barbara,083,443738,34502,34399,1128,35527,459
2021-06-05,Santa Clara,085,1922200,118910,119676,761,120437,2066
2021-06-05,Santa Cruz,087,273765,16265,16154,804,16958,208
2021-06-05,Shasta,089,179085,12430,12472,1603,14075,200
2021-06-05,Sierra,091,2930,57,55,12,67,0
2021-06-05,Siskiyou,093,43540,1952,1867,366,2233,21
2021-06-05,Solano,095,438530,33062,33074,557,33631,257
2021-06-05,Sonoma,097,501317,30352,30450,345,30795,323
2021-06-05,Stanislaus,099,539301,56600,56463,5939,62402,973
2021-06-05,Sutter,101,95872,9524,9559,86,9645,111
2021-06-05,Tehama,103,63373,5112,5092,576,5668,63
2021-06-05,Trinity,105,12862,486,328,94,422,3
2021-06-05,Tulare,107,460477,50315,49463,9004,58467,847
2021-06-05,Tuolumne,109,53932,4035,4098,42,4140,63
2021-06-05,Ventura,111,848112,81526,81119,2979,84098,1025
2021-06-05,Yolo,113,214977,14082,14088,324,14412,210
2021-06-05,Yuba,115,75493,6115,6087,129,6216,49
2021-06-04,Alameda,001,1643700,88516,88585,1953,90538,1263
2021-06-04,Alpine,003,1148,87,88,0,88,0
2021-06-04,Amador,005,37829,3708,3690,33,3723,46
2021-06-04,Butte,007,227075,12649,12494,1824,14318,193
2021-06-04,Calaveras,009,45235,2181,2179,13,2192,55
2021-06-04,Colusa,011,21464,1955,1959,316,2275,15
2021-06-04,Contra Costa,013,1133247,70039,69540,1279,70819,816
2021-06-04,Del Norte,015,27424,1429,1398,13,1411,8
2021-06-04,El Dorado,017,186661,10354,10284,754,11038,112
2021-06-04,Fresno,019,978130,102965,102601,8677,111278,1712
2021-06-04,Glenn,021,27897,2438,2423,559,2982,19
2021-06-04,Humboldt,023,135768,4349,4327,38,4365,42
2021-06-04,Imperial,025,180216,28671,28753,2713,31466,738
2021-06-04,Inyo,027,18085,1406,1404,12,1416,35
2021-06-04,Kern,029,883053,97540,96573,10946,107519,1327
2021-06-04,Kings,031,150075,23194,23002,1082,24084,244
2021-06-04,Lake,033,64148,3549,3528,9,3537,45
2021-06-04,Lassen,035,31185,5237,5180,114,5294,18
2021-06-04,Los Angeles,037,10098052,1208380,1203106,41169,1244275,24400
2021-06-04,Madera,039,155013,16676,16557,936,17493,240
2021-06-04,Marin,041,260295,14138,14099,258,14357,229
2021-06-04,Mariposa,043,17540,435,435,11,446,5
2021-06-04,Mendocino,045,87422,4065,3983,82,4065,47
2021-06-04,Merced,047,269075,31097,31204,1040,32244,459
2021-06-04,Modoc,049,8938,384,375,133,508,3
2021-06-04,Mono,051,14174,1263,1275,17,1292,3
2021-06-04,Monterey,053,433212,43206,43068,1851,44919,415
2021-06-04,Napa,055,140530,9938,9958,38,9996,80
2021-06-04,Nevada,057,99092,4868,4844,193,5037,72
2021-06-04,Orange,059,3164182,255669,254730,11354,266084,5059
2021-06-04,Placer,061,380077,23463,23110,1508,24618,293
2021-06-04,Plumas,063,18699,712,691,11,702,4
2021-06-04,Riverside,065,2383286,294572,289098,13980,303078,4452
2021-06-04,Sacramento,067,1510023,106868,106616,1773,108389,1654
2021-06-04,San Benito,069,59416,6059,6073,115,6188,63
2021-06-04,San Bernardino,071,2135413,293675,293056,8955,302011,4768
2021-06-04,San Diego,073,3302833,281561,280556,15065,295621,3763
2021-06-04,San Francisco,075,870044,36852,37079,1281,38360,551
2021-06-04,San Joaquin,077,732212,73465,73039,3544,76583,1388
2021-06-04,San Luis Obispo,079,281455,21450,21234,743,21977,255
2021-06-04,San Mateo,081,765935,42430,42413,471,42884,478
2021-06-04,Santa Barbara,083,443738,34496,34402,1127,35529,459
2021-06-04,Santa Clara,085,1922200,118880,119619,761,120380,2065
2021-06-04,Santa Cruz,087,273765,16262,16150,804,16954,207
2021-06-04,Shasta,089,179085,12424,12458,1598,14056,200
2021-06-04,Sierra,091,2930,57,55,12,67,0
2021-06-04,Siskiyou,093,43540,1951,1865,366,2231,21
2021-06-04,Solano,095,438530,33051,33058,557,33615,256
2021-06-04,Sonoma,097,501317,30331,30411,345,30756,323
2021-06-04,Stanislaus,099,539301,56585,56442,5937,62379,973
2021-06-04,Sutter,101,95872,9519,9554,86,9640,111
2021-06-04,Tehama,103,63373,5107,5090,576,5666,63
2021-06-04,Trinity,105,12862,486,328,94,422,3
2021-06-04,Tulare,107,460477,50306,49452,9002,58454,847
2021-06-04,Tuolumne,109,53932,4034,4095,42,4137,63
2021-06-04,Ventura,111,848112,81519,81104,2977,84081,1023
2021-06-04,Yolo,113,214977,14080,14083,324,14407,210
2021-06-04,Yuba,115,75493,6112,6084,129,6213,49
2021-06-03,Alameda,001,1643700,88478,88555,1950,90505,1257
2021-06-03,Alpine,003,1148,87,88,0,88,0
2021-06-03,Amador,005,37829,3700,3688,33,3721,46
2021-06-03,Butte,007,227075,12645,12478,1823,14301,193
2021-06-03,Calaveras,009,45235,2181,2179,13,2192,55
2021-06-03,Colusa,011,21464,1955,1957,316,2273,15
2021-06-03,Contra Costa,013,1133247,69985,69500,1274,70774,816
2021-06-03,Del Norte,015,27424,1427,1397,13,1410,8
2021-06-03,El Dorado,017,186661,10348,10284,751,11035,112
2021-06-03,Fresno,019,978130,102948,102566,8677,111243,1709
2021-06-03,Glenn,021,27897,2438,2421,559,2980,19
2021-06-03,Humboldt,023,135768,4341,4314,38,4352,42
2021-06-03,Imperial,025,180216,28660,28737,2713,31450,738
2021-06-03,Inyo,027,18085,1406,1404,12,1416,35
2021-06-03,Kern,029,883053,97513,96507,10932,107439,1326
2021-06-03,Kings,031,150075,23190,22982,1082,24064,244
2021-06-03,Lake,033,64148,3547,3526,9,3535,45
2021-06-03,Lassen,035,31185,5228,5177,114,5291,12
2021-06-03,Los Angeles,037,10098052,1208204,1202923,41161,1244084,24386
2021-06-03,Madera,039,155013,16669,16554,936,17490,240
2021-06-03,Marin,041,260295,14133,14095,258,14353,230
2021-06-03,Mariposa,043,17540,435,435,11,446,5
2021-06-03,Mendocino,045,87422,4058,3978,82,4060,47
2021-06-03,Merced,047,269075,31094,31199,1040,32239,459
2021-06-03,Modoc,049,8938,383,376,132,508,3
2021-06-03,Mono,051,14174,1263,1275,17,1292,3
2021-06-03,Monterey,053,433212,43203,43063,1851,44914,415
2021-06-03,Napa,055,140530,9931,9957,38,9995,81
2021-06-03,Nevada,057,99092,4864,4837,193,5030,72
2021-06-03,Orange,059,3164182,255641,254676,11344,266020,5056
2021-06-03,Placer,061,380077,23454,23100,1507,24607,293
2021-06-03,Plumas,063,18699,712,691,11,702,4
2021-06-03,Riverside,065,2383286,294517,289035,13976,303011,4447
2021-06-03,Sacramento,067,1510023,106789,106526,1771,108297,1654
2021-06-03,San Benito,069,59416,6059,6073,115,6188,63
2021-06-03,San Bernardino,071,2135413,293644,293021,8955,301976,4762
2021-06-03,San Diego,073,3302833,281497,280430,15055,295485,3761
2021-06-03,San Francisco,075,870044,36846,37072,1281,38353,551
2021-06-03,San Joaquin,077,732212,73437,72989,3540,76529,1388
2021-06-03,San Luis Obispo,079,281455,21445,21224,743,21967,255
2021-06-03,San Mateo,081,765935,42417,42396,471,42867,467
2021-06-03,Santa Barbara,083,443738,34493,34391,1127,35518,459
2021-06-03,Santa Clara,085,1922200,118858,119592,759,120351,2058
2021-06-03,Santa Cruz,087,273765,16260,16144,804,16948,207
2021-06-03,Shasta,089,179085,12409,12441,1595,14036,199
2021-06-03,Sierra,091,2930,57,55,12,67,0
2021-06-03,Siskiyou,093,43540,1951,1862,365,2227,21
2021-06-03,Solano,095,438530,33037,33019,557,33576,256
2021-06-03,Sonoma,097,501317,30309,30383,344,30727,322
2021-06-03,Stanislaus,099,539301,56566,56401,5931,62332,973
2021-06-03,Sutter,101,95872,9510,9539,86,9625,111
2021-06-03,Tehama,103,63373,5107,5087,576,5663,63
2021-06-03,Trinity,105,12862,486,328,94,422,3
2021-06-03,Tulare,107,460477,50303,49442,8998,58440,848
2021-06-03,Tuolumne,109,53932,4032,4095,42,4137,63
2021-06-03,Ventura,111,848112,81507,81078,2975,84053,1023
2021-06-03,Yolo,113,214977,14076,14078,322,14400,210
2021-06-03,Yuba,115,75493,6105,6077,129,6206,49
2021-06-02,Alameda,001,1643700,88433,88525,1948,90473,1254
2021-06-02,Alpine,003,1148,87,88,0,88,0
2021-06-02,Amador,005,37829,3698,3687,33,3720,46
2021-06-02,Butte,007,227075,12625,12432,1820,14252,193
2021-06-02,Calaveras,009,45235,2178,2174,13,2187,55
2021-06-02,Colusa,011,21464,1954,1957,316,2273,15
2021-06-02,Contra Costa,013,1133247,69934,69455,1272,70727,814
2021-06-02,Del Norte,015,27424,1425,1395,13,1408,8
2021-06-02,El Dorado,017,186661,10344,10275,751,11026,110
2021-06-02,Fresno,019,978130,102924,102547,8674,111221,1707
2021-06-02,Glenn,021,27897,2438,2421,559,2980,19
2021-06-02,Humboldt,023,135768,4326,4302,38,4340,42
2021-06-02,Imperial,025,180216,28654,28737,2712,31449,738
2021-06-02,Inyo,027,18085,1405,1403,12,1415,35
2021-06-02,Kern,029,883053,97486,96481,10925,107406,1326
2021-06-02,Kings,031,150075,23188,22981,1081,24062,244
2021-06-02,Lake,033,64148,3542,3522,9,3531,45
2021-06-02,Lassen,035,31185,5227,5177,114,5291,6
2021-06-02,Los Angeles,037,10098052,1208000,1202760,41152,1243912,24375
2021-06-02,Madera,039,155013,16661,16550,936,17486,240
2021-06-02,Marin,041,260295,14131,14091,257,14348,229
2021-06-02,Mariposa,043,17540,435,434,11,445,5
2021-06-02,Mendocino,045,87422,4052,3970,82,4052,47
2021-06-02,Merced,047,269075,31081,31195,1039,32234,458
2021-06-02,Modoc,049,8938,382,375,131,506,3
2021-06-02,Mono,051,14174,1263,1275,17,1292,3
2021-06-02,Monterey,053,433212,43201,43056,1851,44907,380
2021-06-02,Napa,055,140530,9930,9953,38,9991,82
2021-06-02,Nevada,057,99092,4861,4833,193,5026,72
2021-06-02,Orange,059,3164182,255592,254637,11337,265974,5055
2021-06-02,Placer,061,380077,23433,23058,1505,24563,293
2021-06-02,Plumas,063,18699,712,690,11,701,4
2021-06-02,Riverside,065,2383286,294459,289012,13966,302978,4445
2021-06-02,Sacramento,067,1510023,106724,106435,1765,108200,1649
2021-06-02,San Benito,069,59416,6058,6073,115,6188,63
2021-06-02,San Bernardino,071,2135413,293596,293004,8950,301954,4760
2021-06-02,San Diego,073,3302833,281417,280347,15034,295381,3760
2021-06-02,San Francisco,075,870044,36826,37050,1280,38330,550
2021-06-02,San Joaquin,077,732212,73406,72893,3537,76430,1387
2021-06-02,San Luis Obispo,079,281455,21438,21214,742,21956,255
2021-06-02,San Mateo,081,765935,42407,42383,470,42853,464
2021-06-02,Santa Barbara,083,443738,34486,34381,1127,35508,456
2021-06-02,Santa Clara,085,1922200,118830,119553,758,120311,2058
2021-06-02,Santa Cruz,087,273765,16257,16144,804,16948,207
2021-06-02,Shasta,089,179085,12391,12426,1590,14016,199
2021-06-02,Sierra,091,2930,57,55,12,67,0
2021-06-02,Siskiyou,093,43540,1951,1861,363,2224,21
2021-06-02,Solano,095,438530,33025,33007,556,33563,256
2021-06-02,Sonoma,097,501317,30290,30359,339,30698,322
2021-06-02,Stanislaus,099,539301,56547,56377,5926,62303,973
2021-06-02,Sutter,101,95872,9507,9533,86,9619,111
2021-06-02,Tehama,103,63373,5104,5081,576,5657,63
2021-06-02,Trinity,105,12862,484,328,94,422,3
2021-06-02,Tulare,107,460477,50295,49434,8994,58428,846
2021-06-02,Tuolumne,109,53932,4031,4095,42,4137,63
2021-06-02,Ventura,111,848112,81482,81033,2975,84008,1020
2021-06-02,Yolo,113,214977,14073,14074,321,14395,210
2021-06-02,Yuba,115,75493,6099,6072,129,6201,48
2021-06-01,Alameda,001,1643700,88398,88472,1946,90418,1253
2021-06-01,Alpine,003,1148,87,88,0,88,0
2021-06-01,Amador,005,37829,3696,3687,33,3720,46
2021-06-01,Butte,007,227075,12611,12427,1819,14246,193
2021-06-01,Calaveras,009,45235,2176,2173,13,2186,55
2021-06-01,Colusa,011,21464,1953,1955,315,2270,15
2021-06-01,Contra Costa,013,1133247,69876,69404,1272,70676,813
2021-06-01,Del Norte,015,27424,1424,1394,13,1407,8
2021-06-01,El Dorado,017,186661,10338,10271,751,11022,110
2021-06-01,Fresno,019,978130,102900,102534,8671,111205,1706
2021-06-01,Glenn,021,27897,2438,2422,559,2981,18
2021-06-01,Humboldt,023,135768,4316,4299,38,4337,42
2021-06-01,Imperial,025,180216,28650,28722,2710,31432,736
2021-06-01,Inyo,027,18085,1405,1403,12,1415,35
2021-06-01,Kern,029,883053,97459,96477,10917,107394,1319
2021-06-01,Kings,031,150075,23184,22977,1081,24058,244
2021-06-01,Lake,033,64148,3541,3523,9,3532,45
2021-06-01,Lassen,035,31185,5220,5172,114,5286,6
2021-06-01,Los Angeles,037,10098052,1207765,1202673,41139,1243812,24367
2021-06-01,Madera,039,155013,16652,16549,935,17484,240
2021-06-01,Marin,041,260295,14129,14081,257,14338,229
2021-06-01,Mariposa,043,17540,435,431,11,442,5
2021-06-01,Mendocino,045,87422,4045,3966,82,4048,47
2021-06-01,Merced,047,269075,31071,31195,1039,32234,456
2021-06-01,Modoc,049,8938,380,375,131,506,3
2021-06-01,Mono,051,14174,1263,1275,17,1292,3
2021-06-01,Monterey,053,433212,43195,43051,1851,44902,379
2021-06-01,Napa,055,140530,9928,9949,38,9987,82
2021-06-01,Nevada,057,99092,4856,4825,192,5017,72
2021-06-01,Orange,059,3164182,255556,254603,11329,265932,5051
2021-06-01,Placer,061,380077,23403,23021,1503,24524,293
2021-06-01,Plumas,063,18699,711,690,11,701,4
2021-06-01,Riverside,065,2383286,294406,288996,13960,302956,4442
2021-06-01,Sacramento,067,1510023,106652,106330,1763,108093,1644
2021-06-01,San Benito,069,59416,6057,6073,114,6187,63
2021-06-01,San Bernardino,071,2135413,293571,292990,8949,301939,4758
2021-06-01,San Diego,073,3302833,281313,280305,15017,295322,3756
2021-06-01,San Francisco,075,870044,36810,37031,1280,38311,550
2021-06-01,San Joaquin,077,732212,73374,72858,3536,76394,1383
2021-06-01,San Luis Obispo,079,281455,21433,21217,742,21959,256
2021-06-01,San Mateo,081,765935,42391,42383,469,42852,462
2021-06-01,Santa Barbara,083,443738,34482,34374,1127,35501,456
2021-06-01,Santa Clara,085,1922200,118802,119528,758,120286,2057
2021-06-01,Santa Cruz,087,273765,16253,16143,803,16946,207
2021-06-01,Shasta,089,179085,12382,12409,1585,13994,199
2021-06-01,Sierra,091,2930,57,55,12,67,0
2021-06-01,Siskiyou,093,43540,1944,1860,362,2222,21
2021-06-01,Solano,095,438530,33000,32974,555,33529,256
2021-06-01,Sonoma,097,501317,30251,30324,338,30662,322
2021-06-01,Stanislaus,099,539301,56531,56348,5924,62272,973
2021-06-01,Sutter,101,95872,9500,9528,86,9614,111
2021-06-01,Tehama,103,63373,5102,5079,576,5655,63
2021-06-01,Trinity,105,12862,483,328,93,421,3
2021-06-01,Tulare,107,460477,50287,49419,8990,58409,845
2021-06-01,Tuolumne,109,53932,4031,4094,42,4136,63
2021-06-01,Ventura,111,848112,81466,81018,2974,83992,1021
2021-06-01,Yolo,113,214977,14067,14067,321,14388,210
2021-06-01,Yuba,115,75493,6095,6067,129,6196,48
2021-05-31,Alameda,001,1643700,88362,88458,1942,90400,1253
2021-05-31,Alpine,003,1148,87,88,0,88,0
2021-05-31,Amador,005,37829,3690,3687,33,3720,46
2021-05-31,Butte,007,227075,12598,12429,1819,14248,193
2021-05-31,Calaveras,009,45235,2175,2171,13,2184,55
2021-05-31,Colusa,011,21464,1953,1956,314,2270,15
2021-05-31,Contra Costa,013,1133247,69839,69390,1271,70661,813
2021-05-31,Del Norte,015,27424,1421,1394,13,1407,8
2021-05-31,El Dorado,017,186661,10332,10271,749,11020,110
2021-05-31,Fresno,019,978130,102863,102507,8671,111178,1706
2021-05-31,Glenn,021,27897,2437,2422,558,2980,18
2021-05-31,Humboldt,023,135768,4304,4295,38,4333,42
2021-05-31,Imperial,025,180216,28644,28732,2707,31439,736
2021-05-31,Inyo,027,18085,1404,1403,12,1415,35
2021-05-31,Kern,029,883053,97423,96457,10908,107365,1319
2021-05-31,Kings,031,150075,23180,22977,1081,24058,244
2021-05-31,Lake,033,64148,3536,3523,9,3532,45
2021-05-31,Lassen,035,31185,5218,5172,113,5285,6
2021-05-31,Los Angeles,037,10098052,1207520,1202567,41131,1243698,24364
2021-05-31,Madera,039,155013,16651,16543,934,17477,240
2021-05-31,Marin,041,260295,14127,14080,257,14337,229
2021-05-31,Mariposa,043,17540,435,430,11,441,5
2021-05-31,Mendocino,045,87422,4035,3961,82,4043,47
2021-05-31,Merced,047,269075,31066,31194,1039,32233,456
2021-05-31,Modoc,049,8938,379,374,131,505,3
2021-05-31,Mono,051,14174,1263,1275,17,1292,3
2021-05-31,Monterey,053,433212,43191,43051,1851,44902,379
2021-05-31,Napa,055,140530,9921,9948,38,9986,82
2021-05-31,Nevada,057,99092,4846,4823,191,5014,72
2021-05-31,Orange,059,3164182,255528,254572,11321,265893,5051
2021-05-31,Placer,061,380077,23376,23019,1499,24518,293
2021-05-31,Plumas,063,18699,710,690,11,701,4
2021-05-31,Riverside,065,2383286,294349,288970,13948,302918,4442
2021-05-31,Sacramento,067,1510023,106555,106278,1758,108036,1644
2021-05-31,San Benito,069,59416,6057,6072,114,6186,63
2021-05-31,San Bernardino,071,2135413,293523,292973,8948,301921,4758
2021-05-31,San Diego,073,3302833,281209,280254,15005,295259,3756
2021-05-31,San Francisco,075,870044,36795,37022,1279,38301,550
2021-05-31,San Joaquin,077,732212,73325,72856,3530,76386,1383
2021-05-31,San Luis Obispo,079,281455,21425,21215,742,21957,256
2021-05-31,San Mateo,081,765935,42375,42389,469,42858,442
2021-05-31,Santa Barbara,083,443738,34469,34369,1125,35494,456
2021-05-31,Santa Clara,085,1922200,118758,119515,758,120273,2057
2021-05-31,Santa Cruz,087,273765,16250,16139,803,16942,207
2021-05-31,Shasta,089,179085,12366,12408,1582,13990,199
2021-05-31,Sierra,091,2930,57,55,12,67,0
2021-05-31,Siskiyou,093,43540,1943,1856,361,2217,21
2021-05-31,Solano,095,438530,32950,32973,555,33528,256
2021-05-31,Sonoma,097,501317,30208,30314,338,30652,322
2021-05-31,Stanislaus,099,539301,56490,56335,5921,62256,973
2021-05-31,Sutter,101,95872,9481,9523,86,9609,111
2021-05-31,Tehama,103,63373,5099,5076,575,5651,63
2021-05-31,Trinity,105,12862,483,328,93,421,3
2021-05-31,Tulare,107,460477,50276,49404,8985,58389,845
2021-05-31,Tuolumne,109,53932,4029,4095,42,4137,63
2021-05-31,Ventura,111,848112,81451,81017,2971,83988,1021
2021-05-31,Yolo,113,214977,14063,14064,321,14385,210
2021-05-31,Yuba,115,75493,6089,6063,126,6189,48
2021-05-30,Alameda,001,1643700,88339,88429,1942,90371,1253
2021-05-30,Alpine,003,1148,87,88,0,88,0
2021-05-30,Amador,005,37829,3686,3685,33,3718,46
2021-05-30,Butte,007,227075,12588,12427,1817,14244,190
2021-05-30,Calaveras,009,45235,2171,2166,13,2179,55
2021-05-30,Colusa,011,21464,1953,1954,314,2268,15
2021-05-30,Contra Costa,013,1133247,69805,69381,1269,70650,813
2021-05-30,Del Norte,015,27424,1420,1393,13,1406,8
2021-05-30,El Dorado,017,186661,10329,10271,749,11020,110
2021-05-30,Fresno,019,978130,102846,102499,8667,111166,1706
2021-05-30,Glenn,021,27897,2437,2422,557,2979,18
2021-05-30,Humboldt,023,135768,4296,4291,38,4329,42
2021-05-30,Imperial,025,180216,28640,28732,2706,31438,736
2021-05-30,Inyo,027,18085,1404,1403,12,1415,35
2021-05-30,Kern,029,883053,97407,96443,10905,107348,1319
2021-05-30,Kings,031,150075,23179,22974,1081,24055,244
2021-05-30,Lake,033,64148,3536,3517,9,3526,45
2021-05-30,Lassen,035,31185,5216,5171,113,5284,6
2021-05-30,Los Angeles,037,10098052,1207408,1202425,41124,1243549,24360
2021-05-30,Madera,039,155013,16647,16538,934,17472,240
2021-05-30,Marin,041,260295,14123,14083,256,14339,229
2021-05-30,Mariposa,043,17540,435,430,11,441,5
2021-05-30,Mendocino,045,87422,4028,3955,82,4037,47
2021-05-30,Merced,047,269075,31062,31189,1038,32227,456
2021-05-30,Modoc,049,8938,379,374,131,505,3
2021-05-30,Mono,051,14174,1263,1275,17,1292,3
2021-05-30,Monterey,053,433212,43188,43049,1851,44900,379
2021-05-30,Napa,055,140530,9920,9948,38,9986,82
2021-05-30,Nevada,057,99092,4840,4818,191,5009,72
2021-05-30,Orange,059,3164182,255505,254559,11320,265879,5051
2021-05-30,Placer,061,380077,23370,23016,1499,24515,293
2021-05-30,Plumas,063,18699,708,690,11,701,4
2021-05-30,Riverside,065,2383286,294328,288961,13946,302907,4442
2021-05-30,Sacramento,067,1510023,106509,106252,1756,108008,1644
2021-05-30,San Benito,069,59416,6057,6072,114,6186,63
2021-05-30,San Bernardino,071,2135413,293497,292981,8947,301928,4758
2021-05-30,San Diego,073,3302833,281153,280209,15000,295209,3756
2021-05-30,San Francisco,075,870044,36776,37016,1279,38295,550
2021-05-30,San Joaquin,077,732212,73308,72853,3529,76382,1383
2021-05-30,San Luis Obispo,079,281455,21416,21211,741,21952,256
2021-05-30,San Mateo,081,765935,42367,42386,469,42855,439
2021-05-30,Santa Barbara,083,443738,34465,34369,1125,35494,456
2021-05-30,Santa Clara,085,1922200,118736,119510,754,120264,2057
2021-05-30,Santa Cruz,087,273765,16248,16140,803,16943,207
2021-05-30,Shasta,089,179085,12364,12408,1579,13987,199
2021-05-30,Sierra,091,2930,57,55,12,67,0
2021-05-30,Siskiyou,093,43540,1943,1856,361,2217,21
2021-05-30,Solano,095,438530,32939,32952,554,33506,256
2021-05-30,Sonoma,097,501317,30191,30310,337,30647,322
2021-05-30,Stanislaus,099,539301,56479,56323,5920,62243,973
2021-05-30,Sutter,101,95872,9480,9519,85,9604,111
2021-05-30,Tehama,103,63373,5099,5073,575,5648,63
2021-05-30,Trinity,105,12862,483,328,93,421,3
2021-05-30,Tulare,107,460477,50269,49397,8977,58374,845
2021-05-30,Tuolumne,109,53932,4029,4094,42,4136,63
2021-05-30,Ventura,111,848112,81447,81012,2970,83982,1021
2021-05-30,Yolo,113,214977,14058,14059,320,14379,210
2021-05-30,Yuba,115,75493,6082,6063,125,6188,48
2021-05-29,Alameda,001,1643700,88316,88433,1940,90373,1253
2021-05-29,Alpine,003,1148,87,88,0,88,0
2021-05-29,Amador,005,37829,3685,3683,33,3716,46
2021-05-29,Butte,007,227075,12582,12425,1817,14242,190
2021-05-29,Calaveras,009,45235,2170,2166,13,2179,55
2021-05-29,Colusa,011,21464,1950,1954,314,2268,15
2021-05-29,Contra Costa,013,1133247,69772,69351,1269,70620,813
2021-05-29,Del Norte,015,27424,1420,1391,13,1404,8
2021-05-29,El Dorado,017,186661,10328,10269,747,11016,110
2021-05-29,Fresno,019,978130,102834,102470,8664,111134,1706
2021-05-29,Glenn,021,27897,2437,2422,556,2978,18
2021-05-29,Humboldt,023,135768,4290,4283,38,4321,42
2021-05-29,Imperial,025,180216,28637,28729,2705,31434,736
2021-05-29,Inyo,027,18085,1404,1404,12,1416,35
2021-05-29,Kern,029,883053,97396,96424,10892,107316,1319
2021-05-29,Kings,031,150075,23178,22970,1080,24050,244
2021-05-29,Lake,033,64148,3536,3515,9,3524,45
2021-05-29,Lassen,035,31185,5216,5171,113,5284,6
2021-05-29,Los Angeles,037,10098052,1207284,1202264,41121,1243385,24359
2021-05-29,Madera,039,155013,16645,16535,934,17469,240
2021-05-29,Marin,041,260295,14119,14071,255,14326,229
2021-05-29,Mariposa,043,17540,434,428,11,439,5
2021-05-29,Mendocino,045,87422,4022,3952,82,4034,47
2021-05-29,Merced,047,269075,31050,31187,1038,32225,456
2021-05-29,Modoc,049,8938,379,374,131,505,3
2021-05-29,Mono,051,14174,1263,1275,17,1292,3
2021-05-29,Monterey,053,433212,43186,43042,1851,44893,379
2021-05-29,Napa,055,140530,9917,9948,38,9986,82
2021-05-29,Nevada,057,99092,4839,4816,191,5007,72
2021-05-29,Orange,059,3164182,255483,254537,11310,265847,5049
2021-05-29,Placer,061,380077,23355,23009,1498,24507,293
2021-05-29,Plumas,063,18699,708,689,11,700,4
2021-05-29,Riverside,065,2383286,294308,288908,13945,302853,4442
2021-05-29,Sacramento,067,1510023,106479,106218,1755,107973,1643
2021-05-29,San Benito,069,59416,6056,6072,114,6186,63
2021-05-29,San Bernardino,071,2135413,293465,292961,8946,301907,4757
2021-05-29,San Diego,073,3302833,281094,280151,14995,295146,3756
2021-05-29,San Francisco,075,870044,36767,37008,1279,38287,550
2021-05-29,San Joaquin,077,732212,73292,72827,3527,76354,1383
2021-05-29,San Luis Obispo,079,281455,21414,21201,741,21942,256
2021-05-29,San Mateo,081,765935,42359,42375,468,42843,439
2021-05-29,Santa Barbara,083,443738,34461,34367,1125,35492,456
2021-05-29,Santa Clara,085,1922200,118712,119498,753,120251,2056
2021-05-29,Santa Cruz,087,273765,16247,16137,803,16940,207
2021-05-29,Shasta,089,179085,12356,12401,1578,13979,199
2021-05-29,Sierra,091,2930,57,55,12,67,0
2021-05-29,Siskiyou,093,43540,1938,1856,361,2217,21
2021-05-29,Solano,095,438530,32930,32917,554,33471,256
2021-05-29,Sonoma,097,501317,30168,30298,336,30634,322
2021-05-29,Stanislaus,099,539301,56461,56305,5918,62223,974
2021-05-29,Sutter,101,95872,9476,9516,85,9601,111
2021-05-29,Tehama,103,63373,5098,5070,575,5645,63
2021-05-29,Trinity,105,12862,483,328,93,421,3
2021-05-29,Tulare,107,460477,50259,49392,8973,58365,845
2021-05-29,Tuolumne,109,53932,4029,4093,42,4135,63
2021-05-29,Ventura,111,848112,81439,81008,2970,83978,1021
2021-05-29,Yolo,113,214977,14057,14055,320,14375,210
2021-05-29,Yuba,115,75493,6082,6059,125,6184,48
2021-05-28,Alameda,001,1643700,88292,88391,1936,90327,1261
2021-05-28,Alpine,003,1148,87,88,0,88,0
2021-05-28,Amador,005,37829,3685,3680,33,3713,46
2021-05-28,Butte,007,227075,12579,12407,1816,14223,190
2021-05-28,Calaveras,009,45235,2169,2165,13,2178,55
2021-05-28,Colusa,011,21464,1950,1954,312,2266,15
2021-05-28,Contra Costa,013,1133247,69736,69290,1268,70558,813
2021-05-28,Del Norte,015,27424,1419,1390,13,1403,8
2021-05-28,El Dorado,017,186661,10325,10265,747,11012,110
2021-05-28,Fresno,019,978130,102819,102437,8664,111101,1705
2021-05-28,Glenn,021,27897,2437,2419,556,2975,18
2021-05-28,Humboldt,023,135768,4283,4265,38,4303,42
2021-05-28,Imperial,025,180216,28634,28722,2705,31427,736
2021-05-28,Inyo,027,18085,1404,1404,12,1416,35
2021-05-28,Kern,029,883053,97379,96396,10884,107280,1320
2021-05-28,Kings,031,150075,23176,22962,1080,24042,244
2021-05-28,Lake,033,64148,3534,3515,9,3524,45
2021-05-28,Lassen,035,31185,5216,5169,113,5282,6
2021-05-28,Los Angeles,037,10098052,1207173,1202103,41111,1243214,24357
2021-05-28,Madera,039,155013,16643,16530,934,17464,240
2021-05-28,Marin,041,260295,14118,14063,254,14317,229
2021-05-28,Mariposa,043,17540,434,428,11,439,5
2021-05-28,Mendocino,045,87422,4017,3947,82,4029,47
2021-05-28,Merced,047,269075,31047,31176,1038,32214,455
2021-05-28,Modoc,049,8938,379,374,131,505,3
2021-05-28,Mono,051,14174,1263,1274,17,1291,3
2021-05-28,Monterey,053,433212,43185,43036,1851,44887,379
2021-05-28,Napa,055,140530,9917,9941,38,9979,82
2021-05-28,Nevada,057,99092,4837,4813,191,5004,71
2021-05-28,Orange,059,3164182,255463,254494,11308,265802,5047
2021-05-28,Placer,061,380077,23345,22987,1496,24483,293
2021-05-28,Plumas,063,18699,706,688,11,699,4
2021-05-28,Riverside,065,2383286,294286,288872,13943,302815,4442
2021-05-28,Sacramento,067,1510023,106423,106131,1753,107884,1642
2021-05-28,San Benito,069,59416,6056,6074,114,6188,63
2021-05-28,San Bernardino,071,2135413,293442,292905,8946,301851,4757
2021-05-28,San Diego,073,3302833,281031,280043,14984,295027,3756
2021-05-28,San Francisco,075,870044,36761,36987,1279,38266,546
2021-05-28,San Joaquin,077,732212,73262,72793,3525,76318,1383
2021-05-28,San Luis Obispo,079,281455,21409,21190,739,21929,256
2021-05-28,San Mateo,081,765935,42353,42364,468,42832,439
2021-05-28,Santa Barbara,083,443738,34460,34371,1125,35496,455
2021-05-28,Santa Clara,085,1922200,118688,119462,753,120215,2056
2021-05-28,Santa Cruz,087,273765,16246,16129,803,16932,207
2021-05-28,Shasta,089,179085,12347,12383,1576,13959,198
2021-05-28,Sierra,091,2930,57,54,12,66,0
2021-05-28,Siskiyou,093,43540,1936,1850,361,2211,19
2021-05-28,Solano,095,438530,32915,32892,554,33446,256
2021-05-28,Sonoma,097,501317,30149,30270,336,30606,321
2021-05-28,Stanislaus,099,539301,56443,56278,5915,62193,974
2021-05-28,Sutter,101,95872,9472,9511,85,9596,111
2021-05-28,Tehama,103,63373,5092,5064,575,5639,63
2021-05-28,Trinity,105,12862,483,328,93,421,3
2021-05-28,Tulare,107,460477,50254,49375,8964,58339,846
2021-05-28,Tuolumne,109,53932,4029,4090,42,4132,63
2021-05-28,Ventura,111,848112,81428,80985,2969,83954,1021
2021-05-28,Yolo,113,214977,14054,14050,319,14369,210
2021-05-28,Yuba,115,75493,6080,6050,124,6174,48
2021-05-27,Alameda,001,1643700,88257,88342,1936,90278,1274
2021-05-27,Alpine,003,1148,87,88,0,88,0
2021-05-27,Amador,005,37829,3682,3680,33,3713,46
2021-05-27,Butte,007,227075,12574,12401,1815,14216,190
2021-05-27,Calaveras,009,45235,2168,2163,13,2176,55
2021-05-27,Colusa,011,21464,1947,1952,312,2264,15
2021-05-27,Contra Costa,013,1133247,69694,69245,1266,70511,813
2021-05-27,Del Norte,015,27424,1419,1388,13,1401,8
2021-05-27,El Dorado,017,186661,10324,10248,747,10995,112
2021-05-27,Fresno,019,978130,102803,102413,8661,111074,1704
2021-05-27,Glenn,021,27897,2437,2415,556,2971,18
2021-05-27,Humboldt,023,135768,4275,4260,38,4298,42
2021-05-27,Imperial,025,180216,28623,28728,2705,31433,736
2021-05-27,Inyo,027,18085,1404,1404,12,1416,35
2021-05-27,Kern,029,883053,97363,96364,10876,107240,1322
2021-05-27,Kings,031,150075,23173,22953,1080,24033,245
2021-05-27,Lake,033,64148,3529,3509,9,3518,45
2021-05-27,Lassen,035,31185,5215,5170,112,5282,6
2021-05-27,Los Angeles,037,10098052,1207007,1201927,41097,1243024,24348
2021-05-27,Madera,039,155013,16634,16527,934,17461,240
2021-05-27,Marin,041,260295,14114,14061,254,14315,229
2021-05-27,Mariposa,043,17540,432,427,11,438,5
2021-05-27,Mendocino,045,87422,4011,3945,82,4027,47
2021-05-27,Merced,047,269075,31035,31161,1038,32199,455
2021-05-27,Modoc,049,8938,378,374,131,505,3
2021-05-27,Mono,051,14174,1263,1276,17,1293,3
2021-05-27,Monterey,053,433212,43179,43032,1851,44883,379
2021-05-27,Napa,055,140530,9916,9934,38,9972,82
2021-05-27,Nevada,057,99092,4833,4807,189,4996,71
2021-05-27,Orange,059,3164182,255426,254438,11304,265742,5059
2021-05-27,Placer,061,380077,23336,22966,1496,24462,293
2021-05-27,Plumas,063,18699,706,687,11,698,4
2021-05-27,Riverside,065,2383286,294250,288835,13938,302773,4443
2021-05-27,Sacramento,067,1510023,106348,106015,1751,107766,1642
2021-05-27,San Benito,069,59416,6055,6074,114,6188,63
2021-05-27,San Bernardino,071,2135413,293406,292755,8944,301699,4756
2021-05-27,San Diego,073,3302833,280957,279960,14970,294930,3756
2021-05-27,San Francisco,075,870044,36755,36980,1276,38256,546
2021-05-27,San Joaquin,077,732212,73230,72714,3521,76235,1388
2021-05-27,San Luis Obispo,079,281455,21404,21171,739,21910,256
2021-05-27,San Mateo,081,765935,42344,42345,468,42813,436
2021-05-27,Santa Barbara,083,443738,34455,34355,1125,35480,456
2021-05-27,Santa Clara,085,1922200,118667,119452,753,120205,2053
2021-05-27,Santa Cruz,087,273765,16244,16134,803,16937,207
2021-05-27,Shasta,089,179085,12337,12380,1576,13956,202
2021-05-27,Sierra,091,2930,57,54,12,66,0
2021-05-27,Siskiyou,093,43540,1933,1846,361,2207,18
2021-05-27,Solano,095,438530,32874,32855,553,33408,257
2021-05-27,Sonoma,097,501317,30122,30253,332,30585,321
2021-05-27,Stanislaus,099,539301,56418,56207,5914,62121,974
2021-05-27,Sutter,101,95872,9468,9501,85,9586,111
2021-05-27,Tehama,103,63373,5089,5064,574,5638,63
2021-05-27,Trinity,105,12862,483,328,93,421,3
2021-05-27,Tulare,107,460477,50240,49366,8955,58321,840
2021-05-27,Tuolumne,109,53932,4028,4090,42,4132,66
2021-05-27,Ventura,111,848112,81415,80965,2966,83931,1023
2021-05-27,Yolo,113,214977,14051,14036,319,14355,213
2021-05-27,Yuba,115,75493,6075,6040,123,6163,48
2021-05-26,Alameda,001,1643700,88228,88297,1936,90233,1266
2021-05-26,Alpine,003,1148,87,88,0,88,0
2021-05-26,Amador,005,37829,3682,3679,33,3712,46
2021-05-26,Butte,007,227075,12565,12332,1814,14146,190
2021-05-26,Calaveras,009,45235,2167,2154,13,2167,55
2021-05-26,Colusa,011,21464,1946,1952,312,2264,15
2021-05-26,Contra Costa,013,1133247,69657,69210,1266,70476,812
2021-05-26,Del Norte,015,27424,1419,1386,12,1398,8
2021-05-26,El Dorado,017,186661,10320,10242,746,10988,112
2021-05-26,Fresno,019,978130,102770,102374,8656,111030,1702
2021-05-26,Glenn,021,27897,2436,2415,556,2971,18
2021-05-26,Humboldt,023,135768,4270,4246,38,4284,42
2021-05-26,Imperial,025,180216,28618,28712,2703,31415,734
2021-05-26,Inyo,027,18085,1404,1403,12,1415,36
2021-05-26,Kern,029,883053,97338,96343,10869,107212,1320
2021-05-26,Kings,031,150075,23169,22950,1079,24029,245
2021-05-26,Lake,033,64148,3528,3508,9,3517,45
2021-05-26,Lassen,035,31185,5214,5164,112,5276,6
2021-05-26,Los Angeles,037,10098052,1206840,1198100,41081,1239181,24221
2021-05-26,Madera,039,155013,16631,16520,934,17454,240
2021-05-26,Marin,041,260295,14111,14061,253,14314,227
2021-05-26,Mariposa,043,17540,432,427,11,438,5
2021-05-26,Mendocino,045,87422,4005,3938,82,4020,47
2021-05-26,Merced,047,269075,31026,31139,1038,32177,455
2021-05-26,Modoc,049,8938,378,371,130,501,3
2021-05-26,Mono,051,14174,1263,1274,17,1291,3
2021-05-26,Monterey,053,433212,43173,43018,1850,44868,379
2021-05-26,Napa,055,140530,9909,9932,36,9968,82
2021-05-26,Nevada,057,99092,4828,4803,189,4992,70
2021-05-26,Orange,059,3164182,255390,254368,11301,265669,5058
2021-05-26,Placer,061,380077,23312,22940,1496,24436,293
2021-05-26,Plumas,063,18699,705,685,11,696,4
2021-05-26,Riverside,065,2383286,294204,288782,13931,302713,4443
2021-05-26,Sacramento,067,1510023,106262,105919,1747,107666,1637
2021-05-26,San Benito,069,59416,6055,6074,114,6188,63
2021-05-26,San Bernardino,071,2135413,293371,292662,8943,301605,4755
2021-05-26,San Diego,073,3302833,280882,279859,14960,294819,3755
2021-05-26,San Francisco,075,870044,36743,36954,1276,38230,546
2021-05-26,San Joaquin,077,732212,73188,72681,3518,76199,1388
2021-05-26,San Luis Obispo,079,281455,21398,21163,739,21902,256
2021-05-26,San Mateo,081,765935,42336,42331,468,42799,436
2021-05-26,Santa Barbara,083,443738,34446,34348,1125,35473,459
2021-05-26,Santa Clara,085,1922200,118640,119421,752,120173,2031
2021-05-26,Santa Cruz,087,273765,16243,16139,803,16942,207
2021-05-26,Shasta,089,179085,12322,12357,1573,13930,202
2021-05-26,Sierra,091,2930,57,54,12,66,0
2021-05-26,Siskiyou,093,43540,1931,1847,359,2206,18
2021-05-26,Solano,095,438530,32838,32831,553,33384,257
2021-05-26,Sonoma,097,501317,30095,30230,332,30562,321
2021-05-26,Stanislaus,099,539301,56396,56193,5912,62105,974
2021-05-26,Sutter,101,95872,9463,9495,85,9580,112
2021-05-26,Tehama,103,63373,5088,5054,571,5625,63
2021-05-26,Trinity,105,12862,483,328,93,421,3
2021-05-26,Tulare,107,460477,50233,49352,8951,58303,839
2021-05-26,Tuolumne,109,53932,4024,4088,41,4129,66
2021-05-26,Ventura,111,848112,81392,80944,2964,83908,1023
2021-05-26,Yolo,113,214977,14048,14025,319,14344,213
2021-05-26,Yuba,115,75493,6070,6036,123,6159,49
2021-05-25,Alameda,001,1643700,88198,88237,1936,90173,1263
2021-05-25,Alpine,003,1148,87,88,0,88,0
2021-05-25,Amador,005,37829,3677,3676,33,3709,46
2021-05-25,Butte,007,227075,12554,12295,1813,14108,189
2021-05-25,Calaveras,009,45235,2165,2148,13,2161,55
2021-05-25,Colusa,011,21464,1945,1949,312,2261,15
2021-05-25,Contra Costa,013,1133247,69605,69167,1261,70428,809
2021-05-25,Del Norte,015,27424,1419,1385,12,1397,8
2021-05-25,El Dorado,017,186661,10313,10240,745,10985,112
2021-05-25,Fresno,019,978130,102749,102329,8654,110983,1701
2021-05-25,Glenn,021,27897,2435,2414,555,2969,17
2021-05-25,Humboldt,023,135768,4263,4231,36,4267,42
2021-05-25,Imperial,025,180216,28611,28586,2703,31289,735
2021-05-25,Inyo,027,18085,1404,1402,12,1414,36
2021-05-25,Kern,029,883053,97307,96319,10855,107174,1319
2021-05-25,Kings,031,150075,23162,22944,1079,24023,245
2021-05-25,Lake,033,64148,3527,3508,9,3517,44
2021-05-25,Lassen,035,31185,5210,5164,112,5276,6
2021-05-25,Los Angeles,037,10098052,1206658,1197940,41063,1239003,24212
2021-05-25,Madera,039,155013,16626,16519,933,17452,240
2021-05-25,Marin,041,260295,14105,14053,253,14306,227
2021-05-25,Mariposa,043,17540,431,427,11,438,5
2021-05-25,Mendocino,045,87422,4000,3928,82,4010,47
2021-05-25,Merced,047,269075,31005,31132,1038,32170,455
2021-05-25,Modoc,049,8938,377,367,130,497,3
2021-05-25,Mono,051,14174,1263,1274,17,1291,3
2021-05-25,Monterey,053,433212,43169,43012,1849,44861,379
2021-05-25,Napa,055,140530,9907,9926,36,9962,82
2021-05-25,Nevada,057,99092,4822,4795,189,4984,70
2021-05-25,Orange,059,3164182,255361,254321,11300,265621,5057
2021-05-25,Placer,061,380077,23301,22920,1494,24414,292
2021-05-25,Plumas,063,18699,705,684,11,695,4
2021-05-25,Riverside,065,2383286,294165,288725,13928,302653,4443
2021-05-25,Sacramento,067,1510023,106181,105828,1743,107571,1633
2021-05-25,San Benito,069,59416,6055,6073,114,6187,63
2021-05-25,San Bernardino,071,2135413,293311,292485,8942,301427,4755
2021-05-25,San Diego,073,3302833,280800,279786,14955,294741,3753
2021-05-25,San Francisco,075,870044,36720,36939,1276,38215,546
2021-05-25,San Joaquin,077,732212,73146,72628,3515,76143,1387
2021-05-25,San Luis Obispo,079,281455,21395,21153,739,21892,256
2021-05-25,San Mateo,081,765935,42326,42268,468,42736,435
2021-05-25,Santa Barbara,083,443738,34443,34337,1125,35462,459
2021-05-25,Santa Clara,085,1922200,118616,119393,751,120144,2032
2021-05-25,Santa Cruz,087,273765,16238,16141,803,16944,207
2021-05-25,Shasta,089,179085,12313,12328,1571,13899,202
2021-05-25,Sierra,091,2930,56,54,12,66,0
2021-05-25,Siskiyou,093,43540,1930,1845,358,2203,18
2021-05-25,Solano,095,438530,32819,32817,552,33369,256
2021-05-25,Sonoma,097,501317,30066,30207,331,30538,321
2021-05-25,Stanislaus,099,539301,56360,56168,5909,62077,974
2021-05-25,Sutter,101,95872,9459,9495,85,9580,112
2021-05-25,Tehama,103,63373,5086,5048,570,5618,63
2021-05-25,Trinity,105,12862,483,328,92,420,3
2021-05-25,Tulare,107,460477,50223,49326,8943,58269,838
2021-05-25,Tuolumne,109,53932,4024,4084,41,4125,66
2021-05-25,Ventura,111,848112,81374,80905,2964,83869,1022
2021-05-25,Yolo,113,214977,14040,14018,317,14335,213
2021-05-25,Yuba,115,75493,6063,6028,123,6151,49
2021-05-24,Alameda,001,1643700,88158,88182,1935,90117,1263
2021-05-24,Alpine,003,1148,87,88,0,88,0
2021-05-24,Amador,005,37829,3675,3675,33,3708,46
2021-05-24,Butte,007,227075,12541,12279,1810,14089,189
2021-05-24,Calaveras,009,45235,2163,2146,13,2159,54
2021-05-24,Colusa,011,21464,1945,1949,312,2261,15
2021-05-24,Contra Costa,013,1133247,69564,69107,1257,70364,809
2021-05-24,Del Norte,015,27424,1418,1384,12,1396,8
2021-05-24,El Dorado,017,186661,10303,10227,744,10971,112
2021-05-24,Fresno,019,978130,102707,102289,8653,110942,1698
2021-05-24,Glenn,021,27897,2435,2413,555,2968,17
2021-05-24,Humboldt,023,135768,4256,4225,36,4261,42
2021-05-24,Imperial,025,180216,28609,28575,2703,31278,735
2021-05-24,Inyo,027,18085,1404,1402,12,1414,36
2021-05-24,Kern,029,883053,97280,96296,10850,107146,1319
2021-05-24,Kings,031,150075,23158,22940,1079,24019,246
2021-05-24,Lake,033,64148,3525,3506,9,3515,43
2021-05-24,Lassen,035,31185,5206,5163,112,5275,6
2021-05-24,Los Angeles,037,10098052,1206483,1197782,41049,1238831,24201
2021-05-24,Madera,039,155013,16622,16513,932,17445,239
2021-05-24,Marin,041,260295,14103,14051,253,14304,227
2021-05-24,Mariposa,043,17540,430,427,11,438,5
2021-05-24,Mendocino,045,87422,3998,3919,82,4001,47
2021-05-24,Merced,047,269075,30995,31128,1037,32165,455
2021-05-24,Modoc,049,8938,377,366,129,495,3
2021-05-24,Mono,051,14174,1263,1270,17,1287,3
2021-05-24,Monterey,053,433212,43164,43005,1848,44853,379
2021-05-24,Napa,055,140530,9907,9924,36,9960,82
2021-05-24,Nevada,057,99092,4819,4790,189,4979,70
2021-05-24,Orange,059,3164182,255327,254287,11290,265577,5056
2021-05-24,Placer,061,380077,23282,22895,1493,24388,292
2021-05-24,Plumas,063,18699,704,683,11,694,4
2021-05-24,Riverside,065,2383286,294108,288669,13918,302587,4442
2021-05-24,Sacramento,067,1510023,106066,105716,1742,107458,1632
2021-05-24,San Benito,069,59416,6055,6072,114,6186,63
2021-05-24,San Bernardino,071,2135413,293271,292343,8941,301284,4747
2021-05-24,San Diego,073,3302833,280692,279715,14945,294660,3749
2021-05-24,San Francisco,075,870044,36700,36934,1274,38208,547
2021-05-24,San Joaquin,077,732212,73114,72586,3514,76100,1371
2021-05-24,San Luis Obispo,079,281455,21377,21146,738,21884,256
2021-05-24,San Mateo,081,765935,42316,42249,468,42717,433
2021-05-24,Santa Barbara,083,443738,34438,34322,1125,35447,459
2021-05-24,Santa Clara,085,1922200,118584,119358,751,120109,2030
2021-05-24,Santa Cruz,087,273765,16232,16135,803,16938,207
2021-05-24,Shasta,089,179085,12296,12315,1568,13883,201
2021-05-24,Sierra,091,2930,56,54,12,66,0
2021-05-24,Siskiyou,093,43540,1927,1840,358,2198,17
2021-05-24,Solano,095,438530,32794,32792,551,33343,254
2021-05-24,Sonoma,097,501317,30051,30187,331,30518,321
2021-05-24,Stanislaus,099,539301,56326,56128,5905,62033,974
2021-05-24,Sutter,101,95872,9453,9486,85,9571,113
2021-05-24,Tehama,103,63373,5083,5043,568,5611,63
2021-05-24,Trinity,105,12862,483,328,92,420,3
2021-05-24,Tulare,107,460477,50216,49318,8939,58257,838
2021-05-24,Tuolumne,109,53932,4024,4083,41,4124,65
2021-05-24,Ventura,111,848112,81361,80876,2962,83838,1022
2021-05-24,Yolo,113,214977,14023,14012,315,14327,213
2021-05-24,Yuba,115,75493,6054,6022,123,6145,49
2021-05-23,Alameda,001,1643700,88095,88157,1932,90089,1263
2021-05-23,Alpine,003,1148,87,88,0,88,0
2021-05-23,Amador,005,37829,3674,3673,33,3706,46
2021-05-23,Butte,007,227075,12527,12271,1809,14080,189
2021-05-23,Calaveras,009,45235,2155,2144,13,2157,54
2021-05-23,Colusa,011,21464,1945,1949,310,2259,15
2021-05-23,Contra Costa,013,1133247,69520,69075,1255,70330,809
2021-05-23,Del Norte,015,27424,1414,1383,12,1395,8
2021-05-23,El Dorado,017,186661,10297,10222,744,10966,112
2021-05-23,Fresno,019,978130,102662,102270,8648,110918,1698
2021-05-23,Glenn,021,27897,2433,2413,555,2968,17
2021-05-23,Humboldt,023,135768,4239,4216,36,4252,42
2021-05-23,Imperial,025,180216,28603,28569,2702,31271,735
2021-05-23,Inyo,027,18085,1404,1402,12,1414,36
2021-05-23,Kern,029,883053,97256,96282,10842,107124,1319
2021-05-23,Kings,031,150075,23145,22939,1077,24016,246
2021-05-23,Lake,033,64148,3522,3504,9,3513,43
2021-05-23,Lassen,035,31185,5202,5163,111,5274,6
2021-05-23,Los Angeles,037,10098052,1206294,1197633,41038,1238671,24197
2021-05-23,Madera,039,155013,16616,16504,932,17436,239
2021-05-23,Marin,041,260295,14094,14048,252,14300,227
2021-05-23,Mariposa,043,17540,430,427,11,438,5
2021-05-23,Mendocino,045,87422,3992,3913,81,3994,47
2021-05-23,Merced,047,269075,30986,31118,1037,32155,455
2021-05-23,Modoc,049,8938,373,366,129,495,3
2021-05-23,Mono,051,14174,1262,1270,17,1287,3
2021-05-23,Monterey,053,433212,43154,43003,1848,44851,379
2021-05-23,Napa,055,140530,9903,9923,36,9959,82
2021-05-23,Nevada,057,99092,4809,4790,189,4979,70
2021-05-23,Orange,059,3164182,255289,254277,11284,265561,5050
2021-05-23,Placer,061,380077,23262,22888,1493,24381,292
2021-05-23,Plumas,063,18699,703,683,11,694,4
2021-05-23,Riverside,065,2383286,294040,288641,13914,302555,4442
2021-05-23,Sacramento,067,1510023,105950,105663,1739,107402,1632
2021-05-23,San Benito,069,59416,6054,6072,114,6186,63
2021-05-23,San Bernardino,071,2135413,293220,292327,8940,301267,4747
2021-05-23,San Diego,073,3302833,280602,279690,14934,294624,3751
2021-05-23,San Francisco,075,870044,36689,36927,1273,38200,547
2021-05-23,San Joaquin,077,732212,73065,72571,3512,76083,1371
2021-05-23,San Luis Obispo,079,281455,21367,21141,737,21878,256
2021-05-23,San Mateo,081,765935,42299,42248,468,42716,433
2021-05-23,Santa Barbara,083,443738,34431,34319,1125,35444,459
2021-05-23,Santa Clara,085,1922200,118560,119333,751,120084,2030
2021-05-23,Santa Cruz,087,273765,16229,16130,803,16933,207
2021-05-23,Shasta,089,179085,12279,12313,1564,13877,201
2021-05-23,Sierra,091,2930,56,54,12,66,0
2021-05-23,Siskiyou,093,43540,1922,1826,351,2177,17
2021-05-23,Solano,095,438530,32776,32780,550,33330,254
2021-05-23,Sonoma,097,501317,30022,30168,330,30498,321
2021-05-23,Stanislaus,099,539301,56278,56104,5902,62006,974
2021-05-23,Sutter,101,95872,9444,9479,85,9564,113
2021-05-23,Tehama,103,63373,5076,5041,566,5607,63
2021-05-23,Trinity,105,12862,483,328,92,420,3
2021-05-23,Tulare,107,460477,50202,49310,8935,58245,838
2021-05-23,Tuolumne,109,53932,4021,4081,41,4122,65
2021-05-23,Ventura,111,848112,81331,80872,2961,83833,1022
2021-05-23,Yolo,113,214977,14011,14004,312,14316,213
2021-05-23,Yuba,115,75493,6049,6017,123,6140,49
2021-05-22,Alameda,001,1643700,88068,88101,1932,90033,1263
2021-05-22,Alpine,003,1148,87,88,0,88,0
2021-05-22,Amador,005,37829,3673,3672,33,3705,46
2021-05-22,Butte,007,227075,12515,12265,1808,14073,189
2021-05-22,Calaveras,009,45235,2151,2141,13,2154,54
2021-05-22,Colusa,011,21464,1941,1949,309,2258,15
2021-05-22,Contra Costa,013,1133247,69487,69004,1254,70258,809
2021-05-22,Del Norte,015,27424,1413,1381,12,1393,8
2021-05-22,El Dorado,017,186661,10292,10215,743,10958,112
2021-05-22,Fresno,019,978130,102648,102238,8646,110884,1698
2021-05-22,Glenn,021,27897,2433,2412,555,2967,17
2021-05-22,Humboldt,023,135768,4230,4194,35,4229,42
2021-05-22,Imperial,025,180216,28594,28574,2702,31276,735
2021-05-22,Inyo,027,18085,1404,1402,12,1414,36
2021-05-22,Kern,029,883053,97244,96260,10835,107095,1319
2021-05-22,Kings,031,150075,23145,22936,1077,24013,246
2021-05-22,Lake,033,64148,3519,3502,9,3511,43
2021-05-22,Lassen,035,31185,5202,5163,111,5274,6
2021-05-22,Los Angeles,037,10098052,1206183,1197454,41030,1238484,24192
2021-05-22,Madera,039,155013,16613,16503,932,17435,239
2021-05-22,Marin,041,260295,14091,14043,252,14295,227
2021-05-22,Mariposa,043,17540,430,427,11,438,5
2021-05-22,Mendocino,045,87422,3986,3908,81,3989,47
2021-05-22,Merced,047,269075,30976,31099,1037,32136,455
2021-05-22,Modoc,049,8938,373,366,129,495,3
2021-05-22,Mono,051,14174,1260,1270,17,1287,3
2021-05-22,Monterey,053,433212,43148,42998,1848,44846,379
2021-05-22,Napa,055,140530,9901,9918,36,9954,82
2021-05-22,Nevada,057,99092,4802,4787,188,4975,70
2021-05-22,Orange,059,3164182,255268,254238,11279,265517,5048
2021-05-22,Placer,061,380077,23248,22865,1492,24357,292
2021-05-22,Plumas,063,18699,702,683,11,694,4
2021-05-22,Riverside,065,2383286,294008,288580,13913,302493,4442
2021-05-22,Sacramento,067,1510023,105875,105551,1736,107287,1632
2021-05-22,San Benito,069,59416,6054,6071,114,6185,63
2021-05-22,San Bernardino,071,2135413,293195,292292,8940,301232,4747
2021-05-22,San Diego,073,3302833,280543,279614,14926,294540,3751
2021-05-22,San Francisco,075,870044,36679,36906,1271,38177,547
2021-05-22,San Joaquin,077,732212,73043,72528,3509,76037,1371
2021-05-22,San Luis Obispo,079,281455,21359,21134,736,21870,256
2021-05-22,San Mateo,081,765935,42289,42218,468,42686,433
2021-05-22,Santa Barbara,083,443738,34427,34313,1124,35437,459
2021-05-22,Santa Clara,085,1922200,118536,119292,751,120043,2030
2021-05-22,Santa Cruz,087,273765,16229,16125,803,16928,207
2021-05-22,Shasta,089,179085,12272,12307,1561,13868,201
2021-05-22,Sierra,091,2930,56,54,12,66,0
2021-05-22,Siskiyou,093,43540,1921,1824,350,2174,17
2021-05-22,Solano,095,438530,32763,32753,550,33303,254
2021-05-22,Sonoma,097,501317,30010,30154,330,30484,321
2021-05-22,Stanislaus,099,539301,56255,56069,5901,61970,974
2021-05-22,Sutter,101,95872,9439,9476,85,9561,113
2021-05-22,Tehama,103,63373,5075,5036,566,5602,63
2021-05-22,Trinity,105,12862,483,328,92,420,3
2021-05-22,Tulare,107,460477,50197,49299,8930,58229,838
2021-05-22,Tuolumne,109,53932,4021,4078,41,4119,65
2021-05-22,Ventura,111,848112,81327,80859,2961,83820,1022
2021-05-22,Yolo,113,214977,14009,13997,312,14309,213
2021-05-22,Yuba,115,75493,6046,6010,123,6133,49
2021-05-21,Alameda,001,1643700,88042,88041,1931,89972,1263
2021-05-21,Alpine,003,1148,87,88,0,88,0
2021-05-21,Amador,005,37829,3670,3672,33,3705,46
2021-05-21,Butte,007,227075,12509,12236,1806,14042,188
2021-05-21,Calaveras,009,45235,2149,2138,13,2151,54
2021-05-21,Colusa,011,21464,1941,1947,309,2256,15
2021-05-21,Contra Costa,013,1133247,69444,68965,1253,70218,810
2021-05-21,Del Norte,015,27424,1412,1376,12,1388,8
2021-05-21,El Dorado,017,186661,10288,10204,743,10947,112
2021-05-21,Fresno,019,978130,102620,102189,8644,110833,1698
2021-05-21,Glenn,021,27897,2432,2408,555,2963,17
2021-05-21,Humboldt,023,135768,4223,4175,35,4210,42
2021-05-21,Imperial,025,180216,28587,28572,2701,31273,732
2021-05-21,Inyo,027,18085,1404,1402,12,1414,36
2021-05-21,Kern,029,883053,97230,96233,10828,107061,1318
2021-05-21,Kings,031,150075,23145,22927,1077,24004,246
2021-05-21,Lake,033,64148,3517,3500,9,3509,43
2021-05-21,Lassen,035,31185,5201,5161,111,5272,6
2021-05-21,Los Angeles,037,10098052,1206071,1197263,41021,1238284,24180
2021-05-21,Madera,039,155013,16612,16500,931,17431,238
2021-05-21,Marin,041,260295,14086,14042,252,14294,227
2021-05-21,Mariposa,043,17540,429,427,11,438,5
2021-05-21,Mendocino,045,87422,3981,3897,81,3978,47
2021-05-21,Merced,047,269075,30968,31076,1037,32113,455
2021-05-21,Modoc,049,8938,373,365,129,494,3
2021-05-21,Mono,051,14174,1260,1269,17,1286,3
2021-05-21,Monterey,053,433212,43146,42995,1848,44843,379
2021-05-21,Napa,055,140530,9897,9913,36,9949,82
2021-05-21,Nevada,057,99092,4801,4779,188,4967,70
2021-05-21,Orange,059,3164182,255249,254171,11277,265448,5042
2021-05-21,Placer,061,380077,23239,22853,1492,24345,292
2021-05-21,Plumas,063,18699,702,683,10,693,4
2021-05-21,Riverside,065,2383286,293981,288499,13906,302405,4442
2021-05-21,Sacramento,067,1510023,105808,105476,1733,107209,1632
2021-05-21,San Benito,069,59416,6054,6068,114,6182,63
2021-05-21,San Bernardino,071,2135413,293163,292205,8938,301143,4744
2021-05-21,San Diego,073,3302833,280470,279554,14916,294470,3748
2021-05-21,San Francisco,075,870044,36674,36879,1271,38150,546
2021-05-21,San Joaquin,077,732212,73023,72467,3507,75974,1371
2021-05-21,San Luis Obispo,079,281455,21353,21128,733,21861,256
2021-05-21,San Mateo,081,765935,42276,42163,467,42630,432
2021-05-21,Santa Barbara,083,443738,34422,34302,1124,35426,459
2021-05-21,Santa Clara,085,1922200,118509,119247,751,119998,2029
2021-05-21,Santa Cruz,087,273765,16225,16120,803,16923,207
2021-05-21,Shasta,089,179085,12255,12289,1559,13848,201
2021-05-21,Sierra,091,2930,56,54,12,66,0
2021-05-21,Siskiyou,093,43540,1920,1815,350,2165,16
2021-05-21,Solano,095,438530,32748,32742,550,33292,254
2021-05-21,Sonoma,097,501317,29997,30126,330,30456,321
2021-05-21,Stanislaus,099,539301,56226,56036,5899,61935,975
2021-05-21,Sutter,101,95872,9437,9470,85,9555,113
2021-05-21,Tehama,103,63373,5069,5030,566,5596,63
2021-05-21,Trinity,105,12862,483,329,91,420,3
2021-05-21,Tulare,107,460477,50192,49271,8928,58199,838
2021-05-21,Tuolumne,109,53932,4019,4079,41,4120,65
2021-05-21,Ventura,111,848112,81319,80821,2958,83779,1021
2021-05-21,Yolo,113,214977,14003,13983,312,14295,213
2021-05-21,Yuba,115,75493,6040,6006,123,6129,49
2021-05-20,Alameda,001,1643700,87998,87975,1930,89905,1264
2021-05-20,Alpine,003,1148,87,88,0,88,0
2021-05-20,Amador,005,37829,3669,3671,33,3704,46
2021-05-20,Butte,007,227075,12502,12220,1803,14023,188
2021-05-20,Calaveras,009,45235,2145,2138,13,2151,54
2021-05-20,Colusa,011,21464,1940,1946,307,2253,15
2021-05-20,Contra Costa,013,1133247,69399,68913,1251,70164,809
2021-05-20,Del Norte,015,27424,1412,1373,12,1385,8
2021-05-20,El Dorado,017,186661,10278,10188,743,10931,112
2021-05-20,Fresno,019,978130,102598,102135,8642,110777,1696
2021-05-20,Glenn,021,27897,2429,2406,555,2961,17
2021-05-20,Humboldt,023,135768,4206,4162,34,4196,42
2021-05-20,Imperial,025,180216,28582,28551,2701,31252,732
2021-05-20,Inyo,027,18085,1404,1402,12,1414,36
2021-05-20,Kern,029,883053,97209,96204,10821,107025,1317
2021-05-20,Kings,031,150075,23143,22922,1077,23999,246
2021-05-20,Lake,033,64148,3514,3500,9,3509,43
2021-05-20,Lassen,035,31185,5199,5160,110,5270,6
2021-05-20,Los Angeles,037,10098052,1205915,1197073,41011,1238084,24168
2021-05-20,Madera,039,155013,16606,16499,929,17428,238
2021-05-20,Marin,041,260295,14082,14036,251,14287,227
2021-05-20,Mariposa,043,17540,429,426,11,437,5
2021-05-20,Mendocino,045,87422,3974,3897,81,3978,47
2021-05-20,Merced,047,269075,30955,31046,1036,32082,454
2021-05-20,Modoc,049,8938,373,365,129,494,3
2021-05-20,Mono,051,14174,1259,1269,17,1286,3
2021-05-20,Monterey,053,433212,43140,42984,1847,44831,379
2021-05-20,Napa,055,140530,9894,9913,36,9949,82
2021-05-20,Nevada,057,99092,4800,4775,188,4963,70
2021-05-20,Orange,059,3164182,255206,254127,11274,265401,5038
2021-05-20,Placer,061,380077,23226,22823,1491,24314,292
2021-05-20,Plumas,063,18699,700,682,10,692,4
2021-05-20,Riverside,065,2383286,293933,288453,13901,302354,4442
2021-05-20,Sacramento,067,1510023,105712,105414,1730,107144,1629
2021-05-20,San Benito,069,59416,6053,6067,114,6181,63
2021-05-20,San Bernardino,071,2135413,293117,292153,8937,301090,4728
2021-05-20,San Diego,073,3302833,280382,279490,14904,294394,3749
2021-05-20,San Francisco,075,870044,36665,36860,1271,38131,546
2021-05-20,San Joaquin,077,732212,72985,72388,3505,75893,1371
2021-05-20,San Luis Obispo,079,281455,21341,21095,731,21826,256
2021-05-20,San Mateo,081,765935,42262,42152,465,42617,432
2021-05-20,Santa Barbara,083,443738,34418,34293,1124,35417,459
2021-05-20,Santa Clara,085,1922200,118488,119222,751,119973,2029
2021-05-20,Santa Cruz,087,273765,16220,16119,803,16922,207
2021-05-20,Shasta,089,179085,12242,12266,1556,13822,200
2021-05-20,Sierra,091,2930,56,54,12,66,0
2021-05-20,Siskiyou,093,43540,1913,1811,349,2160,16
2021-05-20,Solano,095,438530,32733,32725,550,33275,253
2021-05-20,Sonoma,097,501317,29980,30107,329,30436,321
2021-05-20,Stanislaus,099,539301,56201,55979,5897,61876,970
2021-05-20,Sutter,101,95872,9433,9467,85,9552,113
2021-05-20,Tehama,103,63373,5067,5029,566,5595,63
2021-05-20,Trinity,105,12862,483,329,90,419,3
2021-05-20,Tulare,107,460477,50181,49217,8925,58142,837
2021-05-20,Tuolumne,109,53932,4018,4077,41,4118,65
2021-05-20,Ventura,111,848112,81308,80800,2958,83758,1019
2021-05-20,Yolo,113,214977,13998,13973,312,14285,211
2021-05-20,Yuba,115,75493,6031,6002,123,6125,49
2021-05-19,Alameda,001,1643700,87959,87889,1928,89817,1260
2021-05-19,Alpine,003,1148,87,88,0,88,0
2021-05-19,Amador,005,37829,3669,3669,33,3702,46
2021-05-19,Butte,007,227075,12492,12198,1803,14001,188
2021-05-19,Calaveras,009,45235,2141,2132,13,2145,54
2021-05-19,Colusa,011,21464,1940,1945,305,2250,15
2021-05-19,Contra Costa,013,1133247,69352,68836,1251,70087,808
2021-05-19,Del Norte,015,27424,1410,1371,12,1383,8
2021-05-19,El Dorado,017,186661,10273,10179,742,10921,112
2021-05-19,Fresno,019,978130,102568,102085,8639,110724,1693
2021-05-19,Glenn,021,27897,2429,2404,555,2959,17
2021-05-19,Humboldt,023,135768,4196,4143,34,4177,42
2021-05-19,Imperial,025,180216,28573,28550,2701,31251,732
2021-05-19,Inyo,027,18085,1404,1402,12,1414,36
2021-05-19,Kern,029,883053,97180,96173,10813,106986,1316
2021-05-19,Kings,031,150075,23137,22919,1077,23996,246
2021-05-19,Lake,033,64148,3514,3497,9,3506,43
2021-05-19,Lassen,035,31185,5198,5157,110,5267,6
2021-05-19,Los Angeles,037,10098052,1205719,1196856,40997,1237853,24143
2021-05-19,Madera,039,155013,16603,16496,929,17425,238
2021-05-19,Marin,041,260295,14078,14033,249,14282,227
2021-05-19,Mariposa,043,17540,429,425,11,436,5
2021-05-19,Mendocino,045,87422,3970,3886,81,3967,47
2021-05-19,Merced,047,269075,30939,31044,1036,32080,452
2021-05-19,Modoc,049,8938,373,364,126,490,3
2021-05-19,Mono,051,14174,1259,1266,17,1283,3
2021-05-19,Monterey,053,433212,43135,42973,1846,44819,379
2021-05-19,Napa,055,140530,9891,9906,36,9942,82
2021-05-19,Nevada,057,99092,4798,4769,188,4957,70
2021-05-19,Orange,059,3164182,255169,254087,11264,265351,5035
2021-05-19,Placer,061,380077,23207,22784,1486,24270,291
2021-05-19,Plumas,063,18699,700,682,10,692,4
2021-05-19,Riverside,065,2383286,293886,288398,13899,302297,4442
2021-05-19,Sacramento,067,1510023,105634,105225,1729,106954,1629
2021-05-19,San Benito,069,59416,6052,6064,114,6178,63
2021-05-19,San Bernardino,071,2135413,293073,292078,8934,301012,4725
2021-05-19,San Diego,073,3302833,280297,279345,14883,294228,3746
2021-05-19,San Francisco,075,870044,36652,36835,1270,38105,546
2021-05-19,San Joaquin,077,732212,72942,72338,3500,75838,1369
2021-05-19,San Luis Obispo,079,281455,21333,21085,730,21815,256
2021-05-19,San Mateo,081,765935,42255,42126,465,42591,429
2021-05-19,Santa Barbara,083,443738,34410,34292,1124,35416,459
2021-05-19,Santa Clara,085,1922200,118448,119176,750,119926,2015
2021-05-19,Santa Cruz,087,273765,16216,16121,802,16923,207
2021-05-19,Shasta,089,179085,12224,12233,1553,13786,200
2021-05-19,Sierra,091,2930,56,54,12,66,0
2021-05-19,Siskiyou,093,43540,1910,1803,348,2151,16
2021-05-19,Solano,095,438530,32706,32678,548,33226,253
2021-05-19,Sonoma,097,501317,29965,30080,329,30409,321
2021-05-19,Stanislaus,099,539301,56183,55912,5892,61804,967
2021-05-19,Sutter,101,95872,9426,9459,84,9543,113
2021-05-19,Tehama,103,63373,5058,5026,562,5588,63
2021-05-19,Trinity,105,12862,483,329,90,419,3
2021-05-19,Tulare,107,460477,50168,49163,8920,58083,837
2021-05-19,Tuolumne,109,53932,4018,4074,41,4115,64
2021-05-19,Ventura,111,848112,81293,80747,2957,83704,1019
2021-05-19,Yolo,113,214977,13991,13961,311,14272,211
2021-05-19,Yuba,115,75493,6027,5993,123,6116,49
2021-05-18,Alameda,001,1643700,87885,87816,1928,89744,1254
2021-05-18,Alpine,003,1148,87,88,0,88,0
2021-05-18,Amador,005,37829,3669,3669,33,3702,46
2021-05-18,Butte,007,227075,12479,12164,1800,13964,191
2021-05-18,Calaveras,009,45235,2137,2131,13,2144,54
2021-05-18,Colusa,011,21464,1940,1943,305,2248,14
2021-05-18,Contra Costa,013,1133247,69295,68750,1250,70000,808
2021-05-18,Del Norte,015,27424,1407,1371,12,1383,8
2021-05-18,El Dorado,017,186661,10262,10169,741,10910,112
2021-05-18,Fresno,019,978130,102532,102056,8636,110692,1690
2021-05-18,Glenn,021,27897,2423,2403,554,2957,17
2021-05-18,Humboldt,023,135768,4178,4132,34,4166,42
2021-05-18,Imperial,025,180216,28568,28538,2699,31237,730
2021-05-18,Inyo,027,18085,1404,1401,12,1413,36
2021-05-18,Kern,029,883053,97146,96128,10799,106927,1315
2021-05-18,Kings,031,150075,23131,22916,1077,23993,247
2021-05-18,Lake,033,64148,3512,3495,9,3504,43
2021-05-18,Lassen,035,31185,5197,5157,109,5266,6
2021-05-18,Los Angeles,037,10098052,1205539,1196668,40986,1237654,24133
2021-05-18,Madera,039,155013,16593,16491,928,17419,238
2021-05-18,Marin,041,260295,14075,14026,249,14275,227
2021-05-18,Mariposa,043,17540,429,424,11,435,5
2021-05-18,Mendocino,045,87422,3958,3877,80,3957,47
2021-05-18,Merced,047,269075,30920,31036,1036,32072,452
2021-05-18,Modoc,049,8938,372,364,125,489,3
2021-05-18,Mono,051,14174,1258,1265,17,1282,3
2021-05-18,Monterey,053,433212,43129,43001,1846,44847,379
2021-05-18,Napa,055,140530,9891,9905,36,9941,82
2021-05-18,Nevada,057,99092,4791,4762,188,4950,70
2021-05-18,Orange,059,3164182,255128,254041,11254,265295,5031
2021-05-18,Placer,061,380077,23174,22726,1482,24208,291
2021-05-18,Plumas,063,18699,700,682,10,692,4
2021-05-18,Riverside,065,2383286,293831,288354,13892,302246,4438
2021-05-18,Sacramento,067,1510023,105532,105083,1727,106810,1629
2021-05-18,San Benito,069,59416,6051,6065,114,6179,63
2021-05-18,San Bernardino,071,2135413,293015,292014,8929,300943,4722
2021-05-18,San Diego,073,3302833,280189,279254,14874,294128,3742
2021-05-18,San Francisco,075,870044,36632,36818,1270,38088,546
2021-05-18,San Joaquin,077,732212,72895,72282,3496,75778,1368
2021-05-18,San Luis Obispo,079,281455,21323,21080,728,21808,256
2021-05-18,San Mateo,081,765935,42243,42099,464,42563,428
2021-05-18,Santa Barbara,083,443738,34401,34278,1124,35402,459
2021-05-18,Santa Clara,085,1922200,118421,119171,750,119921,2014
2021-05-18,Santa Cruz,087,273765,16208,16137,802,16939,207
2021-05-18,Shasta,089,179085,12206,12197,1547,13744,200
2021-05-18,Sierra,091,2930,56,54,12,66,0
2021-05-18,Siskiyou,093,43540,1909,1799,348,2147,16
2021-05-18,Solano,095,438530,32681,32644,548,33192,253
2021-05-18,Sonoma,097,501317,29945,30054,328,30382,321
2021-05-18,Stanislaus,099,539301,56148,55860,5892,61752,959
2021-05-18,Sutter,101,95872,9418,9453,84,9537,113
2021-05-18,Tehama,103,63373,5052,5020,560,5580,63
2021-05-18,Trinity,105,12862,483,329,89,418,3
2021-05-18,Tulare,107,460477,50160,49142,8915,58057,836
2021-05-18,Tuolumne,109,53932,4016,4073,41,4114,64
2021-05-18,Ventura,111,848112,81277,80726,2954,83680,1017
2021-05-18,Yolo,113,214977,13984,13951,310,14261,211
2021-05-18,Yuba,115,75493,6023,5989,123,6112,49
2021-05-17,Alameda,001,1643700,87832,87766,1925,89691,1253
2021-05-17,Alpine,003,1148,87,88,0,88,0
2021-05-17,Amador,005,37829,3666,3668,33,3701,46
2021-05-17,Butte,007,227075,12471,12144,1800,13944,192
2021-05-17,Calaveras,009,45235,2137,2131,13,2144,53
2021-05-17,Colusa,011,21464,1940,1943,305,2248,14
2021-05-17,Contra Costa,013,1133247,69240,68720,1249,69969,805
2021-05-17,Del Norte,015,27424,1402,1369,12,1381,8
2021-05-17,El Dorado,017,186661,10245,10163,741,10904,112
2021-05-17,Fresno,019,978130,102488,102013,8628,110641,1690
2021-05-17,Glenn,021,27897,2423,2401,554,2955,17
2021-05-17,Humboldt,023,135768,4167,4112,34,4146,42
2021-05-17,Imperial,025,180216,28562,28533,2697,31230,729
2021-05-17,Inyo,027,18085,1404,1401,12,1413,36
2021-05-17,Kern,029,883053,97117,96095,10782,106877,1315
2021-05-17,Kings,031,150075,23128,22918,1077,23995,246
2021-05-17,Lake,033,64148,3507,3489,9,3498,43
2021-05-17,Lassen,035,31185,5194,5156,108,5264,6
2021-05-17,Los Angeles,037,10098052,1205360,1196556,40980,1237536,24123
2021-05-17,Madera,039,155013,16586,16486,928,17414,238
2021-05-17,Marin,041,260295,14069,14021,249,14270,227
2021-05-17,Mariposa,043,17540,428,423,11,434,5
2021-05-17,Mendocino,045,87422,3949,3868,80,3948,46
2021-05-17,Merced,047,269075,30905,31031,1036,32067,450
2021-05-17,Modoc,049,8938,371,362,125,487,3
2021-05-17,Mono,051,14174,1254,1265,17,1282,3
2021-05-17,Monterey,053,433212,43122,42995,1846,44841,379
2021-05-17,Napa,055,140530,9890,9894,36,9930,82
2021-05-17,Nevada,057,99092,4787,4761,187,4948,70
2021-05-17,Orange,059,3164182,255081,253993,11247,265240,5031
2021-05-17,Placer,061,380077,23151,22706,1475,24181,289
2021-05-17,Plumas,063,18699,700,682,10,692,4
2021-05-17,Riverside,065,2383286,293762,288304,13888,302192,4433
2021-05-17,Sacramento,067,1510023,105424,105035,1725,106760,1629
2021-05-17,San Benito,069,59416,6048,6067,114,6181,63
2021-05-17,San Bernardino,071,2135413,292965,291989,8921,300910,4724
2021-05-17,San Diego,073,3302833,280057,279146,14852,293998,3742
2021-05-17,San Francisco,075,870044,36620,36816,1268,38084,546
2021-05-17,San Joaquin,077,732212,72857,72234,3493,75727,1359
2021-05-17,San Luis Obispo,079,281455,21314,21079,726,21805,256
2021-05-17,San Mateo,081,765935,42215,42083,464,42547,428
2021-05-17,Santa Barbara,083,443738,34394,34275,1124,35399,459
2021-05-17,Santa Clara,085,1922200,118384,119116,748,119864,2015
2021-05-17,Santa Cruz,087,273765,16205,16151,802,16953,206
2021-05-17,Shasta,089,179085,12184,12163,1546,13709,200
2021-05-17,Sierra,091,2930,56,54,12,66,0
2021-05-17,Siskiyou,093,43540,1900,1795,345,2140,15
2021-05-17,Solano,095,438530,32663,32627,547,33174,253
2021-05-17,Sonoma,097,501317,29922,30043,327,30370,321
2021-05-17,Stanislaus,099,539301,56102,55839,5885,61724,951
2021-05-17,Sutter,101,95872,9411,9447,84,9531,113
2021-05-17,Tehama,103,63373,5048,5016,559,5575,63
2021-05-17,Trinity,105,12862,483,328,89,417,3
2021-05-17,Tulare,107,460477,50138,49107,8910,58017,836
2021-05-17,Tuolumne,109,53932,4016,4071,41,4112,64
2021-05-17,Ventura,111,848112,81257,80699,2954,83653,1017
2021-05-17,Yolo,113,214977,13977,13941,310,14251,211
2021-05-17,Yuba,115,75493,6015,5987,123,6110,49
2021-05-16,Alameda,001,1643700,87768,87743,1925,89668,1253
2021-05-16,Alpine,003,1148,87,88,0,88,0
2021-05-16,Amador,005,37829,3665,3667,33,3700,46
2021-05-16,Butte,007,227075,12457,12140,1799,13939,192
2021-05-16,Calaveras,009,45235,2135,2129,13,2142,53
2021-05-16,Colusa,011,21464,1938,1943,305,2248,14
2021-05-16,Contra Costa,013,1133247,69172,68694,1247,69941,805
2021-05-16,Del Norte,015,27424,1399,1365,12,1377,8
2021-05-16,El Dorado,017,186661,10229,10159,740,10899,112
2021-05-16,Fresno,019,978130,102444,101987,8622,110609,1690
2021-05-16,Glenn,021,27897,2423,2401,553,2954,17
2021-05-16,Humboldt,023,135768,4153,4104,34,4138,42
2021-05-16,Imperial,025,180216,28551,28516,2696,31212,729
2021-05-16,Inyo,027,18085,1404,1401,12,1413,36
2021-05-16,Kern,029,883053,97084,96083,10762,106845,1315
2021-05-16,Kings,031,150075,23124,22918,1074,23992,246
2021-05-16,Lake,033,64148,3504,3489,9,3498,43
2021-05-16,Lassen,035,31185,5193,5156,108,5264,6
2021-05-16,Los Angeles,037,10098052,1205136,1196397,40964,1237361,24120
2021-05-16,Madera,039,155013,16581,16483,925,17408,238
2021-05-16,Marin,041,260295,14066,14015,249,14264,227
2021-05-16,Mariposa,043,17540,428,423,11,434,5
2021-05-16,Mendocino,045,87422,3939,3863,80,3943,46
2021-05-16,Merced,047,269075,30884,31023,1034,32057,450
2021-05-16,Modoc,049,8938,371,362,125,487,3
2021-05-16,Mono,051,14174,1254,1265,17,1282,3
2021-05-16,Monterey,053,433212,43117,42991,1846,44837,379
2021-05-16,Napa,055,140530,9887,9891,36,9927,82
2021-05-16,Nevada,057,99092,4783,4755,187,4942,70
2021-05-16,Orange,059,3164182,255049,253962,11244,265206,5031
2021-05-16,Placer,061,380077,23119,22696,1469,24165,289
2021-05-16,Plumas,063,18699,699,682,10,692,4
2021-05-16,Riverside,065,2383286,293686,288259,13880,302139,4433
2021-05-16,Sacramento,067,1510023,105310,105013,1723,106736,1628
2021-05-16,San Benito,069,59416,6047,6067,113,6180,63
2021-05-16,San Bernardino,071,2135413,292893,291940,8919,300859,4724
2021-05-16,San Diego,073,3302833,279939,279099,14839,293938,3742
2021-05-16,San Francisco,075,870044,36597,36808,1267,38075,546
2021-05-16,San Joaquin,077,732212,72808,72218,3488,75706,1359
2021-05-16,San Luis Obispo,079,281455,21306,21072,725,21797,256
2021-05-16,San Mateo,081,765935,42204,42063,463,42526,428
2021-05-16,Santa Barbara,083,443738,34387,34270,1124,35394,459
2021-05-16,Santa Clara,085,1922200,118355,119098,747,119845,2015
2021-05-16,Santa Cruz,087,273765,16203,16143,802,16945,206
2021-05-16,Shasta,089,179085,12168,12156,1542,13698,200
2021-05-16,Sierra,091,2930,56,54,12,66,0
2021-05-16,Siskiyou,093,43540,1896,1790,344,2134,15
2021-05-16,Solano,095,438530,32630,32619,545,33164,253
2021-05-16,Sonoma,097,501317,29903,30033,327,30360,321
2021-05-16,Stanislaus,099,539301,56053,55814,5874,61688,951
2021-05-16,Sutter,101,95872,9404,9445,84,9529,113
2021-05-16,Tehama,103,63373,5044,5013,558,5571,63
2021-05-16,Trinity,105,12862,483,328,89,417,3
2021-05-16,Tulare,107,460477,50121,49091,8907,57998,837
2021-05-16,Tuolumne,109,53932,4012,4070,41,4111,64
2021-05-16,Ventura,111,848112,81226,80689,2954,83643,1017
2021-05-16,Yolo,113,214977,13962,13938,310,14248,211
2021-05-16,Yuba,115,75493,6012,5987,123,6110,49
2021-05-15,Alameda,001,1643700,87742,87677,1924,89601,1252
2021-05-15,Alpine,003,1148,87,88,0,88,0
2021-05-15,Amador,005,37829,3665,3666,33,3699,46
2021-05-15,Butte,007,227075,12450,12095,1798,13893,192
2021-05-15,Calaveras,009,45235,2134,2126,13,2139,53
2021-05-15,Colusa,011,21464,1938,1941,303,2244,14
2021-05-15,Contra Costa,013,1133247,69126,68658,1247,69905,805
2021-05-15,Del Norte,015,27424,1394,1359,12,1371,8
2021-05-15,El Dorado,017,186661,10217,10156,739,10895,112
2021-05-15,Fresno,019,978130,102407,101957,8620,110577,1690
2021-05-15,Glenn,021,27897,2423,2400,553,2953,17
2021-05-15,Humboldt,023,135768,4143,4080,34,4114,42
2021-05-15,Imperial,025,180216,28548,28504,2695,31199,729
2021-05-15,Inyo,027,18085,1404,1402,12,1414,36
2021-05-15,Kern,029,883053,97070,96061,10748,106809,1315
2021-05-15,Kings,031,150075,23123,22913,1074,23987,246
2021-05-15,Lake,033,64148,3503,3485,9,3494,43
2021-05-15,Lassen,035,31185,5190,5156,107,5263,6
2021-05-15,Los Angeles,037,10098052,1205012,1196255,40951,1237206,24115
2021-05-15,Madera,039,155013,16578,16482,925,17407,238
2021-05-15,Marin,041,260295,14062,14012,249,14261,227
2021-05-15,Mariposa,043,17540,428,423,11,434,5
2021-05-15,Mendocino,045,87422,3936,3861,80,3941,46
2021-05-15,Merced,047,269075,30863,31012,1034,32046,450
2021-05-15,Modoc,049,8938,371,362,125,487,3
2021-05-15,Mono,051,14174,1254,1265,17,1282,3
2021-05-15,Monterey,053,433212,43113,42982,1846,44828,379
2021-05-15,Napa,055,140530,9884,9887,36,9923,82
2021-05-15,Nevada,057,99092,4782,4755,187,4942,70
2021-05-15,Orange,059,3164182,255022,253919,11237,265156,5030
2021-05-15,Placer,061,380077,23098,22688,1469,24157,289
2021-05-15,Plumas,063,18699,699,681,10,691,4
2021-05-15,Riverside,065,2383286,293644,288203,13875,302078,4433
2021-05-15,Sacramento,067,1510023,105238,104929,1720,106649,1628
2021-05-15,San Benito,069,59416,6047,6066,113,6179,63
2021-05-15,San Bernardino,071,2135413,292851,291892,8917,300809,4724
2021-05-15,San Diego,073,3302833,279868,278991,14824,293815,3737
2021-05-15,San Francisco,075,870044,36581,36795,1265,38060,546
2021-05-15,San Joaquin,077,732212,72782,72197,3486,75683,1359
2021-05-15,San Luis Obispo,079,281455,21303,21061,724,21785,256
2021-05-15,San Mateo,081,765935,42188,42059,463,42522,428
2021-05-15,Santa Barbara,083,443738,34379,34259,1124,35383,459
2021-05-15,Santa Clara,085,1922200,118334,119060,747,119807,2016
2021-05-15,Santa Cruz,087,273765,16199,16137,802,16939,206
2021-05-15,Shasta,089,179085,12156,12152,1539,13691,200
2021-05-15,Sierra,091,2930,56,54,12,66,0
2021-05-15,Siskiyou,093,43540,1890,1788,342,2130,15
2021-05-15,Solano,095,438530,32621,32604,544,33148,253
2021-05-15,Sonoma,097,501317,29884,30020,327,30347,321
2021-05-15,Stanislaus,099,539301,56022,55795,5867,61662,952
2021-05-15,Sutter,101,95872,9402,9436,84,9520,113
2021-05-15,Tehama,103,63373,5040,5012,557,5569,63
2021-05-15,Trinity,105,12862,483,328,89,417,3
2021-05-15,Tulare,107,460477,50111,49080,8903,57983,837
2021-05-15,Tuolumne,109,53932,4010,4064,41,4105,63
2021-05-15,Ventura,111,848112,81215,80662,2954,83616,1017
2021-05-15,Yolo,113,214977,13955,13932,309,14241,211
2021-05-15,Yuba,115,75493,6009,5979,122,6101,49
2021-05-14,Alameda,001,1643700,87708,87621,1922,89543,1249
2021-05-14,Alpine,003,1148,87,88,0,88,0
2021-05-14,Amador,005,37829,3665,3665,33,3698,46
2021-05-14,Butte,007,227075,12441,12076,1795,13871,192
2021-05-14,Calaveras,009,45235,2130,2121,13,2134,53
2021-05-14,Colusa,011,21464,1937,1940,302,2242,14
2021-05-14,Contra Costa,013,1133247,69084,68589,1245,69834,806
2021-05-14,Del Norte,015,27424,1394,1355,12,1367,8
2021-05-14,El Dorado,017,186661,10210,10143,738,10881,113
2021-05-14,Fresno,019,978130,102378,101917,8614,110531,1688
2021-05-14,Glenn,021,27897,2422,2398,553,2951,17
2021-05-14,Humboldt,023,135768,4136,4050,34,4084,37
2021-05-14,Imperial,025,180216,28541,28485,2694,31179,728
2021-05-14,Inyo,027,18085,1404,1400,12,1412,36
2021-05-14,Kern,029,883053,97040,96033,10739,106772,1311
2021-05-14,Kings,031,150075,23122,22910,1074,23984,246
2021-05-14,Lake,033,64148,3499,3483,9,3492,43
2021-05-14,Lassen,035,31185,5190,5154,107,5261,6
2021-05-14,Los Angeles,037,10098052,1204878,1196038,40946,1236984,24101
2021-05-14,Madera,039,155013,16575,16474,925,17399,238
2021-05-14,Marin,041,260295,14058,14010,249,14259,227
2021-05-14,Mariposa,043,17540,428,422,11,433,5
2021-05-14,Mendocino,045,87422,3934,3855,80,3935,46
2021-05-14,Merced,047,269075,30853,31010,1034,32044,450
2021-05-14,Modoc,049,8938,371,362,125,487,3
2021-05-14,Mono,051,14174,1253,1265,17,1282,3
2021-05-14,Monterey,053,433212,43108,42973,1846,44819,380
2021-05-14,Napa,055,140530,9881,9883,36,9919,82
2021-05-14,Nevada,057,99092,4777,4745,187,4932,70
2021-05-14,Orange,059,3164182,254988,253855,11230,265085,5028
2021-05-14,Placer,061,380077,23079,22660,1463,24123,287
2021-05-14,Plumas,063,18699,698,680,10,690,4
2021-05-14,Riverside,065,2383286,293594,288140,13872,302012,4433
2021-05-14,Sacramento,067,1510023,105149,104828,1719,106547,1627
2021-05-14,San Benito,069,59416,6047,6064,113,6177,63
2021-05-14,San Bernardino,071,2135413,292803,291834,8917,300751,4721
2021-05-14,San Diego,073,3302833,279795,278853,14813,293666,3732
2021-05-14,San Francisco,075,870044,36572,36771,1261,38032,545
2021-05-14,San Joaquin,077,732212,72750,72160,3479,75639,1359
2021-05-14,San Luis Obispo,079,281455,21299,21051,724,21775,256
2021-05-14,San Mateo,081,765935,42178,42041,463,42504,428
2021-05-14,Santa Barbara,083,443738,34369,34243,1124,35367,456
2021-05-14,Santa Clara,085,1922200,118305,119006,747,119753,2014
2021-05-14,Santa Cruz,087,273765,16194,16130,802,16932,207
2021-05-14,Shasta,089,179085,12150,12130,1534,13664,200
2021-05-14,Sierra,091,2930,56,54,12,66,0
2021-05-14,Siskiyou,093,43540,1883,1779,341,2120,14
2021-05-14,Solano,095,438530,32601,32585,543,33128,252
2021-05-14,Sonoma,097,501317,29865,30007,327,30334,321
2021-05-14,Stanislaus,099,539301,55989,55752,5861,61613,950
2021-05-14,Sutter,101,95872,9393,9433,82,9515,113
2021-05-14,Tehama,103,63373,5033,5005,557,5562,63
2021-05-14,Trinity,105,12862,483,328,89,417,3
2021-05-14,Tulare,107,460477,50094,49060,8898,57958,836
2021-05-14,Tuolumne,109,53932,4010,4060,41,4101,63
2021-05-14,Ventura,111,848112,81201,80628,2954,83582,1014
2021-05-14,Yolo,113,214977,13950,13922,305,14227,210
2021-05-14,Yuba,115,75493,6005,5970,122,6092,47
2021-05-13,Alameda,001,1643700,87665,87557,1921,89478,1250
2021-05-13,Alpine,003,1148,87,88,0,88,0
2021-05-13,Amador,005,37829,3665,3662,33,3695,46
2021-05-13,Butte,007,227075,12426,12051,1794,13845,196
2021-05-13,Calaveras,009,45235,2128,2120,13,2133,53
2021-05-13,Colusa,011,21464,1936,1939,298,2237,14
2021-05-13,Contra Costa,013,1133247,69036,68522,1244,69766,806
2021-05-13,Del Norte,015,27424,1392,1354,12,1366,8
2021-05-13,El Dorado,017,186661,10207,10133,738,10871,112
2021-05-13,Fresno,019,978130,102349,101862,8613,110475,1687
2021-05-13,Glenn,021,27897,2421,2395,553,2948,17
2021-05-13,Humboldt,023,135768,4118,4027,34,4061,37
2021-05-13,Imperial,025,180216,28526,28468,2692,31160,729
2021-05-13,Inyo,027,18085,1404,1400,12,1412,36
2021-05-13,Kern,029,883053,97016,95996,10721,106717,1311
2021-05-13,Kings,031,150075,23121,22904,1074,23978,246
2021-05-13,Lake,033,64148,3498,3479,9,3488,43
2021-05-13,Lassen,035,31185,5190,5152,106,5258,6
2021-05-13,Los Angeles,037,10098052,1204689,1195504,40932,1236436,24083
2021-05-13,Madera,039,155013,16567,16467,925,17392,238
2021-05-13,Marin,041,260295,14053,14004,247,14251,227
2021-05-13,Mariposa,043,17540,428,422,11,433,5
2021-05-13,Mendocino,045,87422,3930,3846,80,3926,46
2021-05-13,Merced,047,269075,30846,30989,1033,32022,450
2021-05-13,Modoc,049,8938,371,362,125,487,3
2021-05-13,Mono,051,14174,1253,1265,17,1282,3
2021-05-13,Monterey,053,433212,43093,42966,1846,44812,380
2021-05-13,Napa,055,140530,9874,9877,36,9913,82
2021-05-13,Nevada,057,99092,4773,4743,186,4929,70
2021-05-13,Orange,059,3164182,254943,253778,11228,265006,5026
2021-05-13,Placer,061,380077,23052,22668,1456,24124,288
2021-05-13,Plumas,063,18699,698,680,10,690,4
2021-05-13,Riverside,065,2383286,293528,288067,13867,301934,4433
2021-05-13,Sacramento,067,1510023,105063,104711,1717,106428,1626
2021-05-13,San Benito,069,59416,6045,6062,113,6175,63
2021-05-13,San Bernardino,071,2135413,292737,291765,8917,300682,4722
2021-05-13,San Diego,073,3302833,279681,278592,14796,293388,3729
2021-05-13,San Francisco,075,870044,36548,36741,1259,38000,544
2021-05-13,San Joaquin,077,732212,72708,72096,3475,75571,1357
2021-05-13,San Luis Obispo,079,281455,21284,21043,723,21766,255
2021-05-13,San Mateo,081,765935,42161,42059,463,42522,426
2021-05-13,Santa Barbara,083,443738,34357,34242,1124,35366,456
2021-05-13,Santa Clara,085,1922200,118278,118952,747,119699,2013
2021-05-13,Santa Cruz,087,273765,16188,16129,802,16931,208
2021-05-13,Shasta,089,179085,12130,12111,1530,13641,200
2021-05-13,Sierra,091,2930,56,54,12,66,0
2021-05-13,Siskiyou,093,43540,1876,1769,338,2107,14
2021-05-13,Solano,095,438530,32588,32548,541,33089,252
2021-05-13,Sonoma,097,501317,29840,29991,327,30318,321
2021-05-13,Stanislaus,099,539301,55952,55678,5855,61533,949
2021-05-13,Sutter,101,95872,9388,9431,81,9512,112
2021-05-13,Tehama,103,63373,5028,4997,557,5554,63
2021-05-13,Trinity,105,12862,482,327,88,415,3
2021-05-13,Tulare,107,460477,50068,49032,8890,57922,837
2021-05-13,Tuolumne,109,53932,4009,4059,41,4100,63
2021-05-13,Ventura,111,848112,81171,80615,2953,83568,1012
2021-05-13,Yolo,113,214977,13941,13914,303,14217,210
2021-05-13,Yuba,115,75493,5996,5962,122,6084,47
2021-05-12,Alameda,001,1643700,87633,87482,1919,89401,1261
2021-05-12,Alpine,003,1148,87,88,0,88,0
2021-05-12,Amador,005,37829,3665,3658,33,3691,46
2021-05-12,Butte,007,227075,12416,12026,1794,13820,199
2021-05-12,Calaveras,009,45235,2125,2119,13,2132,53
2021-05-12,Colusa,011,21464,1934,1939,297,2236,14
2021-05-12,Contra Costa,013,1133247,68977,68462,1238,69700,805
2021-05-12,Del Norte,015,27424,1390,1352,12,1364,8
2021-05-12,El Dorado,017,186661,10197,10123,738,10861,112
2021-05-12,Fresno,019,978130,102300,101838,8602,110440,1688
2021-05-12,Glenn,021,27897,2418,2391,553,2944,17
2021-05-12,Humboldt,023,135768,4090,3982,34,4016,37
2021-05-12,Imperial,025,180216,28508,28443,2689,31132,726
2021-05-12,Inyo,027,18085,1404,1400,12,1412,36
2021-05-12,Kern,029,883053,96980,95955,10714,106669,1310
2021-05-12,Kings,031,150075,23119,22896,1074,23970,246
2021-05-12,Lake,033,64148,3496,3476,9,3485,43
2021-05-12,Lassen,035,31185,5188,5151,106,5257,6
2021-05-12,Los Angeles,037,10098052,1204506,1195318,40915,1236233,24067
2021-05-12,Madera,039,155013,16560,16462,924,17386,238
2021-05-12,Marin,041,260295,14048,13997,247,14244,227
2021-05-12,Mariposa,043,17540,428,422,11,433,5
2021-05-12,Mendocino,045,87422,3920,3836,80,3916,46
2021-05-12,Merced,047,269075,30830,30941,1033,31974,450
2021-05-12,Modoc,049,8938,370,362,125,487,3
2021-05-12,Mono,051,14174,1253,1265,17,1282,3
2021-05-12,Monterey,053,433212,43081,42950,1845,44795,380
2021-05-12,Napa,055,140530,9868,9870,36,9906,82
2021-05-12,Nevada,057,99092,4769,4738,186,4924,70
2021-05-12,Orange,059,3164182,254892,253587,11224,264811,5024
2021-05-12,Placer,061,380077,23034,22652,1449,24101,288
2021-05-12,Plumas,063,18699,698,681,10,691,4
2021-05-12,Riverside,065,2383286,293458,287830,13863,301693,4431
2021-05-12,Sacramento,067,1510023,104968,104592,1715,106307,1621
2021-05-12,San Benito,069,59416,6045,6062,113,6175,63
2021-05-12,San Bernardino,071,2135413,292688,291505,8912,300417,4715
2021-05-12,San Diego,073,3302833,279577,278402,14775,293177,3729
2021-05-12,San Francisco,075,870044,36528,36720,1258,37978,544
2021-05-12,San Joaquin,077,732212,72654,72043,3471,75514,1356
2021-05-12,San Luis Obispo,079,281455,21274,21021,723,21744,255
2021-05-12,San Mateo,081,765935,42152,42038,462,42500,426
2021-05-12,Santa Barbara,083,443738,34349,34218,1124,35342,456
2021-05-12,Santa Clara,085,1922200,118234,118897,747,119644,2005
2021-05-12,Santa Cruz,087,273765,16182,16123,802,16925,207
2021-05-12,Shasta,089,179085,12110,12092,1528,13620,200
2021-05-12,Sierra,091,2930,56,54,12,66,0
2021-05-12,Siskiyou,093,43540,1872,1760,337,2097,13
2021-05-12,Solano,095,438530,32564,32519,541,33060,252
2021-05-12,Sonoma,097,501317,29828,29976,327,30303,320
2021-05-12,Stanislaus,099,539301,55912,55632,5848,61480,919
2021-05-12,Sutter,101,95872,9385,9427,81,9508,112
2021-05-12,Tehama,103,63373,5023,4989,557,5546,62
2021-05-12,Trinity,105,12862,482,327,88,415,3
2021-05-12,Tulare,107,460477,50052,49001,8882,57883,838
2021-05-12,Tuolumne,109,53932,4008,4056,41,4097,63
2021-05-12,Ventura,111,848112,81152,80577,2953,83530,1010
2021-05-12,Yolo,113,214977,13933,13910,302,14212,210
2021-05-12,Yuba,115,75493,5993,5956,122,6078,47
2021-05-11,Alameda,001,1643700,87568,87413,1915,89328,1290
2021-05-11,Alpine,003,1148,87,88,0,88,0
2021-05-11,Amador,005,37829,3663,3657,33,3690,46
2021-05-11,Butte,007,227075,12401,12008,1791,13799,199
2021-05-11,Calaveras,009,45235,2125,2118,13,2131,52
2021-05-11,Colusa,011,21464,1933,1939,297,2236,14
2021-05-11,Contra Costa,013,1133247,68917,68406,1237,69643,806
2021-05-11,Del Norte,015,27424,1388,1347,12,1359,8
2021-05-11,El Dorado,017,186661,10191,10108,737,10845,112
2021-05-11,Fresno,019,978130,102254,101792,8597,110389,1686
2021-05-11,Glenn,021,27897,2417,2387,552,2939,17
2021-05-11,Humboldt,023,135768,4069,3964,33,3997,37
2021-05-11,Imperial,025,180216,28500,28413,2685,31098,722
2021-05-11,Inyo,027,18085,1403,1402,12,1414,36
2021-05-11,Kern,029,883053,96952,95938,10701,106639,1310
2021-05-11,Kings,031,150075,23111,22887,1074,23961,246
2021-05-11,Lake,033,64148,3496,3473,9,3482,43
2021-05-11,Lassen,035,31185,5186,5148,106,5254,6
2021-05-11,Los Angeles,037,10098052,1204265,1195100,40898,1235998,24048
2021-05-11,Madera,039,155013,16556,16459,923,17382,238
2021-05-11,Marin,041,260295,14041,13987,247,14234,227
2021-05-11,Mariposa,043,17540,428,421,11,432,5
2021-05-11,Mendocino,045,87422,3912,3821,80,3901,46
2021-05-11,Merced,047,269075,30821,30893,1033,31926,449
2021-05-11,Modoc,049,8938,370,362,124,486,3
2021-05-11,Mono,051,14174,1253,1265,17,1282,3
2021-05-11,Monterey,053,433212,43073,42934,1844,44778,380
2021-05-11,Napa,055,140530,9861,9870,36,9906,81
2021-05-11,Nevada,057,99092,4765,4737,186,4923,70
2021-05-11,Orange,059,3164182,254829,253545,11216,264761,5017
2021-05-11,Placer,061,380077,23012,22615,1445,24060,287
2021-05-11,Plumas,063,18699,696,679,10,689,4
2021-05-11,Riverside,065,2383286,293396,287757,13858,301615,4429
2021-05-11,Sacramento,067,1510023,104869,104496,1712,106208,1616
2021-05-11,San Benito,069,59416,6042,6058,113,6171,63
2021-05-11,San Bernardino,071,2135413,292628,291421,8910,300331,4707
2021-05-11,San Diego,073,3302833,279442,278308,14756,293064,3725
2021-05-11,San Francisco,075,870044,36508,36707,1258,37965,543
2021-05-11,San Joaquin,077,732212,72606,71999,3468,75467,1356
2021-05-11,San Luis Obispo,079,281455,21267,21008,721,21729,255
2021-05-11,San Mateo,081,765935,42133,41985,461,42446,425
2021-05-11,Santa Barbara,083,443738,34339,34207,1124,35331,456
2021-05-11,Santa Clara,085,1922200,118187,118857,746,119603,2005
2021-05-11,Santa Cruz,087,273765,16178,16113,802,16915,206
2021-05-11,Shasta,089,179085,12087,12050,1522,13572,200
2021-05-11,Sierra,091,2930,56,54,12,66,0
2021-05-11,Siskiyou,093,43540,1862,1756,335,2091,13
2021-05-11,Solano,095,438530,32546,32499,539,33038,250
2021-05-11,Sonoma,097,501317,29813,29966,327,30293,318
2021-05-11,Stanislaus,099,539301,55865,55589,5844,61433,909
2021-05-11,Sutter,101,95872,9378,9417,81,9498,112
2021-05-11,Tehama,103,63373,5019,4985,556,5541,62
2021-05-11,Trinity,105,12862,482,327,87,414,3
2021-05-11,Tulare,107,460477,50025,48974,8868,57842,837
2021-05-11,Tuolumne,109,53932,4007,4056,41,4097,63
2021-05-11,Ventura,111,848112,81128,80544,2950,83494,1008
2021-05-11,Yolo,113,214977,13920,13902,299,14201,210
2021-05-11,Yuba,115,75493,5984,5950,122,6072,46
2021-05-10,Alameda,001,1643700,87498,87366,1914,89280,1284
2021-05-10,Alpine,003,1148,87,88,0,88,0
2021-05-10,Amador,005,37829,3662,3657,33,3690,46
2021-05-10,Butte,007,227075,12385,11993,1787,13780,199
2021-05-10,Calaveras,009,45235,2118,2118,13,2131,52
2021-05-10,Colusa,011,21464,1933,1939,297,2236,14
2021-05-10,Contra Costa,013,1133247,68853,68357,1237,69594,806
2021-05-10,Del Norte,015,27424,1385,1339,12,1351,8
2021-05-10,El Dorado,017,186661,10177,10093,737,10830,113
2021-05-10,Fresno,019,978130,102222,101755,8590,110345,1682
2021-05-10,Glenn,021,27897,2416,2384,551,2935,17
2021-05-10,Humboldt,023,135768,4039,3961,33,3994,36
2021-05-10,Imperial,025,180216,28486,28397,2681,31078,722
2021-05-10,Inyo,027,18085,1403,1401,12,1413,36
2021-05-10,Kern,029,883053,96909,95920,10687,106607,1310
2021-05-10,Kings,031,150075,23100,22884,1073,23957,246
2021-05-10,Lake,033,64148,3488,3471,9,3480,43
2021-05-10,Lassen,035,31185,5182,5148,106,5254,5
2021-05-10,Los Angeles,037,10098052,1203998,1194976,40883,1235859,24030
2021-05-10,Madera,039,155013,16546,16450,923,17373,238
2021-05-10,Marin,041,260295,14038,13981,247,14228,228
2021-05-10,Mariposa,043,17540,427,420,11,431,5
2021-05-10,Mendocino,045,87422,3906,3818,80,3898,46
2021-05-10,Merced,047,269075,30811,30880,1033,31913,448
2021-05-10,Modoc,049,8938,370,361,124,485,3
2021-05-10,Mono,051,14174,1253,1265,17,1282,3
2021-05-10,Monterey,053,433212,43067,42927,1839,44766,380
2021-05-10,Napa,055,140530,9859,9860,36,9896,81
2021-05-10,Nevada,057,99092,4758,4735,186,4921,70
2021-05-10,Orange,059,3164182,254776,253484,11210,264694,5008
2021-05-10,Placer,061,380077,22990,22590,1442,24032,286
2021-05-10,Plumas,063,18699,695,679,10,689,4
2021-05-10,Riverside,065,2383286,293327,287689,13852,301541,4427
2021-05-10,Sacramento,067,1510023,104756,104378,1707,106085,1613
2021-05-10,San Benito,069,59416,6041,6058,113,6171,63
2021-05-10,San Bernardino,071,2135413,292576,291360,8909,300269,4707
2021-05-10,San Diego,073,3302833,279278,278183,14729,292912,3725
2021-05-10,San Francisco,075,870044,36489,36683,1258,37941,543
2021-05-10,San Joaquin,077,732212,72570,71954,3453,75407,1356
2021-05-10,San Luis Obispo,079,281455,21249,20993,720,21713,256
2021-05-10,San Mateo,081,765935,42116,41926,461,42387,424
2021-05-10,Santa Barbara,083,443738,34331,34201,1124,35325,456
2021-05-10,Santa Clara,085,1922200,118128,118822,746,119568,2003
2021-05-10,Santa Cruz,087,273765,16173,16114,802,16916,206
2021-05-10,Shasta,089,179085,12073,12036,1518,13554,200
2021-05-10,Sierra,091,2930,56,54,12,66,0
2021-05-10,Siskiyou,093,43540,1852,1752,333,2085,13
2021-05-10,Solano,095,438530,32526,32466,537,33003,250
2021-05-10,Sonoma,097,501317,29798,29955,326,30281,318
2021-05-10,Stanislaus,099,539301,55790,55541,5838,61379,898
2021-05-10,Sutter,101,95872,9372,9412,81,9493,111
2021-05-10,Tehama,103,63373,5015,4980,556,5536,62
2021-05-10,Trinity,105,12862,482,327,85,412,3
2021-05-10,Tulare,107,460477,50002,48956,8862,57818,837
2021-05-10,Tuolumne,109,53932,4003,4054,40,4094,63
2021-05-10,Ventura,111,848112,81112,80501,2948,83449,1008
2021-05-10,Yolo,113,214977,13908,13898,297,14195,209
2021-05-10,Yuba,115,75493,5982,5942,122,6064,46
2021-05-09,Alameda,001,1643700,87427,87292,1911,89203,1284
2021-05-09,Alpine,003,1148,87,88,0,88,0
2021-05-09,Amador,005,37829,3660,3655,33,3688,46
2021-05-09,Butte,007,227075,12367,11985,1783,13768,199
2021-05-09,Calaveras,009,45235,2117,2116,13,2129,52
2021-05-09,Colusa,011,21464,1932,1940,297,2237,14
2021-05-09,Contra Costa,013,1133247,68790,68302,1235,69537,806
2021-05-09,Del Norte,015,27424,1378,1338,12,1350,8
2021-05-09,El Dorado,017,186661,10163,10089,733,10822,113
2021-05-09,Fresno,019,978130,102184,101729,8581,110310,1682
2021-05-09,Glenn,021,27897,2409,2382,548,2930,17
2021-05-09,Humboldt,023,135768,4019,3950,33,3983,36
2021-05-09,Imperial,025,180216,28463,28388,2673,31061,722
2021-05-09,Inyo,027,18085,1403,1401,11,1412,36
2021-05-09,Kern,029,883053,96881,95903,10677,106580,1310
2021-05-09,Kings,031,150075,23091,22878,1073,23951,246
2021-05-09,Lake,033,64148,3484,3471,9,3480,43
2021-05-09,Lassen,035,31185,5180,5147,106,5253,5
2021-05-09,Los Angeles,037,10098052,1203737,1194820,40867,1235687,24026
2021-05-09,Madera,039,155013,16537,16444,917,17361,238
2021-05-09,Marin,041,260295,14027,13979,246,14225,228
2021-05-09,Mariposa,043,17540,424,420,11,431,5
2021-05-09,Mendocino,045,87422,3896,3814,80,3894,46
2021-05-09,Merced,047,269075,30788,30883,1033,31916,448
2021-05-09,Modoc,049,8938,370,360,124,484,3
2021-05-09,Mono,051,14174,1253,1264,17,1281,3
2021-05-09,Monterey,053,433212,43049,42918,1839,44757,380
2021-05-09,Napa,055,140530,9848,9857,36,9893,81
2021-05-09,Nevada,057,99092,4751,4727,186,4913,70
2021-05-09,Orange,059,3164182,254722,253451,11202,264653,5008
2021-05-09,Placer,061,380077,22964,22566,1439,24005,286
2021-05-09,Plumas,063,18699,694,679,10,689,4
2021-05-09,Riverside,065,2383286,293247,287644,13846,301490,4427
2021-05-09,Sacramento,067,1510023,104607,104309,1701,106010,1612
2021-05-09,San Benito,069,59416,6039,6056,113,6169,63
2021-05-09,San Bernardino,071,2135413,292493,291337,8903,300240,4707
2021-05-09,San Diego,073,3302833,279111,277950,14707,292657,3725
2021-05-09,San Francisco,075,870044,36463,36669,1256,37925,543
2021-05-09,San Joaquin,077,732212,72524,71927,3452,75379,1356
2021-05-09,San Luis Obispo,079,281455,21238,20999,720,21719,256
2021-05-09,San Mateo,081,765935,42087,41903,461,42364,424
2021-05-09,Santa Barbara,083,443738,34318,34196,1123,35319,456
2021-05-09,Santa Clara,085,1922200,118074,118798,745,119543,2003
2021-05-09,Santa Cruz,087,273765,16167,16094,802,16896,206
2021-05-09,Shasta,089,179085,12043,12034,1513,13547,200
2021-05-09,Sierra,091,2930,56,54,12,66,0
2021-05-09,Siskiyou,093,43540,1845,1741,330,2071,13
2021-05-09,Solano,095,438530,32487,32434,535,32969,250
2021-05-09,Sonoma,097,501317,29784,29953,325,30278,318
2021-05-09,Stanislaus,099,539301,55724,55511,5834,61345,898
2021-05-09,Sutter,101,95872,9366,9413,81,9494,111
2021-05-09,Tehama,103,63373,5010,4979,556,5535,62
2021-05-09,Trinity,105,12862,482,327,85,412,3
2021-05-09,Tulare,107,460477,49975,48948,8857,57805,837
2021-05-09,Tuolumne,109,53932,4001,4053,40,4093,63
2021-05-09,Ventura,111,848112,81097,80487,2947,83434,1008
2021-05-09,Yolo,113,214977,13898,13897,296,14193,209
2021-05-09,Yuba,115,75493,5976,5934,122,6056,46
2021-05-08,Alameda,001,1643700,87385,87213,1907,89120,1284
2021-05-08,Alpine,003,1148,87,88,0,88,0
2021-05-08,Amador,005,37829,3658,3652,33,3685,46
2021-05-08,Butte,007,227075,12355,11962,1782,13744,199
2021-05-08,Calaveras,009,45235,2116,2114,13,2127,52
2021-05-08,Colusa,011,21464,1932,1939,297,2236,14
2021-05-08,Contra Costa,013,1133247,68757,68223,1233,69456,803
2021-05-08,Del Norte,015,27424,1375,1335,12,1347,8
2021-05-08,El Dorado,017,186661,10149,10079,733,10812,113
2021-05-08,Fresno,019,978130,102148,101676,8576,110252,1682
2021-05-08,Glenn,021,27897,2407,2382,546,2928,17
2021-05-08,Humboldt,023,135768,4003,3939,33,3972,36
2021-05-08,Imperial,025,180216,28455,28373,2673,31046,721
2021-05-08,Inyo,027,18085,1403,1402,11,1413,36
2021-05-08,Kern,029,883053,96856,95880,10664,106544,1310
2021-05-08,Kings,031,150075,23088,22872,1072,23944,246
2021-05-08,Lake,033,64148,3483,3470,9,3479,43
2021-05-08,Lassen,035,31185,5179,5145,106,5251,5
2021-05-08,Los Angeles,037,10098052,1203585,1194584,40851,1235435,24022
2021-05-08,Madera,039,155013,16533,16442,917,17359,238
2021-05-08,Marin,041,260295,14024,13974,245,14219,228
2021-05-08,Mariposa,043,17540,424,420,11,431,5
2021-05-08,Mendocino,045,87422,3891,3810,79,3889,46
2021-05-08,Merced,047,269075,30779,30876,1033,31909,448
2021-05-08,Modoc,049,8938,370,360,123,483,3
2021-05-08,Mono,051,14174,1253,1262,17,1279,3
2021-05-08,Monterey,053,433212,43044,42914,1838,44752,380
2021-05-08,Napa,055,140530,9841,9853,36,9889,81
2021-05-08,Nevada,057,99092,4748,4716,186,4902,70
2021-05-08,Orange,059,3164182,254688,253412,11198,264610,5006
2021-05-08,Placer,061,380077,22946,22547,1437,23984,286
2021-05-08,Plumas,063,18699,693,679,10,689,4
2021-05-08,Riverside,065,2383286,293204,287574,13844,301418,4427
2021-05-08,Sacramento,067,1510023,104522,104208,1698,105906,1610
2021-05-08,San Benito,069,59416,6038,6048,113,6161,63
2021-05-08,San Bernardino,071,2135413,292450,291296,8903,300199,4707
2021-05-08,San Diego,073,3302833,279028,277760,14689,292449,3725
2021-05-08,San Francisco,075,870044,36440,36642,1256,37898,543
2021-05-08,San Joaquin,077,732212,72495,71869,3443,75312,1356
2021-05-08,San Luis Obispo,079,281455,21227,20992,720,21712,256
2021-05-08,San Mateo,081,765935,42076,41871,461,42332,424
2021-05-08,Santa Barbara,083,443738,34305,34185,1123,35308,456
2021-05-08,Santa Clara,085,1922200,118043,118751,745,119496,2003
2021-05-08,Santa Cruz,087,273765,16164,16089,802,16891,206
2021-05-08,Shasta,089,179085,12033,12030,1509,13539,200
2021-05-08,Sierra,091,2930,56,54,12,66,0
2021-05-08,Siskiyou,093,43540,1844,1741,326,2067,13
2021-05-08,Solano,095,438530,32463,32395,533,32928,249
2021-05-08,Sonoma,097,501317,29771,29942,325,30267,318
2021-05-08,Stanislaus,099,539301,55693,55467,5830,61297,898
2021-05-08,Sutter,101,95872,9363,9413,81,9494,111
2021-05-08,Tehama,103,63373,5008,4977,556,5533,62
2021-05-08,Trinity,105,12862,482,327,85,412,3
2021-05-08,Tulare,107,460477,49961,48929,8847,57776,837
2021-05-08,Tuolumne,109,53932,4000,4050,40,4090,63
2021-05-08,Ventura,111,848112,81086,80481,2944,83425,1008
2021-05-08,Yolo,113,214977,13895,13894,295,14189,209
2021-05-08,Yuba,115,75493,5968,5928,122,6050,46
2021-05-07,Alameda,001,1643700,87332,87128,1906,89034,1280
2021-05-07,Alpine,003,1148,87,88,0,88,0
2021-05-07,Amador,005,37829,3655,3651,33,3684,46
2021-05-07,Butte,007,227075,12334,11943,1779,13722,199
2021-05-07,Calaveras,009,45235,2114,2114,13,2127,52
2021-05-07,Colusa,011,21464,1932,1937,297,2234,14
2021-05-07,Contra Costa,013,1133247,68710,68156,1231,69387,804
2021-05-07,Del Norte,015,27424,1370,1329,12,1341,8
2021-05-07,El Dorado,017,186661,10136,10065,731,10796,112
2021-05-07,Fresno,019,978130,102115,101625,8575,110200,1684
2021-05-07,Glenn,021,27897,2404,2381,545,2926,17
2021-05-07,Humboldt,023,135768,3988,3919,33,3952,36
2021-05-07,Imperial,025,180216,28447,28352,2673,31025,721
2021-05-07,Inyo,027,18085,1403,1402,11,1413,36
2021-05-07,Kern,029,883053,96843,95839,10652,106491,1308
2021-05-07,Kings,031,150075,23087,22857,1071,23928,246
2021-05-07,Lake,033,64148,3481,3467,9,3476,43
2021-05-07,Lassen,035,31185,5178,5144,105,5249,5
2021-05-07,Los Angeles,037,10098052,1203406,1194294,40844,1235138,24008
2021-05-07,Madera,039,155013,16528,16439,917,17356,238
2021-05-07,Marin,041,260295,14020,13968,245,14213,228
2021-05-07,Mariposa,043,17540,423,419,11,430,5
2021-05-07,Mendocino,045,87422,3885,3805,79,3884,46
2021-05-07,Merced,047,269075,30776,30862,1033,31895,446
2021-05-07,Modoc,049,8938,370,360,123,483,3
2021-05-07,Mono,051,14174,1252,1261,17,1278,3
2021-05-07,Monterey,053,433212,43038,42909,1836,44745,380
2021-05-07,Napa,055,140530,9840,9849,36,9885,81
2021-05-07,Nevada,057,99092,4744,4704,186,4890,70
2021-05-07,Orange,059,3164182,254648,253338,11190,264528,5000
2021-05-07,Placer,061,380077,22926,22524,1435,23959,286
2021-05-07,Plumas,063,18699,693,678,10,688,4
2021-05-07,Riverside,065,2383286,293146,287479,13843,301322,4426
2021-05-07,Sacramento,067,1510023,104450,104068,1693,105761,1609
2021-05-07,San Benito,069,59416,6037,6048,113,6161,63
2021-05-07,San Bernardino,071,2135413,292408,291185,8898,300083,4697
2021-05-07,San Diego,073,3302833,278942,277534,14673,292207,3718
2021-05-07,San Francisco,075,870044,36427,36616,1255,37871,543
2021-05-07,San Joaquin,077,732212,72455,71804,3441,75245,1351
2021-05-07,San Luis Obispo,079,281455,21220,20979,720,21699,256
2021-05-07,San Mateo,081,765935,42061,41844,461,42305,424
2021-05-07,Santa Barbara,083,443738,34295,34166,1123,35289,453
2021-05-07,Santa Clara,085,1922200,118010,118691,744,119435,2002
2021-05-07,Santa Cruz,087,273765,16161,16074,802,16876,206
2021-05-07,Shasta,089,179085,12011,12005,1507,13512,200
2021-05-07,Sierra,091,2930,56,54,12,66,0
2021-05-07,Siskiyou,093,43540,1841,1723,326,2049,13
2021-05-07,Solano,095,438530,32435,32352,531,32883,249
2021-05-07,Sonoma,097,501317,29753,29925,323,30248,318
2021-05-07,Stanislaus,099,539301,55652,55407,5825,61232,896
2021-05-07,Sutter,101,95872,9363,9407,81,9488,111
2021-05-07,Tehama,103,63373,5001,4974,556,5530,57
2021-05-07,Trinity,105,12862,482,327,85,412,3
2021-05-07,Tulare,107,460477,49944,48913,8842,57755,837
2021-05-07,Tuolumne,109,53932,3998,4048,40,4088,63
2021-05-07,Ventura,111,848112,81062,80444,2944,83388,1008
2021-05-07,Yolo,113,214977,13889,13875,294,14169,209
2021-05-07,Yuba,115,75493,5958,5910,122,6032,46
2021-05-06,Alameda,001,1643700,87256,87028,1903,88931,1278
2021-05-06,Alpine,003,1148,87,88,0,88,0
2021-05-06,Amador,005,37829,3653,3650,33,3683,46
2021-05-06,Butte,007,227075,12314,11929,1774,13703,198
2021-05-06,Calaveras,009,45235,2114,2111,13,2124,52
2021-05-06,Colusa,011,21464,1932,1935,297,2232,14
2021-05-06,Contra Costa,013,1133247,68655,68076,1228,69304,802
2021-05-06,Del Norte,015,27424,1362,1324,12,1336,6
2021-05-06,El Dorado,017,186661,10129,10048,731,10779,112
2021-05-06,Fresno,019,978130,102071,101536,8571,110107,1680
2021-05-06,Glenn,021,27897,2403,2380,544,2924,17
2021-05-06,Humboldt,023,135768,3963,3898,33,3931,36
2021-05-06,Imperial,025,180216,28436,28311,2672,30983,720
2021-05-06,Inyo,027,18085,1403,1401,11,1412,36
2021-05-06,Kern,029,883053,96818,95801,10635,106436,1307
2021-05-06,Kings,031,150075,23080,22848,1070,23918,246
2021-05-06,Lake,033,64148,3480,3465,9,3474,43
2021-05-06,Lassen,035,31185,5177,5143,105,5248,1
2021-05-06,Los Angeles,037,10098052,1203164,1193954,40828,1234782,23991
2021-05-06,Madera,039,155013,16520,16430,917,17347,238
2021-05-06,Marin,041,260295,14016,13956,245,14201,228
2021-05-06,Mariposa,043,17540,422,419,11,430,5
2021-05-06,Mendocino,045,87422,3874,3802,79,3881,46
2021-05-06,Merced,047,269075,30761,30863,1032,31895,444
2021-05-06,Modoc,049,8938,370,360,123,483,3
2021-05-06,Mono,051,14174,1250,1261,17,1278,3
2021-05-06,Monterey,053,433212,43023,42899,1836,44735,379
2021-05-06,Napa,055,140530,9834,9843,36,9879,81
2021-05-06,Nevada,057,99092,4743,4687,186,4873,70
2021-05-06,Orange,059,3164182,254580,253286,11184,264470,4991
2021-05-06,Placer,061,380077,22904,22493,1435,23928,286
2021-05-06,Plumas,063,18699,693,678,10,688,4
2021-05-06,Riverside,065,2383286,293073,287399,13838,301237,4422
2021-05-06,Sacramento,067,1510023,104333,103956,1690,105646,1609
2021-05-06,San Benito,069,59416,6036,6045,113,6158,63
2021-05-06,San Bernardino,071,2135413,292338,291085,8897,299982,4683
2021-05-06,San Diego,073,3302833,278815,277324,14650,291974,3716
2021-05-06,San Francisco,075,870044,36412,36599,1255,37854,543
2021-05-06,San Joaquin,077,732212,72400,71729,3438,75167,1350
2021-05-06,San Luis Obispo,079,281455,21208,20965,718,21683,256
2021-05-06,San Mateo,081,765935,42042,41802,460,42262,424
2021-05-06,Santa Barbara,083,443738,34282,34152,1123,35275,453
2021-05-06,Santa Clara,085,1922200,117969,118591,744,119335,2001
2021-05-06,Santa Cruz,087,273765,16154,16050,802,16852,206
2021-05-06,Shasta,089,179085,11989,11983,1501,13484,199
2021-05-06,Sierra,091,2930,56,54,12,66,0
2021-05-06,Siskiyou,093,43540,1831,1711,325,2036,12
2021-05-06,Solano,095,438530,32409,32320,523,32843,249
2021-05-06,Sonoma,097,501317,29745,29911,323,30234,318
2021-05-06,Stanislaus,099,539301,55596,55323,5820,61143,834
2021-05-06,Sutter,101,95872,9357,9396,81,9477,111
2021-05-06,Tehama,103,63373,4996,4970,556,5526,53
2021-05-06,Trinity,105,12862,482,327,85,412,3
2021-05-06,Tulare,107,460477,49919,48890,8827,57717,836
2021-05-06,Tuolumne,109,53932,3994,4047,40,4087,63
2021-05-06,Ventura,111,848112,81031,80411,2941,83352,1005
2021-05-06,Yolo,113,214977,13882,13871,291,14162,209
2021-05-06,Yuba,115,75493,5946,5901,122,6023,46
2021-05-05,Alameda,001,1643700,87194,86950,1901,88851,1278
2021-05-05,Alpine,003,1148,87,88,0,88,0
2021-05-05,Amador,005,37829,3650,3650,33,3683,46
2021-05-05,Butte,007,227075,12296,11907,1771,13678,198
2021-05-05,Calaveras,009,45235,2110,2103,13,2116,52
2021-05-05,Colusa,011,21464,1931,1933,297,2230,14
2021-05-05,Contra Costa,013,1133247,68590,67997,1224,69221,803
2021-05-05,Del Norte,015,27424,1359,1317,12,1329,6
2021-05-05,El Dorado,017,186661,10118,10020,730,10750,111
2021-05-05,Fresno,019,978130,102022,101491,8562,110053,1680
2021-05-05,Glenn,021,27897,2400,2380,543,2923,17
2021-05-05,Humboldt,023,135768,3944,3886,32,3918,36
2021-05-05,Imperial,025,180216,28395,28295,2665,30960,720
2021-05-05,Inyo,027,18085,1402,1401,11,1412,36
2021-05-05,Kern,029,883053,96774,95753,10631,106384,1304
2021-05-05,Kings,031,150075,23074,22840,1069,23909,246
2021-05-05,Lake,033,64148,3477,3458,9,3467,43
2021-05-05,Lassen,035,31185,5177,5143,104,5247,1
2021-05-05,Los Angeles,037,10098052,1202893,1193608,40814,1234422,23977
2021-05-05,Madera,039,155013,16518,16423,917,17340,235
2021-05-05,Marin,041,260295,14008,13950,244,14194,228
2021-05-05,Mariposa,043,17540,422,418,11,429,5
2021-05-05,Mendocino,045,87422,3870,3799,79,3878,46
2021-05-05,Merced,047,269075,30740,30844,1032,31876,444
2021-05-05,Modoc,049,8938,369,361,122,483,3
2021-05-05,Mono,051,14174,1250,1260,17,1277,3
2021-05-05,Monterey,053,433212,43010,42870,1833,44703,379
2021-05-05,Napa,055,140530,9828,9833,36,9869,81
2021-05-05,Nevada,057,99092,4740,4666,186,4852,70
2021-05-05,Orange,059,3164182,254522,253237,11179,264416,4978
2021-05-05,Placer,061,380077,22872,22362,1431,23793,287
2021-05-05,Plumas,063,18699,693,677,10,687,4
2021-05-05,Riverside,065,2383286,292978,287353,13828,301181,4414
2021-05-05,Sacramento,067,1510023,104245,103476,1685,105161,1607
2021-05-05,San Benito,069,59416,6027,6046,113,6159,63
2021-05-05,San Bernardino,071,2135413,292263,291008,8893,299901,4677
2021-05-05,San Diego,073,3302833,278678,277098,14631,291729,3716
2021-05-05,San Francisco,075,870044,36398,36577,1254,37831,543
2021-05-05,San Joaquin,077,732212,72347,71638,3435,75073,1345
2021-05-05,San Luis Obispo,079,281455,21200,20958,718,21676,256
2021-05-05,San Mateo,081,765935,42013,41755,459,42214,415
2021-05-05,Santa Barbara,083,443738,34267,34139,1122,35261,453
2021-05-05,Santa Clara,085,1922200,117939,118482,740,119222,1992
2021-05-05,Santa Cruz,087,273765,16148,16013,802,16815,207
2021-05-05,Shasta,089,179085,11973,11939,1497,13436,200
2021-05-05,Sierra,091,2930,56,54,12,66,0
2021-05-05,Siskiyou,093,43540,1814,1706,317,2023,11
2021-05-05,Solano,095,438530,32374,32250,521,32771,249
2021-05-05,Sonoma,097,501317,29732,29879,323,30202,318
2021-05-05,Stanislaus,099,539301,55539,55231,5818,61049,807
2021-05-05,Sutter,101,95872,9351,9387,81,9468,111
2021-05-05,Tehama,103,63373,4992,4968,556,5524,53
2021-05-05,Trinity,105,12862,482,326,85,411,3
2021-05-05,Tulare,107,460477,49895,48875,8820,57695,835
2021-05-05,Tuolumne,109,53932,3991,4040,40,4080,63
2021-05-05,Ventura,111,848112,81003,80372,2937,83309,1005
2021-05-05,Yolo,113,214977,13878,13846,289,14135,209
2021-05-05,Yuba,115,75493,5936,5895,121,6016,44
2021-05-04,Alameda,001,1643700,87102,86894,1901,88795,1277
2021-05-04,Alpine,003,1148,87,88,0,88,0
2021-05-04,Amador,005,37829,3650,3650,33,3683,46
2021-05-04,Butte,007,227075,12272,11883,1770,13653,198
2021-05-04,Calaveras,009,45235,2106,2100,13,2113,52
2021-05-04,Colusa,011,21464,1930,1933,297,2230,14
2021-05-04,Contra Costa,013,1133247,68510,67931,1222,69153,799
2021-05-04,Del Norte,015,27424,1359,1314,12,1326,6
2021-05-04,El Dorado,017,186661,10107,10009,726,10735,110
2021-05-04,Fresno,019,978130,101967,101451,8555,110006,1677
2021-05-04,Glenn,021,27897,2397,2379,540,2919,17
2021-05-04,Humboldt,023,135768,3918,3877,32,3909,36
2021-05-04,Imperial,025,180216,28375,28276,2662,30938,720
2021-05-04,Inyo,027,18085,1402,1399,11,1410,36
2021-05-04,Kern,029,883053,96738,95720,10613,106333,1301
2021-05-04,Kings,031,150075,23060,22822,1066,23888,246
2021-05-04,Lake,033,64148,3476,3454,9,3463,43
2021-05-04,Lassen,035,31185,5176,5142,104,5246,1
2021-05-04,Los Angeles,037,10098052,1202604,1193453,40802,1234255,23957
2021-05-04,Madera,039,155013,16517,16418,917,17335,235
2021-05-04,Marin,041,260295,14000,13935,244,14179,228
2021-05-04,Mariposa,043,17540,422,418,11,429,5
2021-05-04,Mendocino,045,87422,3865,3794,79,3873,46
2021-05-04,Merced,047,269075,30723,30829,1032,31861,444
2021-05-04,Modoc,049,8938,368,360,121,481,3
2021-05-04,Mono,051,14174,1250,1260,17,1277,3
2021-05-04,Monterey,053,433212,42998,42845,1832,44677,380
2021-05-04,Napa,055,140530,9819,9824,36,9860,81
2021-05-04,Nevada,057,99092,4733,4656,186,4842,70
2021-05-04,Orange,059,3164182,254454,253177,11171,264348,4977
2021-05-04,Placer,061,380077,22844,22326,1428,23754,287
2021-05-04,Plumas,063,18699,692,675,10,685,4
2021-05-04,Riverside,065,2383286,292894,287285,13821,301106,4411
2021-05-04,Sacramento,067,1510023,104116,103383,1680,105063,1604
2021-05-04,San Benito,069,59416,6026,6039,113,6152,63
2021-05-04,San Bernardino,071,2135413,292186,290934,8886,299820,4668
2021-05-04,San Diego,073,3302833,278511,276879,14614,291493,3713
2021-05-04,San Francisco,075,870044,36380,36550,1254,37804,541
2021-05-04,San Joaquin,077,732212,72286,71582,3430,75012,1342
2021-05-04,San Luis Obispo,079,281455,21194,20923,716,21639,255
2021-05-04,San Mateo,081,765935,41987,41708,459,42167,415
2021-05-04,Santa Barbara,083,443738,34252,34131,1121,35252,453
2021-05-04,Santa Clara,085,1922200,117876,118431,739,119170,1988
2021-05-04,Santa Cruz,087,273765,16142,16005,802,16807,207
2021-05-04,Shasta,089,179085,11953,11923,1491,13414,198
2021-05-04,Sierra,091,2930,56,54,12,66,0
2021-05-04,Siskiyou,093,43540,1807,1694,315,2009,11
2021-05-04,Solano,095,438530,32333,32220,519,32739,249
2021-05-04,Sonoma,097,501317,29712,29867,322,30189,318
2021-05-04,Stanislaus,099,539301,55483,55165,5815,60980,807
2021-05-04,Sutter,101,95872,9346,9375,81,9456,111
2021-05-04,Tehama,103,63373,4989,4959,555,5514,53
2021-05-04,Trinity,105,12862,482,326,85,411,3
2021-05-04,Tulare,107,460477,49868,48857,8811,57668,835
2021-05-04,Tuolumne,109,53932,3989,4041,40,4081,61
2021-05-04,Ventura,111,848112,80974,80351,2935,83286,1005
2021-05-04,Yolo,113,214977,13865,13820,287,14107,208
2021-05-04,Yuba,115,75493,5930,5891,121,6012,44
2021-05-03,Alameda,001,1643700,87026,86845,1896,88741,1272
2021-05-03,Alpine,003,1148,87,88,0,88,0
2021-05-03,Amador,005,37829,3650,3651,33,3684,46
2021-05-03,Butte,007,227075,12262,11864,1767,13631,198
2021-05-03,Calaveras,009,45235,2104,2099,13,2112,50
2021-05-03,Colusa,011,21464,1929,1931,295,2226,14
2021-05-03,Contra Costa,013,1133247,68451,67895,1218,69113,799
2021-05-03,Del Norte,015,27424,1354,1306,11,1317,6
2021-05-03,El Dorado,017,186661,10089,9984,721,10705,110
2021-05-03,Fresno,019,978130,101911,101405,8544,109949,1678
2021-05-03,Glenn,021,27897,2397,2375,539,2914,17
2021-05-03,Humboldt,023,135768,3903,3865,32,3897,36
2021-05-03,Imperial,025,180216,28353,28280,2659,30939,720
2021-05-03,Inyo,027,18085,1401,1398,11,1409,36
2021-05-03,Kern,029,883053,96701,95693,10602,106295,1299
2021-05-03,Kings,031,150075,23051,22821,1066,23887,246
2021-05-03,Lake,033,64148,3474,3446,9,3455,43
2021-05-03,Lassen,035,31185,5175,5142,104,5246,1
2021-05-03,Los Angeles,037,10098052,1202335,1193261,40776,1234037,23942
2021-05-03,Madera,039,155013,16512,16414,916,17330,235
2021-05-03,Marin,041,260295,13994,13927,244,14171,228
2021-05-03,Mariposa,043,17540,422,418,11,429,5
2021-05-03,Mendocino,045,87422,3858,3792,79,3871,46
2021-05-03,Merced,047,269075,30712,30814,1030,31844,444
2021-05-03,Modoc,049,8938,368,360,121,481,3
2021-05-03,Mono,051,14174,1250,1259,17,1276,3
2021-05-03,Monterey,053,433212,42986,42837,1830,44667,380
2021-05-03,Napa,055,140530,9814,9815,36,9851,81
2021-05-03,Nevada,057,99092,4725,4650,186,4836,70
2021-05-03,Orange,059,3164182,254395,253107,11162,264269,4968
2021-05-03,Placer,061,380077,22813,22289,1422,23711,287
2021-05-03,Plumas,063,18699,691,675,10,685,4
2021-05-03,Riverside,065,2383286,292820,287233,13820,301053,4412
2021-05-03,Sacramento,067,1510023,103963,103303,1670,104973,1602
2021-05-03,San Benito,069,59416,6025,6038,113,6151,63
2021-05-03,San Bernardino,071,2135413,292118,290886,8883,299769,4659
2021-05-03,San Diego,073,3302833,278348,276693,14589,291282,3712
2021-05-03,San Francisco,075,870044,36354,36538,1254,37792,541
2021-05-03,San Joaquin,077,732212,72236,71504,3427,74931,1325
2021-05-03,San Luis Obispo,079,281455,21178,20915,713,21628,254
2021-05-03,San Mateo,081,765935,41964,41689,458,42147,413
2021-05-03,Santa Barbara,083,443738,34240,34119,1121,35240,453
2021-05-03,Santa Clara,085,1922200,117822,118373,738,119111,1988
2021-05-03,Santa Cruz,087,273765,16139,16000,802,16802,207
2021-05-03,Shasta,089,179085,11930,11890,1486,13376,197
2021-05-03,Sierra,091,2930,56,54,12,66,0
2021-05-03,Siskiyou,093,43540,1801,1683,309,1992,11
2021-05-03,Solano,095,438530,32292,32201,518,32719,249
2021-05-03,Sonoma,097,501317,29700,29855,319,30174,318
2021-05-03,Stanislaus,099,539301,55417,55116,5806,60922,774
2021-05-03,Sutter,101,95872,9334,9370,81,9451,111
2021-05-03,Tehama,103,63373,4981,4952,555,5507,53
2021-05-03,Trinity,105,12862,482,326,85,411,3
2021-05-03,Tulare,107,460477,49850,48844,8801,57645,835
2021-05-03,Tuolumne,109,53932,3988,4038,40,4078,61
2021-05-03,Ventura,111,848112,80952,80291,2935,83226,1005
2021-05-03,Yolo,113,214977,13852,13809,285,14094,208
2021-05-03,Yuba,115,75493,5925,5880,121,6001,44
2021-05-02,Alameda,001,1643700,86941,86784,1894,88678,1272
2021-05-02,Alpine,003,1148,87,88,0,88,0
2021-05-02,Amador,005,37829,3650,3650,33,3683,46
2021-05-02,Butte,007,227075,12238,11859,1765,13624,198
2021-05-02,Calaveras,009,45235,2100,2098,13,2111,50
2021-05-02,Colusa,011,21464,1928,1931,294,2225,14
2021-05-02,Contra Costa,013,1133247,68366,67843,1216,69059,800
2021-05-02,Del Norte,015,27424,1347,1305,11,1316,6
2021-05-02,El Dorado,017,186661,10074,9962,720,10682,110
2021-05-02,Fresno,019,978130,101839,101372,8533,109905,1678
2021-05-02,Glenn,021,27897,2396,2374,537,2911,17
2021-05-02,Humboldt,023,135768,3891,3858,31,3889,36
2021-05-02,Imperial,025,180216,28319,28275,2650,30925,721
2021-05-02,Inyo,027,18085,1399,1398,11,1409,36
2021-05-02,Kern,029,883053,96643,95668,10595,106263,1299
2021-05-02,Kings,031,150075,23033,22816,1065,23881,246
2021-05-02,Lake,033,64148,3472,3443,9,3452,43
2021-05-02,Lassen,035,31185,5174,5142,103,5245,1
2021-05-02,Los Angeles,037,10098052,1201983,1193056,40755,1233811,23943
2021-05-02,Madera,039,155013,16506,16410,916,17326,235
2021-05-02,Marin,041,260295,13984,13917,244,14161,228
2021-05-02,Mariposa,043,17540,422,419,11,430,5
2021-05-02,Mendocino,045,87422,3853,3787,79,3866,46
2021-05-02,Merced,047,269075,30692,30793,1026,31819,444
2021-05-02,Modoc,049,8938,367,360,121,481,3
2021-05-02,Mono,051,14174,1249,1259,17,1276,3
2021-05-02,Monterey,053,433212,42972,42837,1829,44666,380
2021-05-02,Napa,055,140530,9810,9805,36,9841,81
2021-05-02,Nevada,057,99092,4709,4635,186,4821,70
2021-05-02,Orange,059,3164182,254321,253025,11148,264173,4968
2021-05-02,Placer,061,380077,22784,22264,1419,23683,287
2021-05-02,Plumas,063,18699,691,675,10,685,4
2021-05-02,Riverside,065,2383286,292720,287197,13810,301007,4412
2021-05-02,Sacramento,067,1510023,103823,103153,1663,104816,1602
2021-05-02,San Benito,069,59416,6020,6037,113,6150,63
2021-05-02,San Bernardino,071,2135413,292019,290859,8881,299740,4655
2021-05-02,San Diego,073,3302833,278152,276521,14562,291083,3712
2021-05-02,San Francisco,075,870044,36328,36522,1254,37776,541
2021-05-02,San Joaquin,077,732212,72172,71447,3421,74868,1325
2021-05-02,San Luis Obispo,079,281455,21157,20910,712,21622,254
2021-05-02,San Mateo,081,765935,41948,41656,457,42113,412
2021-05-02,Santa Barbara,083,443738,34226,34106,1121,35227,453
2021-05-02,Santa Clara,085,1922200,117748,118321,738,119059,1988
2021-05-02,Santa Cruz,087,273765,16134,15995,801,16796,207
2021-05-02,Shasta,089,179085,11914,11885,1478,13363,197
2021-05-02,Sierra,091,2930,56,54,12,66,0
2021-05-02,Siskiyou,093,43540,1790,1661,308,1969,11
2021-05-02,Solano,095,438530,32253,32151,514,32665,249
2021-05-02,Sonoma,097,501317,29678,29842,319,30161,318
2021-05-02,Stanislaus,099,539301,55343,55057,5799,60856,774
2021-05-02,Sutter,101,95872,9328,9363,81,9444,111
2021-05-02,Tehama,103,63373,4976,4950,553,5503,53
2021-05-02,Trinity,105,12862,482,326,85,411,3
2021-05-02,Tulare,107,460477,49832,48834,8793,57627,835
2021-05-02,Tuolumne,109,53932,3985,4038,40,4078,61
2021-05-02,Ventura,111,848112,80914,80284,2934,83218,1005
2021-05-02,Yolo,113,214977,13840,13799,284,14083,208
2021-05-02,Yuba,115,75493,5915,5879,121,6000,44
2021-05-01,Alameda,001,1643700,86898,86704,1891,88595,1270
2021-05-01,Alpine,003,1148,87,88,0,88,0
2021-05-01,Amador,005,37829,3650,3650,33,3683,46
2021-05-01,Butte,007,227075,12224,11845,1760,13605,198
2021-05-01,Calaveras,009,45235,2098,2096,13,2109,50
2021-05-01,Colusa,011,21464,1927,1931,294,2225,14
2021-05-01,Contra Costa,013,1133247,68314,67779,1213,68992,800
2021-05-01,Del Norte,015,27424,1346,1292,11,1303,6
2021-05-01,El Dorado,017,186661,10060,9944,718,10662,110
2021-05-01,Fresno,019,978130,101794,101326,8527,109853,1678
2021-05-01,Glenn,021,27897,2393,2369,536,2905,17
2021-05-01,Humboldt,023,135768,3877,3845,31,3876,36
2021-05-01,Imperial,025,180216,28312,28262,2650,30912,721
2021-05-01,Inyo,027,18085,1399,1397,11,1408,36
2021-05-01,Kern,029,883053,96616,95645,10584,106229,1299
2021-05-01,Kings,031,150075,23030,22797,1064,23861,246
2021-05-01,Lake,033,64148,3470,3441,9,3450,43
2021-05-01,Lassen,035,31185,5172,5142,103,5245,1
2021-05-01,Los Angeles,037,10098052,1201814,1192781,40740,1233521,23946
2021-05-01,Madera,039,155013,16502,16408,916,17324,235
2021-05-01,Marin,041,260295,13977,13902,244,14146,228
2021-05-01,Mariposa,043,17540,422,418,11,429,5
2021-05-01,Mendocino,045,87422,3851,3782,79,3861,46
2021-05-01,Merced,047,269075,30675,30771,1025,31796,444
2021-05-01,Modoc,049,8938,367,361,121,482,3
2021-05-01,Mono,051,14174,1249,1258,17,1275,3
2021-05-01,Monterey,053,433212,42966,42828,1829,44657,379
2021-05-01,Napa,055,140530,9807,9800,36,9836,81
2021-05-01,Nevada,057,99092,4704,4625,186,4811,70
2021-05-01,Orange,059,3164182,254278,252969,11138,264107,4964
2021-05-01,Placer,061,380077,22758,22240,1417,23657,287
2021-05-01,Plumas,063,18699,690,675,10,685,4
2021-05-01,Riverside,065,2383286,292681,287129,13808,300937,4412
2021-05-01,Sacramento,067,1510023,103742,103043,1662,104705,1602
2021-05-01,San Benito,069,59416,6017,6030,113,6143,63
2021-05-01,San Bernardino,071,2135413,291976,290802,8880,299682,4652
2021-05-01,San Diego,073,3302833,278028,276367,14541,290908,3706
2021-05-01,San Francisco,075,870044,36313,36496,1254,37750,541
2021-05-01,San Joaquin,077,732212,72123,71389,3419,74808,1325
2021-05-01,San Luis Obispo,079,281455,21152,20896,712,21608,254
2021-05-01,San Mateo,081,765935,41919,41617,456,42073,411
2021-05-01,Santa Barbara,083,443738,34221,34085,1120,35205,453
2021-05-01,Santa Clara,085,1922200,117696,118265,736,119001,1988
2021-05-01,Santa Cruz,087,273765,16131,15984,801,16785,207
2021-05-01,Shasta,089,179085,11894,11878,1471,13349,197
2021-05-01,Sierra,091,2930,56,53,12,65,0
2021-05-01,Siskiyou,093,43540,1782,1653,307,1960,11
2021-05-01,Solano,095,438530,32223,32124,506,32630,249
2021-05-01,Sonoma,097,501317,29675,29835,319,30154,318
2021-05-01,Stanislaus,099,539301,55308,55005,5793,60798,774
2021-05-01,Sutter,101,95872,9325,9358,81,9439,110
2021-05-01,Tehama,103,63373,4975,4950,552,5502,53
2021-05-01,Trinity,105,12862,482,326,84,410,3
2021-05-01,Tulare,107,460477,49825,48818,8787,57605,835
2021-05-01,Tuolumne,109,53932,3979,4035,40,4075,61
2021-05-01,Ventura,111,848112,80896,80268,2934,83202,1005
2021-05-01,Yolo,113,214977,13833,13784,282,14066,208
2021-05-01,Yuba,115,75493,5913,5875,121,5996,44
2021-04-30,Alameda,001,1643700,86837,86602,1888,88490,1268
2021-04-30,Alpine,003,1148,87,88,0,88,0
2021-04-30,Amador,005,37829,3648,3650,33,3683,46
2021-04-30,Butte,007,227075,12205,11812,1756,13568,197
2021-04-30,Calaveras,009,45235,2097,2087,13,2100,50
2021-04-30,Colusa,011,21464,1927,1931,293,2224,14
2021-04-30,Contra Costa,013,1133247,68266,67684,1210,68894,800
2021-04-30,Del Norte,015,27424,1334,1276,11,1287,6
2021-04-30,El Dorado,017,186661,10046,9906,718,10624,110
2021-04-30,Fresno,019,978130,101748,101263,8523,109786,1670
2021-04-30,Glenn,021,27897,2392,2369,536,2905,17
2021-04-30,Humboldt,023,135768,3864,3834,31,3865,36
2021-04-30,Imperial,025,180216,28303,28244,2647,30891,721
2021-04-30,Inyo,027,18085,1399,1397,11,1408,36
2021-04-30,Kern,029,883053,96599,95605,10580,106185,1298
2021-04-30,Kings,031,150075,23027,22793,1063,23856,246
2021-04-30,Lake,033,64148,3466,3440,9,3449,43
2021-04-30,Lassen,035,31185,5171,5140,103,5243,1
2021-04-30,Los Angeles,037,10098052,1201603,1192393,40727,1233120,23919
2021-04-30,Madera,039,155013,16496,16395,916,17311,235
2021-04-30,Marin,041,260295,13969,13895,242,14137,228
2021-04-30,Mariposa,043,17540,422,417,11,428,5
2021-04-30,Mendocino,045,87422,3847,3777,79,3856,46
2021-04-30,Merced,047,269075,30662,30740,1024,31764,444
2021-04-30,Modoc,049,8938,366,360,121,481,3
2021-04-30,Mono,051,14174,1249,1258,17,1275,3
2021-04-30,Monterey,053,433212,42952,42810,1828,44638,379
2021-04-30,Napa,055,140530,9803,9792,36,9828,81
2021-04-30,Nevada,057,99092,4696,4608,186,4794,70
2021-04-30,Orange,059,3164182,254221,252883,11132,264015,4956
2021-04-30,Placer,061,380077,22739,22190,1413,23603,287
2021-04-30,Plumas,063,18699,690,677,10,687,4
2021-04-30,Riverside,065,2383286,292623,287030,13801,300831,4412
2021-04-30,Sacramento,067,1510023,103641,102864,1658,104522,1596
2021-04-30,San Benito,069,59416,6013,6024,112,6136,63
2021-04-30,San Bernardino,071,2135413,291916,290704,8879,299583,4640
2021-04-30,San Diego,073,3302833,277932,276157,14530,290687,3702
2021-04-30,San Francisco,075,870044,36302,36453,1253,37706,538
2021-04-30,San Joaquin,077,732212,72071,71311,3416,74727,1306
2021-04-30,San Luis Obispo,079,281455,21146,20884,712,21596,255
2021-04-30,San Mateo,081,765935,41905,41583,455,42038,380
2021-04-30,Santa Barbara,083,443738,34208,34061,1120,35181,451
2021-04-30,Santa Clara,085,1922200,117638,118170,732,118902,1988
2021-04-30,Santa Cruz,087,273765,16126,15975,801,16776,207
2021-04-30,Shasta,089,179085,11873,11848,1468,13316,197
2021-04-30,Sierra,091,2930,56,53,12,65,0
2021-04-30,Siskiyou,093,43540,1771,1628,304,1932,11
2021-04-30,Solano,095,438530,32191,32050,503,32553,249
2021-04-30,Sonoma,097,501317,29665,29816,317,30133,318
2021-04-30,Stanislaus,099,539301,55257,54938,5790,60728,774
2021-04-30,Sutter,101,95872,9323,9353,81,9434,110
2021-04-30,Tehama,103,63373,4972,4944,552,5496,53
2021-04-30,Trinity,105,12862,482,326,84,410,3
2021-04-30,Tulare,107,460477,49815,48797,8771,57568,836
2021-04-30,Tuolumne,109,53932,3978,4033,40,4073,61
2021-04-30,Ventura,111,848112,80856,80232,2929,83161,1004
2021-04-30,Yolo,113,214977,13821,13756,282,14038,208
2021-04-30,Yuba,115,75493,5905,5870,121,5991,44
2021-04-29,Alameda,001,1643700,86770,86490,1887,88377,1263
2021-04-29,Alpine,003,1148,87,88,0,88,0
2021-04-29,Amador,005,37829,3648,3649,33,3682,46
2021-04-29,Butte,007,227075,12190,11787,1754,13541,196
2021-04-29,Calaveras,009,45235,2094,2082,13,2095,50
2021-04-29,Colusa,011,21464,1927,1929,293,2222,14
2021-04-29,Contra Costa,013,1133247,68211,67606,1207,68813,795
2021-04-29,Del Norte,015,27424,1330,1271,11,1282,6
2021-04-29,El Dorado,017,186661,10026,9884,715,10599,107
2021-04-29,Fresno,019,978130,101694,101189,8512,109701,1667
2021-04-29,Glenn,021,27897,2389,2369,536,2905,17
2021-04-29,Humboldt,023,135768,3850,3815,31,3846,36
2021-04-29,Imperial,025,180216,28291,28235,2646,30881,720
2021-04-29,Inyo,027,18085,1399,1396,11,1407,36
2021-04-29,Kern,029,883053,96566,95547,10576,106123,1295
2021-04-29,Kings,031,150075,23017,22777,1058,23835,245
2021-04-29,Lake,033,64148,3458,3438,9,3447,43
2021-04-29,Lassen,035,31185,5171,5140,103,5243,1
2021-04-29,Los Angeles,037,10098052,1201324,1192068,40707,1232775,23899
2021-04-29,Madera,039,155013,16491,16383,915,17298,235
2021-04-29,Marin,041,260295,13965,13884,234,14118,228
2021-04-29,Mariposa,043,17540,421,416,11,427,5
2021-04-29,Mendocino,045,87422,3841,3774,79,3853,46
2021-04-29,Merced,047,269075,30643,30706,1023,31729,444
2021-04-29,Modoc,049,8938,366,360,121,481,3
2021-04-29,Mono,051,14174,1246,1259,17,1276,3
2021-04-29,Monterey,053,433212,42935,42797,1827,44624,379
2021-04-29,Napa,055,140530,9789,9789,36,9825,81
2021-04-29,Nevada,057,99092,4685,4590,186,4776,70
2021-04-29,Orange,059,3164182,254151,252823,11117,263940,4934
2021-04-29,Placer,061,380077,22714,22161,1411,23572,286
2021-04-29,Plumas,063,18699,689,676,10,686,4
2021-04-29,Riverside,065,2383286,292555,286947,13798,300745,4409
2021-04-29,Sacramento,067,1510023,103508,102686,1649,104335,1593
2021-04-29,San Benito,069,59416,6012,6023,112,6135,63
2021-04-29,San Bernardino,071,2135413,291844,290606,8874,299480,4609
2021-04-29,San Diego,073,3302833,277781,275961,14513,290474,3700
2021-04-29,San Francisco,075,870044,36277,36412,1253,37665,537
2021-04-29,San Joaquin,077,732212,72005,71225,3411,74636,1301
2021-04-29,San Luis Obispo,079,281455,21135,20876,712,21588,255
2021-04-29,San Mateo,081,765935,41877,41538,454,41992,358
2021-04-29,Santa Barbara,083,443738,34192,34039,1118,35157,448
2021-04-29,Santa Clara,085,1922200,117583,118082,729,118811,1984
2021-04-29,Santa Cruz,087,273765,16120,15961,801,16762,205
2021-04-29,Shasta,089,179085,11842,11836,1460,13296,193
2021-04-29,Sierra,091,2930,56,53,12,65,0
2021-04-29,Siskiyou,093,43540,1762,1615,301,1916,11
2021-04-29,Solano,095,438530,32150,32002,499,32501,248
2021-04-29,Sonoma,097,501317,29650,29785,314,30099,318
2021-04-29,Stanislaus,099,539301,55190,54836,5785,60621,774
2021-04-29,Sutter,101,95872,9316,9346,81,9427,110
2021-04-29,Tehama,103,63373,4964,4939,552,5491,53
2021-04-29,Trinity,105,12862,482,326,84,410,3
2021-04-29,Tulare,107,460477,49797,48785,8760,57545,832
2021-04-29,Tuolumne,109,53932,3977,4030,40,4070,58
2021-04-29,Ventura,111,848112,80822,80188,2927,83115,1002
2021-04-29,Yolo,113,214977,13801,13745,281,14026,205
2021-04-29,Yuba,115,75493,5895,5865,121,5986,44
2021-04-28,Alameda,001,1643700,86698,86390,1883,88273,1260
2021-04-28,Alpine,003,1148,87,88,0,88,0
2021-04-28,Amador,005,37829,3648,3646,33,3679,46
2021-04-28,Butte,007,227075,12170,11762,1749,13511,196
2021-04-28,Calaveras,009,45235,2090,2078,12,2090,50
2021-04-28,Colusa,011,21464,1924,1927,292,2219,14
2021-04-28,Contra Costa,013,1133247,68151,67539,1205,68744,795
2021-04-28,Del Norte,015,27424,1322,1267,11,1278,6
2021-04-28,El Dorado,017,186661,10001,9873,715,10588,107
2021-04-28,Fresno,019,978130,101647,101161,8502,109663,1666
2021-04-28,Glenn,021,27897,2386,2368,536,2904,17
2021-04-28,Humboldt,023,135768,3834,3796,31,3827,36
2021-04-28,Imperial,025,180216,28277,28177,2645,30822,720
2021-04-28,Inyo,027,18085,1399,1396,10,1406,36
2021-04-28,Kern,029,883053,96537,95494,10567,106061,1295
2021-04-28,Kings,031,150075,23005,22767,1056,23823,245
2021-04-28,Lake,033,64148,3455,3433,9,3442,43
2021-04-28,Lassen,035,31185,5171,5138,103,5241,1
2021-04-28,Los Angeles,037,10098052,1201025,1191729,40680,1232409,23858
2021-04-28,Madera,039,155013,16487,16372,915,17287,235
2021-04-28,Marin,041,260295,13954,13866,234,14100,227
2021-04-28,Mariposa,043,17540,418,415,11,426,5
2021-04-28,Mendocino,045,87422,3835,3770,77,3847,46
2021-04-28,Merced,047,269075,30625,30649,1023,31672,443
2021-04-28,Modoc,049,8938,366,360,121,481,3
2021-04-28,Mono,051,14174,1246,1258,17,1275,3
2021-04-28,Monterey,053,433212,42930,42776,1827,44603,379
2021-04-28,Napa,055,140530,9778,9777,36,9813,81
2021-04-28,Nevada,057,99092,4665,4570,186,4756,70
2021-04-28,Orange,059,3164182,254071,252747,11104,263851,4931
2021-04-28,Placer,061,380077,22687,22115,1410,23525,285
2021-04-28,Plumas,063,18699,689,676,10,686,4
2021-04-28,Riverside,065,2383286,292499,286868,13792,300660,4407
2021-04-28,Sacramento,067,1510023,103386,102613,1645,104258,1591
2021-04-28,San Benito,069,59416,6010,6021,112,6133,63
2021-04-28,San Bernardino,071,2135413,291765,290548,8864,299412,4582
2021-04-28,San Diego,073,3302833,277627,275821,14499,290320,3698
2021-04-28,San Francisco,075,870044,36247,36382,1252,37634,534
2021-04-28,San Joaquin,077,732212,71925,71171,3403,74574,1301
2021-04-28,San Luis Obispo,079,281455,21127,20851,712,21563,255
2021-04-28,San Mateo,081,765935,41852,41498,452,41950,358
2021-04-28,Santa Barbara,083,443738,34178,34003,1118,35121,448
2021-04-28,Santa Clara,085,1922200,117514,117997,727,118724,1969
2021-04-28,Santa Cruz,087,273765,16116,15943,800,16743,205
2021-04-28,Shasta,089,179085,11826,11815,1453,13268,192
2021-04-28,Sierra,091,2930,56,51,12,63,0
2021-04-28,Siskiyou,093,43540,1749,1603,298,1901,11
2021-04-28,Solano,095,438530,32118,31982,494,32476,248
2021-04-28,Sonoma,097,501317,29636,29773,310,30083,318
2021-04-28,Stanislaus,099,539301,55135,54745,5782,60527,774
2021-04-28,Sutter,101,95872,9311,9343,81,9424,110
2021-04-28,Tehama,103,63373,4959,4930,551,5481,53
2021-04-28,Trinity,105,12862,482,326,84,410,3
2021-04-28,Tulare,107,460477,49779,48754,8745,57499,832
2021-04-28,Tuolumne,109,53932,3974,4029,40,4069,58
2021-04-28,Ventura,111,848112,80787,80172,2925,83097,1000
2021-04-28,Yolo,113,214977,13787,13721,280,14001,205
2021-04-28,Yuba,115,75493,5889,5857,121,5978,44
2021-04-27,Alameda,001,1643700,86608,86301,1877,88178,1260
2021-04-27,Alpine,003,1148,87,88,0,88,0
2021-04-27,Amador,005,37829,3648,3645,33,3678,46
2021-04-27,Butte,007,227075,12145,11738,1743,13481,196
2021-04-27,Calaveras,009,45235,2088,2076,12,2088,50
2021-04-27,Colusa,011,21464,1923,1926,292,2218,14
2021-04-27,Contra Costa,013,1133247,68082,67470,1201,68671,791
2021-04-27,Del Norte,015,27424,1310,1266,11,1277,6
2021-04-27,El Dorado,017,186661,9972,9866,712,10578,106
2021-04-27,Fresno,019,978130,101582,101138,8492,109630,1663
2021-04-27,Glenn,021,27897,2386,2368,536,2904,17
2021-04-27,Humboldt,023,135768,3822,3780,31,3811,35
2021-04-27,Imperial,025,180216,28261,28149,2639,30788,720
2021-04-27,Inyo,027,18085,1399,1396,10,1406,36
2021-04-27,Kern,029,883053,96480,95466,10557,106023,1295
2021-04-27,Kings,031,150075,22990,22759,1054,23813,244
2021-04-27,Lake,033,64148,3454,3431,9,3440,43
2021-04-27,Lassen,035,31185,5171,5137,103,5240,1
2021-04-27,Los Angeles,037,10098052,1200701,1191504,40650,1232154,23825
2021-04-27,Madera,039,155013,16480,16365,915,17280,235
2021-04-27,Marin,041,260295,13932,13855,234,14089,227
2021-04-27,Mariposa,043,17540,417,413,11,424,5
2021-04-27,Mendocino,045,87422,3831,3765,77,3842,46
2021-04-27,Merced,047,269075,30584,30620,1023,31643,443
2021-04-27,Modoc,049,8938,365,360,121,481,3
2021-04-27,Mono,051,14174,1246,1257,17,1274,3
2021-04-27,Monterey,053,433212,42912,42752,1824,44576,379
2021-04-27,Napa,055,140530,9771,9774,34,9808,81
2021-04-27,Nevada,057,99092,4650,4557,186,4743,70
2021-04-27,Orange,059,3164182,254001,252667,11099,263766,4925
2021-04-27,Placer,061,380077,22658,22050,1406,23456,285
2021-04-27,Plumas,063,18699,688,675,10,685,4
2021-04-27,Riverside,065,2383286,292423,286820,13788,300608,4405
2021-04-27,Sacramento,067,1510023,103257,102595,1635,104230,1589
2021-04-27,San Benito,069,59416,6005,6016,112,6128,63
2021-04-27,San Bernardino,071,2135413,291696,290461,8859,299320,4575
2021-04-27,San Diego,073,3302833,277470,275685,14479,290164,3692
2021-04-27,San Francisco,075,870044,36219,36358,1251,37609,533
2021-04-27,San Joaquin,077,732212,71872,71104,3397,74501,1301
2021-04-27,San Luis Obispo,079,281455,21120,20841,712,21553,255
2021-04-27,San Mateo,081,765935,41817,41474,451,41925,358
2021-04-27,Santa Barbara,083,443738,34154,33973,1117,35090,448
2021-04-27,Santa Clara,085,1922200,117464,117945,726,118671,1969
2021-04-27,Santa Cruz,087,273765,16109,15905,799,16704,205
2021-04-27,Shasta,089,179085,11798,11802,1446,13248,192
2021-04-27,Sierra,091,2930,56,51,12,63,0
2021-04-27,Siskiyou,093,43540,1734,1597,297,1894,11
2021-04-27,Solano,095,438530,32070,31964,493,32457,248
2021-04-27,Sonoma,097,501317,29618,29761,309,30070,318
2021-04-27,Stanislaus,099,539301,55065,54695,5774,60469,752
2021-04-27,Sutter,101,95872,9306,9342,81,9423,110
2021-04-27,Tehama,103,63373,4956,4922,547,5469,53
2021-04-27,Trinity,105,12862,482,326,84,410,3
2021-04-27,Tulare,107,460477,49763,48744,8736,57480,832
2021-04-27,Tuolumne,109,53932,3971,4028,40,4068,58
2021-04-27,Ventura,111,848112,80758,80152,2923,83075,1000
2021-04-27,Yolo,113,214977,13774,13697,278,13975,205
2021-04-27,Yuba,115,75493,5889,5853,121,5974,44
2021-04-26,Alameda,001,1643700,86514,86230,1874,88104,1256
2021-04-26,Alpine,003,1148,87,88,0,88,0
2021-04-26,Amador,005,37829,3647,3645,33,3678,46
2021-04-26,Butte,007,227075,12121,11720,1739,13459,196
2021-04-26,Calaveras,009,45235,2082,2074,12,2086,50
2021-04-26,Colusa,011,21464,1923,1925,291,2216,14
2021-04-26,Contra Costa,013,1133247,68015,67392,1197,68589,789
2021-04-26,Del Norte,015,27424,1301,1263,11,1274,6
2021-04-26,El Dorado,017,186661,9951,9849,711,10560,106
2021-04-26,Fresno,019,978130,101527,101099,8479,109578,1662
2021-04-26,Glenn,021,27897,2384,2367,536,2903,17
2021-04-26,Humboldt,023,135768,3812,3764,30,3794,35
2021-04-26,Imperial,025,180216,28248,28148,2636,30784,720
2021-04-26,Inyo,027,18085,1398,1396,10,1406,36
2021-04-26,Kern,029,883053,96453,95429,10551,105980,1295
2021-04-26,Kings,031,150075,22987,22756,1051,23807,244
2021-04-26,Lake,033,64148,3449,3428,9,3437,43
2021-04-26,Lassen,035,31185,5171,5138,103,5241,1
2021-04-26,Los Angeles,037,10098052,1200371,1191253,40631,1231884,23802
2021-04-26,Madera,039,155013,16468,16353,914,17267,231
2021-04-26,Marin,041,260295,13917,13849,234,14083,227
2021-04-26,Mariposa,043,17540,416,410,11,421,5
2021-04-26,Mendocino,045,87422,3829,3757,76,3833,46
2021-04-26,Merced,047,269075,30567,30611,1020,31631,443
2021-04-26,Modoc,049,8938,365,360,121,481,3
2021-04-26,Mono,051,14174,1246,1258,17,1275,3
2021-04-26,Monterey,053,433212,42896,42740,1823,44563,379
2021-04-26,Napa,055,140530,9759,9769,34,9803,79
2021-04-26,Nevada,057,99092,4629,4548,186,4734,70
2021-04-26,Orange,059,3164182,253917,252592,11089,263681,4919
2021-04-26,Placer,061,380077,22630,22032,1401,23433,285
2021-04-26,Plumas,063,18699,688,670,10,680,4
2021-04-26,Riverside,065,2383286,292361,286724,13780,300504,4401
2021-04-26,Sacramento,067,1510023,103085,102459,1623,104082,1587
2021-04-26,San Benito,069,59416,6003,6013,112,6125,63
2021-04-26,San Bernardino,071,2135413,291645,290394,8858,299252,4572
2021-04-26,San Diego,073,3302833,277295,275541,14451,289992,3692
2021-04-26,San Francisco,075,870044,36191,36330,1250,37580,532
2021-04-26,San Joaquin,077,732212,71806,71050,3389,74439,1301
2021-04-26,San Luis Obispo,079,281455,21112,20830,711,21541,255
2021-04-26,San Mateo,081,765935,41787,41457,451,41908,357
2021-04-26,Santa Barbara,083,443738,34123,33948,1117,35065,448
2021-04-26,Santa Clara,085,1922200,117364,117874,723,118597,1968
2021-04-26,Santa Cruz,087,273765,16100,15877,799,16676,205
2021-04-26,Shasta,089,179085,11781,11787,1440,13227,192
2021-04-26,Sierra,091,2930,55,51,12,63,0
2021-04-26,Siskiyou,093,43540,1724,1592,294,1886,11
2021-04-26,Solano,095,438530,32025,31913,491,32404,247
2021-04-26,Sonoma,097,501317,29595,29755,307,30062,318
2021-04-26,Stanislaus,099,539301,54975,54638,5768,60406,744
2021-04-26,Sutter,101,95872,9301,9328,81,9409,110
2021-04-26,Tehama,103,63373,4951,4920,544,5464,53
2021-04-26,Trinity,105,12862,482,326,84,410,3
2021-04-26,Tulare,107,460477,49743,48735,8727,57462,831
2021-04-26,Tuolumne,109,53932,3970,4024,40,4064,58
2021-04-26,Ventura,111,848112,80733,80137,2920,83057,999
2021-04-26,Yolo,113,214977,13754,13684,275,13959,205
2021-04-26,Yuba,115,75493,5887,5851,121,5972,44
2021-04-25,Alameda,001,1643700,86413,86162,1868,88030,1256
2021-04-25,Alpine,003,1148,87,87,0,87,0
2021-04-25,Amador,005,37829,3646,3643,33,3676,46
2021-04-25,Butte,007,227075,12092,11709,1732,13441,196
2021-04-25,Calaveras,009,45235,2077,2072,11,2083,50
2021-04-25,Colusa,011,21464,1922,1924,291,2215,14
2021-04-25,Contra Costa,013,1133247,67922,67316,1196,68512,789
2021-04-25,Del Norte,015,27424,1295,1259,11,1270,6
2021-04-25,El Dorado,017,186661,9934,9837,709,10546,106
2021-04-25,Fresno,019,978130,101468,101061,8467,109528,1662
2021-04-25,Glenn,021,27897,2384,2366,536,2902,17
2021-04-25,Humboldt,023,135768,3798,3751,30,3781,35
2021-04-25,Imperial,025,180216,28222,28136,2633,30769,720
2021-04-25,Inyo,027,18085,1398,1396,10,1406,36
2021-04-25,Kern,029,883053,96387,95398,10539,105937,1295
2021-04-25,Kings,031,150075,22973,22755,1049,23804,244
2021-04-25,Lake,033,64148,3447,3427,9,3436,43
2021-04-25,Lassen,035,31185,5169,5138,103,5241,1
2021-04-25,Los Angeles,037,10098052,1200034,1190970,40611,1231581,23799
2021-04-25,Madera,039,155013,16456,16346,914,17260,231
2021-04-25,Marin,041,260295,13908,13852,234,14086,227
2021-04-25,Mariposa,043,17540,416,410,11,421,5
2021-04-25,Mendocino,045,87422,3822,3757,76,3833,46
2021-04-25,Merced,047,269075,30533,30586,1019,31605,443
2021-04-25,Modoc,049,8938,365,360,121,481,3
2021-04-25,Mono,051,14174,1246,1257,17,1274,3
2021-04-25,Monterey,053,433212,42883,42737,1821,44558,379
2021-04-25,Napa,055,140530,9754,9762,34,9796,79
2021-04-25,Nevada,057,99092,4617,4536,186,4722,70
2021-04-25,Orange,059,3164182,253841,252531,11083,263614,4919
2021-04-25,Placer,061,380077,22584,22011,1393,23404,285
2021-04-25,Plumas,063,18699,687,670,10,680,4
2021-04-25,Riverside,065,2383286,292267,286651,13774,300425,4401
2021-04-25,Sacramento,067,1510023,102917,102319,1613,103932,1587
2021-04-25,San Benito,069,59416,6001,6014,111,6125,63
2021-04-25,San Bernardino,071,2135413,291570,290357,8850,299207,4571
2021-04-25,San Diego,073,3302833,277082,275412,14418,289830,3692
2021-04-25,San Francisco,075,870044,36160,36310,1250,37560,532
2021-04-25,San Joaquin,077,732212,71711,70987,3379,74366,1301
2021-04-25,San Luis Obispo,079,281455,21093,20820,709,21529,255
2021-04-25,San Mateo,081,765935,41752,41465,450,41915,356
2021-04-25,Santa Barbara,083,443738,34097,33931,1117,35048,448
2021-04-25,Santa Clara,085,1922200,117285,117778,721,118499,1968
2021-04-25,Santa Cruz,087,273765,16094,15868,797,16665,205
2021-04-25,Shasta,089,179085,11758,11784,1435,13219,192
2021-04-25,Sierra,091,2930,55,51,12,63,0
2021-04-25,Siskiyou,093,43540,1713,1580,292,1872,11
2021-04-25,Solano,095,438530,31978,31864,483,32347,247
2021-04-25,Sonoma,097,501317,29577,29756,307,30063,318
2021-04-25,Stanislaus,099,539301,54879,54543,5760,60303,744
2021-04-25,Sutter,101,95872,9295,9326,81,9407,110
2021-04-25,Tehama,103,63373,4947,4916,542,5458,53
2021-04-25,Trinity,105,12862,482,326,84,410,3
2021-04-25,Tulare,107,460477,49727,48728,8713,57441,831
2021-04-25,Tuolumne,109,53932,3968,4022,40,4062,58
2021-04-25,Ventura,111,848112,80709,80110,2920,83030,999
2021-04-25,Yolo,113,214977,13729,13667,273,13940,205
2021-04-25,Yuba,115,75493,5884,5849,120,5969,44
2021-04-24,Alameda,001,1643700,86358,86016,1866,87882,1257
2021-04-24,Alpine,003,1148,87,86,0,86,0
2021-04-24,Amador,005,37829,3645,3640,33,3673,46
2021-04-24,Butte,007,227075,12076,11678,1730,13408,196
2021-04-24,Calaveras,009,45235,2073,2067,11,2078,50
2021-04-24,Colusa,011,21464,1921,1921,291,2212,14
2021-04-24,Contra Costa,013,1133247,67851,67222,1194,68416,789
2021-04-24,Del Norte,015,27424,1290,1255,11,1266,6
2021-04-24,El Dorado,017,186661,9923,9814,708,10522,106
2021-04-24,Fresno,019,978130,101437,100991,8461,109452,1662
2021-04-24,Glenn,021,27897,2384,2363,536,2899,17
2021-04-24,Humboldt,023,135768,3784,3722,30,3752,35
2021-04-24,Imperial,025,180216,28215,28124,2632,30756,720
2021-04-24,Inyo,027,18085,1397,1396,10,1406,36
2021-04-24,Kern,029,883053,96368,95365,10529,105894,1295
2021-04-24,Kings,031,150075,22970,22749,1049,23798,244
2021-04-24,Lake,033,64148,3446,3426,9,3435,43
2021-04-24,Lassen,035,31185,5168,5137,103,5240,1
2021-04-24,Los Angeles,037,10098052,1199804,1190603,40595,1231198,23802
2021-04-24,Madera,039,155013,16453,16338,914,17252,231
2021-04-24,Marin,041,260295,13900,13847,234,14081,227
2021-04-24,Mariposa,043,17540,416,409,11,420,5
2021-04-24,Mendocino,045,87422,3820,3754,74,3828,46
2021-04-24,Merced,047,269075,30513,30559,1019,31578,443
2021-04-24,Modoc,049,8938,365,360,121,481,3
2021-04-24,Mono,051,14174,1246,1256,17,1273,3
2021-04-24,Monterey,053,433212,42871,42727,1820,44547,379
2021-04-24,Napa,055,140530,9748,9756,34,9790,79
2021-04-24,Nevada,057,99092,4610,4522,186,4708,70
2021-04-24,Orange,059,3164182,253797,252441,11077,263518,4910
2021-04-24,Placer,061,380077,22571,21983,1392,23375,285
2021-04-24,Plumas,063,18699,686,670,10,680,4
2021-04-24,Riverside,065,2383286,292199,286552,13770,300322,4400
2021-04-24,Sacramento,067,1510023,102834,102179,1606,103785,1587
2021-04-24,San Benito,069,59416,5999,6007,111,6118,63
2021-04-24,San Bernardino,071,2135413,291521,290264,8849,299113,4568
2021-04-24,San Diego,073,3302833,276979,275252,14398,289650,3688
2021-04-24,San Francisco,075,870044,36131,36285,1246,37531,532
2021-04-24,San Joaquin,077,732212,71668,70911,3376,74287,1301
2021-04-24,San Luis Obispo,079,281455,21083,20797,708,21505,255
2021-04-24,San Mateo,081,765935,41739,41424,448,41872,355
2021-04-24,Santa Barbara,083,443738,34082,33911,1116,35027,448
2021-04-24,Santa Clara,085,1922200,117230,117674,719,118393,1968
2021-04-24,Santa Cruz,087,273765,16086,15840,797,16637,205
2021-04-24,Shasta,089,179085,11740,11770,1432,13202,192
2021-04-24,Sierra,091,2930,55,51,12,63,0
2021-04-24,Siskiyou,093,43540,1703,1574,291,1865,11
2021-04-24,Solano,095,438530,31955,31821,480,32301,247
2021-04-24,Sonoma,097,501317,29575,29739,307,30046,318
2021-04-24,Stanislaus,099,539301,54830,54455,5757,60212,744
2021-04-24,Sutter,101,95872,9292,9316,81,9397,110
2021-04-24,Tehama,103,63373,4942,4907,542,5449,53
2021-04-24,Trinity,105,12862,482,326,84,410,3
2021-04-24,Tulare,107,460477,49716,48705,8703,57408,830
2021-04-24,Tuolumne,109,53932,3964,4020,40,4060,58
2021-04-24,Ventura,111,848112,80696,80097,2918,83015,999
2021-04-24,Yolo,113,214977,13718,13653,273,13926,205
2021-04-24,Yuba,115,75493,5882,5837,120,5957,44
2021-04-23,Alameda,001,1643700,86284,85935,1863,87798,1256
2021-04-23,Alpine,003,1148,86,86,0,86,0
2021-04-23,Amador,005,37829,3644,3637,33,3670,46
2021-04-23,Butte,007,227075,12055,11672,1725,13397,196
2021-04-23,Calaveras,009,45235,2070,2064,11,2075,50
2021-04-23,Colusa,011,21464,1920,1921,291,2212,14
2021-04-23,Contra Costa,013,1133247,67797,67164,1192,68356,785
2021-04-23,Del Norte,015,27424,1289,1254,11,1265,6
2021-04-23,El Dorado,017,186661,9905,9788,705,10493,106
2021-04-23,Fresno,019,978130,101396,100928,8455,109383,1662
2021-04-23,Glenn,021,27897,2384,2361,535,2896,17
2021-04-23,Humboldt,023,135768,3774,3698,30,3728,35
2021-04-23,Imperial,025,180216,28200,28108,2631,30739,720
2021-04-23,Inyo,027,18085,1397,1395,10,1405,36
2021-04-23,Kern,029,883053,96343,95330,10523,105853,1295
2021-04-23,Kings,031,150075,22967,22735,1049,23784,244
2021-04-23,Lake,033,64148,3444,3425,9,3434,43
2021-04-23,Lassen,035,31185,5168,5141,103,5244,1
2021-04-23,Los Angeles,037,10098052,1199538,1190264,40570,1230834,23785
2021-04-23,Madera,039,155013,16444,16328,914,17242,231
2021-04-23,Marin,041,260295,13895,13838,234,14072,227
2021-04-23,Mariposa,043,17540,415,405,11,416,5
2021-04-23,Mendocino,045,87422,3818,3745,73,3818,46
2021-04-23,Merced,047,269075,30496,30530,1018,31548,443
2021-04-23,Modoc,049,8938,365,360,121,481,3
2021-04-23,Mono,051,14174,1244,1256,17,1273,3
2021-04-23,Monterey,053,433212,42865,42722,1820,44542,377
2021-04-23,Napa,055,140530,9743,9752,34,9786,79
2021-04-23,Nevada,057,99092,4601,4510,186,4696,70
2021-04-23,Orange,059,3164182,253753,252399,11070,263469,4904
2021-04-23,Placer,061,380077,22548,21959,1391,23350,282
2021-04-23,Plumas,063,18699,685,670,10,680,4
2021-04-23,Riverside,065,2383286,292140,286456,13765,300221,4399
2021-04-23,Sacramento,067,1510023,102747,102041,1603,103644,1586
2021-04-23,San Benito,069,59416,5997,6005,111,6116,63
2021-04-23,San Bernardino,071,2135413,291470,290189,8848,299037,4568
2021-04-23,San Diego,073,3302833,276840,275097,14375,289472,3684
2021-04-23,San Francisco,075,870044,36115,36252,1245,37497,532
2021-04-23,San Joaquin,077,732212,71612,70840,3373,74213,1295
2021-04-23,San Luis Obispo,079,281455,21074,20781,707,21488,255
2021-04-23,San Mateo,081,765935,41713,41386,448,41834,355
2021-04-23,Santa Barbara,083,443738,34072,33895,1114,35009,447
2021-04-23,Santa Clara,085,1922200,117168,117593,718,118311,1965
2021-04-23,Santa Cruz,087,273765,16079,15802,797,16599,205
2021-04-23,Shasta,089,179085,11733,11759,1431,13190,192
2021-04-23,Sierra,091,2930,55,51,12,63,0
2021-04-23,Siskiyou,093,43540,1691,1567,290,1857,11
2021-04-23,Solano,095,438530,31923,31784,476,32260,247
2021-04-23,Sonoma,097,501317,29561,29727,307,30034,318
2021-04-23,Stanislaus,099,539301,54768,54391,5749,60140,744
2021-04-23,Sutter,101,95872,9290,9312,81,9393,110
2021-04-23,Tehama,103,63373,4939,4906,542,5448,53
2021-04-23,Trinity,105,12862,482,326,84,410,3
2021-04-23,Tulare,107,460477,49699,48694,8696,57390,829
2021-04-23,Tuolumne,109,53932,3963,4020,40,4060,58
2021-04-23,Ventura,111,848112,80677,80095,2918,83013,996
2021-04-23,Yolo,113,214977,13707,13647,272,13919,205
2021-04-23,Yuba,115,75493,5879,5828,120,5948,44
2021-04-22,Alameda,001,1643700,86194,85829,1862,87691,1253
2021-04-22,Alpine,003,1148,86,86,0,86,0
2021-04-22,Amador,005,37829,3643,3633,33,3666,46
2021-04-22,Butte,007,227075,12041,11656,1722,13378,196
2021-04-22,Calaveras,009,45235,2068,2059,11,2070,50
2021-04-22,Colusa,011,21464,1918,1920,289,2209,14
2021-04-22,Contra Costa,013,1133247,67725,67029,1188,68217,782
2021-04-22,Del Norte,015,27424,1284,1252,11,1263,6
2021-04-22,El Dorado,017,186661,9893,9773,702,10475,106
2021-04-22,Fresno,019,978130,101351,100864,8444,109308,1657
2021-04-22,Glenn,021,27897,2383,2361,535,2896,17
2021-04-22,Humboldt,023,135768,3765,3680,30,3710,35
2021-04-22,Imperial,025,180216,28179,28096,2628,30724,720
2021-04-22,Inyo,027,18085,1396,1394,10,1404,36
2021-04-22,Kern,029,883053,96300,95292,10507,105799,1299
2021-04-22,Kings,031,150075,22957,22725,1049,23774,243
2021-04-22,Lake,033,64148,3442,3423,9,3432,43
2021-04-22,Lassen,035,31185,5168,5155,103,5258,1
2021-04-22,Los Angeles,037,10098052,1199217,1189878,40549,1230427,23762
2021-04-22,Madera,039,155013,16425,16316,914,17230,231
2021-04-22,Marin,041,260295,13887,13832,234,14066,227
2021-04-22,Mariposa,043,17540,414,403,11,414,5
2021-04-22,Mendocino,045,87422,3812,3729,73,3802,46
2021-04-22,Merced,047,269075,30461,30490,1017,31507,443
2021-04-22,Modoc,049,8938,365,360,121,481,3
2021-04-22,Mono,051,14174,1244,1254,17,1271,3
2021-04-22,Monterey,053,433212,42858,42708,1818,44526,377
2021-04-22,Napa,055,140530,9733,9734,34,9768,79
2021-04-22,Nevada,057,99092,4591,4504,184,4688,70
2021-04-22,Orange,059,3164182,253680,252307,11057,263364,4898
2021-04-22,Placer,061,380077,22517,21916,1387,23303,282
2021-04-22,Plumas,063,18699,684,670,10,680,4
2021-04-22,Riverside,065,2383286,292041,286362,13756,300118,4398
2021-04-22,Sacramento,067,1510023,102598,101870,1594,103464,1585
2021-04-22,San Benito,069,59416,5993,5998,111,6109,63
2021-04-22,San Bernardino,071,2135413,291400,290125,8839,298964,4571
2021-04-22,San Diego,073,3302833,276674,275913,14353,290266,3684
2021-04-22,San Francisco,075,870044,36092,36218,1242,37460,532
2021-04-22,San Joaquin,077,732212,71553,70751,3366,74117,1295
2021-04-22,San Luis Obispo,079,281455,21060,20761,707,21468,255
2021-04-22,San Mateo,081,765935,41687,41345,446,41791,355
2021-04-22,Santa Barbara,083,443738,34049,33870,1113,34983,446
2021-04-22,Santa Clara,085,1922200,117080,117457,714,118171,1954
2021-04-22,Santa Cruz,087,273765,16076,15737,796,16533,205
2021-04-22,Shasta,089,179085,11718,11738,1429,13167,192
2021-04-22,Sierra,091,2930,55,51,12,63,0
2021-04-22,Siskiyou,093,43540,1687,1564,289,1853,11
2021-04-22,Solano,095,438530,31877,31731,473,32204,247
2021-04-22,Sonoma,097,501317,29546,29705,303,30008,318
2021-04-22,Stanislaus,099,539301,54695,54313,5743,60056,744
2021-04-22,Sutter,101,95872,9286,9302,81,9383,110
2021-04-22,Tehama,103,63373,4933,4896,538,5434,53
2021-04-22,Trinity,105,12862,482,326,84,410,3
2021-04-22,Tulare,107,460477,49679,48669,8687,57356,828
2021-04-22,Tuolumne,109,53932,3959,4020,40,4060,58
2021-04-22,Ventura,111,848112,80651,80073,2916,82989,996
2021-04-22,Yolo,113,214977,13686,13616,272,13888,205
2021-04-22,Yuba,115,75493,5869,5825,120,5945,44
2021-04-21,Alameda,001,1643700,86115,85762,1860,87622,1249
2021-04-21,Alpine,003,1148,86,86,0,86,0
2021-04-21,Amador,005,37829,3640,3632,33,3665,46
2021-04-21,Butte,007,227075,12021,11643,1720,13363,196
2021-04-21,Calaveras,009,45235,2060,2057,11,2068,50
2021-04-21,Colusa,011,21464,1916,1920,288,2208,14
2021-04-21,Contra Costa,013,1133247,67659,66981,1187,68168,782
2021-04-21,Del Norte,015,27424,1280,1252,11,1263,6
2021-04-21,El Dorado,017,186661,9876,9760,699,10459,106
2021-04-21,Fresno,019,978130,101295,100838,8438,109276,1654
2021-04-21,Glenn,021,27897,2382,2361,535,2896,17
2021-04-21,Humboldt,023,135768,3746,3642,30,3672,35
2021-04-21,Imperial,025,180216,28167,28052,2627,30679,719
2021-04-21,Inyo,027,18085,1396,1392,10,1402,36
2021-04-21,Kern,029,883053,96254,95257,10497,105754,1297
2021-04-21,Kings,031,150075,22950,22713,1048,23761,243
2021-04-21,Lake,033,64148,3439,3421,9,3430,43
2021-04-21,Lassen,035,31185,5167,5156,103,5259,1
2021-04-21,Los Angeles,037,10098052,1198875,1189530,40530,1230060,23729
2021-04-21,Madera,039,155013,16420,16309,914,17223,231
2021-04-21,Marin,041,260295,13872,13822,234,14056,227
2021-04-21,Mariposa,043,17540,413,402,11,413,5
2021-04-21,Mendocino,045,87422,3810,3729,73,3802,46
2021-04-21,Merced,047,269075,30441,30471,1015,31486,442
2021-04-21,Modoc,049,8938,365,360,121,481,3
2021-04-21,Mono,051,14174,1244,1254,17,1271,3
2021-04-21,Monterey,053,433212,42843,42699,1816,44515,377
2021-04-21,Napa,055,140530,9727,9727,34,9761,79
2021-04-21,Nevada,057,99092,4577,4499,184,4683,70
2021-04-21,Orange,059,3164182,253604,252243,11044,263287,4889
2021-04-21,Placer,061,380077,22486,21896,1382,23278,282
2021-04-21,Plumas,063,18699,684,670,10,680,4
2021-04-21,Riverside,065,2383286,291947,286299,13749,300048,4388
2021-04-21,Sacramento,067,1510023,102469,101803,1588,103391,1579
2021-04-21,San Benito,069,59416,5990,5998,111,6109,63
2021-04-21,San Bernardino,071,2135413,291324,290049,8837,298886,4572
2021-04-21,San Diego,073,3302833,276465,275632,14315,289947,3681
2021-04-21,San Francisco,075,870044,36072,36194,1241,37435,529
2021-04-21,San Joaquin,077,732212,71498,70687,3356,74043,1295
2021-04-21,San Luis Obispo,079,281455,21045,20724,706,21430,255
2021-04-21,San Mateo,081,765935,41656,41318,445,41763,355
2021-04-21,Santa Barbara,083,443738,34030,33830,1112,34942,445
2021-04-21,Santa Clara,085,1922200,117002,117318,708,118026,1946
2021-04-21,Santa Cruz,087,273765,16067,15698,796,16494,204
2021-04-21,Shasta,089,179085,11699,11722,1427,13149,192
2021-04-21,Sierra,091,2930,55,51,12,63,0
2021-04-21,Siskiyou,093,43540,1680,1557,289,1846,11
2021-04-21,Solano,095,438530,31838,31712,472,32184,244
2021-04-21,Sonoma,097,501317,29534,29697,301,29998,318
2021-04-21,Stanislaus,099,539301,54634,54290,5737,60027,742
2021-04-21,Sutter,101,95872,9278,9297,81,9378,110
2021-04-21,Tehama,103,63373,4926,4893,537,5430,53
2021-04-21,Trinity,105,12862,482,326,84,410,3
2021-04-21,Tulare,107,460477,49664,48653,8674,57327,828
2021-04-21,Tuolumne,109,53932,3956,4019,40,4059,58
2021-04-21,Ventura,111,848112,80619,80039,2913,82952,996
2021-04-21,Yolo,113,214977,13666,13606,271,13877,200
2021-04-21,Yuba,115,75493,5862,5822,119,5941,44
2021-04-20,Alameda,001,1643700,86020,85652,1858,87510,1248
2021-04-20,Alpine,003,1148,85,85,0,85,0
2021-04-20,Amador,005,37829,3639,3631,33,3664,46
2021-04-20,Butte,007,227075,12002,11619,1718,13337,196
2021-04-20,Calaveras,009,45235,2059,2053,11,2064,50
2021-04-20,Colusa,011,21464,1916,1915,287,2202,14
2021-04-20,Contra Costa,013,1133247,67575,66889,1184,68073,782
2021-04-20,Del Norte,015,27424,1279,1250,11,1261,6
2021-04-20,El Dorado,017,186661,9848,9743,697,10440,106
2021-04-20,Fresno,019,978130,101237,100768,8428,109196,1650
2021-04-20,Glenn,021,27897,2380,2359,534,2893,17
2021-04-20,Humboldt,023,135768,3728,3612,30,3642,35
2021-04-20,Imperial,025,180216,28148,28024,2623,30647,719
2021-04-20,Inyo,027,18085,1396,1393,10,1403,36
2021-04-20,Kern,029,883053,96218,95223,10480,105703,1295
2021-04-20,Kings,031,150075,22944,22693,1045,23738,243
2021-04-20,Lake,033,64148,3437,3418,9,3427,43
2021-04-20,Lassen,035,31185,5167,5155,103,5258,1
2021-04-20,Los Angeles,037,10098052,1198528,1189256,40500,1229756,23694
2021-04-20,Madera,039,155013,16414,16301,914,17215,231
2021-04-20,Marin,041,260295,13858,13807,234,14041,227
2021-04-20,Mariposa,043,17540,412,402,11,413,5
2021-04-20,Mendocino,045,87422,3809,3726,73,3799,46
2021-04-20,Merced,047,269075,30414,30439,1014,31453,441
2021-04-20,Modoc,049,8938,365,359,121,480,3
2021-04-20,Mono,051,14174,1243,1254,17,1271,3
2021-04-20,Monterey,053,433212,42832,42663,1814,44477,363
2021-04-20,Napa,055,140530,9723,9711,34,9745,79
2021-04-20,Nevada,057,99092,4559,4485,184,4669,70
2021-04-20,Orange,059,3164182,253514,252134,11032,263166,4887
2021-04-20,Placer,061,380077,22452,21846,1378,23224,282
2021-04-20,Plumas,063,18699,683,670,10,680,4
2021-04-20,Riverside,065,2383286,291850,286194,13744,299938,4388
2021-04-20,Sacramento,067,1510023,102331,101629,1580,103209,1574
2021-04-20,San Benito,069,59416,5987,5988,111,6099,63
2021-04-20,San Bernardino,071,2135413,291244,289905,8835,298740,4569
2021-04-20,San Diego,073,3302833,276234,275369,14282,289651,3674
2021-04-20,San Francisco,075,870044,36053,36117,1240,37357,529
2021-04-20,San Joaquin,077,732212,71425,70590,3347,73937,1289
2021-04-20,San Luis Obispo,079,281455,21022,20691,698,21389,254
2021-04-20,San Mateo,081,765935,41625,41251,445,41696,355
2021-04-20,Santa Barbara,083,443738,34011,33803,1112,34915,445
2021-04-20,Santa Clara,085,1922200,116904,117228,704,117932,1944
2021-04-20,Santa Cruz,087,273765,16055,15647,796,16443,204
2021-04-20,Shasta,089,179085,11683,11677,1424,13101,189
2021-04-20,Sierra,091,2930,55,51,12,63,0
2021-04-20,Siskiyou,093,43540,1672,1551,288,1839,10
2021-04-20,Solano,095,438530,31783,31673,468,32141,243
2021-04-20,Sonoma,097,501317,29525,29676,299,29975,311
2021-04-20,Stanislaus,099,539301,54569,54236,5724,59960,735
2021-04-20,Sutter,101,95872,9274,9279,81,9360,109
2021-04-20,Tehama,103,63373,4921,4887,536,5423,52
2021-04-20,Trinity,105,12862,482,326,84,410,3
2021-04-20,Tulare,107,460477,49641,48650,8666,57316,831
2021-04-20,Tuolumne,109,53932,3956,4014,40,4054,58
2021-04-20,Ventura,111,848112,80591,80018,2911,82929,995
2021-04-20,Yolo,113,214977,13646,13581,270,13851,200
2021-04-20,Yuba,115,75493,5852,5814,119,5933,44
2021-04-19,Alameda,001,1643700,85902,85583,1854,87437,1247
2021-04-19,Alpine,003,1148,85,85,0,85,0
2021-04-19,Amador,005,37829,3638,3629,33,3662,46
2021-04-19,Butte,007,227075,11984,11601,1713,13314,196
2021-04-19,Calaveras,009,45235,2057,2050,11,2061,50
2021-04-19,Colusa,011,21464,1916,1913,286,2199,14
2021-04-19,Contra Costa,013,1133247,67497,66833,1182,68015,782
2021-04-19,Del Norte,015,27424,1277,1247,11,1258,6
2021-04-19,El Dorado,017,186661,9832,9726,692,10418,106
2021-04-19,Fresno,019,978130,101169,100702,8416,109118,1646
2021-04-19,Glenn,021,27897,2380,2358,533,2891,17
2021-04-19,Humboldt,023,135768,3708,3602,28,3630,35
2021-04-19,Imperial,025,180216,28127,27995,2623,30618,719
2021-04-19,Inyo,027,18085,1396,1392,10,1402,36
2021-04-19,Kern,029,883053,96188,95162,10465,105627,1290
2021-04-19,Kings,031,150075,22929,22688,1045,23733,243
2021-04-19,Lake,033,64148,3436,3416,9,3425,43
2021-04-19,Lassen,035,31185,5166,5156,103,5259,1
2021-04-19,Los Angeles,037,10098052,1198149,1188945,40476,1229421,23666
2021-04-19,Madera,039,155013,16403,16289,913,17202,231
2021-04-19,Marin,041,260295,13847,13804,233,14037,226
2021-04-19,Mariposa,043,17540,411,401,11,412,5
2021-04-19,Mendocino,045,87422,3807,3722,73,3795,46
2021-04-19,Merced,047,269075,30385,30422,1013,31435,441
2021-04-19,Modoc,049,8938,365,359,121,480,3
2021-04-19,Mono,051,14174,1242,1254,17,1271,3
2021-04-19,Monterey,053,433212,42819,42642,1809,44451,356
2021-04-19,Napa,055,140530,9715,9680,34,9714,79
2021-04-19,Nevada,057,99092,4543,4477,184,4661,70
2021-04-19,Orange,059,3164182,253396,252013,11017,263030,4883
2021-04-19,Placer,061,380077,22429,21814,1374,23188,282
2021-04-19,Plumas,063,18699,683,665,10,675,4
2021-04-19,Riverside,065,2383286,291755,286087,13734,299821,4371
2021-04-19,Sacramento,067,1510023,102195,101482,1570,103052,1572
2021-04-19,San Benito,069,59416,5979,5989,111,6100,63
2021-04-19,San Bernardino,071,2135413,291159,289738,8829,298567,4561
2021-04-19,San Diego,073,3302833,275986,275113,14249,289362,3674
2021-04-19,San Francisco,075,870044,36016,36094,1238,37332,529
2021-04-19,San Joaquin,077,732212,71345,70514,3340,73854,1289
2021-04-19,San Luis Obispo,079,281455,20996,20669,692,21361,254
2021-04-19,San Mateo,081,765935,41592,41226,444,41670,355
2021-04-19,Santa Barbara,083,443738,33997,33786,1112,34898,446
2021-04-19,Santa Clara,085,1922200,116793,117099,700,117799,1944
2021-04-19,Santa Cruz,087,273765,16043,15600,796,16396,204
2021-04-19,Shasta,089,179085,11668,11662,1416,13078,189
2021-04-19,Sierra,091,2930,55,51,12,63,0
2021-04-19,Siskiyou,093,43540,1662,1544,288,1832,10
2021-04-19,Solano,095,438530,31744,31643,463,32106,239
2021-04-19,Sonoma,097,501317,29506,29667,299,29966,311
2021-04-19,Stanislaus,099,539301,54493,54179,5720,59899,728
2021-04-19,Sutter,101,95872,9263,9269,81,9350,109
2021-04-19,Tehama,103,63373,4915,4878,536,5414,52
2021-04-19,Trinity,105,12862,482,326,83,409,3
2021-04-19,Tulare,107,460477,49625,48630,8653,57283,831
2021-04-19,Tuolumne,109,53932,3955,4010,40,4050,58
2021-04-19,Ventura,111,848112,80565,80000,2909,82909,996
2021-04-19,Yolo,113,214977,13634,13572,267,13839,200
2021-04-19,Yuba,115,75493,5845,5804,118,5922,44
2021-04-18,Alameda,001,1643700,85788,85481,1846,87327,1247
2021-04-18,Alpine,003,1148,85,85,0,85,0
2021-04-18,Amador,005,37829,3635,3627,33,3660,46
2021-04-18,Butte,007,227075,11966,11591,1708,13299,196
2021-04-18,Calaveras,009,45235,2051,2047,11,2058,50
2021-04-18,Colusa,011,21464,1912,1912,285,2197,14
2021-04-18,Contra Costa,013,1133247,67394,66750,1178,67928,782
2021-04-18,Del Norte,015,27424,1277,1240,11,1251,6
2021-04-18,El Dorado,017,186661,9809,9710,690,10400,106
2021-04-18,Fresno,019,978130,101111,100621,8410,109031,1646
2021-04-18,Glenn,021,27897,2375,2358,533,2891,17
2021-04-18,Humboldt,023,135768,3680,3590,28,3618,35
2021-04-18,Imperial,025,180216,28112,27991,2618,30609,719
2021-04-18,Inyo,027,18085,1395,1392,10,1402,36
2021-04-18,Kern,029,883053,96152,95129,10450,105579,1290
2021-04-18,Kings,031,150075,22920,22685,1045,23730,243
2021-04-18,Lake,033,64148,3435,3413,9,3422,43
2021-04-18,Lassen,035,31185,5163,5156,103,5259,1
2021-04-18,Los Angeles,037,10098052,1197688,1188620,40453,1229073,23648
2021-04-18,Madera,039,155013,16392,16277,912,17189,231
2021-04-18,Marin,041,260295,13840,13801,232,14033,226
2021-04-18,Mariposa,043,17540,410,400,10,410,5
2021-04-18,Mendocino,045,87422,3804,3722,73,3795,46
2021-04-18,Merced,047,269075,30348,30405,1011,31416,441
2021-04-18,Modoc,049,8938,365,359,121,480,3
2021-04-18,Mono,051,14174,1242,1254,17,1271,3
2021-04-18,Monterey,053,433212,42807,42638,1808,44446,356
2021-04-18,Napa,055,140530,9699,9674,34,9708,79
2021-04-18,Nevada,057,99092,4528,4464,184,4648,70
2021-04-18,Orange,059,3164182,253282,251940,11010,262950,4883
2021-04-18,Placer,061,380077,22386,21783,1369,23152,282
2021-04-18,Plumas,063,18699,682,665,10,675,4
2021-04-18,Riverside,065,2383286,291665,286043,13730,299773,4371
2021-04-18,Sacramento,067,1510023,102020,101354,1564,102918,1572
2021-04-18,San Benito,069,59416,5977,5989,111,6100,63
2021-04-18,San Bernardino,071,2135413,291066,289691,8820,298511,4556
2021-04-18,San Diego,073,3302833,275707,274961,14214,289175,3674
2021-04-18,San Francisco,075,870044,35979,36073,1234,37307,525
2021-04-18,San Joaquin,077,732212,71264,70466,3331,73797,1289
2021-04-18,San Luis Obispo,079,281455,20974,20656,686,21342,254
2021-04-18,San Mateo,081,765935,41563,41201,443,41644,352
2021-04-18,Santa Barbara,083,443738,33962,33769,1111,34880,446
2021-04-18,Santa Clara,085,1922200,116626,116996,695,117691,1944
2021-04-18,Santa Cruz,087,273765,16033,15580,795,16375,204
2021-04-18,Shasta,089,179085,11647,11658,1413,13071,189
2021-04-18,Sierra,091,2930,55,51,12,63,0
2021-04-18,Siskiyou,093,43540,1651,1538,287,1825,10
2021-04-18,Solano,095,438530,31694,31606,462,32068,239
2021-04-18,Sonoma,097,501317,29490,29660,297,29957,311
2021-04-18,Stanislaus,099,539301,54411,54132,5713,59845,728
2021-04-18,Sutter,101,95872,9249,9261,81,9342,109
2021-04-18,Tehama,103,63373,4906,4877,535,5412,52
2021-04-18,Trinity,105,12862,482,326,83,409,3
2021-04-18,Tulare,107,460477,49613,48618,8647,57265,829
2021-04-18,Tuolumne,109,53932,3954,4008,39,4047,58
2021-04-18,Ventura,111,848112,80534,79984,2905,82889,996
2021-04-18,Yolo,113,214977,13622,13562,265,13827,200
2021-04-18,Yuba,115,75493,5838,5804,118,5922,44
2021-04-17,Alameda,001,1643700,85713,85367,1844,87211,1247
2021-04-17,Alpine,003,1148,85,85,0,85,0
2021-04-17,Amador,005,37829,3633,3625,33,3658,46
2021-04-17,Butte,007,227075,11946,11573,1704,13277,196
2021-04-17,Calaveras,009,45235,2049,2045,11,2056,50
2021-04-17,Colusa,011,21464,1912,1912,285,2197,14
2021-04-17,Contra Costa,013,1133247,67346,66657,1170,67827,782
2021-04-17,Del Norte,015,27424,1277,1238,11,1249,6
2021-04-17,El Dorado,017,186661,9794,9692,687,10379,106
2021-04-17,Fresno,019,978130,101078,100562,8405,108967,1646
2021-04-17,Glenn,021,27897,2375,2357,533,2890,17
2021-04-17,Humboldt,023,135768,3656,3579,28,3607,35
2021-04-17,Imperial,025,180216,28101,27987,2618,30605,719
2021-04-17,Inyo,027,18085,1392,1392,10,1402,36
2021-04-17,Kern,029,883053,96134,95102,10446,105548,1290
2021-04-17,Kings,031,150075,22915,22678,1044,23722,243
2021-04-17,Lake,033,64148,3434,3409,9,3418,43
2021-04-17,Lassen,035,31185,5163,5154,103,5257,1
2021-04-17,Los Angeles,037,10098052,1197431,1188262,40421,1228683,23653
2021-04-17,Madera,039,155013,16388,16260,911,17171,231
2021-04-17,Marin,041,260295,13836,13797,232,14029,226
2021-04-17,Mariposa,043,17540,409,398,10,408,5
2021-04-17,Mendocino,045,87422,3801,3721,73,3794,46
2021-04-17,Merced,047,269075,30332,30392,1010,31402,441
2021-04-17,Modoc,049,8938,365,357,121,478,3
2021-04-17,Mono,051,14174,1242,1253,17,1270,3
2021-04-17,Monterey,053,433212,42798,42630,1806,44436,356
2021-04-17,Napa,055,140530,9695,9666,34,9700,79
2021-04-17,Nevada,057,99092,4520,4457,184,4641,70
2021-04-17,Orange,059,3164182,253213,251873,10998,262871,4878
2021-04-17,Placer,061,380077,22363,21736,1364,23100,282
2021-04-17,Plumas,063,18699,681,666,10,676,4
2021-04-17,Riverside,065,2383286,291596,285963,13722,299685,4371
2021-04-17,Sacramento,067,1510023,101910,101172,1553,102725,1572
2021-04-17,San Benito,069,59416,5971,5986,111,6097,63
2021-04-17,San Bernardino,071,2135413,291011,289624,8817,298441,4555
2021-04-17,San Diego,073,3302833,275560,274812,14180,288992,3674
2021-04-17,San Francisco,075,870044,35957,36032,1231,37263,523
2021-04-17,San Joaquin,077,732212,71224,70372,3321,73693,1288
2021-04-17,San Luis Obispo,079,281455,20961,20642,683,21325,254
2021-04-17,San Mateo,081,765935,41540,41157,443,41600,352
2021-04-17,Santa Barbara,083,443738,33931,33738,1109,34847,446
2021-04-17,Santa Clara,085,1922200,116534,116887,693,117580,1944
2021-04-17,Santa Cruz,087,273765,16027,15571,795,16366,204
2021-04-17,Shasta,089,179085,11632,11647,1412,13059,189
2021-04-17,Sierra,091,2930,55,51,12,63,0
2021-04-17,Siskiyou,093,43540,1646,1539,284,1823,10
2021-04-17,Solano,095,438530,31663,31541,459,32000,239
2021-04-17,Sonoma,097,501317,29483,29637,297,29934,311
2021-04-17,Stanislaus,099,539301,54374,54058,5708,59766,728
2021-04-17,Sutter,101,95872,9243,9252,81,9333,109
2021-04-17,Tehama,103,63373,4900,4875,534,5409,52
2021-04-17,Trinity,105,12862,482,326,83,409,3
2021-04-17,Tulare,107,460477,49601,48603,8643,57246,829
2021-04-17,Tuolumne,109,53932,3952,4005,39,4044,58
2021-04-17,Ventura,111,848112,80513,79964,2905,82869,996
2021-04-17,Yolo,113,214977,13612,13580,265,13845,200
2021-04-17,Yuba,115,75493,5833,5802,117,5919,44
2021-04-16,Alameda,001,1643700,85634,85243,1842,87085,1245
2021-04-16,Alpine,003,1148,85,85,0,85,0
2021-04-16,Amador,005,37829,3628,3621,33,3654,46
2021-04-16,Butte,007,227075,11934,11549,1702,13251,196
2021-04-16,Calaveras,009,45235,2047,2042,11,2053,50
2021-04-16,Colusa,011,21464,1910,1911,285,2196,14
2021-04-16,Contra Costa,013,1133247,67292,66569,1167,67736,782
2021-04-16,Del Norte,015,27424,1276,1237,11,1248,6
2021-04-16,El Dorado,017,186661,9774,9665,683,10348,106
2021-04-16,Fresno,019,978130,101028,100500,8399,108899,1643
2021-04-16,Glenn,021,27897,2375,2355,533,2888,17
2021-04-16,Humboldt,023,135768,3635,3570,27,3597,35
2021-04-16,Imperial,025,180216,28091,27962,2618,30580,719
2021-04-16,Inyo,027,18085,1392,1392,10,1402,36
2021-04-16,Kern,029,883053,96105,95066,10443,105509,1288
2021-04-16,Kings,031,150075,22911,22667,1043,23710,243
2021-04-16,Lake,033,64148,3428,3406,9,3415,43
2021-04-16,Lassen,035,31185,5162,5155,103,5258,1
2021-04-16,Los Angeles,037,10098052,1197130,1187818,40385,1228203,23627
2021-04-16,Madera,039,155013,16382,16250,910,17160,231
2021-04-16,Marin,041,260295,13833,13788,232,14020,226
2021-04-16,Mariposa,043,17540,408,396,9,405,5
2021-04-16,Mendocino,045,87422,3799,3719,73,3792,46
2021-04-16,Merced,047,269075,30317,30355,1010,31365,438
2021-04-16,Modoc,049,8938,365,355,121,476,3
2021-04-16,Mono,051,14174,1242,1253,17,1270,3
2021-04-16,Monterey,053,433212,42787,42620,1803,44423,351
2021-04-16,Napa,055,140530,9687,9653,34,9687,79
2021-04-16,Nevada,057,99092,4511,4443,184,4627,70
2021-04-16,Orange,059,3164182,253149,251770,10989,262759,4873
2021-04-16,Placer,061,380077,22336,21680,1360,23040,282
2021-04-16,Plumas,063,18699,680,665,10,675,4
2021-04-16,Riverside,065,2383286,291519,285818,13720,299538,4369
2021-04-16,Sacramento,067,1510023,101813,100993,1548,102541,1572
2021-04-16,San Benito,069,59416,5969,5982,111,6093,63
2021-04-16,San Bernardino,071,2135413,290964,289424,8816,298240,4550
2021-04-16,San Diego,073,3302833,275406,274567,14162,288729,3662
2021-04-16,San Francisco,075,870044,35932,35993,1227,37220,517
2021-04-16,San Joaquin,077,732212,71157,70280,3313,73593,1288
2021-04-16,San Luis Obispo,079,281455,20949,20623,682,21305,253
2021-04-16,San Mateo,081,765935,41511,41107,442,41549,352
2021-04-16,Santa Barbara,083,443738,33913,33703,1109,34812,446
2021-04-16,Santa Clara,085,1922200,116434,116693,690,117383,1941
2021-04-16,Santa Cruz,087,273765,16025,15539,795,16334,204
2021-04-16,Shasta,089,179085,11620,11623,1410,13033,189
2021-04-16,Sierra,091,2930,55,51,12,63,0
2021-04-16,Siskiyou,093,43540,1642,1530,282,1812,10
2021-04-16,Solano,095,438530,31624,31470,456,31926,239
2021-04-16,Sonoma,097,501317,29472,29617,297,29914,311
2021-04-16,Stanislaus,099,539301,54326,53983,5706,59689,728
2021-04-16,Sutter,101,95872,9237,9247,81,9328,109
2021-04-16,Tehama,103,63373,4899,4866,534,5400,52
2021-04-16,Trinity,105,12862,482,326,83,409,3
2021-04-16,Tulare,107,460477,49589,48583,8639,57222,830
2021-04-16,Tuolumne,109,53932,3949,4005,39,4044,58
2021-04-16,Ventura,111,848112,80488,79942,2900,82842,994
2021-04-16,Yolo,113,214977,13599,13559,263,13822,198
2021-04-16,Yuba,115,75493,5830,5795,116,5911,44
2021-04-15,Alameda,001,1643700,85527,85089,1840,86929,1246
2021-04-15,Alpine,003,1148,85,85,0,85,0
2021-04-15,Amador,005,37829,3627,3616,33,3649,46
2021-04-15,Butte,007,227075,11919,11529,1698,13227,196
2021-04-15,Calaveras,009,45235,2046,2039,11,2050,50
2021-04-15,Colusa,011,21464,1908,1909,284,2193,14
2021-04-15,Contra Costa,013,1133247,67219,66480,1163,67643,781
2021-04-15,Del Norte,015,27424,1269,1235,11,1246,6
2021-04-15,El Dorado,017,186661,9761,9639,681,10320,106
2021-04-15,Fresno,019,978130,100966,100431,8393,108824,1642
2021-04-15,Glenn,021,27897,2375,2354,533,2887,17
2021-04-15,Humboldt,023,135768,3614,3561,27,3588,35
2021-04-15,Imperial,025,180216,28063,27920,2615,30535,718
2021-04-15,Inyo,027,18085,1392,1393,10,1403,36
2021-04-15,Kern,029,883053,96072,94989,10429,105418,1289
2021-04-15,Kings,031,150075,22897,22648,1043,23691,242
2021-04-15,Lake,033,64148,3427,3399,9,3408,43
2021-04-15,Lassen,035,31185,5161,5152,103,5255,1
2021-04-15,Los Angeles,037,10098052,1196727,1187274,40349,1227623,23598
2021-04-15,Madera,039,155013,16367,16234,910,17144,231
2021-04-15,Marin,041,260295,13829,13783,231,14014,226
2021-04-15,Mariposa,043,17540,406,395,9,404,5
2021-04-15,Mendocino,045,87422,3798,3714,73,3787,46
2021-04-15,Merced,047,269075,30291,30325,1009,31334,437
2021-04-15,Modoc,049,8938,365,355,121,476,3
2021-04-15,Mono,051,14174,1241,1253,17,1270,3
2021-04-15,Monterey,053,433212,42777,42604,1801,44405,347
2021-04-15,Napa,055,140530,9679,9645,34,9679,79
2021-04-15,Nevada,057,99092,4499,4434,183,4617,70
2021-04-15,Orange,059,3164182,253054,251679,10977,262656,4857
2021-04-15,Placer,061,380077,22305,21614,1353,22967,281
2021-04-15,Plumas,063,18699,678,665,10,675,4
2021-04-15,Riverside,065,2383286,291415,285698,13713,299411,4363
2021-04-15,Sacramento,067,1510023,101683,100782,1534,102316,1570
2021-04-15,San Benito,069,59416,5966,5969,110,6079,63
2021-04-15,San Bernardino,071,2135413,290875,289288,8809,298097,4544
2021-04-15,San Diego,073,3302833,275159,274250,14103,288353,3653
2021-04-15,San Francisco,075,870044,35913,35947,1225,37172,510
2021-04-15,San Joaquin,077,732212,71076,70189,3305,73494,1288
2021-04-15,San Luis Obispo,079,281455,20933,20591,679,21270,253
2021-04-15,San Mateo,081,765935,41472,41050,441,41491,352
2021-04-15,Santa Barbara,083,443738,33895,33672,1105,34777,446
2021-04-15,Santa Clara,085,1922200,116328,116602,686,117288,1927
2021-04-15,Santa Cruz,087,273765,16015,15509,795,16304,203
2021-04-15,Shasta,089,179085,11606,11597,1406,13003,191
2021-04-15,Sierra,091,2930,55,51,12,63,0
2021-04-15,Siskiyou,093,43540,1636,1524,281,1805,10
2021-04-15,Solano,095,438530,31586,31394,455,31849,239
2021-04-15,Sonoma,097,501317,29458,29587,297,29884,311
2021-04-15,Stanislaus,099,539301,54272,53918,5697,59615,728
2021-04-15,Sutter,101,95872,9230,9237,81,9318,109
2021-04-15,Tehama,103,63373,4898,4854,533,5387,52
2021-04-15,Trinity,105,12862,482,326,83,409,3
2021-04-15,Tulare,107,460477,49568,48556,8639,57195,829
2021-04-15,Tuolumne,109,53932,3949,4003,39,4042,57
2021-04-15,Ventura,111,848112,80469,79917,2898,82815,989
2021-04-15,Yolo,113,214977,13580,13547,261,13808,198
2021-04-15,Yuba,115,75493,5827,5788,116,5904,44
2021-04-14,Alameda,001,1643700,85430,85009,1839,86848,1247
2021-04-14,Alpine,003,1148,85,85,0,85,0
2021-04-14,Amador,005,37829,3626,3613,33,3646,46
2021-04-14,Butte,007,227075,11906,11513,1697,13210,196
2021-04-14,Calaveras,009,45235,2045,2037,11,2048,50
2021-04-14,Colusa,011,21464,1908,1905,284,2189,14
2021-04-14,Contra Costa,013,1133247,67133,66400,1157,67557,781
2021-04-14,Del Norte,015,27424,1269,1228,11,1239,6
2021-04-14,El Dorado,017,186661,9746,9625,676,10301,106
2021-04-14,Fresno,019,978130,100909,100376,8380,108756,1640
2021-04-14,Glenn,021,27897,2375,2353,533,2886,17
2021-04-14,Humboldt,023,135768,3592,3551,26,3577,35
2021-04-14,Imperial,025,180216,28041,27907,2613,30520,718
2021-04-14,Inyo,027,18085,1392,1392,10,1402,36
2021-04-14,Kern,029,883053,96047,94947,10422,105369,1287
2021-04-14,Kings,031,150075,22888,22641,1041,23682,243
2021-04-14,Lake,033,64148,3422,3396,9,3405,43
2021-04-14,Lassen,035,31185,5160,5151,103,5254,1
2021-04-14,Los Angeles,037,10098052,1196328,1186821,40304,1227125,23579
2021-04-14,Madera,039,155013,16358,16218,910,17128,231
2021-04-14,Marin,041,260295,13827,13768,230,13998,226
2021-04-14,Mariposa,043,17540,405,394,9,403,5
2021-04-14,Mendocino,045,87422,3793,3711,73,3784,46
2021-04-14,Merced,047,269075,30275,30296,1007,31303,436
2021-04-14,Modoc,049,8938,365,355,121,476,3
2021-04-14,Mono,051,14174,1240,1252,17,1269,3
2021-04-14,Monterey,053,433212,42761,42595,1797,44392,347
2021-04-14,Napa,055,140530,9668,9643,34,9677,79
2021-04-14,Nevada,057,99092,4492,4421,183,4604,70
2021-04-14,Orange,059,3164182,252949,251568,10958,262526,4849
2021-04-14,Placer,061,380077,22272,21575,1352,22927,280
2021-04-14,Plumas,063,18699,678,665,10,675,4
2021-04-14,Riverside,065,2383286,291305,285583,13707,299290,4358
2021-04-14,Sacramento,067,1510023,101508,100645,1520,102165,1570
2021-04-14,San Benito,069,59416,5964,5960,110,6070,62
2021-04-14,San Bernardino,071,2135413,290807,289078,8807,297885,4523
2021-04-14,San Diego,073,3302833,274948,273969,14074,288043,3648
2021-04-14,San Francisco,075,870044,35875,35898,1224,37122,510
2021-04-14,San Joaquin,077,732212,71006,70095,3299,73394,1288
2021-04-14,San Luis Obispo,079,281455,20910,20561,669,21230,253
2021-04-14,San Mateo,081,765935,41432,40982,438,41420,352
2021-04-14,Santa Barbara,083,443738,33866,33650,1105,34755,445
2021-04-14,Santa Clara,085,1922200,116211,116488,683,117171,1922
2021-04-14,Santa Cruz,087,273765,16005,15481,795,16276,203
2021-04-14,Shasta,089,179085,11580,11581,1404,12985,190
2021-04-14,Sierra,091,2930,55,51,12,63,0
2021-04-14,Siskiyou,093,43540,1628,1518,280,1798,10
2021-04-14,Solano,095,438530,31533,31357,448,31805,239
2021-04-14,Sonoma,097,501317,29450,29572,295,29867,311
2021-04-14,Stanislaus,099,539301,54201,53836,5688,59524,727
2021-04-14,Sutter,101,95872,9222,9230,81,9311,106
2021-04-14,Tehama,103,63373,4892,4853,532,5385,52
2021-04-14,Trinity,105,12862,482,326,83,409,3
2021-04-14,Tulare,107,460477,49542,48527,8636,57163,827
2021-04-14,Tuolumne,109,53932,3948,3997,39,4036,57
2021-04-14,Ventura,111,848112,80433,79891,2896,82787,986
2021-04-14,Yolo,113,214977,13564,13530,259,13789,198
2021-04-14,Yuba,115,75493,5825,5778,116,5894,44
2021-04-13,Alameda,001,1643700,85324,84921,1836,86757,1239
2021-04-13,Alpine,003,1148,85,85,0,85,0
2021-04-13,Amador,005,37829,3623,3609,33,3642,46
2021-04-13,Butte,007,227075,11888,11497,1694,13191,196
2021-04-13,Calaveras,009,45235,2043,2035,11,2046,50
2021-04-13,Colusa,011,21464,1906,1905,282,2187,14
2021-04-13,Contra Costa,013,1133247,67045,66304,1157,67461,778
2021-04-13,Del Norte,015,27424,1264,1221,11,1232,6
2021-04-13,El Dorado,017,186661,9720,9609,673,10282,106
2021-04-13,Fresno,019,978130,100828,100357,8374,108731,1636
2021-04-13,Glenn,021,27897,2374,2351,533,2884,17
2021-04-13,Humboldt,023,135768,3575,3540,26,3566,35
2021-04-13,Imperial,025,180216,28022,27887,2605,30492,718
2021-04-13,Inyo,027,18085,1392,1391,10,1401,36
2021-04-13,Kern,029,883053,96003,94908,10410,105318,1285
2021-04-13,Kings,031,150075,22872,22636,1040,23676,243
2021-04-13,Lake,033,64148,3419,3390,9,3399,43
2021-04-13,Lassen,035,31185,5159,5147,103,5250,1
2021-04-13,Los Angeles,037,10098052,1195871,1186482,40263,1226745,23526
2021-04-13,Madera,039,155013,16348,16207,908,17115,231
2021-04-13,Marin,041,260295,13819,13760,229,13989,224
2021-04-13,Mariposa,043,17540,404,394,6,400,5
2021-04-13,Mendocino,045,87422,3787,3702,73,3775,46
2021-04-13,Merced,047,269075,30245,30276,1004,31280,435
2021-04-13,Modoc,049,8938,365,355,121,476,3
2021-04-13,Mono,051,14174,1240,1251,17,1268,3
2021-04-13,Monterey,053,433212,42750,42577,1797,44374,347
2021-04-13,Napa,055,140530,9658,9627,34,9661,79
2021-04-13,Nevada,057,99092,4480,4415,183,4598,69
2021-04-13,Orange,059,3164182,252854,251491,10940,262431,4836
2021-04-13,Placer,061,380077,22235,21534,1349,22883,280
2021-04-13,Plumas,063,18699,677,665,10,675,4
2021-04-13,Riverside,065,2383286,291186,285505,13701,299206,4348
2021-04-13,Sacramento,067,1510023,101333,100551,1515,102066,1569
2021-04-13,San Benito,069,59416,5961,5946,110,6056,62
2021-04-13,San Bernardino,071,2135413,290691,288929,8801,297730,4521
2021-04-13,San Diego,073,3302833,274694,273709,14039,287748,3623
2021-04-13,San Francisco,075,870044,35839,35869,1220,37089,506
2021-04-13,San Joaquin,077,732212,70898,70034,3291,73325,1288
2021-04-13,San Luis Obispo,079,281455,20883,20536,659,21195,253
2021-04-13,San Mateo,081,765935,41387,40955,438,41393,353
2021-04-13,Santa Barbara,083,443738,33843,33613,1102,34715,444
2021-04-13,Santa Clara,085,1922200,116082,116363,682,117045,1923
2021-04-13,Santa Cruz,087,273765,15998,15449,795,16244,203
2021-04-13,Shasta,089,179085,11560,11536,1401,12937,189
2021-04-13,Sierra,091,2930,55,51,12,63,0
2021-04-13,Siskiyou,093,43540,1620,1511,276,1787,10
2021-04-13,Solano,095,438530,31484,31335,444,31779,239
2021-04-13,Sonoma,097,501317,29442,29544,294,29838,311
2021-04-13,Stanislaus,099,539301,54129,53797,5679,59476,722
2021-04-13,Sutter,101,95872,9218,9226,81,9307,106
2021-04-13,Tehama,103,63373,4885,4850,529,5379,52
2021-04-13,Trinity,105,12862,482,326,83,409,3
2021-04-13,Tulare,107,460477,49529,48511,8633,57144,825
2021-04-13,Tuolumne,109,53932,3946,3995,39,4034,57
2021-04-13,Ventura,111,848112,80401,79854,2894,82748,986
2021-04-13,Yolo,113,214977,13552,13516,258,13774,198
2021-04-13,Yuba,115,75493,5816,5776,116,5892,44
2021-04-12,Alameda,001,1643700,85222,84817,1835,86652,1238
2021-04-12,Alpine,003,1148,85,85,0,85,0
2021-04-12,Amador,005,37829,3622,3607,33,3640,46
2021-04-12,Butte,007,227075,11873,11488,1690,13178,193
2021-04-12,Calaveras,009,45235,2039,2033,11,2044,50
2021-04-12,Colusa,011,21464,1904,1904,280,2184,14
2021-04-12,Contra Costa,013,1133247,66965,66176,1157,67333,777
2021-04-12,Del Norte,015,27424,1261,1216,11,1227,6
2021-04-12,El Dorado,017,186661,9703,9588,671,10259,106
2021-04-12,Fresno,019,978130,100767,100277,8351,108628,1633
2021-04-12,Glenn,021,27897,2373,2349,533,2882,17
2021-04-12,Humboldt,023,135768,3561,3533,25,3558,35
2021-04-12,Imperial,025,180216,27992,27851,2601,30452,717
2021-04-12,Inyo,027,18085,1392,1390,10,1400,36
2021-04-12,Kern,029,883053,95966,94861,10399,105260,1283
2021-04-12,Kings,031,150075,22864,22621,1039,23660,241
2021-04-12,Lake,033,64148,3415,3380,9,3389,43
2021-04-12,Lassen,035,31185,5158,5147,103,5250,1
2021-04-12,Los Angeles,037,10098052,1195365,1186145,40226,1226371,23505
2021-04-12,Madera,039,155013,16336,16174,906,17080,231
2021-04-12,Marin,041,260295,13806,13751,227,13978,224
2021-04-12,Mariposa,043,17540,403,394,6,400,5
2021-04-12,Mendocino,045,87422,3786,3699,73,3772,46
2021-04-12,Merced,047,269075,30214,30261,1001,31262,435
2021-04-12,Modoc,049,8938,363,352,121,473,3
2021-04-12,Mono,051,14174,1240,1251,17,1268,3
2021-04-12,Monterey,053,433212,42736,42555,1795,44350,346
2021-04-12,Napa,055,140530,9644,9603,34,9637,80
2021-04-12,Nevada,057,99092,4469,4408,183,4591,69
2021-04-12,Orange,059,3164182,252768,251350,10919,262269,4826
2021-04-12,Placer,061,380077,22184,21475,1346,22821,278
2021-04-12,Plumas,063,18699,675,666,10,676,4
2021-04-12,Riverside,065,2383286,291075,285361,13695,299056,4336
2021-04-12,Sacramento,067,1510023,101159,100394,1510,101904,1566
2021-04-12,San Benito,069,59416,5953,5942,109,6051,62
2021-04-12,San Bernardino,071,2135413,290584,288736,8789,297525,4493
2021-04-12,San Diego,073,3302833,274433,273431,14010,287441,3621
2021-04-12,San Francisco,075,870044,35805,35841,1219,37060,506
2021-04-12,San Joaquin,077,732212,70826,69968,3284,73252,1288
2021-04-12,San Luis Obispo,079,281455,20838,20515,646,21161,253
2021-04-12,San Mateo,081,765935,41345,40920,434,41354,353
2021-04-12,Santa Barbara,083,443738,33811,33606,1102,34708,444
2021-04-12,Santa Clara,085,1922200,115954,116252,680,116932,1923
2021-04-12,Santa Cruz,087,273765,15978,15406,795,16201,203
2021-04-12,Shasta,089,179085,11543,11509,1397,12906,189
2021-04-12,Sierra,091,2930,55,51,12,63,0
2021-04-12,Siskiyou,093,43540,1609,1511,273,1784,7
2021-04-12,Solano,095,438530,31442,31305,441,31746,238
2021-04-12,Sonoma,097,501317,29414,29500,294,29794,310
2021-04-12,Stanislaus,099,539301,54063,53722,5672,59394,707
2021-04-12,Sutter,101,95872,9207,9221,81,9302,106
2021-04-12,Tehama,103,63373,4876,4834,525,5359,52
2021-04-12,Trinity,105,12862,482,324,83,407,3
2021-04-12,Tulare,107,460477,49509,48495,8623,57118,824
2021-04-12,Tuolumne,109,53932,3942,3993,39,4032,57
2021-04-12,Ventura,111,848112,80368,79818,2892,82710,985
2021-04-12,Yolo,113,214977,13538,13510,257,13767,198
2021-04-12,Yuba,115,75493,5810,5773,116,5889,43
2021-04-11,Alameda,001,1643700,85085,84756,1830,86586,1238
2021-04-11,Alpine,003,1148,85,85,0,85,0
2021-04-11,Amador,005,37829,3620,3605,33,3638,46
2021-04-11,Butte,007,227075,11839,11487,1686,13173,193
2021-04-11,Calaveras,009,45235,2035,2036,11,2047,50
2021-04-11,Colusa,011,21464,1903,1904,279,2183,14
2021-04-11,Contra Costa,013,1133247,66856,66107,1155,67262,777
2021-04-11,Del Norte,015,27424,1255,1214,11,1225,6
2021-04-11,El Dorado,017,186661,9689,9575,668,10243,106
2021-04-11,Fresno,019,978130,100699,100230,8341,108571,1633
2021-04-11,Glenn,021,27897,2368,2348,533,2881,17
2021-04-11,Humboldt,023,135768,3551,3523,25,3548,35
2021-04-11,Imperial,025,180216,27968,27841,2599,30440,717
2021-04-11,Inyo,027,18085,1392,1390,10,1400,36
2021-04-11,Kern,029,883053,95905,94830,10391,105221,1283
2021-04-11,Kings,031,150075,22855,22618,1036,23654,241
2021-04-11,Lake,033,64148,3411,3377,9,3386,43
2021-04-11,Lassen,035,31185,5154,5147,103,5250,1
2021-04-11,Los Angeles,037,10098052,1194853,1185757,40184,1225941,23503
2021-04-11,Madera,039,155013,16317,16166,905,17071,231
2021-04-11,Marin,041,260295,13799,13741,226,13967,226
2021-04-11,Mariposa,043,17540,403,394,6,400,5
2021-04-11,Mendocino,045,87422,3784,3696,73,3769,46
2021-04-11,Merced,047,269075,30176,30249,1000,31249,435
2021-04-11,Modoc,049,8938,362,352,119,471,3
2021-04-11,Mono,051,14174,1239,1250,17,1267,3
2021-04-11,Monterey,053,433212,42730,42547,1788,44335,346
2021-04-11,Napa,055,140530,9633,9592,34,9626,80
2021-04-11,Nevada,057,99092,4455,4394,183,4577,69
2021-04-11,Orange,059,3164182,252641,251233,10908,262141,4826
2021-04-11,Placer,061,380077,22127,21458,1341,22799,278
2021-04-11,Plumas,063,18699,675,666,10,676,4
2021-04-11,Riverside,065,2383286,290941,285269,13685,298954,4336
2021-04-11,Sacramento,067,1510023,100989,100296,1498,101794,1566
2021-04-11,San Benito,069,59416,5945,5941,108,6049,62
2021-04-11,San Bernardino,071,2135413,290477,288686,8783,297469,4492
2021-04-11,San Diego,073,3302833,274135,273287,13951,287238,3621
2021-04-11,San Francisco,075,870044,35769,35815,1216,37031,498
2021-04-11,San Joaquin,077,732212,70740,69939,3273,73212,1288
2021-04-11,San Luis Obispo,079,281455,20812,20501,643,21144,253
2021-04-11,San Mateo,081,765935,41287,40901,433,41334,353
2021-04-11,Santa Barbara,083,443738,33776,33591,1101,34692,444
2021-04-11,Santa Clara,085,1922200,115818,116161,677,116838,1923
2021-04-11,Santa Cruz,087,273765,15966,15382,795,16177,203
2021-04-11,Shasta,089,179085,11499,11504,1396,12900,189
2021-04-11,Sierra,091,2930,55,51,12,63,0
2021-04-11,Siskiyou,093,43540,1602,1509,270,1779,7
2021-04-11,Solano,095,438530,31389,31268,437,31705,238
2021-04-11,Sonoma,097,501317,29388,29496,290,29786,310
2021-04-11,Stanislaus,099,539301,53980,53683,5663,59346,707
2021-04-11,Sutter,101,95872,9198,9222,81,9303,106
2021-04-11,Tehama,103,63373,4873,4832,524,5356,52
2021-04-11,Trinity,105,12862,482,324,83,407,3
2021-04-11,Tulare,107,460477,49495,48479,8616,57095,824
2021-04-11,Tuolumne,109,53932,3940,3993,39,4032,57
2021-04-11,Ventura,111,848112,80320,79800,2887,82687,985
2021-04-11,Yolo,113,214977,13518,13496,255,13751,198
2021-04-11,Yuba,115,75493,5800,5768,116,5884,43
2021-04-10,Alameda,001,1643700,85021,84626,1830,86456,1238
2021-04-10,Alpine,003,1148,85,85,0,85,0
2021-04-10,Amador,005,37829,3618,3603,33,3636,46
2021-04-10,Butte,007,227075,11828,11482,1685,13167,193
2021-04-10,Calaveras,009,45235,2033,2032,11,2043,50
2021-04-10,Colusa,011,21464,1903,1902,279,2181,14
2021-04-10,Contra Costa,013,1133247,66795,66001,1152,67153,778
2021-04-10,Del Norte,015,27424,1252,1212,11,1223,6
2021-04-10,El Dorado,017,186661,9677,9549,665,10214,106
2021-04-10,Fresno,019,978130,100666,100135,8334,108469,1633
2021-04-10,Glenn,021,27897,2368,2343,533,2876,17
2021-04-10,Humboldt,023,135768,3541,3508,25,3533,35
2021-04-10,Imperial,025,180216,27954,27816,2599,30415,717
2021-04-10,Inyo,027,18085,1392,1387,10,1397,36
2021-04-10,Kern,029,883053,95891,94802,10385,105187,1284
2021-04-10,Kings,031,150075,22851,22614,1034,23648,241
2021-04-10,Lake,033,64148,3406,3368,9,3377,43
2021-04-10,Lassen,035,31185,5154,5146,102,5248,1
2021-04-10,Los Angeles,037,10098052,1194578,1185246,40167,1225413,23493
2021-04-10,Madera,039,155013,16309,16143,904,17047,231
2021-04-10,Marin,041,260295,13794,13731,226,13957,226
2021-04-10,Mariposa,043,17540,400,393,6,399,5
2021-04-10,Mendocino,045,87422,3782,3696,73,3769,46
2021-04-10,Merced,047,269075,30156,30225,999,31224,435
2021-04-10,Modoc,049,8938,362,352,119,471,3
2021-04-10,Mono,051,14174,1239,1249,17,1266,3
2021-04-10,Monterey,053,433212,42719,42527,1787,44314,346
2021-04-10,Napa,055,140530,9626,9569,34,9603,79
2021-04-10,Nevada,057,99092,4448,4379,183,4562,69
2021-04-10,Orange,059,3164182,252548,251139,10901,262040,4818
2021-04-10,Placer,061,380077,22096,21402,1335,22737,278
2021-04-10,Plumas,063,18699,675,666,10,676,4
2021-04-10,Riverside,065,2383286,290861,285082,13677,298759,4336
2021-04-10,Sacramento,067,1510023,100886,100048,1496,101544,1566
2021-04-10,San Benito,069,59416,5934,5932,107,6039,62
2021-04-10,San Bernardino,071,2135413,290413,288590,8776,297366,4489
2021-04-10,San Diego,073,3302833,273919,273058,13931,286989,3613
2021-04-10,San Francisco,075,870044,35739,35774,1213,36987,498
2021-04-10,San Joaquin,077,732212,70705,69852,3263,73115,1288
2021-04-10,San Luis Obispo,079,281455,20796,20461,642,21103,253
2021-04-10,San Mateo,081,765935,41254,40878,433,41311,350
2021-04-10,Santa Barbara,083,443738,33748,33541,1099,34640,444
2021-04-10,Santa Clara,085,1922200,115722,116015,676,116691,1923
2021-04-10,Santa Cruz,087,273765,15960,15360,795,16155,203
2021-04-10,Shasta,089,179085,11490,11492,1393,12885,189
2021-04-10,Sierra,091,2930,55,51,12,63,0
2021-04-10,Siskiyou,093,43540,1599,1512,270,1782,7
2021-04-10,Solano,095,438530,31355,31218,433,31651,238
2021-04-10,Sonoma,097,501317,29373,29469,290,29759,310
2021-04-10,Stanislaus,099,539301,53945,53596,5657,59253,707
2021-04-10,Sutter,101,95872,9196,9214,81,9295,106
2021-04-10,Tehama,103,63373,4871,4820,522,5342,52
2021-04-10,Trinity,105,12862,482,324,83,407,3
2021-04-10,Tulare,107,460477,49486,48470,8610,57080,824
2021-04-10,Tuolumne,109,53932,3937,3991,39,4030,57
2021-04-10,Ventura,111,848112,80292,79758,2885,82643,985
2021-04-10,Yolo,113,214977,13510,13494,254,13748,198
2021-04-10,Yuba,115,75493,5797,5757,115,5872,43
2021-04-09,Alameda,001,1643700,84954,84404,1822,86226,1237
2021-04-09,Alpine,003,1148,85,85,0,85,0
2021-04-09,Amador,005,37829,3617,3600,33,3633,46
2021-04-09,Butte,007,227075,11818,11454,1684,13138,193
2021-04-09,Calaveras,009,45235,2032,2028,11,2039,50
2021-04-09,Colusa,011,21464,1903,1898,279,2177,14
2021-04-09,Contra Costa,013,1133247,66702,65857,1146,67003,777
2021-04-09,Del Norte,015,27424,1251,1207,11,1218,6
2021-04-09,El Dorado,017,186661,9654,9528,661,10189,106
2021-04-09,Fresno,019,978130,100632,100027,8329,108356,1630
2021-04-09,Glenn,021,27897,2368,2337,533,2870,17
2021-04-09,Humboldt,023,135768,3532,3496,25,3521,35
2021-04-09,Imperial,025,180216,27939,27764,2597,30361,717
2021-04-09,Inyo,027,18085,1391,1386,10,1396,36
2021-04-09,Kern,029,883053,95853,94675,10383,105058,1282
2021-04-09,Kings,031,150075,22842,22595,1031,23626,242
2021-04-09,Lake,033,64148,3402,3362,9,3371,43
2021-04-09,Lassen,035,31185,5154,5140,102,5242,1
2021-04-09,Los Angeles,037,10098052,1194207,1184501,40139,1224640,23458
2021-04-09,Madera,039,155013,16306,16118,904,17022,231
2021-04-09,Marin,041,260295,13787,13721,226,13947,226
2021-04-09,Mariposa,043,17540,400,393,6,399,5
2021-04-09,Mendocino,045,87422,3780,3693,73,3766,46
2021-04-09,Merced,047,269075,30127,30179,998,31177,435
2021-04-09,Modoc,049,8938,361,352,119,471,3
2021-04-09,Mono,051,14174,1239,1247,17,1264,3
2021-04-09,Monterey,053,433212,42710,42481,1783,44264,344
2021-04-09,Napa,055,140530,9607,9574,34,9608,80
2021-04-09,Nevada,057,99092,4440,4373,183,4556,69
2021-04-09,Orange,059,3164182,252474,250852,10896,261748,4813
2021-04-09,Placer,061,380077,22065,21327,1327,22654,278
2021-04-09,Plumas,063,18699,674,666,10,676,4
2021-04-09,Riverside,065,2383286,290778,284562,13671,298233,4325
2021-04-09,Sacramento,067,1510023,100731,99722,1490,101212,1564
2021-04-09,San Benito,069,59416,5929,5925,106,6031,62
2021-04-09,San Bernardino,071,2135413,290344,288000,8773,296773,4467
2021-04-09,San Diego,073,3302833,273721,272697,13889,286586,3600
2021-04-09,San Francisco,075,870044,35698,35716,1208,36924,497
2021-04-09,San Joaquin,077,732212,70641,69675,3251,72926,1281
2021-04-09,San Luis Obispo,079,281455,20781,20427,642,21069,252
2021-04-09,San Mateo,081,765935,41218,40800,432,41232,350
2021-04-09,Santa Barbara,083,443738,33725,33424,1096,34520,444
2021-04-09,Santa Clara,085,1922200,115638,115749,674,116423,1923
2021-04-09,Santa Cruz,087,273765,15955,15331,795,16126,203
2021-04-09,Shasta,089,179085,11480,11478,1390,12868,188
2021-04-09,Sierra,091,2930,55,51,12,63,0
2021-04-09,Siskiyou,093,43540,1596,1510,269,1779,7
2021-04-09,Solano,095,438530,31322,31166,428,31594,238
2021-04-09,Sonoma,097,501317,29360,29433,290,29723,310
2021-04-09,Stanislaus,099,539301,53890,53504,5648,59152,705
2021-04-09,Sutter,101,95872,9189,9201,81,9282,106
2021-04-09,Tehama,103,63373,4865,4806,522,5328,52
2021-04-09,Trinity,105,12862,481,324,83,407,3
2021-04-09,Tulare,107,460477,49482,48430,8604,57034,824
2021-04-09,Tuolumne,109,53932,3936,3986,39,4025,57
2021-04-09,Ventura,111,848112,80264,79698,2885,82583,987
2021-04-09,Yolo,113,214977,13498,13478,252,13730,198
2021-04-09,Yuba,115,75493,5790,5754,115,5869,43
2021-04-08,Alameda,001,1643700,84848,84213,1819,86032,1232
2021-04-08,Alpine,003,1148,85,85,0,85,0
2021-04-08,Amador,005,37829,3613,3595,33,3628,46
2021-04-08,Butte,007,227075,11807,11414,1683,13097,193
2021-04-08,Calaveras,009,45235,2030,2027,11,2038,50
2021-04-08,Colusa,011,21464,1902,1897,279,2176,14
2021-04-08,Contra Costa,013,1133247,66592,65706,1143,66849,775
2021-04-08,Del Norte,015,27424,1245,1201,11,1212,6
2021-04-08,El Dorado,017,186661,9638,9513,656,10169,106
2021-04-08,Fresno,019,978130,100569,99935,8322,108257,1627
2021-04-08,Glenn,021,27897,2367,2337,533,2870,17
2021-04-08,Humboldt,023,135768,3522,3486,25,3511,35
2021-04-08,Imperial,025,180216,27911,27744,2593,30337,713
2021-04-08,Inyo,027,18085,1390,1386,10,1396,36
2021-04-08,Kern,029,883053,95807,94493,10370,104863,1281
2021-04-08,Kings,031,150075,22835,22589,1029,23618,243
2021-04-08,Lake,033,64148,3395,3360,9,3369,43
2021-04-08,Lassen,035,31185,5153,5136,102,5238,1
2021-04-08,Los Angeles,037,10098052,1193710,1184443,40101,1224544,23416
2021-04-08,Madera,039,155013,16294,16103,904,17007,231
2021-04-08,Marin,041,260295,13780,13704,226,13930,226
2021-04-08,Mariposa,043,17540,399,393,6,399,5
2021-04-08,Mendocino,045,87422,3778,3690,73,3763,45
2021-04-08,Merced,047,269075,30105,30163,998,31161,430
2021-04-08,Modoc,049,8938,361,352,119,471,3
2021-04-08,Mono,051,14174,1237,1247,17,1264,3
2021-04-08,Monterey,053,433212,42688,42437,1778,44215,342
2021-04-08,Napa,055,140530,9590,9569,34,9603,80
2021-04-08,Nevada,057,99092,4429,4367,183,4550,69
2021-04-08,Orange,059,3164182,252364,250529,10881,261410,4797
2021-04-08,Placer,061,380077,22023,21258,1318,22576,277
2021-04-08,Plumas,063,18699,674,665,10,675,4
2021-04-08,Riverside,065,2383286,290664,283853,13666,297519,4296
2021-04-08,Sacramento,067,1510023,100591,99319,1479,100798,1561
2021-04-08,San Benito,069,59416,5926,5914,104,6018,62
2021-04-08,San Bernardino,071,2135413,290247,287190,8770,295960,4445
2021-04-08,San Diego,073,3302833,273491,272495,13853,286348,3592
2021-04-08,San Francisco,075,870044,35675,35657,1207,36864,494
2021-04-08,San Joaquin,077,732212,70569,69479,3245,72724,1279
2021-04-08,San Luis Obispo,079,281455,20762,20402,640,21042,252
2021-04-08,San Mateo,081,765935,41178,40749,432,41181,350
2021-04-08,Santa Barbara,083,443738,33701,33309,1095,34404,444
2021-04-08,Santa Clara,085,1922200,115532,115487,673,116160,1905
2021-04-08,Santa Cruz,087,273765,15948,15296,795,16091,203
2021-04-08,Shasta,089,179085,11470,11466,1386,12852,186
2021-04-08,Sierra,091,2930,55,51,12,63,0
2021-04-08,Siskiyou,093,43540,1593,1511,269,1780,7
2021-04-08,Solano,095,438530,31273,31120,428,31548,238
2021-04-08,Sonoma,097,501317,29340,29410,289,29699,310
2021-04-08,Stanislaus,099,539301,53812,53401,5638,59039,706
2021-04-08,Sutter,101,95872,9185,9195,81,9276,106
2021-04-08,Tehama,103,63373,4861,4802,522,5324,52
2021-04-08,Trinity,105,12862,481,324,83,407,3
2021-04-08,Tulare,107,460477,49469,48409,8594,57003,821
2021-04-08,Tuolumne,109,53932,3936,3986,39,4025,57
2021-04-08,Ventura,111,848112,80227,79626,2881,82507,986
2021-04-08,Yolo,113,214977,13489,13468,251,13719,198
2021-04-08,Yuba,115,75493,5786,5743,115,5858,43
2021-04-07,Alameda,001,1643700,84764,84130,1817,85947,1224
2021-04-07,Alpine,003,1148,85,85,0,85,0
2021-04-07,Amador,005,37829,3610,3590,33,3623,46
2021-04-07,Butte,007,227075,11803,11405,1680,13085,193
2021-04-07,Calaveras,009,45235,2029,2022,11,2033,50
2021-04-07,Colusa,011,21464,1898,1894,278,2172,14
2021-04-07,Contra Costa,013,1133247,66506,65619,1142,66761,775
2021-04-07,Del Norte,015,27424,1243,1198,11,1209,6
2021-04-07,El Dorado,017,186661,9617,9500,650,10150,106
2021-04-07,Fresno,019,978130,100504,99865,8311,108176,1627
2021-04-07,Glenn,021,27897,2365,2337,532,2869,17
2021-04-07,Humboldt,023,135768,3509,3484,25,3509,35
2021-04-07,Imperial,025,180216,27887,27704,2587,30291,713
2021-04-07,Inyo,027,18085,1389,1386,10,1396,36
2021-04-07,Kern,029,883053,95771,94456,10355,104811,1275
2021-04-07,Kings,031,150075,22833,22589,1029,23618,243
2021-04-07,Lake,033,64148,3393,3358,9,3367,43
2021-04-07,Lassen,035,31185,5153,5137,102,5239,1
2021-04-07,Los Angeles,037,10098052,1193272,1183862,40081,1223943,23372
2021-04-07,Madera,039,155013,16275,16090,903,16993,231
2021-04-07,Marin,041,260295,13769,13688,225,13913,225
2021-04-07,Mariposa,043,17540,398,391,6,397,5
2021-04-07,Mendocino,045,87422,3777,3691,73,3764,45
2021-04-07,Merced,047,269075,30082,30132,994,31126,430
2021-04-07,Modoc,049,8938,361,351,119,470,3
2021-04-07,Mono,051,14174,1237,1246,17,1263,3
2021-04-07,Monterey,053,433212,42670,42427,1777,44204,341
2021-04-07,Napa,055,140530,9576,9556,34,9590,80
2021-04-07,Nevada,057,99092,4423,4364,183,4547,69
2021-04-07,Orange,059,3164182,252240,250378,10859,261237,4778
2021-04-07,Placer,061,380077,21979,21227,1310,22537,276
2021-04-07,Plumas,063,18699,674,665,10,675,4
2021-04-07,Riverside,065,2383286,290544,283749,13656,297405,4285
2021-04-07,Sacramento,067,1510023,100423,99202,1473,100675,1544
2021-04-07,San Benito,069,59416,5921,5912,103,6015,62
2021-04-07,San Bernardino,071,2135413,290128,286978,8765,295743,4433
2021-04-07,San Diego,073,3302833,273265,272195,13824,286019,3588
2021-04-07,San Francisco,075,870044,35635,35618,1203,36821,493
2021-04-07,San Joaquin,077,732212,70499,69375,3240,72615,1278
2021-04-07,San Luis Obispo,079,281455,20736,20373,637,21010,252
2021-04-07,San Mateo,081,765935,41134,40693,432,41125,350
2021-04-07,Santa Barbara,083,443738,33675,33289,1092,34381,444
2021-04-07,Santa Clara,085,1922200,115400,115311,671,115982,1900
2021-04-07,Santa Cruz,087,273765,15937,15275,795,16070,203
2021-04-07,Shasta,089,179085,11458,11456,1382,12838,184
2021-04-07,Sierra,091,2930,55,51,12,63,0
2021-04-07,Siskiyou,093,43540,1587,1512,268,1780,7
2021-04-07,Solano,095,438530,31222,31097,427,31524,238
2021-04-07,Sonoma,097,501317,29322,29394,288,29682,310
2021-04-07,Stanislaus,099,539301,53744,53344,5628,58972,686
2021-04-07,Sutter,101,95872,9182,9188,81,9269,106
2021-04-07,Tehama,103,63373,4853,4802,520,5322,52
2021-04-07,Trinity,105,12862,481,322,83,405,3
2021-04-07,Tulare,107,460477,49454,48386,8584,56970,820
2021-04-07,Tuolumne,109,53932,3934,3982,39,4021,57
2021-04-07,Ventura,111,848112,80193,79595,2879,82474,986
2021-04-07,Yolo,113,214977,13474,13450,249,13699,198
2021-04-07,Yuba,115,75493,5782,5737,115,5852,43
2021-04-06,Alameda,001,1643700,84651,84091,1814,85905,1223
2021-04-06,Alpine,003,1148,85,85,0,85,0
2021-04-06,Amador,005,37829,3609,3587,33,3620,45
2021-04-06,Butte,007,227075,11788,11396,1678,13074,193
2021-04-06,Calaveras,009,45235,2025,2021,11,2032,50
2021-04-06,Colusa,011,21464,1896,1894,276,2170,14
2021-04-06,Contra Costa,013,1133247,66428,65575,1141,66716,774
2021-04-06,Del Norte,015,27424,1238,1197,11,1208,6
2021-04-06,El Dorado,017,186661,9587,9489,648,10137,106
2021-04-06,Fresno,019,978130,100440,99814,8305,108119,1626
2021-04-06,Glenn,021,27897,2364,2335,531,2866,17
2021-04-06,Humboldt,023,135768,3500,3477,25,3502,35
2021-04-06,Imperial,025,180216,27853,27661,2578,30239,713
2021-04-06,Inyo,027,18085,1389,1379,10,1389,36
2021-04-06,Kern,029,883053,95727,94422,10349,104771,1259
2021-04-06,Kings,031,150075,22827,22587,1029,23616,240
2021-04-06,Lake,033,64148,3390,3358,9,3367,43
2021-04-06,Lassen,035,31185,5151,5137,102,5239,1
2021-04-06,Los Angeles,037,10098052,1192759,1183499,40042,1223541,23323
2021-04-06,Madera,039,155013,16255,16085,898,16983,230
2021-04-06,Marin,041,260295,13760,13675,221,13896,224
2021-04-06,Mariposa,043,17540,398,390,6,396,5
2021-04-06,Mendocino,045,87422,3775,3686,73,3759,45
2021-04-06,Merced,047,269075,30053,30100,989,31089,430
2021-04-06,Modoc,049,8938,360,351,119,470,3
2021-04-06,Mono,051,14174,1237,1246,17,1263,3
2021-04-06,Monterey,053,433212,42661,42412,1776,44188,341
2021-04-06,Napa,055,140530,9557,9509,34,9543,78
2021-04-06,Nevada,057,99092,4413,4356,181,4537,69
2021-04-06,Orange,059,3164182,252131,250304,10845,261149,4771
2021-04-06,Placer,061,380077,21931,21184,1308,22492,276
2021-04-06,Plumas,063,18699,674,665,10,675,4
2021-04-06,Riverside,065,2383286,290363,283622,13645,297267,4264
2021-04-06,Sacramento,067,1510023,100214,99110,1467,100577,1537
2021-04-06,San Benito,069,59416,5912,5907,103,6010,62
2021-04-06,San Bernardino,071,2135413,290015,286792,8755,295547,4428
2021-04-06,San Diego,073,3302833,273003,271867,13796,285663,3585
2021-04-06,San Francisco,075,870044,35592,35572,1203,36775,488
2021-04-06,San Joaquin,077,732212,70416,69316,3228,72544,1278
2021-04-06,San Luis Obispo,079,281455,20714,20350,634,20984,252
2021-04-06,San Mateo,081,765935,41086,40649,431,41080,350
2021-04-06,Santa Barbara,083,443738,33657,33257,1091,34348,443
2021-04-06,Santa Clara,085,1922200,115229,115184,670,115854,1900
2021-04-06,Santa Cruz,087,273765,15927,15252,795,16047,203
2021-04-06,Shasta,089,179085,11437,11443,1380,12823,184
2021-04-06,Sierra,091,2930,55,51,12,63,0
2021-04-06,Siskiyou,093,43540,1583,1510,267,1777,7
2021-04-06,Solano,095,438530,31175,31078,426,31504,237
2021-04-06,Sonoma,097,501317,29297,29386,286,29672,311
2021-04-06,Stanislaus,099,539301,53687,53304,5622,58926,686
2021-04-06,Sutter,101,95872,9172,9179,81,9260,106
2021-04-06,Tehama,103,63373,4844,4798,520,5318,52
2021-04-06,Trinity,105,12862,481,321,83,404,3
2021-04-06,Tulare,107,460477,49411,48372,8580,56952,819
2021-04-06,Tuolumne,109,53932,3934,3981,39,4020,57
2021-04-06,Ventura,111,848112,80156,79556,2877,82433,983
2021-04-06,Yolo,113,214977,13461,13443,248,13691,198
2021-04-06,Yuba,115,75493,5778,5733,114,5847,43
2021-04-05,Alameda,001,1643700,84535,84007,1810,85817,1219
2021-04-05,Alpine,003,1148,85,85,0,85,0
2021-04-05,Amador,005,37829,3606,3584,33,3617,45
2021-04-05,Butte,007,227075,11773,11384,1677,13061,193
2021-04-05,Calaveras,009,45235,2023,2019,11,2030,50
2021-04-05,Colusa,011,21464,1896,1894,275,2169,14
2021-04-05,Contra Costa,013,1133247,66362,65457,1139,66596,774
2021-04-05,Del Norte,015,27424,1236,1189,11,1200,6
2021-04-05,El Dorado,017,186661,9572,9463,648,10111,106
2021-04-05,Fresno,019,978130,100352,99755,8297,108052,1622
2021-04-05,Glenn,021,27897,2363,2335,531,2866,17
2021-04-05,Humboldt,023,135768,3491,3475,25,3500,35
2021-04-05,Imperial,025,180216,27821,27604,2573,30177,710
2021-04-05,Inyo,027,18085,1386,1377,10,1387,36
2021-04-05,Kern,029,883053,95672,94401,10324,104725,1249
2021-04-05,Kings,031,150075,22823,22580,1029,23609,239
2021-04-05,Lake,033,64148,3382,3359,9,3368,43
2021-04-05,Lassen,035,31185,5151,5138,101,5239,1
2021-04-05,Los Angeles,037,10098052,1192223,1183200,39992,1223192,23302
2021-04-05,Madera,039,155013,16241,16065,897,16962,230
2021-04-05,Marin,041,260295,13746,13666,217,13883,221
2021-04-05,Mariposa,043,17540,398,390,6,396,5
2021-04-05,Mendocino,045,87422,3773,3687,73,3760,45
2021-04-05,Merced,047,269075,30027,30068,987,31055,427
2021-04-05,Modoc,049,8938,358,346,119,465,3
2021-04-05,Mono,051,14174,1237,1246,17,1263,3
2021-04-05,Monterey,053,433212,42648,42396,1772,44168,341
2021-04-05,Napa,055,140530,9534,9492,34,9526,78
2021-04-05,Nevada,057,99092,4402,4346,181,4527,69
2021-04-05,Orange,059,3164182,252016,250177,10821,260998,4759
2021-04-05,Placer,061,380077,21885,21133,1301,22434,276
2021-04-05,Plumas,063,18699,674,666,10,676,4
2021-04-05,Riverside,065,2383286,290226,283549,13633,297182,4237
2021-04-05,Sacramento,067,1510023,100052,98908,1459,100367,1533
2021-04-05,San Benito,069,59416,5906,5904,103,6007,61
2021-04-05,San Bernardino,071,2135413,289905,286597,8752,295349,4425
2021-04-05,San Diego,073,3302833,272754,271655,13755,285410,3583
2021-04-05,San Francisco,075,870044,35561,35538,1203,36741,488
2021-04-05,San Joaquin,077,732212,70327,69214,3219,72433,1268
2021-04-05,San Luis Obispo,079,281455,20677,20333,634,20967,252
2021-04-05,San Mateo,081,765935,41042,40609,430,41039,350
2021-04-05,Santa Barbara,083,443738,33622,33235,1091,34326,443
2021-04-05,Santa Clara,085,1922200,115062,115091,667,115758,1893
2021-04-05,Santa Cruz,087,273765,15920,15228,795,16023,201
2021-04-05,Shasta,089,179085,11416,11435,1377,12812,184
2021-04-05,Sierra,091,2930,55,50,12,62,0
2021-04-05,Siskiyou,093,43540,1580,1509,265,1774,7
2021-04-05,Solano,095,438530,31134,31026,424,31450,237
2021-04-05,Sonoma,097,501317,29265,29361,284,29645,311
2021-04-05,Stanislaus,099,539301,53607,53238,5619,58857,686
2021-04-05,Sutter,101,95872,9165,9169,81,9250,106
2021-04-05,Tehama,103,63373,4838,4794,520,5314,52
2021-04-05,Trinity,105,12862,480,321,83,404,3
2021-04-05,Tulare,107,460477,49399,48356,8573,56929,818
2021-04-05,Tuolumne,109,53932,3933,3980,39,4019,57
2021-04-05,Ventura,111,848112,80125,79549,2874,82423,983
2021-04-05,Yolo,113,214977,13447,13427,247,13674,198
2021-04-05,Yuba,115,75493,5773,5728,113,5841,43
2021-04-04,Alameda,001,1643700,84417,83951,1806,85757,1219
2021-04-04,Alpine,003,1148,85,85,0,85,0
2021-04-04,Amador,005,37829,3600,3582,33,3615,45
2021-04-04,Butte,007,227075,11758,11375,1676,13051,193
2021-04-04,Calaveras,009,45235,2019,2020,11,2031,50
2021-04-04,Colusa,011,21464,1895,1893,275,2168,14
2021-04-04,Contra Costa,013,1133247,66256,65408,1134,66542,774
2021-04-04,Del Norte,015,27424,1228,1186,11,1197,6
2021-04-04,El Dorado,017,186661,9553,9455,645,10100,106
2021-04-04,Fresno,019,978130,100278,99702,8285,107987,1622
2021-04-04,Glenn,021,27897,2360,2335,530,2865,17
2021-04-04,Humboldt,023,135768,3480,3472,25,3497,35
2021-04-04,Imperial,025,180216,27765,27588,2571,30159,710
2021-04-04,Inyo,027,18085,1382,1377,10,1387,36
2021-04-04,Kern,029,883053,95628,94388,10303,104691,1247
2021-04-04,Kings,031,150075,22821,22580,1028,23608,239
2021-04-04,Lake,033,64148,3376,3355,8,3363,43
2021-04-04,Lassen,035,31185,5149,5138,101,5239,1
2021-04-04,Los Angeles,037,10098052,1191678,1182872,39948,1222820,23301
2021-04-04,Madera,039,155013,16215,16052,893,16945,230
2021-04-04,Marin,041,260295,13733,13663,216,13879,221
2021-04-04,Mariposa,043,17540,398,390,6,396,5
2021-04-04,Mendocino,045,87422,3770,3684,73,3757,45
2021-04-04,Merced,047,269075,29984,30048,984,31032,427
2021-04-04,Modoc,049,8938,358,346,119,465,3
2021-04-04,Mono,051,14174,1236,1245,17,1262,3
2021-04-04,Monterey,053,433212,42631,42391,1771,44162,341
2021-04-04,Napa,055,140530,9522,9486,34,9520,78
2021-04-04,Nevada,057,99092,4390,4337,181,4518,69
2021-04-04,Orange,059,3164182,251882,250117,10805,260922,4759
2021-04-04,Placer,061,380077,21838,21104,1283,22387,276
2021-04-04,Plumas,063,18699,674,666,10,676,4
2021-04-04,Riverside,065,2383286,290100,283537,13629,297166,4237
2021-04-04,Sacramento,067,1510023,99853,98821,1450,100271,1531
2021-04-04,San Benito,069,59416,5896,5901,99,6000,61
2021-04-04,San Bernardino,071,2135413,289765,286561,8744,295305,4423
2021-04-04,San Diego,073,3302833,272442,271528,13714,285242,3583
2021-04-04,San Francisco,075,870044,35507,35525,1200,36725,488
2021-04-04,San Joaquin,077,732212,70226,69147,3207,72354,1268
2021-04-04,San Luis Obispo,079,281455,20645,20328,626,20954,252
2021-04-04,San Mateo,081,765935,40999,40587,428,41015,350
2021-04-04,Santa Barbara,083,443738,33586,33213,1091,34304,443
2021-04-04,Santa Clara,085,1922200,114896,114976,660,115636,1893
2021-04-04,Santa Cruz,087,273765,15911,15219,795,16014,201
2021-04-04,Shasta,089,179085,11390,11433,1376,12809,184
2021-04-04,Sierra,091,2930,55,50,12,62,0
2021-04-04,Siskiyou,093,43540,1577,1509,261,1770,7
2021-04-04,Solano,095,438530,31087,31002,422,31424,237
2021-04-04,Sonoma,097,501317,29233,29340,282,29622,311
2021-04-04,Stanislaus,099,539301,53514,53181,5611,58792,686
2021-04-04,Sutter,101,95872,9158,9164,81,9245,106
2021-04-04,Tehama,103,63373,4826,4792,519,5311,52
2021-04-04,Trinity,105,12862,478,321,83,404,3
2021-04-04,Tulare,107,460477,49385,48343,8565,56908,818
2021-04-04,Tuolumne,109,53932,3925,3980,39,4019,57
2021-04-04,Ventura,111,848112,80082,79526,2872,82398,983
2021-04-04,Yolo,113,214977,13426,13425,246,13671,198
2021-04-04,Yuba,115,75493,5766,5722,113,5835,43
2021-04-03,Alameda,001,1643700,84350,83861,1804,85665,1218
2021-04-03,Alpine,003,1148,85,85,0,85,0
2021-04-03,Amador,005,37829,3597,3577,33,3610,45
2021-04-03,Butte,007,227075,11754,11359,1672,13031,193
2021-04-03,Calaveras,009,45235,2017,2019,11,2030,50
2021-04-03,Colusa,011,21464,1895,1891,275,2166,14
2021-04-03,Contra Costa,013,1133247,66184,65338,1134,66472,774
2021-04-03,Del Norte,015,27424,1223,1183,11,1194,6
2021-04-03,El Dorado,017,186661,9544,9448,644,10092,106
2021-04-03,Fresno,019,978130,100221,99602,8279,107881,1622
2021-04-03,Glenn,021,27897,2359,2334,529,2863,17
2021-04-03,Humboldt,023,135768,3478,3467,25,3492,35
2021-04-03,Imperial,025,180216,27749,27572,2568,30140,710
2021-04-03,Inyo,027,18085,1381,1376,10,1386,36
2021-04-03,Kern,029,883053,95602,94369,10287,104656,1243
2021-04-03,Kings,031,150075,22819,22580,1028,23608,239
2021-04-03,Lake,033,64148,3375,3350,8,3358,43
2021-04-03,Lassen,035,31185,5148,5136,101,5237,1
2021-04-03,Los Angeles,037,10098052,1191374,1182402,39931,1222333,23301
2021-04-03,Madera,039,155013,16206,16051,891,16942,230
2021-04-03,Marin,041,260295,13725,13658,215,13873,221
2021-04-03,Mariposa,043,17540,398,390,5,395,5
2021-04-03,Mendocino,045,87422,3769,3684,73,3757,45
2021-04-03,Merced,047,269075,29969,30031,984,31015,427
2021-04-03,Modoc,049,8938,358,346,119,465,3
2021-04-03,Mono,051,14174,1236,1245,17,1262,3
2021-04-03,Monterey,053,433212,42618,42376,1769,44145,341
2021-04-03,Napa,055,140530,9513,9473,34,9507,78
2021-04-03,Nevada,057,99092,4386,4323,181,4504,69
2021-04-03,Orange,059,3164182,251802,249982,10787,260769,4755
2021-04-03,Placer,061,380077,21807,21060,1279,22339,276
2021-04-03,Plumas,063,18699,674,666,10,676,4
2021-04-03,Riverside,065,2383286,290022,283423,13626,297049,4237
2021-04-03,Sacramento,067,1510023,99745,98660,1444,100104,1531
2021-04-03,San Benito,069,59416,5893,5893,98,5991,61
2021-04-03,San Bernardino,071,2135413,289700,286473,8738,295211,4422
2021-04-03,San Diego,073,3302833,272273,271335,13697,285032,3571
2021-04-03,San Francisco,075,870044,35488,35488,1198,36686,489
2021-04-03,San Joaquin,077,732212,70185,69100,3191,72291,1268
2021-04-03,San Luis Obispo,079,281455,20626,20301,626,20927,252
2021-04-03,San Mateo,081,765935,40974,40560,428,40988,350
2021-04-03,Santa Barbara,083,443738,33560,33172,1090,34262,443
2021-04-03,Santa Clara,085,1922200,114788,114865,658,115523,1893
2021-04-03,Santa Cruz,087,273765,15904,15205,795,16000,201
2021-04-03,Shasta,089,179085,11382,11418,1376,12794,184
2021-04-03,Sierra,091,2930,55,50,12,62,0
2021-04-03,Siskiyou,093,43540,1576,1509,261,1770,7
2021-04-03,Solano,095,438530,31066,30970,419,31389,237
2021-04-03,Sonoma,097,501317,29217,29315,281,29596,311
2021-04-03,Stanislaus,099,539301,53479,53137,5605,58742,686
2021-04-03,Sutter,101,95872,9152,9158,81,9239,106
2021-04-03,Tehama,103,63373,4818,4788,519,5307,52
2021-04-03,Trinity,105,12862,478,321,83,404,3
2021-04-03,Tulare,107,460477,49375,48327,8561,56888,818
2021-04-03,Tuolumne,109,53932,3925,3980,39,4019,57
2021-04-03,Ventura,111,848112,80061,79489,2870,82359,983
2021-04-03,Yolo,113,214977,13420,13414,246,13660,198
2021-04-03,Yuba,115,75493,5760,5716,113,5829,43
2021-04-02,Alameda,001,1643700,84277,83776,1801,85577,1217
2021-04-02,Alpine,003,1148,85,85,0,85,0
2021-04-02,Amador,005,37829,3593,3573,32,3605,45
2021-04-02,Butte,007,227075,11746,11350,1672,13022,193
2021-04-02,Calaveras,009,45235,2015,2010,11,2021,50
2021-04-02,Colusa,011,21464,1895,1891,275,2166,14
2021-04-02,Contra Costa,013,1133247,66120,65299,1133,66432,774
2021-04-02,Del Norte,015,27424,1220,1174,11,1185,6
2021-04-02,El Dorado,017,186661,9531,9437,641,10078,106
2021-04-02,Fresno,019,978130,100167,99551,8268,107819,1620
2021-04-02,Glenn,021,27897,2359,2331,529,2860,17
2021-04-02,Humboldt,023,135768,3474,3465,25,3490,35
2021-04-02,Imperial,025,180216,27737,27553,2562,30115,710
2021-04-02,Inyo,027,18085,1381,1377,10,1387,36
2021-04-02,Kern,029,883053,95584,94348,10284,104632,1233
2021-04-02,Kings,031,150075,22819,22571,1025,23596,239
2021-04-02,Lake,033,64148,3373,3348,8,3356,43
2021-04-02,Lassen,035,31185,5148,5134,101,5235,1
2021-04-02,Los Angeles,037,10098052,1191064,1181682,39909,1221591,23264
2021-04-02,Madera,039,155013,16197,16036,890,16926,230
2021-04-02,Marin,041,260295,13717,13649,215,13864,221
2021-04-02,Mariposa,043,17540,396,390,5,395,5
2021-04-02,Mendocino,045,87422,3766,3682,73,3755,45
2021-04-02,Merced,047,269075,29944,29998,984,30982,426
2021-04-02,Modoc,049,8938,355,346,119,465,3
2021-04-02,Mono,051,14174,1236,1246,17,1263,3
2021-04-02,Monterey,053,433212,42608,42359,1766,44125,341
2021-04-02,Napa,055,140530,9498,9453,34,9487,78
2021-04-02,Nevada,057,99092,4382,4323,181,4504,69
2021-04-02,Orange,059,3164182,251706,249891,10775,260666,4748
2021-04-02,Placer,061,380077,21771,21035,1273,22308,275
2021-04-02,Plumas,063,18699,674,666,10,676,4
2021-04-02,Riverside,065,2383286,289936,283328,13617,296945,4213
2021-04-02,Sacramento,067,1510023,99638,98648,1437,100085,1527
2021-04-02,San Benito,069,59416,5891,5888,96,5984,61
2021-04-02,San Bernardino,071,2135413,289627,286308,8734,295042,4417
2021-04-02,San Diego,073,3302833,272086,271036,13671,284707,3568
2021-04-02,San Francisco,075,870044,35453,35451,1196,36647,488
2021-04-02,San Joaquin,077,732212,70120,68996,3176,72172,1268
2021-04-02,San Luis Obispo,079,281455,20609,20271,625,20896,252
2021-04-02,San Mateo,081,765935,40932,40514,428,40942,350
2021-04-02,Santa Barbara,083,443738,33532,33145,1090,34235,443
2021-04-02,Santa Clara,085,1922200,114677,114777,656,115433,1882
2021-04-02,Santa Cruz,087,273765,15896,15216,795,16011,202
2021-04-02,Shasta,089,179085,11377,11377,1368,12745,181
2021-04-02,Sierra,091,2930,55,50,12,62,0
2021-04-02,Siskiyou,093,43540,1576,1508,260,1768,7
2021-04-02,Solano,095,438530,31037,30951,416,31367,237
2021-04-02,Sonoma,097,501317,29196,29288,280,29568,311
2021-04-02,Stanislaus,099,539301,53434,53073,5599,58672,687
2021-04-02,Sutter,101,95872,9144,9131,81,9212,106
2021-04-02,Tehama,103,63373,4811,4775,518,5293,52
2021-04-02,Trinity,105,12862,478,320,83,403,3
2021-04-02,Tulare,107,460477,49369,48306,8555,56861,818
2021-04-02,Tuolumne,109,53932,3922,3980,39,4019,57
2021-04-02,Ventura,111,848112,80034,79434,2868,82302,982
2021-04-02,Yolo,113,214977,13410,13381,246,13627,197
2021-04-02,Yuba,115,75493,5756,5709,113,5822,44
2021-04-01,Alameda,001,1643700,84198,83574,1796,85370,1216
2021-04-01,Alpine,003,1148,85,85,0,85,0
2021-04-01,Amador,005,37829,3589,3558,32,3590,45
2021-04-01,Butte,007,227075,11728,11328,1670,12998,193
2021-04-01,Calaveras,009,45235,2012,2006,11,2017,50
2021-04-01,Colusa,011,21464,1892,1890,275,2165,14
2021-04-01,Contra Costa,013,1133247,66060,65176,1131,66307,771
2021-04-01,Del Norte,015,27424,1215,1138,11,1149,6
2021-04-01,El Dorado,017,186661,9522,9393,637,10030,106
2021-04-01,Fresno,019,978130,100114,99317,8260,107577,1616
2021-04-01,Glenn,021,27897,2359,2322,528,2850,17
2021-04-01,Humboldt,023,135768,3470,3464,25,3489,35
2021-04-01,Imperial,025,180216,27707,27520,2556,30076,710
2021-04-01,Inyo,027,18085,1380,1374,10,1384,36
2021-04-01,Kern,029,883053,95548,94244,10272,104516,1233
2021-04-01,Kings,031,150075,22812,22560,1024,23584,239
2021-04-01,Lake,033,64148,3368,3337,8,3345,43
2021-04-01,Lassen,035,31185,5147,5132,101,5233,1
2021-04-01,Los Angeles,037,10098052,1190571,1181101,39880,1220981,23220
2021-04-01,Madera,039,155013,16181,16023,890,16913,230
2021-04-01,Marin,041,260295,13707,13635,215,13850,221
2021-04-01,Mariposa,043,17540,394,389,5,394,5
2021-04-01,Mendocino,045,87422,3766,3680,73,3753,45
2021-04-01,Merced,047,269075,29911,29820,984,30804,425
2021-04-01,Modoc,049,8938,354,346,119,465,3
2021-04-01,Mono,051,14174,1236,1245,17,1262,3
2021-04-01,Monterey,053,433212,42600,42324,1764,44088,339
2021-04-01,Napa,055,140530,9486,9410,34,9444,78
2021-04-01,Nevada,057,99092,4372,4288,180,4468,68
2021-04-01,Orange,059,3164182,251586,249617,10758,260375,4742
2021-04-01,Placer,061,380077,21732,20909,1261,22170,274
2021-04-01,Plumas,063,18699,674,664,10,674,4
2021-04-01,Riverside,065,2383286,289831,283128,13614,296742,4193
2021-04-01,Sacramento,067,1510023,99494,97952,1423,99375,1521
2021-04-01,San Benito,069,59416,5883,5878,95,5973,61
2021-04-01,San Bernardino,071,2135413,289511,286086,8725,294811,4404
2021-04-01,San Diego,073,3302833,271863,270540,13641,284181,3555
2021-04-01,San Francisco,075,870044,35432,35386,1193,36579,488
2021-04-01,San Joaquin,077,732212,70038,68802,3168,71970,1262
2021-04-01,San Luis Obispo,079,281455,20580,20235,624,20859,252
2021-04-01,San Mateo,081,765935,40891,40454,428,40882,350
2021-04-01,Santa Barbara,083,443738,33485,33096,1085,34181,443
2021-04-01,Santa Clara,085,1922200,114564,114606,655,115261,1874
2021-04-01,Santa Cruz,087,273765,15881,15271,795,16066,202
2021-04-01,Shasta,089,179085,11362,11355,1363,12718,181
2021-04-01,Sierra,091,2930,55,50,12,62,0
2021-04-01,Siskiyou,093,43540,1574,1507,259,1766,7
2021-04-01,Solano,095,438530,31004,30850,413,31263,237
2021-04-01,Sonoma,097,501317,29165,29241,273,29514,311
2021-04-01,Stanislaus,099,539301,53371,52825,5593,58418,687
2021-04-01,Sutter,101,95872,9132,9105,81,9186,106
2021-04-01,Tehama,103,63373,4805,4764,515,5279,52
2021-04-01,Trinity,105,12862,478,319,83,402,3
2021-04-01,Tulare,107,460477,49346,48279,8545,56824,817
2021-04-01,Tuolumne,109,53932,3920,3978,39,4017,57
2021-04-01,Ventura,111,848112,80010,79369,2867,82236,977
2021-04-01,Yolo,113,214977,13397,13342,246,13588,197
2021-04-01,Yuba,115,75493,5751,5694,113,5807,44
2021-03-31,Alameda,001,1643700,84117,83475,1791,85266,1215
2021-03-31,Alpine,003,1148,85,85,0,85,0
2021-03-31,Amador,005,37829,3586,3556,32,3588,45
2021-03-31,Butte,007,227075,11718,11321,1667,12988,193
2021-03-31,Calaveras,009,45235,2010,2005,11,2016,50
2021-03-31,Colusa,011,21464,1892,1890,275,2165,14
2021-03-31,Contra Costa,013,1133247,65975,65109,1130,66239,769
2021-03-31,Del Norte,015,27424,1206,1129,11,1140,6
2021-03-31,El Dorado,017,186661,9505,9390,637,10027,106
2021-03-31,Fresno,019,978130,100021,99240,8243,107483,1616
2021-03-31,Glenn,021,27897,2355,2318,526,2844,17
2021-03-31,Humboldt,023,135768,3464,3460,25,3485,35
2021-03-31,Imperial,025,180216,27687,27506,2555,30061,710
2021-03-31,Inyo,027,18085,1377,1373,9,1382,35
2021-03-31,Kern,029,883053,95505,94205,10263,104468,1229
2021-03-31,Kings,031,150075,22809,22540,1024,23564,239
2021-03-31,Lake,033,64148,3364,3332,8,3340,43
2021-03-31,Lassen,035,31185,5143,5132,101,5233,1
2021-03-31,Los Angeles,037,10098052,1190102,1180538,39841,1220379,23171
2021-03-31,Madera,039,155013,16167,16015,889,16904,229
2021-03-31,Marin,041,260295,13696,13624,215,13839,221
2021-03-31,Mariposa,043,17540,394,389,5,394,5
2021-03-31,Mendocino,045,87422,3760,3675,73,3748,45
2021-03-31,Merced,047,269075,29882,29780,984,30764,423
2021-03-31,Modoc,049,8938,354,346,119,465,3
2021-03-31,Mono,051,14174,1236,1245,17,1262,3
2021-03-31,Monterey,053,433212,42583,42309,1762,44071,338
2021-03-31,Napa,055,140530,9468,9401,34,9435,78
2021-03-31,Nevada,057,99092,4366,4283,180,4463,68
2021-03-31,Orange,059,3164182,251475,249518,10743,260261,4731
2021-03-31,Placer,061,380077,21682,20885,1254,22139,271
2021-03-31,Plumas,063,18699,673,663,10,673,4
2021-03-31,Riverside,065,2383286,289729,283006,13604,296610,4171
2021-03-31,Sacramento,067,1510023,99319,97760,1416,99176,1519
2021-03-31,San Benito,069,59416,5873,5875,95,5970,61
2021-03-31,San Bernardino,071,2135413,289417,285916,8722,294638,4356
2021-03-31,San Diego,073,3302833,271631,270288,13606,283894,3555
2021-03-31,San Francisco,075,870044,35387,35347,1192,36539,474
2021-03-31,San Joaquin,077,732212,69949,68685,3152,71837,1259
2021-03-31,San Luis Obispo,079,281455,20558,20215,623,20838,251
2021-03-31,San Mateo,081,765935,40861,40423,428,40851,350
2021-03-31,Santa Barbara,083,443738,33453,33052,1083,34135,443
2021-03-31,Santa Clara,085,1922200,114437,114499,655,115154,1874
2021-03-31,Santa Cruz,087,273765,15868,15295,794,16089,201
2021-03-31,Shasta,089,179085,11350,11327,1355,12682,179
2021-03-31,Sierra,091,2930,55,50,12,62,0
2021-03-31,Siskiyou,093,43540,1573,1505,259,1764,7
2021-03-31,Solano,095,438530,30958,30824,412,31236,235
2021-03-31,Sonoma,097,501317,29138,29216,273,29489,311
2021-03-31,Stanislaus,099,539301,53303,52782,5581,58363,687
2021-03-31,Sutter,101,95872,9121,9111,81,9192,106
2021-03-31,Tehama,103,63373,4800,4762,513,5275,52
2021-03-31,Trinity,105,12862,478,319,83,402,3
2021-03-31,Tulare,107,460477,49326,48261,8529,56790,816
2021-03-31,Tuolumne,109,53932,3919,3976,39,4015,57
2021-03-31,Ventura,111,848112,79978,79326,2863,82189,969
2021-03-31,Yolo,113,214977,13380,13359,245,13604,197
2021-03-31,Yuba,115,75493,5744,5686,113,5799,44
2021-03-30,Alameda,001,1643700,84017,83395,1788,85183,1211
2021-03-30,Alpine,003,1148,85,85,0,85,0
2021-03-30,Amador,005,37829,3583,3551,32,3583,45
2021-03-30,Butte,007,227075,11706,11296,1664,12960,193
2021-03-30,Calaveras,009,45235,2006,1997,11,2008,50
2021-03-30,Colusa,011,21464,1891,1890,274,2164,14
2021-03-30,Contra Costa,013,1133247,65886,65041,1128,66169,767
2021-03-30,Del Norte,015,27424,1198,1118,10,1128,6
2021-03-30,El Dorado,017,186661,9486,9381,634,10015,105
2021-03-30,Fresno,019,978130,99956,99156,8230,107386,1609
2021-03-30,Glenn,021,27897,2355,2310,525,2835,17
2021-03-30,Humboldt,023,135768,3462,3461,25,3486,35
2021-03-30,Imperial,025,180216,27659,27471,2553,30024,706
2021-03-30,Inyo,027,18085,1377,1374,9,1383,35
2021-03-30,Kern,029,883053,95463,94151,10254,104405,1221
2021-03-30,Kings,031,150075,22805,22530,1022,23552,238
2021-03-30,Lake,033,64148,3358,3330,8,3338,43
2021-03-30,Lassen,035,31185,5143,5132,101,5233,1
2021-03-30,Los Angeles,037,10098052,1189606,1180044,39818,1219862,23136
2021-03-30,Madera,039,155013,16157,16003,885,16888,229
2021-03-30,Marin,041,260295,13687,13611,207,13818,221
2021-03-30,Mariposa,043,17540,394,388,5,393,5
2021-03-30,Mendocino,045,87422,3758,3670,73,3743,45
2021-03-30,Merced,047,269075,29845,29731,984,30715,423
2021-03-30,Modoc,049,8938,353,346,119,465,3
2021-03-30,Mono,051,14174,1235,1245,17,1262,3
2021-03-30,Monterey,053,433212,42557,42308,1760,44068,338
2021-03-30,Napa,055,140530,9453,9391,34,9425,78
2021-03-30,Nevada,057,99092,4354,4266,179,4445,68
2021-03-30,Orange,059,3164182,251346,249412,10716,260128,4727
2021-03-30,Placer,061,380077,21642,20866,1248,22114,271
2021-03-30,Plumas,063,18699,673,661,10,671,4
2021-03-30,Riverside,065,2383286,289604,282930,13595,296525,4154
2021-03-30,Sacramento,067,1510023,99182,97718,1413,99131,1516
2021-03-30,San Benito,069,59416,5867,5870,95,5965,61
2021-03-30,San Bernardino,071,2135413,289309,285758,8713,294471,4343
2021-03-30,San Diego,073,3302833,271392,269998,13568,283566,3555
2021-03-30,San Francisco,075,870044,35337,35325,1191,36516,474
2021-03-30,San Joaquin,077,732212,69861,68613,3142,71755,1232
2021-03-30,San Luis Obispo,079,281455,20538,20194,623,20817,251
2021-03-30,San Mateo,081,765935,40817,40377,428,40805,349
2021-03-30,Santa Barbara,083,443738,33428,33016,1083,34099,441
2021-03-30,Santa Clara,085,1922200,114315,114413,654,115067,1873
2021-03-30,Santa Cruz,087,273765,15862,15278,794,16072,201
2021-03-30,Shasta,089,179085,11342,11316,1354,12670,184
2021-03-30,Sierra,091,2930,55,50,12,62,0
2021-03-30,Siskiyou,093,43540,1572,1501,259,1760,7
2021-03-30,Solano,095,438530,30928,30802,411,31213,232
2021-03-30,Sonoma,097,501317,29106,29198,273,29471,311
2021-03-30,Stanislaus,099,539301,53225,52690,5573,58263,677
2021-03-30,Sutter,101,95872,9117,9107,80,9187,106
2021-03-30,Tehama,103,63373,4791,4748,512,5260,52
2021-03-30,Trinity,105,12862,478,316,83,399,3
2021-03-30,Tulare,107,460477,49311,48249,8520,56769,815
2021-03-30,Tuolumne,109,53932,3914,3972,39,4011,57
2021-03-30,Ventura,111,848112,79934,79282,2860,82142,958
2021-03-30,Yolo,113,214977,13367,13353,245,13598,195
2021-03-30,Yuba,115,75493,5733,5679,107,5786,42
2021-03-29,Alameda,001,1643700,83915,83338,1786,85124,1211
2021-03-29,Alpine,003,1148,85,85,0,85,0
2021-03-29,Amador,005,37829,3577,3549,32,3581,45
2021-03-29,Butte,007,227075,11697,11291,1661,12952,191
2021-03-29,Calaveras,009,45235,2004,1998,11,2009,50
2021-03-29,Colusa,011,21464,1891,1889,273,2162,14
2021-03-29,Contra Costa,013,1133247,65817,64971,1127,66098,767
2021-03-29,Del Norte,015,27424,1193,1116,9,1125,6
2021-03-29,El Dorado,017,186661,9466,9374,629,10003,105
2021-03-29,Fresno,019,978130,99873,99085,8215,107300,1606
2021-03-29,Glenn,021,27897,2348,2310,525,2835,17
2021-03-29,Humboldt,023,135768,3457,3459,25,3484,34
2021-03-29,Imperial,025,180216,27638,27442,2551,29993,704
2021-03-29,Inyo,027,18085,1377,1372,9,1381,35
2021-03-29,Kern,029,883053,95416,94098,10235,104333,1220
2021-03-29,Kings,031,150075,22793,22522,1021,23543,238
2021-03-29,Lake,033,64148,3355,3325,8,3333,43
2021-03-29,Lassen,035,31185,5143,5131,101,5232,1
2021-03-29,Los Angeles,037,10098052,1189109,1179736,39778,1219514,23108
2021-03-29,Madera,039,155013,16137,15987,883,16870,210
2021-03-29,Marin,041,260295,13675,13600,204,13804,220
2021-03-29,Mariposa,043,17540,393,388,5,393,5
2021-03-29,Mendocino,045,87422,3755,3667,73,3740,45
2021-03-29,Merced,047,269075,29821,29699,984,30683,422
2021-03-29,Modoc,049,8938,352,344,119,463,3
2021-03-29,Mono,051,14174,1234,1243,17,1260,3
2021-03-29,Monterey,053,433212,42541,42305,1755,44060,337
2021-03-29,Napa,055,140530,9437,9379,34,9413,78
2021-03-29,Nevada,057,99092,4347,4258,179,4437,68
2021-03-29,Orange,059,3164182,251234,249295,10704,259999,4713
2021-03-29,Placer,061,380077,21607,20827,1241,22068,267
2021-03-29,Plumas,063,18699,672,660,10,670,4
2021-03-29,Riverside,065,2383286,289501,282867,13594,296461,4133
2021-03-29,Sacramento,067,1510023,98988,97577,1405,98982,1514
2021-03-29,San Benito,069,59416,5860,5865,95,5960,61
2021-03-29,San Bernardino,071,2135413,289212,285615,8709,294324,4335
2021-03-29,San Diego,073,3302833,271126,269771,13542,283313,3547
2021-03-29,San Francisco,075,870044,35302,35291,1188,36479,474
2021-03-29,San Joaquin,077,732212,69775,68537,3129,71666,1211
2021-03-29,San Luis Obispo,079,281455,20503,20176,622,20798,250
2021-03-29,San Mateo,081,765935,40775,40357,427,40784,348
2021-03-29,Santa Barbara,083,443738,33394,32983,1082,34065,439
2021-03-29,Santa Clara,085,1922200,114207,114335,649,114984,1871
2021-03-29,Santa Cruz,087,273765,15851,15249,793,16042,201
2021-03-29,Shasta,089,179085,11324,11313,1352,12665,183
2021-03-29,Sierra,091,2930,55,50,12,62,0
2021-03-29,Siskiyou,093,43540,1570,1497,258,1755,6
2021-03-29,Solano,095,438530,30889,30762,409,31171,232
2021-03-29,Sonoma,097,501317,29083,29184,270,29454,310
2021-03-29,Stanislaus,099,539301,53142,52614,5566,58180,677
2021-03-29,Sutter,101,95872,9110,9105,80,9185,106
2021-03-29,Tehama,103,63373,4783,4742,511,5253,52
2021-03-29,Trinity,105,12862,478,314,83,397,3
2021-03-29,Tulare,107,460477,49283,48226,8509,56735,815
2021-03-29,Tuolumne,109,53932,3912,3969,39,4008,57
2021-03-29,Ventura,111,848112,79892,79252,2860,82112,956
2021-03-29,Yolo,113,214977,13348,13346,245,13591,195
2021-03-29,Yuba,115,75493,5726,5671,106,5777,42
2021-03-28,Alameda,001,1643700,83794,83239,1784,85023,1212
2021-03-28,Alpine,003,1148,85,85,0,85,0
2021-03-28,Amador,005,37829,3573,3541,32,3573,45
2021-03-28,Butte,007,227075,11684,11285,1659,12944,191
2021-03-28,Calaveras,009,45235,2002,1995,11,2006,50
2021-03-28,Colusa,011,21464,1890,1889,273,2162,14
2021-03-28,Contra Costa,013,1133247,65743,64878,1123,66001,767
2021-03-28,Del Norte,015,27424,1186,1107,7,1114,6
2021-03-28,El Dorado,017,186661,9451,9371,627,9998,105
2021-03-28,Fresno,019,978130,99791,99004,8203,107207,1606
2021-03-28,Glenn,021,27897,2344,2309,523,2832,17
2021-03-28,Humboldt,023,135768,3454,3452,24,3476,34
2021-03-28,Imperial,025,180216,27611,27426,2548,29974,704
2021-03-28,Inyo,027,18085,1376,1372,9,1381,35
2021-03-28,Kern,029,883053,95371,94084,10224,104308,1219
2021-03-28,Kings,031,150075,22788,22514,1018,23532,238
2021-03-28,Lake,033,64148,3350,3320,8,3328,43
2021-03-28,Lassen,035,31185,5143,5131,100,5231,1
2021-03-28,Los Angeles,037,10098052,1188557,1179316,39720,1219036,23101
2021-03-28,Madera,039,155013,16122,15973,882,16855,210
2021-03-28,Marin,041,260295,13662,13594,202,13796,221
2021-03-28,Mariposa,043,17540,393,388,5,393,5
2021-03-28,Mendocino,045,87422,3753,3666,73,3739,45
2021-03-28,Merced,047,269075,29764,29679,984,30663,422
2021-03-28,Modoc,049,8938,352,344,119,463,3
2021-03-28,Mono,051,14174,1233,1242,17,1259,3
2021-03-28,Monterey,053,433212,42518,42294,1751,44045,337
2021-03-28,Napa,055,140530,9423,9368,34,9402,78
2021-03-28,Nevada,057,99092,4333,4239,179,4418,68
2021-03-28,Orange,059,3164182,251079,249238,10694,259932,4713
2021-03-28,Placer,061,380077,21563,20796,1235,22031,267
2021-03-28,Plumas,063,18699,670,657,10,667,4
2021-03-28,Riverside,065,2383286,289387,282811,13586,296397,4132
2021-03-28,Sacramento,067,1510023,98814,97425,1399,98824,1514
2021-03-28,San Benito,069,59416,5855,5862,95,5957,61
2021-03-28,San Bernardino,071,2135413,289092,285570,8701,294271,4332
2021-03-28,San Diego,073,3302833,270850,269476,13513,282989,3547
2021-03-28,San Francisco,075,870044,35256,35286,1184,36470,474
2021-03-28,San Joaquin,077,732212,69650,68459,3110,71569,1211
2021-03-28,San Luis Obispo,079,281455,20468,20172,619,20791,250
2021-03-28,San Mateo,081,765935,40730,40305,427,40732,348
2021-03-28,Santa Barbara,083,443738,33352,32953,1081,34034,439
2021-03-28,Santa Clara,085,1922200,114107,114232,645,114877,1871
2021-03-28,Santa Cruz,087,273765,15836,15238,792,16030,201
2021-03-28,Shasta,089,179085,11298,11308,1341,12649,183
2021-03-28,Sierra,091,2930,55,50,12,62,0
2021-03-28,Siskiyou,093,43540,1570,1497,257,1754,6
2021-03-28,Solano,095,438530,30852,30719,407,31126,232
2021-03-28,Sonoma,097,501317,29047,29161,268,29429,310
2021-03-28,Stanislaus,099,539301,53054,52567,5553,58120,678
2021-03-28,Sutter,101,95872,9101,9094,80,9174,106
2021-03-28,Tehama,103,63373,4773,4740,509,5249,52
2021-03-28,Trinity,105,12862,476,314,82,396,3
2021-03-28,Tulare,107,460477,49254,48218,8503,56721,815
2021-03-28,Tuolumne,109,53932,3909,3969,38,4007,57
2021-03-28,Ventura,111,848112,79841,79222,2855,82077,956
2021-03-28,Yolo,113,214977,13331,13325,244,13569,194
2021-03-28,Yuba,115,75493,5722,5662,106,5768,42
2021-03-27,Alameda,001,1643700,83723,83169,1780,84949,1211
2021-03-27,Alpine,003,1148,85,85,0,85,0
2021-03-27,Amador,005,37829,3568,3538,32,3570,45
2021-03-27,Butte,007,227075,11677,11278,1658,12936,191
2021-03-27,Calaveras,009,45235,1999,1992,11,2003,50
2021-03-27,Colusa,011,21464,1890,1889,273,2162,14
2021-03-27,Contra Costa,013,1133247,65673,64804,1120,65924,767
2021-03-27,Del Norte,015,27424,1176,1104,7,1111,6
2021-03-27,El Dorado,017,186661,9437,9367,627,9994,105
2021-03-27,Fresno,019,978130,99738,98901,8197,107098,1606
2021-03-27,Glenn,021,27897,2343,2308,523,2831,17
2021-03-27,Humboldt,023,135768,3449,3442,24,3466,34
2021-03-27,Imperial,025,180216,27599,27406,2545,29951,704
2021-03-27,Inyo,027,18085,1374,1372,9,1381,35
2021-03-27,Kern,029,883053,95351,94041,10213,104254,1217
2021-03-27,Kings,031,150075,22785,22502,1018,23520,238
2021-03-27,Lake,033,64148,3348,3317,8,3325,43
2021-03-27,Lassen,035,31185,5143,5129,100,5229,1
2021-03-27,Los Angeles,037,10098052,1188242,1178831,39694,1218525,23103
2021-03-27,Madera,039,155013,16115,15968,880,16848,210
2021-03-27,Marin,041,260295,13657,13579,202,13781,222
2021-03-27,Mariposa,043,17540,393,386,5,391,5
2021-03-27,Mendocino,045,87422,3751,3666,73,3739,45
2021-03-27,Merced,047,269075,29731,29647,982,30629,422
2021-03-27,Modoc,049,8938,352,344,119,463,3
2021-03-27,Mono,051,14174,1231,1241,17,1258,3
2021-03-27,Monterey,053,433212,42508,42271,1751,44022,337
2021-03-27,Napa,055,140530,9411,9360,34,9394,78
2021-03-27,Nevada,057,99092,4323,4231,179,4410,68
2021-03-27,Orange,059,3164182,250986,249160,10678,259838,4698
2021-03-27,Placer,061,380077,21543,20717,1228,21945,267
2021-03-27,Plumas,063,18699,669,655,10,665,4
2021-03-27,Riverside,065,2383286,289325,282707,13578,296285,4132
2021-03-27,Sacramento,067,1510023,98724,97247,1397,98644,1513
2021-03-27,San Benito,069,59416,5853,5862,93,5955,61
2021-03-27,San Bernardino,071,2135413,289030,285480,8700,294180,4325
2021-03-27,San Diego,073,3302833,270679,269271,13491,282762,3540
2021-03-27,San Francisco,075,870044,35233,35244,1182,36426,474
2021-03-27,San Joaquin,077,732212,69590,68365,3102,71467,1211
2021-03-27,San Luis Obispo,079,281455,20457,20153,616,20769,250
2021-03-27,San Mateo,081,765935,40707,40264,427,40691,348
2021-03-27,Santa Barbara,083,443738,33329,32921,1081,34002,439
2021-03-27,Santa Clara,085,1922200,114011,114124,643,114767,1871
2021-03-27,Santa Cruz,087,273765,15830,15215,792,16007,201
2021-03-27,Shasta,089,179085,11287,11288,1339,12627,183
2021-03-27,Sierra,091,2930,55,50,12,62,0
2021-03-27,Siskiyou,093,43540,1570,1497,257,1754,6
2021-03-27,Solano,095,438530,30824,30669,406,31075,232
2021-03-27,Sonoma,097,501317,29032,29133,266,29399,310
2021-03-27,Stanislaus,099,539301,52989,52497,5545,58042,678
2021-03-27,Sutter,101,95872,9094,9093,80,9173,106
2021-03-27,Tehama,103,63373,4767,4738,507,5245,52
2021-03-27,Trinity,105,12862,476,313,82,395,3
2021-03-27,Tulare,107,460477,49238,48203,8496,56699,813
2021-03-27,Tuolumne,109,53932,3906,3968,38,4006,57
2021-03-27,Ventura,111,848112,79814,79184,2853,82037,956
2021-03-27,Yolo,113,214977,13326,13317,243,13560,194
2021-03-27,Yuba,115,75493,5720,5657,106,5763,42
2021-03-26,Alameda,001,1643700,83661,83043,1778,84821,1208
2021-03-26,Alpine,003,1148,85,85,0,85,0
2021-03-26,Amador,005,37829,3563,3532,32,3564,45
2021-03-26,Butte,007,227075,11666,11278,1658,12936,191
2021-03-26,Calaveras,009,45235,1996,1989,11,2000,50
2021-03-26,Colusa,011,21464,1890,1889,273,2162,14
2021-03-26,Contra Costa,013,1133247,65613,64699,1117,65816,761
2021-03-26,Del Norte,015,27424,1173,1101,7,1108,6
2021-03-26,El Dorado,017,186661,9432,9353,627,9980,105
2021-03-26,Fresno,019,978130,99676,98731,8187,106918,1601
2021-03-26,Glenn,021,27897,2343,2307,522,2829,17
2021-03-26,Humboldt,023,135768,3447,3431,24,3455,34
2021-03-26,Imperial,025,180216,27575,27374,2545,29919,701
2021-03-26,Inyo,027,18085,1373,1369,9,1378,35
2021-03-26,Kern,029,883053,95325,93949,10207,104156,1211
2021-03-26,Kings,031,150075,22777,22493,1016,23509,239
2021-03-26,Lake,033,64148,3347,3314,8,3322,43
2021-03-26,Lassen,035,31185,5142,5131,100,5231,1
2021-03-26,Los Angeles,037,10098052,1187904,1178213,39681,1217894,23080
2021-03-26,Madera,039,155013,16105,15952,880,16832,210
2021-03-26,Marin,041,260295,13651,13553,197,13750,221
2021-03-26,Mariposa,043,17540,393,386,5,391,5
2021-03-26,Mendocino,045,87422,3750,3664,73,3737,45
2021-03-26,Merced,047,269075,29708,29613,981,30594,419
2021-03-26,Modoc,049,8938,352,344,119,463,3
2021-03-26,Mono,051,14174,1230,1236,17,1253,3
2021-03-26,Monterey,053,433212,42495,42241,1747,43988,338
2021-03-26,Napa,055,140530,9401,9349,34,9383,78
2021-03-26,Nevada,057,99092,4303,4222,179,4401,83
2021-03-26,Orange,059,3164182,250923,248995,10664,259659,4671
2021-03-26,Placer,061,380077,21517,20679,1227,21906,259
2021-03-26,Plumas,063,18699,668,654,10,664,4
2021-03-26,Riverside,065,2383286,289247,282602,13572,296174,4109
2021-03-26,Sacramento,067,1510023,98624,97040,1392,98432,1509
2021-03-26,San Benito,069,59416,5850,5855,93,5948,61
2021-03-26,San Bernardino,071,2135413,288974,285313,8698,294011,4288
2021-03-26,San Diego,073,3302833,270501,269045,13465,282510,3525
2021-03-26,San Francisco,075,870044,35207,35186,1182,36368,472
2021-03-26,San Joaquin,077,732212,69527,68249,3098,71347,1202
2021-03-26,San Luis Obispo,079,281455,20444,20118,616,20734,250
2021-03-26,San Mateo,081,765935,40672,40199,427,40626,348
2021-03-26,Santa Barbara,083,443738,33299,32895,1080,33975,439
2021-03-26,Santa Clara,085,1922200,113913,113959,642,114601,1868
2021-03-26,Santa Cruz,087,273765,15815,15199,791,15990,201
2021-03-26,Shasta,089,179085,11278,11276,1333,12609,182
2021-03-26,Sierra,091,2930,55,50,12,62,0
2021-03-26,Siskiyou,093,43540,1570,1493,256,1749,6
2021-03-26,Solano,095,438530,30799,30640,406,31046,205
2021-03-26,Sonoma,097,501317,29016,29101,263,29364,310
2021-03-26,Stanislaus,099,539301,52921,52420,5541,57961,678
2021-03-26,Sutter,101,95872,9091,9082,80,9162,104
2021-03-26,Tehama,103,63373,4766,4722,506,5228,51
2021-03-26,Trinity,105,12862,476,311,82,393,3
2021-03-26,Tulare,107,460477,49223,48179,8489,56668,813
2021-03-26,Tuolumne,109,53932,3905,3965,38,4003,57
2021-03-26,Ventura,111,848112,79780,79122,2851,81973,953
2021-03-26,Yolo,113,214977,13319,13299,241,13540,194
2021-03-26,Yuba,115,75493,5710,5653,106,5759,42
2021-03-25,Alameda,001,1643700,83566,82945,1776,84721,1206
2021-03-25,Alpine,003,1148,85,84,0,84,0
2021-03-25,Amador,005,37829,3561,3530,32,3562,45
2021-03-25,Butte,007,227075,11656,11270,1658,12928,188
2021-03-25,Calaveras,009,45235,1995,1982,11,1993,50
2021-03-25,Colusa,011,21464,1890,1888,273,2161,14
2021-03-25,Contra Costa,013,1133247,65546,64606,1114,65720,757
2021-03-25,Del Norte,015,27424,1167,1095,7,1102,6
2021-03-25,El Dorado,017,186661,9422,9331,627,9958,105
2021-03-25,Fresno,019,978130,99558,98602,8174,106776,1593
2021-03-25,Glenn,021,27897,2342,2302,521,2823,17
2021-03-25,Humboldt,023,135768,3442,3423,24,3447,34
2021-03-25,Imperial,025,180216,27559,27352,2544,29896,699
2021-03-25,Inyo,027,18085,1373,1369,9,1378,35
2021-03-25,Kern,029,883053,95293,93857,10202,104059,1206
2021-03-25,Kings,031,150075,22767,22472,1016,23488,237
2021-03-25,Lake,033,64148,3342,3312,8,3320,43
2021-03-25,Lassen,035,31185,5142,5129,100,5229,1
2021-03-25,Los Angeles,037,10098052,1187467,1177490,39646,1217136,23051
2021-03-25,Madera,039,155013,16086,15937,878,16815,210
2021-03-25,Marin,041,260295,13641,13538,194,13732,219
2021-03-25,Mariposa,043,17540,393,386,5,391,5
2021-03-25,Mendocino,045,87422,3749,3664,73,3737,45
2021-03-25,Merced,047,269075,29674,29576,974,30550,416
2021-03-25,Modoc,049,8938,352,343,119,462,3
2021-03-25,Mono,051,14174,1230,1235,17,1252,3
2021-03-25,Monterey,053,433212,42474,42220,1742,43962,336
2021-03-25,Napa,055,140530,9382,9321,34,9355,78
2021-03-25,Nevada,057,99092,4285,4202,177,4379,84
2021-03-25,Orange,059,3164182,250807,248871,10644,259515,4655
2021-03-25,Placer,061,380077,21476,20639,1220,21859,252
2021-03-25,Plumas,063,18699,668,654,10,664,4
2021-03-25,Riverside,065,2383286,289150,282492,13561,296053,4078
2021-03-25,Sacramento,067,1510023,98479,96823,1390,98213,1505
2021-03-25,San Benito,069,59416,5847,5850,93,5943,61
2021-03-25,San Bernardino,071,2135413,288893,285134,8693,293827,4222
2021-03-25,San Diego,073,3302833,270273,268623,13434,282057,3520
2021-03-25,San Francisco,075,870044,35168,35154,1180,36334,468
2021-03-25,San Joaquin,077,732212,69430,68089,3059,71148,1196
2021-03-25,San Luis Obispo,079,281455,20426,20076,616,20692,250
2021-03-25,San Mateo,081,765935,40632,40147,427,40574,348
2021-03-25,Santa Barbara,083,443738,33272,32857,1080,33937,439
2021-03-25,Santa Clara,085,1922200,113809,113877,640,114517,1868
2021-03-25,Santa Cruz,087,273765,15794,15170,791,15961,201
2021-03-25,Shasta,089,179085,11261,11262,1330,12592,181
2021-03-25,Sierra,091,2930,55,50,12,62,0
2021-03-25,Siskiyou,093,43540,1568,1491,255,1746,6
2021-03-25,Solano,095,438530,30738,30583,404,30987,193
2021-03-25,Sonoma,097,501317,28982,29060,259,29319,310
2021-03-25,Stanislaus,099,539301,52854,52321,5534,57855,678
2021-03-25,Sutter,101,95872,9082,9069,80,9149,104
2021-03-25,Tehama,103,63373,4764,4719,505,5224,52
2021-03-25,Trinity,105,12862,476,310,82,392,3
2021-03-25,Tulare,107,460477,49196,48148,8476,56624,811
2021-03-25,Tuolumne,109,53932,3904,3962,38,4000,57
2021-03-25,Ventura,111,848112,79739,79045,2847,81892,952
2021-03-25,Yolo,113,214977,13313,13287,241,13528,194
2021-03-25,Yuba,115,75493,5704,5647,100,5747,42
2021-03-24,Alameda,001,1643700,83472,82871,1773,84644,1199
2021-03-24,Alpine,003,1148,85,84,0,84,0
2021-03-24,Amador,005,37829,3555,3529,32,3561,45
2021-03-24,Butte,007,227075,11646,11252,1654,12906,187
2021-03-24,Calaveras,009,45235,1992,1975,11,1986,50
2021-03-24,Colusa,011,21464,1890,1886,273,2159,14
2021-03-24,Contra Costa,013,1133247,65466,64539,1113,65652,755
2021-03-24,Del Norte,015,27424,1162,1087,7,1094,6
2021-03-24,El Dorado,017,186661,9416,9319,626,9945,105
2021-03-24,Fresno,019,978130,99468,98437,8159,106596,1585
2021-03-24,Glenn,021,27897,2341,2297,520,2817,17
2021-03-24,Humboldt,023,135768,3439,3414,24,3438,34
2021-03-24,Imperial,025,180216,27550,27325,2544,29869,699
2021-03-24,Inyo,027,18085,1373,1368,9,1377,35
2021-03-24,Kern,029,883053,95245,93800,10193,103993,1198
2021-03-24,Kings,031,150075,22752,22456,1014,23470,237
2021-03-24,Lake,033,64148,3338,3307,8,3315,43
2021-03-24,Lassen,035,31185,5140,5130,99,5229,1
2021-03-24,Los Angeles,037,10098052,1186984,1177015,39612,1216627,22993
2021-03-24,Madera,039,155013,16077,15918,877,16795,210
2021-03-24,Marin,041,260295,13627,13526,192,13718,219
2021-03-24,Mariposa,043,17540,393,384,5,389,5
2021-03-24,Mendocino,045,87422,3746,3660,73,3733,45
2021-03-24,Merced,047,269075,29633,29525,974,30499,415
2021-03-24,Modoc,049,8938,351,341,119,460,3
2021-03-24,Mono,051,14174,1229,1243,17,1260,3
2021-03-24,Monterey,053,433212,42452,42201,1739,43940,335
2021-03-24,Napa,055,140530,9362,9310,34,9344,78
2021-03-24,Nevada,057,99092,4270,4191,176,4367,85
2021-03-24,Orange,059,3164182,250693,248775,10626,259401,4638
2021-03-24,Placer,061,380077,21446,20606,1212,21818,250
2021-03-24,Plumas,063,18699,666,652,10,662,4
2021-03-24,Riverside,065,2383286,289066,282410,13558,295968,4058
2021-03-24,Sacramento,067,1510023,98304,96628,1378,98006,1500
2021-03-24,San Benito,069,59416,5846,5847,93,5940,61
2021-03-24,San Bernardino,071,2135413,288806,284983,8691,293674,4170
2021-03-24,San Diego,073,3302833,270059,268413,13406,281819,3509
2021-03-24,San Francisco,075,870044,35140,35103,1177,36280,462
2021-03-24,San Joaquin,077,732212,69359,67978,3047,71025,1196
2021-03-24,San Luis Obispo,079,281455,20396,20021,615,20636,250
2021-03-24,San Mateo,081,765935,40582,40083,427,40510,348
2021-03-24,Santa Barbara,083,443738,33244,32810,1080,33890,438
2021-03-24,Santa Clara,085,1922200,113693,113757,637,114394,1851
2021-03-24,Santa Cruz,087,273765,15780,15138,790,15928,202
2021-03-24,Shasta,089,179085,11242,11243,1328,12571,181
2021-03-24,Sierra,091,2930,55,50,12,62,0
2021-03-24,Siskiyou,093,43540,1566,1490,255,1745,6
2021-03-24,Solano,095,438530,30701,30552,403,30955,178
2021-03-24,Sonoma,097,501317,28962,29034,255,29289,310
2021-03-24,Stanislaus,099,539301,52778,52259,5525,57784,677
2021-03-24,Sutter,101,95872,9066,9049,80,9129,104
2021-03-24,Tehama,103,63373,4758,4719,504,5223,49
2021-03-24,Trinity,105,12862,475,310,82,392,3
2021-03-24,Tulare,107,460477,49185,48109,8463,56572,808
2021-03-24,Tuolumne,109,53932,3903,3961,38,3999,57
2021-03-24,Ventura,111,848112,79687,78993,2840,81833,944
2021-03-24,Yolo,113,214977,13301,13269,241,13510,194
2021-03-24,Yuba,115,75493,5698,5634,97,5731,42
2021-03-23,Alameda,001,1643700,83369,82799,1769,84568,1190
2021-03-23,Alpine,003,1148,85,84,0,84,0
2021-03-23,Amador,005,37829,3549,3524,32,3556,45
2021-03-23,Butte,007,227075,11634,11227,1653,12880,187
2021-03-23,Calaveras,009,45235,1990,1971,11,1982,50
2021-03-23,Colusa,011,21464,1888,1885,272,2157,14
2021-03-23,Contra Costa,013,1133247,65367,64491,1112,65603,750
2021-03-23,Del Norte,015,27424,1157,1082,7,1089,6
2021-03-23,El Dorado,017,186661,9406,9318,623,9941,105
2021-03-23,Fresno,019,978130,99354,98362,8133,106495,1575
2021-03-23,Glenn,021,27897,2336,2293,518,2811,17
2021-03-23,Humboldt,023,135768,3430,3405,24,3429,34
2021-03-23,Imperial,025,180216,27542,27320,2544,29864,699
2021-03-23,Inyo,027,18085,1371,1364,9,1373,35
2021-03-23,Kern,029,883053,95138,93728,10186,103914,1191
2021-03-23,Kings,031,150075,22741,22439,1012,23451,237
2021-03-23,Lake,033,64148,3336,3294,8,3302,43
2021-03-23,Lassen,035,31185,5140,5130,99,5229,1
2021-03-23,Los Angeles,037,10098052,1186464,1176572,39574,1216146,22904
2021-03-23,Madera,039,155013,16061,15908,876,16784,210
2021-03-23,Marin,041,260295,13604,13514,190,13704,221
2021-03-23,Mariposa,043,17540,392,384,5,389,5
2021-03-23,Mendocino,045,87422,3744,3652,73,3725,45
2021-03-23,Merced,047,269075,29600,29485,974,30459,415
2021-03-23,Modoc,049,8938,350,342,119,461,3
2021-03-23,Mono,051,14174,1228,1263,17,1280,3
2021-03-23,Monterey,053,433212,42441,42180,1737,43917,335
2021-03-23,Napa,055,140530,9337,9299,34,9333,78
2021-03-23,Nevada,057,99092,4251,4179,175,4354,89
2021-03-23,Orange,059,3164182,250567,248661,10608,259269,4626
2021-03-23,Placer,061,380077,21411,20567,1208,21775,248
2021-03-23,Plumas,063,18699,666,652,10,662,4
2021-03-23,Riverside,065,2383286,288966,282317,13552,295869,4035
2021-03-23,Sacramento,067,1510023,98112,96521,1374,97895,1496
2021-03-23,San Benito,069,59416,5841,5845,92,5937,61
2021-03-23,San Bernardino,071,2135413,288722,284875,8683,293558,4134
2021-03-23,San Diego,073,3302833,269814,268156,13374,281530,3498
2021-03-23,San Francisco,075,870044,35082,35071,1171,36242,462
2021-03-23,San Joaquin,077,732212,69263,67903,3029,70932,1182
2021-03-23,San Luis Obispo,079,281455,20356,20009,614,20623,250
2021-03-23,San Mateo,081,765935,40526,40032,426,40458,348
2021-03-23,Santa Barbara,083,443738,33206,32771,1079,33850,438
2021-03-23,Santa Clara,085,1922200,113577,113645,634,114279,1848
2021-03-23,Santa Cruz,087,273765,15765,15106,790,15896,201
2021-03-23,Shasta,089,179085,11229,11234,1327,12561,175
2021-03-23,Sierra,091,2930,55,50,12,62,0
2021-03-23,Siskiyou,093,43540,1561,1485,253,1738,6
2021-03-23,Solano,095,438530,30660,30524,402,30926,178
2021-03-23,Sonoma,097,501317,28925,29020,254,29274,310
2021-03-23,Stanislaus,099,539301,52679,52148,5517,57665,677
2021-03-23,Sutter,101,95872,9058,9039,80,9119,104
2021-03-23,Tehama,103,63373,4749,4707,503,5210,46
2021-03-23,Trinity,105,12862,475,310,82,392,3
2021-03-23,Tulare,107,460477,49158,48095,8447,56542,808
2021-03-23,Tuolumne,109,53932,3900,3957,38,3995,57
2021-03-23,Ventura,111,848112,79626,78930,2837,81767,932
2021-03-23,Yolo,113,214977,13290,13255,241,13496,194
2021-03-23,Yuba,115,75493,5693,5628,97,5725,42
2021-03-22,Alameda,001,1643700,83276,82748,1763,84511,1189
2021-03-22,Alpine,003,1148,84,83,0,83,0
2021-03-22,Amador,005,37829,3541,3522,32,3554,44
2021-03-22,Butte,007,227075,11625,11211,1651,12862,185
2021-03-22,Calaveras,009,45235,1986,1963,11,1974,49
2021-03-22,Colusa,011,21464,1886,1885,272,2157,13
2021-03-22,Contra Costa,013,1133247,65272,64432,1110,65542,740
2021-03-22,Del Norte,015,27424,1151,1082,7,1089,6
2021-03-22,El Dorado,017,186661,9390,9310,619,9929,105
2021-03-22,Fresno,019,978130,99256,98276,8120,106396,1556
2021-03-22,Glenn,021,27897,2328,2291,518,2809,17
2021-03-22,Humboldt,023,135768,3425,3403,24,3427,34
2021-03-22,Imperial,025,180216,27527,27302,2540,29842,699
2021-03-22,Inyo,027,18085,1368,1363,9,1372,35
2021-03-22,Kern,029,883053,95067,93675,10169,103844,1178
2021-03-22,Kings,031,150075,22728,22433,1007,23440,236
2021-03-22,Lake,033,64148,3335,3290,8,3298,43
2021-03-22,Lassen,035,31185,5138,5129,99,5228,1
2021-03-22,Los Angeles,037,10098052,1185945,1176205,39543,1215748,22843
2021-03-22,Madera,039,155013,16046,15904,876,16780,210
2021-03-22,Marin,041,260295,13595,13501,189,13690,221
2021-03-22,Mariposa,043,17540,391,381,5,386,5
2021-03-22,Mendocino,045,87422,3742,3653,73,3726,45
2021-03-22,Merced,047,269075,29557,29468,971,30439,413
2021-03-22,Modoc,049,8938,348,342,119,461,3
2021-03-22,Mono,051,14174,1223,1263,17,1280,3
2021-03-22,Monterey,053,433212,42425,42161,1735,43896,335
2021-03-22,Napa,055,140530,9326,9288,34,9322,77
2021-03-22,Nevada,057,99092,4241,4174,171,4345,89
2021-03-22,Orange,059,3164182,250416,248517,10574,259091,4599
2021-03-22,Placer,061,380077,21376,20543,1203,21746,242
2021-03-22,Plumas,063,18699,666,652,10,662,4
2021-03-22,Riverside,065,2383286,288866,282242,13541,295783,4009
2021-03-22,Sacramento,067,1510023,97934,96385,1365,97750,1493
2021-03-22,San Benito,069,59416,5838,5844,91,5935,61
2021-03-22,San Bernardino,071,2135413,288634,284771,8671,293442,4107
2021-03-22,San Diego,073,3302833,269602,267913,13354,281267,3494
2021-03-22,San Francisco,075,870044,35040,35040,1167,36207,462
2021-03-22,San Joaquin,077,732212,69171,67815,3011,70826,1182
2021-03-22,San Luis Obispo,079,281455,20332,20000,613,20613,250
2021-03-22,San Mateo,081,765935,40475,40024,425,40449,348
2021-03-22,Santa Barbara,083,443738,33162,32756,1077,33833,437
2021-03-22,Santa Clara,085,1922200,113457,113575,634,114209,1845
2021-03-22,Santa Cruz,087,273765,15753,15077,789,15866,201
2021-03-22,Shasta,089,179085,11215,11218,1326,12544,150
2021-03-22,Sierra,091,2930,55,50,12,62,0
2021-03-22,Siskiyou,093,43540,1560,1487,252,1739,5
2021-03-22,Solano,095,438530,30620,30490,398,30888,171
2021-03-22,Sonoma,097,501317,28896,29010,250,29260,310
2021-03-22,Stanislaus,099,539301,52595,52083,5512,57595,677
2021-03-22,Sutter,101,95872,9045,9024,80,9104,104
2021-03-22,Tehama,103,63373,4741,4704,503,5207,45
2021-03-22,Trinity,105,12862,475,310,82,392,3
2021-03-22,Tulare,107,460477,49143,48074,8427,56501,807
2021-03-22,Tuolumne,109,53932,3897,3954,38,3992,57
2021-03-22,Ventura,111,848112,79580,78890,2834,81724,927
2021-03-22,Yolo,113,214977,13278,13243,240,13483,190
2021-03-22,Yuba,115,75493,5682,5627,95,5722,42
2021-03-21,Alameda,001,1643700,83186,82684,1760,84444,1187
2021-03-21,Alpine,003,1148,84,83,0,83,0
2021-03-21,Amador,005,37829,3537,3519,32,3551,44
2021-03-21,Butte,007,227075,11609,11208,1646,12854,185
2021-03-21,Calaveras,009,45235,1980,1962,11,1973,49
2021-03-21,Colusa,011,21464,1886,1885,272,2157,13
2021-03-21,Contra Costa,013,1133247,65190,64382,1106,65488,740
2021-03-21,Del Norte,015,27424,1136,1076,7,1083,6
2021-03-21,El Dorado,017,186661,9380,9302,614,9916,105
2021-03-21,Fresno,019,978130,99142,98211,8096,106307,1556
2021-03-21,Glenn,021,27897,2325,2288,517,2805,17
2021-03-21,Humboldt,023,135768,3420,3402,24,3426,34
2021-03-21,Imperial,025,180216,27510,27267,2535,29802,699
2021-03-21,Inyo,027,18085,1368,1363,9,1372,35
2021-03-21,Kern,029,883053,95001,93649,10160,103809,1170
2021-03-21,Kings,031,150075,22711,22422,1007,23429,236
2021-03-21,Lake,033,64148,3331,3286,8,3294,43
2021-03-21,Lassen,035,31185,5138,5129,99,5228,1
2021-03-21,Los Angeles,037,10098052,1185409,1175684,39496,1215180,22834
2021-03-21,Madera,039,155013,16026,15895,874,16769,210
2021-03-21,Marin,041,260295,13579,13495,188,13683,220
2021-03-21,Mariposa,043,17540,391,381,5,386,5
2021-03-21,Mendocino,045,87422,3739,3651,73,3724,45
2021-03-21,Merced,047,269075,29497,29446,965,30411,413
2021-03-21,Modoc,049,8938,348,341,119,460,3
2021-03-21,Mono,051,14174,1218,1263,17,1280,3
2021-03-21,Monterey,053,433212,42400,42153,1732,43885,335
2021-03-21,Napa,055,140530,9306,9282,34,9316,77
2021-03-21,Nevada,057,99092,4228,4169,171,4340,89
2021-03-21,Orange,059,3164182,250283,248442,10547,258989,4598
2021-03-21,Placer,061,380077,21340,20520,1195,21715,242
2021-03-21,Plumas,063,18699,666,653,10,663,4
2021-03-21,Riverside,065,2383286,288759,282187,13530,295717,4009
2021-03-21,Sacramento,067,1510023,97740,96269,1358,97627,1489
2021-03-21,San Benito,069,59416,5832,5842,91,5933,61
2021-03-21,San Bernardino,071,2135413,288544,284732,8665,293397,4094
2021-03-21,San Diego,073,3302833,269342,267724,13328,281052,3494
2021-03-21,San Francisco,075,870044,34993,35012,1161,36173,460
2021-03-21,San Joaquin,077,732212,69049,67729,2993,70722,1182
2021-03-21,San Luis Obispo,079,281455,20300,19979,611,20590,250
2021-03-21,San Mateo,081,765935,40430,39988,424,40412,344
2021-03-21,Santa Barbara,083,443738,33123,32743,1076,33819,437
2021-03-21,Santa Clara,085,1922200,113328,113487,631,114118,1840
2021-03-21,Santa Cruz,087,273765,15746,15064,789,15853,199
2021-03-21,Shasta,089,179085,11195,11215,1325,12540,150
2021-03-21,Sierra,091,2930,55,50,12,62,0
2021-03-21,Siskiyou,093,43540,1560,1486,251,1737,5
2021-03-21,Solano,095,438530,30580,30474,395,30869,171
2021-03-21,Sonoma,097,501317,28867,28986,249,29235,310
2021-03-21,Stanislaus,099,539301,52505,52014,5510,57524,677
2021-03-21,Sutter,101,95872,9032,9021,80,9101,104
2021-03-21,Tehama,103,63373,4737,4701,503,5204,45
2021-03-21,Trinity,105,12862,473,310,82,392,3
2021-03-21,Tulare,107,460477,49127,48060,8415,56475,807
2021-03-21,Tuolumne,109,53932,3895,3953,38,3991,57
2021-03-21,Ventura,111,848112,79517,78863,2829,81692,927
2021-03-21,Yolo,113,214977,13256,13235,240,13475,190
2021-03-21,Yuba,115,75493,5672,5624,95,5719,42
2021-03-20,Alameda,001,1643700,83118,82614,1758,84372,1178
2021-03-20,Alpine,003,1148,84,83,0,83,0
2021-03-20,Amador,005,37829,3535,3518,32,3550,44
2021-03-20,Butte,007,227075,11603,11199,1644,12843,185
2021-03-20,Calaveras,009,45235,1976,1961,11,1972,49
2021-03-20,Colusa,011,21464,1886,1883,272,2155,12
2021-03-20,Contra Costa,013,1133247,65130,64313,1106,65419,713
2021-03-20,Del Norte,015,27424,1135,1075,7,1082,6
2021-03-20,El Dorado,017,186661,9374,9290,614,9904,105
2021-03-20,Fresno,019,978130,99082,98112,8089,106201,1532
2021-03-20,Glenn,021,27897,2324,2288,515,2803,17
2021-03-20,Humboldt,023,135768,3413,3399,24,3423,33
2021-03-20,Imperial,025,180216,27504,27239,2533,29772,695
2021-03-20,Inyo,027,18085,1368,1362,9,1371,35
2021-03-20,Kern,029,883053,94972,93606,10156,103762,1155
2021-03-20,Kings,031,150075,22706,22415,1006,23421,236
2021-03-20,Lake,033,64148,3327,3280,8,3288,43
2021-03-20,Lassen,035,31185,5138,5128,99,5227,1
2021-03-20,Los Angeles,037,10098052,1185107,1175290,39472,1214762,22810
2021-03-20,Madera,039,155013,16018,15891,873,16764,210
2021-03-20,Marin,041,260295,13567,13470,184,13654,220
2021-03-20,Mariposa,043,17540,390,381,5,386,5
2021-03-20,Mendocino,045,87422,3738,3639,73,3712,43
2021-03-20,Merced,047,269075,29466,29411,962,30373,412
2021-03-20,Modoc,049,8938,347,341,119,460,3
2021-03-20,Mono,051,14174,1218,1256,17,1273,3
2021-03-20,Monterey,053,433212,42391,42146,1731,43877,334
2021-03-20,Napa,055,140530,9298,9274,34,9308,77
2021-03-20,Nevada,057,99092,4217,4164,170,4334,89
2021-03-20,Orange,059,3164182,250202,248348,10536,258884,4522
2021-03-20,Placer,061,380077,21317,20505,1193,21698,242
2021-03-20,Plumas,063,18699,663,652,10,662,4
2021-03-20,Riverside,065,2383286,288684,282081,13526,295607,4000
2021-03-20,Sacramento,067,1510023,97629,96126,1355,97481,1488
2021-03-20,San Benito,069,59416,5828,5840,91,5931,61
2021-03-20,San Bernardino,071,2135413,288478,284690,8661,293351,3965
2021-03-20,San Diego,073,3302833,269171,267532,13321,280853,3493
2021-03-20,San Francisco,075,870044,34970,34968,1154,36122,453
2021-03-20,San Joaquin,077,732212,69008,67662,2986,70648,1161
2021-03-20,San Luis Obispo,079,281455,20284,19951,605,20556,250
2021-03-20,San Mateo,081,765935,40396,39958,423,40381,344
2021-03-20,Santa Barbara,083,443738,33098,32723,1075,33798,434
2021-03-20,Santa Clara,085,1922200,113236,113384,630,114014,1799
2021-03-20,Santa Cruz,087,273765,15730,15053,789,15842,199
2021-03-20,Shasta,089,179085,11189,11211,1325,12536,147
2021-03-20,Sierra,091,2930,55,50,12,62,0
2021-03-20,Siskiyou,093,43540,1560,1483,251,1734,5
2021-03-20,Solano,095,438530,30550,30439,395,30834,170
2021-03-20,Sonoma,097,501317,28852,28962,249,29211,309
2021-03-20,Stanislaus,099,539301,52449,51925,5503,57428,673
2021-03-20,Sutter,101,95872,9024,9014,80,9094,103
2021-03-20,Tehama,103,63373,4732,4696,501,5197,33
2021-03-20,Trinity,105,12862,472,310,82,392,3
2021-03-20,Tulare,107,460477,49112,48030,8398,56428,804
2021-03-20,Tuolumne,109,53932,3892,3950,38,3988,57
2021-03-20,Ventura,111,848112,79482,78818,2827,81645,922
2021-03-20,Yolo,113,214977,13252,13226,240,13466,190
2021-03-20,Yuba,115,75493,5669,5621,94,5715,42
2021-03-19,Alameda,001,1643700,83046,82499,1757,84256,1187
2021-03-19,Alpine,003,1148,83,82,0,82,0
2021-03-19,Amador,005,37829,3532,3515,32,3547,44
2021-03-19,Butte,007,227075,11595,11191,1641,12832,185
2021-03-19,Calaveras,009,45235,1975,1957,11,1968,49
2021-03-19,Colusa,011,21464,1885,1883,272,2155,12
2021-03-19,Contra Costa,013,1133247,65071,64195,1103,65298,737
2021-03-19,Del Norte,015,27424,1129,1071,5,1076,6
2021-03-19,El Dorado,017,186661,9365,9274,614,9888,105
2021-03-19,Fresno,019,978130,98998,97969,8076,106045,1527
2021-03-19,Glenn,021,27897,2324,2282,515,2797,17
2021-03-19,Humboldt,023,135768,3404,3388,24,3412,33
2021-03-19,Imperial,025,180216,27492,27218,2529,29747,695
2021-03-19,Inyo,027,18085,1366,1356,9,1365,35
2021-03-19,Kern,029,883053,94939,93534,10143,103677,1152
2021-03-19,Kings,031,150075,22697,22369,1003,23372,235
2021-03-19,Lake,033,64148,3321,3262,8,3270,43
2021-03-19,Lassen,035,31185,5138,5126,99,5225,1
2021-03-19,Los Angeles,037,10098052,1184768,1174818,39456,1214274,22752
2021-03-19,Madera,039,155013,16011,15877,872,16749,210
2021-03-19,Marin,041,260295,13555,13441,184,13625,220
2021-03-19,Mariposa,043,17540,389,380,5,385,5
2021-03-19,Mendocino,045,87422,3737,3639,73,3712,45
2021-03-19,Merced,047,269075,29439,29376,960,30336,412
2021-03-19,Modoc,049,8938,347,341,119,460,3
2021-03-19,Mono,051,14174,1216,1244,17,1261,3
2021-03-19,Monterey,053,433212,42382,42125,1729,43854,335
2021-03-19,Napa,055,140530,9286,9256,34,9290,77
2021-03-19,Nevada,057,99092,4206,4156,170,4326,88
2021-03-19,Orange,059,3164182,250102,248146,10527,258673,4501
2021-03-19,Placer,061,380077,21299,20451,1191,21642,242
2021-03-19,Plumas,063,18699,663,650,10,660,4
2021-03-19,Riverside,065,2383286,288601,281937,13521,295458,3989
2021-03-19,Sacramento,067,1510023,97526,95934,1352,97286,1486
2021-03-19,San Benito,069,59416,5828,5845,91,5936,61
2021-03-19,San Bernardino,071,2135413,288405,284501,8659,293160,4017
2021-03-19,San Diego,073,3302833,269036,267173,13311,280484,3491
2021-03-19,San Francisco,075,870044,34925,34936,1151,36087,461
2021-03-19,San Joaquin,077,732212,68938,67515,2972,70487,1180
2021-03-19,San Luis Obispo,079,281455,20264,19913,603,20516,249
2021-03-19,San Mateo,081,765935,40372,39893,423,40316,344
2021-03-19,Santa Barbara,083,443738,33068,32685,1074,33759,435
2021-03-19,Santa Clara,085,1922200,113161,113232,629,113861,1797
2021-03-19,Santa Cruz,087,273765,15723,15026,789,15815,199
2021-03-19,Shasta,089,179085,11182,11104,1323,12427,103
2021-03-19,Sierra,091,2930,54,49,12,61,0
2021-03-19,Siskiyou,093,43540,1560,1480,250,1730,5
2021-03-19,Solano,095,438530,30520,30395,393,30788,172
2021-03-19,Sonoma,097,501317,28831,28932,247,29179,292
2021-03-19,Stanislaus,099,539301,52391,51755,5500,57255,679
2021-03-19,Sutter,101,95872,9022,9005,80,9085,103
2021-03-19,Tehama,103,63373,4725,4685,501,5186,33
2021-03-19,Trinity,105,12862,472,310,82,392,3
2021-03-19,Tulare,107,460477,49089,47989,8375,56364,805
2021-03-19,Tuolumne,109,53932,3889,3946,38,3984,57
2021-03-19,Ventura,111,848112,79449,78753,2823,81576,920
2021-03-19,Yolo,113,214977,13244,13197,240,13437,189
2021-03-19,Yuba,115,75493,5666,5615,93,5708,42
2021-03-18,Alameda,001,1643700,82966,82419,1754,84173,1189
2021-03-18,Alpine,003,1148,83,82,0,82,0
2021-03-18,Amador,005,37829,3528,3513,32,3545,44
2021-03-18,Butte,007,227075,11584,11179,1639,12818,185
2021-03-18,Calaveras,009,45235,1973,1954,11,1965,49
2021-03-18,Colusa,011,21464,1885,1882,272,2154,12
2021-03-18,Contra Costa,013,1133247,64998,64103,1100,65203,739
2021-03-18,Del Norte,015,27424,1120,1059,5,1064,6
2021-03-18,El Dorado,017,186661,9352,9261,613,9874,105
2021-03-18,Fresno,019,978130,98901,97856,8061,105917,1527
2021-03-18,Glenn,021,27897,2320,2275,514,2789,17
2021-03-18,Humboldt,023,135768,3396,3381,24,3405,34
2021-03-18,Imperial,025,180216,27477,27190,2524,29714,695
2021-03-18,Inyo,027,18085,1363,1354,9,1363,35
2021-03-18,Kern,029,883053,94882,93458,10129,103587,1158
2021-03-18,Kings,031,150075,22690,22354,1002,23356,235
2021-03-18,Lake,033,64148,3318,3260,8,3268,43
2021-03-18,Lassen,035,31185,5137,5126,99,5225,1
2021-03-18,Los Angeles,037,10098052,1184336,1174205,39427,1213632,22689
2021-03-18,Madera,039,155013,15999,15860,869,16729,211
2021-03-18,Marin,041,260295,13537,13435,183,13618,219
2021-03-18,Mariposa,043,17540,387,380,5,385,5
2021-03-18,Mendocino,045,87422,3727,3630,73,3703,45
2021-03-18,Merced,047,269075,29404,29317,960,30277,410
2021-03-18,Modoc,049,8938,347,341,119,460,3
2021-03-18,Mono,051,14174,1212,1215,16,1231,3
2021-03-18,Monterey,053,433212,42370,42105,1729,43834,335
2021-03-18,Napa,055,140530,9277,9243,34,9277,77
2021-03-18,Nevada,057,99092,4199,4154,170,4324,74
2021-03-18,Orange,059,3164182,249999,248050,10514,258564,4514
2021-03-18,Placer,061,380077,21267,20421,1188,21609,243
2021-03-18,Plumas,063,18699,661,648,10,658,4
2021-03-18,Riverside,065,2383286,288520,281789,13514,295303,3957
2021-03-18,Sacramento,067,1510023,97378,95819,1348,97167,1481
2021-03-18,San Benito,069,59416,5826,5842,91,5933,61
2021-03-18,San Bernardino,071,2135413,288322,284294,8629,292923,4076
2021-03-18,San Diego,073,3302833,268883,266752,13301,280053,3478
2021-03-18,San Francisco,075,870044,34886,34904,1150,36054,461
2021-03-18,San Joaquin,077,732212,68838,67301,2960,70261,1169
2021-03-18,San Luis Obispo,079,281455,20235,19894,602,20496,249
2021-03-18,San Mateo,081,765935,40331,39874,423,40297,344
2021-03-18,Santa Barbara,083,443738,33027,32640,1074,33714,434
2021-03-18,Santa Clara,085,1922200,113044,113119,625,113744,1808
2021-03-18,Santa Cruz,087,273765,15713,14998,789,15787,198
2021-03-18,Shasta,089,179085,11168,11059,1321,12380,100
2021-03-18,Sierra,091,2930,54,49,12,61,0
2021-03-18,Siskiyou,093,43540,1557,1480,249,1729,5
2021-03-18,Solano,095,438530,30478,30352,390,30742,172
2021-03-18,Sonoma,097,501317,28810,28915,245,29160,292
2021-03-18,Stanislaus,099,539301,52319,51615,5496,57111,682
2021-03-18,Sutter,101,95872,9010,8999,80,9079,103
2021-03-18,Tehama,103,63373,4719,4683,500,5183,35
2021-03-18,Trinity,105,12862,472,310,82,392,3
2021-03-18,Tulare,107,460477,49070,47964,8360,56324,805
2021-03-18,Tuolumne,109,53932,3888,3942,38,3980,57
2021-03-18,Ventura,111,848112,79389,78697,2823,81520,918
2021-03-18,Yolo,113,214977,13231,13183,240,13423,191
2021-03-18,Yuba,115,75493,5662,5612,93,5705,42
2021-03-17,Alameda,001,1643700,82890,82353,1749,84102,1185
2021-03-17,Alpine,003,1148,83,82,0,82,0
2021-03-17,Amador,005,37829,3526,3511,32,3543,44
2021-03-17,Butte,007,227075,11575,11170,1637,12807,185
2021-03-17,Calaveras,009,45235,1970,1946,11,1957,49
2021-03-17,Colusa,011,21464,1884,1882,272,2154,12
2021-03-17,Contra Costa,013,1133247,64929,64026,1099,65125,737
2021-03-17,Del Norte,015,27424,1116,1053,5,1058,6
2021-03-17,El Dorado,017,186661,9342,9252,613,9865,105
2021-03-17,Fresno,019,978130,98790,97727,8043,105770,1507
2021-03-17,Glenn,021,27897,2313,2269,513,2782,17
2021-03-17,Humboldt,023,135768,3388,3365,24,3389,33
2021-03-17,Imperial,025,180216,27460,27168,2521,29689,691
2021-03-17,Inyo,027,18085,1361,1351,9,1360,35
2021-03-17,Kern,029,883053,94826,93392,10116,103508,1149
2021-03-17,Kings,031,150075,22674,22336,1001,23337,233
2021-03-17,Lake,033,64148,3311,3251,8,3259,43
2021-03-17,Lassen,035,31185,5136,5125,99,5224,1
2021-03-17,Los Angeles,037,10098052,1183883,1173416,39394,1212810,22602
2021-03-17,Madera,039,155013,15992,15835,869,16704,214
2021-03-17,Marin,041,260295,13520,13428,182,13610,218
2021-03-17,Mariposa,043,17540,387,379,5,384,5
2021-03-17,Mendocino,045,87422,3723,3625,73,3698,44
2021-03-17,Merced,047,269075,29376,29250,956,30206,408
2021-03-17,Modoc,049,8938,347,341,119,460,3
2021-03-17,Mono,051,14174,1210,1212,16,1228,3
2021-03-17,Monterey,053,433212,42352,42061,1726,43787,334
2021-03-17,Napa,055,140530,9262,9219,34,9253,76
2021-03-17,Nevada,057,99092,4189,4145,170,4315,74
2021-03-17,Orange,059,3164182,249880,247943,10486,258429,4502
2021-03-17,Placer,061,380077,21239,20369,1186,21555,243
2021-03-17,Plumas,063,18699,660,645,10,655,4
2021-03-17,Riverside,065,2383286,288405,281649,13506,295155,3925
2021-03-17,Sacramento,067,1510023,97250,95650,1343,96993,1477
2021-03-17,San Benito,069,59416,5823,5841,91,5932,61
2021-03-17,San Bernardino,071,2135413,288205,284170,8624,292794,4049
2021-03-17,San Diego,073,3302833,268672,266313,13283,279596,3470
2021-03-17,San Francisco,075,870044,34851,34873,1149,36022,457
2021-03-17,San Joaquin,077,732212,68753,67093,2944,70037,1164
2021-03-17,San Luis Obispo,079,281455,20212,19858,598,20456,249
2021-03-17,San Mateo,081,765935,40301,39838,422,40260,344
2021-03-17,Santa Barbara,083,443738,33005,32585,1073,33658,433
2021-03-17,Santa Clara,085,1922200,112951,112983,624,113607,1805
2021-03-17,Santa Cruz,087,273765,15705,14967,789,15756,199
2021-03-17,Shasta,089,179085,11163,11045,1318,12363,100
2021-03-17,Sierra,091,2930,54,49,12,61,0
2021-03-17,Siskiyou,093,43540,1556,1479,247,1726,5
2021-03-17,Solano,095,438530,30452,30320,388,30708,171
2021-03-17,Sonoma,097,501317,28786,28877,244,29121,292
2021-03-17,Stanislaus,099,539301,52244,51524,5489,57013,682
2021-03-17,Sutter,101,95872,9000,8982,80,9062,103
2021-03-17,Tehama,103,63373,4714,4670,500,5170,34
2021-03-17,Trinity,105,12862,472,308,82,390,3
2021-03-17,Tulare,107,460477,49050,47929,8350,56279,805
2021-03-17,Tuolumne,109,53932,3885,3938,38,3976,57
2021-03-17,Ventura,111,848112,79333,78648,2820,81468,916
2021-03-17,Yolo,113,214977,13214,13169,240,13409,190
2021-03-17,Yuba,115,75493,5659,5603,93,5696,42
2021-03-16,Alameda,001,1643700,82778,82259,1747,84006,1177
2021-03-16,Alpine,003,1148,83,82,0,82,0
2021-03-16,Amador,005,37829,3524,3510,32,3542,44
2021-03-16,Butte,007,227075,11563,11154,1636,12790,184
2021-03-16,Calaveras,009,45235,1965,1945,11,1956,49
2021-03-16,Colusa,011,21464,1883,1882,272,2154,12
2021-03-16,Contra Costa,013,1133247,64846,63951,1096,65047,736
2021-03-16,Del Norte,015,27424,1108,1048,5,1053,6
2021-03-16,El Dorado,017,186661,9327,9249,613,9862,105
2021-03-16,Fresno,019,978130,98652,97638,8023,105661,1498
2021-03-16,Glenn,021,27897,2305,2267,509,2776,17
2021-03-16,Humboldt,023,135768,3384,3351,24,3375,33
2021-03-16,Imperial,025,180216,27449,27143,2518,29661,689
2021-03-16,Inyo,027,18085,1360,1346,9,1355,35
2021-03-16,Kern,029,883053,94760,93340,10101,103441,1144
2021-03-16,Kings,031,150075,22638,22320,1000,23320,233
2021-03-16,Lake,033,64148,3303,3246,8,3254,43
2021-03-16,Lassen,035,31185,5135,5126,99,5225,1
2021-03-16,Los Angeles,037,10098052,1183350,1172676,39356,1212032,22527
2021-03-16,Madera,039,155013,15976,15822,867,16689,214
2021-03-16,Marin,041,260295,13502,13419,182,13601,218
2021-03-16,Mariposa,043,17540,384,379,5,384,5
2021-03-16,Mendocino,045,87422,3718,3623,73,3696,44
2021-03-16,Merced,047,269075,29323,29198,955,30153,407
2021-03-16,Modoc,049,8938,347,341,119,460,3
2021-03-16,Mono,051,14174,1209,1207,16,1223,3
2021-03-16,Monterey,053,433212,42333,42023,1726,43749,334
2021-03-16,Napa,055,140530,9252,9209,34,9243,75
2021-03-16,Nevada,057,99092,4180,4132,169,4301,67
2021-03-16,Orange,059,3164182,249741,247843,10467,258310,4479
2021-03-16,Placer,061,380077,21207,20339,1182,21521,240
2021-03-16,Plumas,063,18699,659,643,10,653,4
2021-03-16,Riverside,065,2383286,288291,281540,13494,295034,3893
2021-03-16,Sacramento,067,1510023,97107,95522,1339,96861,1466
2021-03-16,San Benito,069,59416,5818,5831,91,5922,61
2021-03-16,San Bernardino,071,2135413,288076,283980,8617,292597,4032
2021-03-16,San Diego,073,3302833,268440,265903,13270,279173,3462
2021-03-16,San Francisco,075,870044,34822,34833,1144,35977,456
2021-03-16,San Joaquin,077,732212,68651,66856,2931,69787,1163
2021-03-16,San Luis Obispo,079,281455,20182,19832,596,20428,248
2021-03-16,San Mateo,081,765935,40267,39806,420,40226,344
2021-03-16,Santa Barbara,083,443738,32973,32556,1072,33628,433
2021-03-16,Santa Clara,085,1922200,112833,112845,621,113466,1797
2021-03-16,Santa Cruz,087,273765,15699,14926,789,15715,199
2021-03-16,Shasta,089,179085,11147,11035,1316,12351,100
2021-03-16,Sierra,091,2930,53,49,12,61,0
2021-03-16,Siskiyou,093,43540,1553,1477,247,1724,5
2021-03-16,Solano,095,438530,30418,30298,386,30684,171
2021-03-16,Sonoma,097,501317,28753,28850,242,29092,291
2021-03-16,Stanislaus,099,539301,52164,51410,5482,56892,683
2021-03-16,Sutter,101,95872,8992,8970,80,9050,102
2021-03-16,Tehama,103,63373,4711,4660,499,5159,34
2021-03-16,Trinity,105,12862,472,308,81,389,3
2021-03-16,Tulare,107,460477,49002,47895,8342,56237,803
2021-03-16,Tuolumne,109,53932,3882,3938,38,3976,57
2021-03-16,Ventura,111,848112,79267,78671,2813,81484,916
2021-03-16,Yolo,113,214977,13199,13162,240,13402,190
2021-03-16,Yuba,115,75493,5656,5596,92,5688,42
2021-03-15,Alameda,001,1643700,82689,82159,1747,83906,1167
2021-03-15,Alpine,003,1148,83,82,0,82,0
2021-03-15,Amador,005,37829,3523,3506,32,3538,44
2021-03-15,Butte,007,227075,11550,11141,1632,12773,185
2021-03-15,Calaveras,009,45235,1964,1941,11,1952,49
2021-03-15,Colusa,011,21464,1883,1883,272,2155,12
2021-03-15,Contra Costa,013,1133247,64784,63847,1095,64942,732
2021-03-15,Del Norte,015,27424,1105,1048,5,1053,6
2021-03-15,El Dorado,017,186661,9321,9235,612,9847,103
2021-03-15,Fresno,019,978130,98525,97520,8008,105528,1496
2021-03-15,Glenn,021,27897,2300,2261,506,2767,15
2021-03-15,Humboldt,023,135768,3378,3337,24,3361,32
2021-03-15,Imperial,025,180216,27429,27122,2515,29637,684
2021-03-15,Inyo,027,18085,1360,1346,9,1355,35
2021-03-15,Kern,029,883053,94700,93266,10094,103360,1141
2021-03-15,Kings,031,150075,22621,22294,994,23288,233
2021-03-15,Lake,033,64148,3291,3237,8,3245,43
2021-03-15,Lassen,035,31185,5135,5125,99,5224,1
2021-03-15,Los Angeles,037,10098052,1182778,1172445,39324,1211769,22477
2021-03-15,Madera,039,155013,15965,15806,865,16671,214
2021-03-15,Marin,041,260295,13496,13408,181,13589,218
2021-03-15,Mariposa,043,17540,384,376,5,381,5
2021-03-15,Mendocino,045,87422,3714,3615,73,3688,44
2021-03-15,Merced,047,269075,29285,29169,953,30122,407
2021-03-15,Modoc,049,8938,347,340,119,459,3
2021-03-15,Mono,051,14174,1208,1206,16,1222,3
2021-03-15,Monterey,053,433212,42305,42011,1723,43734,333
2021-03-15,Napa,055,140530,9241,9196,34,9230,75
2021-03-15,Nevada,057,99092,4175,4123,168,4291,66
2021-03-15,Orange,059,3164182,249628,247697,10447,258144,4481
2021-03-15,Placer,061,380077,21184,20308,1182,21490,238
2021-03-15,Plumas,063,18699,659,642,10,652,4
2021-03-15,Riverside,065,2383286,288139,281367,13484,294851,3856
2021-03-15,Sacramento,067,1510023,96954,95414,1333,96747,1463
2021-03-15,San Benito,069,59416,5815,5831,91,5922,61
2021-03-15,San Bernardino,071,2135413,287984,283815,8609,292424,4004
2021-03-15,San Diego,073,3302833,268191,265646,13254,278900,3452
2021-03-15,San Francisco,075,870044,34787,34820,1140,35960,456
2021-03-15,San Joaquin,077,732212,68547,66622,2919,69541,1140
2021-03-15,San Luis Obispo,079,281455,20151,19813,592,20405,247
2021-03-15,San Mateo,081,765935,40213,39765,420,40185,344
2021-03-15,Santa Barbara,083,443738,32950,32529,1069,33598,431
2021-03-15,Santa Clara,085,1922200,112732,112729,619,113348,1798
2021-03-15,Santa Cruz,087,273765,15693,14899,788,15687,200
2021-03-15,Shasta,089,179085,11131,11019,1311,12330,92
2021-03-15,Sierra,091,2930,53,49,12,61,0
2021-03-15,Siskiyou,093,43540,1553,1475,247,1722,5
2021-03-15,Solano,095,438530,30389,30258,385,30643,171
2021-03-15,Sonoma,097,501317,28735,28814,239,29053,285
2021-03-15,Stanislaus,099,539301,52086,51357,5475,56832,683
2021-03-15,Sutter,101,95872,8986,8962,80,9042,102
2021-03-15,Tehama,103,63373,4696,4650,498,5148,34
2021-03-15,Trinity,105,12862,472,308,81,389,3
2021-03-15,Tulare,107,460477,48972,47857,8327,56184,800
2021-03-15,Tuolumne,109,53932,3880,3937,37,3974,57
2021-03-15,Ventura,111,848112,79211,78626,2812,81438,910
2021-03-15,Yolo,113,214977,13180,13131,238,13369,190
2021-03-15,Yuba,115,75493,5651,5585,91,5676,42
2021-03-14,Alameda,001,1643700,82606,82116,1744,83860,1168
2021-03-14,Alpine,003,1148,83,82,0,82,0
2021-03-14,Amador,005,37829,3518,3504,32,3536,44
2021-03-14,Butte,007,227075,11537,11140,1628,12768,185
2021-03-14,Calaveras,009,45235,1960,1939,11,1950,49
2021-03-14,Colusa,011,21464,1883,1883,272,2155,12
2021-03-14,Contra Costa,013,1133247,64680,63808,1094,64902,731
2021-03-14,Del Norte,015,27424,1091,1048,5,1053,6
2021-03-14,El Dorado,017,186661,9311,9231,612,9843,103
2021-03-14,Fresno,019,978130,98417,97461,7990,105451,1496
2021-03-14,Glenn,021,27897,2295,2260,503,2763,15
2021-03-14,Humboldt,023,135768,3364,3335,24,3359,32
2021-03-14,Imperial,025,180216,27414,27122,2510,29632,685
2021-03-14,Inyo,027,18085,1356,1346,9,1355,35
2021-03-14,Kern,029,883053,94617,93252,10076,103328,1141
2021-03-14,Kings,031,150075,22602,22292,992,23284,232
2021-03-14,Lake,033,64148,3286,3237,8,3245,43
2021-03-14,Lassen,035,31185,5133,5125,99,5224,1
2021-03-14,Los Angeles,037,10098052,1182207,1172100,39291,1211391,22476
2021-03-14,Madera,039,155013,15940,15804,865,16669,214
2021-03-14,Marin,041,260295,13480,13405,179,13584,218
2021-03-14,Mariposa,043,17540,382,376,5,381,5
2021-03-14,Mendocino,045,87422,3709,3613,73,3686,44
2021-03-14,Merced,047,269075,29217,29149,949,30098,407
2021-03-14,Modoc,049,8938,347,340,119,459,3
2021-03-14,Mono,051,14174,1202,1206,16,1222,3
2021-03-14,Monterey,053,433212,42281,42007,1720,43727,333
2021-03-14,Napa,055,140530,9223,9194,34,9228,75
2021-03-14,Nevada,057,99092,4169,4122,166,4288,66
2021-03-14,Orange,059,3164182,249494,247656,10427,258083,4460
2021-03-14,Placer,061,380077,21149,20288,1174,21462,238
2021-03-14,Plumas,063,18699,657,642,10,652,4
2021-03-14,Riverside,065,2383286,287981,281332,13476,294808,3845
2021-03-14,Sacramento,067,1510023,96776,95343,1328,96671,1462
2021-03-14,San Benito,069,59416,5806,5829,91,5920,61
2021-03-14,San Bernardino,071,2135413,287861,283791,8598,292389,3996
2021-03-14,San Diego,073,3302833,267956,265468,13241,278709,3452
2021-03-14,San Francisco,075,870044,34748,34810,1137,35947,455
2021-03-14,San Joaquin,077,732212,68419,66563,2902,69465,1140
2021-03-14,San Luis Obispo,079,281455,20123,19806,590,20396,247
2021-03-14,San Mateo,081,765935,40174,39744,420,40164,342
2021-03-14,Santa Barbara,083,443738,32906,32514,1067,33581,431
2021-03-14,Santa Clara,085,1922200,112604,112648,618,113266,1796
2021-03-14,Santa Cruz,087,273765,15677,14887,786,15673,200
2021-03-14,Shasta,089,179085,11115,11019,1304,12323,92
2021-03-14,Sierra,091,2930,53,49,12,61,0
2021-03-14,Siskiyou,093,43540,1550,1473,247,1720,5
2021-03-14,Solano,095,438530,30357,30230,380,30610,171
2021-03-14,Sonoma,097,501317,28700,28798,235,29033,284
2021-03-14,Stanislaus,099,539301,51966,51306,5467,56773,690
2021-03-14,Sutter,101,95872,8970,8958,80,9038,102
2021-03-14,Tehama,103,63373,4689,4650,497,5147,34
2021-03-14,Trinity,105,12862,471,308,80,388,3
2021-03-14,Tulare,107,460477,48939,47845,8306,56151,800
2021-03-14,Tuolumne,109,53932,3878,3937,37,3974,57
2021-03-14,Ventura,111,848112,79163,78611,2806,81417,910
2021-03-14,Yolo,113,214977,13157,13128,235,13363,189
2021-03-14,Yuba,115,75493,5641,5583,91,5674,42
2021-03-13,Alameda,001,1643700,82546,82010,1744,83754,1168
2021-03-13,Alpine,003,1148,83,82,0,82,0
2021-03-13,Amador,005,37829,3515,3504,32,3536,44
2021-03-13,Butte,007,227075,11528,11131,1627,12758,185
2021-03-13,Calaveras,009,45235,1959,1939,11,1950,49
2021-03-13,Colusa,011,21464,1883,1882,272,2154,12
2021-03-13,Contra Costa,013,1133247,64619,63689,1094,64783,731
2021-03-13,Del Norte,015,27424,1087,1041,5,1046,6
2021-03-13,El Dorado,017,186661,9303,9221,612,9833,103
2021-03-13,Fresno,019,978130,98358,97324,7970,105294,1495
2021-03-13,Glenn,021,27897,2294,2260,502,2762,15
2021-03-13,Humboldt,023,135768,3357,3325,24,3349,32
2021-03-13,Imperial,025,180216,27408,27099,2506,29605,677
2021-03-13,Inyo,027,18085,1355,1344,9,1353,35
2021-03-13,Kern,029,883053,94578,93197,10070,103267,1140
2021-03-13,Kings,031,150075,22586,22265,991,23256,232
2021-03-13,Lake,033,64148,3279,3234,7,3241,43
2021-03-13,Lassen,035,31185,5133,5125,99,5224,1
2021-03-13,Los Angeles,037,10098052,1181890,1171505,39249,1210754,22451
2021-03-13,Madera,039,155013,15928,15780,865,16645,214
2021-03-13,Marin,041,260295,13474,13391,177,13568,218
2021-03-13,Mariposa,043,17540,381,376,5,381,5
2021-03-13,Mendocino,045,87422,3705,3611,73,3684,44
2021-03-13,Merced,047,269075,29186,29106,949,30055,406
2021-03-13,Modoc,049,8938,347,340,118,458,3
2021-03-13,Mono,051,14174,1202,1207,16,1223,3
2021-03-13,Monterey,053,433212,42271,41989,1718,43707,332
2021-03-13,Napa,055,140530,9217,9190,34,9224,75
2021-03-13,Nevada,057,99092,4162,4111,165,4276,66
2021-03-13,Orange,059,3164182,249413,247514,10411,257925,4423
2021-03-13,Placer,061,380077,21128,20238,1171,21409,239
2021-03-13,Plumas,063,18699,655,642,10,652,4
2021-03-13,Riverside,065,2383286,287889,281191,13468,294659,3848
2021-03-13,Sacramento,067,1510023,96690,95192,1326,96518,1461
2021-03-13,San Benito,069,59416,5803,5823,91,5914,61
2021-03-13,San Bernardino,071,2135413,287807,283727,8592,292319,3972
2021-03-13,San Diego,073,3302833,267801,265270,13227,278497,3444
2021-03-13,San Francisco,075,870044,34731,34784,1128,35912,455
2021-03-13,San Joaquin,077,732212,68363,66480,2880,69360,1141
2021-03-13,San Luis Obispo,079,281455,20105,19789,589,20378,247
2021-03-13,San Mateo,081,765935,40147,39689,419,40108,341
2021-03-13,Santa Barbara,083,443738,32881,32486,1066,33552,431
2021-03-13,Santa Clara,085,1922200,112519,112531,617,113148,1790
2021-03-13,Santa Cruz,087,273765,15670,14875,786,15661,199
2021-03-13,Shasta,089,179085,11107,11021,1301,12322,108
2021-03-13,Sierra,091,2930,52,49,12,61,0
2021-03-13,Siskiyou,093,43540,1548,1470,247,1717,5
2021-03-13,Solano,095,438530,30340,30198,380,30578,171
2021-03-13,Sonoma,097,501317,28680,28762,231,28993,285
2021-03-13,Stanislaus,099,539301,51915,51257,5462,56719,695
2021-03-13,Sutter,101,95872,8963,8948,80,9028,102
2021-03-13,Tehama,103,63373,4687,4647,497,5144,33
2021-03-13,Trinity,105,12862,471,306,80,386,3
2021-03-13,Tulare,107,460477,48913,47818,8298,56116,798
2021-03-13,Tuolumne,109,53932,3875,3937,37,3974,57
2021-03-13,Ventura,111,848112,79111,78693,2806,81499,906
2021-03-13,Yolo,113,214977,13148,13087,235,13322,189
2021-03-13,Yuba,115,75493,5640,5577,91,5668,42
2021-03-12,Alameda,001,1643700,82469,81898,1743,83641,1164
2021-03-12,Alpine,003,1148,83,82,0,82,0
2021-03-12,Amador,005,37829,3512,3503,32,3535,44
2021-03-12,Butte,007,227075,11518,11126,1625,12751,184
2021-03-12,Calaveras,009,45235,1959,1916,11,1927,49
2021-03-12,Colusa,011,21464,1883,1883,272,2155,12
2021-03-12,Contra Costa,013,1133247,64543,63583,1094,64677,728
2021-03-12,Del Norte,015,27424,1081,1033,5,1038,6
2021-03-12,El Dorado,017,186661,9294,9219,612,9831,103
2021-03-12,Fresno,019,978130,98261,97185,7959,105144,1489
2021-03-12,Glenn,021,27897,2293,2258,501,2759,15
2021-03-12,Humboldt,023,135768,3352,3315,24,3339,32
2021-03-12,Imperial,025,180216,27397,27071,2504,29575,677
2021-03-12,Inyo,027,18085,1353,1339,9,1348,35
2021-03-12,Kern,029,883053,94544,93142,10054,103196,1132
2021-03-12,Kings,031,150075,22567,22233,991,23224,232
2021-03-12,Lake,033,64148,3273,3226,6,3232,43
2021-03-12,Lassen,035,31185,5133,5125,98,5223,1
2021-03-12,Los Angeles,037,10098052,1181491,1170860,39232,1210092,22409
2021-03-12,Madera,039,155013,15916,15761,862,16623,214
2021-03-12,Marin,041,260295,13467,13375,177,13552,218
2021-03-12,Mariposa,043,17540,379,376,5,381,5
2021-03-12,Mendocino,045,87422,3702,3605,73,3678,43
2021-03-12,Merced,047,269075,29155,29064,949,30013,403
2021-03-12,Modoc,049,8938,347,340,118,458,3
2021-03-12,Mono,051,14174,1201,1206,16,1222,3
2021-03-12,Monterey,053,433212,42257,41964,1713,43677,329
2021-03-12,Napa,055,140530,9208,9180,34,9214,75
2021-03-12,Nevada,057,99092,4152,4101,165,4266,66
2021-03-12,Orange,059,3164182,249321,247388,10400,257788,4401
2021-03-12,Placer,061,380077,21095,20210,1166,21376,239
2021-03-12,Plumas,063,18699,654,641,10,651,4
2021-03-12,Riverside,065,2383286,287790,281037,13460,294497,3854
2021-03-12,Sacramento,067,1510023,96566,95061,1320,96381,1460
2021-03-12,San Benito,069,59416,5800,5817,91,5908,61
2021-03-12,San Bernardino,071,2135413,287751,283558,8587,292145,3917
2021-03-12,San Diego,073,3302833,267638,264886,13219,278105,3434
2021-03-12,San Francisco,075,870044,34710,34758,1125,35883,452
2021-03-12,San Joaquin,077,732212,68292,66482,2871,69353,1144
2021-03-12,San Luis Obispo,079,281455,20092,19769,587,20356,247
2021-03-12,San Mateo,081,765935,40111,39638,417,40055,341
2021-03-12,Santa Barbara,083,443738,32858,32457,1063,33520,429
2021-03-12,Santa Clara,085,1922200,112424,112396,616,113012,1766
2021-03-12,Santa Cruz,087,273765,15658,14846,784,15630,195
2021-03-12,Shasta,089,179085,11098,11143,1299,12442,153
2021-03-12,Sierra,091,2930,52,49,12,61,0
2021-03-12,Siskiyou,093,43540,1548,1468,246,1714,5
2021-03-12,Solano,095,438530,30321,30180,379,30559,171
2021-03-12,Sonoma,097,501317,28653,28714,231,28945,285
2021-03-12,Stanislaus,099,539301,51856,51146,5456,56602,701
2021-03-12,Sutter,101,95872,8957,8940,80,9020,101
2021-03-12,Tehama,103,63373,4683,4638,496,5134,33
2021-03-12,Trinity,105,12862,470,306,79,385,3
2021-03-12,Tulare,107,460477,48888,47772,8292,56064,798
2021-03-12,Tuolumne,109,53932,3874,3936,37,3973,57
2021-03-12,Ventura,111,848112,79065,78698,2802,81500,899
2021-03-12,Yolo,113,214977,13138,13061,228,13289,189
2021-03-12,Yuba,115,75493,5633,5563,90,5653,42
2021-03-11,Alameda,001,1643700,82377,81809,1738,83547,1164
2021-03-11,Alpine,003,1148,83,78,0,78,0
2021-03-11,Amador,005,37829,3511,3498,32,3530,42
2021-03-11,Butte,007,227075,11507,11110,1623,12733,185
2021-03-11,Calaveras,009,45235,1956,1915,11,1926,49
2021-03-11,Colusa,011,21464,1883,1883,272,2155,12
2021-03-11,Contra Costa,013,1133247,64470,63469,1092,64561,728
2021-03-11,Del Norte,015,27424,1076,1027,5,1032,6
2021-03-11,El Dorado,017,186661,9280,9211,612,9823,101
2021-03-11,Fresno,019,978130,98145,97026,7930,104956,1481
2021-03-11,Glenn,021,27897,2290,2255,501,2756,15
2021-03-11,Humboldt,023,135768,3335,3302,24,3326,32
2021-03-11,Imperial,025,180216,27390,27045,2501,29546,675
2021-03-11,Inyo,027,18085,1348,1335,9,1344,35
2021-03-11,Kern,029,883053,94488,93052,10015,103067,1121
2021-03-11,Kings,031,150075,22552,22183,988,23171,230
2021-03-11,Lake,033,64148,3269,3214,6,3220,42
2021-03-11,Lassen,035,31185,5132,5124,98,5222,1
2021-03-11,Los Angeles,037,10098052,1180958,1170111,39201,1209312,22316
2021-03-11,Madera,039,155013,15905,15725,860,16585,214
2021-03-11,Marin,041,260295,13455,13356,176,13532,217
2021-03-11,Mariposa,043,17540,379,376,5,381,5
2021-03-11,Mendocino,045,87422,3695,3604,73,3677,42
2021-03-11,Merced,047,269075,29107,29001,948,29949,401
2021-03-11,Modoc,049,8938,347,340,118,458,3
2021-03-11,Mono,051,14174,1200,1206,16,1222,3
2021-03-11,Monterey,053,433212,42234,41936,1707,43643,329
2021-03-11,Napa,055,140530,9195,9173,34,9207,75
2021-03-11,Nevada,057,99092,4140,4085,163,4248,66
2021-03-11,Orange,059,3164182,249183,247217,10382,257599,4373
2021-03-11,Placer,061,380077,21053,20178,1162,21340,239
2021-03-11,Plumas,063,18699,653,640,10,650,4
2021-03-11,Riverside,065,2383286,287620,280881,13447,294328,3842
2021-03-11,Sacramento,067,1510023,96425,94912,1317,96229,1455
2021-03-11,San Benito,069,59416,5797,5816,91,5907,61
2021-03-11,San Bernardino,071,2135413,287654,283312,8581,291893,3869
2021-03-11,San Diego,073,3302833,267473,264524,13203,277727,3422
2021-03-11,San Francisco,075,870044,34674,34722,1119,35841,452
2021-03-11,San Joaquin,077,732212,68180,66522,2863,69385,1157
2021-03-11,San Luis Obispo,079,281455,20067,19748,586,20334,247
2021-03-11,San Mateo,081,765935,40074,39590,416,40006,341
2021-03-11,Santa Barbara,083,443738,32830,32408,1058,33466,430
2021-03-11,Santa Clara,085,1922200,112295,112246,613,112859,1765
2021-03-11,Santa Cruz,087,273765,15646,14812,783,15595,193
2021-03-11,Shasta,089,179085,11088,11139,1294,12433,158
2021-03-11,Sierra,091,2930,52,48,12,60,0
2021-03-11,Siskiyou,093,43540,1545,1466,245,1711,5
2021-03-11,Solano,095,438530,30293,30138,378,30516,171
2021-03-11,Sonoma,097,501317,28624,28677,231,28908,285
2021-03-11,Stanislaus,099,539301,51771,51038,5448,56486,707
2021-03-11,Sutter,101,95872,8951,8933,80,9013,101
2021-03-11,Tehama,103,63373,4675,4632,496,5128,33
2021-03-11,Trinity,105,12862,469,304,78,382,3
2021-03-11,Tulare,107,460477,48851,47709,8281,55990,797
2021-03-11,Tuolumne,109,53932,3872,3934,37,3971,57
2021-03-11,Ventura,111,848112,79015,78697,2798,81495,889
2021-03-11,Yolo,113,214977,13120,13041,227,13268,190
2021-03-11,Yuba,115,75493,5629,5553,90,5643,42
2021-03-10,Alameda,001,1643700,82271,81701,1733,83434,1160
2021-03-10,Alpine,003,1148,82,78,0,78,0
2021-03-10,Amador,005,37829,3509,3496,32,3528,42
2021-03-10,Butte,007,227075,11497,11096,1623,12719,185
2021-03-10,Calaveras,009,45235,1950,1913,11,1924,48
2021-03-10,Colusa,011,21464,1883,1882,272,2154,12
2021-03-10,Contra Costa,013,1133247,64370,63372,1088,64460,725
2021-03-10,Del Norte,015,27424,1074,1020,5,1025,5
2021-03-10,El Dorado,017,186661,9267,9203,612,9815,100
2021-03-10,Fresno,019,978130,98038,96866,7914,104780,1471
2021-03-10,Glenn,021,27897,2287,2253,499,2752,15
2021-03-10,Humboldt,023,135768,3325,3296,23,3319,32
2021-03-10,Imperial,025,180216,27375,27051,2501,29552,675
2021-03-10,Inyo,027,18085,1348,1328,9,1337,35
2021-03-10,Kern,029,883053,94422,92965,9994,102959,1102
2021-03-10,Kings,031,150075,22533,22166,986,23152,226
2021-03-10,Lake,033,64148,3259,3207,6,3213,42
2021-03-10,Lassen,035,31185,5132,5120,98,5218,1
2021-03-10,Los Angeles,037,10098052,1180411,1169079,39174,1208253,22199
2021-03-10,Madera,039,155013,15884,15705,857,16562,212
2021-03-10,Marin,041,260295,13445,13348,175,13523,216
2021-03-10,Mariposa,043,17540,379,376,5,381,5
2021-03-10,Mendocino,045,87422,3690,3602,73,3675,42
2021-03-10,Merced,047,269075,29069,28927,945,29872,401
2021-03-10,Modoc,049,8938,346,338,118,456,3
2021-03-10,Mono,051,14174,1196,1204,16,1220,3
2021-03-10,Monterey,053,433212,42212,41920,1703,43623,329
2021-03-10,Napa,055,140530,9186,9165,34,9199,75
2021-03-10,Nevada,057,99092,4136,4074,163,4237,66
2021-03-10,Orange,059,3164182,249035,247075,10367,257442,4342
2021-03-10,Placer,061,380077,21019,20144,1156,21300,239
2021-03-10,Plumas,063,18699,652,639,10,649,4
2021-03-10,Riverside,065,2383286,287479,280708,13433,294141,3822
2021-03-10,Sacramento,067,1510023,96295,94796,1311,96107,1452
2021-03-10,San Benito,069,59416,5788,5811,91,5902,61
2021-03-10,San Bernardino,071,2135413,287561,283140,8575,291715,3841
2021-03-10,San Diego,073,3302833,267251,264094,13191,277285,3413
2021-03-10,San Francisco,075,870044,34639,34688,1111,35799,450
2021-03-10,San Joaquin,077,732212,68078,66483,2846,69329,1156
2021-03-10,San Luis Obispo,079,281455,20043,19710,582,20292,247
2021-03-10,San Mateo,081,765935,40050,39571,416,39987,338
2021-03-10,Santa Barbara,083,443738,32803,32356,1055,33411,429
2021-03-10,Santa Clara,085,1922200,112186,112103,609,112712,1759
2021-03-10,Santa Cruz,087,273765,15631,14790,782,15572,192
2021-03-10,Shasta,089,179085,11078,11125,1291,12416,155
2021-03-10,Sierra,091,2930,52,48,12,60,0
2021-03-10,Siskiyou,093,43540,1543,1458,245,1703,5
2021-03-10,Solano,095,438530,30263,30111,377,30488,170
2021-03-10,Sonoma,097,501317,28589,28638,230,28868,286
2021-03-10,Stanislaus,099,539301,51684,50968,5429,56397,706
2021-03-10,Sutter,101,95872,8940,8918,80,8998,101
2021-03-10,Tehama,103,63373,4664,4623,495,5118,33
2021-03-10,Trinity,105,12862,469,304,78,382,3
2021-03-10,Tulare,107,460477,48803,47659,8263,55922,793
2021-03-10,Tuolumne,109,53932,3871,3931,37,3968,57
2021-03-10,Ventura,111,848112,78938,78609,2796,81405,878
2021-03-10,Yolo,113,214977,13096,13021,227,13248,189
2021-03-10,Yuba,115,75493,5616,5545,89,5634,42
2021-03-09,Alameda,001,1643700,82186,81618,1733,83351,1151
2021-03-09,Alpine,003,1148,82,78,0,78,0
2021-03-09,Amador,005,37829,3507,3494,32,3526,42
2021-03-09,Butte,007,227075,11484,11092,1622,12714,185
2021-03-09,Calaveras,009,45235,1948,1913,11,1924,48
2021-03-09,Colusa,011,21464,1883,1880,272,2152,11
2021-03-09,Contra Costa,013,1133247,64279,63314,1086,64400,723
2021-03-09,Del Norte,015,27424,1066,1017,5,1022,5
2021-03-09,El Dorado,017,186661,9259,9198,612,9810,98
2021-03-09,Fresno,019,978130,97919,96744,7888,104632,1463
2021-03-09,Glenn,021,27897,2283,2251,497,2748,15
2021-03-09,Humboldt,023,135768,3313,3288,22,3310,32
2021-03-09,Imperial,025,180216,27365,27045,2497,29542,675
2021-03-09,Inyo,027,18085,1346,1324,9,1333,35
2021-03-09,Kern,029,883053,94343,92924,9976,102900,1088
2021-03-09,Kings,031,150075,22508,22143,984,23127,226
2021-03-09,Lake,033,64148,3253,3202,6,3208,42
2021-03-09,Lassen,035,31185,5132,5120,98,5218,1
2021-03-09,Los Angeles,037,10098052,1179813,1167967,39140,1207107,22080
2021-03-09,Madera,039,155013,15873,15701,855,16556,211
2021-03-09,Marin,041,260295,13427,13335,173,13508,214
2021-03-09,Mariposa,043,17540,379,376,5,381,5
2021-03-09,Mendocino,045,87422,3686,3595,73,3668,42
2021-03-09,Merced,047,269075,29009,28876,942,29818,399
2021-03-09,Modoc,049,8938,346,338,117,455,3
2021-03-09,Mono,051,14174,1195,1203,16,1219,3
2021-03-09,Monterey,053,433212,42193,41894,1695,43589,329
2021-03-09,Napa,055,140530,9172,9155,34,9189,75
2021-03-09,Nevada,057,99092,4128,4062,163,4225,66
2021-03-09,Orange,059,3164182,248893,246989,10347,257336,4310
2021-03-09,Placer,061,380077,20977,20122,1151,21273,239
2021-03-09,Plumas,063,18699,649,639,10,649,4
2021-03-09,Riverside,065,2383286,287344,280562,13429,293991,3821
2021-03-09,Sacramento,067,1510023,96128,94720,1305,96025,1442
2021-03-09,San Benito,069,59416,5784,5800,91,5891,61
2021-03-09,San Bernardino,071,2135413,287446,282971,8569,291540,3823
2021-03-09,San Diego,073,3302833,267019,263745,13170,276915,3405
2021-03-09,San Francisco,075,870044,34608,34654,1107,35761,450
2021-03-09,San Joaquin,077,732212,67950,66383,2836,69219,1150
2021-03-09,San Luis Obispo,079,281455,20026,19672,575,20247,245
2021-03-09,San Mateo,081,765935,40003,39535,414,39949,336
2021-03-09,Santa Barbara,083,443738,32762,32314,1053,33367,428
2021-03-09,Santa Clara,085,1922200,112075,111963,604,112567,1756
2021-03-09,Santa Cruz,087,273765,15609,14764,781,15545,188
2021-03-09,Shasta,089,179085,11071,11113,1286,12399,155
2021-03-09,Sierra,091,2930,52,48,12,60,0
2021-03-09,Siskiyou,093,43540,1539,1447,243,1690,5
2021-03-09,Solano,095,438530,30227,30090,375,30465,169
2021-03-09,Sonoma,097,501317,28539,28601,227,28828,284
2021-03-09,Stanislaus,099,539301,51586,50884,5420,56304,703
2021-03-09,Sutter,101,95872,8927,8914,80,8994,101
2021-03-09,Tehama,103,63373,4659,4620,495,5115,33
2021-03-09,Trinity,105,12862,469,304,78,382,3
2021-03-09,Tulare,107,460477,48776,47637,8244,55881,792
2021-03-09,Tuolumne,109,53932,3869,3929,37,3966,56
2021-03-09,Ventura,111,848112,78875,78526,2794,81320,863
2021-03-09,Yolo,113,214977,13084,13015,225,13240,189
2021-03-09,Yuba,115,75493,5609,5539,89,5628,42
2021-03-08,Alameda,001,1643700,82075,81543,1732,83275,1142
2021-03-08,Alpine,003,1148,82,78,0,78,0
2021-03-08,Amador,005,37829,3504,3490,32,3522,42
2021-03-08,Butte,007,227075,11471,11082,1621,12703,185
2021-03-08,Calaveras,009,45235,1944,1909,11,1920,48
2021-03-08,Colusa,011,21464,1883,1877,272,2149,11
2021-03-08,Contra Costa,013,1133247,64183,63240,1086,64326,719
2021-03-08,Del Norte,015,27424,1061,1012,5,1017,5
2021-03-08,El Dorado,017,186661,9256,9188,611,9799,97
2021-03-08,Fresno,019,978130,97821,96665,7867,104532,1442
2021-03-08,Glenn,021,27897,2282,2249,497,2746,15
2021-03-08,Humboldt,023,135768,3299,3278,22,3300,31
2021-03-08,Imperial,025,180216,27357,27033,2494,29527,663
2021-03-08,Inyo,027,18085,1344,1320,9,1329,35
2021-03-08,Kern,029,883053,94276,92857,9956,102813,1087
2021-03-08,Kings,031,150075,22487,22130,982,23112,226
2021-03-08,Lake,033,64148,3241,3195,6,3201,42
2021-03-08,Lassen,035,31185,5132,5119,98,5217,1
2021-03-08,Los Angeles,037,10098052,1179195,1163409,39108,1202517,21868
2021-03-08,Madera,039,155013,15863,15691,853,16544,211
2021-03-08,Marin,041,260295,13407,13328,171,13499,214
2021-03-08,Mariposa,043,17540,379,376,5,381,5
2021-03-08,Mendocino,045,87422,3684,3590,72,3662,42
2021-03-08,Merced,047,269075,28949,28841,941,29782,398
2021-03-08,Modoc,049,8938,346,338,117,455,3
2021-03-08,Mono,051,14174,1194,1200,16,1216,3
2021-03-08,Monterey,053,433212,42172,41863,1694,43557,328
2021-03-08,Napa,055,140530,9169,9146,34,9180,75
2021-03-08,Nevada,057,99092,4120,4059,163,4222,66
2021-03-08,Orange,059,3164182,248720,246900,10315,257215,4243
2021-03-08,Placer,061,380077,20942,20102,1140,21242,239
2021-03-08,Plumas,063,18699,648,635,10,645,4
2021-03-08,Riverside,065,2383286,287192,280463,13419,293882,3783
2021-03-08,Sacramento,067,1510023,95958,94654,1300,95954,1438
2021-03-08,San Benito,069,59416,5781,5797,91,5888,61
2021-03-08,San Bernardino,071,2135413,287336,282894,8562,291456,3811
2021-03-08,San Diego,073,3302833,266778,263272,13155,276427,3390
2021-03-08,San Francisco,075,870044,34582,34634,1103,35737,446
2021-03-08,San Joaquin,077,732212,67833,66307,2827,69134,1139
2021-03-08,San Luis Obispo,079,281455,19983,19656,572,20228,245
2021-03-08,San Mateo,081,765935,39954,39492,412,39904,335
2021-03-08,Santa Barbara,083,443738,32730,32293,1053,33346,427
2021-03-08,Santa Clara,085,1922200,111947,111882,602,112484,1756
2021-03-08,Santa Cruz,087,273765,15589,14729,781,15510,188
2021-03-08,Shasta,089,179085,11063,11088,1281,12369,155
2021-03-08,Sierra,091,2930,52,48,12,60,0
2021-03-08,Siskiyou,093,43540,1538,1440,243,1683,5
2021-03-08,Solano,095,438530,30187,30068,373,30441,169
2021-03-08,Sonoma,097,501317,28495,28571,226,28797,284
2021-03-08,Stanislaus,099,539301,51507,50825,5415,56240,690
2021-03-08,Sutter,101,95872,8924,8905,80,8985,100
2021-03-08,Tehama,103,63373,4655,4615,495,5110,33
2021-03-08,Trinity,105,12862,468,302,78,380,3
2021-03-08,Tulare,107,460477,48735,47587,8219,55806,791
2021-03-08,Tuolumne,109,53932,3868,3921,37,3958,56
2021-03-08,Ventura,111,848112,78802,78526,2786,81312,852
2021-03-08,Yolo,113,214977,13061,13000,224,13224,189
2021-03-08,Yuba,115,75493,5599,5530,89,5619,42
2021-03-07,Alameda,001,1643700,81955,81413,1731,83144,1145
2021-03-07,Alpine,003,1148,82,78,0,78,0
2021-03-07,Amador,005,37829,3501,3489,32,3521,42
2021-03-07,Butte,007,227075,11455,11075,1620,12695,185
2021-03-07,Calaveras,009,45235,1940,1906,11,1917,48
2021-03-07,Colusa,011,21464,1883,1876,272,2148,11
2021-03-07,Contra Costa,013,1133247,64084,63148,1084,64232,719
2021-03-07,Del Norte,015,27424,1056,1010,5,1015,5
2021-03-07,El Dorado,017,186661,9253,9184,610,9794,97
2021-03-07,Fresno,019,978130,97643,96549,7845,104394,1442
2021-03-07,Glenn,021,27897,2280,2244,497,2741,15
2021-03-07,Humboldt,023,135768,3289,3274,22,3296,31
2021-03-07,Imperial,025,180216,27348,27019,2492,29511,658
2021-03-07,Inyo,027,18085,1341,1320,9,1329,35
2021-03-07,Kern,029,883053,94189,92746,9926,102672,1086
2021-03-07,Kings,031,150075,22465,22103,982,23085,224
2021-03-07,Lake,033,64148,3235,3192,6,3198,42
2021-03-07,Lassen,035,31185,5131,5119,98,5217,1
2021-03-07,Los Angeles,037,10098052,1178469,1162749,39073,1201822,21857
2021-03-07,Madera,039,155013,15844,15675,853,16528,211
2021-03-07,Marin,041,260295,13399,13313,169,13482,214
2021-03-07,Mariposa,043,17540,378,376,5,381,5
2021-03-07,Mendocino,045,87422,3680,3581,72,3653,42
2021-03-07,Merced,047,269075,28875,28829,937,29766,399
2021-03-07,Modoc,049,8938,346,338,117,455,3
2021-03-07,Mono,051,14174,1192,1199,16,1215,3
2021-03-07,Monterey,053,433212,42151,41858,1691,43549,328
2021-03-07,Napa,055,140530,9159,9137,34,9171,75
2021-03-07,Nevada,057,99092,4106,4052,162,4214,66
2021-03-07,Orange,059,3164182,248528,246771,10287,257058,4218
2021-03-07,Placer,061,380077,20901,20070,1136,21206,239
2021-03-07,Plumas,063,18699,647,635,10,645,4
2021-03-07,Riverside,065,2383286,287043,280379,13410,293789,3779
2021-03-07,Sacramento,067,1510023,95781,94513,1293,95806,1437
2021-03-07,San Benito,069,59416,5774,5795,91,5886,61
2021-03-07,San Bernardino,071,2135413,287185,282860,8557,291417,3810
2021-03-07,San Diego,073,3302833,266497,262965,13131,276096,3390
2021-03-07,San Francisco,075,870044,34548,34594,1098,35692,445
2021-03-07,San Joaquin,077,732212,67697,66252,2813,69065,1139
2021-03-07,San Luis Obispo,079,281455,19946,19614,570,20184,245
2021-03-07,San Mateo,081,765935,39914,39436,409,39845,329
2021-03-07,Santa Barbara,083,443738,32683,32218,1052,33270,425
2021-03-07,Santa Clara,085,1922200,111802,111745,598,112343,1752
2021-03-07,Santa Cruz,087,273765,15567,14715,780,15495,189
2021-03-07,Shasta,089,179085,11050,11083,1273,12356,156
2021-03-07,Sierra,091,2930,51,48,12,60,0
2021-03-07,Siskiyou,093,43540,1537,1435,239,1674,5
2021-03-07,Solano,095,438530,30150,30027,373,30400,169
2021-03-07,Sonoma,097,501317,28446,28533,224,28757,284
2021-03-07,Stanislaus,099,539301,51375,50783,5399,56182,699
2021-03-07,Sutter,101,95872,8914,8900,80,8980,100
2021-03-07,Tehama,103,63373,4648,4614,494,5108,33
2021-03-07,Trinity,105,12862,468,302,78,380,3
2021-03-07,Tulare,107,460477,48676,47569,8188,55757,790
2021-03-07,Tuolumne,109,53932,3867,3922,36,3958,56
2021-03-07,Ventura,111,848112,78710,78487,2784,81271,851
2021-03-07,Yolo,113,214977,13042,12988,224,13212,189
2021-03-07,Yuba,115,75493,5594,5516,89,5605,42
2021-03-06,Alameda,001,1643700,81898,81310,1730,83040,1143
2021-03-06,Alpine,003,1148,82,78,0,78,0
2021-03-06,Amador,005,37829,3497,3487,32,3519,42
2021-03-06,Butte,007,227075,11450,11065,1619,12684,185
2021-03-06,Calaveras,009,45235,1936,1904,11,1915,48
2021-03-06,Colusa,011,21464,1881,1874,272,2146,11
2021-03-06,Contra Costa,013,1133247,64023,63040,1080,64120,719
2021-03-06,Del Norte,015,27424,1051,1000,5,1005,5
2021-03-06,El Dorado,017,186661,9249,9166,610,9776,97
2021-03-06,Fresno,019,978130,97548,96366,7834,104200,1440
2021-03-06,Glenn,021,27897,2280,2241,497,2738,15
2021-03-06,Humboldt,023,135768,3279,3260,22,3282,31
2021-03-06,Imperial,025,180216,27343,27009,2487,29496,658
2021-03-06,Inyo,027,18085,1338,1312,9,1321,35
2021-03-06,Kern,029,883053,94143,92684,9906,102590,1082
2021-03-06,Kings,031,150075,22450,22094,982,23076,224
2021-03-06,Lake,033,64148,3233,3189,6,3195,42
2021-03-06,Lassen,035,31185,5131,5119,98,5217,1
2021-03-06,Los Angeles,037,10098052,1178029,1161745,39045,1200790,21843
2021-03-06,Madera,039,155013,15835,15646,851,16497,211
2021-03-06,Marin,041,260295,13390,13289,169,13458,213
2021-03-06,Mariposa,043,17540,378,376,5,381,5
2021-03-06,Mendocino,045,87422,3678,3579,72,3651,42
2021-03-06,Merced,047,269075,28833,28771,937,29708,399
2021-03-06,Modoc,049,8938,345,338,117,455,3
2021-03-06,Mono,051,14174,1191,1198,16,1214,3
2021-03-06,Monterey,053,433212,42146,41838,1688,43526,327
2021-03-06,Napa,055,140530,9151,9129,34,9163,75
2021-03-06,Nevada,057,99092,4100,4044,162,4206,66
2021-03-06,Orange,059,3164182,248435,246634,10273,256907,4165
2021-03-06,Placer,061,380077,20878,20030,1134,21164,239
2021-03-06,Plumas,063,18699,647,634,10,644,4
2021-03-06,Riverside,065,2383286,286950,280225,13402,293627,3781
2021-03-06,Sacramento,067,1510023,95693,94332,1284,95616,1436
2021-03-06,San Benito,069,59416,5769,5793,91,5884,61
2021-03-06,San Bernardino,071,2135413,287101,282737,8555,291292,3791
2021-03-06,San Diego,073,3302833,266310,262778,13114,275892,3385
2021-03-06,San Francisco,075,870044,34517,34560,1094,35654,435
2021-03-06,San Joaquin,077,732212,67623,66162,2803,68965,1138
2021-03-06,San Luis Obispo,079,281455,19926,19592,568,20160,245
2021-03-06,San Mateo,081,765935,39889,39384,409,39793,329
2021-03-06,Santa Barbara,083,443738,32653,32176,1052,33228,424
2021-03-06,Santa Clara,085,1922200,111707,111570,595,112165,1749
2021-03-06,Santa Cruz,087,273765,15556,14701,780,15481,188
2021-03-06,Shasta,089,179085,11041,11076,1271,12347,158
2021-03-06,Sierra,091,2930,51,48,12,60,0
2021-03-06,Siskiyou,093,43540,1535,1432,239,1671,5
2021-03-06,Solano,095,438530,30121,30000,372,30372,169
2021-03-06,Sonoma,097,501317,28423,28484,222,28706,284
2021-03-06,Stanislaus,099,539301,51305,50691,5393,56084,711
2021-03-06,Sutter,101,95872,8908,8887,80,8967,100
2021-03-06,Tehama,103,63373,4646,4610,491,5101,33
2021-03-06,Trinity,105,12862,468,302,78,380,3
2021-03-06,Tulare,107,460477,48644,47515,8160,55675,789
2021-03-06,Tuolumne,109,53932,3865,3920,36,3956,56
2021-03-06,Ventura,111,848112,78654,78439,2783,81222,848
2021-03-06,Yolo,113,214977,13036,12951,223,13174,189
2021-03-06,Yuba,115,75493,5585,5504,89,5593,42
2021-03-05,Alameda,001,1643700,81811,81215,1729,82944,1141
2021-03-05,Alpine,003,1148,82,78,0,78,0
2021-03-05,Amador,005,37829,3496,3484,32,3516,42
2021-03-05,Butte,007,227075,11439,11050,1618,12668,185
2021-03-05,Calaveras,009,45235,1933,1902,11,1913,48
2021-03-05,Colusa,011,21464,1881,1874,272,2146,11
2021-03-05,Contra Costa,013,1133247,63943,62886,1077,63963,711
2021-03-05,Del Norte,015,27424,1047,995,5,1000,5
2021-03-05,El Dorado,017,186661,9244,9150,609,9759,97
2021-03-05,Fresno,019,978130,97440,96184,7815,103999,1432
2021-03-05,Glenn,021,27897,2277,2241,496,2737,15
2021-03-05,Humboldt,023,135768,3272,3234,22,3256,31
2021-03-05,Imperial,025,180216,27333,26970,2478,29448,651
2021-03-05,Inyo,027,18085,1334,1309,9,1318,35
2021-03-05,Kern,029,883053,94103,92601,9893,102494,1076
2021-03-05,Kings,031,150075,22432,22063,981,23044,224
2021-03-05,Lake,033,64148,3231,3185,6,3191,42
2021-03-05,Lassen,035,31185,5131,5117,96,5213,1
2021-03-05,Los Angeles,037,10098052,1177537,1160688,39016,1199704,21745
2021-03-05,Madera,039,155013,15825,15624,849,16473,211
2021-03-05,Marin,041,260295,13378,13275,168,13443,215
2021-03-05,Mariposa,043,17540,378,375,5,380,4
2021-03-05,Mendocino,045,87422,3675,3577,72,3649,42
2021-03-05,Merced,047,269075,28800,28734,936,29670,399
2021-03-05,Modoc,049,8938,345,337,117,454,3
2021-03-05,Mono,051,14174,1190,1197,16,1213,3
2021-03-05,Monterey,053,433212,42133,41802,1688,43490,325
2021-03-05,Napa,055,140530,9143,9109,34,9143,75
2021-03-05,Nevada,057,99092,4097,4033,162,4195,66
2021-03-05,Orange,059,3164182,248322,246489,10260,256749,4108
2021-03-05,Placer,061,380077,20852,19973,1130,21103,239
2021-03-05,Plumas,063,18699,647,635,10,645,4
2021-03-05,Riverside,065,2383286,286838,280075,13397,293472,3781
2021-03-05,Sacramento,067,1510023,95597,94182,1277,95459,1430
2021-03-05,San Benito,069,59416,5766,5790,91,5881,61
2021-03-05,San Bernardino,071,2135413,287008,282640,8551,291191,3774
2021-03-05,San Diego,073,3302833,266077,262357,13097,275454,3371
2021-03-05,San Francisco,075,870044,34477,34526,1090,35616,430
2021-03-05,San Joaquin,077,732212,67543,66041,2794,68835,1133
2021-03-05,San Luis Obispo,079,281455,19905,19557,566,20123,244
2021-03-05,San Mateo,081,765935,39857,39305,409,39714,326
2021-03-05,Santa Barbara,083,443738,32616,32139,1047,33186,424
2021-03-05,Santa Clara,085,1922200,111612,111384,595,111979,1745
2021-03-05,Santa Cruz,087,273765,15545,14694,780,15474,188
2021-03-05,Shasta,089,179085,11029,11062,1265,12327,148
2021-03-05,Sierra,091,2930,51,48,12,60,0
2021-03-05,Siskiyou,093,43540,1530,1429,238,1667,5
2021-03-05,Solano,095,438530,30104,29951,370,30321,168
2021-03-05,Sonoma,097,501317,28397,28417,222,28639,279
2021-03-05,Stanislaus,099,539301,51254,50606,5383,55989,721
2021-03-05,Sutter,101,95872,8901,8876,80,8956,100
2021-03-05,Tehama,103,63373,4637,4606,491,5097,33
2021-03-05,Trinity,105,12862,468,302,78,380,3
2021-03-05,Tulare,107,460477,48615,47469,8141,55610,789
2021-03-05,Tuolumne,109,53932,3863,3917,36,3953,56
2021-03-05,Ventura,111,848112,78587,78368,2782,81150,839
2021-03-05,Yolo,113,214977,13024,12920,222,13142,188
2021-03-05,Yuba,115,75493,5573,5496,89,5585,42
2021-03-04,Alameda,001,1643700,81702,81115,1729,82844,1136
2021-03-04,Alpine,003,1148,82,78,0,78,0
2021-03-04,Amador,005,37829,3495,3480,32,3512,42
2021-03-04,Butte,007,227075,11432,11033,1617,12650,185
2021-03-04,Calaveras,009,45235,1932,1896,11,1907,48
2021-03-04,Colusa,011,21464,1879,1873,267,2140,11
2021-03-04,Contra Costa,013,1133247,63843,62789,1075,63864,708
2021-03-04,Del Norte,015,27424,1039,989,5,994,5
2021-03-04,El Dorado,017,186661,9229,9133,609,9742,97
2021-03-04,Fresno,019,978130,97276,96023,7796,103819,1422
2021-03-04,Glenn,021,27897,2270,2236,495,2731,15
2021-03-04,Humboldt,023,135768,3258,3212,22,3234,31
2021-03-04,Imperial,025,180216,27320,26946,2475,29421,646
2021-03-04,Inyo,027,18085,1331,1300,9,1309,35
2021-03-04,Kern,029,883053,94014,92525,9874,102399,1070
2021-03-04,Kings,031,150075,22406,22025,978,23003,224
2021-03-04,Lake,033,64148,3223,3181,6,3187,42
2021-03-04,Lassen,035,31185,5131,5116,96,5212,1
2021-03-04,Los Angeles,037,10098052,1176927,1159405,38967,1198372,21610
2021-03-04,Madera,039,155013,15790,15596,846,16442,208
2021-03-04,Marin,041,260295,13362,13240,165,13405,215
2021-03-04,Mariposa,043,17540,378,376,5,381,4
2021-03-04,Mendocino,045,87422,3672,3569,72,3641,42
2021-03-04,Merced,047,269075,28749,28671,934,29605,396
2021-03-04,Modoc,049,8938,344,336,117,453,3
2021-03-04,Mono,051,14174,1190,1197,16,1213,3
2021-03-04,Monterey,053,433212,42113,41771,1686,43457,325
2021-03-04,Napa,055,140530,9135,9094,34,9128,74
2021-03-04,Nevada,057,99092,4087,4020,162,4182,66
2021-03-04,Orange,059,3164182,248165,246354,10243,256597,4096
2021-03-04,Placer,061,380077,20820,19900,1124,21024,239
2021-03-04,Plumas,063,18699,647,634,10,644,4
2021-03-04,Riverside,065,2383286,286708,279871,13384,293255,3766
2021-03-04,Sacramento,067,1510023,95462,93982,1274,95256,1426
2021-03-04,San Benito,069,59416,5766,5781,91,5872,61
2021-03-04,San Bernardino,071,2135413,286878,282407,8547,290954,3757
2021-03-04,San Diego,073,3302833,265816,261858,13053,274911,3359
2021-03-04,San Francisco,075,870044,34442,34480,1087,35567,426
2021-03-04,San Joaquin,077,732212,67449,65931,2785,68716,1129
2021-03-04,San Luis Obispo,079,281455,19868,19520,564,20084,243
2021-03-04,San Mateo,081,765935,39813,39225,408,39633,322
2021-03-04,Santa Barbara,083,443738,32579,32090,1046,33136,423
2021-03-04,Santa Clara,085,1922200,111478,111194,593,111787,1723
2021-03-04,Santa Cruz,087,273765,15526,14669,780,15449,186
2021-03-04,Shasta,089,179085,11026,11050,1256,12306,150
2021-03-04,Sierra,091,2930,51,48,12,60,0
2021-03-04,Siskiyou,093,43540,1523,1427,238,1665,5
2021-03-04,Solano,095,438530,30077,29905,369,30274,168
2021-03-04,Sonoma,097,501317,28342,28379,221,28600,279
2021-03-04,Stanislaus,099,539301,51167,50521,5375,55896,731
2021-03-04,Sutter,101,95872,8889,8849,80,8929,100
2021-03-04,Tehama,103,63373,4629,4604,491,5095,33
2021-03-04,Trinity,105,12862,468,302,78,380,3
2021-03-04,Tulare,107,460477,48570,47398,8116,55514,784
2021-03-04,Tuolumne,109,53932,3857,3916,36,3952,56
2021-03-04,Ventura,111,848112,78497,78184,2779,80963,831
2021-03-04,Yolo,113,214977,13004,12895,222,13117,189
2021-03-04,Yuba,115,75493,5561,5483,89,5572,41
2021-03-03,Alameda,001,1643700,81582,80972,1728,82700,1127
2021-03-03,Alpine,003,1148,82,77,0,77,0
2021-03-03,Amador,005,37829,3493,3478,31,3509,42
2021-03-03,Butte,007,227075,11424,11014,1616,12630,184
2021-03-03,Calaveras,009,45235,1931,1893,11,1904,48
2021-03-03,Colusa,011,21464,1878,1873,267,2140,11
2021-03-03,Contra Costa,013,1133247,63745,62668,1072,63740,708
2021-03-03,Del Norte,015,27424,1036,988,5,993,5
2021-03-03,El Dorado,017,186661,9219,9121,609,9730,97
2021-03-03,Fresno,019,978130,97132,95893,7778,103671,1415
2021-03-03,Glenn,021,27897,2270,2233,495,2728,15
2021-03-03,Humboldt,023,135768,3247,3196,22,3218,30
2021-03-03,Imperial,025,180216,27304,26939,2471,29410,640
2021-03-03,Inyo,027,18085,1323,1294,9,1303,35
2021-03-03,Kern,029,883053,93938,92434,9857,102291,1063
2021-03-03,Kings,031,150075,22390,22009,977,22986,223
2021-03-03,Lake,033,64148,3216,3175,6,3181,40
2021-03-03,Lassen,035,31185,5131,5115,96,5211,1
2021-03-03,Los Angeles,037,10098052,1176285,1157911,38928,1196839,21500
2021-03-03,Madera,039,155013,15771,15553,840,16393,203
2021-03-03,Marin,041,260295,13348,13216,165,13381,214
2021-03-03,Mariposa,043,17540,377,376,5,381,4
2021-03-03,Mendocino,045,87422,3664,3564,72,3636,42
2021-03-03,Merced,047,269075,28697,28625,934,29559,393
2021-03-03,Modoc,049,8938,344,333,116,449,3
2021-03-03,Mono,051,14174,1190,1191,16,1207,3
2021-03-03,Monterey,053,433212,42081,41731,1683,43414,325
2021-03-03,Napa,055,140530,9127,9090,34,9124,72
2021-03-03,Nevada,057,99092,4077,4009,162,4171,66
2021-03-03,Orange,059,3164182,248020,246120,10229,256349,4072
2021-03-03,Placer,061,380077,20794,19851,1121,20972,239
2021-03-03,Plumas,063,18699,646,631,10,641,4
2021-03-03,Riverside,065,2383286,286575,279626,13378,293004,3735
2021-03-03,Sacramento,067,1510023,95301,93819,1266,95085,1419
2021-03-03,San Benito,069,59416,5765,5774,91,5865,61
2021-03-03,San Bernardino,071,2135413,286737,282138,8541,290679,3664
2021-03-03,San Diego,073,3302833,265552,261350,13022,274372,3342
2021-03-03,San Francisco,075,870044,34410,34443,1084,35527,426
2021-03-03,San Joaquin,077,732212,67336,65855,2778,68633,1115
2021-03-03,San Luis Obispo,079,281455,19842,19479,561,20040,241
2021-03-03,San Mateo,081,765935,39767,39189,407,39596,319
2021-03-03,Santa Barbara,083,443738,32541,32027,1046,33073,421
2021-03-03,Santa Clara,085,1922200,111324,110991,591,111582,1720
2021-03-03,Santa Cruz,087,273765,15515,14645,780,15425,185
2021-03-03,Shasta,089,179085,11016,11023,1249,12272,150
2021-03-03,Sierra,091,2930,51,48,12,60,0
2021-03-03,Siskiyou,093,43540,1521,1424,238,1662,5
2021-03-03,Solano,095,438530,30041,29866,368,30234,167
2021-03-03,Sonoma,097,501317,28303,28307,220,28527,279
2021-03-03,Stanislaus,099,539301,51089,50438,5368,55806,730
2021-03-03,Sutter,101,95872,8881,8840,80,8920,99
2021-03-03,Tehama,103,63373,4627,4601,491,5092,32
2021-03-03,Trinity,105,12862,468,302,78,380,3
2021-03-03,Tulare,107,460477,48519,47348,8087,55435,778
2021-03-03,Tuolumne,109,53932,3855,3914,35,3949,56
2021-03-03,Ventura,111,848112,78413,78057,2774,80831,822
2021-03-03,Yolo,113,214977,12991,12890,222,13112,189
2021-03-03,Yuba,115,75493,5548,5479,89,5568,41
2021-03-02,Alameda,001,1643700,81461,80904,1726,82630,1116
2021-03-02,Alpine,003,1148,82,77,0,77,0
2021-03-02,Amador,005,37829,3491,3474,31,3505,42
2021-03-02,Butte,007,227075,11414,11007,1613,12620,182
2021-03-02,Calaveras,009,45235,1923,1890,11,1901,48
2021-03-02,Colusa,011,21464,1878,1872,266,2138,11
2021-03-02,Contra Costa,013,1133247,63634,62557,1068,63625,694
2021-03-02,Del Norte,015,27424,1029,983,5,988,5
2021-03-02,El Dorado,017,186661,9211,9116,609,9725,98
2021-03-02,Fresno,019,978130,96986,95785,7752,103537,1410
2021-03-02,Glenn,021,27897,2264,2232,494,2726,15
2021-03-02,Humboldt,023,135768,3228,3184,22,3206,30
2021-03-02,Imperial,025,180216,27294,26926,2469,29395,637
2021-03-02,Inyo,027,18085,1319,1292,9,1301,35
2021-03-02,Kern,029,883053,93832,92313,9830,102143,1046
2021-03-02,Kings,031,150075,22338,21999,974,22973,217
2021-03-02,Lake,033,64148,3210,3169,6,3175,40
2021-03-02,Lassen,035,31185,5126,5115,95,5210,1
2021-03-02,Los Angeles,037,10098052,1175650,1156826,38882,1195708,21395
2021-03-02,Madera,039,155013,15751,15523,837,16360,194
2021-03-02,Marin,041,260295,13325,13186,164,13350,214
2021-03-02,Mariposa,043,17540,377,376,5,381,4
2021-03-02,Mendocino,045,87422,3661,3562,71,3633,41
2021-03-02,Merced,047,269075,28640,28598,934,29532,389
2021-03-02,Modoc,049,8938,344,332,116,448,3
2021-03-02,Mono,051,14174,1189,1191,16,1207,3
2021-03-02,Monterey,053,433212,42054,41716,1683,43399,325
2021-03-02,Napa,055,140530,9116,9080,34,9114,71
2021-03-02,Nevada,057,99092,4068,3983,161,4144,66
2021-03-02,Orange,059,3164182,247875,246004,10211,256215,4037
2021-03-02,Placer,061,380077,20741,19828,1118,20946,239
2021-03-02,Plumas,063,18699,643,628,10,638,4
2021-03-02,Riverside,065,2383286,286402,279486,13370,292856,3721
2021-03-02,Sacramento,067,1510023,95134,93690,1265,94955,1411
2021-03-02,San Benito,069,59416,5758,5770,91,5861,60
2021-03-02,San Bernardino,071,2135413,286603,281919,8535,290454,3604
2021-03-02,San Diego,073,3302833,265308,260998,13000,273998,3317
2021-03-02,San Francisco,075,870044,34370,34387,1080,35467,424
2021-03-02,San Joaquin,077,732212,67228,65769,2761,68530,1111
2021-03-02,San Luis Obispo,079,281455,19810,19452,561,20013,241
2021-03-02,San Mateo,081,765935,39715,39148,406,39554,317
2021-03-02,Santa Barbara,083,443738,32492,31964,1042,33006,416
2021-03-02,Santa Clara,085,1922200,111145,110832,590,111422,1706
2021-03-02,Santa Cruz,087,273765,15501,14611,778,15389,185
2021-03-02,Shasta,089,179085,11002,11012,1238,12250,149
2021-03-02,Sierra,091,2930,51,48,12,60,0
2021-03-02,Siskiyou,093,43540,1517,1412,236,1648,5
2021-03-02,Solano,095,438530,30008,29827,366,30193,167
2021-03-02,Sonoma,097,501317,28248,28261,220,28481,279
2021-03-02,Stanislaus,099,539301,51002,50359,5356,55715,724
2021-03-02,Sutter,101,95872,8872,8832,80,8912,99
2021-03-02,Tehama,103,63373,4623,4597,490,5087,32
2021-03-02,Trinity,105,12862,468,301,78,379,3
2021-03-02,Tulare,107,460477,48456,47326,8067,55393,783
2021-03-02,Tuolumne,109,53932,3851,3908,35,3943,53
2021-03-02,Ventura,111,848112,78320,77952,2770,80722,780
2021-03-02,Yolo,113,214977,12975,12867,222,13089,189
2021-03-02,Yuba,115,75493,5540,5475,89,5564,41
2021-03-01,Alameda,001,1643700,81334,80805,1724,82529,1105
2021-03-01,Alpine,003,1148,80,77,0,77,0
2021-03-01,Amador,005,37829,3488,3469,31,3500,42
2021-03-01,Butte,007,227075,11399,10981,1608,12589,180
2021-03-01,Calaveras,009,45235,1918,1885,11,1896,46
2021-03-01,Colusa,011,21464,1877,1871,266,2137,11
2021-03-01,Contra Costa,013,1133247,63526,62458,1067,63525,694
2021-03-01,Del Norte,015,27424,1024,982,5,987,5
2021-03-01,El Dorado,017,186661,9187,9085,609,9694,98
2021-03-01,Fresno,019,978130,96848,95677,7729,103406,1405
2021-03-01,Glenn,021,27897,2259,2232,493,2725,15
2021-03-01,Humboldt,023,135768,3209,3179,22,3201,30
2021-03-01,Imperial,025,180216,27284,26913,2461,29374,636
2021-03-01,Inyo,027,18085,1316,1285,9,1294,35
2021-03-01,Kern,029,883053,93743,92219,9804,102023,1041
2021-03-01,Kings,031,150075,22321,21988,968,22956,217
2021-03-01,Lake,033,64148,3205,3164,6,3170,40
2021-03-01,Lassen,035,31185,5124,5111,95,5206,1
2021-03-01,Los Angeles,037,10098052,1174991,1155984,38840,1194824,21293
2021-03-01,Madera,039,155013,15722,15505,826,16331,194
2021-03-01,Marin,041,260295,13297,13161,163,13324,214
2021-03-01,Mariposa,043,17540,377,375,5,380,4
2021-03-01,Mendocino,045,87422,3654,3561,71,3632,41
2021-03-01,Merced,047,269075,28595,28575,930,29505,385
2021-03-01,Modoc,049,8938,341,331,115,446,3
2021-03-01,Mono,051,14174,1188,1192,16,1208,3
2021-03-01,Monterey,053,433212,42029,41697,1681,43378,324
2021-03-01,Napa,055,140530,9107,9056,34,9090,70
2021-03-01,Nevada,057,99092,4049,3979,161,4140,66
2021-03-01,Orange,059,3164182,247680,245852,10196,256048,3976
2021-03-01,Placer,061,380077,20702,19803,1115,20918,239
2021-03-01,Plumas,063,18699,643,628,10,638,4
2021-03-01,Riverside,065,2383286,286185,279323,13363,292686,3680
2021-03-01,Sacramento,067,1510023,94989,93546,1263,94809,1401
2021-03-01,San Benito,069,59416,5753,5772,91,5863,57
2021-03-01,San Bernardino,071,2135413,286459,281685,8531,290216,3603
2021-03-01,San Diego,073,3302833,264991,260622,12967,273589,3303
2021-03-01,San Francisco,075,870044,34326,34318,1072,35390,424
2021-03-01,San Joaquin,077,732212,67119,65699,2750,68449,1097
2021-03-01,San Luis Obispo,079,281455,19788,19429,559,19988,239
2021-03-01,San Mateo,081,765935,39663,39096,406,39502,314
2021-03-01,Santa Barbara,083,443738,32449,31909,1041,32950,413
2021-03-01,Santa Clara,085,1922200,110986,110684,587,111271,1704
2021-03-01,Santa Cruz,087,273765,15482,14575,777,15352,185
2021-03-01,Shasta,089,179085,10990,10990,1235,12225,149
2021-03-01,Sierra,091,2930,51,48,12,60,0
2021-03-01,Siskiyou,093,43540,1513,1408,234,1642,5
2021-03-01,Solano,095,438530,29965,29779,365,30144,166
2021-03-01,Sonoma,097,501317,28200,28222,218,28440,278
2021-03-01,Stanislaus,099,539301,50927,50293,5350,55643,722
2021-03-01,Sutter,101,95872,8861,8825,80,8905,99
2021-03-01,Tehama,103,63373,4617,4595,490,5085,32
2021-03-01,Trinity,105,12862,468,298,77,375,3
2021-03-01,Tulare,107,460477,48418,47275,8034,55309,781
2021-03-01,Tuolumne,109,53932,3848,3907,35,3942,53
2021-03-01,Ventura,111,848112,78239,77849,2768,80617,775
2021-03-01,Yolo,113,214977,12958,12854,220,13074,188
2021-03-01,Yuba,115,75493,5528,5466,89,5555,41
2021-02-28,Alameda,001,1643700,81213,80727,1722,82449,1105
2021-02-28,Alpine,003,1148,80,77,0,77,0
2021-02-28,Amador,005,37829,3483,3466,30,3496,42
2021-02-28,Butte,007,227075,11384,10970,1608,12578,180
2021-02-28,Calaveras,009,45235,1914,1881,11,1892,46
2021-02-28,Colusa,011,21464,1877,1871,265,2136,11
2021-02-28,Contra Costa,013,1133247,63399,62386,1062,63448,694
2021-02-28,Del Norte,015,27424,1022,981,5,986,5
2021-02-28,El Dorado,017,186661,9176,9082,609,9691,98
2021-02-28,Fresno,019,978130,96666,95548,7695,103243,1405
2021-02-28,Glenn,021,27897,2257,2230,491,2721,15
2021-02-28,Humboldt,023,135768,3186,3179,22,3201,30
2021-02-28,Imperial,025,180216,27258,26909,2457,29366,636
2021-02-28,Inyo,027,18085,1311,1282,9,1291,35
2021-02-28,Kern,029,883053,93628,92169,9784,101953,1012
2021-02-28,Kings,031,150075,22300,21967,967,22934,217
2021-02-28,Lake,033,64148,3200,3164,6,3170,40
2021-02-28,Lassen,035,31185,5123,5106,95,5201,1
2021-02-28,Los Angeles,037,10098052,1174204,1155141,38778,1193919,21261
2021-02-28,Madera,039,155013,15680,15496,823,16319,199
2021-02-28,Marin,041,260295,13274,13152,161,13313,214
2021-02-28,Mariposa,043,17540,377,374,5,379,4
2021-02-28,Mendocino,045,87422,3648,3558,71,3629,41
2021-02-28,Merced,047,269075,28532,28546,929,29475,384
2021-02-28,Modoc,049,8938,341,331,115,446,3
2021-02-28,Mono,051,14174,1185,1192,16,1208,3
2021-02-28,Monterey,053,433212,41997,41683,1679,43362,323
2021-02-28,Napa,055,140530,9088,9053,34,9087,70
2021-02-28,Nevada,057,99092,4036,3972,161,4133,66
2021-02-28,Orange,059,3164182,247482,245706,10189,255895,3970
2021-02-28,Placer,061,380077,20656,19775,1113,20888,239
2021-02-28,Plumas,063,18699,643,628,10,638,4
2021-02-28,Riverside,065,2383286,285952,279214,13352,292566,3661
2021-02-28,Sacramento,067,1510023,94805,93463,1258,94721,1398
2021-02-28,San Benito,069,59416,5742,5772,91,5863,57
2021-02-28,San Bernardino,071,2135413,286318,281620,8519,290139,3595
2021-02-28,San Diego,073,3302833,264694,260353,12933,273286,3303
2021-02-28,San Francisco,075,870044,34284,34291,1066,35357,417
2021-02-28,San Joaquin,077,732212,67011,65662,2741,68403,1097
2021-02-28,San Luis Obispo,079,281455,19752,19422,557,19979,237
2021-02-28,San Mateo,081,765935,39610,39059,405,39464,314
2021-02-28,Santa Barbara,083,443738,32397,31877,1041,32918,413
2021-02-28,Santa Clara,085,1922200,110787,110556,584,111140,1704
2021-02-28,Santa Cruz,087,273765,15453,14571,774,15345,185
2021-02-28,Shasta,089,179085,10969,10990,1231,12221,149
2021-02-28,Sierra,091,2930,51,48,12,60,0
2021-02-28,Siskiyou,093,43540,1505,1408,234,1642,5
2021-02-28,Solano,095,438530,29910,29758,359,30117,166
2021-02-28,Sonoma,097,501317,28137,28193,217,28410,279
2021-02-28,Stanislaus,099,539301,50837,50228,5337,55565,728
2021-02-28,Sutter,101,95872,8846,8825,80,8905,99
2021-02-28,Tehama,103,63373,4612,4590,490,5080,32
2021-02-28,Trinity,105,12862,468,298,77,375,3
2021-02-28,Tulare,107,460477,48356,47258,8003,55261,780
2021-02-28,Tuolumne,109,53932,3843,3905,35,3940,53
2021-02-28,Ventura,111,848112,78127,77749,2765,80514,775
2021-02-28,Yolo,113,214977,12935,12851,220,13071,188
2021-02-28,Yuba,115,75493,5518,5461,89,5550,41
2021-02-27,Alameda,001,1643700,81140,80565,1720,82285,1108
2021-02-27,Alpine,003,1148,80,77,0,77,0
2021-02-27,Amador,005,37829,3481,3463,30,3493,42
2021-02-27,Butte,007,227075,11372,10962,1608,12570,180
2021-02-27,Calaveras,009,45235,1909,1875,11,1886,46
2021-02-27,Colusa,011,21464,1876,1869,265,2134,11
2021-02-27,Contra Costa,013,1133247,63329,62248,1059,63307,693
2021-02-27,Del Norte,015,27424,1020,978,5,983,5
2021-02-27,El Dorado,017,186661,9172,9072,609,9681,98
2021-02-27,Fresno,019,978130,96589,95393,7684,103077,1400
2021-02-27,Glenn,021,27897,2256,2225,490,2715,15
2021-02-27,Humboldt,023,135768,3180,3167,22,3189,30
2021-02-27,Imperial,025,180216,27250,26903,2455,29358,633
2021-02-27,Inyo,027,18085,1308,1275,9,1284,35
2021-02-27,Kern,029,883053,93567,92053,9769,101822,996
2021-02-27,Kings,031,150075,22290,21955,964,22919,216
2021-02-27,Lake,033,64148,3197,3156,6,3162,40
2021-02-27,Lassen,035,31185,5123,5106,95,5201,1
2021-02-27,Los Angeles,037,10098052,1173706,1154275,38751,1193026,21158
2021-02-27,Madera,039,155013,15663,15467,822,16289,199
2021-02-27,Marin,041,260295,13250,13134,161,13295,214
2021-02-27,Mariposa,043,17540,377,374,5,379,4
2021-02-27,Mendocino,045,87422,3645,3555,71,3626,41
2021-02-27,Merced,047,269075,28490,28501,921,29422,384
2021-02-27,Modoc,049,8938,341,331,114,445,3
2021-02-27,Mono,051,14174,1183,1191,16,1207,3
2021-02-27,Monterey,053,433212,41988,41665,1678,43343,322
2021-02-27,Napa,055,140530,9077,9038,34,9072,71
2021-02-27,Nevada,057,99092,4030,3960,161,4121,66
2021-02-27,Orange,059,3164182,247355,245542,10178,255720,3960
2021-02-27,Placer,061,380077,20620,19726,1110,20836,239
2021-02-27,Plumas,063,18699,643,628,10,638,4
2021-02-27,Riverside,065,2383286,285842,279048,13342,292390,3663
2021-02-27,Sacramento,067,1510023,94722,93281,1248,94529,1396
2021-02-27,San Benito,069,59416,5741,5767,90,5857,57
2021-02-27,San Bernardino,071,2135413,286239,281471,8513,289984,3527
2021-02-27,San Diego,073,3302833,264504,260091,12895,272986,3284
2021-02-27,San Francisco,075,870044,34250,34260,1063,35323,413
2021-02-27,San Joaquin,077,732212,66965,65578,2739,68317,1100
2021-02-27,San Luis Obispo,079,281455,19731,19411,556,19967,237
2021-02-27,San Mateo,081,765935,39569,38998,404,39402,313
2021-02-27,Santa Barbara,083,443738,32363,31805,1040,32845,411
2021-02-27,Santa Clara,085,1922200,110639,110361,582,110943,1703
2021-02-27,Santa Cruz,087,273765,15444,14552,773,15325,185
2021-02-27,Shasta,089,179085,10963,10985,1227,12212,149
2021-02-27,Sierra,091,2930,51,48,12,60,0
2021-02-27,Siskiyou,093,43540,1503,1407,233,1640,5
2021-02-27,Solano,095,438530,29882,29718,358,30076,165
2021-02-27,Sonoma,097,501317,28093,28141,211,28352,281
2021-02-27,Stanislaus,099,539301,50782,50147,5327,55474,733
2021-02-27,Sutter,101,95872,8841,8820,80,8900,99
2021-02-27,Tehama,103,63373,4607,4584,489,5073,32
2021-02-27,Trinity,105,12862,468,298,77,375,3
2021-02-27,Tulare,107,460477,48319,47209,7977,55186,770
2021-02-27,Tuolumne,109,53932,3840,3899,35,3934,53
2021-02-27,Ventura,111,848112,78054,77623,2762,80385,771
2021-02-27,Yolo,113,214977,12923,12834,220,13054,188
2021-02-27,Yuba,115,75493,5515,5450,89,5539,39
2021-02-26,Alameda,001,1643700,81045,80387,1715,82102,1106
2021-02-26,Alpine,003,1148,80,77,0,77,0
2021-02-26,Amador,005,37829,3475,3457,30,3487,42
2021-02-26,Butte,007,227075,11362,10941,1608,12549,180
2021-02-26,Calaveras,009,45235,1907,1873,11,1884,46
2021-02-26,Colusa,011,21464,1876,1865,265,2130,11
2021-02-26,Contra Costa,013,1133247,63247,62114,1059,63173,685
2021-02-26,Del Norte,015,27424,1016,968,5,973,5
2021-02-26,El Dorado,017,186661,9167,9038,607,9645,98
2021-02-26,Fresno,019,978130,96487,95202,7676,102878,1391
2021-02-26,Glenn,021,27897,2253,2220,490,2710,15
2021-02-26,Humboldt,023,135768,3174,3152,22,3174,30
2021-02-26,Imperial,025,180216,27243,26888,2453,29341,631
2021-02-26,Inyo,027,18085,1306,1271,9,1280,34
2021-02-26,Kern,029,883053,93488,91884,9753,101637,997
2021-02-26,Kings,031,150075,22274,21917,961,22878,216
2021-02-26,Lake,033,64148,3192,3153,6,3159,40
2021-02-26,Lassen,035,31185,5123,5102,95,5197,1
2021-02-26,Los Angeles,037,10098052,1173127,1153131,38691,1191822,21070
2021-02-26,Madera,039,155013,15647,15436,820,16256,199
2021-02-26,Marin,041,260295,13237,13091,161,13252,214
2021-02-26,Mariposa,043,17540,377,375,5,380,4
2021-02-26,Mendocino,045,87422,3640,3549,71,3620,41
2021-02-26,Merced,047,269075,28456,28455,920,29375,382
2021-02-26,Modoc,049,8938,340,330,114,444,3
2021-02-26,Mono,051,14174,1181,1191,16,1207,3
2021-02-26,Monterey,053,433212,41962,41607,1677,43284,322
2021-02-26,Napa,055,140530,9071,9014,34,9048,70
2021-02-26,Nevada,057,99092,4019,3952,161,4113,66
2021-02-26,Orange,059,3164182,247216,245278,10168,255446,3918
2021-02-26,Placer,061,380077,20594,19712,1104,20816,239
2021-02-26,Plumas,063,18699,643,628,10,638,4
2021-02-26,Riverside,065,2383286,285698,278772,13336,292108,3653
2021-02-26,Sacramento,067,1510023,94599,93180,1245,94425,1390
2021-02-26,San Benito,069,59416,5740,5759,90,5849,57
2021-02-26,San Bernardino,071,2135413,286139,281132,8511,289643,3461
2021-02-26,San Diego,073,3302833,264276,259641,12874,272515,3271
2021-02-26,San Francisco,075,870044,34220,34213,1060,35273,413
2021-02-26,San Joaquin,077,732212,66884,65492,2733,68225,1070
2021-02-26,San Luis Obispo,079,281455,19715,19359,554,19913,234
2021-02-26,San Mateo,081,765935,39524,38922,404,39326,313
2021-02-26,Santa Barbara,083,443738,32319,31724,1039,32763,410
2021-02-26,Santa Clara,085,1922200,110507,110168,580,110748,1700
2021-02-26,Santa Cruz,087,273765,15432,14528,772,15300,185
2021-02-26,Shasta,089,179085,10956,10972,1218,12190,149
2021-02-26,Sierra,091,2930,51,47,12,59,0
2021-02-26,Siskiyou,093,43540,1503,1401,232,1633,5
2021-02-26,Solano,095,438530,29848,29651,357,30008,165
2021-02-26,Sonoma,097,501317,28064,28063,210,28273,280
2021-02-26,Stanislaus,099,539301,50726,50054,5319,55373,737
2021-02-26,Sutter,101,95872,8832,8806,80,8886,99
2021-02-26,Tehama,103,63373,4605,4581,489,5070,32
2021-02-26,Trinity,105,12862,467,298,77,375,3
2021-02-26,Tulare,107,460477,48284,47135,7948,55083,770
2021-02-26,Tuolumne,109,53932,3839,3896,35,3931,53
2021-02-26,Ventura,111,848112,77954,77534,2758,80292,765
2021-02-26,Yolo,113,214977,12916,12816,220,13036,188
2021-02-26,Yuba,115,75493,5510,5438,89,5527,39
2021-02-25,Alameda,001,1643700,80923,80181,1714,81895,1093
2021-02-25,Alpine,003,1148,80,77,0,77,0
2021-02-25,Amador,005,37829,3472,3448,30,3478,41
2021-02-25,Butte,007,227075,11341,10922,1603,12525,178
2021-02-25,Calaveras,009,45235,1899,1868,11,1879,46
2021-02-25,Colusa,011,21464,1873,1863,264,2127,11
2021-02-25,Contra Costa,013,1133247,63145,61910,1059,62969,686
2021-02-25,Del Norte,015,27424,1006,966,5,971,5
2021-02-25,El Dorado,017,186661,9151,9012,607,9619,98
2021-02-25,Fresno,019,978130,96343,95015,7655,102670,1377
2021-02-25,Glenn,021,27897,2250,2219,489,2708,15
2021-02-25,Humboldt,023,135768,3167,3129,22,3151,30
2021-02-25,Imperial,025,180216,27236,26855,2449,29304,628
2021-02-25,Inyo,027,18085,1300,1264,9,1273,33
2021-02-25,Kern,029,883053,93372,91735,9728,101463,992
2021-02-25,Kings,031,150075,22265,21900,958,22858,216
2021-02-25,Lake,033,64148,3183,3141,6,3147,40
2021-02-25,Lassen,035,31185,5122,5097,94,5191,1
2021-02-25,Los Angeles,037,10098052,1172380,1151846,38634,1190480,20931
2021-02-25,Madera,039,155013,15612,15414,816,16230,194
2021-02-25,Marin,041,260295,13214,13067,161,13228,214
2021-02-25,Mariposa,043,17540,377,375,5,380,4
2021-02-25,Mendocino,045,87422,3635,3542,71,3613,41
2021-02-25,Merced,047,269075,28407,28383,918,29301,382
2021-02-25,Modoc,049,8938,340,329,114,443,3
2021-02-25,Mono,051,14174,1180,1190,16,1206,3
2021-02-25,Monterey,053,433212,41937,41564,1672,43236,321
2021-02-25,Napa,055,140530,9045,8998,34,9032,70
2021-02-25,Nevada,057,99092,4002,3940,160,4100,66
2021-02-25,Orange,059,3164182,247043,245000,10158,255158,3882
2021-02-25,Placer,061,380077,20555,19661,1102,20763,239
2021-02-25,Plumas,063,18699,643,626,10,636,4
2021-02-25,Riverside,065,2383286,285510,278544,13315,291859,3646
2021-02-25,Sacramento,067,1510023,94441,92961,1233,94194,1386
2021-02-25,San Benito,069,59416,5735,5752,90,5842,58
2021-02-25,San Bernardino,071,2135413,286003,280946,8503,289449,3409
2021-02-25,San Diego,073,3302833,263982,258979,12844,271823,3260
2021-02-25,San Francisco,075,870044,34177,34138,1058,35196,408
2021-02-25,San Joaquin,077,732212,66800,65389,2721,68110,1047
2021-02-25,San Luis Obispo,079,281455,19694,19335,552,19887,234
2021-02-25,San Mateo,081,765935,39477,38872,404,39276,300
2021-02-25,Santa Barbara,083,443738,32242,31631,1038,32669,408
2021-02-25,Santa Clara,085,1922200,110342,109923,579,110502,1677
2021-02-25,Santa Cruz,087,273765,15413,14492,771,15263,185
2021-02-25,Shasta,089,179085,10944,10947,1213,12160,148
2021-02-25,Sierra,091,2930,51,47,12,59,0
2021-02-25,Siskiyou,093,43540,1498,1390,229,1619,4
2021-02-25,Solano,095,438530,29816,29616,357,29973,161
2021-02-25,Sonoma,097,501317,28010,28004,207,28211,278
2021-02-25,Stanislaus,099,539301,50635,49964,5309,55273,738
2021-02-25,Sutter,101,95872,8818,8789,79,8868,99
2021-02-25,Tehama,103,63373,4602,4578,487,5065,32
2021-02-25,Trinity,105,12862,467,297,77,374,3
2021-02-25,Tulare,107,460477,48234,47052,7922,54974,765
2021-02-25,Tuolumne,109,53932,3836,3894,35,3929,53
2021-02-25,Ventura,111,848112,77846,77395,2752,80147,751
2021-02-25,Yolo,113,214977,12899,12787,220,13007,188
2021-02-25,Yuba,115,75493,5503,5429,89,5518,39
2021-02-24,Alameda,001,1643700,80803,80070,1710,81780,1082
2021-02-24,Alpine,003,1148,79,77,0,77,0
2021-02-24,Amador,005,37829,3467,3444,30,3474,41
2021-02-24,Butte,007,227075,11328,10915,1599,12514,178
2021-02-24,Calaveras,009,45235,1895,1864,11,1875,31
2021-02-24,Colusa,011,21464,1871,1863,264,2127,11
2021-02-24,Contra Costa,013,1133247,63037,61776,1059,62835,663
2021-02-24,Del Norte,015,27424,1005,960,4,964,5
2021-02-24,El Dorado,017,186661,9138,8993,607,9600,98
2021-02-24,Fresno,019,978130,96195,94794,7639,102433,1369
2021-02-24,Glenn,021,27897,2249,2210,489,2699,14
2021-02-24,Humboldt,023,135768,3155,3123,22,3145,29
2021-02-24,Imperial,025,180216,27223,26843,2444,29287,596
2021-02-24,Inyo,027,18085,1295,1253,9,1262,32
2021-02-24,Kern,029,883053,93239,91525,9712,101237,992
2021-02-24,Kings,031,150075,22240,21871,956,22827,216
2021-02-24,Lake,033,64148,3176,3134,6,3140,40
2021-02-24,Lassen,035,31185,5118,5095,93,5188,1
2021-02-24,Los Angeles,037,10098052,1171614,1150322,38595,1188917,20817
2021-02-24,Madera,039,155013,15585,15390,816,16206,194
2021-02-24,Marin,041,260295,13191,13044,160,13204,214
2021-02-24,Mariposa,043,17540,377,374,5,379,4
2021-02-24,Mendocino,045,87422,3628,3540,71,3611,41
2021-02-24,Merced,047,269075,28369,28295,913,29208,383
2021-02-24,Modoc,049,8938,339,329,114,443,3
2021-02-24,Mono,051,14174,1178,1189,16,1205,3
2021-02-24,Monterey,053,433212,41912,41495,1670,43165,320
2021-02-24,Napa,055,140530,9028,8976,33,9009,70
2021-02-24,Nevada,057,99092,3992,3927,160,4087,66
2021-02-24,Orange,059,3164182,246825,244743,10145,254888,3835
2021-02-24,Placer,061,380077,20516,19648,1096,20744,239
2021-02-24,Plumas,063,18699,641,626,10,636,4
2021-02-24,Riverside,065,2383286,285282,278293,13306,291599,3603
2021-02-24,Sacramento,067,1510023,94287,92742,1228,93970,1375
2021-02-24,San Benito,069,59416,5734,5743,90,5833,57
2021-02-24,San Bernardino,071,2135413,285851,280583,8499,289082,3360
2021-02-24,San Diego,073,3302833,263686,258460,12828,271288,3230
2021-02-24,San Francisco,075,870044,34131,34061,1055,35116,406
2021-02-24,San Joaquin,077,732212,66690,65274,2719,67993,1019
2021-02-24,San Luis Obispo,079,281455,19671,19309,550,19859,233
2021-02-24,San Mateo,081,765935,39440,38763,404,39167,300
2021-02-24,Santa Barbara,083,443738,32190,31563,1035,32598,405
2021-02-24,Santa Clara,085,1922200,110194,109671,578,110249,1674
2021-02-24,Santa Cruz,087,273765,15392,14458,771,15229,185
2021-02-24,Shasta,089,179085,10931,10922,1210,12132,148
2021-02-24,Sierra,091,2930,51,47,12,59,0
2021-02-24,Siskiyou,093,43540,1491,1385,225,1610,4
2021-02-24,Solano,095,438530,29776,29577,355,29932,158
2021-02-24,Sonoma,097,501317,27946,27954,203,28157,278
2021-02-24,Stanislaus,099,539301,50564,49851,5302,55153,732
2021-02-24,Sutter,101,95872,8808,8778,79,8857,99
2021-02-24,Tehama,103,63373,4599,4566,487,5053,31
2021-02-24,Trinity,105,12862,467,294,76,370,3
2021-02-24,Tulare,107,460477,48178,46976,7894,54870,759
2021-02-24,Tuolumne,109,53932,3833,3887,35,3922,53
2021-02-24,Ventura,111,848112,77738,77238,2751,79989,718
2021-02-24,Yolo,113,214977,12886,12760,217,12977,188
2021-02-24,Yuba,115,75493,5492,5425,87,5512,39
2021-02-23,Alameda,001,1643700,80665,79948,1708,81656,1070
2021-02-23,Alpine,003,1148,78,77,0,77,0
2021-02-23,Amador,005,37829,3465,3440,30,3470,41
2021-02-23,Butte,007,227075,11312,10887,1596,12483,176
2021-02-23,Calaveras,009,45235,1894,1863,11,1874,21
2021-02-23,Colusa,011,21464,1868,1862,264,2126,11
2021-02-23,Contra Costa,013,1133247,62903,61613,1056,62669,661
2021-02-23,Del Norte,015,27424,1003,953,4,957,3
2021-02-23,El Dorado,017,186661,9125,8969,607,9576,96
2021-02-23,Fresno,019,978130,96034,94741,7625,102366,1356
2021-02-23,Glenn,021,27897,2247,2209,489,2698,14
2021-02-23,Humboldt,023,135768,3138,3108,22,3130,29
2021-02-23,Imperial,025,180216,27203,26816,2439,29255,591
2021-02-23,Inyo,027,18085,1291,1250,9,1259,32
2021-02-23,Kern,029,883053,93100,91390,9683,101073,982
2021-02-23,Kings,031,150075,22225,21839,952,22791,216
2021-02-23,Lake,033,64148,3168,3121,6,3127,40
2021-02-23,Lassen,035,31185,5115,5092,93,5185,1
2021-02-23,Los Angeles,037,10098052,1170740,1148965,38543,1187508,19887
2021-02-23,Madera,039,155013,15571,15352,810,16162,193
2021-02-23,Marin,041,260295,13171,13015,159,13174,214
2021-02-23,Mariposa,043,17540,377,374,5,379,4
2021-02-23,Mendocino,045,87422,3626,3540,70,3610,41
2021-02-23,Merced,047,269075,28289,28209,906,29115,381
2021-02-23,Modoc,049,8938,338,328,113,441,3
2021-02-23,Mono,051,14174,1178,1189,16,1205,3
2021-02-23,Monterey,053,433212,41873,41439,1665,43104,317
2021-02-23,Napa,055,140530,9016,8967,33,9000,70
2021-02-23,Nevada,057,99092,3984,3912,160,4072,66
2021-02-23,Orange,059,3164182,246627,244566,10127,254693,3843
2021-02-23,Placer,061,380077,20491,19608,1092,20700,238
2021-02-23,Plumas,063,18699,640,626,10,636,4
2021-02-23,Riverside,065,2383286,285045,278075,13292,291367,3599
2021-02-23,Sacramento,067,1510023,94130,92632,1222,93854,1370
2021-02-23,San Benito,069,59416,5728,5731,89,5820,57
2021-02-23,San Bernardino,071,2135413,285663,280279,8494,288773,3283
2021-02-23,San Diego,073,3302833,263309,257802,12798,270600,3218
2021-02-23,San Francisco,075,870044,34083,33994,1054,35048,405
2021-02-23,San Joaquin,077,732212,66590,65141,2712,67853,1004
2021-02-23,San Luis Obispo,079,281455,19642,19233,549,19782,230
2021-02-23,San Mateo,081,765935,39379,38662,404,39066,299
2021-02-23,Santa Barbara,083,443738,32135,31483,1033,32516,402
2021-02-23,Santa Clara,085,1922200,109997,109449,575,110024,1661
2021-02-23,Santa Cruz,087,273765,15363,14435,769,15204,178
2021-02-23,Shasta,089,179085,10919,10903,1206,12109,146
2021-02-23,Sierra,091,2930,51,47,12,59,0
2021-02-23,Siskiyou,093,43540,1486,1380,223,1603,4
2021-02-23,Solano,095,438530,29736,29545,352,29897,154
2021-02-23,Sonoma,097,501317,27903,27882,200,28082,278
2021-02-23,Stanislaus,099,539301,50486,49749,5286,55035,722
2021-02-23,Sutter,101,95872,8795,8766,79,8845,98
2021-02-23,Tehama,103,63373,4593,4556,486,5042,30
2021-02-23,Trinity,105,12862,467,292,75,367,3
2021-02-23,Tulare,107,460477,48100,46937,7860,54797,757
2021-02-23,Tuolumne,109,53932,3829,3864,35,3899,53
2021-02-23,Ventura,111,848112,77622,77093,2742,79835,689
2021-02-23,Yolo,113,214977,12857,12729,217,12946,188
2021-02-23,Yuba,115,75493,5479,5417,86,5503,38
2021-02-22,Alameda,001,1643700,80514,79796,1704,81500,1062
2021-02-22,Alpine,003,1148,78,77,0,77,0
2021-02-22,Amador,005,37829,3460,3438,30,3468,39
2021-02-22,Butte,007,227075,11299,10855,1591,12446,176
2021-02-22,Calaveras,009,45235,1892,1862,11,1873,21
2021-02-22,Colusa,011,21464,1868,1860,264,2124,11
2021-02-22,Contra Costa,013,1133247,62775,61478,1055,62533,661
2021-02-22,Del Norte,015,27424,1002,948,4,952,3
2021-02-22,El Dorado,017,186661,9108,8940,607,9547,96
2021-02-22,Fresno,019,978130,95872,94584,7608,102192,1351
2021-02-22,Glenn,021,27897,2242,2207,487,2694,14
2021-02-22,Humboldt,023,135768,3126,3095,22,3117,29
2021-02-22,Imperial,025,180216,27181,26778,2432,29210,590
2021-02-22,Inyo,027,18085,1286,1248,9,1257,32
2021-02-22,Kern,029,883053,92983,91201,9661,100862,982
2021-02-22,Kings,031,150075,22202,21801,949,22750,214
2021-02-22,Lake,033,64148,3162,3107,6,3113,40
2021-02-22,Lassen,035,31185,5115,5088,92,5180,1
2021-02-22,Los Angeles,037,10098052,1169868,1147541,38485,1186026,19730
2021-02-22,Madera,039,155013,15546,15325,806,16131,193
2021-02-22,Marin,041,260295,13146,12991,156,13147,213
2021-02-22,Mariposa,043,17540,376,374,5,379,4
2021-02-22,Mendocino,045,87422,3620,3535,70,3605,41
2021-02-22,Merced,047,269075,28226,28166,903,29069,379
2021-02-22,Modoc,049,8938,338,329,113,442,3
2021-02-22,Mono,051,14174,1174,1189,16,1205,3
2021-02-22,Monterey,053,433212,41828,41397,1659,43056,311
2021-02-22,Napa,055,140530,8989,8950,33,8983,69
2021-02-22,Nevada,057,99092,3975,3900,158,4058,66
2021-02-22,Orange,059,3164182,246391,244118,10109,254227,3843
2021-02-22,Placer,061,380077,20454,19587,1084,20671,238
2021-02-22,Plumas,063,18699,640,625,10,635,4
2021-02-22,Riverside,065,2383286,284782,277730,13284,291014,3567
2021-02-22,Sacramento,067,1510023,93963,92476,1212,93688,1359
2021-02-22,San Benito,069,59416,5726,5723,89,5812,57
2021-02-22,San Bernardino,071,2135413,285484,279984,8481,288465,3259
2021-02-22,San Diego,073,3302833,262899,257348,12765,270113,3189
2021-02-22,San Francisco,075,870044,34023,33947,1049,34996,405
2021-02-22,San Joaquin,077,732212,66494,65060,2699,67759,1001
2021-02-22,San Luis Obispo,079,281455,19605,19198,547,19745,229
2021-02-22,San Mateo,081,765935,39322,38542,401,38943,282
2021-02-22,Santa Barbara,083,443738,32069,31421,1030,32451,399
2021-02-22,Santa Clara,085,1922200,109788,109213,564,109777,1655
2021-02-22,Santa Cruz,087,273765,15337,14417,769,15186,176
2021-02-22,Shasta,089,179085,10904,10872,1201,12073,145
2021-02-22,Sierra,091,2930,51,47,12,59,0
2021-02-22,Siskiyou,093,43540,1480,1373,222,1595,4
2021-02-22,Solano,095,438530,29697,29508,351,29859,150
2021-02-22,Sonoma,097,501317,27858,27845,199,28044,278
2021-02-22,Stanislaus,099,539301,50384,49630,5268,54898,722
2021-02-22,Sutter,101,95872,8787,8698,79,8777,98
2021-02-22,Tehama,103,63373,4590,4550,485,5035,30
2021-02-22,Trinity,105,12862,467,287,74,361,3
2021-02-22,Tulare,107,460477,48038,46879,7828,54707,751
2021-02-22,Tuolumne,109,53932,3825,3856,35,3891,53
2021-02-22,Ventura,111,848112,77494,76947,2737,79684,677
2021-02-22,Yolo,113,214977,12830,12689,217,12906,183
2021-02-22,Yuba,115,75493,5476,5404,85,5489,38
2021-02-21,Alameda,001,1643700,80322,79649,1699,81348,1061
2021-02-21,Alpine,003,1148,78,77,0,77,0
2021-02-21,Amador,005,37829,3452,3435,30,3465,39
2021-02-21,Butte,007,227075,11281,10855,1589,12444,176
2021-02-21,Calaveras,009,45235,1891,1860,11,1871,21
2021-02-21,Colusa,011,21464,1867,1860,260,2120,11
2021-02-21,Contra Costa,013,1133247,62620,61364,1052,62416,661
2021-02-21,Del Norte,015,27424,996,942,4,946,3
2021-02-21,El Dorado,017,186661,9090,8927,606,9533,96
2021-02-21,Fresno,019,978130,95730,94374,7591,101965,1349
2021-02-21,Glenn,021,27897,2240,2201,485,2686,14
2021-02-21,Humboldt,023,135768,3114,3096,22,3118,29
2021-02-21,Imperial,025,180216,27167,26779,2430,29209,590
2021-02-21,Inyo,027,18085,1280,1232,9,1241,32
2021-02-21,Kern,029,883053,92858,91141,9623,100764,980
2021-02-21,Kings,031,150075,22166,21784,947,22731,213
2021-02-21,Lake,033,64148,3154,3100,6,3106,40
2021-02-21,Lassen,035,31185,5107,5077,92,5169,1
2021-02-21,Los Angeles,037,10098052,1168832,1146756,38437,1185193,19711
2021-02-21,Madera,039,155013,15513,15298,803,16101,192
2021-02-21,Marin,041,260295,13117,12968,156,13124,212
2021-02-21,Mariposa,043,17540,376,373,5,378,4
2021-02-21,Mendocino,045,87422,3615,3535,70,3605,41
2021-02-21,Merced,047,269075,28152,28106,887,28993,379
2021-02-21,Modoc,049,8938,335,329,113,442,3
2021-02-21,Mono,051,14174,1174,1189,16,1205,3
2021-02-21,Monterey,053,433212,41772,41373,1652,43025,309
2021-02-21,Napa,055,140530,8975,8929,33,8962,69
2021-02-21,Nevada,057,99092,3962,3895,158,4053,66
2021-02-21,Orange,059,3164182,246094,243985,10092,254077,3801
2021-02-21,Placer,061,380077,20418,19553,1080,20633,238
2021-02-21,Plumas,063,18699,640,625,10,635,4
2021-02-21,Riverside,065,2383286,284548,277555,13271,290826,3564
2021-02-21,Sacramento,067,1510023,93753,92288,1200,93488,1354
2021-02-21,San Benito,069,59416,5716,5716,86,5802,57
2021-02-21,San Bernardino,071,2135413,285260,279870,8466,288336,3247
2021-02-21,San Diego,073,3302833,262465,257027,12719,269746,3190
2021-02-21,San Francisco,075,870044,33959,33891,1045,34936,405
2021-02-21,San Joaquin,077,732212,66355,64997,2687,67684,1001
2021-02-21,San Luis Obispo,079,281455,19572,19178,545,19723,229
2021-02-21,San Mateo,081,765935,39260,38448,397,38845,282
2021-02-21,Santa Barbara,083,443738,32007,31374,1027,32401,399
2021-02-21,Santa Clara,085,1922200,109562,108992,556,109548,1654
2021-02-21,Santa Cruz,087,273765,15314,14401,768,15169,176
2021-02-21,Shasta,089,179085,10890,10867,1196,12063,145
2021-02-21,Sierra,091,2930,51,47,12,59,0
2021-02-21,Siskiyou,093,43540,1474,1371,222,1593,4
2021-02-21,Solano,095,438530,29642,29471,350,29821,150
2021-02-21,Sonoma,097,501317,27794,27793,192,27985,278
2021-02-21,Stanislaus,099,539301,50271,49527,5254,54781,726
2021-02-21,Sutter,101,95872,8770,8687,78,8765,97
2021-02-21,Tehama,103,63373,4581,4547,485,5032,30
2021-02-21,Trinity,105,12862,465,286,74,360,3
2021-02-21,Tulare,107,460477,47970,46830,7793,54623,749
2021-02-21,Tuolumne,109,53932,3811,3828,35,3863,53
2021-02-21,Ventura,111,848112,77345,76862,2723,79585,677
2021-02-21,Yolo,113,214977,12799,12670,217,12887,183
2021-02-21,Yuba,115,75493,5468,5396,84,5480,38
2021-02-20,Alameda,001,1643700,80231,79496,1694,81190,1055
2021-02-20,Alpine,003,1148,78,77,0,77,0
2021-02-20,Amador,005,37829,3450,3432,30,3462,39
2021-02-20,Butte,007,227075,11273,10838,1588,12426,176
2021-02-20,Calaveras,009,45235,1890,1858,11,1869,21
2021-02-20,Colusa,011,21464,1866,1858,260,2118,11
2021-02-20,Contra Costa,013,1133247,62536,61205,1050,62255,663
2021-02-20,Del Norte,015,27424,992,937,4,941,3
2021-02-20,El Dorado,017,186661,9080,8911,606,9517,96
2021-02-20,Fresno,019,978130,95646,94234,7571,101805,1341
2021-02-20,Glenn,021,27897,2236,2199,484,2683,14
2021-02-20,Humboldt,023,135768,3106,3073,22,3095,29
2021-02-20,Imperial,025,180216,27157,26771,2430,29201,590
2021-02-20,Inyo,027,18085,1276,1226,9,1235,32
2021-02-20,Kern,029,883053,92787,91025,9591,100616,968
2021-02-20,Kings,031,150075,22148,21773,946,22719,212
2021-02-20,Lake,033,64148,3147,3089,6,3095,40
2021-02-20,Lassen,035,31185,5105,5067,92,5159,1
2021-02-20,Los Angeles,037,10098052,1168264,1145594,38395,1183989,19630
2021-02-20,Madera,039,155013,15493,15274,802,16076,191
2021-02-20,Marin,041,260295,13096,12945,154,13099,211
2021-02-20,Mariposa,043,17540,376,372,5,377,4
2021-02-20,Mendocino,045,87422,3613,3533,70,3603,40
2021-02-20,Merced,047,269075,28109,28066,884,28950,379
2021-02-20,Modoc,049,8938,335,328,113,441,3
2021-02-20,Mono,051,14174,1173,1187,16,1203,3
2021-02-20,Monterey,053,433212,41750,41313,1650,42963,309
2021-02-20,Napa,055,140530,8966,8910,33,8943,69
2021-02-20,Nevada,057,99092,3952,3887,157,4044,66
2021-02-20,Orange,059,3164182,245925,243761,10078,253839,3755
2021-02-20,Placer,061,380077,20377,19509,1076,20585,236
2021-02-20,Plumas,063,18699,640,626,10,636,4
2021-02-20,Riverside,065,2383286,284394,277267,13262,290529,3559
2021-02-20,Sacramento,067,1510023,93630,92057,1198,93255,1352
2021-02-20,San Benito,069,59416,5705,5709,86,5795,57
2021-02-20,San Bernardino,071,2135413,285158,279608,8461,288069,3203
2021-02-20,San Diego,073,3302833,262223,256510,12690,269200,3188
2021-02-20,San Francisco,075,870044,33917,33820,1036,34856,399
2021-02-20,San Joaquin,077,732212,66285,64916,2682,67598,1001
2021-02-20,San Luis Obispo,079,281455,19548,19138,544,19682,229
2021-02-20,San Mateo,081,765935,39216,38371,396,38767,282
2021-02-20,Santa Barbara,083,443738,31973,31289,1026,32315,396
2021-02-20,Santa Clara,085,1922200,109384,108728,553,109281,1649
2021-02-20,Santa Cruz,087,273765,15303,14378,766,15144,176
2021-02-20,Shasta,089,179085,10876,10850,1191,12041,146
2021-02-20,Sierra,091,2930,51,47,12,59,0
2021-02-20,Siskiyou,093,43540,1471,1366,222,1588,4
2021-02-20,Solano,095,438530,29628,29440,348,29788,150
2021-02-20,Sonoma,097,501317,27765,27703,190,27893,278
2021-02-20,Stanislaus,099,539301,50220,49445,5240,54685,733
2021-02-20,Sutter,101,95872,8764,8681,78,8759,97
2021-02-20,Tehama,103,63373,4576,4545,485,5030,30
2021-02-20,Trinity,105,12862,464,285,73,358,3
2021-02-20,Tulare,107,460477,47934,46769,7771,54540,739
2021-02-20,Tuolumne,109,53932,3806,3823,35,3858,53
2021-02-20,Ventura,111,848112,77250,76757,2720,79477,671
2021-02-20,Yolo,113,214977,12785,12639,216,12855,183
2021-02-20,Yuba,115,75493,5465,5386,84,5470,38
2021-02-19,Alameda,001,1643700,80130,79318,1690,81008,1047
2021-02-19,Alpine,003,1148,78,77,0,77,0
2021-02-19,Amador,005,37829,3446,3427,30,3457,39
2021-02-19,Butte,007,227075,11259,10823,1581,12404,176
2021-02-19,Calaveras,009,45235,1889,1856,11,1867,21
2021-02-19,Colusa,011,21464,1866,1858,260,2118,11
2021-02-19,Contra Costa,013,1133247,62424,61017,1047,62064,651
2021-02-19,Del Norte,015,27424,987,932,4,936,2
2021-02-19,El Dorado,017,186661,9071,8882,605,9487,96
2021-02-19,Fresno,019,978130,95516,93973,7555,101528,1330
2021-02-19,Glenn,021,27897,2231,2199,483,2682,14
2021-02-19,Humboldt,023,135768,3094,3037,22,3059,29
2021-02-19,Imperial,025,180216,27151,26751,2427,29178,589
2021-02-19,Inyo,027,18085,1271,1212,9,1221,32
2021-02-19,Kern,029,883053,92718,90807,9551,100358,963
2021-02-19,Kings,031,150075,22134,21724,944,22668,211
2021-02-19,Lake,033,64148,3141,3078,6,3084,40
2021-02-19,Lassen,035,31185,5104,5057,92,5149,1
2021-02-19,Los Angeles,037,10098052,1167515,1143828,38355,1182183,19498
2021-02-19,Madera,039,155013,15476,15222,800,16022,188
2021-02-19,Marin,041,260295,13078,12919,153,13072,210
2021-02-19,Mariposa,043,17540,376,371,5,376,4
2021-02-19,Mendocino,045,87422,3611,3526,70,3596,39
2021-02-19,Merced,047,269075,28079,27985,881,28866,376
2021-02-19,Modoc,049,8938,335,328,113,441,3
2021-02-19,Mono,051,14174,1173,1186,16,1202,3
2021-02-19,Monterey,053,433212,41723,41209,1646,42855,309
2021-02-19,Napa,055,140530,8953,8899,33,8932,69
2021-02-19,Nevada,057,99092,3946,3863,157,4020,66
2021-02-19,Orange,059,3164182,245749,243397,10065,253462,3715
2021-02-19,Placer,061,380077,20355,19457,1076,20533,236
2021-02-19,Plumas,063,18699,638,624,10,634,4
2021-02-19,Riverside,065,2383286,284225,276941,13245,290186,3541
2021-02-19,Sacramento,067,1510023,93509,91815,1194,93009,1351
2021-02-19,San Benito,069,59416,5700,5699,86,5785,57
2021-02-19,San Bernardino,071,2135413,285022,279209,8456,287665,3117
2021-02-19,San Diego,073,3302833,261932,255799,12667,268466,3169
2021-02-19,San Francisco,075,870044,33869,33746,1030,34776,387
2021-02-19,San Joaquin,077,732212,66209,64774,2673,67447,988
2021-02-19,San Luis Obispo,079,281455,19517,19061,542,19603,230
2021-02-19,San Mateo,081,765935,39158,38256,394,38650,282
2021-02-19,Santa Barbara,083,443738,31909,31204,1025,32229,392
2021-02-19,Santa Clara,085,1922200,109172,108400,551,108951,1634
2021-02-19,Santa Cruz,087,273765,15288,14354,766,15120,176
2021-02-19,Shasta,089,179085,10865,10833,1188,12021,140
2021-02-19,Sierra,091,2930,51,47,12,59,0
2021-02-19,Siskiyou,093,43540,1467,1363,220,1583,4
2021-02-19,Solano,095,438530,29603,29383,347,29730,150
2021-02-19,Sonoma,097,501317,27718,27595,188,27783,280
2021-02-19,Stanislaus,099,539301,50159,49282,5224,54506,739
2021-02-19,Sutter,101,95872,8754,8665,78,8743,96
2021-02-19,Tehama,103,63373,4574,4535,485,5020,30
2021-02-19,Trinity,105,12862,462,282,71,353,3
2021-02-19,Tulare,107,460477,47889,46662,7746,54408,736
2021-02-19,Tuolumne,109,53932,3799,3817,35,3852,52
2021-02-19,Ventura,111,848112,77171,76582,2717,79299,667
2021-02-19,Yolo,113,214977,12769,12606,216,12822,183
2021-02-19,Yuba,115,75493,5455,5376,84,5460,38
2021-02-18,Alameda,001,1643700,79996,79111,1682,80793,1012
2021-02-18,Alpine,003,1148,78,77,0,77,0
2021-02-18,Amador,005,37829,3442,3417,29,3446,38
2021-02-18,Butte,007,227075,11241,10791,1579,12370,175
2021-02-18,Calaveras,009,45235,1884,1873,11,1884,21
2021-02-18,Colusa,011,21464,1864,1856,258,2114,11
2021-02-18,Contra Costa,013,1133247,62310,60868,1045,61913,640
2021-02-18,Del Norte,015,27424,982,929,4,933,2
2021-02-18,El Dorado,017,186661,9056,8850,604,9454,94
2021-02-18,Fresno,019,978130,95346,93734,7530,101264,1323
2021-02-18,Glenn,021,27897,2225,2195,483,2678,14
2021-02-18,Humboldt,023,135768,3082,3023,22,3045,29
2021-02-18,Imperial,025,180216,27125,26731,2420,29151,591
2021-02-18,Inyo,027,18085,1267,1213,8,1221,32
2021-02-18,Kern,029,883053,92564,90655,9521,100176,961
2021-02-18,Kings,031,150075,22110,21648,943,22591,211
2021-02-18,Lake,033,64148,3136,3066,6,3072,40
2021-02-18,Lassen,035,31185,5095,5052,92,5144,1
2021-02-18,Los Angeles,037,10098052,1166557,1141930,38291,1180221,19358
2021-02-18,Madera,039,155013,15454,15175,795,15970,188
2021-02-18,Marin,041,260295,13065,12895,152,13047,209
2021-02-18,Mariposa,043,17540,375,369,5,374,4
2021-02-18,Mendocino,045,87422,3608,3519,69,3588,39
2021-02-18,Merced,047,269075,28030,27870,875,28745,372
2021-02-18,Modoc,049,8938,333,327,112,439,3
2021-02-18,Mono,051,14174,1173,1182,16,1198,3
2021-02-18,Monterey,053,433212,41665,41091,1637,42728,307
2021-02-18,Napa,055,140530,8936,8877,33,8910,68
2021-02-18,Nevada,057,99092,3937,3836,156,3992,66
2021-02-18,Orange,059,3164182,245526,243098,10048,253146,3673
2021-02-18,Placer,061,380077,20328,19429,1075,20504,232
2021-02-18,Plumas,063,18699,638,624,10,634,4
2021-02-18,Riverside,065,2383286,283937,276595,13224,289819,3510
2021-02-18,Sacramento,067,1510023,93347,91476,1188,92664,1334
2021-02-18,San Benito,069,59416,5697,5697,85,5782,58
2021-02-18,San Bernardino,071,2135413,284812,278887,8442,287329,3066
2021-02-18,San Diego,073,3302833,261577,254987,12644,267631,3135
2021-02-18,San Francisco,075,870044,33811,33650,1027,34677,386
2021-02-18,San Joaquin,077,732212,66126,64634,2663,67297,982
2021-02-18,San Luis Obispo,079,281455,19475,18987,539,19526,230
2021-02-18,San Mateo,081,765935,39096,38185,390,38575,282
2021-02-18,Santa Barbara,083,443738,31831,31054,1018,32072,387
2021-02-18,Santa Clara,085,1922200,108947,108210,548,108758,1605
2021-02-18,Santa Cruz,087,273765,15262,14314,766,15080,176
2021-02-18,Shasta,089,179085,10847,10811,1185,11996,139
2021-02-18,Sierra,091,2930,50,47,12,59,0
2021-02-18,Siskiyou,093,43540,1462,1359,219,1578,4
2021-02-18,Solano,095,438530,29577,29349,346,29695,150
2021-02-18,Sonoma,097,501317,27651,27512,187,27699,281
2021-02-18,Stanislaus,099,539301,50059,49150,5207,54357,738
2021-02-18,Sutter,101,95872,8746,8654,78,8732,96
2021-02-18,Tehama,103,63373,4571,4528,485,5013,30
2021-02-18,Trinity,105,12862,461,282,71,353,3
2021-02-18,Tulare,107,460477,47826,46591,7706,54297,728
2021-02-18,Tuolumne,109,53932,3762,3811,35,3846,52
2021-02-18,Ventura,111,848112,77039,76442,2709,79151,659
2021-02-18,Yolo,113,214977,12743,12549,213,12762,183
2021-02-18,Yuba,115,75493,5438,5358,84,5442,38
2021-02-17,Alameda,001,1643700,79834,78895,1680,80575,1002
2021-02-17,Alpine,003,1148,78,77,0,77,0
2021-02-17,Amador,005,37829,3438,3415,29,3444,38
2021-02-17,Butte,007,227075,11223,10770,1575,12345,174
2021-02-17,Calaveras,009,45235,1884,1876,11,1887,21
2021-02-17,Colusa,011,21464,1861,1854,258,2112,10
2021-02-17,Contra Costa,013,1133247,62172,60723,1042,61765,635
2021-02-17,Del Norte,015,27424,975,920,4,924,2
2021-02-17,El Dorado,017,186661,9045,8847,604,9451,94
2021-02-17,Fresno,019,978130,95207,93555,7503,101058,1307
2021-02-17,Glenn,021,27897,2224,2189,482,2671,14
2021-02-17,Humboldt,023,135768,3067,3006,22,3028,29
2021-02-17,Imperial,025,180216,27111,26726,2416,29142,580
2021-02-17,Inyo,027,18085,1259,1197,8,1205,32
2021-02-17,Kern,029,883053,92446,90454,9476,99930,962
2021-02-17,Kings,031,150075,22072,21617,939,22556,211
2021-02-17,Lake,033,64148,3126,3057,2,3059,38
2021-02-17,Lassen,035,31185,5090,5052,91,5143,1
2021-02-17,Los Angeles,037,10098052,1165503,1139786,38227,1178013,19213
2021-02-17,Madera,039,155013,15429,15135,786,15921,177
2021-02-17,Marin,041,260295,13040,12881,152,13033,207
2021-02-17,Mariposa,043,17540,375,368,4,372,4
2021-02-17,Mendocino,045,87422,3606,3494,68,3562,39
2021-02-17,Merced,047,269075,27975,27824,866,28690,372
2021-02-17,Modoc,049,8938,333,327,112,439,3
2021-02-17,Mono,051,14174,1173,1180,16,1196,3
2021-02-17,Monterey,053,433212,41610,41014,1626,42640,304
2021-02-17,Napa,055,140530,8922,8865,33,8898,68
2021-02-17,Nevada,057,99092,3918,3822,153,3975,52
2021-02-17,Orange,059,3164182,245264,242716,10015,252731,3626
2021-02-17,Placer,061,380077,20294,19405,1071,20476,230
2021-02-17,Plumas,063,18699,637,623,10,633,4
2021-02-17,Riverside,065,2383286,283649,276289,13203,289492,3491
2021-02-17,Sacramento,067,1510023,93188,91309,1181,92490,1326
2021-02-17,San Benito,069,59416,5691,5661,85,5746,57
2021-02-17,San Bernardino,071,2135413,284608,278461,8423,286884,3020
2021-02-17,San Diego,073,3302833,261199,254177,12623,266800,3099
2021-02-17,San Francisco,075,870044,33735,33558,1022,34580,379
2021-02-17,San Joaquin,077,732212,66020,64556,2657,67213,979
2021-02-17,San Luis Obispo,079,281455,19430,18964,539,19503,230
2021-02-17,San Mateo,081,765935,39032,38124,390,38514,282
2021-02-17,Santa Barbara,083,443738,31763,30927,1017,31944,384
2021-02-17,Santa Clara,085,1922200,108715,107949,546,108495,1592
2021-02-17,Santa Cruz,087,273765,15229,14268,763,15031,174
2021-02-17,Shasta,089,179085,10827,10770,1184,11954,139
2021-02-17,Sierra,091,2930,50,47,12,59,0
2021-02-17,Siskiyou,093,43540,1456,1352,216,1568,4
2021-02-17,Solano,095,438530,29520,29288,346,29634,149
2021-02-17,Sonoma,097,501317,27579,27408,182,27590,281
2021-02-17,Stanislaus,099,539301,49946,49050,5191,54241,730
2021-02-17,Sutter,101,95872,8736,8681,78,8759,95
2021-02-17,Tehama,103,63373,4568,4511,485,4996,30
2021-02-17,Trinity,105,12862,461,277,69,346,3
2021-02-17,Tulare,107,460477,47761,46495,7680,54175,726
2021-02-17,Tuolumne,109,53932,3753,3806,35,3841,49
2021-02-17,Ventura,111,848112,76917,76234,2703,78937,646
2021-02-17,Yolo,113,214977,12724,12506,211,12717,182
2021-02-17,Yuba,115,75493,5429,5345,84,5429,38
2021-02-16,Alameda,001,1643700,79664,78756,1677,80433,997
2021-02-16,Alpine,003,1148,78,76,0,76,0
2021-02-16,Amador,005,37829,3431,3413,29,3442,39
2021-02-16,Butte,007,227075,11197,10748,1572,12320,164
2021-02-16,Calaveras,009,45235,1882,1872,11,1883,21
2021-02-16,Colusa,011,21464,1858,1852,256,2108,10
2021-02-16,Contra Costa,013,1133247,62021,60564,1037,61601,631
2021-02-16,Del Norte,015,27424,967,913,4,917,2
2021-02-16,El Dorado,017,186661,9035,8836,602,9438,94
2021-02-16,Fresno,019,978130,95042,93363,7473,100836,1293
2021-02-16,Glenn,021,27897,2220,2189,478,2667,14
2021-02-16,Humboldt,023,135768,3044,2994,21,3015,29
2021-02-16,Imperial,025,180216,27098,26711,2412,29123,580
2021-02-16,Inyo,027,18085,1251,1191,8,1199,32
2021-02-16,Kern,029,883053,92314,90267,9446,99713,959
2021-02-16,Kings,031,150075,22026,21583,935,22518,206
2021-02-16,Lake,033,64148,3119,3041,2,3043,38
2021-02-16,Lassen,035,31185,5078,5047,91,5138,1
2021-02-16,Los Angeles,037,10098052,1164249,1138262,38166,1176428,19044
2021-02-16,Madera,039,155013,15391,15120,781,15901,172
2021-02-16,Marin,041,260295,13012,12832,152,12984,205
2021-02-16,Mariposa,043,17540,375,367,4,371,4
2021-02-16,Mendocino,045,87422,3602,3489,68,3557,39
2021-02-16,Merced,047,269075,27894,27724,860,28584,368
2021-02-16,Modoc,049,8938,333,326,112,438,3
2021-02-16,Mono,051,14174,1173,1180,16,1196,3
2021-02-16,Monterey,053,433212,41534,40962,1617,42579,303
2021-02-16,Napa,055,140530,8909,8854,33,8887,66
2021-02-16,Nevada,057,99092,3905,3774,152,3926,47
2021-02-16,Orange,059,3164182,244942,242382,9999,252381,3612
2021-02-16,Placer,061,380077,20261,19367,1068,20435,230
2021-02-16,Plumas,063,18699,637,619,10,629,4
2021-02-16,Riverside,065,2383286,283345,275954,13181,289135,3471
2021-02-16,Sacramento,067,1510023,92934,91246,1175,92421,1305
2021-02-16,San Benito,069,59416,5683,5659,84,5743,56
2021-02-16,San Bernardino,071,2135413,284383,277947,8414,286361,2978
2021-02-16,San Diego,073,3302833,260734,253638,12584,266222,3042
2021-02-16,San Francisco,075,870044,33664,33491,1017,34508,373
2021-02-16,San Joaquin,077,732212,65890,64448,2654,67102,979
2021-02-16,San Luis Obispo,079,281455,19385,18925,536,19461,229
2021-02-16,San Mateo,081,765935,38973,38041,388,38429,277
2021-02-16,Santa Barbara,083,443738,31689,30865,1014,31879,378
2021-02-16,Santa Clara,085,1922200,108463,107754,543,108297,1591
2021-02-16,Santa Cruz,087,273765,15209,14256,762,15018,174
2021-02-16,Shasta,089,179085,10812,10736,1182,11918,139
2021-02-16,Sierra,091,2930,50,47,12,59,0
2021-02-16,Siskiyou,093,43540,1452,1351,216,1567,4
2021-02-16,Solano,095,438530,29482,29246,345,29591,148
2021-02-16,Sonoma,097,501317,27520,27380,176,27556,279
2021-02-16,Stanislaus,099,539301,49822,48927,5177,54104,716
2021-02-16,Sutter,101,95872,8713,8671,78,8749,95
2021-02-16,Tehama,103,63373,4559,4501,483,4984,30
2021-02-16,Trinity,105,12862,457,275,69,344,3
2021-02-16,Tulare,107,460477,47697,46444,7636,54080,716
2021-02-16,Tuolumne,109,53932,3751,3796,35,3831,49
2021-02-16,Ventura,111,848112,76775,76043,2700,78743,631
2021-02-16,Yolo,113,214977,12695,12457,211,12668,175
2021-02-16,Yuba,115,75493,5422,5332,83,5415,38
2021-02-15,Alameda,001,1643700,79468,78647,1666,80313,996
2021-02-15,Alpine,003,1148,78,76,0,76,0
2021-02-15,Amador,005,37829,3427,3409,29,3438,39
2021-02-15,Butte,007,227075,11179,10723,1568,12291,155
2021-02-15,Calaveras,009,45235,1878,1871,11,1882,21
2021-02-15,Colusa,011,21464,1858,1849,252,2101,10
2021-02-15,Contra Costa,013,1133247,61850,60444,1032,61476,631
2021-02-15,Del Norte,015,27424,963,913,4,917,2
2021-02-15,El Dorado,017,186661,9018,8816,602,9418,94
2021-02-15,Fresno,019,978130,94843,93231,7434,100665,1288
2021-02-15,Glenn,021,27897,2218,2185,477,2662,14
2021-02-15,Humboldt,023,135768,3037,2997,21,3018,29
2021-02-15,Imperial,025,180216,27078,26700,2409,29109,580
2021-02-15,Inyo,027,18085,1232,1184,8,1192,32
2021-02-15,Kern,029,883053,92170,90181,9415,99596,959
2021-02-15,Kings,031,150075,21981,21574,931,22505,205
2021-02-15,Lake,033,64148,3105,3030,1,3031,38
2021-02-15,Lassen,035,31185,5076,5047,90,5137,1
2021-02-15,Los Angeles,037,10098052,1162861,1137164,38103,1175267,18925
2021-02-15,Madera,039,155013,15360,15108,779,15887,106
2021-02-15,Marin,041,260295,12991,12810,149,12959,203
2021-02-15,Mariposa,043,17540,373,367,4,371,4
2021-02-15,Mendocino,045,87422,3590,3481,68,3549,39
2021-02-15,Merced,047,269075,27820,27656,852,28508,368
2021-02-15,Modoc,049,8938,333,326,112,438,3
2021-02-15,Mono,051,14174,1170,1178,16,1194,3
2021-02-15,Monterey,053,433212,41470,40911,1605,42516,302
2021-02-15,Napa,055,140530,8895,8837,33,8870,57
2021-02-15,Nevada,057,99092,3888,3767,151,3918,47
2021-02-15,Orange,059,3164182,244623,242176,9970,252146,3586
2021-02-15,Placer,061,380077,20235,19361,1067,20428,230
2021-02-15,Plumas,063,18699,637,620,10,630,4
2021-02-15,Riverside,065,2383286,282991,275771,13162,288933,3468
2021-02-15,Sacramento,067,1510023,92607,91091,1170,92261,1304
2021-02-15,San Benito,069,59416,5677,5649,84,5733,56
2021-02-15,San Bernardino,071,2135413,284132,277869,8406,286275,2945
2021-02-15,San Diego,073,3302833,260221,252940,12553,265493,3037
2021-02-15,San Francisco,075,870044,33591,33454,1011,34465,373
2021-02-15,San Joaquin,077,732212,65725,64382,2647,67029,979
2021-02-15,San Luis Obispo,079,281455,19332,18891,534,19425,227
2021-02-15,San Mateo,081,765935,38894,37969,385,38354,277
2021-02-15,Santa Barbara,083,443738,31586,30810,1011,31821,378
2021-02-15,Santa Clara,085,1922200,108233,107630,541,108171,1588
2021-02-15,Santa Cruz,087,273765,15177,14239,759,14998,175
2021-02-15,Shasta,089,179085,10792,10730,1177,11907,139
2021-02-15,Sierra,091,2930,50,47,12,59,0
2021-02-15,Siskiyou,093,43540,1444,1345,215,1560,4
2021-02-15,Solano,095,438530,29427,29225,345,29570,148
2021-02-15,Sonoma,097,501317,27436,27359,172,27531,276
2021-02-15,Stanislaus,099,539301,49695,48808,5164,53972,716
2021-02-15,Sutter,101,95872,8698,8652,78,8730,95
2021-02-15,Tehama,103,63373,4550,4492,482,4974,30
2021-02-15,Trinity,105,12862,456,274,69,343,3
2021-02-15,Tulare,107,460477,47626,46344,7597,53941,715
2021-02-15,Tuolumne,109,53932,3741,3794,35,3829,49
2021-02-15,Ventura,111,848112,76620,75889,2697,78586,629
2021-02-15,Yolo,113,214977,12660,12412,205,12617,175
2021-02-15,Yuba,115,75493,5405,5320,82,5402,38
2021-02-14,Alameda,001,1643700,79317,78442,1665,80107,995
2021-02-14,Alpine,003,1148,78,76,0,76,0
2021-02-14,Amador,005,37829,3422,3398,29,3427,39
2021-02-14,Butte,007,227075,11155,10717,1565,12282,155
2021-02-14,Calaveras,009,45235,1874,1866,11,1877,21
2021-02-14,Colusa,011,21464,1854,1845,249,2094,10
2021-02-14,Contra Costa,013,1133247,61700,60272,1029,61301,631
2021-02-14,Del Norte,015,27424,959,911,4,915,2
2021-02-14,El Dorado,017,186661,8987,8790,601,9391,94
2021-02-14,Fresno,019,978130,94672,93065,7411,100476,1287
2021-02-14,Glenn,021,27897,2215,2184,477,2661,14
2021-02-14,Humboldt,023,135768,3024,2992,21,3013,29
2021-02-14,Imperial,025,180216,27071,26696,2408,29104,580
2021-02-14,Inyo,027,18085,1226,1177,8,1185,32
2021-02-14,Kern,029,883053,92010,90038,9362,99400,959
2021-02-14,Kings,031,150075,21955,21538,929,22467,205
2021-02-14,Lake,033,64148,3094,3030,1,3031,38
2021-02-14,Lassen,035,31185,5072,5037,90,5127,1
2021-02-14,Los Angeles,037,10098052,1161516,1135450,38020,1173470,18898
2021-02-14,Madera,039,155013,15328,15089,775,15864,106
2021-02-14,Marin,041,260295,12967,12784,149,12933,201
2021-02-14,Mariposa,043,17540,373,365,4,369,4
2021-02-14,Mendocino,045,87422,3584,3475,68,3543,39
2021-02-14,Merced,047,269075,27738,27601,847,28448,368
2021-02-14,Modoc,049,8938,333,326,112,438,3
2021-02-14,Mono,051,14174,1169,1180,16,1196,3
2021-02-14,Monterey,053,433212,41419,40842,1600,42442,302
2021-02-14,Napa,055,140530,8875,8826,33,8859,57
2021-02-14,Nevada,057,99092,3872,3761,151,3912,47
2021-02-14,Orange,059,3164182,244310,241859,9952,251811,3564
2021-02-14,Placer,061,380077,20196,19313,1062,20375,230
2021-02-14,Plumas,063,18699,636,620,10,630,4
2021-02-14,Riverside,065,2383286,282659,275518,13143,288661,3471
2021-02-14,Sacramento,067,1510023,92400,90856,1166,92022,1304
2021-02-14,San Benito,069,59416,5668,5641,83,5724,56
2021-02-14,San Bernardino,071,2135413,283826,277664,8386,286050,2929
2021-02-14,San Diego,073,3302833,259729,252247,12506,264753,3037
2021-02-14,San Francisco,075,870044,33517,33374,1003,34377,372
2021-02-14,San Joaquin,077,732212,65627,64243,2633,66876,979
2021-02-14,San Luis Obispo,079,281455,19294,18868,531,19399,225
2021-02-14,San Mateo,081,765935,38809,37859,385,38244,277
2021-02-14,Santa Barbara,083,443738,31494,30744,1007,31751,377
2021-02-14,Santa Clara,085,1922200,108034,107412,537,107949,1582
2021-02-14,Santa Cruz,087,273765,15149,14225,754,14979,175
2021-02-14,Shasta,089,179085,10760,10720,1172,11892,139
2021-02-14,Sierra,091,2930,50,47,12,59,0
2021-02-14,Siskiyou,093,43540,1440,1340,215,1555,4
2021-02-14,Solano,095,438530,29385,29150,342,29492,148
2021-02-14,Sonoma,097,501317,27361,27266,170,27436,276
2021-02-14,Stanislaus,099,539301,49585,48672,5149,53821,716
2021-02-14,Sutter,101,95872,8675,8642,78,8720,95
2021-02-14,Tehama,103,63373,4544,4490,479,4969,30
2021-02-14,Trinity,105,12862,456,272,69,341,3
2021-02-14,Tulare,107,460477,47541,46263,7548,53811,715
2021-02-14,Tuolumne,109,53932,3740,3764,35,3799,49
2021-02-14,Ventura,111,848112,76451,75742,2686,78428,629
2021-02-14,Yolo,113,214977,12631,12399,204,12603,175
2021-02-14,Yuba,115,75493,5395,5314,82,5396,38
2021-02-13,Alameda,001,1643700,79195,78246,1662,79908,995
2021-02-13,Alpine,003,1148,78,76,0,76,0
2021-02-13,Amador,005,37829,3419,3387,29,3416,38
2021-02-13,Butte,007,227075,11139,10699,1563,12262,155
2021-02-13,Calaveras,009,45235,1871,1863,11,1874,21
2021-02-13,Colusa,011,21464,1854,1837,249,2086,10
2021-02-13,Contra Costa,013,1133247,61579,60100,1029,61129,629
2021-02-13,Del Norte,015,27424,957,908,4,912,2
2021-02-13,El Dorado,017,186661,8975,8758,600,9358,93
2021-02-13,Fresno,019,978130,94558,92807,7389,100196,1287
2021-02-13,Glenn,021,27897,2214,2182,475,2657,14
2021-02-13,Humboldt,023,135768,3011,2974,20,2994,29
2021-02-13,Imperial,025,180216,27064,26680,2406,29086,580
2021-02-13,Inyo,027,18085,1222,1168,8,1176,32
2021-02-13,Kern,029,883053,91921,89915,9336,99251,957
2021-02-13,Kings,031,150075,21940,21513,927,22440,205
2021-02-13,Lake,033,64148,3085,3025,1,3026,37
2021-02-13,Lassen,035,31185,5069,5028,90,5118,1
2021-02-13,Los Angeles,037,10098052,1160657,1133752,37972,1171724,18822
2021-02-13,Madera,039,155013,15319,15053,771,15824,106
2021-02-13,Marin,041,260295,12943,12757,149,12906,201
2021-02-13,Mariposa,043,17540,373,365,4,369,4
2021-02-13,Mendocino,045,87422,3574,3466,68,3534,38
2021-02-13,Merced,047,269075,27694,27541,844,28385,368
2021-02-13,Modoc,049,8938,333,325,112,437,3
2021-02-13,Mono,051,14174,1169,1176,16,1192,3
2021-02-13,Monterey,053,433212,41387,40731,1599,42330,301
2021-02-13,Napa,055,140530,8866,8809,33,8842,57
2021-02-13,Nevada,057,99092,3863,3742,150,3892,47
2021-02-13,Orange,059,3164182,244104,241545,9933,251478,3520
2021-02-13,Placer,061,380077,20176,19214,1062,20276,230
2021-02-13,Plumas,063,18699,636,616,10,626,4
2021-02-13,Riverside,065,2383286,282431,275276,13134,288410,3462
2021-02-13,Sacramento,067,1510023,92233,90401,1163,91564,1302
2021-02-13,San Benito,069,59416,5651,5633,83,5716,56
2021-02-13,San Bernardino,071,2135413,283674,277405,8373,285778,2899
2021-02-13,San Diego,073,3302833,259397,251679,12494,264173,3009
2021-02-13,San Francisco,075,870044,33467,33291,993,34284,364
2021-02-13,San Joaquin,077,732212,65558,64105,2623,66728,977
2021-02-13,San Luis Obispo,079,281455,19266,18803,525,19328,225
2021-02-13,San Mateo,081,765935,38756,37745,385,38130,277
2021-02-13,Santa Barbara,083,443738,31442,30594,1005,31599,374
2021-02-13,Santa Clara,085,1922200,107845,107125,533,107658,1570
2021-02-13,Santa Cruz,087,273765,15122,14198,753,14951,173
2021-02-13,Shasta,089,179085,10747,10713,1167,11880,139
2021-02-13,Sierra,091,2930,50,47,12,59,0
2021-02-13,Siskiyou,093,43540,1437,1336,215,1551,4
2021-02-13,Solano,095,438530,29349,29084,342,29426,148
2021-02-13,Sonoma,097,501317,27313,27157,168,27325,276
2021-02-13,Stanislaus,099,539301,49514,48568,5143,53711,697
2021-02-13,Sutter,101,95872,8663,8626,78,8704,94
2021-02-13,Tehama,103,63373,4534,4484,478,4962,30
2021-02-13,Trinity,105,12862,455,272,68,340,3
2021-02-13,Tulare,107,460477,47490,46162,7517,53679,709
2021-02-13,Tuolumne,109,53932,3739,3752,35,3787,49
2021-02-13,Ventura,111,848112,76311,75481,2680,78161,618
2021-02-13,Yolo,113,214977,12618,12374,203,12577,175
2021-02-13,Yuba,115,75493,5387,5289,82,5371,38
2021-02-12,Alameda,001,1643700,79046,77958,1656,79614,974
2021-02-12,Alpine,003,1148,78,76,0,76,0
2021-02-12,Amador,005,37829,3415,3381,29,3410,38
2021-02-12,Butte,007,227075,11126,10655,1556,12211,155
2021-02-12,Calaveras,009,45235,1868,1860,11,1871,21
2021-02-12,Colusa,011,21464,1854,1836,249,2085,10
2021-02-12,Contra Costa,013,1133247,61429,59878,1025,60903,620
2021-02-12,Del Norte,015,27424,947,901,4,905,2
2021-02-12,El Dorado,017,186661,8959,8725,597,9322,92
2021-02-12,Fresno,019,978130,94404,92520,7369,99889,1273
2021-02-12,Glenn,021,27897,2211,2175,475,2650,14
2021-02-12,Humboldt,023,135768,3003,2961,20,2981,29
2021-02-12,Imperial,025,180216,27056,26646,2403,29049,585
2021-02-12,Inyo,027,18085,1216,1156,8,1164,32
2021-02-12,Kern,029,883053,91807,89532,9302,98834,949
2021-02-12,Kings,031,150075,21908,21462,922,22384,202
2021-02-12,Lake,033,64148,3080,3012,1,3013,36
2021-02-12,Lassen,035,31185,5067,5015,90,5105,1
2021-02-12,Los Angeles,037,10098052,1159451,1131185,37903,1169088,18637
2021-02-12,Madera,039,155013,15292,15022,768,15790,106
2021-02-12,Marin,041,260295,12917,12720,149,12869,200
2021-02-12,Mariposa,043,17540,372,365,4,369,4
2021-02-12,Mendocino,045,87422,3572,3447,68,3515,38
2021-02-12,Merced,047,269075,27643,27453,841,28294,367
2021-02-12,Modoc,049,8938,333,324,112,436,3
2021-02-12,Mono,051,14174,1168,1172,16,1188,3
2021-02-12,Monterey,053,433212,41339,40633,1590,42223,297
2021-02-12,Napa,055,140530,8854,8785,33,8818,55
2021-02-12,Nevada,057,99092,3858,3728,150,3878,47
2021-02-12,Orange,059,3164182,243865,241075,9918,250993,3505
2021-02-12,Placer,061,380077,20134,19174,1057,20231,230
2021-02-12,Plumas,063,18699,635,614,10,624,4
2021-02-12,Riverside,065,2383286,282153,274792,13117,287909,3438
2021-02-12,Sacramento,067,1510023,92031,90252,1162,91414,1295
2021-02-12,San Benito,069,59416,5635,5622,82,5704,56
2021-02-12,San Bernardino,071,2135413,283484,276890,8362,285252,2827
2021-02-12,San Diego,073,3302833,259009,250788,12468,263256,2979
2021-02-12,San Francisco,075,870044,33407,33179,989,34168,359
2021-02-12,San Joaquin,077,732212,65462,63966,2615,66581,975
2021-02-12,San Luis Obispo,079,281455,19225,18687,524,19211,224
2021-02-12,San Mateo,081,765935,38684,37560,385,37945,254
2021-02-12,Santa Barbara,083,443738,31371,30454,1000,31454,372
2021-02-12,Santa Clara,085,1922200,107673,106759,530,107289,1543
2021-02-12,Santa Cruz,087,273765,15102,14147,753,14900,170
2021-02-12,Shasta,089,179085,10729,10693,1157,11850,142
2021-02-12,Sierra,091,2930,49,45,12,57,0
2021-02-12,Siskiyou,093,43540,1433,1324,212,1536,4
2021-02-12,Solano,095,438530,29317,28996,339,29335,147
2021-02-12,Sonoma,097,501317,27258,27064,164,27228,275
2021-02-12,Stanislaus,099,539301,49426,48418,5121,53539,697
2021-02-12,Sutter,101,95872,8650,8609,78,8687,93
2021-02-12,Tehama,103,63373,4527,4470,477,4947,27
2021-02-12,Trinity,105,12862,455,269,68,337,3
2021-02-12,Tulare,107,460477,47412,46016,7491,53507,710
2021-02-12,Tuolumne,109,53932,3736,3736,34,3770,49
2021-02-12,Ventura,111,848112,76141,75210,2674,77884,605
2021-02-12,Yolo,113,214977,12597,12340,203,12543,175
2021-02-12,Yuba,115,75493,5379,5274,82,5356,38
2021-02-11,Alameda,001,1643700,78818,77564,1651,79215,960
2021-02-11,Alpine,003,1148,77,76,0,76,0
2021-02-11,Amador,005,37829,3411,3368,29,3397,35
2021-02-11,Butte,007,227075,11103,10624,1555,12179,155
2021-02-11,Calaveras,009,45235,1865,1856,11,1867,21
2021-02-11,Colusa,011,21464,1849,1823,247,2070,10
2021-02-11,Contra Costa,013,1133247,61262,59633,1021,60654,605
2021-02-11,Del Norte,015,27424,942,894,4,898,2
2021-02-11,El Dorado,017,186661,8938,8698,597,9295,92
2021-02-11,Fresno,019,978130,94251,92168,7344,99512,1255
2021-02-11,Glenn,021,27897,2206,2166,474,2640,14
2021-02-11,Humboldt,023,135768,2990,2954,19,2973,29
2021-02-11,Imperial,025,180216,27032,26545,2401,28946,578
2021-02-11,Inyo,027,18085,1207,1144,8,1152,32
2021-02-11,Kern,029,883053,91616,89224,9259,98483,941
2021-02-11,Kings,031,150075,21878,21373,919,22292,202
2021-02-11,Lake,033,64148,3070,3002,1,3003,36
2021-02-11,Lassen,035,31185,5056,5004,87,5091,1
2021-02-11,Los Angeles,037,10098052,1157820,1128437,37835,1166272,18500
2021-02-11,Madera,039,155013,15271,14984,766,15750,106
2021-02-11,Marin,041,260295,12880,12682,149,12831,200
2021-02-11,Mariposa,043,17540,372,361,4,365,4
2021-02-11,Mendocino,045,87422,3565,3420,68,3488,38
2021-02-11,Merced,047,269075,27577,27325,837,28162,363
2021-02-11,Modoc,049,8938,332,317,112,429,3
2021-02-11,Mono,051,14174,1164,1173,16,1189,3
2021-02-11,Monterey,053,433212,41233,40469,1584,42053,295
2021-02-11,Napa,055,140530,8833,8777,33,8810,55
2021-02-11,Nevada,057,99092,3842,3720,150,3870,47
2021-02-11,Orange,059,3164182,243498,240590,9894,250484,3476
2021-02-11,Placer,061,380077,20094,19118,1056,20174,224
2021-02-11,Plumas,063,18699,634,592,10,602,4
2021-02-11,Riverside,065,2383286,281787,274313,13102,287415,3394
2021-02-11,Sacramento,067,1510023,91788,89988,1156,91144,1286
2021-02-11,San Benito,069,59416,5626,5609,82,5691,56
2021-02-11,San Bernardino,071,2135413,283186,276349,8348,284697,2774
2021-02-11,San Diego,073,3302833,258456,249971,12434,262405,2955
2021-02-11,San Francisco,075,870044,33323,33076,980,34056,356
2021-02-11,San Joaquin,077,732212,65294,63719,2605,66324,971
2021-02-11,San Luis Obispo,079,281455,19160,18615,520,19135,219
2021-02-11,San Mateo,081,765935,38593,37439,383,37822,253
2021-02-11,Santa Barbara,083,443738,31273,30375,995,31370,370
2021-02-11,Santa Clara,085,1922200,107413,106392,525,106917,1507
2021-02-11,Santa Cruz,087,273765,15079,14088,748,14836,165
2021-02-11,Shasta,089,179085,10705,10672,1153,11825,140
2021-02-11,Sierra,091,2930,49,45,12,57,0
2021-02-11,Siskiyou,093,43540,1418,1320,212,1532,4
2021-02-11,Solano,095,438530,29264,28885,339,29224,138
2021-02-11,Sonoma,097,501317,27173,26971,161,27132,272
2021-02-11,Stanislaus,099,539301,49281,48205,5109,53314,697
2021-02-11,Sutter,101,95872,8636,8590,77,8667,93
2021-02-11,Tehama,103,63373,4521,4463,477,4940,26
2021-02-11,Trinity,105,12862,455,269,68,337,3
2021-02-11,Tulare,107,460477,47317,45897,7451,53348,706
2021-02-11,Tuolumne,109,53932,3699,3716,34,3750,48
2021-02-11,Ventura,111,848112,75939,74959,2665,77624,590
2021-02-11,Yolo,113,214977,12573,12303,201,12504,173
2021-02-11,Yuba,115,75493,5365,5261,81,5342,38
2021-02-10,Alameda,001,1643700,78615,77344,1650,78994,944
2021-02-10,Alpine,003,1148,77,76,0,76,0
2021-02-10,Amador,005,37829,3399,3348,29,3377,35
2021-02-10,Butte,007,227075,11075,10594,1554,12148,155
2021-02-10,Calaveras,009,45235,1863,1850,11,1861,21
2021-02-10,Colusa,011,21464,1842,1815,245,2060,10
2021-02-10,Contra Costa,013,1133247,61087,59488,1019,60507,590
2021-02-10,Del Norte,015,27424,936,888,4,892,2
2021-02-10,El Dorado,017,186661,8907,8682,593,9275,87
2021-02-10,Fresno,019,978130,94076,91876,7319,99195,1247
2021-02-10,Glenn,021,27897,2202,2160,472,2632,14
2021-02-10,Humboldt,023,135768,2982,2924,19,2943,29
2021-02-10,Imperial,025,180216,26994,26522,2398,28920,578
2021-02-10,Inyo,027,18085,1195,1138,8,1146,30
2021-02-10,Kern,029,883053,91410,88933,9205,98138,926
2021-02-10,Kings,031,150075,21835,21294,917,22211,197
2021-02-10,Lake,033,64148,3057,2975,1,2976,36
2021-02-10,Lassen,035,31185,5052,4993,87,5080,1
2021-02-10,Los Angeles,037,10098052,1156072,1125437,37706,1163143,18338
2021-02-10,Madera,039,155013,15232,14925,764,15689,105
2021-02-10,Marin,041,260295,12843,12651,149,12800,199
2021-02-10,Mariposa,043,17540,370,360,4,364,4
2021-02-10,Mendocino,045,87422,3550,3395,68,3463,38
2021-02-10,Merced,047,269075,27494,27246,826,28072,359
2021-02-10,Modoc,049,8938,331,315,110,425,3
2021-02-10,Mono,051,14174,1159,1170,16,1186,3
2021-02-10,Monterey,053,433212,41156,40366,1569,41935,288
2021-02-10,Napa,055,140530,8814,8769,33,8802,55
2021-02-10,Nevada,057,99092,3827,3693,148,3841,47
2021-02-10,Orange,059,3164182,243081,239974,9863,249837,3439
2021-02-10,Placer,061,380077,20055,19062,1051,20113,220
2021-02-10,Plumas,063,18699,631,589,10,599,2
2021-02-10,Riverside,065,2383286,281360,273721,13092,286813,3374
2021-02-10,Sacramento,067,1510023,91537,89653,1152,90805,1275
2021-02-10,San Benito,069,59416,5612,5591,82,5673,55
2021-02-10,San Bernardino,071,2135413,282831,275616,8332,283948,2696
2021-02-10,San Diego,073,3302833,257874,248858,12396,261254,2904
2021-02-10,San Francisco,075,870044,33240,32955,977,33932,351
2021-02-10,San Joaquin,077,732212,65152,63484,2591,66075,954
2021-02-10,San Luis Obispo,079,281455,19081,18549,518,19067,216
2021-02-10,San Mateo,081,765935,38503,37323,383,37706,245
2021-02-10,Santa Barbara,083,443738,31182,30216,990,31206,359
2021-02-10,Santa Clara,085,1922200,107173,106048,522,106570,1489
2021-02-10,Santa Cruz,087,273765,15043,14007,746,14753,165
2021-02-10,Shasta,089,179085,10682,10645,1150,11795,142
2021-02-10,Sierra,091,2930,49,45,12,57,0
2021-02-10,Siskiyou,093,43540,1413,1314,211,1525,4
2021-02-10,Solano,095,438530,29189,28835,337,29172,137
2021-02-10,Sonoma,097,501317,27077,26881,159,27040,271
2021-02-10,Stanislaus,099,539301,49164,48016,5093,53109,696
2021-02-10,Sutter,101,95872,8619,8571,77,8648,93
2021-02-10,Tehama,103,63373,4513,4445,477,4922,23
2021-02-10,Trinity,105,12862,452,268,68,336,3
2021-02-10,Tulare,107,460477,47200,45782,7413,53195,696
2021-02-10,Tuolumne,109,53932,3691,3691,34,3725,48
2021-02-10,Ventura,111,848112,75711,74651,2648,77299,580
2021-02-10,Yolo,113,214977,12549,12276,200,12476,174
2021-02-10,Yuba,115,75493,5347,5241,81,5322,38
2021-02-09,Alameda,001,1643700,78351,77018,1646,78664,936
2021-02-09,Alpine,003,1148,77,76,0,76,0
2021-02-09,Amador,005,37829,3391,3347,29,3376,35
2021-02-09,Butte,007,227075,11049,10563,1551,12114,153
2021-02-09,Calaveras,009,45235,1859,1847,11,1858,21
2021-02-09,Colusa,011,21464,1833,1812,240,2052,10
2021-02-09,Contra Costa,013,1133247,60898,59307,1013,60320,583
2021-02-09,Del Norte,015,27424,930,886,4,890,2
2021-02-09,El Dorado,017,186661,8880,8663,591,9254,87
2021-02-09,Fresno,019,978130,93834,91730,7291,99021,1211
2021-02-09,Glenn,021,27897,2198,2156,472,2628,14
2021-02-09,Humboldt,023,135768,2974,2904,19,2923,29
2021-02-09,Imperial,025,180216,26963,26509,2395,28904,568
2021-02-09,Inyo,027,18085,1187,1137,8,1145,30
2021-02-09,Kern,029,883053,91158,88684,9159,97843,920
2021-02-09,Kings,031,150075,21793,21275,915,22190,196
2021-02-09,Lake,033,64148,3046,2955,1,2956,36
2021-02-09,Lassen,035,31185,5045,4983,87,5070,1
2021-02-09,Los Angeles,037,10098052,1154097,1122745,37623,1160368,18198
2021-02-09,Madera,039,155013,15212,14912,761,15673,105
2021-02-09,Marin,041,260295,12810,12623,148,12771,197
2021-02-09,Mariposa,043,17540,368,355,4,359,4
2021-02-09,Mendocino,045,87422,3532,3369,68,3437,38
2021-02-09,Merced,047,269075,27396,27166,821,27987,354
2021-02-09,Modoc,049,8938,330,316,110,426,3
2021-02-09,Mono,051,14174,1158,1167,16,1183,3
2021-02-09,Monterey,053,433212,41048,40279,1556,41835,285
2021-02-09,Napa,055,140530,8801,8749,33,8782,55
2021-02-09,Nevada,057,99092,3811,3687,148,3835,44
2021-02-09,Orange,059,3164182,242669,239169,9832,249001,3406
2021-02-09,Placer,061,380077,19990,19008,1044,20052,220
2021-02-09,Plumas,063,18699,631,584,10,594,2
2021-02-09,Riverside,065,2383286,280866,273465,13075,286540,3334
2021-02-09,Sacramento,067,1510023,91227,89378,1151,90529,1265
2021-02-09,San Benito,069,59416,5600,5566,81,5647,54
2021-02-09,San Bernardino,071,2135413,282458,274998,8319,283317,2613
2021-02-09,San Diego,073,3302833,257216,248048,12353,260401,2853
2021-02-09,San Francisco,075,870044,33161,32782,967,33749,349
2021-02-09,San Joaquin,077,732212,64977,63341,2586,65927,937
2021-02-09,San Luis Obispo,079,281455,19022,18489,517,19006,216
2021-02-09,San Mateo,081,765935,38372,37227,382,37609,235
2021-02-09,Santa Barbara,083,443738,31070,30118,984,31102,351
2021-02-09,Santa Clara,085,1922200,106867,105762,519,106281,1463
2021-02-09,Santa Cruz,087,273765,14992,13958,741,14699,162
2021-02-09,Shasta,089,179085,10654,10595,1148,11743,139
2021-02-09,Sierra,091,2930,49,44,12,56,0
2021-02-09,Siskiyou,093,43540,1405,1306,209,1515,4
2021-02-09,Solano,095,438530,29110,28769,334,29103,131
2021-02-09,Sonoma,097,501317,26987,26826,157,26983,267
2021-02-09,Stanislaus,099,539301,49004,47906,5077,52983,679
2021-02-09,Sutter,101,95872,8603,8541,77,8618,92
2021-02-09,Tehama,103,63373,4506,4416,476,4892,22
2021-02-09,Trinity,105,12862,452,266,68,334,3
2021-02-09,Tulare,107,460477,47066,45704,7360,53064,686
2021-02-09,Tuolumne,109,53932,3672,3673,34,3707,48
2021-02-09,Ventura,111,848112,75459,74333,2640,76973,567
2021-02-09,Yolo,113,214977,12507,12220,200,12420,174
2021-02-09,Yuba,115,75493,5338,5235,81,5316,35
2021-02-08,Alameda,001,1643700,78088,76735,1641,78376,924
2021-02-08,Alpine,003,1148,77,73,0,73,0
2021-02-08,Amador,005,37829,3384,3344,28,3372,33
2021-02-08,Butte,007,227075,11027,10524,1547,12071,152
2021-02-08,Calaveras,009,45235,1858,1840,11,1851,21
2021-02-08,Colusa,011,21464,1825,1802,236,2038,10
2021-02-08,Contra Costa,013,1133247,60688,59039,1011,60050,567
2021-02-08,Del Norte,015,27424,927,885,4,889,2
2021-02-08,El Dorado,017,186661,8849,8627,588,9215,86
2021-02-08,Fresno,019,978130,93621,91430,7265,98695,1207
2021-02-08,Glenn,021,27897,2194,2148,470,2618,14
2021-02-08,Humboldt,023,135768,2966,2902,19,2921,29
2021-02-08,Imperial,025,180216,26941,26526,2393,28919,567
2021-02-08,Inyo,027,18085,1174,1126,8,1134,30
2021-02-08,Kern,029,883053,90941,88380,9099,97479,920
2021-02-08,Kings,031,150075,21731,21232,912,22144,195
2021-02-08,Lake,033,64148,3027,2949,1,2950,36
2021-02-08,Lassen,035,31185,5032,4976,87,5063,1
2021-02-08,Los Angeles,037,10098052,1152000,1120179,37503,1157682,17977
2021-02-08,Madera,039,155013,15176,14887,754,15641,93
2021-02-08,Marin,041,260295,12780,12591,148,12739,194
2021-02-08,Mariposa,043,17540,368,355,4,359,4
2021-02-08,Mendocino,045,87422,3518,3355,68,3423,38
2021-02-08,Merced,047,269075,27313,27082,816,27898,346
2021-02-08,Modoc,049,8938,328,318,110,428,3
2021-02-08,Mono,051,14174,1158,1165,16,1181,3
2021-02-08,Monterey,053,433212,40928,40186,1537,41723,283
2021-02-08,Napa,055,140530,8786,8719,33,8752,55
2021-02-08,Nevada,057,99092,3799,3671,148,3819,44
2021-02-08,Orange,059,3164182,242202,238715,9809,248524,3361
2021-02-08,Placer,061,380077,19948,18944,1038,19982,211
2021-02-08,Plumas,063,18699,630,584,10,594,2
2021-02-08,Riverside,065,2383286,280298,272904,13049,285953,3301
2021-02-08,Sacramento,067,1510023,90941,89267,1148,90415,1247
2021-02-08,San Benito,069,59416,5595,5553,80,5633,52
2021-02-08,San Bernardino,071,2135413,282055,274661,8313,282974,2587
2021-02-08,San Diego,073,3302833,256473,247259,12312,259571,2821
2021-02-08,San Francisco,075,870044,33067,32679,959,33638,348
2021-02-08,San Joaquin,077,732212,64816,63148,2576,65724,929
2021-02-08,San Luis Obispo,079,281455,18965,18421,512,18933,214
2021-02-08,San Mateo,081,765935,38263,37084,382,37466,232
2021-02-08,Santa Barbara,083,443738,30955,29978,977,30955,340
2021-02-08,Santa Clara,085,1922200,106544,105413,511,105924,1456
2021-02-08,Santa Cruz,087,273765,14953,13921,735,14656,161
2021-02-08,Shasta,089,179085,10627,10574,1142,11716,137
2021-02-08,Sierra,091,2930,49,44,12,56,0
2021-02-08,Siskiyou,093,43540,1402,1303,209,1512,4
2021-02-08,Solano,095,438530,29044,28644,332,28976,130
2021-02-08,Sonoma,097,501317,26896,26760,156,26916,259
2021-02-08,Stanislaus,099,539301,48849,47704,5049,52753,679
2021-02-08,Sutter,101,95872,8584,8526,77,8603,92
2021-02-08,Tehama,103,63373,4496,4403,473,4876,22
2021-02-08,Trinity,105,12862,450,266,68,334,3
2021-02-08,Tulare,107,460477,46958,45617,7320,52937,673
2021-02-08,Tuolumne,109,53932,3664,3647,34,3681,48
2021-02-08,Ventura,111,848112,75202,74068,2635,76703,565
2021-02-08,Yolo,113,214977,12475,12169,199,12368,162
2021-02-08,Yuba,115,75493,5322,5215,81,5296,35
2021-02-07,Alameda,001,1643700,77786,76500,1633,78133,924
2021-02-07,Alpine,003,1148,74,72,0,72,0
2021-02-07,Amador,005,37829,3363,3343,28,3371,33
2021-02-07,Butte,007,227075,10995,10513,1539,12052,152
2021-02-07,Calaveras,009,45235,1854,1837,11,1848,21
2021-02-07,Colusa,011,21464,1814,1795,234,2029,10
2021-02-07,Contra Costa,013,1133247,60445,58836,1006,59842,566
2021-02-07,Del Norte,015,27424,923,881,4,885,2
2021-02-07,El Dorado,017,186661,8820,8596,586,9182,86
2021-02-07,Fresno,019,978130,93391,91184,7227,98411,1207
2021-02-07,Glenn,021,27897,2190,2141,465,2606,14
2021-02-07,Humboldt,023,135768,2945,2895,19,2914,28
2021-02-07,Imperial,025,180216,26914,26518,2388,28906,567
2021-02-07,Inyo,027,18085,1163,1124,8,1132,27
2021-02-07,Kern,029,883053,90694,88146,9041,97187,920
2021-02-07,Kings,031,150075,21670,21180,909,22089,192
2021-02-07,Lake,033,64148,3012,2940,1,2941,36
2021-02-07,Lassen,035,31185,5021,4973,87,5060,1
2021-02-07,Los Angeles,037,10098052,1149241,1117551,37375,1154926,17889
2021-02-07,Madera,039,155013,15142,14850,750,15600,93
2021-02-07,Marin,041,260295,12747,12571,146,12717,194
2021-02-07,Mariposa,043,17540,367,355,4,359,4
2021-02-07,Mendocino,045,87422,3501,3348,68,3416,38
2021-02-07,Merced,047,269075,27201,26977,804,27781,346
2021-02-07,Modoc,049,8938,328,317,106,423,3
2021-02-07,Mono,051,14174,1155,1165,16,1181,3
2021-02-07,Monterey,053,433212,40792,40113,1518,41631,283
2021-02-07,Napa,055,140530,8763,8701,33,8734,55
2021-02-07,Nevada,057,99092,3788,3643,148,3791,44
2021-02-07,Orange,059,3164182,241604,238155,9775,247930,3336
2021-02-07,Placer,061,380077,19901,18903,1025,19928,211
2021-02-07,Plumas,063,18699,630,584,10,594,2
2021-02-07,Riverside,065,2383286,279770,272301,13028,285329,3267
2021-02-07,Sacramento,067,1510023,90608,88919,1141,90060,1246
2021-02-07,San Benito,069,59416,5576,5548,79,5627,52
2021-02-07,San Bernardino,071,2135413,281461,274316,8288,282604,2587
2021-02-07,San Diego,073,3302833,255687,246561,12248,258809,2821
2021-02-07,San Francisco,075,870044,32947,32609,947,33556,348
2021-02-07,San Joaquin,077,732212,64542,63051,2561,65612,929
2021-02-07,San Luis Obispo,079,281455,18893,18349,505,18854,214
2021-02-07,San Mateo,081,765935,38129,36984,380,37364,232
2021-02-07,Santa Barbara,083,443738,30815,29815,966,30781,340
2021-02-07,Santa Clara,085,1922200,106205,105118,501,105619,1450
2021-02-07,Santa Cruz,087,273765,14899,13887,730,14617,161
2021-02-07,Shasta,089,179085,10607,10570,1134,11704,137
2021-02-07,Sierra,091,2930,49,43,12,55,0
2021-02-07,Siskiyou,093,43540,1395,1295,207,1502,4
2021-02-07,Solano,095,438530,28933,28567,331,28898,130
2021-02-07,Sonoma,097,501317,26789,26684,152,26836,257
2021-02-07,Stanislaus,099,539301,48659,47551,5017,52568,679
2021-02-07,Sutter,101,95872,8556,8515,77,8592,92
2021-02-07,Tehama,103,63373,4480,4396,472,4868,22
2021-02-07,Trinity,105,12862,447,264,66,330,3
2021-02-07,Tulare,107,460477,46836,45520,7242,52762,671
2021-02-07,Tuolumne,109,53932,3640,3619,33,3652,48
2021-02-07,Ventura,111,848112,74891,73759,2623,76382,561
2021-02-07,Yolo,113,214977,12430,12135,199,12334,162
2021-02-07,Yuba,115,75493,5307,5198,79,5277,35
2021-02-06,Alameda,001,1643700,77632,76170,1622,77792,922
2021-02-06,Alpine,003,1148,74,72,0,72,0
2021-02-06,Amador,005,37829,3357,3306,28,3334,33
2021-02-06,Butte,007,227075,10978,10480,1535,12015,150
2021-02-06,Calaveras,009,45235,1852,1832,11,1843,21
2021-02-06,Colusa,011,21464,1812,1791,233,2024,10
2021-02-06,Contra Costa,013,1133247,60298,58567,1000,59567,566
2021-02-06,Del Norte,015,27424,919,879,4,883,2
2021-02-06,El Dorado,017,186661,8813,8575,582,9157,86
2021-02-06,Fresno,019,978130,93278,90944,7206,98150,1207
2021-02-06,Glenn,021,27897,2188,2136,464,2600,14
2021-02-06,Humboldt,023,135768,2934,2880,19,2899,28
2021-02-06,Imperial,025,180216,26902,26514,2387,28901,567
2021-02-06,Inyo,027,18085,1160,1113,8,1121,27
2021-02-06,Kern,029,883053,90540,87919,8995,96914,912
2021-02-06,Kings,031,150075,21640,21156,909,22065,190
2021-02-06,Lake,033,64148,3007,2920,1,2921,34
2021-02-06,Lassen,035,31185,5017,4964,86,5050,1
2021-02-06,Los Angeles,037,10098052,1147885,1114718,37278,1151996,17793
2021-02-06,Madera,039,155013,15121,14807,748,15555,93
2021-02-06,Marin,041,260295,12727,12531,146,12677,194
2021-02-06,Mariposa,043,17540,366,355,3,358,4
2021-02-06,Mendocino,045,87422,3483,3316,67,3383,38
2021-02-06,Merced,047,269075,27115,26881,796,27677,346
2021-02-06,Modoc,049,8938,328,313,106,419,3
2021-02-06,Mono,051,14174,1154,1159,16,1175,3
2021-02-06,Monterey,053,433212,40734,39995,1510,41505,282
2021-02-06,Napa,055,140530,8750,8639,33,8672,55
2021-02-06,Nevada,057,99092,3776,3624,148,3772,43
2021-02-06,Orange,059,3164182,241241,237391,9741,247132,3293
2021-02-06,Placer,061,380077,19864,18836,1022,19858,211
2021-02-06,Plumas,063,18699,630,584,10,594,2
2021-02-06,Riverside,065,2383286,279401,271741,13009,284750,3243
2021-02-06,Sacramento,067,1510023,90391,88532,1131,89663,1237
2021-02-06,San Benito,069,59416,5558,5516,79,5595,52
2021-02-06,San Bernardino,071,2135413,281152,273718,8266,281984,2564
2021-02-06,San Diego,073,3302833,255191,245331,12213,257544,2812
2021-02-06,San Francisco,075,870044,32873,32437,937,33374,346
2021-02-06,San Joaquin,077,732212,64463,62840,2550,65390,906
2021-02-06,San Luis Obispo,079,281455,18851,18284,501,18785,214
2021-02-06,San Mateo,081,765935,38061,36824,377,37201,232
2021-02-06,Santa Barbara,083,443738,30739,29645,964,30609,337
2021-02-06,Santa Clara,085,1922200,105983,104639,496,105135,1439
2021-02-06,Santa Cruz,087,273765,14868,13845,726,14571,161
2021-02-06,Shasta,089,179085,10596,10561,1132,11693,137
2021-02-06,Sierra,091,2930,49,43,12,55,0
2021-02-06,Siskiyou,093,43540,1392,1289,206,1495,4
2021-02-06,Solano,095,438530,28897,28446,330,28776,129
2021-02-06,Sonoma,097,501317,26752,26564,150,26714,257
2021-02-06,Stanislaus,099,539301,48563,47325,5002,52327,679
2021-02-06,Sutter,101,95872,8548,8485,77,8562,92
2021-02-06,Tehama,103,63373,4470,4380,471,4851,22
2021-02-06,Trinity,105,12862,447,263,66,329,3
2021-02-06,Tulare,107,460477,46768,45349,7197,52546,664
2021-02-06,Tuolumne,109,53932,3633,3612,33,3645,48
2021-02-06,Ventura,111,848112,74711,73431,2617,76048,552
2021-02-06,Yolo,113,214977,12407,12061,199,12260,161
2021-02-06,Yuba,115,75493,5297,5177,78,5255,35
2021-02-05,Alameda,001,1643700,77404,75716,1620,77336,916
2021-02-05,Alpine,003,1148,74,72,0,72,0
2021-02-05,Amador,005,37829,3352,3299,27,3326,33
2021-02-05,Butte,007,227075,10959,10421,1528,11949,150
2021-02-05,Calaveras,009,45235,1848,1818,11,1829,21
2021-02-05,Colusa,011,21464,1808,1785,233,2018,10
2021-02-05,Contra Costa,013,1133247,60137,58195,998,59193,560
2021-02-05,Del Norte,015,27424,918,874,4,878,2
2021-02-05,El Dorado,017,186661,8793,8527,580,9107,86
2021-02-05,Fresno,019,978130,93076,90513,7185,97698,1194
2021-02-05,Glenn,021,27897,2185,2122,459,2581,14
2021-02-05,Humboldt,023,135768,2924,2857,19,2876,28
2021-02-05,Imperial,025,180216,26883,26474,2386,28860,557
2021-02-05,Inyo,027,18085,1156,1104,8,1112,27
2021-02-05,Kern,029,883053,90371,87470,8929,96399,906
2021-02-05,Kings,031,150075,21602,21021,906,21927,190
2021-02-05,Lake,033,64148,2995,2906,1,2907,33
2021-02-05,Lassen,035,31185,5013,4936,86,5022,1
2021-02-05,Los Angeles,037,10098052,1145782,1110384,37147,1147531,17608
2021-02-05,Madera,039,155013,15087,14752,743,15495,95
2021-02-05,Marin,041,260295,12692,12479,146,12625,193
2021-02-05,Mariposa,043,17540,366,352,3,355,4
2021-02-05,Mendocino,045,87422,3469,3272,67,3339,38
2021-02-05,Merced,047,269075,27055,26760,795,27555,345
2021-02-05,Modoc,049,8938,328,312,106,418,3
2021-02-05,Mono,051,14174,1153,1157,16,1173,3
2021-02-05,Monterey,053,433212,40667,39840,1499,41339,281
2021-02-05,Napa,055,140530,8736,8598,33,8631,55
2021-02-05,Nevada,057,99092,3773,3607,148,3755,43
2021-02-05,Orange,059,3164182,240814,236335,9714,246049,3260
2021-02-05,Placer,061,380077,19828,18756,1020,19776,211
2021-02-05,Plumas,063,18699,628,578,10,588,2
2021-02-05,Riverside,065,2383286,278987,270666,12990,283656,3235
2021-02-05,Sacramento,067,1510023,90211,87992,1124,89116,1231
2021-02-05,San Benito,069,59416,5547,5502,79,5581,51
2021-02-05,San Bernardino,071,2135413,280807,272938,8249,281187,2495
2021-02-05,San Diego,073,3302833,254615,244066,12178,256244,2777
2021-02-05,San Francisco,075,870044,32783,32229,926,33155,337
2021-02-05,San Joaquin,077,732212,64314,62565,2542,65107,902
2021-02-05,San Luis Obispo,079,281455,18790,18152,497,18649,213
2021-02-05,San Mateo,081,765935,37978,36582,376,36958,227
2021-02-05,Santa Barbara,083,443738,30642,29455,951,30406,334
2021-02-05,Santa Clara,085,1922200,105735,104112,494,104606,1421
2021-02-05,Santa Cruz,087,273765,14847,13776,724,14500,161
2021-02-05,Shasta,089,179085,10580,10507,1125,11632,136
2021-02-05,Sierra,091,2930,49,42,12,54,0
2021-02-05,Siskiyou,093,43540,1385,1276,204,1480,4
2021-02-05,Solano,095,438530,28847,28283,330,28613,127
2021-02-05,Sonoma,097,501317,26683,26423,147,26570,252
2021-02-05,Stanislaus,099,539301,48418,47024,4984,52008,678
2021-02-05,Sutter,101,95872,8528,8443,77,8520,92
2021-02-05,Tehama,103,63373,4461,4355,470,4825,22
2021-02-05,Trinity,105,12862,446,260,66,326,3
2021-02-05,Tulare,107,460477,46692,45138,7149,52287,663
2021-02-05,Tuolumne,109,53932,3607,3595,33,3628,45
2021-02-05,Ventura,111,848112,74466,72953,2605,75558,546
2021-02-05,Yolo,113,214977,12388,12025,194,12219,162
2021-02-05,Yuba,115,75493,5280,5145,78,5223,35
2021-02-04,Alameda,001,1643700,77119,75422,1614,77036,899
2021-02-04,Alpine,003,1148,73,72,0,72,0
2021-02-04,Amador,005,37829,3349,3288,27,3315,33
2021-02-04,Butte,007,227075,10926,10386,1520,11906,147
2021-02-04,Calaveras,009,45235,1846,1808,11,1819,21
2021-02-04,Colusa,011,21464,1804,1777,231,2008,10
2021-02-04,Contra Costa,013,1133247,59950,57991,994,58985,550
2021-02-04,Del Norte,015,27424,912,870,4,874,2
2021-02-04,El Dorado,017,186661,8767,8490,577,9067,86
2021-02-04,Fresno,019,978130,92861,90126,7158,97284,1114
2021-02-04,Glenn,021,27897,2180,2102,458,2560,14
2021-02-04,Humboldt,023,135768,2914,2827,19,2846,28
2021-02-04,Imperial,025,180216,26838,26411,2384,28795,556
2021-02-04,Inyo,027,18085,1144,1084,8,1092,27
2021-02-04,Kern,029,883053,90097,87156,8852,96008,898
2021-02-04,Kings,031,150075,21551,20918,900,21818,187
2021-02-04,Lake,033,64148,2983,2882,1,2883,34
2021-02-04,Lassen,035,31185,5010,4927,86,5013,1
2021-02-04,Los Angeles,037,10098052,1142982,1106323,37022,1143345,17396
2021-02-04,Madera,039,155013,15057,14706,740,15446,95
2021-02-04,Marin,041,260295,12656,12431,146,12577,192
2021-02-04,Mariposa,043,17540,366,348,3,351,4
2021-02-04,Mendocino,045,87422,3451,3240,65,3305,38
2021-02-04,Merced,047,269075,26961,26629,792,27421,345
2021-02-04,Modoc,049,8938,328,309,106,415,3
2021-02-04,Mono,051,14174,1151,1153,16,1169,3
2021-02-04,Monterey,053,433212,40556,39619,1482,41101,279
2021-02-04,Napa,055,140530,8707,8573,33,8606,55
2021-02-04,Nevada,057,99092,3753,3590,147,3737,37
2021-02-04,Orange,059,3164182,240171,235677,9672,245349,3238
2021-02-04,Placer,061,380077,19768,18711,1011,19722,210
2021-02-04,Plumas,063,18699,625,562,10,572,2
2021-02-04,Riverside,065,2383286,278223,269851,12951,282802,3230
2021-02-04,Sacramento,067,1510023,89910,87658,1114,88772,1222
2021-02-04,San Benito,069,59416,5533,5488,78,5566,51
2021-02-04,San Bernardino,071,2135413,280258,272223,8229,280452,2409
2021-02-04,San Diego,073,3302833,253827,242613,12112,254725,2738
2021-02-04,San Francisco,075,870044,32669,32116,917,33033,326
2021-02-04,San Joaquin,077,732212,64089,62374,2534,64908,883
2021-02-04,San Luis Obispo,079,281455,18723,18058,495,18553,211
2021-02-04,San Mateo,081,765935,37857,36437,373,36810,226
2021-02-04,Santa Barbara,083,443738,30507,29344,934,30278,322
2021-02-04,Santa Clara,085,1922200,105392,103781,491,104272,1404
2021-02-04,Santa Cruz,087,273765,14814,13713,716,14429,156
2021-02-04,Shasta,089,179085,10554,10466,1120,11586,131
2021-02-04,Sierra,091,2930,49,42,12,54,0
2021-02-04,Siskiyou,093,43540,1376,1273,204,1477,4
2021-02-04,Solano,095,438530,28744,28192,329,28521,120
2021-02-04,Sonoma,097,501317,26601,26276,143,26419,249
2021-02-04,Stanislaus,099,539301,48257,46822,4965,51787,678
2021-02-04,Sutter,101,95872,8508,8401,77,8478,92
2021-02-04,Tehama,103,63373,4444,4327,469,4796,21
2021-02-04,Trinity,105,12862,445,260,65,325,3
2021-02-04,Tulare,107,460477,46565,44983,7090,52073,656
2021-02-04,Tuolumne,109,53932,3567,3585,33,3618,45
2021-02-04,Ventura,111,848112,74134,72595,2592,75187,537
2021-02-04,Yolo,113,214977,12354,11982,193,12175,161
2021-02-04,Yuba,115,75493,5254,5135,78,5213,34
2021-02-03,Alameda,001,1643700,76795,74968,1610,76578,880
2021-02-03,Alpine,003,1148,73,72,0,72,0
2021-02-03,Amador,005,37829,3345,3281,27,3308,33
2021-02-03,Butte,007,227075,10894,10355,1513,11868,144
2021-02-03,Calaveras,009,45235,1831,1799,11,1810,21
2021-02-03,Colusa,011,21464,1799,1773,230,2003,10
2021-02-03,Contra Costa,013,1133247,59710,57762,982,58744,537
2021-02-03,Del Norte,015,27424,907,869,4,873,2
2021-02-03,El Dorado,017,186661,8746,8428,576,9004,86
2021-02-03,Fresno,019,978130,92640,89748,7119,96867,1015
2021-02-03,Glenn,021,27897,2170,2098,457,2555,14
2021-02-03,Humboldt,023,135768,2904,2800,19,2819,27
2021-02-03,Imperial,025,180216,26802,26363,2378,28741,547
2021-02-03,Inyo,027,18085,1134,1071,8,1079,27
2021-02-03,Kern,029,883053,89854,86771,8811,95582,877
2021-02-03,Kings,031,150075,21490,20831,898,21729,172
2021-02-03,Lake,033,64148,2965,2869,1,2870,33
2021-02-03,Lassen,035,31185,4998,4910,86,4996,1
2021-02-03,Los Angeles,037,10098052,1139898,1101890,36899,1138789,17163
2021-02-03,Madera,039,155013,15017,14605,738,15343,94
2021-02-03,Marin,041,260295,12621,12406,146,12552,190
2021-02-03,Mariposa,043,17540,365,347,3,350,4
2021-02-03,Mendocino,045,87422,3425,3236,64,3300,38
2021-02-03,Merced,047,269075,26846,26520,788,27308,343
2021-02-03,Modoc,049,8938,327,308,106,414,3
2021-02-03,Mono,051,14174,1144,1146,16,1162,3
2021-02-03,Monterey,053,433212,40429,39500,1465,40965,279
2021-02-03,Napa,055,140530,8672,8534,33,8567,54
2021-02-03,Nevada,057,99092,3739,3572,147,3719,35
2021-02-03,Orange,059,3164182,239427,234738,9640,244378,3189
2021-02-03,Placer,061,380077,19713,18646,1009,19655,210
2021-02-03,Plumas,063,18699,625,559,10,569,2
2021-02-03,Riverside,065,2383286,277482,269019,12921,281940,3195
2021-02-03,Sacramento,067,1510023,89587,87415,1110,88525,1212
2021-02-03,San Benito,069,59416,5515,5463,75,5538,51
2021-02-03,San Bernardino,071,2135413,279771,271477,8206,279683,2308
2021-02-03,San Diego,073,3302833,252925,241015,12066,253081,2683
2021-02-03,San Francisco,075,870044,32539,31983,912,32895,325
2021-02-03,San Joaquin,077,732212,63861,61976,2524,64500,880
2021-02-03,San Luis Obispo,079,281455,18645,17922,492,18414,206
2021-02-03,San Mateo,081,765935,37719,36227,369,36596,225
2021-02-03,Santa Barbara,083,443738,30358,29121,925,30046,315
2021-02-03,Santa Clara,085,1922200,105076,103278,489,103767,1364
2021-02-03,Santa Cruz,087,273765,14759,13611,710,14321,154
2021-02-03,Shasta,089,179085,10511,10422,1115,11537,130
2021-02-03,Sierra,091,2930,49,42,12,54,0
2021-02-03,Siskiyou,093,43540,1365,1268,203,1471,4
2021-02-03,Solano,095,438530,28622,28057,329,28386,119
2021-02-03,Sonoma,097,501317,26517,26155,142,26297,248
2021-02-03,Stanislaus,099,539301,48081,46598,4946,51544,662
2021-02-03,Sutter,101,95872,8483,8379,77,8456,90
2021-02-03,Tehama,103,63373,4426,4309,466,4775,21
2021-02-03,Trinity,105,12862,445,260,64,324,3
2021-02-03,Tulare,107,460477,46394,44838,7034,51872,640
2021-02-03,Tuolumne,109,53932,3556,3568,33,3601,45
2021-02-03,Ventura,111,848112,73797,72124,2582,74706,526
2021-02-03,Yolo,113,214977,12329,11933,192,12125,161
2021-02-03,Yuba,115,75493,5236,5124,78,5202,34
2021-02-02,Alameda,001,1643700,76450,74642,1598,76240,869
2021-02-02,Alpine,003,1148,73,72,0,72,0
2021-02-02,Amador,005,37829,3314,3275,27,3302,33
2021-02-02,Butte,007,227075,10868,10307,1504,11811,141
2021-02-02,Calaveras,009,45235,1822,1786,11,1797,21
2021-02-02,Colusa,011,21464,1791,1769,225,1994,9
2021-02-02,Contra Costa,013,1133247,59431,57551,979,58530,536
2021-02-02,Del Norte,015,27424,901,868,4,872,2
2021-02-02,El Dorado,017,186661,8706,8405,576,8981,84
2021-02-02,Fresno,019,978130,92339,89542,7083,96625,1009
2021-02-02,Glenn,021,27897,2158,2090,454,2544,14
2021-02-02,Humboldt,023,135768,2892,2784,19,2803,25
2021-02-02,Imperial,025,180216,26749,26317,2372,28689,535
2021-02-02,Inyo,027,18085,1131,1074,8,1082,27
2021-02-02,Kern,029,883053,89551,86485,8735,95220,867
2021-02-02,Kings,031,150075,21412,20785,890,21675,172
2021-02-02,Lake,033,64148,2945,2857,1,2858,33
2021-02-02,Lassen,035,31185,4991,4908,86,4994,1
2021-02-02,Los Angeles,037,10098052,1136512,1097573,36737,1134310,16913
2021-02-02,Madera,039,155013,14966,14595,733,15328,94
2021-02-02,Marin,041,260295,12592,12367,146,12513,189
2021-02-02,Mariposa,043,17540,362,345,3,348,4
2021-02-02,Mendocino,045,87422,3392,3210,64,3274,38
2021-02-02,Merced,047,269075,26749,26427,782,27209,340
2021-02-02,Modoc,049,8938,322,306,106,412,3
2021-02-02,Mono,051,14174,1142,1147,16,1163,3
2021-02-02,Monterey,053,433212,40294,39371,1451,40822,278
2021-02-02,Napa,055,140530,8643,8505,33,8538,53
2021-02-02,Nevada,057,99092,3724,3548,147,3695,20
2021-02-02,Orange,059,3164182,238625,233783,9605,243388,3152
2021-02-02,Placer,061,380077,19655,18615,1005,19620,205
2021-02-02,Plumas,063,18699,625,560,10,570,2
2021-02-02,Riverside,065,2383286,276623,267901,12887,280788,3169
2021-02-02,Sacramento,067,1510023,89297,87107,1099,88206,1202
2021-02-02,San Benito,069,59416,5501,5444,74,5518,50
2021-02-02,San Bernardino,071,2135413,279094,270486,8177,278663,2244
2021-02-02,San Diego,073,3302833,251886,240047,11979,252026,2629
2021-02-02,San Francisco,075,870044,32385,31788,902,32690,324
2021-02-02,San Joaquin,077,732212,63640,61708,2511,64219,878
2021-02-02,San Luis Obispo,079,281455,18551,17811,490,18301,201
2021-02-02,San Mateo,081,765935,37555,36004,363,36367,225
2021-02-02,Santa Barbara,083,443738,30187,28951,918,29869,304
2021-02-02,Santa Clara,085,1922200,104611,102872,484,103356,1349
2021-02-02,Santa Cruz,087,273765,14700,13572,706,14278,150
2021-02-02,Shasta,089,179085,10485,10371,1105,11476,128
2021-02-02,Sierra,091,2930,49,42,12,54,0
2021-02-02,Siskiyou,093,43540,1358,1252,200,1452,4
2021-02-02,Solano,095,438530,28526,27963,325,28288,118
2021-02-02,Sonoma,097,501317,26401,26054,142,26196,247
2021-02-02,Stanislaus,099,539301,47862,46306,4914,51220,641
2021-02-02,Sutter,101,95872,8460,8340,77,8417,89
2021-02-02,Tehama,103,63373,4412,4289,465,4754,21
2021-02-02,Trinity,105,12862,445,260,64,324,3
2021-02-02,Tulare,107,460477,46238,44720,6969,51689,625
2021-02-02,Tuolumne,109,53932,3544,3548,33,3581,39
2021-02-02,Ventura,111,848112,73380,71557,2572,74129,514
2021-02-02,Yolo,113,214977,12284,11886,185,12071,158
2021-02-02,Yuba,115,75493,5218,5111,77,5188,34
2021-02-01,Alameda,001,1643700,76095,74374,1593,75967,858
2021-02-01,Alpine,003,1148,73,72,0,72,0
2021-02-01,Amador,005,37829,3303,3234,27,3261,32
2021-02-01,Butte,007,227075,10824,10263,1500,11763,141
2021-02-01,Calaveras,009,45235,1815,1785,11,1796,21
2021-02-01,Colusa,011,21464,1786,1763,216,1979,9
2021-02-01,Contra Costa,013,1133247,59188,57324,978,58302,531
2021-02-01,Del Norte,015,27424,897,865,4,869,2
2021-02-01,El Dorado,017,186661,8667,8337,576,8913,83
2021-02-01,Fresno,019,978130,92007,89272,7048,96320,994
2021-02-01,Glenn,021,27897,2142,2086,446,2532,14
2021-02-01,Humboldt,023,135768,2871,2773,18,2791,25
2021-02-01,Imperial,025,180216,26705,26224,2370,28594,530
2021-02-01,Inyo,027,18085,1121,1072,8,1080,27
2021-02-01,Kern,029,883053,89154,86170,8666,94836,862
2021-02-01,Kings,031,150075,21321,20746,882,21628,172
2021-02-01,Lake,033,64148,2929,2843,1,2844,33
2021-02-01,Lassen,035,31185,4971,4907,86,4993,1
2021-02-01,Los Angeles,037,10098052,1132685,1094341,36571,1130912,16695
2021-02-01,Madera,039,155013,14931,14572,730,15302,94
2021-02-01,Marin,041,260295,12553,12341,145,12486,188
2021-02-01,Mariposa,043,17540,360,344,3,347,4
2021-02-01,Mendocino,045,87422,3359,3192,64,3256,37
2021-02-01,Merced,047,269075,26625,26282,773,27055,337
2021-02-01,Modoc,049,8938,316,303,102,405,1
2021-02-01,Mono,051,14174,1139,1145,16,1161,3
2021-02-01,Monterey,053,433212,40110,39196,1430,40626,278
2021-02-01,Napa,055,140530,8611,8449,33,8482,52
2021-02-01,Nevada,057,99092,3707,3535,146,3681,20
2021-02-01,Orange,059,3164182,237712,233155,9560,242715,3100
2021-02-01,Placer,061,380077,19588,18574,998,19572,204
2021-02-01,Plumas,063,18699,623,554,10,564,2
2021-02-01,Riverside,065,2383286,275685,267025,12850,279875,3092
2021-02-01,Sacramento,067,1510023,88896,86856,1088,87944,1193
2021-02-01,San Benito,069,59416,5483,5432,74,5506,48
2021-02-01,San Bernardino,071,2135413,278398,270012,8137,278149,2172
2021-02-01,San Diego,073,3302833,250661,239121,11903,251024,2619
2021-02-01,San Francisco,075,870044,32250,31703,890,32593,324
2021-02-01,San Joaquin,077,732212,63434,61542,2500,64042,877
2021-02-01,San Luis Obispo,079,281455,18431,17690,483,18173,199
2021-02-01,San Mateo,081,765935,37406,35843,363,36206,220
2021-02-01,Santa Barbara,083,443738,30018,28837,910,29747,297
2021-02-01,Santa Clara,085,1922200,104194,102462,483,102945,1343
2021-02-01,Santa Cruz,087,273765,14647,13524,704,14228,149
2021-02-01,Shasta,089,179085,10460,10329,1099,11428,112
2021-02-01,Sierra,091,2930,49,42,12,54,0
2021-02-01,Siskiyou,093,43540,1351,1238,197,1435,4
2021-02-01,Solano,095,438530,28421,27844,324,28168,117
2021-02-01,Sonoma,097,501317,26313,26011,141,26152,243
2021-02-01,Stanislaus,099,539301,47605,46112,4886,50998,642
2021-02-01,Sutter,101,95872,8421,8313,77,8390,89
2021-02-01,Tehama,103,63373,4386,4263,465,4728,21
2021-02-01,Trinity,105,12862,443,260,64,324,3
2021-02-01,Tulare,107,460477,46093,44569,6888,51457,618
2021-02-01,Tuolumne,109,53932,3536,3534,33,3567,39
2021-02-01,Ventura,111,848112,72975,71104,2555,73659,502
2021-02-01,Yolo,113,214977,12236,11824,177,12001,151
2021-02-01,Yuba,115,75493,5204,5084,76,5160,33
2021-01-31,Alameda,001,1643700,75666,73979,1585,75564,857
2021-01-31,Alpine,003,1148,73,72,0,72,0
2021-01-31,Amador,005,37829,3293,3212,25,3237,32
2021-01-31,Butte,007,227075,10779,10215,1490,11705,140
2021-01-31,Calaveras,009,45235,1795,1778,11,1789,21
2021-01-31,Colusa,011,21464,1780,1754,211,1965,9
2021-01-31,Contra Costa,013,1133247,58856,57079,978,58057,531
2021-01-31,Del Norte,015,27424,895,865,4,869,2
2021-01-31,El Dorado,017,186661,8630,8317,574,8891,83
2021-01-31,Fresno,019,978130,91695,88852,6994,95846,994
2021-01-31,Glenn,021,27897,2132,2083,445,2528,14
2021-01-31,Humboldt,023,135768,2855,2767,18,2785,25
2021-01-31,Imperial,025,180216,26633,26206,2361,28567,530
2021-01-31,Inyo,027,18085,1108,1072,8,1080,27
2021-01-31,Kern,029,883053,88658,85872,8581,94453,861
2021-01-31,Kings,031,150075,21237,20709,870,21579,172
2021-01-31,Lake,033,64148,2908,2826,1,2827,33
2021-01-31,Lassen,035,31185,4955,4900,86,4986,1
2021-01-31,Los Angeles,037,10098052,1128054,1090304,36370,1126674,16609
2021-01-31,Madera,039,155013,14877,14496,722,15218,94
2021-01-31,Marin,041,260295,12506,12297,141,12438,185
2021-01-31,Mariposa,043,17540,358,344,3,347,4
2021-01-31,Mendocino,045,87422,3336,3181,63,3244,37
2021-01-31,Merced,047,269075,26481,26222,768,26990,337
2021-01-31,Modoc,049,8938,313,304,100,404,1
2021-01-31,Mono,051,14174,1136,1146,16,1162,3
2021-01-31,Monterey,053,433212,39931,39035,1403,40438,278
2021-01-31,Napa,055,140530,8569,8404,33,8437,52
2021-01-31,Nevada,057,99092,3685,3518,144,3662,20
2021-01-31,Orange,059,3164182,236695,232347,9520,241867,3053
2021-01-31,Placer,061,380077,19511,18506,987,19493,204
2021-01-31,Plumas,063,18699,622,554,10,564,2
2021-01-31,Riverside,065,2383286,274669,266145,12803,278948,3074
2021-01-31,Sacramento,067,1510023,88454,86560,1074,87634,1186
2021-01-31,San Benito,069,59416,5461,5425,72,5497,48
2021-01-31,San Bernardino,071,2135413,277375,269533,8106,277639,2156
2021-01-31,San Diego,073,3302833,249348,238039,11789,249828,2619
2021-01-31,San Francisco,075,870044,32059,31563,879,32442,323
2021-01-31,San Joaquin,077,732212,63033,61379,2491,63870,877
2021-01-31,San Luis Obispo,079,281455,18298,17615,478,18093,199
2021-01-31,San Mateo,081,765935,37216,35659,360,36019,219
2021-01-31,Santa Barbara,083,443738,29774,28570,901,29471,297
2021-01-31,Santa Clara,085,1922200,103644,101986,474,102460,1330
2021-01-31,Santa Cruz,087,273765,14552,13469,690,14159,149
2021-01-31,Shasta,089,179085,10415,10313,1090,11403,112
2021-01-31,Sierra,091,2930,48,43,12,55,0
2021-01-31,Siskiyou,093,43540,1341,1238,197,1435,4
2021-01-31,Solano,095,438530,28291,27678,324,28002,118
2021-01-31,Sonoma,097,501317,26210,25925,140,26065,243
2021-01-31,Stanislaus,099,539301,47321,45971,4855,50826,642
2021-01-31,Sutter,101,95872,8376,8289,77,8366,89
2021-01-31,Tehama,103,63373,4364,4256,464,4720,21
2021-01-31,Trinity,105,12862,441,260,64,324,3
2021-01-31,Tulare,107,460477,45925,44440,6808,51248,618
2021-01-31,Tuolumne,109,53932,3498,3519,33,3552,39
2021-01-31,Ventura,111,848112,72380,70635,2542,73177,502
2021-01-31,Yolo,113,214977,12175,11771,171,11942,151
2021-01-31,Yuba,115,75493,5184,5071,76,5147,33
2021-01-30,Alameda,001,1643700,75462,73622,1580,75202,850
2021-01-30,Alpine,003,1148,73,72,0,72,0
2021-01-30,Amador,005,37829,3289,3181,25,3206,32
2021-01-30,Butte,007,227075,10745,10177,1481,11658,139
2021-01-30,Calaveras,009,45235,1782,1763,11,1774,21
2021-01-30,Colusa,011,21464,1778,1748,211,1959,9
2021-01-30,Contra Costa,013,1133247,58673,56763,974,57737,531
2021-01-30,Del Norte,015,27424,894,865,4,869,2
2021-01-30,El Dorado,017,186661,8610,8299,573,8872,83
2021-01-30,Fresno,019,978130,91515,88476,6974,95450,964
2021-01-30,Glenn,021,27897,2129,2074,443,2517,14
2021-01-30,Humboldt,023,135768,2844,2742,18,2760,24
2021-01-30,Imperial,025,180216,26609,26160,2359,28519,530
2021-01-30,Inyo,027,18085,1104,1068,8,1076,27
2021-01-30,Kern,029,883053,88457,85572,8516,94088,848
2021-01-30,Kings,031,150075,21166,20605,865,21470,169
2021-01-30,Lake,033,64148,2902,2809,1,2810,33
2021-01-30,Lassen,035,31185,4951,4890,86,4976,1
2021-01-30,Los Angeles,037,10098052,1125655,1084763,36228,1120991,16484
2021-01-30,Madera,039,155013,14835,14443,717,15160,94
2021-01-30,Marin,041,260295,12478,12225,140,12365,185
2021-01-30,Mariposa,043,17540,356,344,3,347,4
2021-01-30,Mendocino,045,87422,3322,3153,62,3215,36
2021-01-30,Merced,047,269075,26407,26078,766,26844,335
2021-01-30,Modoc,049,8938,313,303,100,403,1
2021-01-30,Mono,051,14174,1136,1143,16,1159,3
2021-01-30,Monterey,053,433212,39871,38847,1401,40248,277
2021-01-30,Napa,055,140530,8553,8342,33,8375,52
2021-01-30,Nevada,057,99092,3666,3499,144,3643,20
2021-01-30,Orange,059,3164182,236150,231358,9483,240841,3013
2021-01-30,Placer,061,380077,19458,18430,981,19411,205
2021-01-30,Plumas,063,18699,620,554,10,564,2
2021-01-30,Riverside,065,2383286,274072,265137,12772,277909,3061
2021-01-30,Sacramento,067,1510023,88262,86388,1069,87457,1184
2021-01-30,San Benito,069,59416,5443,5401,71,5472,48
2021-01-30,San Bernardino,071,2135413,276950,268660,8087,276747,2122
2021-01-30,San Diego,073,3302833,248583,236765,11744,248509,2603
2021-01-30,San Francisco,075,870044,31958,31427,876,32303,316
2021-01-30,San Joaquin,077,732212,62901,61120,2482,63602,864
2021-01-30,San Luis Obispo,079,281455,18218,17522,476,17998,198
2021-01-30,San Mateo,081,765935,37077,35451,359,35810,219
2021-01-30,Santa Barbara,083,443738,29632,28342,899,29241,296
2021-01-30,Santa Clara,085,1922200,103297,101471,472,101943,1307
2021-01-30,Santa Cruz,087,273765,14512,13383,689,14072,149
2021-01-30,Shasta,089,179085,10396,10283,1087,11370,112
2021-01-30,Sierra,091,2930,48,43,12,55,0
2021-01-30,Siskiyou,093,43540,1338,1236,196,1432,4
2021-01-30,Solano,095,438530,28208,27511,323,27834,118
2021-01-30,Sonoma,097,501317,26162,25810,137,25947,243
2021-01-30,Stanislaus,099,539301,47191,45697,4828,50525,642
2021-01-30,Sutter,101,95872,8360,8226,77,8303,87
2021-01-30,Tehama,103,63373,4351,4229,463,4692,21
2021-01-30,Trinity,105,12862,441,259,64,323,3
2021-01-30,Tulare,107,460477,45789,44203,6771,50974,615
2021-01-30,Tuolumne,109,53932,3494,3508,33,3541,36
2021-01-30,Ventura,111,848112,72067,69931,2528,72459,493
2021-01-30,Yolo,113,214977,12161,11698,170,11868,151
2021-01-30,Yuba,115,75493,5174,5042,75,5117,33
2021-01-29,Alameda,001,1643700,75195,73210,1573,74783,841
2021-01-29,Alpine,003,1148,73,72,0,72,0
2021-01-29,Amador,005,37829,3277,3134,24,3158,32
2021-01-29,Butte,007,227075,10713,10122,1471,11593,138
2021-01-29,Calaveras,009,45235,1771,1757,11,1768,21
2021-01-29,Colusa,011,21464,1774,1734,210,1944,8
2021-01-29,Contra Costa,013,1133247,58503,56318,972,57290,529
2021-01-29,Del Norte,015,27424,893,865,4,869,2
2021-01-29,El Dorado,017,186661,8593,8231,572,8803,83
2021-01-29,Fresno,019,978130,91300,87936,6936,94872,962
2021-01-29,Glenn,021,27897,2124,2061,442,2503,14
2021-01-29,Humboldt,023,135768,2831,2707,18,2725,24
2021-01-29,Imperial,025,180216,26594,26045,2356,28401,521
2021-01-29,Inyo,027,18085,1092,1048,8,1056,27
2021-01-29,Kern,029,883053,88230,85044,8464,93508,836
2021-01-29,Kings,031,150075,21127,20466,860,21326,169
2021-01-29,Lake,033,64148,2892,2792,1,2793,32
2021-01-29,Lassen,035,31185,4948,4874,86,4960,1
2021-01-29,Los Angeles,037,10098052,1122165,1078329,36075,1114404,16190
2021-01-29,Madera,039,155013,14784,14377,717,15094,94
2021-01-29,Marin,041,260295,12433,12145,139,12284,185
2021-01-29,Mariposa,043,17540,355,342,3,345,4
2021-01-29,Mendocino,045,87422,3313,3131,61,3192,36
2021-01-29,Merced,047,269075,26333,25865,761,26626,334
2021-01-29,Modoc,049,8938,312,297,100,397,1
2021-01-29,Mono,051,14174,1134,1139,16,1155,3
2021-01-29,Monterey,053,433212,39757,38539,1393,39932,277
2021-01-29,Napa,055,140530,8522,8276,33,8309,52
2021-01-29,Nevada,057,99092,3657,3487,143,3630,20
2021-01-29,Orange,059,3164182,235473,229917,9446,239363,2967
2021-01-29,Placer,061,380077,19405,18367,977,19344,203
2021-01-29,Plumas,063,18699,619,548,10,558,2
2021-01-29,Riverside,065,2383286,273270,263504,12740,276244,3008
2021-01-29,Sacramento,067,1510023,88008,86320,1065,87385,1169
2021-01-29,San Benito,069,59416,5435,5386,71,5457,48
2021-01-29,San Bernardino,071,2135413,276437,267490,8048,275538,2095
2021-01-29,San Diego,073,3302833,247641,234637,11666,246303,2571
2021-01-29,San Francisco,075,870044,31818,31294,868,32162,307
2021-01-29,San Joaquin,077,732212,62756,60899,2468,63367,858
2021-01-29,San Luis Obispo,079,281455,18158,17440,471,17911,193
2021-01-29,San Mateo,081,765935,36944,35223,356,35579,218
2021-01-29,Santa Barbara,083,443738,29498,28105,893,28998,291
2021-01-29,Santa Clara,085,1922200,102935,101010,470,101480,1273
2021-01-29,Santa Cruz,087,273765,14459,13311,686,13997,148
2021-01-29,Shasta,089,179085,10379,10220,1083,11303,112
2021-01-29,Sierra,091,2930,48,43,12,55,0
2021-01-29,Siskiyou,093,43540,1337,1227,196,1423,4
2021-01-29,Solano,095,438530,28125,27352,321,27673,116
2021-01-29,Sonoma,097,501317,26106,25710,136,25846,243
2021-01-29,Stanislaus,099,539301,47048,45466,4806,50272,642
2021-01-29,Sutter,101,95872,8341,8181,77,8258,87
2021-01-29,Tehama,103,63373,4339,4191,461,4652,20
2021-01-29,Trinity,105,12862,441,260,64,324,3
2021-01-29,Tulare,107,460477,45682,43925,6732,50657,606
2021-01-29,Tuolumne,109,53932,3484,3483,33,3516,36
2021-01-29,Ventura,111,848112,71643,69511,2514,72025,484
2021-01-29,Yolo,113,214977,12123,11612,169,11781,151
2021-01-29,Yuba,115,75493,5158,5018,75,5093,32
2021-01-28,Alameda,001,1643700,74771,72758,1565,74323,833
2021-01-28,Alpine,003,1148,73,72,0,72,0
2021-01-28,Amador,005,37829,3240,3124,24,3148,31
2021-01-28,Butte,007,227075,10672,10037,1461,11498,138
2021-01-28,Calaveras,009,45235,1758,1747,10,1757,21
2021-01-28,Colusa,011,21464,1767,1731,206,1937,8
2021-01-28,Contra Costa,013,1133247,58262,55999,962,56961,525
2021-01-28,Del Norte,015,27424,892,862,4,866,2
2021-01-28,El Dorado,017,186661,8578,8198,567,8765,79
2021-01-28,Fresno,019,978130,91012,87401,6888,94289,949
2021-01-28,Glenn,021,27897,2119,2043,435,2478,14
2021-01-28,Humboldt,023,135768,2814,2686,18,2704,24
2021-01-28,Imperial,025,180216,26550,25984,2349,28333,517
2021-01-28,Inyo,027,18085,1087,1039,8,1047,27
2021-01-28,Kern,029,883053,87901,84708,8380,93088,817
2021-01-28,Kings,031,150075,21067,20328,857,21185,167
2021-01-28,Lake,033,64148,2877,2772,1,2773,32
2021-01-28,Lassen,035,31185,4942,4865,86,4951,1
2021-01-28,Los Angeles,037,10098052,1118253,1072412,35887,1108299,15967
2021-01-28,Madera,039,155013,14728,14301,713,15014,94
2021-01-28,Marin,041,260295,12380,12079,138,12217,183
2021-01-28,Mariposa,043,17540,355,334,3,337,4
2021-01-28,Mendocino,045,87422,3296,3110,61,3171,36
2021-01-28,Merced,047,269075,26211,25620,749,26369,328
2021-01-28,Modoc,049,8938,311,297,100,397,0
2021-01-28,Mono,051,14174,1132,1131,16,1147,3
2021-01-28,Monterey,053,433212,39563,38312,1374,39686,274
2021-01-28,Napa,055,140530,8475,8233,33,8266,50
2021-01-28,Nevada,057,99092,3642,3452,142,3594,19
2021-01-28,Orange,059,3164182,234495,228636,9416,238052,2860
2021-01-28,Placer,061,380077,19345,18246,974,19220,198
2021-01-28,Plumas,063,18699,618,547,10,557,2
2021-01-28,Riverside,065,2383286,272489,262342,12692,275034,2981
2021-01-28,Sacramento,067,1510023,87645,85698,1054,86752,1149
2021-01-28,San Benito,069,59416,5417,5344,70,5414,47
2021-01-28,San Bernardino,071,2135413,275736,266456,8027,274483,2057
2021-01-28,San Diego,073,3302833,246488,232967,11577,244544,2534
2021-01-28,San Francisco,075,870044,31681,31193,852,32045,290
2021-01-28,San Joaquin,077,732212,62490,60627,2454,63081,854
2021-01-28,San Luis Obispo,079,281455,18058,17279,469,17748,189
2021-01-28,San Mateo,081,765935,36775,34931,340,35271,218
2021-01-28,Santa Barbara,083,443738,29274,27674,880,28554,284
2021-01-28,Santa Clara,085,1922200,102469,100470,468,100938,1219
2021-01-28,Santa Cruz,087,273765,14370,13188,680,13868,145
2021-01-28,Shasta,089,179085,10345,10176,1075,11251,110
2021-01-28,Sierra,091,2930,48,43,12,55,0
2021-01-28,Siskiyou,093,43540,1330,1218,194,1412,4
2021-01-28,Solano,095,438530,27965,27163,320,27483,114
2021-01-28,Sonoma,097,501317,26015,25564,136,25700,236
2021-01-28,Stanislaus,099,539301,46840,45162,4786,49948,640
2021-01-28,Sutter,101,95872,8294,8136,77,8213,85
2021-01-28,Tehama,103,63373,4316,4163,458,4621,20
2021-01-28,Trinity,105,12862,439,260,64,324,3
2021-01-28,Tulare,107,460477,45526,43742,6655,50397,595
2021-01-28,Tuolumne,109,53932,3470,3472,33,3505,32
2021-01-28,Ventura,111,848112,71130,68896,2498,71394,475
2021-01-28,Yolo,113,214977,12080,11500,164,11664,151
2021-01-28,Yuba,115,75493,5142,4994,74,5068,32
2021-01-27,Alameda,001,1643700,74354,72188,1557,73745,815
2021-01-27,Alpine,003,1148,73,72,0,72,0
2021-01-27,Amador,005,37829,3224,3116,24,3140,31
2021-01-27,Butte,007,227075,10633,9988,1448,11436,138
2021-01-27,Calaveras,009,45235,1749,1737,10,1747,21
2021-01-27,Colusa,011,21464,1761,1724,204,1928,8
2021-01-27,Contra Costa,013,1133247,57963,55578,959,56537,507
2021-01-27,Del Norte,015,27424,891,859,4,863,2
2021-01-27,El Dorado,017,186661,8552,8141,566,8707,76
2021-01-27,Fresno,019,978130,90721,86886,6846,93732,938
2021-01-27,Glenn,021,27897,2115,2042,434,2476,14
2021-01-27,Humboldt,023,135768,2792,2630,18,2648,24
2021-01-27,Imperial,025,180216,26496,25861,2335,28196,504
2021-01-27,Inyo,027,18085,1083,1023,8,1031,27
2021-01-27,Kern,029,883053,87591,84244,8310,92554,809
2021-01-27,Kings,031,150075,20961,20211,849,21060,167
2021-01-27,Lake,033,64148,2857,2750,1,2751,32
2021-01-27,Lassen,035,31185,4936,4851,86,4937,1
2021-01-27,Los Angeles,037,10098052,1113441,1066569,35679,1102248,15757
2021-01-27,Madera,039,155013,14687,14194,708,14902,86
2021-01-27,Marin,041,260295,12343,12028,137,12165,180
2021-01-27,Mariposa,043,17540,355,333,3,336,4
2021-01-27,Mendocino,045,87422,3276,3095,61,3156,36
2021-01-27,Merced,047,269075,26052,25439,738,26177,315
2021-01-27,Modoc,049,8938,311,297,97,394,0
2021-01-27,Mono,051,14174,1130,1131,16,1147,3
2021-01-27,Monterey,053,433212,39355,38139,1355,39494,268
2021-01-27,Napa,055,140530,8402,8187,33,8220,46
2021-01-27,Nevada,057,99092,3620,3431,142,3573,18
2021-01-27,Orange,059,3164182,233377,227110,9363,236473,2832
2021-01-27,Placer,061,380077,19275,18106,963,19069,198
2021-01-27,Plumas,063,18699,618,544,10,554,2
2021-01-27,Riverside,065,2383286,271292,260796,12641,273437,2931
2021-01-27,Sacramento,067,1510023,87285,85428,1043,86471,1142
2021-01-27,San Benito,069,59416,5402,5284,70,5354,47
2021-01-27,San Bernardino,071,2135413,274883,265153,7996,273149,2019
2021-01-27,San Diego,073,3302833,245159,231478,11472,242950,2465
2021-01-27,San Francisco,075,870044,31537,31082,845,31927,287
2021-01-27,San Joaquin,077,732212,62220,60131,2435,62566,853
2021-01-27,San Luis Obispo,079,281455,17950,17119,465,17584,188
2021-01-27,San Mateo,081,765935,36620,34619,337,34956,216
2021-01-27,Santa Barbara,083,443738,29097,27435,874,28309,282
2021-01-27,Santa Clara,085,1922200,102065,99732,464,100196,1184
2021-01-27,Santa Cruz,087,273765,14300,13111,677,13788,143
2021-01-27,Shasta,089,179085,10311,10106,1069,11175,105
2021-01-27,Sierra,091,2930,48,44,12,56,0
2021-01-27,Siskiyou,093,43540,1325,1214,191,1405,4
2021-01-27,Solano,095,438530,27788,26982,313,27295,112
2021-01-27,Sonoma,097,501317,25916,25361,132,25493,237
2021-01-27,Stanislaus,099,539301,46656,44874,4760,49634,624
2021-01-27,Sutter,101,95872,8251,8093,77,8170,83
2021-01-27,Tehama,103,63373,4296,4133,454,4587,20
2021-01-27,Trinity,105,12862,439,260,64,324,3
2021-01-27,Tulare,107,460477,45339,43462,6584,50046,583
2021-01-27,Tuolumne,109,53932,3460,3464,33,3497,32
2021-01-27,Ventura,111,848112,70657,68291,2473,70764,468
2021-01-27,Yolo,113,214977,12032,11427,160,11587,151
2021-01-27,Yuba,115,75493,5126,4968,74,5042,32
2021-01-26,Alameda,001,1643700,73982,71851,1540,73391,789
2021-01-26,Alpine,003,1148,73,72,0,72,0
2021-01-26,Amador,005,37829,3213,3113,24,3137,31
2021-01-26,Butte,007,227075,10591,9943,1442,11385,136
2021-01-26,Calaveras,009,45235,1739,1723,10,1733,21
2021-01-26,Colusa,011,21464,1754,1719,201,1920,8
2021-01-26,Contra Costa,013,1133247,57685,55337,951,56288,491
2021-01-26,Del Norte,015,27424,890,856,4,860,2
2021-01-26,El Dorado,017,186661,8526,8115,564,8679,71
2021-01-26,Fresno,019,978130,90363,86673,6802,93475,923
2021-01-26,Glenn,021,27897,2105,2034,429,2463,13
2021-01-26,Humboldt,023,135768,2771,2612,17,2629,24
2021-01-26,Imperial,025,180216,26423,25812,2322,28134,498
2021-01-26,Inyo,027,18085,1076,1018,8,1026,27
2021-01-26,Kern,029,883053,87168,83868,8235,92103,790
2021-01-26,Kings,031,150075,20903,20156,844,21000,159
2021-01-26,Lake,033,64148,2848,2748,1,2749,32
2021-01-26,Lassen,035,31185,4930,4844,86,4930,1
2021-01-26,Los Angeles,037,10098052,1108153,1060492,35478,1095970,15458
2021-01-26,Madera,039,155013,14630,14130,702,14832,86
2021-01-26,Marin,041,260295,12298,11993,135,12128,179
2021-01-26,Mariposa,043,17540,353,332,3,335,3
2021-01-26,Mendocino,045,87422,3250,3076,60,3136,36
2021-01-26,Merced,047,269075,25912,25359,730,26089,309
2021-01-26,Modoc,049,8938,304,291,96,387,0
2021-01-26,Mono,051,14174,1128,1120,16,1136,3
2021-01-26,Monterey,053,433212,39161,37963,1335,39298,255
2021-01-26,Napa,055,140530,8345,8145,33,8178,43
2021-01-26,Nevada,057,99092,3613,3410,141,3551,18
2021-01-26,Orange,059,3164182,232254,225987,9318,235305,2760
2021-01-26,Placer,061,380077,19199,18016,961,18977,193
2021-01-26,Plumas,063,18699,616,536,10,546,2
2021-01-26,Riverside,065,2383286,269924,259399,12578,271977,2898
2021-01-26,Sacramento,067,1510023,86927,85062,1036,86098,1127
2021-01-26,San Benito,069,59416,5388,5251,69,5320,45
2021-01-26,San Bernardino,071,2135413,273882,263736,7953,271689,1970
2021-01-26,San Diego,073,3302833,243664,230063,11370,241433,2421
2021-01-26,San Francisco,075,870044,31405,30874,826,31700,286
2021-01-26,San Joaquin,077,732212,61966,59889,2419,62308,847
2021-01-26,San Luis Obispo,079,281455,17869,17016,462,17478,186
2021-01-26,San Mateo,081,765935,36426,34441,326,34767,213
2021-01-26,Santa Barbara,083,443738,28922,27321,862,28183,273
2021-01-26,Santa Clara,085,1922200,101586,99215,461,99676,1171
2021-01-26,Santa Cruz,087,273765,14234,13045,671,13716,134
2021-01-26,Shasta,089,179085,10276,10036,1061,11097,103
2021-01-26,Sierra,091,2930,48,43,12,55,0
2021-01-26,Siskiyou,093,43540,1310,1208,189,1397,4
2021-01-26,Solano,095,438530,27632,26858,306,27164,110
2021-01-26,Sonoma,097,501317,25797,25273,130,25403,236
2021-01-26,Stanislaus,099,539301,46474,44703,4720,49423,599
2021-01-26,Sutter,101,95872,8208,8067,77,8144,83
2021-01-26,Tehama,103,63373,4263,4115,454,4569,20
2021-01-26,Trinity,105,12862,439,260,64,324,3
2021-01-26,Tulare,107,460477,45135,43394,6516,49910,579
2021-01-26,Tuolumne,109,53932,3450,3451,33,3484,30
2021-01-26,Ventura,111,848112,70124,67526,2447,69973,448
2021-01-26,Yolo,113,214977,11987,11361,157,11518,148
2021-01-26,Yuba,115,75493,5101,4944,72,5016,31
2021-01-25,Alameda,001,1643700,73555,71255,1530,72785,780
2021-01-25,Alpine,003,1148,73,72,0,72,0
2021-01-25,Amador,005,37829,3173,3074,24,3098,30
2021-01-25,Butte,007,227075,10524,9865,1434,11299,133
2021-01-25,Calaveras,009,45235,1724,1713,10,1723,21
2021-01-25,Colusa,011,21464,1742,1709,197,1906,8
2021-01-25,Contra Costa,013,1133247,57330,54989,944,55933,488
2021-01-25,Del Norte,015,27424,889,855,4,859,2
2021-01-25,El Dorado,017,186661,8501,8060,564,8624,66
2021-01-25,Fresno,019,978130,89992,86336,6770,93106,913
2021-01-25,Glenn,021,27897,2096,2028,429,2457,13
2021-01-25,Humboldt,023,135768,2737,2587,17,2604,24
2021-01-25,Imperial,025,180216,26374,25745,2314,28059,491
2021-01-25,Inyo,027,18085,1070,1015,8,1023,27
2021-01-25,Kern,029,883053,86782,83401,8150,91551,787
2021-01-25,Kings,031,150075,20783,20067,840,20907,159
2021-01-25,Lake,033,64148,2829,2729,1,2730,32
2021-01-25,Lassen,035,31185,4903,4835,86,4921,1
2021-01-25,Los Angeles,037,10098052,1102195,1055181,35251,1090432,15163
2021-01-25,Madera,039,155013,14576,14068,697,14765,86
2021-01-25,Marin,041,260295,12246,11923,131,12054,177
2021-01-25,Mariposa,043,17540,350,331,3,334,3
2021-01-25,Mendocino,045,87422,3239,3054,60,3114,35
2021-01-25,Merced,047,269075,25773,25181,721,25902,305
2021-01-25,Modoc,049,8938,303,288,92,380,0
2021-01-25,Mono,051,14174,1125,1114,15,1129,3
2021-01-25,Monterey,053,433212,38908,37726,1316,39042,255
2021-01-25,Napa,055,140530,8311,8057,32,8089,43
2021-01-25,Nevada,057,99092,3599,3365,141,3506,18
2021-01-25,Orange,059,3164182,231045,225105,9273,234378,2696
2021-01-25,Placer,061,380077,19111,17936,946,18882,193
2021-01-25,Plumas,063,18699,613,533,10,543,2
2021-01-25,Riverside,065,2383286,268185,258082,12522,270604,2789
2021-01-25,Sacramento,067,1510023,86485,84653,1028,85681,1118
2021-01-25,San Benito,069,59416,5353,5238,68,5306,43
2021-01-25,San Bernardino,071,2135413,272939,263174,7918,271092,1947
2021-01-25,San Diego,073,3302833,242051,228630,11298,239928,2375
2021-01-25,San Francisco,075,870044,31255,30734,803,31537,288
2021-01-25,San Joaquin,077,732212,61672,59291,2394,61685,838
2021-01-25,San Luis Obispo,079,281455,17735,16868,457,17325,179
2021-01-25,San Mateo,081,765935,36193,34187,320,34507,213
2021-01-25,Santa Barbara,083,443738,28688,27065,852,27917,269
2021-01-25,Santa Clara,085,1922200,101020,98647,453,99100,1143
2021-01-25,Santa Cruz,087,273765,14147,12973,667,13640,133
2021-01-25,Shasta,089,179085,10235,9991,1050,11041,103
2021-01-25,Sierra,091,2930,48,42,12,54,0
2021-01-25,Siskiyou,093,43540,1302,1205,186,1391,4
2021-01-25,Solano,095,438530,27464,26648,305,26953,109
2021-01-25,Sonoma,097,501317,25690,25160,128,25288,233
2021-01-25,Stanislaus,099,539301,46228,44293,4678,48971,599
2021-01-25,Sutter,101,95872,8165,8023,77,8100,83
2021-01-25,Tehama,103,63373,4236,4082,450,4532,20
2021-01-25,Trinity,105,12862,439,262,64,326,3
2021-01-25,Tulare,107,460477,44918,43124,6413,49537,578
2021-01-25,Tuolumne,109,53932,3441,3422,33,3455,29
2021-01-25,Ventura,111,848112,69490,66910,2430,69340,439
2021-01-25,Yolo,113,214977,11901,11276,156,11432,140
2021-01-25,Yuba,115,75493,5079,4900,70,4970,31
2021-01-24,Alameda,001,1643700,73050,70823,1519,72342,780
2021-01-24,Alpine,003,1148,73,72,0,72,0
2021-01-24,Amador,005,37829,3140,3054,24,3078,30
2021-01-24,Butte,007,227075,10440,9820,1418,11238,133
2021-01-24,Calaveras,009,45235,1711,1704,10,1714,21
2021-01-24,Colusa,011,21464,1731,1689,191,1880,8
2021-01-24,Contra Costa,013,1133247,56943,54694,931,55625,488
2021-01-24,Del Norte,015,27424,885,855,4,859,2
2021-01-24,El Dorado,017,186661,8466,8003,560,8563,66
2021-01-24,Fresno,019,978130,89554,85808,6731,92539,911
2021-01-24,Glenn,021,27897,2088,2026,428,2454,13
2021-01-24,Humboldt,023,135768,2698,2562,17,2579,24
2021-01-24,Imperial,025,180216,26279,25707,2291,27998,488
2021-01-24,Inyo,027,18085,1054,1007,8,1015,27
2021-01-24,Kern,029,883053,86346,83125,8042,91167,785
2021-01-24,Kings,031,150075,20655,19988,824,20812,159
2021-01-24,Lake,033,64148,2812,2724,0,2724,32
2021-01-24,Lassen,035,31185,4892,4828,83,4911,1
2021-01-24,Los Angeles,037,10098052,1095788,1048757,34943,1083700,15119
2021-01-24,Madera,039,155013,14486,14000,691,14691,86
2021-01-24,Marin,041,260295,12179,11872,130,12002,177
2021-01-24,Mariposa,043,17540,346,322,3,325,3
2021-01-24,Mendocino,045,87422,3218,3037,59,3096,33
2021-01-24,Merced,047,269075,25562,25047,712,25759,305
2021-01-24,Modoc,049,8938,303,285,92,377,0
2021-01-24,Mono,051,14174,1118,1113,15,1128,3
2021-01-24,Monterey,053,433212,38637,37527,1282,38809,254
2021-01-24,Napa,055,140530,8269,8005,32,8037,43
2021-01-24,Nevada,057,99092,3557,3349,139,3488,18
2021-01-24,Orange,059,3164182,229613,223853,9205,233058,2632
2021-01-24,Placer,061,380077,18998,17839,926,18765,193
2021-01-24,Plumas,063,18699,610,532,10,542,2
2021-01-24,Riverside,065,2383286,266543,256767,12446,269213,2761
2021-01-24,Sacramento,067,1510023,85931,84110,1020,85130,1112
2021-01-24,San Benito,069,59416,5311,5223,65,5288,43
2021-01-24,San Bernardino,071,2135413,271615,262370,7866,270236,1935
2021-01-24,San Diego,073,3302833,240357,227193,11167,238360,2375
2021-01-24,San Francisco,075,870044,31067,30559,781,31340,275
2021-01-24,San Joaquin,077,732212,61245,59021,2379,61400,838
2021-01-24,San Luis Obispo,079,281455,17611,16758,455,17213,179
2021-01-24,San Mateo,081,765935,35947,33956,315,34271,213
2021-01-24,Santa Barbara,083,443738,28372,26735,842,27577,269
2021-01-24,Santa Clara,085,1922200,100371,98103,448,98551,1109
2021-01-24,Santa Cruz,087,273765,14061,12905,659,13564,133
2021-01-24,Shasta,089,179085,10164,9978,1041,11019,103
2021-01-24,Sierra,091,2930,47,42,12,54,0
2021-01-24,Siskiyou,093,43540,1295,1195,186,1381,4
2021-01-24,Solano,095,438530,27276,26515,301,26816,109
2021-01-24,Sonoma,097,501317,25528,25045,127,25172,233
2021-01-24,Stanislaus,099,539301,45919,44031,4618,48649,599
2021-01-24,Sutter,101,95872,8101,7980,77,8057,83
2021-01-24,Tehama,103,63373,4196,4062,445,4507,20
2021-01-24,Trinity,105,12862,439,262,64,326,3
2021-01-24,Tulare,107,460477,44699,43006,6323,49329,577
2021-01-24,Tuolumne,109,53932,3430,3416,33,3449,29
2021-01-24,Ventura,111,848112,68779,66347,2406,68753,439
2021-01-24,Yolo,113,214977,11817,11210,152,11362,140
2021-01-24,Yuba,115,75493,5039,4875,69,4944,31
2021-01-23,Alameda,001,1643700,72802,70080,1512,71592,780
2021-01-23,Alpine,003,1148,73,72,0,72,0
2021-01-23,Amador,005,37829,3137,3049,24,3073,30
2021-01-23,Butte,007,227075,10411,9757,1415,11172,133
2021-01-23,Calaveras,009,45235,1708,1695,10,1705,21
2021-01-23,Colusa,011,21464,1727,1672,190,1862,8
2021-01-23,Contra Costa,013,1133247,56730,54162,924,55086,487
2021-01-23,Del Norte,015,27424,884,855,4,859,2
2021-01-23,El Dorado,017,186661,8450,7984,558,8542,66
2021-01-23,Fresno,019,978130,89368,85274,6702,91976,910
2021-01-23,Glenn,021,27897,2085,2015,424,2439,13
2021-01-23,Humboldt,023,135768,2679,2493,16,2509,23
2021-01-23,Imperial,025,180216,26245,25581,2281,27862,487
2021-01-23,Inyo,027,18085,1045,987,8,995,27
2021-01-23,Kern,029,883053,86102,82602,7974,90576,783
2021-01-23,Kings,031,150075,20611,19904,822,20726,159
2021-01-23,Lake,033,64148,2804,2673,0,2673,32
2021-01-23,Lassen,035,31185,4891,4816,80,4896,1
2021-01-23,Los Angeles,037,10098052,1092559,1040961,34782,1075743,15034
2021-01-23,Madera,039,155013,14450,13858,688,14546,86
2021-01-23,Marin,041,260295,12123,11796,128,11924,177
2021-01-23,Mariposa,043,17540,346,323,3,326,3
2021-01-23,Mendocino,045,87422,3204,2991,59,3050,32
2021-01-23,Merced,047,269075,25470,24787,698,25485,303
2021-01-23,Modoc,049,8938,303,285,92,377,0
2021-01-23,Mono,051,14174,1116,1111,15,1126,3
2021-01-23,Monterey,053,433212,38554,37165,1277,38442,253
2021-01-23,Napa,055,140530,8244,7893,32,7925,43
2021-01-23,Nevada,057,99092,3546,3332,138,3470,18
2021-01-23,Orange,059,3164182,228845,221722,9165,230887,2618
2021-01-23,Placer,061,380077,18947,17617,921,18538,193
2021-01-23,Plumas,063,18699,609,528,10,538,2
2021-01-23,Riverside,065,2383286,265643,253636,12396,266032,2733
2021-01-23,Sacramento,067,1510023,85702,83408,1017,84425,1108
2021-01-23,San Benito,069,59416,5287,5166,64,5230,43
2021-01-23,San Bernardino,071,2135413,271064,260381,7836,268217,1922
2021-01-23,San Diego,073,3302833,239296,225556,11095,236651,2344
2021-01-23,San Francisco,075,870044,30962,30308,752,31060,268
2021-01-23,San Joaquin,077,732212,61119,58164,2369,60533,836
2021-01-23,San Luis Obispo,079,281455,17547,16652,452,17104,176
2021-01-23,San Mateo,081,765935,35771,33696,304,34000,213
2021-01-23,Santa Barbara,083,443738,28187,26234,833,27067,264
2021-01-23,Santa Clara,085,1922200,100015,97189,447,97636,1086
2021-01-23,Santa Cruz,087,273765,14003,12771,656,13427,127
2021-01-23,Shasta,089,179085,10135,9951,1040,10991,103
2021-01-23,Sierra,091,2930,47,41,12,53,0
2021-01-23,Siskiyou,093,43540,1285,1190,185,1375,4
2021-01-23,Solano,095,438530,27183,26261,299,26560,107
2021-01-23,Sonoma,097,501317,25448,24790,127,24917,232
2021-01-23,Stanislaus,099,539301,45752,43723,4587,48310,599
2021-01-23,Sutter,101,95872,8083,7943,76,8019,80
2021-01-23,Tehama,103,63373,4177,4006,444,4450,20
2021-01-23,Trinity,105,12862,439,262,64,326,3
2021-01-23,Tulare,107,460477,44546,42661,6263,48924,575
2021-01-23,Tuolumne,109,53932,3423,3407,33,3440,29
2021-01-23,Ventura,111,848112,68329,65581,2383,67964,438
2021-01-23,Yolo,113,214977,11775,11087,148,11235,141
2021-01-23,Yuba,115,75493,5027,4831,68,4899,30
2021-01-22,Alameda,001,1643700,72481,69693,1506,71199,751
2021-01-22,Alpine,003,1148,73,71,0,71,0
2021-01-22,Amador,005,37829,3132,3042,24,3066,30
2021-01-22,Butte,007,227075,10367,9711,1402,11113,133
2021-01-22,Calaveras,009,45235,1699,1672,10,1682,21
2021-01-22,Colusa,011,21464,1725,1668,190,1858,7
2021-01-22,Contra Costa,013,1133247,56493,53887,918,54805,485
2021-01-22,Del Norte,015,27424,883,852,4,856,2
2021-01-22,El Dorado,017,186661,8416,7877,555,8432,64
2021-01-22,Fresno,019,978130,89027,84744,6674,91418,892
2021-01-22,Glenn,021,27897,2080,1985,418,2403,13
2021-01-22,Humboldt,023,135768,2655,2452,16,2468,23
2021-01-22,Imperial,025,180216,26210,25562,2266,27828,474
2021-01-22,Inyo,027,18085,1034,961,8,969,26
2021-01-22,Kern,029,883053,85805,82101,7898,89999,771
2021-01-22,Kings,031,150075,20535,19760,818,20578,159
2021-01-22,Lake,033,64148,2792,2681,0,2681,32
2021-01-22,Lassen,035,31185,4882,4765,79,4844,1
2021-01-22,Los Angeles,037,10098052,1088094,1031177,34591,1065768,14777
2021-01-22,Madera,039,155013,14390,13781,687,14468,86
2021-01-22,Marin,041,260295,12087,11769,126,11895,177
2021-01-22,Mariposa,043,17540,346,323,3,326,3
2021-01-22,Mendocino,045,87422,3179,2994,58,3052,32
2021-01-22,Merced,047,269075,25347,24616,690,25306,290
2021-01-22,Modoc,049,8938,303,285,92,377,0
2021-01-22,Mono,051,14174,1116,1108,15,1123,3
2021-01-22,Monterey,053,433212,38402,36909,1272,38181,253
2021-01-22,Napa,055,140530,8198,7828,32,7860,40
2021-01-22,Nevada,057,99092,3521,3296,137,3433,18
2021-01-22,Orange,059,3164182,227892,220384,9118,229502,2542
2021-01-22,Placer,061,380077,18890,17636,906,18542,193
2021-01-22,Plumas,063,18699,607,522,10,532,2
2021-01-22,Riverside,065,2383286,264498,252440,12328,264768,2710
2021-01-22,Sacramento,067,1510023,85372,82861,1009,83870,1094
2021-01-22,San Benito,069,59416,5261,5143,64,5207,43
2021-01-22,San Bernardino,071,2135413,270251,259121,7806,266927,1849
2021-01-22,San Diego,073,3302833,238056,222576,11030,233606,2301
2021-01-22,San Francisco,075,870044,30849,30027,735,30762,266
2021-01-22,San Joaquin,077,732212,60937,58485,2357,60842,812
2021-01-22,San Luis Obispo,079,281455,17458,16336,449,16785,172
2021-01-22,San Mateo,081,765935,35549,33401,301,33702,211
2021-01-22,Santa Barbara,083,443738,27986,25989,822,26811,256
2021-01-22,Santa Clara,085,1922200,99577,96435,444,96879,1062
2021-01-22,Santa Cruz,087,273765,13945,12687,652,13339,123
2021-01-22,Shasta,089,179085,10115,9866,1038,10904,103
2021-01-22,Sierra,091,2930,47,40,12,52,0
2021-01-22,Siskiyou,093,43540,1281,1182,183,1365,4
2021-01-22,Solano,095,438530,27093,26048,297,26345,107
2021-01-22,Sonoma,097,501317,25363,24659,127,24786,232
2021-01-22,Stanislaus,099,539301,45586,43489,4561,48050,599
2021-01-22,Sutter,101,95872,8058,7878,76,7954,80
2021-01-22,Tehama,103,63373,4161,3993,442,4435,19
2021-01-22,Trinity,105,12862,438,263,64,327,3
2021-01-22,Tulare,107,460477,44366,42307,6195,48502,573
2021-01-22,Tuolumne,109,53932,3395,3379,33,3412,29
2021-01-22,Ventura,111,848112,67823,64404,2365,66769,426
2021-01-22,Yolo,113,214977,11741,11014,141,11155,141
2021-01-22,Yuba,115,75493,5003,4789,66,4855,29
2021-01-21,Alameda,001,1643700,72045,69314,1489,70803,739
2021-01-21,Alpine,003,1148,73,71,0,71,0
2021-01-21,Amador,005,37829,3110,3038,24,3062,29
2021-01-21,Butte,007,227075,10303,9643,1395,11038,130
2021-01-21,Calaveras,009,45235,1690,1647,10,1657,21
2021-01-21,Colusa,011,21464,1718,1662,187,1849,7
2021-01-21,Contra Costa,013,1133247,56085,53595,905,54500,478
2021-01-21,Del Norte,015,27424,881,850,3,853,2
2021-01-21,El Dorado,017,186661,8367,7823,552,8375,58
2021-01-21,Fresno,019,978130,88623,84137,6634,90771,889
2021-01-21,Glenn,021,27897,2072,1964,413,2377,13
2021-01-21,Humboldt,023,135768,2632,2423,16,2439,23
2021-01-21,Imperial,025,180216,26120,25509,2252,27761,463
2021-01-21,Inyo,027,18085,1025,946,8,954,26
2021-01-21,Kern,029,883053,85393,81328,7783,89111,769
2021-01-21,Kings,031,150075,20464,19633,801,20434,158
2021-01-21,Lake,033,64148,2777,2669,0,2669,32
2021-01-21,Lassen,035,31185,4875,4763,79,4842,1
2021-01-21,Los Angeles,037,10098052,1081428,1023055,34274,1057329,14537
2021-01-21,Madera,039,155013,14322,13664,679,14343,86
2021-01-21,Marin,041,260295,12032,11732,124,11856,173
2021-01-21,Mariposa,043,17540,342,322,3,325,3
2021-01-21,Mendocino,045,87422,3156,2967,56,3023,32
2021-01-21,Merced,047,269075,25192,24426,683,25109,245
2021-01-21,Modoc,049,8938,300,284,91,375,0
2021-01-21,Mono,051,14174,1111,1104,15,1119,3
2021-01-21,Monterey,053,433212,38122,36149,1262,37411,253
2021-01-21,Napa,055,140530,8134,7774,32,7806,40
2021-01-21,Nevada,057,99092,3492,3274,136,3410,18
2021-01-21,Orange,059,3164182,226516,218867,9064,227931,2540
2021-01-21,Placer,061,380077,18811,17553,902,18455,190
2021-01-21,Plumas,063,18699,603,518,10,528,2
2021-01-21,Riverside,065,2383286,262776,251007,12250,263257,2676
2021-01-21,Sacramento,067,1510023,84893,82303,989,83292,1084
2021-01-21,San Benito,069,59416,5231,5100,59,5159,43
2021-01-21,San Bernardino,071,2135413,268910,257754,7742,265496,1832
2021-01-21,San Diego,073,3302833,236281,219729,10923,230652,2222
2021-01-21,San Francisco,075,870044,30672,29801,701,30502,266
2021-01-21,San Joaquin,077,732212,60627,58270,2337,60607,806
2021-01-21,San Luis Obispo,079,281455,17372,16153,441,16594,169
2021-01-21,San Mateo,081,765935,35303,33156,288,33444,210
2021-01-21,Santa Barbara,083,443738,27698,25654,809,26463,253
2021-01-21,Santa Clara,085,1922200,98953,96028,437,96465,1062
2021-01-21,Santa Cruz,087,273765,13861,12548,642,13190,119
2021-01-21,Shasta,089,179085,10072,9795,1023,10818,98
2021-01-21,Sierra,091,2930,47,40,12,52,0
2021-01-21,Siskiyou,093,43540,1278,1178,181,1359,4
2021-01-21,Solano,095,438530,26913,25885,293,26178,106
2021-01-21,Sonoma,097,501317,25223,24440,125,24565,230
2021-01-21,Stanislaus,099,539301,45288,43223,4517,47740,599
2021-01-21,Sutter,101,95872,8024,7822,76,7898,80
2021-01-21,Tehama,103,63373,4122,3938,442,4380,19
2021-01-21,Trinity,105,12862,438,261,64,325,3
2021-01-21,Tulare,107,460477,44155,42082,6121,48203,569
2021-01-21,Tuolumne,109,53932,3385,3365,32,3397,29
2021-01-21,Ventura,111,848112,67129,63995,2344,66339,420
2021-01-21,Yolo,113,214977,11650,10940,133,11073,141
2021-01-21,Yuba,115,75493,4971,4757,65,4822,29
2021-01-20,Alameda,001,1643700,71568,68785,1474,70259,702
2021-01-20,Alpine,003,1148,73,71,0,71,0
2021-01-20,Amador,005,37829,3079,3036,24,3060,29
2021-01-20,Butte,007,227075,10247,9582,1385,10967,130
2021-01-20,Calaveras,009,45235,1668,1637,9,1646,21
2021-01-20,Colusa,011,21464,1701,1630,182,1812,7
2021-01-20,Contra Costa,013,1133247,55628,53108,898,54006,461
2021-01-20,Del Norte,015,27424,880,848,3,851,2
2021-01-20,El Dorado,017,186661,8317,7785,549,8334,53
2021-01-20,Fresno,019,978130,88204,83591,6581,90172,872
2021-01-20,Glenn,021,27897,2053,1955,411,2366,13
2021-01-20,Humboldt,023,135768,2589,2390,16,2406,22
2021-01-20,Imperial,025,180216,26048,25380,2218,27598,461
2021-01-20,Inyo,027,18085,1015,901,8,909,26
2021-01-20,Kern,029,883053,84943,80701,7676,88377,754
2021-01-20,Kings,031,150075,20374,19522,793,20315,146
2021-01-20,Lake,033,64148,2756,2646,0,2646,31
2021-01-20,Lassen,035,31185,4867,4758,77,4835,1
2021-01-20,Los Angeles,037,10098052,1073928,1015608,33990,1049598,14299
2021-01-20,Madera,039,155013,14258,13585,675,14260,86
2021-01-20,Marin,041,260295,11978,11684,122,11806,171
2021-01-20,Mariposa,043,17540,340,322,3,325,3
2021-01-20,Mendocino,045,87422,3141,2957,56,3013,32
2021-01-20,Merced,047,269075,25019,24220,661,24881,243
2021-01-20,Modoc,049,8938,299,282,91,373,0
2021-01-20,Mono,051,14174,1104,1105,14,1119,3
2021-01-20,Monterey,053,433212,37810,35960,1242,37202,249
2021-01-20,Napa,055,140530,8065,7731,31,7762,40
2021-01-20,Nevada,057,99092,3460,3238,136,3374,18
2021-01-20,Orange,059,3164182,224981,216893,9003,225896,2500
2021-01-20,Placer,061,380077,18717,17455,884,18339,186
2021-01-20,Plumas,063,18699,601,512,10,522,2
2021-01-20,Riverside,065,2383286,260732,248686,12167,260853,2615
2021-01-20,Sacramento,067,1510023,84333,81687,979,82666,1072
2021-01-20,San Benito,069,59416,5200,5036,58,5094,35
2021-01-20,San Bernardino,071,2135413,267562,255921,7695,263616,1801
2021-01-20,San Diego,073,3302833,234426,218553,10819,229372,2174
2021-01-20,San Francisco,075,870044,30484,29665,681,30346,262
2021-01-20,San Joaquin,077,732212,60223,58025,2328,60353,783
2021-01-20,San Luis Obispo,079,281455,17191,15936,432,16368,164
2021-01-20,San Mateo,081,765935,35076,32929,287,33216,210
2021-01-20,Santa Barbara,083,443738,27381,25312,797,26109,248
2021-01-20,Santa Clara,085,1922200,98273,94995,435,95430,1040
2021-01-20,Santa Cruz,087,273765,13754,12460,629,13089,107
2021-01-20,Shasta,089,179085,10020,9697,1013,10710,98
2021-01-20,Sierra,091,2930,47,40,12,52,0
2021-01-20,Siskiyou,093,43540,1271,1163,180,1343,4
2021-01-20,Solano,095,438530,26720,25659,289,25948,106
2021-01-20,Sonoma,097,501317,25086,24262,123,24385,223
2021-01-20,Stanislaus,099,539301,45008,42955,4479,47434,585
2021-01-20,Sutter,101,95872,7973,7772,74,7846,80
2021-01-20,Tehama,103,63373,4096,3892,440,4332,19
2021-01-20,Trinity,105,12862,438,260,64,324,3
2021-01-20,Tulare,107,460477,43897,41799,6028,47827,559
2021-01-20,Tuolumne,109,53932,3371,3355,31,3386,29
2021-01-20,Ventura,111,848112,66169,63413,2315,65728,395
2021-01-20,Yolo,113,214977,11582,10852,130,10982,141
2021-01-20,Yuba,115,75493,4944,4729,65,4794,29
2021-01-19,Alameda,001,1643700,70926,68434,1465,69899,680
2021-01-19,Alpine,003,1148,73,71,0,71,0
2021-01-19,Amador,005,37829,3070,3024,24,3048,28
2021-01-19,Butte,007,227075,10184,9528,1371,10899,129
2021-01-19,Calaveras,009,45235,1653,1621,8,1629,21
2021-01-19,Colusa,011,21464,1679,1617,179,1796,7
2021-01-19,Contra Costa,013,1133247,55134,52730,887,53617,448
2021-01-19,Del Norte,015,27424,878,843,3,846,2
2021-01-19,El Dorado,017,186661,8256,7743,541,8284,47
2021-01-19,Fresno,019,978130,87682,83200,6530,89730,857
2021-01-19,Glenn,021,27897,2041,1948,406,2354,13
2021-01-19,Humboldt,023,135768,2565,2359,13,2372,22
2021-01-19,Imperial,025,180216,25967,25333,2202,27535,452
2021-01-19,Inyo,027,18085,1008,891,8,899,26
2021-01-19,Kern,029,883053,84354,80272,7571,87843,742
2021-01-19,Kings,031,150075,20235,19375,782,20157,143
2021-01-19,Lake,033,64148,2741,2625,0,2625,31
2021-01-19,Lassen,035,31185,4860,4753,77,4830,1
2021-01-19,Los Angeles,037,10098052,1065249,1010375,33721,1044096,14014
2021-01-19,Madera,039,155013,14142,13528,668,14196,86
2021-01-19,Marin,041,260295,11921,11654,118,11772,169
2021-01-19,Mariposa,043,17540,340,322,3,325,3
2021-01-19,Mendocino,045,87422,3124,2930,56,2986,32
2021-01-19,Merced,047,269075,24807,24108,652,24760,242
2021-01-19,Modoc,049,8938,298,281,91,372,0
2021-01-19,Mono,051,14174,1103,1106,14,1120,3
2021-01-19,Monterey,053,433212,37508,35840,1221,37061,248
2021-01-19,Napa,055,140530,8006,7672,31,7703,38
2021-01-19,Nevada,057,99092,3442,3216,134,3350,18
2021-01-19,Orange,059,3164182,223246,215244,8936,224180,2468
2021-01-19,Placer,061,380077,18620,17348,874,18222,182
2021-01-19,Plumas,063,18699,594,509,10,519,2
2021-01-19,Riverside,065,2383286,258646,246248,12089,258337,2585
2021-01-19,Sacramento,067,1510023,83796,81183,959,82142,1053
2021-01-19,San Benito,069,59416,5154,4988,57,5045,35
2021-01-19,San Bernardino,071,2135413,265836,253651,7639,261290,1777
2021-01-19,San Diego,073,3302833,232003,216833,10721,227554,2109
2021-01-19,San Francisco,075,870044,30265,29502,650,30152,261
2021-01-19,San Joaquin,077,732212,59840,57655,2316,59971,782
2021-01-19,San Luis Obispo,079,281455,16927,15855,429,16284,161
2021-01-19,San Mateo,081,765935,34791,32730,276,33006,208
2021-01-19,Santa Barbara,083,443738,26997,24991,781,25772,236
2021-01-19,Santa Clara,085,1922200,97503,94483,434,94917,1010
2021-01-19,Santa Cruz,087,273765,13637,12410,621,13031,106
2021-01-19,Shasta,089,179085,9984,9614,1003,10617,93
2021-01-19,Sierra,091,2930,47,40,10,50,0
2021-01-19,Siskiyou,093,43540,1263,1149,178,1327,4
2021-01-19,Solano,095,438530,26473,25520,288,25808,106
2021-01-19,Sonoma,097,501317,24906,24133,121,24254,223
2021-01-19,Stanislaus,099,539301,44660,42723,4434,47157,561
2021-01-19,Sutter,101,95872,7923,7709,68,7777,80
2021-01-19,Tehama,103,63373,4064,3876,438,4314,19
2021-01-19,Trinity,105,12862,437,260,64,324,3
2021-01-19,Tulare,107,460477,43619,41559,5933,47492,549
2021-01-19,Tuolumne,109,53932,3344,3328,31,3359,29
2021-01-19,Ventura,111,848112,65490,62656,2288,64944,383
2021-01-19,Yolo,113,214977,11495,10789,129,10918,134
2021-01-19,Yuba,115,75493,4911,4695,64,4759,29
2021-01-18,Alameda,001,1643700,70293,67938,1447,69385,680
2021-01-18,Alpine,003,1148,73,71,0,71,0
2021-01-18,Amador,005,37829,3056,3016,24,3040,28
2021-01-18,Butte,007,227075,10099,9474,1359,10833,129
2021-01-18,Calaveras,009,45235,1632,1617,7,1624,21
2021-01-18,Colusa,011,21464,1662,1608,178,1786,7
2021-01-18,Contra Costa,013,1133247,54616,52323,879,53202,448
2021-01-18,Del Norte,015,27424,877,840,3,843,2
2021-01-18,El Dorado,017,186661,8188,7707,539,8246,47
2021-01-18,Fresno,019,978130,87071,82485,6464,88949,857
2021-01-18,Glenn,021,27897,2024,1935,402,2337,13
2021-01-18,Humboldt,023,135768,2527,2343,13,2356,22
2021-01-18,Imperial,025,180216,25898,25317,2178,27495,452
2021-01-18,Inyo,027,18085,996,872,8,880,26
2021-01-18,Kern,029,883053,83717,79930,7480,87410,740
2021-01-18,Kings,031,150075,20065,19267,770,20037,141
2021-01-18,Lake,033,64148,2724,2591,0,2591,30
2021-01-18,Lassen,035,31185,4824,4749,76,4825,1
2021-01-18,Los Angeles,037,10098052,1055746,1002614,33433,1036047,13828
2021-01-18,Madera,039,155013,14029,13443,660,14103,85
2021-01-18,Marin,041,260295,11874,11607,116,11723,165
2021-01-18,Mariposa,043,17540,337,320,2,322,3
2021-01-18,Mendocino,045,87422,3101,2919,56,2975,31
2021-01-18,Merced,047,269075,24562,23927,636,24563,242
2021-01-18,Modoc,049,8938,295,281,88,369,0
2021-01-18,Mono,051,14174,1100,1101,14,1115,3
2021-01-18,Monterey,053,433212,37066,35549,1207,36756,247
2021-01-18,Napa,055,140530,7932,7601,31,7632,38
2021-01-18,Nevada,057,99092,3404,3199,134,3333,17
2021-01-18,Orange,059,3164182,221349,213866,8882,222748,2405
2021-01-18,Placer,061,380077,18504,17263,865,18128,182
2021-01-18,Plumas,063,18699,591,506,10,516,2
2021-01-18,Riverside,065,2383286,256334,244151,11996,256147,2568
2021-01-18,Sacramento,067,1510023,83126,80546,943,81489,1046
2021-01-18,San Benito,069,59416,5106,4963,55,5018,35
2021-01-18,San Bernardino,071,2135413,264087,252808,7582,260390,1775
2021-01-18,San Diego,073,3302833,229355,214335,10592,224927,2103
2021-01-18,San Francisco,075,870044,30059,29321,626,29947,259
2021-01-18,San Joaquin,077,732212,59323,57405,2294,59699,782
2021-01-18,San Luis Obispo,079,281455,16740,15742,419,16161,158
2021-01-18,San Mateo,081,765935,34478,32515,257,32772,208
2021-01-18,Santa Barbara,083,443738,26618,24638,768,25406,235
2021-01-18,Santa Clara,085,1922200,96620,93688,430,94118,992
2021-01-18,Santa Cruz,087,273765,13504,12298,608,12906,106
2021-01-18,Shasta,089,179085,9945,9600,993,10593,92
2021-01-18,Sierra,091,2930,46,40,10,50,0
2021-01-18,Siskiyou,093,43540,1251,1144,177,1321,4
2021-01-18,Solano,095,438530,26196,25344,284,25628,105
2021-01-18,Sonoma,097,501317,24638,24068,120,24188,223
2021-01-18,Stanislaus,099,539301,44303,42413,4378,46791,562
2021-01-18,Sutter,101,95872,7866,7680,66,7746,78
2021-01-18,Tehama,103,63373,4020,3854,431,4285,19
2021-01-18,Trinity,105,12862,437,260,64,324,3
2021-01-18,Tulare,107,460477,43330,41196,5825,47021,549
2021-01-18,Tuolumne,109,53932,3320,3318,30,3348,28
2021-01-18,Ventura,111,848112,65060,61859,2266,64125,379
2021-01-18,Yolo,113,214977,11366,10620,126,10746,134
2021-01-18,Yuba,115,75493,4884,4671,62,4733,29
2021-01-17,Alameda,001,1643700,69729,67375,1429,68804,676
2021-01-17,Alpine,003,1148,73,71,0,71,0
2021-01-17,Amador,005,37829,3049,3001,24,3025,28
2021-01-17,Butte,007,227075,10024,9411,1335,10746,129
2021-01-17,Calaveras,009,45235,1619,1608,7,1615,21
2021-01-17,Colusa,011,21464,1648,1588,174,1762,7
2021-01-17,Contra Costa,013,1133247,54124,51932,869,52801,447
2021-01-17,Del Norte,015,27424,877,838,3,841,2
2021-01-17,El Dorado,017,186661,8132,7659,528,8187,47
2021-01-17,Fresno,019,978130,86518,82039,6388,88427,857
2021-01-17,Glenn,021,27897,2013,1924,397,2321,9
2021-01-17,Humboldt,023,135768,2491,2322,11,2333,22
2021-01-17,Imperial,025,180216,25828,25253,2134,27387,451
2021-01-17,Inyo,027,18085,990,864,8,872,26
2021-01-17,Kern,029,883053,83167,79489,7394,86883,738
2021-01-17,Kings,031,150075,19929,19201,756,19957,131
2021-01-17,Lake,033,64148,2708,2572,0,2572,30
2021-01-17,Lassen,035,31185,4816,4740,75,4815,1
2021-01-17,Los Angeles,037,10098052,1049091,993028,33040,1026068,13741
2021-01-17,Madera,039,155013,13937,13328,655,13983,85
2021-01-17,Marin,041,260295,11821,11552,114,11666,164
2021-01-17,Mariposa,043,17540,337,319,2,321,3
2021-01-17,Mendocino,045,87422,3073,2912,55,2967,31
2021-01-17,Merced,047,269075,24350,23800,618,24418,242
2021-01-17,Modoc,049,8938,294,279,88,367,0
2021-01-17,Mono,051,14174,1093,1091,13,1104,3
2021-01-17,Monterey,053,433212,36822,35340,1181,36521,244
2021-01-17,Napa,055,140530,7876,7521,31,7552,38
2021-01-17,Nevada,057,99092,3379,3176,132,3308,17
2021-01-17,Orange,059,3164182,219349,212389,8807,221196,2359
2021-01-17,Placer,061,380077,18398,17194,850,18044,181
2021-01-17,Plumas,063,18699,589,505,9,514,2
2021-01-17,Riverside,065,2383286,254225,242206,11879,254085,2534
2021-01-17,Sacramento,067,1510023,82524,80154,931,81085,1045
2021-01-17,San Benito,069,59416,5068,4941,55,4996,35
2021-01-17,San Bernardino,071,2135413,261967,251487,7497,258984,1775
2021-01-17,San Diego,073,3302833,227161,211785,10485,222270,2103
2021-01-17,San Francisco,075,870044,29872,29139,588,29727,255
2021-01-17,San Joaquin,077,732212,58965,57094,2280,59374,780
2021-01-17,San Luis Obispo,079,281455,16618,15658,410,16068,157
2021-01-17,San Mateo,081,765935,34226,32186,234,32420,208
2021-01-17,Santa Barbara,083,443738,26158,24401,756,25157,235
2021-01-17,Santa Clara,085,1922200,95870,92752,427,93179,976
2021-01-17,Santa Cruz,087,273765,13392,12196,605,12801,106
2021-01-17,Shasta,089,179085,9887,9588,985,10573,92
2021-01-17,Sierra,091,2930,46,38,9,47,0
2021-01-17,Siskiyou,093,43540,1244,1136,174,1310,4
2021-01-17,Solano,095,438530,25967,25216,282,25498,105
2021-01-17,Sonoma,097,501317,24464,23871,120,23991,223
2021-01-17,Stanislaus,099,539301,43984,42221,4315,46536,562
2021-01-17,Sutter,101,95872,7803,7604,65,7669,77
2021-01-17,Tehama,103,63373,3989,3837,427,4264,18
2021-01-17,Trinity,105,12862,437,261,64,325,3
2021-01-17,Tulare,107,460477,43039,41016,5709,46725,549
2021-01-17,Tuolumne,109,53932,3303,3287,30,3317,27
2021-01-17,Ventura,111,848112,64212,61257,2218,63475,376
2021-01-17,Yolo,113,214977,11266,10519,124,10643,134
2021-01-17,Yuba,115,75493,4834,4640,59,4699,28
2021-01-16,Alameda,001,1643700,69407,66583,1416,67999,673
2021-01-16,Alpine,003,1148,73,71,0,71,0
2021-01-16,Amador,005,37829,3046,2986,24,3010,28
2021-01-16,Butte,007,227075,9992,9359,1315,10674,129
2021-01-16,Calaveras,009,45235,1606,1596,7,1603,21
2021-01-16,Colusa,011,21464,1636,1578,174,1752,7
2021-01-16,Contra Costa,013,1133247,53859,51363,862,52225,443
2021-01-16,Del Norte,015,27424,872,833,3,836,2
2021-01-16,El Dorado,017,186661,8110,7575,527,8102,47
2021-01-16,Fresno,019,978130,86244,81294,6334,87628,846
2021-01-16,Glenn,021,27897,2009,1894,394,2288,9
2021-01-16,Humboldt,023,135768,2471,2294,9,2303,22
2021-01-16,Imperial,025,180216,25793,25140,2127,27267,451
2021-01-16,Inyo,027,18085,986,845,8,853,25
2021-01-16,Kern,029,883053,82801,78865,7340,86205,733
2021-01-16,Kings,031,150075,19873,19072,753,19825,131
2021-01-16,Lake,033,64148,2697,2504,0,2504,30
2021-01-16,Lassen,035,31185,4804,4719,75,4794,1
2021-01-16,Los Angeles,037,10098052,1045007,982684,32802,1015486,13654
2021-01-16,Madera,039,155013,13870,13193,650,13843,85
2021-01-16,Marin,041,260295,11778,11482,114,11596,164
2021-01-16,Mariposa,043,17540,336,317,2,319,3
2021-01-16,Mendocino,045,87422,3059,2890,52,2942,31
2021-01-16,Merced,047,269075,24262,23478,604,24082,242
2021-01-16,Modoc,049,8938,294,278,88,366,0
2021-01-16,Mono,051,14174,1091,1079,13,1092,3
2021-01-16,Monterey,053,433212,36711,34972,1164,36136,243
2021-01-16,Napa,055,140530,7837,7356,31,7387,39
2021-01-16,Nevada,057,99092,3346,3144,132,3276,17
2021-01-16,Orange,059,3164182,218314,210111,8751,218862,2312
2021-01-16,Placer,061,380077,18334,16995,848,17843,177
2021-01-16,Plumas,063,18699,587,502,9,511,2
2021-01-16,Riverside,065,2383286,252868,239412,11763,251175,2506
2021-01-16,Sacramento,067,1510023,82150,79122,914,80036,1033
2021-01-16,San Benito,069,59416,5035,4875,55,4930,35
2021-01-16,San Bernardino,071,2135413,261171,249401,7430,256831,1755
2021-01-16,San Diego,073,3302833,225863,209895,10388,220283,2065
2021-01-16,San Francisco,075,870044,29744,28853,557,29410,244
2021-01-16,San Joaquin,077,732212,58717,56642,2248,58890,776
2021-01-16,San Luis Obispo,079,281455,16517,15466,408,15874,152
2021-01-16,San Mateo,081,765935,34062,31805,228,32033,208
2021-01-16,Santa Barbara,083,443738,25958,24088,752,24840,229
2021-01-16,Santa Clara,085,1922200,95401,91584,420,92004,954
2021-01-16,Santa Cruz,087,273765,13333,12026,603,12629,106
2021-01-16,Shasta,089,179085,9854,9547,981,10528,92
2021-01-16,Sierra,091,2930,45,38,9,47,0
2021-01-16,Siskiyou,093,43540,1239,1124,174,1298,4
2021-01-16,Solano,095,438530,25859,24732,278,25010,103
2021-01-16,Sonoma,097,501317,24373,23607,119,23726,223
2021-01-16,Stanislaus,099,539301,43796,41809,4264,46073,562
2021-01-16,Sutter,101,95872,7771,7560,65,7625,76
2021-01-16,Tehama,103,63373,3975,3783,427,4210,18
2021-01-16,Trinity,105,12862,437,261,64,325,3
2021-01-16,Tulare,107,460477,42860,40655,5636,46291,542
2021-01-16,Tuolumne,109,53932,3295,3269,30,3299,27
2021-01-16,Ventura,111,848112,63660,60368,2188,62556,369
2021-01-16,Yolo,113,214977,11217,10406,123,10529,134
2021-01-16,Yuba,115,75493,4803,4602,59,4661,27
2021-01-15,Alameda,001,1643700,68980,65416,1405,66821,672
2021-01-15,Alpine,003,1148,73,71,0,71,0
2021-01-15,Amador,005,37829,3039,2953,24,2977,28
2021-01-15,Butte,007,227075,9950,9233,1300,10533,129
2021-01-15,Calaveras,009,45235,1599,1538,7,1545,21
2021-01-15,Colusa,011,21464,1625,1541,169,1710,7
2021-01-15,Contra Costa,013,1133247,53529,50408,855,51263,428
2021-01-15,Del Norte,015,27424,868,828,2,830,2
2021-01-15,El Dorado,017,186661,8061,7439,518,7957,47
2021-01-15,Fresno,019,978130,85707,79950,6298,86248,832
2021-01-15,Glenn,021,27897,2005,1824,391,2215,9
2021-01-15,Humboldt,023,135768,2444,2218,8,2226,22
2021-01-15,Imperial,025,180216,25759,24944,2121,27065,446
2021-01-15,Inyo,027,18085,968,814,8,822,25
2021-01-15,Kern,029,883053,82385,77873,7275,85148,719
2021-01-15,Kings,031,150075,19764,18661,747,19408,131
2021-01-15,Lake,033,64148,2671,2434,0,2434,28
2021-01-15,Lassen,035,31185,4793,4693,73,4766,1
2021-01-15,Los Angeles,037,10098052,1037958,968979,32518,1001497,13404
2021-01-15,Madera,039,155013,13785,12883,647,13530,85
2021-01-15,Marin,041,260295,11727,11310,114,11424,160
2021-01-15,Mariposa,043,17540,334,307,2,309,3
2021-01-15,Mendocino,045,87422,3048,2835,52,2887,31
2021-01-15,Merced,047,269075,24149,23060,600,23660,239
2021-01-15,Modoc,049,8938,294,278,86,364,0
2021-01-15,Mono,051,14174,1088,1057,13,1070,3
2021-01-15,Monterey,053,433212,36494,34460,1107,35567,243
2021-01-15,Napa,055,140530,7775,7231,31,7262,38
2021-01-15,Nevada,057,99092,3333,3099,129,3228,17
2021-01-15,Orange,059,3164182,216963,207129,8699,215828,2254
2021-01-15,Placer,061,380077,18230,16712,839,17551,173
2021-01-15,Plumas,063,18699,584,499,9,508,2
2021-01-15,Riverside,065,2383286,251003,235235,11683,246918,2458
2021-01-15,Sacramento,067,1510023,81728,80279,906,81185,1023
2021-01-15,San Benito,069,59416,4996,4766,53,4819,35
2021-01-15,San Bernardino,071,2135413,260002,246182,7369,253551,1726
2021-01-15,San Diego,073,3302833,224114,206868,10323,217191,2037
2021-01-15,San Francisco,075,870044,29570,28574,537,29111,242
2021-01-15,San Joaquin,077,732212,58484,55885,2234,58119,748
2021-01-15,San Luis Obispo,079,281455,16384,15129,403,15532,148
2021-01-15,San Mateo,081,765935,33817,31291,224,31515,208
2021-01-15,Santa Barbara,083,443738,25675,23487,748,24235,226
2021-01-15,Santa Clara,085,1922200,94750,90103,415,90518,942
2021-01-15,Santa Cruz,087,273765,13224,11776,589,12365,105
2021-01-15,Shasta,089,179085,9815,9459,974,10433,91
2021-01-15,Sierra,091,2930,44,36,7,43,0
2021-01-15,Siskiyou,093,43540,1235,1119,174,1293,4
2021-01-15,Solano,095,438530,25709,24222,276,24498,103
2021-01-15,Sonoma,097,501317,24242,23204,118,23322,222
2021-01-15,Stanislaus,099,539301,43546,41178,4222,45400,562
2021-01-15,Sutter,101,95872,7724,7484,64,7548,75
2021-01-15,Tehama,103,63373,3953,3714,426,4140,17
2021-01-15,Trinity,105,12862,437,262,64,326,3
2021-01-15,Tulare,107,460477,42617,39951,5553,45504,535
2021-01-15,Tuolumne,109,53932,3279,3231,30,3261,27
2021-01-15,Ventura,111,848112,62916,59061,2155,61216,353
2021-01-15,Yolo,113,214977,11161,10240,122,10362,134
2021-01-15,Yuba,115,75493,4783,4549,59,4608,27
2021-01-14,Alameda,001,1643700,68352,64364,1389,65753,686
2021-01-14,Alpine,003,1148,73,71,0,71,0
2021-01-14,Amador,005,37829,3033,2940,24,2964,28
2021-01-14,Butte,007,227075,9862,9127,1278,10405,129
2021-01-14,Calaveras,009,45235,1582,1513,7,1520,21
2021-01-14,Colusa,011,21464,1610,1535,162,1697,7
2021-01-14,Contra Costa,013,1133247,52974,49545,842,50387,415
2021-01-14,Del Norte,015,27424,862,821,2,823,2
2021-01-14,El Dorado,017,186661,7987,7321,510,7831,45
2021-01-14,Fresno,019,978130,85074,79033,6218,85251,814
2021-01-14,Glenn,021,27897,1993,1798,386,2184,9
2021-01-14,Humboldt,023,135768,2401,2169,8,2177,22
2021-01-14,Imperial,025,180216,25650,24882,2087,26969,447
2021-01-14,Inyo,027,18085,961,790,8,798,25
2021-01-14,Kern,029,883053,81714,77070,7173,84243,705
2021-01-14,Kings,031,150075,19634,18405,743,19148,108
2021-01-14,Lake,033,64148,2628,2378,0,2378,27
2021-01-14,Lassen,035,31185,4783,4673,71,4744,1
2021-01-14,Los Angeles,037,10098052,1027936,954652,32146,986798,13147
2021-01-14,Madera,039,155013,13671,12742,636,13378,85
2021-01-14,Marin,041,260295,11653,11155,113,11268,159
2021-01-14,Mariposa,043,17540,331,302,2,304,3
2021-01-14,Mendocino,045,87422,3034,2801,50,2851,31
2021-01-14,Merced,047,269075,23922,22780,590,23370,239
2021-01-14,Modoc,049,8938,294,273,86,359,0
2021-01-14,Mono,051,14174,1080,1020,13,1033,3
2021-01-14,Monterey,053,433212,36073,34105,1085,35190,242
2021-01-14,Napa,055,140530,7690,7117,31,7148,38
2021-01-14,Nevada,057,99092,3306,3075,127,3202,17
2021-01-14,Orange,059,3164182,215034,204442,8614,213056,2162
2021-01-14,Placer,061,380077,18068,16488,832,17320,169
2021-01-14,Plumas,063,18699,576,496,9,505,2
2021-01-14,Riverside,065,2383286,248358,231684,11582,243266,2357
2021-01-14,Sacramento,067,1510023,81090,79137,883,80020,1007
2021-01-14,San Benito,069,59416,4960,4678,52,4730,35
2021-01-14,San Bernardino,071,2135413,258029,243379,7298,250677,1750
2021-01-14,San Diego,073,3302833,221720,204173,10203,214376,2005
2021-01-14,San Francisco,075,870044,29325,28200,489,28689,238
2021-01-14,San Joaquin,077,732212,57966,55058,2221,57279,739
2021-01-14,San Luis Obispo,079,281455,16222,14851,394,15245,146
2021-01-14,San Mateo,081,765935,33448,30694,215,30909,208
2021-01-14,Santa Barbara,083,443738,25254,23126,730,23856,219
2021-01-14,Santa Clara,085,1922200,93821,88505,408,88913,910
2021-01-14,Santa Cruz,087,273765,13077,11583,574,12157,109
2021-01-14,Shasta,089,179085,9766,9334,958,10292,90
2021-01-14,Sierra,091,2930,44,35,6,41,0
2021-01-14,Siskiyou,093,43540,1223,1108,171,1279,3
2021-01-14,Solano,095,438530,25450,23782,272,24054,103
2021-01-14,Sonoma,097,501317,24002,22910,118,23028,202
2021-01-14,Stanislaus,099,539301,43219,40597,4181,44778,574
2021-01-14,Sutter,101,95872,7665,7416,61,7477,74
2021-01-14,Tehama,103,63373,3925,3664,422,4086,17
2021-01-14,Trinity,105,12862,437,261,63,324,3
2021-01-14,Tulare,107,460477,42233,39565,5443,45008,533
2021-01-14,Tuolumne,109,53932,3258,3215,30,3245,28
2021-01-14,Ventura,111,848112,62044,57941,2118,60059,347
2021-01-14,Yolo,113,214977,11053,10097,116,10213,135
2021-01-14,Yuba,115,75493,4750,4496,59,4555,27
2021-01-13,Alameda,001,1643700,67598,63568,1373,64941,690
2021-01-13,Alpine,003,1148,73,71,0,71,0
2021-01-13,Amador,005,37829,3019,2914,24,2938,26
2021-01-13,Butte,007,227075,9780,9013,1263,10276,126
2021-01-13,Calaveras,009,45235,1560,1493,7,1500,21
2021-01-13,Colusa,011,21464,1598,1524,154,1678,7
2021-01-13,Contra Costa,013,1133247,52395,48877,830,49707,403
2021-01-13,Del Norte,015,27424,858,820,2,822,2
2021-01-13,El Dorado,017,186661,7894,7247,502,7749,43
2021-01-13,Fresno,019,978130,84355,78278,6176,84454,804
2021-01-13,Glenn,021,27897,1977,1792,377,2169,9
2021-01-13,Humboldt,023,135768,2368,2114,8,2122,22
2021-01-13,Imperial,025,180216,25526,24717,2054,26771,463
2021-01-13,Inyo,027,18085,949,785,8,793,25
2021-01-13,Kern,029,883053,81054,76049,7083,83132,704
2021-01-13,Kings,031,150075,19467,18121,721,18842,108
2021-01-13,Lake,033,64148,2585,2305,0,2305,27
2021-01-13,Lassen,035,31185,4776,4663,70,4733,1
2021-01-13,Los Angeles,037,10098052,1017146,937985,31741,969726,12873
2021-01-13,Madera,039,155013,13545,12570,631,13201,85
2021-01-13,Marin,041,260295,11597,11039,113,11152,161
2021-01-13,Mariposa,043,17540,329,304,2,306,3
2021-01-13,Mendocino,045,87422,3014,2790,50,2840,31
2021-01-13,Merced,047,269075,23683,22497,576,23073,241
2021-01-13,Modoc,049,8938,293,274,83,357,0
2021-01-13,Mono,051,14174,1076,1017,13,1030,3
2021-01-13,Monterey,053,433212,35649,33748,1061,34809,241
2021-01-13,Napa,055,140530,7576,7028,31,7059,36
2021-01-13,Nevada,057,99092,3282,3037,124,3161,17
2021-01-13,Orange,059,3164182,212945,201158,8545,209703,2172
2021-01-13,Placer,061,380077,17942,16272,818,17090,172
2021-01-13,Plumas,063,18699,574,490,9,499,2
2021-01-13,Riverside,065,2383286,245213,228192,11469,239661,2278
2021-01-13,Sacramento,067,1510023,80429,78268,876,79144,996
2021-01-13,San Benito,069,59416,4904,4583,51,4634,35
2021-01-13,San Bernardino,071,2135413,255651,240191,7226,247417,1759
2021-01-13,San Diego,073,3302833,219106,201578,10100,211678,1952
2021-01-13,San Francisco,075,870044,29086,27863,468,28331,238
2021-01-13,San Joaquin,077,732212,57344,54373,2192,56565,738
2021-01-13,San Luis Obispo,079,281455,16067,14625,383,15008,140
2021-01-13,San Mateo,081,765935,33109,30195,213,30408,207
2021-01-13,Santa Barbara,083,443738,24812,22714,714,23428,216
2021-01-13,Santa Clara,085,1922200,92844,87187,405,87592,911
2021-01-13,Santa Cruz,087,273765,12904,11423,560,11983,110
2021-01-13,Shasta,089,179085,9702,9180,944,10124,93
2021-01-13,Sierra,091,2930,44,33,6,39,0
2021-01-13,Siskiyou,093,43540,1217,1102,167,1269,3
2021-01-13,Solano,095,438530,25166,23503,269,23772,105
2021-01-13,Sonoma,097,501317,23752,22610,117,22727,206
2021-01-13,Stanislaus,099,539301,42827,40167,4128,44295,574
2021-01-13,Sutter,101,95872,7619,7350,60,7410,73
2021-01-13,Tehama,103,63373,3875,3589,417,4006,17
2021-01-13,Trinity,105,12862,437,260,63,323,3
2021-01-13,Tulare,107,460477,41827,39129,5342,44471,522
2021-01-13,Tuolumne,109,53932,3244,3196,30,3226,28
2021-01-13,Ventura,111,848112,61032,56453,2078,58531,338
2021-01-13,Yolo,113,214977,10953,9933,112,10045,135
2021-01-13,Yuba,115,75493,4707,4448,56,4504,27
2021-01-12,Alameda,001,1643700,66766,62642,1355,63997,677
2021-01-12,Alpine,003,1148,73,71,0,71,0
2021-01-12,Amador,005,37829,3002,2897,24,2921,26
2021-01-12,Butte,007,227075,9692,8883,1247,10130,124
2021-01-12,Calaveras,009,45235,1524,1475,7,1482,21
2021-01-12,Colusa,011,21464,1586,1510,150,1660,7
2021-01-12,Contra Costa,013,1133247,51754,48242,816,49058,399
2021-01-12,Del Norte,015,27424,853,816,2,818,2
2021-01-12,El Dorado,017,186661,7810,7156,491,7647,41
2021-01-12,Fresno,019,978130,83483,77651,6107,83758,796
2021-01-12,Glenn,021,27897,1952,1781,373,2154,9
2021-01-12,Humboldt,023,135768,2314,2077,7,2084,22
2021-01-12,Imperial,025,180216,25436,24566,2014,26580,457
2021-01-12,Inyo,027,18085,931,773,8,781,25
2021-01-12,Kern,029,883053,80349,75320,6987,82307,689
2021-01-12,Kings,031,150075,19255,18072,711,18783,108
2021-01-12,Lake,033,64148,2537,2260,0,2260,27
2021-01-12,Lassen,035,31185,4754,4659,68,4727,1
2021-01-12,Los Angeles,037,10098052,1005483,926295,31338,957633,12610
2021-01-12,Madera,039,155013,13405,12485,622,13107,85
2021-01-12,Marin,041,260295,11488,10960,113,11073,157
2021-01-12,Mariposa,043,17540,326,302,2,304,3
2021-01-12,Mendocino,045,87422,2994,2762,46,2808,31
2021-01-12,Merced,047,269075,23432,22172,554,22726,239
2021-01-12,Modoc,049,8938,291,274,83,357,0
2021-01-12,Mono,051,14174,1066,1008,13,1021,3
2021-01-12,Monterey,053,433212,35158,33381,1044,34425,240
2021-01-12,Napa,055,140530,7493,6936,31,6967,36
2021-01-12,Nevada,057,99092,3254,3014,122,3136,17
2021-01-12,Orange,059,3164182,210654,198260,8458,206718,2142
2021-01-12,Placer,061,380077,17772,16087,812,16899,163
2021-01-12,Plumas,063,18699,568,483,9,492,2
2021-01-12,Riverside,065,2383286,242081,225580,11330,236910,2266
2021-01-12,Sacramento,067,1510023,79701,77201,868,78069,985
2021-01-12,San Benito,069,59416,4835,4515,51,4566,35
2021-01-12,San Bernardino,071,2135413,253083,237008,7157,244165,1739
2021-01-12,San Diego,073,3302833,216192,198317,9983,208300,1898
2021-01-12,San Francisco,075,870044,28811,27531,435,27966,238
2021-01-12,San Joaquin,077,732212,56703,53630,2164,55794,725
2021-01-12,San Luis Obispo,079,281455,15822,14367,375,14742,132
2021-01-12,San Mateo,081,765935,32718,29747,201,29948,206
2021-01-12,Santa Barbara,083,443738,24390,22182,694,22876,209
2021-01-12,Santa Clara,085,1922200,91767,86075,397,86472,904
2021-01-12,Santa Cruz,087,273765,12689,11267,545,11812,110
2021-01-12,Shasta,089,179085,9629,9086,931,10017,84
2021-01-12,Sierra,091,2930,43,33,6,39,0
2021-01-12,Siskiyou,093,43540,1207,1091,160,1251,3
2021-01-12,Solano,095,438530,24863,23160,265,23425,102
2021-01-12,Sonoma,097,501317,23447,22403,117,22520,205
2021-01-12,Stanislaus,099,539301,42389,39615,4092,43707,571
2021-01-12,Sutter,101,95872,7556,7276,59,7335,73
2021-01-12,Tehama,103,63373,3837,3567,412,3979,17
2021-01-12,Trinity,105,12862,437,258,63,321,3
2021-01-12,Tulare,107,460477,41370,38797,5226,44023,509
2021-01-12,Tuolumne,109,53932,3211,3178,30,3208,28
2021-01-12,Ventura,111,848112,60060,55342,2045,57387,324
2021-01-12,Yolo,113,214977,10817,9857,102,9959,133
2021-01-12,Yuba,115,75493,4665,4389,56,4445,27
2021-01-11,Alameda,001,1643700,65904,61949,1337,63286,652
2021-01-11,Alpine,003,1148,73,70,0,70,0
2021-01-11,Amador,005,37829,2988,2867,24,2891,24
2021-01-11,Butte,007,227075,9579,8757,1229,9986,119
2021-01-11,Calaveras,009,45235,1505,1460,7,1467,21
2021-01-11,Colusa,011,21464,1569,1494,145,1639,7
2021-01-11,Contra Costa,013,1133247,51077,47728,806,48534,398
2021-01-11,Del Norte,015,27424,849,810,2,812,2
2021-01-11,El Dorado,017,186661,7716,6987,483,7470,36
2021-01-11,Fresno,019,978130,82604,76581,6030,82611,775
2021-01-11,Glenn,021,27897,1925,1763,367,2130,9
2021-01-11,Humboldt,023,135768,2275,2069,7,2076,22
2021-01-11,Imperial,025,180216,25321,24418,1978,26396,453
2021-01-11,Inyo,027,18085,913,763,8,771,25
2021-01-11,Kern,029,883053,79488,74489,6888,81377,682
2021-01-11,Kings,031,150075,18993,17909,703,18612,108
2021-01-11,Lake,033,64148,2485,2205,0,2205,26
2021-01-11,Lassen,035,31185,4731,4647,68,4715,1
2021-01-11,Los Angeles,037,10098052,992256,914434,30874,945308,12304
2021-01-11,Madera,039,155013,13271,12366,611,12977,85
2021-01-11,Marin,041,260295,11391,10814,110,10924,156
2021-01-11,Mariposa,043,17540,319,296,2,298,3
2021-01-11,Mendocino,045,87422,2966,2728,46,2774,31
2021-01-11,Merced,047,269075,23109,21884,540,22424,238
2021-01-11,Modoc,049,8938,290,271,82,353,0
2021-01-11,Mono,051,14174,1060,1006,13,1019,3
2021-01-11,Monterey,053,433212,34619,32858,981,33839,239
2021-01-11,Napa,055,140530,7391,6822,31,6853,36
2021-01-11,Nevada,057,99092,3226,2980,122,3102,17
2021-01-11,Orange,059,3164182,208068,196340,8358,204698,2113
2021-01-11,Placer,061,380077,17592,15919,802,16721,163
2021-01-11,Plumas,063,18699,564,477,9,486,2
2021-01-11,Riverside,065,2383286,238569,222907,11185,234092,2222
2021-01-11,Sacramento,067,1510023,78769,76009,852,76861,974
2021-01-11,San Benito,069,59416,4762,4482,44,4526,34
2021-01-11,San Bernardino,071,2135413,250286,235543,7057,242600,1739
2021-01-11,San Diego,073,3302833,212923,194793,9823,204616,1857
2021-01-11,San Francisco,075,870044,28535,27264,415,27679,238
2021-01-11,San Joaquin,077,732212,56090,53002,2135,55137,725
2021-01-11,San Luis Obispo,079,281455,15451,14213,367,14580,126
2021-01-11,San Mateo,081,765935,32274,29355,189,29544,206
2021-01-11,Santa Barbara,083,443738,23940,21740,682,22422,200
2021-01-11,Santa Clara,085,1922200,90558,84851,388,85239,877
2021-01-11,Santa Cruz,087,273765,12509,11093,521,11614,106
2021-01-11,Shasta,089,179085,9531,8977,918,9895,81
2021-01-11,Sierra,091,2930,41,33,6,39,0
2021-01-11,Siskiyou,093,43540,1198,1087,158,1245,3
2021-01-11,Solano,095,438530,24543,22893,259,23152,101
2021-01-11,Sonoma,097,501317,23201,22191,117,22308,205
2021-01-11,Stanislaus,099,539301,41897,39149,4042,43191,571
2021-01-11,Sutter,101,95872,7497,7204,58,7262,71
2021-01-11,Tehama,103,63373,3774,3524,390,3914,17
2021-01-11,Trinity,105,12862,437,256,63,319,2
2021-01-11,Tulare,107,460477,40955,38380,5146,43526,497
2021-01-11,Tuolumne,109,53932,3200,3165,30,3195,27
2021-01-11,Ventura,111,848112,58924,54202,2022,56224,320
2021-01-11,Yolo,113,214977,10609,9699,100,9799,129
2021-01-11,Yuba,115,75493,4627,4349,49,4398,27
2021-01-10,Alameda,001,1643700,64913,61111,1309,62420,650
2021-01-10,Alpine,003,1148,73,70,0,70,0
2021-01-10,Amador,005,37829,2964,2861,24,2885,24
2021-01-10,Butte,007,227075,9458,8665,1203,9868,119
2021-01-10,Calaveras,009,45235,1481,1449,7,1456,21
2021-01-10,Colusa,011,21464,1546,1478,143,1621,7
2021-01-10,Contra Costa,013,1133247,50295,47109,789,47898,398
2021-01-10,Del Norte,015,27424,846,809,2,811,2
2021-01-10,El Dorado,017,186661,7629,6904,466,7370,36
2021-01-10,Fresno,019,978130,81793,75621,5908,81529,775
2021-01-10,Glenn,021,27897,1906,1746,359,2105,9
2021-01-10,Humboldt,023,135768,2214,2049,7,2056,22
2021-01-10,Imperial,025,180216,25161,24233,1927,26160,453
2021-01-10,Inyo,027,18085,885,748,8,756,25
2021-01-10,Kern,029,883053,78656,73712,6758,80470,679
2021-01-10,Kings,031,150075,18774,17812,696,18508,108
2021-01-10,Lake,033,64148,2431,2174,0,2174,26
2021-01-10,Lassen,035,31185,4709,4642,68,4710,1
2021-01-10,Los Angeles,037,10098052,977646,901783,30252,932035,12170
2021-01-10,Madera,039,155013,13082,12179,596,12775,85
2021-01-10,Marin,041,260295,11270,10737,109,10846,155
2021-01-10,Mariposa,043,17540,319,291,2,293,3
2021-01-10,Mendocino,045,87422,2935,2706,42,2748,31
2021-01-10,Merced,047,269075,22837,21691,528,22219,238
2021-01-10,Modoc,049,8938,290,271,80,351,0
2021-01-10,Mono,051,14174,1042,965,13,978,3
2021-01-10,Monterey,053,433212,34179,32571,948,33519,237
2021-01-10,Napa,055,140530,7287,6687,29,6716,36
2021-01-10,Nevada,057,99092,3207,2959,118,3077,17
2021-01-10,Orange,059,3164182,205298,193766,8235,202001,2104
2021-01-10,Placer,061,380077,17403,15779,782,16561,163
2021-01-10,Plumas,063,18699,554,477,9,486,2
2021-01-10,Riverside,065,2383286,235201,219486,10995,230481,2216
2021-01-10,Sacramento,067,1510023,77808,75394,824,76218,965
2021-01-10,San Benito,069,59416,4660,4434,43,4477,34
2021-01-10,San Bernardino,071,2135413,246772,232171,6954,239125,1736
2021-01-10,San Diego,073,3302833,209256,191886,9656,201542,1857
2021-01-10,San Francisco,075,870044,28150,27054,384,27438,238
2021-01-10,San Joaquin,077,732212,55231,52535,2102,54637,725
2021-01-10,San Luis Obispo,079,281455,15122,13968,355,14323,122
2021-01-10,San Mateo,081,765935,31784,28972,175,29147,206
2021-01-10,Santa Barbara,083,443738,23381,21290,667,21957,200
2021-01-10,Santa Clara,085,1922200,89381,83779,379,84158,858
2021-01-10,Santa Cruz,087,273765,12296,10951,503,11454,106
2021-01-10,Shasta,089,179085,9419,8936,903,9839,81
2021-01-10,Sierra,091,2930,40,32,6,38,0
2021-01-10,Siskiyou,093,43540,1192,1075,155,1230,3
2021-01-10,Solano,095,438530,24140,22621,256,22877,101
2021-01-10,Sonoma,097,501317,22925,21925,116,22041,204
2021-01-10,Stanislaus,099,539301,41324,38809,3964,42773,571
2021-01-10,Sutter,101,95872,7436,7133,55,7188,71
2021-01-10,Tehama,103,63373,3701,3504,377,3881,17
2021-01-10,Trinity,105,12862,437,253,61,314,2
2021-01-10,Tulare,107,460477,40537,38012,5025,43037,497
2021-01-10,Tuolumne,109,53932,3166,3143,29,3172,27
2021-01-10,Ventura,111,848112,57655,53095,1979,55074,319
2021-01-10,Yolo,113,214977,10456,9610,99,9709,129
2021-01-10,Yuba,115,75493,4574,4300,46,4346,27
2021-01-09,Alameda,001,1643700,64366,60125,1293,61418,649
2021-01-09,Alpine,003,1148,73,70,0,70,0
2021-01-09,Amador,005,37829,2957,2809,24,2833,24
2021-01-09,Butte,007,227075,9379,8552,1179,9731,118
2021-01-09,Calaveras,009,45235,1471,1425,7,1432,21
2021-01-09,Colusa,011,21464,1539,1468,142,1610,7
2021-01-09,Contra Costa,013,1133247,49943,46406,774,47180,393
2021-01-09,Del Norte,015,27424,844,802,2,804,2
2021-01-09,El Dorado,017,186661,7597,6800,463,7263,36
2021-01-09,Fresno,019,978130,81384,74816,5868,80684,773
2021-01-09,Glenn,021,27897,1891,1707,356,2063,9
2021-01-09,Humboldt,023,135768,2196,2026,7,2033,22
2021-01-09,Imperial,025,180216,25093,24028,1913,25941,448
2021-01-09,Inyo,027,18085,875,734,8,742,25
2021-01-09,Kern,029,883053,78187,73015,6681,79696,677
2021-01-09,Kings,031,150075,18679,17679,692,18371,108
2021-01-09,Lake,033,64148,2396,2144,0,2144,26
2021-01-09,Lassen,035,31185,4697,4613,68,4681,1
2021-01-09,Los Angeles,037,10098052,972068,887949,29817,917766,12011
2021-01-09,Madera,039,155013,12991,12063,591,12654,85
2021-01-09,Marin,041,260295,11209,10634,108,10742,154
2021-01-09,Mariposa,043,17540,316,287,2,289,3
2021-01-09,Mendocino,045,87422,2917,2664,42,2706,31
2021-01-09,Merced,047,269075,22695,21357,519,21876,237
2021-01-09,Modoc,049,8938,290,271,79,350,0
2021-01-09,Mono,051,14174,1037,964,13,977,3
2021-01-09,Monterey,053,433212,34028,31948,938,32886,235
2021-01-09,Napa,055,140530,7217,6594,26,6620,36
2021-01-09,Nevada,057,99092,3185,2932,115,3047,17
2021-01-09,Orange,059,3164182,203788,191004,8142,199146,2034
2021-01-09,Placer,061,380077,17296,15609,780,16389,162
2021-01-09,Plumas,063,18699,552,477,9,486,2
2021-01-09,Riverside,065,2383286,233446,216076,10859,226935,2201
2021-01-09,Sacramento,067,1510023,77275,74482,819,75301,953
2021-01-09,San Benito,069,59416,4609,4335,43,4378,34
2021-01-09,San Bernardino,071,2135413,245573,228857,6886,235743,1714
2021-01-09,San Diego,073,3302833,207562,188598,9536,198134,1824
2021-01-09,San Francisco,075,870044,27978,26708,343,27051,235
2021-01-09,San Joaquin,077,732212,54881,51927,2083,54010,724
2021-01-09,San Luis Obispo,079,281455,14998,13647,344,13991,121
2021-01-09,San Mateo,081,765935,31485,28512,168,28680,205
2021-01-09,Santa Barbara,083,443738,23169,20971,662,21633,197
2021-01-09,Santa Clara,085,1922200,88541,82269,367,82636,808
2021-01-09,Santa Cruz,087,273765,12200,10717,497,11214,107
2021-01-09,Shasta,089,179085,9386,8893,899,9792,81
2021-01-09,Sierra,091,2930,38,32,6,38,0
2021-01-09,Siskiyou,093,43540,1188,1062,150,1212,3
2021-01-09,Solano,095,438530,23982,22226,254,22480,101
2021-01-09,Sonoma,097,501317,22803,21393,116,21509,202
2021-01-09,Stanislaus,099,539301,41033,38403,3929,42332,567
2021-01-09,Sutter,101,95872,7400,7072,54,7126,69
2021-01-09,Tehama,103,63373,3669,3451,367,3818,15
2021-01-09,Trinity,105,12862,437,252,61,313,2
2021-01-09,Tulare,107,460477,40283,37684,4960,42644,496
2021-01-09,Tuolumne,109,53932,3158,3117,28,3145,26
2021-01-09,Ventura,111,848112,56826,51988,1953,53941,306
2021-01-09,Yolo,113,214977,10383,9524,96,9620,129
2021-01-09,Yuba,115,75493,4544,4265,46,4311,27
2021-01-08,Alameda,001,1643700,63800,59172,1284,60456,646
2021-01-08,Alpine,003,1148,73,70,0,70,0
2021-01-08,Amador,005,37829,2950,2792,24,2816,24
2021-01-08,Butte,007,227075,9319,8430,1165,9595,115
2021-01-08,Calaveras,009,45235,1457,1385,7,1392,21
2021-01-08,Colusa,011,21464,1526,1448,141,1589,7
2021-01-08,Contra Costa,013,1133247,49414,45667,770,46437,381
2021-01-08,Del Norte,015,27424,842,795,2,797,2
2021-01-08,El Dorado,017,186661,7527,6690,451,7141,36
2021-01-08,Fresno,019,978130,80570,73689,5810,79499,771
2021-01-08,Glenn,021,27897,1876,1680,351,2031,9
2021-01-08,Humboldt,023,135768,2172,1988,7,1995,22
2021-01-08,Imperial,025,180216,25027,23751,1898,25649,446
2021-01-08,Inyo,027,18085,861,682,8,690,24
2021-01-08,Kern,029,883053,77624,71978,6608,78586,674
2021-01-08,Kings,031,150075,18551,17441,687,18128,108
2021-01-08,Lake,033,64148,2371,2098,0,2098,26
2021-01-08,Lassen,035,31185,4689,4598,66,4664,1
2021-01-08,Los Angeles,037,10098052,961266,871188,29390,900578,11796
2021-01-08,Madera,039,155013,12840,11846,582,12428,85
2021-01-08,Marin,041,260295,11115,10531,108,10639,153
2021-01-08,Mariposa,043,17540,315,273,2,275,3
2021-01-08,Mendocino,045,87422,2898,2634,39,2673,31
2021-01-08,Merced,047,269075,22500,20862,514,21376,236
2021-01-08,Modoc,049,8938,290,266,79,345,0
2021-01-08,Mono,051,14174,1027,951,13,964,3
2021-01-08,Monterey,053,433212,33776,31543,928,32471,224
2021-01-08,Napa,055,140530,7147,6544,26,6570,32
2021-01-08,Nevada,057,99092,3163,2888,115,3003,17
2021-01-08,Orange,059,3164182,201794,186608,8056,194664,1991
2021-01-08,Placer,061,380077,17165,15401,773,16174,161
2021-01-08,Plumas,063,18699,546,465,9,474,2
2021-01-08,Riverside,065,2383286,231042,212122,10733,222855,2184
2021-01-08,Sacramento,067,1510023,76702,73245,813,74058,939
2021-01-08,San Benito,069,59416,4572,4225,42,4267,33
2021-01-08,San Bernardino,071,2135413,243702,224267,6816,231083,1703
2021-01-08,San Diego,073,3302833,205024,185060,9442,194502,1771
2021-01-08,San Francisco,075,870044,27728,26378,321,26699,207
2021-01-08,San Joaquin,077,732212,54547,50990,2055,53045,710
2021-01-08,San Luis Obispo,079,281455,14865,13286,332,13618,119
2021-01-08,San Mateo,081,765935,31135,28072,166,28238,204
2021-01-08,Santa Barbara,083,443738,22883,20461,657,21118,189
2021-01-08,Santa Clara,085,1922200,87538,80561,364,80925,789
2021-01-08,Santa Cruz,087,273765,12059,10486,489,10975,106
2021-01-08,Shasta,089,179085,9336,8772,884,9656,81
2021-01-08,Sierra,091,2930,38,31,6,37,0
2021-01-08,Siskiyou,093,43540,1185,1027,149,1176,3
2021-01-08,Solano,095,438530,23811,21832,251,22083,100
2021-01-08,Sonoma,097,501317,22661,21178,116,21294,201
2021-01-08,Stanislaus,099,539301,40734,37858,3894,41752,566
2021-01-08,Sutter,101,95872,7350,6982,54,7036,68
2021-01-08,Tehama,103,63373,3646,3406,363,3769,15
2021-01-08,Trinity,105,12862,437,247,61,308,2
2021-01-08,Tulare,107,460477,40011,36946,4862,41808,491
2021-01-08,Tuolumne,109,53932,3150,3099,28,3127,19
2021-01-08,Ventura,111,848112,55960,50553,1929,52482,294
2021-01-08,Yolo,113,214977,10295,9391,92,9483,129
2021-01-08,Yuba,115,75493,4502,4195,45,4240,26
2021-01-07,Alameda,001,1643700,62944,57921,1258,59179,632
2021-01-07,Alpine,003,1148,71,70,0,70,0
2021-01-07,Amador,005,37829,2937,2740,23,2763,24
2021-01-07,Butte,007,227075,9222,8278,1144,9422,112
2021-01-07,Calaveras,009,45235,1440,1342,6,1348,21
2021-01-07,Colusa,011,21464,1514,1420,134,1554,7
2021-01-07,Contra Costa,013,1133247,48637,44756,755,45511,376
2021-01-07,Del Norte,015,27424,840,791,2,793,2
2021-01-07,El Dorado,017,186661,7426,6545,440,6985,36
2021-01-07,Fresno,019,978130,79614,72557,5710,78267,765
2021-01-07,Glenn,021,27897,1858,1639,341,1980,9
2021-01-07,Humboldt,023,135768,2145,1954,7,1961,22
2021-01-07,Imperial,025,180216,24837,23608,1848,25456,431
2021-01-07,Inyo,027,18085,848,656,8,664,20
2021-01-07,Kern,029,883053,76762,70953,6458,77411,660
2021-01-07,Kings,031,150075,18424,17238,678,17916,108
2021-01-07,Lake,033,64148,2317,2054,0,2054,26
2021-01-07,Lassen,035,31185,4684,4581,64,4645,1
2021-01-07,Los Angeles,037,10098052,946346,853187,28859,882046,11480
2021-01-07,Madera,039,155013,12683,11644,571,12215,76
2021-01-07,Marin,041,260295,11026,10364,106,10470,153
2021-01-07,Mariposa,043,17540,313,264,2,266,3
2021-01-07,Mendocino,045,87422,2843,2585,34,2619,30
2021-01-07,Merced,047,269075,22179,20510,498,21008,234
2021-01-07,Modoc,049,8938,290,265,79,344,0
2021-01-07,Mono,051,14174,1016,905,13,918,3
2021-01-07,Monterey,053,433212,33271,30903,905,31808,222
2021-01-07,Napa,055,140530,7037,6408,26,6434,32
2021-01-07,Nevada,057,99092,3129,2847,110,2957,17
2021-01-07,Orange,059,3164182,198952,181922,7958,189880,1974
2021-01-07,Placer,061,380077,16987,15155,744,15899,144
2021-01-07,Plumas,063,18699,544,454,9,463,2
2021-01-07,Riverside,065,2383286,227580,208177,10581,218758,2156
2021-01-07,Sacramento,067,1510023,75794,72342,792,73134,919
2021-01-07,San Benito,069,59416,4511,4112,39,4151,33
2021-01-07,San Bernardino,071,2135413,240248,219691,6733,226424,1666
2021-01-07,San Diego,073,3302833,201718,180510,9264,189774,1738
2021-01-07,San Francisco,075,870044,27399,25885,307,26192,202
2021-01-07,San Joaquin,077,732212,53866,50156,2026,52182,689
2021-01-07,San Luis Obispo,079,281455,14627,12810,319,13129,118
2021-01-07,San Mateo,081,765935,30626,27494,163,27657,201
2021-01-07,Santa Barbara,083,443738,22456,19931,646,20577,187
2021-01-07,Santa Clara,085,1922200,86368,78808,361,79169,775
2021-01-07,Santa Cruz,087,273765,11850,10228,481,10709,104
2021-01-07,Shasta,089,179085,9248,8612,876,9488,81
2021-01-07,Sierra,091,2930,38,31,6,37,0
2021-01-07,Siskiyou,093,43540,1180,1010,147,1157,3
2021-01-07,Solano,095,438530,23419,21384,247,21631,100
2021-01-07,Sonoma,097,501317,22400,20857,115,20972,200
2021-01-07,Stanislaus,099,539301,40317,37296,3841,41137,553
2021-01-07,Sutter,101,95872,7291,6890,53,6943,65
2021-01-07,Tehama,103,63373,3622,3330,355,3685,15
2021-01-07,Trinity,105,12862,437,247,61,308,2
2021-01-07,Tulare,107,460477,39611,36397,4731,41128,482
2021-01-07,Tuolumne,109,53932,3130,3068,27,3095,14
2021-01-07,Ventura,111,848112,54799,49083,1901,50984,288
2021-01-07,Yolo,113,214977,10155,9207,90,9297,128
2021-01-07,Yuba,115,75493,4460,4128,45,4173,25
2021-01-06,Alameda,001,1643700,62088,57081,1229,58310,616
2021-01-06,Alpine,003,1148,71,70,0,70,0
2021-01-06,Amador,005,37829,2916,2717,22,2739,24
2021-01-06,Butte,007,227075,9107,8147,1125,9272,110
2021-01-06,Calaveras,009,45235,1417,1321,6,1327,21
2021-01-06,Colusa,011,21464,1493,1385,129,1514,7
2021-01-06,Contra Costa,013,1133247,47844,44054,739,44793,358
2021-01-06,Del Norte,015,27424,834,780,2,782,2
2021-01-06,El Dorado,017,186661,7314,6397,426,6823,35
2021-01-06,Fresno,019,978130,78771,71404,5608,77012,752
2021-01-06,Glenn,021,27897,1832,1622,337,1959,9
2021-01-06,Humboldt,023,135768,2119,1912,7,1919,22
2021-01-06,Imperial,025,180216,24592,23400,1808,25208,431
2021-01-06,Inyo,027,18085,832,630,8,638,20
2021-01-06,Kern,029,883053,75819,69893,6329,76222,646
2021-01-06,Kings,031,150075,18226,17019,659,17678,108
2021-01-06,Lake,033,64148,2280,2033,0,2033,26
2021-01-06,Lassen,035,31185,4672,4560,60,4620,1
2021-01-06,Los Angeles,037,10098052,930392,835052,28170,863222,11285
2021-01-06,Madera,039,155013,12547,11407,565,11972,67
2021-01-06,Marin,041,260295,10898,10282,105,10387,153
2021-01-06,Mariposa,043,17540,310,259,2,261,3
2021-01-06,Mendocino,045,87422,2813,2561,34,2595,30
2021-01-06,Merced,047,269075,21843,20258,482,20740,232
2021-01-06,Modoc,049,8938,290,263,79,342,0
2021-01-06,Mono,051,14174,985,905,13,918,3
2021-01-06,Monterey,053,433212,32670,30387,874,31261,222
2021-01-06,Napa,055,140530,6907,6342,26,6368,32
2021-01-06,Nevada,057,99092,3109,2805,109,2914,15
2021-01-06,Orange,059,3164182,195504,177686,7816,185502,1935
2021-01-06,Placer,061,380077,16799,14940,726,15666,134
2021-01-06,Plumas,063,18699,536,445,9,454,2
2021-01-06,Riverside,065,2383286,223560,203714,10394,214108,2121
2021-01-06,Sacramento,067,1510023,74771,71572,775,72347,909
2021-01-06,San Benito,069,59416,4435,4031,38,4069,32
2021-01-06,San Bernardino,071,2135413,236543,215286,6627,221913,1634
2021-01-06,San Diego,073,3302833,198218,176660,9093,185753,1691
2021-01-06,San Francisco,075,870044,27030,25424,299,25723,199
2021-01-06,San Joaquin,077,732212,53113,49286,1985,51271,673
2021-01-06,San Luis Obispo,079,281455,14234,12305,312,12617,115
2021-01-06,San Mateo,081,765935,30201,27050,160,27210,200
2021-01-06,Santa Barbara,083,443738,21967,19453,637,20090,177
2021-01-06,Santa Clara,085,1922200,85004,77485,354,77839,746
2021-01-06,Santa Cruz,087,273765,11631,9954,463,10417,97
2021-01-06,Shasta,089,179085,9178,8482,869,9351,78
2021-01-06,Sierra,091,2930,37,31,6,37,0
2021-01-06,Siskiyou,093,43540,1168,998,143,1141,3
2021-01-06,Solano,095,438530,23036,21102,244,21346,99
2021-01-06,Sonoma,097,501317,22093,20558,115,20673,196
2021-01-06,Stanislaus,099,539301,39750,36751,3782,40533,553
2021-01-06,Sutter,101,95872,7210,6839,52,6891,59
2021-01-06,Tehama,103,63373,3594,3306,349,3655,15
2021-01-06,Trinity,105,12862,437,246,61,307,2
2021-01-06,Tulare,107,460477,39065,35882,4634,40516,465
2021-01-06,Tuolumne,109,53932,3110,3008,27,3035,14
2021-01-06,Ventura,111,848112,53556,47428,1877,49305,280
2021-01-06,Yolo,113,214977,9990,9083,87,9170,127
2021-01-06,Yuba,115,75493,4411,4097,45,4142,25
2021-01-05,Alameda,001,1643700,60974,56432,1196,57628,602
2021-01-05,Alpine,003,1148,71,70,0,70,0
2021-01-05,Amador,005,37829,2876,2695,22,2717,24
2021-01-05,Butte,007,227075,8966,8008,1097,9105,107
2021-01-05,Calaveras,009,45235,1371,1292,6,1298,21
2021-01-05,Colusa,011,21464,1469,1376,123,1499,7
2021-01-05,Contra Costa,013,1133247,46978,43442,727,44169,353
2021-01-05,Del Norte,015,27424,827,770,2,772,2
2021-01-05,El Dorado,017,186661,7196,6270,405,6675,32
2021-01-05,Fresno,019,978130,77550,70971,5514,76485,741
2021-01-05,Glenn,021,27897,1809,1608,321,1929,9
2021-01-05,Humboldt,023,135768,2083,1884,7,1891,22
2021-01-05,Imperial,025,180216,24419,23165,1766,24931,421
2021-01-05,Inyo,027,18085,818,627,8,635,20
2021-01-05,Kern,029,883053,74742,68257,6193,74450,624
2021-01-05,Kings,031,150075,18028,16860,636,17496,108
2021-01-05,Lake,033,64148,2233,2015,0,2015,25
2021-01-05,Lassen,035,31185,4657,4554,56,4610,1
2021-01-05,Los Angeles,037,10098052,911656,823783,27503,851286,11028
2021-01-05,Madera,039,155013,12371,11359,553,11912,67
2021-01-05,Marin,041,260295,10746,10214,104,10318,151
2021-01-05,Mariposa,043,17540,304,257,2,259,3
2021-01-05,Mendocino,045,87422,2777,2501,34,2535,30
2021-01-05,Merced,047,269075,21492,20051,470,20521,230
2021-01-05,Modoc,049,8938,290,254,79,333,0
2021-01-05,Mono,051,14174,979,896,13,909,3
2021-01-05,Monterey,053,433212,32120,30045,841,30886,213
2021-01-05,Napa,055,140530,6820,6264,26,6290,29
2021-01-05,Nevada,057,99092,3081,2781,107,2888,15
2021-01-05,Orange,059,3164182,191870,174869,7623,182492,1918
2021-01-05,Placer,061,380077,16576,14723,703,15426,133
2021-01-05,Plumas,063,18699,529,428,9,437,2
2021-01-05,Riverside,065,2383286,219435,200439,10224,210663,2069
2021-01-05,Sacramento,067,1510023,73843,70677,749,71426,888
2021-01-05,San Benito,069,59416,4334,3961,36,3997,28
2021-01-05,San Bernardino,071,2135413,232605,212522,6511,219033,1615
2021-01-05,San Diego,073,3302833,194078,172845,8879,181724,1654
2021-01-05,San Francisco,075,870044,26662,24989,282,25271,196
2021-01-05,San Joaquin,077,732212,52243,48969,1940,50909,663
2021-01-05,San Luis Obispo,079,281455,13835,12027,302,12329,106
2021-01-05,San Mateo,081,765935,29720,26486,158,26644,198
2021-01-05,Santa Barbara,083,443738,21521,19063,629,19692,172
2021-01-05,Santa Clara,085,1922200,83476,76355,341,76696,729
2021-01-05,Santa Cruz,087,273765,11358,9753,439,10192,93
2021-01-05,Shasta,089,179085,9071,8345,851,9196,73
2021-01-05,Sierra,091,2930,37,31,6,37,0
2021-01-05,Siskiyou,093,43540,1156,985,141,1126,3
2021-01-05,Solano,095,438530,22629,20860,239,21099,97
2021-01-05,Sonoma,097,501317,21734,20247,114,20361,194
2021-01-05,Stanislaus,099,539301,39206,36363,3731,40094,553
2021-01-05,Sutter,101,95872,7113,6769,51,6820,59
2021-01-05,Tehama,103,63373,3538,3255,344,3599,9
2021-01-05,Trinity,105,12862,437,246,61,307,2
2021-01-05,Tulare,107,460477,38451,35585,4492,40077,455
2021-01-05,Tuolumne,109,53932,3086,2996,22,3018,13
2021-01-05,Ventura,111,848112,52311,46456,1855,48311,264
2021-01-05,Yolo,113,214977,9815,8980,86,9066,127
2021-01-05,Yuba,115,75493,4352,4053,44,4097,21
2021-01-04,Alameda,001,1643700,59753,55899,1162,57061,583
2021-01-04,Alpine,003,1148,71,68,0,68,0
2021-01-04,Amador,005,37829,2836,2596,22,2618,24
2021-01-04,Butte,007,227075,8807,7893,1076,8969,105
2021-01-04,Calaveras,009,45235,1330,1276,5,1281,21
2021-01-04,Colusa,011,21464,1445,1368,109,1477,7
2021-01-04,Contra Costa,013,1133247,46120,43019,701,43720,353
2021-01-04,Del Norte,015,27424,817,770,2,772,2
2021-01-04,El Dorado,017,186661,7062,6152,390,6542,27
2021-01-04,Fresno,019,978130,76282,69871,5416,75287,726
2021-01-04,Glenn,021,27897,1776,1590,316,1906,9
2021-01-04,Humboldt,023,135768,2047,1845,7,1852,22
2021-01-04,Imperial,025,180216,24269,23035,1714,24749,420
2021-01-04,Inyo,027,18085,792,623,8,631,20
2021-01-04,Kern,029,883053,73659,67418,5999,73417,623
2021-01-04,Kings,031,150075,17752,16801,611,17412,108
2021-01-04,Lake,033,64148,2194,1984,0,1984,25
2021-01-04,Lassen,035,31185,4635,4550,55,4605,1
2021-01-04,Los Angeles,037,10098052,891534,813022,26644,839666,10790
2021-01-04,Madera,039,155013,12151,11204,531,11735,67
2021-01-04,Marin,041,260295,10609,10115,101,10216,151
2021-01-04,Mariposa,043,17540,298,253,2,255,3
2021-01-04,Mendocino,045,87422,2737,2460,30,2490,28
2021-01-04,Merced,047,269075,21078,19804,451,20255,230
2021-01-04,Modoc,049,8938,274,250,77,327,0
2021-01-04,Mono,051,14174,968,895,13,908,3
2021-01-04,Monterey,053,433212,31501,29659,819,30478,212
2021-01-04,Napa,055,140530,6679,6187,26,6213,29
2021-01-04,Nevada,057,99092,3043,2765,104,2869,15
2021-01-04,Orange,059,3164182,187979,172458,7501,179959,1918
2021-01-04,Placer,061,380077,16317,14622,690,15312,133
2021-01-04,Plumas,063,18699,519,419,9,428,1
2021-01-04,Riverside,065,2383286,214884,196809,10037,206846,2066
2021-01-04,Sacramento,067,1510023,72789,70164,739,70903,870
2021-01-04,San Benito,069,59416,4221,3914,36,3950,28
2021-01-04,San Bernardino,071,2135413,228346,210868,6363,217231,1615
2021-01-04,San Diego,073,3302833,189504,171031,8683,179714,1598
2021-01-04,San Francisco,075,870044,26274,24753,276,25029,191
2021-01-04,San Joaquin,077,732212,51342,48644,1899,50543,661
2021-01-04,San Luis Obispo,079,281455,13349,11945,294,12239,96
2021-01-04,San Mateo,081,765935,29156,26150,153,26303,198
2021-01-04,Santa Barbara,083,443738,20998,18735,600,19335,165
2021-01-04,Santa Clara,085,1922200,81719,75297,333,75630,727
2021-01-04,Santa Cruz,087,273765,11070,9680,422,10102,85
2021-01-04,Shasta,089,179085,8966,8224,834,9058,72
2021-01-04,Sierra,091,2930,36,30,6,36,0
2021-01-04,Siskiyou,093,43540,1139,980,138,1118,3
2021-01-04,Solano,095,438530,22129,20588,231,20819,97
2021-01-04,Sonoma,097,501317,21396,20210,113,20323,194
2021-01-04,Stanislaus,099,539301,38644,36141,3674,39815,553
2021-01-04,Sutter,101,95872,7017,6712,50,6762,56
2021-01-04,Tehama,103,63373,3469,3190,339,3529,9
2021-01-04,Trinity,105,12862,434,245,61,306,2
2021-01-04,Tulare,107,460477,37899,35060,4391,39451,455
2021-01-04,Tuolumne,109,53932,3061,2987,22,3009,13
2021-01-04,Ventura,111,848112,50808,45014,1835,46849,255
2021-01-04,Yolo,113,214977,9620,8834,80,8914,121
2021-01-04,Yuba,115,75493,4295,4023,44,4067,21
2021-01-03,Alameda,001,1643700,58496,55082,1134,56216,580
2021-01-03,Alpine,003,1148,69,68,0,68,0
2021-01-03,Amador,005,37829,2772,2565,22,2587,24
2021-01-03,Butte,007,227075,8613,7837,1030,8867,105
2021-01-03,Calaveras,009,45235,1293,1249,3,1252,21
2021-01-03,Colusa,011,21464,1415,1337,103,1440,7
2021-01-03,Contra Costa,013,1133247,45229,42432,677,43109,352
2021-01-03,Del Norte,015,27424,805,768,2,770,2
2021-01-03,El Dorado,017,186661,6934,6034,373,6407,27
2021-01-03,Fresno,019,978130,75133,69326,5298,74624,719
2021-01-03,Glenn,021,27897,1751,1581,310,1891,9
2021-01-03,Humboldt,023,135768,2010,1833,7,1840,21
2021-01-03,Imperial,025,180216,24022,22951,1637,24588,419
2021-01-03,Inyo,027,18085,774,615,8,623,20
2021-01-03,Kern,029,883053,72397,66895,5824,72719,609
2021-01-03,Kings,031,150075,17476,16593,582,17175,108
2021-01-03,Lake,033,64148,2141,1976,0,1976,24
2021-01-03,Lassen,035,31185,4602,4531,54,4585,1
2021-01-03,Los Angeles,037,10098052,869485,792168,25591,817759,10633
2021-01-03,Madera,039,155013,11928,11152,508,11660,67
2021-01-03,Marin,041,260295,10458,10034,96,10130,150
2021-01-03,Mariposa,043,17540,291,248,2,250,3
2021-01-03,Mendocino,045,87422,2697,2445,28,2473,24
2021-01-03,Merced,047,269075,20611,19600,425,20025,230
2021-01-03,Modoc,049,8938,270,245,76,321,0
2021-01-03,Mono,051,14174,943,893,13,906,3
2021-01-03,Monterey,053,433212,30909,29357,784,30141,191
2021-01-03,Napa,055,140530,6578,6094,26,6120,29
2021-01-03,Nevada,057,99092,2982,2742,101,2843,15
2021-01-03,Orange,059,3164182,183791,169881,7310,177191,1919
2021-01-03,Placer,061,380077,16068,14319,667,14986,133
2021-01-03,Plumas,063,18699,506,416,9,425,1
2021-01-03,Riverside,065,2383286,210006,195048,9789,204837,2005
2021-01-03,Sacramento,067,1510023,71581,68558,718,69276,859
2021-01-03,San Benito,069,59416,4124,3882,35,3917,28
2021-01-03,San Bernardino,071,2135413,223043,208294,6191,214485,1592
2021-01-03,San Diego,073,3302833,184244,168018,8454,176472,1592
2021-01-03,San Francisco,075,870044,25776,24588,258,24846,193
2021-01-03,San Joaquin,077,732212,50227,47899,1843,49742,661
2021-01-03,San Luis Obispo,079,281455,12881,11636,286,11922,95
2021-01-03,San Mateo,081,765935,28562,25770,146,25916,196
2021-01-03,Santa Barbara,083,443738,20265,18267,584,18851,164
2021-01-03,Santa Clara,085,1922200,80125,74534,327,74861,720
2021-01-03,Santa Cruz,087,273765,10766,9528,407,9935,84
2021-01-03,Shasta,089,179085,8840,8192,794,8986,72
2021-01-03,Sierra,091,2930,36,30,6,36,0
2021-01-03,Siskiyou,093,43540,1106,976,129,1105,3
2021-01-03,Solano,095,438530,21600,20105,225,20330,97
2021-01-03,Sonoma,097,501317,21009,19982,111,20093,193
2021-01-03,Stanislaus,099,539301,37937,35762,3590,39352,553
2021-01-03,Sutter,101,95872,6920,6664,49,6713,53
2021-01-03,Tehama,103,63373,3414,3176,332,3508,9
2021-01-03,Trinity,105,12862,429,243,59,302,2
2021-01-03,Tulare,107,460477,37337,34747,4243,38990,455
2021-01-03,Tuolumne,109,53932,3001,2978,19,2997,13
2021-01-03,Ventura,111,848112,48983,43748,1818,45566,254
2021-01-03,Yolo,113,214977,9463,8674,76,8750,121
2021-01-03,Yuba,115,75493,4243,3966,43,4009,20
2021-01-02,Alameda,001,1643700,57873,54518,1103,55621,581
2021-01-02,Alpine,003,1148,69,68,0,68,0
2021-01-02,Amador,005,37829,2753,2540,22,2562,24
2021-01-02,Butte,007,227075,8507,7750,1009,8759,105
2021-01-02,Calaveras,009,45235,1273,1230,3,1233,21
2021-01-02,Colusa,011,21464,1405,1332,102,1434,7
2021-01-02,Contra Costa,013,1133247,44691,41993,667,42660,352
2021-01-02,Del Norte,015,27424,803,764,2,766,2
2021-01-02,El Dorado,017,186661,6879,5959,369,6328,27
2021-01-02,Fresno,019,978130,74589,68740,5186,73926,717
2021-01-02,Glenn,021,27897,1734,1546,309,1855,9
2021-01-02,Humboldt,023,135768,1983,1815,7,1822,21
2021-01-02,Imperial,025,180216,23936,22867,1602,24469,420
2021-01-02,Inyo,027,18085,761,609,8,617,20
2021-01-02,Kern,029,883053,71677,66457,5712,72169,610
2021-01-02,Kings,031,150075,17382,16515,578,17093,108
2021-01-02,Lake,033,64148,2105,1925,0,1925,24
2021-01-02,Lassen,035,31185,4591,4457,53,4510,1
2021-01-02,Los Angeles,037,10098052,861124,791892,24900,816792,10633
2021-01-02,Madera,039,155013,11817,11039,496,11535,67
2021-01-02,Marin,041,260295,10411,9924,93,10017,151
2021-01-02,Mariposa,043,17540,284,243,2,245,3
2021-01-02,Mendocino,045,87422,2654,2428,27,2455,24
2021-01-02,Merced,047,269075,20469,19395,408,19803,230
2021-01-02,Modoc,049,8938,269,245,76,321,0
2021-01-02,Mono,051,14174,932,884,13,897,3
2021-01-02,Monterey,053,433212,30696,28991,772,29763,191
2021-01-02,Napa,055,140530,6519,5994,26,6020,29
2021-01-02,Nevada,057,99092,2953,2706,97,2803,15
2021-01-02,Orange,059,3164182,181579,168457,7162,175619,1918
2021-01-02,Placer,061,380077,15895,14182,658,14840,133
2021-01-02,Plumas,063,18699,503,413,9,422,1
2021-01-02,Riverside,065,2383286,207363,192069,9561,201630,2008
2021-01-02,Sacramento,067,1510023,70947,67810,701,68511,858
2021-01-02,San Benito,069,59416,4041,3829,35,3864,28
2021-01-02,San Bernardino,071,2135413,221387,206939,6069,213008,1597
2021-01-02,San Diego,073,3302833,181645,164498,8257,172755,1592
2021-01-02,San Francisco,075,870044,25516,24414,251,24665,194
2021-01-02,San Joaquin,077,732212,49846,47310,1814,49124,662
2021-01-02,San Luis Obispo,079,281455,12747,11467,280,11747,95
2021-01-02,San Mateo,081,765935,28226,25483,138,25621,196
2021-01-02,Santa Barbara,083,443738,19976,18135,581,18716,164
2021-01-02,Santa Clara,085,1922200,78942,73662,321,73983,720
2021-01-02,Santa Cruz,087,273765,10611,9340,399,9739,85
2021-01-02,Shasta,089,179085,8774,8154,783,8937,72
2021-01-02,Sierra,091,2930,36,28,6,34,0
2021-01-02,Siskiyou,093,43540,1095,949,127,1076,3
2021-01-02,Solano,095,438530,21400,19805,216,20021,97
2021-01-02,Sonoma,097,501317,20840,19761,111,19872,194
2021-01-02,Stanislaus,099,539301,37604,35431,3526,38957,553
2021-01-02,Sutter,101,95872,6868,6621,49,6670,53
2021-01-02,Tehama,103,63373,3386,3146,328,3474,9
2021-01-02,Trinity,105,12862,426,243,59,302,2
2021-01-02,Tulare,107,460477,37016,34479,4168,38647,455
2021-01-02,Tuolumne,109,53932,2987,2942,17,2959,13
2021-01-02,Ventura,111,848112,47828,43397,1784,45181,254
2021-01-02,Yolo,113,214977,9364,8571,74,8645,122
2021-01-02,Yuba,115,75493,4204,3930,42,3972,21
2021-01-01,Alameda,001,1643700,57222,53518,1089,54607,579
2021-01-01,Alpine,003,1148,69,68,0,68,0
2021-01-01,Amador,005,37829,2727,2513,20,2533,24
2021-01-01,Butte,007,227075,8405,7589,987,8576,105
2021-01-01,Calaveras,009,45235,1258,1186,3,1189,21
2021-01-01,Colusa,011,21464,1396,1314,100,1414,7
2021-01-01,Contra Costa,013,1133247,44212,41412,649,42061,351
2021-01-01,Del Norte,015,27424,796,758,2,760,2
2021-01-01,El Dorado,017,186661,6786,5832,361,6193,27
2021-01-01,Fresno,019,978130,73516,67484,5100,72584,717
2021-01-01,Glenn,021,27897,1717,1520,300,1820,9
2021-01-01,Humboldt,023,135768,1944,1783,7,1790,21
2021-01-01,Imperial,025,180216,23847,22715,1552,24267,418
2021-01-01,Inyo,027,18085,737,606,8,614,20
2021-01-01,Kern,029,883053,70851,65571,5605,71176,609
2021-01-01,Kings,031,150075,17199,16358,571,16929,108
2021-01-01,Lake,033,64148,2072,1888,0,1888,24
2021-01-01,Lassen,035,31185,4585,4377,53,4430,1
2021-01-01,Los Angeles,037,10098052,846920,775578,24213,799791,10515
2021-01-01,Madera,039,155013,11657,10752,487,11239,66
2021-01-01,Marin,041,260295,10304,9821,92,9913,148
2021-01-01,Mariposa,043,17540,276,236,2,238,3
2021-01-01,Mendocino,045,87422,2600,2400,27,2427,24
2021-01-01,Merced,047,269075,20285,19118,392,19510,229
2021-01-01,Modoc,049,8938,269,241,76,317,0
2021-01-01,Mono,051,14174,914,884,12,896,3
2021-01-01,Monterey,053,433212,30456,28465,763,29228,191
2021-01-01,Napa,055,140530,6433,5899,26,5925,28
2021-01-01,Nevada,057,99092,2929,2663,97,2760,15
2021-01-01,Orange,059,3164182,178780,165440,7020,172460,1893
2021-01-01,Placer,061,380077,15705,13987,643,14630,133
2021-01-01,Plumas,063,18699,498,412,9,421,1
2021-01-01,Riverside,065,2383286,204176,188674,9306,197980,1990
2021-01-01,Sacramento,067,1510023,70350,66956,684,67640,848
2021-01-01,San Benito,069,59416,4003,3773,35,3808,28
2021-01-01,San Bernardino,071,2135413,218566,203651,5938,209589,1590
2021-01-01,San Diego,073,3302833,178572,160071,8078,168149,1592
2021-01-01,San Francisco,075,870044,25241,24145,240,24385,187
2021-01-01,San Joaquin,077,732212,49553,46640,1770,48410,657
2021-01-01,San Luis Obispo,079,281455,12520,11160,272,11432,94
2021-01-01,San Mateo,081,765935,27778,25041,134,25175,194
2021-01-01,Santa Barbara,083,443738,19656,17759,571,18330,164
2021-01-01,Santa Clara,085,1922200,77666,71904,316,72220,680
2021-01-01,Santa Cruz,087,273765,10431,9146,389,9535,84
2021-01-01,Shasta,089,179085,8693,8102,766,8868,72
2021-01-01,Sierra,091,2930,36,26,6,32,0
2021-01-01,Siskiyou,093,43540,1081,944,122,1066,3
2021-01-01,Solano,095,438530,21185,19393,214,19607,97
2021-01-01,Sonoma,097,501317,20644,19513,111,19624,189
2021-01-01,Stanislaus,099,539301,37316,34978,3464,38442,553
2021-01-01,Sutter,101,95872,6811,6553,48,6601,52
2021-01-01,Tehama,103,63373,3328,3079,321,3400,9
2021-01-01,Trinity,105,12862,426,243,59,302,2
2021-01-01,Tulare,107,460477,36603,33994,4078,38072,454
2021-01-01,Tuolumne,109,53932,2971,2909,17,2926,13
2021-01-01,Ventura,111,848112,46335,42026,1758,43784,253
2021-01-01,Yolo,113,214977,9253,8461,71,8532,120
2021-01-01,Yuba,115,75493,4150,3845,41,3886,19
2020-12-31,Alameda,001,1643700,56670,52475,1058,53533,579
2020-12-31,Alpine,003,1148,69,66,0,66,0
2020-12-31,Amador,005,37829,2713,2493,20,2513,24
2020-12-31,Butte,007,227075,8330,7405,967,8372,105
2020-12-31,Calaveras,009,45235,1247,1161,3,1164,21
2020-12-31,Colusa,011,21464,1386,1301,97,1398,7
2020-12-31,Contra Costa,013,1133247,43823,40512,634,41146,336
2020-12-31,Del Norte,015,27424,795,748,2,750,2
2020-12-31,El Dorado,017,186661,6734,5662,352,6014,26
2020-12-31,Fresno,019,978130,73083,66442,5038,71480,711
2020-12-31,Glenn,021,27897,1689,1484,292,1776,9
2020-12-31,Humboldt,023,135768,1927,1713,7,1720,21
2020-12-31,Imperial,025,180216,23776,22494,1536,24030,417
2020-12-31,Inyo,027,18085,729,591,8,599,20
2020-12-31,Kern,029,883053,70379,64904,5515,70419,609
2020-12-31,Kings,031,150075,17124,16077,563,16640,108
2020-12-31,Lake,033,64148,2057,1848,0,1848,23
2020-12-31,Lassen,035,31185,4579,4340,52,4392,1
2020-12-31,Los Angeles,037,10098052,841578,755844,23757,779601,10320
2020-12-31,Madera,039,155013,11584,10609,479,11088,64
2020-12-31,Marin,041,260295,10261,9731,91,9822,148
2020-12-31,Mariposa,043,17540,274,217,2,219,3
2020-12-31,Mendocino,045,87422,2585,2367,23,2390,24
2020-12-31,Merced,047,269075,20195,18808,382,19190,226
2020-12-31,Modoc,049,8938,269,238,76,314,0
2020-12-31,Mono,051,14174,906,868,12,880,3
2020-12-31,Monterey,053,433212,30227,27720,751,28471,188
2020-12-31,Napa,055,140530,6370,5801,26,5827,28
2020-12-31,Nevada,057,99092,2906,2619,96,2715,15
2020-12-31,Orange,059,3164182,176892,161586,6890,168476,1866
2020-12-31,Placer,061,380077,15549,13708,640,14348,126
2020-12-31,Plumas,063,18699,494,401,8,409,1
2020-12-31,Riverside,065,2383286,202498,184193,9174,193367,1958
2020-12-31,Sacramento,067,1510023,69821,65817,674,66491,830
2020-12-31,San Benito,069,59416,3979,3673,35,3708,28
2020-12-31,San Bernardino,071,2135413,216917,199115,5870,204985,1586
2020-12-31,San Diego,073,3302833,176809,155593,7979,163572,1534
2020-12-31,San Francisco,075,870044,25010,23740,233,23973,183
2020-12-31,San Joaquin,077,732212,49235,45764,1733,47497,646
2020-12-31,San Luis Obispo,079,281455,12406,10846,272,11118,89
2020-12-31,San Mateo,081,765935,27448,24570,128,24698,192
2020-12-31,Santa Barbara,083,443738,19412,17434,564,17998,161
2020-12-31,Santa Clara,085,1922200,76852,70032,311,70343,665
2020-12-31,Santa Cruz,087,273765,10313,8909,377,9286,84
2020-12-31,Shasta,089,179085,8627,7996,756,8752,69
2020-12-31,Sierra,091,2930,36,26,6,32,0
2020-12-31,Siskiyou,093,43540,1065,940,119,1059,3
2020-12-31,Solano,095,438530,20954,18942,213,19155,97
2020-12-31,Sonoma,097,501317,20523,19129,110,19239,188
2020-12-31,Stanislaus,099,539301,37008,34398,3416,37814,552
2020-12-31,Sutter,101,95872,6780,6432,48,6480,51
2020-12-31,Tehama,103,63373,3292,3036,320,3356,9
2020-12-31,Trinity,105,12862,425,241,59,300,2
2020-12-31,Tulare,107,460477,36425,33412,4016,37428,446
2020-12-31,Tuolumne,109,53932,2962,2902,17,2919,12
2020-12-31,Ventura,111,848112,45824,40854,1741,42595,251
2020-12-31,Yolo,113,214977,9166,8295,70,8365,117
2020-12-31,Yuba,115,75493,4109,3799,40,3839,18
2020-12-30,Alameda,001,1643700,55887,50158,1005,51163,573
2020-12-30,Alpine,003,1148,69,66,0,66,0
2020-12-30,Amador,005,37829,2693,2418,19,2437,24
2020-12-30,Butte,007,227075,8168,7140,947,8087,103
2020-12-30,Calaveras,009,45235,1222,1135,3,1138,21
2020-12-30,Colusa,011,21464,1370,1289,91,1380,7
2020-12-30,Contra Costa,013,1133247,43238,39601,622,40223,337
2020-12-30,Del Norte,015,27424,790,726,2,728,2
2020-12-30,El Dorado,017,186661,6633,5595,342,5937,27
2020-12-30,Fresno,019,978130,72237,65566,4888,70454,711
2020-12-30,Glenn,021,27897,1658,1471,279,1750,9
2020-12-30,Humboldt,023,135768,1893,1654,7,1661,22
2020-12-30,Imperial,025,180216,23607,22098,1460,23558,412
2020-12-30,Inyo,027,18085,722,572,8,580,20
2020-12-30,Kern,029,883053,69651,63292,5371,68663,604
2020-12-30,Kings,031,150075,17005,15862,555,16417,108
2020-12-30,Lake,033,64148,2035,1731,0,1731,23
2020-12-30,Lassen,035,31185,4570,4300,52,4352,1
2020-12-30,Los Angeles,037,10098052,830659,741907,23079,764986,10046
2020-12-30,Madera,039,155013,11474,10249,468,10717,65
2020-12-30,Marin,041,260295,10171,9569,84,9653,148
2020-12-30,Mariposa,043,17540,270,214,2,216,3
2020-12-30,Mendocino,045,87422,2567,2291,20,2311,24
2020-12-30,Merced,047,269075,19905,18519,372,18891,225
2020-12-30,Modoc,049,8938,266,234,76,310,0
2020-12-30,Mono,051,14174,903,868,12,880,3
2020-12-30,Monterey,053,433212,29597,26977,729,27706,186
2020-12-30,Napa,055,140530,6264,5754,26,5780,28
2020-12-30,Nevada,057,99092,2871,2595,94,2689,15
2020-12-30,Orange,059,3164182,174233,153951,6703,160654,1863
2020-12-30,Placer,061,380077,15317,13540,628,14168,127
2020-12-30,Plumas,063,18699,489,397,8,405,1
2020-12-30,Riverside,065,2383286,199551,176402,8990,185392,1919
2020-12-30,Sacramento,067,1510023,68948,64119,657,64776,847
2020-12-30,San Benito,069,59416,3898,3464,31,3495,29
2020-12-30,San Bernardino,071,2135413,214353,192648,5784,198432,1591
2020-12-30,San Diego,073,3302833,173176,152510,7804,160314,1472
2020-12-30,San Francisco,075,870044,24718,23099,228,23327,182
2020-12-30,San Joaquin,077,732212,48539,44465,1692,46157,634
2020-12-30,San Luis Obispo,079,281455,12138,10542,264,10806,89
2020-12-30,San Mateo,081,765935,27019,24150,124,24274,190
2020-12-30,Santa Barbara,083,443738,19009,16895,542,17437,161
2020-12-30,Santa Clara,085,1922200,75605,67218,307,67525,661
2020-12-30,Santa Cruz,087,273765,10119,8787,368,9155,86
2020-12-30,Shasta,089,179085,8513,7818,742,8560,69
2020-12-30,Sierra,091,2930,36,25,6,31,0
2020-12-30,Siskiyou,093,43540,1058,913,110,1023,3
2020-12-30,Solano,095,438530,20562,18300,210,18510,96
2020-12-30,Sonoma,097,501317,20266,18947,110,19057,191
2020-12-30,Stanislaus,099,539301,36544,33730,3341,37071,526
2020-12-30,Sutter,101,95872,6719,6328,46,6374,51
2020-12-30,Tehama,103,63373,3248,2969,316,3285,9
2020-12-30,Trinity,105,12862,424,231,58,289,2
2020-12-30,Tulare,107,460477,35879,32413,3952,36365,430
2020-12-30,Tuolumne,109,53932,2952,2772,15,2787,12
2020-12-30,Ventura,111,848112,44536,39039,1717,40756,251
2020-12-30,Yolo,113,214977,9058,8067,68,8135,117
2020-12-30,Yuba,115,75493,4038,3612,40,3652,18
2020-12-29,Alameda,001,1643700,54820,50946,969,51915,552
2020-12-29,Alpine,003,1148,69,65,0,65,0
2020-12-29,Amador,005,37829,2641,2388,18,2406,23
2020-12-29,Butte,007,227075,7995,7178,923,8101,98
2020-12-29,Calaveras,009,45235,1178,1111,2,1113,21
2020-12-29,Colusa,011,21464,1349,1272,86,1358,7
2020-12-29,Contra Costa,013,1133247,42437,39225,591,39816,325
2020-12-29,Del Norte,015,27424,783,724,2,726,2
2020-12-29,El Dorado,017,186661,6504,5551,329,5880,22
2020-12-29,Fresno,019,978130,70861,65149,4735,69884,688
2020-12-29,Glenn,021,27897,1624,1454,272,1726,9
2020-12-29,Humboldt,023,135768,1845,1616,7,1623,19
2020-12-29,Imperial,025,180216,23394,22105,1375,23480,407
2020-12-29,Inyo,027,18085,705,571,8,579,19
2020-12-29,Kern,029,883053,68485,63096,5201,68297,589
2020-12-29,Kings,031,150075,16836,15777,543,16320,108
2020-12-29,Lake,033,64148,2004,1805,0,1805,22
2020-12-29,Lassen,035,31185,4555,4288,52,4340,1
2020-12-29,Los Angeles,037,10098052,810459,731907,22235,754142,9786
2020-12-29,Madera,039,155013,11160,10251,453,10704,64
2020-12-29,Marin,041,260295,10019,9595,81,9676,146
2020-12-29,Mariposa,043,17540,262,212,2,214,3
2020-12-29,Mendocino,045,87422,2524,2249,19,2268,24
2020-12-29,Merced,047,269075,19555,18464,356,18820,221
2020-12-29,Modoc,049,8938,263,232,76,308,0
2020-12-29,Mono,051,14174,894,868,12,880,3
2020-12-29,Monterey,053,433212,28948,26894,703,27597,185
2020-12-29,Napa,055,140530,6146,5663,26,5689,28
2020-12-29,Nevada,057,99092,2823,2550,93,2643,15
2020-12-29,Orange,059,3164182,170443,154411,6537,160948,1839
2020-12-29,Placer,061,380077,15104,13392,607,13999,126
2020-12-29,Plumas,063,18699,480,395,8,403,1
2020-12-29,Riverside,065,2383286,194951,177624,8739,186363,1904
2020-12-29,Sacramento,067,1510023,67897,65078,643,65721,820
2020-12-29,San Benito,069,59416,3779,3474,30,3504,25
2020-12-29,San Bernardino,071,2135413,209531,190476,5648,196124,1557
2020-12-29,San Diego,073,3302833,168953,150062,7573,157635,1435
2020-12-29,San Francisco,075,870044,24380,22996,220,23216,178
2020-12-29,San Joaquin,077,732212,47619,44699,1639,46338,622
2020-12-29,San Luis Obispo,079,281455,11842,10387,256,10643,80
2020-12-29,San Mateo,081,765935,26477,23773,112,23885,189
2020-12-29,Santa Barbara,083,443738,18540,16797,516,17313,155
2020-12-29,Santa Clara,085,1922200,74062,67581,304,67885,621
2020-12-29,Santa Cruz,087,273765,9848,8492,359,8851,84
2020-12-29,Shasta,089,179085,8409,7782,727,8509,65
2020-12-29,Sierra,091,2930,34,24,5,29,0
2020-12-29,Siskiyou,093,43540,1043,926,108,1034,3
2020-12-29,Solano,095,438530,20180,18412,205,18617,96
2020-12-29,Sonoma,097,501317,19932,18790,108,18898,187
2020-12-29,Stanislaus,099,539301,36068,33775,3271,37046,508
2020-12-29,Sutter,101,95872,6652,6302,46,6348,50
2020-12-29,Tehama,103,63373,3179,2962,304,3266,9
2020-12-29,Trinity,105,12862,423,241,58,299,2
2020-12-29,Tulare,107,460477,35219,32545,3820,36365,419
2020-12-29,Tuolumne,109,53932,2910,2797,15,2812,12
2020-12-29,Ventura,111,848112,43281,38669,1691,40360,235
2020-12-29,Yolo,113,214977,8929,8124,66,8190,111
2020-12-29,Yuba,115,75493,3956,3723,40,3763,18
2020-12-28,Alameda,001,1643700,53777,50405,949,51354,551
2020-12-28,Alpine,003,1148,68,65,0,65,0
2020-12-28,Amador,005,37829,2571,2255,18,2273,23
2020-12-28,Butte,007,227075,7828,7053,892,7945,86
2020-12-28,Calaveras,009,45235,1155,1102,2,1104,21
2020-12-28,Colusa,011,21464,1324,1255,74,1329,7
2020-12-28,Contra Costa,013,1133247,41499,38872,564,39436,324
2020-12-28,Del Norte,015,27424,773,718,2,720,2
2020-12-28,El Dorado,017,186661,6348,5441,317,5758,18
2020-12-28,Fresno,019,978130,69591,64274,4584,68858,679
2020-12-28,Glenn,021,27897,1590,1435,260,1695,9
2020-12-28,Humboldt,023,135768,1810,1579,7,1586,19
2020-12-28,Imperial,025,180216,23135,22003,1302,23305,405
2020-12-28,Inyo,027,18085,698,569,8,577,19
2020-12-28,Kern,029,883053,67418,62392,5000,67392,579
2020-12-28,Kings,031,150075,16619,15733,526,16259,108
2020-12-28,Lake,033,64148,1963,1785,0,1785,22
2020-12-28,Lassen,035,31185,4448,4284,51,4335,1
2020-12-28,Los Angeles,037,10098052,788101,720699,21439,742138,9544
2020-12-28,Madera,039,155013,10986,10123,430,10553,64
2020-12-28,Marin,041,260295,9911,9546,75,9621,145
2020-12-28,Mariposa,043,17540,238,211,2,213,3
2020-12-28,Mendocino,045,87422,2489,2214,19,2233,23
2020-12-28,Merced,047,269075,19235,18245,338,18583,213
2020-12-28,Modoc,049,8938,258,220,75,295,0
2020-12-28,Mono,051,14174,890,848,12,860,3
2020-12-28,Monterey,053,433212,28099,26529,693,27222,182
2020-12-28,Napa,055,140530,6037,5576,26,5602,26
2020-12-28,Nevada,057,99092,2775,2532,89,2621,15
2020-12-28,Orange,059,3164182,166340,152089,6361,158450,1839
2020-12-28,Placer,061,380077,14764,13234,580,13814,126
2020-12-28,Plumas,063,18699,476,391,8,399,0
2020-12-28,Riverside,065,2383286,190052,174029,8450,182479,1855
2020-12-28,Sacramento,067,1510023,66661,64322,619,64941,813
2020-12-28,San Benito,069,59416,3710,3429,29,3458,24
2020-12-28,San Bernardino,071,2135413,204441,188919,5532,194451,1552
2020-12-28,San Diego,073,3302833,164209,147528,7391,154919,1404
2020-12-28,San Francisco,075,870044,24018,22726,215,22941,178
2020-12-28,San Joaquin,077,732212,46685,44172,1607,45779,618
2020-12-28,San Luis Obispo,079,281455,11490,10260,252,10512,76
2020-12-28,San Mateo,081,765935,26003,23467,108,23575,189
2020-12-28,Santa Barbara,083,443738,18072,16579,504,17083,155
2020-12-28,Santa Clara,085,1922200,72577,66418,297,66715,619
2020-12-28,Santa Cruz,087,273765,9580,8310,349,8659,81
2020-12-28,Shasta,089,179085,8292,7688,714,8402,65
2020-12-28,Sierra,091,2930,32,24,4,28,0
2020-12-28,Siskiyou,093,43540,1027,915,103,1018,3
2020-12-28,Solano,095,438530,19609,18171,198,18369,96
2020-12-28,Sonoma,097,501317,19585,18667,106,18773,185
2020-12-28,Stanislaus,099,539301,35521,33473,3208,36681,507
2020-12-28,Sutter,101,95872,6572,6253,46,6299,49
2020-12-28,Tehama,103,63373,3126,2934,297,3231,9
2020-12-28,Trinity,105,12862,421,240,58,298,2
2020-12-28,Tulare,107,460477,34536,32010,3715,35725,404
2020-12-28,Tuolumne,109,53932,2893,2777,15,2792,12
2020-12-28,Ventura,111,848112,41612,37151,1646,38797,230
2020-12-28,Yolo,113,214977,8775,8031,65,8096,111
2020-12-28,Yuba,115,75493,3894,3679,39,3718,18
2020-12-27,Alameda,001,1643700,52533,49764,922,50686,551
2020-12-27,Alpine,003,1148,66,65,0,65,0
2020-12-27,Amador,005,37829,2450,2218,18,2236,23
2020-12-27,Butte,007,227075,7673,7016,853,7869,86
2020-12-27,Calaveras,009,45235,1109,1097,2,1099,21
2020-12-27,Colusa,011,21464,1299,1253,71,1324,7
2020-12-27,Contra Costa,013,1133247,40566,38428,538,38966,324
2020-12-27,Del Norte,015,27424,750,712,2,714,2
2020-12-27,El Dorado,017,186661,6134,5388,294,5682,18
2020-12-27,Fresno,019,978130,68344,63811,4380,68191,679
2020-12-27,Glenn,021,27897,1562,1434,246,1680,9
2020-12-27,Humboldt,023,135768,1766,1575,7,1582,17
2020-12-27,Imperial,025,180216,22836,21934,1192,23126,405
2020-12-27,Inyo,027,18085,676,565,7,572,18
2020-12-27,Kern,029,883053,66137,61914,4832,66746,568
2020-12-27,Kings,031,150075,16383,15593,492,16085,108
2020-12-27,Lake,033,64148,1908,1769,0,1769,22
2020-12-27,Lassen,035,31185,4371,4230,44,4274,1
2020-12-27,Los Angeles,037,10098052,766594,707260,20558,727818,9476
2020-12-27,Madera,039,155013,10728,10005,420,10425,64
2020-12-27,Marin,041,260295,9788,9477,71,9548,144
2020-12-27,Mariposa,043,17540,231,208,2,210,3
2020-12-27,Mendocino,045,87422,2442,2209,19,2228,23
2020-12-27,Merced,047,269075,18867,18075,322,18397,213
2020-12-27,Modoc,049,8938,249,221,71,292,0
2020-12-27,Mono,051,14174,878,849,12,861,3
2020-12-27,Monterey,053,433212,27539,26322,676,26998,181
2020-12-27,Napa,055,140530,5903,5496,26,5522,26
2020-12-27,Nevada,057,99092,2739,2519,89,2608,15
2020-12-27,Orange,059,3164182,161941,149276,6172,155448,1839
2020-12-27,Placer,061,380077,14469,13017,548,13565,126
2020-12-27,Plumas,063,18699,470,390,8,398,0
2020-12-27,Riverside,065,2383286,185137,171995,8149,180144,1836
2020-12-27,Sacramento,067,1510023,65454,63416,597,64013,811
2020-12-27,San Benito,069,59416,3625,3394,29,3423,24
2020-12-27,San Bernardino,071,2135413,199368,186776,5395,192171,1551
2020-12-27,San Diego,073,3302833,159802,145777,7204,152981,1402
2020-12-27,San Francisco,075,870044,23673,22514,206,22720,178
2020-12-27,San Joaquin,077,732212,45650,43529,1557,45086,618
2020-12-27,San Luis Obispo,079,281455,11082,10154,247,10401,76
2020-12-27,San Mateo,081,765935,25439,23136,105,23241,187
2020-12-27,Santa Barbara,083,443738,17543,16364,477,16841,155
2020-12-27,Santa Clara,085,1922200,70947,65288,292,65580,619
2020-12-27,Santa Cruz,087,273765,9315,8234,341,8575,81
2020-12-27,Shasta,089,179085,8165,7671,692,8363,65
2020-12-27,Sierra,091,2930,32,24,3,27,0
2020-12-27,Siskiyou,093,43540,1017,914,98,1012,3
2020-12-27,Solano,095,438530,19114,17840,192,18032,96
2020-12-27,Sonoma,097,501317,19294,18487,105,18592,185
2020-12-27,Stanislaus,099,539301,34903,33076,3113,36189,506
2020-12-27,Sutter,101,95872,6491,6218,44,6262,48
2020-12-27,Tehama,103,63373,3055,2922,281,3203,9
2020-12-27,Trinity,105,12862,414,240,56,296,2
2020-12-27,Tulare,107,460477,33939,31864,3597,35461,400
2020-12-27,Tuolumne,109,53932,2787,2750,13,2763,12
2020-12-27,Ventura,111,848112,40549,36661,1594,38255,230
2020-12-27,Yolo,113,214977,8586,7919,61,7980,111
2020-12-27,Yuba,115,75493,3829,3665,37,3702,18
2020-12-26,Alameda,001,1643700,51914,49084,909,49993,551
2020-12-26,Alpine,003,1148,66,65,0,65,0
2020-12-26,Amador,005,37829,2436,2189,18,2207,23
2020-12-26,Butte,007,227075,7578,6968,829,7797,86
2020-12-26,Calaveras,009,45235,1103,1084,2,1086,21
2020-12-26,Colusa,011,21464,1289,1240,71,1311,7
2020-12-26,Contra Costa,013,1133247,40099,38008,524,38532,324
2020-12-26,Del Norte,015,27424,744,709,2,711,2
2020-12-26,El Dorado,017,186661,6079,5279,290,5569,18
2020-12-26,Fresno,019,978130,67874,63080,4317,67397,679
2020-12-26,Glenn,021,27897,1541,1413,241,1654,9
2020-12-26,Humboldt,023,135768,1728,1545,7,1552,17
2020-12-26,Imperial,025,180216,22744,21734,1140,22874,405
2020-12-26,Inyo,027,18085,663,554,7,561,18
2020-12-26,Kern,029,883053,65467,61174,4683,65857,564
2020-12-26,Kings,031,150075,16265,15517,488,16005,108
2020-12-26,Lake,033,64148,1867,1710,0,1710,22
2020-12-26,Lassen,035,31185,4350,3981,44,4025,1
2020-12-26,Los Angeles,037,10098052,758032,694149,20059,714208,9424
2020-12-26,Madera,039,155013,10651,9908,408,10316,64
2020-12-26,Marin,041,260295,9753,9413,70,9483,143
2020-12-26,Mariposa,043,17540,230,206,2,208,3
2020-12-26,Mendocino,045,87422,2396,2194,19,2213,23
2020-12-26,Merced,047,269075,18708,17890,317,18207,213
2020-12-26,Modoc,049,8938,246,222,71,293,0
2020-12-26,Mono,051,14174,872,850,12,862,3
2020-12-26,Monterey,053,433212,27402,26010,667,26677,182
2020-12-26,Napa,055,140530,5845,5427,26,5453,26
2020-12-26,Nevada,057,99092,2711,2480,89,2569,15
2020-12-26,Orange,059,3164182,159734,147304,6080,153384,1838
2020-12-26,Placer,061,380077,14298,12816,533,13349,122
2020-12-26,Plumas,063,18699,467,381,8,389,0
2020-12-26,Riverside,065,2383286,182652,169360,7990,177350,1834
2020-12-26,Sacramento,067,1510023,64831,62435,587,63022,807
2020-12-26,San Benito,069,59416,3552,3330,29,3359,24
2020-12-26,San Bernardino,071,2135413,197690,185111,5313,190424,1551
2020-12-26,San Diego,073,3302833,157277,142644,7057,149701,1402
2020-12-26,San Francisco,075,870044,23435,22319,206,22525,177
2020-12-26,San Joaquin,077,732212,45264,42887,1509,44396,618
2020-12-26,San Luis Obispo,079,281455,10995,9945,242,10187,76
2020-12-26,San Mateo,081,765935,25101,22908,100,23008,187
2020-12-26,Santa Barbara,083,443738,17304,16159,471,16630,155
2020-12-26,Santa Clara,085,1922200,69873,64185,290,64475,618
2020-12-26,Santa Cruz,087,273765,9189,8113,332,8445,81
2020-12-26,Shasta,089,179085,8105,7641,680,8321,65
2020-12-26,Sierra,091,2930,32,24,3,27,0
2020-12-26,Siskiyou,093,43540,1010,909,94,1003,2
2020-12-26,Solano,095,438530,18869,17528,192,17720,96
2020-12-26,Sonoma,097,501317,19091,18261,103,18364,184
2020-12-26,Stanislaus,099,539301,34602,32678,3061,35739,505
2020-12-26,Sutter,101,95872,6432,6121,44,6165,48
2020-12-26,Tehama,103,63373,3026,2884,275,3159,9
2020-12-26,Trinity,105,12862,412,237,55,292,2
2020-12-26,Tulare,107,460477,33634,31665,3541,35206,398
2020-12-26,Tuolumne,109,53932,2776,2703,13,2716,12
2020-12-26,Ventura,111,848112,39584,36064,1563,37627,230
2020-12-26,Yolo,113,214977,8484,7785,58,7843,111
2020-12-26,Yuba,115,75493,3800,3599,37,3636,18
2020-12-25,Alameda,001,1643700,51343,48365,894,49259,542
2020-12-25,Alpine,003,1148,66,64,0,64,0
2020-12-25,Amador,005,37829,2393,2172,18,2190,23
2020-12-25,Butte,007,227075,7479,6873,810,7683,85
2020-12-25,Calaveras,009,45235,1100,1062,2,1064,21
2020-12-25,Colusa,011,21464,1277,1219,70,1289,7
2020-12-25,Contra Costa,013,1133247,39630,37480,499,37979,324
2020-12-25,Del Norte,015,27424,741,692,2,694,2
2020-12-25,El Dorado,017,186661,6014,5170,277,5447,16
2020-12-25,Fresno,019,978130,67010,62251,4237,66488,679
2020-12-25,Glenn,021,27897,1525,1390,234,1624,9
2020-12-25,Humboldt,023,135768,1688,1532,7,1539,16
2020-12-25,Imperial,025,180216,22649,21646,1129,22775,405
2020-12-25,Inyo,027,18085,653,546,7,553,18
2020-12-25,Kern,029,883053,64737,60417,4537,64954,562
2020-12-25,Kings,031,150075,16154,15460,484,15944,108
2020-12-25,Lake,033,64148,1847,1669,0,1669,20
2020-12-25,Lassen,035,31185,4335,3926,44,3970,1
2020-12-25,Los Angeles,037,10098052,744370,665600,19394,684994,9292
2020-12-25,Madera,039,155013,10483,9770,402,10172,64
2020-12-25,Marin,041,260295,9704,9375,67,9442,143
2020-12-25,Mariposa,043,17540,224,203,2,205,3
2020-12-25,Mendocino,045,87422,2353,2176,19,2195,23
2020-12-25,Merced,047,269075,18547,17726,309,18035,213
2020-12-25,Modoc,049,8938,245,221,71,292,0
2020-12-25,Mono,051,14174,870,843,12,855,3
2020-12-25,Monterey,053,433212,27125,25788,658,26446,182
2020-12-25,Napa,055,140530,5768,5351,26,5377,26
2020-12-25,Nevada,057,99092,2685,2458,87,2545,15
2020-12-25,Orange,059,3164182,157052,144542,5888,150430,1814
2020-12-25,Placer,061,380077,14112,12660,511,13171,122
2020-12-25,Plumas,063,18699,460,381,8,389,0
2020-12-25,Riverside,065,2383286,179367,166690,7677,174367,1825
2020-12-25,Sacramento,067,1510023,64137,61630,561,62191,796
2020-12-25,San Benito,069,59416,3511,3281,27,3308,24
2020-12-25,San Bernardino,071,2135413,195067,181812,5197,187009,1546
2020-12-25,San Diego,073,3302833,154797,139958,6879,146837,1402
2020-12-25,San Francisco,075,870044,23157,22130,201,22331,175
2020-12-25,San Joaquin,077,732212,44956,42089,1455,43544,614
2020-12-25,San Luis Obispo,079,281455,10812,9749,235,9984,76
2020-12-25,San Mateo,081,765935,24779,22568,98,22666,187
2020-12-25,Santa Barbara,083,443738,17080,15936,464,16400,155
2020-12-25,Santa Clara,085,1922200,68759,63173,281,63454,612
2020-12-25,Santa Cruz,087,273765,9046,8018,310,8328,81
2020-12-25,Shasta,089,179085,8031,7612,657,8269,65
2020-12-25,Sierra,091,2930,32,24,3,27,0
2020-12-25,Siskiyou,093,43540,1004,905,92,997,2
2020-12-25,Solano,095,438530,18697,17280,190,17470,96
2020-12-25,Sonoma,097,501317,18916,18035,101,18136,184
2020-12-25,Stanislaus,099,539301,34302,32290,3010,35300,498
2020-12-25,Sutter,101,95872,6373,6051,43,6094,47
2020-12-25,Tehama,103,63373,2977,2839,262,3101,9
2020-12-25,Trinity,105,12862,408,236,55,291,2
2020-12-25,Tulare,107,460477,33243,31323,3476,34799,398
2020-12-25,Tuolumne,109,53932,2757,2674,13,2687,12
2020-12-25,Ventura,111,848112,38428,35514,1515,37029,230
2020-12-25,Yolo,113,214977,8388,7700,56,7756,111
2020-12-25,Yuba,115,75493,3764,3549,36,3585,17
2020-12-24,Alameda,001,1643700,50991,47527,875,48402,541
2020-12-24,Alpine,003,1148,66,64,0,64,0
2020-12-24,Amador,005,37829,2381,2145,18,2163,23
2020-12-24,Butte,007,227075,7440,6716,795,7511,84
2020-12-24,Calaveras,009,45235,1097,1032,2,1034,21
2020-12-24,Colusa,011,21464,1272,1188,68,1256,7
2020-12-24,Contra Costa,013,1133247,39389,36623,488,37111,311
2020-12-24,Del Norte,015,27424,741,678,2,680,2
2020-12-24,El Dorado,017,186661,5988,5042,269,5311,16
2020-12-24,Fresno,019,978130,66787,61435,4223,65658,663
2020-12-24,Glenn,021,27897,1514,1363,226,1589,9
2020-12-24,Humboldt,023,135768,1665,1516,7,1523,16
2020-12-24,Imperial,025,180216,22599,21545,1120,22665,402
2020-12-24,Inyo,027,18085,651,532,7,539,17
2020-12-24,Kern,029,883053,64450,59601,4524,64125,556
2020-12-24,Kings,031,150075,16114,15211,483,15694,108
2020-12-24,Lake,033,64148,1832,1629,0,1629,20
2020-12-24,Lassen,035,31185,4322,3894,44,3938,1
2020-12-24,Los Angeles,037,10098052,740190,664840,19143,683983,9288
2020-12-24,Madera,039,155013,10443,9547,395,9942,63
2020-12-24,Marin,041,260295,9670,9287,67,9354,143
2020-12-24,Mariposa,043,17540,220,197,2,199,3
2020-12-24,Mendocino,045,87422,2342,2150,19,2169,23
2020-12-24,Merced,047,269075,18477,17485,305,17790,212
2020-12-24,Modoc,049,8938,245,220,70,290,0
2020-12-24,Mono,051,14174,868,817,12,829,3
2020-12-24,Monterey,053,433212,27013,25131,651,25782,180
2020-12-24,Napa,055,140530,5713,5265,26,5291,26
2020-12-24,Nevada,057,99092,2661,2429,87,2516,15
2020-12-24,Orange,059,3164182,155570,141205,5836,147041,1775
2020-12-24,Placer,061,380077,14022,12457,504,12961,121
2020-12-24,Plumas,063,18699,457,376,8,384,0
2020-12-24,Riverside,065,2383286,178432,162435,7637,170072,1816
2020-12-24,Sacramento,067,1510023,63862,60596,559,61155,788
2020-12-24,San Benito,069,59416,3480,3183,27,3210,24
2020-12-24,San Bernardino,071,2135413,194008,176866,5163,182029,1533
2020-12-24,San Diego,073,3302833,153713,136952,6847,143799,1382
2020-12-24,San Francisco,075,870044,22989,21830,198,22028,175
2020-12-24,San Joaquin,077,732212,44791,41324,1437,42761,611
2020-12-24,San Luis Obispo,079,281455,10743,9504,233,9737,77
2020-12-24,San Mateo,081,765935,24584,22093,98,22191,186
2020-12-24,Santa Barbara,083,443738,16975,15644,456,16100,153
2020-12-24,Santa Clara,085,1922200,68147,61742,274,62016,591
2020-12-24,Santa Cruz,087,273765,8974,7856,298,8154,82
2020-12-24,Shasta,089,179085,7990,7540,640,8180,65
2020-12-24,Sierra,091,2930,29,23,1,24,0
2020-12-24,Siskiyou,093,43540,999,900,86,986,2
2020-12-24,Solano,095,438530,18556,16872,185,17057,96
2020-12-24,Sonoma,097,501317,18816,17710,101,17811,183
2020-12-24,Stanislaus,099,539301,34098,31848,2984,34832,498
2020-12-24,Sutter,101,95872,6332,5960,42,6002,47
2020-12-24,Tehama,103,63373,2959,2779,260,3039,9
2020-12-24,Trinity,105,12862,407,235,55,290,2
2020-12-24,Tulare,107,460477,33123,30827,3451,34278,390
2020-12-24,Tuolumne,109,53932,2749,2653,13,2666,12
2020-12-24,Ventura,111,848112,38148,34400,1508,35908,224
2020-12-24,Yolo,113,214977,8346,7566,55,7621,113
2020-12-24,Yuba,115,75493,3739,3483,36,3519,16
2020-12-23,Alameda,001,1643700,50412,46753,848,47601,537
2020-12-23,Alpine,003,1148,66,64,0,64,0
2020-12-23,Amador,005,37829,2312,2108,17,2125,23
2020-12-23,Butte,007,227075,7351,6588,769,7357,84
2020-12-23,Calaveras,009,45235,1089,1002,1,1003,21
2020-12-23,Colusa,011,21464,1261,1167,67,1234,7
2020-12-23,Contra Costa,013,1133247,38988,36190,475,36665,311
2020-12-23,Del Norte,015,27424,734,670,2,672,2
2020-12-23,El Dorado,017,186661,5913,4967,261,5228,14
2020-12-23,Fresno,019,978130,66177,60488,4158,64646,654
2020-12-23,Glenn,021,27897,1500,1349,222,1571,9
2020-12-23,Humboldt,023,135768,1640,1458,7,1465,16
2020-12-23,Imperial,025,180216,22504,21323,1091,22414,399
2020-12-23,Inyo,027,18085,639,517,7,524,17
2020-12-23,Kern,029,883053,63932,58656,4431,63087,549
2020-12-23,Kings,031,150075,16037,14923,480,15403,105
2020-12-23,Lake,033,64148,1819,1595,0,1595,20
2020-12-23,Lassen,035,31185,4312,3865,41,3906,1
2020-12-23,Los Angeles,037,10098052,731121,651958,18622,670580,9146
2020-12-23,Madera,039,155013,10284,9371,381,9752,63
2020-12-23,Marin,041,260295,9612,9199,64,9263,142
2020-12-23,Mariposa,043,17540,218,194,2,196,3
2020-12-23,Mendocino,045,87422,2330,2121,19,2140,23
2020-12-23,Merced,047,269075,18321,17250,297,17547,203
2020-12-23,Modoc,049,8938,241,197,69,266,0
2020-12-23,Mono,051,14174,865,814,12,826,3
2020-12-23,Monterey,053,433212,26713,24856,645,25501,176
2020-12-23,Napa,055,140530,5645,5172,26,5198,25
2020-12-23,Nevada,057,99092,2616,2406,86,2492,15
2020-12-23,Orange,059,3164182,153120,138050,5674,143724,1771
2020-12-23,Placer,061,380077,13812,12213,496,12709,111
2020-12-23,Plumas,063,18699,450,369,8,377,0
2020-12-23,Riverside,065,2383286,176161,158110,7482,165592,1790
2020-12-23,Sacramento,067,1510023,63212,59661,546,60207,779
2020-12-23,San Benito,069,59416,3426,3073,25,3098,24
2020-12-23,San Bernardino,071,2135413,191961,172888,5095,177983,1509
2020-12-23,San Diego,073,3302833,151287,134695,6710,141405,1350
2020-12-23,San Francisco,075,870044,22767,21498,195,21693,174
2020-12-23,San Joaquin,077,732212,44268,35664,1396,37060,602
2020-12-23,San Luis Obispo,079,281455,10601,9267,228,9495,74
2020-12-23,San Mateo,081,765935,24282,21780,96,21876,186
2020-12-23,Santa Barbara,083,443738,16767,15399,431,15830,152
2020-12-23,Santa Clara,085,1922200,67234,60455,269,60724,579
2020-12-23,Santa Cruz,087,273765,8814,7637,280,7917,75
2020-12-23,Shasta,089,179085,7918,7487,634,8121,66
2020-12-23,Sierra,091,2930,27,23,1,24,0
2020-12-23,Siskiyou,093,43540,978,891,85,976,2
2020-12-23,Solano,095,438530,18348,16626,181,16807,95
2020-12-23,Sonoma,097,501317,18612,17397,101,17498,182
2020-12-23,Stanislaus,099,539301,33744,31492,2931,34423,499
2020-12-23,Sutter,101,95872,6266,5871,42,5913,46
2020-12-23,Tehama,103,63373,2941,2737,253,2990,9
2020-12-23,Trinity,105,12862,407,234,54,288,2
2020-12-23,Tulare,107,460477,32830,30315,3414,33729,385
2020-12-23,Tuolumne,109,53932,2710,2540,13,2553,12
2020-12-23,Ventura,111,848112,37751,33377,1479,34856,216
2020-12-23,Yolo,113,214977,8268,7508,55,7563,112
2020-12-23,Yuba,115,75493,3686,3438,36,3474,14
2020-12-22,Alameda,001,1643700,49523,45751,818,46569,534
2020-12-22,Alpine,003,1148,66,64,0,64,0
2020-12-22,Amador,005,37829,2301,1839,17,1856,23
2020-12-22,Butte,007,227075,7223,6467,754,7221,85
2020-12-22,Calaveras,009,45235,1062,988,0,988,21
2020-12-22,Colusa,011,21464,1238,1150,64,1214,7
2020-12-22,Contra Costa,013,1133247,38363,35681,463,36144,301
2020-12-22,Del Norte,015,27424,727,666,2,668,2
2020-12-22,El Dorado,017,186661,5790,4885,249,5134,12
2020-12-22,Fresno,019,978130,65144,59640,4053,63693,640
2020-12-22,Glenn,021,27897,1477,1337,211,1548,9
2020-12-22,Humboldt,023,135768,1607,1440,7,1447,16
2020-12-22,Imperial,025,180216,22317,21128,1050,22178,398
2020-12-22,Inyo,027,18085,619,506,7,513,17
2020-12-22,Kern,029,883053,62979,57816,4296,62112,547
2020-12-22,Kings,031,150075,15895,14855,474,15329,102
2020-12-22,Lake,033,64148,1794,1569,0,1569,20
2020-12-22,Lassen,035,31185,4170,3848,39,3887,1
2020-12-22,Los Angeles,037,10098052,713849,635931,17954,653885,9013
2020-12-22,Madera,039,155013,10166,9187,365,9552,63
2020-12-22,Marin,041,260295,9548,9115,63,9178,142
2020-12-22,Mariposa,043,17540,215,194,2,196,3
2020-12-22,Mendocino,045,87422,2297,2092,19,2111,23
2020-12-22,Merced,047,269075,18075,17012,292,17304,201
2020-12-22,Modoc,049,8938,233,182,68,250,0
2020-12-22,Mono,051,14174,859,786,12,798,3
2020-12-22,Monterey,053,433212,26043,24152,624,24776,176
2020-12-22,Napa,055,140530,5556,5059,26,5085,23
2020-12-22,Nevada,057,99092,2588,2367,85,2452,14
2020-12-22,Orange,059,3164182,149782,134850,5502,140352,1774
2020-12-22,Placer,061,380077,13568,11943,476,12419,105
2020-12-22,Plumas,063,18699,444,360,8,368,0
2020-12-22,Riverside,065,2383286,172351,155059,7215,162274,1777
2020-12-22,Sacramento,067,1510023,62283,57966,527,58493,772
2020-12-22,San Benito,069,59416,3348,2998,25,3023,24
2020-12-22,San Bernardino,071,2135413,187370,169266,4949,174215,1500
2020-12-22,San Diego,073,3302833,147928,132097,6548,138645,1311
2020-12-22,San Francisco,075,870044,22497,21232,191,21423,174
2020-12-22,San Joaquin,077,732212,43508,39423,1348,40771,592
2020-12-22,San Luis Obispo,079,281455,10256,9174,223,9397,69
2020-12-22,San Mateo,081,765935,23956,21382,80,21462,186
2020-12-22,Santa Barbara,083,443738,16502,15189,421,15610,150
2020-12-22,Santa Clara,085,1922200,66062,59192,262,59454,569
2020-12-22,Santa Cruz,087,273765,8634,7471,254,7725,72
2020-12-22,Shasta,089,179085,7839,7371,617,7988,64
2020-12-22,Sierra,091,2930,27,23,0,23,0
2020-12-22,Siskiyou,093,43540,972,880,84,964,2
2020-12-22,Solano,095,438530,17945,16229,178,16407,95
2020-12-22,Sonoma,097,501317,18292,17216,101,17317,180
2020-12-22,Stanislaus,099,539301,33360,30914,2859,33773,499
2020-12-22,Sutter,101,95872,6207,5791,41,5832,46
2020-12-22,Tehama,103,63373,2891,2688,247,2935,9
2020-12-22,Trinity,105,12862,406,231,54,285,2
2020-12-22,Tulare,107,460477,32363,30025,3349,33374,377
2020-12-22,Tuolumne,109,53932,2659,2526,13,2539,12
2020-12-22,Ventura,111,848112,36986,32488,1436,33924,213
2020-12-22,Yolo,113,214977,8154,7388,54,7442,113
2020-12-22,Yuba,115,75493,3635,3379,36,3415,14
2020-12-21,Alameda,001,1643700,48626,44756,792,45548,518
2020-12-21,Alpine,003,1148,65,64,0,64,0
2020-12-21,Amador,005,37829,2224,1815,17,1832,23
2020-12-21,Butte,007,227075,7068,6335,731,7066,81
2020-12-21,Calaveras,009,45235,1032,963,0,963,21
2020-12-21,Colusa,011,21464,1211,1135,59,1194,7
2020-12-21,Contra Costa,013,1133247,37608,35207,426,35633,300
2020-12-21,Del Norte,015,27424,712,660,2,662,2
2020-12-21,El Dorado,017,186661,5644,4805,237,5042,10
2020-12-21,Fresno,019,978130,63994,58568,3911,62479,634
2020-12-21,Glenn,021,27897,1445,1323,203,1526,9
2020-12-21,Humboldt,023,135768,1584,1419,7,1426,16
2020-12-21,Imperial,025,180216,22048,20994,1008,22002,395
2020-12-21,Inyo,027,18085,598,482,7,489,17
2020-12-21,Kern,029,883053,62089,56836,4162,60998,541
2020-12-21,Kings,031,150075,15645,14760,459,15219,100
2020-12-21,Lake,033,64148,1739,1538,0,1538,20
2020-12-21,Lassen,035,31185,4010,3798,37,3835,1
2020-12-21,Los Angeles,037,10098052,694752,624129,17284,641413,8918
2020-12-21,Madera,039,155013,9972,9069,345,9414,63
2020-12-21,Marin,041,260295,9479,9035,63,9098,142
2020-12-21,Mariposa,043,17540,210,186,2,188,3
2020-12-21,Mendocino,045,87422,2266,2066,19,2085,23
2020-12-21,Merced,047,269075,17825,16710,276,16986,198
2020-12-21,Modoc,049,8938,219,181,67,248,0
2020-12-21,Mono,051,14174,847,781,12,793,3
2020-12-21,Monterey,053,433212,25512,23673,610,24283,174
2020-12-21,Napa,055,140530,5469,4952,26,4978,23
2020-12-21,Nevada,057,99092,2555,2337,85,2422,13
2020-12-21,Orange,059,3164182,146372,130444,5350,135794,1772
2020-12-21,Placer,061,380077,13336,11715,457,12172,105
2020-12-21,Plumas,063,18699,440,353,8,361,0
2020-12-21,Riverside,065,2383286,168124,151713,6894,158607,1743
2020-12-21,Sacramento,067,1510023,61263,57064,510,57574,759
2020-12-21,San Benito,069,59416,3280,2921,25,2946,22
2020-12-21,San Bernardino,071,2135413,182574,165086,4783,169869,1476
2020-12-21,San Diego,073,3302833,144477,129716,6384,136100,1284
2020-12-21,San Francisco,075,870044,22211,21086,189,21275,174
2020-12-21,San Joaquin,077,732212,42714,38811,1298,40109,586
2020-12-21,San Luis Obispo,079,281455,10067,9006,218,9224,64
2020-12-21,San Mateo,081,765935,23552,21035,77,21112,185
2020-12-21,Santa Barbara,083,443738,16227,14988,416,15404,149
2020-12-21,Santa Clara,085,1922200,64871,57699,250,57949,570
2020-12-21,Santa Cruz,087,273765,8423,7315,241,7556,69
2020-12-21,Shasta,089,179085,7774,7299,607,7906,64
2020-12-21,Sierra,091,2930,24,23,0,23,0
2020-12-21,Siskiyou,093,43540,965,878,83,961,2
2020-12-21,Solano,095,438530,17475,15878,173,16051,95
2020-12-21,Sonoma,097,501317,18019,17075,98,17173,176
2020-12-21,Stanislaus,099,539301,32903,30437,2785,33222,499
2020-12-21,Sutter,101,95872,6112,5708,41,5749,46
2020-12-21,Tehama,103,63373,2826,2656,238,2894,9
2020-12-21,Trinity,105,12862,404,226,52,278,2
2020-12-21,Tulare,107,460477,31869,29482,3261,32743,373
2020-12-21,Tuolumne,109,53932,2634,2423,11,2434,12
2020-12-21,Ventura,111,848112,35906,31759,1399,33158,212
2020-12-21,Yolo,113,214977,8009,7266,50,7316,109
2020-12-21,Yuba,115,75493,3576,3329,36,3365,14
2020-12-20,Alameda,001,1643700,47743,44004,770,44774,516
2020-12-20,Alpine,003,1148,65,64,0,64,0
2020-12-20,Amador,005,37829,2166,1771,17,1788,23
2020-12-20,Butte,007,227075,6922,6228,695,6923,81
2020-12-20,Calaveras,009,45235,1008,926,0,926,21
2020-12-20,Colusa,011,21464,1183,1121,53,1174,7
2020-12-20,Contra Costa,013,1133247,37021,34798,410,35208,301
2020-12-20,Del Norte,015,27424,690,652,2,654,2
2020-12-20,El Dorado,017,186661,5520,4697,228,4925,10
2020-12-20,Fresno,019,978130,63004,57616,3775,61391,634
2020-12-20,Glenn,021,27897,1436,1295,196,1491,9
2020-12-20,Humboldt,023,135768,1547,1386,6,1392,15
2020-12-20,Imperial,025,180216,21808,20882,906,21788,395
2020-12-20,Inyo,027,18085,583,476,7,483,17
2020-12-20,Kern,029,883053,60991,55983,4007,59990,540
2020-12-20,Kings,031,150075,15425,14629,443,15072,100
2020-12-20,Lake,033,64148,1693,1463,0,1463,20
2020-12-20,Lassen,035,31185,3956,3669,35,3704,1
2020-12-20,Los Angeles,037,10098052,676656,612975,16561,629536,8862
2020-12-20,Madera,039,155013,9762,8871,336,9207,63
2020-12-20,Marin,041,260295,9381,8948,60,9008,142
2020-12-20,Mariposa,043,17540,209,179,2,181,3
2020-12-20,Mendocino,045,87422,2241,2033,19,2052,23
2020-12-20,Merced,047,269075,17509,16435,269,16704,198
2020-12-20,Modoc,049,8938,219,181,65,246,0
2020-12-20,Mono,051,14174,829,774,12,786,3
2020-12-20,Monterey,053,433212,25029,23250,571,23821,173
2020-12-20,Napa,055,140530,5348,4865,24,4889,23
2020-12-20,Nevada,057,99092,2509,2289,79,2368,13
2020-12-20,Orange,059,3164182,142871,128780,5202,133982,1763
2020-12-20,Placer,061,380077,13111,11496,439,11935,105
2020-12-20,Plumas,063,18699,432,347,8,355,0
2020-12-20,Riverside,065,2383286,163918,148714,6604,155318,1742
2020-12-20,Sacramento,067,1510023,60263,56017,490,56507,755
2020-12-20,San Benito,069,59416,3208,2885,24,2909,21
2020-12-20,San Bernardino,071,2135413,177584,162810,4627,167437,1458
2020-12-20,San Diego,073,3302833,140759,126465,6214,132679,1280
2020-12-20,San Francisco,075,870044,21896,20937,186,21123,174
2020-12-20,San Joaquin,077,732212,41870,38268,1238,39506,587
2020-12-20,San Luis Obispo,079,281455,9775,8881,212,9093,63
2020-12-20,San Mateo,081,765935,23118,20764,73,20837,185
2020-12-20,Santa Barbara,083,443738,15905,14817,397,15214,148
2020-12-20,Santa Clara,085,1922200,63463,56860,244,57104,566
2020-12-20,Santa Cruz,087,273765,8215,7178,228,7406,69
2020-12-20,Shasta,089,179085,7660,7256,593,7849,64
2020-12-20,Sierra,091,2930,24,22,0,22,0
2020-12-20,Siskiyou,093,43540,956,870,82,952,2
2020-12-20,Solano,095,438530,17097,15533,162,15695,95
2020-12-20,Sonoma,097,501317,17743,16802,97,16899,175
2020-12-20,Stanislaus,099,539301,32377,29995,2684,32679,498
2020-12-20,Sutter,101,95872,6025,5601,41,5642,43
2020-12-20,Tehama,103,63373,2777,2602,219,2821,9
2020-12-20,Trinity,105,12862,396,221,51,272,2
2020-12-20,Tulare,107,460477,31350,29078,3166,32244,373
2020-12-20,Tuolumne,109,53932,2526,2152,10,2162,12
2020-12-20,Ventura,111,848112,35204,31335,1367,32702,210
2020-12-20,Yolo,113,214977,7857,7121,47,7168,109
2020-12-20,Yuba,115,75493,3529,3254,34,3288,12
2020-12-19,Alameda,001,1643700,47297,43109,763,43872,516
2020-12-19,Alpine,003,1148,65,64,0,64,0
2020-12-19,Amador,005,37829,2142,1754,17,1771,23
2020-12-19,Butte,007,227075,6822,6118,672,6790,81
2020-12-19,Calaveras,009,45235,991,900,0,900,21
2020-12-19,Colusa,011,21464,1175,1096,50,1146,7
2020-12-19,Contra Costa,013,1133247,36705,34321,396,34717,301
2020-12-19,Del Norte,015,27424,688,641,1,642,2
2020-12-19,El Dorado,017,186661,5453,4588,220,4808,10
2020-12-19,Fresno,019,978130,62679,55428,3707,59135,634
2020-12-19,Glenn,021,27897,1401,1286,195,1481,9
2020-12-19,Humboldt,023,135768,1530,1357,6,1363,15
2020-12-19,Imperial,025,180216,21715,20711,860,21571,395
2020-12-19,Inyo,027,18085,576,475,7,482,17
2020-12-19,Kern,029,883053,60506,55118,3901,59019,540
2020-12-19,Kings,031,150075,15346,14474,441,14915,100
2020-12-19,Lake,033,64148,1658,1438,0,1438,20
2020-12-19,Lassen,035,31185,3928,3595,35,3630,1
2020-12-19,Los Angeles,037,10098052,669541,599888,16035,615923,8804
2020-12-19,Madera,039,155013,9670,8717,324,9041,63
2020-12-19,Marin,041,260295,9341,8864,60,8924,142
2020-12-19,Mariposa,043,17540,207,177,2,179,3
2020-12-19,Mendocino,045,87422,2216,2008,19,2027,23
2020-12-19,Merced,047,269075,17370,16230,261,16491,198
2020-12-19,Modoc,049,8938,216,181,65,246,0
2020-12-19,Mono,051,14174,822,766,12,778,3
2020-12-19,Monterey,053,433212,24915,22799,566,23365,172
2020-12-19,Napa,055,140530,5286,4772,24,4796,23
2020-12-19,Nevada,057,99092,2487,2260,79,2339,13
2020-12-19,Orange,059,3164182,140950,125574,5053,130627,1733
2020-12-19,Placer,061,380077,12956,11246,433,11679,105
2020-12-19,Plumas,063,18699,429,343,8,351,0
2020-12-19,Riverside,065,2383286,161931,146703,6372,153075,1737
2020-12-19,Sacramento,067,1510023,59731,55169,476,55645,746
2020-12-19,San Benito,069,59416,3162,2820,23,2843,21
2020-12-19,San Bernardino,071,2135413,176010,159883,4520,164403,1433
2020-12-19,San Diego,073,3302833,138992,122972,6075,129047,1280
2020-12-19,San Francisco,075,870044,21745,20643,186,20829,174
2020-12-19,San Joaquin,077,732212,41469,37340,1189,38529,586
2020-12-19,San Luis Obispo,079,281455,9704,8788,209,8997,63
2020-12-19,San Mateo,081,765935,22909,20393,66,20459,182
2020-12-19,Santa Barbara,083,443738,15749,14667,391,15058,148
2020-12-19,Santa Clara,085,1922200,62648,55540,240,55780,558
2020-12-19,Santa Cruz,087,273765,8110,7054,223,7277,68
2020-12-19,Shasta,089,179085,7608,7221,581,7802,63
2020-12-19,Sierra,091,2930,24,23,0,23,0
2020-12-19,Siskiyou,093,43540,952,853,81,934,2
2020-12-19,Solano,095,438530,16931,15204,158,15362,95
2020-12-19,Sonoma,097,501317,17634,16553,97,16650,175
2020-12-19,Stanislaus,099,539301,32056,29555,2612,32167,498
2020-12-19,Sutter,101,95872,5968,5506,41,5547,41
2020-12-19,Tehama,103,63373,2728,2574,217,2791,9
2020-12-19,Trinity,105,12862,395,219,51,270,2
2020-12-19,Tulare,107,460477,31127,28734,3100,31834,375
2020-12-19,Tuolumne,109,53932,2513,2107,10,2117,12
2020-12-19,Ventura,111,848112,34923,30843,1337,32180,209
2020-12-19,Yolo,113,214977,7788,7025,46,7071,109
2020-12-19,Yuba,115,75493,3497,3168,34,3202,11
2020-12-18,Alameda,001,1643700,46759,42196,747,42943,515
2020-12-18,Alpine,003,1148,65,64,0,64,0
2020-12-18,Amador,005,37829,2125,1727,15,1742,20
2020-12-18,Butte,007,227075,6737,5891,646,6537,81
2020-12-18,Calaveras,009,45235,981,870,0,870,21
2020-12-18,Colusa,011,21464,1166,1068,50,1118,7
2020-12-18,Contra Costa,013,1133247,36420,33610,385,33995,300
2020-12-18,Del Norte,015,27424,683,627,0,627,2
2020-12-18,El Dorado,017,186661,5391,4494,211,4705,10
2020-12-18,Fresno,019,978130,61852,52643,3643,56286,613
2020-12-18,Glenn,021,27897,1384,1264,190,1454,9
2020-12-18,Humboldt,023,135768,1515,1331,6,1337,15
2020-12-18,Imperial,025,180216,21636,20430,814,21244,393
2020-12-18,Inyo,027,18085,556,454,7,461,17
2020-12-18,Kern,029,883053,59846,54220,3816,58036,533
2020-12-18,Kings,031,150075,15220,14284,435,14719,98
2020-12-18,Lake,033,64148,1646,1397,0,1397,20
2020-12-18,Lassen,035,31185,3920,3486,35,3521,1
2020-12-18,Los Angeles,037,10098052,657397,586413,15541,601954,8744
2020-12-18,Madera,039,155013,9568,8609,319,8928,63
2020-12-18,Marin,041,260295,9257,8799,60,8859,142
2020-12-18,Mariposa,043,17540,204,176,2,178,3
2020-12-18,Mendocino,045,87422,2198,1977,19,1996,24
2020-12-18,Merced,047,269075,17289,15956,259,16215,195
2020-12-18,Modoc,049,8938,216,179,65,244,0
2020-12-18,Mono,051,14174,814,731,12,743,3
2020-12-18,Monterey,053,433212,24621,22336,561,22897,165
2020-12-18,Napa,055,140530,5237,4688,24,4712,23
2020-12-18,Nevada,057,99092,2470,2220,78,2298,13
2020-12-18,Orange,059,3164182,138513,121681,4904,126585,1725
2020-12-18,Placer,061,380077,12785,10995,425,11420,104
2020-12-18,Plumas,063,18699,423,336,8,344,0
2020-12-18,Riverside,065,2383286,159091,142375,6109,148484,1733
2020-12-18,Sacramento,067,1510023,59105,53980,460,54440,736
2020-12-18,San Benito,069,59416,3113,2744,23,2767,21
2020-12-18,San Bernardino,071,2135413,173710,154272,4386,158658,1430
2020-12-18,San Diego,073,3302833,136814,120463,5936,126399,1253
2020-12-18,San Francisco,075,870044,21579,20315,180,20495,173
2020-12-18,San Joaquin,077,732212,41111,36484,1159,37643,559
2020-12-18,San Luis Obispo,079,281455,9606,8598,204,8802,62
2020-12-18,San Mateo,081,765935,22596,19971,62,20033,182
2020-12-18,Santa Barbara,083,443738,15608,14361,378,14739,148
2020-12-18,Santa Clara,085,1922200,61775,53992,231,54223,539
2020-12-18,Santa Cruz,087,273765,7994,6838,215,7053,68
2020-12-18,Shasta,089,179085,7570,7114,570,7684,62
2020-12-18,Sierra,091,2930,24,23,0,23,0
2020-12-18,Siskiyou,093,43540,950,840,81,921,2
2020-12-18,Solano,095,438530,16778,14667,154,14821,95
2020-12-18,Sonoma,097,501317,17515,16261,97,16358,173
2020-12-18,Stanislaus,099,539301,31783,28967,2576,31543,490
2020-12-18,Sutter,101,95872,5884,5399,41,5440,39
2020-12-18,Tehama,103,63373,2713,2523,207,2730,9
2020-12-18,Trinity,105,12862,394,215,51,266,2
2020-12-18,Tulare,107,460477,30849,28322,3021,31343,370
2020-12-18,Tuolumne,109,53932,2502,2067,10,2077,12
2020-12-18,Ventura,111,848112,34419,29907,1294,31201,209
2020-12-18,Yolo,113,214977,7720,6901,45,6946,109
2020-12-18,Yuba,115,75493,3439,3097,34,3131,11
2020-12-17,Alameda,001,1643700,45952,41548,720,42268,508
2020-12-17,Alpine,003,1148,65,64,0,64,0
2020-12-17,Amador,005,37829,2077,1703,13,1716,19
2020-12-17,Butte,007,227075,6611,5746,628,6374,78
2020-12-17,Calaveras,009,45235,958,848,0,848,21
2020-12-17,Colusa,011,21464,1155,1053,48,1101,7
2020-12-17,Contra Costa,013,1133247,35895,33006,353,33359,293
2020-12-17,Del Norte,015,27424,678,583,0,583,1
2020-12-17,El Dorado,017,186661,5245,4327,198,4525,9
2020-12-17,Fresno,019,978130,60991,49918,3517,53435,597
2020-12-17,Glenn,021,27897,1360,1244,183,1427,9
2020-12-17,Humboldt,023,135768,1482,1322,6,1328,14
2020-12-17,Imperial,025,180216,21473,20208,748,20956,391
2020-12-17,Inyo,027,18085,538,450,6,456,16
2020-12-17,Kern,029,883053,58889,53683,3681,57364,526
2020-12-17,Kings,031,150075,15117,14057,420,14477,98
2020-12-17,Lake,033,64148,1621,1374,0,1374,20
2020-12-17,Lassen,035,31185,3884,3417,35,3452,1
2020-12-17,Los Angeles,037,10098052,641732,571093,14997,586090,8657
2020-12-17,Madera,039,155013,9451,8465,315,8780,62
2020-12-17,Marin,041,260295,9193,8721,58,8779,142
2020-12-17,Mariposa,043,17540,200,172,2,174,3
2020-12-17,Mendocino,045,87422,2164,1942,19,1961,23
2020-12-17,Merced,047,269075,17027,15648,251,15899,192
2020-12-17,Modoc,049,8938,213,179,65,244,0
2020-12-17,Mono,051,14174,800,718,12,730,3
2020-12-17,Monterey,053,433212,24102,21951,546,22497,163
2020-12-17,Napa,055,140530,5125,4612,24,4636,23
2020-12-17,Nevada,057,99092,2429,2173,75,2248,13
2020-12-17,Orange,059,3164182,135140,118367,4771,123138,1725
2020-12-17,Placer,061,380077,12511,10756,411,11167,99
2020-12-17,Plumas,063,18699,414,324,8,332,0
2020-12-17,Riverside,065,2383286,155207,139325,5894,145219,1696
2020-12-17,Sacramento,067,1510023,58199,53189,438,53627,721
2020-12-17,San Benito,069,59416,3044,2645,22,2667,20
2020-12-17,San Bernardino,071,2135413,169769,149838,4271,154109,1425
2020-12-17,San Diego,073,3302833,134013,116852,5780,122632,1239
2020-12-17,San Francisco,075,870044,21292,19939,175,20114,170
2020-12-17,San Joaquin,077,732212,40384,35894,1125,37019,554
2020-12-17,San Luis Obispo,079,281455,9487,8365,203,8568,59
2020-12-17,San Mateo,081,765935,22226,19647,62,19709,181
2020-12-17,Santa Barbara,083,443738,15375,14207,371,14578,147
2020-12-17,Santa Clara,085,1922200,60605,52559,225,52784,527
2020-12-17,Santa Cruz,087,273765,7839,6687,202,6889,64
2020-12-17,Shasta,089,179085,7493,7000,551,7551,62
2020-12-17,Sierra,091,2930,23,23,0,23,0
2020-12-17,Siskiyou,093,43540,942,827,80,907,2
2020-12-17,Solano,095,438530,16472,14361,152,14513,96
2020-12-17,Sonoma,097,501317,17243,15993,96,16089,171
2020-12-17,Stanislaus,099,539301,31358,28582,2517,31099,489
2020-12-17,Sutter,101,95872,5786,5309,39,5348,39
2020-12-17,Tehama,103,63373,2664,2480,201,2681,9
2020-12-17,Trinity,105,12862,389,213,51,264,2
2020-12-17,Tulare,107,460477,30457,27852,2943,30795,358
2020-12-17,Tuolumne,109,53932,2211,1992,10,2002,11
2020-12-17,Ventura,111,848112,33809,29404,1258,30662,208
2020-12-17,Yolo,113,214977,7595,6800,44,6844,105
2020-12-17,Yuba,115,75493,3380,3035,32,3067,12
2020-12-16,Alameda,001,1643700,45098,40751,695,41446,497
2020-12-16,Alpine,003,1148,65,64,0,64,0
2020-12-16,Amador,005,37829,2030,1693,12,1705,19
2020-12-16,Butte,007,227075,6422,5659,600,6259,76
2020-12-16,Calaveras,009,45235,923,821,0,821,21
2020-12-16,Colusa,011,21464,1142,1038,45,1083,7
2020-12-16,Contra Costa,013,1133247,35338,32429,334,32763,293
2020-12-16,Del Norte,015,27424,676,575,0,575,1
2020-12-16,El Dorado,017,186661,5124,4237,189,4426,9
2020-12-16,Fresno,019,978130,60034,49173,3421,52594,584
2020-12-16,Glenn,021,27897,1342,1236,172,1408,9
2020-12-16,Humboldt,023,135768,1450,1308,5,1313,12
2020-12-16,Imperial,025,180216,21291,19980,684,20664,388
2020-12-16,Inyo,027,18085,525,444,6,450,16
2020-12-16,Kern,029,883053,58012,52896,3550,56446,522
2020-12-16,Kings,031,150075,14937,13734,403,14137,99
2020-12-16,Lake,033,64148,1581,1363,0,1363,20
2020-12-16,Lassen,035,31185,3851,3396,34,3430,1
2020-12-16,Los Angeles,037,10098052,625188,557907,14325,572232,8561
2020-12-16,Madera,039,155013,9326,8278,307,8585,62
2020-12-16,Marin,041,260295,9122,8641,58,8699,142
2020-12-16,Mariposa,043,17540,197,175,2,177,3
2020-12-16,Mendocino,045,87422,2129,1929,19,1948,23
2020-12-16,Merced,047,269075,16741,15443,248,15691,190
2020-12-16,Modoc,049,8938,210,178,65,243,0
2020-12-16,Mono,051,14174,781,702,12,714,3
2020-12-16,Monterey,053,433212,23543,21107,535,21642,163
2020-12-16,Napa,055,140530,5028,4544,24,4568,23
2020-12-16,Nevada,057,99092,2393,2149,73,2222,13
2020-12-16,Orange,059,3164182,131664,115260,4604,119864,1712
2020-12-16,Placer,061,380077,12274,10554,390,10944,96
2020-12-16,Plumas,063,18699,405,319,8,327,0
2020-12-16,Riverside,065,2383286,151083,135751,5646,141397,1664
2020-12-16,Sacramento,067,1510023,57226,52166,413,52579,715
2020-12-16,San Benito,069,59416,2953,2582,22,2604,20
2020-12-16,San Bernardino,071,2135413,165162,143565,4137,147702,1403
2020-12-16,San Diego,073,3302833,130909,114248,5626,119874,1217
2020-12-16,San Francisco,075,870044,21033,19624,175,19799,170
2020-12-16,San Joaquin,077,732212,39562,35010,1085,36095,547
2020-12-16,San Luis Obispo,079,281455,9292,8252,194,8446,58
2020-12-16,San Mateo,081,765935,21901,19292,58,19350,179
2020-12-16,Santa Barbara,083,443738,15125,13966,359,14325,144
2020-12-16,Santa Clara,085,1922200,59363,51502,222,51724,523
2020-12-16,Santa Cruz,087,273765,7655,6536,191,6727,63
2020-12-16,Shasta,089,179085,7420,6914,528,7442,62
2020-12-16,Sierra,091,2930,23,23,0,23,0
2020-12-16,Siskiyou,093,43540,934,818,80,898,2
2020-12-16,Solano,095,438530,16005,14157,148,14305,96
2020-12-16,Sonoma,097,501317,16987,15768,96,15864,170
2020-12-16,Stanislaus,099,539301,30857,28279,2444,30723,489
2020-12-16,Sutter,101,95872,5706,5223,39,5262,39
2020-12-16,Tehama,103,63373,2631,2441,177,2618,9
2020-12-16,Trinity,105,12862,383,212,51,263,2
2020-12-16,Tulare,107,460477,30033,27500,2843,30343,352
2020-12-16,Tuolumne,109,53932,2168,1941,10,1951,11
2020-12-16,Ventura,111,848112,33035,28566,1215,29781,203
2020-12-16,Yolo,113,214977,7467,6649,43,6692,103
2020-12-16,Yuba,115,75493,3294,2980,31,3011,11
2020-12-15,Alameda,001,1643700,44243,40026,673,40699,492
2020-12-15,Alpine,003,1148,65,64,0,64,0
2020-12-15,Amador,005,37829,1917,1669,10,1679,19
2020-12-15,Butte,007,227075,6283,5565,571,6136,75
2020-12-15,Calaveras,009,45235,891,799,0,799,21
2020-12-15,Colusa,011,21464,1129,1026,44,1070,7
2020-12-15,Contra Costa,013,1133247,34682,31423,320,31743,281
2020-12-15,Del Norte,015,27424,665,564,0,564,1
2020-12-15,El Dorado,017,186661,5016,4113,175,4288,9
2020-12-15,Fresno,019,978130,58661,47316,3287,50603,574
2020-12-15,Glenn,021,27897,1329,1207,156,1363,9
2020-12-15,Humboldt,023,135768,1430,1276,5,1281,12
2020-12-15,Imperial,025,180216,21071,19756,606,20362,380
2020-12-15,Inyo,027,18085,512,394,6,400,16
2020-12-15,Kern,029,883053,57002,52002,3444,55446,511
2020-12-15,Kings,031,150075,14773,13652,384,14036,97
2020-12-15,Lake,033,64148,1556,1341,0,1341,21
2020-12-15,Lassen,035,31185,3679,3378,33,3411,1
2020-12-15,Los Angeles,037,10098052,608800,536258,13690,549948,8429
2020-12-15,Madera,039,155013,9172,8118,300,8418,60
2020-12-15,Marin,041,260295,9014,8528,56,8584,141
2020-12-15,Mariposa,043,17540,193,171,2,173,3
2020-12-15,Mendocino,045,87422,2102,1883,19,1902,24
2020-12-15,Merced,047,269075,16443,15120,244,15364,190
2020-12-15,Modoc,049,8938,208,179,65,244,0
2020-12-15,Mono,051,14174,765,702,12,714,3
2020-12-15,Monterey,053,433212,22945,19905,474,20379,161
2020-12-15,Napa,055,140530,4925,4440,24,4464,23
2020-12-15,Nevada,057,99092,2360,2117,71,2188,11
2020-12-15,Orange,059,3164182,128016,112893,4454,117347,1689
2020-12-15,Placer,061,380077,12040,10301,368,10669,95
2020-12-15,Plumas,063,18699,400,313,8,321,0
2020-12-15,Riverside,065,2383286,147026,131822,5370,137192,1624
2020-12-15,Sacramento,067,1510023,56210,51076,400,51476,703
2020-12-15,San Benito,069,59416,2874,2520,21,2541,19
2020-12-15,San Bernardino,071,2135413,160704,137548,3986,141534,1351
2020-12-15,San Diego,073,3302833,127342,111441,5463,116904,1194
2020-12-15,San Francisco,075,870044,20723,19283,172,19455,171
2020-12-15,San Joaquin,077,732212,38636,33849,1051,34900,537
2020-12-15,San Luis Obispo,079,281455,9183,8074,191,8265,55
2020-12-15,San Mateo,081,765935,21492,18907,56,18963,178
2020-12-15,Santa Barbara,083,443738,14898,13782,351,14133,144
2020-12-15,Santa Clara,085,1922200,57926,50311,219,50530,505
2020-12-15,Santa Cruz,087,273765,7470,6361,178,6539,59
2020-12-15,Shasta,089,179085,7361,6794,503,7297,54
2020-12-15,Sierra,091,2930,23,23,0,23,0
2020-12-15,Siskiyou,093,43540,925,812,79,891,2
2020-12-15,Solano,095,438530,15655,13796,148,13944,95
2020-12-15,Sonoma,097,501317,16766,15406,96,15502,167
2020-12-15,Stanislaus,099,539301,30344,27823,2363,30186,485
2020-12-15,Sutter,101,95872,5608,5080,38,5118,36
2020-12-15,Tehama,103,63373,2593,2392,171,2563,9
2020-12-15,Trinity,105,12862,375,213,49,262,1
2020-12-15,Tulare,107,460477,29546,27026,2754,29780,342
2020-12-15,Tuolumne,109,53932,2138,1874,10,1884,8
2020-12-15,Ventura,111,848112,32413,27936,1168,29104,201
2020-12-15,Yolo,113,214977,7345,6531,41,6572,104
2020-12-15,Yuba,115,75493,3200,2891,30,2921,11
2020-12-14,Alameda,001,1643700,43345,39252,654,39906,487
2020-12-14,Alpine,003,1148,65,63,0,63,0
2020-12-14,Amador,005,37829,1845,1609,10,1619,19
2020-12-14,Butte,007,227075,6115,5202,554,5756,75
2020-12-14,Calaveras,009,45235,853,718,0,718,21
2020-12-14,Colusa,011,21464,1105,949,43,992,7
2020-12-14,Contra Costa,013,1133247,33985,30594,306,30900,281
2020-12-14,Del Norte,015,27424,659,560,0,560,1
2020-12-14,El Dorado,017,186661,4860,4018,159,4177,9
2020-12-14,Fresno,019,978130,57638,44726,3112,47838,560
2020-12-14,Glenn,021,27897,1303,1186,148,1334,9
2020-12-14,Humboldt,023,135768,1417,1256,5,1261,9
2020-12-14,Imperial,025,180216,20832,19608,531,20139,379
2020-12-14,Inyo,027,18085,498,382,6,388,16
2020-12-14,Kern,029,883053,55965,50538,3323,53861,510
2020-12-14,Kings,031,150075,14588,13491,357,13848,97
2020-12-14,Lake,033,64148,1508,1301,0,1301,21
2020-12-14,Lassen,035,31185,3581,2905,30,2935,1
2020-12-14,Los Angeles,037,10098052,591165,524668,13058,537726,8340
2020-12-14,Madera,039,155013,8905,8011,291,8302,60
2020-12-14,Marin,041,260295,8931,8475,55,8530,141
2020-12-14,Mariposa,043,17540,192,171,2,173,3
2020-12-14,Mendocino,045,87422,2081,1845,19,1864,24
2020-12-14,Merced,047,269075,16035,14572,230,14802,189
2020-12-14,Modoc,049,8938,202,180,63,243,0
2020-12-14,Mono,051,14174,757,685,12,697,3
2020-12-14,Monterey,053,433212,22423,19154,468,19622,155
2020-12-14,Napa,055,140530,4832,4289,24,4313,22
2020-12-14,Nevada,057,99092,2323,2070,68,2138,11
2020-12-14,Orange,059,3164182,124132,108602,4318,112920,1688
2020-12-14,Placer,061,380077,11759,9551,357,9908,95
2020-12-14,Plumas,063,18699,388,309,8,317,0
2020-12-14,Riverside,065,2383286,142897,123715,5109,128824,1588
2020-12-14,Sacramento,067,1510023,55102,50304,375,50679,691
2020-12-14,San Benito,069,59416,2808,2467,20,2487,19
2020-12-14,San Bernardino,071,2135413,156254,129151,3858,133009,1347
2020-12-14,San Diego,073,3302833,123606,109578,5278,114856,1162
2020-12-14,San Francisco,075,870044,20347,18904,170,19074,171
2020-12-14,San Joaquin,077,732212,37795,32522,1005,33527,534
2020-12-14,San Luis Obispo,079,281455,8937,7791,187,7978,52
2020-12-14,San Mateo,081,765935,20995,18361,53,18414,178
2020-12-14,Santa Barbara,083,443738,14625,13587,343,13930,144
2020-12-14,Santa Clara,085,1922200,56367,49180,208,49388,502
2020-12-14,Santa Cruz,087,273765,7284,6049,163,6212,54
2020-12-14,Shasta,089,179085,7272,6665,485,7150,54
2020-12-14,Sierra,091,2930,23,21,0,21,0
2020-12-14,Siskiyou,093,43540,902,764,73,837,2
2020-12-14,Solano,095,438530,15294,13352,147,13499,93
2020-12-14,Sonoma,097,501317,16460,14807,95,14902,167
2020-12-14,Stanislaus,099,539301,29811,27311,2314,29625,485
2020-12-14,Sutter,101,95872,5504,5001,31,5032,35
2020-12-14,Tehama,103,63373,2551,2344,168,2512,9
2020-12-14,Trinity,105,12862,371,205,47,252,1
2020-12-14,Tulare,107,460477,29071,25735,2666,28401,341
2020-12-14,Tuolumne,109,53932,2085,1647,10,1657,8
2020-12-14,Ventura,111,848112,31490,27436,1110,28546,202
2020-12-14,Yolo,113,214977,7184,6389,40,6429,95
2020-12-14,Yuba,115,75493,3138,2851,30,2881,11
2020-12-13,Alameda,001,1643700,42148,38064,629,38693,486
2020-12-13,Alpine,003,1148,65,63,0,63,0
2020-12-13,Amador,005,37829,1789,1457,9,1466,19
2020-12-13,Butte,007,227075,5967,5103,514,5617,75
2020-12-13,Calaveras,009,45235,819,710,0,710,21
2020-12-13,Colusa,011,21464,1089,945,40,985,7
2020-12-13,Contra Costa,013,1133247,33256,29667,300,29967,281
2020-12-13,Del Norte,015,27424,606,542,0,542,1
2020-12-13,El Dorado,017,186661,4759,3770,148,3918,9
2020-12-13,Fresno,019,978130,56531,44114,2957,47071,559
2020-12-13,Glenn,021,27897,1290,1171,137,1308,9
2020-12-13,Humboldt,023,135768,1394,1238,4,1242,9
2020-12-13,Imperial,025,180216,20542,19472,411,19883,379
2020-12-13,Inyo,027,18085,477,380,6,386,16
2020-12-13,Kern,029,883053,54934,49051,3168,52219,510
2020-12-13,Kings,031,150075,14308,13357,339,13696,97
2020-12-13,Lake,033,64148,1467,1271,0,1271,21
2020-12-13,Lassen,035,31185,3474,2867,25,2892,1
2020-12-13,Los Angeles,037,10098052,573540,517472,12365,529837,8294
2020-12-13,Madera,039,155013,8723,7909,278,8187,60
2020-12-13,Marin,041,260295,8811,8409,55,8464,141
2020-12-13,Mariposa,043,17540,188,167,2,169,3
2020-12-13,Mendocino,045,87422,2047,1793,19,1812,24
2020-12-13,Merced,047,269075,15684,14384,227,14611,189
2020-12-13,Modoc,049,8938,192,179,57,236,0
2020-12-13,Mono,051,14174,741,675,12,687,3
2020-12-13,Monterey,053,433212,22002,18913,454,19367,153
2020-12-13,Napa,055,140530,4726,4194,24,4218,22
2020-12-13,Nevada,057,99092,2276,2030,66,2096,11
2020-12-13,Orange,059,3164182,120200,104768,4145,108913,1688
2020-12-13,Placer,061,380077,11445,9405,339,9744,95
2020-12-13,Plumas,063,18699,382,291,8,299,0
2020-12-13,Riverside,065,2383286,138770,119691,4848,124539,1581
2020-12-13,Sacramento,067,1510023,53834,49480,346,49826,682
2020-12-13,San Benito,069,59416,2739,2408,19,2427,19
2020-12-13,San Bernardino,071,2135413,151354,126718,3699,130417,1333
2020-12-13,San Diego,073,3302833,120006,107372,5109,112481,1162
2020-12-13,San Francisco,075,870044,20002,18686,161,18847,167
2020-12-13,San Joaquin,077,732212,36992,32170,965,33135,534
2020-12-13,San Luis Obispo,079,281455,8746,7625,179,7804,52
2020-12-13,San Mateo,081,765935,20504,18090,47,18137,177
2020-12-13,Santa Barbara,083,443738,14356,13249,329,13578,144
2020-12-13,Santa Clara,085,1922200,54944,47920,199,48119,499
2020-12-13,Santa Cruz,087,273765,7035,5986,152,6138,54
2020-12-13,Shasta,089,179085,7198,6647,459,7106,54
2020-12-13,Sierra,091,2930,23,21,0,21,0
2020-12-13,Siskiyou,093,43540,890,762,68,830,2
2020-12-13,Solano,095,438530,14856,13276,144,13420,93
2020-12-13,Sonoma,097,501317,16146,14495,94,14589,167
2020-12-13,Stanislaus,099,539301,29246,26569,2252,28821,485
2020-12-13,Sutter,101,95872,5377,4798,27,4825,34
2020-12-13,Tehama,103,63373,2506,2325,153,2478,9
2020-12-13,Trinity,105,12862,365,204,47,251,1
2020-12-13,Tulare,107,460477,28581,25496,2582,28078,340
2020-12-13,Tuolumne,109,53932,2023,1611,10,1621,8
2020-12-13,Ventura,111,848112,30487,26588,1050,27638,202
2020-12-13,Yolo,113,214977,7001,6265,34,6299,95
2020-12-13,Yuba,115,75493,3073,2754,27,2781,11
2020-12-12,Alameda,001,1643700,41706,37027,609,37636,486
2020-12-12,Alpine,003,1148,65,63,0,63,0
2020-12-12,Amador,005,37829,1761,1236,8,1244,19
2020-12-12,Butte,007,227075,5894,4972,502,5474,73
2020-12-12,Calaveras,009,45235,809,708,0,708,21
2020-12-12,Colusa,011,21464,1069,945,39,984,7
2020-12-12,Contra Costa,013,1133247,32912,29506,291,29797,281
2020-12-12,Del Norte,015,27424,598,529,0,529,1
2020-12-12,El Dorado,017,186661,4684,3706,131,3837,9
2020-12-12,Fresno,019,978130,56180,43756,2897,46653,559
2020-12-12,Glenn,021,27897,1282,1143,133,1276,8
2020-12-12,Humboldt,023,135768,1375,1208,4,1212,9
2020-12-12,Imperial,025,180216,20456,18947,357,19304,379
2020-12-12,Inyo,027,18085,473,380,6,386,16
2020-12-12,Kern,029,883053,54414,48194,3082,51276,507
2020-12-12,Kings,031,150075,14219,13205,335,13540,96
2020-12-12,Lake,033,64148,1450,1232,0,1232,21
2020-12-12,Lassen,035,31185,3451,2866,22,2888,1
2020-12-12,Los Angeles,037,10098052,566733,504317,11865,516182,8269
2020-12-12,Madera,039,155013,8596,7765,275,8040,59
2020-12-12,Marin,041,260295,8757,8363,54,8417,141
2020-12-12,Mariposa,043,17540,187,164,2,166,3
2020-12-12,Mendocino,045,87422,2011,1771,19,1790,24
2020-12-12,Merced,047,269075,15593,14181,223,14404,188
2020-12-12,Modoc,049,8938,191,169,54,223,0
2020-12-12,Mono,051,14174,734,640,12,652,3
2020-12-12,Monterey,053,433212,21889,18596,425,19021,151
2020-12-12,Napa,055,140530,4681,4113,24,4137,22
2020-12-12,Nevada,057,99092,2258,1981,64,2045,10
2020-12-12,Orange,059,3164182,118312,100468,3998,104466,1674
2020-12-12,Placer,061,380077,11280,9390,334,9724,95
2020-12-12,Plumas,063,18699,376,291,8,299,0
2020-12-12,Riverside,065,2383286,136714,118335,4645,122980,1579
2020-12-12,Sacramento,067,1510023,53250,48319,333,48652,673
2020-12-12,San Benito,069,59416,2683,2355,19,2374,19
2020-12-12,San Bernardino,071,2135413,149721,125741,3596,129337,1321
2020-12-12,San Diego,073,3302833,118385,104958,5012,109970,1151
2020-12-12,San Francisco,075,870044,19812,18413,157,18570,167
2020-12-12,San Joaquin,077,732212,36667,32200,935,33135,534
2020-12-12,San Luis Obispo,079,281455,8647,7462,173,7635,50
2020-12-12,San Mateo,081,765935,20283,17574,46,17620,177
2020-12-12,Santa Barbara,083,443738,14204,13174,321,13495,144
2020-12-12,Santa Clara,085,1922200,53996,45892,196,46088,498
2020-12-12,Santa Cruz,087,273765,6937,5905,143,6048,54
2020-12-12,Shasta,089,179085,7165,6551,441,6992,54
2020-12-12,Sierra,091,2930,23,21,0,21,0
2020-12-12,Siskiyou,093,43540,888,762,65,827,2
2020-12-12,Solano,095,438530,14658,12748,137,12885,93
2020-12-12,Sonoma,097,501317,16025,14466,94,14560,166
2020-12-12,Stanislaus,099,539301,28945,26246,2203,28449,483
2020-12-12,Sutter,101,95872,5315,4717,27,4744,32
2020-12-12,Tehama,103,63373,2488,2252,148,2400,9
2020-12-12,Trinity,105,12862,363,204,45,249,1
2020-12-12,Tulare,107,460477,28323,25333,2525,27858,341
2020-12-12,Tuolumne,109,53932,1980,1536,10,1546,8
2020-12-12,Ventura,111,848112,30043,25955,1017,26972,202
2020-12-12,Yolo,113,214977,6919,6116,32,6148,95
2020-12-12,Yuba,115,75493,3046,2692,26,2718,10
2020-12-11,Alameda,001,1643700,41139,36281,597,36878,482
2020-12-11,Alpine,003,1148,65,63,0,63,0
2020-12-11,Amador,005,37829,1745,1213,8,1221,19
2020-12-11,Butte,007,227075,5821,4941,484,5425,73
2020-12-11,Calaveras,009,45235,793,697,0,697,21
2020-12-11,Colusa,011,21464,1059,923,37,960,7
2020-12-11,Contra Costa,013,1133247,32489,29036,287,29323,282
2020-12-11,Del Norte,015,27424,592,505,0,505,1
2020-12-11,El Dorado,017,186661,4603,3669,116,3785,9
2020-12-11,Fresno,019,978130,55168,43071,2831,45902,550
2020-12-11,Glenn,021,27897,1266,1135,129,1264,8
2020-12-11,Humboldt,023,135768,1357,1190,4,1194,9
2020-12-11,Imperial,025,180216,20367,18599,313,18912,377
2020-12-11,Inyo,027,18085,462,372,6,378,16
2020-12-11,Kern,029,883053,53736,47664,3019,50683,502
2020-12-11,Kings,031,150075,14075,13118,331,13449,94
2020-12-11,Lake,033,64148,1436,1205,0,1205,21
2020-12-11,Lassen,035,31185,3439,2790,21,2811,1
2020-12-11,Los Angeles,037,10098052,554925,493592,11455,505047,8198
2020-12-11,Madera,039,155013,8505,7648,265,7913,59
2020-12-11,Marin,041,260295,8663,8317,53,8370,141
2020-12-11,Mariposa,043,17540,186,164,2,166,3
2020-12-11,Mendocino,045,87422,1987,1769,19,1788,24
2020-12-11,Merced,047,269075,15473,14038,215,14253,186
2020-12-11,Modoc,049,8938,191,168,53,221,0
2020-12-11,Mono,051,14174,724,631,12,643,3
2020-12-11,Monterey,053,433212,21588,18421,420,18841,150
2020-12-11,Napa,055,140530,4626,4054,24,4078,22
2020-12-11,Nevada,057,99092,2241,1959,61,2020,10
2020-12-11,Orange,059,3164182,116000,98357,3896,102253,1656
2020-12-11,Placer,061,380077,11118,8904,318,9222,93
2020-12-11,Plumas,063,18699,368,286,8,294,0
2020-12-11,Riverside,065,2383286,133646,115329,4427,119756,1573
2020-12-11,Sacramento,067,1510023,52589,47468,325,47793,669
2020-12-11,San Benito,069,59416,2632,2319,19,2338,19
2020-12-11,San Bernardino,071,2135413,147032,123092,3482,126574,1313
2020-12-11,San Diego,073,3302833,116425,102468,4929,107397,1137
2020-12-11,San Francisco,075,870044,19582,18246,156,18402,165
2020-12-11,San Joaquin,077,732212,36322,32044,907,32951,534
2020-12-11,San Luis Obispo,079,281455,8486,7415,171,7586,49
2020-12-11,San Mateo,081,765935,20012,17240,35,17275,177
2020-12-11,Santa Barbara,083,443738,14061,12997,313,13310,144
2020-12-11,Santa Clara,085,1922200,52992,45101,187,45288,494
2020-12-11,Santa Cruz,087,273765,6824,5764,134,5898,50
2020-12-11,Shasta,089,179085,7120,6459,434,6893,54
2020-12-11,Sierra,091,2930,23,19,0,19,0
2020-12-11,Siskiyou,093,43540,881,753,62,815,2
2020-12-11,Solano,095,438530,14472,12554,133,12687,92
2020-12-11,Sonoma,097,501317,15858,14298,92,14390,166
2020-12-11,Stanislaus,099,539301,28676,25928,2160,28088,464
2020-12-11,Sutter,101,95872,5252,4600,26,4626,30
2020-12-11,Tehama,103,63373,2458,2232,144,2376,9
2020-12-11,Trinity,105,12862,360,204,45,249,1
2020-12-11,Tulare,107,460477,27964,24953,2478,27431,338
2020-12-11,Tuolumne,109,53932,1965,1510,10,1520,8
2020-12-11,Ventura,111,848112,29437,24999,995,25994,202
2020-12-11,Yolo,113,214977,6813,6006,31,6037,95
2020-12-11,Yuba,115,75493,2986,2649,25,2674,10
2020-12-10,Alameda,001,1643700,40370,35686,575,36261,477
2020-12-10,Alpine,003,1148,65,63,0,63,0
2020-12-10,Amador,005,37829,1688,1191,8,1199,18
2020-12-10,Butte,007,227075,5706,4863,457,5320,72
2020-12-10,Calaveras,009,45235,775,684,0,684,21
2020-12-10,Colusa,011,21464,1036,909,34,943,7
2020-12-10,Contra Costa,013,1133247,31808,28413,281,28694,276
2020-12-10,Del Norte,015,27424,582,501,0,501,1
2020-12-10,El Dorado,017,186661,4485,3557,111,3668,9
2020-12-10,Fresno,019,978130,54190,42461,2690,45151,540
2020-12-10,Glenn,021,27897,1246,1126,120,1246,8
2020-12-10,Humboldt,023,135768,1337,1140,4,1144,9
2020-12-10,Imperial,025,180216,20153,18333,236,18569,370
2020-12-10,Inyo,027,18085,441,365,6,371,15
2020-12-10,Kern,029,883053,52754,47176,2855,50031,499
2020-12-10,Kings,031,150075,13917,12993,325,13318,92
2020-12-10,Lake,033,64148,1395,1167,0,1167,21
2020-12-10,Lassen,035,31185,3417,2764,17,2781,0
2020-12-10,Los Angeles,037,10098052,540948,480354,10926,491280,8149
2020-12-10,Madera,039,155013,8398,7445,250,7695,59
2020-12-10,Marin,041,260295,8610,8245,52,8297,140
2020-12-10,Mariposa,043,17540,185,160,2,162,3
2020-12-10,Mendocino,045,87422,1961,1748,16,1764,24
2020-12-10,Merced,047,269075,15227,13756,212,13968,186
2020-12-10,Modoc,049,8938,186,165,51,216,0
2020-12-10,Mono,051,14174,719,601,12,613,3
2020-12-10,Monterey,053,433212,21107,18266,410,18676,145
2020-12-10,Napa,055,140530,4540,3974,23,3997,22
2020-12-10,Nevada,057,99092,2205,1919,61,1980,10
2020-12-10,Orange,059,3164182,112902,95297,3735,99032,1651
2020-12-10,Placer,061,380077,10865,8906,301,9207,90
2020-12-10,Plumas,063,18699,357,281,8,289,0
2020-12-10,Riverside,065,2383286,129959,112794,4159,116953,1552
2020-12-10,Sacramento,067,1510023,51689,46471,303,46774,664
2020-12-10,San Benito,069,59416,2572,2268,18,2286,19
2020-12-10,San Bernardino,071,2135413,142795,120186,3309,123495,1306
2020-12-10,San Diego,073,3302833,113900,99601,4780,104381,1114
2020-12-10,San Francisco,075,870044,19270,17945,148,18093,164
2020-12-10,San Joaquin,077,732212,35686,31228,878,32106,534
2020-12-10,San Luis Obispo,079,281455,8323,7245,160,7405,49
2020-12-10,San Mateo,081,765935,19569,16701,25,16726,177
2020-12-10,Santa Barbara,083,443738,13882,12788,305,13093,143
2020-12-10,Santa Clara,085,1922200,51856,43939,173,44112,491
2020-12-10,Santa Cruz,087,273765,6657,5645,121,5766,48
2020-12-10,Shasta,089,179085,7053,6312,409,6721,53
2020-12-10,Sierra,091,2930,23,18,0,18,0
2020-12-10,Siskiyou,093,43540,871,712,61,773,2
2020-12-10,Solano,095,438530,14107,12017,127,12144,90
2020-12-10,Sonoma,097,501317,15603,14282,90,14372,167
2020-12-10,Stanislaus,099,539301,28213,25582,2091,27673,464
2020-12-10,Sutter,101,95872,5122,4528,24,4552,27
2020-12-10,Tehama,103,63373,2414,2190,136,2326,9
2020-12-10,Trinity,105,12862,356,202,43,245,1
2020-12-10,Tulare,107,460477,27508,24506,2413,26919,337
2020-12-10,Tuolumne,109,53932,1723,1451,10,1461,8
2020-12-10,Ventura,111,848112,28586,24075,951,25026,202
2020-12-10,Yolo,113,214977,6692,5896,30,5926,95
2020-12-10,Yuba,115,75493,2922,2604,24,2628,10
2020-12-09,Alameda,001,1643700,39532,35047,554,35601,470
2020-12-09,Alpine,003,1148,65,58,0,58,0
2020-12-09,Amador,005,37829,1645,1121,8,1129,19
2020-12-09,Butte,007,227075,5563,4733,437,5170,70
2020-12-09,Calaveras,009,45235,746,670,0,670,21
2020-12-09,Colusa,011,21464,1021,896,33,929,7
2020-12-09,Contra Costa,013,1133247,31104,28308,270,28578,273
2020-12-09,Del Norte,015,27424,569,481,0,481,2
2020-12-09,El Dorado,017,186661,4350,3449,103,3552,8
2020-12-09,Fresno,019,978130,53190,41954,2537,44491,533
2020-12-09,Glenn,021,27897,1232,1107,114,1221,8
2020-12-09,Humboldt,023,135768,1305,1086,4,1090,10
2020-12-09,Imperial,025,180216,19898,17757,200,17957,368
2020-12-09,Inyo,027,18085,428,356,6,362,15
2020-12-09,Kern,029,883053,51595,46379,2709,49088,494
2020-12-09,Kings,031,150075,13772,12716,317,13033,92
2020-12-09,Lake,033,64148,1367,1158,0,1158,20
2020-12-09,Lassen,035,31185,3348,2331,15,2346,0
2020-12-09,Los Angeles,037,10098052,527454,467971,10385,478356,8075
2020-12-09,Madera,039,155013,8285,7216,247,7463,59
2020-12-09,Marin,041,260295,8548,8182,51,8233,138
2020-12-09,Mariposa,043,17540,183,154,2,156,3
2020-12-09,Mendocino,045,87422,1935,1703,15,1718,24
2020-12-09,Merced,047,269075,14986,13588,206,13794,183
2020-12-09,Modoc,049,8938,181,146,42,188,0
2020-12-09,Mono,051,14174,707,601,12,613,3
2020-12-09,Monterey,053,433212,20706,17891,402,18293,143
2020-12-09,Napa,055,140530,4454,3858,22,3880,21
2020-12-09,Nevada,057,99092,2152,1864,61,1925,10
2020-12-09,Orange,059,3164182,109813,93763,3566,97329,1629
2020-12-09,Placer,061,380077,10604,8588,287,8875,85
2020-12-09,Plumas,063,18699,349,271,8,279,0
2020-12-09,Riverside,065,2383286,126263,110376,3955,114331,1543
2020-12-09,Sacramento,067,1510023,50626,45284,277,45561,659
2020-12-09,San Benito,069,59416,2499,2217,16,2233,19
2020-12-09,San Bernardino,071,2135413,138516,114516,3112,117628,1305
2020-12-09,San Diego,073,3302833,110920,97551,4641,102192,1103
2020-12-09,San Francisco,075,870044,18969,17628,147,17775,163
2020-12-09,San Joaquin,077,732212,34871,30539,853,31392,531
2020-12-09,San Luis Obispo,079,281455,8105,7105,152,7257,47
2020-12-09,San Mateo,081,765935,19120,16422,24,16446,175
2020-12-09,Santa Barbara,083,443738,13682,12630,295,12925,142
2020-12-09,Santa Clara,085,1922200,50698,42912,158,43070,489
2020-12-09,Santa Cruz,087,273765,6499,5527,106,5633,47
2020-12-09,Shasta,089,179085,6988,6105,395,6500,52
2020-12-09,Sierra,091,2930,23,18,0,18,0
2020-12-09,Siskiyou,093,43540,860,713,60,773,2
2020-12-09,Solano,095,438530,13759,11862,119,11981,90
2020-12-09,Sonoma,097,501317,15347,13994,87,14081,164
2020-12-09,Stanislaus,099,539301,27716,25157,2030,27187,463
2020-12-09,Sutter,101,95872,5004,4418,20,4438,24
2020-12-09,Tehama,103,63373,2378,2102,132,2234,9
2020-12-09,Trinity,105,12862,348,199,40,239,0
2020-12-09,Tulare,107,460477,26912,24124,2336,26460,334
2020-12-09,Tuolumne,109,53932,1690,1319,10,1329,8
2020-12-09,Ventura,111,848112,27723,23830,909,24739,201
2020-12-09,Yolo,113,214977,6567,5760,28,5788,95
2020-12-09,Yuba,115,75493,2854,2513,23,2536,10
2020-12-08,Alameda,001,1643700,38631,34373,538,34911,469
2020-12-08,Alpine,003,1148,64,53,0,53,0
2020-12-08,Amador,005,37829,1359,1043,8,1051,17
2020-12-08,Butte,007,227075,5405,4651,397,5048,70
2020-12-08,Calaveras,009,45235,722,657,0,657,21
2020-12-08,Colusa,011,21464,1005,875,32,907,6
2020-12-08,Contra Costa,013,1133247,30403,27926,253,28179,270
2020-12-08,Del Norte,015,27424,553,465,0,465,2
2020-12-08,El Dorado,017,186661,4226,3296,90,3386,8
2020-12-08,Fresno,019,978130,51926,41574,2383,43957,529
2020-12-08,Glenn,021,27897,1212,1094,106,1200,8
2020-12-08,Humboldt,023,135768,1279,1059,4,1063,10
2020-12-08,Imperial,025,180216,19383,17568,193,17761,363
2020-12-08,Inyo,027,18085,405,333,6,339,15
2020-12-08,Kern,029,883053,50301,45116,2556,47672,487
2020-12-08,Kings,031,150075,13618,12623,308,12931,90
2020-12-08,Lake,033,64148,1325,1127,0,1127,20
2020-12-08,Lassen,035,31185,3192,2165,15,2180,0
2020-12-08,Los Angeles,037,10098052,514753,459738,9911,469649,8004
2020-12-08,Madera,039,155013,8154,7082,234,7316,59
2020-12-08,Marin,041,260295,8468,8099,50,8149,137
2020-12-08,Mariposa,043,17540,179,150,2,152,2
2020-12-08,Mendocino,045,87422,1893,1666,15,1681,23
2020-12-08,Merced,047,269075,14675,13380,205,13585,181
2020-12-08,Modoc,049,8938,173,138,39,177,0
2020-12-08,Mono,051,14174,693,597,12,609,3
2020-12-08,Monterey,053,433212,20135,17752,395,18147,134
2020-12-08,Napa,055,140530,4367,3778,20,3798,22
2020-12-08,Nevada,057,99092,2098,1809,58,1867,11
2020-12-08,Orange,059,3164182,106592,91406,3402,94808,1629
2020-12-08,Placer,061,380077,10336,8224,282,8506,82
2020-12-08,Plumas,063,18699,339,258,8,266,0
2020-12-08,Riverside,065,2383286,122900,107620,3777,111397,1514
2020-12-08,Sacramento,067,1510023,49562,44635,262,44897,649
2020-12-08,San Benito,069,59416,2446,2180,16,2196,18
2020-12-08,San Bernardino,071,2135413,134172,110676,2989,113665,1301
2020-12-08,San Diego,073,3302833,107549,95447,4484,99931,1088
2020-12-08,San Francisco,075,870044,18659,17384,145,17529,162
2020-12-08,San Joaquin,077,732212,33976,30225,820,31045,530
2020-12-08,San Luis Obispo,079,281455,7976,6903,141,7044,45
2020-12-08,San Mateo,081,765935,18721,16305,24,16329,175
2020-12-08,Santa Barbara,083,443738,13498,12516,286,12802,141
2020-12-08,Santa Clara,085,1922200,49391,41309,149,41458,484
2020-12-08,Santa Cruz,087,273765,6320,5374,104,5478,45
2020-12-08,Shasta,089,179085,6878,5946,387,6333,50
2020-12-08,Sierra,091,2930,22,18,0,18,0
2020-12-08,Siskiyou,093,43540,846,704,58,762,2
2020-12-08,Solano,095,438530,13357,11669,117,11786,89
2020-12-08,Sonoma,097,501317,15088,13601,86,13687,164
2020-12-08,Stanislaus,099,539301,27228,24793,1965,26758,461
2020-12-08,Sutter,101,95872,4909,4342,19,4361,24
2020-12-08,Tehama,103,63373,2304,2057,124,2181,9
2020-12-08,Trinity,105,12862,339,198,39,237,0
2020-12-08,Tulare,107,460477,26308,23607,2275,25882,330
2020-12-08,Tuolumne,109,53932,1666,1264,10,1274,7
2020-12-08,Ventura,111,848112,27060,23665,867,24532,195
2020-12-08,Yolo,113,214977,6435,5560,28,5588,90
2020-12-08,Yuba,115,75493,2777,2477,23,2500,10
2020-12-07,Alameda,001,1643700,37766,33887,503,34390,466
2020-12-07,Alpine,003,1148,63,53,0,53,0
2020-12-07,Amador,005,37829,1284,993,7,1000,17
2020-12-07,Butte,007,227075,5269,4604,376,4980,67
2020-12-07,Calaveras,009,45235,692,606,0,606,21
2020-12-07,Colusa,011,21464,980,825,27,852,6
2020-12-07,Contra Costa,013,1133247,29788,27307,240,27547,270
2020-12-07,Del Norte,015,27424,541,424,0,424,2
2020-12-07,El Dorado,017,186661,4047,3275,83,3358,8
2020-12-07,Fresno,019,978130,50452,41098,2262,43360,526
2020-12-07,Glenn,021,27897,1193,1085,100,1185,8
2020-12-07,Humboldt,023,135768,1244,1023,4,1027,9
2020-12-07,Imperial,025,180216,18961,17234,183,17417,364
2020-12-07,Inyo,027,18085,390,333,6,339,15
2020-12-07,Kern,029,883053,49276,44409,2422,46831,486
2020-12-07,Kings,031,150075,13475,12412,300,12712,90
2020-12-07,Lake,033,64148,1298,1090,0,1090,20
2020-12-07,Lassen,035,31185,3095,2167,15,2182,0
2020-12-07,Los Angeles,037,10098052,501081,451052,9478,460530,7937
2020-12-07,Madera,039,155013,7889,6935,229,7164,59
2020-12-07,Marin,041,260295,8410,8049,49,8098,136
2020-12-07,Mariposa,043,17540,176,146,2,148,2
2020-12-07,Mendocino,045,87422,1857,1638,14,1652,23
2020-12-07,Merced,047,269075,14316,13250,196,13446,179
2020-12-07,Modoc,049,8938,166,128,36,164,0
2020-12-07,Mono,051,14174,680,590,12,602,3
2020-12-07,Monterey,053,433212,19654,17746,384,18130,132
2020-12-07,Napa,055,140530,4276,3684,20,3704,21
2020-12-07,Nevada,057,99092,2049,1777,57,1834,11
2020-12-07,Orange,059,3164182,103327,89793,3283,93076,1628
2020-12-07,Placer,061,380077,10010,7911,268,8179,82
2020-12-07,Plumas,063,18699,327,256,5,261,0
2020-12-07,Riverside,065,2383286,119703,102363,3596,105959,1491
2020-12-07,Sacramento,067,1510023,48467,43419,245,43664,638
2020-12-07,San Benito,069,59416,2395,2165,15,2180,18
2020-12-07,San Bernardino,071,2135413,130218,108161,2873,111034,1295
2020-12-07,San Diego,073,3302833,104760,94171,4303,98474,1062
2020-12-07,San Francisco,075,870044,18368,17220,138,17358,161
2020-12-07,San Joaquin,077,732212,33100,28188,794,28982,530
2020-12-07,San Luis Obispo,079,281455,7794,6782,134,6916,45
2020-12-07,San Mateo,081,765935,18282,16029,23,16052,175
2020-12-07,Santa Barbara,083,443738,13257,12362,276,12638,141
2020-12-07,Santa Clara,085,1922200,48006,40621,140,40761,484
2020-12-07,Santa Cruz,087,273765,6155,5152,98,5250,41
2020-12-07,Shasta,089,179085,6755,5742,372,6114,50
2020-12-07,Sierra,091,2930,20,18,0,18,0
2020-12-07,Siskiyou,093,43540,819,652,58,710,2
2020-12-07,Solano,095,438530,13018,11354,113,11467,89
2020-12-07,Sonoma,097,501317,14804,13376,86,13462,164
2020-12-07,Stanislaus,099,539301,26670,24479,1913,26392,454
2020-12-07,Sutter,101,95872,4768,4106,19,4125,24
2020-12-07,Tehama,103,63373,2253,2030,119,2149,9
2020-12-07,Trinity,105,12862,335,194,39,233,0
2020-12-07,Tulare,107,460477,25771,22760,2218,24978,328
2020-12-07,Tuolumne,109,53932,1581,1256,9,1265,7
2020-12-07,Ventura,111,848112,26473,23354,831,24185,191
2020-12-07,Yolo,113,214977,6273,5537,27,5564,90
2020-12-07,Yuba,115,75493,2709,2428,21,2449,10
2020-12-06,Alameda,001,1643700,36776,33477,483,33960,465
2020-12-06,Alpine,003,1148,59,53,0,53,0
2020-12-06,Amador,005,37829,1221,952,6,958,17
2020-12-06,Butte,007,227075,5116,4527,343,4870,67
2020-12-06,Calaveras,009,45235,672,606,0,606,21
2020-12-06,Colusa,011,21464,963,824,23,847,6
2020-12-06,Contra Costa,013,1133247,29182,26566,234,26800,270
2020-12-06,Del Norte,015,27424,486,414,0,414,2
2020-12-06,El Dorado,017,186661,3910,3086,78,3164,8
2020-12-06,Fresno,019,978130,49497,40869,2147,43016,526
2020-12-06,Glenn,021,27897,1183,1067,96,1163,8
2020-12-06,Humboldt,023,135768,1219,1004,4,1008,9
2020-12-06,Imperial,025,180216,18647,16922,174,17096,364
2020-12-06,Inyo,027,18085,377,333,6,339,15
2020-12-06,Kern,029,883053,48287,43899,2253,46152,486
2020-12-06,Kings,031,150075,13203,12056,283,12339,90
2020-12-06,Lake,033,64148,1261,1075,0,1075,20
2020-12-06,Lassen,035,31185,2991,2168,13,2181,0
2020-12-06,Los Angeles,037,10098052,487484,443230,9044,452274,7910
2020-12-06,Madera,039,155013,7718,6826,220,7046,59
2020-12-06,Marin,041,260295,8329,8013,47,8060,136
2020-12-06,Mariposa,043,17540,175,144,2,146,2
2020-12-06,Mendocino,045,87422,1817,1614,14,1628,23
2020-12-06,Merced,047,269075,13981,12928,187,13115,179
2020-12-06,Modoc,049,8938,153,125,29,154,0
2020-12-06,Mono,051,14174,658,586,10,596,3
2020-12-06,Monterey,053,433212,19036,17426,374,17800,130
2020-12-06,Napa,055,140530,4164,3644,20,3664,21
2020-12-06,Nevada,057,99092,1990,1710,54,1764,10
2020-12-06,Orange,059,3164182,100261,87737,3153,90890,1627
2020-12-06,Placer,061,380077,9728,7837,248,8085,82
2020-12-06,Plumas,063,18699,314,254,4,258,0
2020-12-06,Riverside,065,2383286,116609,100088,3375,103463,1482
2020-12-06,Sacramento,067,1510023,47229,42808,230,43038,638
2020-12-06,San Benito,069,59416,2358,2135,15,2150,18
2020-12-06,San Bernardino,071,2135413,126066,106927,2717,109644,1286
2020-12-06,San Diego,073,3302833,101727,92173,4149,96322,1062
2020-12-06,San Francisco,075,870044,18046,17107,131,17238,161
2020-12-06,San Joaquin,077,732212,32265,28188,766,28954,530
2020-12-06,San Luis Obispo,079,281455,7629,6723,129,6852,45
2020-12-06,San Mateo,081,765935,17778,15855,21,15876,175
2020-12-06,Santa Barbara,083,443738,13025,12252,267,12519,141
2020-12-06,Santa Clara,085,1922200,46632,39112,134,39246,482
2020-12-06,Santa Cruz,087,273765,5981,5069,92,5161,40
2020-12-06,Shasta,089,179085,6614,5743,351,6094,49
2020-12-06,Sierra,091,2930,20,17,0,17,0
2020-12-06,Siskiyou,093,43540,801,652,56,708,2
2020-12-06,Solano,095,438530,12733,11354,103,11457,88
2020-12-06,Sonoma,097,501317,14515,13238,85,13323,164
2020-12-06,Stanislaus,099,539301,26121,24036,1850,25886,454
2020-12-06,Sutter,101,95872,4652,4009,18,4027,21
2020-12-06,Tehama,103,63373,2194,1982,110,2092,9
2020-12-06,Trinity,105,12862,328,181,37,218,0
2020-12-06,Tulare,107,460477,25247,22756,2152,24908,327
2020-12-06,Tuolumne,109,53932,1485,1210,9,1219,7
2020-12-06,Ventura,111,848112,25932,23035,806,23841,191
2020-12-06,Yolo,113,214977,6112,5465,23,5488,90
2020-12-06,Yuba,115,75493,2665,2340,20,2360,10
2020-12-05,Alameda,001,1643700,36418,32781,472,33253,465
2020-12-05,Alpine,003,1148,58,53,0,53,0
2020-12-05,Amador,005,37829,1197,847,6,853,17
2020-12-05,Butte,007,227075,5048,4455,324,4779,66
2020-12-05,Calaveras,009,45235,660,606,0,606,21
2020-12-05,Colusa,011,21464,945,825,20,845,6
2020-12-05,Contra Costa,013,1133247,28890,26217,227,26444,270
2020-12-05,Del Norte,015,27424,480,408,0,408,2
2020-12-05,El Dorado,017,186661,3845,3061,73,3134,8
2020-12-05,Fresno,019,978130,49178,40568,2093,42661,525
2020-12-05,Glenn,021,27897,1170,1056,90,1146,8
2020-12-05,Humboldt,023,135768,1186,979,4,983,9
2020-12-05,Imperial,025,180216,18479,16544,173,16717,362
2020-12-05,Inyo,027,18085,372,332,6,338,15
2020-12-05,Kern,029,883053,47824,43332,2168,45500,484
2020-12-05,Kings,031,150075,13122,11898,280,12178,90
2020-12-05,Lake,033,64148,1234,1069,0,1069,20
2020-12-05,Lassen,035,31185,2800,2168,11,2179,0
2020-12-05,Los Angeles,037,10098052,481682,433120,8729,441849,7888
2020-12-05,Madera,039,155013,7625,6619,213,6832,59
2020-12-05,Marin,041,260295,8302,7961,47,8008,136
2020-12-05,Mariposa,043,17540,170,143,2,145,2
2020-12-05,Mendocino,045,87422,1778,1585,14,1599,23
2020-12-05,Merced,047,269075,13874,12747,176,12923,180
2020-12-05,Modoc,049,8938,153,118,28,146,0
2020-12-05,Mono,051,14174,653,554,10,564,3
2020-12-05,Monterey,053,433212,18890,17077,370,17447,127
2020-12-05,Napa,055,140530,4093,3565,20,3585,21
2020-12-05,Nevada,057,99092,1975,1642,52,1694,10
2020-12-05,Orange,059,3164182,98796,85735,3057,88792,1612
2020-12-05,Placer,061,380077,9608,7811,239,8050,78
2020-12-05,Plumas,063,18699,307,246,1,247,0
2020-12-05,Riverside,065,2383286,114997,98612,3200,101812,1477
2020-12-05,Sacramento,067,1510023,46564,41878,216,42094,625
2020-12-05,San Benito,069,59416,2314,2073,15,2088,18
2020-12-05,San Bernardino,071,2135413,124540,105382,2589,107971,1283
2020-12-05,San Diego,073,3302833,100375,90470,4068,94538,1055
2020-12-05,San Francisco,075,870044,17862,16786,127,16913,161
2020-12-05,San Joaquin,077,732212,31998,28105,733,28838,523
2020-12-05,San Luis Obispo,079,281455,7562,6623,126,6749,44
2020-12-05,San Mateo,081,765935,17521,15512,21,15533,175
2020-12-05,Santa Barbara,083,443738,12925,12107,261,12368,141
2020-12-05,Santa Clara,085,1922200,45890,38339,129,38468,474
2020-12-05,Santa Cruz,087,273765,5908,4997,90,5087,40
2020-12-05,Shasta,089,179085,6553,5653,340,5993,49
2020-12-05,Sierra,091,2930,20,17,0,17,0
2020-12-05,Siskiyou,093,43540,793,649,55,704,2
2020-12-05,Solano,095,438530,12564,11351,101,11452,87
2020-12-05,Sonoma,097,501317,14419,13137,85,13222,164
2020-12-05,Stanislaus,099,539301,25807,23662,1816,25478,454
2020-12-05,Sutter,101,95872,4587,3937,18,3955,20
2020-12-05,Tehama,103,63373,2178,1926,108,2034,9
2020-12-05,Trinity,105,12862,327,177,37,214,0
2020-12-05,Tulare,107,460477,25033,22660,2095,24755,324
2020-12-05,Tuolumne,109,53932,1428,1180,9,1189,7
2020-12-05,Ventura,111,848112,25561,22710,792,23502,191
2020-12-05,Yolo,113,214977,6035,5351,22,5373,90
2020-12-05,Yuba,115,75493,2628,2275,20,2295,10
2020-12-04,Alameda,001,1643700,35869,31871,459,32330,465
2020-12-04,Alpine,003,1148,58,53,0,53,0
2020-12-04,Amador,005,37829,1183,766,3,769,16
2020-12-04,Butte,007,227075,4976,4336,304,4640,65
2020-12-04,Calaveras,009,45235,655,585,0,585,21
2020-12-04,Colusa,011,21464,931,790,18,808,6
2020-12-04,Contra Costa,013,1133247,28546,25705,215,25920,264
2020-12-04,Del Norte,015,27424,469,401,0,401,2
2020-12-04,El Dorado,017,186661,3757,2933,70,3003,7
2020-12-04,Fresno,019,978130,48469,40108,2025,42133,522
2020-12-04,Glenn,021,27897,1164,1017,82,1099,8
2020-12-04,Humboldt,023,135768,1168,960,4,964,9
2020-12-04,Imperial,025,180216,18237,16484,173,16657,362
2020-12-04,Inyo,027,18085,364,324,6,330,15
2020-12-04,Kern,029,883053,47273,42497,2066,44563,485
2020-12-04,Kings,031,150075,13029,11767,274,12041,88
2020-12-04,Lake,033,64148,1206,1018,0,1018,20
2020-12-04,Lassen,035,31185,2793,2167,10,2177,0
2020-12-04,Los Angeles,037,10098052,473060,424164,8437,432601,7845
2020-12-04,Madera,039,155013,7534,6479,210,6689,58
2020-12-04,Marin,041,260295,8251,7896,44,7940,136
2020-12-04,Mariposa,043,17540,170,136,2,138,2
2020-12-04,Mendocino,045,87422,1759,1563,13,1576,23
2020-12-04,Merced,047,269075,13759,12474,168,12642,177
2020-12-04,Modoc,049,8938,153,115,28,143,0
2020-12-04,Mono,051,14174,648,549,10,559,3
2020-12-04,Monterey,053,433212,18678,16737,361,17098,127
2020-12-04,Napa,055,140530,4039,3432,20,3452,19
2020-12-04,Nevada,057,99092,1950,1560,49,1609,10
2020-12-04,Orange,059,3164182,96876,83738,2992,86730,1597
2020-12-04,Placer,061,380077,9484,7461,226,7687,76
2020-12-04,Plumas,063,18699,300,232,0,232,0
2020-12-04,Riverside,065,2383286,112800,95255,3043,98298,1475
2020-12-04,Sacramento,067,1510023,45800,41061,199,41260,618
2020-12-04,San Benito,069,59416,2281,2006,15,2021,17
2020-12-04,San Bernardino,071,2135413,122269,102418,2481,104899,1290
2020-12-04,San Diego,073,3302833,98891,88183,3981,92164,1047
2020-12-04,San Francisco,075,870044,17671,16499,127,16626,161
2020-12-04,San Joaquin,077,732212,31562,27806,696,28502,522
2020-12-04,San Luis Obispo,079,281455,7477,6473,123,6596,42
2020-12-04,San Mateo,081,765935,17233,15112,20,15132,173
2020-12-04,Santa Barbara,083,443738,12818,11947,254,12201,141
2020-12-04,Santa Clara,085,1922200,44968,37465,123,37588,468
2020-12-04,Santa Cruz,087,273765,5821,4985,88,5073,32
2020-12-04,Shasta,089,179085,6465,5439,330,5769,49
2020-12-04,Sierra,091,2930,19,17,0,17,0
2020-12-04,Siskiyou,093,43540,786,639,52,691,2
2020-12-04,Solano,095,438530,12418,11037,98,11135,87
2020-12-04,Sonoma,097,501317,14271,12962,84,13046,164
2020-12-04,Stanislaus,099,539301,25536,23206,1772,24978,448
2020-12-04,Sutter,101,95872,4515,3791,13,3804,20
2020-12-04,Tehama,103,63373,2138,1876,103,1979,9
2020-12-04,Trinity,105,12862,325,172,37,209,0
2020-12-04,Tulare,107,460477,24748,22273,2023,24296,322
2020-12-04,Tuolumne,109,53932,1397,1134,9,1143,7
2020-12-04,Ventura,111,848112,25184,22024,775,22799,189
2020-12-04,Yolo,113,214977,5961,5294,21,5315,87
2020-12-04,Yuba,115,75493,2585,2225,19,2244,10
2020-12-03,Alameda,001,1643700,35104,31184,442,31626,465
2020-12-03,Alpine,003,1148,57,53,0,53,0
2020-12-03,Amador,005,37829,1132,653,3,656,16
2020-12-03,Butte,007,227075,4880,4305,285,4590,65
2020-12-03,Calaveras,009,45235,635,572,0,572,21
2020-12-03,Colusa,011,21464,918,774,17,791,6
2020-12-03,Contra Costa,013,1133247,28044,25464,208,25672,265
2020-12-03,Del Norte,015,27424,465,388,0,388,2
2020-12-03,El Dorado,017,186661,3631,2740,68,2808,6
2020-12-03,Fresno,019,978130,47716,39680,1953,41633,516
2020-12-03,Glenn,021,27897,1146,997,74,1071,8
2020-12-03,Humboldt,023,135768,1138,923,4,927,9
2020-12-03,Imperial,025,180216,18032,16436,161,16597,359
2020-12-03,Inyo,027,18085,361,321,6,327,15
2020-12-03,Kern,029,883053,46427,42062,1965,44027,483
2020-12-03,Kings,031,150075,12930,11658,263,11921,87
2020-12-03,Lake,033,64148,1191,991,0,991,20
2020-12-03,Lassen,035,31185,2753,2128,9,2137,0
2020-12-03,Los Angeles,037,10098052,462964,415805,8075,423880,7787
2020-12-03,Madera,039,155013,7411,6398,205,6603,58
2020-12-03,Marin,041,260295,8191,7861,40,7901,136
2020-12-03,Mariposa,043,17540,166,132,2,134,2
2020-12-03,Mendocino,045,87422,1742,1547,10,1557,23
2020-12-03,Merced,047,269075,13514,12310,161,12471,177
2020-12-03,Modoc,049,8938,151,114,28,142,0
2020-12-03,Mono,051,14174,626,527,10,537,3
2020-12-03,Monterey,053,433212,18217,16218,352,16570,125
2020-12-03,Napa,055,140530,3925,3360,20,3380,19
2020-12-03,Nevada,057,99092,1872,1472,48,1520,10
2020-12-03,Orange,059,3164182,94343,82187,2923,85110,1591
2020-12-03,Placer,061,380077,9282,7270,210,7480,73
2020-12-03,Plumas,063,18699,285,223,0,223,0
2020-12-03,Riverside,065,2383286,110037,92489,2883,95372,1461
2020-12-03,Sacramento,067,1510023,44741,40280,186,40466,614
2020-12-03,San Benito,069,59416,2235,1967,15,1982,16
2020-12-03,San Bernardino,071,2135413,118943,100787,2398,103185,1283
2020-12-03,San Diego,073,3302833,97076,86144,3863,90007,1040
2020-12-03,San Francisco,075,870044,17449,16236,126,16362,161
2020-12-03,San Joaquin,077,732212,30839,27239,653,27892,522
2020-12-03,San Luis Obispo,079,281455,7309,6388,122,6510,42
2020-12-03,San Mateo,081,765935,16880,14909,20,14929,173
2020-12-03,Santa Barbara,083,443738,12689,11829,248,12077,141
2020-12-03,Santa Clara,085,1922200,43772,36621,117,36738,465
2020-12-03,Santa Cruz,087,273765,5677,4850,84,4934,28
2020-12-03,Shasta,089,179085,6356,5330,323,5653,48
2020-12-03,Sierra,091,2930,19,17,0,17,0
2020-12-03,Siskiyou,093,43540,771,629,49,678,2
2020-12-03,Solano,095,438530,12204,10857,95,10952,87
2020-12-03,Sonoma,097,501317,14028,12772,83,12855,164
2020-12-03,Stanislaus,099,539301,25125,22821,1724,24545,447
2020-12-03,Sutter,101,95872,4431,3727,13,3740,20
2020-12-03,Tehama,103,63373,2086,1832,96,1928,9
2020-12-03,Trinity,105,12862,322,166,37,203,0
2020-12-03,Tulare,107,460477,24349,21993,1932,23925,321
2020-12-03,Tuolumne,109,53932,1355,1105,9,1114,7
2020-12-03,Ventura,111,848112,24481,21555,762,22317,187
2020-12-03,Yolo,113,214977,5823,5069,21,5090,87
2020-12-03,Yuba,115,75493,2515,2182,18,2200,10
2020-12-02,Alameda,001,1643700,34478,30697,433,31130,463
2020-12-02,Alpine,003,1148,56,52,0,52,0
2020-12-02,Amador,005,37829,1060,585,3,588,16
2020-12-02,Butte,007,227075,4757,4243,275,4518,65
2020-12-02,Calaveras,009,45235,619,553,0,553,21
2020-12-02,Colusa,011,21464,902,756,16,772,6
2020-12-02,Contra Costa,013,1133247,27586,25147,196,25343,264
2020-12-02,Del Norte,015,27424,451,384,0,384,2
2020-12-02,El Dorado,017,186661,3530,2638,63,2701,5
2020-12-02,Fresno,019,978130,46960,39324,1854,41178,507
2020-12-02,Glenn,021,27897,1129,995,66,1061,7
2020-12-02,Humboldt,023,135768,1112,899,4,903,9
2020-12-02,Imperial,025,180216,17609,16360,154,16514,356
2020-12-02,Inyo,027,18085,354,314,6,320,15
2020-12-02,Kern,029,883053,45530,41660,1869,43529,479
2020-12-02,Kings,031,150075,12577,11531,249,11780,86
2020-12-02,Lake,033,64148,1160,971,0,971,20
2020-12-02,Lassen,035,31185,2694,2115,9,2124,0
2020-12-02,Los Angeles,037,10098052,452910,408289,7742,416031,7739
2020-12-02,Madera,039,155013,7287,6370,199,6569,57
2020-12-02,Marin,041,260295,8144,7819,38,7857,136
2020-12-02,Mariposa,043,17540,163,131,2,133,2
2020-12-02,Mendocino,045,87422,1709,1524,10,1534,23
2020-12-02,Merced,047,269075,13270,12168,153,12321,173
2020-12-02,Modoc,049,8938,148,113,28,141,0
2020-12-02,Mono,051,14174,617,520,10,530,3
2020-12-02,Monterey,053,433212,17737,16064,313,16377,121
2020-12-02,Napa,055,140530,3822,3298,19,3317,19
2020-12-02,Nevada,057,99092,1810,1430,47,1477,9
2020-12-02,Orange,059,3164182,92144,81046,2844,83890,1569
2020-12-02,Placer,061,380077,9048,6941,197,7138,73
2020-12-02,Plumas,063,18699,272,218,0,218,0
2020-12-02,Riverside,065,2383286,107320,90089,2703,92792,1451
2020-12-02,Sacramento,067,1510023,43701,39334,175,39509,597
2020-12-02,San Benito,069,59416,2170,1921,15,1936,16
2020-12-02,San Bernardino,071,2135413,115375,98567,2293,100860,1240
2020-12-02,San Diego,073,3302833,95160,84640,3748,88388,1035
2020-12-02,San Francisco,075,870044,17213,16058,124,16182,157
2020-12-02,San Joaquin,077,732212,30219,26740,630,27370,519
2020-12-02,San Luis Obispo,079,281455,7210,6324,120,6444,42
2020-12-02,San Mateo,081,765935,16517,14757,19,14776,170
2020-12-02,Santa Barbara,083,443738,12538,11705,236,11941,140
2020-12-02,Santa Clara,085,1922200,42657,35878,117,35995,458
2020-12-02,Santa Cruz,087,273765,5545,4766,81,4847,27
2020-12-02,Shasta,089,179085,6233,5188,306,5494,47
2020-12-02,Sierra,091,2930,19,17,0,17,0
2020-12-02,Siskiyou,093,43540,755,624,47,671,1
2020-12-02,Solano,095,438530,11958,10701,91,10792,87
2020-12-02,Sonoma,097,501317,13789,12635,82,12717,163
2020-12-02,Stanislaus,099,539301,24624,22615,1669,24284,448
2020-12-02,Sutter,101,95872,4272,3604,13,3617,18
2020-12-02,Tehama,103,63373,2041,1800,81,1881,9
2020-12-02,Trinity,105,12862,312,165,36,201,0
2020-12-02,Tulare,107,460477,23969,21789,1854,23643,321
2020-12-02,Tuolumne,109,53932,1314,1076,9,1085,7
2020-12-02,Ventura,111,848112,24070,21208,744,21952,186
2020-12-02,Yolo,113,214977,5712,5053,20,5073,87
2020-12-02,Yuba,115,75493,2438,2119,17,2136,10
2020-12-01,Alameda,001,1643700,33787,30252,422,30674,460
2020-12-01,Alpine,003,1148,56,41,0,41,0
2020-12-01,Amador,005,37829,913,575,2,577,16
2020-12-01,Butte,007,227075,4651,4177,261,4438,65
2020-12-01,Calaveras,009,45235,601,544,0,544,21
2020-12-01,Colusa,011,21464,885,747,16,763,6
2020-12-01,Contra Costa,013,1133247,27015,24788,188,24976,264
2020-12-01,Del Norte,015,27424,423,357,0,357,2
2020-12-01,El Dorado,017,186661,3385,2542,58,2600,4
2020-12-01,Fresno,019,978130,46058,39004,1777,40781,505
2020-12-01,Glenn,021,27897,1108,989,62,1051,7
2020-12-01,Humboldt,023,135768,1082,886,4,890,9
2020-12-01,Imperial,025,180216,17293,16278,151,16429,356
2020-12-01,Inyo,027,18085,347,304,6,310,15
2020-12-01,Kern,029,883053,44728,41345,1740,43085,478
2020-12-01,Kings,031,150075,12262,11415,235,11650,86
2020-12-01,Lake,033,64148,1141,969,0,969,19
2020-12-01,Lassen,035,31185,2528,2047,8,2055,0
2020-12-01,Los Angeles,037,10098052,442537,403266,7425,410691,7704
2020-12-01,Madera,039,155013,7170,6270,189,6459,57
2020-12-01,Marin,041,260295,8074,7787,37,7824,136
2020-12-01,Mariposa,043,17540,158,128,2,130,2
2020-12-01,Mendocino,045,87422,1675,1497,10,1507,23
2020-12-01,Merced,047,269075,13027,12032,144,12176,172
2020-12-01,Modoc,049,8938,143,113,24,137,0
2020-12-01,Mono,051,14174,604,520,10,530,3
2020-12-01,Monterey,053,433212,17230,15835,302,16137,121
2020-12-01,Napa,055,140530,3738,3124,18,3142,19
2020-12-01,Nevada,057,99092,1748,1411,46,1457,9
2020-12-01,Orange,059,3164182,90044,79468,2755,82223,1567
2020-12-01,Placer,061,380077,8724,6794,190,6984,72
2020-12-01,Plumas,063,18699,260,201,0,201,0
2020-12-01,Riverside,065,2383286,104511,88530,2543,91073,1448
2020-12-01,Sacramento,067,1510023,42652,38966,172,39138,589
2020-12-01,San Benito,069,59416,2115,1888,15,1903,15
2020-12-01,San Bernardino,071,2135413,111904,95854,2170,98024,1220
2020-12-01,San Diego,073,3302833,92903,83423,3638,87061,1019
2020-12-01,San Francisco,075,870044,16930,15797,121,15918,157
2020-12-01,San Joaquin,077,732212,29419,26432,609,27041,514
2020-12-01,San Luis Obispo,079,281455,7068,6264,115,6379,40
2020-12-01,San Mateo,081,765935,16192,14495,19,14514,170
2020-12-01,Santa Barbara,083,443738,12399,11611,226,11837,140
2020-12-01,Santa Clara,085,1922200,41402,35397,111,35508,452
2020-12-01,Santa Cruz,087,273765,5387,4638,73,4711,27
2020-12-01,Shasta,089,179085,6108,5077,286,5363,47
2020-12-01,Sierra,091,2930,19,17,0,17,0
2020-12-01,Siskiyou,093,43540,741,608,43,651,1
2020-12-01,Solano,095,438530,11698,10604,86,10690,87
2020-12-01,Sonoma,097,501317,13585,12491,79,12570,163
2020-12-01,Stanislaus,099,539301,24167,22351,1612,23963,447
2020-12-01,Sutter,101,95872,4130,3538,13,3551,17
2020-12-01,Tehama,103,63373,1975,1773,71,1844,9
2020-12-01,Trinity,105,12862,298,165,30,195,0
2020-12-01,Tulare,107,460477,23514,21645,1785,23430,319
2020-12-01,Tuolumne,109,53932,1278,1052,7,1059,7
2020-12-01,Ventura,111,848112,23457,20604,722,21326,186
2020-12-01,Yolo,113,214977,5572,4928,20,4948,86
2020-12-01,Yuba,115,75493,2372,2088,16,2104,10
2020-11-30,Alameda,001,1643700,32967,29972,405,30377,457
2020-11-30,Alpine,003,1148,54,41,0,41,0
2020-11-30,Amador,005,37829,872,559,2,561,16
2020-11-30,Butte,007,227075,4533,4148,245,4393,65
2020-11-30,Calaveras,009,45235,579,478,0,478,21
2020-11-30,Colusa,011,21464,858,737,12,749,6
2020-11-30,Contra Costa,013,1133247,26432,24365,184,24549,264
2020-11-30,Del Norte,015,27424,400,339,0,339,2
2020-11-30,El Dorado,017,186661,3211,2488,52,2540,4
2020-11-30,Fresno,019,978130,44948,38712,1664,40376,500
2020-11-30,Glenn,021,27897,1085,954,57,1011,5
2020-11-30,Humboldt,023,135768,1035,870,4,874,9
2020-11-30,Imperial,025,180216,17040,16212,130,16342,356
2020-11-30,Inyo,027,18085,342,304,5,309,15
2020-11-30,Kern,029,883053,43968,40941,1608,42549,473
2020-11-30,Kings,031,150075,12114,11346,220,11566,85
2020-11-30,Lake,033,64148,1109,939,0,939,18
2020-11-30,Lassen,035,31185,2436,1793,8,1801,0
2020-11-30,Los Angeles,037,10098052,431861,396202,7100,403302,7658
2020-11-30,Madera,039,155013,7004,6210,175,6385,57
2020-11-30,Marin,041,260295,8031,7764,36,7800,136
2020-11-30,Mariposa,043,17540,151,123,2,125,2
2020-11-30,Mendocino,045,87422,1647,1482,10,1492,23
2020-11-30,Merced,047,269075,12752,11913,133,12046,172
2020-11-30,Modoc,049,8938,133,113,24,137,0
2020-11-30,Mono,051,14174,582,519,10,529,3
2020-11-30,Monterey,053,433212,16800,15837,294,16131,119
2020-11-30,Napa,055,140530,3638,3091,18,3109,18
2020-11-30,Nevada,057,99092,1662,1347,43,1390,9
2020-11-30,Orange,059,3164182,87935,78711,2658,81369,1568
2020-11-30,Placer,061,380077,8428,6575,177,6752,72
2020-11-30,Plumas,063,18699,249,192,0,192,0
2020-11-30,Riverside,065,2383286,101517,87722,2396,90118,1446
2020-11-30,Sacramento,067,1510023,41572,37834,163,37997,586
2020-11-30,San Benito,069,59416,2068,1875,14,1889,15
2020-11-30,San Bernardino,071,2135413,108173,92704,2059,94763,1220
2020-11-30,San Diego,073,3302833,90540,82045,3511,85556,997
2020-11-30,San Francisco,075,870044,16631,15638,118,15756,157
2020-11-30,San Joaquin,077,732212,28711,25742,583,26325,509
2020-11-30,San Luis Obispo,079,281455,6934,6224,113,6337,36
2020-11-30,San Mateo,081,765935,15833,14276,19,14295,170
2020-11-30,Santa Barbara,083,443738,12221,11572,218,11790,140
2020-11-30,Santa Clara,085,1922200,40194,35019,110,35129,451
2020-11-30,Santa Cruz,087,273765,5249,4558,70,4628,26
2020-11-30,Shasta,089,179085,5963,4933,257,5190,44
2020-11-30,Sierra,091,2930,19,16,0,16,0
2020-11-30,Siskiyou,093,43540,732,605,39,644,1
2020-11-30,Solano,095,438530,11436,10392,81,10473,87
2020-11-30,Sonoma,097,501317,13340,12232,75,12307,163
2020-11-30,Stanislaus,099,539301,23704,22110,1569,23679,446
2020-11-30,Sutter,101,95872,3974,3430,13,3443,16
2020-11-30,Tehama,103,63373,1926,1724,64,1788,9
2020-11-30,Trinity,105,12862,292,162,30,192,0
2020-11-30,Tulare,107,460477,23128,20833,1692,22525,319
2020-11-30,Tuolumne,109,53932,1234,1027,7,1034,7
2020-11-30,Ventura,111,848112,22701,20308,706,21014,180
2020-11-30,Yolo,113,214977,5461,4894,20,4914,81
2020-11-30,Yuba,115,75493,2312,2028,14,2042,10
2020-11-29,Alameda,001,1643700,32180,29918,382,30300,457
2020-11-29,Alpine,003,1148,51,41,0,41,0
2020-11-29,Amador,005,37829,721,548,2,550,16
2020-11-29,Butte,007,227075,4431,4008,229,4237,65
2020-11-29,Calaveras,009,45235,548,478,0,478,21
2020-11-29,Colusa,011,21464,829,723,8,731,6
2020-11-29,Contra Costa,013,1133247,25929,24165,178,24343,264
2020-11-29,Del Norte,015,27424,394,339,0,339,2
2020-11-29,El Dorado,017,186661,3080,2447,50,2497,4
2020-11-29,Fresno,019,978130,43997,38568,1592,40160,500
2020-11-29,Glenn,021,27897,1062,951,55,1006,4
2020-11-29,Humboldt,023,135768,1006,856,4,860,9
2020-11-29,Imperial,025,180216,16810,16138,104,16242,356
2020-11-29,Inyo,027,18085,327,289,5,294,15
2020-11-29,Kern,029,883053,43205,40596,1460,42056,473
2020-11-29,Kings,031,150075,11963,11247,202,11449,85
2020-11-29,Lake,033,64148,1085,927,0,927,18
2020-11-29,Lassen,035,31185,2333,1793,8,1801,0
2020-11-29,Los Angeles,037,10098052,421452,391162,6804,397966,7642
2020-11-29,Madera,039,155013,6861,6184,169,6353,57
2020-11-29,Marin,041,260295,7965,7739,33,7772,135
2020-11-29,Mariposa,043,17540,147,123,2,125,2
2020-11-29,Mendocino,045,87422,1613,1473,10,1483,23
2020-11-29,Merced,047,269075,12513,11773,124,11897,172
2020-11-29,Modoc,049,8938,129,105,22,127,0
2020-11-29,Mono,051,14174,559,515,9,524,3
2020-11-29,Monterey,053,433212,16487,15621,287,15908,119
2020-11-29,Napa,055,140530,3533,3090,17,3107,18
2020-11-29,Nevada,057,99092,1582,1311,41,1352,9
2020-11-29,Orange,059,3164182,85916,78057,2611,80668,1567
2020-11-29,Placer,061,380077,8130,6535,165,6700,72
2020-11-29,Plumas,063,18699,244,191,0,191,0
2020-11-29,Riverside,065,2383286,99123,87383,2243,89626,1442
2020-11-29,Sacramento,067,1510023,40494,37415,154,37569,585
2020-11-29,San Benito,069,59416,2024,1860,14,1874,15
2020-11-29,San Bernardino,071,2135413,104828,92052,1943,93995,1223
2020-11-29,San Diego,073,3302833,88129,81086,3358,84444,997
2020-11-29,San Francisco,075,870044,16350,15571,112,15683,153
2020-11-29,San Joaquin,077,732212,27966,25740,577,26317,509
2020-11-29,San Luis Obispo,079,281455,6811,6145,113,6258,36
2020-11-29,San Mateo,081,765935,15501,14177,19,14196,169
2020-11-29,Santa Barbara,083,443738,12066,11520,214,11734,140
2020-11-29,Santa Clara,085,1922200,38988,34234,104,34338,451
2020-11-29,Santa Cruz,087,273765,5090,4490,68,4558,26
2020-11-29,Shasta,089,179085,5791,4935,229,5164,43
2020-11-29,Sierra,091,2930,19,16,0,16,0
2020-11-29,Siskiyou,093,43540,709,590,37,627,1
2020-11-29,Solano,095,438530,11204,10393,77,10470,87
2020-11-29,Sonoma,097,501317,13088,12052,71,12123,163
2020-11-29,Stanislaus,099,539301,23208,21701,1535,23236,446
2020-11-29,Sutter,101,95872,3859,3297,13,3310,16
2020-11-29,Tehama,103,63373,1875,1710,50,1760,9
2020-11-29,Trinity,105,12862,289,159,28,187,0
2020-11-29,Tulare,107,460477,22759,20793,1617,22410,319
2020-11-29,Tuolumne,109,53932,1197,988,7,995,7
2020-11-29,Ventura,111,848112,22017,19952,694,20646,179
2020-11-29,Yolo,113,214977,5323,4830,19,4849,80
2020-11-29,Yuba,115,75493,2256,1959,14,1973,10
2020-11-28,Alameda,001,1643700,31871,29368,377,29745,456
2020-11-28,Alpine,003,1148,51,41,0,41,0
2020-11-28,Amador,005,37829,644,536,2,538,16
2020-11-28,Butte,007,227075,4373,3894,225,4119,65
2020-11-28,Calaveras,009,45235,543,478,0,478,21
2020-11-28,Colusa,011,21464,820,711,6,717,6
2020-11-28,Contra Costa,013,1133247,25597,23798,174,23972,264
2020-11-28,Del Norte,015,27424,384,328,0,328,2
2020-11-28,El Dorado,017,186661,3012,2415,44,2459,4
2020-11-28,Fresno,019,978130,43650,38288,1554,39842,500
2020-11-28,Glenn,021,27897,1051,925,51,976,4
2020-11-28,Humboldt,023,135768,971,844,4,848,9
2020-11-28,Imperial,025,180216,16744,16019,102,16121,356
2020-11-28,Inyo,027,18085,319,289,5,294,15
2020-11-28,Kern,029,883053,42842,40255,1372,41627,473
2020-11-28,Kings,031,150075,11898,11070,195,11265,85
2020-11-28,Lake,033,64148,1070,920,0,920,18
2020-11-28,Lassen,035,31185,2266,1714,8,1722,0
2020-11-28,Los Angeles,037,10098052,416536,386194,6647,392841,7625
2020-11-28,Madera,039,155013,6759,6119,162,6281,57
2020-11-28,Marin,041,260295,7935,7696,29,7725,135
2020-11-28,Mariposa,043,17540,144,120,2,122,2
2020-11-28,Mendocino,045,87422,1582,1458,10,1468,22
2020-11-28,Merced,047,269075,12415,11688,118,11806,172
2020-11-28,Modoc,049,8938,126,103,22,125,0
2020-11-28,Mono,051,14174,553,505,9,514,3
2020-11-28,Monterey,053,433212,16321,15328,283,15611,118
2020-11-28,Napa,055,140530,3481,3033,17,3050,18
2020-11-28,Nevada,057,99092,1553,1272,39,1311,9
2020-11-28,Orange,059,3164182,84818,76882,2565,79447,1568
2020-11-28,Placer,061,380077,7969,6497,162,6659,70
2020-11-28,Plumas,063,18699,237,188,0,188,0
2020-11-28,Riverside,065,2383286,97714,86854,2141,88995,1440
2020-11-28,Sacramento,067,1510023,39916,36905,150,37055,580
2020-11-28,San Benito,069,59416,1979,1835,14,1849,15
2020-11-28,San Bernardino,071,2135413,103426,91183,1840,93023,1224
2020-11-28,San Diego,073,3302833,86875,80020,3274,83294,997
2020-11-28,San Francisco,075,870044,16174,15450,105,15555,153
2020-11-28,San Joaquin,077,732212,27765,25742,562,26304,509
2020-11-28,San Luis Obispo,079,281455,6741,6106,109,6215,36
2020-11-28,San Mateo,081,765935,15311,14040,19,14059,169
2020-11-28,Santa Barbara,083,443738,11964,11481,209,11690,140
2020-11-28,Santa Clara,085,1922200,38243,33701,102,33803,449
2020-11-28,Santa Cruz,087,273765,5013,4426,68,4494,26
2020-11-28,Shasta,089,179085,5714,4882,222,5104,43
2020-11-28,Sierra,091,2930,19,16,0,16,0
2020-11-28,Siskiyou,093,43540,699,558,34,592,1
2020-11-28,Solano,095,438530,11085,10252,75,10327,87
2020-11-28,Sonoma,097,501317,12984,12008,62,12070,162
2020-11-28,Stanislaus,099,539301,22969,21574,1501,23075,446
2020-11-28,Sutter,101,95872,3775,3244,13,3257,15
2020-11-28,Tehama,103,63373,1856,1678,45,1723,9
2020-11-28,Trinity,105,12862,286,157,26,183,0
2020-11-28,Tulare,107,460477,22562,20701,1575,22276,319
2020-11-28,Tuolumne,109,53932,1175,976,7,983,7
2020-11-28,Ventura,111,848112,21719,19510,684,20194,179
2020-11-28,Yolo,113,214977,5249,4739,17,4756,80
2020-11-28,Yuba,115,75493,2203,1912,14,1926,10
2020-11-27,Alameda,001,1643700,31431,29064,367,29431,450
2020-11-27,Alpine,003,1148,51,41,0,41,0
2020-11-27,Amador,005,37829,597,498,1,499,16
2020-11-27,Butte,007,227075,4332,3894,219,4113,65
2020-11-27,Calaveras,009,45235,534,478,0,478,21
2020-11-27,Colusa,011,21464,803,694,4,698,6
2020-11-27,Contra Costa,013,1133247,25337,23463,168,23631,264
2020-11-27,Del Norte,015,27424,378,307,0,307,2
2020-11-27,El Dorado,017,186661,2941,2238,41,2279,4
2020-11-27,Fresno,019,978130,43244,37994,1497,39491,500
2020-11-27,Glenn,021,27897,1038,891,46,937,4
2020-11-27,Humboldt,023,135768,952,795,3,798,9
2020-11-27,Imperial,025,180216,16676,15960,94,16054,356
2020-11-27,Inyo,027,18085,313,289,5,294,15
2020-11-27,Kern,029,883053,42419,39707,1302,41009,473
2020-11-27,Kings,031,150075,11813,10667,177,10844,85
2020-11-27,Lake,033,64148,1034,909,0,909,18
2020-11-27,Lassen,035,31185,2254,1714,8,1722,0
2020-11-27,Los Angeles,037,10098052,410026,382740,6494,389234,7606
2020-11-27,Madera,039,155013,6687,6050,156,6206,57
2020-11-27,Marin,041,260295,7892,7660,29,7689,135
2020-11-27,Mariposa,043,17540,142,118,2,120,2
2020-11-27,Mendocino,045,87422,1568,1387,9,1396,22
2020-11-27,Merced,047,269075,12309,11550,111,11661,172
2020-11-27,Modoc,049,8938,125,100,22,122,0
2020-11-27,Mono,051,14174,549,498,9,507,3
2020-11-27,Monterey,053,433212,16153,14753,283,15036,113
2020-11-27,Napa,055,140530,3441,2988,17,3005,18
2020-11-27,Nevada,057,99092,1523,1184,37,1221,9
2020-11-27,Orange,059,3164182,83529,75151,2526,77677,1568
2020-11-27,Placer,061,380077,7809,6283,152,6435,68
2020-11-27,Plumas,063,18699,234,188,0,188,0
2020-11-27,Riverside,065,2383286,96104,85769,1988,87757,1440
2020-11-27,Sacramento,067,1510023,39295,36579,146,36725,579
2020-11-27,San Benito,069,59416,1945,1805,13,1818,15
2020-11-27,San Bernardino,071,2135413,101910,90254,1758,92012,1224
2020-11-27,San Diego,073,3302833,85681,78161,3185,81346,996
2020-11-27,San Francisco,075,870044,16018,15377,103,15480,153
2020-11-27,San Joaquin,077,732212,27544,25741,542,26283,509
2020-11-27,San Luis Obispo,079,281455,6658,6039,106,6145,36
2020-11-27,San Mateo,081,765935,15109,13872,18,13890,169
2020-11-27,Santa Barbara,083,443738,11871,11340,206,11546,140
2020-11-27,Santa Clara,085,1922200,37567,32935,95,33030,449
2020-11-27,Santa Cruz,087,273765,4942,4358,66,4424,26
2020-11-27,Shasta,089,179085,5637,4710,209,4919,43
2020-11-27,Sierra,091,2930,18,16,0,16,0
2020-11-27,Siskiyou,093,43540,684,554,31,585,1
2020-11-27,Solano,095,438530,10966,10044,72,10116,87
2020-11-27,Sonoma,097,501317,12851,11924,60,11984,162
2020-11-27,Stanislaus,099,539301,22741,21185,1472,22657,446
2020-11-27,Sutter,101,95872,3707,3101,13,3114,15
2020-11-27,Tehama,103,63373,1828,1649,41,1690,9
2020-11-27,Trinity,105,12862,282,151,26,177,0
2020-11-27,Tulare,107,460477,22374,20634,1518,22152,319
2020-11-27,Tuolumne,109,53932,1143,881,7,888,7
2020-11-27,Ventura,111,848112,21395,19379,662,20041,179
2020-11-27,Yolo,113,214977,5199,4737,17,4754,79
2020-11-27,Yuba,115,75493,2174,1864,13,1877,10
2020-11-26,Alameda,001,1643700,31018,28797,349,29146,447
2020-11-26,Alpine,003,1148,51,41,0,41,0
2020-11-26,Amador,005,37829,589,488,1,489,16
2020-11-26,Butte,007,227075,4269,3894,213,4107,65
2020-11-26,Calaveras,009,45235,507,478,0,478,21
2020-11-26,Colusa,011,21464,789,694,4,698,6
2020-11-26,Contra Costa,013,1133247,25004,23468,162,23630,264
2020-11-26,Del Norte,015,27424,367,307,0,307,2
2020-11-26,El Dorado,017,186661,2860,2217,39,2256,4
2020-11-26,Fresno,019,978130,42838,37724,1452,39176,500
2020-11-26,Glenn,021,27897,1022,892,44,936,4
2020-11-26,Humboldt,023,135768,929,795,2,797,9
2020-11-26,Imperial,025,180216,16565,15722,91,15813,355
2020-11-26,Inyo,027,18085,312,289,5,294,15
2020-11-26,Kern,029,883053,41969,39123,1241,40364,471
2020-11-26,Kings,031,150075,11758,10475,165,10640,85
2020-11-26,Lake,033,64148,1021,890,0,890,18
2020-11-26,Lassen,035,31185,2239,1714,8,1722,0
2020-11-26,Los Angeles,037,10098052,404869,378340,6258,384598,7581
2020-11-26,Madera,039,155013,6612,6003,151,6154,57
2020-11-26,Marin,041,260295,7855,7610,29,7639,135
2020-11-26,Mariposa,043,17540,137,116,2,118,2
2020-11-26,Mendocino,045,87422,1554,1387,7,1394,22
2020-11-26,Merced,047,269075,12162,11440,109,11549,172
2020-11-26,Modoc,049,8938,123,100,22,122,0
2020-11-26,Mono,051,14174,541,485,9,494,2
2020-11-26,Monterey,053,433212,15917,14750,275,15025,113
2020-11-26,Napa,055,140530,3377,2988,17,3005,18
2020-11-26,Nevada,057,99092,1478,1184,37,1221,9
2020-11-26,Orange,059,3164182,82142,74264,2464,76728,1563
2020-11-26,Placer,061,380077,7647,6278,143,6421,68
2020-11-26,Plumas,063,18699,226,188,0,188,0
2020-11-26,Riverside,065,2383286,94500,85774,1864,87638,1440
2020-11-26,Sacramento,067,1510023,38653,35854,138,35992,580
2020-11-26,San Benito,069,59416,1918,1769,13,1782,15
2020-11-26,San Bernardino,071,2135413,100256,89727,1666,91393,1223
2020-11-26,San Diego,073,3302833,84071,76359,3081,79440,996
2020-11-26,San Francisco,075,870044,15883,15156,100,15256,153
2020-11-26,San Joaquin,077,732212,27287,25738,530,26268,509
2020-11-26,San Luis Obispo,079,281455,6565,5964,103,6067,36
2020-11-26,San Mateo,081,765935,14920,13715,17,13732,169
2020-11-26,Santa Barbara,083,443738,11790,11277,205,11482,139
2020-11-26,Santa Clara,085,1922200,36924,32411,88,32499,446
2020-11-26,Santa Cruz,087,273765,4811,4269,60,4329,26
2020-11-26,Shasta,089,179085,5554,4712,198,4910,43
2020-11-26,Sierra,091,2930,18,15,0,15,0
2020-11-26,Siskiyou,093,43540,674,526,31,557,1
2020-11-26,Solano,095,438530,10823,9941,70,10011,87
2020-11-26,Sonoma,097,501317,12703,11922,58,11980,162
2020-11-26,Stanislaus,099,539301,22509,21186,1432,22618,445
2020-11-26,Sutter,101,95872,3613,3101,12,3113,15
2020-11-26,Tehama,103,63373,1785,1612,38,1650,9
2020-11-26,Trinity,105,12862,278,139,26,165,0
2020-11-26,Tulare,107,460477,22135,20649,1455,22104,319
2020-11-26,Tuolumne,109,53932,1115,871,7,878,7
2020-11-26,Ventura,111,848112,20899,19058,648,19706,179
2020-11-26,Yolo,113,214977,5112,4566,17,4583,76
2020-11-26,Yuba,115,75493,2114,1865,11,1876,10
2020-11-25,Alameda,001,1643700,30803,28378,341,28719,447
2020-11-25,Alpine,003,1148,51,41,0,41,0
2020-11-25,Amador,005,37829,579,484,1,485,16
2020-11-25,Butte,007,227075,4238,3848,210,4058,64
2020-11-25,Calaveras,009,45235,504,475,0,475,21
2020-11-25,Colusa,011,21464,772,693,4,697,6
2020-11-25,Contra Costa,013,1133247,24849,23307,161,23468,263
2020-11-25,Del Norte,015,27424,366,304,0,304,2
2020-11-25,El Dorado,017,186661,2824,2154,39,2193,4
2020-11-25,Fresno,019,978130,42605,37349,1430,38779,494
2020-11-25,Glenn,021,27897,1005,891,42,933,4
2020-11-25,Humboldt,023,135768,921,777,2,779,9
2020-11-25,Imperial,025,180216,16494,15640,90,15730,355
2020-11-25,Inyo,027,18085,310,289,5,294,15
2020-11-25,Kern,029,883053,41813,38878,1223,40101,467
2020-11-25,Kings,031,150075,11723,10417,161,10578,85
2020-11-25,Lake,033,64148,1004,878,0,878,18
2020-11-25,Lassen,035,31185,2196,1701,8,1709,0
2020-11-25,Los Angeles,037,10098052,401838,373919,6156,380075,7545
2020-11-25,Madera,039,155013,6590,5989,148,6137,57
2020-11-25,Marin,041,260295,7828,7601,28,7629,135
2020-11-25,Mariposa,043,17540,136,114,2,116,2
2020-11-25,Mendocino,045,87422,1535,1373,7,1380,22
2020-11-25,Merced,047,269075,12104,11346,109,11455,172
2020-11-25,Modoc,049,8938,123,96,22,118,0
2020-11-25,Mono,051,14174,536,487,9,496,2
2020-11-25,Monterey,053,433212,15801,14695,273,14968,113
2020-11-25,Napa,055,140530,3344,2945,17,2962,17
2020-11-25,Nevada,057,99092,1460,1170,35,1205,9
2020-11-25,Orange,059,3164182,81387,73014,2444,75458,1551
2020-11-25,Placer,061,380077,7570,6221,142,6363,68
2020-11-25,Plumas,063,18699,221,183,0,183,0
2020-11-25,Riverside,065,2383286,93957,85077,1846,86923,1438
2020-11-25,Sacramento,067,1510023,38317,35687,135,35822,574
2020-11-25,San Benito,069,59416,1895,1764,13,1777,15
2020-11-25,San Bernardino,071,2135413,99416,88469,1637,90106,1225
2020-11-25,San Diego,073,3302833,83414,75307,3045,78352,988
2020-11-25,San Francisco,075,870044,15778,15053,98,15151,153
2020-11-25,San Joaquin,077,732212,27160,25556,518,26074,515
2020-11-25,San Luis Obispo,079,281455,6522,5913,103,6016,34
2020-11-25,San Mateo,081,765935,14805,13614,17,13631,170
2020-11-25,Santa Barbara,083,443738,11740,11183,205,11388,138
2020-11-25,Santa Clara,085,1922200,36478,32032,87,32119,442
2020-11-25,Santa Cruz,087,273765,4758,4202,59,4261,25
2020-11-25,Shasta,089,179085,5508,4588,191,4779,43
2020-11-25,Sierra,091,2930,18,15,0,15,0
2020-11-25,Siskiyou,093,43540,667,499,31,530,1
2020-11-25,Solano,095,438530,10718,9832,69,9901,87
2020-11-25,Sonoma,097,501317,12640,11775,57,11832,162
2020-11-25,Stanislaus,099,539301,22378,21022,1405,22427,445
2020-11-25,Sutter,101,95872,3569,3064,12,3076,14
2020-11-25,Tehama,103,63373,1773,1587,32,1619,9
2020-11-25,Trinity,105,12862,276,135,26,161,0
2020-11-25,Tulare,107,460477,22045,20528,1424,21952,318
2020-11-25,Tuolumne,109,53932,1098,842,7,849,7
2020-11-25,Ventura,111,848112,20804,18914,642,19556,179
2020-11-25,Yolo,113,214977,5076,4527,17,4544,76
2020-11-25,Yuba,115,75493,2088,1840,11,1851,10
2020-11-24,Alameda,001,1643700,30324,28030,330,28360,444
2020-11-24,Alpine,003,1148,51,41,0,41,0
2020-11-24,Amador,005,37829,554,470,1,471,16
2020-11-24,Butte,007,227075,4153,3798,202,4000,63
2020-11-24,Calaveras,009,45235,497,466,0,466,21
2020-11-24,Colusa,011,21464,754,682,4,686,6
2020-11-24,Contra Costa,013,1133247,24497,23072,155,23227,259
2020-11-24,Del Norte,015,27424,357,298,0,298,2
2020-11-24,El Dorado,017,186661,2719,2005,38,2043,4
2020-11-24,Fresno,019,978130,42203,37021,1355,38376,493
2020-11-24,Glenn,021,27897,987,883,38,921,4
2020-11-24,Humboldt,023,135768,902,774,2,776,9
2020-11-24,Imperial,025,180216,16391,15600,85,15685,355
2020-11-24,Inyo,027,18085,309,282,5,287,15
2020-11-24,Kern,029,883053,41339,38551,1147,39698,465
2020-11-24,Kings,031,150075,11456,10338,148,10486,85
2020-11-24,Lake,033,64148,988,872,0,872,18
2020-11-24,Lassen,035,31185,2173,1657,8,1665,0
2020-11-24,Los Angeles,037,10098052,395526,370008,5922,375930,7501
2020-11-24,Madera,039,155013,6506,5881,142,6023,57
2020-11-24,Marin,041,260295,7781,7591,28,7619,135
2020-11-24,Mariposa,043,17540,126,114,1,115,2
2020-11-24,Mendocino,045,87422,1513,1346,6,1352,22
2020-11-24,Merced,047,269075,11916,11268,103,11371,171
2020-11-24,Modoc,049,8938,119,91,22,113,0
2020-11-24,Mono,051,14174,532,483,9,492,2
2020-11-24,Monterey,053,433212,15539,14354,263,14617,113
2020-11-24,Napa,055,140530,3278,2904,17,2921,17
2020-11-24,Nevada,057,99092,1396,1156,33,1189,9
2020-11-24,Orange,059,3164182,79947,71975,2366,74341,1547
2020-11-24,Placer,061,380077,7389,6147,135,6282,67
2020-11-24,Plumas,063,18699,218,180,0,180,0
2020-11-24,Riverside,065,2383286,92198,83685,1719,85404,1420
2020-11-24,Sacramento,067,1510023,37636,35097,128,35225,568
2020-11-24,San Benito,069,59416,1864,1740,12,1752,15
2020-11-24,San Bernardino,071,2135413,97076,86645,1536,88181,1226
2020-11-24,San Diego,073,3302833,82004,74363,2974,77337,984
2020-11-24,San Francisco,075,870044,15583,14874,94,14968,153
2020-11-24,San Joaquin,077,732212,26845,25318,491,25809,517
2020-11-24,San Luis Obispo,079,281455,6459,5805,102,5907,34
2020-11-24,San Mateo,081,765935,14596,13558,16,13574,170
2020-11-24,Santa Barbara,083,443738,11634,11154,203,11357,138
2020-11-24,Santa Clara,085,1922200,35689,31564,83,31647,438
2020-11-24,Santa Cruz,087,273765,4644,4132,58,4190,25
2020-11-24,Shasta,089,179085,5408,4410,172,4582,43
2020-11-24,Sierra,091,2930,18,15,0,15,0
2020-11-24,Siskiyou,093,43540,649,473,28,501,1
2020-11-24,Solano,095,438530,10547,9716,68,9784,86
2020-11-24,Sonoma,097,501317,12460,11644,54,11698,162
2020-11-24,Stanislaus,099,539301,22136,20830,1363,22193,438
2020-11-24,Sutter,101,95872,3463,2974,12,2986,14
2020-11-24,Tehama,103,63373,1724,1565,27,1592,9
2020-11-24,Trinity,105,12862,269,129,25,154,0
2020-11-24,Tulare,107,460477,21796,20319,1362,21681,315
2020-11-24,Tuolumne,109,53932,1069,832,7,839,7
2020-11-24,Ventura,111,848112,20423,18637,632,19269,179
2020-11-24,Yolo,113,214977,4992,4420,17,4437,76
2020-11-24,Yuba,115,75493,2037,1804,9,1813,10
2020-11-23,Alameda,001,1643700,29911,27718,318,28036,444
2020-11-23,Alpine,003,1148,49,41,0,41,0
2020-11-23,Amador,005,37829,513,457,1,458,16
2020-11-23,Butte,007,227075,4089,3765,196,3961,61
2020-11-23,Calaveras,009,45235,480,434,0,434,21
2020-11-23,Colusa,011,21464,740,662,4,666,6
2020-11-23,Contra Costa,013,1133247,24225,22674,150,22824,260
2020-11-23,Del Norte,015,27424,335,296,0,296,2
2020-11-23,El Dorado,017,186661,2599,2005,37,2042,4
2020-11-23,Fresno,019,978130,41755,36688,1294,37982,488
2020-11-23,Glenn,021,27897,961,853,38,891,4
2020-11-23,Humboldt,023,135768,889,746,2,748,9
2020-11-23,Imperial,025,180216,16222,15104,80,15184,355
2020-11-23,Inyo,027,18085,301,279,5,284,15
2020-11-23,Kern,029,883053,40826,38245,1084,39329,463
2020-11-23,Kings,031,150075,11036,10204,141,10345,85
2020-11-23,Lake,033,64148,965,840,0,840,18
2020-11-23,Lassen,035,31185,2093,1271,7,1278,0
2020-11-23,Los Angeles,037,10098052,389424,366374,5675,372049,7447
2020-11-23,Madera,039,155013,6380,5787,138,5925,56
2020-11-23,Marin,041,260295,7739,7543,28,7571,135
2020-11-23,Mariposa,043,17540,125,97,1,98,2
2020-11-23,Mendocino,045,87422,1483,1330,6,1336,22
2020-11-23,Merced,047,269075,11728,11148,100,11248,169
2020-11-23,Modoc,049,8938,105,91,21,112,0
2020-11-23,Mono,051,14174,519,480,9,489,2
2020-11-23,Monterey,053,433212,15260,14265,257,14522,112
2020-11-23,Napa,055,140530,3212,2811,16,2827,17
2020-11-23,Nevada,057,99092,1307,1087,33,1120,9
2020-11-23,Orange,059,3164182,78542,71074,2321,73395,1546
2020-11-23,Placer,061,380077,7187,5999,134,6133,66
2020-11-23,Plumas,063,18699,214,172,0,172,0
2020-11-23,Riverside,065,2383286,90419,82175,1654,83829,1415
2020-11-23,Sacramento,067,1510023,37066,34141,121,34262,556
2020-11-23,San Benito,069,59416,1837,1729,11,1740,15
2020-11-23,San Bernardino,071,2135413,94968,84387,1472,85859,1224
2020-11-23,San Diego,073,3302833,80541,72817,2886,75703,968
2020-11-23,San Francisco,075,870044,15425,14646,92,14738,153
2020-11-23,San Joaquin,077,732212,26496,24622,487,25109,517
2020-11-23,San Luis Obispo,079,281455,6377,5772,100,5872,34
2020-11-23,San Mateo,081,765935,14406,13364,16,13380,170
2020-11-23,Santa Barbara,083,443738,11527,10944,199,11143,137
2020-11-23,Santa Clara,085,1922200,35038,31064,80,31144,435
2020-11-23,Santa Cruz,087,273765,4534,4003,54,4057,25
2020-11-23,Shasta,089,179085,5290,4100,160,4260,43
2020-11-23,Sierra,091,2930,17,15,0,15,0
2020-11-23,Siskiyou,093,43540,622,460,28,488,0
2020-11-23,Solano,095,438530,10390,9394,65,9459,86
2020-11-23,Sonoma,097,501317,12287,11507,50,11557,160
2020-11-23,Stanislaus,099,539301,21843,20487,1330,21817,436
2020-11-23,Sutter,101,95872,3326,2840,11,2851,14
2020-11-23,Tehama,103,63373,1674,1526,23,1549,9
2020-11-23,Trinity,105,12862,260,120,23,143,0
2020-11-23,Tulare,107,460477,21502,19818,1296,21114,315
2020-11-23,Tuolumne,109,53932,1029,774,7,781,7
2020-11-23,Ventura,111,848112,20048,18480,619,19099,179
2020-11-23,Yolo,113,214977,4911,4265,16,4281,75
2020-11-23,Yuba,115,75493,1970,1702,9,1711,10
2020-11-22,Alameda,001,1643700,29473,27472,307,27779,444
2020-11-22,Alpine,003,1148,46,41,0,41,0
2020-11-22,Amador,005,37829,501,450,1,451,16
2020-11-22,Butte,007,227075,4038,3712,189,3901,61
2020-11-22,Calaveras,009,45235,471,434,0,434,21
2020-11-22,Colusa,011,21464,722,642,3,645,6
2020-11-22,Contra Costa,013,1133247,23921,22407,145,22552,260
2020-11-22,Del Norte,015,27424,311,271,0,271,2
2020-11-22,El Dorado,017,186661,2489,1917,34,1951,4
2020-11-22,Fresno,019,978130,41273,36315,1239,37554,488
2020-11-22,Glenn,021,27897,939,832,34,866,4
2020-11-22,Humboldt,023,135768,873,729,2,731,9
2020-11-22,Imperial,025,180216,16016,15109,35,15144,355
2020-11-22,Inyo,027,18085,295,279,5,284,15
2020-11-22,Kern,029,883053,40247,37904,1050,38954,463
2020-11-22,Kings,031,150075,10937,10035,132,10167,85
2020-11-22,Lake,033,64148,943,834,0,834,18
2020-11-22,Lassen,035,31185,1928,1211,6,1217,0
2020-11-22,Los Angeles,037,10098052,383142,360341,5429,365770,7438
2020-11-22,Madera,039,155013,6300,5745,127,5872,56
2020-11-22,Marin,041,260295,7704,7506,27,7533,135
2020-11-22,Mariposa,043,17540,124,95,1,96,2
2020-11-22,Mendocino,045,87422,1459,1285,5,1290,22
2020-11-22,Merced,047,269075,11579,10939,100,11039,169
2020-11-22,Modoc,049,8938,104,87,19,106,0
2020-11-22,Mono,051,14174,504,481,9,490,2
2020-11-22,Monterey,053,433212,15019,13887,251,14138,111
2020-11-22,Napa,055,140530,3131,2778,16,2794,17
2020-11-22,Nevada,057,99092,1249,1052,33,1085,9
2020-11-22,Orange,059,3164182,77130,69913,2283,72196,1546
2020-11-22,Placer,061,380077,6960,5880,124,6004,66
2020-11-22,Plumas,063,18699,201,172,0,172,0
2020-11-22,Riverside,065,2383286,88824,81565,1595,83160,1409
2020-11-22,Sacramento,067,1510023,36334,33421,108,33529,555
2020-11-22,San Benito,069,59416,1808,1704,11,1715,15
2020-11-22,San Bernardino,071,2135413,92625,83505,1402,84907,1224
2020-11-22,San Diego,073,3302833,78804,71649,2811,74460,968
2020-11-22,San Francisco,075,870044,15254,14515,91,14606,153
2020-11-22,San Joaquin,077,732212,26197,24619,475,25094,517
2020-11-22,San Luis Obispo,079,281455,6270,5664,99,5763,34
2020-11-22,San Mateo,081,765935,14200,13228,16,13244,170
2020-11-22,Santa Barbara,083,443738,11392,10946,194,11140,137
2020-11-22,Santa Clara,085,1922200,34360,30633,78,30711,434
2020-11-22,Santa Cruz,087,273765,4452,3896,47,3943,25
2020-11-22,Shasta,089,179085,5134,4100,142,4242,43
2020-11-22,Sierra,091,2930,17,13,0,13,0
2020-11-22,Siskiyou,093,43540,591,411,28,439,0
2020-11-22,Solano,095,438530,10218,9363,61,9424,86
2020-11-22,Sonoma,097,501317,12129,11415,48,11463,159
2020-11-22,Stanislaus,099,539301,21516,20223,1300,21523,436
2020-11-22,Sutter,101,95872,3209,2677,11,2688,13
2020-11-22,Tehama,103,63373,1640,1457,19,1476,9
2020-11-22,Trinity,105,12862,254,114,23,137,0
2020-11-22,Tulare,107,460477,21249,19818,1227,21045,314
2020-11-22,Tuolumne,109,53932,1003,689,7,696,7
2020-11-22,Ventura,111,848112,19687,18105,606,18711,179
2020-11-22,Yolo,113,214977,4811,4206,16,4222,75
2020-11-22,Yuba,115,75493,1917,1672,9,1681,10
2020-11-21,Alameda,001,1643700,29286,27424,305,27729,444
2020-11-21,Alpine,003,1148,46,41,0,41,0
2020-11-21,Amador,005,37829,487,450,1,451,16
2020-11-21,Butte,007,227075,3990,3664,186,3850,61
2020-11-21,Calaveras,009,45235,463,434,0,434,21
2020-11-21,Colusa,011,21464,713,642,3,645,6
2020-11-21,Contra Costa,013,1133247,23768,22338,143,22481,260
2020-11-21,Del Norte,015,27424,306,271,0,271,2
2020-11-21,El Dorado,017,186661,2440,1900,33,1933,4
2020-11-21,Fresno,019,978130,41017,35973,1205,37178,482
2020-11-21,Glenn,021,27897,934,829,32,861,4
2020-11-21,Humboldt,023,135768,863,728,2,730,9
2020-11-21,Imperial,025,180216,15939,15053,35,15088,355
2020-11-21,Inyo,027,18085,293,283,5,288,15
2020-11-21,Kern,029,883053,39991,37403,1015,38418,463
2020-11-21,Kings,031,150075,10889,10019,128,10147,85
2020-11-21,Lake,033,64148,930,832,0,832,18
2020-11-21,Lassen,035,31185,1861,1211,6,1217,0
2020-11-21,Los Angeles,037,10098052,379960,357754,5287,363041,7428
2020-11-21,Madera,039,155013,6263,5706,127,5833,56
2020-11-21,Marin,041,260295,7681,7488,26,7514,134
2020-11-21,Mariposa,043,17540,124,92,1,93,2
2020-11-21,Mendocino,045,87422,1428,1282,5,1287,22
2020-11-21,Merced,047,269075,11518,10849,99,10948,169
2020-11-21,Modoc,049,8938,100,87,18,105,0
2020-11-21,Mono,051,14174,499,469,9,478,2
2020-11-21,Monterey,053,433212,14921,13886,246,14132,110
2020-11-21,Napa,055,140530,3097,2757,16,2773,17
2020-11-21,Nevada,057,99092,1237,1018,32,1050,9
2020-11-21,Orange,059,3164182,76329,69021,2253,71274,1543
2020-11-21,Placer,061,380077,6846,5778,121,5899,65
2020-11-21,Plumas,063,18699,196,172,0,172,0
2020-11-21,Riverside,065,2383286,88048,80676,1549,82225,1407
2020-11-21,Sacramento,067,1510023,35938,33133,100,33233,548
2020-11-21,San Benito,069,59416,1789,1691,11,1702,15
2020-11-21,San Bernardino,071,2135413,91750,83206,1326,84532,1222
2020-11-21,San Diego,073,3302833,78025,70711,2756,73467,966
2020-11-21,San Francisco,075,870044,15151,14445,90,14535,153
2020-11-21,San Joaquin,077,732212,26064,24620,460,25080,517
2020-11-21,San Luis Obispo,079,281455,6217,5618,96,5714,34
2020-11-21,San Mateo,081,765935,14099,13138,16,13154,170
2020-11-21,Santa Barbara,083,443738,11340,10922,191,11113,137
2020-11-21,Santa Clara,085,1922200,33976,30377,75,30452,433
2020-11-21,Santa Cruz,087,273765,4395,3898,47,3945,25
2020-11-21,Shasta,089,179085,5060,4095,139,4234,42
2020-11-21,Sierra,091,2930,17,13,0,13,0
2020-11-21,Siskiyou,093,43540,575,403,28,431,0
2020-11-21,Solano,095,438530,10128,9290,58,9348,86
2020-11-21,Sonoma,097,501317,12054,11394,47,11441,158
2020-11-21,Stanislaus,099,539301,21373,20111,1276,21387,435
2020-11-21,Sutter,101,95872,3149,2615,10,2625,13
2020-11-21,Tehama,103,63373,1620,1435,18,1453,9
2020-11-21,Trinity,105,12862,251,110,23,133,0
2020-11-21,Tulare,107,460477,21123,19752,1193,20945,313
2020-11-21,Tuolumne,109,53932,984,690,7,697,7
2020-11-21,Ventura,111,848112,19524,18040,596,18636,177
2020-11-21,Yolo,113,214977,4737,4147,15,4162,75
2020-11-21,Yuba,115,75493,1885,1643,9,1652,10
2020-11-20,Alameda,001,1643700,29072,27221,298,27519,444
2020-11-20,Alpine,003,1148,46,20,0,20,0
2020-11-20,Amador,005,37829,483,446,1,447,16
2020-11-20,Butte,007,227075,3958,3618,182,3800,60
2020-11-20,Calaveras,009,45235,453,424,0,424,21
2020-11-20,Colusa,011,21464,705,631,2,633,6
2020-11-20,Contra Costa,013,1133247,23582,22116,139,22255,260
2020-11-20,Del Norte,015,27424,302,264,0,264,2
2020-11-20,El Dorado,017,186661,2344,1868,31,1899,4
2020-11-20,Fresno,019,978130,40723,35635,1176,36811,480
2020-11-20,Glenn,021,27897,922,826,30,856,4
2020-11-20,Humboldt,023,135768,854,714,1,715,9
2020-11-20,Imperial,025,180216,15877,14864,31,14895,353
2020-11-20,Inyo,027,18085,291,262,5,267,15
2020-11-20,Kern,029,883053,39698,37143,990,38133,462
2020-11-20,Kings,031,150075,10841,9903,127,10030,85
2020-11-20,Lake,033,64148,921,820,0,820,18
2020-11-20,Lassen,035,31185,1776,1212,5,1217,0
2020-11-20,Los Angeles,037,10098052,376071,353554,5125,358679,7398
2020-11-20,Madera,039,155013,6169,5635,126,5761,54
2020-11-20,Marin,041,260295,7657,7467,25,7492,134
2020-11-20,Mariposa,043,17540,116,89,1,90,2
2020-11-20,Mendocino,045,87422,1408,1269,5,1274,22
2020-11-20,Merced,047,269075,11432,10729,99,10828,167
2020-11-20,Modoc,049,8938,100,83,18,101,0
2020-11-20,Mono,051,14174,497,469,9,478,2
2020-11-20,Monterey,053,433212,14796,13738,237,13975,110
2020-11-20,Napa,055,140530,3067,2718,16,2734,17
2020-11-20,Nevada,057,99092,1219,990,31,1021,9
2020-11-20,Orange,059,3164182,75493,68212,2216,70428,1532
2020-11-20,Placer,061,380077,6711,5687,106,5793,66
2020-11-20,Plumas,063,18699,194,163,0,163,0
2020-11-20,Riverside,065,2383286,87037,79613,1488,81101,1405
2020-11-20,Sacramento,067,1510023,35562,32832,93,32925,549
2020-11-20,San Benito,069,59416,1777,1668,11,1679,15
2020-11-20,San Bernardino,071,2135413,90380,81203,1244,82447,1220
2020-11-20,San Diego,073,3302833,77027,69233,2674,71907,960
2020-11-20,San Francisco,075,870044,15048,14327,89,14416,153
2020-11-20,San Joaquin,077,732212,25910,24460,447,24907,515
2020-11-20,San Luis Obispo,079,281455,6161,5524,93,5617,34
2020-11-20,San Mateo,081,765935,13966,12980,15,12995,169
2020-11-20,Santa Barbara,083,443738,11284,10825,185,11010,136
2020-11-20,Santa Clara,085,1922200,33555,30002,70,30072,431
2020-11-20,Santa Cruz,087,273765,4329,3815,47,3862,25
2020-11-20,Shasta,089,179085,4987,3861,134,3995,42
2020-11-20,Sierra,091,2930,17,12,0,12,0
2020-11-20,Siskiyou,093,43540,561,387,27,414,0
2020-11-20,Solano,095,438530,10036,9216,56,9272,85
2020-11-20,Sonoma,097,501317,11970,11316,46,11362,158
2020-11-20,Stanislaus,099,539301,21218,19889,1250,21139,433
2020-11-20,Sutter,101,95872,3099,2580,10,2590,13
2020-11-20,Tehama,103,63373,1604,1410,15,1425,9
2020-11-20,Trinity,105,12862,250,102,23,125,0
2020-11-20,Tulare,107,460477,20990,19568,1155,20723,311
2020-11-20,Tuolumne,109,53932,945,662,7,669,7
2020-11-20,Ventura,111,848112,19356,17741,569,18310,175
2020-11-20,Yolo,113,214977,4659,4081,14,4095,74
2020-11-20,Yuba,115,75493,1857,1611,9,1620,10
2020-11-19,Alameda,001,1643700,28727,26971,290,27261,441
2020-11-19,Alpine,003,1148,43,20,0,20,0
2020-11-19,Amador,005,37829,479,436,1,437,16
2020-11-19,Butte,007,227075,3909,3576,175,3751,60
2020-11-19,Calaveras,009,45235,442,417,0,417,21
2020-11-19,Colusa,011,21464,687,621,2,623,6
2020-11-19,Contra Costa,013,1133247,23310,21886,136,22022,259
2020-11-19,Del Norte,015,27424,294,251,0,251,2
2020-11-19,El Dorado,017,186661,2270,1825,27,1852,4
2020-11-19,Fresno,019,978130,40274,35278,1119,36397,478
2020-11-19,Glenn,021,27897,900,806,29,835,4
2020-11-19,Humboldt,023,135768,834,693,1,694,9
2020-11-19,Imperial,025,180216,15668,14507,31,14538,349
2020-11-19,Inyo,027,18085,289,262,5,267,15
2020-11-19,Kern,029,883053,39278,36779,948,37727,459
2020-11-19,Kings,031,150075,10693,9763,119,9882,85
2020-11-19,Lake,033,64148,907,809,0,809,18
2020-11-19,Lassen,035,31185,1659,1201,3,1204,0
2020-11-19,Los Angeles,037,10098052,371045,349493,4958,354451,7365
2020-11-19,Madera,039,155013,6098,5540,118,5658,54
2020-11-19,Marin,041,260295,7626,7451,25,7476,134
2020-11-19,Mariposa,043,17540,109,88,0,88,2
2020-11-19,Mendocino,045,87422,1387,1237,5,1242,23
2020-11-19,Merced,047,269075,11291,10634,93,10727,167
2020-11-19,Modoc,049,8938,97,82,18,100,0
2020-11-19,Mono,051,14174,489,468,9,477,2
2020-11-19,Monterey,053,433212,14581,13369,225,13594,108
2020-11-19,Napa,055,140530,3013,2641,16,2657,17
2020-11-19,Nevada,057,99092,1178,945,30,975,9
2020-11-19,Orange,059,3164182,74230,66998,2173,69171,1530
2020-11-19,Placer,061,380077,6520,5612,105,5717,65
2020-11-19,Plumas,063,18699,189,158,0,158,0
2020-11-19,Riverside,065,2383286,85554,78535,1417,79952,1402
2020-11-19,Sacramento,067,1510023,35048,32367,91,32458,546
2020-11-19,San Benito,069,59416,1754,1643,11,1654,15
2020-11-19,San Bernardino,071,2135413,88483,79244,1166,80410,1215
2020-11-19,San Diego,073,3302833,75777,68142,2570,70712,952
2020-11-19,San Francisco,075,870044,14891,14178,83,14261,153
2020-11-19,San Joaquin,077,732212,25591,24270,436,24706,516
2020-11-19,San Luis Obispo,079,281455,6084,5410,89,5499,34
2020-11-19,San Mateo,081,765935,13828,12714,15,12729,169
2020-11-19,Santa Barbara,083,443738,11204,10741,182,10923,136
2020-11-19,Santa Clara,085,1922200,32998,29630,69,29699,424
2020-11-19,Santa Cruz,087,273765,4239,3679,45,3724,25
2020-11-19,Shasta,089,179085,4849,3685,124,3809,42
2020-11-19,Sierra,091,2930,17,11,0,11,0
2020-11-19,Siskiyou,093,43540,536,360,26,386,0
2020-11-19,Solano,095,438530,9899,9093,52,9145,84
2020-11-19,Sonoma,097,501317,11800,11205,44,11249,156
2020-11-19,Stanislaus,099,539301,20977,19736,1208,20944,433
2020-11-19,Sutter,101,95872,3000,2509,10,2519,13
2020-11-19,Tehama,103,63373,1570,1373,12,1385,9
2020-11-19,Trinity,105,12862,244,97,23,120,0
2020-11-19,Tulare,107,460477,20768,19384,1091,20475,304
2020-11-19,Tuolumne,109,53932,913,602,7,609,7
2020-11-19,Ventura,111,848112,19003,17300,556,17856,174
2020-11-19,Yolo,113,214977,4565,3973,14,3987,72
2020-11-19,Yuba,115,75493,1817,1568,9,1577,10
2020-11-18,Alameda,001,1643700,28463,26610,285,26895,440
2020-11-18,Alpine,003,1148,42,16,0,16,0
2020-11-18,Amador,005,37829,474,430,1,431,16
2020-11-18,Butte,007,227075,3856,3537,162,3699,59
2020-11-18,Calaveras,009,45235,437,409,0,409,21
2020-11-18,Colusa,011,21464,674,611,2,613,6
2020-11-18,Contra Costa,013,1133247,23045,21685,132,21817,258
2020-11-18,Del Norte,015,27424,281,240,0,240,2
2020-11-18,El Dorado,017,186661,2182,1799,26,1825,4
2020-11-18,Fresno,019,978130,39835,34997,1070,36067,474
2020-11-18,Glenn,021,27897,883,803,27,830,4
2020-11-18,Humboldt,023,135768,820,690,1,691,9
2020-11-18,Imperial,025,180216,15445,14428,31,14459,348
2020-11-18,Inyo,027,18085,287,262,5,267,15
2020-11-18,Kern,029,883053,38889,36537,899,37436,456
2020-11-18,Kings,031,150075,10545,9696,116,9812,85
2020-11-18,Lake,033,64148,894,802,0,802,18
2020-11-18,Lassen,035,31185,1559,1124,3,1127,0
2020-11-18,Los Angeles,037,10098052,366173,344675,4778,349453,7338
2020-11-18,Madera,039,155013,6011,5519,106,5625,54
2020-11-18,Marin,041,260295,7602,7435,25,7460,134
2020-11-18,Mariposa,043,17540,106,88,0,88,2
2020-11-18,Mendocino,045,87422,1367,1237,5,1242,23
2020-11-18,Merced,047,269075,11175,10536,92,10628,166
2020-11-18,Modoc,049,8938,94,77,18,95,0
2020-11-18,Mono,051,14174,484,468,9,477,2
2020-11-18,Monterey,053,433212,14386,13340,211,13551,108
2020-11-18,Napa,055,140530,2967,2607,16,2623,17
2020-11-18,Nevada,057,99092,1138,933,28,961,9
2020-11-18,Orange,059,3164182,73134,66381,2148,68529,1521
2020-11-18,Placer,061,380077,6342,5543,100,5643,64
2020-11-18,Plumas,063,18699,184,143,0,143,0
2020-11-18,Riverside,065,2383286,84090,77739,1316,79055,1387
2020-11-18,Sacramento,067,1510023,34423,31816,83,31899,541
2020-11-18,San Benito,069,59416,1729,1632,10,1642,15
2020-11-18,San Bernardino,071,2135413,86724,77400,1086,78486,1206
2020-11-18,San Diego,073,3302833,74483,67243,2510,69753,945
2020-11-18,San Francisco,075,870044,14747,14057,81,14138,153
2020-11-18,San Joaquin,077,732212,25328,24146,422,24568,517
2020-11-18,San Luis Obispo,079,281455,6008,5322,88,5410,34
2020-11-18,San Mateo,081,765935,13675,12631,14,12645,169
2020-11-18,Santa Barbara,083,443738,11125,10684,175,10859,136
2020-11-18,Santa Clara,085,1922200,32532,29285,64,29349,421
2020-11-18,Santa Cruz,087,273765,4149,3618,43,3661,25
2020-11-18,Shasta,089,179085,4715,3547,120,3667,42
2020-11-18,Sierra,091,2930,17,11,0,11,0
2020-11-18,Siskiyou,093,43540,504,351,25,376,0
2020-11-18,Solano,095,438530,9767,8994,50,9044,84
2020-11-18,Sonoma,097,501317,11693,11129,41,11170,155
2020-11-18,Stanislaus,099,539301,20735,19609,1183,20792,431
2020-11-18,Sutter,101,95872,2882,2442,10,2452,13
2020-11-18,Tehama,103,63373,1531,1338,12,1350,8
2020-11-18,Trinity,105,12862,230,95,22,117,0
2020-11-18,Tulare,107,460477,20558,19286,1040,20326,306
2020-11-18,Tuolumne,109,53932,878,590,7,597,7
2020-11-18,Ventura,111,848112,18678,17169,541,17710,173
2020-11-18,Yolo,113,214977,4491,3929,14,3943,71
2020-11-18,Yuba,115,75493,1763,1540,9,1549,10
2020-11-17,Alameda,001,1643700,28137,26425,275,26700,439
2020-11-17,Alpine,003,1148,40,12,0,12,0
2020-11-17,Amador,005,37829,463,423,1,424,16
2020-11-17,Butte,007,227075,3814,3500,152,3652,59
2020-11-17,Calaveras,009,45235,420,405,0,405,21
2020-11-17,Colusa,011,21464,663,606,1,607,6
2020-11-17,Contra Costa,013,1133247,22773,21557,127,21684,256
2020-11-17,Del Norte,015,27424,275,233,0,233,2
2020-11-17,El Dorado,017,186661,2123,1758,26,1784,4
2020-11-17,Fresno,019,978130,39237,34765,1011,35776,472
2020-11-17,Glenn,021,27897,872,795,26,821,4
2020-11-17,Humboldt,023,135768,798,685,1,686,9
2020-11-17,Imperial,025,180216,15208,14204,29,14233,346
2020-11-17,Inyo,027,18085,286,263,5,268,15
2020-11-17,Kern,029,883053,38440,36164,846,37010,455
2020-11-17,Kings,031,150075,10472,9653,109,9762,85
2020-11-17,Lake,033,64148,874,792,0,792,18
2020-11-17,Lassen,035,31185,1480,1124,3,1127,0
2020-11-17,Los Angeles,037,10098052,361226,340933,4619,345552,7302
2020-11-17,Madera,039,155013,5922,5485,99,5584,54
2020-11-17,Marin,041,260295,7570,7404,24,7428,134
2020-11-17,Mariposa,043,17540,103,87,0,87,2
2020-11-17,Mendocino,045,87422,1346,1216,5,1221,23
2020-11-17,Merced,047,269075,11031,10457,86,10543,162
2020-11-17,Modoc,049,8938,88,71,17,88,0
2020-11-17,Mono,051,14174,479,459,9,468,2
2020-11-17,Monterey,053,433212,14156,13220,201,13421,108
2020-11-17,Napa,055,140530,2913,2568,16,2584,17
2020-11-17,Nevada,057,99092,1097,918,27,945,9
2020-11-17,Orange,059,3164182,71983,65757,2121,67878,1519
2020-11-17,Placer,061,380077,6180,5435,94,5529,63
2020-11-17,Plumas,063,18699,176,142,0,142,0
2020-11-17,Riverside,065,2383286,82704,77079,1225,78304,1379
2020-11-17,Sacramento,067,1510023,33824,31341,79,31420,538
2020-11-17,San Benito,069,59416,1713,1611,4,1615,15
2020-11-17,San Bernardino,071,2135413,84911,76134,996,77130,1188
2020-11-17,San Diego,073,3302833,73230,66321,2454,68775,933
2020-11-17,San Francisco,075,870044,14581,13952,80,14032,153
2020-11-17,San Joaquin,077,732212,25055,23997,402,24399,516
2020-11-17,San Luis Obispo,079,281455,5912,5235,88,5323,34
2020-11-17,San Mateo,081,765935,13514,12491,13,12504,169
2020-11-17,Santa Barbara,083,443738,11040,10597,170,10767,136
2020-11-17,Santa Clara,085,1922200,31985,29013,63,29076,419
2020-11-17,Santa Cruz,087,273765,4063,3548,40,3588,25
2020-11-17,Shasta,089,179085,4557,3457,108,3565,40
2020-11-17,Sierra,091,2930,15,11,0,11,0
2020-11-17,Siskiyou,093,43540,456,333,24,357,0
2020-11-17,Solano,095,438530,9622,8905,49,8954,84
2020-11-17,Sonoma,097,501317,11559,11084,40,11124,155
2020-11-17,Stanislaus,099,539301,20511,19466,1155,20621,425
2020-11-17,Sutter,101,95872,2799,2370,9,2379,12
2020-11-17,Tehama,103,63373,1481,1290,12,1302,7
2020-11-17,Trinity,105,12862,213,83,22,105,0
2020-11-17,Tulare,107,460477,20328,19176,978,20154,305
2020-11-17,Tuolumne,109,53932,840,568,7,575,7
2020-11-17,Ventura,111,848112,18406,16797,523,17320,173
2020-11-17,Yolo,113,214977,4314,3887,13,3900,70
2020-11-17,Yuba,115,75493,1715,1519,9,1528,10
2020-11-16,Alameda,001,1643700,27790,26063,270,26333,436
2020-11-16,Alpine,003,1148,37,12,0,12,0
2020-11-16,Amador,005,37829,455,414,1,415,16
2020-11-16,Butte,007,227075,3775,3490,144,3634,58
2020-11-16,Calaveras,009,45235,412,402,0,402,21
2020-11-16,Colusa,011,21464,654,601,1,602,6
2020-11-16,Contra Costa,013,1133247,22505,21386,122,21508,256
2020-11-16,Del Norte,015,27424,268,225,0,225,2
2020-11-16,El Dorado,017,186661,2063,1694,24,1718,4
2020-11-16,Fresno,019,978130,38748,34593,958,35551,471
2020-11-16,Glenn,021,27897,860,786,25,811,4
2020-11-16,Humboldt,023,135768,782,660,1,661,9
2020-11-16,Imperial,025,180216,14960,14111,29,14140,346
2020-11-16,Inyo,027,18085,283,263,5,268,15
2020-11-16,Kern,029,883053,38046,36049,803,36852,455
2020-11-16,Kings,031,150075,10205,9569,105,9674,85
2020-11-16,Lake,033,64148,862,784,0,784,18
2020-11-16,Lassen,035,31185,1299,1124,3,1127,0
2020-11-16,Los Angeles,037,10098052,356474,338778,4448,343226,7277
2020-11-16,Madera,039,155013,5835,5433,93,5526,54
2020-11-16,Marin,041,260295,7541,7359,24,7383,134
2020-11-16,Mariposa,043,17540,100,86,0,86,2
2020-11-16,Mendocino,045,87422,1321,1209,5,1214,23
2020-11-16,Merced,047,269075,10893,10399,83,10482,162
2020-11-16,Modoc,049,8938,86,71,17,88,0
2020-11-16,Mono,051,14174,477,453,9,462,2
2020-11-16,Monterey,053,433212,13910,13089,191,13280,107
2020-11-16,Napa,055,140530,2837,2536,16,2552,17
2020-11-16,Nevada,057,99092,1054,889,25,914,9
2020-11-16,Orange,059,3164182,70886,65396,2107,67503,1519
2020-11-16,Placer,061,380077,6061,5387,86,5473,63
2020-11-16,Plumas,063,18699,169,127,0,127,0
2020-11-16,Riverside,065,2383286,81331,76449,1161,77610,1379
2020-11-16,Sacramento,067,1510023,33186,30954,72,31026,534
2020-11-16,San Benito,069,59416,1695,1603,3,1606,15
2020-11-16,San Bernardino,071,2135413,83084,74401,928,75329,1186
2020-11-16,San Diego,073,3302833,71919,65603,2382,67985,926
2020-11-16,San Francisco,075,870044,14422,13847,77,13924,153
2020-11-16,San Joaquin,077,732212,24768,23515,392,23907,513
2020-11-16,San Luis Obispo,079,281455,5809,5161,83,5244,34
2020-11-16,San Mateo,081,765935,13354,12398,13,12411,169
2020-11-16,Santa Barbara,083,443738,10975,10565,166,10731,135
2020-11-16,Santa Clara,085,1922200,31420,28673,62,28735,419
2020-11-16,Santa Cruz,087,273765,3990,3520,40,3560,25
2020-11-16,Shasta,089,179085,4409,3284,103,3387,37
2020-11-16,Sierra,091,2930,15,11,0,11,0
2020-11-16,Siskiyou,093,43540,429,294,24,318,0
2020-11-16,Solano,095,438530,9423,8827,49,8876,84
2020-11-16,Sonoma,097,501317,11468,10961,39,11000,155
2020-11-16,Stanislaus,099,539301,20275,19333,1128,20461,425
2020-11-16,Sutter,101,95872,2693,2322,9,2331,12
2020-11-16,Tehama,103,63373,1435,1261,8,1269,7
2020-11-16,Trinity,105,12862,201,67,22,89,0
2020-11-16,Tulare,107,460477,20149,18891,924,19815,305
2020-11-16,Tuolumne,109,53932,804,543,7,550,7
2020-11-16,Ventura,111,848112,18068,16691,515,17206,172
2020-11-16,Yolo,113,214977,4219,3858,13,3871,70
2020-11-16,Yuba,115,75493,1679,1500,8,1508,10
2020-11-15,Alameda,001,1643700,27472,25879,265,26144,436
2020-11-15,Alpine,003,1148,35,12,0,12,0
2020-11-15,Amador,005,37829,443,409,1,410,16
2020-11-15,Butte,007,227075,3721,3452,135,3587,58
2020-11-15,Calaveras,009,45235,398,386,0,386,21
2020-11-15,Colusa,011,21464,645,601,1,602,6
2020-11-15,Contra Costa,013,1133247,22205,21179,121,21300,256
2020-11-15,Del Norte,015,27424,254,224,0,224,2
2020-11-15,El Dorado,017,186661,2001,1683,22,1705,4
2020-11-15,Fresno,019,978130,38235,34297,920,35217,471
2020-11-15,Glenn,021,27897,848,783,24,807,4
2020-11-15,Humboldt,023,135768,754,653,1,654,9
2020-11-15,Imperial,025,180216,14723,13940,29,13969,346
2020-11-15,Inyo,027,18085,273,263,5,268,15
2020-11-15,Kern,029,883053,37640,35911,768,36679,455
2020-11-15,Kings,031,150075,10012,9533,101,9634,85
2020-11-15,Lake,033,64148,853,777,0,777,17
2020-11-15,Lassen,035,31185,1252,1124,3,1127,0
2020-11-15,Los Angeles,037,10098052,351429,336035,4279,340314,7271
2020-11-15,Madera,039,155013,5738,5391,87,5478,54
2020-11-15,Marin,041,260295,7515,7347,24,7371,133
2020-11-15,Mariposa,043,17540,97,86,0,86,2
2020-11-15,Mendocino,045,87422,1302,1197,5,1202,22
2020-11-15,Merced,047,269075,10760,10350,83,10433,162
2020-11-15,Modoc,049,8938,85,68,17,85,0
2020-11-15,Mono,051,14174,475,453,9,462,2
2020-11-15,Monterey,053,433212,13714,12999,178,13177,107
2020-11-15,Napa,055,140530,2778,2509,14,2523,17
2020-11-15,Nevada,057,99092,999,859,25,884,9
2020-11-15,Orange,059,3164182,69843,65008,2091,67099,1519
2020-11-15,Placer,061,380077,5906,5330,78,5408,63
2020-11-15,Plumas,063,18699,163,127,0,127,0
2020-11-15,Riverside,065,2383286,80008,75531,1102,76633,1374
2020-11-15,Sacramento,067,1510023,32560,30601,67,30668,534
2020-11-15,San Benito,069,59416,1670,1589,2,1591,15
2020-11-15,San Bernardino,071,2135413,80935,73769,853,74622,1185
2020-11-15,San Diego,073,3302833,70418,64770,2325,67095,926
2020-11-15,San Francisco,075,870044,14247,13757,76,13833,153
2020-11-15,San Joaquin,077,732212,24559,23516,376,23892,513
2020-11-15,San Luis Obispo,079,281455,5688,5120,81,5201,34
2020-11-15,San Mateo,081,765935,13177,12348,13,12361,169
2020-11-15,Santa Barbara,083,443738,10880,10516,164,10680,135
2020-11-15,Santa Clara,085,1922200,30965,28289,61,28350,418
2020-11-15,Santa Cruz,087,273765,3851,3439,39,3478,25
2020-11-15,Shasta,089,179085,4236,3290,94,3384,37
2020-11-15,Sierra,091,2930,15,11,0,11,0
2020-11-15,Siskiyou,093,43540,410,294,24,318,0
2020-11-15,Solano,095,438530,9262,8713,46,8759,84
2020-11-15,Sonoma,097,501317,11349,10833,38,10871,154
2020-11-15,Stanislaus,099,539301,20003,19228,1103,20331,425
2020-11-15,Sutter,101,95872,2603,2230,9,2239,12
2020-11-15,Tehama,103,63373,1384,1222,7,1229,7
2020-11-15,Trinity,105,12862,191,67,20,87,0
2020-11-15,Tulare,107,460477,19932,18891,871,19762,305
2020-11-15,Tuolumne,109,53932,762,486,7,493,7
2020-11-15,Ventura,111,848112,17794,16564,507,17071,172
2020-11-15,Yolo,113,214977,4116,3819,12,3831,67
2020-11-15,Yuba,115,75493,1638,1470,7,1477,10
2020-11-14,Alameda,001,1643700,27205,25714,263,25977,435
2020-11-14,Alpine,003,1148,35,12,0,12,0
2020-11-14,Amador,005,37829,434,404,0,404,16
2020-11-14,Butte,007,227075,3685,3434,121,3555,58
2020-11-14,Calaveras,009,45235,397,386,0,386,21
2020-11-14,Colusa,011,21464,633,601,1,602,6
2020-11-14,Contra Costa,013,1133247,22066,20975,114,21089,256
2020-11-14,Del Norte,015,27424,247,219,0,219,2
2020-11-14,El Dorado,017,186661,1957,1648,22,1670,4
2020-11-14,Fresno,019,978130,37985,33969,883,34852,471
2020-11-14,Glenn,021,27897,839,772,21,793,3
2020-11-14,Humboldt,023,135768,739,643,1,644,9
2020-11-14,Imperial,025,180216,14630,13932,28,13960,346
2020-11-14,Inyo,027,18085,272,263,5,268,15
2020-11-14,Kern,029,883053,37430,35626,749,36375,454
2020-11-14,Kings,031,150075,9977,9490,98,9588,85
2020-11-14,Lake,033,64148,844,773,0,773,17
2020-11-14,Lassen,035,31185,1238,833,3,836,0
2020-11-14,Los Angeles,037,10098052,348722,333021,4170,337191,7269
2020-11-14,Madera,039,155013,5708,5371,85,5456,54
2020-11-14,Marin,041,260295,7499,7325,24,7349,133
2020-11-14,Mariposa,043,17540,96,86,0,86,2
2020-11-14,Mendocino,045,87422,1286,1181,5,1186,22
2020-11-14,Merced,047,269075,10704,10286,81,10367,161
2020-11-14,Modoc,049,8938,84,64,16,80,0
2020-11-14,Mono,051,14174,475,453,9,462,2
2020-11-14,Monterey,053,433212,13618,12854,168,13022,105
2020-11-14,Napa,055,140530,2744,2473,14,2487,17
2020-11-14,Nevada,057,99092,983,835,25,860,9
2020-11-14,Orange,059,3164182,69222,64340,2080,66420,1517
2020-11-14,Placer,061,380077,5830,5215,72,5287,63
2020-11-14,Plumas,063,18699,158,128,0,128,0
2020-11-14,Riverside,065,2383286,79268,74910,1063,75973,1373
2020-11-14,Sacramento,067,1510023,32235,30298,67,30365,532
2020-11-14,San Benito,069,59416,1655,1573,2,1575,15
2020-11-14,San Bernardino,071,2135413,80001,72868,821,73689,1184
2020-11-14,San Diego,073,3302833,69653,63715,2273,65988,926
2020-11-14,San Francisco,075,870044,14159,13661,75,13736,153
2020-11-14,San Joaquin,077,732212,24467,23516,368,23884,511
2020-11-14,San Luis Obispo,079,281455,5625,5073,76,5149,34
2020-11-14,San Mateo,081,765935,13069,12293,13,12306,169
2020-11-14,Santa Barbara,083,443738,10826,10482,162,10644,135
2020-11-14,Santa Clara,085,1922200,30680,27962,59,28021,416
2020-11-14,Santa Cruz,087,273765,3796,3402,39,3441,25
2020-11-14,Shasta,089,179085,4155,3195,92,3287,37
2020-11-14,Sierra,091,2930,15,11,0,11,0
2020-11-14,Siskiyou,093,43540,397,292,24,316,0
2020-11-14,Solano,095,438530,9182,8655,45,8700,84
2020-11-14,Sonoma,097,501317,11296,10769,38,10807,154
2020-11-14,Stanislaus,099,539301,19860,19068,1081,20149,424
2020-11-14,Sutter,101,95872,2558,2182,9,2191,12
2020-11-14,Tehama,103,63373,1363,1206,6,1212,7
2020-11-14,Trinity,105,12862,186,67,20,87,0
2020-11-14,Tulare,107,460477,19837,18853,843,19696,305
2020-11-14,Tuolumne,109,53932,734,448,7,455,7
2020-11-14,Ventura,111,848112,17648,16297,496,16793,172
2020-11-14,Yolo,113,214977,4073,3765,10,3775,65
2020-11-14,Yuba,115,75493,1609,1453,7,1460,10
2020-11-13,Alameda,001,1643700,26989,25515,258,25773,434
2020-11-13,Alpine,003,1148,35,12,0,12,0
2020-11-13,Amador,005,37829,431,397,0,397,16
2020-11-13,Butte,007,227075,3661,3402,112,3514,58
2020-11-13,Calaveras,009,45235,393,378,0,378,21
2020-11-13,Colusa,011,21464,625,598,1,599,6
2020-11-13,Contra Costa,013,1133247,21893,20799,114,20913,256
2020-11-13,Del Norte,015,27424,244,208,0,208,2
2020-11-13,El Dorado,017,186661,1912,1611,21,1632,4
2020-11-13,Fresno,019,978130,37739,33693,869,34562,470
2020-11-13,Glenn,021,27897,825,755,17,772,3
2020-11-13,Humboldt,023,135768,724,638,1,639,9
2020-11-13,Imperial,025,180216,14560,13790,27,13817,341
2020-11-13,Inyo,027,18085,271,262,5,267,15
2020-11-13,Kern,029,883053,37228,35431,732,36163,453
2020-11-13,Kings,031,150075,9918,9428,97,9525,85
2020-11-13,Lake,033,64148,838,770,0,770,17
2020-11-13,Lassen,035,31185,1229,832,3,835,0
2020-11-13,Los Angeles,037,10098052,345594,329364,4065,333429,7248
2020-11-13,Madera,039,155013,5668,5340,84,5424,54
2020-11-13,Marin,041,260295,7486,7307,23,7330,133
2020-11-13,Mariposa,043,17540,94,86,0,86,2
2020-11-13,Mendocino,045,87422,1274,1173,5,1178,22
2020-11-13,Merced,047,269075,10648,10185,78,10263,159
2020-11-13,Modoc,049,8938,84,63,14,77,0
2020-11-13,Mono,051,14174,475,448,8,456,2
2020-11-13,Monterey,053,433212,13423,12681,156,12837,104
2020-11-13,Napa,055,140530,2705,2440,14,2454,17
2020-11-13,Nevada,057,99092,964,798,25,823,9
2020-11-13,Orange,059,3164182,68624,63804,2060,65864,1514
2020-11-13,Placer,061,380077,5725,5122,66,5188,63
2020-11-13,Plumas,063,18699,152,125,0,125,0
2020-11-13,Riverside,065,2383286,78530,74138,1034,75172,1372
2020-11-13,Sacramento,067,1510023,31917,29787,62,29849,524
2020-11-13,San Benito,069,59416,1643,1553,1,1554,15
2020-11-13,San Bernardino,071,2135413,78952,71895,800,72695,1184
2020-11-13,San Diego,073,3302833,68806,62978,2235,65213,921
2020-11-13,San Francisco,075,870044,14066,13516,73,13589,146
2020-11-13,San Joaquin,077,732212,24372,23314,362,23676,510
2020-11-13,San Luis Obispo,079,281455,5558,4960,73,5033,34
2020-11-13,San Mateo,081,765935,12976,12182,13,12195,169
2020-11-13,Santa Barbara,083,443738,10774,10405,160,10565,134
2020-11-13,Santa Clara,085,1922200,30352,27609,57,27666,415
2020-11-13,Santa Cruz,087,273765,3722,3343,39,3382,25
2020-11-13,Shasta,089,179085,4071,2983,88,3071,37
2020-11-13,Sierra,091,2930,15,11,0,11,0
2020-11-13,Siskiyou,093,43540,392,280,23,303,0
2020-11-13,Solano,095,438530,9091,8525,45,8570,84
2020-11-13,Sonoma,097,501317,11235,10685,36,10721,151
2020-11-13,Stanislaus,099,539301,19735,18936,1054,19990,422
2020-11-13,Sutter,101,95872,2512,2121,8,2129,12
2020-11-13,Tehama,103,63373,1336,1167,6,1173,7
2020-11-13,Trinity,105,12862,184,64,20,84,0
2020-11-13,Tulare,107,460477,19713,18714,803,19517,305
2020-11-13,Tuolumne,109,53932,701,427,7,434,7
2020-11-13,Ventura,111,848112,17502,16172,482,16654,171
2020-11-13,Yolo,113,214977,4022,3716,10,3726,65
2020-11-13,Yuba,115,75493,1582,1435,7,1442,10
2020-11-12,Alameda,001,1643700,26722,25345,258,25603,432
2020-11-12,Alpine,003,1148,34,12,0,12,0
2020-11-12,Amador,005,37829,430,392,0,392,16
2020-11-12,Butte,007,227075,3612,3347,109,3456,58
2020-11-12,Calaveras,009,45235,388,373,0,373,21
2020-11-12,Colusa,011,21464,620,591,1,592,6
2020-11-12,Contra Costa,013,1133247,21686,20619,112,20731,255
2020-11-12,Del Norte,015,27424,237,203,0,203,2
2020-11-12,El Dorado,017,186661,1866,1573,17,1590,4
2020-11-12,Fresno,019,978130,37390,33459,828,34287,468
2020-11-12,Glenn,021,27897,806,727,17,744,3
2020-11-12,Humboldt,023,135768,711,625,1,626,9
2020-11-12,Imperial,025,180216,14395,13619,27,13646,341
2020-11-12,Inyo,027,18085,270,255,5,260,15
2020-11-12,Kern,029,883053,36964,35207,717,35924,451
2020-11-12,Kings,031,150075,9851,9335,96,9431,85
2020-11-12,Lake,033,64148,829,764,0,764,17
2020-11-12,Lassen,035,31185,1160,832,2,834,0
2020-11-12,Los Angeles,037,10098052,341853,327001,3964,330965,7223
2020-11-12,Madera,039,155013,5633,5273,80,5353,54
2020-11-12,Marin,041,260295,7457,7268,23,7291,133
2020-11-12,Mariposa,043,17540,92,84,0,84,2
2020-11-12,Mendocino,045,87422,1255,1142,5,1147,22
2020-11-12,Merced,047,269075,10534,10107,75,10182,158
2020-11-12,Modoc,049,8938,84,63,14,77,0
2020-11-12,Mono,051,14174,474,442,8,450,2
2020-11-12,Monterey,053,433212,13302,12489,142,12631,100
2020-11-12,Napa,055,140530,2643,2398,14,2412,16
2020-11-12,Nevada,057,99092,942,780,24,804,9
2020-11-12,Orange,059,3164182,67879,63232,2041,65273,1514
2020-11-12,Placer,061,380077,5615,5044,57,5101,62
2020-11-12,Plumas,063,18699,148,121,0,121,0
2020-11-12,Riverside,065,2383286,77599,73381,991,74372,1362
2020-11-12,Sacramento,067,1510023,31426,29459,54,29513,520
2020-11-12,San Benito,069,59416,1623,1525,1,1526,15
2020-11-12,San Bernardino,071,2135413,77585,70758,761,71519,1183
2020-11-12,San Diego,073,3302833,67826,62336,2184,64520,918
2020-11-12,San Francisco,075,870044,13967,13289,72,13361,146
2020-11-12,San Joaquin,077,732212,24179,23002,341,23343,509
2020-11-12,San Luis Obispo,079,281455,5494,4898,72,4970,33
2020-11-12,San Mateo,081,765935,12851,12086,12,12098,169
2020-11-12,Santa Barbara,083,443738,10712,10325,155,10480,134
2020-11-12,Santa Clara,085,1922200,29976,27261,56,27317,414
2020-11-12,Santa Cruz,087,273765,3639,3317,37,3354,25
2020-11-12,Shasta,089,179085,3934,2825,77,2902,37
2020-11-12,Sierra,091,2930,15,11,0,11,0
2020-11-12,Siskiyou,093,43540,375,275,19,294,0
2020-11-12,Solano,095,438530,8991,8417,44,8461,85
2020-11-12,Sonoma,097,501317,11133,10602,35,10637,151
2020-11-12,Stanislaus,099,539301,19566,18787,1025,19812,422
2020-11-12,Sutter,101,95872,2429,2075,7,2082,12
2020-11-12,Tehama,103,63373,1309,1117,6,1123,7
2020-11-12,Trinity,105,12862,176,62,19,81,0
2020-11-12,Tulare,107,460477,19601,18545,765,19310,305
2020-11-12,Tuolumne,109,53932,662,353,7,360,7
2020-11-12,Ventura,111,848112,17252,16013,476,16489,158
2020-11-12,Yolo,113,214977,3978,3646,10,3656,63
2020-11-12,Yuba,115,75493,1547,1410,7,1417,10
2020-11-11,Alameda,001,1643700,26478,25140,256,25396,429
2020-11-11,Alpine,003,1148,29,12,0,12,0
2020-11-11,Amador,005,37829,423,389,0,389,16
2020-11-11,Butte,007,227075,3586,3348,96,3444,58
2020-11-11,Calaveras,009,45235,378,373,0,373,21
2020-11-11,Colusa,011,21464,614,591,1,592,6
2020-11-11,Contra Costa,013,1133247,21468,20452,110,20562,255
2020-11-11,Del Norte,015,27424,230,203,0,203,2
2020-11-11,El Dorado,017,186661,1820,1564,16,1580,4
2020-11-11,Fresno,019,978130,37071,33287,793,34080,468
2020-11-11,Glenn,021,27897,790,722,16,738,3
2020-11-11,Humboldt,023,135768,697,623,1,624,9
2020-11-11,Imperial,025,180216,14225,13623,25,13648,340
2020-11-11,Inyo,027,18085,268,255,5,260,15
2020-11-11,Kern,029,883053,36689,35014,700,35714,449
2020-11-11,Kings,031,150075,9745,9263,93,9356,85
2020-11-11,Lake,033,64148,819,763,0,763,17
2020-11-11,Lassen,035,31185,1135,831,2,833,0
2020-11-11,Los Angeles,037,10098052,338488,324567,3881,328448,7220
2020-11-11,Madera,039,155013,5598,5248,79,5327,54
2020-11-11,Marin,041,260295,7434,7268,23,7291,133
2020-11-11,Mariposa,043,17540,92,84,0,84,2
2020-11-11,Mendocino,045,87422,1243,1142,5,1147,22
2020-11-11,Merced,047,269075,10463,10074,73,10147,157
2020-11-11,Modoc,049,8938,80,62,13,75,0
2020-11-11,Mono,051,14174,472,443,8,451,2
2020-11-11,Monterey,053,433212,13159,12417,138,12555,100
2020-11-11,Napa,055,140530,2594,2365,12,2377,15
2020-11-11,Nevada,057,99092,900,741,24,765,9
2020-11-11,Orange,059,3164182,67239,62929,2017,64946,1506
2020-11-11,Placer,061,380077,5531,4981,49,5030,60
2020-11-11,Plumas,063,18699,146,111,0,111,0
2020-11-11,Riverside,065,2383286,76696,72953,945,73898,1361
2020-11-11,Sacramento,067,1510023,30969,28968,52,29020,520
2020-11-11,San Benito,069,59416,1609,1512,1,1513,15
2020-11-11,San Bernardino,071,2135413,76298,70374,735,71109,1182
2020-11-11,San Diego,073,3302833,66891,61746,2123,63869,918
2020-11-11,San Francisco,075,870044,13860,13287,71,13358,146
2020-11-11,San Joaquin,077,732212,24019,23001,336,23337,509
2020-11-11,San Luis Obispo,079,281455,5419,4832,69,4901,33
2020-11-11,San Mateo,081,765935,12737,12008,12,12020,169
2020-11-11,Santa Barbara,083,443738,10646,10278,155,10433,134
2020-11-11,Santa Clara,085,1922200,29624,27075,55,27130,413
2020-11-11,Santa Cruz,087,273765,3571,3247,37,3284,25
2020-11-11,Shasta,089,179085,3810,2766,67,2833,36
2020-11-11,Sierra,091,2930,13,11,0,11,0
2020-11-11,Siskiyou,093,43540,344,261,16,277,0
2020-11-11,Solano,095,438530,8873,8353,42,8395,85
2020-11-11,Sonoma,097,501317,11059,10498,35,10533,150
2020-11-11,Stanislaus,099,539301,19429,18671,995,19666,422
2020-11-11,Sutter,101,95872,2381,2049,6,2055,12
2020-11-11,Tehama,103,63373,1267,1105,5,1110,7
2020-11-11,Trinity,105,12862,165,62,19,81,0
2020-11-11,Tulare,107,460477,19470,18500,735,19235,305
2020-11-11,Tuolumne,109,53932,606,354,6,360,7
2020-11-11,Ventura,111,848112,17037,15801,463,16264,158
2020-11-11,Yolo,113,214977,3927,3606,10,3616,63
2020-11-11,Yuba,115,75493,1532,1400,7,1407,10
2020-11-10,Alameda,001,1643700,26248,25008,253,25261,424
2020-11-10,Alpine,003,1148,29,9,0,9,0
2020-11-10,Amador,005,37829,417,384,0,384,16
2020-11-10,Butte,007,227075,3550,3327,92,3419,58
2020-11-10,Calaveras,009,45235,373,367,0,367,21
2020-11-10,Colusa,011,21464,606,590,1,591,6
2020-11-10,Contra Costa,013,1133247,21261,20326,108,20434,255
2020-11-10,Del Norte,015,27424,224,196,0,196,2
2020-11-10,El Dorado,017,186661,1760,1551,16,1567,4
2020-11-10,Fresno,019,978130,36801,33024,756,33780,465
2020-11-10,Glenn,021,27897,782,719,12,731,3
2020-11-10,Humboldt,023,135768,680,610,1,611,9
2020-11-10,Imperial,025,180216,14095,13570,25,13595,338
2020-11-10,Inyo,027,18085,267,252,5,257,14
2020-11-10,Kern,029,883053,36413,34858,681,35539,448
2020-11-10,Kings,031,150075,9698,9236,86,9322,85
2020-11-10,Lake,033,64148,809,762,0,762,16
2020-11-10,Lassen,035,31185,1120,830,2,832,0
2020-11-10,Los Angeles,037,10098052,335237,322569,3767,326336,7205
2020-11-10,Madera,039,155013,5556,5229,73,5302,54
2020-11-10,Marin,041,260295,7415,7259,23,7282,133
2020-11-10,Mariposa,043,17540,90,84,0,84,2
2020-11-10,Mendocino,045,87422,1235,1137,5,1142,22
2020-11-10,Merced,047,269075,10401,9992,67,10059,157
2020-11-10,Modoc,049,8938,78,61,13,74,0
2020-11-10,Mono,051,14174,470,443,8,451,2
2020-11-10,Monterey,053,433212,13024,12335,130,12465,100
2020-11-10,Napa,055,140530,2556,2341,10,2351,15
2020-11-10,Nevada,057,99092,884,734,24,758,9
2020-11-10,Orange,059,3164182,66689,62597,2007,64604,1504
2020-11-10,Placer,061,380077,5451,4902,48,4950,60
2020-11-10,Plumas,063,18699,142,108,0,108,0
2020-11-10,Riverside,065,2383286,76054,72316,919,73235,1359
2020-11-10,Sacramento,067,1510023,30562,28677,49,28726,519
2020-11-10,San Benito,069,59416,1594,1508,1,1509,15
2020-11-10,San Bernardino,071,2135413,75128,69666,702,70368,1182
2020-11-10,San Diego,073,3302833,66000,61085,2086,63171,915
2020-11-10,San Francisco,075,870044,13743,13210,71,13281,146
2020-11-10,San Joaquin,077,732212,23854,22865,329,23194,508
2020-11-10,San Luis Obispo,079,281455,5356,4780,66,4846,33
2020-11-10,San Mateo,081,765935,12637,11939,12,11951,169
2020-11-10,Santa Barbara,083,443738,10579,10252,151,10403,134
2020-11-10,Santa Clara,085,1922200,29279,26917,54,26971,409
2020-11-10,Santa Cruz,087,273765,3508,3221,37,3258,25
2020-11-10,Shasta,089,179085,3667,2686,59,2745,36
2020-11-10,Sierra,091,2930,12,10,0,10,0
2020-11-10,Siskiyou,093,43540,327,263,15,278,0
2020-11-10,Solano,095,438530,8775,8299,42,8341,85
2020-11-10,Sonoma,097,501317,10972,10414,35,10449,150
2020-11-10,Stanislaus,099,539301,19295,18592,971,19563,420
2020-11-10,Sutter,101,95872,2286,2035,5,2040,12
2020-11-10,Tehama,103,63373,1243,1099,4,1103,7
2020-11-10,Trinity,105,12862,156,62,17,79,0
2020-11-10,Tulare,107,460477,19355,18430,712,19142,305
2020-11-10,Tuolumne,109,53932,557,353,6,359,7
2020-11-10,Ventura,111,848112,16854,15625,461,16086,158
2020-11-10,Yolo,113,214977,3866,3573,10,3583,63
2020-11-10,Yuba,115,75493,1509,1392,7,1399,10
2020-11-09,Alameda,001,1643700,26002,24899,249,25148,424
2020-11-09,Alpine,003,1148,27,6,0,6,0
2020-11-09,Amador,005,37829,408,380,0,380,16
2020-11-09,Butte,007,227075,3505,3301,83,3384,57
2020-11-09,Calaveras,009,45235,369,360,0,360,21
2020-11-09,Colusa,011,21464,600,583,1,584,6
2020-11-09,Contra Costa,013,1133247,21088,20193,106,20299,255
2020-11-09,Del Norte,015,27424,218,195,0,195,2
2020-11-09,El Dorado,017,186661,1719,1515,16,1531,4
2020-11-09,Fresno,019,978130,36490,32755,716,33471,465
2020-11-09,Glenn,021,27897,776,714,9,723,3
2020-11-09,Humboldt,023,135768,667,607,1,608,9
2020-11-09,Imperial,025,180216,13978,13508,24,13532,338
2020-11-09,Inyo,027,18085,267,252,5,257,14
2020-11-09,Kern,029,883053,36183,34764,645,35409,448
2020-11-09,Kings,031,150075,9628,9141,84,9225,84
2020-11-09,Lake,033,64148,800,755,0,755,16
2020-11-09,Lassen,035,31185,1024,799,2,801,0
2020-11-09,Los Angeles,037,10098052,332140,320370,3692,324062,7180
2020-11-09,Madera,039,155013,5510,5209,70,5279,54
2020-11-09,Marin,041,260295,7389,7237,22,7259,131
2020-11-09,Mariposa,043,17540,90,84,0,84,2
2020-11-09,Mendocino,045,87422,1223,1132,5,1137,22
2020-11-09,Merced,047,269075,10298,9922,64,9986,157
2020-11-09,Modoc,049,8938,74,54,12,66,0
2020-11-09,Mono,051,14174,467,352,8,360,2
2020-11-09,Monterey,053,433212,12877,12148,122,12270,98
2020-11-09,Napa,055,140530,2513,2309,10,2319,15
2020-11-09,Nevada,057,99092,847,729,23,752,9
2020-11-09,Orange,059,3164182,66048,62335,1994,64329,1501
2020-11-09,Placer,061,380077,5366,4843,37,4880,60
2020-11-09,Plumas,063,18699,135,102,0,102,0
2020-11-09,Riverside,065,2383286,75272,72059,885,72944,1346
2020-11-09,Sacramento,067,1510023,30090,28200,48,28248,516
2020-11-09,San Benito,069,59416,1585,1506,1,1507,15
2020-11-09,San Bernardino,071,2135413,74073,69015,660,69675,1182
2020-11-09,San Diego,073,3302833,65145,60572,2046,62618,908
2020-11-09,San Francisco,075,870044,13623,12984,68,13052,146
2020-11-09,San Joaquin,077,732212,23689,22512,324,22836,505
2020-11-09,San Luis Obispo,079,281455,5269,4746,64,4810,32
2020-11-09,San Mateo,081,765935,12530,11857,12,11869,169
2020-11-09,Santa Barbara,083,443738,10522,10214,145,10359,134
2020-11-09,Santa Clara,085,1922200,28884,26693,54,26747,409
2020-11-09,Santa Cruz,087,273765,3450,3194,37,3231,25
2020-11-09,Shasta,089,179085,3513,2581,50,2631,36
2020-11-09,Sierra,091,2930,10,10,0,10,0
2020-11-09,Siskiyou,093,43540,316,257,13,270,0
2020-11-09,Solano,095,438530,8659,8254,41,8295,85
2020-11-09,Sonoma,097,501317,10864,10310,35,10345,150
2020-11-09,Stanislaus,099,539301,19141,18482,955,19437,418
2020-11-09,Sutter,101,95872,2219,2010,4,2014,12
2020-11-09,Tehama,103,63373,1206,1071,3,1074,7
2020-11-09,Trinity,105,12862,149,46,17,63,0
2020-11-09,Tulare,107,460477,19235,18272,681,18953,304
2020-11-09,Tuolumne,109,53932,502,346,5,351,7
2020-11-09,Ventura,111,848112,16652,15568,458,16026,156
2020-11-09,Yolo,113,214977,3805,3522,10,3532,62
2020-11-09,Yuba,115,75493,1476,1380,7,1387,10
2020-11-08,Alameda,001,1643700,25772,24731,249,24980,424
2020-11-08,Alpine,003,1148,24,6,0,6,0
2020-11-08,Amador,005,37829,401,376,0,376,16
2020-11-08,Butte,007,227075,3467,3285,76,3361,57
2020-11-08,Calaveras,009,45235,367,360,0,360,21
2020-11-08,Colusa,011,21464,597,583,1,584,6
2020-11-08,Contra Costa,013,1133247,20918,20031,104,20135,254
2020-11-08,Del Norte,015,27424,210,195,0,195,2
2020-11-08,El Dorado,017,186661,1681,1502,16,1518,4
2020-11-08,Fresno,019,978130,36155,32619,678,33297,465
2020-11-08,Glenn,021,27897,770,707,8,715,3
2020-11-08,Humboldt,023,135768,651,605,1,606,9
2020-11-08,Imperial,025,180216,13862,13428,24,13452,338
2020-11-08,Inyo,027,18085,263,252,5,257,14
2020-11-08,Kern,029,883053,35964,34644,627,35271,448
2020-11-08,Kings,031,150075,9495,9026,81,9107,84
2020-11-08,Lake,033,64148,792,754,0,754,16
2020-11-08,Lassen,035,31185,876,799,2,801,0
2020-11-08,Los Angeles,037,10098052,329013,318960,3626,322586,7176
2020-11-08,Madera,039,155013,5441,5196,67,5263,54
2020-11-08,Marin,041,260295,7369,7227,22,7249,131
2020-11-08,Mariposa,043,17540,90,83,0,83,2
2020-11-08,Mendocino,045,87422,1214,1129,5,1134,22
2020-11-08,Merced,047,269075,10223,9885,62,9947,157
2020-11-08,Modoc,049,8938,70,54,12,66,0
2020-11-08,Mono,051,14174,461,352,8,360,2
2020-11-08,Monterey,053,433212,12732,12122,111,12233,98
2020-11-08,Napa,055,140530,2474,2274,10,2284,15
2020-11-08,Nevada,057,99092,831,715,23,738,9
2020-11-08,Orange,059,3164182,65459,62034,1980,64014,1501
2020-11-08,Placer,061,380077,5263,4800,32,4832,60
2020-11-08,Plumas,063,18699,130,102,0,102,0
2020-11-08,Riverside,065,2383286,74618,71442,843,72285,1345
2020-11-08,Sacramento,067,1510023,29531,28059,45,28104,515
2020-11-08,San Benito,069,59416,1570,1496,1,1497,15
2020-11-08,San Bernardino,071,2135413,72819,68412,621,69033,1182
2020-11-08,San Diego,073,3302833,64300,60199,2002,62201,908
2020-11-08,San Francisco,075,870044,13492,12985,64,13049,146
2020-11-08,San Joaquin,077,732212,23495,22514,320,22834,505
2020-11-08,San Luis Obispo,079,281455,5203,4698,59,4757,32
2020-11-08,San Mateo,081,765935,12412,11783,12,11795,169
2020-11-08,Santa Barbara,083,443738,10452,10180,143,10323,134
2020-11-08,Santa Clara,085,1922200,28510,26442,53,26495,410
2020-11-08,Santa Cruz,087,273765,3393,3134,37,3171,25
2020-11-08,Shasta,089,179085,3377,2582,44,2626,36
2020-11-08,Sierra,091,2930,10,7,0,7,0
2020-11-08,Siskiyou,093,43540,304,246,12,258,0
2020-11-08,Solano,095,438530,8538,8132,40,8172,85
2020-11-08,Sonoma,097,501317,10757,10229,35,10264,149
2020-11-08,Stanislaus,099,539301,18966,18413,934,19347,418
2020-11-08,Sutter,101,95872,2161,1980,4,1984,12
2020-11-08,Tehama,103,63373,1181,1054,3,1057,7
2020-11-08,Trinity,105,12862,146,46,16,62,0
2020-11-08,Tulare,107,460477,19093,18272,652,18924,304
2020-11-08,Tuolumne,109,53932,475,341,5,346,7
2020-11-08,Ventura,111,848112,16457,15504,450,15954,156
2020-11-08,Yolo,113,214977,3744,3492,10,3502,61
2020-11-08,Yuba,115,75493,1455,1369,7,1376,10
2020-11-07,Alameda,001,1643700,25662,24578,247,24825,424
2020-11-07,Alpine,003,1148,24,6,0,6,0
2020-11-07,Amador,005,37829,398,375,0,375,16
2020-11-07,Butte,007,227075,3455,3277,71,3348,57
2020-11-07,Calaveras,009,45235,365,360,0,360,21
2020-11-07,Colusa,011,21464,597,583,1,584,6
2020-11-07,Contra Costa,013,1133247,20817,19943,103,20046,254
2020-11-07,Del Norte,015,27424,206,194,0,194,2
2020-11-07,El Dorado,017,186661,1656,1495,15,1510,4
2020-11-07,Fresno,019,978130,36001,32497,655,33152,465
2020-11-07,Glenn,021,27897,762,707,8,715,3
2020-11-07,Humboldt,023,135768,640,590,1,591,9
2020-11-07,Imperial,025,180216,13804,13388,23,13411,338
2020-11-07,Inyo,027,18085,261,252,5,257,14
2020-11-07,Kern,029,883053,35809,34513,617,35130,448
2020-11-07,Kings,031,150075,9462,9005,75,9080,84
2020-11-07,Lake,033,64148,788,751,0,751,16
2020-11-07,Lassen,035,31185,860,799,2,801,0
2020-11-07,Los Angeles,037,10098052,327504,316756,3559,320315,7174
2020-11-07,Madera,039,155013,5419,5177,65,5242,54
2020-11-07,Marin,041,260295,7358,7215,22,7237,131
2020-11-07,Mariposa,043,17540,90,81,0,81,2
2020-11-07,Mendocino,045,87422,1203,1118,5,1123,22
2020-11-07,Merced,047,269075,10191,9855,58,9913,157
2020-11-07,Modoc,049,8938,70,51,12,63,0
2020-11-07,Mono,051,14174,458,352,8,360,2
2020-11-07,Monterey,053,433212,12662,12030,107,12137,98
2020-11-07,Napa,055,140530,2444,2260,9,2269,15
2020-11-07,Nevada,057,99092,814,710,23,733,9
2020-11-07,Orange,059,3164182,65172,62038,1974,64012,1505
2020-11-07,Placer,061,380077,5200,4745,32,4777,60
2020-11-07,Plumas,063,18699,127,94,0,94,0
2020-11-07,Riverside,065,2383286,74223,71153,816,71969,1345
2020-11-07,Sacramento,067,1510023,29281,27773,45,27818,515
2020-11-07,San Benito,069,59416,1558,1489,1,1490,15
2020-11-07,San Bernardino,071,2135413,72303,67935,610,68545,1182
2020-11-07,San Diego,073,3302833,63788,59682,1970,61652,909
2020-11-07,San Francisco,075,870044,13431,12980,63,13043,146
2020-11-07,San Joaquin,077,732212,23387,22517,314,22831,505
2020-11-07,San Luis Obispo,079,281455,5154,4668,56,4724,32
2020-11-07,San Mateo,081,765935,12349,11711,12,11723,169
2020-11-07,Santa Barbara,083,443738,10410,10157,141,10298,134
2020-11-07,Santa Clara,085,1922200,28306,26244,52,26296,410
2020-11-07,Santa Cruz,087,273765,3355,3130,37,3167,25
2020-11-07,Shasta,089,179085,3310,2547,42,2589,36
2020-11-07,Sierra,091,2930,10,7,0,7,0
2020-11-07,Siskiyou,093,43540,300,241,12,253,0
2020-11-07,Solano,095,438530,8486,8066,40,8106,85
2020-11-07,Sonoma,097,501317,10711,10200,35,10235,149
2020-11-07,Stanislaus,099,539301,18857,18386,917,19303,418
2020-11-07,Sutter,101,95872,2121,1973,4,1977,12
2020-11-07,Tehama,103,63373,1157,1043,3,1046,7
2020-11-07,Trinity,105,12862,146,42,15,57,0
2020-11-07,Tulare,107,460477,19037,18229,635,18864,304
2020-11-07,Tuolumne,109,53932,464,327,5,332,7
2020-11-07,Ventura,111,848112,16397,15364,445,15809,156
2020-11-07,Yolo,113,214977,3713,3486,10,3496,61
2020-11-07,Yuba,115,75493,1440,1349,7,1356,10
2020-11-06,Alameda,001,1643700,25530,24389,245,24634,420
2020-11-06,Alpine,003,1148,24,6,0,6,0
2020-11-06,Amador,005,37829,396,369,0,369,16
2020-11-06,Butte,007,227075,3430,3254,63,3317,57
2020-11-06,Calaveras,009,45235,364,359,0,359,21
2020-11-06,Colusa,011,21464,595,580,1,581,6
2020-11-06,Contra Costa,013,1133247,20668,19744,103,19847,252
2020-11-06,Del Norte,015,27424,203,194,0,194,2
2020-11-06,El Dorado,017,186661,1630,1475,15,1490,4
2020-11-06,Fresno,019,978130,35813,32278,639,32917,460
2020-11-06,Glenn,021,27897,756,707,7,714,3
2020-11-06,Humboldt,023,135768,637,587,1,588,9
2020-11-06,Imperial,025,180216,13751,13230,23,13253,338
2020-11-06,Inyo,027,18085,259,246,5,251,14
2020-11-06,Kern,029,883053,35645,34360,600,34960,443
2020-11-06,Kings,031,150075,9438,8883,73,8956,83
2020-11-06,Lake,033,64148,787,741,0,741,16
2020-11-06,Lassen,035,31185,852,794,2,796,0
2020-11-06,Los Angeles,037,10098052,325530,314356,3507,317863,7160
2020-11-06,Madera,039,155013,5403,5136,64,5200,54
2020-11-06,Marin,041,260295,7337,7184,22,7206,131
2020-11-06,Mariposa,043,17540,89,79,0,79,2
2020-11-06,Mendocino,045,87422,1198,1113,5,1118,22
2020-11-06,Merced,047,269075,10151,9778,55,9833,157
2020-11-06,Modoc,049,8938,70,48,12,60,0
2020-11-06,Mono,051,14174,452,308,8,316,1
2020-11-06,Monterey,053,433212,12545,11914,106,12020,96
2020-11-06,Napa,055,140530,2419,2189,9,2198,15
2020-11-06,Nevada,057,99092,801,692,22,714,9
2020-11-06,Orange,059,3164182,64869,61049,1964,63013,1494
2020-11-06,Placer,061,380077,5127,4680,32,4712,60
2020-11-06,Plumas,063,18699,122,90,0,90,0
2020-11-06,Riverside,065,2383286,73774,70409,775,71184,1341
2020-11-06,Sacramento,067,1510023,28989,27489,43,27532,514
2020-11-06,San Benito,069,59416,1549,1479,1,1480,15
2020-11-06,San Bernardino,071,2135413,71705,66740,589,67329,1179
2020-11-06,San Diego,073,3302833,63264,59143,1938,61081,907
2020-11-06,San Francisco,075,870044,13361,12825,62,12887,146
2020-11-06,San Joaquin,077,732212,23302,22424,304,22728,502
2020-11-06,San Luis Obispo,079,281455,5089,4531,50,4581,32
2020-11-06,San Mateo,081,765935,12274,11587,12,11599,168
2020-11-06,Santa Barbara,083,443738,10374,10118,137,10255,133
2020-11-06,Santa Clara,085,1922200,28064,25831,52,25883,402
2020-11-06,Santa Cruz,087,273765,3318,3063,37,3100,25
2020-11-06,Shasta,089,179085,3237,2475,41,2516,35
2020-11-06,Sierra,091,2930,9,7,0,7,0
2020-11-06,Siskiyou,093,43540,287,237,11,248,0
2020-11-06,Solano,095,438530,8421,7959,40,7999,85
2020-11-06,Sonoma,097,501317,10661,10142,35,10177,149
2020-11-06,Stanislaus,099,539301,18770,18250,909,19159,417
2020-11-06,Sutter,101,95872,2094,1937,2,1939,12
2020-11-06,Tehama,103,63373,1136,1024,3,1027,6
2020-11-06,Trinity,105,12862,143,41,15,56,0
2020-11-06,Tulare,107,460477,18973,18136,610,18746,300
2020-11-06,Tuolumne,109,53932,443,316,5,321,5
2020-11-06,Ventura,111,848112,16311,15222,442,15664,154
2020-11-06,Yolo,113,214977,3684,3420,10,3430,62
2020-11-06,Yuba,115,75493,1427,1335,7,1342,10
2020-11-05,Alameda,001,1643700,25354,24270,245,24515,420
2020-11-05,Alpine,003,1148,24,6,0,6,0
2020-11-05,Amador,005,37829,393,363,0,363,16
2020-11-05,Butte,007,227075,3407,3239,57,3296,57
2020-11-05,Calaveras,009,45235,357,333,0,333,19
2020-11-05,Colusa,011,21464,591,574,1,575,6
2020-11-05,Contra Costa,013,1133247,20486,19656,101,19757,252
2020-11-05,Del Norte,015,27424,201,192,0,192,2
2020-11-05,El Dorado,017,186661,1606,1466,15,1481,4
2020-11-05,Fresno,019,978130,35570,32056,615,32671,460
2020-11-05,Glenn,021,27897,736,702,7,709,3
2020-11-05,Humboldt,023,135768,627,581,1,582,9
2020-11-05,Imperial,025,180216,13659,13178,22,13200,337
2020-11-05,Inyo,027,18085,259,247,5,252,14
2020-11-05,Kern,029,883053,35444,34232,586,34818,443
2020-11-05,Kings,031,150075,9283,8846,70,8916,83
2020-11-05,Lake,033,64148,783,739,0,739,16
2020-11-05,Lassen,035,31185,821,782,2,784,0
2020-11-05,Los Angeles,037,10098052,323174,312381,3454,315835,7146
2020-11-05,Madera,039,155013,5364,5129,61,5190,54
2020-11-05,Marin,041,260295,7315,7171,22,7193,131
2020-11-05,Mariposa,043,17540,88,79,0,79,2
2020-11-05,Mendocino,045,87422,1186,1112,5,1117,22
2020-11-05,Merced,047,269075,10092,9753,50,9803,155
2020-11-05,Modoc,049,8938,69,47,11,58,0
2020-11-05,Mono,051,14174,450,307,8,315,1
2020-11-05,Monterey,053,433212,12435,11784,102,11886,96
2020-11-05,Napa,055,140530,2392,2158,9,2167,15
2020-11-05,Nevada,057,99092,779,687,21,708,9
2020-11-05,Orange,059,3164182,64422,60740,1954,62694,1484
2020-11-05,Placer,061,380077,5058,4627,27,4654,60
2020-11-05,Plumas,063,18699,114,90,0,90,0
2020-11-05,Riverside,065,2383286,73063,70094,719,70813,1338
2020-11-05,Sacramento,067,1510023,28609,27232,42,27274,512
2020-11-05,San Benito,069,59416,1534,1477,1,1478,15
2020-11-05,San Bernardino,071,2135413,70878,66407,577,66984,1174
2020-11-05,San Diego,073,3302833,62638,58659,1912,60571,904
2020-11-05,San Francisco,075,870044,13249,12726,61,12787,146
2020-11-05,San Joaquin,077,732212,23138,22318,300,22618,502
2020-11-05,San Luis Obispo,079,281455,5022,4459,48,4507,32
2020-11-05,San Mateo,081,765935,12180,11535,12,11547,168
2020-11-05,Santa Barbara,083,443738,10330,10080,134,10214,133
2020-11-05,Santa Clara,085,1922200,27797,25651,52,25703,402
2020-11-05,Santa Cruz,087,273765,3280,3023,37,3060,25
2020-11-05,Shasta,089,179085,3147,2401,40,2441,34
2020-11-05,Sierra,091,2930,9,6,0,6,0
2020-11-05,Siskiyou,093,43540,276,228,11,239,0
2020-11-05,Solano,095,438530,8338,7842,40,7882,85
2020-11-05,Sonoma,097,501317,10549,10064,34,10098,145
2020-11-05,Stanislaus,099,539301,18657,18194,896,19090,417
2020-11-05,Sutter,101,95872,2062,1925,2,1927,12
2020-11-05,Tehama,103,63373,1114,1015,2,1017,6
2020-11-05,Trinity,105,12862,127,41,15,56,0
2020-11-05,Tulare,107,460477,18884,18049,584,18633,301
2020-11-05,Tuolumne,109,53932,414,312,5,317,5
2020-11-05,Ventura,111,848112,16145,15113,431,15544,155
2020-11-05,Yolo,113,214977,3634,3391,10,3401,61
2020-11-05,Yuba,115,75493,1409,1322,7,1329,10
2020-11-04,Alameda,001,1643700,25177,24172,243,24415,418
2020-11-04,Alpine,003,1148,20,5,0,5,0
2020-11-04,Amador,005,37829,390,362,0,362,16
2020-11-04,Butte,007,227075,3381,3218,54,3272,57
2020-11-04,Calaveras,009,45235,354,290,0,290,19
2020-11-04,Colusa,011,21464,589,571,1,572,6
2020-11-04,Contra Costa,013,1133247,20319,19472,98,19570,251
2020-11-04,Del Norte,015,27424,197,188,0,188,2
2020-11-04,El Dorado,017,186661,1591,1448,12,1460,4
2020-11-04,Fresno,019,978130,35338,31952,587,32539,457
2020-11-04,Glenn,021,27897,732,701,6,707,3
2020-11-04,Humboldt,023,135768,618,571,1,572,9
2020-11-04,Imperial,025,180216,13561,13087,22,13109,335
2020-11-04,Inyo,027,18085,258,247,5,252,14
2020-11-04,Kern,029,883053,35289,34027,575,34602,439
2020-11-04,Kings,031,150075,9249,8817,68,8885,83
2020-11-04,Lake,033,64148,776,735,0,735,16
2020-11-04,Lassen,035,31185,816,781,2,783,0
2020-11-04,Los Angeles,037,10098052,320862,310456,3375,313831,7124
2020-11-04,Madera,039,155013,5344,5083,57,5140,54
2020-11-04,Marin,041,260295,7303,7157,22,7179,131
2020-11-04,Mariposa,043,17540,88,79,0,79,2
2020-11-04,Mendocino,045,87422,1168,1089,5,1094,22
2020-11-04,Merced,047,269075,10043,9717,48,9765,153
2020-11-04,Modoc,049,8938,59,47,11,58,0
2020-11-04,Mono,051,14174,447,237,7,244,1
2020-11-04,Monterey,053,433212,12231,11743,96,11839,96
2020-11-04,Napa,055,140530,2338,2133,9,2142,15
2020-11-04,Nevada,057,99092,760,675,21,696,9
2020-11-04,Orange,059,3164182,63988,60463,1933,62396,1483
2020-11-04,Placer,061,380077,4980,4526,24,4550,60
2020-11-04,Plumas,063,18699,112,88,0,88,0
2020-11-04,Riverside,065,2383286,72446,69562,660,70222,1335
2020-11-04,Sacramento,067,1510023,28259,27005,41,27046,510
2020-11-04,San Benito,069,59416,1519,1464,1,1465,15
2020-11-04,San Bernardino,071,2135413,70082,65891,554,66445,1169
2020-11-04,San Diego,073,3302833,61992,58126,1886,60012,904
2020-11-04,San Francisco,075,870044,13165,12649,58,12707,146
2020-11-04,San Joaquin,077,732212,23001,22197,287,22484,500
2020-11-04,San Luis Obispo,079,281455,4955,4389,46,4435,32
2020-11-04,San Mateo,081,765935,12086,11456,12,11468,168
2020-11-04,Santa Barbara,083,443738,10292,10026,133,10159,132
2020-11-04,Santa Clara,085,1922200,27534,25487,52,25539,393
2020-11-04,Santa Cruz,087,273765,3243,2997,37,3034,25
2020-11-04,Shasta,089,179085,3016,2321,35,2356,34
2020-11-04,Sierra,091,2930,9,6,0,6,0
2020-11-04,Siskiyou,093,43540,267,222,11,233,0
2020-11-04,Solano,095,438530,8239,7733,40,7773,85
2020-11-04,Sonoma,097,501317,10455,9965,34,9999,142
2020-11-04,Stanislaus,099,539301,18540,18114,881,18995,416
2020-11-04,Sutter,101,95872,2028,1916,2,1918,12
2020-11-04,Tehama,103,63373,1088,997,2,999,6
2020-11-04,Trinity,105,12862,123,37,15,52,0
2020-11-04,Tulare,107,460477,18774,17952,556,18508,298
2020-11-04,Tuolumne,109,53932,390,310,5,315,5
2020-11-04,Ventura,111,848112,16005,14936,428,15364,155
2020-11-04,Yolo,113,214977,3593,3361,10,3371,62
2020-11-04,Yuba,115,75493,1388,1312,7,1319,10
2020-11-03,Alameda,001,1643700,24993,24055,241,24296,418
2020-11-03,Alpine,003,1148,19,4,0,4,0
2020-11-03,Amador,005,37829,385,361,0,361,16
2020-11-03,Butte,007,227075,3357,3211,49,3260,57
2020-11-03,Calaveras,009,45235,350,287,0,287,19
2020-11-03,Colusa,011,21464,584,572,1,573,6
2020-11-03,Contra Costa,013,1133247,20164,19416,98,19514,250
2020-11-03,Del Norte,015,27424,196,187,0,187,2
2020-11-03,El Dorado,017,186661,1569,1445,11,1456,4
2020-11-03,Fresno,019,978130,35071,31856,564,32420,457
2020-11-03,Glenn,021,27897,726,698,6,704,3
2020-11-03,Humboldt,023,135768,612,570,1,571,8
2020-11-03,Imperial,025,180216,13472,13044,21,13065,335
2020-11-03,Inyo,027,18085,257,244,5,249,14
2020-11-03,Kern,029,883053,35098,33957,564,34521,439
2020-11-03,Kings,031,150075,9086,8783,63,8846,83
2020-11-03,Lake,033,64148,766,732,0,732,16
2020-11-03,Lassen,035,31185,807,782,2,784,0
2020-11-03,Los Angeles,037,10098052,318407,308812,3307,312119,7104
2020-11-03,Madera,039,155013,5307,5058,56,5114,54
2020-11-03,Marin,041,260295,7283,7147,21,7168,131
2020-11-03,Mariposa,043,17540,87,79,0,79,2
2020-11-03,Mendocino,045,87422,1153,1084,5,1089,22
2020-11-03,Merced,047,269075,9990,9713,47,9760,153
2020-11-03,Modoc,049,8938,57,47,9,56,0
2020-11-03,Mono,051,14174,443,210,7,217,1
2020-11-03,Monterey,053,433212,12162,11703,91,11794,94
2020-11-03,Napa,055,140530,2302,2130,9,2139,15
2020-11-03,Nevada,057,99092,740,670,20,690,9
2020-11-03,Orange,059,3164182,63558,60283,1921,62204,1477
2020-11-03,Placer,061,380077,4906,4514,24,4538,60
2020-11-03,Plumas,063,18699,109,86,0,86,0
2020-11-03,Riverside,065,2383286,71827,69300,635,69935,1325
2020-11-03,Sacramento,067,1510023,27879,26841,40,26881,510
2020-11-03,San Benito,069,59416,1509,1463,1,1464,15
2020-11-03,San Bernardino,071,2135413,69271,65320,546,65866,1159
2020-11-03,San Diego,073,3302833,61316,57722,1842,59564,901
2020-11-03,San Francisco,075,870044,13043,12585,58,12643,146
2020-11-03,San Joaquin,077,732212,22867,22109,281,22390,500
2020-11-03,San Luis Obispo,079,281455,4871,4371,44,4415,32
2020-11-03,San Mateo,081,765935,11991,11406,12,11418,162
2020-11-03,Santa Barbara,083,443738,10238,10008,128,10136,132
2020-11-03,Santa Clara,085,1922200,27262,25386,51,25437,393
2020-11-03,Santa Cruz,087,273765,3193,2980,36,3016,25
2020-11-03,Shasta,089,179085,2922,2288,28,2316,33
2020-11-03,Sierra,091,2930,7,6,0,6,0
2020-11-03,Siskiyou,093,43540,263,219,11,230,0
2020-11-03,Solano,095,438530,8156,7691,40,7731,85
2020-11-03,Sonoma,097,501317,10353,9906,34,9940,142
2020-11-03,Stanislaus,099,539301,18419,18080,870,18950,416
2020-11-03,Sutter,101,95872,1995,1914,2,1916,12
2020-11-03,Tehama,103,63373,1067,988,2,990,6
2020-11-03,Trinity,105,12862,116,36,14,50,0
2020-11-03,Tulare,107,460477,18668,17890,531,18421,297
2020-11-03,Tuolumne,109,53932,367,302,5,307,5
2020-11-03,Ventura,111,848112,15878,14816,421,15237,155
2020-11-03,Yolo,113,214977,3542,3343,10,3353,61
2020-11-03,Yuba,115,75493,1375,1295,7,1302,10
2020-11-02,Alameda,001,1643700,24797,23991,239,24230,419
2020-11-02,Alpine,003,1148,16,4,0,4,0
2020-11-02,Amador,005,37829,377,357,0,357,16
2020-11-02,Butte,007,227075,3337,3198,46,3244,57
2020-11-02,Calaveras,009,45235,350,282,0,282,18
2020-11-02,Colusa,011,21464,579,571,1,572,6
2020-11-02,Contra Costa,013,1133247,20011,19339,97,19436,250
2020-11-02,Del Norte,015,27424,193,175,0,175,2
2020-11-02,El Dorado,017,186661,1545,1405,11,1416,4
2020-11-02,Fresno,019,978130,34802,31738,547,32285,451
2020-11-02,Glenn,021,27897,720,692,5,697,3
2020-11-02,Humboldt,023,135768,603,569,1,570,8
2020-11-02,Imperial,025,180216,13392,13004,20,13024,334
2020-11-02,Inyo,027,18085,254,243,5,248,14
2020-11-02,Kern,029,883053,34940,33834,554,34388,437
2020-11-02,Kings,031,150075,9056,8654,60,8714,82
2020-11-02,Lake,033,64148,760,728,0,728,17
2020-11-02,Lassen,035,31185,799,782,2,784,0
2020-11-02,Los Angeles,037,10098052,316063,307620,3231,310851,7079
2020-11-02,Madera,039,155013,5276,5033,55,5088,54
2020-11-02,Marin,041,260295,7265,7132,20,7152,125
2020-11-02,Mariposa,043,17540,87,79,0,79,2
2020-11-02,Mendocino,045,87422,1139,1076,5,1081,21
2020-11-02,Merced,047,269075,9928,9664,41,9705,152
2020-11-02,Modoc,049,8938,54,45,5,50,0
2020-11-02,Mono,051,14174,441,211,7,218,1
2020-11-02,Monterey,053,433212,12055,11602,88,11690,93
2020-11-02,Napa,055,140530,2260,2081,9,2090,15
2020-11-02,Nevada,057,99092,724,656,20,676,9
2020-11-02,Orange,059,3164182,63153,59996,1906,61902,1474
2020-11-02,Placer,061,380077,4838,4461,22,4483,60
2020-11-02,Plumas,063,18699,101,86,0,86,0
2020-11-02,Riverside,065,2383286,71196,68833,594,69427,1321
2020-11-02,Sacramento,067,1510023,27537,26676,38,26714,508
2020-11-02,San Benito,069,59416,1497,1459,1,1460,15
2020-11-02,San Bernardino,071,2135413,68416,64629,535,65164,1157
2020-11-02,San Diego,073,3302833,60593,57429,1797,59226,891
2020-11-02,San Francisco,075,870044,12946,12436,57,12493,145
2020-11-02,San Joaquin,077,732212,22727,21919,273,22192,500
2020-11-02,San Luis Obispo,079,281455,4771,4303,41,4344,31
2020-11-02,San Mateo,081,765935,11882,11328,12,11340,161
2020-11-02,Santa Barbara,083,443738,10197,9985,123,10108,130
2020-11-02,Santa Clara,085,1922200,26973,25222,51,25273,387
2020-11-02,Santa Cruz,087,273765,3151,2943,36,2979,25
2020-11-02,Shasta,089,179085,2819,2174,24,2198,33
2020-11-02,Sierra,091,2930,7,6,0,6,0
2020-11-02,Siskiyou,093,43540,253,216,11,227,0
2020-11-02,Solano,095,438530,8038,7665,40,7705,84
2020-11-02,Sonoma,097,501317,10271,9796,33,9829,140
2020-11-02,Stanislaus,099,539301,18323,18005,861,18866,412
2020-11-02,Sutter,101,95872,1971,1895,2,1897,12
2020-11-02,Tehama,103,63373,1044,971,2,973,6
2020-11-02,Trinity,105,12862,110,30,14,44,0
2020-11-02,Tulare,107,460477,18575,17774,510,18284,299
2020-11-02,Tuolumne,109,53932,346,302,5,307,5
2020-11-02,Ventura,111,848112,15737,14767,407,15174,156
2020-11-02,Yolo,113,214977,3493,3318,10,3328,61
2020-11-02,Yuba,115,75493,1362,1280,7,1287,10
2020-11-01,Alameda,001,1643700,24634,23892,237,24129,419
2020-11-01,Alpine,003,1148,10,4,0,4,0
2020-11-01,Amador,005,37829,374,352,0,352,16
2020-11-01,Butte,007,227075,3314,3185,45,3230,57
2020-11-01,Calaveras,009,45235,349,282,0,282,18
2020-11-01,Colusa,011,21464,577,567,1,568,6
2020-11-01,Contra Costa,013,1133247,19837,19246,96,19342,250
2020-11-01,Del Norte,015,27424,189,175,0,175,2
2020-11-01,El Dorado,017,186661,1529,1394,11,1405,4
2020-11-01,Fresno,019,978130,34545,31613,527,32140,451
2020-11-01,Glenn,021,27897,711,688,3,691,3
2020-11-01,Humboldt,023,135768,595,568,1,569,8
2020-11-01,Imperial,025,180216,13301,12969,18,12987,334
2020-11-01,Inyo,027,18085,252,241,5,246,14
2020-11-01,Kern,029,883053,34759,33760,469,34229,437
2020-11-01,Kings,031,150075,9018,8641,59,8700,82
2020-11-01,Lake,033,64148,754,727,0,727,17
2020-11-01,Lassen,035,31185,799,782,2,784,0
2020-11-01,Los Angeles,037,10098052,313496,306217,3140,309357,7077
2020-11-01,Madera,039,155013,5228,5019,53,5072,54
2020-11-01,Marin,041,260295,7248,7124,20,7144,125
2020-11-01,Mariposa,043,17540,83,79,0,79,2
2020-11-01,Mendocino,045,87422,1126,1074,5,1079,21
2020-11-01,Merced,047,269075,9867,9626,41,9667,152
2020-11-01,Modoc,049,8938,53,45,5,50,0
2020-11-01,Mono,051,14174,412,211,6,217,1
2020-11-01,Monterey,053,433212,11948,11587,85,11672,93
2020-11-01,Napa,055,140530,2226,2067,9,2076,15
2020-11-01,Nevada,057,99092,708,646,19,665,9
2020-11-01,Orange,059,3164182,62751,59733,1880,61613,1475
2020-11-01,Placer,061,380077,4772,4422,21,4443,58
2020-11-01,Plumas,063,18699,96,86,0,86,0
2020-11-01,Riverside,065,2383286,70566,68493,559,69052,1319
2020-11-01,Sacramento,067,1510023,27216,26442,38,26480,508
2020-11-01,San Benito,069,59416,1482,1451,1,1452,15
2020-11-01,San Bernardino,071,2135413,67574,64339,514,64853,1157
2020-11-01,San Diego,073,3302833,59905,57122,1757,58879,891
2020-11-01,San Francisco,075,870044,12823,12436,52,12488,145
2020-11-01,San Joaquin,077,732212,22599,21919,267,22186,500
2020-11-01,San Luis Obispo,079,281455,4691,4303,40,4343,31
2020-11-01,San Mateo,081,765935,11801,11280,12,11292,160
2020-11-01,Santa Barbara,083,443738,10146,9969,107,10076,130
2020-11-01,Santa Clara,085,1922200,26694,25090,51,25141,386
2020-11-01,Santa Cruz,087,273765,3098,2921,36,2957,25
2020-11-01,Shasta,089,179085,2684,2172,23,2195,33
2020-11-01,Sierra,091,2930,7,6,0,6,0
2020-11-01,Siskiyou,093,43540,248,205,11,216,0
2020-11-01,Solano,095,438530,7948,7591,40,7631,84
2020-11-01,Sonoma,097,501317,10179,9688,33,9721,140
2020-11-01,Stanislaus,099,539301,18222,17961,842,18803,412
2020-11-01,Sutter,101,95872,1945,1888,1,1889,12
2020-11-01,Tehama,103,63373,1027,965,2,967,5
2020-11-01,Trinity,105,12862,108,30,13,43,0
2020-11-01,Tulare,107,460477,18463,17774,479,18253,299
2020-11-01,Tuolumne,109,53932,324,295,5,300,5
2020-11-01,Ventura,111,848112,15588,14686,377,15063,156
2020-11-01,Yolo,113,214977,3445,3303,10,3313,60
2020-11-01,Yuba,115,75493,1345,1273,7,1280,10
2020-10-31,Alameda,001,1643700,24518,23780,233,24013,416
2020-10-31,Alpine,003,1148,10,4,0,4,0
2020-10-31,Amador,005,37829,370,347,0,347,16
2020-10-31,Butte,007,227075,3301,3172,43,3215,57
2020-10-31,Calaveras,009,45235,349,280,0,280,18
2020-10-31,Colusa,011,21464,575,555,1,556,6
2020-10-31,Contra Costa,013,1133247,19732,19161,96,19257,249
2020-10-31,Del Norte,015,27424,188,175,0,175,2
2020-10-31,El Dorado,017,186661,1520,1390,11,1401,4
2020-10-31,Fresno,019,978130,34408,31558,524,32082,451
2020-10-31,Glenn,021,27897,709,678,3,681,3
2020-10-31,Humboldt,023,135768,592,561,1,562,8
2020-10-31,Imperial,025,180216,13259,12912,18,12930,334
2020-10-31,Inyo,027,18085,251,241,5,246,14
2020-10-31,Kern,029,883053,34656,33666,460,34126,437
2020-10-31,Kings,031,150075,8997,8612,58,8670,82
2020-10-31,Lake,033,64148,750,724,0,724,16
2020-10-31,Lassen,035,31185,794,782,2,784,0
2020-10-31,Los Angeles,037,10098052,312121,304704,3099,307803,7073
2020-10-31,Madera,039,155013,5210,5013,50,5063,54
2020-10-31,Marin,041,260295,7232,7112,20,7132,125
2020-10-31,Mariposa,043,17540,83,79,0,79,2
2020-10-31,Mendocino,045,87422,1118,1066,5,1071,21
2020-10-31,Merced,047,269075,9834,9597,40,9637,151
2020-10-31,Modoc,049,8938,52,34,4,38,0
2020-10-31,Mono,051,14174,263,194,5,199,1
2020-10-31,Monterey,053,433212,11880,11539,81,11620,93
2020-10-31,Napa,055,140530,2207,2040,9,2049,15
2020-10-31,Nevada,057,99092,690,644,19,663,9
2020-10-31,Orange,059,3164182,62493,59488,1862,61350,1473
2020-10-31,Placer,061,380077,4722,4374,20,4394,58
2020-10-31,Plumas,063,18699,95,85,0,85,0
2020-10-31,Riverside,065,2383286,70209,68178,536,68714,1319
2020-10-31,Sacramento,067,1510023,27017,26316,36,26352,507
2020-10-31,San Benito,069,59416,1475,1448,1,1449,15
2020-10-31,San Bernardino,071,2135413,67148,64016,504,64520,1157
2020-10-31,San Diego,073,3302833,59452,56769,1729,58498,891
2020-10-31,San Francisco,075,870044,12749,12438,51,12489,145
2020-10-31,San Joaquin,077,732212,22524,21918,258,22176,500
2020-10-31,San Luis Obispo,079,281455,4622,4285,37,4322,31
2020-10-31,San Mateo,081,765935,11750,11253,12,11265,160
2020-10-31,Santa Barbara,083,443738,10117,9957,99,10056,130
2020-10-31,Santa Clara,085,1922200,26525,24957,51,25008,379
2020-10-31,Santa Cruz,087,273765,3063,2895,35,2930,25
2020-10-31,Shasta,089,179085,2630,2122,22,2144,33
2020-10-31,Sierra,091,2930,7,6,0,6,0
2020-10-31,Siskiyou,093,43540,246,200,11,211,0
2020-10-31,Solano,095,438530,7884,7545,40,7585,84
2020-10-31,Sonoma,097,501317,10126,9648,33,9681,140
2020-10-31,Stanislaus,099,539301,18159,17920,826,18746,412
2020-10-31,Sutter,101,95872,1936,1876,1,1877,12
2020-10-31,Tehama,103,63373,1017,953,2,955,5
2020-10-31,Trinity,105,12862,105,30,13,43,0
2020-10-31,Tulare,107,460477,18414,17758,471,18229,299
2020-10-31,Tuolumne,109,53932,317,290,5,295,5
2020-10-31,Ventura,111,848112,15504,14635,359,14994,155
2020-10-31,Yolo,113,214977,3410,3290,10,3300,60
2020-10-31,Yuba,115,75493,1329,1260,6,1266,10
2020-10-30,Alameda,001,1643700,24439,23676,231,23907,401
2020-10-30,Alpine,003,1148,10,4,0,4,0
2020-10-30,Amador,005,37829,370,344,0,344,16
2020-10-30,Butte,007,227075,3296,3160,43,3203,57
2020-10-30,Calaveras,009,45235,348,279,0,279,18
2020-10-30,Colusa,011,21464,573,554,1,555,6
2020-10-30,Contra Costa,013,1133247,19660,19074,96,19170,249
2020-10-30,Del Norte,015,27424,187,175,0,175,2
2020-10-30,El Dorado,017,186661,1507,1386,11,1397,4
2020-10-30,Fresno,019,978130,34286,31409,516,31925,446
2020-10-30,Glenn,021,27897,703,674,2,676,3
2020-10-30,Humboldt,023,135768,591,561,1,562,7
2020-10-30,Imperial,025,180216,13218,12853,18,12871,334
2020-10-30,Inyo,027,18085,250,241,5,246,14
2020-10-30,Kern,029,883053,34563,33583,459,34042,437
2020-10-30,Kings,031,150075,8987,8564,56,8620,82
2020-10-30,Lake,033,64148,750,720,0,720,16
2020-10-30,Lassen,035,31185,788,777,2,779,0
2020-10-30,Los Angeles,037,10098052,310684,303425,3065,306490,7060
2020-10-30,Madera,039,155013,5198,4991,48,5039,54
2020-10-30,Marin,041,260295,7212,7097,20,7117,125
2020-10-30,Mariposa,043,17540,83,78,0,78,2
2020-10-30,Mendocino,045,87422,1116,1062,5,1067,21
2020-10-30,Merced,047,269075,9802,9539,40,9579,150
2020-10-30,Modoc,049,8938,51,34,3,37,0
2020-10-30,Mono,051,14174,262,193,5,198,1
2020-10-30,Monterey,053,433212,11817,11491,76,11567,92
2020-10-30,Napa,055,140530,2189,2028,9,2037,15
2020-10-30,Nevada,057,99092,684,634,19,653,9
2020-10-30,Orange,059,3164182,62252,59334,1850,61184,1469
2020-10-30,Placer,061,380077,4675,4335,20,4355,58
2020-10-30,Plumas,063,18699,92,80,0,80,0
2020-10-30,Riverside,065,2383286,69871,67752,516,68268,1317
2020-10-30,Sacramento,067,1510023,26869,26147,36,26183,505
2020-10-30,San Benito,069,59416,1469,1440,1,1441,15
2020-10-30,San Bernardino,071,2135413,66732,63512,501,64013,1156
2020-10-30,San Diego,073,3302833,59047,56387,1707,58094,888
2020-10-30,San Francisco,075,870044,12694,12384,51,12435,145
2020-10-30,San Joaquin,077,732212,22457,21849,252,22101,500
2020-10-30,San Luis Obispo,079,281455,4580,4256,37,4293,31
2020-10-30,San Mateo,081,765935,11691,11207,12,11219,159
2020-10-30,Santa Barbara,083,443738,10094,9937,99,10036,128
2020-10-30,Santa Clara,085,1922200,26376,24811,51,24862,378
2020-10-30,Santa Cruz,087,273765,3045,2874,35,2909,25
2020-10-30,Shasta,089,179085,2586,2048,21,2069,32
2020-10-30,Sierra,091,2930,7,6,0,6,0
2020-10-30,Siskiyou,093,43540,246,192,11,203,0
2020-10-30,Solano,095,438530,7823,7497,40,7537,84
2020-10-30,Sonoma,097,501317,10051,9602,33,9635,140
2020-10-30,Stanislaus,099,539301,18111,17861,811,18672,410
2020-10-30,Sutter,101,95872,1923,1860,1,1861,12
2020-10-30,Tehama,103,63373,1013,932,2,934,5
2020-10-30,Trinity,105,12862,105,29,13,42,0
2020-10-30,Tulare,107,460477,18370,17682,456,18138,299
2020-10-30,Tuolumne,109,53932,310,286,5,291,4
2020-10-30,Ventura,111,848112,15431,14578,348,14926,154
2020-10-30,Yolo,113,214977,3393,3263,10,3273,60
2020-10-30,Yuba,115,75493,1321,1256,6,1262,10
2020-10-29,Alameda,001,1643700,24276,23530,230,23760,401
2020-10-29,Alpine,003,1148,7,4,0,4,0
2020-10-29,Amador,005,37829,366,338,0,338,16
2020-10-29,Butte,007,227075,3278,3143,42,3185,57
2020-10-29,Calaveras,009,45235,346,278,0,278,13
2020-10-29,Colusa,011,21464,569,552,1,553,6
2020-10-29,Contra Costa,013,1133247,19562,18933,95,19028,249
2020-10-29,Del Norte,015,27424,185,174,0,174,2
2020-10-29,El Dorado,017,186661,1485,1370,11,1381,4
2020-10-29,Fresno,019,978130,34129,31321,509,31830,445
2020-10-29,Glenn,021,27897,701,673,2,675,3
2020-10-29,Humboldt,023,135768,586,559,1,560,7
2020-10-29,Imperial,025,180216,13174,12769,18,12787,334
2020-10-29,Inyo,027,18085,248,238,5,243,14
2020-10-29,Kern,029,883053,34462,33460,455,33915,437
2020-10-29,Kings,031,150075,8833,8502,55,8557,82
2020-10-29,Lake,033,64148,747,702,0,702,16
2020-10-29,Lassen,035,31185,787,772,2,774,0
2020-10-29,Los Angeles,037,10098052,309054,302246,3019,305265,7046
2020-10-29,Madera,039,155013,5168,4970,46,5016,53
2020-10-29,Marin,041,260295,7198,7083,20,7103,125
2020-10-29,Mariposa,043,17540,81,78,0,78,2
2020-10-29,Mendocino,045,87422,1110,1058,5,1063,21
2020-10-29,Merced,047,269075,9750,9496,40,9536,150
2020-10-29,Modoc,049,8938,49,31,3,34,0
2020-10-29,Mono,051,14174,255,176,5,181,1
2020-10-29,Monterey,053,433212,11736,11425,74,11499,92
2020-10-29,Napa,055,140530,2165,2009,9,2018,15
2020-10-29,Nevada,057,99092,677,632,19,651,9
2020-10-29,Orange,059,3164182,61984,59046,1830,60876,1464
2020-10-29,Placer,061,380077,4630,4270,18,4288,58
2020-10-29,Plumas,063,18699,90,69,0,69,0
2020-10-29,Riverside,065,2383286,69494,67268,486,67754,1304
2020-10-29,Sacramento,067,1510023,26656,25978,35,26013,507
2020-10-29,San Benito,069,59416,1464,1431,1,1432,15
2020-10-29,San Bernardino,071,2135413,66165,62968,491,63459,1150
2020-10-29,San Diego,073,3302833,58581,55916,1678,57594,885
2020-10-29,San Francisco,075,870044,12616,12312,51,12363,145
2020-10-29,San Joaquin,077,732212,22373,21736,240,21976,498
2020-10-29,San Luis Obispo,079,281455,4549,4223,36,4259,31
2020-10-29,San Mateo,081,765935,11646,11145,12,11157,157
2020-10-29,Santa Barbara,083,443738,10061,9902,97,9999,128
2020-10-29,Santa Clara,085,1922200,26225,24614,51,24665,377
2020-10-29,Santa Cruz,087,273765,3020,2850,35,2885,24
2020-10-29,Shasta,089,179085,2523,2008,21,2029,32
2020-10-29,Sierra,091,2930,6,6,0,6,0
2020-10-29,Siskiyou,093,43540,230,185,11,196,0
2020-10-29,Solano,095,438530,7761,7453,40,7493,78
2020-10-29,Sonoma,097,501317,9986,9533,33,9566,140
2020-10-29,Stanislaus,099,539301,18058,17790,790,18580,410
2020-10-29,Sutter,101,95872,1916,1852,1,1853,12
2020-10-29,Tehama,103,63373,995,925,2,927,5
2020-10-29,Trinity,105,12862,100,28,12,40,0
2020-10-29,Tulare,107,460477,18292,17627,438,18065,299
2020-10-29,Tuolumne,109,53932,305,279,5,284,4
2020-10-29,Ventura,111,848112,15340,14486,344,14830,154
2020-10-29,Yolo,113,214977,3364,3246,10,3256,60
2020-10-29,Yuba,115,75493,1310,1248,6,1254,10
2020-10-28,Alameda,001,1643700,24176,23468,229,23697,400
2020-10-28,Alpine,003,1148,6,4,0,4,0
2020-10-28,Amador,005,37829,363,337,0,337,16
2020-10-28,Butte,007,227075,3262,3134,39,3173,56
2020-10-28,Calaveras,009,45235,345,278,0,278,13
2020-10-28,Colusa,011,21464,566,551,1,552,6
2020-10-28,Contra Costa,013,1133247,19475,18828,94,18922,246
2020-10-28,Del Norte,015,27424,182,173,0,173,2
2020-10-28,El Dorado,017,186661,1473,1363,11,1374,4
2020-10-28,Fresno,019,978130,34008,31195,503,31698,444
2020-10-28,Glenn,021,27897,697,673,2,675,3
2020-10-28,Humboldt,023,135768,582,559,1,560,7
2020-10-28,Imperial,025,180216,13125,12730,18,12748,333
2020-10-28,Inyo,027,18085,248,238,5,243,14
2020-10-28,Kern,029,883053,34360,33424,436,33860,436
2020-10-28,Kings,031,150075,8811,8486,54,8540,82
2020-10-28,Lake,033,64148,744,700,0,700,15
2020-10-28,Lassen,035,31185,783,771,2,773,0
2020-10-28,Los Angeles,037,10098052,307595,300726,2977,303703,7031
2020-10-28,Madera,039,155013,5151,4954,45,4999,53
2020-10-28,Marin,041,260295,7187,7079,20,7099,126
2020-10-28,Mariposa,043,17540,81,78,0,78,2
2020-10-28,Mendocino,045,87422,1109,1037,5,1042,20
2020-10-28,Merced,047,269075,9724,9480,39,9519,150
2020-10-28,Modoc,049,8938,48,31,2,33,0
2020-10-28,Mono,051,14174,237,176,5,181,1
2020-10-28,Monterey,053,433212,11678,11330,72,11402,89
2020-10-28,Napa,055,140530,2139,1998,8,2006,15
2020-10-28,Nevada,057,99092,669,629,19,648,9
2020-10-28,Orange,059,3164182,61720,58801,1814,60615,1459
2020-10-28,Placer,061,380077,4574,4236,18,4254,57
2020-10-28,Plumas,063,18699,89,67,0,67,0
2020-10-28,Riverside,065,2383286,69096,67003,462,67465,1302
2020-10-28,Sacramento,067,1510023,26460,25838,34,25872,506
2020-10-28,San Benito,069,59416,1456,1429,1,1430,15
2020-10-28,San Bernardino,071,2135413,65706,62778,482,63260,1154
2020-10-28,San Diego,073,3302833,58198,55556,1649,57205,881
2020-10-28,San Francisco,075,870044,12558,12261,50,12311,145
2020-10-28,San Joaquin,077,732212,22289,21707,229,21936,498
2020-10-28,San Luis Obispo,079,281455,4505,4197,33,4230,31
2020-10-28,San Mateo,081,765935,11579,11101,12,11113,157
2020-10-28,Santa Barbara,083,443738,10037,9872,95,9967,127
2020-10-28,Santa Clara,085,1922200,26081,24503,51,24554,375
2020-10-28,Santa Cruz,087,273765,2989,2836,35,2871,24
2020-10-28,Shasta,089,179085,2443,1996,20,2016,31
2020-10-28,Sierra,091,2930,6,6,0,6,0
2020-10-28,Siskiyou,093,43540,227,182,10,192,0
2020-10-28,Solano,095,438530,7702,7362,40,7402,77
2020-10-28,Sonoma,097,501317,9896,9457,28,9485,140
2020-10-28,Stanislaus,099,539301,17993,17765,780,18545,409
2020-10-28,Sutter,101,95872,1907,1840,1,1841,12
2020-10-28,Tehama,103,63373,984,921,2,923,5
2020-10-28,Trinity,105,12862,93,28,11,39,0
2020-10-28,Tulare,107,460477,18235,17569,423,17992,297
2020-10-28,Tuolumne,109,53932,302,277,5,282,4
2020-10-28,Ventura,111,848112,15267,14409,335,14744,153
2020-10-28,Yolo,113,214977,3340,3230,10,3240,60
2020-10-28,Yuba,115,75493,1298,1245,6,1251,10
2020-10-27,Alameda,001,1643700,24062,23365,227,23592,400
2020-10-27,Alpine,003,1148,6,3,0,3,0
2020-10-27,Amador,005,37829,360,335,0,335,16
2020-10-27,Butte,007,227075,3246,3107,36,3143,56
2020-10-27,Calaveras,009,45235,343,277,0,277,13
2020-10-27,Colusa,011,21464,561,549,1,550,6
2020-10-27,Contra Costa,013,1133247,19369,18766,94,18860,246
2020-10-27,Del Norte,015,27424,179,173,0,173,2
2020-10-27,El Dorado,017,186661,1460,1351,11,1362,4
2020-10-27,Fresno,019,978130,33889,31096,498,31594,442
2020-10-27,Glenn,021,27897,695,667,1,668,3
2020-10-27,Humboldt,023,135768,579,559,1,560,7
2020-10-27,Imperial,025,180216,13076,12680,18,12698,333
2020-10-27,Inyo,027,18085,248,231,5,236,14
2020-10-27,Kern,029,883053,34243,33328,432,33760,436
2020-10-27,Kings,031,150075,8780,8411,54,8465,83
2020-10-27,Lake,033,64148,741,700,0,700,15
2020-10-27,Lassen,035,31185,781,764,2,766,0
2020-10-27,Los Angeles,037,10098052,306211,299438,2948,302386,7008
2020-10-27,Madera,039,155013,5121,4942,44,4986,53
2020-10-27,Marin,041,260295,7171,7070,20,7090,126
2020-10-27,Mariposa,043,17540,80,78,0,78,2
2020-10-27,Mendocino,045,87422,1103,1033,4,1037,20
2020-10-27,Merced,047,269075,9683,9449,39,9488,150
2020-10-27,Modoc,049,8938,46,31,2,33,0
2020-10-27,Mono,051,14174,223,169,5,174,1
2020-10-27,Monterey,053,433212,11622,11261,70,11331,88
2020-10-27,Napa,055,140530,2123,1979,8,1987,15
2020-10-27,Nevada,057,99092,663,622,19,641,8
2020-10-27,Orange,059,3164182,61448,58550,1798,60348,1448
2020-10-27,Placer,061,380077,4525,4197,16,4213,57
2020-10-27,Plumas,063,18699,86,63,0,63,0
2020-10-27,Riverside,065,2383286,68743,66699,417,67116,1299
2020-10-27,Sacramento,067,1510023,26273,25701,32,25733,501
2020-10-27,San Benito,069,59416,1451,1428,1,1429,15
2020-10-27,San Bernardino,071,2135413,65245,62357,469,62826,1154
2020-10-27,San Diego,073,3302833,57725,55226,1626,56852,877
2020-10-27,San Francisco,075,870044,12483,12218,49,12267,140
2020-10-27,San Joaquin,077,732212,22198,21637,220,21857,496
2020-10-27,San Luis Obispo,079,281455,4478,4148,29,4177,31
2020-10-27,San Mateo,081,765935,11531,11074,12,11086,156
2020-10-27,Santa Barbara,083,443738,10007,9874,94,9968,125
2020-10-27,Santa Clara,085,1922200,25939,24368,51,24419,367
2020-10-27,Santa Cruz,087,273765,2959,2815,34,2849,24
2020-10-27,Shasta,089,179085,2357,1962,20,1982,29
2020-10-27,Sierra,091,2930,6,6,0,6,0
2020-10-27,Siskiyou,093,43540,218,181,10,191,0
2020-10-27,Solano,095,438530,7633,7298,40,7338,77
2020-10-27,Sonoma,097,501317,9829,9389,28,9417,140
2020-10-27,Stanislaus,099,539301,17925,17720,773,18493,408
2020-10-27,Sutter,101,95872,1894,1832,1,1833,12
2020-10-27,Tehama,103,63373,970,913,2,915,5
2020-10-27,Trinity,105,12862,90,28,11,39,0
2020-10-27,Tulare,107,460477,18172,17520,400,17920,296
2020-10-27,Tuolumne,109,53932,298,275,5,280,4
2020-10-27,Ventura,111,848112,15184,14347,328,14675,153
2020-10-27,Yolo,113,214977,3326,3216,10,3226,58
2020-10-27,Yuba,115,75493,1285,1235,6,1241,10
2020-10-26,Alameda,001,1643700,23950,23284,226,23510,398
2020-10-26,Alpine,003,1148,4,3,0,3,0
2020-10-26,Amador,005,37829,356,331,0,331,16
2020-10-26,Butte,007,227075,3235,3095,34,3129,56
2020-10-26,Calaveras,009,45235,340,274,0,274,13
2020-10-26,Colusa,011,21464,559,548,1,549,6
2020-10-26,Contra Costa,013,1133247,19274,18718,93,18811,245
2020-10-26,Del Norte,015,27424,179,171,0,171,2
2020-10-26,El Dorado,017,186661,1446,1336,11,1347,4
2020-10-26,Fresno,019,978130,33776,30969,491,31460,441
2020-10-26,Glenn,021,27897,688,660,1,661,3
2020-10-26,Humboldt,023,135768,571,554,1,555,7
2020-10-26,Imperial,025,180216,13022,12654,15,12669,333
2020-10-26,Inyo,027,18085,248,226,5,231,14
2020-10-26,Kern,029,883053,34159,33233,427,33660,432
2020-10-26,Kings,031,150075,8759,8264,52,8316,82
2020-10-26,Lake,033,64148,739,697,0,697,15
2020-10-26,Lassen,035,31185,778,764,2,766,0
2020-10-26,Los Angeles,037,10098052,304783,297961,2907,300868,6979
2020-10-26,Madera,039,155013,5100,4922,43,4965,53
2020-10-26,Marin,041,260295,7165,7064,19,7083,104
2020-10-26,Mariposa,043,17540,80,77,0,77,2
2020-10-26,Mendocino,045,87422,1095,1026,4,1030,20
2020-10-26,Merced,047,269075,9636,9375,38,9413,150
2020-10-26,Modoc,049,8938,44,28,0,28,0
2020-10-26,Mono,051,14174,217,167,5,172,1
2020-10-26,Monterey,053,433212,11571,11207,66,11273,87
2020-10-26,Napa,055,140530,2091,1966,8,1974,14
2020-10-26,Nevada,057,99092,656,618,19,637,8
2020-10-26,Orange,059,3164182,61245,58377,1780,60157,1442
2020-10-26,Placer,061,380077,4483,4161,15,4176,57
2020-10-26,Plumas,063,18699,84,63,0,63,0
2020-10-26,Riverside,065,2383286,68291,66475,391,66866,1294
2020-10-26,Sacramento,067,1510023,26092,25555,30,25585,496
2020-10-26,San Benito,069,59416,1443,1424,1,1425,15
2020-10-26,San Bernardino,071,2135413,64774,61871,466,62337,1153
2020-10-26,San Diego,073,3302833,57332,54957,1588,56545,870
2020-10-26,San Francisco,075,870044,12423,12072,49,12121,138
2020-10-26,San Joaquin,077,732212,22115,21459,214,21673,495
2020-10-26,San Luis Obispo,079,281455,4452,4133,29,4162,31
2020-10-26,San Mateo,081,765935,11487,11037,12,11049,156
2020-10-26,Santa Barbara,083,443738,9984,9827,94,9921,122
2020-10-26,Santa Clara,085,1922200,25749,24258,50,24308,365
2020-10-26,Santa Cruz,087,273765,2933,2808,34,2842,24
2020-10-26,Shasta,089,179085,2303,1889,20,1909,29
2020-10-26,Sierra,091,2930,6,6,0,6,0
2020-10-26,Siskiyou,093,43540,210,179,10,189,0
2020-10-26,Solano,095,438530,7553,7271,40,7311,62
2020-10-26,Sonoma,097,501317,9752,9315,28,9343,140
2020-10-26,Stanislaus,099,539301,17875,17666,763,18429,400
2020-10-26,Sutter,101,95872,1886,1817,1,1818,12
2020-10-26,Tehama,103,63373,950,892,2,894,5
2020-10-26,Trinity,105,12862,89,26,11,37,0
2020-10-26,Tulare,107,460477,18095,17432,377,17809,296
2020-10-26,Tuolumne,109,53932,289,271,5,276,4
2020-10-26,Ventura,111,848112,15115,14330,325,14655,154
2020-10-26,Yolo,113,214977,3307,3206,10,3216,58
2020-10-26,Yuba,115,75493,1269,1226,6,1232,10
2020-10-25,Alameda,001,1643700,23844,23192,226,23418,398
2020-10-25,Alpine,003,1148,3,3,0,3,0
2020-10-25,Amador,005,37829,345,330,0,330,16
2020-10-25,Butte,007,227075,3216,3087,34,3121,56
2020-10-25,Calaveras,009,45235,339,274,0,274,13
2020-10-25,Colusa,011,21464,555,548,1,549,6
2020-10-25,Contra Costa,013,1133247,19172,18640,93,18733,245
2020-10-25,Del Norte,015,27424,175,171,0,171,2
2020-10-25,El Dorado,017,186661,1431,1328,11,1339,4
2020-10-25,Fresno,019,978130,33642,30858,478,31336,441
2020-10-25,Glenn,021,27897,685,652,1,653,3
2020-10-25,Humboldt,023,135768,568,554,1,555,7
2020-10-25,Imperial,025,180216,12973,12572,15,12587,333
2020-10-25,Inyo,027,18085,245,226,5,231,14
2020-10-25,Kern,029,883053,34052,33185,423,33608,432
2020-10-25,Kings,031,150075,8726,8246,50,8296,82
2020-10-25,Lake,033,64148,722,695,0,695,15
2020-10-25,Lassen,035,31185,776,764,2,766,0
2020-10-25,Los Angeles,037,10098052,303220,297110,2870,299980,6973
2020-10-25,Madera,039,155013,5070,4909,38,4947,53
2020-10-25,Marin,041,260295,7155,7052,19,7071,102
2020-10-25,Mariposa,043,17540,80,77,0,77,2
2020-10-25,Mendocino,045,87422,1088,1024,4,1028,20
2020-10-25,Merced,047,269075,9571,9352,36,9388,150
2020-10-25,Modoc,049,8938,39,28,0,28,0
2020-10-25,Mono,051,14174,209,167,5,172,1
2020-10-25,Monterey,053,433212,11488,11182,61,11243,87
2020-10-25,Napa,055,140530,2061,1962,8,1970,14
2020-10-25,Nevada,057,99092,648,616,19,635,8
2020-10-25,Orange,059,3164182,60957,58185,1771,59956,1443
2020-10-25,Placer,061,380077,4431,4140,15,4155,57
2020-10-25,Plumas,063,18699,84,63,0,63,0
2020-10-25,Riverside,065,2383286,67840,66192,375,66567,1289
2020-10-25,Sacramento,067,1510023,25877,25445,27,25472,496
2020-10-25,San Benito,069,59416,1436,1423,1,1424,15
2020-10-25,San Bernardino,071,2135413,64234,61551,454,62005,1153
2020-10-25,San Diego,073,3302833,56869,54599,1556,56155,870
2020-10-25,San Francisco,075,870044,12350,12072,49,12121,137
2020-10-25,San Joaquin,077,732212,22007,21459,206,21665,495
2020-10-25,San Luis Obispo,079,281455,4410,4126,27,4153,31
2020-10-25,San Mateo,081,765935,11442,10987,12,10999,156
2020-10-25,Santa Barbara,083,443738,9964,9814,94,9908,122
2020-10-25,Santa Clara,085,1922200,25561,24087,50,24137,365
2020-10-25,Santa Cruz,087,273765,2906,2789,34,2823,24
2020-10-25,Shasta,089,179085,2239,1889,20,1909,29
2020-10-25,Sierra,091,2930,6,6,0,6,0
2020-10-25,Siskiyou,093,43540,207,176,10,186,0
2020-10-25,Solano,095,438530,7475,7197,40,7237,60
2020-10-25,Sonoma,097,501317,9659,9235,27,9262,140
2020-10-25,Stanislaus,099,539301,17818,17641,753,18394,400
2020-10-25,Sutter,101,95872,1868,1811,1,1812,12
2020-10-25,Tehama,103,63373,933,880,2,882,5
2020-10-25,Trinity,105,12862,85,26,11,37,0
2020-10-25,Tulare,107,460477,18021,17431,367,17798,296
2020-10-25,Tuolumne,109,53932,284,271,5,276,4
2020-10-25,Ventura,111,848112,15022,14300,319,14619,154
2020-10-25,Yolo,113,214977,3286,3190,10,3200,58
2020-10-25,Yuba,115,75493,1261,1219,6,1225,10
2020-10-24,Alameda,001,1643700,23773,23099,223,23322,398
2020-10-24,Alpine,003,1148,3,3,0,3,0
2020-10-24,Amador,005,37829,344,328,0,328,16
2020-10-24,Butte,007,227075,3207,3078,34,3112,56
2020-10-24,Calaveras,009,45235,337,274,0,274,13
2020-10-24,Colusa,011,21464,550,548,1,549,6
2020-10-24,Contra Costa,013,1133247,19105,18567,93,18660,244
2020-10-24,Del Norte,015,27424,174,171,0,171,2
2020-10-24,El Dorado,017,186661,1415,1317,11,1328,4
2020-10-24,Fresno,019,978130,33581,30752,473,31225,441
2020-10-24,Glenn,021,27897,682,650,1,651,3
2020-10-24,Humboldt,023,135768,566,553,1,554,7
2020-10-24,Imperial,025,180216,12946,12469,15,12484,333
2020-10-24,Inyo,027,18085,245,226,5,231,14
2020-10-24,Kern,029,883053,33994,33105,418,33523,432
2020-10-24,Kings,031,150075,8716,8228,49,8277,82
2020-10-24,Lake,033,64148,717,696,0,696,15
2020-10-24,Lassen,035,31185,775,764,2,766,0
2020-10-24,Los Angeles,037,10098052,302401,296323,2848,299171,6969
2020-10-24,Madera,039,155013,5057,4898,37,4935,53
2020-10-24,Marin,041,260295,7146,7042,19,7061,102
2020-10-24,Mariposa,043,17540,80,77,0,77,2
2020-10-24,Mendocino,045,87422,1076,1022,4,1026,20
2020-10-24,Merced,047,269075,9547,9351,36,9387,150
2020-10-24,Modoc,049,8938,38,28,0,28,0
2020-10-24,Mono,051,14174,195,167,5,172,1
2020-10-24,Monterey,053,433212,11419,11153,60,11213,87
2020-10-24,Napa,055,140530,2044,1957,8,1965,14
2020-10-24,Nevada,057,99092,644,608,19,627,8
2020-10-24,Orange,059,3164182,60802,57928,1761,59689,1441
2020-10-24,Placer,061,380077,4400,4093,15,4108,57
2020-10-24,Plumas,063,18699,78,63,0,63,0
2020-10-24,Riverside,065,2383286,67632,65902,361,66263,1288
2020-10-24,Sacramento,067,1510023,25796,25372,27,25399,496
2020-10-24,San Benito,069,59416,1431,1417,1,1418,15
2020-10-24,San Bernardino,071,2135413,63995,61351,445,61796,1153
2020-10-24,San Diego,073,3302833,56592,54330,1543,55873,868
2020-10-24,San Francisco,075,870044,12292,12073,48,12121,137
2020-10-24,San Joaquin,077,732212,21954,21458,201,21659,495
2020-10-24,San Luis Obispo,079,281455,4387,4119,26,4145,31
2020-10-24,San Mateo,081,765935,11403,10942,12,10954,155
2020-10-24,Santa Barbara,083,443738,9947,9781,94,9875,122
2020-10-24,Santa Clara,085,1922200,25474,23978,50,24028,365
2020-10-24,Santa Cruz,087,273765,2887,2775,34,2809,24
2020-10-24,Shasta,089,179085,2194,1878,20,1898,29
2020-10-24,Sierra,091,2930,6,6,0,6,0
2020-10-24,Siskiyou,093,43540,206,174,10,184,0
2020-10-24,Solano,095,438530,7422,7189,40,7229,60
2020-10-24,Sonoma,097,501317,9625,9179,27,9206,140
2020-10-24,Stanislaus,099,539301,17775,17574,738,18312,400
2020-10-24,Sutter,101,95872,1859,1804,1,1805,12
2020-10-24,Tehama,103,63373,925,872,2,874,5
2020-10-24,Trinity,105,12862,85,25,11,36,0
2020-10-24,Tulare,107,460477,17998,17406,356,17762,295
2020-10-24,Tuolumne,109,53932,281,269,5,274,4
2020-10-24,Ventura,111,848112,14969,14240,318,14558,154
2020-10-24,Yolo,113,214977,3274,3164,10,3174,57
2020-10-24,Yuba,115,75493,1258,1210,6,1216,10
2020-10-23,Alameda,001,1643700,23701,23047,221,23268,393
2020-10-23,Alpine,003,1148,3,3,0,3,0
2020-10-23,Amador,005,37829,343,324,0,324,16
2020-10-23,Butte,007,227075,3198,3059,34,3093,55
2020-10-23,Calaveras,009,45235,336,273,0,273,13
2020-10-23,Colusa,011,21464,550,547,1,548,6
2020-10-23,Contra Costa,013,1133247,19035,18483,92,18575,244
2020-10-23,Del Norte,015,27424,174,171,0,171,2
2020-10-23,El Dorado,017,186661,1406,1310,11,1321,4
2020-10-23,Fresno,019,978130,33514,30590,470,31060,441
2020-10-23,Glenn,021,27897,679,644,1,645,3
2020-10-23,Humboldt,023,135768,564,553,1,554,7
2020-10-23,Imperial,025,180216,12915,12398,14,12412,333
2020-10-23,Inyo,027,18085,244,226,5,231,14
2020-10-23,Kern,029,883053,33926,33077,413,33490,431
2020-10-23,Kings,031,150075,8707,8218,49,8267,82
2020-10-23,Lake,033,64148,715,689,0,689,15
2020-10-23,Lassen,035,31185,774,764,2,766,0
2020-10-23,Los Angeles,037,10098052,301319,294287,2820,297107,6956
2020-10-23,Madera,039,155013,5052,4888,37,4925,53
2020-10-23,Marin,041,260295,7133,7029,19,7048,102
2020-10-23,Mariposa,043,17540,80,77,0,77,2
2020-10-23,Mendocino,045,87422,1073,1019,4,1023,20
2020-10-23,Merced,047,269075,9533,9327,36,9363,149
2020-10-23,Modoc,049,8938,38,28,0,28,0
2020-10-23,Mono,051,14174,194,159,5,164,1
2020-10-23,Monterey,053,433212,11372,11099,56,11155,86
2020-10-23,Napa,055,140530,2036,1942,8,1950,14
2020-10-23,Nevada,057,99092,641,604,19,623,8
2020-10-23,Orange,059,3164182,60632,57595,1746,59341,1430
2020-10-23,Placer,061,380077,4353,4073,15,4088,57
2020-10-23,Plumas,063,18699,75,63,0,63,0
2020-10-23,Riverside,065,2383286,67393,65512,353,65865,1279
2020-10-23,Sacramento,067,1510023,25691,25224,27,25251,496
2020-10-23,San Benito,069,59416,1429,1412,1,1413,15
2020-10-23,San Bernardino,071,2135413,63710,60854,431,61285,1150
2020-10-23,San Diego,073,3302833,56286,53944,1516,55460,867
2020-10-23,San Francisco,075,870044,12261,12015,48,12063,137
2020-10-23,San Joaquin,077,732212,21898,21361,195,21556,495
2020-10-23,San Luis Obispo,079,281455,4362,4102,26,4128,31
2020-10-23,San Mateo,081,765935,11354,10872,12,10884,155
2020-10-23,Santa Barbara,083,443738,9931,9751,94,9845,121
2020-10-23,Santa Clara,085,1922200,25372,23822,50,23872,364
2020-10-23,Santa Cruz,087,273765,2873,2757,34,2791,24
2020-10-23,Shasta,089,179085,2157,1846,19,1865,29
2020-10-23,Sierra,091,2930,6,6,0,6,0
2020-10-23,Siskiyou,093,43540,202,172,10,182,0
2020-10-23,Solano,095,438530,7391,7174,40,7214,59
2020-10-23,Sonoma,097,501317,9568,9112,27,9139,139
2020-10-23,Stanislaus,099,539301,17738,17496,731,18227,395
2020-10-23,Sutter,101,95872,1852,1797,1,1798,12
2020-10-23,Tehama,103,63373,916,862,2,864,5
2020-10-23,Trinity,105,12862,85,26,11,37,0
2020-10-23,Tulare,107,460477,17953,17334,344,17678,295
2020-10-23,Tuolumne,109,53932,279,254,5,259,4
2020-10-23,Ventura,111,848112,14940,14192,318,14510,155
2020-10-23,Yolo,113,214977,3262,3140,10,3150,57
2020-10-23,Yuba,115,75493,1254,1206,6,1212,10
2020-10-22,Alameda,001,1643700,23599,22915,221,23136,393
2020-10-22,Alpine,003,1148,3,3,0,3,0
2020-10-22,Amador,005,37829,339,317,0,317,16
2020-10-22,Butte,007,227075,3188,3046,32,3078,55
2020-10-22,Calaveras,009,45235,333,273,0,273,13
2020-10-22,Colusa,011,21464,550,547,1,548,6
2020-10-22,Contra Costa,013,1133247,18964,18393,92,18485,243
2020-10-22,Del Norte,015,27424,173,168,0,168,2
2020-10-22,El Dorado,017,186661,1396,1308,11,1319,4
2020-10-22,Fresno,019,978130,33404,30471,462,30933,438
2020-10-22,Glenn,021,27897,672,643,1,644,3
2020-10-22,Humboldt,023,135768,562,548,1,549,7
2020-10-22,Imperial,025,180216,12862,12311,14,12325,333
2020-10-22,Inyo,027,18085,241,220,5,225,14
2020-10-22,Kern,029,883053,33845,32991,410,33401,431
2020-10-22,Kings,031,150075,8456,8201,49,8250,82
2020-10-22,Lake,033,64148,711,678,0,678,15
2020-10-22,Lassen,035,31185,771,764,2,766,0
2020-10-22,Los Angeles,037,10098052,299943,291599,2761,294360,6935
2020-10-22,Madera,039,155013,5031,4847,37,4884,52
2020-10-22,Marin,041,260295,7126,7014,19,7033,102
2020-10-22,Mariposa,043,17540,80,77,0,77,2
2020-10-22,Mendocino,045,87422,1068,1016,4,1020,20
2020-10-22,Merced,047,269075,9505,9323,36,9359,149
2020-10-22,Modoc,049,8938,34,26,0,26,0
2020-10-22,Mono,051,14174,189,156,5,161,1
2020-10-22,Monterey,053,433212,11313,11059,53,11112,84
2020-10-22,Napa,055,140530,2021,1928,8,1936,14
2020-10-22,Nevada,057,99092,635,600,19,619,8
2020-10-22,Orange,059,3164182,60417,57418,1729,59147,1422
2020-10-22,Placer,061,380077,4304,4036,15,4051,57
2020-10-22,Plumas,063,18699,72,62,0,62,0
2020-10-22,Riverside,065,2383286,67058,65104,334,65438,1279
2020-10-22,Sacramento,067,1510023,25551,25054,27,25081,492
2020-10-22,San Benito,069,59416,1425,1403,1,1404,15
2020-10-22,San Bernardino,071,2135413,63308,60402,416,60818,1149
2020-10-22,San Diego,073,3302833,55899,53514,1497,55011,866
2020-10-22,San Francisco,075,870044,12203,11991,46,12037,137
2020-10-22,San Joaquin,077,732212,21825,21282,189,21471,495
2020-10-22,San Luis Obispo,079,281455,4346,4081,26,4107,31
2020-10-22,San Mateo,081,765935,11298,10796,12,10808,155
2020-10-22,Santa Barbara,083,443738,9897,9710,92,9802,120
2020-10-22,Santa Clara,085,1922200,25218,23621,50,23671,363
2020-10-22,Santa Cruz,087,273765,2855,2738,33,2771,24
2020-10-22,Shasta,089,179085,2111,1799,19,1818,29
2020-10-22,Sierra,091,2930,6,6,0,6,0
2020-10-22,Siskiyou,093,43540,201,169,10,179,0
2020-10-22,Solano,095,438530,7345,7116,40,7156,59
2020-10-22,Sonoma,097,501317,9502,9052,26,9078,139
2020-10-22,Stanislaus,099,539301,17684,17440,719,18159,395
2020-10-22,Sutter,101,95872,1838,1794,1,1795,12
2020-10-22,Tehama,103,63373,905,852,2,854,5
2020-10-22,Trinity,105,12862,84,26,11,37,0
2020-10-22,Tulare,107,460477,17887,17265,331,17596,293
2020-10-22,Tuolumne,109,53932,277,252,5,257,4
2020-10-22,Ventura,111,848112,14893,14124,316,14440,154
2020-10-22,Yolo,113,214977,3250,3116,10,3126,58
2020-10-22,Yuba,115,75493,1247,1199,5,1204,10
2020-10-21,Alameda,001,1643700,23511,22853,219,23072,392
2020-10-21,Alpine,003,1148,3,3,0,3,0
2020-10-21,Amador,005,37829,334,313,0,313,16
2020-10-21,Butte,007,227075,3176,3041,32,3073,55
2020-10-21,Calaveras,009,45235,332,272,0,272,13
2020-10-21,Colusa,011,21464,550,546,1,547,6
2020-10-21,Contra Costa,013,1133247,18890,18299,92,18391,243
2020-10-21,Del Norte,015,27424,173,169,0,169,2
2020-10-21,El Dorado,017,186661,1384,1305,10,1315,4
2020-10-21,Fresno,019,978130,33308,30328,457,30785,433
2020-10-21,Glenn,021,27897,667,640,1,641,3
2020-10-21,Humboldt,023,135768,561,548,1,549,7
2020-10-21,Imperial,025,180216,12805,12210,14,12224,331
2020-10-21,Inyo,027,18085,237,220,5,225,14
2020-10-21,Kern,029,883053,33770,32956,408,33364,430
2020-10-21,Kings,031,150075,8429,8186,49,8235,80
2020-10-21,Lake,033,64148,710,676,0,676,15
2020-10-21,Lassen,035,31185,770,764,2,766,0
2020-10-21,Los Angeles,037,10098052,298603,288096,2719,290815,6923
2020-10-21,Madera,039,155013,5006,4831,37,4868,52
2020-10-21,Marin,041,260295,7117,7002,19,7021,102
2020-10-21,Mariposa,043,17540,80,77,0,77,2
2020-10-21,Mendocino,045,87422,1066,1011,4,1015,21
2020-10-21,Merced,047,269075,9481,9319,34,9353,149
2020-10-21,Modoc,049,8938,33,26,0,26,0
2020-10-21,Mono,051,14174,187,156,5,161,1
2020-10-21,Monterey,053,433212,11275,11005,52,11057,83
2020-10-21,Napa,055,140530,2006,1918,8,1926,13
2020-10-21,Nevada,057,99092,629,597,19,616,8
2020-10-21,Orange,059,3164182,60205,57189,1720,58909,1409
2020-10-21,Placer,061,380077,4267,4007,15,4022,56
2020-10-21,Plumas,063,18699,69,58,0,58,0
2020-10-21,Riverside,065,2383286,66762,64778,310,65088,1278
2020-10-21,Sacramento,067,1510023,25358,24908,27,24935,490
2020-10-21,San Benito,069,59416,1424,1401,1,1402,14
2020-10-21,San Bernardino,071,2135413,62898,59948,409,60357,1141
2020-10-21,San Diego,073,3302833,55547,53279,1469,54748,863
2020-10-21,San Francisco,075,870044,12154,11976,45,12021,137
2020-10-21,San Joaquin,077,732212,21749,21201,183,21384,495
2020-10-21,San Luis Obispo,079,281455,4319,4055,24,4079,31
2020-10-21,San Mateo,081,765935,11249,10730,12,10742,155
2020-10-21,Santa Barbara,083,443738,9880,9681,91,9772,121
2020-10-21,Santa Clara,085,1922200,25092,23537,50,23587,361
2020-10-21,Santa Cruz,087,273765,2832,2729,33,2762,24
2020-10-21,Shasta,089,179085,2075,1777,19,1796,27
2020-10-21,Sierra,091,2930,6,6,0,6,0
2020-10-21,Siskiyou,093,43540,197,169,10,179,0
2020-10-21,Solano,095,438530,7299,7088,40,7128,59
2020-10-21,Sonoma,097,501317,9422,8987,26,9013,138
2020-10-21,Stanislaus,099,539301,17634,17419,711,18130,392
2020-10-21,Sutter,101,95872,1824,1786,1,1787,12
2020-10-21,Tehama,103,63373,889,824,2,826,5
2020-10-21,Trinity,105,12862,78,25,10,35,0
2020-10-21,Tulare,107,460477,17849,17204,317,17521,292
2020-10-21,Tuolumne,109,53932,276,251,5,256,4
2020-10-21,Ventura,111,848112,14830,14050,313,14363,153
2020-10-21,Yolo,113,214977,3231,3095,10,3105,58
2020-10-21,Yuba,115,75493,1238,1194,5,1199,10
2020-10-20,Alameda,001,1643700,23408,22750,215,22965,391
2020-10-20,Alpine,003,1148,3,3,0,3,0
2020-10-20,Amador,005,37829,333,313,0,313,16
2020-10-20,Butte,007,227075,3164,3027,32,3059,56
2020-10-20,Calaveras,009,45235,330,273,0,273,13
2020-10-20,Colusa,011,21464,547,546,1,547,6
2020-10-20,Contra Costa,013,1133247,18798,18246,92,18338,241
2020-10-20,Del Norte,015,27424,172,169,0,169,2
2020-10-20,El Dorado,017,186661,1378,1295,10,1305,4
2020-10-20,Fresno,019,978130,33205,30220,451,30671,431
2020-10-20,Glenn,021,27897,662,638,1,639,3
2020-10-20,Humboldt,023,135768,557,545,1,546,7
2020-10-20,Imperial,025,180216,12737,12114,14,12128,330
2020-10-20,Inyo,027,18085,237,218,5,223,14
2020-10-20,Kern,029,883053,33695,32889,395,33284,429
2020-10-20,Kings,031,150075,8411,8178,48,8226,80
2020-10-20,Lake,033,64148,708,675,0,675,15
2020-10-20,Lassen,035,31185,769,757,2,759,0
2020-10-20,Los Angeles,037,10098052,297110,287727,2669,290396,6891
2020-10-20,Madera,039,155013,4989,4823,37,4860,52
2020-10-20,Marin,041,260295,7102,6994,19,7013,101
2020-10-20,Mariposa,043,17540,79,77,0,77,2
2020-10-20,Mendocino,045,87422,1064,1004,4,1008,21
2020-10-20,Merced,047,269075,9459,9323,34,9357,149
2020-10-20,Modoc,049,8938,32,26,0,26,0
2020-10-20,Mono,051,14174,187,156,5,161,1
2020-10-20,Monterey,053,433212,11232,10942,49,10991,81
2020-10-20,Napa,055,140530,1987,1912,8,1920,13
2020-10-20,Nevada,057,99092,619,596,19,615,8
2020-10-20,Orange,059,3164182,59941,56914,1710,58624,1397
2020-10-20,Placer,061,380077,4229,3997,15,4012,56
2020-10-20,Plumas,063,18699,66,53,0,53,0
2020-10-20,Riverside,065,2383286,66383,64452,298,64750,1275
2020-10-20,Sacramento,067,1510023,25230,24767,26,24793,485
2020-10-20,San Benito,069,59416,1421,1398,1,1399,14
2020-10-20,San Bernardino,071,2135413,62514,59571,407,59978,1109
2020-10-20,San Diego,073,3302833,55211,53004,1449,54453,857
2020-10-20,San Francisco,075,870044,12107,12013,44,12057,126
2020-10-20,San Joaquin,077,732212,21670,21173,173,21346,490
2020-10-20,San Luis Obispo,079,281455,4301,4043,23,4066,31
2020-10-20,San Mateo,081,765935,11202,10659,12,10671,155
2020-10-20,Santa Barbara,083,443738,9851,9664,89,9753,121
2020-10-20,Santa Clara,085,1922200,24955,23406,50,23456,358
2020-10-20,Santa Cruz,087,273765,2809,2710,33,2743,23
2020-10-20,Shasta,089,179085,2052,1747,19,1766,20
2020-10-20,Sierra,091,2930,6,6,0,6,0
2020-10-20,Siskiyou,093,43540,189,168,10,178,0
2020-10-20,Solano,095,438530,7250,7044,40,7084,57
2020-10-20,Sonoma,097,501317,9359,8904,24,8928,135
2020-10-20,Stanislaus,099,539301,17580,17367,707,18074,393
2020-10-20,Sutter,101,95872,1815,1783,1,1784,12
2020-10-20,Tehama,103,63373,874,813,2,815,5
2020-10-20,Trinity,105,12862,77,25,10,35,0
2020-10-20,Tulare,107,460477,17782,17156,312,17468,289
2020-10-20,Tuolumne,109,53932,274,250,5,255,4
2020-10-20,Ventura,111,848112,14766,13980,311,14291,152
2020-10-20,Yolo,113,214977,3208,3083,10,3093,56
2020-10-20,Yuba,115,75493,1228,1191,5,1196,10
2020-10-19,Alameda,001,1643700,23298,22647,214,22861,392
2020-10-19,Alpine,003,1148,3,3,0,3,0
2020-10-19,Amador,005,37829,327,313,0,313,16
2020-10-19,Butte,007,227075,3153,3026,32,3058,55
2020-10-19,Calaveras,009,45235,329,268,0,268,13
2020-10-19,Colusa,011,21464,547,544,1,545,6
2020-10-19,Contra Costa,013,1133247,18700,18173,92,18265,239
2020-10-19,Del Norte,015,27424,169,167,0,167,2
2020-10-19,El Dorado,017,186661,1357,1287,10,1297,4
2020-10-19,Fresno,019,978130,33096,30152,445,30597,431
2020-10-19,Glenn,021,27897,657,635,0,635,3
2020-10-19,Humboldt,023,135768,557,543,1,544,7
2020-10-19,Imperial,025,180216,12683,12036,13,12049,330
2020-10-19,Inyo,027,18085,236,218,5,223,14
2020-10-19,Kern,029,883053,33619,32840,392,33232,428
2020-10-19,Kings,031,150075,8393,8173,48,8221,80
2020-10-19,Lake,033,64148,705,673,0,673,15
2020-10-19,Lassen,035,31185,768,757,2,759,0
2020-10-19,Los Angeles,037,10098052,295624,287119,2631,289750,6858
2020-10-19,Madera,039,155013,4974,4787,37,4824,52
2020-10-19,Marin,041,260295,7084,6981,19,7000,100
2020-10-19,Mariposa,043,17540,79,77,0,77,2
2020-10-19,Mendocino,045,87422,1059,1001,4,1005,21
2020-10-19,Merced,047,269075,9434,9305,30,9335,148
2020-10-19,Modoc,049,8938,31,26,0,26,0
2020-10-19,Mono,051,14174,182,156,5,161,1
2020-10-19,Monterey,053,433212,11171,10907,49,10956,80
2020-10-19,Napa,055,140530,1975,1892,8,1900,12
2020-10-19,Nevada,057,99092,616,590,19,609,8
2020-10-19,Orange,059,3164182,59657,56652,1695,58347,1396
2020-10-19,Placer,061,380077,4180,3962,15,3977,49
2020-10-19,Plumas,063,18699,64,52,0,52,0
2020-10-19,Riverside,065,2383286,65952,64016,282,64298,1272
2020-10-19,Sacramento,067,1510023,25091,24542,26,24568,483
2020-10-19,San Benito,069,59416,1414,1395,1,1396,14
2020-10-19,San Bernardino,071,2135413,62063,59265,395,59660,1100
2020-10-19,San Diego,073,3302833,54825,52739,1424,54163,853
2020-10-19,San Francisco,075,870044,12063,11879,44,11923,126
2020-10-19,San Joaquin,077,732212,21595,20930,165,21095,489
2020-10-19,San Luis Obispo,079,281455,4285,4016,23,4039,31
2020-10-19,San Mateo,081,765935,11156,10568,12,10580,154
2020-10-19,Santa Barbara,083,443738,9815,9632,89,9721,121
2020-10-19,Santa Clara,085,1922200,24805,23301,50,23351,352
2020-10-19,Santa Cruz,087,273765,2792,2705,33,2738,19
2020-10-19,Shasta,089,179085,2008,1709,18,1727,20
2020-10-19,Sierra,091,2930,6,6,0,6,0
2020-10-19,Siskiyou,093,43540,182,167,10,177,0
2020-10-19,Solano,095,438530,7209,7003,40,7043,57
2020-10-19,Sonoma,097,501317,9272,8830,24,8854,135
2020-10-19,Stanislaus,099,539301,17529,17342,697,18039,390
2020-10-19,Sutter,101,95872,1810,1773,1,1774,12
2020-10-19,Tehama,103,63373,871,793,2,795,5
2020-10-19,Trinity,105,12862,75,23,10,33,0
2020-10-19,Tulare,107,460477,17732,17047,305,17352,291
2020-10-19,Tuolumne,109,53932,272,247,5,252,4
2020-10-19,Ventura,111,848112,14701,13930,308,14238,152
2020-10-19,Yolo,113,214977,3195,3069,10,3079,56
2020-10-19,Yuba,115,75493,1221,1183,5,1188,10
2020-10-18,Alameda,001,1643700,23194,22546,213,22759,392
2020-10-18,Alpine,003,1148,3,3,0,3,0
2020-10-18,Amador,005,37829,316,313,0,313,16
2020-10-18,Butte,007,227075,3140,3019,32,3051,55
2020-10-18,Calaveras,009,45235,328,267,0,267,13
2020-10-18,Colusa,011,21464,545,544,1,545,6
2020-10-18,Contra Costa,013,1133247,18601,18120,92,18212,237
2020-10-18,Del Norte,015,27424,169,167,0,167,2
2020-10-18,El Dorado,017,186661,1348,1283,10,1293,4
2020-10-18,Fresno,019,978130,32967,30051,437,30488,430
2020-10-18,Glenn,021,27897,655,634,0,634,3
2020-10-18,Humboldt,023,135768,554,540,1,541,7
2020-10-18,Imperial,025,180216,12620,11987,12,11999,330
2020-10-18,Inyo,027,18085,233,215,5,220,14
2020-10-18,Kern,029,883053,33546,32799,385,33184,428
2020-10-18,Kings,031,150075,8378,8159,48,8207,80
2020-10-18,Lake,033,64148,698,670,0,670,15
2020-10-18,Lassen,035,31185,768,757,2,759,0
2020-10-18,Los Angeles,037,10098052,293916,286187,2588,288775,6857
2020-10-18,Madera,039,155013,4949,4770,36,4806,52
2020-10-18,Marin,041,260295,7063,6969,19,6988,99
2020-10-18,Mariposa,043,17540,79,77,0,77,2
2020-10-18,Mendocino,045,87422,1057,988,4,992,21
2020-10-18,Merced,047,269075,9399,9292,30,9322,148
2020-10-18,Modoc,049,8938,30,26,0,26,0
2020-10-18,Mono,051,14174,177,155,5,160,1
2020-10-18,Monterey,053,433212,11118,10872,49,10921,80
2020-10-18,Napa,055,140530,1962,1882,8,1890,12
2020-10-18,Nevada,057,99092,610,582,19,601,8
2020-10-18,Orange,059,3164182,59360,56394,1678,58072,1396
2020-10-18,Placer,061,380077,4132,3938,15,3953,49
2020-10-18,Plumas,063,18699,62,52,0,52,0
2020-10-18,Riverside,065,2383286,65639,63765,261,64026,1270
2020-10-18,Sacramento,067,1510023,24935,24425,26,24451,482
2020-10-18,San Benito,069,59416,1407,1395,1,1396,14
2020-10-18,San Bernardino,071,2135413,61564,58893,387,59280,1098
2020-10-18,San Diego,073,3302833,54436,52359,1403,53762,853
2020-10-18,San Francisco,075,870044,12024,11878,44,11922,126
2020-10-18,San Joaquin,077,732212,21512,20931,152,21083,489
2020-10-18,San Luis Obispo,079,281455,4254,4009,21,4030,31
2020-10-18,San Mateo,081,765935,11097,10503,12,10515,154
2020-10-18,Santa Barbara,083,443738,9776,9608,88,9696,121
2020-10-18,Santa Clara,085,1922200,24632,23169,50,23219,352
2020-10-18,Santa Cruz,087,273765,2778,2692,33,2725,19
2020-10-18,Shasta,089,179085,1983,1708,18,1726,20
2020-10-18,Sierra,091,2930,6,6,0,6,0
2020-10-18,Siskiyou,093,43540,182,167,10,177,0
2020-10-18,Solano,095,438530,7162,6962,40,7002,57
2020-10-18,Sonoma,097,501317,9195,8781,23,8804,134
2020-10-18,Stanislaus,099,539301,17473,17290,688,17978,390
2020-10-18,Sutter,101,95872,1801,1764,1,1765,12
2020-10-18,Tehama,103,63373,839,774,2,776,5
2020-10-18,Trinity,105,12862,75,20,10,30,0
2020-10-18,Tulare,107,460477,17638,17048,296,17344,290
2020-10-18,Tuolumne,109,53932,266,245,5,250,4
2020-10-18,Ventura,111,848112,14621,13901,307,14208,151
2020-10-18,Yolo,113,214977,3156,3059,10,3069,55
2020-10-18,Yuba,115,75493,1210,1176,5,1181,10
2020-10-17,Alameda,001,1643700,23148,22394,211,22605,398
2020-10-17,Alpine,003,1148,3,3,0,3,0
2020-10-17,Amador,005,37829,314,309,0,309,16
2020-10-17,Butte,007,227075,3132,3012,30,3042,55
2020-10-17,Calaveras,009,45235,328,267,0,267,13
2020-10-17,Colusa,011,21464,544,544,1,545,6
2020-10-17,Contra Costa,013,1133247,18548,18005,92,18097,237
2020-10-17,Del Norte,015,27424,169,167,0,167,2
2020-10-17,El Dorado,017,186661,1344,1277,10,1287,4
2020-10-17,Fresno,019,978130,32913,29911,435,30346,430
2020-10-17,Glenn,021,27897,652,633,0,633,3
2020-10-17,Humboldt,023,135768,551,535,1,536,7
2020-10-17,Imperial,025,180216,12592,11962,12,11974,330
2020-10-17,Inyo,027,18085,228,212,5,217,14
2020-10-17,Kern,029,883053,33495,32710,382,33092,428
2020-10-17,Kings,031,150075,8372,8151,47,8198,80
2020-10-17,Lake,033,64148,695,663,0,663,15
2020-10-17,Lassen,035,31185,768,757,2,759,0
2020-10-17,Los Angeles,037,10098052,293163,285858,2561,288419,6844
2020-10-17,Madera,039,155013,4943,4759,36,4795,53
2020-10-17,Marin,041,260295,7060,6958,19,6977,99
2020-10-17,Mariposa,043,17540,78,77,0,77,2
2020-10-17,Mendocino,045,87422,1050,977,4,981,21
2020-10-17,Merced,047,269075,9385,9275,30,9305,148
2020-10-17,Modoc,049,8938,30,26,0,26,0
2020-10-17,Mono,051,14174,176,155,5,160,1
2020-10-17,Monterey,053,433212,11079,10807,48,10855,80
2020-10-17,Napa,055,140530,1953,1866,8,1874,12
2020-10-17,Nevada,057,99092,609,580,19,599,8
2020-10-17,Orange,059,3164182,59218,56197,1672,57869,1396
2020-10-17,Placer,061,380077,4105,3898,15,3913,49
2020-10-17,Plumas,063,18699,62,52,0,52,0
2020-10-17,Riverside,065,2383286,65441,63171,252,63423,1270
2020-10-17,Sacramento,067,1510023,24851,24304,26,24330,482
2020-10-17,San Benito,069,59416,1403,1389,1,1390,14
2020-10-17,San Bernardino,071,2135413,61293,58415,380,58795,1097
2020-10-17,San Diego,073,3302833,54211,51986,1392,53378,853
2020-10-17,San Francisco,075,870044,11996,11877,43,11920,126
2020-10-17,San Joaquin,077,732212,21458,20932,146,21078,489
2020-10-17,San Luis Obispo,079,281455,4239,3979,21,4000,31
2020-10-17,San Mateo,081,765935,11069,10423,12,10435,153
2020-10-17,Santa Barbara,083,443738,9757,9588,86,9674,121
2020-10-17,Santa Clara,085,1922200,24543,22997,50,23047,349
2020-10-17,Santa Cruz,087,273765,2764,2680,33,2713,19
2020-10-17,Shasta,089,179085,1957,1679,18,1697,20
2020-10-17,Sierra,091,2930,6,6,0,6,0
2020-10-17,Siskiyou,093,43540,181,167,10,177,0
2020-10-17,Solano,095,438530,7136,6929,40,6969,57
2020-10-17,Sonoma,097,501317,9152,8725,23,8748,134
2020-10-17,Stanislaus,099,539301,17433,17232,679,17911,390
2020-10-17,Sutter,101,95872,1799,1762,1,1763,12
2020-10-17,Tehama,103,63373,823,764,2,766,5
2020-10-17,Trinity,105,12862,75,20,10,30,0
2020-10-17,Tulare,107,460477,17608,16995,287,17282,290
2020-10-17,Tuolumne,109,53932,266,241,5,246,4
2020-10-17,Ventura,111,848112,14576,13845,304,14149,151
2020-10-17,Yolo,113,214977,3141,3045,9,3054,55
2020-10-17,Yuba,115,75493,1205,1164,5,1169,10
2020-10-16,Alameda,001,1643700,23094,22315,211,22526,397
2020-10-16,Alpine,003,1148,3,3,0,3,0
2020-10-16,Amador,005,37829,314,309,0,309,16
2020-10-16,Butte,007,227075,3121,3004,30,3034,54
2020-10-16,Calaveras,009,45235,328,267,0,267,13
2020-10-16,Colusa,011,21464,543,544,1,545,6
2020-10-16,Contra Costa,013,1133247,18495,17956,92,18048,237
2020-10-16,Del Norte,015,27424,169,166,0,166,2
2020-10-16,El Dorado,017,186661,1338,1273,10,1283,4
2020-10-16,Fresno,019,978130,32838,29796,434,30230,427
2020-10-16,Glenn,021,27897,647,632,0,632,3
2020-10-16,Humboldt,023,135768,551,533,1,534,7
2020-10-16,Imperial,025,180216,12552,11885,12,11897,330
2020-10-16,Inyo,027,18085,224,212,5,217,14
2020-10-16,Kern,029,883053,33452,32660,380,33040,428
2020-10-16,Kings,031,150075,8363,8146,46,8192,80
2020-10-16,Lake,033,64148,693,644,0,644,14
2020-10-16,Lassen,035,31185,768,757,2,759,0
2020-10-16,Los Angeles,037,10098052,292101,284988,2540,287528,6835
2020-10-16,Madera,039,155013,4931,4736,35,4771,53
2020-10-16,Marin,041,260295,7050,6933,19,6952,99
2020-10-16,Mariposa,043,17540,78,76,0,76,2
2020-10-16,Mendocino,045,87422,1043,974,4,978,21
2020-10-16,Merced,047,269075,9368,9246,30,9276,148
2020-10-16,Modoc,049,8938,30,26,0,26,0
2020-10-16,Mono,051,14174,174,155,5,160,1
2020-10-16,Monterey,053,433212,11044,10727,48,10775,79
2020-10-16,Napa,055,140530,1944,1855,8,1863,12
2020-10-16,Nevada,057,99092,607,579,19,598,8
2020-10-16,Orange,059,3164182,59040,56091,1665,57756,1388
2020-10-16,Placer,061,380077,4085,3864,15,3879,49
2020-10-16,Plumas,063,18699,61,52,0,52,0
2020-10-16,Riverside,065,2383286,65215,62986,251,63237,1267
2020-10-16,Sacramento,067,1510023,24757,24144,26,24170,479
2020-10-16,San Benito,069,59416,1400,1388,1,1389,14
2020-10-16,San Bernardino,071,2135413,61024,58233,380,58613,1069
2020-10-16,San Diego,073,3302833,53969,51785,1378,53163,850
2020-10-16,San Francisco,075,870044,11974,11840,42,11882,126
2020-10-16,San Joaquin,077,732212,21413,20910,145,21055,489
2020-10-16,San Luis Obispo,079,281455,4223,3952,21,3973,32
2020-10-16,San Mateo,081,765935,11043,10405,12,10417,153
2020-10-16,Santa Barbara,083,443738,9738,9549,86,9635,119
2020-10-16,Santa Clara,085,1922200,24455,22920,50,22970,345
2020-10-16,Santa Cruz,087,273765,2751,2666,33,2699,20
2020-10-16,Shasta,089,179085,1935,1660,18,1678,20
2020-10-16,Sierra,091,2930,6,6,0,6,0
2020-10-16,Siskiyou,093,43540,179,167,10,177,0
2020-10-16,Solano,095,438530,7113,6879,40,6919,55
2020-10-16,Sonoma,097,501317,9096,8652,23,8675,133
2020-10-16,Stanislaus,099,539301,17399,17201,671,17872,366
2020-10-16,Sutter,101,95872,1791,1756,1,1757,12
2020-10-16,Tehama,103,63373,822,737,2,739,3
2020-10-16,Trinity,105,12862,75,20,10,30,0
2020-10-16,Tulare,107,460477,17576,16965,279,17244,290
2020-10-16,Tuolumne,109,53932,264,237,5,242,4
2020-10-16,Ventura,111,848112,14533,13805,299,14104,152
2020-10-16,Yolo,113,214977,3132,3030,9,3039,55
2020-10-16,Yuba,115,75493,1205,1155,5,1160,10
2020-10-15,Alameda,001,1643700,23026,22267,210,22477,390
2020-10-15,Alpine,003,1148,3,3,0,3,0
2020-10-15,Amador,005,37829,314,309,0,309,16
2020-10-15,Butte,007,227075,3109,3000,29,3029,54
2020-10-15,Calaveras,009,45235,327,267,0,267,13
2020-10-15,Colusa,011,21464,542,543,1,544,6
2020-10-15,Contra Costa,013,1133247,18428,17893,91,17984,237
2020-10-15,Del Norte,015,27424,169,164,0,164,2
2020-10-15,El Dorado,017,186661,1333,1265,10,1275,4
2020-10-15,Fresno,019,978130,32741,29727,431,30158,425
2020-10-15,Glenn,021,27897,642,632,0,632,3
2020-10-15,Humboldt,023,135768,547,531,1,532,7
2020-10-15,Imperial,025,180216,12511,11820,11,11831,330
2020-10-15,Inyo,027,18085,224,210,5,215,14
2020-10-15,Kern,029,883053,33371,32593,377,32970,427
2020-10-15,Kings,031,150075,8348,8134,46,8180,80
2020-10-15,Lake,033,64148,691,642,0,642,14
2020-10-15,Lassen,035,31185,767,752,2,754,0
2020-10-15,Los Angeles,037,10098052,290814,284019,2507,286526,6807
2020-10-15,Madera,039,155013,4919,4723,34,4757,50
2020-10-15,Marin,041,260295,7042,6912,19,6931,99
2020-10-15,Mariposa,043,17540,78,76,0,76,2
2020-10-15,Mendocino,045,87422,1037,963,4,967,21
2020-10-15,Merced,047,269075,9341,9213,30,9243,147
2020-10-15,Modoc,049,8938,30,26,0,26,0
2020-10-15,Mono,051,14174,174,155,5,160,1
2020-10-15,Monterey,053,433212,10977,10677,47,10724,79
2020-10-15,Napa,055,140530,1931,1842,8,1850,12
2020-10-15,Nevada,057,99092,603,575,19,594,8
2020-10-15,Orange,059,3164182,58824,55952,1653,57605,1379
2020-10-15,Placer,061,380077,4056,3848,15,3863,48
2020-10-15,Plumas,063,18699,58,52,0,52,0
2020-10-15,Riverside,065,2383286,64882,62819,248,63067,1266
2020-10-15,Sacramento,067,1510023,24641,24068,26,24094,474
2020-10-15,San Benito,069,59416,1397,1384,1,1385,14
2020-10-15,San Bernardino,071,2135413,60685,58068,377,58445,1067
2020-10-15,San Diego,073,3302833,53685,51472,1362,52834,847
2020-10-15,San Francisco,075,870044,11946,11808,39,11847,126
2020-10-15,San Joaquin,077,732212,21340,20880,139,21019,487
2020-10-15,San Luis Obispo,079,281455,4207,3934,21,3955,32
2020-10-15,San Mateo,081,765935,11003,10340,12,10352,152
2020-10-15,Santa Barbara,083,443738,9714,9526,85,9611,117
2020-10-15,Santa Clara,085,1922200,24340,22808,50,22858,343
2020-10-15,Santa Cruz,087,273765,2737,2656,33,2689,13
2020-10-15,Shasta,089,179085,1924,1635,18,1653,20
2020-10-15,Sierra,091,2930,6,6,0,6,0
2020-10-15,Siskiyou,093,43540,175,166,10,176,0
2020-10-15,Solano,095,438530,7074,6830,40,6870,55
2020-10-15,Sonoma,097,501317,9004,8571,23,8594,133
2020-10-15,Stanislaus,099,539301,17361,17151,657,17808,366
2020-10-15,Sutter,101,95872,1788,1752,1,1753,12
2020-10-15,Tehama,103,63373,795,726,2,728,3
2020-10-15,Trinity,105,12862,75,20,10,30,0
2020-10-15,Tulare,107,460477,17516,16918,264,17182,289
2020-10-15,Tuolumne,109,53932,262,236,5,241,4
2020-10-15,Ventura,111,848112,14477,13750,294,14044,152
2020-10-15,Yolo,113,214977,3112,3014,9,3023,55
2020-10-15,Yuba,115,75493,1198,1151,5,1156,10
2020-10-14,Alameda,001,1643700,22927,22227,209,22436,398
2020-10-14,Alpine,003,1148,3,3,0,3,0
2020-10-14,Amador,005,37829,312,308,0,308,16
2020-10-14,Butte,007,227075,3101,2995,29,3024,54
2020-10-14,Calaveras,009,45235,327,266,0,266,12
2020-10-14,Colusa,011,21464,542,543,1,544,6
2020-10-14,Contra Costa,013,1133247,18370,17820,89,17909,236
2020-10-14,Del Norte,015,27424,168,163,0,163,2
2020-10-14,El Dorado,017,186661,1327,1264,9,1273,4
2020-10-14,Fresno,019,978130,32626,29650,425,30075,424
2020-10-14,Glenn,021,27897,641,629,0,629,3
2020-10-14,Humboldt,023,135768,544,531,1,532,7
2020-10-14,Imperial,025,180216,12474,11765,9,11774,330
2020-10-14,Inyo,027,18085,223,209,4,213,14
2020-10-14,Kern,029,883053,33296,32528,375,32903,425
2020-10-14,Kings,031,150075,8330,8118,46,8164,80
2020-10-14,Lake,033,64148,690,642,0,642,14
2020-10-14,Lassen,035,31185,765,752,2,754,0
2020-10-14,Los Angeles,037,10098052,289501,282918,2463,285381,6786
2020-10-14,Madera,039,155013,4904,4713,33,4746,50
2020-10-14,Marin,041,260295,7036,6907,19,6926,99
2020-10-14,Mariposa,043,17540,77,76,0,76,2
2020-10-14,Mendocino,045,87422,1031,955,4,959,21
2020-10-14,Merced,047,269075,9316,9201,28,9229,147
2020-10-14,Modoc,049,8938,30,27,0,27,0
2020-10-14,Mono,051,14174,174,155,5,160,1
2020-10-14,Monterey,053,433212,10927,10616,47,10663,78
2020-10-14,Napa,055,140530,1914,1837,8,1845,12
2020-10-14,Nevada,057,99092,601,573,19,592,7
2020-10-14,Orange,059,3164182,58611,55756,1644,57400,1348
2020-10-14,Placer,061,380077,4033,3829,15,3844,48
2020-10-14,Plumas,063,18699,54,52,0,52,0
2020-10-14,Riverside,065,2383286,64599,62607,247,62854,1261
2020-10-14,Sacramento,067,1510023,24497,24013,26,24039,472
2020-10-14,San Benito,069,59416,1395,1381,0,1381,14
2020-10-14,San Bernardino,071,2135413,60358,57774,373,58147,1063
2020-10-14,San Diego,073,3302833,53366,51329,1338,52667,844
2020-10-14,San Francisco,075,870044,11914,11783,38,11821,123
2020-10-14,San Joaquin,077,732212,21261,20845,125,20970,487
2020-10-14,San Luis Obispo,079,281455,4184,3901,20,3921,32
2020-10-14,San Mateo,081,765935,10952,10309,12,10321,132
2020-10-14,Santa Barbara,083,443738,9680,9509,85,9594,117
2020-10-14,Santa Clara,085,1922200,24191,22735,50,22785,343
2020-10-14,Santa Cruz,087,273765,2727,2618,33,2651,13
2020-10-14,Shasta,089,179085,1886,1553,18,1571,20
2020-10-14,Sierra,091,2930,6,6,0,6,0
2020-10-14,Siskiyou,093,43540,175,166,10,176,0
2020-10-14,Solano,095,438530,7018,6786,40,6826,55
2020-10-14,Sonoma,097,501317,8951,8514,23,8537,133
2020-10-14,Stanislaus,099,539301,17316,17105,654,17759,365
2020-10-14,Sutter,101,95872,1779,1747,1,1748,12
2020-10-14,Tehama,103,63373,784,721,2,723,3
2020-10-14,Trinity,105,12862,74,20,10,30,0
2020-10-14,Tulare,107,460477,17454,16863,251,17114,287
2020-10-14,Tuolumne,109,53932,261,236,5,241,4
2020-10-14,Ventura,111,848112,14424,13697,290,13987,152
2020-10-14,Yolo,113,214977,3094,3007,8,3015,55
2020-10-14,Yuba,115,75493,1190,1147,5,1152,10
2020-10-13,Alameda,001,1643700,22822,22185,207,22392,389
2020-10-13,Alpine,003,1148,3,3,0,3,0
2020-10-13,Amador,005,37829,310,306,0,306,16
2020-10-13,Butte,007,227075,3092,2992,29,3021,54
2020-10-13,Calaveras,009,45235,323,262,0,262,12
2020-10-13,Colusa,011,21464,542,541,1,542,6
2020-10-13,Contra Costa,013,1133247,18312,17783,89,17872,234
2020-10-13,Del Norte,015,27424,168,163,0,163,2
2020-10-13,El Dorado,017,186661,1318,1262,9,1271,4
2020-10-13,Fresno,019,978130,32504,29579,421,30000,424
2020-10-13,Glenn,021,27897,640,629,0,629,3
2020-10-13,Humboldt,023,135768,542,523,1,524,7
2020-10-13,Imperial,025,180216,12439,11727,9,11736,327
2020-10-13,Inyo,027,18085,220,207,4,211,14
2020-10-13,Kern,029,883053,33221,32497,373,32870,419
2020-10-13,Kings,031,150075,8321,8111,46,8157,80
2020-10-13,Lake,033,64148,687,639,0,639,12
2020-10-13,Lassen,035,31185,763,752,2,754,0
2020-10-13,Los Angeles,037,10098052,288221,281716,2422,284138,6767
2020-10-13,Madera,039,155013,4886,4700,33,4733,50
2020-10-13,Marin,041,260295,7014,6900,18,6918,97
2020-10-13,Mariposa,043,17540,77,76,0,76,2
2020-10-13,Mendocino,045,87422,1022,950,4,954,21
2020-10-13,Merced,047,269075,9299,9181,28,9209,146
2020-10-13,Modoc,049,8938,29,28,0,28,0
2020-10-13,Mono,051,14174,174,155,4,159,1
2020-10-13,Monterey,053,433212,10866,10574,46,10620,78
2020-10-13,Napa,055,140530,1905,1825,8,1833,12
2020-10-13,Nevada,057,99092,594,572,19,591,7
2020-10-13,Orange,059,3164182,58398,55515,1631,57146,1326
2020-10-13,Placer,061,380077,3995,3825,15,3840,48
2020-10-13,Plumas,063,18699,52,51,0,51,0
2020-10-13,Riverside,065,2383286,64280,62279,245,62524,1254
2020-10-13,Sacramento,067,1510023,24420,23930,26,23956,466
2020-10-13,San Benito,069,59416,1387,1380,0,1380,14
2020-10-13,San Bernardino,071,2135413,60019,57411,371,57782,1061
2020-10-13,San Diego,073,3302833,53073,51026,1321,52347,840
2020-10-13,San Francisco,075,870044,11879,11659,38,11697,122
2020-10-13,San Joaquin,077,732212,21200,20822,121,20943,481
2020-10-13,San Luis Obispo,079,281455,4167,3892,19,3911,32
2020-10-13,San Mateo,081,765935,10909,10286,12,10298,130
2020-10-13,Santa Barbara,083,443738,9649,9489,85,9574,117
2020-10-13,Santa Clara,085,1922200,24064,22678,50,22728,343
2020-10-13,Santa Cruz,087,273765,2709,2603,33,2636,13
2020-10-13,Shasta,089,179085,1862,1606,18,1624,20
2020-10-13,Sierra,091,2930,6,6,0,6,0
2020-10-13,Siskiyou,093,43540,174,163,10,173,0
2020-10-13,Solano,095,438530,6983,6761,40,6801,55
2020-10-13,Sonoma,097,501317,8868,8456,23,8479,133
2020-10-13,Stanislaus,099,539301,17271,17082,649,17731,362
2020-10-13,Sutter,101,95872,1770,1748,1,1749,12
2020-10-13,Tehama,103,63373,776,717,2,719,3
2020-10-13,Trinity,105,12862,70,19,9,28,0
2020-10-13,Tulare,107,460477,17396,16822,243,17065,286
2020-10-13,Tuolumne,109,53932,259,235,5,240,4
2020-10-13,Ventura,111,848112,14369,13645,286,13931,151
2020-10-13,Yolo,113,214977,3086,2983,7,2990,55
2020-10-13,Yuba,115,75493,1185,1143,5,1148,10
2020-10-12,Alameda,001,1643700,22742,22126,206,22332,389
2020-10-12,Alpine,003,1148,3,3,0,3,0
2020-10-12,Amador,005,37829,309,305,0,305,16
2020-10-12,Butte,007,227075,3086,2975,29,3004,54
2020-10-12,Calaveras,009,45235,323,262,0,262,12
2020-10-12,Colusa,011,21464,542,541,1,542,6
2020-10-12,Contra Costa,013,1133247,18237,17728,89,17817,233
2020-10-12,Del Norte,015,27424,168,161,0,161,2
2020-10-12,El Dorado,017,186661,1315,1254,9,1263,4
2020-10-12,Fresno,019,978130,32371,29523,417,29940,421
2020-10-12,Glenn,021,27897,639,626,0,626,3
2020-10-12,Humboldt,023,135768,539,522,1,523,7
2020-10-12,Imperial,025,180216,12400,11689,9,11698,328
2020-10-12,Inyo,027,18085,217,201,4,205,14
2020-10-12,Kern,029,883053,33128,32425,370,32795,419
2020-10-12,Kings,031,150075,8315,8106,45,8151,80
2020-10-12,Lake,033,64148,681,633,0,633,12
2020-10-12,Lassen,035,31185,763,752,2,754,0
2020-10-12,Los Angeles,037,10098052,287001,280961,2395,283356,6747
2020-10-12,Madera,039,155013,4867,4689,33,4722,50
2020-10-12,Marin,041,260295,6997,6886,18,6904,97
2020-10-12,Mariposa,043,17540,77,76,0,76,2
2020-10-12,Mendocino,045,87422,1016,947,4,951,21
2020-10-12,Merced,047,269075,9278,9141,28,9169,146
2020-10-12,Modoc,049,8938,29,27,0,27,0
2020-10-12,Mono,051,14174,174,154,4,158,1
2020-10-12,Monterey,053,433212,10800,10473,46,10519,77
2020-10-12,Napa,055,140530,1897,1819,8,1827,11
2020-10-12,Nevada,057,99092,590,570,19,589,7
2020-10-12,Orange,059,3164182,58169,55373,1621,56994,1326
2020-10-12,Placer,061,380077,3963,3808,14,3822,48
2020-10-12,Plumas,063,18699,52,51,0,51,0
2020-10-12,Riverside,065,2383286,63969,62279,241,62520,1254
2020-10-12,Sacramento,067,1510023,24314,23807,26,23833,466
2020-10-12,San Benito,069,59416,1384,1376,0,1376,13
2020-10-12,San Bernardino,071,2135413,59644,57235,370,57605,1061
2020-10-12,San Diego,073,3302833,52783,50748,1294,52042,826
2020-10-12,San Francisco,075,870044,11847,11659,38,11697,122
2020-10-12,San Joaquin,077,732212,21137,20701,115,20816,480
2020-10-12,San Luis Obispo,079,281455,4139,3874,19,3893,32
2020-10-12,San Mateo,081,765935,10861,10262,12,10274,130
2020-10-12,Santa Barbara,083,443738,9611,9462,85,9547,117
2020-10-12,Santa Clara,085,1922200,23948,22578,50,22628,343
2020-10-12,Santa Cruz,087,273765,2692,2590,33,2623,13
2020-10-12,Shasta,089,179085,1837,1515,18,1533,20
2020-10-12,Sierra,091,2930,6,6,0,6,0
2020-10-12,Siskiyou,093,43540,173,162,10,172,0
2020-10-12,Solano,095,438530,6944,6742,40,6782,55
2020-10-12,Sonoma,097,501317,8797,8377,23,8400,133
2020-10-12,Stanislaus,099,539301,17222,17051,640,17691,361
2020-10-12,Sutter,101,95872,1762,1741,1,1742,12
2020-10-12,Tehama,103,63373,760,708,2,710,3
2020-10-12,Trinity,105,12862,69,19,9,28,0
2020-10-12,Tulare,107,460477,17344,16742,236,16978,286
2020-10-12,Tuolumne,109,53932,254,234,5,239,4
2020-10-12,Ventura,111,848112,14307,13617,282,13899,151
2020-10-12,Yolo,113,214977,3071,2964,7,2971,55
2020-10-12,Yuba,115,75493,1174,1141,5,1146,10
2020-10-11,Alameda,001,1643700,22652,22057,202,22259,392
2020-10-11,Alpine,003,1148,3,3,0,3,0
2020-10-11,Amador,005,37829,307,305,0,305,16
2020-10-11,Butte,007,227075,3078,2967,28,2995,54
2020-10-11,Calaveras,009,45235,321,262,0,262,12
2020-10-11,Colusa,011,21464,540,541,1,542,6
2020-10-11,Contra Costa,013,1133247,18153,17678,89,17767,233
2020-10-11,Del Norte,015,27424,166,161,0,161,2
2020-10-11,El Dorado,017,186661,1306,1242,9,1251,4
2020-10-11,Fresno,019,978130,32233,29419,409,29828,421
2020-10-11,Glenn,021,27897,637,625,0,625,3
2020-10-11,Humboldt,023,135768,538,521,1,522,7
2020-10-11,Imperial,025,180216,12340,11614,9,11623,328
2020-10-11,Inyo,027,18085,213,201,4,205,14
2020-10-11,Kern,029,883053,33041,32399,361,32760,418
2020-10-11,Kings,031,150075,8298,8094,44,8138,80
2020-10-11,Lake,033,64148,668,631,0,631,12
2020-10-11,Lassen,035,31185,762,752,2,754,0
2020-10-11,Los Angeles,037,10098052,285561,280190,2354,282544,6745
2020-10-11,Madera,039,155013,4839,4680,32,4712,50
2020-10-11,Marin,041,260295,6988,6870,18,6888,97
2020-10-11,Mariposa,043,17540,77,76,0,76,2
2020-10-11,Mendocino,045,87422,1009,944,4,948,21
2020-10-11,Merced,047,269075,9260,9124,28,9152,146
2020-10-11,Modoc,049,8938,29,27,0,27,0
2020-10-11,Mono,051,14174,174,154,4,158,1
2020-10-11,Monterey,053,433212,10749,10445,44,10489,77
2020-10-11,Napa,055,140530,1881,1811,8,1819,11
2020-10-11,Nevada,057,99092,588,569,19,588,7
2020-10-11,Orange,059,3164182,57939,55202,1615,56817,1326
2020-10-11,Placer,061,380077,3942,3787,14,3801,48
2020-10-11,Plumas,063,18699,52,51,0,51,0
2020-10-11,Riverside,065,2383286,63681,62112,237,62349,1254
2020-10-11,Sacramento,067,1510023,24172,23778,26,23804,466
2020-10-11,San Benito,069,59416,1383,1374,0,1374,13
2020-10-11,San Bernardino,071,2135413,59192,56997,368,57365,1061
2020-10-11,San Diego,073,3302833,52433,50553,1272,51825,826
2020-10-11,San Francisco,075,870044,11804,11659,38,11697,122
2020-10-11,San Joaquin,077,732212,21062,20700,105,20805,480
2020-10-11,San Luis Obispo,079,281455,4122,3874,18,3892,32
2020-10-11,San Mateo,081,765935,10829,10240,12,10252,130
2020-10-11,Santa Barbara,083,443738,9580,9440,84,9524,117
2020-10-11,Santa Clara,085,1922200,23806,22487,49,22536,336
2020-10-11,Santa Cruz,087,273765,2678,2578,33,2611,13
2020-10-11,Shasta,089,179085,1807,1515,17,1532,20
2020-10-11,Sierra,091,2930,6,6,0,6,0
2020-10-11,Siskiyou,093,43540,172,162,10,172,0
2020-10-11,Solano,095,438530,6890,6685,40,6725,53
2020-10-11,Sonoma,097,501317,8740,8319,23,8342,133
2020-10-11,Stanislaus,099,539301,17158,17007,624,17631,360
2020-10-11,Sutter,101,95872,1759,1742,1,1743,12
2020-10-11,Tehama,103,63373,736,702,2,704,3
2020-10-11,Trinity,105,12862,69,19,9,28,0
2020-10-11,Tulare,107,460477,17280,16741,228,16969,286
2020-10-11,Tuolumne,109,53932,249,234,5,239,4
2020-10-11,Ventura,111,848112,14246,13604,277,13881,151
2020-10-11,Yolo,113,214977,3041,2952,7,2959,55
2020-10-11,Yuba,115,75493,1162,1137,5,1142,10
2020-10-10,Alameda,001,1643700,22602,21979,201,22180,398
2020-10-10,Alpine,003,1148,3,3,0,3,0
2020-10-10,Amador,005,37829,306,304,0,304,16
2020-10-10,Butte,007,227075,3073,2962,27,2989,54
2020-10-10,Calaveras,009,45235,320,262,0,262,12
2020-10-10,Colusa,011,21464,540,541,1,542,6
2020-10-10,Contra Costa,013,1133247,18117,17566,88,17654,233
2020-10-10,Del Norte,015,27424,166,161,0,161,2
2020-10-10,El Dorado,017,186661,1304,1240,9,1249,4
2020-10-10,Fresno,019,978130,32169,29286,407,29693,421
2020-10-10,Glenn,021,27897,637,623,0,623,3
2020-10-10,Humboldt,023,135768,535,518,1,519,7
2020-10-10,Imperial,025,180216,12325,11591,9,11600,327
2020-10-10,Inyo,027,18085,210,201,4,205,14
2020-10-10,Kern,029,883053,33004,32338,361,32699,418
2020-10-10,Kings,031,150075,8294,8078,44,8122,80
2020-10-10,Lake,033,64148,667,630,0,630,11
2020-10-10,Lassen,035,31185,762,752,2,754,0
2020-10-10,Los Angeles,037,10098052,284841,279213,2320,281533,6743
2020-10-10,Madera,039,155013,4826,4662,32,4694,50
2020-10-10,Marin,041,260295,6979,6852,18,6870,97
2020-10-10,Mariposa,043,17540,77,76,0,76,2
2020-10-10,Mendocino,045,87422,1002,935,4,939,21
2020-10-10,Merced,047,269075,9254,9105,27,9132,146
2020-10-10,Modoc,049,8938,29,27,0,27,0
2020-10-10,Mono,051,14174,174,154,4,158,1
2020-10-10,Monterey,053,433212,10716,10410,44,10454,75
2020-10-10,Napa,055,140530,1874,1804,8,1812,11
2020-10-10,Nevada,057,99092,585,564,19,583,6
2020-10-10,Orange,059,3164182,57818,54965,1610,56575,1324
2020-10-10,Placer,061,380077,3925,3757,14,3771,48
2020-10-10,Plumas,063,18699,52,51,0,51,0
2020-10-10,Riverside,065,2383286,63478,61845,235,62080,1254
2020-10-10,Sacramento,067,1510023,24105,23689,26,23715,466
2020-10-10,San Benito,069,59416,1381,1370,0,1370,13
2020-10-10,San Bernardino,071,2135413,59029,56683,366,57049,1061
2020-10-10,San Diego,073,3302833,52203,50145,1254,51399,825
2020-10-10,San Francisco,075,870044,11783,11663,38,11701,122
2020-10-10,San Joaquin,077,732212,21034,20700,101,20801,481
2020-10-10,San Luis Obispo,079,281455,4102,3832,18,3850,32
2020-10-10,San Mateo,081,765935,10792,10218,12,10230,130
2020-10-10,Santa Barbara,083,443738,9569,9417,84,9501,116
2020-10-10,Santa Clara,085,1922200,23715,22354,49,22403,330
2020-10-10,Santa Cruz,087,273765,2664,2572,33,2605,13
2020-10-10,Shasta,089,179085,1790,1473,17,1490,20
2020-10-10,Sierra,091,2930,6,6,0,6,0
2020-10-10,Siskiyou,093,43540,172,161,10,171,0
2020-10-10,Solano,095,438530,6864,6655,40,6695,53
2020-10-10,Sonoma,097,501317,8720,8235,23,8258,133
2020-10-10,Stanislaus,099,539301,17123,16960,616,17576,360
2020-10-10,Sutter,101,95872,1756,1735,1,1736,12
2020-10-10,Tehama,103,63373,729,693,2,695,3
2020-10-10,Trinity,105,12862,69,19,9,28,0
2020-10-10,Tulare,107,460477,17245,16709,223,16932,286
2020-10-10,Tuolumne,109,53932,249,233,5,238,4
2020-10-10,Ventura,111,848112,14221,13520,277,13797,151
2020-10-10,Yolo,113,214977,3032,2939,7,2946,55
2020-10-10,Yuba,115,75493,1160,1134,5,1139,10
2020-10-09,Alameda,001,1643700,22554,21924,201,22125,399
2020-10-09,Alpine,003,1148,3,3,0,3,0
2020-10-09,Amador,005,37829,306,303,0,303,16
2020-10-09,Butte,007,227075,3070,2956,27,2983,51
2020-10-09,Calaveras,009,45235,318,262,0,262,11
2020-10-09,Colusa,011,21464,540,541,1,542,6
2020-10-09,Contra Costa,013,1133247,18067,17487,88,17575,229
2020-10-09,Del Norte,015,27424,165,161,0,161,2
2020-10-09,El Dorado,017,186661,1300,1234,9,1243,4
2020-10-09,Fresno,019,978130,32096,29208,405,29613,417
2020-10-09,Glenn,021,27897,632,617,0,617,3
2020-10-09,Humboldt,023,135768,533,516,1,517,7
2020-10-09,Imperial,025,180216,12298,11516,9,11525,330
2020-10-09,Inyo,027,18085,207,200,4,204,14
2020-10-09,Kern,029,883053,32961,32237,359,32596,417
2020-10-09,Kings,031,150075,8287,7993,42,8035,80
2020-10-09,Lake,033,64148,657,610,0,610,11
2020-10-09,Lassen,035,31185,762,751,2,753,0
2020-10-09,Los Angeles,037,10098052,283706,278039,2295,280334,6715
2020-10-09,Madera,039,155013,4816,4646,32,4678,50
2020-10-09,Marin,041,260295,6965,6838,18,6856,96
2020-10-09,Mariposa,043,17540,77,76,0,76,2
2020-10-09,Mendocino,045,87422,992,933,4,937,20
2020-10-09,Merced,047,269075,9240,9095,27,9122,145
2020-10-09,Modoc,049,8938,29,27,0,27,0
2020-10-09,Mono,051,14174,174,154,4,158,1
2020-10-09,Monterey,053,433212,10682,10369,44,10413,75
2020-10-09,Napa,055,140530,1864,1795,8,1803,11
2020-10-09,Nevada,057,99092,580,561,19,580,6
2020-10-09,Orange,059,3164182,57647,54746,1605,56351,1305
2020-10-09,Placer,061,380077,3911,3737,13,3750,48
2020-10-09,Plumas,063,18699,52,50,0,50,0
2020-10-09,Riverside,065,2383286,63242,61529,234,61763,1252
2020-10-09,Sacramento,067,1510023,24035,23606,26,23632,457
2020-10-09,San Benito,069,59416,1376,1367,0,1367,13
2020-10-09,San Bernardino,071,2135413,58789,56434,364,56798,1057
2020-10-09,San Diego,073,3302833,51927,49825,1243,51068,821
2020-10-09,San Francisco,075,870044,11753,11620,38,11658,120
2020-10-09,San Joaquin,077,732212,21004,20648,93,20741,481
2020-10-09,San Luis Obispo,079,281455,4083,3810,18,3828,32
2020-10-09,San Mateo,081,765935,10764,10140,12,10152,130
2020-10-09,Santa Barbara,083,443738,9541,9396,84,9480,116
2020-10-09,Santa Clara,085,1922200,23613,22251,48,22299,328
2020-10-09,Santa Cruz,087,273765,2655,2555,33,2588,13
2020-10-09,Shasta,089,179085,1764,1353,16,1369,20
2020-10-09,Sierra,091,2930,6,6,0,6,0
2020-10-09,Siskiyou,093,43540,170,156,10,166,0
2020-10-09,Solano,095,438530,6825,6614,40,6654,53
2020-10-09,Sonoma,097,501317,8666,8133,23,8156,133
2020-10-09,Stanislaus,099,539301,17099,16904,609,17513,362
2020-10-09,Sutter,101,95872,1752,1732,1,1733,12
2020-10-09,Tehama,103,63373,723,682,2,684,3
2020-10-09,Trinity,105,12862,69,25,9,34,0
2020-10-09,Tulare,107,460477,17205,16644,214,16858,286
2020-10-09,Tuolumne,109,53932,246,230,5,235,4
2020-10-09,Ventura,111,848112,14185,13469,274,13743,151
2020-10-09,Yolo,113,214977,3025,2928,7,2935,55
2020-10-09,Yuba,115,75493,1159,1129,5,1134,10
2020-10-08,Alameda,001,1643700,22473,21826,200,22026,395
2020-10-08,Alpine,003,1148,3,3,0,3,0
2020-10-08,Amador,005,37829,305,302,0,302,16
2020-10-08,Butte,007,227075,3060,2935,27,2962,51
2020-10-08,Calaveras,009,45235,317,262,0,262,11
2020-10-08,Colusa,011,21464,540,539,1,540,6
2020-10-08,Contra Costa,013,1133247,18007,17418,87,17505,228
2020-10-08,Del Norte,015,27424,165,151,0,151,2
2020-10-08,El Dorado,017,186661,1299,1230,9,1239,4
2020-10-08,Fresno,019,978130,31991,29111,405,29516,416
2020-10-08,Glenn,021,27897,629,616,0,616,3
2020-10-08,Humboldt,023,135768,529,515,1,516,7
2020-10-08,Imperial,025,180216,12259,11405,9,11414,330
2020-10-08,Inyo,027,18085,204,199,4,203,14
2020-10-08,Kern,029,883053,32903,32169,354,32523,411
2020-10-08,Kings,031,150075,8281,7968,42,8010,80
2020-10-08,Lake,033,64148,652,604,0,604,11
2020-10-08,Lassen,035,31185,757,751,2,753,0
2020-10-08,Los Angeles,037,10098052,282506,276763,2255,279018,6699
2020-10-08,Madera,039,155013,4797,4637,32,4669,50
2020-10-08,Marin,041,260295,6951,6810,18,6828,96
2020-10-08,Mariposa,043,17540,77,76,0,76,2
2020-10-08,Mendocino,045,87422,987,930,4,934,20
2020-10-08,Merced,047,269075,9220,9069,27,9096,144
2020-10-08,Modoc,049,8938,29,27,0,27,0
2020-10-08,Mono,051,14174,174,153,4,157,1
2020-10-08,Monterey,053,433212,10615,10343,44,10387,75
2020-10-08,Napa,055,140530,1849,1779,8,1787,11
2020-10-08,Nevada,057,99092,577,556,19,575,6
2020-10-08,Orange,059,3164182,57454,54523,1594,56117,1293
2020-10-08,Placer,061,380077,3893,3715,13,3728,48
2020-10-08,Plumas,063,18699,52,50,0,50,0
2020-10-08,Riverside,065,2383286,62974,61105,233,61338,1244
2020-10-08,Sacramento,067,1510023,23928,23482,26,23508,454
2020-10-08,San Benito,069,59416,1371,1367,0,1367,13
2020-10-08,San Bernardino,071,2135413,58424,56152,363,56515,1048
2020-10-08,San Diego,073,3302833,51647,49468,1211,50679,819
2020-10-08,San Francisco,075,870044,11715,11608,38,11646,115
2020-10-08,San Joaquin,077,732212,20952,20576,88,20664,478
2020-10-08,San Luis Obispo,079,281455,4067,3785,18,3803,32
2020-10-08,San Mateo,081,765935,10732,10044,12,10056,130
2020-10-08,Santa Barbara,083,443738,9513,9374,84,9458,116
2020-10-08,Santa Clara,085,1922200,23511,22095,48,22143,323
2020-10-08,Santa Cruz,087,273765,2643,2535,33,2568,13
2020-10-08,Shasta,089,179085,1730,1305,16,1321,20
2020-10-08,Sierra,091,2930,6,6,0,6,0
2020-10-08,Siskiyou,093,43540,170,156,10,166,0
2020-10-08,Solano,095,438530,6801,6556,40,6596,53
2020-10-08,Sonoma,097,501317,8600,8063,23,8086,132
2020-10-08,Stanislaus,099,539301,17053,16821,601,17422,360
2020-10-08,Sutter,101,95872,1752,1725,1,1726,12
2020-10-08,Tehama,103,63373,714,676,2,678,3
2020-10-08,Trinity,105,12862,68,25,9,34,0
2020-10-08,Tulare,107,460477,17144,16573,206,16779,283
2020-10-08,Tuolumne,109,53932,245,230,5,235,4
2020-10-08,Ventura,111,848112,14137,13399,272,13671,151
2020-10-08,Yolo,113,214977,3008,2914,7,2921,55
2020-10-08,Yuba,115,75493,1154,1126,5,1131,10
2020-10-07,Alameda,001,1643700,22396,21736,200,21936,395
2020-10-07,Alpine,003,1148,3,3,0,3,0
2020-10-07,Amador,005,37829,305,302,0,302,16
2020-10-07,Butte,007,227075,3048,2927,27,2954,47
2020-10-07,Calaveras,009,45235,315,262,0,262,11
2020-10-07,Colusa,011,21464,539,539,0,539,6
2020-10-07,Contra Costa,013,1133247,17937,17346,86,17432,225
2020-10-07,Del Norte,015,27424,164,149,0,149,2
2020-10-07,El Dorado,017,186661,1291,1219,9,1228,4
2020-10-07,Fresno,019,978130,31870,29069,400,29469,413
2020-10-07,Glenn,021,27897,629,615,0,615,3
2020-10-07,Humboldt,023,135768,526,512,1,513,7
2020-10-07,Imperial,025,180216,12222,11289,8,11297,330
2020-10-07,Inyo,027,18085,204,199,4,203,14
2020-10-07,Kern,029,883053,32830,32068,353,32421,410
2020-10-07,Kings,031,150075,8266,7948,42,7990,80
2020-10-07,Lake,033,64148,651,599,0,599,11
2020-10-07,Lassen,035,31185,757,751,2,753,0
2020-10-07,Los Angeles,037,10098052,281325,275559,2221,277780,6681
2020-10-07,Madera,039,155013,4777,4618,32,4650,50
2020-10-07,Marin,041,260295,6924,6790,18,6808,95
2020-10-07,Mariposa,043,17540,77,75,0,75,2
2020-10-07,Mendocino,045,87422,981,927,4,931,19
2020-10-07,Merced,047,269075,9183,9045,26,9071,144
2020-10-07,Modoc,049,8938,29,27,0,27,0
2020-10-07,Mono,051,14174,173,153,3,156,1
2020-10-07,Monterey,053,433212,10556,10272,44,10316,75
2020-10-07,Napa,055,140530,1836,1774,8,1782,11
2020-10-07,Nevada,057,99092,573,552,19,571,6
2020-10-07,Orange,059,3164182,57237,54332,1583,55915,1277
2020-10-07,Placer,061,380077,3877,3693,13,3706,48
2020-10-07,Plumas,063,18699,52,50,0,50,0
2020-10-07,Riverside,065,2383286,62627,60857,229,61086,1241
2020-10-07,Sacramento,067,1510023,23831,23380,26,23406,452
2020-10-07,San Benito,069,59416,1368,1363,0,1363,13
2020-10-07,San Bernardino,071,2135413,58075,55738,362,56100,1043
2020-10-07,San Diego,073,3302833,51331,49177,1187,50364,813
2020-10-07,San Francisco,075,870044,11680,11551,38,11589,115
2020-10-07,San Joaquin,077,732212,20900,20527,81,20608,478
2020-10-07,San Luis Obispo,079,281455,4037,3749,18,3767,32
2020-10-07,San Mateo,081,765935,10689,9980,12,9992,130
2020-10-07,Santa Barbara,083,443738,9487,9350,83,9433,116
2020-10-07,Santa Clara,085,1922200,23383,21993,48,22041,320
2020-10-07,Santa Cruz,087,273765,2631,2518,33,2551,14
2020-10-07,Shasta,089,179085,1687,1268,16,1284,20
2020-10-07,Sierra,091,2930,6,6,0,6,0
2020-10-07,Siskiyou,093,43540,168,154,10,164,0
2020-10-07,Solano,095,438530,6766,6526,40,6566,53
2020-10-07,Sonoma,097,501317,8525,7993,22,8015,130
2020-10-07,Stanislaus,099,539301,17018,16786,595,17381,357
2020-10-07,Sutter,101,95872,1749,1723,1,1724,12
2020-10-07,Tehama,103,63373,705,666,2,668,3
2020-10-07,Trinity,105,12862,64,25,8,33,0
2020-10-07,Tulare,107,460477,17101,16483,198,16681,282
2020-10-07,Tuolumne,109,53932,245,227,5,232,3
2020-10-07,Ventura,111,848112,14087,13333,266,13599,150
2020-10-07,Yolo,113,214977,2982,2904,7,2911,55
2020-10-07,Yuba,115,75493,1148,1120,5,1125,10
2020-10-06,Alameda,001,1643700,22305,21698,198,21896,385
2020-10-06,Alpine,003,1148,3,3,0,3,0
2020-10-06,Amador,005,37829,303,301,0,301,16
2020-10-06,Butte,007,227075,3041,2925,27,2952,47
2020-10-06,Calaveras,009,45235,315,261,0,261,11
2020-10-06,Colusa,011,21464,538,538,0,538,6
2020-10-06,Contra Costa,013,1133247,17858,17295,86,17381,219
2020-10-06,Del Norte,015,27424,164,144,0,144,2
2020-10-06,El Dorado,017,186661,1287,1211,9,1220,4
2020-10-06,Fresno,019,978130,31726,29022,397,29419,412
2020-10-06,Glenn,021,27897,626,604,0,604,3
2020-10-06,Humboldt,023,135768,523,508,1,509,7
2020-10-06,Imperial,025,180216,12184,11196,8,11204,327
2020-10-06,Inyo,027,18085,202,198,4,202,14
2020-10-06,Kern,029,883053,32753,32006,351,32357,407
2020-10-06,Kings,031,150075,8250,7943,42,7985,81
2020-10-06,Lake,033,64148,645,596,0,596,11
2020-10-06,Lassen,035,31185,757,743,2,745,0
2020-10-06,Los Angeles,037,10098052,280088,274115,2172,276287,6657
2020-10-06,Madera,039,155013,4765,4608,32,4640,50
2020-10-06,Marin,041,260295,6909,6766,18,6784,91
2020-10-06,Mariposa,043,17540,77,75,0,75,2
2020-10-06,Mendocino,045,87422,974,920,4,924,19
2020-10-06,Merced,047,269075,9147,9034,25,9059,143
2020-10-06,Modoc,049,8938,29,26,0,26,0
2020-10-06,Mono,051,14174,173,153,3,156,1
2020-10-06,Monterey,053,433212,10501,10235,42,10277,72
2020-10-06,Napa,055,140530,1830,1770,8,1778,11
2020-10-06,Nevada,057,99092,570,551,19,570,6
2020-10-06,Orange,059,3164182,57021,54203,1574,55777,1273
2020-10-06,Placer,061,380077,3855,3680,13,3693,48
2020-10-06,Plumas,063,18699,52,49,0,49,0
2020-10-06,Riverside,065,2383286,62362,60593,227,60820,1238
2020-10-06,Sacramento,067,1510023,23744,23322,26,23348,442
2020-10-06,San Benito,069,59416,1367,1358,0,1358,12
2020-10-06,San Bernardino,071,2135413,57760,55416,358,55774,1040
2020-10-06,San Diego,073,3302833,50994,48823,1170,49993,806
2020-10-06,San Francisco,075,870044,11654,11513,37,11550,115
2020-10-06,San Joaquin,077,732212,20860,20481,78,20559,477
2020-10-06,San Luis Obispo,079,281455,4003,3723,18,3741,32
2020-10-06,San Mateo,081,765935,10657,9934,12,9946,129
2020-10-06,Santa Barbara,083,443738,9458,9331,82,9413,116
2020-10-06,Santa Clara,085,1922200,23288,21914,48,21962,320
2020-10-06,Santa Cruz,087,273765,2609,2510,33,2543,12
2020-10-06,Shasta,089,179085,1647,1242,16,1258,18
2020-10-06,Sierra,091,2930,6,6,0,6,0
2020-10-06,Siskiyou,093,43540,168,154,10,164,0
2020-10-06,Solano,095,438530,6720,6506,40,6546,52
2020-10-06,Sonoma,097,501317,8432,7895,22,7917,130
2020-10-06,Stanislaus,099,539301,16973,16759,589,17348,354
2020-10-06,Sutter,101,95872,1747,1722,1,1723,12
2020-10-06,Tehama,103,63373,696,660,2,662,3
2020-10-06,Trinity,105,12862,64,25,8,33,0
2020-10-06,Tulare,107,460477,17059,16456,190,16646,280
2020-10-06,Tuolumne,109,53932,244,227,5,232,2
2020-10-06,Ventura,111,848112,14020,13242,261,13503,150
2020-10-06,Yolo,113,214977,2968,2899,7,2906,56
2020-10-06,Yuba,115,75493,1147,1114,5,1119,10
2020-10-05,Alameda,001,1643700,22217,21637,195,21832,383
2020-10-05,Alpine,003,1148,3,2,0,2,0
2020-10-05,Amador,005,37829,303,299,0,299,16
2020-10-05,Butte,007,227075,3031,2910,27,2937,46
2020-10-05,Calaveras,009,45235,315,259,0,259,11
2020-10-05,Colusa,011,21464,538,537,0,537,6
2020-10-05,Contra Costa,013,1133247,17781,17250,86,17336,216
2020-10-05,Del Norte,015,27424,161,142,0,142,2
2020-10-05,El Dorado,017,186661,1283,1202,8,1210,4
2020-10-05,Fresno,019,978130,31609,29136,397,29533,408
2020-10-05,Glenn,021,27897,624,603,0,603,3
2020-10-05,Humboldt,023,135768,522,506,1,507,6
2020-10-05,Imperial,025,180216,12144,11169,8,11177,327
2020-10-05,Inyo,027,18085,202,197,4,201,14
2020-10-05,Kern,029,883053,32674,31933,347,32280,404
2020-10-05,Kings,031,150075,8153,7932,42,7974,80
2020-10-05,Lake,033,64148,641,592,0,592,10
2020-10-05,Lassen,035,31185,756,743,2,745,0
2020-10-05,Los Angeles,037,10098052,278997,273200,2133,275333,6632
2020-10-05,Madera,039,155013,4757,4598,30,4628,50
2020-10-05,Marin,041,260295,6892,6751,18,6769,91
2020-10-05,Mariposa,043,17540,77,75,0,75,2
2020-10-05,Mendocino,045,87422,966,913,4,917,19
2020-10-05,Merced,047,269075,9128,9021,24,9045,143
2020-10-05,Modoc,049,8938,29,26,0,26,0
2020-10-05,Mono,051,14174,173,152,3,155,1
2020-10-05,Monterey,053,433212,10454,10187,42,10229,72
2020-10-05,Napa,055,140530,1819,1760,8,1768,11
2020-10-05,Nevada,057,99092,567,550,18,568,6
2020-10-05,Orange,059,3164182,56805,54103,1561,55664,1271
2020-10-05,Placer,061,380077,3829,3670,13,3683,46
2020-10-05,Plumas,063,18699,51,49,0,49,0
2020-10-05,Riverside,065,2383286,62042,60454,223,60677,1232
2020-10-05,Sacramento,067,1510023,23640,23207,26,23233,438
2020-10-05,San Benito,069,59416,1364,1356,0,1356,12
2020-10-05,San Bernardino,071,2135413,57452,55100,357,55457,1031
2020-10-05,San Diego,073,3302833,50658,48662,1146,49808,803
2020-10-05,San Francisco,075,870044,11615,11476,35,11511,110
2020-10-05,San Joaquin,077,732212,20790,20319,75,20394,476
2020-10-05,San Luis Obispo,079,281455,3976,3710,18,3728,32
2020-10-05,San Mateo,081,765935,10630,9896,12,9908,128
2020-10-05,Santa Barbara,083,443738,9436,9309,82,9391,116
2020-10-05,Santa Clara,085,1922200,23171,21861,48,21909,319
2020-10-05,Santa Cruz,087,273765,2597,2492,33,2525,9
2020-10-05,Shasta,089,179085,1615,1158,16,1174,18
2020-10-05,Sierra,091,2930,6,6,0,6,0
2020-10-05,Siskiyou,093,43540,168,153,10,163,0
2020-10-05,Solano,095,438530,6681,6475,40,6515,52
2020-10-05,Sonoma,097,501317,8340,7817,22,7839,130
2020-10-05,Stanislaus,099,539301,16937,16730,582,17312,351
2020-10-05,Sutter,101,95872,1739,1719,1,1720,12
2020-10-05,Tehama,103,63373,688,642,2,644,3
2020-10-05,Trinity,105,12862,62,22,8,30,0
2020-10-05,Tulare,107,460477,17000,16343,185,16528,278
2020-10-05,Tuolumne,109,53932,241,226,5,231,2
2020-10-05,Ventura,111,848112,13951,13224,242,13466,149
2020-10-05,Yolo,113,214977,2949,2889,7,2896,56
2020-10-05,Yuba,115,75493,1134,1108,5,1113,9
2020-10-04,Alameda,001,1643700,22121,21597,195,21792,383
2020-10-04,Alpine,003,1148,3,2,0,2,0
2020-10-04,Amador,005,37829,302,297,0,297,16
2020-10-04,Butte,007,227075,3017,2903,27,2930,46
2020-10-04,Calaveras,009,45235,315,259,0,259,11
2020-10-04,Colusa,011,21464,537,537,0,537,6
2020-10-04,Contra Costa,013,1133247,17716,17192,86,17278,214
2020-10-04,Del Norte,015,27424,157,142,0,142,2
2020-10-04,El Dorado,017,186661,1279,1196,8,1204,4
2020-10-04,Fresno,019,978130,31486,29065,397,29462,408
2020-10-04,Glenn,021,27897,622,601,0,601,3
2020-10-04,Humboldt,023,135768,521,506,1,507,6
2020-10-04,Imperial,025,180216,12105,11127,8,11135,327
2020-10-04,Inyo,027,18085,199,195,4,199,14
2020-10-04,Kern,029,883053,32600,31906,343,32249,404
2020-10-04,Kings,031,150075,8138,7919,42,7961,80
2020-10-04,Lake,033,64148,627,589,0,589,10
2020-10-04,Lassen,035,31185,756,743,2,745,0
2020-10-04,Los Angeles,037,10098052,277608,272822,2085,274907,6625
2020-10-04,Madera,039,155013,4741,4587,30,4617,50
2020-10-04,Marin,041,260295,6872,6741,18,6759,91
2020-10-04,Mariposa,043,17540,77,75,0,75,2
2020-10-04,Mendocino,045,87422,953,905,4,909,18
2020-10-04,Merced,047,269075,9103,9006,24,9030,140
2020-10-04,Modoc,049,8938,29,26,0,26,0
2020-10-04,Mono,051,14174,172,152,2,154,1
2020-10-04,Monterey,053,433212,10413,10141,41,10182,72
2020-10-04,Napa,055,140530,1807,1759,8,1767,11
2020-10-04,Nevada,057,99092,563,547,17,564,6
2020-10-04,Orange,059,3164182,56569,53966,1552,55518,1270
2020-10-04,Placer,061,380077,3808,3664,13,3677,46
2020-10-04,Plumas,063,18699,51,49,0,49,0
2020-10-04,Riverside,065,2383286,61756,60251,219,60470,1226
2020-10-04,Sacramento,067,1510023,23527,23162,26,23188,438
2020-10-04,San Benito,069,59416,1364,1355,0,1355,12
2020-10-04,San Bernardino,071,2135413,57004,55100,355,55455,1031
2020-10-04,San Diego,073,3302833,50291,48438,1121,49559,803
2020-10-04,San Francisco,075,870044,11583,11474,33,11507,110
2020-10-04,San Joaquin,077,732212,20713,20320,69,20389,476
2020-10-04,San Luis Obispo,079,281455,3951,3688,18,3706,31
2020-10-04,San Mateo,081,765935,10570,9858,12,9870,128
2020-10-04,Santa Barbara,083,443738,9410,9276,80,9356,116
2020-10-04,Santa Clara,085,1922200,23034,21780,48,21828,316
2020-10-04,Santa Cruz,087,273765,2581,2483,33,2516,9
2020-10-04,Shasta,089,179085,1517,1158,15,1173,18
2020-10-04,Sierra,091,2930,6,6,0,6,0
2020-10-04,Siskiyou,093,43540,168,153,10,163,0
2020-10-04,Solano,095,438530,6630,6445,40,6485,52
2020-10-04,Sonoma,097,501317,8252,7794,22,7816,129
2020-10-04,Stanislaus,099,539301,16887,16711,573,17284,351
2020-10-04,Sutter,101,95872,1736,1711,1,1712,11
2020-10-04,Tehama,103,63373,673,637,2,639,3
2020-10-04,Trinity,105,12862,61,21,8,29,0
2020-10-04,Tulare,107,460477,16923,16343,174,16517,278
2020-10-04,Tuolumne,109,53932,239,226,5,231,2
2020-10-04,Ventura,111,848112,13869,13197,225,13422,149
2020-10-04,Yolo,113,214977,2938,2875,7,2882,56
2020-10-04,Yuba,115,75493,1130,1103,5,1108,9
2020-10-03,Alameda,001,1643700,22075,21510,194,21704,386
2020-10-03,Alpine,003,1148,3,2,0,2,0
2020-10-03,Amador,005,37829,301,296,0,296,16
2020-10-03,Butte,007,227075,3011,2894,27,2921,46
2020-10-03,Calaveras,009,45235,315,259,0,259,11
2020-10-03,Colusa,011,21464,536,537,0,537,6
2020-10-03,Contra Costa,013,1133247,17666,17087,84,17171,213
2020-10-03,Del Norte,015,27424,153,142,0,142,2
2020-10-03,El Dorado,017,186661,1272,1188,8,1196,4
2020-10-03,Fresno,019,978130,31426,28975,396,29371,408
2020-10-03,Glenn,021,27897,620,601,0,601,3
2020-10-03,Humboldt,023,135768,520,504,1,505,6
2020-10-03,Imperial,025,180216,12082,11090,8,11098,327
2020-10-03,Inyo,027,18085,199,194,4,198,14
2020-10-03,Kern,029,883053,32550,31864,339,32203,403
2020-10-03,Kings,031,150075,8134,7887,42,7929,80
2020-10-03,Lake,033,64148,617,588,0,588,10
2020-10-03,Lassen,035,31185,756,743,2,745,0
2020-10-03,Los Angeles,037,10098052,276903,271869,2056,273925,6620
2020-10-03,Madera,039,155013,4724,4565,30,4595,50
2020-10-03,Marin,041,260295,6866,6728,18,6746,91
2020-10-03,Mariposa,043,17540,77,75,0,75,2
2020-10-03,Mendocino,045,87422,951,898,4,902,18
2020-10-03,Merced,047,269075,9090,8986,24,9010,139
2020-10-03,Modoc,049,8938,29,26,0,26,0
2020-10-03,Mono,051,14174,171,152,2,154,1
2020-10-03,Monterey,053,433212,10379,10092,38,10130,72
2020-10-03,Napa,055,140530,1803,1752,8,1760,11
2020-10-03,Nevada,057,99092,562,544,17,561,6
2020-10-03,Orange,059,3164182,56452,53573,1547,55120,1268
2020-10-03,Placer,061,380077,3797,3648,13,3661,47
2020-10-03,Plumas,063,18699,51,48,0,48,0
2020-10-03,Riverside,065,2383286,61604,59991,217,60208,1226
2020-10-03,Sacramento,067,1510023,23476,23076,26,23102,437
2020-10-03,San Benito,069,59416,1364,1351,0,1351,12
2020-10-03,San Bernardino,071,2135413,56831,55004,352,55356,1031
2020-10-03,San Diego,073,3302833,50060,48202,1104,49306,798
2020-10-03,San Francisco,075,870044,11558,11475,31,11506,110
2020-10-03,San Joaquin,077,732212,20687,20322,69,20391,476
2020-10-03,San Luis Obispo,079,281455,3927,3670,18,3688,31
2020-10-03,San Mateo,081,765935,10544,9822,11,9833,128
2020-10-03,Santa Barbara,083,443738,9397,9256,80,9336,116
2020-10-03,Santa Clara,085,1922200,22954,21672,48,21720,309
2020-10-03,Santa Cruz,087,273765,2573,2476,33,2509,9
2020-10-03,Shasta,089,179085,1489,1117,14,1131,18
2020-10-03,Sierra,091,2930,6,6,0,6,0
2020-10-03,Siskiyou,093,43540,168,152,10,162,0
2020-10-03,Solano,095,438530,6604,6419,40,6459,52
2020-10-03,Sonoma,097,501317,8209,7747,22,7769,129
2020-10-03,Stanislaus,099,539301,16854,16645,569,17214,351
2020-10-03,Sutter,101,95872,1732,1705,1,1706,11
2020-10-03,Tehama,103,63373,667,630,2,632,3
2020-10-03,Trinity,105,12862,61,15,8,23,0
2020-10-03,Tulare,107,460477,16879,16322,170,16492,278
2020-10-03,Tuolumne,109,53932,238,224,5,229,2
2020-10-03,Ventura,111,848112,13831,13150,221,13371,148
2020-10-03,Yolo,113,214977,2931,2863,7,2870,56
2020-10-03,Yuba,115,75493,1122,1097,5,1102,8
2020-10-02,Alameda,001,1643700,22020,21404,193,21597,382
2020-10-02,Alpine,003,1148,3,2,0,2,0
2020-10-02,Amador,005,37829,300,296,0,296,16
2020-10-02,Butte,007,227075,3001,2879,27,2906,46
2020-10-02,Calaveras,009,45235,314,259,0,259,11
2020-10-02,Colusa,011,21464,535,537,0,537,6
2020-10-02,Contra Costa,013,1133247,17623,17002,83,17085,213
2020-10-02,Del Norte,015,27424,152,141,0,141,2
2020-10-02,El Dorado,017,186661,1265,1168,8,1176,4
2020-10-02,Fresno,019,978130,31343,28855,396,29251,403
2020-10-02,Glenn,021,27897,615,594,0,594,3
2020-10-02,Humboldt,023,135768,519,503,1,504,6
2020-10-02,Imperial,025,180216,12060,11024,8,11032,327
2020-10-02,Inyo,027,18085,197,191,4,195,14
2020-10-02,Kern,029,883053,32498,31790,337,32127,399
2020-10-02,Kings,031,150075,8125,7716,42,7758,79
2020-10-02,Lake,033,64148,611,579,0,579,10
2020-10-02,Lassen,035,31185,756,742,2,744,0
2020-10-02,Los Angeles,037,10098052,276000,270935,2030,272965,6602
2020-10-02,Madera,039,155013,4715,4537,30,4567,49
2020-10-02,Marin,041,260295,6849,6717,18,6735,91
2020-10-02,Mariposa,043,17540,77,75,0,75,2
2020-10-02,Mendocino,045,87422,946,883,4,887,18
2020-10-02,Merced,047,269075,9080,8961,24,8985,139
2020-10-02,Modoc,049,8938,29,26,0,26,0
2020-10-02,Mono,051,14174,171,150,2,152,1
2020-10-02,Monterey,053,433212,10345,9997,38,10035,71
2020-10-02,Napa,055,140530,1797,1737,8,1745,11
2020-10-02,Nevada,057,99092,559,543,17,560,6
2020-10-02,Orange,059,3164182,56321,53299,1540,54839,1262
2020-10-02,Placer,061,380077,3777,3612,13,3625,46
2020-10-02,Plumas,063,18699,51,48,0,48,0
2020-10-02,Riverside,065,2383286,61383,59673,214,59887,1223
2020-10-02,Sacramento,067,1510023,23411,22818,26,22844,436
2020-10-02,San Benito,069,59416,1360,1347,0,1347,12
2020-10-02,San Bernardino,071,2135413,56644,54613,352,54965,1028
2020-10-02,San Diego,073,3302833,49808,47793,1088,48881,794
2020-10-02,San Francisco,075,870044,11535,11398,31,11429,110
2020-10-02,San Joaquin,077,732212,20653,20235,68,20303,474
2020-10-02,San Luis Obispo,079,281455,3904,3654,18,3672,31
2020-10-02,San Mateo,081,765935,10503,9745,11,9756,128
2020-10-02,Santa Barbara,083,443738,9374,9234,80,9314,116
2020-10-02,Santa Clara,085,1922200,22868,21545,47,21592,305
2020-10-02,Santa Cruz,087,273765,2556,2463,33,2496,9
2020-10-02,Shasta,089,179085,1454,1046,14,1060,18
2020-10-02,Sierra,091,2930,6,6,0,6,0
2020-10-02,Siskiyou,093,43540,168,151,10,161,0
2020-10-02,Solano,095,438530,6574,6385,40,6425,52
2020-10-02,Sonoma,097,501317,8152,7662,22,7684,125
2020-10-02,Stanislaus,099,539301,16813,16609,560,17169,349
2020-10-02,Sutter,101,95872,1731,1693,1,1694,11
2020-10-02,Tehama,103,63373,662,619,2,621,3
2020-10-02,Trinity,105,12862,61,15,8,23,0
2020-10-02,Tulare,107,460477,16838,16245,163,16408,278
2020-10-02,Tuolumne,109,53932,236,225,5,230,2
2020-10-02,Ventura,111,848112,13792,13120,216,13336,146
2020-10-02,Yolo,113,214977,2926,2845,7,2852,55
2020-10-02,Yuba,115,75493,1120,1090,5,1095,8
2020-10-01,Alameda,001,1643700,21959,21349,189,21538,383
2020-10-01,Alpine,003,1148,3,2,0,2,0
2020-10-01,Amador,005,37829,300,294,0,294,16
2020-10-01,Butte,007,227075,2993,2865,27,2892,45
2020-10-01,Calaveras,009,45235,314,257,0,257,11
2020-10-01,Colusa,011,21464,535,536,0,536,6
2020-10-01,Contra Costa,013,1133247,17560,16898,83,16981,211
2020-10-01,Del Norte,015,27424,147,140,0,140,2
2020-10-01,El Dorado,017,186661,1261,1162,7,1169,4
2020-10-01,Fresno,019,978130,31263,28796,394,29190,397
2020-10-01,Glenn,021,27897,611,593,0,593,3
2020-10-01,Humboldt,023,135768,519,499,1,500,6
2020-10-01,Imperial,025,180216,12017,10928,8,10936,325
2020-10-01,Inyo,027,18085,197,191,4,195,14
2020-10-01,Kern,029,883053,32435,31678,332,32010,399
2020-10-01,Kings,031,150075,8114,7688,39,7727,79
2020-10-01,Lake,033,64148,605,572,0,572,11
2020-10-01,Lassen,035,31185,753,742,2,744,0
2020-10-01,Los Angeles,037,10098052,274956,271513,1997,273510,6621
2020-10-01,Madera,039,155013,4692,4508,30,4538,48
2020-10-01,Marin,041,260295,6835,6710,18,6728,92
2020-10-01,Mariposa,043,17540,77,76,0,76,2
2020-10-01,Mendocino,045,87422,941,874,4,878,19
2020-10-01,Merced,047,269075,9052,8942,24,8966,138
2020-10-01,Modoc,049,8938,29,26,0,26,0
2020-10-01,Mono,051,14174,169,150,2,152,1
2020-10-01,Monterey,053,433212,10269,9958,38,9996,71
2020-10-01,Napa,055,140530,1789,1729,8,1737,11
2020-10-01,Nevada,057,99092,558,543,17,560,6
2020-10-01,Orange,059,3164182,56156,53088,1527,54615,1257
2020-10-01,Placer,061,380077,3750,3599,13,3612,45
2020-10-01,Plumas,063,18699,51,48,0,48,0
2020-10-01,Riverside,065,2383286,61131,59293,208,59501,1223
2020-10-01,Sacramento,067,1510023,23299,22714,25,22739,433
2020-10-01,San Benito,069,59416,1358,1346,0,1346,12
2020-10-01,San Bernardino,071,2135413,56350,54350,349,54699,1021
2020-10-01,San Diego,073,3302833,49526,47487,1068,48555,792
2020-10-01,San Francisco,075,870044,11504,11284,29,11313,110
2020-10-01,San Joaquin,077,732212,20606,20204,65,20269,471
2020-10-01,San Luis Obispo,079,281455,3877,3625,18,3643,31
2020-10-01,San Mateo,081,765935,10458,9681,11,9692,128
2020-10-01,Santa Barbara,083,443738,9334,9215,80,9295,118
2020-10-01,Santa Clara,085,1922200,22767,21398,47,21445,305
2020-10-01,Santa Cruz,087,273765,2541,2418,33,2451,10
2020-10-01,Shasta,089,179085,1403,991,14,1005,18
2020-10-01,Sierra,091,2930,6,6,0,6,0
2020-10-01,Siskiyou,093,43540,165,150,10,160,0
2020-10-01,Solano,095,438530,6536,6352,40,6392,52
2020-10-01,Sonoma,097,501317,8085,7569,22,7591,125
2020-10-01,Stanislaus,099,539301,16780,16555,554,17109,346
2020-10-01,Sutter,101,95872,1726,1684,1,1685,11
2020-10-01,Tehama,103,63373,652,606,2,608,3
2020-10-01,Trinity,105,12862,61,15,8,23,0
2020-10-01,Tulare,107,460477,16763,16182,160,16342,275
2020-10-01,Tuolumne,109,53932,236,223,5,228,2
2020-10-01,Ventura,111,848112,13740,13057,203,13260,146
2020-10-01,Yolo,113,214977,2908,2833,7,2840,55
2020-10-01,Yuba,115,75493,1116,1082,5,1087,8
2020-09-30,Alameda,001,1643700,21881,21271,186,21457,380
2020-09-30,Alpine,003,1148,3,2,0,2,0
2020-09-30,Amador,005,37829,300,294,0,294,16
2020-09-30,Butte,007,227075,2985,2858,27,2885,44
2020-09-30,Calaveras,009,45235,313,258,0,258,11
2020-09-30,Colusa,011,21464,534,534,0,534,6
2020-09-30,Contra Costa,013,1133247,17492,16819,83,16902,211
2020-09-30,Del Norte,015,27424,146,140,0,140,2
2020-09-30,El Dorado,017,186661,1249,1157,7,1164,4
2020-09-30,Fresno,019,978130,31173,28706,391,29097,395
2020-09-30,Glenn,021,27897,606,592,0,592,3
2020-09-30,Humboldt,023,135768,517,497,1,498,6
2020-09-30,Imperial,025,180216,11992,10868,8,10876,287
2020-09-30,Inyo,027,18085,196,189,4,193,14
2020-09-30,Kern,029,883053,32360,31601,331,31932,398
2020-09-30,Kings,031,150075,8085,7685,39,7724,79
2020-09-30,Lake,033,64148,599,567,0,567,10
2020-09-30,Lassen,035,31185,750,742,2,744,0
2020-09-30,Los Angeles,037,10098052,273731,270260,1964,272224,6568
2020-09-30,Madera,039,155013,4683,4477,30,4507,47
2020-09-30,Marin,041,260295,6811,6700,17,6717,91
2020-09-30,Mariposa,043,17540,77,76,0,76,2
2020-09-30,Mendocino,045,87422,935,867,4,871,17
2020-09-30,Merced,047,269075,9032,8926,24,8950,136
2020-09-30,Modoc,049,8938,29,26,0,26,0
2020-09-30,Mono,051,14174,169,150,2,152,1
2020-09-30,Monterey,053,433212,10219,9898,37,9935,70
2020-09-30,Napa,055,140530,1775,1728,8,1736,11
2020-09-30,Nevada,057,99092,556,540,17,557,6
2020-09-30,Orange,059,3164182,55965,52916,1511,54427,1251
2020-09-30,Placer,061,380077,3729,3585,13,3598,43
2020-09-30,Plumas,063,18699,51,48,0,48,0
2020-09-30,Riverside,065,2383286,60776,59074,204,59278,1220
2020-09-30,Sacramento,067,1510023,23195,22613,25,22638,429
2020-09-30,San Benito,069,59416,1355,1342,0,1342,12
2020-09-30,San Bernardino,071,2135413,56072,53988,348,54336,1018
2020-09-30,San Diego,073,3302833,49222,47182,1047,48229,783
2020-09-30,San Francisco,075,870044,11474,11247,29,11276,106
2020-09-30,San Joaquin,077,732212,20523,20150,63,20213,461
2020-09-30,San Luis Obispo,079,281455,3852,3597,18,3615,31
2020-09-30,San Mateo,081,765935,10416,9634,11,9645,128
2020-09-30,Santa Barbara,083,443738,9308,9186,80,9266,115
2020-09-30,Santa Clara,085,1922200,22662,21318,47,21365,302
2020-09-30,Santa Cruz,087,273765,2528,2405,33,2438,10
2020-09-30,Shasta,089,179085,1347,976,13,989,17
2020-09-30,Sierra,091,2930,6,6,0,6,0
2020-09-30,Siskiyou,093,43540,163,150,10,160,0
2020-09-30,Solano,095,438530,6494,6315,40,6355,51
2020-09-30,Sonoma,097,501317,7996,7494,22,7516,125
2020-09-30,Stanislaus,099,539301,16733,16531,548,17079,343
2020-09-30,Sutter,101,95872,1710,1680,1,1681,10
2020-09-30,Tehama,103,63373,646,594,2,596,3
2020-09-30,Trinity,105,12862,58,15,8,23,0
2020-09-30,Tulare,107,460477,16697,16117,153,16270,274
2020-09-30,Tuolumne,109,53932,234,224,5,229,2
2020-09-30,Ventura,111,848112,13705,12968,187,13155,145
2020-09-30,Yolo,113,214977,2895,2822,7,2829,55
2020-09-30,Yuba,115,75493,1113,1075,5,1080,8
2020-09-29,Alameda,001,1643700,21805,21241,183,21424,374
2020-09-29,Alpine,003,1148,3,2,0,2,0
2020-09-29,Amador,005,37829,298,294,0,294,16
2020-09-29,Butte,007,227075,2971,2848,27,2875,44
2020-09-29,Calaveras,009,45235,311,261,0,261,11
2020-09-29,Colusa,011,21464,534,534,0,534,6
2020-09-29,Contra Costa,013,1133247,17437,16716,81,16797,209
2020-09-29,Del Norte,015,27424,142,142,0,142,2
2020-09-29,El Dorado,017,186661,1240,1151,7,1158,4
2020-09-29,Fresno,019,978130,31078,28621,390,29011,394
2020-09-29,Glenn,021,27897,602,589,0,589,3
2020-09-29,Humboldt,023,135768,515,497,1,498,6
2020-09-29,Imperial,025,180216,11958,10811,8,10819,283
2020-09-29,Inyo,027,18085,195,188,4,192,14
2020-09-29,Kern,029,883053,32305,31534,330,31864,397
2020-09-29,Kings,031,150075,8029,7681,39,7720,78
2020-09-29,Lake,033,64148,597,566,0,566,11
2020-09-29,Lassen,035,31185,750,741,2,743,0
2020-09-29,Los Angeles,037,10098052,272515,269246,1936,271182,6545
2020-09-29,Madera,039,155013,4659,4453,30,4483,47
2020-09-29,Marin,041,260295,6790,6692,17,6709,91
2020-09-29,Mariposa,043,17540,77,74,0,74,2
2020-09-29,Mendocino,045,87422,925,854,4,858,17
2020-09-29,Merced,047,269075,9019,8892,22,8914,136
2020-09-29,Modoc,049,8938,29,26,0,26,0
2020-09-29,Mono,051,14174,169,149,2,151,1
2020-09-29,Monterey,053,433212,10164,9826,35,9861,70
2020-09-29,Napa,055,140530,1772,1727,8,1735,11
2020-09-29,Nevada,057,99092,551,539,17,556,6
2020-09-29,Orange,059,3164182,55778,52755,1500,54255,1231
2020-09-29,Placer,061,380077,3707,3570,13,3583,42
2020-09-29,Plumas,063,18699,51,48,0,48,0
2020-09-29,Riverside,065,2383286,60446,58863,197,59060,1208
2020-09-29,Sacramento,067,1510023,23074,22547,25,22572,425
2020-09-29,San Benito,069,59416,1350,1341,0,1341,12
2020-09-29,San Bernardino,071,2135413,55762,53753,347,54100,1012
2020-09-29,San Diego,073,3302833,48945,46987,1024,48011,781
2020-09-29,San Francisco,075,870044,11438,11142,29,11171,104
2020-09-29,San Joaquin,077,732212,20457,20094,61,20155,454
2020-09-29,San Luis Obispo,079,281455,3830,3581,18,3599,31
2020-09-29,San Mateo,081,765935,10369,9619,11,9630,127
2020-09-29,Santa Barbara,083,443738,9288,9149,79,9228,114
2020-09-29,Santa Clara,085,1922200,22526,21233,46,21279,302
2020-09-29,Santa Cruz,087,273765,2513,2383,32,2415,10
2020-09-29,Shasta,089,179085,1286,943,13,956,17
2020-09-29,Sierra,091,2930,6,6,0,6,0
2020-09-29,Siskiyou,093,43540,157,150,10,160,0
2020-09-29,Solano,095,438530,6460,6303,40,6343,51
2020-09-29,Sonoma,097,501317,7924,7426,22,7448,125
2020-09-29,Stanislaus,099,539301,16703,16505,542,17047,341
2020-09-29,Sutter,101,95872,1704,1677,1,1678,10
2020-09-29,Tehama,103,63373,628,585,2,587,2
2020-09-29,Trinity,105,12862,56,16,8,24,0
2020-09-29,Tulare,107,460477,16633,16055,146,16201,270
2020-09-29,Tuolumne,109,53932,234,224,5,229,2
2020-09-29,Ventura,111,848112,13648,12875,184,13059,145
2020-09-29,Yolo,113,214977,2882,2818,7,2825,55
2020-09-29,Yuba,115,75493,1111,1071,5,1076,8
2020-09-28,Alameda,001,1643700,21718,21133,183,21316,370
2020-09-28,Alpine,003,1148,3,2,0,2,0
2020-09-28,Amador,005,37829,296,294,0,294,16
2020-09-28,Butte,007,227075,2956,2837,27,2864,44
2020-09-28,Calaveras,009,45235,311,257,0,257,11
2020-09-28,Colusa,011,21464,533,531,0,531,6
2020-09-28,Contra Costa,013,1133247,17373,16653,81,16734,195
2020-09-28,Del Norte,015,27424,142,138,0,138,2
2020-09-28,El Dorado,017,186661,1233,1144,7,1151,4
2020-09-28,Fresno,019,978130,30997,28517,384,28901,389
2020-09-28,Glenn,021,27897,600,585,0,585,3
2020-09-28,Humboldt,023,135768,509,495,1,496,6
2020-09-28,Imperial,025,180216,11923,10777,8,10785,283
2020-09-28,Inyo,027,18085,194,188,4,192,14
2020-09-28,Kern,029,883053,32240,31481,326,31807,395
2020-09-28,Kings,031,150075,7888,7661,37,7698,78
2020-09-28,Lake,033,64148,593,559,0,559,10
2020-09-28,Lassen,035,31185,749,737,2,739,0
2020-09-28,Los Angeles,037,10098052,271409,268404,1906,270310,6508
2020-09-28,Madera,039,155013,4638,4438,30,4468,47
2020-09-28,Marin,041,260295,6774,6676,17,6693,91
2020-09-28,Mariposa,043,17540,77,74,0,74,2
2020-09-28,Mendocino,045,87422,910,850,4,854,17
2020-09-28,Merced,047,269075,8991,8869,22,8891,136
2020-09-28,Modoc,049,8938,29,26,0,26,0
2020-09-28,Mono,051,14174,169,148,2,150,1
2020-09-28,Monterey,053,433212,10099,9780,33,9813,69
2020-09-28,Napa,055,140530,1760,1705,8,1713,11
2020-09-28,Nevada,057,99092,543,538,17,555,6
2020-09-28,Orange,059,3164182,55572,52633,1491,54124,1196
2020-09-28,Placer,061,380077,3686,3572,13,3585,42
2020-09-28,Plumas,063,18699,50,48,0,48,0
2020-09-28,Riverside,065,2383286,60148,58570,188,58758,1198
2020-09-28,Sacramento,067,1510023,22927,22392,25,22417,423
2020-09-28,San Benito,069,59416,1347,1336,0,1336,11
2020-09-28,San Bernardino,071,2135413,55414,53501,347,53848,988
2020-09-28,San Diego,073,3302833,48627,46736,1004,47740,776
2020-09-28,San Francisco,075,870044,11404,11114,29,11143,100
2020-09-28,San Joaquin,077,732212,20409,19982,60,20042,448
2020-09-28,San Luis Obispo,079,281455,3809,3567,18,3585,31
2020-09-28,San Mateo,081,765935,10319,9582,11,9593,127
2020-09-28,Santa Barbara,083,443738,9270,9121,79,9200,114
2020-09-28,Santa Clara,085,1922200,22409,21180,46,21226,271
2020-09-28,Santa Cruz,087,273765,2503,2359,32,2391,9
2020-09-28,Shasta,089,179085,1232,883,10,893,17
2020-09-28,Sierra,091,2930,6,6,0,6,0
2020-09-28,Siskiyou,093,43540,157,149,10,159,0
2020-09-28,Solano,095,438530,6424,6254,40,6294,51
2020-09-28,Sonoma,097,501317,7848,7369,22,7391,125
2020-09-28,Stanislaus,099,539301,16664,16467,535,17002,336
2020-09-28,Sutter,101,95872,1697,1676,1,1677,10
2020-09-28,Tehama,103,63373,620,579,2,581,2
2020-09-28,Trinity,105,12862,56,16,8,24,0
2020-09-28,Tulare,107,460477,16580,15918,141,16059,270
2020-09-28,Tuolumne,109,53932,234,225,5,230,2
2020-09-28,Ventura,111,848112,13570,12812,178,12990,139
2020-09-28,Yolo,113,214977,2865,2809,7,2816,55
2020-09-28,Yuba,115,75493,1108,1062,5,1067,7
2020-09-27,Alameda,001,1643700,21637,21077,179,21256,370
2020-09-27,Alpine,003,1148,3,2,0,2,0
2020-09-27,Amador,005,37829,296,291,0,291,16
2020-09-27,Butte,007,227075,2944,2833,27,2860,44
2020-09-27,Calaveras,009,45235,310,257,0,257,11
2020-09-27,Colusa,011,21464,532,531,0,531,6
2020-09-27,Contra Costa,013,1133247,17271,16596,80,16676,195
2020-09-27,Del Norte,015,27424,142,138,0,138,2
2020-09-27,El Dorado,017,186661,1218,1130,7,1137,4
2020-09-27,Fresno,019,978130,30892,28441,384,28825,389
2020-09-27,Glenn,021,27897,596,576,0,576,3
2020-09-27,Humboldt,023,135768,507,492,1,493,6
2020-09-27,Imperial,025,180216,11889,10743,8,10751,283
2020-09-27,Inyo,027,18085,192,188,4,192,14
2020-09-27,Kern,029,883053,32121,31462,323,31785,395
2020-09-27,Kings,031,150075,7868,7641,37,7678,78
2020-09-27,Lake,033,64148,589,555,0,555,10
2020-09-27,Lassen,035,31185,749,737,2,739,0
2020-09-27,Los Angeles,037,10098052,270231,267754,1886,269640,6507
2020-09-27,Madera,039,155013,4609,4416,30,4446,47
2020-09-27,Marin,041,260295,6764,6663,17,6680,91
2020-09-27,Mariposa,043,17540,77,74,0,74,2
2020-09-27,Mendocino,045,87422,904,846,4,850,17
2020-09-27,Merced,047,269075,8957,8853,22,8875,136
2020-09-27,Modoc,049,8938,29,26,0,26,0
2020-09-27,Mono,051,14174,169,148,2,150,1
2020-09-27,Monterey,053,433212,10039,9724,32,9756,69
2020-09-27,Napa,055,140530,1755,1690,8,1698,11
2020-09-27,Nevada,057,99092,542,537,17,554,6
2020-09-27,Orange,059,3164182,55297,52458,1482,53940,1195
2020-09-27,Placer,061,380077,3673,3562,13,3575,42
2020-09-27,Plumas,063,18699,50,48,0,48,0
2020-09-27,Riverside,065,2383286,59852,58509,180,58689,1191
2020-09-27,Sacramento,067,1510023,22829,22356,25,22381,422
2020-09-27,San Benito,069,59416,1347,1331,0,1331,11
2020-09-27,San Bernardino,071,2135413,54978,53127,347,53474,988
2020-09-27,San Diego,073,3302833,48283,46612,987,47599,776
2020-09-27,San Francisco,075,870044,11352,11114,29,11143,100
2020-09-27,San Joaquin,077,732212,20349,19981,60,20041,448
2020-09-27,San Luis Obispo,079,281455,3789,3562,18,3580,31
2020-09-27,San Mateo,081,765935,10251,9566,11,9577,127
2020-09-27,Santa Barbara,083,443738,9249,9090,78,9168,114
2020-09-27,Santa Clara,085,1922200,22300,21091,46,21137,271
2020-09-27,Santa Cruz,087,273765,2481,2359,32,2391,9
2020-09-27,Shasta,089,179085,1189,883,9,892,17
2020-09-27,Sierra,091,2930,6,6,0,6,0
2020-09-27,Siskiyou,093,43540,156,149,10,159,0
2020-09-27,Solano,095,438530,6389,6211,40,6251,51
2020-09-27,Sonoma,097,501317,7767,7336,22,7358,124
2020-09-27,Stanislaus,099,539301,16613,16448,529,16977,336
2020-09-27,Sutter,101,95872,1690,1672,1,1673,10
2020-09-27,Tehama,103,63373,603,573,2,575,2
2020-09-27,Trinity,105,12862,56,16,8,24,0
2020-09-27,Tulare,107,460477,16502,15918,132,16050,270
2020-09-27,Tuolumne,109,53932,233,224,5,229,2
2020-09-27,Ventura,111,848112,13481,12775,169,12944,139
2020-09-27,Yolo,113,214977,2851,2796,7,2803,55
2020-09-27,Yuba,115,75493,1098,1059,5,1064,7
2020-09-26,Alameda,001,1643700,21579,21019,178,21197,370
2020-09-26,Alpine,003,1148,3,2,0,2,0
2020-09-26,Amador,005,37829,295,291,0,291,16
2020-09-26,Butte,007,227075,2936,2827,27,2854,44
2020-09-26,Calaveras,009,45235,310,257,0,257,11
2020-09-26,Colusa,011,21464,532,529,0,529,6
2020-09-26,Contra Costa,013,1133247,17228,16508,80,16588,194
2020-09-26,Del Norte,015,27424,142,138,0,138,2
2020-09-26,El Dorado,017,186661,1213,1127,7,1134,4
2020-09-26,Fresno,019,978130,30825,28336,384,28720,389
2020-09-26,Glenn,021,27897,596,576,0,576,3
2020-09-26,Humboldt,023,135768,507,491,1,492,6
2020-09-26,Imperial,025,180216,11872,10721,8,10729,283
2020-09-26,Inyo,027,18085,191,187,4,191,14
2020-09-26,Kern,029,883053,32070,31410,323,31733,394
2020-09-26,Kings,031,150075,7856,7537,37,7574,78
2020-09-26,Lake,033,64148,586,549,0,549,10
2020-09-26,Lassen,035,31185,749,737,2,739,0
2020-09-26,Los Angeles,037,10098052,269596,266931,1872,268803,6497
2020-09-26,Madera,039,155013,4593,4410,30,4440,47
2020-09-26,Marin,041,260295,6751,6641,17,6658,91
2020-09-26,Mariposa,043,17540,76,74,0,74,2
2020-09-26,Mendocino,045,87422,899,836,4,840,17
2020-09-26,Merced,047,269075,8945,8841,21,8862,136
2020-09-26,Modoc,049,8938,29,26,0,26,0
2020-09-26,Mono,051,14174,169,148,2,150,1
2020-09-26,Monterey,053,433212,10012,9651,32,9683,68
2020-09-26,Napa,055,140530,1753,1681,8,1689,11
2020-09-26,Nevada,057,99092,542,534,17,551,6
2020-09-26,Orange,059,3164182,55158,52203,1476,53679,1194
2020-09-26,Placer,061,380077,3660,3551,13,3564,42
2020-09-26,Plumas,063,18699,49,48,0,48,0
2020-09-26,Riverside,065,2383286,59717,58076,178,58254,1190
2020-09-26,Sacramento,067,1510023,22773,22269,25,22294,421
2020-09-26,San Benito,069,59416,1345,1325,0,1325,11
2020-09-26,San Bernardino,071,2135413,54845,53122,347,53469,988
2020-09-26,San Diego,073,3302833,48078,46333,973,47306,775
2020-09-26,San Francisco,075,870044,11324,11113,29,11142,100
2020-09-26,San Joaquin,077,732212,20314,19982,58,20040,449
2020-09-26,San Luis Obispo,079,281455,3773,3546,18,3564,31
2020-09-26,San Mateo,081,765935,10217,9509,11,9520,127
2020-09-26,Santa Barbara,083,443738,9238,9061,78,9139,114
2020-09-26,Santa Clara,085,1922200,22229,20967,45,21012,270
2020-09-26,Santa Cruz,087,273765,2473,2336,32,2368,9
2020-09-26,Shasta,089,179085,1139,856,8,864,17
2020-09-26,Sierra,091,2930,6,6,0,6,0
2020-09-26,Siskiyou,093,43540,155,149,10,159,0
2020-09-26,Solano,095,438530,6370,6209,40,6249,51
2020-09-26,Sonoma,097,501317,7742,7285,21,7306,124
2020-09-26,Stanislaus,099,539301,16588,16421,521,16942,336
2020-09-26,Sutter,101,95872,1685,1662,1,1663,10
2020-09-26,Tehama,103,63373,591,560,2,562,2
2020-09-26,Trinity,105,12862,54,16,8,24,0
2020-09-26,Tulare,107,460477,16476,15881,130,16011,270
2020-09-26,Tuolumne,109,53932,233,223,5,228,2
2020-09-26,Ventura,111,848112,13446,12729,168,12897,137
2020-09-26,Yolo,113,214977,2849,2789,7,2796,55
2020-09-26,Yuba,115,75493,1094,1056,5,1061,7
2020-09-25,Alameda,001,1643700,21525,20911,178,21089,367
2020-09-25,Alpine,003,1148,3,2,0,2,0
2020-09-25,Amador,005,37829,295,289,0,289,16
2020-09-25,Butte,007,227075,2931,2819,27,2846,43
2020-09-25,Calaveras,009,45235,310,257,0,257,11
2020-09-25,Colusa,011,21464,532,528,0,528,6
2020-09-25,Contra Costa,013,1133247,17169,16401,80,16481,194
2020-09-25,Del Norte,015,27424,142,138,0,138,2
2020-09-25,El Dorado,017,186661,1209,1104,7,1111,4
2020-09-25,Fresno,019,978130,30765,28199,383,28582,385
2020-09-25,Glenn,021,27897,594,570,0,570,3
2020-09-25,Humboldt,023,135768,506,489,1,490,5
2020-09-25,Imperial,025,180216,11854,10681,8,10689,283
2020-09-25,Inyo,027,18085,189,187,4,191,14
2020-09-25,Kern,029,883053,32017,31333,321,31654,393
2020-09-25,Kings,031,150075,7851,7450,37,7487,77
2020-09-25,Lake,033,64148,585,539,0,539,9
2020-09-25,Lassen,035,31185,749,737,2,739,0
2020-09-25,Los Angeles,037,10098052,268804,265713,1860,267573,6483
2020-09-25,Madera,039,155013,4574,4369,30,4399,48
2020-09-25,Marin,041,260295,6748,6622,17,6639,90
2020-09-25,Mariposa,043,17540,76,74,0,74,2
2020-09-25,Mendocino,045,87422,884,819,3,822,17
2020-09-25,Merced,047,269075,8929,8830,21,8851,135
2020-09-25,Modoc,049,8938,29,26,0,26,0
2020-09-25,Mono,051,14174,169,149,2,151,1
2020-09-25,Monterey,053,433212,9960,9581,32,9613,68
2020-09-25,Napa,055,140530,1751,1669,8,1677,11
2020-09-25,Nevada,057,99092,540,529,17,546,6
2020-09-25,Orange,059,3164182,55031,52031,1468,53499,1184
2020-09-25,Placer,061,380077,3649,3527,13,3540,41
2020-09-25,Plumas,063,18699,49,48,0,48,0
2020-09-25,Riverside,065,2383286,59541,57783,173,57956,1183
2020-09-25,Sacramento,067,1510023,22696,22132,25,22157,418
2020-09-25,San Benito,069,59416,1344,1318,0,1318,11
2020-09-25,San Bernardino,071,2135413,54691,52814,347,53161,987
2020-09-25,San Diego,073,3302833,47876,46003,957,46960,775
2020-09-25,San Francisco,075,870044,11290,11066,28,11094,100
2020-09-25,San Joaquin,077,732212,20262,19909,58,19967,449
2020-09-25,San Luis Obispo,079,281455,3761,3512,18,3530,31
2020-09-25,San Mateo,081,765935,10181,9447,11,9458,127
2020-09-25,Santa Barbara,083,443738,9214,9026,78,9104,114
2020-09-25,Santa Clara,085,1922200,22165,20812,44,20856,265
2020-09-25,Santa Cruz,087,273765,2461,2309,31,2340,9
2020-09-25,Shasta,089,179085,1105,806,8,814,16
2020-09-25,Sierra,091,2930,6,6,0,6,0
2020-09-25,Siskiyou,093,43540,155,149,10,159,0
2020-09-25,Solano,095,438530,6354,6179,40,6219,50
2020-09-25,Sonoma,097,501317,7702,7202,21,7223,124
2020-09-25,Stanislaus,099,539301,16570,16381,519,16900,326
2020-09-25,Sutter,101,95872,1682,1655,1,1656,10
2020-09-25,Tehama,103,63373,583,546,2,548,2
2020-09-25,Trinity,105,12862,54,15,8,23,0
2020-09-25,Tulare,107,460477,16436,15815,128,15943,267
2020-09-25,Tuolumne,109,53932,233,223,5,228,2
2020-09-25,Ventura,111,848112,13403,12664,165,12829,137
2020-09-25,Yolo,113,214977,2841,2784,7,2791,55
2020-09-25,Yuba,115,75493,1089,1049,5,1054,5
2020-09-24,Alameda,001,1643700,21450,20838,175,21013,364
2020-09-24,Alpine,003,1148,3,2,0,2,0
2020-09-24,Amador,005,37829,295,288,0,288,16
2020-09-24,Butte,007,227075,2920,2803,27,2830,43
2020-09-24,Calaveras,009,45235,310,258,0,258,11
2020-09-24,Colusa,011,21464,532,523,0,523,6
2020-09-24,Contra Costa,013,1133247,17087,16252,80,16332,192
2020-09-24,Del Norte,015,27424,138,137,0,137,2
2020-09-24,El Dorado,017,186661,1200,1093,7,1100,4
2020-09-24,Fresno,019,978130,30659,28106,379,28485,375
2020-09-24,Glenn,021,27897,590,567,0,567,3
2020-09-24,Humboldt,023,135768,503,482,1,483,5
2020-09-24,Imperial,025,180216,11830,10622,8,10630,283
2020-09-24,Inyo,027,18085,189,187,4,191,13
2020-09-24,Kern,029,883053,31954,31273,319,31592,388
2020-09-24,Kings,031,150075,7835,7428,37,7465,76
2020-09-24,Lake,033,64148,576,531,0,531,9
2020-09-24,Lassen,035,31185,748,737,2,739,0
2020-09-24,Los Angeles,037,10098052,267762,264374,1843,266217,6452
2020-09-24,Madera,039,155013,4555,4344,30,4374,48
2020-09-24,Marin,041,260295,6720,6588,17,6605,85
2020-09-24,Mariposa,043,17540,76,74,0,74,2
2020-09-24,Mendocino,045,87422,880,810,3,813,17
2020-09-24,Merced,047,269075,8900,8813,20,8833,135
2020-09-24,Modoc,049,8938,29,24,0,24,0
2020-09-24,Mono,051,14174,169,149,2,151,1
2020-09-24,Monterey,053,433212,9894,9544,30,9574,67
2020-09-24,Napa,055,140530,1739,1661,8,1669,11
2020-09-24,Nevada,057,99092,539,527,17,544,6
2020-09-24,Orange,059,3164182,54823,51749,1450,53199,1164
2020-09-24,Placer,061,380077,3634,3514,13,3527,41
2020-09-24,Plumas,063,18699,49,48,0,48,0
2020-09-24,Riverside,065,2383286,59275,57491,167,57658,1172
2020-09-24,Sacramento,067,1510023,22570,21985,24,22009,417
2020-09-24,San Benito,069,59416,1342,1308,0,1308,11
2020-09-24,San Bernardino,071,2135413,54354,52455,346,52801,988
2020-09-24,San Diego,073,3302833,47607,45598,942,46540,773
2020-09-24,San Francisco,075,870044,11243,10992,28,11020,99
2020-09-24,San Joaquin,077,732212,20224,19851,56,19907,444
2020-09-24,San Luis Obispo,079,281455,3745,3480,18,3498,31
2020-09-24,San Mateo,081,765935,10133,9376,11,9387,127
2020-09-24,Santa Barbara,083,443738,9161,8988,77,9065,114
2020-09-24,Santa Clara,085,1922200,22077,20689,44,20733,262
2020-09-24,Santa Cruz,087,273765,2441,2300,29,2329,9
2020-09-24,Shasta,089,179085,1068,773,5,778,14
2020-09-24,Sierra,091,2930,6,6,0,6,0
2020-09-24,Siskiyou,093,43540,155,149,10,159,0
2020-09-24,Solano,095,438530,6321,6137,40,6177,49
2020-09-24,Sonoma,097,501317,7621,7163,21,7184,122
2020-09-24,Stanislaus,099,539301,16533,16326,514,16840,326
2020-09-24,Sutter,101,95872,1679,1646,1,1647,10
2020-09-24,Tehama,103,63373,580,540,2,542,2
2020-09-24,Trinity,105,12862,54,15,8,23,0
2020-09-24,Tulare,107,460477,16371,15754,127,15881,267
2020-09-24,Tuolumne,109,53932,233,224,5,229,2
2020-09-24,Ventura,111,848112,13321,12617,164,12781,138
2020-09-24,Yolo,113,214977,2834,2776,7,2783,55
2020-09-24,Yuba,115,75493,1084,1042,5,1047,5
2020-09-23,Alameda,001,1643700,21382,20718,173,20891,361
2020-09-23,Alpine,003,1148,3,2,0,2,0
2020-09-23,Amador,005,37829,294,288,0,288,16
2020-09-23,Butte,007,227075,2912,2790,27,2817,43
2020-09-23,Calaveras,009,45235,309,258,0,258,11
2020-09-23,Colusa,011,21464,531,521,0,521,6
2020-09-23,Contra Costa,013,1133247,17025,16167,79,16246,192
2020-09-23,Del Norte,015,27424,136,137,0,137,2
2020-09-23,El Dorado,017,186661,1186,1088,7,1095,4
2020-09-23,Fresno,019,978130,30564,28019,377,28396,371
2020-09-23,Glenn,021,27897,583,561,0,561,3
2020-09-23,Humboldt,023,135768,499,477,1,478,5
2020-09-23,Imperial,025,180216,11804,10587,8,10595,284
2020-09-23,Inyo,027,18085,188,177,4,181,13
2020-09-23,Kern,029,883053,31910,31172,317,31489,387
2020-09-23,Kings,031,150075,7813,7406,37,7443,76
2020-09-23,Lake,033,64148,571,519,0,519,9
2020-09-23,Lassen,035,31185,748,736,2,738,0
2020-09-23,Los Angeles,037,10098052,266746,263318,1814,265132,6421
2020-09-23,Madera,039,155013,4540,4311,30,4341,48
2020-09-23,Marin,041,260295,6701,6567,17,6584,85
2020-09-23,Mariposa,043,17540,76,74,0,74,2
2020-09-23,Mendocino,045,87422,879,801,2,803,17
2020-09-23,Merced,047,269075,8879,8785,18,8803,134
2020-09-23,Modoc,049,8938,29,24,0,24,0
2020-09-23,Mono,051,14174,169,149,2,151,1
2020-09-23,Monterey,053,433212,9825,9452,29,9481,67
2020-09-23,Napa,055,140530,1730,1653,8,1661,11
2020-09-23,Nevada,057,99092,538,523,17,540,6
2020-09-23,Orange,059,3164182,54596,51658,1442,53100,1155
2020-09-23,Placer,061,380077,3622,3506,13,3519,41
2020-09-23,Plumas,063,18699,49,48,0,48,0
2020-09-23,Riverside,065,2383286,58969,57257,164,57421,1165
2020-09-23,Sacramento,067,1510023,22493,21821,24,21845,415
2020-09-23,San Benito,069,59416,1336,1305,0,1305,10
2020-09-23,San Bernardino,071,2135413,54061,52132,344,52476,973
2020-09-23,San Diego,073,3302833,47331,45427,923,46350,767
2020-09-23,San Francisco,075,870044,11194,10926,28,10954,95
2020-09-23,San Joaquin,077,732212,20170,19785,56,19841,439
2020-09-23,San Luis Obispo,079,281455,3727,3447,18,3465,31
2020-09-23,San Mateo,081,765935,10093,9351,11,9362,127
2020-09-23,Santa Barbara,083,443738,9132,8952,77,9029,112
2020-09-23,Santa Clara,085,1922200,21966,20575,41,20616,260
2020-09-23,Santa Cruz,087,273765,2422,2283,29,2312,9
2020-09-23,Shasta,089,179085,1029,756,4,760,14
2020-09-23,Sierra,091,2930,6,6,0,6,0
2020-09-23,Siskiyou,093,43540,155,149,10,159,0
2020-09-23,Solano,095,438530,6295,6123,40,6163,50
2020-09-23,Sonoma,097,501317,7545,7091,21,7112,122
2020-09-23,Stanislaus,099,539301,16503,16271,511,16782,317
2020-09-23,Sutter,101,95872,1675,1646,1,1647,10
2020-09-23,Tehama,103,63373,574,533,2,535,2
2020-09-23,Trinity,105,12862,53,15,8,23,0
2020-09-23,Tulare,107,460477,16306,15664,126,15790,266
2020-09-23,Tuolumne,109,53932,233,223,5,228,2
2020-09-23,Ventura,111,848112,13265,12591,162,12753,137
2020-09-23,Yolo,113,214977,2816,2766,7,2773,55
2020-09-23,Yuba,115,75493,1082,1038,5,1043,5
2020-09-22,Alameda,001,1643700,21302,20607,171,20778,355
2020-09-22,Alpine,003,1148,2,2,0,2,0
2020-09-22,Amador,005,37829,293,287,0,287,16
2020-09-22,Butte,007,227075,2907,2776,27,2803,43
2020-09-22,Calaveras,009,45235,309,258,0,258,11
2020-09-22,Colusa,011,21464,529,518,0,518,6
2020-09-22,Contra Costa,013,1133247,16935,16090,79,16169,190
2020-09-22,Del Norte,015,27424,136,137,0,137,2
2020-09-22,El Dorado,017,186661,1167,1076,7,1083,4
2020-09-22,Fresno,019,978130,30469,27944,374,28318,369
2020-09-22,Glenn,021,27897,580,560,0,560,3
2020-09-22,Humboldt,023,135768,498,476,1,477,5
2020-09-22,Imperial,025,180216,11775,10529,8,10537,284
2020-09-22,Inyo,027,18085,188,177,4,181,13
2020-09-22,Kern,029,883053,31842,31110,310,31420,383
2020-09-22,Kings,031,150075,7756,7395,36,7431,76
2020-09-22,Lake,033,64148,563,516,0,516,9
2020-09-22,Lassen,035,31185,747,736,2,738,0
2020-09-22,Los Angeles,037,10098052,265680,262117,1789,263906,6394
2020-09-22,Madera,039,155013,4524,4303,30,4333,47
2020-09-22,Marin,041,260295,6687,6561,17,6578,84
2020-09-22,Mariposa,043,17540,76,74,0,74,2
2020-09-22,Mendocino,045,87422,859,794,1,795,18
2020-09-22,Merced,047,269075,8849,8769,18,8787,132
2020-09-22,Modoc,049,8938,29,24,0,24,0
2020-09-22,Mono,051,14174,168,149,2,151,1
2020-09-22,Monterey,053,433212,9767,9393,28,9421,67
2020-09-22,Napa,055,140530,1713,1652,8,1660,11
2020-09-22,Nevada,057,99092,538,523,17,540,6
2020-09-22,Orange,059,3164182,54346,51528,1433,52961,1132
2020-09-22,Placer,061,380077,3610,3492,13,3505,40
2020-09-22,Plumas,063,18699,49,48,0,48,0
2020-09-22,Riverside,065,2383286,58485,57066,160,57226,1162
2020-09-22,Sacramento,067,1510023,22373,21745,24,21769,410
2020-09-22,San Benito,069,59416,1331,1305,0,1305,10
2020-09-22,San Bernardino,071,2135413,53787,51899,344,52243,971
2020-09-22,San Diego,073,3302833,47024,45149,904,46053,765
2020-09-22,San Francisco,075,870044,11150,10893,27,10920,95
2020-09-22,San Joaquin,077,732212,20123,19755,55,19810,426
2020-09-22,San Luis Obispo,079,281455,3705,3420,18,3438,31
2020-09-22,San Mateo,081,765935,10055,9291,11,9302,127
2020-09-22,Santa Barbara,083,443738,9102,8927,76,9003,111
2020-09-22,Santa Clara,085,1922200,21847,20514,41,20555,253
2020-09-22,Santa Cruz,087,273765,2399,2264,29,2293,8
2020-09-22,Shasta,089,179085,994,723,4,727,14
2020-09-22,Sierra,091,2930,6,6,0,6,0
2020-09-22,Siskiyou,093,43540,155,149,10,159,0
2020-09-22,Solano,095,438530,6264,6107,40,6147,48
2020-09-22,Sonoma,097,501317,7466,7068,20,7088,117
2020-09-22,Stanislaus,099,539301,16480,16231,504,16735,316
2020-09-22,Sutter,101,95872,1669,1638,1,1639,10
2020-09-22,Tehama,103,63373,566,529,2,531,2
2020-09-22,Trinity,105,12862,53,15,8,23,0
2020-09-22,Tulare,107,460477,16239,15616,122,15738,263
2020-09-22,Tuolumne,109,53932,232,224,5,229,1
2020-09-22,Ventura,111,848112,13213,12507,158,12665,136
2020-09-22,Yolo,113,214977,2809,2763,7,2770,54
2020-09-22,Yuba,115,75493,1073,1035,5,1040,5
2020-09-21,Alameda,001,1643700,21223,20501,170,20671,343
2020-09-21,Alpine,003,1148,2,2,0,2,0
2020-09-21,Amador,005,37829,291,286,0,286,16
2020-09-21,Butte,007,227075,2893,2769,27,2796,41
2020-09-21,Calaveras,009,45235,307,256,0,256,10
2020-09-21,Colusa,011,21464,528,517,0,517,6
2020-09-21,Contra Costa,013,1133247,16848,16008,79,16087,189
2020-09-21,Del Norte,015,27424,136,132,0,132,2
2020-09-21,El Dorado,017,186661,1158,1074,7,1081,4
2020-09-21,Fresno,019,978130,30367,27843,367,28210,362
2020-09-21,Glenn,021,27897,576,556,0,556,3
2020-09-21,Humboldt,023,135768,494,473,1,474,5
2020-09-21,Imperial,025,180216,11744,10521,8,10529,284
2020-09-21,Inyo,027,18085,187,177,4,181,12
2020-09-21,Kern,029,883053,31770,31031,308,31339,379
2020-09-21,Kings,031,150075,7643,7297,35,7332,76
2020-09-21,Lake,033,64148,558,508,0,508,8
2020-09-21,Lassen,035,31185,745,735,2,737,0
2020-09-21,Los Angeles,037,10098052,264594,261418,1744,263162,6360
2020-09-21,Madera,039,155013,4513,4275,29,4304,47
2020-09-21,Marin,041,260295,6676,6538,16,6554,84
2020-09-21,Mariposa,043,17540,75,74,0,74,2
2020-09-21,Mendocino,045,87422,844,778,0,778,18
2020-09-21,Merced,047,269075,8830,8749,16,8765,128
2020-09-21,Modoc,049,8938,29,22,0,22,0
2020-09-21,Mono,051,14174,168,147,2,149,1
2020-09-21,Monterey,053,433212,9703,9331,25,9356,66
2020-09-21,Napa,055,140530,1702,1641,8,1649,11
2020-09-21,Nevada,057,99092,536,515,17,532,6
2020-09-21,Orange,059,3164182,54123,51363,1426,52789,1110
2020-09-21,Placer,061,380077,3600,3473,13,3486,40
2020-09-21,Plumas,063,18699,49,47,0,47,0
2020-09-21,Riverside,065,2383286,58213,57001,153,57154,1153
2020-09-21,Sacramento,067,1510023,22192,21568,24,21592,404
2020-09-21,San Benito,069,59416,1329,1298,0,1298,10
2020-09-21,San Bernardino,071,2135413,53501,51654,344,51998,970
2020-09-21,San Diego,073,3302833,46740,44927,883,45810,760
2020-09-21,San Francisco,075,870044,11102,10743,27,10770,95
2020-09-21,San Joaquin,077,732212,20065,19579,55,19634,423
2020-09-21,San Luis Obispo,079,281455,3679,3406,18,3424,27
2020-09-21,San Mateo,081,765935,10003,9239,11,9250,127
2020-09-21,Santa Barbara,083,443738,9074,8911,76,8987,110
2020-09-21,Santa Clara,085,1922200,21746,20432,41,20473,252
2020-09-21,Santa Cruz,087,273765,2382,2257,27,2284,8
2020-09-21,Shasta,089,179085,944,696,4,700,14
2020-09-21,Sierra,091,2930,6,6,0,6,0
2020-09-21,Siskiyou,093,43540,155,146,10,156,0
2020-09-21,Solano,095,438530,6240,6019,40,6059,46
2020-09-21,Sonoma,097,501317,7390,7017,20,7037,117
2020-09-21,Stanislaus,099,539301,16450,16186,504,16690,310
2020-09-21,Sutter,101,95872,1662,1634,1,1635,10
2020-09-21,Tehama,103,63373,547,513,2,515,2
2020-09-21,Trinity,105,12862,53,15,8,23,0
2020-09-21,Tulare,107,460477,16165,15528,113,15641,260
2020-09-21,Tuolumne,109,53932,232,221,5,226,1
2020-09-21,Ventura,111,848112,13129,12477,152,12629,133
2020-09-21,Yolo,113,214977,2803,2752,7,2759,54
2020-09-21,Yuba,115,75493,1069,1033,5,1038,1
2020-09-20,Alameda,001,1643700,21123,20425,167,20592,343
2020-09-20,Alpine,003,1148,2,2,0,2,0
2020-09-20,Amador,005,37829,290,286,0,286,16
2020-09-20,Butte,007,227075,2881,2764,27,2791,39
2020-09-20,Calaveras,009,45235,303,256,0,256,10
2020-09-20,Colusa,011,21464,526,510,0,510,6
2020-09-20,Contra Costa,013,1133247,16714,15917,78,15995,189
2020-09-20,Del Norte,015,27424,134,132,0,132,2
2020-09-20,El Dorado,017,186661,1143,1073,7,1080,4
2020-09-20,Fresno,019,978130,30253,27769,362,28131,362
2020-09-20,Glenn,021,27897,572,550,0,550,3
2020-09-20,Humboldt,023,135768,494,472,1,473,5
2020-09-20,Imperial,025,180216,11717,10496,7,10503,284
2020-09-20,Inyo,027,18085,187,177,4,181,12
2020-09-20,Kern,029,883053,31687,30992,304,31296,379
2020-09-20,Kings,031,150075,7596,7159,34,7193,76
2020-09-20,Lake,033,64148,546,492,0,492,8
2020-09-20,Lassen,035,31185,745,735,2,737,0
2020-09-20,Los Angeles,037,10098052,263363,260770,1719,262489,6347
2020-09-20,Madera,039,155013,4493,4257,29,4286,47
2020-09-20,Marin,041,260295,6650,6533,16,6549,83
2020-09-20,Mariposa,043,17540,75,74,0,74,2
2020-09-20,Mendocino,045,87422,832,765,0,765,18
2020-09-20,Merced,047,269075,8803,8745,16,8761,128
2020-09-20,Modoc,049,8938,27,22,0,22,0
2020-09-20,Mono,051,14174,167,147,2,149,1
2020-09-20,Monterey,053,433212,9624,9312,25,9337,65
2020-09-20,Napa,055,140530,1693,1626,8,1634,11
2020-09-20,Nevada,057,99092,533,511,17,528,6
2020-09-20,Orange,059,3164182,53882,51233,1416,52649,1110
2020-09-20,Placer,061,380077,3585,3452,13,3465,40
2020-09-20,Plumas,063,18699,49,47,0,47,0
2020-09-20,Riverside,065,2383286,58012,56783,147,56930,1147
2020-09-20,Sacramento,067,1510023,22005,21394,23,21417,401
2020-09-20,San Benito,069,59416,1318,1291,0,1291,9
2020-09-20,San Bernardino,071,2135413,53182,51559,342,51901,970
2020-09-20,San Diego,073,3302833,46367,44579,854,45433,760
2020-09-20,San Francisco,075,870044,11048,10743,27,10770,95
2020-09-20,San Joaquin,077,732212,20000,19578,48,19626,423
2020-09-20,San Luis Obispo,079,281455,3652,3393,18,3411,27
2020-09-20,San Mateo,081,765935,9937,9198,11,9209,127
2020-09-20,Santa Barbara,083,443738,9038,8880,75,8955,110
2020-09-20,Santa Clara,085,1922200,21626,20330,40,20370,252
2020-09-20,Santa Cruz,087,273765,2362,2199,27,2226,8
2020-09-20,Shasta,089,179085,903,696,3,699,14
2020-09-20,Sierra,091,2930,6,6,0,6,0
2020-09-20,Siskiyou,093,43540,155,146,10,156,0
2020-09-20,Solano,095,438530,6196,6020,40,6060,46
2020-09-20,Sonoma,097,501317,7286,6954,20,6974,117
2020-09-20,Stanislaus,099,539301,16419,16159,497,16656,310
2020-09-20,Sutter,101,95872,1656,1624,1,1625,10
2020-09-20,Tehama,103,63373,534,509,2,511,2
2020-09-20,Trinity,105,12862,53,15,8,23,0
2020-09-20,Tulare,107,460477,16079,15528,107,15635,260
2020-09-20,Tuolumne,109,53932,232,221,5,226,1
2020-09-20,Ventura,111,848112,13063,12406,148,12554,133
2020-09-20,Yolo,113,214977,2795,2745,7,2752,54
2020-09-20,Yuba,115,75493,1062,1029,5,1034,1
2020-09-19,Alameda,001,1643700,21073,20349,164,20513,343
2020-09-19,Alpine,003,1148,2,2,0,2,0
2020-09-19,Amador,005,37829,290,285,0,285,16
2020-09-19,Butte,007,227075,2875,2748,27,2775,38
2020-09-19,Calaveras,009,45235,303,256,0,256,10
2020-09-19,Colusa,011,21464,526,507,0,507,6
2020-09-19,Contra Costa,013,1133247,16651,15783,78,15861,186
2020-09-19,Del Norte,015,27424,133,132,0,132,2
2020-09-19,El Dorado,017,186661,1137,1068,6,1074,4
2020-09-19,Fresno,019,978130,30180,27668,362,28030,362
2020-09-19,Glenn,021,27897,569,547,0,547,3
2020-09-19,Humboldt,023,135768,493,471,1,472,5
2020-09-19,Imperial,025,180216,11702,10496,7,10503,284
2020-09-19,Inyo,027,18085,187,177,4,181,12
2020-09-19,Kern,029,883053,31633,30886,301,31187,379
2020-09-19,Kings,031,150075,7590,7130,34,7164,76
2020-09-19,Lake,033,64148,546,465,0,465,8
2020-09-19,Lassen,035,31185,745,731,2,733,0
2020-09-19,Los Angeles,037,10098052,262737,259801,1705,261506,6325
2020-09-19,Madera,039,155013,4470,4237,29,4266,47
2020-09-19,Marin,041,260295,6643,6513,15,6528,81
2020-09-19,Mariposa,043,17540,75,74,0,74,2
2020-09-19,Mendocino,045,87422,829,750,0,750,18
2020-09-19,Merced,047,269075,8792,8717,15,8732,128
2020-09-19,Modoc,049,8938,27,22,0,22,0
2020-09-19,Mono,051,14174,167,147,2,149,1
2020-09-19,Monterey,053,433212,9582,9237,25,9262,65
2020-09-19,Napa,055,140530,1685,1614,8,1622,11
2020-09-19,Nevada,057,99092,531,505,17,522,6
2020-09-19,Orange,059,3164182,53754,50999,1409,52408,1105
2020-09-19,Placer,061,380077,3576,3412,13,3425,40
2020-09-19,Plumas,063,18699,49,47,0,47,0
2020-09-19,Riverside,065,2383286,57885,56562,146,56708,1147
2020-09-19,Sacramento,067,1510023,21951,21297,23,21320,396
2020-09-19,San Benito,069,59416,1314,1276,0,1276,9
2020-09-19,San Bernardino,071,2135413,53026,51353,339,51692,971
2020-09-19,San Diego,073,3302833,46139,44295,831,45126,773
2020-09-19,San Francisco,075,870044,11015,10741,27,10768,95
2020-09-19,San Joaquin,077,732212,19963,19580,48,19628,424
2020-09-19,San Luis Obispo,079,281455,3631,3369,18,3387,27
2020-09-19,San Mateo,081,765935,9906,9158,11,9169,127
2020-09-19,Santa Barbara,083,443738,9018,8862,75,8937,106
2020-09-19,Santa Clara,085,1922200,21537,20170,40,20210,251
2020-09-19,Santa Cruz,087,273765,2348,2198,26,2224,8
2020-09-19,Shasta,089,179085,876,687,3,690,14
2020-09-19,Sierra,091,2930,6,6,0,6,0
2020-09-19,Siskiyou,093,43540,155,146,10,156,0
2020-09-19,Solano,095,438530,6180,5998,40,6038,46
2020-09-19,Sonoma,097,501317,7253,6905,20,6925,117
2020-09-19,Stanislaus,099,539301,16379,16109,490,16599,313
2020-09-19,Sutter,101,95872,1655,1602,1,1603,10
2020-09-19,Tehama,103,63373,529,498,2,500,2
2020-09-19,Trinity,105,12862,53,15,8,23,0
2020-09-19,Tulare,107,460477,16030,15485,104,15589,260
2020-09-19,Tuolumne,109,53932,232,217,5,222,1
2020-09-19,Ventura,111,848112,13031,12328,148,12476,133
2020-09-19,Yolo,113,214977,2787,2739,7,2746,54
2020-09-19,Yuba,115,75493,1055,1023,5,1028,1
2020-09-18,Alameda,001,1643700,21008,20222,158,20380,341
2020-09-18,Alpine,003,1148,2,2,0,2,0
2020-09-18,Amador,005,37829,290,285,0,285,16
2020-09-18,Butte,007,227075,2873,2738,27,2765,37
2020-09-18,Calaveras,009,45235,303,255,0,255,9
2020-09-18,Colusa,011,21464,526,504,0,504,6
2020-09-18,Contra Costa,013,1133247,16566,15667,78,15745,185
2020-09-18,Del Norte,015,27424,133,131,0,131,2
2020-09-18,El Dorado,017,186661,1124,1063,6,1069,4
2020-09-18,Fresno,019,978130,30115,27560,362,27922,359
2020-09-18,Glenn,021,27897,566,541,0,541,3
2020-09-18,Humboldt,023,135768,490,470,1,471,5
2020-09-18,Imperial,025,180216,11687,10460,7,10467,283
2020-09-18,Inyo,027,18085,187,177,4,181,12
2020-09-18,Kern,029,883053,31575,30742,298,31040,373
2020-09-18,Kings,031,150075,7580,7062,34,7096,74
2020-09-18,Lake,033,64148,540,458,0,458,8
2020-09-18,Lassen,035,31185,744,731,2,733,0
2020-09-18,Los Angeles,037,10098052,261976,258488,1687,260175,6324
2020-09-18,Madera,039,155013,4458,4211,29,4240,45
2020-09-18,Marin,041,260295,6628,6475,15,6490,81
2020-09-18,Mariposa,043,17540,75,74,0,74,2
2020-09-18,Mendocino,045,87422,821,739,0,739,18
2020-09-18,Merced,047,269075,8780,8691,14,8705,127
2020-09-18,Modoc,049,8938,27,22,0,22,0
2020-09-18,Mono,051,14174,165,147,2,149,1
2020-09-18,Monterey,053,433212,9541,9183,25,9208,64
2020-09-18,Napa,055,140530,1679,1604,8,1612,11
2020-09-18,Nevada,057,99092,528,504,17,521,6
2020-09-18,Orange,059,3164182,53607,50733,1397,52130,1107
2020-09-18,Placer,061,380077,3565,3389,13,3402,40
2020-09-18,Plumas,063,18699,49,45,0,45,0
2020-09-18,Riverside,065,2383286,57763,56248,141,56389,1143
2020-09-18,Sacramento,067,1510023,21868,21105,23,21128,391
2020-09-18,San Benito,069,59416,1306,1257,0,1257,8
2020-09-18,San Bernardino,071,2135413,52881,51106,336,51442,970
2020-09-18,San Diego,073,3302833,45889,44009,826,44835,757
2020-09-18,San Francisco,075,870044,10977,10644,26,10670,95
2020-09-18,San Joaquin,077,732212,19919,19531,47,19578,423
2020-09-18,San Luis Obispo,079,281455,3607,3328,18,3346,27
2020-09-18,San Mateo,081,765935,9866,9062,11,9073,127
2020-09-18,Santa Barbara,083,443738,8997,8824,75,8899,107
2020-09-18,Santa Clara,085,1922200,21439,20058,40,20098,252
2020-09-18,Santa Cruz,087,273765,2327,2180,25,2205,8
2020-09-18,Shasta,089,179085,841,668,3,671,14
2020-09-18,Sierra,091,2930,6,6,0,6,0
2020-09-18,Siskiyou,093,43540,154,146,10,156,0
2020-09-18,Solano,095,438530,6164,5961,40,6001,46
2020-09-18,Sonoma,097,501317,7205,6856,20,6876,114
2020-09-18,Stanislaus,099,539301,16351,16042,484,16526,277
2020-09-18,Sutter,101,95872,1648,1586,1,1587,10
2020-09-18,Tehama,103,63373,529,490,2,492,2
2020-09-18,Trinity,105,12862,53,15,7,22,0
2020-09-18,Tulare,107,460477,15997,15435,100,15535,259
2020-09-18,Tuolumne,109,53932,231,216,5,221,1
2020-09-18,Ventura,111,848112,12970,12236,144,12380,133
2020-09-18,Yolo,113,214977,2781,2732,7,2739,54
2020-09-18,Yuba,115,75493,1051,1020,5,1025,1
2020-09-17,Alameda,001,1643700,20909,20146,158,20304,339
2020-09-17,Alpine,003,1148,2,2,0,2,0
2020-09-17,Amador,005,37829,288,284,0,284,16
2020-09-17,Butte,007,227075,2855,2720,27,2747,38
2020-09-17,Calaveras,009,45235,303,254,0,254,9
2020-09-17,Colusa,011,21464,524,499,0,499,6
2020-09-17,Contra Costa,013,1133247,16478,15576,78,15654,184
2020-09-17,Del Norte,015,27424,133,131,0,131,2
2020-09-17,El Dorado,017,186661,1115,1057,6,1063,4
2020-09-17,Fresno,019,978130,30006,27487,357,27844,355
2020-09-17,Glenn,021,27897,565,541,0,541,3
2020-09-17,Humboldt,023,135768,484,466,1,467,5
2020-09-17,Imperial,025,180216,11670,10436,7,10443,281
2020-09-17,Inyo,027,18085,187,176,4,180,12
2020-09-17,Kern,029,883053,31514,30627,291,30918,372
2020-09-17,Kings,031,150075,7509,7015,34,7049,72
2020-09-17,Lake,033,64148,530,433,0,433,8
2020-09-17,Lassen,035,31185,742,731,2,733,0
2020-09-17,Los Angeles,037,10098052,261033,257246,1673,258919,6318
2020-09-17,Madera,039,155013,4424,4152,29,4181,45
2020-09-17,Marin,041,260295,6607,6457,15,6472,81
2020-09-17,Mariposa,043,17540,75,74,0,74,2
2020-09-17,Mendocino,045,87422,810,737,0,737,18
2020-09-17,Merced,047,269075,8761,8671,14,8685,119
2020-09-17,Modoc,049,8938,27,22,0,22,0
2020-09-17,Mono,051,14174,165,147,2,149,1
2020-09-17,Monterey,053,433212,9479,9113,25,9138,62
2020-09-17,Napa,055,140530,1668,1592,8,1600,11
2020-09-17,Nevada,057,99092,526,494,17,511,6
2020-09-17,Orange,059,3164182,53426,50537,1385,51922,1098
2020-09-17,Placer,061,380077,3544,3368,13,3381,40
2020-09-17,Plumas,063,18699,49,45,0,45,0
2020-09-17,Riverside,065,2383286,57537,56007,140,56147,1134
2020-09-17,Sacramento,067,1510023,21633,20895,23,20918,385
2020-09-17,San Benito,069,59416,1304,1252,0,1252,8
2020-09-17,San Bernardino,071,2135413,52679,50770,336,51106,904
2020-09-17,San Diego,073,3302833,45609,43621,814,44435,754
2020-09-17,San Francisco,075,870044,10883,10564,26,10590,95
2020-09-17,San Joaquin,077,732212,19860,19439,47,19486,416
2020-09-17,San Luis Obispo,079,281455,3577,3299,18,3317,27
2020-09-17,San Mateo,081,765935,9824,8984,11,8995,127
2020-09-17,Santa Barbara,083,443738,8973,8779,75,8854,107
2020-09-17,Santa Clara,085,1922200,21322,19825,40,19865,254
2020-09-17,Santa Cruz,087,273765,2311,2155,25,2180,7
2020-09-17,Shasta,089,179085,802,660,3,663,12
2020-09-17,Sierra,091,2930,6,6,0,6,0
2020-09-17,Siskiyou,093,43540,154,146,10,156,0
2020-09-17,Solano,095,438530,6141,5915,40,5955,44
2020-09-17,Sonoma,097,501317,7141,6754,20,6774,114
2020-09-17,Stanislaus,099,539301,16318,15984,480,16464,277
2020-09-17,Sutter,101,95872,1643,1572,1,1573,10
2020-09-17,Tehama,103,63373,515,487,2,489,2
2020-09-17,Trinity,105,12862,53,15,7,22,0
2020-09-17,Tulare,107,460477,15944,15344,98,15442,258
2020-09-17,Tuolumne,109,53932,230,214,5,219,1
2020-09-17,Ventura,111,848112,12883,12167,141,12308,130
2020-09-17,Yolo,113,214977,2772,2724,7,2731,53
2020-09-17,Yuba,115,75493,1047,1015,5,1020,1
2020-09-16,Alameda,001,1643700,20811,20009,156,20165,333
2020-09-16,Alpine,003,1148,2,2,0,2,0
2020-09-16,Amador,005,37829,288,284,0,284,16
2020-09-16,Butte,007,227075,2845,2704,26,2730,38
2020-09-16,Calaveras,009,45235,303,254,0,254,9
2020-09-16,Colusa,011,21464,522,497,0,497,6
2020-09-16,Contra Costa,013,1133247,16392,15473,78,15551,183
2020-09-16,Del Norte,015,27424,133,131,0,131,2
2020-09-16,El Dorado,017,186661,1107,1049,6,1055,4
2020-09-16,Fresno,019,978130,29899,27381,355,27736,343
2020-09-16,Glenn,021,27897,563,539,0,539,3
2020-09-16,Humboldt,023,135768,483,455,1,456,4
2020-09-16,Imperial,025,180216,11647,10401,7,10408,277
2020-09-16,Inyo,027,18085,186,176,4,180,12
2020-09-16,Kern,029,883053,31454,30570,290,30860,371
2020-09-16,Kings,031,150075,7484,7002,32,7034,71
2020-09-16,Lake,033,64148,519,417,0,417,6
2020-09-16,Lassen,035,31185,741,730,2,732,0
2020-09-16,Los Angeles,037,10098052,260053,256101,1656,257757,6299
2020-09-16,Madera,039,155013,4401,4138,29,4167,45
2020-09-16,Marin,041,260295,6579,6430,15,6445,77
2020-09-16,Mariposa,043,17540,75,74,0,74,2
2020-09-16,Mendocino,045,87422,801,727,0,727,18
2020-09-16,Merced,047,269075,8740,8646,14,8660,118
2020-09-16,Modoc,049,8938,27,22,0,22,0
2020-09-16,Mono,051,14174,165,147,2,149,1
2020-09-16,Monterey,053,433212,9425,8997,25,9022,62
2020-09-16,Napa,055,140530,1654,1587,8,1595,11
2020-09-16,Nevada,057,99092,521,495,16,511,6
2020-09-16,Orange,059,3164182,53225,50414,1376,51790,1096
2020-09-16,Placer,061,380077,3526,3351,13,3364,39
2020-09-16,Plumas,063,18699,49,45,0,45,0
2020-09-16,Riverside,065,2383286,57343,55811,132,55943,1127
2020-09-16,Sacramento,067,1510023,21538,20610,23,20633,377
2020-09-16,San Benito,069,59416,1296,1244,0,1244,8
2020-09-16,San Bernardino,071,2135413,52454,50509,335,50844,907
2020-09-16,San Diego,073,3302833,45317,43447,793,44240,748
2020-09-16,San Francisco,075,870044,10836,10502,26,10528,90
2020-09-16,San Joaquin,077,732212,19806,19377,46,19423,409
2020-09-16,San Luis Obispo,079,281455,3546,3285,18,3303,28
2020-09-16,San Mateo,081,765935,9759,8944,11,8955,127
2020-09-16,Santa Barbara,083,443738,8940,8764,75,8839,107
2020-09-16,Santa Clara,085,1922200,21203,19684,40,19724,253
2020-09-16,Santa Cruz,087,273765,2270,2089,24,2113,7
2020-09-16,Shasta,089,179085,776,635,3,638,11
2020-09-16,Sierra,091,2930,6,6,0,6,0
2020-09-16,Siskiyou,093,43540,153,145,10,155,0
2020-09-16,Solano,095,438530,6112,5899,40,5939,44
2020-09-16,Sonoma,097,501317,7080,6731,20,6751,104
2020-09-16,Stanislaus,099,539301,16270,15897,472,16369,263
2020-09-16,Sutter,101,95872,1630,1567,1,1568,10
2020-09-16,Tehama,103,63373,507,485,2,487,2
2020-09-16,Trinity,105,12862,53,15,7,22,0
2020-09-16,Tulare,107,460477,15899,15314,91,15405,258
2020-09-16,Tuolumne,109,53932,229,210,5,215,1
2020-09-16,Ventura,111,848112,12812,12073,139,12212,130
2020-09-16,Yolo,113,214977,2765,2709,7,2716,53
2020-09-16,Yuba,115,75493,1045,1000,5,1005,1
2020-09-15,Alameda,001,1643700,20704,19931,153,20084,327
2020-09-15,Alpine,003,1148,2,2,0,2,0
2020-09-15,Amador,005,37829,287,282,0,282,16
2020-09-15,Butte,007,227075,2832,2695,24,2719,38
2020-09-15,Calaveras,009,45235,303,248,0,248,5
2020-09-15,Colusa,011,21464,516,497,0,497,6
2020-09-15,Contra Costa,013,1133247,16291,15423,77,15500,180
2020-09-15,Del Norte,015,27424,133,129,0,129,2
2020-09-15,El Dorado,017,186661,1102,1046,6,1052,4
2020-09-15,Fresno,019,978130,29792,27312,350,27662,343
2020-09-15,Glenn,021,27897,562,531,0,531,3
2020-09-15,Humboldt,023,135768,481,456,1,457,4
2020-09-15,Imperial,025,180216,11622,10376,7,10383,277
2020-09-15,Inyo,027,18085,186,176,4,180,12
2020-09-15,Kern,029,883053,31341,30429,287,30716,368
2020-09-15,Kings,031,150075,7326,6977,32,7009,70
2020-09-15,Lake,033,64148,505,416,0,416,4
2020-09-15,Lassen,035,31185,737,719,2,721,0
2020-09-15,Los Angeles,037,10098052,258944,255048,1634,256682,6269
2020-09-15,Madera,039,155013,4382,4122,29,4151,45
2020-09-15,Marin,041,260295,6548,6423,15,6438,77
2020-09-15,Mariposa,043,17540,75,74,0,74,2
2020-09-15,Mendocino,045,87422,783,724,0,724,18
2020-09-15,Merced,047,269075,8710,8633,14,8647,114
2020-09-15,Modoc,049,8938,26,21,0,21,0
2020-09-15,Mono,051,14174,165,147,2,149,1
2020-09-15,Monterey,053,433212,9376,8943,25,8968,62
2020-09-15,Napa,055,140530,1640,1580,8,1588,11
2020-09-15,Nevada,057,99092,516,494,16,510,6
2020-09-15,Orange,059,3164182,53043,50294,1362,51656,1088
2020-09-15,Placer,061,380077,3502,3331,13,3344,38
2020-09-15,Plumas,063,18699,49,44,0,44,0
2020-09-15,Riverside,065,2383286,57049,55569,122,55691,1118
2020-09-15,Sacramento,067,1510023,21395,20487,23,20510,372
2020-09-15,San Benito,069,59416,1289,1237,0,1237,7
2020-09-15,San Bernardino,071,2135413,52238,50333,334,50667,904
2020-09-15,San Diego,073,3302833,44998,43183,773,43956,742
2020-09-15,San Francisco,075,870044,10778,10414,26,10440,90
2020-09-15,San Joaquin,077,732212,19754,19313,46,19359,401
2020-09-15,San Luis Obispo,079,281455,3526,3262,18,3280,28
2020-09-15,San Mateo,081,765935,9689,8895,11,8906,127
2020-09-15,Santa Barbara,083,443738,8915,8724,74,8798,104
2020-09-15,Santa Clara,085,1922200,21069,19610,40,19650,252
2020-09-15,Santa Cruz,087,273765,2244,2079,23,2102,7
2020-09-15,Shasta,089,179085,764,627,3,630,11
2020-09-15,Sierra,091,2930,6,6,0,6,0
2020-09-15,Siskiyou,093,43540,153,143,10,153,0
2020-09-15,Solano,095,438530,6078,5878,40,5918,45
2020-09-15,Sonoma,097,501317,7041,6701,20,6721,104
2020-09-15,Stanislaus,099,539301,16222,15880,470,16350,260
2020-09-15,Sutter,101,95872,1619,1556,1,1557,10
2020-09-15,Tehama,103,63373,495,484,2,486,2
2020-09-15,Trinity,105,12862,53,15,7,22,0
2020-09-15,Tulare,107,460477,15823,15203,89,15292,254
2020-09-15,Tuolumne,109,53932,229,209,5,214,1
2020-09-15,Ventura,111,848112,12759,11932,138,12070,128
2020-09-15,Yolo,113,214977,2761,2708,7,2715,53
2020-09-15,Yuba,115,75493,1039,991,4,995,1
2020-09-14,Alameda,001,1643700,20577,19851,152,20003,306
2020-09-14,Alpine,003,1148,2,2,0,2,0
2020-09-14,Amador,005,37829,285,281,0,281,16
2020-09-14,Butte,007,227075,2815,2642,24,2666,37
2020-09-14,Calaveras,009,45235,303,244,0,244,3
2020-09-14,Colusa,011,21464,515,486,0,486,6
2020-09-14,Contra Costa,013,1133247,16167,15354,76,15430,174
2020-09-14,Del Norte,015,27424,130,116,0,116,2
2020-09-14,El Dorado,017,186661,1098,1039,6,1045,3
2020-09-14,Fresno,019,978130,29708,27232,347,27579,344
2020-09-14,Glenn,021,27897,554,521,0,521,3
2020-09-14,Humboldt,023,135768,478,437,1,438,4
2020-09-14,Imperial,025,180216,11602,10340,7,10347,273
2020-09-14,Inyo,027,18085,186,176,4,180,12
2020-09-14,Kern,029,883053,31253,30344,286,30630,368
2020-09-14,Kings,031,150075,7245,6950,32,6982,70
2020-09-14,Lake,033,64148,485,407,0,407,4
2020-09-14,Lassen,035,31185,737,719,2,721,0
2020-09-14,Los Angeles,037,10098052,257915,254622,1609,256231,6226
2020-09-14,Madera,039,155013,4368,4104,29,4133,45
2020-09-14,Marin,041,260295,6527,6409,15,6424,70
2020-09-14,Mariposa,043,17540,75,74,0,74,2
2020-09-14,Mendocino,045,87422,766,710,0,710,17
2020-09-14,Merced,047,269075,8691,8593,14,8607,112
2020-09-14,Modoc,049,8938,26,21,0,21,0
2020-09-14,Mono,051,14174,165,147,2,149,1
2020-09-14,Monterey,053,433212,9305,8845,24,8869,61
2020-09-14,Napa,055,140530,1623,1576,8,1584,11
2020-09-14,Nevada,057,99092,511,489,16,505,6
2020-09-14,Orange,059,3164182,52882,50149,1346,51495,1079
2020-09-14,Placer,061,380077,3481,3302,13,3315,38
2020-09-14,Plumas,063,18699,48,42,0,42,0
2020-09-14,Riverside,065,2383286,56830,55488,118,55606,1113
2020-09-14,Sacramento,067,1510023,21200,20377,22,20399,367
2020-09-14,San Benito,069,59416,1274,1233,0,1233,7
2020-09-14,San Bernardino,071,2135413,52013,50163,333,50496,895
2020-09-14,San Diego,073,3302833,44687,42889,753,43642,734
2020-09-14,San Francisco,075,870044,10711,10255,24,10279,90
2020-09-14,San Joaquin,077,732212,19680,19111,45,19156,397
2020-09-14,San Luis Obispo,079,281455,3501,3248,18,3266,25
2020-09-14,San Mateo,081,765935,9628,8847,11,8858,127
2020-09-14,Santa Barbara,083,443738,8889,8692,74,8766,104
2020-09-14,Santa Clara,085,1922200,20881,19545,40,19585,247
2020-09-14,Santa Cruz,087,273765,2223,2016,22,2038,7
2020-09-14,Shasta,089,179085,741,584,3,587,10
2020-09-14,Sierra,091,2930,6,6,0,6,0
2020-09-14,Siskiyou,093,43540,152,143,10,153,0
2020-09-14,Solano,095,438530,6043,5834,40,5874,44
2020-09-14,Sonoma,097,501317,6979,6630,20,6650,102
2020-09-14,Stanislaus,099,539301,16177,15812,467,16279,253
2020-09-14,Sutter,101,95872,1608,1549,1,1550,10
2020-09-14,Tehama,103,63373,493,475,2,477,1
2020-09-14,Trinity,105,12862,52,14,7,21,0
2020-09-14,Tulare,107,460477,15753,15096,83,15179,254
2020-09-14,Tuolumne,109,53932,228,208,5,213,1
2020-09-14,Ventura,111,848112,12657,11903,135,12038,125
2020-09-14,Yolo,113,214977,2750,2687,7,2694,53
2020-09-14,Yuba,115,75493,1031,977,4,981,1
2020-09-13,Alameda,001,1643700,20471,19815,149,19964,306
2020-09-13,Alpine,003,1148,2,2,0,2,0
2020-09-13,Amador,005,37829,282,279,0,279,16
2020-09-13,Butte,007,227075,2793,2640,24,2664,37
2020-09-13,Calaveras,009,45235,302,246,0,246,3
2020-09-13,Colusa,011,21464,511,486,0,486,6
2020-09-13,Contra Costa,013,1133247,16061,15284,76,15360,172
2020-09-13,Del Norte,015,27424,127,116,0,116,1
2020-09-13,El Dorado,017,186661,1093,1035,6,1041,2
2020-09-13,Fresno,019,978130,29600,27196,338,27534,345
2020-09-13,Glenn,021,27897,550,517,0,517,3
2020-09-13,Humboldt,023,135768,478,434,1,435,4
2020-09-13,Imperial,025,180216,11565,10304,6,10310,273
2020-09-13,Inyo,027,18085,186,176,4,180,12
2020-09-13,Kern,029,883053,31160,30277,280,30557,368
2020-09-13,Kings,031,150075,7226,6937,32,6969,70
2020-09-13,Lake,033,64148,466,397,0,397,4
2020-09-13,Lassen,035,31185,734,719,2,721,0
2020-09-13,Los Angeles,037,10098052,256763,253950,1594,255544,6203
2020-09-13,Madera,039,155013,4311,4090,29,4119,45
2020-09-13,Marin,041,260295,6506,6395,15,6410,70
2020-09-13,Mariposa,043,17540,75,74,0,74,2
2020-09-13,Mendocino,045,87422,759,707,0,707,17
2020-09-13,Merced,047,269075,8657,8575,14,8589,112
2020-09-13,Modoc,049,8938,26,21,0,21,0
2020-09-13,Mono,051,14174,165,147,2,149,1
2020-09-13,Monterey,053,433212,9223,8826,23,8849,61
2020-09-13,Napa,055,140530,1616,1563,8,1571,11
2020-09-13,Nevada,057,99092,503,486,16,502,6
2020-09-13,Orange,059,3164182,52666,50061,1339,51400,1075
2020-09-13,Placer,061,380077,3451,3291,13,3304,38
2020-09-13,Plumas,063,18699,48,42,0,42,0
2020-09-13,Riverside,065,2383286,56623,55235,107,55342,1108
2020-09-13,Sacramento,067,1510023,20854,20279,22,20301,367
2020-09-13,San Benito,069,59416,1266,1217,0,1217,7
2020-09-13,San Bernardino,071,2135413,51727,49968,331,50299,895
2020-09-13,San Diego,073,3302833,44361,42681,719,43400,734
2020-09-13,San Francisco,075,870044,10633,10254,24,10278,90
2020-09-13,San Joaquin,077,732212,19609,19110,44,19154,396
2020-09-13,San Luis Obispo,079,281455,3464,3240,18,3258,24
2020-09-13,San Mateo,081,765935,9567,8811,11,8822,127
2020-09-13,Santa Barbara,083,443738,8852,8690,74,8764,104
2020-09-13,Santa Clara,085,1922200,20742,19456,39,19495,245
2020-09-13,Santa Cruz,087,273765,2190,2016,20,2036,7
2020-09-13,Shasta,089,179085,729,583,3,586,10
2020-09-13,Sierra,091,2930,6,6,0,6,0
2020-09-13,Siskiyou,093,43540,152,143,9,152,0
2020-09-13,Solano,095,438530,5997,5810,40,5850,43
2020-09-13,Sonoma,097,501317,6914,6592,20,6612,95
2020-09-13,Stanislaus,099,539301,16114,15759,455,16214,253
2020-09-13,Sutter,101,95872,1596,1539,1,1540,10
2020-09-13,Tehama,103,63373,489,476,2,478,1
2020-09-13,Trinity,105,12862,52,14,7,21,0
2020-09-13,Tulare,107,460477,15682,15098,82,15180,254
2020-09-13,Tuolumne,109,53932,224,208,5,213,1
2020-09-13,Ventura,111,848112,12549,11855,134,11989,123
2020-09-13,Yolo,113,214977,2738,2675,7,2682,53
2020-09-13,Yuba,115,75493,1026,967,4,971,1
2020-09-12,Alameda,001,1643700,20412,19758,149,19907,307
2020-09-12,Alpine,003,1148,2,2,0,2,0
2020-09-12,Amador,005,37829,281,278,0,278,16
2020-09-12,Butte,007,227075,2786,2629,23,2652,37
2020-09-12,Calaveras,009,45235,300,246,0,246,3
2020-09-12,Colusa,011,21464,507,486,0,486,6
2020-09-12,Contra Costa,013,1133247,15984,15135,75,15210,174
2020-09-12,Del Norte,015,27424,126,116,0,116,1
2020-09-12,El Dorado,017,186661,1086,1034,6,1040,2
2020-09-12,Fresno,019,978130,29529,27076,338,27414,345
2020-09-12,Glenn,021,27897,549,517,0,517,3
2020-09-12,Humboldt,023,135768,477,430,1,431,4
2020-09-12,Imperial,025,180216,11553,10305,6,10311,273
2020-09-12,Inyo,027,18085,186,177,4,181,12
2020-09-12,Kern,029,883053,31094,30202,280,30482,368
2020-09-12,Kings,031,150075,7216,6895,32,6927,70
2020-09-12,Lake,033,64148,460,393,0,393,4
2020-09-12,Lassen,035,31185,734,719,2,721,0
2020-09-12,Los Angeles,037,10098052,256204,253156,1573,254729,6193
2020-09-12,Madera,039,155013,4300,4058,29,4087,43
2020-09-12,Marin,041,260295,6497,6393,15,6408,69
2020-09-12,Mariposa,043,17540,75,72,0,72,2
2020-09-12,Mendocino,045,87422,756,700,0,700,17
2020-09-12,Merced,047,269075,8648,8533,14,8547,112
2020-09-12,Modoc,049,8938,25,21,0,21,0
2020-09-12,Mono,051,14174,165,147,2,149,1
2020-09-12,Monterey,053,433212,9187,8743,23,8766,61
2020-09-12,Napa,055,140530,1613,1556,8,1564,11
2020-09-12,Nevada,057,99092,502,482,16,498,6
2020-09-12,Orange,059,3164182,52551,49895,1336,51231,1078
2020-09-12,Placer,061,380077,3434,3280,13,3293,38
2020-09-12,Plumas,063,18699,48,42,0,42,0
2020-09-12,Riverside,065,2383286,56494,55058,103,55161,1108
2020-09-12,Sacramento,067,1510023,20785,20184,22,20206,367
2020-09-12,San Benito,069,59416,1263,1208,0,1208,7
2020-09-12,San Bernardino,071,2135413,51636,49945,329,50274,896
2020-09-12,San Diego,073,3302833,44166,42416,710,43126,747
2020-09-12,San Francisco,075,870044,10589,10257,24,10281,90
2020-09-12,San Joaquin,077,732212,19581,19108,44,19152,396
2020-09-12,San Luis Obispo,079,281455,3437,3220,18,3238,24
2020-09-12,San Mateo,081,765935,9522,8759,11,8770,127
2020-09-12,Santa Barbara,083,443738,8838,8642,74,8716,104
2020-09-12,Santa Clara,085,1922200,20658,19330,39,19369,237
2020-09-12,Santa Cruz,087,273765,2178,2016,20,2036,7
2020-09-12,Shasta,089,179085,717,569,3,572,10
2020-09-12,Sierra,091,2930,6,6,0,6,0
2020-09-12,Siskiyou,093,43540,152,141,9,150,0
2020-09-12,Solano,095,438530,5973,5772,40,5812,43
2020-09-12,Sonoma,097,501317,6889,6531,20,6551,95
2020-09-12,Stanislaus,099,539301,16082,15675,452,16127,253
2020-09-12,Sutter,101,95872,1590,1529,1,1530,10
2020-09-12,Tehama,103,63373,486,471,2,473,1
2020-09-12,Trinity,105,12862,52,15,7,22,0
2020-09-12,Tulare,107,460477,15636,15018,81,15099,254
2020-09-12,Tuolumne,109,53932,224,208,5,213,1
2020-09-12,Ventura,111,848112,12498,11759,132,11891,123
2020-09-12,Yolo,113,214977,2731,2646,7,2653,53
2020-09-12,Yuba,115,75493,1022,963,4,967,1
2020-09-11,Alameda,001,1643700,20357,19625,148,19773,298
2020-09-11,Alpine,003,1148,2,2,0,2,0
2020-09-11,Amador,005,37829,281,277,0,277,16
2020-09-11,Butte,007,227075,2775,2605,23,2628,37
2020-09-11,Calaveras,009,45235,299,242,0,242,1
2020-09-11,Colusa,011,21464,506,484,0,484,6
2020-09-11,Contra Costa,013,1133247,15932,15001,72,15073,173
2020-09-11,Del Norte,015,27424,126,115,0,115,1
2020-09-11,El Dorado,017,186661,1083,1024,6,1030,2
2020-09-11,Fresno,019,978130,29451,26917,337,27254,344
2020-09-11,Glenn,021,27897,544,515,0,515,3
2020-09-11,Humboldt,023,135768,475,426,1,427,4
2020-09-11,Imperial,025,180216,11535,10286,6,10292,273
2020-09-11,Inyo,027,18085,186,176,4,180,12
2020-09-11,Kern,029,883053,31026,30059,279,30338,365
2020-09-11,Kings,031,150075,7199,6770,32,6802,70
2020-09-11,Lake,033,64148,453,382,0,382,4
2020-09-11,Lassen,035,31185,734,719,2,721,0
2020-09-11,Los Angeles,037,10098052,255523,252057,1562,253619,6172
2020-09-11,Madera,039,155013,4281,4018,29,4047,43
2020-09-11,Marin,041,260295,6494,6364,15,6379,69
2020-09-11,Mariposa,043,17540,75,72,0,72,2
2020-09-11,Mendocino,045,87422,745,700,0,700,17
2020-09-11,Merced,047,269075,8627,8489,14,8503,109
2020-09-11,Modoc,049,8938,25,21,0,21,0
2020-09-11,Mono,051,14174,165,145,2,147,1
2020-09-11,Monterey,053,433212,9139,8595,23,8618,61
2020-09-11,Napa,055,140530,1602,1543,8,1551,11
2020-09-11,Nevada,057,99092,495,483,16,499,6
2020-09-11,Orange,059,3164182,52422,49755,1324,51079,1068
2020-09-11,Placer,061,380077,3419,3254,13,3267,37
2020-09-11,Plumas,063,18699,48,42,0,42,0
2020-09-11,Riverside,065,2383286,56359,54717,100,54817,1099
2020-09-11,Sacramento,067,1510023,20700,20012,22,20034,358
2020-09-11,San Benito,069,59416,1253,1202,0,1202,7
2020-09-11,San Bernardino,071,2135413,51537,49682,329,50011,871
2020-09-11,San Diego,073,3302833,43946,41971,704,42675,730
2020-09-11,San Francisco,075,870044,10541,10133,23,10156,89
2020-09-11,San Joaquin,077,732212,19533,19019,44,19063,391
2020-09-11,San Luis Obispo,079,281455,3419,3190,18,3208,24
2020-09-11,San Mateo,081,765935,9480,8611,11,8622,127
2020-09-11,Santa Barbara,083,443738,8805,8592,73,8665,103
2020-09-11,Santa Clara,085,1922200,20569,19065,39,19104,234
2020-09-11,Santa Cruz,087,273765,2161,1997,20,2017,7
2020-09-11,Shasta,089,179085,707,568,3,571,10
2020-09-11,Sierra,091,2930,6,6,0,6,0
2020-09-11,Siskiyou,093,43540,151,139,9,148,0
2020-09-11,Solano,095,438530,5956,5742,40,5782,42
2020-09-11,Sonoma,097,501317,6844,6469,20,6489,91
2020-09-11,Stanislaus,099,539301,16044,15613,449,16062,253
2020-09-11,Sutter,101,95872,1580,1505,1,1506,11
2020-09-11,Tehama,103,63373,483,466,2,468,1
2020-09-11,Trinity,105,12862,52,16,7,23,0
2020-09-11,Tulare,107,460477,15605,14932,79,15011,251
2020-09-11,Tuolumne,109,53932,224,208,5,213,1
2020-09-11,Ventura,111,848112,12444,11700,130,11830,123
2020-09-11,Yolo,113,214977,2720,2632,7,2639,53
2020-09-11,Yuba,115,75493,1014,946,4,950,1
2020-09-10,Alameda,001,1643700,20283,19509,148,19657,292
2020-09-10,Alpine,003,1148,2,2,0,2,0
2020-09-10,Amador,005,37829,280,277,0,277,16
2020-09-10,Butte,007,227075,2758,2590,23,2613,37
2020-09-10,Calaveras,009,45235,299,244,0,244,1
2020-09-10,Colusa,011,21464,504,482,0,482,6
2020-09-10,Contra Costa,013,1133247,15862,14909,72,14981,172
2020-09-10,Del Norte,015,27424,125,112,0,112,1
2020-09-10,El Dorado,017,186661,1080,1020,6,1026,2
2020-09-10,Fresno,019,978130,29329,26783,337,27120,338
2020-09-10,Glenn,021,27897,534,511,0,511,3
2020-09-10,Humboldt,023,135768,464,422,1,423,4
2020-09-10,Imperial,025,180216,11519,10251,6,10257,270
2020-09-10,Inyo,027,18085,185,176,4,180,11
2020-09-10,Kern,029,883053,30944,29988,275,30263,363
2020-09-10,Kings,031,150075,7169,6739,32,6771,70
2020-09-10,Lake,033,64148,446,377,0,377,4
2020-09-10,Lassen,035,31185,733,716,2,718,0
2020-09-10,Los Angeles,037,10098052,254544,251003,1541,252544,6132
2020-09-10,Madera,039,155013,4263,3979,29,4008,43
2020-09-10,Marin,041,260295,6482,6344,15,6359,68
2020-09-10,Mariposa,043,17540,75,72,0,72,2
2020-09-10,Mendocino,045,87422,735,697,0,697,16
2020-09-10,Merced,047,269075,8581,8461,14,8475,109
2020-09-10,Modoc,049,8938,25,21,0,21,0
2020-09-10,Mono,051,14174,165,145,2,147,1
2020-09-10,Monterey,053,433212,9069,8570,23,8593,59
2020-09-10,Napa,055,140530,1596,1536,8,1544,11
2020-09-10,Nevada,057,99092,491,478,16,494,6
2020-09-10,Orange,059,3164182,52259,49617,1318,50935,1057
2020-09-10,Placer,061,380077,3399,3233,13,3246,37
2020-09-10,Plumas,063,18699,48,42,0,42,0
2020-09-10,Riverside,065,2383286,56040,54417,97,54514,1091
2020-09-10,Sacramento,067,1510023,20578,19618,21,19639,354
2020-09-10,San Benito,069,59416,1247,1201,0,1201,5
2020-09-10,San Bernardino,071,2135413,51349,49467,327,49794,867
2020-09-10,San Diego,073,3302833,43680,41610,677,42287,725
2020-09-10,San Francisco,075,870044,10464,10082,23,10105,89
2020-09-10,San Joaquin,077,732212,19480,18854,44,18898,389
2020-09-10,San Luis Obispo,079,281455,3405,3161,17,3178,24
2020-09-10,San Mateo,081,765935,9434,8529,11,8540,125
2020-09-10,Santa Barbara,083,443738,8760,8552,73,8625,100
2020-09-10,Santa Clara,085,1922200,20455,18870,39,18909,231
2020-09-10,Santa Cruz,087,273765,2146,1986,18,2004,7
2020-09-10,Shasta,089,179085,696,566,3,569,10
2020-09-10,Sierra,091,2930,6,6,0,6,0
2020-09-10,Siskiyou,093,43540,151,137,9,146,0
2020-09-10,Solano,095,438530,5916,5696,40,5736,42
2020-09-10,Sonoma,097,501317,6795,6424,20,6444,91
2020-09-10,Stanislaus,099,539301,15990,15509,444,15953,243
2020-09-10,Sutter,101,95872,1570,1494,1,1495,11
2020-09-10,Tehama,103,63373,476,466,2,468,1
2020-09-10,Trinity,105,12862,52,15,7,22,0
2020-09-10,Tulare,107,460477,15550,14860,76,14936,250
2020-09-10,Tuolumne,109,53932,223,205,5,210,1
2020-09-10,Ventura,111,848112,12350,11600,123,11723,122
2020-09-10,Yolo,113,214977,2715,2612,7,2619,53
2020-09-10,Yuba,115,75493,1008,941,4,945,1
2020-09-09,Alameda,001,1643700,20204,19399,147,19546,289
2020-09-09,Alpine,003,1148,2,2,0,2,0
2020-09-09,Amador,005,37829,279,276,0,276,16
2020-09-09,Butte,007,227075,2741,2561,23,2584,37
2020-09-09,Calaveras,009,45235,299,242,0,242,1
2020-09-09,Colusa,011,21464,499,479,0,479,6
2020-09-09,Contra Costa,013,1133247,15776,14816,72,14888,171
2020-09-09,Del Norte,015,27424,121,109,0,109,1
2020-09-09,El Dorado,017,186661,1077,1020,6,1026,2
2020-09-09,Fresno,019,978130,29226,26724,332,27056,329
2020-09-09,Glenn,021,27897,531,508,0,508,3
2020-09-09,Humboldt,023,135768,462,420,1,421,4
2020-09-09,Imperial,025,180216,11498,10233,6,10239,268
2020-09-09,Inyo,027,18085,184,173,4,177,2
2020-09-09,Kern,029,883053,30846,29925,272,30197,355
2020-09-09,Kings,031,150075,7151,6721,32,6753,72
2020-09-09,Lake,033,64148,438,371,0,371,4
2020-09-09,Lassen,035,31185,732,714,2,716,0
2020-09-09,Los Angeles,037,10098052,253669,249876,1523,251399,6091
2020-09-09,Madera,039,155013,4237,3926,29,3955,43
2020-09-09,Marin,041,260295,6463,6321,15,6336,68
2020-09-09,Mariposa,043,17540,74,72,0,72,2
2020-09-09,Mendocino,045,87422,727,695,0,695,16
2020-09-09,Merced,047,269075,8555,8441,14,8455,107
2020-09-09,Modoc,049,8938,24,20,0,20,0
2020-09-09,Mono,051,14174,165,145,2,147,1
2020-09-09,Monterey,053,433212,8997,8527,23,8550,59
2020-09-09,Napa,055,140530,1586,1531,8,1539,11
2020-09-09,Nevada,057,99092,487,476,16,492,6
2020-09-09,Orange,059,3164182,52080,49394,1310,50704,1054
2020-09-09,Placer,061,380077,3379,3222,13,3235,36
2020-09-09,Plumas,063,18699,46,42,0,42,0
2020-09-09,Riverside,065,2383286,55810,54320,94,54414,1081
2020-09-09,Sacramento,067,1510023,20472,19474,20,19494,347
2020-09-09,San Benito,069,59416,1243,1199,0,1199,5
2020-09-09,San Bernardino,071,2135413,51151,49264,326,49590,866
2020-09-09,San Diego,073,3302833,43391,41326,665,41991,721
2020-09-09,San Francisco,075,870044,10414,9996,22,10018,86
2020-09-09,San Joaquin,077,732212,19416,18799,43,18842,388
2020-09-09,San Luis Obispo,079,281455,3387,3131,17,3148,24
2020-09-09,San Mateo,081,765935,9374,8478,11,8489,125
2020-09-09,Santa Barbara,083,443738,8717,8528,73,8601,97
2020-09-09,Santa Clara,085,1922200,20323,18759,39,18798,228
2020-09-09,Santa Cruz,087,273765,2123,1967,18,1985,7
2020-09-09,Shasta,089,179085,684,562,3,565,10
2020-09-09,Sierra,091,2930,6,6,0,6,0
2020-09-09,Siskiyou,093,43540,149,137,9,146,0
2020-09-09,Solano,095,438530,5884,5680,40,5720,36
2020-09-09,Sonoma,097,501317,6729,6397,20,6417,92
2020-09-09,Stanislaus,099,539301,15951,15469,433,15902,243
2020-09-09,Sutter,101,95872,1562,1487,1,1488,11
2020-09-09,Tehama,103,63373,473,462,2,464,1
2020-09-09,Trinity,105,12862,52,14,7,21,0
2020-09-09,Tulare,107,460477,15501,14787,71,14858,249
2020-09-09,Tuolumne,109,53932,222,204,4,208,1
2020-09-09,Ventura,111,848112,12259,11497,120,11617,121
2020-09-09,Yolo,113,214977,2704,2604,7,2611,53
2020-09-09,Yuba,115,75493,1003,936,4,940,1
2020-09-08,Alameda,001,1643700,20096,19293,147,19440,288
2020-09-08,Alpine,003,1148,2,2,0,2,0
2020-09-08,Amador,005,37829,279,276,0,276,16
2020-09-08,Butte,007,227075,2723,2453,23,2476,36
2020-09-08,Calaveras,009,45235,297,233,0,233,1
2020-09-08,Colusa,011,21464,497,475,0,475,6
2020-09-08,Contra Costa,013,1133247,15648,14740,69,14809,171
2020-09-08,Del Norte,015,27424,121,109,0,109,2
2020-09-08,El Dorado,017,186661,1074,1011,6,1017,2
2020-09-08,Fresno,019,978130,29106,26640,328,26968,329
2020-09-08,Glenn,021,27897,527,492,0,492,3
2020-09-08,Humboldt,023,135768,460,420,1,421,4
2020-09-08,Imperial,025,180216,11482,10198,6,10204,267
2020-09-08,Inyo,027,18085,184,169,4,173,2
2020-09-08,Kern,029,883053,30761,29850,270,30120,351
2020-09-08,Kings,031,150075,7113,6658,32,6690,72
2020-09-08,Lake,033,64148,428,370,0,370,4
2020-09-08,Lassen,035,31185,732,710,2,712,0
2020-09-08,Los Angeles,037,10098052,252739,249217,1495,250712,6034
2020-09-08,Madera,039,155013,4213,3904,29,3933,43
2020-09-08,Marin,041,260295,6432,6313,15,6328,68
2020-09-08,Mariposa,043,17540,74,72,0,72,2
2020-09-08,Mendocino,045,87422,720,690,0,690,16
2020-09-08,Merced,047,269075,8532,8381,14,8395,104
2020-09-08,Modoc,049,8938,24,20,0,20,0
2020-09-08,Mono,051,14174,165,145,2,147,1
2020-09-08,Monterey,053,433212,8912,8491,23,8514,59
2020-09-08,Napa,055,140530,1582,1518,8,1526,11
2020-09-08,Nevada,057,99092,487,470,16,486,6
2020-09-08,Orange,059,3164182,51938,49214,1306,50520,1044
2020-09-08,Placer,061,380077,3365,3205,13,3218,36
2020-09-08,Plumas,063,18699,46,42,0,42,0
2020-09-08,Riverside,065,2383286,55596,54168,91,54259,1069
2020-09-08,Sacramento,067,1510023,20237,19411,19,19430,347
2020-09-08,San Benito,069,59416,1236,1188,0,1188,5
2020-09-08,San Bernardino,071,2135413,50963,49034,324,49358,856
2020-09-08,San Diego,073,3302833,43075,41079,653,41732,709
2020-09-08,San Francisco,075,870044,10341,9821,22,9843,86
2020-09-08,San Joaquin,077,732212,19338,18550,43,18593,388
2020-09-08,San Luis Obispo,079,281455,3372,3120,17,3137,23
2020-09-08,San Mateo,081,765935,9298,8460,11,8471,125
2020-09-08,Santa Barbara,083,443738,8683,8488,72,8560,96
2020-09-08,Santa Clara,085,1922200,20147,18645,39,18684,228
2020-09-08,Santa Cruz,087,273765,2095,1903,18,1921,7
2020-09-08,Shasta,089,179085,676,556,3,559,10
2020-09-08,Sierra,091,2930,6,6,0,6,0
2020-09-08,Siskiyou,093,43540,147,136,9,145,0
2020-09-08,Solano,095,438530,5847,5654,40,5694,36
2020-09-08,Sonoma,097,501317,6660,6356,20,6376,92
2020-09-08,Stanislaus,099,539301,15887,15415,421,15836,238
2020-09-08,Sutter,101,95872,1546,1473,1,1474,11
2020-09-08,Tehama,103,63373,469,458,2,460,1
2020-09-08,Trinity,105,12862,51,13,7,20,0
2020-09-08,Tulare,107,460477,15421,14635,70,14705,249
2020-09-08,Tuolumne,109,53932,221,197,4,201,1
2020-09-08,Ventura,111,848112,12190,11475,117,11592,118
2020-09-08,Yolo,113,214977,2694,2580,7,2587,53
2020-09-08,Yuba,115,75493,991,923,4,927,1
2020-09-07,Alameda,001,1643700,19974,19188,141,19329,281
2020-09-07,Alpine,003,1148,2,2,0,2,0
2020-09-07,Amador,005,37829,279,276,0,276,16
2020-09-07,Butte,007,227075,2690,2450,22,2472,30
2020-09-07,Calaveras,009,45235,287,234,0,234,1
2020-09-07,Colusa,011,21464,496,475,0,475,6
2020-09-07,Contra Costa,013,1133247,15535,14637,66,14703,172
2020-09-07,Del Norte,015,27424,121,109,0,109,2
2020-09-07,El Dorado,017,186661,1063,1011,6,1017,2
2020-09-07,Fresno,019,978130,29012,26565,325,26890,329
2020-09-07,Glenn,021,27897,522,488,0,488,3
2020-09-07,Humboldt,023,135768,451,416,1,417,4
2020-09-07,Imperial,025,180216,11451,10199,6,10205,267
2020-09-07,Inyo,027,18085,184,169,4,173,2
2020-09-07,Kern,029,883053,30640,29790,265,30055,348
2020-09-07,Kings,031,150075,6989,6630,32,6662,72
2020-09-07,Lake,033,64148,405,367,0,367,2
2020-09-07,Lassen,035,31185,732,709,2,711,0
2020-09-07,Los Angeles,037,10098052,251692,248804,1474,250278,6030
2020-09-07,Madera,039,155013,4182,3889,28,3917,43
2020-09-07,Marin,041,260295,6402,6296,15,6311,67
2020-09-07,Mariposa,043,17540,74,72,0,72,2
2020-09-07,Mendocino,045,87422,712,687,0,687,16
2020-09-07,Merced,047,269075,8485,8381,14,8395,104
2020-09-07,Modoc,049,8938,23,20,0,20,0
2020-09-07,Mono,051,14174,165,145,2,147,1
2020-09-07,Monterey,053,433212,8833,8463,23,8486,57
2020-09-07,Napa,055,140530,1570,1514,8,1522,11
2020-09-07,Nevada,057,99092,485,469,16,485,6
2020-09-07,Orange,059,3164182,51764,49132,1302,50434,1042
2020-09-07,Placer,061,380077,3335,3188,12,3200,36
2020-09-07,Plumas,063,18699,45,42,0,42,0
2020-09-07,Riverside,065,2383286,55321,54178,85,54263,1069
2020-09-07,Sacramento,067,1510023,19995,19292,18,19310,345
2020-09-07,San Benito,069,59416,1230,1180,0,1180,4
2020-09-07,San Bernardino,071,2135413,50735,49043,322,49365,821
2020-09-07,San Diego,073,3302833,42675,40868,626,41494,708
2020-09-07,San Francisco,075,870044,10290,9813,21,9834,85
2020-09-07,San Joaquin,077,732212,19257,18552,41,18593,386
2020-09-07,San Luis Obispo,079,281455,3335,3116,17,3133,23
2020-09-07,San Mateo,081,765935,9216,8409,11,8420,125
2020-09-07,Santa Barbara,083,443738,8639,8479,72,8551,95
2020-09-07,Santa Clara,085,1922200,19989,18596,38,18634,226
2020-09-07,Santa Cruz,087,273765,2067,1902,18,1920,7
2020-09-07,Shasta,089,179085,666,556,3,559,10
2020-09-07,Sierra,091,2930,6,6,0,6,0
2020-09-07,Siskiyou,093,43540,146,133,9,142,0
2020-09-07,Solano,095,438530,5782,5640,40,5680,36
2020-09-07,Sonoma,097,501317,6594,6268,20,6288,85
2020-09-07,Stanislaus,099,539301,15822,15343,409,15752,236
2020-09-07,Sutter,101,95872,1529,1468,1,1469,11
2020-09-07,Tehama,103,63373,466,453,2,455,1
2020-09-07,Trinity,105,12862,51,13,7,20,0
2020-09-07,Tulare,107,460477,15316,14637,68,14705,249
2020-09-07,Tuolumne,109,53932,220,196,4,200,1
2020-09-07,Ventura,111,848112,12095,11463,114,11577,118
2020-09-07,Yolo,113,214977,2677,2565,6,2571,53
2020-09-07,Yuba,115,75493,975,923,3,926,1
2020-09-06,Alameda,001,1643700,19916,19029,139,19168,281
2020-09-06,Alpine,003,1148,2,2,0,2,0
2020-09-06,Amador,005,37829,277,275,0,275,16
2020-09-06,Butte,007,227075,2681,2446,22,2468,30
2020-09-06,Calaveras,009,45235,287,235,0,235,1
2020-09-06,Colusa,011,21464,492,475,0,475,6
2020-09-06,Contra Costa,013,1133247,15455,14565,65,14630,171
2020-09-06,Del Norte,015,27424,121,109,0,109,2
2020-09-06,El Dorado,017,186661,1061,1008,6,1014,2
2020-09-06,Fresno,019,978130,28948,26471,323,26794,329
2020-09-06,Glenn,021,27897,516,474,0,474,3
2020-09-06,Humboldt,023,135768,448,404,1,405,4
2020-09-06,Imperial,025,180216,11434,10152,6,10158,267
2020-09-06,Inyo,027,18085,184,169,4,173,2
2020-09-06,Kern,029,883053,30584,29699,261,29960,348
2020-09-06,Kings,031,150075,6969,6561,31,6592,72
2020-09-06,Lake,033,64148,402,362,0,362,2
2020-09-06,Lassen,035,31185,732,709,2,711,0
2020-09-06,Los Angeles,037,10098052,251060,248316,1460,249776,6004
2020-09-06,Madera,039,155013,4138,3867,28,3895,42
2020-09-06,Marin,041,260295,6390,6276,15,6291,67
2020-09-06,Mariposa,043,17540,74,72,0,72,2
2020-09-06,Mendocino,045,87422,711,672,0,672,16
2020-09-06,Merced,047,269075,8465,8327,14,8341,104
2020-09-06,Modoc,049,8938,23,20,0,20,0
2020-09-06,Mono,051,14174,164,145,2,147,1
2020-09-06,Monterey,053,433212,8793,8403,22,8425,56
2020-09-06,Napa,055,140530,1566,1501,6,1507,11
2020-09-06,Nevada,057,99092,485,467,15,482,6
2020-09-06,Orange,059,3164182,51651,48931,1298,50229,1042
2020-09-06,Placer,061,380077,3318,3169,12,3181,36
2020-09-06,Plumas,063,18699,44,42,0,42,0
2020-09-06,Riverside,065,2383286,55205,53970,83,54053,1069
2020-09-06,Sacramento,067,1510023,19900,19128,18,19146,340
2020-09-06,San Benito,069,59416,1228,1178,0,1178,4
2020-09-06,San Bernardino,071,2135413,50628,48923,322,49245,823
2020-09-06,San Diego,073,3302833,42427,40652,620,41272,707
2020-09-06,San Francisco,075,870044,10216,9813,21,9834,85
2020-09-06,San Joaquin,077,732212,19208,18558,41,18599,386
2020-09-06,San Luis Obispo,079,281455,3324,3101,17,3118,23
2020-09-06,San Mateo,081,765935,9163,8387,11,8398,125
2020-09-06,Santa Barbara,083,443738,8610,8434,72,8506,95
2020-09-06,Santa Clara,085,1922200,19888,18495,38,18533,207
2020-09-06,Santa Cruz,087,273765,2060,1902,18,1920,7
2020-09-06,Shasta,089,179085,660,550,3,553,10
2020-09-06,Sierra,091,2930,6,6,0,6,0
2020-09-06,Siskiyou,093,43540,146,132,9,141,0
2020-09-06,Solano,095,438530,5756,5619,40,5659,37
2020-09-06,Sonoma,097,501317,6565,6212,20,6232,85
2020-09-06,Stanislaus,099,539301,15778,15288,405,15693,236
2020-09-06,Sutter,101,95872,1516,1451,1,1452,11
2020-09-06,Tehama,103,63373,465,455,2,457,1
2020-09-06,Trinity,105,12862,50,13,7,20,0
2020-09-06,Tulare,107,460477,15273,14636,67,14703,249
2020-09-06,Tuolumne,109,53932,217,194,4,198,1
2020-09-06,Ventura,111,848112,12050,11315,114,11429,118
2020-09-06,Yolo,113,214977,2663,2556,6,2562,53
2020-09-06,Yuba,115,75493,966,913,3,916,1
2020-09-05,Alameda,001,1643700,19871,18973,137,19110,279
2020-09-05,Alpine,003,1148,2,2,0,2,0
2020-09-05,Amador,005,37829,277,274,0,274,16
2020-09-05,Butte,007,227075,2665,2406,21,2427,30
2020-09-05,Calaveras,009,45235,287,237,0,237,1
2020-09-05,Colusa,011,21464,488,472,0,472,6
2020-09-05,Contra Costa,013,1133247,15378,14456,63,14519,173
2020-09-05,Del Norte,015,27424,121,109,0,109,2
2020-09-05,El Dorado,017,186661,1061,1007,6,1013,2
2020-09-05,Fresno,019,978130,28880,26325,323,26648,331
2020-09-05,Glenn,021,27897,515,474,0,474,3
2020-09-05,Humboldt,023,135768,446,402,1,403,4
2020-09-05,Imperial,025,180216,11417,10151,6,10157,268
2020-09-05,Inyo,027,18085,184,169,4,173,2
2020-09-05,Kern,029,883053,30524,29645,257,29902,347
2020-09-05,Kings,031,150075,6960,6518,31,6549,66
2020-09-05,Lake,033,64148,399,359,0,359,2
2020-09-05,Lassen,035,31185,732,709,2,711,0
2020-09-05,Los Angeles,037,10098052,250525,247572,1448,249020,6001
2020-09-05,Madera,039,155013,4097,3851,28,3879,42
2020-09-05,Marin,041,260295,6383,6259,15,6274,66
2020-09-05,Mariposa,043,17540,74,72,0,72,2
2020-09-05,Mendocino,045,87422,710,658,0,658,16
2020-09-05,Merced,047,269075,8433,8297,12,8309,104
2020-09-05,Modoc,049,8938,23,19,0,19,0
2020-09-05,Mono,051,14174,164,145,2,147,1
2020-09-05,Monterey,053,433212,8763,8301,22,8323,56
2020-09-05,Napa,055,140530,1560,1484,6,1490,11
2020-09-05,Nevada,057,99092,482,461,15,476,6
2020-09-05,Orange,059,3164182,51549,48726,1293,50019,1039
2020-09-05,Placer,061,380077,3307,3141,12,3153,35
2020-09-05,Plumas,063,18699,44,42,0,42,0
2020-09-05,Riverside,065,2383286,55099,53780,83,53863,1066
2020-09-05,Sacramento,067,1510023,19809,18955,18,18973,339
2020-09-05,San Benito,069,59416,1226,1153,0,1153,4
2020-09-05,San Bernardino,071,2135413,50552,48800,321,49121,825
2020-09-05,San Diego,073,3302833,42234,40344,608,40952,717
2020-09-05,San Francisco,075,870044,10183,9812,20,9832,85
2020-09-05,San Joaquin,077,732212,19179,18557,41,18598,386
2020-09-05,San Luis Obispo,079,281455,3314,3083,17,3100,23
2020-09-05,San Mateo,081,765935,9118,8352,11,8363,124
2020-09-05,Santa Barbara,083,443738,8594,8404,72,8476,96
2020-09-05,Santa Clara,085,1922200,19805,18311,38,18349,207
2020-09-05,Santa Cruz,087,273765,2052,1904,18,1922,7
2020-09-05,Shasta,089,179085,659,544,3,547,10
2020-09-05,Sierra,091,2930,6,6,0,6,0
2020-09-05,Siskiyou,093,43540,145,131,9,140,0
2020-09-05,Solano,095,438530,5744,5579,40,5619,37
2020-09-05,Sonoma,097,501317,6532,6149,20,6169,85
2020-09-05,Stanislaus,099,539301,15730,15198,401,15599,236
2020-09-05,Sutter,101,95872,1509,1445,1,1446,11
2020-09-05,Tehama,103,63373,464,447,2,449,1
2020-09-05,Trinity,105,12862,50,13,7,20,0
2020-09-05,Tulare,107,460477,15215,14576,65,14641,249
2020-09-05,Tuolumne,109,53932,217,194,4,198,1
2020-09-05,Ventura,111,848112,12007,11254,114,11368,118
2020-09-05,Yolo,113,214977,2653,2534,6,2540,53
2020-09-05,Yuba,115,75493,960,902,3,905,1
2020-09-04,Alameda,001,1643700,19803,18843,135,18978,276
2020-09-04,Alpine,003,1148,2,2,0,2,0
2020-09-04,Amador,005,37829,276,274,0,274,16
2020-09-04,Butte,007,227075,2642,2325,21,2346,28
2020-09-04,Calaveras,009,45235,285,237,0,237,1
2020-09-04,Colusa,011,21464,486,467,0,467,6
2020-09-04,Contra Costa,013,1133247,15298,14355,62,14417,164
2020-09-04,Del Norte,015,27424,121,109,0,109,2
2020-09-04,El Dorado,017,186661,1057,992,6,998,2
2020-09-04,Fresno,019,978130,28775,26147,322,26469,321
2020-09-04,Glenn,021,27897,507,463,0,463,3
2020-09-04,Humboldt,023,135768,441,390,1,391,4
2020-09-04,Imperial,025,180216,11408,10136,6,10142,267
2020-09-04,Inyo,027,18085,184,169,4,173,2
2020-09-04,Kern,029,883053,30456,29526,254,29780,345
2020-09-04,Kings,031,150075,6947,6259,31,6290,66
2020-09-04,Lake,033,64148,399,347,0,347,2
2020-09-04,Lassen,035,31185,732,708,2,710,0
2020-09-04,Los Angeles,037,10098052,249958,246396,1428,247824,5977
2020-09-04,Madera,039,155013,4084,3838,28,3866,42
2020-09-04,Marin,041,260295,6371,6251,15,6266,66
2020-09-04,Mariposa,043,17540,74,72,0,72,2
2020-09-04,Mendocino,045,87422,708,646,0,646,16
2020-09-04,Merced,047,269075,8413,8214,12,8226,104
2020-09-04,Modoc,049,8938,23,15,0,15,0
2020-09-04,Mono,051,14174,164,145,2,147,1
2020-09-04,Monterey,053,433212,8718,8208,22,8230,56
2020-09-04,Napa,055,140530,1551,1475,6,1481,11
2020-09-04,Nevada,057,99092,479,455,15,470,6
2020-09-04,Orange,059,3164182,51425,48488,1286,49774,1031
2020-09-04,Placer,061,380077,3295,3101,12,3113,35
2020-09-04,Plumas,063,18699,44,42,0,42,0
2020-09-04,Riverside,065,2383286,54986,53606,78,53684,1066
2020-09-04,Sacramento,067,1510023,19721,18765,18,18783,337
2020-09-04,San Benito,069,59416,1217,1137,0,1137,4
2020-09-04,San Bernardino,071,2135413,50459,48497,319,48816,800
2020-09-04,San Diego,073,3302833,42004,39901,599,40500,701
2020-09-04,San Francisco,075,870044,10143,9694,19,9713,85
2020-09-04,San Joaquin,077,732212,19125,18438,41,18479,376
2020-09-04,San Luis Obispo,079,281455,3299,3049,16,3065,21
2020-09-04,San Mateo,081,765935,9074,8275,11,8286,122
2020-09-04,Santa Barbara,083,443738,8564,8340,72,8412,96
2020-09-04,Santa Clara,085,1922200,19697,18074,38,18112,209
2020-09-04,Santa Cruz,087,273765,2035,1896,17,1913,7
2020-09-04,Shasta,089,179085,656,536,3,539,10
2020-09-04,Sierra,091,2930,6,6,0,6,0
2020-09-04,Siskiyou,093,43540,145,129,9,138,0
2020-09-04,Solano,095,438530,5731,5552,40,5592,37
2020-09-04,Sonoma,097,501317,6467,6050,20,6070,85
2020-09-04,Stanislaus,099,539301,15696,15074,392,15466,233
2020-09-04,Sutter,101,95872,1493,1425,1,1426,11
2020-09-04,Tehama,103,63373,460,442,2,444,1
2020-09-04,Trinity,105,12862,50,13,7,20,0
2020-09-04,Tulare,107,460477,15187,14501,61,14562,247
2020-09-04,Tuolumne,109,53932,217,193,4,197,1
2020-09-04,Ventura,111,848112,11965,11171,114,11285,114
2020-09-04,Yolo,113,214977,2639,2495,6,2501,53
2020-09-04,Yuba,115,75493,955,884,3,887,1
2020-09-03,Alameda,001,1643700,19700,18687,135,18822,275
2020-09-03,Alpine,003,1148,2,2,0,2,0
2020-09-03,Amador,005,37829,276,274,0,274,16
2020-09-03,Butte,007,227075,2598,2274,21,2295,27
2020-09-03,Calaveras,009,45235,284,238,0,238,1
2020-09-03,Colusa,011,21464,484,464,0,464,6
2020-09-03,Contra Costa,013,1133247,15191,14206,59,14265,159
2020-09-03,Del Norte,015,27424,118,109,0,109,2
2020-09-03,El Dorado,017,186661,1053,983,6,989,2
2020-09-03,Fresno,019,978130,28656,25978,317,26295,313
2020-09-03,Glenn,021,27897,503,460,0,460,3
2020-09-03,Humboldt,023,135768,436,390,1,391,4
2020-09-03,Imperial,025,180216,11387,10083,6,10089,255
2020-09-03,Inyo,027,18085,182,171,4,175,3
2020-09-03,Kern,029,883053,30364,29426,240,29666,340
2020-09-03,Kings,031,150075,6867,6200,31,6231,64
2020-09-03,Lake,033,64148,390,347,0,347,2
2020-09-03,Lassen,035,31185,732,707,2,709,0
2020-09-03,Los Angeles,037,10098052,249095,245026,1408,246434,5931
2020-09-03,Madera,039,155013,4065,3780,28,3808,43
2020-09-03,Marin,041,260295,6352,6175,15,6190,66
2020-09-03,Mariposa,043,17540,74,71,0,71,2
2020-09-03,Mendocino,045,87422,699,638,0,638,16
2020-09-03,Merced,047,269075,8371,8136,12,8148,105
2020-09-03,Modoc,049,8938,23,14,0,14,0
2020-09-03,Mono,051,14174,163,144,2,146,1
2020-09-03,Monterey,053,433212,8664,8128,22,8150,56
2020-09-03,Napa,055,140530,1544,1466,6,1472,10
2020-09-03,Nevada,057,99092,476,453,15,468,6
2020-09-03,Orange,059,3164182,51239,48226,1272,49498,1009
2020-09-03,Placer,061,380077,3277,3069,12,3081,34
2020-09-03,Plumas,063,18699,44,39,0,39,0
2020-09-03,Riverside,065,2383286,54806,53341,74,53415,1052
2020-09-03,Sacramento,067,1510023,19593,18553,17,18570,328
2020-09-03,San Benito,069,59416,1206,1121,0,1121,4
2020-09-03,San Bernardino,071,2135413,50293,48165,318,48483,800
2020-09-03,San Diego,073,3302833,41690,39448,583,40031,700
2020-09-03,San Francisco,075,870044,10077,9636,17,9653,84
2020-09-03,San Joaquin,077,732212,19048,18331,41,18372,371
2020-09-03,San Luis Obispo,079,281455,3282,3023,16,3039,21
2020-09-03,San Mateo,081,765935,9000,8211,11,8222,122
2020-09-03,Santa Barbara,083,443738,8517,8277,72,8349,96
2020-09-03,Santa Clara,085,1922200,19516,17879,38,17917,208
2020-09-03,Santa Cruz,087,273765,2020,1870,17,1887,7
2020-09-03,Shasta,089,179085,651,535,3,538,10
2020-09-03,Sierra,091,2930,6,6,0,6,0
2020-09-03,Siskiyou,093,43540,145,128,9,137,0
2020-09-03,Solano,095,438530,5711,5499,39,5538,36
2020-09-03,Sonoma,097,501317,6406,5997,20,6017,62
2020-09-03,Stanislaus,099,539301,15644,14985,388,15373,217
2020-09-03,Sutter,101,95872,1483,1412,1,1413,11
2020-09-03,Tehama,103,63373,456,436,2,438,1
2020-09-03,Trinity,105,12862,48,13,7,20,0
2020-09-03,Tulare,107,460477,15121,14408,60,14468,244
2020-09-03,Tuolumne,109,53932,217,193,4,197,1
2020-09-03,Ventura,111,848112,11847,11109,111,11220,112
2020-09-03,Yolo,113,214977,2623,2475,6,2481,53
2020-09-03,Yuba,115,75493,948,867,3,870,1
2020-09-02,Alameda,001,1643700,19582,18522,132,18654,260
2020-09-02,Alpine,003,1148,2,2,0,2,0
2020-09-02,Amador,005,37829,276,245,0,245,14
2020-09-02,Butte,007,227075,2552,2241,21,2262,27
2020-09-02,Calaveras,009,45235,283,235,0,235,1
2020-09-02,Colusa,011,21464,480,460,0,460,6
2020-09-02,Contra Costa,013,1133247,15102,14097,57,14154,159
2020-09-02,Del Norte,015,27424,117,109,0,109,2
2020-09-02,El Dorado,017,186661,1049,975,5,980,2
2020-09-02,Fresno,019,978130,28508,25785,314,26099,292
2020-09-02,Glenn,021,27897,498,457,0,457,3
2020-09-02,Humboldt,023,135768,433,381,1,382,4
2020-09-02,Imperial,025,180216,11371,9832,6,9838,255
2020-09-02,Inyo,027,18085,182,171,4,175,3
2020-09-02,Kern,029,883053,30272,29288,234,29522,335
2020-09-02,Kings,031,150075,6782,6142,31,6173,64
2020-09-02,Lake,033,64148,386,342,0,342,2
2020-09-02,Lassen,035,31185,730,706,2,708,0
2020-09-02,Los Angeles,037,10098052,248164,243999,1380,245379,5887
2020-09-02,Madera,039,155013,4045,3735,28,3763,41
2020-09-02,Marin,041,260295,6337,6131,15,6146,66
2020-09-02,Mariposa,043,17540,74,71,0,71,2
2020-09-02,Mendocino,045,87422,689,636,0,636,15
2020-09-02,Merced,047,269075,8340,8097,11,8108,103
2020-09-02,Modoc,049,8938,22,11,0,11,0
2020-09-02,Mono,051,14174,163,145,2,147,1
2020-09-02,Monterey,053,433212,8600,8070,22,8092,56
2020-09-02,Napa,055,140530,1532,1454,6,1460,10
2020-09-02,Nevada,057,99092,470,452,14,466,6
2020-09-02,Orange,059,3164182,51058,47871,1262,49133,994
2020-09-02,Placer,061,380077,3252,3047,11,3058,33
2020-09-02,Plumas,063,18699,44,39,0,39,0
2020-09-02,Riverside,065,2383286,54604,52923,71,52994,1032
2020-09-02,Sacramento,067,1510023,19360,18355,16,18371,316
2020-09-02,San Benito,069,59416,1193,1107,0,1107,4
2020-09-02,San Bernardino,071,2135413,50130,47766,315,48081,794
2020-09-02,San Diego,073,3302833,41370,39123,569,39692,695
2020-09-02,San Francisco,075,870044,10008,9587,17,9604,84
2020-09-02,San Joaquin,077,732212,18968,18194,40,18234,352
2020-09-02,San Luis Obispo,079,281455,3256,3002,15,3017,21
2020-09-02,San Mateo,081,765935,8943,8148,11,8159,122
2020-09-02,Santa Barbara,083,443738,8462,8206,71,8277,94
2020-09-02,Santa Clara,085,1922200,19362,17673,38,17711,206
2020-09-02,Santa Cruz,087,273765,1997,1850,17,1867,7
2020-09-02,Shasta,089,179085,650,531,3,534,10
2020-09-02,Sierra,091,2930,6,6,0,6,0
2020-09-02,Siskiyou,093,43540,144,127,9,136,0
2020-09-02,Solano,095,438530,5683,5463,39,5502,36
2020-09-02,Sonoma,097,501317,6344,5846,20,5866,62
2020-09-02,Stanislaus,099,539301,15574,14854,381,15235,220
2020-09-02,Sutter,101,95872,1468,1401,1,1402,10
2020-09-02,Tehama,103,63373,453,429,2,431,1
2020-09-02,Trinity,105,12862,48,13,7,20,0
2020-09-02,Tulare,107,460477,15054,14298,59,14357,244
2020-09-02,Tuolumne,109,53932,217,190,4,194,1
2020-09-02,Ventura,111,848112,11760,11031,110,11141,111
2020-09-02,Yolo,113,214977,2602,2449,6,2455,54
2020-09-02,Yuba,115,75493,941,856,3,859,1
2020-09-01,Alameda,001,1643700,19443,18382,129,18511,248
2020-09-01,Alpine,003,1148,2,2,0,2,0
2020-09-01,Amador,005,37829,275,244,0,244,13
2020-09-01,Butte,007,227075,2495,2146,21,2167,26
2020-09-01,Calaveras,009,45235,275,228,0,228,1
2020-09-01,Colusa,011,21464,476,454,0,454,6
2020-09-01,Contra Costa,013,1133247,15008,13998,55,14053,158
2020-09-01,Del Norte,015,27424,116,108,0,108,2
2020-09-01,El Dorado,017,186661,1041,972,5,977,2
2020-09-01,Fresno,019,978130,28361,25542,311,25853,290
2020-09-01,Glenn,021,27897,491,449,0,449,3
2020-09-01,Humboldt,023,135768,427,378,1,379,4
2020-09-01,Imperial,025,180216,11345,9782,6,9788,250
2020-09-01,Inyo,027,18085,182,171,4,175,3
2020-09-01,Kern,029,883053,30181,29162,229,29391,332
2020-09-01,Kings,031,150075,6751,6088,31,6119,62
2020-09-01,Lake,033,64148,383,341,0,341,2
2020-09-01,Lassen,035,31185,727,706,2,708,0
2020-09-01,Los Angeles,037,10098052,247072,242633,1357,243990,5832
2020-09-01,Madera,039,155013,4016,3703,27,3730,41
2020-09-01,Marin,041,260295,6322,6102,15,6117,67
2020-09-01,Mariposa,043,17540,73,72,0,72,2
2020-09-01,Mendocino,045,87422,674,626,0,626,15
2020-09-01,Merced,047,269075,8287,8046,10,8056,103
2020-09-01,Modoc,049,8938,20,10,0,10,0
2020-09-01,Mono,051,14174,163,145,2,147,1
2020-09-01,Monterey,053,433212,8494,7926,22,7948,56
2020-09-01,Napa,055,140530,1517,1446,6,1452,10
2020-09-01,Nevada,057,99092,464,450,14,464,6
2020-09-01,Orange,059,3164182,50894,47671,1243,48914,976
2020-09-01,Placer,061,380077,3230,3013,11,3024,33
2020-09-01,Plumas,063,18699,44,39,0,39,0
2020-09-01,Riverside,065,2383286,54387,52785,70,52855,1027
2020-09-01,Sacramento,067,1510023,19177,18217,15,18232,305
2020-09-01,San Benito,069,59416,1181,1089,0,1089,4
2020-09-01,San Bernardino,071,2135413,49923,47371,314,47685,786
2020-09-01,San Diego,073,3302833,41012,38873,531,39404,688
2020-09-01,San Francisco,075,870044,9939,9492,17,9509,83
2020-09-01,San Joaquin,077,732212,18886,17915,39,17954,341
2020-09-01,San Luis Obispo,079,281455,3230,2970,15,2985,21
2020-09-01,San Mateo,081,765935,8863,8132,11,8143,122
2020-09-01,Santa Barbara,083,443738,8412,8142,70,8212,93
2020-09-01,Santa Clara,085,1922200,19183,17319,38,17357,204
2020-09-01,Santa Cruz,087,273765,1973,1752,17,1769,7
2020-09-01,Shasta,089,179085,642,527,3,530,9
2020-09-01,Sierra,091,2930,6,6,0,6,0
2020-09-01,Siskiyou,093,43540,141,128,8,136,0
2020-09-01,Solano,095,438530,5657,5438,39,5477,34
2020-09-01,Sonoma,097,501317,6254,5733,20,5753,60
2020-09-01,Stanislaus,099,539301,15498,14784,371,15155,212
2020-09-01,Sutter,101,95872,1457,1389,1,1390,10
2020-09-01,Tehama,103,63373,449,422,2,424,1
2020-09-01,Trinity,105,12862,47,13,6,19,0
2020-09-01,Tulare,107,460477,14971,14156,59,14215,241
2020-09-01,Tuolumne,109,53932,211,183,4,187,1
2020-09-01,Ventura,111,848112,11682,10899,105,11004,108
2020-09-01,Yolo,113,214977,2585,2440,6,2446,51
2020-09-01,Yuba,115,75493,932,841,3,844,1
2020-08-31,Alameda,001,1643700,19298,18148,129,18277,248
2020-08-31,Alpine,003,1148,2,2,0,2,0
2020-08-31,Amador,005,37829,275,243,0,243,13
2020-08-31,Butte,007,227075,2431,2069,21,2090,26
2020-08-31,Calaveras,009,45235,270,212,0,212,1
2020-08-31,Colusa,011,21464,475,443,0,443,6
2020-08-31,Contra Costa,013,1133247,14881,13902,52,13954,153
2020-08-31,Del Norte,015,27424,116,108,0,108,2
2020-08-31,El Dorado,017,186661,1034,965,5,970,2
2020-08-31,Fresno,019,978130,28140,25185,305,25490,290
2020-08-31,Glenn,021,27897,479,437,0,437,3
2020-08-31,Humboldt,023,135768,425,374,1,375,4
2020-08-31,Imperial,025,180216,11314,9759,6,9765,250
2020-08-31,Inyo,027,18085,181,160,4,164,3
2020-08-31,Kern,029,883053,30083,29067,228,29295,318
2020-08-31,Kings,031,150075,6483,6037,31,6068,62
2020-08-31,Lake,033,64148,367,341,0,341,2
2020-08-31,Lassen,035,31185,724,706,2,708,0
2020-08-31,Los Angeles,037,10098052,245968,241793,1330,243123,5787
2020-08-31,Madera,039,155013,3993,3662,26,3688,35
2020-08-31,Marin,041,260295,6286,6074,15,6089,67
2020-08-31,Mariposa,043,17540,73,69,0,69,2
2020-08-31,Mendocino,045,87422,662,618,0,618,15
2020-08-31,Merced,047,269075,8225,7991,10,8001,79
2020-08-31,Modoc,049,8938,18,10,0,10,0
2020-08-31,Mono,051,14174,163,145,2,147,1
2020-08-31,Monterey,053,433212,8387,7839,22,7861,56
2020-08-31,Napa,055,140530,1509,1434,6,1440,10
2020-08-31,Nevada,057,99092,462,447,14,461,6
2020-08-31,Orange,059,3164182,50695,47392,1215,48607,965
2020-08-31,Placer,061,380077,3181,2989,11,3000,33
2020-08-31,Plumas,063,18699,43,39,0,39,0
2020-08-31,Riverside,065,2383286,54165,52508,68,52576,1020
2020-08-31,Sacramento,067,1510023,18940,17999,15,18014,303
2020-08-31,San Benito,069,59416,1165,1080,0,1080,4
2020-08-31,San Bernardino,071,2135413,49711,47370,313,47683,755
2020-08-31,San Diego,073,3302833,40645,38606,498,39104,682
2020-08-31,San Francisco,075,870044,9860,9293,14,9307,83
2020-08-31,San Joaquin,077,732212,18799,17807,38,17845,338
2020-08-31,San Luis Obispo,079,281455,3207,2951,14,2965,21
2020-08-31,San Mateo,081,765935,8793,8065,11,8076,122
2020-08-31,Santa Barbara,083,443738,8366,8124,70,8194,94
2020-08-31,Santa Clara,085,1922200,18994,17211,38,17249,202
2020-08-31,Santa Cruz,087,273765,1948,1742,17,1759,7
2020-08-31,Shasta,089,179085,637,528,3,531,9
2020-08-31,Sierra,091,2930,6,6,0,6,0
2020-08-31,Siskiyou,093,43540,140,127,8,135,0
2020-08-31,Solano,095,438530,5625,5302,38,5340,34
2020-08-31,Sonoma,097,501317,6179,5650,20,5670,60
2020-08-31,Stanislaus,099,539301,15423,14685,362,15047,213
2020-08-31,Sutter,101,95872,1442,1365,1,1366,10
2020-08-31,Tehama,103,63373,446,421,2,423,1
2020-08-31,Trinity,105,12862,47,13,6,19,0
2020-08-31,Tulare,107,460477,14884,13985,57,14042,237
2020-08-31,Tuolumne,109,53932,211,178,4,182,1
2020-08-31,Ventura,111,848112,11594,10866,104,10970,108
2020-08-31,Yolo,113,214977,2567,2423,5,2428,51
2020-08-31,Yuba,115,75493,918,830,3,833,1
2020-08-30,Alameda,001,1643700,19173,18099,127,18226,248
2020-08-30,Alpine,003,1148,2,2,0,2,0
2020-08-30,Amador,005,37829,274,240,0,240,13
2020-08-30,Butte,007,227075,2350,1988,21,2009,26
2020-08-30,Calaveras,009,45235,261,211,0,211,1
2020-08-30,Colusa,011,21464,474,440,0,440,6
2020-08-30,Contra Costa,013,1133247,14744,13780,52,13832,150
2020-08-30,Del Norte,015,27424,115,108,0,108,2
2020-08-30,El Dorado,017,186661,1024,962,5,967,2
2020-08-30,Fresno,019,978130,28014,24963,304,25267,291
2020-08-30,Glenn,021,27897,472,437,0,437,3
2020-08-30,Humboldt,023,135768,414,362,1,363,4
2020-08-30,Imperial,025,180216,11296,9703,6,9709,250
2020-08-30,Inyo,027,18085,181,160,4,164,3
2020-08-30,Kern,029,883053,29990,28987,228,29215,317
2020-08-30,Kings,031,150075,6437,6000,31,6031,62
2020-08-30,Lake,033,64148,362,334,0,334,2
2020-08-30,Lassen,035,31185,722,706,2,708,0
2020-08-30,Los Angeles,037,10098052,244831,240775,1298,242073,5772
2020-08-30,Madera,039,155013,3964,3626,26,3652,33
2020-08-30,Marin,041,260295,6256,6060,15,6075,66
2020-08-30,Mariposa,043,17540,73,69,0,69,2
2020-08-30,Mendocino,045,87422,656,611,0,611,13
2020-08-30,Merced,047,269075,8150,7960,10,7970,79
2020-08-30,Modoc,049,8938,13,10,0,10,0
2020-08-30,Mono,051,14174,163,145,2,147,1
2020-08-30,Monterey,053,433212,8303,7816,22,7838,54
2020-08-30,Napa,055,140530,1497,1423,6,1429,10
2020-08-30,Nevada,057,99092,459,445,14,459,6
2020-08-30,Orange,059,3164182,50499,47283,1201,48484,965
2020-08-30,Placer,061,380077,3148,2961,11,2972,32
2020-08-30,Plumas,063,18699,42,39,0,39,0
2020-08-30,Riverside,065,2383286,53986,52227,67,52294,1017
2020-08-30,Sacramento,067,1510023,18762,17751,15,17766,300
2020-08-30,San Benito,069,59416,1155,1071,0,1071,4
2020-08-30,San Bernardino,071,2135413,49454,47201,313,47514,755
2020-08-30,San Diego,073,3302833,40247,38302,477,38779,682
2020-08-30,San Francisco,075,870044,9763,9294,11,9305,83
2020-08-30,San Joaquin,077,732212,18682,17637,37,17674,338
2020-08-30,San Luis Obispo,079,281455,3182,2934,14,2948,21
2020-08-30,San Mateo,081,765935,8716,8013,11,8024,122
2020-08-30,Santa Barbara,083,443738,8306,8088,70,8158,93
2020-08-30,Santa Clara,085,1922200,18818,17045,38,17083,202
2020-08-30,Santa Cruz,087,273765,1922,1743,17,1760,7
2020-08-30,Shasta,089,179085,634,525,3,528,9
2020-08-30,Sierra,091,2930,6,6,0,6,0
2020-08-30,Siskiyou,093,43540,138,125,8,133,0
2020-08-30,Solano,095,438530,5581,5303,38,5341,34
2020-08-30,Sonoma,097,501317,6119,5590,20,5610,60
2020-08-30,Stanislaus,099,539301,15351,14580,353,14933,209
2020-08-30,Sutter,101,95872,1421,1351,1,1352,10
2020-08-30,Tehama,103,63373,437,419,2,421,1
2020-08-30,Trinity,105,12862,47,13,6,19,0
2020-08-30,Tulare,107,460477,14789,13985,56,14041,236
2020-08-30,Tuolumne,109,53932,207,178,4,182,1
2020-08-30,Ventura,111,848112,11481,10775,99,10874,108
2020-08-30,Yolo,113,214977,2539,2391,4,2395,51
2020-08-30,Yuba,115,75493,904,832,3,835,1
2020-08-29,Alameda,001,1643700,19106,17888,127,18015,250
2020-08-29,Alpine,003,1148,2,2,0,2,0
2020-08-29,Amador,005,37829,274,239,0,239,13
2020-08-29,Butte,007,227075,2319,1948,21,1969,26
2020-08-29,Calaveras,009,45235,257,211,0,211,1
2020-08-29,Colusa,011,21464,471,440,0,440,6
2020-08-29,Contra Costa,013,1133247,14671,13663,51,13714,159
2020-08-29,Del Norte,015,27424,115,108,0,108,1
2020-08-29,El Dorado,017,186661,1021,958,5,963,2
2020-08-29,Fresno,019,978130,27959,24821,304,25125,291
2020-08-29,Glenn,021,27897,466,437,0,437,3
2020-08-29,Humboldt,023,135768,411,363,1,364,4
2020-08-29,Imperial,025,180216,11281,9698,6,9704,250
2020-08-29,Inyo,027,18085,181,160,4,164,3
2020-08-29,Kern,029,883053,29949,28947,227,29174,317
2020-08-29,Kings,031,150075,6422,5906,31,5937,62
2020-08-29,Lake,033,64148,361,329,0,329,2
2020-08-29,Lassen,035,31185,722,706,2,708,0
2020-08-29,Los Angeles,037,10098052,244201,239815,1285,241100,5762
2020-08-29,Madera,039,155013,3955,3605,25,3630,33
2020-08-29,Marin,041,260295,6244,6007,15,6022,64
2020-08-29,Mariposa,043,17540,73,69,0,69,2
2020-08-29,Mendocino,045,87422,652,596,0,596,13
2020-08-29,Merced,047,269075,8120,7867,10,7877,79
2020-08-29,Modoc,049,8938,13,9,0,9,0
2020-08-29,Mono,051,14174,163,145,2,147,1
2020-08-29,Monterey,053,433212,8258,7680,22,7702,53
2020-08-29,Napa,055,140530,1494,1413,6,1419,10
2020-08-29,Nevada,057,99092,459,442,14,456,5
2020-08-29,Orange,059,3164182,50389,47007,1191,48198,960
2020-08-29,Placer,061,380077,3131,2935,11,2946,32
2020-08-29,Plumas,063,18699,41,39,0,39,0
2020-08-29,Riverside,065,2383286,53874,51918,65,51983,1016
2020-08-29,Sacramento,067,1510023,18690,17588,15,17603,291
2020-08-29,San Benito,069,59416,1146,1045,0,1045,4
2020-08-29,San Bernardino,071,2135413,49339,46849,313,47162,755
2020-08-29,San Diego,073,3302833,39981,38049,459,38508,694
2020-08-29,San Francisco,075,870044,9735,9291,10,9301,83
2020-08-29,San Joaquin,077,732212,18638,17493,37,17530,335
2020-08-29,San Luis Obispo,079,281455,3157,2917,14,2931,21
2020-08-29,San Mateo,081,765935,8674,7928,11,7939,122
2020-08-29,Santa Barbara,083,443738,8280,8052,69,8121,93
2020-08-29,Santa Clara,085,1922200,18721,16898,37,16935,202
2020-08-29,Santa Cruz,087,273765,1910,1746,17,1763,7
2020-08-29,Shasta,089,179085,626,522,3,525,9
2020-08-29,Sierra,091,2930,6,6,0,6,0
2020-08-29,Siskiyou,093,43540,138,121,8,129,0
2020-08-29,Solano,095,438530,5560,5303,38,5341,34
2020-08-29,Sonoma,097,501317,6084,5537,20,5557,60
2020-08-29,Stanislaus,099,539301,15302,14479,343,14822,208
2020-08-29,Sutter,101,95872,1416,1333,1,1334,9
2020-08-29,Tehama,103,63373,436,417,2,419,1
2020-08-29,Trinity,105,12862,46,11,6,17,0
2020-08-29,Tulare,107,460477,14751,13890,55,13945,236
2020-08-29,Tuolumne,109,53932,207,178,4,182,1
2020-08-29,Ventura,111,848112,11439,10705,99,10804,108
2020-08-29,Yolo,113,214977,2521,2357,4,2361,51
2020-08-29,Yuba,115,75493,895,822,3,825,1
2020-08-28,Alameda,001,1643700,19023,17729,126,17855,237
2020-08-28,Alpine,003,1148,2,2,0,2,0
2020-08-28,Amador,005,37829,274,234,0,234,13
2020-08-28,Butte,007,227075,2289,1886,21,1907,25
2020-08-28,Calaveras,009,45235,255,207,0,207,1
2020-08-28,Colusa,011,21464,470,441,0,441,6
2020-08-28,Contra Costa,013,1133247,14600,13522,50,13572,158
2020-08-28,Del Norte,015,27424,115,107,0,107,1
2020-08-28,El Dorado,017,186661,1015,949,5,954,2
2020-08-28,Fresno,019,978130,27825,24612,304,24916,282
2020-08-28,Glenn,021,27897,459,429,0,429,3
2020-08-28,Humboldt,023,135768,407,362,1,363,4
2020-08-28,Imperial,025,180216,11267,9656,6,9662,241
2020-08-28,Inyo,027,18085,180,160,4,164,2
2020-08-28,Kern,029,883053,29901,28744,227,28971,306
2020-08-28,Kings,031,150075,6415,5829,30,5859,62
2020-08-28,Lake,033,64148,356,320,0,320,2
2020-08-28,Lassen,035,31185,722,704,2,706,0
2020-08-28,Los Angeles,037,10098052,243390,238544,1260,239804,5740
2020-08-28,Madera,039,155013,3936,3552,25,3577,33
2020-08-28,Marin,041,260295,6222,5991,15,6006,63
2020-08-28,Mariposa,043,17540,73,67,0,67,2
2020-08-28,Mendocino,045,87422,647,588,0,588,11
2020-08-28,Merced,047,269075,8090,7803,10,7813,77
2020-08-28,Modoc,049,8938,13,6,0,6,0
2020-08-28,Mono,051,14174,163,145,2,147,1
2020-08-28,Monterey,053,433212,8201,7591,22,7613,53
2020-08-28,Napa,055,140530,1486,1403,5,1408,10
2020-08-28,Nevada,057,99092,458,438,14,452,5
2020-08-28,Orange,059,3164182,50289,46696,1176,47872,942
2020-08-28,Placer,061,380077,3120,2891,11,2902,32
2020-08-28,Plumas,063,18699,41,39,0,39,0
2020-08-28,Riverside,065,2383286,53743,51510,61,51571,1008
2020-08-28,Sacramento,067,1510023,18593,17119,15,17134,283
2020-08-28,San Benito,069,59416,1130,1016,0,1016,3
2020-08-28,San Bernardino,071,2135413,49220,46553,309,46862,754
2020-08-28,San Diego,073,3302833,39751,37786,444,38230,676
2020-08-28,San Francisco,075,870044,9683,9135,10,9145,83
2020-08-28,San Joaquin,077,732212,18585,17114,36,17150,314
2020-08-28,San Luis Obispo,079,281455,3140,2849,14,2863,20
2020-08-28,San Mateo,081,765935,8627,7783,10,7793,121
2020-08-28,Santa Barbara,083,443738,8248,8001,69,8070,92
2020-08-28,Santa Clara,085,1922200,18590,16696,37,16733,201
2020-08-28,Santa Cruz,087,273765,1898,1747,17,1764,7
2020-08-28,Shasta,089,179085,622,516,3,519,9
2020-08-28,Sierra,091,2930,6,6,0,6,0
2020-08-28,Siskiyou,093,43540,136,119,8,127,0
2020-08-28,Solano,095,438530,5541,5219,38,5257,34
2020-08-28,Sonoma,097,501317,6049,5425,19,5444,58
2020-08-28,Stanislaus,099,539301,15260,14176,339,14515,190
2020-08-28,Sutter,101,95872,1406,1308,1,1309,9
2020-08-28,Tehama,103,63373,431,410,2,412,1
2020-08-28,Trinity,105,12862,46,11,6,17,0
2020-08-28,Tulare,107,460477,14706,13776,55,13831,236
2020-08-28,Tuolumne,109,53932,207,176,4,180,1
2020-08-28,Ventura,111,848112,11403,10606,97,10703,103
2020-08-28,Yolo,113,214977,2512,2323,4,2327,51
2020-08-28,Yuba,115,75493,886,810,3,813,1
2020-08-27,Alameda,001,1643700,18878,17584,123,17707,234
2020-08-27,Alpine,003,1148,2,2,0,2,0
2020-08-27,Amador,005,37829,273,233,0,233,13
2020-08-27,Butte,007,227075,2223,1803,20,1823,25
2020-08-27,Calaveras,009,45235,249,204,0,204,1
2020-08-27,Colusa,011,21464,468,438,0,438,6
2020-08-27,Contra Costa,013,1133247,14499,13379,49,13428,158
2020-08-27,Del Norte,015,27424,115,107,0,107,1
2020-08-27,El Dorado,017,186661,1011,942,5,947,2
2020-08-27,Fresno,019,978130,27643,24367,299,24666,272
2020-08-27,Glenn,021,27897,451,429,0,429,3
2020-08-27,Humboldt,023,135768,399,358,1,359,4
2020-08-27,Imperial,025,180216,11240,9608,6,9614,235
2020-08-27,Inyo,027,18085,180,157,3,160,2
2020-08-27,Kern,029,883053,29829,28635,218,28853,294
2020-08-27,Kings,031,150075,6393,5759,30,5789,62
2020-08-27,Lake,033,64148,354,314,0,314,2
2020-08-27,Lassen,035,31185,722,703,2,705,0
2020-08-27,Los Angeles,037,10098052,242389,237103,1244,238347,5704
2020-08-27,Madera,039,155013,3910,3465,25,3490,33
2020-08-27,Marin,041,260295,6198,5929,15,5944,62
2020-08-27,Mariposa,043,17540,73,67,0,67,2
2020-08-27,Mendocino,045,87422,638,581,0,581,10
2020-08-27,Merced,047,269075,8046,7765,10,7775,75
2020-08-27,Modoc,049,8938,11,5,0,5,0
2020-08-27,Mono,051,14174,163,145,2,147,1
2020-08-27,Monterey,053,433212,8107,7501,22,7523,52
2020-08-27,Napa,055,140530,1480,1397,5,1402,10
2020-08-27,Nevada,057,99092,455,435,14,449,5
2020-08-27,Orange,059,3164182,50132,46449,1165,47614,935
2020-08-27,Placer,061,380077,3089,2869,11,2880,32
2020-08-27,Plumas,063,18699,40,39,0,39,0
2020-08-27,Riverside,065,2383286,53534,51306,58,51364,999
2020-08-27,Sacramento,067,1510023,18395,16875,15,16890,281
2020-08-27,San Benito,069,59416,1114,987,0,987,3
2020-08-27,San Bernardino,071,2135413,48995,46345,303,46648,751
2020-08-27,San Diego,073,3302833,39480,37501,424,37925,673
2020-08-27,San Francisco,075,870044,9617,9014,10,9024,83
2020-08-27,San Joaquin,077,732212,18505,16989,36,17025,314
2020-08-27,San Luis Obispo,079,281455,3115,2808,14,2822,20
2020-08-27,San Mateo,081,765935,8518,7728,10,7738,121
2020-08-27,Santa Barbara,083,443738,8210,7934,69,8003,92
2020-08-27,Santa Clara,085,1922200,18407,16495,37,16532,199
2020-08-27,Santa Cruz,087,273765,1881,1734,17,1751,7
2020-08-27,Shasta,089,179085,616,512,3,515,9
2020-08-27,Sierra,091,2930,6,6,0,6,0
2020-08-27,Siskiyou,093,43540,136,118,8,126,0
2020-08-27,Solano,095,438530,5503,5167,38,5205,34
2020-08-27,Sonoma,097,501317,5937,5357,19,5376,58
2020-08-27,Stanislaus,099,539301,15179,14080,336,14416,186
2020-08-27,Sutter,101,95872,1386,1296,1,1297,9
2020-08-27,Tehama,103,63373,427,398,2,400,1
2020-08-27,Trinity,105,12862,46,11,6,17,0
2020-08-27,Tulare,107,460477,14615,13666,55,13721,231
2020-08-27,Tuolumne,109,53932,202,174,4,178,1
2020-08-27,Ventura,111,848112,11340,10483,93,10576,102
2020-08-27,Yolo,113,214977,2488,2293,4,2297,51
2020-08-27,Yuba,115,75493,875,807,3,810,1
2020-08-26,Alameda,001,1643700,18716,17373,123,17496,233
2020-08-26,Alpine,003,1148,2,2,0,2,0
2020-08-26,Amador,005,37829,273,229,0,229,13
2020-08-26,Butte,007,227075,2155,1765,18,1783,25
2020-08-26,Calaveras,009,45235,242,201,0,201,1
2020-08-26,Colusa,011,21464,462,433,0,433,5
2020-08-26,Contra Costa,013,1133247,14362,13248,49,13297,157
2020-08-26,Del Norte,015,27424,114,86,0,86,1
2020-08-26,El Dorado,017,186661,1009,938,5,943,2
2020-08-26,Fresno,019,978130,27495,24071,297,24368,255
2020-08-26,Glenn,021,27897,449,429,0,429,3
2020-08-26,Humboldt,023,135768,387,357,1,358,4
2020-08-26,Imperial,025,180216,11218,9453,6,9459,227
2020-08-26,Inyo,027,18085,177,157,3,160,2
2020-08-26,Kern,029,883053,29690,28507,215,28722,286
2020-08-26,Kings,031,150075,6372,5720,30,5750,62
2020-08-26,Lake,033,64148,349,308,0,308,2
2020-08-26,Lassen,035,31185,722,702,2,704,0
2020-08-26,Los Angeles,037,10098052,241375,235499,1213,236712,5665
2020-08-26,Madera,039,155013,3881,3458,25,3483,32
2020-08-26,Marin,041,260295,6181,5887,15,5902,56
2020-08-26,Mariposa,043,17540,73,68,0,68,2
2020-08-26,Mendocino,045,87422,627,581,0,581,10
2020-08-26,Merced,047,269075,8013,7720,10,7730,74
2020-08-26,Modoc,049,8938,8,5,0,5,0
2020-08-26,Mono,051,14174,163,141,2,143,1
2020-08-26,Monterey,053,433212,8014,7439,22,7461,51
2020-08-26,Napa,055,140530,1467,1382,5,1387,10
2020-08-26,Nevada,057,99092,452,432,14,446,2
2020-08-26,Orange,059,3164182,49948,46157,1149,47306,905
2020-08-26,Placer,061,380077,3067,2846,9,2855,32
2020-08-26,Plumas,063,18699,39,39,0,39,0
2020-08-26,Riverside,065,2383286,53293,51138,58,51196,987
2020-08-26,Sacramento,067,1510023,18232,16708,15,16723,271
2020-08-26,San Benito,069,59416,1099,978,0,978,3
2020-08-26,San Bernardino,071,2135413,48787,45840,299,46139,743
2020-08-26,San Diego,073,3302833,39142,37224,397,37621,668
2020-08-26,San Francisco,075,870044,9543,8938,10,8948,81
2020-08-26,San Joaquin,077,732212,18416,16845,35,16880,309
2020-08-26,San Luis Obispo,079,281455,3087,2761,14,2775,20
2020-08-26,San Mateo,081,765935,8451,7655,10,7665,121
2020-08-26,Santa Barbara,083,443738,8176,7904,69,7973,90
2020-08-26,Santa Clara,085,1922200,18231,16283,37,16320,198
2020-08-26,Santa Cruz,087,273765,1870,1726,17,1743,7
2020-08-26,Shasta,089,179085,611,511,3,514,9
2020-08-26,Sierra,091,2930,6,6,0,6,0
2020-08-26,Siskiyou,093,43540,133,109,8,117,0
2020-08-26,Solano,095,438530,5479,5131,37,5168,34
2020-08-26,Sonoma,097,501317,5864,5283,19,5302,58
2020-08-26,Stanislaus,099,539301,15102,13964,330,14294,186
2020-08-26,Sutter,101,95872,1368,1275,1,1276,9
2020-08-26,Tehama,103,63373,424,396,2,398,1
2020-08-26,Trinity,105,12862,45,10,6,16,0
2020-08-26,Tulare,107,460477,14548,13568,55,13623,232
2020-08-26,Tuolumne,109,53932,201,172,4,176,1
2020-08-26,Ventura,111,848112,11268,10412,86,10498,100
2020-08-26,Yolo,113,214977,2466,2279,4,2283,49
2020-08-26,Yuba,115,75493,860,779,3,782,1
2020-08-25,Alameda,001,1643700,18559,17278,123,17401,232
2020-08-25,Alpine,003,1148,2,2,0,2,0
2020-08-25,Amador,005,37829,273,227,0,227,13
2020-08-25,Butte,007,227075,2088,1718,18,1736,24
2020-08-25,Calaveras,009,45235,240,196,0,196,1
2020-08-25,Colusa,011,21464,455,430,0,430,5
2020-08-25,Contra Costa,013,1133247,14224,13181,48,13229,156
2020-08-25,Del Norte,015,27424,113,83,0,83,1
2020-08-25,El Dorado,017,186661,1006,928,5,933,2
2020-08-25,Fresno,019,978130,27307,23932,296,24228,250
2020-08-25,Glenn,021,27897,446,429,0,429,3
2020-08-25,Humboldt,023,135768,382,342,1,343,4
2020-08-25,Imperial,025,180216,11190,9381,6,9387,217
2020-08-25,Inyo,027,18085,175,144,3,147,1
2020-08-25,Kern,029,883053,29553,28416,215,28631,285
2020-08-25,Kings,031,150075,6215,5702,30,5732,59
2020-08-25,Lake,033,64148,344,304,0,304,2
2020-08-25,Lassen,035,31185,721,692,2,694,0
2020-08-25,Los Angeles,037,10098052,240075,233961,1164,235125,5612
2020-08-25,Madera,039,155013,3866,3446,24,3470,32
2020-08-25,Marin,041,260295,6143,5860,15,5875,56
2020-08-25,Mariposa,043,17540,73,67,0,67,2
2020-08-25,Mendocino,045,87422,619,571,0,571,10
2020-08-25,Merced,047,269075,7946,7693,9,7702,69
2020-08-25,Modoc,049,8938,8,5,0,5,0
2020-08-25,Mono,051,14174,163,129,2,131,1
2020-08-25,Monterey,053,433212,7934,7333,22,7355,51
2020-08-25,Napa,055,140530,1460,1374,5,1379,10
2020-08-25,Nevada,057,99092,448,430,14,444,2
2020-08-25,Orange,059,3164182,49754,45737,1133,46870,902
2020-08-25,Placer,061,380077,3048,2829,6,2835,31
2020-08-25,Plumas,063,18699,39,39,0,39,0
2020-08-25,Riverside,065,2383286,53061,50889,58,50947,981
2020-08-25,Sacramento,067,1510023,18079,16601,15,16616,265
2020-08-25,San Benito,069,59416,1083,973,0,973,3
2020-08-25,San Bernardino,071,2135413,48552,45544,296,45840,727
2020-08-25,San Diego,073,3302833,38863,36996,375,37371,665
2020-08-25,San Francisco,075,870044,9465,8848,10,8858,81
2020-08-25,San Joaquin,077,732212,18289,16795,35,16830,306
2020-08-25,San Luis Obispo,079,281455,3028,2731,13,2744,20
2020-08-25,San Mateo,081,765935,8391,7636,9,7645,120
2020-08-25,Santa Barbara,083,443738,8124,7854,69,7923,90
2020-08-25,Santa Clara,085,1922200,18059,16199,37,16236,194
2020-08-25,Santa Cruz,087,273765,1851,1708,17,1725,7
2020-08-25,Shasta,089,179085,607,511,3,514,9
2020-08-25,Sierra,091,2930,6,6,0,6,0
2020-08-25,Siskiyou,093,43540,132,109,8,117,0
2020-08-25,Solano,095,438530,5418,5114,37,5151,34
2020-08-25,Sonoma,097,501317,5778,5148,19,5167,56
2020-08-25,Stanislaus,099,539301,14994,13886,319,14205,182
2020-08-25,Sutter,101,95872,1351,1259,1,1260,9
2020-08-25,Tehama,103,63373,421,394,2,396,1
2020-08-25,Trinity,105,12862,44,10,6,16,0
2020-08-25,Tulare,107,460477,14444,13514,54,13568,224
2020-08-25,Tuolumne,109,53932,199,172,4,176,1
2020-08-25,Ventura,111,848112,11183,10313,81,10394,99
2020-08-25,Yolo,113,214977,2453,2254,4,2258,50
2020-08-25,Yuba,115,75493,850,775,3,778,1
2020-08-24,Alameda,001,1643700,18364,16913,122,17035,231
2020-08-24,Alpine,003,1148,2,2,0,2,0
2020-08-24,Amador,005,37829,271,227,0,227,13
2020-08-24,Butte,007,227075,2004,1649,18,1667,23
2020-08-24,Calaveras,009,45235,232,187,0,187,1
2020-08-24,Colusa,011,21464,451,425,0,425,5
2020-08-24,Contra Costa,013,1133247,14108,12906,46,12952,153
2020-08-24,Del Norte,015,27424,113,80,0,80,1
2020-08-24,El Dorado,017,186661,998,908,5,913,2
2020-08-24,Fresno,019,978130,27119,23618,289,23907,235
2020-08-24,Glenn,021,27897,444,421,0,421,2
2020-08-24,Humboldt,023,135768,378,340,1,341,4
2020-08-24,Imperial,025,180216,11157,9323,6,9329,210
2020-08-24,Inyo,027,18085,171,144,3,147,2
2020-08-24,Kern,029,883053,29455,28157,209,28366,277
2020-08-24,Kings,031,150075,6127,5652,30,5682,60
2020-08-24,Lake,033,64148,329,302,0,302,2
2020-08-24,Lassen,035,31185,721,693,2,695,0
2020-08-24,Los Angeles,037,10098052,238713,233036,1146,234182,5562
2020-08-24,Madera,039,155013,3839,3418,24,3442,32
2020-08-24,Marin,041,260295,6080,5834,15,5849,56
2020-08-24,Mariposa,043,17540,71,66,0,66,2
2020-08-24,Mendocino,045,87422,604,550,0,550,10
2020-08-24,Merced,047,269075,7868,7605,9,7614,69
2020-08-24,Modoc,049,8938,8,5,0,5,0
2020-08-24,Mono,051,14174,163,129,2,131,1
2020-08-24,Monterey,053,433212,7825,7212,21,7233,50
2020-08-24,Napa,055,140530,1447,1358,5,1363,10
2020-08-24,Nevada,057,99092,443,423,14,437,2
2020-08-24,Orange,059,3164182,49561,45536,1124,46660,887
2020-08-24,Placer,061,380077,3002,2793,6,2799,31
2020-08-24,Plumas,063,18699,39,37,0,37,0
2020-08-24,Riverside,065,2383286,52783,50496,58,50554,975
2020-08-24,Sacramento,067,1510023,17882,16318,15,16333,249
2020-08-24,San Benito,069,59416,1062,961,0,961,3
2020-08-24,San Bernardino,071,2135413,48289,45199,294,45493,720
2020-08-24,San Diego,073,3302833,38575,36729,347,37076,660
2020-08-24,San Francisco,075,870044,9382,8621,9,8630,81
2020-08-24,San Joaquin,077,732212,18148,16565,34,16599,305
2020-08-24,San Luis Obispo,079,281455,3000,2705,13,2718,20
2020-08-24,San Mateo,081,765935,8324,7502,9,7511,120
2020-08-24,Santa Barbara,083,443738,8083,7784,69,7853,90
2020-08-24,Santa Clara,085,1922200,17855,16049,37,16086,192
2020-08-24,Santa Cruz,087,273765,1831,1627,16,1643,6
2020-08-24,Shasta,089,179085,605,505,3,508,9
2020-08-24,Sierra,091,2930,6,6,0,6,0
2020-08-24,Siskiyou,093,43540,128,107,8,115,0
2020-08-24,Solano,095,438530,5369,4979,35,5014,32
2020-08-24,Sonoma,097,501317,5676,5071,19,5090,56
2020-08-24,Stanislaus,099,539301,14896,13521,305,13826,171
2020-08-24,Sutter,101,95872,1332,1219,1,1220,9
2020-08-24,Tehama,103,63373,416,388,2,390,1
2020-08-24,Trinity,105,12862,44,10,6,16,0
2020-08-24,Tulare,107,460477,14337,13360,53,13413,223
2020-08-24,Tuolumne,109,53932,198,170,4,174,1
2020-08-24,Ventura,111,848112,11103,10261,77,10338,99
2020-08-24,Yolo,113,214977,2419,2239,4,2243,47
2020-08-24,Yuba,115,75493,833,750,3,753,1
2020-08-23,Alameda,001,1643700,18140,16786,121,16907,231
2020-08-23,Alpine,003,1148,2,2,0,2,0
2020-08-23,Amador,005,37829,268,227,0,227,13
2020-08-23,Butte,007,227075,1889,1637,18,1655,23
2020-08-23,Calaveras,009,45235,222,187,0,187,1
2020-08-23,Colusa,011,21464,444,424,0,424,5
2020-08-23,Contra Costa,013,1133247,13948,12642,46,12688,153
2020-08-23,Del Norte,015,27424,113,80,0,80,1
2020-08-23,El Dorado,017,186661,985,901,5,906,2
2020-08-23,Fresno,019,978130,26914,23414,286,23700,235
2020-08-23,Glenn,021,27897,437,421,0,421,2
2020-08-23,Humboldt,023,135768,376,341,1,342,4
2020-08-23,Imperial,025,180216,11128,9243,6,9249,210
2020-08-23,Inyo,027,18085,168,144,3,147,2
2020-08-23,Kern,029,883053,29306,28028,204,28232,277
2020-08-23,Kings,031,150075,6084,5628,30,5658,60
2020-08-23,Lake,033,64148,325,299,0,299,2
2020-08-23,Lassen,035,31185,720,693,2,695,0
2020-08-23,Los Angeles,037,10098052,237117,231833,1076,232909,5549
2020-08-23,Madera,039,155013,3807,3401,23,3424,32
2020-08-23,Marin,041,260295,6041,5807,14,5821,50
2020-08-23,Mariposa,043,17540,71,66,0,66,2
2020-08-23,Mendocino,045,87422,600,550,0,550,10
2020-08-23,Merced,047,269075,7799,7574,8,7582,69
2020-08-23,Modoc,049,8938,7,5,0,5,0
2020-08-23,Mono,051,14174,163,129,2,131,1
2020-08-23,Monterey,053,433212,7735,7173,21,7194,50
2020-08-23,Napa,055,140530,1435,1348,5,1353,10
2020-08-23,Nevada,057,99092,438,421,14,435,2
2020-08-23,Orange,059,3164182,49323,45267,1112,46379,887
2020-08-23,Placer,061,380077,2963,2772,6,2778,31
2020-08-23,Plumas,063,18699,39,37,0,37,0
2020-08-23,Riverside,065,2383286,52513,50293,56,50349,955
2020-08-23,Sacramento,067,1510023,17658,16084,14,16098,243
2020-08-23,San Benito,069,59416,1049,938,0,938,3
2020-08-23,San Bernardino,071,2135413,48021,45010,284,45294,719
2020-08-23,San Diego,073,3302833,38254,36542,320,36862,660
2020-08-23,San Francisco,075,870044,9287,8564,8,8572,80
2020-08-23,San Joaquin,077,732212,18015,16069,33,16102,305
2020-08-23,San Luis Obispo,079,281455,2958,2679,13,2692,20
2020-08-23,San Mateo,081,765935,8229,7450,9,7459,120
2020-08-23,Santa Barbara,083,443738,8015,7725,69,7794,90
2020-08-23,Santa Clara,085,1922200,17660,15912,35,15947,191
2020-08-23,Santa Cruz,087,273765,1805,1627,16,1643,6
2020-08-23,Shasta,089,179085,600,501,3,504,9
2020-08-23,Sierra,091,2930,6,6,0,6,0
2020-08-23,Siskiyou,093,43540,123,107,8,115,0
2020-08-23,Solano,095,438530,5311,4977,33,5010,32
2020-08-23,Sonoma,097,501317,5588,5018,19,5037,56
2020-08-23,Stanislaus,099,539301,14761,13483,282,13765,171
2020-08-23,Sutter,101,95872,1310,1203,1,1204,9
2020-08-23,Tehama,103,63373,406,381,2,383,1
2020-08-23,Trinity,105,12862,44,10,6,16,0
2020-08-23,Tulare,107,460477,14205,13303,50,13353,223
2020-08-23,Tuolumne,109,53932,195,164,4,168,1
2020-08-23,Ventura,111,848112,11002,10126,73,10199,99
2020-08-23,Yolo,113,214977,2391,2210,4,2214,47
2020-08-23,Yuba,115,75493,812,750,3,753,1
2020-08-22,Alameda,001,1643700,18046,16648,120,16768,231
2020-08-22,Alpine,003,1148,2,2,0,2,0
2020-08-22,Amador,005,37829,267,224,0,224,13
2020-08-22,Butte,007,227075,1838,1618,18,1636,22
2020-08-22,Calaveras,009,45235,218,187,0,187,1
2020-08-22,Colusa,011,21464,440,419,0,419,5
2020-08-22,Contra Costa,013,1133247,13861,12522,46,12568,153
2020-08-22,Del Norte,015,27424,112,80,0,80,1
2020-08-22,El Dorado,017,186661,983,900,5,905,2
2020-08-22,Fresno,019,978130,26817,23197,285,23482,235
2020-08-22,Glenn,021,27897,436,421,0,421,2
2020-08-22,Humboldt,023,135768,366,334,1,335,4
2020-08-22,Imperial,025,180216,11120,9244,6,9250,210
2020-08-22,Inyo,027,18085,168,144,3,147,1
2020-08-22,Kern,029,883053,29252,27807,204,28011,277
2020-08-22,Kings,031,150075,6075,5447,30,5477,60
2020-08-22,Lake,033,64148,323,291,0,291,2
2020-08-22,Lassen,035,31185,720,693,2,695,0
2020-08-22,Los Angeles,037,10098052,236457,230858,1058,231916,5540
2020-08-22,Madera,039,155013,3788,3330,23,3353,32
2020-08-22,Marin,041,260295,6029,5789,14,5803,49
2020-08-22,Mariposa,043,17540,71,66,0,66,2
2020-08-22,Mendocino,045,87422,597,529,0,529,10
2020-08-22,Merced,047,269075,7771,7493,8,7501,69
2020-08-22,Modoc,049,8938,7,5,0,5,0
2020-08-22,Mono,051,14174,163,129,2,131,1
2020-08-22,Monterey,053,433212,7687,7081,21,7102,50
2020-08-22,Napa,055,140530,1430,1328,5,1333,11
2020-08-22,Nevada,057,99092,438,411,14,425,2
2020-08-22,Orange,059,3164182,49182,45131,1106,46237,885
2020-08-22,Placer,061,380077,2949,2734,6,2740,30
2020-08-22,Plumas,063,18699,39,37,0,37,0
2020-08-22,Riverside,065,2383286,52365,49944,55,49999,953
2020-08-22,Sacramento,067,1510023,17546,15516,14,15530,239
2020-08-22,San Benito,069,59416,1033,912,0,912,3
2020-08-22,San Bernardino,071,2135413,47892,44803,280,45083,719
2020-08-22,San Diego,073,3302833,38072,36205,309,36514,673
2020-08-22,San Francisco,075,870044,9227,8568,8,8576,80
2020-08-22,San Joaquin,077,732212,17959,16068,33,16101,305
2020-08-22,San Luis Obispo,079,281455,2932,2660,13,2673,20
2020-08-22,San Mateo,081,765935,8182,7361,9,7370,120
2020-08-22,Santa Barbara,083,443738,7989,7685,69,7754,90
2020-08-22,Santa Clara,085,1922200,17552,15590,35,15625,190
2020-08-22,Santa Cruz,087,273765,1789,1628,15,1643,6
2020-08-22,Shasta,089,179085,598,493,3,496,9
2020-08-22,Sierra,091,2930,6,6,0,6,0
2020-08-22,Siskiyou,093,43540,123,106,8,114,0
2020-08-22,Solano,095,438530,5281,4944,32,4976,32
2020-08-22,Sonoma,097,501317,5542,4891,19,4910,57
2020-08-22,Stanislaus,099,539301,14711,13380,265,13645,170
2020-08-22,Sutter,101,95872,1303,1189,1,1190,8
2020-08-22,Tehama,103,63373,405,368,2,370,1
2020-08-22,Trinity,105,12862,44,8,6,14,0
2020-08-22,Tulare,107,460477,14138,13196,50,13246,222
2020-08-22,Tuolumne,109,53932,193,162,4,166,1
2020-08-22,Ventura,111,848112,10947,9959,71,10030,99
2020-08-22,Yolo,113,214977,2375,2188,4,2192,47
2020-08-22,Yuba,115,75493,800,738,3,741,1
2020-08-21,Alameda,001,1643700,17954,16413,120,16533,232
2020-08-21,Alpine,003,1148,2,2,0,2,0
2020-08-21,Amador,005,37829,266,223,0,223,11
2020-08-21,Butte,007,227075,1799,1582,18,1600,19
2020-08-21,Calaveras,009,45235,218,182,0,182,1
2020-08-21,Colusa,011,21464,438,418,0,418,5
2020-08-21,Contra Costa,013,1133247,13771,12333,45,12378,149
2020-08-21,Del Norte,015,27424,112,78,0,78,1
2020-08-21,El Dorado,017,186661,979,885,5,890,2
2020-08-21,Fresno,019,978130,26647,22840,284,23124,232
2020-08-21,Glenn,021,27897,432,418,0,418,2
2020-08-21,Humboldt,023,135768,363,331,1,332,4
2020-08-21,Imperial,025,180216,11104,9166,6,9172,204
2020-08-21,Inyo,027,18085,168,144,3,147,1
2020-08-21,Kern,029,883053,29193,27567,202,27769,269
2020-08-21,Kings,031,150075,6053,5391,30,5421,60
2020-08-21,Lake,033,64148,321,281,0,281,2
2020-08-21,Lassen,035,31185,720,693,2,695,0
2020-08-21,Los Angeles,037,10098052,235583,229235,1038,230273,5494
2020-08-21,Madera,039,155013,3758,3271,23,3294,31
2020-08-21,Marin,041,260295,6009,5762,14,5776,49
2020-08-21,Mariposa,043,17540,71,66,0,66,2
2020-08-21,Mendocino,045,87422,587,505,0,505,10
2020-08-21,Merced,047,269075,7742,7357,8,7365,69
2020-08-21,Modoc,049,8938,7,5,0,5,0
2020-08-21,Mono,051,14174,163,128,2,130,1
2020-08-21,Monterey,053,433212,7615,6974,21,6995,49
2020-08-21,Napa,055,140530,1421,1317,5,1322,10
2020-08-21,Nevada,057,99092,437,406,14,420,2
2020-08-21,Orange,059,3164182,49041,44625,1097,45722,875
2020-08-21,Placer,061,380077,2933,2698,6,2704,30
2020-08-21,Plumas,063,18699,39,36,0,36,0
2020-08-21,Riverside,065,2383286,52170,49409,55,49464,932
2020-08-21,Sacramento,067,1510023,17423,15247,14,15261,237
2020-08-21,San Benito,069,59416,1023,891,0,891,3
2020-08-21,San Bernardino,071,2135413,47772,44249,276,44525,668
2020-08-21,San Diego,073,3302833,37868,35914,292,36206,652
2020-08-21,San Francisco,075,870044,9177,8375,8,8383,80
2020-08-21,San Joaquin,077,732212,17876,15888,31,15919,301
2020-08-21,San Luis Obispo,079,281455,2909,2640,13,2653,19
2020-08-21,San Mateo,081,765935,8125,7253,9,7262,120
2020-08-21,Santa Barbara,083,443738,7948,7645,69,7714,86
2020-08-21,Santa Clara,085,1922200,17400,15399,35,15434,190
2020-08-21,Santa Cruz,087,273765,1777,1617,15,1632,6
2020-08-21,Shasta,089,179085,598,486,3,489,9
2020-08-21,Sierra,091,2930,6,6,0,6,0
2020-08-21,Siskiyou,093,43540,123,103,6,109,0
2020-08-21,Solano,095,438530,5258,4891,31,4922,32
2020-08-21,Sonoma,097,501317,5472,4816,19,4835,57
2020-08-21,Stanislaus,099,539301,14642,13282,250,13532,161
2020-08-21,Sutter,101,95872,1290,1173,1,1174,8
2020-08-21,Tehama,103,63373,403,357,2,359,1
2020-08-21,Trinity,105,12862,44,8,6,14,0
2020-08-21,Tulare,107,460477,14066,13002,49,13051,217
2020-08-21,Tuolumne,109,53932,185,161,4,165,1
2020-08-21,Ventura,111,848112,10882,9865,69,9934,98
2020-08-21,Yolo,113,214977,2360,2164,4,2168,46
2020-08-21,Yuba,115,75493,796,717,3,720,1
2020-08-20,Alameda,001,1643700,17795,16174,120,16294,229
2020-08-20,Alpine,003,1148,2,2,0,2,0
2020-08-20,Amador,005,37829,264,222,0,222,11
2020-08-20,Butte,007,227075,1748,1549,18,1567,18
2020-08-20,Calaveras,009,45235,215,179,0,179,1
2020-08-20,Colusa,011,21464,436,415,0,415,5
2020-08-20,Contra Costa,013,1133247,13643,12108,44,12152,144
2020-08-20,Del Norte,015,27424,112,78,0,78,1
2020-08-20,El Dorado,017,186661,975,881,5,886,2
2020-08-20,Fresno,019,978130,26465,22535,279,22814,228
2020-08-20,Glenn,021,27897,427,414,0,414,2
2020-08-20,Humboldt,023,135768,358,318,1,319,4
2020-08-20,Imperial,025,180216,11085,9086,6,9092,196
2020-08-20,Inyo,027,18085,167,144,3,147,1
2020-08-20,Kern,029,883053,29025,27337,191,27528,267
2020-08-20,Kings,031,150075,6013,5347,29,5376,59
2020-08-20,Lake,033,64148,316,280,0,280,2
2020-08-20,Lassen,035,31185,719,693,2,695,0
2020-08-20,Los Angeles,037,10098052,234353,227492,1019,228511,5445
2020-08-20,Madera,039,155013,3732,3197,23,3220,31
2020-08-20,Marin,041,260295,5991,5745,14,5759,47
2020-08-20,Mariposa,043,17540,71,67,0,67,2
2020-08-20,Mendocino,045,87422,577,497,0,497,10
2020-08-20,Merced,047,269075,7667,7173,8,7181,68
2020-08-20,Modoc,049,8938,7,5,0,5,0
2020-08-20,Mono,051,14174,163,128,2,130,1
2020-08-20,Monterey,053,433212,7544,6892,21,6913,47
2020-08-20,Napa,055,140530,1413,1306,5,1311,10
2020-08-20,Nevada,057,99092,436,401,14,415,2
2020-08-20,Orange,059,3164182,48814,44299,1087,45386,849
2020-08-20,Placer,061,380077,2917,2681,6,2687,30
2020-08-20,Plumas,063,18699,39,36,0,36,0
2020-08-20,Riverside,065,2383286,51951,48953,54,49007,927
2020-08-20,Sacramento,067,1510023,17181,14992,14,15006,231
2020-08-20,San Benito,069,59416,1010,866,0,866,3
2020-08-20,San Bernardino,071,2135413,47516,43627,272,43899,665
2020-08-20,San Diego,073,3302833,37648,35610,274,35884,644
2020-08-20,San Francisco,075,870044,9091,8262,8,8270,72
2020-08-20,San Joaquin,077,732212,17783,15778,31,15809,297
2020-08-20,San Luis Obispo,079,281455,2889,2590,13,2603,19
2020-08-20,San Mateo,081,765935,8060,7188,9,7197,120
2020-08-20,Santa Barbara,083,443738,7910,7571,69,7640,81
2020-08-20,Santa Clara,085,1922200,17227,15162,35,15197,190
2020-08-20,Santa Cruz,087,273765,1764,1581,15,1596,6
2020-08-20,Shasta,089,179085,597,478,3,481,9
2020-08-20,Sierra,091,2930,6,6,0,6,0
2020-08-20,Siskiyou,093,43540,122,102,1,103,0
2020-08-20,Solano,095,438530,5214,4843,31,4874,31
2020-08-20,Sonoma,097,501317,5400,4737,19,4756,54
2020-08-20,Stanislaus,099,539301,14546,13120,241,13361,161
2020-08-20,Sutter,101,95872,1266,1158,1,1159,8
2020-08-20,Tehama,103,63373,398,350,2,352,1
2020-08-20,Trinity,105,12862,44,8,6,14,0
2020-08-20,Tulare,107,460477,13958,12907,48,12955,217
2020-08-20,Tuolumne,109,53932,181,159,4,163,1
2020-08-20,Ventura,111,848112,10769,9744,68,9812,93
2020-08-20,Yolo,113,214977,2338,2150,4,2154,47
2020-08-20,Yuba,115,75493,779,709,3,712,1
2020-08-19,Alameda,001,1643700,17637,15874,119,15993,226
2020-08-19,Alpine,003,1148,2,2,0,2,0
2020-08-19,Amador,005,37829,263,219,0,219,9
2020-08-19,Butte,007,227075,1705,1517,18,1535,16
2020-08-19,Calaveras,009,45235,213,177,0,177,1
2020-08-19,Colusa,011,21464,435,415,0,415,5
2020-08-19,Contra Costa,013,1133247,13531,11895,43,11938,142
2020-08-19,Del Norte,015,27424,112,78,0,78,1
2020-08-19,El Dorado,017,186661,969,870,5,875,2
2020-08-19,Fresno,019,978130,26276,22167,270,22437,221
2020-08-19,Glenn,021,27897,425,414,0,414,2
2020-08-19,Humboldt,023,135768,355,316,1,317,4
2020-08-19,Imperial,025,180216,11057,9041,6,9047,192
2020-08-19,Inyo,027,18085,165,140,3,143,1
2020-08-19,Kern,029,883053,28908,27142,187,27329,263
2020-08-19,Kings,031,150075,5840,5301,27,5328,59
2020-08-19,Lake,033,64148,313,277,0,277,2
2020-08-19,Lassen,035,31185,711,693,2,695,0
2020-08-19,Los Angeles,037,10098052,233077,226006,979,226985,5399
2020-08-19,Madera,039,155013,3698,3158,21,3179,30
2020-08-19,Marin,041,260295,5967,5723,13,5736,46
2020-08-19,Mariposa,043,17540,71,64,0,64,2
2020-08-19,Mendocino,045,87422,560,495,0,495,8
2020-08-19,Merced,047,269075,7540,7082,5,7087,66
2020-08-19,Modoc,049,8938,7,5,0,5,0
2020-08-19,Mono,051,14174,163,128,2,130,1
2020-08-19,Monterey,053,433212,7444,6693,21,6714,45
2020-08-19,Napa,055,140530,1408,1293,5,1298,10
2020-08-19,Nevada,057,99092,429,398,14,412,2
2020-08-19,Orange,059,3164182,48609,43938,1084,45022,829
2020-08-19,Placer,061,380077,2895,2659,6,2665,28
2020-08-19,Plumas,063,18699,39,36,0,36,0
2020-08-19,Riverside,065,2383286,51702,48741,54,48795,922
2020-08-19,Sacramento,067,1510023,17001,14764,14,14778,229
2020-08-19,San Benito,069,59416,993,853,0,853,3
2020-08-19,San Bernardino,071,2135413,47218,43224,266,43490,661
2020-08-19,San Diego,073,3302833,37398,35378,259,35637,638
2020-08-19,San Francisco,075,870044,9026,8236,8,8244,72
2020-08-19,San Joaquin,077,732212,17657,15677,30,15707,296
2020-08-19,San Luis Obispo,079,281455,2849,2553,13,2566,19
2020-08-19,San Mateo,081,765935,7991,7146,9,7155,119
2020-08-19,Santa Barbara,083,443738,7861,7499,69,7568,80
2020-08-19,Santa Clara,085,1922200,17081,14994,35,15029,189
2020-08-19,Santa Cruz,087,273765,1738,1554,15,1569,6
2020-08-19,Shasta,089,179085,593,475,3,478,9
2020-08-19,Sierra,091,2930,6,6,0,6,0
2020-08-19,Siskiyou,093,43540,121,103,1,104,0
2020-08-19,Solano,095,438530,5173,4807,31,4838,31
2020-08-19,Sonoma,097,501317,5321,4614,19,4633,54
2020-08-19,Stanislaus,099,539301,14443,13084,219,13303,160
2020-08-19,Sutter,101,95872,1232,1146,1,1147,8
2020-08-19,Tehama,103,63373,392,342,2,344,1
2020-08-19,Trinity,105,12862,43,8,6,14,0
2020-08-19,Tulare,107,460477,13860,12756,48,12804,217
2020-08-19,Tuolumne,109,53932,178,159,4,163,1
2020-08-19,Ventura,111,848112,10677,9587,66,9653,91
2020-08-19,Yolo,113,214977,2316,2126,4,2130,47
2020-08-19,Yuba,115,75493,767,701,3,704,1
2020-08-18,Alameda,001,1643700,17460,15627,117,15744,223
2020-08-18,Alpine,003,1148,2,2,0,2,0
2020-08-18,Amador,005,37829,262,215,0,215,9
2020-08-18,Butte,007,227075,1672,1491,18,1509,16
2020-08-18,Calaveras,009,45235,210,174,0,174,1
2020-08-18,Colusa,011,21464,434,415,0,415,5
2020-08-18,Contra Costa,013,1133247,13411,11689,41,11730,141
2020-08-18,Del Norte,015,27424,111,78,0,78,0
2020-08-18,El Dorado,017,186661,964,866,5,871,2
2020-08-18,Fresno,019,978130,26055,21798,264,22062,212
2020-08-18,Glenn,021,27897,425,407,0,407,2
2020-08-18,Humboldt,023,135768,353,315,1,316,4
2020-08-18,Imperial,025,180216,11023,8968,6,8974,189
2020-08-18,Inyo,027,18085,164,140,3,143,1
2020-08-18,Kern,029,883053,28755,26978,183,27161,263
2020-08-18,Kings,031,150075,5805,5269,26,5295,58
2020-08-18,Lake,033,64148,310,274,0,274,2
2020-08-18,Lassen,035,31185,711,693,2,695,0
2020-08-18,Los Angeles,037,10098052,231816,224218,942,225160,5339
2020-08-18,Madera,039,155013,3670,3125,21,3146,28
2020-08-18,Marin,041,260295,5937,5708,13,5721,47
2020-08-18,Mariposa,043,17540,71,61,0,61,2
2020-08-18,Mendocino,045,87422,551,468,0,468,8
2020-08-18,Merced,047,269075,7492,6940,5,6945,66
2020-08-18,Modoc,049,8938,7,5,0,5,0
2020-08-18,Mono,051,14174,162,129,2,131,1
2020-08-18,Monterey,053,433212,7352,6691,20,6711,44
2020-08-18,Napa,055,140530,1405,1274,5,1279,10
2020-08-18,Nevada,057,99092,422,389,14,403,2
2020-08-18,Orange,059,3164182,48384,43659,1070,44729,809
2020-08-18,Placer,061,380077,2869,2644,5,2649,28
2020-08-18,Plumas,063,18699,39,34,0,34,0
2020-08-18,Riverside,065,2383286,51370,48447,54,48501,917
2020-08-18,Sacramento,067,1510023,16771,14610,13,14623,222
2020-08-18,San Benito,069,59416,973,836,0,836,3
2020-08-18,San Bernardino,071,2135413,46937,42827,260,43087,648
2020-08-18,San Diego,073,3302833,37105,35164,227,35391,633
2020-08-18,San Francisco,075,870044,8941,8016,8,8024,72
2020-08-18,San Joaquin,077,732212,17541,15509,29,15538,290
2020-08-18,San Luis Obispo,079,281455,2824,2535,12,2547,18
2020-08-18,San Mateo,081,765935,7930,7074,9,7083,119
2020-08-18,Santa Barbara,083,443738,7819,7472,69,7541,81
2020-08-18,Santa Clara,085,1922200,16910,14786,34,14820,184
2020-08-18,Santa Cruz,087,273765,1725,1509,15,1524,6
2020-08-18,Shasta,089,179085,589,468,3,471,9
2020-08-18,Sierra,091,2930,6,6,0,6,0
2020-08-18,Siskiyou,093,43540,120,103,1,104,0
2020-08-18,Solano,095,438530,5146,4700,31,4731,31
2020-08-18,Sonoma,097,501317,5252,4506,19,4525,48
2020-08-18,Stanislaus,099,539301,14345,12935,203,13138,149
2020-08-18,Sutter,101,95872,1213,1126,1,1127,8
2020-08-18,Tehama,103,63373,382,333,2,335,1
2020-08-18,Trinity,105,12862,41,8,6,14,0
2020-08-18,Tulare,107,460477,13729,12637,45,12682,212
2020-08-18,Tuolumne,109,53932,175,159,4,163,1
2020-08-18,Ventura,111,848112,10587,9536,61,9597,89
2020-08-18,Yolo,113,214977,2294,2102,4,2106,47
2020-08-18,Yuba,115,75493,759,679,3,682,1
2020-08-17,Alameda,001,1643700,17267,15454,116,15570,221
2020-08-17,Alpine,003,1148,2,2,0,2,0
2020-08-17,Amador,005,37829,262,215,0,215,9
2020-08-17,Butte,007,227075,1627,1463,18,1481,15
2020-08-17,Calaveras,009,45235,206,167,0,167,1
2020-08-17,Colusa,011,21464,431,408,0,408,5
2020-08-17,Contra Costa,013,1133247,13274,11442,41,11483,141
2020-08-17,Del Norte,015,27424,107,77,0,77,0
2020-08-17,El Dorado,017,186661,961,846,5,851,2
2020-08-17,Fresno,019,978130,25847,21316,257,21573,211
2020-08-17,Glenn,021,27897,424,402,0,402,2
2020-08-17,Humboldt,023,135768,349,302,1,303,4
2020-08-17,Imperial,025,180216,10982,8897,6,8903,188
2020-08-17,Inyo,027,18085,156,124,3,127,1
2020-08-17,Kern,029,883053,28608,26773,173,26946,249
2020-08-17,Kings,031,150075,5767,5249,26,5275,58
2020-08-17,Lake,033,64148,305,270,0,270,2
2020-08-17,Lassen,035,31185,711,666,2,668,0
2020-08-17,Los Angeles,037,10098052,230298,223418,895,224313,5282
2020-08-17,Madera,039,155013,3627,3050,20,3070,26
2020-08-17,Marin,041,260295,5914,5683,12,5695,46
2020-08-17,Mariposa,043,17540,71,61,0,61,2
2020-08-17,Mendocino,045,87422,533,454,0,454,8
2020-08-17,Merced,047,269075,7397,6814,5,6819,66
2020-08-17,Modoc,049,8938,7,5,0,5,0
2020-08-17,Mono,051,14174,162,126,2,128,1
2020-08-17,Monterey,053,433212,7252,6553,20,6573,44
2020-08-17,Napa,055,140530,1384,1255,5,1260,10
2020-08-17,Nevada,057,99092,417,383,14,397,2
2020-08-17,Orange,059,3164182,48174,43621,1057,44678,804
2020-08-17,Placer,061,380077,2844,2609,5,2614,28
2020-08-17,Plumas,063,18699,39,33,0,33,0
2020-08-17,Riverside,065,2383286,51037,48062,52,48114,916
2020-08-17,Sacramento,067,1510023,16551,14333,13,14346,219
2020-08-17,San Benito,069,59416,958,822,0,822,2
2020-08-17,San Bernardino,071,2135413,46593,42005,252,42257,604
2020-08-17,San Diego,073,3302833,36839,34962,213,35175,626
2020-08-17,San Francisco,075,870044,8870,7600,8,7608,72
2020-08-17,San Joaquin,077,732212,17379,15323,28,15351,280
2020-08-17,San Luis Obispo,079,281455,2791,2527,12,2539,18
2020-08-17,San Mateo,081,765935,7873,6987,8,6995,118
2020-08-17,Santa Barbara,083,443738,7777,7438,69,7507,80
2020-08-17,Santa Clara,085,1922200,16686,14546,34,14580,183
2020-08-17,Santa Cruz,087,273765,1709,1453,14,1467,6
2020-08-17,Shasta,089,179085,583,467,3,470,9
2020-08-17,Sierra,091,2930,6,6,0,6,0
2020-08-17,Siskiyou,093,43540,119,103,0,103,0
2020-08-17,Solano,095,438530,5089,4479,31,4510,31
2020-08-17,Sonoma,097,501317,5164,4402,17,4419,48
2020-08-17,Stanislaus,099,539301,14220,12745,196,12941,148
2020-08-17,Sutter,101,95872,1197,1071,1,1072,8
2020-08-17,Tehama,103,63373,372,324,2,326,1
2020-08-17,Trinity,105,12862,41,8,6,14,0
2020-08-17,Tulare,107,460477,13616,12487,44,12531,210
2020-08-17,Tuolumne,109,53932,172,157,4,161,1
2020-08-17,Ventura,111,848112,10464,9490,56,9546,89
2020-08-17,Yolo,113,214977,2267,2083,4,2087,47
2020-08-17,Yuba,115,75493,744,647,3,650,1
2020-08-16,Alameda,001,1643700,16976,15338,116,15454,221
2020-08-16,Alpine,003,1148,2,2,0,2,0
2020-08-16,Amador,005,37829,259,215,0,215,9
2020-08-16,Butte,007,227075,1589,1432,18,1450,15
2020-08-16,Calaveras,009,45235,199,167,0,167,1
2020-08-16,Colusa,011,21464,429,407,0,407,5
2020-08-16,Contra Costa,013,1133247,13088,11255,41,11296,140
2020-08-16,Del Norte,015,27424,103,77,0,77,0
2020-08-16,El Dorado,017,186661,949,843,5,848,2
2020-08-16,Fresno,019,978130,25626,21010,252,21262,211
2020-08-16,Glenn,021,27897,422,400,0,400,2
2020-08-16,Humboldt,023,135768,347,301,1,302,4
2020-08-16,Imperial,025,180216,10938,8883,6,8889,188
2020-08-16,Inyo,027,18085,149,125,2,127,1
2020-08-16,Kern,029,883053,28409,26520,165,26685,249
2020-08-16,Kings,031,150075,5736,5146,26,5172,58
2020-08-16,Lake,033,64148,301,269,0,269,2
2020-08-16,Lassen,035,31185,711,666,2,668,0
2020-08-16,Los Angeles,037,10098052,228725,222236,865,223101,5263
2020-08-16,Madera,039,155013,3582,3013,20,3033,26
2020-08-16,Marin,041,260295,5888,5664,12,5676,46
2020-08-16,Mariposa,043,17540,71,61,0,61,2
2020-08-16,Mendocino,045,87422,525,451,0,451,8
2020-08-16,Merced,047,269075,7315,6744,5,6749,66
2020-08-16,Modoc,049,8938,7,5,0,5,0
2020-08-16,Mono,051,14174,162,126,2,128,1
2020-08-16,Monterey,053,433212,7154,6516,19,6535,44
2020-08-16,Napa,055,140530,1366,1241,3,1244,10
2020-08-16,Nevada,057,99092,408,379,14,393,2
2020-08-16,Orange,059,3164182,47925,43303,1046,44349,803
2020-08-16,Placer,061,380077,2815,2583,4,2587,28
2020-08-16,Plumas,063,18699,39,33,0,33,0
2020-08-16,Riverside,065,2383286,50706,47669,51,47720,910
2020-08-16,Sacramento,067,1510023,16311,14210,13,14223,219
2020-08-16,San Benito,069,59416,929,815,0,815,2
2020-08-16,San Bernardino,071,2135413,46169,41724,244,41968,603
2020-08-16,San Diego,073,3302833,36575,34680,198,34878,626
2020-08-16,San Francisco,075,870044,8783,7602,8,7610,72
2020-08-16,San Joaquin,077,732212,17176,15288,28,15316,280
2020-08-16,San Luis Obispo,079,281455,2762,2494,12,2506,17
2020-08-16,San Mateo,081,765935,7799,6942,8,6950,118
2020-08-16,Santa Barbara,083,443738,7728,7368,69,7437,79
2020-08-16,Santa Clara,085,1922200,16488,14329,34,14363,183
2020-08-16,Santa Cruz,087,273765,1682,1449,13,1462,6
2020-08-16,Shasta,089,179085,576,465,3,468,9
2020-08-16,Sierra,091,2930,6,6,0,6,0
2020-08-16,Siskiyou,093,43540,118,102,0,102,0
2020-08-16,Solano,095,438530,5029,4479,31,4510,31
2020-08-16,Sonoma,097,501317,5060,4329,17,4346,46
2020-08-16,Stanislaus,099,539301,14062,12668,186,12854,148
2020-08-16,Sutter,101,95872,1179,1071,1,1072,8
2020-08-16,Tehama,103,63373,363,318,2,320,1
2020-08-16,Trinity,105,12862,38,8,6,14,0
2020-08-16,Tulare,107,460477,13484,12334,41,12375,211
2020-08-16,Tuolumne,109,53932,172,156,4,160,1
2020-08-16,Ventura,111,848112,10355,9408,51,9459,89
2020-08-16,Yolo,113,214977,2248,2057,4,2061,47
2020-08-16,Yuba,115,75493,735,647,2,649,1
2020-08-15,Alameda,001,1643700,16899,15165,116,15281,221
2020-08-15,Alpine,003,1148,2,2,0,2,0
2020-08-15,Amador,005,37829,259,210,0,210,9
2020-08-15,Butte,007,227075,1567,1409,18,1427,15
2020-08-15,Calaveras,009,45235,197,167,0,167,1
2020-08-15,Colusa,011,21464,428,401,0,401,5
2020-08-15,Contra Costa,013,1133247,12992,11106,41,11147,138
2020-08-15,Del Norte,015,27424,103,77,0,77,0
2020-08-15,El Dorado,017,186661,944,838,5,843,2
2020-08-15,Fresno,019,978130,25510,20603,250,20853,211
2020-08-15,Glenn,021,27897,422,398,0,398,2
2020-08-15,Humboldt,023,135768,346,301,1,302,4
2020-08-15,Imperial,025,180216,10918,8794,6,8800,188
2020-08-15,Inyo,027,18085,149,123,2,125,1
2020-08-15,Kern,029,883053,28321,26338,165,26503,249
2020-08-15,Kings,031,150075,5718,5039,26,5065,56
2020-08-15,Lake,033,64148,299,268,0,268,2
2020-08-15,Lassen,035,31185,711,666,2,668,0
2020-08-15,Los Angeles,037,10098052,227975,221043,855,221898,5252
2020-08-15,Madera,039,155013,3532,2950,20,2970,26
2020-08-15,Marin,041,260295,5881,5628,12,5640,46
2020-08-15,Mariposa,043,17540,71,61,0,61,2
2020-08-15,Mendocino,045,87422,521,444,0,444,8
2020-08-15,Merced,047,269075,7281,6656,5,6661,66
2020-08-15,Modoc,049,8938,7,5,0,5,0
2020-08-15,Mono,051,14174,162,126,2,128,1
2020-08-15,Monterey,053,433212,7109,6162,19,6181,44
2020-08-15,Napa,055,140530,1356,1232,3,1235,10
2020-08-15,Nevada,057,99092,408,376,14,390,2
2020-08-15,Orange,059,3164182,47812,42811,1035,43846,801
2020-08-15,Placer,061,380077,2794,2551,4,2555,27
2020-08-15,Plumas,063,18699,39,33,0,33,0
2020-08-15,Riverside,065,2383286,50555,46720,51,46771,910
2020-08-15,Sacramento,067,1510023,16201,14018,13,14031,219
2020-08-15,San Benito,069,59416,916,805,0,805,2
2020-08-15,San Bernardino,071,2135413,46017,41231,242,41473,602
2020-08-15,San Diego,073,3302833,36409,34346,184,34530,639
2020-08-15,San Francisco,075,870044,8720,7601,8,7609,69
2020-08-15,San Joaquin,077,732212,17103,15113,28,15141,280
2020-08-15,San Luis Obispo,079,281455,2745,2461,12,2473,17
2020-08-15,San Mateo,081,765935,7762,6860,8,6868,118
2020-08-15,Santa Barbara,083,443738,7700,7338,69,7407,79
2020-08-15,Santa Clara,085,1922200,16392,14105,34,14139,183
2020-08-15,Santa Cruz,087,273765,1661,1449,13,1462,6
2020-08-15,Shasta,089,179085,573,458,3,461,9
2020-08-15,Sierra,091,2930,6,6,0,6,0
2020-08-15,Siskiyou,093,43540,117,100,0,100,0
2020-08-15,Solano,095,438530,5007,4477,31,4508,31
2020-08-15,Sonoma,097,501317,5005,4134,17,4151,45
2020-08-15,Stanislaus,099,539301,13998,12541,185,12726,149
2020-08-15,Sutter,101,95872,1168,1046,1,1047,8
2020-08-15,Tehama,103,63373,362,312,2,314,1
2020-08-15,Trinity,105,12862,36,6,6,12,0
2020-08-15,Tulare,107,460477,13445,12262,41,12303,211
2020-08-15,Tuolumne,109,53932,172,155,4,159,1
2020-08-15,Ventura,111,848112,10296,9379,49,9428,89
2020-08-15,Yolo,113,214977,2236,2031,4,2035,46
2020-08-15,Yuba,115,75493,731,623,2,625,1
2020-08-14,Alameda,001,1643700,16759,14909,116,15025,221
2020-08-14,Alpine,003,1148,2,2,0,2,0
2020-08-14,Amador,005,37829,259,209,0,209,9
2020-08-14,Butte,007,227075,1559,1384,18,1402,15
2020-08-14,Calaveras,009,45235,193,165,0,165,1
2020-08-14,Colusa,011,21464,426,399,0,399,5
2020-08-14,Contra Costa,013,1133247,12880,10893,41,10934,137
2020-08-14,Del Norte,015,27424,103,76,0,76,0
2020-08-14,El Dorado,017,186661,936,827,5,832,2
2020-08-14,Fresno,019,978130,25376,19900,250,20150,208
2020-08-14,Glenn,021,27897,420,395,0,395,2
2020-08-14,Humboldt,023,135768,340,294,1,295,4
2020-08-14,Imperial,025,180216,10894,8756,6,8762,185
2020-08-14,Inyo,027,18085,148,115,2,117,1
2020-08-14,Kern,029,883053,28217,25893,164,26057,249
2020-08-14,Kings,031,150075,5704,4953,26,4979,56
2020-08-14,Lake,033,64148,290,267,0,267,2
2020-08-14,Lassen,035,31185,711,665,2,667,0
2020-08-14,Los Angeles,037,10098052,226805,219083,838,219921,5222
2020-08-14,Madera,039,155013,3502,2876,20,2896,26
2020-08-14,Marin,041,260295,5870,5601,12,5613,46
2020-08-14,Mariposa,043,17540,70,61,0,61,2
2020-08-14,Mendocino,045,87422,512,432,0,432,8
2020-08-14,Merced,047,269075,7251,6466,5,6471,67
2020-08-14,Modoc,049,8938,7,5,0,5,0
2020-08-14,Mono,051,14174,162,126,2,128,1
2020-08-14,Monterey,053,433212,7058,6121,19,6140,41
2020-08-14,Napa,055,140530,1346,1230,3,1233,10
2020-08-14,Nevada,057,99092,404,377,14,391,2
2020-08-14,Orange,059,3164182,47662,42399,1023,43422,798
2020-08-14,Placer,061,380077,2775,2546,4,2550,26
2020-08-14,Plumas,063,18699,38,33,0,33,0
2020-08-14,Riverside,065,2383286,50326,46456,51,46507,891
2020-08-14,Sacramento,067,1510023,16052,13645,13,13658,212
2020-08-14,San Benito,069,59416,899,783,0,783,2
2020-08-14,San Bernardino,071,2135413,45830,40442,239,40681,594
2020-08-14,San Diego,073,3302833,36215,34067,177,34244,622
2020-08-14,San Francisco,075,870044,8661,7467,8,7475,69
2020-08-14,San Joaquin,077,732212,17003,14925,28,14953,276
2020-08-14,San Luis Obispo,079,281455,2730,2422,12,2434,17
2020-08-14,San Mateo,081,765935,7703,6655,8,6663,118
2020-08-14,Santa Barbara,083,443738,7650,7302,69,7371,77
2020-08-14,Santa Clara,085,1922200,16226,13785,33,13818,183
2020-08-14,Santa Cruz,087,273765,1639,1418,12,1430,6
2020-08-14,Shasta,089,179085,568,446,3,449,9
2020-08-14,Sierra,091,2930,6,5,0,5,0
2020-08-14,Siskiyou,093,43540,117,98,0,98,0
2020-08-14,Solano,095,438530,4986,4421,31,4452,31
2020-08-14,Sonoma,097,501317,4946,4087,14,4101,45
2020-08-14,Stanislaus,099,539301,13920,12379,181,12560,140
2020-08-14,Sutter,101,95872,1160,1039,1,1040,8
2020-08-14,Tehama,103,63373,357,305,2,307,1
2020-08-14,Trinity,105,12862,36,6,6,12,0
2020-08-14,Tulare,107,460477,13368,12009,41,12050,211
2020-08-14,Tuolumne,109,53932,171,155,4,159,1
2020-08-14,Ventura,111,848112,10221,9313,49,9362,89
2020-08-14,Yolo,113,214977,2222,1991,4,1995,45
2020-08-14,Yuba,115,75493,715,606,2,608,1
2020-08-13,Alameda,001,1643700,16481,14385,116,14501,218
2020-08-13,Alpine,003,1148,2,2,0,2,0
2020-08-13,Amador,005,37829,259,198,0,198,8
2020-08-13,Butte,007,227075,1534,1345,18,1363,15
2020-08-13,Calaveras,009,45235,191,162,0,162,1
2020-08-13,Colusa,011,21464,426,395,0,395,5
2020-08-13,Contra Costa,013,1133247,12726,10545,40,10585,136
2020-08-13,Del Norte,015,27424,102,74,0,74,0
2020-08-13,El Dorado,017,186661,931,803,5,808,2
2020-08-13,Fresno,019,978130,25149,19157,244,19401,201
2020-08-13,Glenn,021,27897,416,392,0,392,1
2020-08-13,Humboldt,023,135768,332,281,1,282,4
2020-08-13,Imperial,025,180216,10863,8640,6,8646,170
2020-08-13,Inyo,027,18085,144,97,2,99,1
2020-08-13,Kern,029,883053,28050,25472,161,25633,242
2020-08-13,Kings,031,150075,5669,4824,26,4850,52
2020-08-13,Lake,033,64148,285,263,0,263,2
2020-08-13,Lassen,035,31185,711,652,2,654,0
2020-08-13,Los Angeles,037,10098052,225424,216497,817,217314,5179
2020-08-13,Madera,039,155013,3458,2675,19,2694,25
2020-08-13,Marin,041,260295,5854,5503,12,5515,44
2020-08-13,Mariposa,043,17540,69,61,0,61,2
2020-08-13,Mendocino,045,87422,507,401,0,401,8
2020-08-13,Merced,047,269075,7134,5945,5,5950,63
2020-08-13,Modoc,049,8938,7,5,0,5,0
2020-08-13,Mono,051,14174,162,124,2,126,1
2020-08-13,Monterey,053,433212,6975,5925,19,5944,38
2020-08-13,Napa,055,140530,1337,1179,3,1182,10
2020-08-13,Nevada,057,99092,400,362,14,376,1
2020-08-13,Orange,059,3164182,47423,42019,1012,43031,773
2020-08-13,Placer,061,380077,2752,2460,4,2464,26
2020-08-13,Plumas,063,18699,38,32,0,32,0
2020-08-13,Riverside,065,2383286,50030,45327,51,45378,885
2020-08-13,Sacramento,067,1510023,15849,13237,13,13250,197
2020-08-13,San Benito,069,59416,870,757,0,757,2
2020-08-13,San Bernardino,071,2135413,45435,39395,233,39628,591
2020-08-13,San Diego,073,3302833,35979,33661,159,33820,627
2020-08-13,San Francisco,075,870044,8567,7277,8,7285,69
2020-08-13,San Joaquin,077,732212,16848,14537,27,14564,261
2020-08-13,San Luis Obispo,079,281455,2708,2283,12,2295,16
2020-08-13,San Mateo,081,765935,7641,6503,8,6511,117
2020-08-13,Santa Barbara,083,443738,7605,7129,68,7197,74
2020-08-13,Santa Clara,085,1922200,16004,13257,33,13290,182
2020-08-13,Santa Cruz,087,273765,1614,1383,12,1395,6
2020-08-13,Shasta,089,179085,563,428,3,431,9
2020-08-13,Sierra,091,2930,6,5,0,5,0
2020-08-13,Siskiyou,093,43540,117,95,0,95,0
2020-08-13,Solano,095,438530,4949,4305,31,4336,31
2020-08-13,Sonoma,097,501317,4872,3902,14,3916,45
2020-08-13,Stanislaus,099,539301,13790,11953,165,12118,136
2020-08-13,Sutter,101,95872,1138,992,1,993,8
2020-08-13,Tehama,103,63373,348,302,2,304,1
2020-08-13,Trinity,105,12862,35,6,6,12,0
2020-08-13,Tulare,107,460477,13224,11692,38,11730,210
2020-08-13,Tuolumne,109,53932,170,152,4,156,1
2020-08-13,Ventura,111,848112,10132,9114,49,9163,90
2020-08-13,Yolo,113,214977,2195,1938,4,1942,44
2020-08-13,Yuba,115,75493,699,568,2,570,1
2020-08-12,Alameda,001,1643700,16267,14214,116,14330,215
2020-08-12,Alpine,003,1148,2,2,0,2,0
2020-08-12,Amador,005,37829,256,197,0,197,8
2020-08-12,Butte,007,227075,1506,1317,18,1335,15
2020-08-12,Calaveras,009,45235,188,157,0,157,1
2020-08-12,Colusa,011,21464,421,394,0,394,5
2020-08-12,Contra Costa,013,1133247,12581,10304,39,10343,134
2020-08-12,Del Norte,015,27424,101,74,0,74,0
2020-08-12,El Dorado,017,186661,913,794,5,799,2
2020-08-12,Fresno,019,978130,24919,18690,238,18928,194
2020-08-12,Glenn,021,27897,413,388,0,388,1
2020-08-12,Humboldt,023,135768,325,281,1,282,4
2020-08-12,Imperial,025,180216,10840,8566,6,8572,167
2020-08-12,Inyo,027,18085,127,97,2,99,1
2020-08-12,Kern,029,883053,27858,25191,159,25350,232
2020-08-12,Kings,031,150075,5630,4736,26,4762,50
2020-08-12,Lake,033,64148,283,253,0,253,2
2020-08-12,Lassen,035,31185,710,651,2,653,0
2020-08-12,Los Angeles,037,10098052,224023,214542,801,215343,5119
2020-08-12,Madera,039,155013,3424,2681,17,2698,23
2020-08-12,Marin,041,260295,5832,5423,12,5435,44
2020-08-12,Mariposa,043,17540,69,61,0,61,2
2020-08-12,Mendocino,045,87422,488,386,0,386,9
2020-08-12,Merced,047,269075,7072,5777,5,5782,66
2020-08-12,Modoc,049,8938,7,5,0,5,0
2020-08-12,Mono,051,14174,161,124,2,126,1
2020-08-12,Monterey,053,433212,6871,5919,19,5938,38
2020-08-12,Napa,055,140530,1327,1161,3,1164,10
2020-08-12,Nevada,057,99092,395,357,14,371,1
2020-08-12,Orange,059,3164182,47172,41576,988,42564,754
2020-08-12,Placer,061,380077,2720,2417,4,2421,25
2020-08-12,Plumas,063,18699,38,31,0,31,0
2020-08-12,Riverside,065,2383286,49682,44747,51,44798,867
2020-08-12,Sacramento,067,1510023,15637,12528,13,12541,189
2020-08-12,San Benito,069,59416,857,751,0,751,2
2020-08-12,San Bernardino,071,2135413,45092,38811,224,39035,589
2020-08-12,San Diego,073,3302833,35770,33395,139,33534,608
2020-08-12,San Francisco,075,870044,8484,7194,8,7202,66
2020-08-12,San Joaquin,077,732212,16702,14154,27,14181,253
2020-08-12,San Luis Obispo,079,281455,2683,2263,12,2275,15
2020-08-12,San Mateo,081,765935,7562,6427,8,6435,117
2020-08-12,Santa Barbara,083,443738,7545,7049,66,7115,74
2020-08-12,Santa Clara,085,1922200,15828,13002,33,13035,182
2020-08-12,Santa Cruz,087,273765,1585,1382,11,1393,6
2020-08-12,Shasta,089,179085,559,417,3,420,9
2020-08-12,Sierra,091,2930,5,4,0,4,0
2020-08-12,Siskiyou,093,43540,116,90,0,90,0
2020-08-12,Solano,095,438530,4904,4258,31,4289,31
2020-08-12,Sonoma,097,501317,4798,3847,14,3861,47
2020-08-12,Stanislaus,099,539301,13651,11682,158,11840,136
2020-08-12,Sutter,101,95872,1114,987,1,988,7
2020-08-12,Tehama,103,63373,338,289,2,291,1
2020-08-12,Trinity,105,12862,34,6,6,12,0
2020-08-12,Tulare,107,460477,13096,11460,38,11498,211
2020-08-12,Tuolumne,109,53932,169,150,4,154,1
2020-08-12,Ventura,111,848112,10045,9005,49,9054,87
2020-08-12,Yolo,113,214977,2171,1921,4,1925,44
2020-08-12,Yuba,115,75493,677,549,1,550,1
2020-08-11,Alameda,001,1643700,16006,13960,113,14073,204
2020-08-11,Alpine,003,1148,2,2,0,2,0
2020-08-11,Amador,005,37829,250,187,0,187,3
2020-08-11,Butte,007,227075,1478,1296,18,1314,15
2020-08-11,Calaveras,009,45235,186,161,0,161,1
2020-08-11,Colusa,011,21464,416,390,0,390,5
2020-08-11,Contra Costa,013,1133247,12392,10012,37,10049,131
2020-08-11,Del Norte,015,27424,100,73,0,73,0
2020-08-11,El Dorado,017,186661,906,786,5,791,2
2020-08-11,Fresno,019,978130,24597,18344,235,18579,187
2020-08-11,Glenn,021,27897,411,380,0,380,1
2020-08-11,Humboldt,023,135768,320,283,1,284,4
2020-08-11,Imperial,025,180216,10785,8518,6,8524,165
2020-08-11,Inyo,027,18085,122,97,2,99,1
2020-08-11,Kern,029,883053,27523,25042,157,25199,230
2020-08-11,Kings,031,150075,5439,4696,26,4722,50
2020-08-11,Lake,033,64148,280,243,0,243,2
2020-08-11,Lassen,035,31185,704,605,2,607,0
2020-08-11,Los Angeles,037,10098052,222522,212421,777,213198,5065
2020-08-11,Madera,039,155013,3370,2673,17,2690,22
2020-08-11,Marin,041,260295,5805,5287,11,5298,44
2020-08-11,Mariposa,043,17540,68,60,0,60,2
2020-08-11,Mendocino,045,87422,478,385,0,385,9
2020-08-11,Merced,047,269075,6977,5322,4,5326,65
2020-08-11,Modoc,049,8938,7,5,0,5,0
2020-08-11,Mono,051,14174,161,124,2,126,1
2020-08-11,Monterey,053,433212,6762,5624,19,5643,36
2020-08-11,Napa,055,140530,1316,1143,2,1145,11
2020-08-11,Nevada,057,99092,392,358,14,372,1
2020-08-11,Orange,059,3164182,46952,41205,967,42172,742
2020-08-11,Placer,061,380077,2688,2393,4,2397,24
2020-08-11,Plumas,063,18699,38,31,0,31,0
2020-08-11,Riverside,065,2383286,49325,44237,51,44288,836
2020-08-11,Sacramento,067,1510023,15346,12298,13,12311,182
2020-08-11,San Benito,069,59416,845,750,0,750,2
2020-08-11,San Bernardino,071,2135413,44752,38467,217,38684,584
2020-08-11,San Diego,073,3302833,35503,33159,120,33279,602
2020-08-11,San Francisco,075,870044,8388,6988,8,6996,66
2020-08-11,San Joaquin,077,732212,16524,13997,22,14019,251
2020-08-11,San Luis Obispo,079,281455,2626,2234,12,2246,15
2020-08-11,San Mateo,081,765935,7488,6339,8,6347,117
2020-08-11,Santa Barbara,083,443738,7496,6942,66,7008,70
2020-08-11,Santa Clara,085,1922200,15607,12920,33,12953,183
2020-08-11,Santa Cruz,087,273765,1562,1352,11,1363,4
2020-08-11,Shasta,089,179085,555,416,3,419,9
2020-08-11,Sierra,091,2930,5,4,0,4,0
2020-08-11,Siskiyou,093,43540,116,90,0,90,0
2020-08-11,Solano,095,438530,4856,4206,30,4236,31
2020-08-11,Sonoma,097,501317,4703,3752,14,3766,45
2020-08-11,Stanislaus,099,539301,13547,11592,146,11738,128
2020-08-11,Sutter,101,95872,1092,964,1,965,7
2020-08-11,Tehama,103,63373,334,289,2,291,1
2020-08-11,Trinity,105,12862,34,5,6,11,0
2020-08-11,Tulare,107,460477,12971,11392,37,11429,201
2020-08-11,Tuolumne,109,53932,164,146,4,150,1
2020-08-11,Ventura,111,848112,9977,8953,48,9001,88
2020-08-11,Yolo,113,214977,2149,1912,4,1916,44
2020-08-11,Yuba,115,75493,666,540,1,541,1
2020-08-10,Alameda,001,1643700,15766,13420,112,13532,203
2020-08-10,Alpine,003,1148,2,2,0,2,0
2020-08-10,Amador,005,37829,249,172,0,172,2
2020-08-10,Butte,007,227075,1454,1174,16,1190,15
2020-08-10,Calaveras,009,45235,175,121,0,121,1
2020-08-10,Colusa,011,21464,414,387,0,387,4
2020-08-10,Contra Costa,013,1133247,12239,9454,35,9489,130
2020-08-10,Del Norte,015,27424,98,69,0,69,0
2020-08-10,El Dorado,017,186661,894,771,5,776,2
2020-08-10,Fresno,019,978130,24316,17978,235,18213,183
2020-08-10,Glenn,021,27897,408,381,0,381,1
2020-08-10,Humboldt,023,135768,314,277,1,278,4
2020-08-10,Imperial,025,180216,10741,8465,6,8471,165
2020-08-10,Inyo,027,18085,122,97,2,99,1
2020-08-10,Kern,029,883053,27297,24499,156,24655,215
2020-08-10,Kings,031,150075,5333,4588,26,4614,50
2020-08-10,Lake,033,64148,273,239,0,239,2
2020-08-10,Lassen,035,31185,704,588,2,590,0
2020-08-10,Los Angeles,037,10098052,220945,211035,759,211794,5003
2020-08-10,Madera,039,155013,3337,2365,17,2382,22
2020-08-10,Marin,041,260295,5760,5242,10,5252,44
2020-08-10,Mariposa,043,17540,68,57,0,57,2
2020-08-10,Mendocino,045,87422,454,364,0,364,1
2020-08-10,Merced,047,269075,6896,4913,4,4917,51
2020-08-10,Modoc,049,8938,7,5,0,5,0
2020-08-10,Mono,051,14174,161,123,2,125,1
2020-08-10,Monterey,053,433212,6652,5358,19,5377,34
2020-08-10,Napa,055,140530,1298,1084,2,1086,8
2020-08-10,Nevada,057,99092,384,356,14,370,1
2020-08-10,Orange,059,3164182,46682,40445,949,41394,721
2020-08-10,Placer,061,380077,2649,2298,4,2302,21
2020-08-10,Plumas,063,18699,38,27,0,27,0
2020-08-10,Riverside,065,2383286,48940,43296,50,43346,830
2020-08-10,Sacramento,067,1510023,15035,12059,13,12072,168
2020-08-10,San Benito,069,59416,832,743,0,743,2
2020-08-10,San Bernardino,071,2135413,44375,37367,208,37575,579
2020-08-10,San Diego,073,3302833,35237,32977,104,33081,594
2020-08-10,San Francisco,075,870044,8298,6816,7,6823,66
2020-08-10,San Joaquin,077,732212,16342,13308,22,13330,240
2020-08-10,San Luis Obispo,079,281455,2527,2208,12,2220,15
2020-08-10,San Mateo,081,765935,7411,6222,8,6230,117
2020-08-10,Santa Barbara,083,443738,7441,6869,66,6935,66
2020-08-10,Santa Clara,085,1922200,15347,12615,32,12647,182
2020-08-10,Santa Cruz,087,273765,1542,1239,10,1249,4
2020-08-10,Shasta,089,179085,551,384,3,387,9
2020-08-10,Sierra,091,2930,5,3,0,3,0
2020-08-10,Siskiyou,093,43540,113,88,0,88,0
2020-08-10,Solano,095,438530,4796,4101,30,4131,31
2020-08-10,Sonoma,097,501317,4534,3640,10,3650,42
2020-08-10,Stanislaus,099,539301,13365,10855,130,10985,106
2020-08-10,Sutter,101,95872,1067,865,1,866,7
2020-08-10,Tehama,103,63373,327,282,2,284,1
2020-08-10,Trinity,105,12862,31,5,6,11,0
2020-08-10,Tulare,107,460477,12798,10750,35,10785,194
2020-08-10,Tuolumne,109,53932,164,143,3,146,1
2020-08-10,Ventura,111,848112,9893,8851,47,8898,85
2020-08-10,Yolo,113,214977,2126,1840,4,1844,45
2020-08-10,Yuba,115,75493,649,527,1,528,1
2020-08-09,Alameda,001,1643700,15485,13241,110,13351,203
2020-08-09,Alpine,003,1148,2,2,0,2,0
2020-08-09,Amador,005,37829,244,153,0,153,2
2020-08-09,Butte,007,227075,1411,1155,16,1171,15
2020-08-09,Calaveras,009,45235,170,122,0,122,1
2020-08-09,Colusa,011,21464,410,371,0,371,4
2020-08-09,Contra Costa,013,1133247,12012,9214,34,9248,130
2020-08-09,Del Norte,015,27424,98,69,0,69,0
2020-08-09,El Dorado,017,186661,886,748,5,753,2
2020-08-09,Fresno,019,978130,24007,17846,231,18077,183
2020-08-09,Glenn,021,27897,406,354,0,354,1
2020-08-09,Humboldt,023,135768,308,279,1,280,4
2020-08-09,Imperial,025,180216,10698,8310,5,8315,165
2020-08-09,Inyo,027,18085,117,86,1,87,1
2020-08-09,Kern,029,883053,27041,23680,156,23836,215
2020-08-09,Kings,031,150075,5290,4446,25,4471,50
2020-08-09,Lake,033,64148,266,225,0,225,2
2020-08-09,Lassen,035,31185,698,589,2,591,0
2020-08-09,Los Angeles,037,10098052,218883,208810,737,209547,4984
2020-08-09,Madera,039,155013,3278,2322,13,2335,22
2020-08-09,Marin,041,260295,5717,5204,10,5214,44
2020-08-09,Mariposa,043,17540,66,56,0,56,2
2020-08-09,Mendocino,045,87422,444,283,0,283,1
2020-08-09,Merced,047,269075,6799,4735,3,4738,51
2020-08-09,Modoc,049,8938,7,4,0,4,0
2020-08-09,Mono,051,14174,160,113,2,115,1
2020-08-09,Monterey,053,433212,6528,5199,19,5218,34
2020-08-09,Napa,055,140530,1279,1062,2,1064,8
2020-08-09,Nevada,057,99092,376,332,14,346,1
2020-08-09,Orange,059,3164182,46383,39244,934,40178,722
2020-08-09,Placer,061,380077,2620,2211,4,2215,20
2020-08-09,Plumas,063,18699,38,27,0,27,0
2020-08-09,Riverside,065,2383286,48595,41894,50,41944,828
2020-08-09,Sacramento,067,1510023,14755,11301,13,11314,167
2020-08-09,San Benito,069,59416,813,687,0,687,2
2020-08-09,San Bernardino,071,2135413,43896,36092,208,36300,579
2020-08-09,San Diego,073,3302833,34946,32749,93,32842,594
2020-08-09,San Francisco,075,870044,8183,6820,7,6827,66
2020-08-09,San Joaquin,077,732212,16138,12933,21,12954,240
2020-08-09,San Luis Obispo,079,281455,2491,2124,12,2136,15
2020-08-09,San Mateo,081,765935,7316,6094,8,6102,117
2020-08-09,Santa Barbara,083,443738,7353,6669,66,6735,66
2020-08-09,Santa Clara,085,1922200,15076,11878,32,11910,181
2020-08-09,Santa Cruz,087,273765,1518,1246,10,1256,4
2020-08-09,Shasta,089,179085,547,361,3,364,9
2020-08-09,Sierra,091,2930,5,3,0,3,0
2020-08-09,Siskiyou,093,43540,112,74,0,74,0
2020-08-09,Solano,095,438530,4743,3954,29,3983,31
2020-08-09,Sonoma,097,501317,4398,3531,8,3539,41
2020-08-09,Stanislaus,099,539301,13157,10264,117,10381,106
2020-08-09,Sutter,101,95872,1033,857,1,858,7
2020-08-09,Tehama,103,63373,319,265,2,267,1
2020-08-09,Trinity,105,12862,31,5,6,11,0
2020-08-09,Tulare,107,460477,12607,10630,32,10662,194
2020-08-09,Tuolumne,109,53932,161,143,3,146,1
2020-08-09,Ventura,111,848112,9745,8633,46,8679,85
2020-08-09,Yolo,113,214977,2095,1765,4,1769,44
2020-08-09,Yuba,115,75493,629,442,1,443,1
2020-08-08,Alameda,001,1643700,15375,13087,110,13197,204
2020-08-08,Alpine,003,1148,2,2,0,2,0
2020-08-08,Amador,005,37829,244,139,0,139,2
2020-08-08,Butte,007,227075,1393,1140,16,1156,15
2020-08-08,Calaveras,009,45235,169,122,0,122,1
2020-08-08,Colusa,011,21464,409,368,0,368,4
2020-08-08,Contra Costa,013,1133247,11903,9104,34,9138,129
2020-08-08,Del Norte,015,27424,97,69,0,69,0
2020-08-08,El Dorado,017,186661,879,734,5,739,2
2020-08-08,Fresno,019,978130,23870,17538,229,17767,183
2020-08-08,Glenn,021,27897,406,344,0,344,1
2020-08-08,Humboldt,023,135768,305,277,1,278,4
2020-08-08,Imperial,025,180216,10683,8213,5,8218,165
2020-08-08,Inyo,027,18085,113,86,1,87,1
2020-08-08,Kern,029,883053,26927,22803,156,22959,215
2020-08-08,Kings,031,150075,5276,4367,25,4392,49
2020-08-08,Lake,033,64148,264,221,0,221,2
2020-08-08,Lassen,035,31185,698,589,2,591,0
2020-08-08,Los Angeles,037,10098052,217998,206971,726,207697,4974
2020-08-08,Madera,039,155013,3247,2275,13,2288,22
2020-08-08,Marin,041,260295,5697,5118,10,5128,44
2020-08-08,Mariposa,043,17540,65,55,0,55,2
2020-08-08,Mendocino,045,87422,442,264,0,264,1
2020-08-08,Merced,047,269075,6759,4570,3,4573,51
2020-08-08,Modoc,049,8938,7,4,0,4,0
2020-08-08,Mono,051,14174,160,113,2,115,1
2020-08-08,Monterey,053,433212,6470,5101,19,5120,33
2020-08-08,Napa,055,140530,1271,1062,2,1064,8
2020-08-08,Nevada,057,99092,374,325,14,339,1
2020-08-08,Orange,059,3164182,46253,38688,925,39613,718
2020-08-08,Placer,061,380077,2603,2153,4,2157,20
2020-08-08,Plumas,063,18699,38,27,0,27,0
2020-08-08,Riverside,065,2383286,48391,41412,50,41462,823
2020-08-08,Sacramento,067,1510023,14626,11144,13,11157,166
2020-08-08,San Benito,069,59416,805,684,0,684,2
2020-08-08,San Bernardino,071,2135413,43701,35691,207,35898,531
2020-08-08,San Diego,073,3302833,34757,32332,84,32416,593
2020-08-08,San Francisco,075,870044,8117,6820,7,6827,66
2020-08-08,San Joaquin,077,732212,16057,12559,20,12579,240
2020-08-08,San Luis Obispo,079,281455,2468,2081,12,2093,15
2020-08-08,San Mateo,081,765935,7258,6021,8,6029,117
2020-08-08,Santa Barbara,083,443738,7315,6598,66,6664,66
2020-08-08,Santa Clara,085,1922200,14924,11615,32,11647,181
2020-08-08,Santa Cruz,087,273765,1504,1247,10,1257,4
2020-08-08,Shasta,089,179085,545,343,3,346,9
2020-08-08,Sierra,091,2930,5,3,0,3,0
2020-08-08,Siskiyou,093,43540,112,73,0,73,0
2020-08-08,Solano,095,438530,4722,3889,28,3917,31
2020-08-08,Sonoma,097,501317,4367,3399,8,3407,41
2020-08-08,Stanislaus,099,539301,13082,9963,112,10075,105
2020-08-08,Sutter,101,95872,1023,830,1,831,7
2020-08-08,Tehama,103,63373,318,251,2,253,1
2020-08-08,Trinity,105,12862,31,5,6,11,0
2020-08-08,Tulare,107,460477,12532,10505,32,10537,192
2020-08-08,Tuolumne,109,53932,161,143,3,146,1
2020-08-08,Ventura,111,848112,9690,8462,45,8507,85
2020-08-08,Yolo,113,214977,2082,1725,4,1729,44
2020-08-08,Yuba,115,75493,620,430,1,431,1
2020-08-07,Alameda,001,1643700,15265,12805,110,12915,204
2020-08-07,Alpine,003,1148,2,2,0,2,0
2020-08-07,Amador,005,37829,242,125,0,125,2
2020-08-07,Butte,007,227075,1375,1092,16,1108,13
2020-08-07,Calaveras,009,45235,169,119,0,119,1
2020-08-07,Colusa,011,21464,408,358,0,358,4
2020-08-07,Contra Costa,013,1133247,11755,8810,34,8844,126
2020-08-07,Del Norte,015,27424,97,69,0,69,0
2020-08-07,El Dorado,017,186661,874,724,5,729,2
2020-08-07,Fresno,019,978130,23710,17290,229,17519,171
2020-08-07,Glenn,021,27897,405,339,0,339,1
2020-08-07,Humboldt,023,135768,301,274,1,275,4
2020-08-07,Imperial,025,180216,10658,8085,5,8090,164
2020-08-07,Inyo,027,18085,112,81,1,82,1
2020-08-07,Kern,029,883053,26801,22143,153,22296,206
2020-08-07,Kings,031,150075,5259,4315,25,4340,48
2020-08-07,Lake,033,64148,262,215,0,215,1
2020-08-07,Lassen,035,31185,697,588,2,590,0
2020-08-07,Los Angeles,037,10098052,216531,204406,714,205120,4924
2020-08-07,Madera,039,155013,3215,2245,13,2258,20
2020-08-07,Marin,041,260295,5668,5094,10,5104,43
2020-08-07,Mariposa,043,17540,65,53,0,53,2
2020-08-07,Mendocino,045,87422,428,262,0,262,1
2020-08-07,Merced,047,269075,6716,4358,3,4361,30
2020-08-07,Modoc,049,8938,7,4,0,4,0
2020-08-07,Mono,051,14174,160,112,2,114,1
2020-08-07,Monterey,053,433212,6395,5041,19,5060,33
2020-08-07,Napa,055,140530,1266,1055,2,1057,8
2020-08-07,Nevada,057,99092,371,324,14,338,1
2020-08-07,Orange,059,3164182,46041,38459,908,39367,701
2020-08-07,Placer,061,380077,2585,2078,4,2082,20
2020-08-07,Plumas,063,18699,38,25,0,25,0
2020-08-07,Riverside,065,2383286,48127,40902,49,40951,810
2020-08-07,Sacramento,067,1510023,14481,10798,13,10811,160
2020-08-07,San Benito,069,59416,799,647,0,647,2
2020-08-07,San Bernardino,071,2135413,43454,35200,206,35406,524
2020-08-07,San Diego,073,3302833,34572,31781,81,31862,586
2020-08-07,San Francisco,075,870044,8039,6765,7,6772,66
2020-08-07,San Joaquin,077,732212,15972,12392,20,12412,223
2020-08-07,San Luis Obispo,079,281455,2437,2050,12,2062,14
2020-08-07,San Mateo,081,765935,7198,5948,8,5956,117
2020-08-07,Santa Barbara,083,443738,7264,6509,66,6575,66
2020-08-07,Santa Clara,085,1922200,14725,11409,32,11441,180
2020-08-07,Santa Cruz,087,273765,1486,1234,10,1244,5
2020-08-07,Shasta,089,179085,540,342,3,345,9
2020-08-07,Sierra,091,2930,5,3,0,3,0
2020-08-07,Siskiyou,093,43540,109,73,0,73,0
2020-08-07,Solano,095,438530,4690,3844,27,3871,31
2020-08-07,Sonoma,097,501317,4303,3329,8,3337,34
2020-08-07,Stanislaus,099,539301,12960,9665,102,9767,98
2020-08-07,Sutter,101,95872,1019,807,1,808,6
2020-08-07,Tehama,103,63373,314,246,2,248,1
2020-08-07,Trinity,105,12862,30,5,6,11,0
2020-08-07,Tulare,107,460477,12455,10292,32,10324,195
2020-08-07,Tuolumne,109,53932,160,136,3,139,1
2020-08-07,Ventura,111,848112,9630,8356,43,8399,84
2020-08-07,Yolo,113,214977,2055,1689,4,1693,37
2020-08-07,Yuba,115,75493,615,413,1,414,1
2020-08-06,Alameda,001,1643700,15043,12474,109,12583,200
2020-08-06,Alpine,003,1148,2,2,0,2,0
2020-08-06,Amador,005,37829,228,125,0,125,0
2020-08-06,Butte,007,227075,1356,1060,16,1076,13
2020-08-06,Calaveras,009,45235,166,117,0,117,1
2020-08-06,Colusa,011,21464,405,358,0,358,3
2020-08-06,Contra Costa,013,1133247,11561,8583,33,8616,124
2020-08-06,Del Norte,015,27424,97,69,0,69,0
2020-08-06,El Dorado,017,186661,863,703,5,708,1
2020-08-06,Fresno,019,978130,23412,17031,222,17253,161
2020-08-06,Glenn,021,27897,400,332,0,332,1
2020-08-06,Humboldt,023,135768,296,266,1,267,4
2020-08-06,Imperial,025,180216,10615,8064,5,8069,163
2020-08-06,Inyo,027,18085,104,83,1,84,1
2020-08-06,Kern,029,883053,26565,21843,152,21995,197
2020-08-06,Kings,031,150075,5197,4264,24,4288,47
2020-08-06,Lake,033,64148,259,209,0,209,1
2020-08-06,Lassen,035,31185,695,588,2,590,0
2020-08-06,Los Angeles,037,10098052,214459,201372,698,202070,4874
2020-08-06,Madera,039,155013,3167,2240,12,2252,19
2020-08-06,Marin,041,260295,5636,5058,10,5068,43
2020-08-06,Mariposa,043,17540,64,52,0,52,2
2020-08-06,Mendocino,045,87422,414,260,0,260,1
2020-08-06,Merced,047,269075,6614,4235,3,4238,30
2020-08-06,Modoc,049,8938,7,4,0,4,0
2020-08-06,Mono,051,14174,159,111,2,113,1
2020-08-06,Monterey,053,433212,6286,5001,18,5019,33
2020-08-06,Napa,055,140530,1252,1032,2,1034,8
2020-08-06,Nevada,057,99092,366,321,14,335,1
2020-08-06,Orange,059,3164182,45749,38399,903,39302,694
2020-08-06,Placer,061,380077,2559,2045,4,2049,20
2020-08-06,Plumas,063,18699,37,25,0,25,0
2020-08-06,Riverside,065,2383286,47733,40269,49,40318,781
2020-08-06,Sacramento,067,1510023,14252,10548,13,10561,153
2020-08-06,San Benito,069,59416,791,626,0,626,2
2020-08-06,San Bernardino,071,2135413,43049,34819,204,35023,516
2020-08-06,San Diego,073,3302833,34305,31129,74,31203,583
2020-08-06,San Francisco,075,870044,7946,6737,6,6743,60
2020-08-06,San Joaquin,077,732212,15812,12269,20,12289,203
2020-08-06,San Luis Obispo,079,281455,2413,2000,11,2011,13
2020-08-06,San Mateo,081,765935,7098,5885,8,5893,117
2020-08-06,Santa Barbara,083,443738,7204,6620,66,6686,65
2020-08-06,Santa Clara,085,1922200,14496,11280,32,11312,178
2020-08-06,Santa Cruz,087,273765,1465,1215,10,1225,4
2020-08-06,Shasta,089,179085,531,343,3,346,9
2020-08-06,Sierra,091,2930,5,3,0,3,0
2020-08-06,Siskiyou,093,43540,109,73,0,73,0
2020-08-06,Solano,095,438530,4646,3784,27,3811,29
2020-08-06,Sonoma,097,501317,4239,3259,8,3267,33
2020-08-06,Stanislaus,099,539301,12810,9566,86,9652,98
2020-08-06,Sutter,101,95872,988,797,1,798,6
2020-08-06,Tehama,103,63373,311,242,2,244,1
2020-08-06,Trinity,105,12862,27,5,6,11,0
2020-08-06,Tulare,107,460477,12295,10169,32,10201,195
2020-08-06,Tuolumne,109,53932,159,136,3,139,1
2020-08-06,Ventura,111,848112,9515,8245,40,8285,80
2020-08-06,Yolo,113,214977,2031,1662,4,1666,36
2020-08-06,Yuba,115,75493,606,407,0,407,1
2020-08-05,Alameda,001,1643700,14829,12140,109,12249,193
2020-08-05,Alpine,003,1148,2,2,0,2,0
2020-08-05,Amador,005,37829,218,123,0,123,0
2020-08-05,Butte,007,227075,1322,1038,15,1053,13
2020-08-05,Calaveras,009,45235,163,116,0,116,1
2020-08-05,Colusa,011,21464,401,354,0,354,3
2020-08-05,Contra Costa,013,1133247,11392,8362,33,8395,122
2020-08-05,Del Norte,015,27424,96,69,0,69,0
2020-08-05,El Dorado,017,186661,855,692,5,697,1
2020-08-05,Fresno,019,978130,23168,16625,217,16842,159
2020-08-05,Glenn,021,27897,397,330,0,330,1
2020-08-05,Humboldt,023,135768,294,249,1,250,4
2020-08-05,Imperial,025,180216,10580,8036,5,8041,163
2020-08-05,Inyo,027,18085,102,62,1,63,1
2020-08-05,Kern,029,883053,26377,21540,147,21687,194
2020-08-05,Kings,031,150075,5152,4192,23,4215,47
2020-08-05,Lake,033,64148,252,209,0,209,1
2020-08-05,Lassen,035,31185,648,557,2,559,0
2020-08-05,Los Angeles,037,10098052,212540,198355,678,199033,4832
2020-08-05,Madera,039,155013,3125,2172,12,2184,19
2020-08-05,Marin,041,260295,5604,5036,10,5046,43
2020-08-05,Mariposa,043,17540,64,52,0,52,2
2020-08-05,Mendocino,045,87422,402,248,0,248,1
2020-08-05,Merced,047,269075,6479,4119,3,4122,30
2020-08-05,Modoc,049,8938,7,3,0,3,0
2020-08-05,Mono,051,14174,159,104,2,106,1
2020-08-05,Monterey,053,433212,6171,4936,18,4954,32
2020-08-05,Napa,055,140530,1240,1020,2,1022,8
2020-08-05,Nevada,057,99092,357,327,14,341,2
2020-08-05,Orange,059,3164182,45440,37907,895,38802,663
2020-08-05,Placer,061,380077,2518,1989,4,1993,18
2020-08-05,Plumas,063,18699,36,25,0,25,0
2020-08-05,Riverside,065,2383286,47341,39454,47,39501,761
2020-08-05,Sacramento,067,1510023,14033,10261,12,10273,151
2020-08-05,San Benito,069,59416,782,613,0,613,2
2020-08-05,San Bernardino,071,2135413,42587,34442,199,34641,504
2020-08-05,San Diego,073,3302833,34081,30866,58,30924,578
2020-08-05,San Francisco,075,870044,7853,6701,6,6707,60
2020-08-05,San Joaquin,077,732212,15649,12148,20,12168,199
2020-08-05,San Luis Obispo,079,281455,2389,1928,11,1939,13
2020-08-05,San Mateo,081,765935,7002,5695,8,5703,116
2020-08-05,Santa Barbara,083,443738,7144,6597,66,6663,63
2020-08-05,Santa Clara,085,1922200,14262,11074,32,11106,176
2020-08-05,Santa Cruz,087,273765,1445,1192,8,1200,4
2020-08-05,Shasta,089,179085,525,338,3,341,9
2020-08-05,Sierra,091,2930,5,3,0,3,0
2020-08-05,Siskiyou,093,43540,105,72,0,72,0
2020-08-05,Solano,095,438530,4595,3750,26,3776,29
2020-08-05,Sonoma,097,501317,4156,3173,8,3181,33
2020-08-05,Stanislaus,099,539301,12651,9408,81,9489,97
2020-08-05,Sutter,101,95872,977,780,1,781,6
2020-08-05,Tehama,103,63373,308,231,2,233,1
2020-08-05,Trinity,105,12862,27,5,6,11,0
2020-08-05,Tulare,107,460477,12154,9924,32,9956,192
2020-08-05,Tuolumne,109,53932,159,137,3,140,0
2020-08-05,Ventura,111,848112,9399,8162,36,8198,75
2020-08-05,Yolo,113,214977,2003,1634,4,1638,36
2020-08-05,Yuba,115,75493,589,400,0,400,1
2020-08-04,Alameda,001,1643700,14612,11983,108,12091,192
2020-08-04,Alpine,003,1148,2,2,0,2,0
2020-08-04,Amador,005,37829,203,123,0,123,0
2020-08-04,Butte,007,227075,1298,1011,15,1026,10
2020-08-04,Calaveras,009,45235,159,116,0,116,1
2020-08-04,Colusa,011,21464,396,354,0,354,3
2020-08-04,Contra Costa,013,1133247,11225,8210,33,8243,122
2020-08-04,Del Norte,015,27424,94,69,0,69,0
2020-08-04,El Dorado,017,186661,845,668,5,673,1
2020-08-04,Fresno,019,978130,22883,16272,210,16482,154
2020-08-04,Glenn,021,27897,396,325,0,325,1
2020-08-04,Humboldt,023,135768,284,241,1,242,4
2020-08-04,Imperial,025,180216,10543,7974,5,7979,163
2020-08-04,Inyo,027,18085,88,59,1,60,1
2020-08-04,Kern,029,883053,26094,21403,147,21550,190
2020-08-04,Kings,031,150075,5087,4163,23,4186,47
2020-08-04,Lake,033,64148,252,206,0,206,1
2020-08-04,Lassen,035,31185,645,556,2,558,0
2020-08-04,Los Angeles,037,10098052,210602,196014,650,196664,4764
2020-08-04,Madera,039,155013,3082,2161,8,2169,19
2020-08-04,Marin,041,260295,5573,5020,9,5029,43
2020-08-04,Mariposa,043,17540,64,51,0,51,2
2020-08-04,Mendocino,045,87422,377,248,0,248,1
2020-08-04,Merced,047,269075,6365,4085,3,4088,30
2020-08-04,Modoc,049,8938,7,3,0,3,0
2020-08-04,Mono,051,14174,158,104,1,105,1
2020-08-04,Monterey,053,433212,6057,4892,18,4910,32
2020-08-04,Napa,055,140530,1227,994,0,994,8
2020-08-04,Nevada,057,99092,356,322,14,336,2
2020-08-04,Orange,059,3164182,45064,37844,888,38732,659
2020-08-04,Placer,061,380077,2481,1964,4,1968,17
2020-08-04,Plumas,063,18699,36,25,0,25,0
2020-08-04,Riverside,065,2383286,46956,38991,46,39037,743
2020-08-04,Sacramento,067,1510023,13815,10205,12,10217,146
2020-08-04,San Benito,069,59416,766,608,0,608,2
2020-08-04,San Bernardino,071,2135413,42037,34215,194,34409,495
2020-08-04,San Diego,073,3302833,33788,30518,46,30564,568
2020-08-04,San Francisco,075,870044,7765,6568,6,6574,60
2020-08-04,San Joaquin,077,732212,15520,12087,17,12104,189
2020-08-04,San Luis Obispo,079,281455,2359,1886,11,1897,13
2020-08-04,San Mateo,081,765935,6896,5690,8,5698,116
2020-08-04,Santa Barbara,083,443738,7084,6591,66,6657,61
2020-08-04,Santa Clara,085,1922200,13961,10986,31,11017,175
2020-08-04,Santa Cruz,087,273765,1426,1202,8,1210,4
2020-08-04,Shasta,089,179085,519,335,3,338,9
2020-08-04,Sierra,091,2930,5,1,0,1,0
2020-08-04,Siskiyou,093,43540,103,71,0,71,0
2020-08-04,Solano,095,438530,4524,3690,26,3716,29
2020-08-04,Sonoma,097,501317,4089,3108,8,3116,33
2020-08-04,Stanislaus,099,539301,12482,9359,74,9433,97
2020-08-04,Sutter,101,95872,963,761,1,762,6
2020-08-04,Tehama,103,63373,301,226,2,228,1
2020-08-04,Trinity,105,12862,27,5,6,11,0
2020-08-04,Tulare,107,460477,11974,9866,32,9898,192
2020-08-04,Tuolumne,109,53932,158,127,3,130,0
2020-08-04,Ventura,111,848112,9285,8134,34,8168,75
2020-08-04,Yolo,113,214977,1977,1626,4,1630,37
2020-08-04,Yuba,115,75493,574,398,0,398,1
2020-08-03,Alameda,001,1643700,14429,11817,105,11922,189
2020-08-03,Alpine,003,1148,2,2,0,2,0
2020-08-03,Amador,005,37829,199,119,0,119,0
2020-08-03,Butte,007,227075,1252,989,14,1003,9
2020-08-03,Calaveras,009,45235,156,117,0,117,1
2020-08-03,Colusa,011,21464,392,336,0,336,2
2020-08-03,Contra Costa,013,1133247,11028,8069,30,8099,120
2020-08-03,Del Norte,015,27424,90,68,0,68,0
2020-08-03,El Dorado,017,186661,834,645,5,650,1
2020-08-03,Fresno,019,978130,22589,15945,204,16149,151
2020-08-03,Glenn,021,27897,389,316,0,316,1
2020-08-03,Humboldt,023,135768,277,234,1,235,4
2020-08-03,Imperial,025,180216,10488,7953,5,7958,161
2020-08-03,Inyo,027,18085,85,57,1,58,1
2020-08-03,Kern,029,883053,25727,21285,140,21425,176
2020-08-03,Kings,031,150075,4975,4107,22,4129,47
2020-08-03,Lake,033,64148,245,201,0,201,1
2020-08-03,Lassen,035,31185,645,555,2,557,0
2020-08-03,Los Angeles,037,10098052,208566,194103,621,194724,4706
2020-08-03,Madera,039,155013,3033,2143,7,2150,18
2020-08-03,Marin,041,260295,5526,5001,9,5010,43
2020-08-03,Mariposa,043,17540,63,52,0,52,2
2020-08-03,Mendocino,045,87422,354,248,0,248,1
2020-08-03,Merced,047,269075,6243,4028,3,4031,29
2020-08-03,Modoc,049,8938,7,2,0,2,0
2020-08-03,Mono,051,14174,158,104,1,105,1
2020-08-03,Monterey,053,433212,5906,4806,15,4821,28
2020-08-03,Napa,055,140530,1213,973,0,973,8
2020-08-03,Nevada,057,99092,352,315,14,329,2
2020-08-03,Orange,059,3164182,44670,37705,878,38583,651
2020-08-03,Placer,061,380077,2425,1947,3,1950,16
2020-08-03,Plumas,063,18699,36,25,0,25,0
2020-08-03,Riverside,065,2383286,46488,38642,46,38688,740
2020-08-03,Sacramento,067,1510023,13620,10143,12,10155,142
2020-08-03,San Benito,069,59416,754,603,0,603,2
2020-08-03,San Bernardino,071,2135413,41512,33979,188,34167,444
2020-08-03,San Diego,073,3302833,33474,30228,36,30264,565
2020-08-03,San Francisco,075,870044,7671,6319,6,6325,60
2020-08-03,San Joaquin,077,732212,15324,12007,16,12023,189
2020-08-03,San Luis Obispo,079,281455,2317,1863,9,1872,14
2020-08-03,San Mateo,081,765935,6815,5661,8,5669,115
2020-08-03,Santa Barbara,083,443738,7040,6580,66,6646,59
2020-08-03,Santa Clara,085,1922200,13685,10747,31,10778,172
2020-08-03,Santa Cruz,087,273765,1406,1154,8,1162,4
2020-08-03,Shasta,089,179085,512,322,3,325,9
2020-08-03,Sierra,091,2930,5,1,0,1,0
2020-08-03,Siskiyou,093,43540,99,67,0,67,0
2020-08-03,Solano,095,438530,4455,3610,25,3635,29
2020-08-03,Sonoma,097,501317,3988,3079,7,3086,33
2020-08-03,Stanislaus,099,539301,12273,9308,66,9374,96
2020-08-03,Sutter,101,95872,939,713,1,714,6
2020-08-03,Tehama,103,63373,293,225,2,227,1
2020-08-03,Trinity,105,12862,27,5,6,11,0
2020-08-03,Tulare,107,460477,11790,9703,32,9735,188
2020-08-03,Tuolumne,109,53932,158,123,3,126,0
2020-08-03,Ventura,111,848112,9194,8084,31,8115,74
2020-08-03,Yolo,113,214977,1942,1598,3,1601,37
2020-08-03,Yuba,115,75493,550,393,0,393,1
2020-08-02,Alameda,001,1643700,14183,11696,93,11789,188
2020-08-02,Alpine,003,1148,2,2,0,2,0
2020-08-02,Amador,005,37829,194,117,0,117,0
2020-08-02,Butte,007,227075,1217,987,14,1001,9
2020-08-02,Calaveras,009,45235,153,116,0,116,1
2020-08-02,Colusa,011,21464,387,335,0,335,2
2020-08-02,Contra Costa,013,1133247,10789,7995,30,8025,118
2020-08-02,Del Norte,015,27424,89,68,0,68,0
2020-08-02,El Dorado,017,186661,824,643,5,648,1
2020-08-02,Fresno,019,978130,22314,15759,198,15957,151
2020-08-02,Glenn,021,27897,388,315,0,315,1
2020-08-02,Humboldt,023,135768,272,232,1,233,4
2020-08-02,Imperial,025,180216,10425,7919,5,7924,157
2020-08-02,Inyo,027,18085,84,45,1,46,1
2020-08-02,Kern,029,883053,25429,21162,138,21300,176
2020-08-02,Kings,031,150075,4913,3964,21,3985,47
2020-08-02,Lake,033,64148,240,201,0,201,1
2020-08-02,Lassen,035,31185,645,555,2,557,0
2020-08-02,Los Angeles,037,10098052,206478,192480,603,193083,4698
2020-08-02,Madera,039,155013,2967,2123,5,2128,18
2020-08-02,Marin,041,260295,5491,4985,9,4994,43
2020-08-02,Mariposa,043,17540,61,52,0,52,2
2020-08-02,Mendocino,045,87422,344,247,0,247,1
2020-08-02,Merced,047,269075,6101,4011,3,4014,29
2020-08-02,Modoc,049,8938,7,2,0,2,0
2020-08-02,Mono,051,14174,151,104,1,105,1
2020-08-02,Monterey,053,433212,5780,4698,15,4713,28
2020-08-02,Napa,055,140530,1198,956,0,956,8
2020-08-02,Nevada,057,99092,349,314,14,328,2
2020-08-02,Orange,059,3164182,44289,37266,867,38133,651
2020-08-02,Placer,061,380077,2386,1920,3,1923,15
2020-08-02,Plumas,063,18699,36,25,0,25,0
2020-08-02,Riverside,065,2383286,46055,38507,45,38552,735
2020-08-02,Sacramento,067,1510023,13341,10099,12,10111,142
2020-08-02,San Benito,069,59416,740,599,0,599,2
2020-08-02,San Bernardino,071,2135413,40910,33643,184,33827,443
2020-08-02,San Diego,073,3302833,33134,29885,27,29912,565
2020-08-02,San Francisco,075,870044,7553,6297,6,6303,60
2020-08-02,San Joaquin,077,732212,15039,11937,14,11951,189
2020-08-02,San Luis Obispo,079,281455,2254,1821,9,1830,14
2020-08-02,San Mateo,081,765935,6700,5618,8,5626,115
2020-08-02,Santa Barbara,083,443738,6950,6532,66,6598,59
2020-08-02,Santa Clara,085,1922200,13466,10577,31,10608,172
2020-08-02,Santa Cruz,087,273765,1386,1162,8,1170,4
2020-08-02,Shasta,089,179085,508,318,3,321,9
2020-08-02,Sierra,091,2930,4,1,0,1,0
2020-08-02,Siskiyou,093,43540,99,65,0,65,0
2020-08-02,Solano,095,438530,4397,3609,25,3634,29
2020-08-02,Sonoma,097,501317,3904,3005,7,3012,33
2020-08-02,Stanislaus,099,539301,12058,9277,61,9338,96
2020-08-02,Sutter,101,95872,904,714,1,715,6
2020-08-02,Tehama,103,63373,287,222,2,224,1
2020-08-02,Trinity,105,12862,27,5,6,11,0
2020-08-02,Tulare,107,460477,11581,9593,32,9625,188
2020-08-02,Tuolumne,109,53932,155,123,3,126,0
2020-08-02,Ventura,111,848112,9047,8014,31,8045,73
2020-08-02,Yolo,113,214977,1917,1588,3,1591,37
2020-08-02,Yuba,115,75493,530,393,0,393,1
2020-08-01,Alameda,001,1643700,14071,11590,93,11683,188
2020-08-01,Alpine,003,1148,2,2,0,2,0
2020-08-01,Amador,005,37829,190,109,0,109,0
2020-08-01,Butte,007,227075,1203,976,14,990,9
2020-08-01,Calaveras,009,45235,149,116,0,116,1
2020-08-01,Colusa,011,21464,386,327,0,327,2
2020-08-01,Contra Costa,013,1133247,10656,7867,29,7896,116
2020-08-01,Del Norte,015,27424,89,68,0,68,0
2020-08-01,El Dorado,017,186661,821,637,5,642,1
2020-08-01,Fresno,019,978130,22177,15448,198,15646,149
2020-08-01,Glenn,021,27897,387,311,0,311,1
2020-08-01,Humboldt,023,135768,271,232,1,233,4
2020-08-01,Imperial,025,180216,10389,7919,5,7924,156
2020-08-01,Inyo,027,18085,82,45,1,46,1
2020-08-01,Kern,029,883053,25271,20796,134,20930,176
2020-08-01,Kings,031,150075,4887,3948,21,3969,47
2020-08-01,Lake,033,64148,238,194,0,194,1
2020-08-01,Lassen,035,31185,644,555,2,557,0
2020-08-01,Los Angeles,037,10098052,205585,191023,576,191599,4674
2020-08-01,Madera,039,155013,2928,2103,5,2108,18
2020-08-01,Marin,041,260295,5476,4945,9,4954,43
2020-08-01,Mariposa,043,17540,61,50,0,50,2
2020-08-01,Mendocino,045,87422,337,243,0,243,1
2020-08-01,Merced,047,269075,6053,3972,3,3975,29
2020-08-01,Modoc,049,8938,7,2,0,2,0
2020-08-01,Mono,051,14174,150,104,1,105,1
2020-08-01,Monterey,053,433212,5713,4611,14,4625,28
2020-08-01,Napa,055,140530,1189,923,0,923,8
2020-08-01,Nevada,057,99092,345,305,14,319,2
2020-08-01,Orange,059,3164182,44062,36703,861,37564,648
2020-08-01,Placer,061,380077,2352,1891,3,1894,14
2020-08-01,Plumas,063,18699,35,25,0,25,0
2020-08-01,Riverside,065,2383286,45843,38216,43,38259,704
2020-08-01,Sacramento,067,1510023,13190,10044,12,10056,141
2020-08-01,San Benito,069,59416,729,579,0,579,2
2020-08-01,San Bernardino,071,2135413,40674,32947,183,33130,440
2020-08-01,San Diego,073,3302833,32917,29579,19,29598,565
2020-08-01,San Francisco,075,870044,7492,6296,6,6302,60
2020-08-01,San Joaquin,077,732212,14965,11807,13,11820,189
2020-08-01,San Luis Obispo,079,281455,2225,1798,9,1807,13
2020-08-01,San Mateo,081,765935,6646,5520,8,5528,115
2020-08-01,Santa Barbara,083,443738,6910,6465,66,6531,59
2020-08-01,Santa Clara,085,1922200,13315,10281,30,10311,171
2020-08-01,Santa Cruz,087,273765,1370,1164,8,1172,4
2020-08-01,Shasta,089,179085,503,312,3,315,9
2020-08-01,Sierra,091,2930,3,1,0,1,0
2020-08-01,Siskiyou,093,43540,99,64,0,64,0
2020-08-01,Solano,095,438530,4363,3591,24,3615,29
2020-08-01,Sonoma,097,501317,3858,2890,7,2897,29
2020-08-01,Stanislaus,099,539301,11940,9221,54,9275,96
2020-08-01,Sutter,101,95872,900,714,1,715,6
2020-08-01,Tehama,103,63373,284,220,2,222,1
2020-08-01,Trinity,105,12862,27,5,6,11,0
2020-08-01,Tulare,107,460477,11513,9520,32,9552,188
2020-08-01,Tuolumne,109,53932,155,123,3,126,0
2020-08-01,Ventura,111,848112,9001,7819,31,7850,73
2020-08-01,Yolo,113,214977,1907,1557,3,1560,37
2020-08-01,Yuba,115,75493,525,387,0,387,1
2020-07-31,Alameda,001,1643700,13941,11441,93,11534,187
2020-07-31,Alpine,003,1148,2,2,0,2,0
2020-07-31,Amador,005,37829,189,98,0,98,0
2020-07-31,Butte,007,227075,1180,925,14,939,7
2020-07-31,Calaveras,009,45235,149,112,0,112,1
2020-07-31,Colusa,011,21464,376,319,0,319,2
2020-07-31,Contra Costa,013,1133247,10508,7697,28,7725,113
2020-07-31,Del Norte,015,27424,88,68,0,68,0
2020-07-31,El Dorado,017,186661,810,616,5,621,1
2020-07-31,Fresno,019,978130,21957,15083,198,15281,133
2020-07-31,Glenn,021,27897,380,304,0,304,1
2020-07-31,Humboldt,023,135768,264,229,1,230,4
2020-07-31,Imperial,025,180216,10357,7886,5,7891,155
2020-07-31,Inyo,027,18085,72,45,1,46,1
2020-07-31,Kern,029,883053,25030,20061,130,20191,173
2020-07-31,Kings,031,150075,4859,3807,21,3828,45
2020-07-31,Lake,033,64148,237,191,0,191,1
2020-07-31,Lassen,035,31185,639,544,2,546,0
2020-07-31,Los Angeles,037,10098052,203985,188688,563,189251,4628
2020-07-31,Madera,039,155013,2881,2036,5,2041,19
2020-07-31,Marin,041,260295,5432,4885,6,4891,43
2020-07-31,Mariposa,043,17540,61,49,0,49,2
2020-07-31,Mendocino,045,87422,322,232,0,232,1
2020-07-31,Merced,047,269075,5970,3789,3,3792,30
2020-07-31,Modoc,049,8938,6,0,0,0,0
2020-07-31,Mono,051,14174,149,104,1,105,1
2020-07-31,Monterey,053,433212,5621,4493,14,4507,24
2020-07-31,Napa,055,140530,1177,897,0,897,7
2020-07-31,Nevada,057,99092,343,302,14,316,2
2020-07-31,Orange,059,3164182,43763,36196,845,37041,620
2020-07-31,Placer,061,380077,2327,1853,3,1856,14
2020-07-31,Plumas,063,18699,34,25,0,25,0
2020-07-31,Riverside,065,2383286,45453,37612,42,37654,694
2020-07-31,Sacramento,067,1510023,13012,9872,12,9884,132
2020-07-31,San Benito,069,59416,721,567,0,567,2
2020-07-31,San Bernardino,071,2135413,40344,32332,182,32514,434
2020-07-31,San Diego,073,3302833,32683,29050,11,29061,561
2020-07-31,San Francisco,075,870044,7393,6126,6,6132,60
2020-07-31,San Joaquin,077,732212,14825,11561,13,11574,177
2020-07-31,San Luis Obispo,079,281455,2156,1746,9,1755,12
2020-07-31,San Mateo,081,765935,6574,5416,8,5424,115
2020-07-31,Santa Barbara,083,443738,6843,6375,66,6441,58
2020-07-31,Santa Clara,085,1922200,13094,9863,30,9893,171
2020-07-31,Santa Cruz,087,273765,1347,1118,8,1126,4
2020-07-31,Shasta,089,179085,493,305,3,308,9
2020-07-31,Sierra,091,2930,3,1,0,1,0
2020-07-31,Siskiyou,093,43540,97,61,0,61,0
2020-07-31,Solano,095,438530,4316,3510,23,3533,29
2020-07-31,Sonoma,097,501317,3800,2745,7,2752,27
2020-07-31,Stanislaus,099,539301,11834,9061,49,9110,94
2020-07-31,Sutter,101,95872,895,714,1,715,6
2020-07-31,Tehama,103,63373,281,213,2,215,1
2020-07-31,Trinity,105,12862,27,5,6,11,0
2020-07-31,Tulare,107,460477,11392,9365,32,9397,184
2020-07-31,Tuolumne,109,53932,155,120,3,123,0
2020-07-31,Ventura,111,848112,8926,7521,31,7552,71
2020-07-31,Yolo,113,214977,1881,1522,3,1525,38
2020-07-31,Yuba,115,75493,516,369,0,369,1
2020-07-30,Alameda,001,1643700,13738,11303,54,11357,185
2020-07-30,Alpine,003,1148,2,2,0,2,0
2020-07-30,Amador,005,37829,171,97,0,97,0
2020-07-30,Butte,007,227075,1164,915,14,929,7
2020-07-30,Calaveras,009,45235,145,111,0,111,1
2020-07-30,Colusa,011,21464,373,315,0,315,2
2020-07-30,Contra Costa,013,1133247,10324,7615,27,7642,112
2020-07-30,Del Norte,015,27424,88,68,0,68,0
2020-07-30,El Dorado,017,186661,803,608,5,613,1
2020-07-30,Fresno,019,978130,21621,14793,192,14985,133
2020-07-30,Glenn,021,27897,373,297,0,297,1
2020-07-30,Humboldt,023,135768,262,228,1,229,4
2020-07-30,Imperial,025,180216,10298,7849,5,7854,151
2020-07-30,Inyo,027,18085,68,44,1,45,1
2020-07-30,Kern,029,883053,24737,19552,126,19678,171
2020-07-30,Kings,031,150075,4755,3785,21,3806,43
2020-07-30,Lake,033,64148,231,181,0,181,1
2020-07-30,Lassen,035,31185,636,544,2,546,0
2020-07-30,Los Angeles,037,10098052,201954,186177,532,186709,4564
2020-07-30,Madera,039,155013,2811,2007,5,2012,18
2020-07-30,Marin,041,260295,5390,4835,5,4840,39
2020-07-30,Mariposa,043,17540,61,49,0,49,1
2020-07-30,Mendocino,045,87422,315,232,0,232,1
2020-07-30,Merced,047,269075,5805,3695,3,3698,30
2020-07-30,Modoc,049,8938,6,0,0,0,0
2020-07-30,Mono,051,14174,148,104,1,105,1
2020-07-30,Monterey,053,433212,5509,4352,14,4366,24
2020-07-30,Napa,055,140530,1160,874,0,874,7
2020-07-30,Nevada,057,99092,338,292,14,306,2
2020-07-30,Orange,059,3164182,43348,36105,821,36926,607
2020-07-30,Placer,061,380077,2277,1821,3,1824,14
2020-07-30,Plumas,063,18699,33,25,0,25,0
2020-07-30,Riverside,065,2383286,44912,37308,42,37350,685
2020-07-30,Sacramento,067,1510023,12793,9704,12,9716,126
2020-07-30,San Benito,069,59416,708,558,0,558,2
2020-07-30,San Bernardino,071,2135413,39821,32010,182,32192,427
2020-07-30,San Diego,073,3302833,32336,28670,9,28679,558
2020-07-30,San Francisco,075,870044,7293,6107,6,6113,59
2020-07-30,San Joaquin,077,732212,14631,11435,13,11448,161
2020-07-30,San Luis Obispo,079,281455,2120,1703,9,1712,12
2020-07-30,San Mateo,081,765935,6479,5369,8,5377,115
2020-07-30,Santa Barbara,083,443738,6763,6273,66,6339,52
2020-07-30,Santa Clara,085,1922200,12859,9708,29,9737,170
2020-07-30,Santa Cruz,087,273765,1319,1087,8,1095,4
2020-07-30,Shasta,089,179085,489,306,3,309,8
2020-07-30,Sierra,091,2930,3,1,0,1,0
2020-07-30,Siskiyou,093,43540,96,60,0,60,0
2020-07-30,Solano,095,438530,4265,3463,23,3486,29
2020-07-30,Sonoma,097,501317,3729,2684,7,2691,25
2020-07-30,Stanislaus,099,539301,11621,8890,41,8931,94
2020-07-30,Sutter,101,95872,876,698,1,699,6
2020-07-30,Tehama,103,63373,278,208,2,210,1
2020-07-30,Trinity,105,12862,26,4,6,10,0
2020-07-30,Tulare,107,460477,11263,9167,32,9199,177
2020-07-30,Tuolumne,109,53932,154,119,3,122,0
2020-07-30,Ventura,111,848112,8814,7304,29,7333,69
2020-07-30,Yolo,113,214977,1861,1511,3,1514,37
2020-07-30,Yuba,115,75493,503,362,0,362,1
2020-07-29,Alameda,001,1643700,13518,11177,49,11226,180
2020-07-29,Alpine,003,1148,2,2,0,2,0
2020-07-29,Amador,005,37829,163,80,0,80,0
2020-07-29,Butte,007,227075,1138,889,12,901,7
2020-07-29,Calaveras,009,45235,139,107,0,107,1
2020-07-29,Colusa,011,21464,369,302,0,302,2
2020-07-29,Contra Costa,013,1133247,10120,7520,27,7547,108
2020-07-29,Del Norte,015,27424,88,68,0,68,0
2020-07-29,El Dorado,017,186661,793,588,5,593,1
2020-07-29,Fresno,019,978130,21329,14312,192,14504,125
2020-07-29,Glenn,021,27897,366,294,0,294,1
2020-07-29,Humboldt,023,135768,259,221,1,222,4
2020-07-29,Imperial,025,180216,10250,7825,5,7830,147
2020-07-29,Inyo,027,18085,63,44,1,45,1
2020-07-29,Kern,029,883053,24399,19073,123,19196,162
2020-07-29,Kings,031,150075,4707,3755,21,3776,43
2020-07-29,Lake,033,64148,229,179,0,179,1
2020-07-29,Lassen,035,31185,621,513,2,515,0
2020-07-29,Los Angeles,037,10098052,199925,183600,515,184115,4523
2020-07-29,Madera,039,155013,2757,1941,5,1946,18
2020-07-29,Marin,041,260295,5352,4747,5,4752,34
2020-07-29,Mariposa,043,17540,60,47,0,47,1
2020-07-29,Mendocino,045,87422,307,228,0,228,0
2020-07-29,Merced,047,269075,5665,3605,3,3608,25
2020-07-29,Modoc,049,8938,5,0,0,0,0
2020-07-29,Mono,051,14174,145,102,1,103,1
2020-07-29,Monterey,053,433212,5409,4252,14,4266,24
2020-07-29,Napa,055,140530,1132,866,0,866,7
2020-07-29,Nevada,057,99092,334,288,14,302,1
2020-07-29,Orange,059,3164182,42914,35339,810,36149,589
2020-07-29,Placer,061,380077,2245,1798,3,1801,14
2020-07-29,Plumas,063,18699,33,25,0,25,0
2020-07-29,Riverside,065,2383286,44320,36968,42,37010,678
2020-07-29,Sacramento,067,1510023,12547,9538,12,9550,122
2020-07-29,San Benito,069,59416,693,537,0,537,2
2020-07-29,San Bernardino,071,2135413,39332,31168,171,31339,417
2020-07-29,San Diego,073,3302833,32011,28289,8,28297,552
2020-07-29,San Francisco,075,870044,7199,6041,6,6047,56
2020-07-29,San Joaquin,077,732212,14383,11249,10,11259,154
2020-07-29,San Luis Obispo,079,281455,2099,1673,9,1682,11
2020-07-29,San Mateo,081,765935,6391,5305,8,5313,114
2020-07-29,Santa Barbara,083,443738,6696,6215,66,6281,31
2020-07-29,Santa Clara,085,1922200,12652,9567,29,9596,165
2020-07-29,Santa Cruz,087,273765,1295,1051,8,1059,4
2020-07-29,Shasta,089,179085,477,297,3,300,8
2020-07-29,Sierra,091,2930,2,1,0,1,0
2020-07-29,Siskiyou,093,43540,94,58,0,58,0
2020-07-29,Solano,095,438530,4211,3380,23,3403,29
2020-07-29,Sonoma,097,501317,3651,2598,7,2605,26
2020-07-29,Stanislaus,099,539301,11400,8745,35,8780,94
2020-07-29,Sutter,101,95872,848,678,1,679,6
2020-07-29,Tehama,103,63373,274,206,2,208,1
2020-07-29,Trinity,105,12862,26,4,6,10,0
2020-07-29,Tulare,107,460477,11092,9028,32,9060,156
2020-07-29,Tuolumne,109,53932,154,118,3,121,0
2020-07-29,Ventura,111,848112,8709,7161,29,7190,68
2020-07-29,Yolo,113,214977,1835,1488,3,1491,36
2020-07-29,Yuba,115,75493,487,350,0,350,1
2020-07-28,Alameda,001,1643700,13288,10875,48,10923,180
2020-07-28,Alpine,003,1148,2,2,0,2,0
2020-07-28,Amador,005,37829,153,77,0,77,0
2020-07-28,Butte,007,227075,1103,857,12,869,7
2020-07-28,Calaveras,009,45235,138,105,0,105,1
2020-07-28,Colusa,011,21464,363,290,0,290,2
2020-07-28,Contra Costa,013,1133247,9898,7426,27,7453,107
2020-07-28,Del Norte,015,27424,87,68,0,68,0
2020-07-28,El Dorado,017,186661,778,558,5,563,1
2020-07-28,Fresno,019,978130,20993,13933,186,14119,125
2020-07-28,Glenn,021,27897,364,289,0,289,1
2020-07-28,Humboldt,023,135768,258,218,1,219,4
2020-07-28,Imperial,025,180216,10214,7804,5,7809,145
2020-07-28,Inyo,027,18085,61,43,1,44,1
2020-07-28,Kern,029,883053,24036,18834,117,18951,155
2020-07-28,Kings,031,150075,4661,3721,21,3742,41
2020-07-28,Lake,033,64148,225,179,0,179,1
2020-07-28,Lassen,035,31185,615,508,2,510,0
2020-07-28,Los Angeles,037,10098052,197692,179107,493,179600,4435
2020-07-28,Madera,039,155013,2691,1889,5,1894,18
2020-07-28,Marin,041,260295,5283,4698,5,4703,23
2020-07-28,Mariposa,043,17540,58,45,0,45,1
2020-07-28,Mendocino,045,87422,296,222,0,222,0
2020-07-28,Merced,047,269075,5520,3446,3,3449,23
2020-07-28,Modoc,049,8938,4,0,0,0,0
2020-07-28,Mono,051,14174,144,102,1,103,1
2020-07-28,Monterey,053,433212,5289,4047,14,4061,22
2020-07-28,Napa,055,140530,1110,824,0,824,6
2020-07-28,Nevada,057,99092,329,278,14,292,1
2020-07-28,Orange,059,3164182,42456,34832,796,35628,582
2020-07-28,Placer,061,380077,2209,1759,3,1762,14
2020-07-28,Plumas,063,18699,33,22,0,22,0
2020-07-28,Riverside,065,2383286,43719,36458,42,36500,668
2020-07-28,Sacramento,067,1510023,12288,9429,11,9440,117
2020-07-28,San Benito,069,59416,683,503,0,503,2
2020-07-28,San Bernardino,071,2135413,38809,30493,167,30660,412
2020-07-28,San Diego,073,3302833,31661,28007,6,28013,547
2020-07-28,San Francisco,075,870044,7086,5888,6,5894,56
2020-07-28,San Joaquin,077,732212,14100,10958,7,10965,141
2020-07-28,San Luis Obispo,079,281455,2066,1636,9,1645,9
2020-07-28,San Mateo,081,765935,6318,5171,8,5179,114
2020-07-28,Santa Barbara,083,443738,6632,6110,64,6174,31
2020-07-28,Santa Clara,085,1922200,12418,9307,29,9336,165
2020-07-28,Santa Cruz,087,273765,1268,1018,8,1026,4
2020-07-28,Shasta,089,179085,465,275,3,278,8
2020-07-28,Sierra,091,2930,2,1,0,1,0
2020-07-28,Siskiyou,093,43540,90,57,0,57,0
2020-07-28,Solano,095,438530,4164,3292,22,3314,29
2020-07-28,Sonoma,097,501317,3577,2553,7,2560,20
2020-07-28,Stanislaus,099,539301,11178,8492,27,8519,92
2020-07-28,Sutter,101,95872,811,653,0,653,2
2020-07-28,Tehama,103,63373,269,199,2,201,1
2020-07-28,Trinity,105,12862,26,3,6,9,0
2020-07-28,Tulare,107,460477,10905,8787,32,8819,96
2020-07-28,Tuolumne,109,53932,153,116,3,119,0
2020-07-28,Ventura,111,848112,8583,7045,28,7073,68
2020-07-28,Yolo,113,214977,1807,1459,3,1462,36
2020-07-28,Yuba,115,75493,470,333,0,333,1
2020-07-27,Alameda,001,1643700,13061,10645,45,10690,176
2020-07-27,Alpine,003,1148,2,2,0,2,0
2020-07-27,Amador,005,37829,148,72,0,72,0
2020-07-27,Butte,007,227075,1076,843,12,855,7
2020-07-27,Calaveras,009,45235,134,103,0,103,1
2020-07-27,Colusa,011,21464,356,271,0,271,2
2020-07-27,Contra Costa,013,1133247,9676,7256,27,7283,104
2020-07-27,Del Norte,015,27424,86,67,0,67,0
2020-07-27,El Dorado,017,186661,766,548,5,553,1
2020-07-27,Fresno,019,978130,20645,13485,180,13665,117
2020-07-27,Glenn,021,27897,362,277,0,277,1
2020-07-27,Humboldt,023,135768,253,218,1,219,4
2020-07-27,Imperial,025,180216,10164,7789,5,7794,144
2020-07-27,Inyo,027,18085,61,43,1,44,1
2020-07-27,Kern,029,883053,23534,17994,111,18105,148
2020-07-27,Kings,031,150075,4412,3685,21,3706,39
2020-07-27,Lake,033,64148,221,176,0,176,1
2020-07-27,Lassen,035,31185,615,503,2,505,0
2020-07-27,Los Angeles,037,10098052,195264,176351,475,176826,4379
2020-07-27,Madera,039,155013,2626,1793,5,1798,17
2020-07-27,Marin,041,260295,5195,4669,5,4674,22
2020-07-27,Mariposa,043,17540,58,43,0,43,1
2020-07-27,Mendocino,045,87422,282,209,0,209,0
2020-07-27,Merced,047,269075,5380,3292,3,3295,23
2020-07-27,Modoc,049,8938,3,0,0,0,0
2020-07-27,Mono,051,14174,140,99,1,100,1
2020-07-27,Monterey,053,433212,5100,3960,14,3974,21
2020-07-27,Napa,055,140530,1095,769,0,769,6
2020-07-27,Nevada,057,99092,325,268,13,281,1
2020-07-27,Orange,059,3164182,42016,34649,780,35429,566
2020-07-27,Placer,061,380077,2159,1679,3,1682,12
2020-07-27,Plumas,063,18699,33,22,0,22,0
2020-07-27,Riverside,065,2383286,43040,35822,42,35864,667
2020-07-27,Sacramento,067,1510023,11995,9091,11,9102,114
2020-07-27,San Benito,069,59416,668,498,0,498,2
2020-07-27,San Bernardino,071,2135413,38217,29928,157,30085,401
2020-07-27,San Diego,073,3302833,31287,27509,5,27514,533
2020-07-27,San Francisco,075,870044,6999,5825,6,5831,55
2020-07-27,San Joaquin,077,732212,13811,10728,7,10735,129
2020-07-27,San Luis Obispo,079,281455,2021,1612,9,1621,9
2020-07-27,San Mateo,081,765935,6209,5108,8,5116,113
2020-07-27,Santa Barbara,083,443738,6553,6026,62,6088,30
2020-07-27,Santa Clara,085,1922200,12149,9157,28,9185,166
2020-07-27,Santa Cruz,087,273765,1244,984,8,992,4
2020-07-27,Shasta,089,179085,458,275,3,278,8
2020-07-27,Sierra,091,2930,2,1,0,1,0
2020-07-27,Siskiyou,093,43540,88,54,0,54,0
2020-07-27,Solano,095,438530,4097,3198,21,3219,29
2020-07-27,Sonoma,097,501317,3486,2504,7,2511,20
2020-07-27,Stanislaus,099,539301,10952,8288,19,8307,84
2020-07-27,Sutter,101,95872,785,620,0,620,2
2020-07-27,Tehama,103,63373,261,192,2,194,1
2020-07-27,Trinity,105,12862,26,3,6,9,0
2020-07-27,Tulare,107,460477,10687,8462,32,8494,172
2020-07-27,Tuolumne,109,53932,150,115,3,118,0
2020-07-27,Ventura,111,848112,8455,6998,27,7025,68
2020-07-27,Yolo,113,214977,1762,1439,3,1442,33
2020-07-27,Yuba,115,75493,450,328,0,328,1
2020-07-26,Alameda,001,1643700,12823,10489,44,10533,176
2020-07-26,Alpine,003,1148,2,2,0,2,0
2020-07-26,Amador,005,37829,142,67,0,67,0
2020-07-26,Butte,007,227075,1039,822,12,834,5
2020-07-26,Calaveras,009,45235,131,103,0,103,1
2020-07-26,Colusa,011,21464,347,270,0,270,2
2020-07-26,Contra Costa,013,1133247,9439,7095,27,7122,104
2020-07-26,Del Norte,015,27424,84,67,0,67,0
2020-07-26,El Dorado,017,186661,748,539,5,544,1
2020-07-26,Fresno,019,978130,20254,13209,172,13381,117
2020-07-26,Glenn,021,27897,354,265,0,265,1
2020-07-26,Humboldt,023,135768,247,214,1,215,4
2020-07-26,Imperial,025,180216,10092,7781,5,7786,144
2020-07-26,Inyo,027,18085,56,43,1,44,1
2020-07-26,Kern,029,883053,23009,17394,108,17502,148
2020-07-26,Kings,031,150075,4353,3591,21,3612,39
2020-07-26,Lake,033,64148,213,174,0,174,1
2020-07-26,Lassen,035,31185,574,503,2,505,0
2020-07-26,Los Angeles,037,10098052,192694,174322,457,174779,4364
2020-07-26,Madera,039,155013,2539,1744,5,1749,17
2020-07-26,Marin,041,260295,5149,4595,5,4600,22
2020-07-26,Mariposa,043,17540,56,43,0,43,1
2020-07-26,Mendocino,045,87422,273,206,0,206,0
2020-07-26,Merced,047,269075,5200,3251,2,3253,23
2020-07-26,Modoc,049,8938,3,0,0,0,0
2020-07-26,Mono,051,14174,136,82,1,83,1
2020-07-26,Monterey,053,433212,4934,3901,14,3915,21
2020-07-26,Napa,055,140530,1076,769,0,769,6
2020-07-26,Nevada,057,99092,322,261,13,274,1
2020-07-26,Orange,059,3164182,41491,34352,749,35101,564
2020-07-26,Placer,061,380077,2095,1628,3,1631,12
2020-07-26,Plumas,063,18699,33,22,0,22,0
2020-07-26,Riverside,065,2383286,42480,35636,42,35678,665
2020-07-26,Sacramento,067,1510023,11690,8972,11,8983,114
2020-07-26,San Benito,069,59416,656,495,0,495,2
2020-07-26,San Bernardino,071,2135413,37576,29545,148,29693,400
2020-07-26,San Diego,073,3302833,30891,26986,4,26990,533
2020-07-26,San Francisco,075,870044,6893,5823,6,5829,55
2020-07-26,San Joaquin,077,732212,13518,10637,7,10644,129
2020-07-26,San Luis Obispo,079,281455,1978,1565,9,1574,8
2020-07-26,San Mateo,081,765935,6104,5078,8,5086,113
2020-07-26,Santa Barbara,083,443738,6452,5939,62,6001,30
2020-07-26,Santa Clara,085,1922200,11920,8986,28,9014,166
2020-07-26,Santa Cruz,087,273765,1217,970,8,978,4
2020-07-26,Shasta,089,179085,451,265,3,268,8
2020-07-26,Sierra,091,2930,2,1,0,1,0
2020-07-26,Siskiyou,093,43540,86,54,0,54,0
2020-07-26,Solano,095,438530,4017,3197,19,3216,29
2020-07-26,Sonoma,097,501317,3397,2503,6,2509,20
2020-07-26,Stanislaus,099,539301,10691,8228,18,8246,84
2020-07-26,Sutter,101,95872,771,612,0,612,2
2020-07-26,Tehama,103,63373,254,175,2,177,1
2020-07-26,Trinity,105,12862,26,3,6,9,0
2020-07-26,Tulare,107,460477,10481,8392,32,8424,172
2020-07-26,Tuolumne,109,53932,145,113,3,116,0
2020-07-26,Ventura,111,848112,8248,6844,27,6871,67
2020-07-26,Yolo,113,214977,1731,1408,3,1411,33
2020-07-26,Yuba,115,75493,431,313,0,313,1
2020-07-25,Alameda,001,1643700,12726,10361,42,10403,176
2020-07-25,Alpine,003,1148,2,2,0,2,0
2020-07-25,Amador,005,37829,139,67,0,67,0
2020-07-25,Butte,007,227075,1030,810,12,822,5
2020-07-25,Calaveras,009,45235,127,103,0,103,1
2020-07-25,Colusa,011,21464,340,265,0,265,2
2020-07-25,Contra Costa,013,1133247,9294,6920,27,6947,104
2020-07-25,Del Norte,015,27424,84,67,0,67,0
2020-07-25,El Dorado,017,186661,737,528,5,533,1
2020-07-25,Fresno,019,978130,20067,12866,172,13038,117
2020-07-25,Glenn,021,27897,352,260,0,260,1
2020-07-25,Humboldt,023,135768,244,212,1,213,4
2020-07-25,Imperial,025,180216,10066,7727,5,7732,144
2020-07-25,Inyo,027,18085,55,43,1,44,1
2020-07-25,Kern,029,883053,22791,16910,107,17017,148
2020-07-25,Kings,031,150075,4336,3516,21,3537,39
2020-07-25,Lake,033,64148,211,173,0,173,1
2020-07-25,Lassen,035,31185,574,503,2,505,0
2020-07-25,Los Angeles,037,10098052,191563,172611,450,173061,4357
2020-07-25,Madera,039,155013,2507,1724,5,1729,17
2020-07-25,Marin,041,260295,5133,4562,5,4567,22
2020-07-25,Mariposa,043,17540,55,43,0,43,1
2020-07-25,Mendocino,045,87422,267,190,0,190,0
2020-07-25,Merced,047,269075,5121,3176,2,3178,23
2020-07-25,Modoc,049,8938,3,0,0,0,0
2020-07-25,Mono,051,14174,136,82,1,83,1
2020-07-25,Monterey,053,433212,4857,3805,14,3819,21
2020-07-25,Napa,055,140530,1063,746,0,746,6
2020-07-25,Nevada,057,99092,320,257,13,270,1
2020-07-25,Orange,059,3164182,41272,33978,728,34706,561
2020-07-25,Placer,061,380077,2079,1596,3,1599,12
2020-07-25,Plumas,063,18699,33,22,0,22,0
2020-07-25,Riverside,065,2383286,42211,34921,42,34963,655
2020-07-25,Sacramento,067,1510023,11544,8674,11,8685,113
2020-07-25,San Benito,069,59416,640,492,0,492,2
2020-07-25,San Bernardino,071,2135413,37298,29265,145,29410,394
2020-07-25,San Diego,073,3302833,30630,26703,3,26706,533
2020-07-25,San Francisco,075,870044,6835,5644,6,5650,55
2020-07-25,San Joaquin,077,732212,13392,10347,6,10353,129
2020-07-25,San Luis Obispo,079,281455,1958,1530,8,1538,8
2020-07-25,San Mateo,081,765935,6041,5023,8,5031,113
2020-07-25,Santa Barbara,083,443738,6417,5880,62,5942,30
2020-07-25,Santa Clara,085,1922200,11786,8767,28,8795,166
2020-07-25,Santa Cruz,087,273765,1200,939,8,947,4
2020-07-25,Shasta,089,179085,446,263,1,264,8
2020-07-25,Sierra,091,2930,2,1,0,1,0
2020-07-25,Siskiyou,093,43540,84,54,0,54,0
2020-07-25,Solano,095,438530,3977,3107,17,3124,29
2020-07-25,Sonoma,097,501317,3358,2412,6,2418,20
2020-07-25,Stanislaus,099,539301,10588,7994,15,8009,84
2020-07-25,Sutter,101,95872,752,603,0,603,2
2020-07-25,Tehama,103,63373,253,169,2,171,1
2020-07-25,Trinity,105,12862,26,3,6,9,0
2020-07-25,Tulare,107,460477,10381,8310,32,8342,172
2020-07-25,Tuolumne,109,53932,144,99,3,102,0
2020-07-25,Ventura,111,848112,8175,6662,27,6689,62
2020-07-25,Yolo,113,214977,1716,1357,3,1360,35
2020-07-25,Yuba,115,75493,425,312,0,312,1
2020-07-24,Alameda,001,1643700,12584,10216,39,10255,176
2020-07-24,Alpine,003,1148,2,2,0,2,0
2020-07-24,Amador,005,37829,137,66,0,66,0
2020-07-24,Butte,007,227075,1018,751,12,763,5
2020-07-24,Calaveras,009,45235,123,102,0,102,0
2020-07-24,Colusa,011,21464,337,255,0,255,2
2020-07-24,Contra Costa,013,1133247,9148,6814,27,6841,100
2020-07-24,Del Norte,015,27424,84,66,0,66,0
2020-07-24,El Dorado,017,186661,715,516,5,521,1
2020-07-24,Fresno,019,978130,19841,12564,172,12736,115
2020-07-24,Glenn,021,27897,349,251,0,251,1
2020-07-24,Humboldt,023,135768,241,210,1,211,4
2020-07-24,Imperial,025,180216,10044,7686,5,7691,141
2020-07-24,Inyo,027,18085,55,41,1,42,1
2020-07-24,Kern,029,883053,22550,16124,107,16231,143
2020-07-24,Kings,031,150075,4306,3471,21,3492,39
2020-07-24,Lake,033,64148,209,167,0,167,1
2020-07-24,Lassen,035,31185,574,503,2,505,0
2020-07-24,Los Angeles,037,10098052,189545,169078,439,169517,4302
2020-07-24,Madera,039,155013,2474,1679,5,1684,16
2020-07-24,Marin,041,260295,5106,4517,5,4522,22
2020-07-24,Mariposa,043,17540,55,41,0,41,1
2020-07-24,Mendocino,045,87422,260,188,0,188,0
2020-07-24,Merced,047,269075,5036,3100,2,3102,23
2020-07-24,Modoc,049,8938,3,0,0,0,0
2020-07-24,Mono,051,14174,135,82,1,83,1
2020-07-24,Monterey,053,433212,4785,3748,14,3762,21
2020-07-24,Napa,055,140530,1050,741,0,741,6
2020-07-24,Nevada,057,99092,317,255,13,268,1
2020-07-24,Orange,059,3164182,40985,33530,712,34242,557
2020-07-24,Placer,061,380077,2048,1551,3,1554,12
2020-07-24,Plumas,063,18699,33,22,0,22,0
2020-07-24,Riverside,065,2383286,41788,34513,41,34554,631
2020-07-24,Sacramento,067,1510023,11356,8570,11,8581,110
2020-07-24,San Benito,069,59416,633,485,0,485,2
2020-07-24,San Bernardino,071,2135413,36925,28990,140,29130,386
2020-07-24,San Diego,073,3302833,30330,26100,3,26103,524
2020-07-24,San Francisco,075,870044,6741,5611,6,5617,55
2020-07-24,San Joaquin,077,732212,13243,10190,6,10196,118
2020-07-24,San Luis Obispo,079,281455,1934,1476,8,1484,8
2020-07-24,San Mateo,081,765935,5978,4954,8,4962,112
2020-07-24,Santa Barbara,083,443738,6364,5776,60,5836,30
2020-07-24,Santa Clara,085,1922200,11621,8658,28,8686,165
2020-07-24,Santa Cruz,087,273765,1180,930,8,938,4
2020-07-24,Shasta,089,179085,438,262,1,263,8
2020-07-24,Sierra,091,2930,2,1,0,1,0
2020-07-24,Siskiyou,093,43540,84,53,0,53,0
2020-07-24,Solano,095,438530,3941,3062,14,3076,29
2020-07-24,Sonoma,097,501317,3306,2345,6,2351,20
2020-07-24,Stanislaus,099,539301,10416,7861,12,7873,82
2020-07-24,Sutter,101,95872,741,593,0,593,2
2020-07-24,Tehama,103,63373,245,170,2,172,1
2020-07-24,Trinity,105,12862,25,3,6,9,0
2020-07-24,Tulare,107,460477,10287,8167,30,8197,167
2020-07-24,Tuolumne,109,53932,138,99,3,102,0
2020-07-24,Ventura,111,848112,8090,6553,27,6580,60
2020-07-24,Yolo,113,214977,1702,1329,3,1332,35
2020-07-24,Yuba,115,75493,410,307,0,307,1
2020-07-23,Alameda,001,1643700,12342,9924,39,9963,171
2020-07-23,Alpine,003,1148,2,2,0,2,0
2020-07-23,Amador,005,37829,120,61,0,61,0
2020-07-23,Butte,007,227075,1003,726,11,737,5
2020-07-23,Calaveras,009,45235,116,102,0,102,0
2020-07-23,Colusa,011,21464,329,242,0,242,2
2020-07-23,Contra Costa,013,1133247,8949,6619,25,6644,98
2020-07-23,Del Norte,015,27424,84,66,0,66,0
2020-07-23,El Dorado,017,186661,704,491,5,496,1
2020-07-23,Fresno,019,978130,19485,12164,169,12333,112
2020-07-23,Glenn,021,27897,344,246,0,246,1
2020-07-23,Humboldt,023,135768,240,208,1,209,4
2020-07-23,Imperial,025,180216,9994,7604,5,7609,138
2020-07-23,Inyo,027,18085,53,38,1,39,1
2020-07-23,Kern,029,883053,22143,14491,103,14594,128
2020-07-23,Kings,031,150075,4194,3371,21,3392,39
2020-07-23,Lake,033,64148,200,160,0,160,1
2020-07-23,Lassen,035,31185,571,503,2,505,0
2020-07-23,Los Angeles,037,10098052,186995,167198,413,167611,4265
2020-07-23,Madera,039,155013,2408,1659,4,1663,13
2020-07-23,Marin,041,260295,5054,4423,5,4428,22
2020-07-23,Mariposa,043,17540,55,40,0,40,1
2020-07-23,Mendocino,045,87422,250,178,0,178,0
2020-07-23,Merced,047,269075,4879,2972,2,2974,22
2020-07-23,Modoc,049,8938,3,0,0,0,0
2020-07-23,Mono,051,14174,131,82,1,83,1
2020-07-23,Monterey,053,433212,4668,3655,14,3669,21
2020-07-23,Napa,055,140530,1026,713,0,713,5
2020-07-23,Nevada,057,99092,314,247,13,260,1
2020-07-23,Orange,059,3164182,40488,32863,682,33545,544
2020-07-23,Placer,061,380077,2004,1519,3,1522,12
2020-07-23,Plumas,063,18699,32,21,0,21,0
2020-07-23,Riverside,065,2383286,41183,33833,41,33874,630
2020-07-23,Sacramento,067,1510023,11123,8222,11,8233,108
2020-07-23,San Benito,069,59416,618,478,0,478,2
2020-07-23,San Bernardino,071,2135413,36405,28121,134,28255,369
2020-07-23,San Diego,073,3302833,29956,25109,3,25112,505
2020-07-23,San Francisco,075,870044,6640,5543,6,5549,55
2020-07-23,San Joaquin,077,732212,13024,9861,6,9867,111
2020-07-23,San Luis Obispo,079,281455,1905,1438,8,1446,7
2020-07-23,San Mateo,081,765935,5873,4895,8,4903,113
2020-07-23,Santa Barbara,083,443738,6291,5628,60,5688,30
2020-07-23,Santa Clara,085,1922200,11403,8458,28,8486,165
2020-07-23,Santa Cruz,087,273765,1144,887,8,895,3
2020-07-23,Shasta,089,179085,427,254,1,255,9
2020-07-23,Sierra,091,2930,2,1,0,1,0
2020-07-23,Siskiyou,093,43540,82,53,0,53,0
2020-07-23,Solano,095,438530,3877,2962,12,2974,29
2020-07-23,Sonoma,097,501317,3230,2289,6,2295,18
2020-07-23,Stanislaus,099,539301,10174,7603,12,7615,71
2020-07-23,Sutter,101,95872,708,570,0,570,2
2020-07-23,Tehama,103,63373,239,158,2,160,1
2020-07-23,Trinity,105,12862,24,3,6,9,0
2020-07-23,Tulare,107,460477,10098,7898,30,7928,168
2020-07-23,Tuolumne,109,53932,138,93,3,96,0
2020-07-23,Ventura,111,848112,7966,6303,27,6330,56
2020-07-23,Yolo,113,214977,1683,1279,3,1282,35
2020-07-23,Yuba,115,75493,390,297,0,297,1
2020-07-22,Alameda,001,1643700,12124,9678,38,9716,169
2020-07-22,Alpine,003,1148,2,2,0,2,0
2020-07-22,Amador,005,37829,118,58,0,58,0
2020-07-22,Butte,007,227075,967,694,11,705,5
2020-07-22,Calaveras,009,45235,116,98,0,98,0
2020-07-22,Colusa,011,21464,322,236,0,236,0
2020-07-22,Contra Costa,013,1133247,8723,6401,25,6426,98
2020-07-22,Del Norte,015,27424,84,66,0,66,0
2020-07-22,El Dorado,017,186661,691,466,5,471,1
2020-07-22,Fresno,019,978130,19122,11756,163,11919,110
2020-07-22,Glenn,021,27897,338,236,0,236,1
2020-07-22,Humboldt,023,135768,238,201,1,202,4
2020-07-22,Imperial,025,180216,9934,7533,5,7538,134
2020-07-22,Inyo,027,18085,49,38,1,39,1
2020-07-22,Kern,029,883053,21711,13513,95,13608,127
2020-07-22,Kings,031,150075,4138,3271,21,3292,38
2020-07-22,Lake,033,64148,197,160,0,160,1
2020-07-22,Lassen,035,31185,568,500,2,502,0
2020-07-22,Los Angeles,037,10098052,184343,165242,391,165633,4218
2020-07-22,Madera,039,155013,2333,1578,4,1582,10
2020-07-22,Marin,041,260295,4998,4373,5,4378,23
2020-07-22,Mariposa,043,17540,55,38,0,38,1
2020-07-22,Mendocino,045,87422,243,166,0,166,0
2020-07-22,Merced,047,269075,4753,2828,2,2830,15
2020-07-22,Modoc,049,8938,3,0,0,0,0
2020-07-22,Mono,051,14174,128,82,1,83,1
2020-07-22,Monterey,053,433212,4567,3533,14,3547,20
2020-07-22,Napa,055,140530,1004,687,0,687,5
2020-07-22,Nevada,057,99092,308,239,12,251,1
2020-07-22,Orange,059,3164182,39989,32047,673,32720,522
2020-07-22,Placer,061,380077,1948,1469,3,1472,12
2020-07-22,Plumas,063,18699,31,20,0,20,0
2020-07-22,Riverside,065,2383286,40547,33093,41,33134,612
2020-07-22,Sacramento,067,1510023,10861,8028,11,8039,106
2020-07-22,San Benito,069,59416,604,465,0,465,2
2020-07-22,San Bernardino,071,2135413,35883,26820,123,26943,348
2020-07-22,San Diego,073,3302833,29568,25109,2,25111,505
2020-07-22,San Francisco,075,870044,6536,5473,5,5478,53
2020-07-22,San Joaquin,077,732212,12748,9628,6,9634,102
2020-07-22,San Luis Obispo,079,281455,1859,1373,8,1381,7
2020-07-22,San Mateo,081,765935,5784,4796,8,4804,112
2020-07-22,Santa Barbara,083,443738,6207,5508,58,5566,29
2020-07-22,Santa Clara,085,1922200,11159,8266,28,8294,166
2020-07-22,Santa Cruz,087,273765,1120,866,8,874,3
2020-07-22,Shasta,089,179085,417,246,1,247,9
2020-07-22,Sierra,091,2930,1,1,0,1,0
2020-07-22,Siskiyou,093,43540,81,52,0,52,0
2020-07-22,Solano,095,438530,3816,2839,11,2850,29
2020-07-22,Sonoma,097,501317,3153,2255,6,2261,17
2020-07-22,Stanislaus,099,539301,10003,7401,12,7413,71
2020-07-22,Sutter,101,95872,684,551,0,551,2
2020-07-22,Tehama,103,63373,231,155,2,157,1
2020-07-22,Trinity,105,12862,23,3,6,9,0
2020-07-22,Tulare,107,460477,9865,7640,30,7670,167
2020-07-22,Tuolumne,109,53932,134,91,3,94,0
2020-07-22,Ventura,111,848112,7838,6223,25,6248,56
2020-07-22,Yolo,113,214977,1640,1233,3,1236,34
2020-07-22,Yuba,115,75493,375,288,0,288,1
2020-07-21,Alameda,001,1643700,11910,9390,38,9428,166
2020-07-21,Alpine,003,1148,2,2,0,2,0
2020-07-21,Amador,005,37829,113,55,0,55,0
2020-07-21,Butte,007,227075,922,659,10,669,5
2020-07-21,Calaveras,009,45235,110,96,0,96,0
2020-07-21,Colusa,011,21464,298,227,0,227,0
2020-07-21,Contra Costa,013,1133247,8481,6210,25,6235,98
2020-07-21,Del Norte,015,27424,84,66,0,66,0
2020-07-21,El Dorado,017,186661,683,440,5,445,1
2020-07-21,Fresno,019,978130,18722,11412,157,11569,107
2020-07-21,Glenn,021,27897,331,229,0,229,1
2020-07-21,Humboldt,023,135768,236,198,1,199,4
2020-07-21,Imperial,025,180216,9885,7458,5,7463,128
2020-07-21,Inyo,027,18085,48,38,1,39,1
2020-07-21,Kern,029,883053,21289,11998,89,12087,119
2020-07-21,Kings,031,150075,4073,3187,20,3207,38
2020-07-21,Lake,033,64148,197,157,0,157,1
2020-07-21,Lassen,035,31185,566,474,2,476,0
2020-07-21,Los Angeles,037,10098052,181353,162205,369,162574,4159
2020-07-21,Madera,039,155013,2268,1508,3,1511,10
2020-07-21,Marin,041,260295,4926,4318,5,4323,21
2020-07-21,Mariposa,043,17540,54,37,0,37,1
2020-07-21,Mendocino,045,87422,232,160,0,160,0
2020-07-21,Merced,047,269075,4574,2725,2,2727,15
2020-07-21,Modoc,049,8938,3,0,0,0,0
2020-07-21,Mono,051,14174,124,79,1,80,1
2020-07-21,Monterey,053,433212,4435,3404,13,3417,20
2020-07-21,Napa,055,140530,977,660,0,660,5
2020-07-21,Nevada,057,99092,306,228,10,238,1
2020-07-21,Orange,059,3164182,39492,31356,641,31997,515
2020-07-21,Placer,061,380077,1907,1413,3,1416,11
2020-07-21,Plumas,063,18699,31,19,0,19,0
2020-07-21,Riverside,065,2383286,39845,32231,41,32272,583
2020-07-21,Sacramento,067,1510023,10589,7789,10,7799,102
2020-07-21,San Benito,069,59416,593,444,0,444,2
2020-07-21,San Bernardino,071,2135413,35234,25323,116,25439,343
2020-07-21,San Diego,073,3302833,29119,24522,2,24524,487
2020-07-21,San Francisco,075,870044,6427,5377,5,5382,53
2020-07-21,San Joaquin,077,732212,12419,9150,6,9156,99
2020-07-21,San Luis Obispo,079,281455,1810,1338,8,1346,7
2020-07-21,San Mateo,081,765935,5692,4733,8,4741,111
2020-07-21,Santa Barbara,083,443738,6127,5422,57,5479,29
2020-07-21,Santa Clara,085,1922200,10896,7989,28,8017,164
2020-07-21,Santa Cruz,087,273765,1087,835,8,843,3
2020-07-21,Shasta,089,179085,409,241,1,242,9
2020-07-21,Sierra,091,2930,1,1,0,1,0
2020-07-21,Siskiyou,093,43540,81,48,0,48,0
2020-07-21,Solano,095,438530,3743,2727,11,2738,27
2020-07-21,Sonoma,097,501317,3096,2200,6,2206,17
2020-07-21,Stanislaus,099,539301,9740,6984,12,6996,69
2020-07-21,Sutter,101,95872,668,533,0,533,2
2020-07-21,Tehama,103,63373,221,150,2,152,1
2020-07-21,Trinity,105,12862,23,2,6,8,0
2020-07-21,Tulare,107,460477,9663,7447,30,7477,167
2020-07-21,Tuolumne,109,53932,132,75,3,78,0
2020-07-21,Ventura,111,848112,7706,6131,25,6156,55
2020-07-21,Yolo,113,214977,1586,1204,3,1207,34
2020-07-21,Yuba,115,75493,369,269,0,269,1
2020-07-20,Alameda,001,1643700,11655,9244,37,9281,162
2020-07-20,Alpine,003,1148,2,2,0,2,0
2020-07-20,Amador,005,37829,110,53,0,53,0
2020-07-20,Butte,007,227075,885,586,10,596,4
2020-07-20,Calaveras,009,45235,107,90,0,90,0
2020-07-20,Colusa,011,21464,287,217,0,217,0
2020-07-20,Contra Costa,013,1133247,8273,5823,25,5848,97
2020-07-20,Del Norte,015,27424,84,61,0,61,0
2020-07-20,El Dorado,017,186661,660,407,5,412,0
2020-07-20,Fresno,019,978130,18280,10891,156,11047,106
2020-07-20,Glenn,021,27897,323,225,0,225,1
2020-07-20,Humboldt,023,135768,229,194,1,195,4
2020-07-20,Imperial,025,180216,9845,7337,5,7342,124
2020-07-20,Inyo,027,18085,46,38,1,39,1
2020-07-20,Kern,029,883053,20779,10908,85,10993,118
2020-07-20,Kings,031,150075,4023,3093,20,3113,37
2020-07-20,Lake,033,64148,194,147,0,147,1
2020-07-20,Lassen,035,31185,564,474,2,476,0
2020-07-20,Los Angeles,037,10098052,178390,159202,343,159545,4108
2020-07-20,Madera,039,155013,2193,1433,3,1436,10
2020-07-20,Marin,041,260295,4844,4255,5,4260,21
2020-07-20,Mariposa,043,17540,53,36,0,36,1
2020-07-20,Mendocino,045,87422,219,153,0,153,0
2020-07-20,Merced,047,269075,4404,2584,2,2586,15
2020-07-20,Modoc,049,8938,3,0,0,0,0
2020-07-20,Mono,051,14174,118,78,1,79,1
2020-07-20,Monterey,053,433212,4329,3205,13,3218,19
2020-07-20,Napa,055,140530,942,632,0,632,5
2020-07-20,Nevada,057,99092,298,218,10,228,1
2020-07-20,Orange,059,3164182,38882,30337,611,30948,507
2020-07-20,Placer,061,380077,1856,1364,3,1367,11
2020-07-20,Plumas,063,18699,30,17,0,17,0
2020-07-20,Riverside,065,2383286,39014,31163,41,31204,581
2020-07-20,Sacramento,067,1510023,10261,7369,10,7379,99
2020-07-20,San Benito,069,59416,575,433,0,433,2
2020-07-20,San Bernardino,071,2135413,34423,24226,112,24338,338
2020-07-20,San Diego,073,3302833,28677,24137,2,24139,478
2020-07-20,San Francisco,075,870044,6306,5090,5,5095,53
2020-07-20,San Joaquin,077,732212,12063,8583,6,8589,97
2020-07-20,San Luis Obispo,079,281455,1768,1282,8,1290,6
2020-07-20,San Mateo,081,765935,5592,4609,8,4617,111
2020-07-20,Santa Barbara,083,443738,6017,5266,55,5321,29
2020-07-20,Santa Clara,085,1922200,10667,7711,27,7738,164
2020-07-20,Santa Cruz,087,273765,1055,758,8,766,3
2020-07-20,Shasta,089,179085,394,233,1,234,9
2020-07-20,Sierra,091,2930,1,1,0,1,0
2020-07-20,Siskiyou,093,43540,77,42,0,42,0
2020-07-20,Solano,095,438530,3660,2537,11,2548,26
2020-07-20,Sonoma,097,501317,2989,2148,6,2154,17
2020-07-20,Stanislaus,099,539301,9456,6835,12,6847,58
2020-07-20,Sutter,101,95872,635,507,0,507,2
2020-07-20,Tehama,103,63373,211,146,2,148,1
2020-07-20,Trinity,105,12862,23,2,6,8,0
2020-07-20,Tulare,107,460477,9429,6974,30,7004,166
2020-07-20,Tuolumne,109,53932,131,75,3,78,0
2020-07-20,Ventura,111,848112,7572,5912,25,5937,52
2020-07-20,Yolo,113,214977,1546,1155,3,1158,30
2020-07-20,Yuba,115,75493,349,258,0,258,1
2020-07-19,Alameda,001,1643700,11415,9227,31,9258,162
2020-07-19,Alpine,003,1148,2,2,0,2,0
2020-07-19,Amador,005,37829,103,51,0,51,0
2020-07-19,Butte,007,227075,860,555,10,565,4
2020-07-19,Calaveras,009,45235,105,89,0,89,0
2020-07-19,Colusa,011,21464,279,187,0,187,0
2020-07-19,Contra Costa,013,1133247,7982,5691,23,5714,95
2020-07-19,Del Norte,015,27424,83,61,0,61,0
2020-07-19,El Dorado,017,186661,642,385,5,390,0
2020-07-19,Fresno,019,978130,17756,10639,144,10783,106
2020-07-19,Glenn,021,27897,309,215,0,215,0
2020-07-19,Humboldt,023,135768,221,195,1,196,4
2020-07-19,Imperial,025,180216,9754,7280,5,7285,124
2020-07-19,Inyo,027,18085,42,38,1,39,1
2020-07-19,Kern,029,883053,20162,10094,78,10172,115
2020-07-19,Kings,031,150075,3937,3035,20,3055,37
2020-07-19,Lake,033,64148,189,144,0,144,1
2020-07-19,Lassen,035,31185,545,474,2,476,0
2020-07-19,Los Angeles,037,10098052,174942,156039,320,156359,4100
2020-07-19,Madera,039,155013,2116,1301,3,1304,10
2020-07-19,Marin,041,260295,4789,4172,5,4177,21
2020-07-19,Mariposa,043,17540,49,35,0,35,1
2020-07-19,Mendocino,045,87422,214,137,0,137,0
2020-07-19,Merced,047,269075,4197,2460,2,2462,15
2020-07-19,Modoc,049,8938,3,0,0,0,0
2020-07-19,Mono,051,14174,107,63,1,64,1
2020-07-19,Monterey,053,433212,4210,3079,13,3092,18
2020-07-19,Napa,055,140530,913,612,0,612,5
2020-07-19,Nevada,057,99092,292,210,10,220,1
2020-07-19,Orange,059,3164182,38318,29941,598,30539,505
2020-07-19,Placer,061,380077,1809,1246,3,1249,11
2020-07-19,Plumas,063,18699,30,17,0,17,0
2020-07-19,Riverside,065,2383286,38309,30340,41,30381,581
2020-07-19,Sacramento,067,1510023,9868,6985,10,6995,97
2020-07-19,San Benito,069,59416,559,412,0,412,2
2020-07-19,San Bernardino,071,2135413,33650,23928,100,24028,337
2020-07-19,San Diego,073,3302833,28176,23684,2,23686,478
2020-07-19,San Francisco,075,870044,6160,5094,5,5099,52
2020-07-19,San Joaquin,077,732212,11657,8308,6,8314,93
2020-07-19,San Luis Obispo,079,281455,1724,1262,8,1270,6
2020-07-19,San Mateo,081,765935,5488,4522,8,4530,110
2020-07-19,Santa Barbara,083,443738,5915,5145,52,5197,29
2020-07-19,Santa Clara,085,1922200,10423,7403,27,7430,164
2020-07-19,Santa Cruz,087,273765,1011,753,8,761,3
2020-07-19,Shasta,089,179085,381,218,1,219,9
2020-07-19,Sierra,091,2930,1,1,0,1,0
2020-07-19,Siskiyou,093,43540,75,42,0,42,0
2020-07-19,Solano,095,438530,3555,2551,11,2562,26
2020-07-19,Sonoma,097,501317,2889,2074,6,2080,17
2020-07-19,Stanislaus,099,539301,9160,6508,12,6520,58
2020-07-19,Sutter,101,95872,604,480,0,480,2
2020-07-19,Tehama,103,63373,207,138,2,140,1
2020-07-19,Trinity,105,12862,23,2,6,8,0
2020-07-19,Tulare,107,460477,9181,6856,30,6886,166
2020-07-19,Tuolumne,109,53932,126,75,3,78,0
2020-07-19,Ventura,111,848112,7382,5706,25,5731,52
2020-07-19,Yolo,113,214977,1506,1127,3,1130,30
2020-07-19,Yuba,115,75493,329,240,0,240,1
2020-07-18,Alameda,001,1643700,11278,9089,30,9119,162
2020-07-18,Alpine,003,1148,2,2,0,2,0
2020-07-18,Amador,005,37829,99,49,0,49,0
2020-07-18,Butte,007,227075,851,551,10,561,4
2020-07-18,Calaveras,009,45235,101,89,0,89,0
2020-07-18,Colusa,011,21464,274,182,0,182,0
2020-07-18,Contra Costa,013,1133247,7848,5617,23,5640,95
2020-07-18,Del Norte,015,27424,83,61,0,61,0
2020-07-18,El Dorado,017,186661,639,385,5,390,0
2020-07-18,Fresno,019,978130,17507,10381,142,10523,106
2020-07-18,Glenn,021,27897,303,212,0,212,0
2020-07-18,Humboldt,023,135768,218,189,1,190,4
2020-07-18,Imperial,025,180216,9723,7268,5,7273,124
2020-07-18,Inyo,027,18085,42,38,1,39,1
2020-07-18,Kern,029,883053,19859,9250,75,9325,114
2020-07-18,Kings,031,150075,3897,2996,19,3015,37
2020-07-18,Lake,033,64148,186,142,0,142,1
2020-07-18,Lassen,035,31185,544,474,2,476,0
2020-07-18,Los Angeles,037,10098052,173496,153265,310,153575,4088
2020-07-18,Madera,039,155013,2070,1260,3,1263,9
2020-07-18,Marin,041,260295,4760,4089,5,4094,21
2020-07-18,Mariposa,043,17540,49,35,0,35,1
2020-07-18,Mendocino,045,87422,208,137,0,137,0
2020-07-18,Merced,047,269075,4078,2424,2,2426,15
2020-07-18,Modoc,049,8938,3,0,0,0,0
2020-07-18,Mono,051,14174,105,54,1,55,1
2020-07-18,Monterey,053,433212,4142,3020,13,3033,17
2020-07-18,Napa,055,140530,902,609,0,609,5
2020-07-18,Nevada,057,99092,288,204,9,213,1
2020-07-18,Orange,059,3164182,37999,29603,578,30181,493
2020-07-18,Placer,061,380077,1786,1233,3,1236,11
2020-07-18,Plumas,063,18699,30,17,0,17,0
2020-07-18,Riverside,065,2383286,37955,30245,40,30285,581
2020-07-18,Sacramento,067,1510023,9623,6739,10,6749,95
2020-07-18,San Benito,069,59416,544,407,0,407,2
2020-07-18,San Bernardino,071,2135413,33190,23680,93,23773,336
2020-07-18,San Diego,073,3302833,27873,23116,2,23118,478
2020-07-18,San Francisco,075,870044,6058,5051,5,5056,52
2020-07-18,San Joaquin,077,732212,11444,8118,6,8124,93
2020-07-18,San Luis Obispo,079,281455,1689,1234,8,1242,6
2020-07-18,San Mateo,081,765935,5428,4488,8,4496,110
2020-07-18,Santa Barbara,083,443738,5855,5110,50,5160,29
2020-07-18,Santa Clara,085,1922200,10274,7255,26,7281,164
2020-07-18,Santa Cruz,087,273765,994,751,8,759,3
2020-07-18,Shasta,089,179085,372,216,1,217,9
2020-07-18,Sierra,091,2930,1,1,0,1,0
2020-07-18,Siskiyou,093,43540,71,42,0,42,0
2020-07-18,Solano,095,438530,3514,2503,11,2514,26
2020-07-18,Sonoma,097,501317,2838,2019,6,2025,15
2020-07-18,Stanislaus,099,539301,9025,6344,12,6356,58
2020-07-18,Sutter,101,95872,598,473,0,473,2
2020-07-18,Tehama,103,63373,202,136,2,138,1
2020-07-18,Trinity,105,12862,23,2,6,8,0
2020-07-18,Tulare,107,460477,9090,6810,29,6839,167
2020-07-18,Tuolumne,109,53932,123,75,3,78,0
2020-07-18,Ventura,111,848112,7300,5630,25,5655,52
2020-07-18,Yolo,113,214977,1478,1077,3,1080,30
2020-07-18,Yuba,115,75493,318,237,0,237,1
2020-07-17,Alameda,001,1643700,11138,8893,29,8922,160
2020-07-17,Alpine,003,1148,2,1,0,1,0
2020-07-17,Amador,005,37829,97,48,0,48,0
2020-07-17,Butte,007,227075,837,497,10,507,4
2020-07-17,Calaveras,009,45235,99,86,0,86,0
2020-07-17,Colusa,011,21464,272,146,0,146,0
2020-07-17,Contra Costa,013,1133247,7700,5483,23,5506,93
2020-07-17,Del Norte,015,27424,82,60,0,60,0
2020-07-17,El Dorado,017,186661,623,368,5,373,0
2020-07-17,Fresno,019,978130,17209,9954,142,10096,104
2020-07-17,Glenn,021,27897,296,203,0,203,0
2020-07-17,Humboldt,023,135768,217,185,1,186,4
2020-07-17,Imperial,025,180216,9701,7193,5,7198,120
2020-07-17,Inyo,027,18085,42,38,1,39,1
2020-07-17,Kern,029,883053,19539,8291,74,8365,113
2020-07-17,Kings,031,150075,3858,2978,19,2997,37
2020-07-17,Lake,033,64148,184,139,0,139,1
2020-07-17,Lassen,035,31185,525,391,2,393,0
2020-07-17,Los Angeles,037,10098052,171125,150481,298,150779,4052
2020-07-17,Madera,039,155013,2026,1214,3,1217,9
2020-07-17,Marin,041,260295,4723,3839,5,3844,21
2020-07-17,Mariposa,043,17540,47,35,0,35,1
2020-07-17,Mendocino,045,87422,200,126,0,126,0
2020-07-17,Merced,047,269075,4002,2328,2,2330,12
2020-07-17,Modoc,049,8938,2,0,0,0,0
2020-07-17,Mono,051,14174,100,54,1,55,1
2020-07-17,Monterey,053,433212,4013,2922,13,2935,18
2020-07-17,Napa,055,140530,888,598,0,598,5
2020-07-17,Nevada,057,99092,281,200,9,209,1
2020-07-17,Orange,059,3164182,37536,28962,545,29507,485
2020-07-17,Placer,061,380077,1757,1207,3,1210,11
2020-07-17,Plumas,063,18699,27,16,0,16,0
2020-07-17,Riverside,065,2383286,37356,29639,40,29679,580
2020-07-17,Sacramento,067,1510023,9379,6563,10,6573,95
2020-07-17,San Benito,069,59416,529,399,0,399,2
2020-07-17,San Bernardino,071,2135413,32670,23057,90,23147,322
2020-07-17,San Diego,073,3302833,27485,22491,2,22493,472
2020-07-17,San Francisco,075,870044,5964,4967,5,4972,52
2020-07-17,San Joaquin,077,732212,11200,7925,6,7931,86
2020-07-17,San Luis Obispo,079,281455,1652,1190,8,1198,6
2020-07-17,San Mateo,081,765935,5331,4407,8,4415,110
2020-07-17,Santa Barbara,083,443738,5783,5001,49,5050,29
2020-07-17,Santa Clara,085,1922200,10056,7080,26,7106,164
2020-07-17,Santa Cruz,087,273765,972,716,8,724,3
2020-07-17,Shasta,089,179085,360,213,1,214,8
2020-07-17,Sierra,091,2930,1,1,0,1,0
2020-07-17,Siskiyou,093,43540,70,40,0,40,0
2020-07-17,Solano,095,438530,3465,2452,11,2463,26
2020-07-17,Sonoma,097,501317,2789,1982,6,1988,15
2020-07-17,Stanislaus,099,539301,8851,6220,12,6232,56
2020-07-17,Sutter,101,95872,585,458,0,458,2
2020-07-17,Tehama,103,63373,198,128,2,130,1
2020-07-17,Trinity,105,12862,23,2,6,8,0
2020-07-17,Tulare,107,460477,8954,6671,29,6700,166
2020-07-17,Tuolumne,109,53932,122,73,3,76,0
2020-07-17,Ventura,111,848112,7216,5451,25,5476,51
2020-07-17,Yolo,113,214977,1454,1055,3,1058,30
2020-07-17,Yuba,115,75493,308,231,0,231,1
2020-07-16,Alameda,001,1643700,10904,8719,24,8743,153
2020-07-16,Alpine,003,1148,2,1,0,1,0
2020-07-16,Amador,005,37829,94,46,0,46,0
2020-07-16,Butte,007,227075,800,465,9,474,4
2020-07-16,Calaveras,009,45235,97,82,0,82,0
2020-07-16,Colusa,011,21464,263,140,0,140,0
2020-07-16,Contra Costa,013,1133247,7487,5338,17,5355,91
2020-07-16,Del Norte,015,27424,82,60,0,60,0
2020-07-16,El Dorado,017,186661,606,357,5,362,0
2020-07-16,Fresno,019,978130,16698,9481,133,9614,101
2020-07-16,Glenn,021,27897,287,190,0,190,0
2020-07-16,Humboldt,023,135768,215,184,1,185,4
2020-07-16,Imperial,025,180216,9607,7148,5,7153,113
2020-07-16,Inyo,027,18085,42,38,1,39,1
2020-07-16,Kern,029,883053,19017,7435,72,7507,112
2020-07-16,Kings,031,150075,3691,2937,19,2956,37
2020-07-16,Lake,033,64148,179,128,0,128,1
2020-07-16,Lassen,035,31185,524,355,2,357,0
2020-07-16,Los Angeles,037,10098052,167904,147759,273,148032,3994
2020-07-16,Madera,039,155013,1962,1192,3,1195,8
2020-07-16,Marin,041,260295,4651,3546,5,3551,21
2020-07-16,Mariposa,043,17540,45,34,0,34,1
2020-07-16,Mendocino,045,87422,195,121,0,121,0
2020-07-16,Merced,047,269075,3840,2228,2,2230,12
2020-07-16,Modoc,049,8938,1,0,0,0,0
2020-07-16,Mono,051,14174,97,53,1,54,1
2020-07-16,Monterey,053,433212,3908,2857,12,2869,18
2020-07-16,Napa,055,140530,859,581,0,581,5
2020-07-16,Nevada,057,99092,278,191,9,200,1
2020-07-16,Orange,059,3164182,36834,28525,509,29034,471
2020-07-16,Placer,061,380077,1709,1168,3,1171,11
2020-07-16,Plumas,063,18699,25,16,0,16,0
2020-07-16,Riverside,065,2383286,36611,28904,38,28942,577
2020-07-16,Sacramento,067,1510023,9066,6440,9,6449,91
2020-07-16,San Benito,069,59416,512,389,0,389,2
2020-07-16,San Bernardino,071,2135413,31809,22355,72,22427,321
2020-07-16,San Diego,073,3302833,26998,21857,2,21859,465
2020-07-16,San Francisco,075,870044,5823,4838,5,4843,52
2020-07-16,San Joaquin,077,732212,10838,7713,6,7719,82
2020-07-16,San Luis Obispo,079,281455,1608,1146,8,1154,6
2020-07-16,San Mateo,081,765935,5227,4336,8,4344,110
2020-07-16,Santa Barbara,083,443738,5688,4872,48,4920,28
2020-07-16,Santa Clara,085,1922200,9776,6990,24,7014,164
2020-07-16,Santa Cruz,087,273765,931,698,8,706,3
2020-07-16,Shasta,089,179085,345,208,1,209,7
2020-07-16,Sierra,091,2930,1,1,0,1,0
2020-07-16,Siskiyou,093,43540,67,39,0,39,0
2020-07-16,Solano,095,438530,3371,2372,11,2383,25
2020-07-16,Sonoma,097,501317,2699,1954,6,1960,14
2020-07-16,Stanislaus,099,539301,8568,6077,11,6088,56
2020-07-16,Sutter,101,95872,569,444,0,444,2
2020-07-16,Tehama,103,63373,188,126,2,128,1
2020-07-16,Trinity,105,12862,23,2,5,7,0
2020-07-16,Tulare,107,460477,8738,6467,28,6495,163
2020-07-16,Tuolumne,109,53932,117,71,3,74,0
2020-07-16,Ventura,111,848112,7054,5231,25,5256,50
2020-07-16,Yolo,113,214977,1412,1034,3,1037,29
2020-07-16,Yuba,115,75493,290,221,0,221,1
2020-07-15,Alameda,001,1643700,10699,8615,19,8634,153
2020-07-15,Alpine,003,1148,2,1,0,1,0
2020-07-15,Amador,005,37829,73,44,0,44,0
2020-07-15,Butte,007,227075,758,420,9,429,4
2020-07-15,Calaveras,009,45235,97,75,0,75,0
2020-07-15,Colusa,011,21464,258,135,0,135,0
2020-07-15,Contra Costa,013,1133247,7256,5246,17,5263,90
2020-07-15,Del Norte,015,27424,81,60,0,60,0
2020-07-15,El Dorado,017,186661,582,339,5,344,0
2020-07-15,Fresno,019,978130,16224,9124,127,9251,101
2020-07-15,Glenn,021,27897,278,184,0,184,0
2020-07-15,Humboldt,023,135768,213,181,1,182,4
2020-07-15,Imperial,025,180216,9540,7110,5,7115,110
2020-07-15,Inyo,027,18085,42,36,1,37,1
2020-07-15,Kern,029,883053,18397,7155,69,7224,108
2020-07-15,Kings,031,150075,3630,2906,19,2925,37
2020-07-15,Lake,033,64148,177,122,0,122,1
2020-07-15,Lassen,035,31185,520,319,2,321,0
2020-07-15,Los Angeles,037,10098052,164439,143343,258,143601,3946
2020-07-15,Madera,039,155013,1893,1147,3,1150,4
2020-07-15,Marin,041,260295,4596,3458,5,3463,21
2020-07-15,Mariposa,043,17540,45,34,0,34,1
2020-07-15,Mendocino,045,87422,192,119,0,119,0
2020-07-15,Merced,047,269075,3690,2156,2,2158,12
2020-07-15,Modoc,049,8938,1,0,0,0,0
2020-07-15,Mono,051,14174,95,52,1,53,1
2020-07-15,Monterey,053,433212,3796,2780,12,2792,18
2020-07-15,Napa,055,140530,833,573,0,573,5
2020-07-15,Nevada,057,99092,274,185,7,192,1
2020-07-15,Orange,059,3164182,36034,27718,475,28193,454
2020-07-15,Placer,061,380077,1651,1145,3,1148,11
2020-07-15,Plumas,063,18699,25,16,0,16,0
2020-07-15,Riverside,065,2383286,35829,28492,36,28528,568
2020-07-15,Sacramento,067,1510023,8686,6217,9,6226,91
2020-07-15,San Benito,069,59416,503,388,0,388,2
2020-07-15,San Bernardino,071,2135413,31021,21508,56,21564,317
2020-07-15,San Diego,073,3302833,26531,21448,2,21450,448
2020-07-15,San Francisco,075,870044,5710,4757,5,4762,50
2020-07-15,San Joaquin,077,732212,10406,7381,5,7386,75
2020-07-15,San Luis Obispo,079,281455,1565,1097,8,1105,6
2020-07-15,San Mateo,081,765935,5114,4258,8,4266,109
2020-07-15,Santa Barbara,083,443738,5574,4733,48,4781,28
2020-07-15,Santa Clara,085,1922200,9472,6900,24,6924,164
2020-07-15,Santa Cruz,087,273765,895,660,7,667,3
2020-07-15,Shasta,089,179085,336,193,1,194,7
2020-07-15,Sierra,091,2930,1,1,0,1,0
2020-07-15,Siskiyou,093,43540,66,38,0,38,0
2020-07-15,Solano,095,438530,3276,2343,11,2354,25
2020-07-15,Sonoma,097,501317,2601,1920,6,1926,14
2020-07-15,Stanislaus,099,539301,8271,5777,11,5788,56
2020-07-15,Sutter,101,95872,543,433,0,433,2
2020-07-15,Tehama,103,63373,180,126,2,128,1
2020-07-15,Trinity,105,12862,22,2,5,7,0
2020-07-15,Tulare,107,460477,8527,6320,27,6347,156
2020-07-15,Tuolumne,109,53932,110,68,3,71,0
2020-07-15,Ventura,111,848112,6877,5087,25,5112,50
2020-07-15,Yolo,113,214977,1379,1002,3,1005,27
2020-07-15,Yuba,115,75493,278,221,0,221,1
2020-07-14,Alameda,001,1643700,10358,8388,13,8401,151
2020-07-14,Alpine,003,1148,2,1,0,1,0
2020-07-14,Amador,005,37829,69,44,0,44,0
2020-07-14,Butte,007,227075,712,382,9,391,4
2020-07-14,Calaveras,009,45235,95,74,0,74,0
2020-07-14,Colusa,011,21464,248,128,0,128,0
2020-07-14,Contra Costa,013,1133247,7019,5110,15,5125,90
2020-07-14,Del Norte,015,27424,80,60,0,60,0
2020-07-14,El Dorado,017,186661,567,324,5,329,0
2020-07-14,Fresno,019,978130,15804,8941,122,9063,98
2020-07-14,Glenn,021,27897,268,177,0,177,0
2020-07-14,Humboldt,023,135768,210,175,1,176,4
2020-07-14,Imperial,025,180216,9412,7095,5,7100,109
2020-07-14,Inyo,027,18085,42,35,1,36,1
2020-07-14,Kern,029,883053,17638,6979,56,7035,107
2020-07-14,Kings,031,150075,3563,2867,18,2885,37
2020-07-14,Lake,033,64148,171,120,0,120,1
2020-07-14,Lassen,035,31185,503,263,2,265,0
2020-07-14,Los Angeles,037,10098052,161303,140632,229,140861,3900
2020-07-14,Madera,039,155013,1819,1118,3,1121,4
2020-07-14,Marin,041,260295,4482,3451,5,3456,21
2020-07-14,Mariposa,043,17540,41,32,0,32,1
2020-07-14,Mendocino,045,87422,184,110,0,110,0
2020-07-14,Merced,047,269075,3511,2084,2,2086,12
2020-07-14,Modoc,049,8938,1,0,0,0,0
2020-07-14,Mono,051,14174,85,48,1,49,1
2020-07-14,Monterey,053,433212,3683,2724,12,2736,18
2020-07-14,Napa,055,140530,777,557,0,557,4
2020-07-14,Nevada,057,99092,257,180,6,186,1
2020-07-14,Orange,059,3164182,35154,26915,427,27342,432
2020-07-14,Placer,061,380077,1593,1122,3,1125,11
2020-07-14,Plumas,063,18699,24,14,0,14,0
2020-07-14,Riverside,065,2383286,35072,27850,35,27885,547
2020-07-14,Sacramento,067,1510023,8332,5978,9,5987,87
2020-07-14,San Benito,069,59416,484,360,0,360,2
2020-07-14,San Bernardino,071,2135413,30170,20489,46,20535,316
2020-07-14,San Diego,073,3302833,25911,20887,2,20889,436
2020-07-14,San Francisco,075,870044,5559,4659,4,4663,50
2020-07-14,San Joaquin,077,732212,9978,7143,5,7148,75
2020-07-14,San Luis Obispo,079,281455,1527,1060,8,1068,5
2020-07-14,San Mateo,081,765935,5021,4173,8,4181,108
2020-07-14,Santa Barbara,083,443738,5450,4641,46,4687,28
2020-07-14,Santa Clara,085,1922200,9144,6686,21,6707,164
2020-07-14,Santa Cruz,087,273765,856,639,7,646,3
2020-07-14,Shasta,089,179085,327,190,1,191,7
2020-07-14,Sierra,091,2930,1,1,0,1,0
2020-07-14,Siskiyou,093,43540,65,38,0,38,0
2020-07-14,Solano,095,438530,3177,2266,9,2275,25
2020-07-14,Sonoma,097,501317,2508,1866,6,1872,14
2020-07-14,Stanislaus,099,539301,7897,5631,10,5641,53
2020-07-14,Sutter,101,95872,524,405,0,405,2
2020-07-14,Tehama,103,63373,168,123,2,125,1
2020-07-14,Trinity,105,12862,21,2,5,7,0
2020-07-14,Tulare,107,460477,8281,6199,27,6226,156
2020-07-14,Tuolumne,109,53932,105,68,3,71,0
2020-07-14,Ventura,111,848112,6716,4950,25,4975,50
2020-07-14,Yolo,113,214977,1331,966,3,969,27
2020-07-14,Yuba,115,75493,261,210,0,210,1
2020-07-13,Alameda,001,1643700,10049,8115,13,8128,148
2020-07-13,Alpine,003,1148,2,1,0,1,0
2020-07-13,Amador,005,37829,65,42,0,42,0
2020-07-13,Butte,007,227075,676,354,9,363,4
2020-07-13,Calaveras,009,45235,87,63,0,63,0
2020-07-13,Colusa,011,21464,242,116,0,116,0
2020-07-13,Contra Costa,013,1133247,6747,4882,13,4895,88
2020-07-13,Del Norte,015,27424,74,59,0,59,0
2020-07-13,El Dorado,017,186661,536,298,5,303,0
2020-07-13,Fresno,019,978130,15375,8666,117,8783,95
2020-07-13,Glenn,021,27897,261,168,0,168,0
2020-07-13,Humboldt,023,135768,205,174,1,175,4
2020-07-13,Imperial,025,180216,9326,7052,5,7057,109
2020-07-13,Inyo,027,18085,41,35,1,36,1
2020-07-13,Kern,029,883053,16953,6808,51,6859,107
2020-07-13,Kings,031,150075,3512,2824,18,2842,37
2020-07-13,Lake,033,64148,166,118,0,118,1
2020-07-13,Lassen,035,31185,498,237,2,239,0
2020-07-13,Los Angeles,037,10098052,158068,136368,215,136583,3829
2020-07-13,Madera,039,155013,1750,1059,3,1062,4
2020-07-13,Marin,041,260295,4378,3402,5,3407,21
2020-07-13,Mariposa,043,17540,40,31,0,31,1
2020-07-13,Mendocino,045,87422,180,87,0,87,0
2020-07-13,Merced,047,269075,3362,2007,2,2009,12
2020-07-13,Modoc,049,8938,1,0,0,0,0
2020-07-13,Mono,051,14174,81,47,0,47,1
2020-07-13,Monterey,053,433212,3560,2613,9,2622,18
2020-07-13,Napa,055,140530,741,534,0,534,4
2020-07-13,Nevada,057,99092,243,172,6,178,1
2020-07-13,Orange,059,3164182,34289,25978,395,26373,423
2020-07-13,Placer,061,380077,1548,1096,3,1099,11
2020-07-13,Plumas,063,18699,22,14,0,14,0
2020-07-13,Riverside,065,2383286,34147,27136,33,27169,545
2020-07-13,Sacramento,067,1510023,8035,5747,9,5756,85
2020-07-13,San Benito,069,59416,471,343,0,343,2
2020-07-13,San Bernardino,071,2135413,29293,19610,40,19650,313
2020-07-13,San Diego,073,3302833,25344,20348,2,20350,422
2020-07-13,San Francisco,075,870044,5432,4534,3,4537,50
2020-07-13,San Joaquin,077,732212,9564,6927,5,6932,71
2020-07-13,San Luis Obispo,079,281455,1496,989,8,997,5
2020-07-13,San Mateo,081,765935,4890,4057,8,4065,108
2020-07-13,Santa Barbara,083,443738,5336,4441,45,4486,28
2020-07-13,Santa Clara,085,1922200,8821,6488,20,6508,164
2020-07-13,Santa Cruz,087,273765,818,574,7,581,3
2020-07-13,Shasta,089,179085,316,185,1,186,6
2020-07-13,Sierra,091,2930,1,1,0,1,0
2020-07-13,Siskiyou,093,43540,61,37,0,37,0
2020-07-13,Solano,095,438530,3065,2046,9,2055,23
2020-07-13,Sonoma,097,501317,2397,1818,6,1824,14
2020-07-13,Stanislaus,099,539301,7594,5324,9,5333,53
2020-07-13,Sutter,101,95872,486,379,0,379,2
2020-07-13,Tehama,103,63373,155,112,2,114,1
2020-07-13,Trinity,105,12862,21,2,5,7,0
2020-07-13,Tulare,107,460477,8020,5930,25,5955,147
2020-07-13,Tuolumne,109,53932,97,56,3,59,0
2020-07-13,Ventura,111,848112,6526,4800,22,4822,50
2020-07-13,Yolo,113,214977,1285,941,3,944,27
2020-07-13,Yuba,115,75493,246,194,0,194,1
2020-07-12,Alameda,001,1643700,9778,8056,13,8069,148
2020-07-12,Alpine,003,1148,2,1,0,1,0
2020-07-12,Amador,005,37829,55,40,0,40,0
2020-07-12,Butte,007,227075,626,341,8,349,4
2020-07-12,Calaveras,009,45235,87,62,0,62,0
2020-07-12,Colusa,011,21464,208,116,0,116,0
2020-07-12,Contra Costa,013,1133247,6478,4708,11,4719,88
2020-07-12,Del Norte,015,27424,63,59,0,59,0
2020-07-12,El Dorado,017,186661,514,290,5,295,0
2020-07-12,Fresno,019,978130,14950,8407,112,8519,95
2020-07-12,Glenn,021,27897,248,166,0,166,0
2020-07-12,Humboldt,023,135768,201,174,1,175,4
2020-07-12,Imperial,025,180216,9210,6999,5,7004,109
2020-07-12,Inyo,027,18085,39,35,1,36,1
2020-07-12,Kern,029,883053,16210,6662,48,6710,105
2020-07-12,Kings,031,150075,3450,2779,18,2797,34
2020-07-12,Lake,033,64148,157,114,0,114,1
2020-07-12,Lassen,035,31185,491,237,2,239,0
2020-07-12,Los Angeles,037,10098052,154644,133830,186,134016,3816
2020-07-12,Madera,039,155013,1695,1025,3,1028,4
2020-07-12,Marin,041,260295,4301,3358,5,3363,21
2020-07-12,Mariposa,043,17540,39,31,0,31,1
2020-07-12,Mendocino,045,87422,161,88,0,88,0
2020-07-12,Merced,047,269075,3232,1908,2,1910,12
2020-07-12,Modoc,049,8938,1,0,0,0,0
2020-07-12,Mono,051,14174,71,45,0,45,1
2020-07-12,Monterey,053,433212,3445,2521,9,2530,18
2020-07-12,Napa,055,140530,709,519,0,519,4
2020-07-12,Nevada,057,99092,233,166,6,172,1
2020-07-12,Orange,059,3164182,33413,25399,386,25785,422
2020-07-12,Placer,061,380077,1491,1058,3,1061,11
2020-07-12,Plumas,063,18699,21,14,0,14,0
2020-07-12,Riverside,065,2383286,33389,26404,32,26436,542
2020-07-12,Sacramento,067,1510023,7723,5515,7,5522,85
2020-07-12,San Benito,069,59416,456,324,0,324,2
2020-07-12,San Bernardino,071,2135413,28381,19042,36,19078,312
2020-07-12,San Diego,073,3302833,24714,19929,2,19931,422
2020-07-12,San Francisco,075,870044,5282,4535,3,4538,50
2020-07-12,San Joaquin,077,732212,9202,6703,5,6708,71
2020-07-12,San Luis Obispo,079,281455,1449,972,8,980,5
2020-07-12,San Mateo,081,765935,4772,3988,8,3996,108
2020-07-12,Santa Barbara,083,443738,5206,4353,44,4397,28
2020-07-12,Santa Clara,085,1922200,8583,6252,19,6271,164
2020-07-12,Santa Cruz,087,273765,776,573,5,578,3
2020-07-12,Shasta,089,179085,310,173,1,174,6
2020-07-12,Sierra,091,2930,1,1,0,1,0
2020-07-12,Siskiyou,093,43540,59,36,0,36,0
2020-07-12,Solano,095,438530,2940,2037,9,2046,23
2020-07-12,Sonoma,097,501317,2303,1743,6,1749,13
2020-07-12,Stanislaus,099,539301,7290,5177,9,5186,53
2020-07-12,Sutter,101,95872,468,362,0,362,2
2020-07-12,Tehama,103,63373,148,111,2,113,1
2020-07-12,Trinity,105,12862,21,2,5,7,0
2020-07-12,Tulare,107,460477,7765,5864,24,5888,146
2020-07-12,Tuolumne,109,53932,89,52,3,55,0
2020-07-12,Ventura,111,848112,6310,4724,21,4745,50
2020-07-12,Yolo,113,214977,1244,889,3,892,27
2020-07-12,Yuba,115,75493,235,188,0,188,1
2020-07-11,Alameda,001,1643700,9676,7845,13,7858,148
2020-07-11,Alpine,003,1148,2,1,0,1,0
2020-07-11,Amador,005,37829,51,37,0,37,0
2020-07-11,Butte,007,227075,610,325,8,333,4
2020-07-11,Calaveras,009,45235,84,62,0,62,0
2020-07-11,Colusa,011,21464,203,110,0,110,0
2020-07-11,Contra Costa,013,1133247,6362,4650,11,4661,87
2020-07-11,Del Norte,015,27424,63,59,0,59,0
2020-07-11,El Dorado,017,186661,503,283,5,288,0
2020-07-11,Fresno,019,978130,14690,8086,110,8196,95
2020-07-11,Glenn,021,27897,240,161,0,161,0
2020-07-11,Humboldt,023,135768,200,174,1,175,4
2020-07-11,Imperial,025,180216,9171,6884,5,6889,109
2020-07-11,Inyo,027,18085,39,35,1,36,1
2020-07-11,Kern,029,883053,15853,6509,47,6556,103
2020-07-11,Kings,031,150075,3423,2753,18,2771,33
2020-07-11,Lake,033,64148,156,110,0,110,1
2020-07-11,Lassen,035,31185,490,237,2,239,0
2020-07-11,Los Angeles,037,10098052,152926,130479,176,130655,3802
2020-07-11,Madera,039,155013,1654,988,3,991,4
2020-07-11,Marin,041,260295,4273,3191,5,3196,21
2020-07-11,Mariposa,043,17540,39,31,0,31,1
2020-07-11,Mendocino,045,87422,157,88,0,88,0
2020-07-11,Merced,047,269075,3151,1851,2,1853,12
2020-07-11,Modoc,049,8938,1,0,0,0,0
2020-07-11,Mono,051,14174,68,45,0,45,1
2020-07-11,Monterey,053,433212,3356,2376,8,2384,18
2020-07-11,Napa,055,140530,697,509,0,509,4
2020-07-11,Nevada,057,99092,224,163,5,168,1
2020-07-11,Orange,059,3164182,33036,24430,372,24802,422
2020-07-11,Placer,061,380077,1456,1029,3,1032,11
2020-07-11,Plumas,063,18699,21,12,0,12,0
2020-07-11,Riverside,065,2383286,32999,25994,32,26026,538
2020-07-11,Sacramento,067,1510023,7549,5367,7,5374,84
2020-07-11,San Benito,069,59416,441,314,0,314,2
2020-07-11,San Bernardino,071,2135413,27944,18907,34,18941,310
2020-07-11,San Diego,073,3302833,24322,19371,2,19373,422
2020-07-11,San Francisco,075,870044,5186,4430,2,4432,50
2020-07-11,San Joaquin,077,732212,9024,6518,5,6523,72
2020-07-11,San Luis Obispo,079,281455,1401,930,8,938,4
2020-07-11,San Mateo,081,765935,4704,3956,8,3964,108
2020-07-11,Santa Barbara,083,443738,5137,4283,43,4326,28
2020-07-11,Santa Clara,085,1922200,8424,5959,19,5978,164
2020-07-11,Santa Cruz,087,273765,745,571,5,576,3
2020-07-11,Shasta,089,179085,303,168,1,169,6
2020-07-11,Sierra,091,2930,1,1,0,1,0
2020-07-11,Siskiyou,093,43540,59,36,0,36,0
2020-07-11,Solano,095,438530,2899,2034,9,2043,23
2020-07-11,Sonoma,097,501317,2265,1690,6,1696,13
2020-07-11,Stanislaus,099,539301,7149,4911,9,4920,51
2020-07-11,Sutter,101,95872,452,352,0,352,2
2020-07-11,Tehama,103,63373,146,111,2,113,1
2020-07-11,Trinity,105,12862,21,2,5,7,0
2020-07-11,Tulare,107,460477,7659,5780,24,5804,149
2020-07-11,Tuolumne,109,53932,87,50,3,53,0
2020-07-11,Ventura,111,848112,6214,4545,20,4565,49
2020-07-11,Yolo,113,214977,1215,833,3,836,27
2020-07-11,Yuba,115,75493,225,175,0,175,1
2020-07-10,Alameda,001,1643700,9519,7551,13,7564,147
2020-07-10,Alpine,003,1148,2,1,0,1,0
2020-07-10,Amador,005,37829,47,37,0,37,0
2020-07-10,Butte,007,227075,599,318,8,326,4
2020-07-10,Calaveras,009,45235,84,61,0,61,0
2020-07-10,Colusa,011,21464,197,103,0,103,0
2020-07-10,Contra Costa,013,1133247,6220,4482,11,4493,86
2020-07-10,Del Norte,015,27424,63,57,0,57,0
2020-07-10,El Dorado,017,186661,485,266,5,271,0
2020-07-10,Fresno,019,978130,14358,7760,107,7867,93
2020-07-10,Glenn,021,27897,235,157,0,157,0
2020-07-10,Humboldt,023,135768,199,168,1,169,4
2020-07-10,Imperial,025,180216,9126,6878,4,6882,98
2020-07-10,Inyo,027,18085,39,35,1,36,1
2020-07-10,Kern,029,883053,15421,6344,46,6390,102
2020-07-10,Kings,031,150075,3387,2707,18,2725,33
2020-07-10,Lake,033,64148,149,104,0,104,1
2020-07-10,Lassen,035,31185,489,235,2,237,0
2020-07-10,Los Angeles,037,10098052,150506,127503,170,127673,3750
2020-07-10,Madera,039,155013,1608,914,3,917,4
2020-07-10,Marin,041,260295,4210,3101,5,3106,21
2020-07-10,Mariposa,043,17540,38,31,0,31,1
2020-07-10,Mendocino,045,87422,149,88,0,88,0
2020-07-10,Merced,047,269075,3072,1802,2,1804,12
2020-07-10,Modoc,049,8938,1,0,0,0,0
2020-07-10,Mono,051,14174,67,45,0,45,1
2020-07-10,Monterey,053,433212,3278,2285,8,2293,18
2020-07-10,Napa,055,140530,686,496,0,496,4
2020-07-10,Nevada,057,99092,219,161,5,166,1
2020-07-10,Orange,059,3164182,32449,23692,369,24061,416
2020-07-10,Placer,061,380077,1414,1002,3,1005,11
2020-07-10,Plumas,063,18699,19,12,0,12,0
2020-07-10,Riverside,065,2383286,32481,25481,32,25513,533
2020-07-10,Sacramento,067,1510023,7294,5181,7,5188,81
2020-07-10,San Benito,069,59416,432,302,0,302,2
2020-07-10,San Bernardino,071,2135413,27420,18242,31,18273,308
2020-07-10,San Diego,073,3302833,23938,18862,2,18864,420
2020-07-10,San Francisco,075,870044,5095,4305,2,4307,50
2020-07-10,San Joaquin,077,732212,8791,6225,5,6230,67
2020-07-10,San Luis Obispo,079,281455,1363,891,8,899,4
2020-07-10,San Mateo,081,765935,4639,3844,8,3852,107
2020-07-10,Santa Barbara,083,443738,5040,4177,42,4219,28
2020-07-10,Santa Clara,085,1922200,8200,5819,19,5838,164
2020-07-10,Santa Cruz,087,273765,717,540,5,545,3
2020-07-10,Shasta,089,179085,299,158,1,159,6
2020-07-10,Sierra,091,2930,1,1,0,1,0
2020-07-10,Siskiyou,093,43540,59,31,0,31,0
2020-07-10,Solano,095,438530,2852,1950,9,1959,23
2020-07-10,Sonoma,097,501317,2218,1606,5,1611,13
2020-07-10,Stanislaus,099,539301,6979,4781,9,4790,46
2020-07-10,Sutter,101,95872,445,338,0,338,2
2020-07-10,Tehama,103,63373,145,107,2,109,1
2020-07-10,Trinity,105,12862,21,2,5,7,0
2020-07-10,Tulare,107,460477,7522,5677,24,5701,150
2020-07-10,Tuolumne,109,53932,86,49,3,52,0
2020-07-10,Ventura,111,848112,6100,4416,20,4436,48
2020-07-10,Yolo,113,214977,1191,794,3,797,27
2020-07-10,Yuba,115,75493,211,164,0,164,1
2020-07-09,Alameda,001,1643700,9283,7433,13,7446,146
2020-07-09,Alpine,003,1148,2,1,0,1,0
2020-07-09,Amador,005,37829,44,36,0,36,0
2020-07-09,Butte,007,227075,567,295,8,303,4
2020-07-09,Calaveras,009,45235,83,59,0,59,0
2020-07-09,Colusa,011,21464,189,97,0,97,0
2020-07-09,Contra Costa,013,1133247,5976,4388,11,4399,86
2020-07-09,Del Norte,015,27424,63,57,0,57,0
2020-07-09,El Dorado,017,186661,460,255,4,259,0
2020-07-09,Fresno,019,978130,13904,7385,104,7489,90
2020-07-09,Glenn,021,27897,225,150,0,150,0
2020-07-09,Humboldt,023,135768,196,166,1,167,4
2020-07-09,Imperial,025,180216,9029,6778,4,6782,87
2020-07-09,Inyo,027,18085,37,35,1,36,1
2020-07-09,Kern,029,883053,14776,6100,44,6144,95
2020-07-09,Kings,031,150075,3323,2686,18,2704,33
2020-07-09,Lake,033,64148,146,99,0,99,1
2020-07-09,Lassen,035,31185,433,221,2,223,0
2020-07-09,Los Angeles,037,10098052,147244,125062,147,125209,3698
2020-07-09,Madera,039,155013,1531,850,3,853,4
2020-07-09,Marin,041,260295,4058,2975,4,2979,20
2020-07-09,Mariposa,043,17540,38,32,0,32,1
2020-07-09,Mendocino,045,87422,145,88,0,88,0
2020-07-09,Merced,047,269075,2939,1728,2,1730,11
2020-07-09,Modoc,049,8938,1,0,0,0,0
2020-07-09,Mono,051,14174,63,45,0,45,1
2020-07-09,Monterey,053,433212,3153,2223,8,2231,17
2020-07-09,Napa,055,140530,669,468,0,468,4
2020-07-09,Nevada,057,99092,213,156,5,161,1
2020-07-09,Orange,059,3164182,31479,22960,351,23311,407
2020-07-09,Placer,061,380077,1372,982,3,985,11
2020-07-09,Plumas,063,18699,19,12,0,12,0
2020-07-09,Riverside,065,2383286,31588,24980,31,25011,529
2020-07-09,Sacramento,067,1510023,6967,4950,7,4957,81
2020-07-09,San Benito,069,59416,416,295,0,295,2
2020-07-09,San Bernardino,071,2135413,26549,17339,25,17364,307
2020-07-09,San Diego,073,3302833,23346,18404,2,18406,415
2020-07-09,San Francisco,075,870044,4963,4143,2,4145,50
2020-07-09,San Joaquin,077,732212,8433,6004,5,6009,66
2020-07-09,San Luis Obispo,079,281455,1323,869,8,877,3
2020-07-09,San Mateo,081,765935,4513,3792,8,3800,106
2020-07-09,Santa Barbara,083,443738,4908,4068,42,4110,28
2020-07-09,Santa Clara,085,1922200,7943,5638,19,5657,164
2020-07-09,Santa Cruz,087,273765,690,526,5,531,3
2020-07-09,Shasta,089,179085,293,155,1,156,5
2020-07-09,Sierra,091,2930,1,1,0,1,0
2020-07-09,Siskiyou,093,43540,55,31,0,31,0
2020-07-09,Solano,095,438530,2754,1892,9,1901,23
2020-07-09,Sonoma,097,501317,2132,1584,5,1589,13
2020-07-09,Stanislaus,099,539301,6664,4633,8,4641,46
2020-07-09,Sutter,101,95872,428,321,0,321,2
2020-07-09,Tehama,103,63373,140,102,2,104,1
2020-07-09,Trinity,105,12862,21,2,5,7,0
2020-07-09,Tulare,107,460477,7303,5501,23,5524,146
2020-07-09,Tuolumne,109,53932,85,47,3,50,0
2020-07-09,Ventura,111,848112,5932,4278,20,4298,47
2020-07-09,Yolo,113,214977,1143,764,3,767,27
2020-07-09,Yuba,115,75493,194,152,0,152,1
2020-07-08,Alameda,001,1643700,8991,7335,13,7348,142
2020-07-08,Alpine,003,1148,2,1,0,1,0
2020-07-08,Amador,005,37829,41,35,0,35,0
2020-07-08,Butte,007,227075,530,281,8,289,3
2020-07-08,Calaveras,009,45235,78,58,0,58,0
2020-07-08,Colusa,011,21464,176,90,0,90,0
2020-07-08,Contra Costa,013,1133247,5730,4268,9,4277,84
2020-07-08,Del Norte,015,27424,61,57,0,57,0
2020-07-08,El Dorado,017,186661,438,248,4,252,0
2020-07-08,Fresno,019,978130,13488,7102,96,7198,86
2020-07-08,Glenn,021,27897,214,146,0,146,0
2020-07-08,Humboldt,023,135768,193,162,1,163,4
2020-07-08,Imperial,025,180216,8942,6727,4,6731,76
2020-07-08,Inyo,027,18085,37,35,1,36,1
2020-07-08,Kern,029,883053,14198,5873,42,5915,91
2020-07-08,Kings,031,150075,3263,2629,15,2644,33
2020-07-08,Lake,033,64148,139,97,0,97,1
2020-07-08,Lassen,035,31185,337,221,2,223,0
2020-07-08,Los Angeles,037,10098052,144041,123462,120,123582,3650
2020-07-08,Madera,039,155013,1461,828,3,831,4
2020-07-08,Marin,041,260295,3959,2756,4,2760,17
2020-07-08,Mariposa,043,17540,38,31,0,31,1
2020-07-08,Mendocino,045,87422,132,84,0,84,0
2020-07-08,Merced,047,269075,2819,1578,2,1580,11
2020-07-08,Modoc,049,8938,1,0,0,0,0
2020-07-08,Mono,051,14174,60,45,0,45,1
2020-07-08,Monterey,053,433212,3035,2182,7,2189,17
2020-07-08,Napa,055,140530,647,468,0,468,4
2020-07-08,Nevada,057,99092,204,156,5,161,1
2020-07-08,Orange,059,3164182,30528,22088,346,22434,378
2020-07-08,Placer,061,380077,1325,948,3,951,11
2020-07-08,Plumas,063,18699,19,12,0,12,0
2020-07-08,Riverside,065,2383286,30624,24042,30,24072,508
2020-07-08,Sacramento,067,1510023,6678,4799,7,4806,80
2020-07-08,San Benito,069,59416,400,282,0,282,2
2020-07-08,San Bernardino,071,2135413,25695,16510,21,16531,296
2020-07-08,San Diego,073,3302833,22776,17844,2,17846,406
2020-07-08,San Francisco,075,870044,4874,4093,2,4095,50
2020-07-08,San Joaquin,077,732212,8090,5759,5,5764,61
2020-07-08,San Luis Obispo,079,281455,1271,825,8,833,2
2020-07-08,San Mateo,081,765935,4392,3733,8,3741,106
2020-07-08,Santa Barbara,083,443738,4789,3985,42,4027,28
2020-07-08,Santa Clara,085,1922200,7710,5510,19,5529,164
2020-07-08,Santa Cruz,087,273765,657,509,4,513,3
2020-07-08,Shasta,089,179085,284,148,1,149,6
2020-07-08,Sierra,091,2930,1,1,0,1,0
2020-07-08,Siskiyou,093,43540,55,31,0,31,0
2020-07-08,Solano,095,438530,2638,1821,9,1830,23
2020-07-08,Sonoma,097,501317,2056,1495,5,1500,9
2020-07-08,Stanislaus,099,539301,6364,4344,8,4352,46
2020-07-08,Sutter,101,95872,403,298,0,298,2
2020-07-08,Tehama,103,63373,134,100,2,102,1
2020-07-08,Trinity,105,12862,20,2,5,7,0
2020-07-08,Tulare,107,460477,7111,5307,18,5325,138
2020-07-08,Tuolumne,109,53932,81,42,3,45,0
2020-07-08,Ventura,111,848112,5767,4139,20,4159,47
2020-07-08,Yolo,113,214977,1099,727,3,730,26
2020-07-08,Yuba,115,75493,181,145,0,145,1
2020-07-07,Alameda,001,1643700,8670,7097,12,7109,141
2020-07-07,Alpine,003,1148,2,1,0,1,0
2020-07-07,Amador,005,37829,41,33,0,33,0
2020-07-07,Butte,007,227075,487,269,8,277,3
2020-07-07,Calaveras,009,45235,76,58,0,58,0
2020-07-07,Colusa,011,21464,143,84,0,84,0
2020-07-07,Contra Costa,013,1133247,5494,4131,8,4139,84
2020-07-07,Del Norte,015,27424,61,57,0,57,0
2020-07-07,El Dorado,017,186661,418,244,4,248,0
2020-07-07,Fresno,019,978130,13035,6738,96,6834,84
2020-07-07,Glenn,021,27897,205,145,0,145,0
2020-07-07,Humboldt,023,135768,190,150,1,151,4
2020-07-07,Imperial,025,180216,8843,6678,4,6682,51
2020-07-07,Inyo,027,18085,36,32,1,33,1
2020-07-07,Kern,029,883053,13499,5645,38,5683,88
2020-07-07,Kings,031,150075,3200,2623,14,2637,33
2020-07-07,Lake,033,64148,129,94,0,94,1
2020-07-07,Lassen,035,31185,266,219,2,221,0
2020-07-07,Los Angeles,037,10098052,140469,121026,113,121139,3588
2020-07-07,Madera,039,155013,1417,794,3,797,4
2020-07-07,Marin,041,260295,3870,2627,4,2631,17
2020-07-07,Mariposa,043,17540,38,31,0,31,1
2020-07-07,Mendocino,045,87422,124,82,0,82,0
2020-07-07,Merced,047,269075,2645,1531,2,1533,10
2020-07-07,Modoc,049,8938,1,0,0,0,0
2020-07-07,Mono,051,14174,59,42,0,42,1
2020-07-07,Monterey,053,433212,2892,2166,7,2173,17
2020-07-07,Napa,055,140530,628,459,0,459,4
2020-07-07,Nevada,057,99092,198,150,5,155,1
2020-07-07,Orange,059,3164182,29517,21741,332,22073,373
2020-07-07,Placer,061,380077,1284,930,3,933,11
2020-07-07,Plumas,063,18699,17,12,0,12,0
2020-07-07,Riverside,065,2383286,29608,23279,30,23309,499
2020-07-07,Sacramento,067,1510023,6336,4592,7,4599,76
2020-07-07,San Benito,069,59416,382,274,0,274,2
2020-07-07,San Bernardino,071,2135413,24826,16004,19,16023,277
2020-07-07,San Diego,073,3302833,22057,17580,2,17582,399
2020-07-07,San Francisco,075,870044,4782,4045,1,4046,50
2020-07-07,San Joaquin,077,732212,7748,5547,5,5552,59
2020-07-07,San Luis Obispo,079,281455,1210,795,8,803,2
2020-07-07,San Mateo,081,765935,4277,3691,8,3699,106
2020-07-07,Santa Barbara,083,443738,4661,3866,41,3907,27
2020-07-07,Santa Clara,085,1922200,7441,5438,19,5457,164
2020-07-07,Santa Cruz,087,273765,623,502,3,505,2
2020-07-07,Shasta,089,179085,271,144,1,145,6
2020-07-07,Sierra,091,2930,1,1,0,1,0
2020-07-07,Siskiyou,093,43540,54,30,0,30,0
2020-07-07,Solano,095,438530,2527,1776,8,1784,22
2020-07-07,Sonoma,097,501317,1985,1473,5,1478,8
2020-07-07,Stanislaus,099,539301,6025,4101,8,4109,46
2020-07-07,Sutter,101,95872,377,273,0,273,2
2020-07-07,Tehama,103,63373,125,95,2,97,1
2020-07-07,Trinity,105,12862,20,2,5,7,0
2020-07-07,Tulare,107,460477,6931,5189,17,5206,137
2020-07-07,Tuolumne,109,53932,75,40,3,43,0
2020-07-07,Ventura,111,848112,5598,3992,18,4010,46
2020-07-07,Yolo,113,214977,1031,706,3,709,26
2020-07-07,Yuba,115,75493,161,138,0,138,1
2020-07-06,Alameda,001,1643700,8432,6970,12,6982,141
2020-07-06,Alpine,003,1148,1,1,0,1,0
2020-07-06,Amador,005,37829,39,33,0,33,0
2020-07-06,Butte,007,227075,431,257,8,265,2
2020-07-06,Calaveras,009,45235,73,45,0,45,0
2020-07-06,Colusa,011,21464,134,80,0,80,0
2020-07-06,Contra Costa,013,1133247,5264,3901,7,3908,83
2020-07-06,Del Norte,015,27424,60,57,0,57,0
2020-07-06,El Dorado,017,186661,403,232,3,235,0
2020-07-06,Fresno,019,978130,12567,6364,90,6454,82
2020-07-06,Glenn,021,27897,197,129,0,129,0
2020-07-06,Humboldt,023,135768,188,148,1,149,3
2020-07-06,Imperial,025,180216,8724,6443,4,6447,47
2020-07-06,Inyo,027,18085,36,32,1,33,1
2020-07-06,Kern,029,883053,12693,5491,38,5529,82
2020-07-06,Kings,031,150075,3149,2583,10,2593,33
2020-07-06,Lake,033,64148,122,93,0,93,1
2020-07-06,Lassen,035,31185,264,219,2,221,0
2020-07-06,Los Angeles,037,10098052,136865,116707,99,116806,3541
2020-07-06,Madera,039,155013,1347,734,3,737,4
2020-07-06,Marin,041,260295,3630,2136,4,2140,17
2020-07-06,Mariposa,043,17540,36,31,0,31,1
2020-07-06,Mendocino,045,87422,107,72,0,72,0
2020-07-06,Merced,047,269075,2494,1396,2,1398,10
2020-07-06,Modoc,049,8938,1,0,0,0,0
2020-07-06,Mono,051,14174,58,40,0,40,1
2020-07-06,Monterey,053,433212,2803,2078,7,2085,15
2020-07-06,Napa,055,140530,610,454,0,454,4
2020-07-06,Nevada,057,99092,192,146,5,151,1
2020-07-06,Orange,059,3164182,28456,20167,295,20462,372
2020-07-06,Placer,061,380077,1222,904,3,907,11
2020-07-06,Plumas,063,18699,17,11,0,11,0
2020-07-06,Riverside,065,2383286,28553,22485,29,22514,477
2020-07-06,Sacramento,067,1510023,5985,4420,7,4427,71
2020-07-06,San Benito,069,59416,367,264,0,264,2
2020-07-06,San Bernardino,071,2135413,23973,15346,16,15362,272
2020-07-06,San Diego,073,3302833,21325,17002,2,17004,387
2020-07-06,San Francisco,075,870044,4661,3861,1,3862,50
2020-07-06,San Joaquin,077,732212,7378,5104,5,5109,57
2020-07-06,San Luis Obispo,079,281455,1152,751,8,759,2
2020-07-06,San Mateo,081,765935,4185,3650,7,3657,106
2020-07-06,Santa Barbara,083,443738,4524,3763,40,3803,27
2020-07-06,Santa Clara,085,1922200,7170,5369,19,5388,165
2020-07-06,Santa Cruz,087,273765,601,466,2,468,2
2020-07-06,Shasta,089,179085,261,143,1,144,6
2020-07-06,Sierra,091,2930,1,1,0,1,0
2020-07-06,Siskiyou,093,43540,50,30,0,30,0
2020-07-06,Solano,095,438530,2394,1668,8,1676,22
2020-07-06,Sonoma,097,501317,1921,1369,5,1374,8
2020-07-06,Stanislaus,099,539301,5623,3983,8,3991,46
2020-07-06,Sutter,101,95872,350,250,0,250,2
2020-07-06,Tehama,103,63373,122,95,2,97,1
2020-07-06,Trinity,105,12862,19,2,5,7,0
2020-07-06,Tulare,107,460477,6726,5039,15,5054,136
2020-07-06,Tuolumne,109,53932,72,30,3,33,0
2020-07-06,Ventura,111,848112,5405,3912,18,3930,44
2020-07-06,Yolo,113,214977,975,685,3,688,26
2020-07-06,Yuba,115,75493,147,124,0,124,1
2020-07-05,Alameda,001,1643700,8180,6861,12,6873,141
2020-07-05,Alpine,003,1148,1,1,0,1,0
2020-07-05,Amador,005,37829,37,31,0,31,0
2020-07-05,Butte,007,227075,396,248,8,256,2
2020-07-05,Calaveras,009,45235,69,45,0,45,0
2020-07-05,Colusa,011,21464,124,79,0,79,0
2020-07-05,Contra Costa,013,1133247,5024,3665,6,3671,80
2020-07-05,Del Norte,015,27424,60,57,0,57,0
2020-07-05,El Dorado,017,186661,385,227,3,230,0
2020-07-05,Fresno,019,978130,12001,6186,89,6275,82
2020-07-05,Glenn,021,27897,194,129,0,129,0
2020-07-05,Humboldt,023,135768,184,147,1,148,3
2020-07-05,Imperial,025,180216,8590,6441,4,6445,47
2020-07-05,Inyo,027,18085,35,32,1,33,1
2020-07-05,Kern,029,883053,11985,5351,38,5389,82
2020-07-05,Kings,031,150075,3066,2546,9,2555,31
2020-07-05,Lake,033,64148,122,92,0,92,1
2020-07-05,Lassen,035,31185,258,219,2,221,0
2020-07-05,Los Angeles,037,10098052,133639,115133,93,115226,3495
2020-07-05,Madera,039,155013,1269,564,3,567,4
2020-07-05,Marin,041,260295,3447,2080,4,2084,17
2020-07-05,Mariposa,043,17540,36,31,0,31,1
2020-07-05,Mendocino,045,87422,104,72,0,72,0
2020-07-05,Merced,047,269075,2349,1340,2,1342,10
2020-07-05,Modoc,049,8938,1,0,0,0,0
2020-07-05,Mono,051,14174,54,39,0,39,1
2020-07-05,Monterey,053,433212,2700,1994,7,2001,15
2020-07-05,Napa,055,140530,580,450,0,450,4
2020-07-05,Nevada,057,99092,186,141,5,146,1
2020-07-05,Orange,059,3164182,27515,19430,282,19712,372
2020-07-05,Placer,061,380077,1165,855,3,858,11
2020-07-05,Plumas,063,18699,16,11,0,11,0
2020-07-05,Riverside,065,2383286,27697,21511,29,21540,474
2020-07-05,Sacramento,067,1510023,5670,4265,6,4271,71
2020-07-05,San Benito,069,59416,348,258,0,258,2
2020-07-05,San Bernardino,071,2135413,23095,15026,16,15042,270
2020-07-05,San Diego,073,3302833,20634,16728,2,16730,387
2020-07-05,San Francisco,075,870044,4544,3861,1,3862,50
2020-07-05,San Joaquin,077,732212,7059,5015,5,5020,57
2020-07-05,San Luis Obispo,079,281455,1073,730,7,737,2
2020-07-05,San Mateo,081,765935,4075,3575,7,3582,106
2020-07-05,Santa Barbara,083,443738,4377,3671,37,3708,27
2020-07-05,Santa Clara,085,1922200,6877,5237,19,5256,162
2020-07-05,Santa Cruz,087,273765,583,467,0,467,2
2020-07-05,Shasta,089,179085,255,138,1,139,6
2020-07-05,Sierra,091,2930,1,1,0,1,0
2020-07-05,Siskiyou,093,43540,46,30,0,30,0
2020-07-05,Solano,095,438530,2274,1547,8,1555,22
2020-07-05,Sonoma,097,501317,1840,1369,5,1374,8
2020-07-05,Stanislaus,099,539301,5292,3777,7,3784,45
2020-07-05,Sutter,101,95872,322,241,0,241,2
2020-07-05,Tehama,103,63373,120,95,2,97,1
2020-07-05,Trinity,105,12862,19,2,5,7,0
2020-07-05,Tulare,107,460477,6467,4981,13,4994,135
2020-07-05,Tuolumne,109,53932,67,30,3,33,0
2020-07-05,Ventura,111,848112,5202,3866,18,3884,44
2020-07-05,Yolo,113,214977,935,644,3,647,26
2020-07-05,Yuba,115,75493,137,115,0,115,1
2020-07-04,Alameda,001,1643700,8068,6737,12,6749,141
2020-07-04,Alpine,003,1148,1,1,0,1,0
2020-07-04,Amador,005,37829,36,31,0,31,0
2020-07-04,Butte,007,227075,378,224,8,232,2
2020-07-04,Calaveras,009,45235,69,45,0,45,0
2020-07-04,Colusa,011,21464,123,76,0,76,0
2020-07-04,Contra Costa,013,1133247,4876,3583,6,3589,80
2020-07-04,Del Norte,015,27424,60,50,0,50,0
2020-07-04,El Dorado,017,186661,366,211,3,214,0
2020-07-04,Fresno,019,978130,11684,5999,87,6086,82
2020-07-04,Glenn,021,27897,187,128,0,128,0
2020-07-04,Humboldt,023,135768,177,144,1,145,3
2020-07-04,Imperial,025,180216,8541,6441,4,6445,47
2020-07-04,Inyo,027,18085,35,32,1,33,1
2020-07-04,Kern,029,883053,11681,5231,38,5269,81
2020-07-04,Kings,031,150075,3023,2509,9,2518,31
2020-07-04,Lake,033,64148,115,86,0,86,1
2020-07-04,Lassen,035,31185,258,219,2,221,0
2020-07-04,Los Angeles,037,10098052,131823,107256,82,107338,3462
2020-07-04,Madera,039,155013,1223,568,3,571,4
2020-07-04,Marin,041,260295,3418,1962,4,1966,17
2020-07-04,Mariposa,043,17540,36,28,0,28,1
2020-07-04,Mendocino,045,87422,104,72,0,72,0
2020-07-04,Merced,047,269075,2247,1252,2,1254,10
2020-07-04,Modoc,049,8938,1,0,0,0,0
2020-07-04,Mono,051,14174,54,37,0,37,1
2020-07-04,Monterey,053,433212,2620,1878,7,1885,15
2020-07-04,Napa,055,140530,571,426,0,426,4
2020-07-04,Nevada,057,99092,183,125,5,130,1
2020-07-04,Orange,059,3164182,27082,19247,269,19516,372
2020-07-04,Placer,061,380077,1130,796,3,799,11
2020-07-04,Plumas,063,18699,16,11,0,11,0
2020-07-04,Riverside,065,2383286,27330,21508,29,21537,474
2020-07-04,Sacramento,067,1510023,5499,4039,6,4045,71
2020-07-04,San Benito,069,59416,335,255,0,255,2
2020-07-04,San Bernardino,071,2135413,22670,14636,14,14650,270
2020-07-04,San Diego,073,3302833,20174,16166,2,16168,387
2020-07-04,San Francisco,075,870044,4452,3861,1,3862,50
2020-07-04,San Joaquin,077,732212,6847,4807,5,4812,57
2020-07-04,San Luis Obispo,079,281455,1033,699,7,706,2
2020-07-04,San Mateo,081,765935,4012,3532,7,3539,106
2020-07-04,Santa Barbara,083,443738,4302,3520,35,3555,27
2020-07-04,Santa Clara,085,1922200,6685,5045,18,5063,161
2020-07-04,Santa Cruz,087,273765,573,466,0,466,2
2020-07-04,Shasta,089,179085,252,135,1,136,6
2020-07-04,Sierra,091,2930,1,1,0,1,0
2020-07-04,Siskiyou,093,43540,39,30,0,30,0
2020-07-04,Solano,095,438530,2238,1548,8,1556,22
2020-07-04,Sonoma,097,501317,1814,1370,5,1375,8
2020-07-04,Stanislaus,099,539301,5134,3572,7,3579,44
2020-07-04,Sutter,101,95872,303,225,0,225,2
2020-07-04,Tehama,103,63373,117,92,2,94,1
2020-07-04,Trinity,105,12862,19,2,5,7,0
2020-07-04,Tulare,107,460477,6355,4802,13,4815,135
2020-07-04,Tuolumne,109,53932,63,30,3,33,0
2020-07-04,Ventura,111,848112,5078,3687,18,3705,44
2020-07-04,Yolo,113,214977,910,615,3,618,26
2020-07-04,Yuba,115,75493,130,102,0,102,1
2020-07-03,Alameda,001,1643700,7947,6486,12,6498,141
2020-07-03,Alpine,003,1148,1,1,0,1,0
2020-07-03,Amador,005,37829,36,25,0,25,0
2020-07-03,Butte,007,227075,366,212,8,220,2
2020-07-03,Calaveras,009,45235,69,44,0,44,0
2020-07-03,Colusa,011,21464,117,70,0,70,0
2020-07-03,Contra Costa,013,1133247,4742,3447,6,3453,78
2020-07-03,Del Norte,015,27424,60,50,0,50,0
2020-07-03,El Dorado,017,186661,354,201,3,204,0
2020-07-03,Fresno,019,978130,11379,5783,85,5868,81
2020-07-03,Glenn,021,27897,182,122,0,122,0
2020-07-03,Humboldt,023,135768,173,143,1,144,3
2020-07-03,Imperial,025,180216,8493,6345,4,6349,47
2020-07-03,Inyo,027,18085,35,32,1,33,1
2020-07-03,Kern,029,883053,11420,5213,38,5251,81
2020-07-03,Kings,031,150075,2987,2492,9,2501,31
2020-07-03,Lake,033,64148,108,83,0,83,0
2020-07-03,Lassen,035,31185,258,219,2,221,0
2020-07-03,Los Angeles,037,10098052,130308,107236,78,107314,3461
2020-07-03,Madera,039,155013,1178,565,3,568,4
2020-07-03,Marin,041,260295,3390,1776,4,1780,17
2020-07-03,Mariposa,043,17540,36,28,0,28,1
2020-07-03,Mendocino,045,87422,103,72,0,72,0
2020-07-03,Merced,047,269075,2181,1188,2,1190,10
2020-07-03,Modoc,049,8938,1,0,0,0,0
2020-07-03,Mono,051,14174,54,37,0,37,1
2020-07-03,Monterey,053,433212,2550,1804,7,1811,15
2020-07-03,Napa,055,140530,553,388,0,388,4
2020-07-03,Nevada,057,99092,182,125,5,130,1
2020-07-03,Orange,059,3164182,26691,18819,261,19080,366
2020-07-03,Placer,061,380077,1103,745,3,748,11
2020-07-03,Plumas,063,18699,16,11,0,11,0
2020-07-03,Riverside,065,2383286,27024,21171,29,21200,472
2020-07-03,Sacramento,067,1510023,5365,3711,6,3717,71
2020-07-03,San Benito,069,59416,328,243,0,243,2
2020-07-03,San Bernardino,071,2135413,22282,14040,14,14054,269
2020-07-03,San Diego,073,3302833,19719,15698,2,15700,387
2020-07-03,San Francisco,075,870044,4406,3781,1,3782,50
2020-07-03,San Joaquin,077,732212,6708,4416,4,4420,56
2020-07-03,San Luis Obispo,079,281455,998,676,7,683,2
2020-07-03,San Mateo,081,765935,3955,3439,7,3446,106
2020-07-03,Santa Barbara,083,443738,4215,3406,34,3440,27
2020-07-03,Santa Clara,085,1922200,6573,4820,18,4838,161
2020-07-03,Santa Cruz,087,273765,559,436,0,436,2
2020-07-03,Shasta,089,179085,244,113,1,114,6
2020-07-03,Sierra,091,2930,1,1,0,1,0
2020-07-03,Siskiyou,093,43540,36,30,0,30,0
2020-07-03,Solano,095,438530,2194,1496,7,1503,22
2020-07-03,Sonoma,097,501317,1766,1282,5,1287,8
2020-07-03,Stanislaus,099,539301,5010,3021,7,3028,43
2020-07-03,Sutter,101,95872,293,205,0,205,2
2020-07-03,Tehama,103,63373,115,89,2,91,1
2020-07-03,Trinity,105,12862,19,2,5,7,0
2020-07-03,Tulare,107,460477,6240,4656,13,4669,134
2020-07-03,Tuolumne,109,53932,61,27,3,30,0
2020-07-03,Ventura,111,848112,4982,3536,18,3554,44
2020-07-03,Yolo,113,214977,876,586,3,589,25
2020-07-03,Yuba,115,75493,125,96,0,96,1
2020-07-02,Alameda,001,1643700,7821,6386,12,6398,139
2020-07-02,Alpine,003,1148,1,1,0,1,0
2020-07-02,Amador,005,37829,35,23,0,23,0
2020-07-02,Butte,007,227075,349,199,8,207,2
2020-07-02,Calaveras,009,45235,65,42,0,42,0
2020-07-02,Colusa,011,21464,109,60,0,60,0
2020-07-02,Contra Costa,013,1133247,4558,3347,6,3353,77
2020-07-02,Del Norte,015,27424,59,50,0,50,0
2020-07-02,El Dorado,017,186661,343,193,3,196,0
2020-07-02,Fresno,019,978130,10919,5402,84,5486,78
2020-07-02,Glenn,021,27897,176,114,0,114,0
2020-07-02,Humboldt,023,135768,169,138,1,139,3
2020-07-02,Imperial,025,180216,8392,6236,4,6240,47
2020-07-02,Inyo,027,18085,35,29,1,30,1
2020-07-02,Kern,029,883053,10885,5036,36,5072,78
2020-07-02,Kings,031,150075,2936,2419,9,2428,31
2020-07-02,Lake,033,64148,104,81,0,81,0
2020-07-02,Lassen,035,31185,256,218,2,220,0
2020-07-02,Los Angeles,037,10098052,128289,107144,55,107199,3458
2020-07-02,Madera,039,155013,1110,548,3,551,4
2020-07-02,Marin,041,260295,3304,1706,4,1710,17
2020-07-02,Mariposa,043,17540,35,28,0,28,1
2020-07-02,Mendocino,045,87422,99,71,0,71,0
2020-07-02,Merced,047,269075,2084,1122,2,1124,10
2020-07-02,Modoc,049,8938,1,0,0,0,0
2020-07-02,Mono,051,14174,54,37,0,37,1
2020-07-02,Monterey,053,433212,2490,1796,7,1803,15
2020-07-02,Napa,055,140530,536,352,0,352,4
2020-07-02,Nevada,057,99092,176,118,4,122,1
2020-07-02,Orange,059,3164182,25927,17056,248,17304,360
2020-07-02,Placer,061,380077,1079,740,3,743,11
2020-07-02,Plumas,063,18699,15,8,0,8,0
2020-07-02,Riverside,065,2383286,26451,20253,29,20282,458
2020-07-02,Sacramento,067,1510023,5138,3587,6,3593,70
2020-07-02,San Benito,069,59416,320,236,0,236,2
2020-07-02,San Bernardino,071,2135413,21747,13185,14,13199,260
2020-07-02,San Diego,073,3302833,19254,15208,2,15210,377
2020-07-02,San Francisco,075,870044,4311,3676,1,3677,50
2020-07-02,San Joaquin,077,732212,6361,4243,4,4247,56
2020-07-02,San Luis Obispo,079,281455,953,659,7,666,2
2020-07-02,San Mateo,081,765935,3875,3390,7,3397,107
2020-07-02,Santa Barbara,083,443738,4115,3385,32,3417,27
2020-07-02,Santa Clara,085,1922200,6447,4722,18,4740,160
2020-07-02,Santa Cruz,087,273765,536,414,0,414,2
2020-07-02,Shasta,089,179085,241,110,1,111,5
2020-07-02,Sierra,091,2930,1,1,0,1,0
2020-07-02,Siskiyou,093,43540,36,30,0,30,0
2020-07-02,Solano,095,438530,2111,1429,7,1436,21
2020-07-02,Sonoma,097,501317,1708,1244,5,1249,6
2020-07-02,Stanislaus,099,539301,4838,2850,7,2857,41
2020-07-02,Sutter,101,95872,282,195,0,195,2
2020-07-02,Tehama,103,63373,113,86,2,88,1
2020-07-02,Trinity,105,12862,19,2,5,7,0
2020-07-02,Tulare,107,460477,6073,4559,12,4571,132
2020-07-02,Tuolumne,109,53932,58,23,2,25,0
2020-07-02,Ventura,111,848112,4826,3394,18,3412,42
2020-07-02,Yolo,113,214977,844,554,3,557,24
2020-07-02,Yuba,115,75493,115,93,0,93,1
2020-07-01,Alameda,001,1643700,7599,6125,12,6137,137
2020-07-01,Alpine,003,1148,1,1,0,1,0
2020-07-01,Amador,005,37829,34,22,0,22,0
2020-07-01,Butte,007,227075,324,185,8,193,2
2020-07-01,Calaveras,009,45235,63,37,0,37,0
2020-07-01,Colusa,011,21464,103,53,0,53,0
2020-07-01,Contra Costa,013,1133247,4346,3259,6,3265,76
2020-07-01,Del Norte,015,27424,59,50,0,50,0
2020-07-01,El Dorado,017,186661,316,183,3,186,0
2020-07-01,Fresno,019,978130,10485,5111,81,5192,76
2020-07-01,Glenn,021,27897,170,110,0,110,0
2020-07-01,Humboldt,023,135768,164,134,0,134,3
2020-07-01,Imperial,025,180216,8295,6150,4,6154,46
2020-07-01,Inyo,027,18085,34,30,1,31,1
2020-07-01,Kern,029,883053,10252,4853,34,4887,78
2020-07-01,Kings,031,150075,2868,2360,9,2369,30
2020-07-01,Lake,033,64148,103,75,0,75,0
2020-07-01,Lassen,035,31185,255,217,2,219,0
2020-07-01,Los Angeles,037,10098052,125085,105325,46,105371,3408
2020-07-01,Madera,039,155013,1069,519,3,522,4
2020-07-01,Marin,041,260295,3147,1636,4,1640,17
2020-07-01,Mariposa,043,17540,35,29,0,29,1
2020-07-01,Mendocino,045,87422,95,70,0,70,0
2020-07-01,Merced,047,269075,1986,1052,2,1054,10
2020-07-01,Modoc,049,8938,1,0,0,0,0
2020-07-01,Mono,051,14174,51,37,0,37,1
2020-07-01,Monterey,053,433212,2382,1703,6,1709,15
2020-07-01,Napa,055,140530,513,347,0,347,4
2020-07-01,Nevada,057,99092,166,115,4,119,1
2020-07-01,Orange,059,3164182,25042,15662,227,15889,343
2020-07-01,Placer,061,380077,1032,713,3,716,11
2020-07-01,Plumas,063,18699,13,8,0,8,0
2020-07-01,Riverside,065,2383286,25609,19537,28,19565,457
2020-07-01,Sacramento,067,1510023,4883,3425,6,3431,64
2020-07-01,San Benito,069,59416,311,219,0,219,2
2020-07-01,San Bernardino,071,2135413,20852,12712,11,12723,253
2020-07-01,San Diego,073,3302833,18686,14624,2,14626,372
2020-07-01,San Francisco,075,870044,4218,3626,1,3627,50
2020-07-01,San Joaquin,077,732212,6003,3990,4,3994,54
2020-07-01,San Luis Obispo,079,281455,926,613,7,620,1
2020-07-01,San Mateo,081,765935,3813,3326,7,3333,84
2020-07-01,Santa Barbara,083,443738,3995,3268,31,3299,27
2020-07-01,Santa Clara,085,1922200,6259,4547,17,4564,159
2020-07-01,Santa Cruz,087,273765,512,398,0,398,2
2020-07-01,Shasta,089,179085,236,104,1,105,5
2020-07-01,Sierra,091,2930,1,1,0,1,0
2020-07-01,Siskiyou,093,43540,36,28,0,28,0
2020-07-01,Solano,095,438530,2022,1350,7,1357,21
2020-07-01,Sonoma,097,501317,1613,1178,5,1183,6
2020-07-01,Stanislaus,099,539301,4559,2619,7,2626,41
2020-07-01,Sutter,101,95872,269,188,0,188,2
2020-07-01,Tehama,103,63373,106,80,2,82,1
2020-07-01,Trinity,105,12862,19,2,4,6,0
2020-07-01,Tulare,107,460477,5895,4359,12,4371,128
2020-07-01,Tuolumne,109,53932,55,17,2,19,0
2020-07-01,Ventura,111,848112,4684,3224,16,3240,41
2020-07-01,Yolo,113,214977,793,526,3,529,24
2020-07-01,Yuba,115,75493,110,57,0,57,1
2020-06-30,Alameda,001,1643700,7350,5959,10,5969,137
2020-06-30,Alpine,003,1148,1,1,0,1,0
2020-06-30,Amador,005,37829,34,21,0,21,0
2020-06-30,Butte,007,227075,307,163,8,171,2
2020-06-30,Calaveras,009,45235,58,31,0,31,0
2020-06-30,Colusa,011,21464,94,33,0,33,0
2020-06-30,Contra Costa,013,1133247,4139,3140,6,3146,75
2020-06-30,Del Norte,015,27424,59,48,0,48,0
2020-06-30,El Dorado,017,186661,303,175,3,178,0
2020-06-30,Fresno,019,978130,10038,4826,76,4902,75
2020-06-30,Glenn,021,27897,165,96,0,96,0
2020-06-30,Humboldt,023,135768,160,132,0,132,3
2020-06-30,Imperial,025,180216,8196,5968,4,5972,45
2020-06-30,Inyo,027,18085,34,30,1,31,1
2020-06-30,Kern,029,883053,9605,4721,31,4752,75
2020-06-30,Kings,031,150075,2819,2315,6,2321,30
2020-06-30,Lake,033,64148,95,56,0,56,0
2020-06-30,Lassen,035,31185,248,215,2,217,0
2020-06-30,Los Angeles,037,10098052,121502,103640,43,103683,3378
2020-06-30,Madera,039,155013,1012,475,3,478,4
2020-06-30,Marin,041,260295,3076,1614,4,1618,17
2020-06-30,Mariposa,043,17540,34,27,0,27,1
2020-06-30,Mendocino,045,87422,90,65,0,65,0
2020-06-30,Merced,047,269075,1849,970,2,972,10
2020-06-30,Modoc,049,8938,1,0,0,0,0
2020-06-30,Mono,051,14174,49,36,0,36,1
2020-06-30,Monterey,053,433212,2285,1657,6,1663,15
2020-06-30,Napa,055,140530,488,342,0,342,4
2020-06-30,Nevada,057,99092,158,113,4,117,1
2020-06-30,Orange,059,3164182,24111,14354,217,14571,335
2020-06-30,Placer,061,380077,1005,667,3,670,11
2020-06-30,Plumas,063,18699,12,8,0,8,0
2020-06-30,Riverside,065,2383286,24892,18656,27,18683,449
2020-06-30,Sacramento,067,1510023,4594,3246,6,3252,64
2020-06-30,San Benito,069,59416,300,200,0,200,2
2020-06-30,San Bernardino,071,2135413,19870,12375,10,12385,249
2020-06-30,San Diego,073,3302833,17981,14150,2,14152,365
2020-06-30,San Francisco,075,870044,4113,3555,1,3556,50
2020-06-30,San Joaquin,077,732212,5628,3744,4,3748,52
2020-06-30,San Luis Obispo,079,281455,888,583,7,590,1
2020-06-30,San Mateo,081,765935,3735,3268,7,3275,84
2020-06-30,Santa Barbara,083,443738,3879,3102,31,3133,25
2020-06-30,Santa Clara,085,1922200,6057,4346,17,4363,157
2020-06-30,Santa Cruz,087,273765,486,379,0,379,2
2020-06-30,Shasta,089,179085,220,100,1,101,5
2020-06-30,Sierra,091,2930,1,1,0,1,0
2020-06-30,Siskiyou,093,43540,35,26,0,26,0
2020-06-30,Solano,095,438530,1930,1256,7,1263,21
2020-06-30,Sonoma,097,501317,1549,1122,5,1127,6
2020-06-30,Stanislaus,099,539301,4261,2578,7,2585,41
2020-06-30,Sutter,101,95872,246,168,0,168,2
2020-06-30,Tehama,103,63373,104,75,2,77,1
2020-06-30,Trinity,105,12862,19,2,4,6,0
2020-06-30,Tulare,107,460477,5686,4207,12,4219,117
2020-06-30,Tuolumne,109,53932,51,16,2,18,0
2020-06-30,Ventura,111,848112,4550,3030,16,3046,40
2020-06-30,Yolo,113,214977,755,515,3,518,24
2020-06-30,Yuba,115,75493,106,55,0,55,1
2020-06-29,Alameda,001,1643700,7141,5766,10,5776,135
2020-06-29,Alpine,003,1148,1,1,0,1,0
2020-06-29,Amador,005,37829,31,20,0,20,0
2020-06-29,Butte,007,227075,286,157,8,165,2
2020-06-29,Calaveras,009,45235,56,30,0,30,0
2020-06-29,Colusa,011,21464,89,17,0,17,0
2020-06-29,Contra Costa,013,1133247,3976,2976,5,2981,75
2020-06-29,Del Norte,015,27424,59,47,0,47,0
2020-06-29,El Dorado,017,186661,289,163,1,164,0
2020-06-29,Fresno,019,978130,9690,4531,74,4605,74
2020-06-29,Glenn,021,27897,156,77,0,77,0
2020-06-29,Humboldt,023,135768,159,128,0,128,3
2020-06-29,Imperial,025,180216,8065,5512,4,5516,45
2020-06-29,Inyo,027,18085,33,29,0,29,1
2020-06-29,Kern,029,883053,8942,4613,29,4642,73
2020-06-29,Kings,031,150075,2754,2280,6,2286,20
2020-06-29,Lake,033,64148,88,53,0,53,0
2020-06-29,Lassen,035,31185,240,77,2,79,0
2020-06-29,Los Angeles,037,10098052,118464,100846,37,100883,3337
2020-06-29,Madera,039,155013,955,422,3,425,4
2020-06-29,Marin,041,260295,3000,1517,4,1521,17
2020-06-29,Mariposa,043,17540,32,25,0,25,1
2020-06-29,Mendocino,045,87422,87,63,0,63,0
2020-06-29,Merced,047,269075,1743,848,2,850,10
2020-06-29,Modoc,049,8938,1,0,0,0,0
2020-06-29,Mono,051,14174,47,35,0,35,1
2020-06-29,Monterey,053,433212,2213,1614,6,1620,14
2020-06-29,Napa,055,140530,466,317,0,317,4
2020-06-29,Nevada,057,99092,155,107,3,110,1
2020-06-29,Orange,059,3164182,23121,13682,202,13884,324
2020-06-29,Placer,061,380077,969,628,3,631,11
2020-06-29,Plumas,063,18699,12,6,0,6,0
2020-06-29,Riverside,065,2383286,23858,17683,27,17710,432
2020-06-29,Sacramento,067,1510023,4307,2985,6,2991,62
2020-06-29,San Benito,069,59416,285,193,0,193,2
2020-06-29,San Bernardino,071,2135413,18908,11643,10,11653,245
2020-06-29,San Diego,073,3302833,17403,13834,2,13836,361
2020-06-29,San Francisco,075,870044,4036,3389,1,3390,50
2020-06-29,San Joaquin,077,732212,5270,3202,4,3206,52
2020-06-29,San Luis Obispo,079,281455,854,544,7,551,1
2020-06-29,San Mateo,081,765935,3681,3170,7,3177,84
2020-06-29,Santa Barbara,083,443738,3770,2933,30,2963,25
2020-06-29,Santa Clara,085,1922200,5886,4231,17,4248,157
2020-06-29,Santa Cruz,087,273765,468,348,0,348,2
2020-06-29,Shasta,089,179085,212,94,1,95,5
2020-06-29,Sierra,091,2930,1,1,0,1,0
2020-06-29,Siskiyou,093,43540,35,25,0,25,0
2020-06-29,Solano,095,438530,1828,1077,7,1084,21
2020-06-29,Sonoma,097,501317,1477,1103,5,1108,5
2020-06-29,Stanislaus,099,539301,4055,2400,6,2406,36
2020-06-29,Sutter,101,95872,224,152,0,152,2
2020-06-29,Tehama,103,63373,100,63,2,65,1
2020-06-29,Trinity,105,12862,18,2,4,6,0
2020-06-29,Tulare,107,460477,5531,3906,11,3917,117
2020-06-29,Tuolumne,109,53932,47,16,2,18,0
2020-06-29,Ventura,111,848112,4403,2794,16,2810,40
2020-06-29,Yolo,113,214977,722,483,3,486,24
2020-06-29,Yuba,115,75493,93,55,0,55,1
2020-06-28,Alameda,001,1643700,6882,5698,10,5708,135
2020-06-28,Alpine,003,1148,1,1,0,1,0
2020-06-28,Amador,005,37829,29,20,0,20,0
2020-06-28,Butte,007,227075,266,150,8,158,2
2020-06-28,Calaveras,009,45235,51,30,0,30,0
2020-06-28,Colusa,011,21464,74,17,0,17,0
2020-06-28,Contra Costa,013,1133247,3785,2803,4,2807,73
2020-06-28,Del Norte,015,27424,58,47,0,47,0
2020-06-28,El Dorado,017,186661,277,162,1,163,0
2020-06-28,Fresno,019,978130,9327,4365,74,4439,74
2020-06-28,Glenn,021,27897,148,77,0,77,0
2020-06-28,Humboldt,023,135768,156,127,0,127,3
2020-06-28,Imperial,025,180216,7876,5513,4,5517,45
2020-06-28,Inyo,027,18085,33,29,0,29,1
2020-06-28,Kern,029,883053,8391,4541,27,4568,72
2020-06-28,Kings,031,150075,2694,2234,6,2240,18
2020-06-28,Lake,033,64148,84,53,0,53,0
2020-06-28,Lassen,035,31185,240,77,2,79,0
2020-06-28,Los Angeles,037,10098052,115262,98003,33,98036,3316
2020-06-28,Madera,039,155013,907,424,3,427,4
2020-06-28,Marin,041,260295,2654,1473,4,1477,17
2020-06-28,Mariposa,043,17540,32,24,0,24,1
2020-06-28,Mendocino,045,87422,85,63,0,63,0
2020-06-28,Merced,047,269075,1630,814,2,816,10
2020-06-28,Modoc,049,8938,1,0,0,0,0
2020-06-28,Mono,051,14174,47,35,0,35,1
2020-06-28,Monterey,053,433212,2131,1560,6,1566,13
2020-06-28,Napa,055,140530,432,307,0,307,4
2020-06-28,Nevada,057,99092,144,102,3,105,1
2020-06-28,Orange,059,3164182,22147,13213,184,13397,324
2020-06-28,Placer,061,380077,930,618,3,621,11
2020-06-28,Plumas,063,18699,11,6,0,6,0
2020-06-28,Riverside,065,2383286,23030,16848,26,16874,432
2020-06-28,Sacramento,067,1510023,4079,2803,6,2809,63
2020-06-28,San Benito,069,59416,274,190,0,190,2
2020-06-28,San Bernardino,071,2135413,18155,11344,9,11353,245
2020-06-28,San Diego,073,3302833,16858,13333,2,13335,361
2020-06-28,San Francisco,075,870044,3958,3388,1,3389,50
2020-06-28,San Joaquin,077,732212,4933,3201,4,3205,52
2020-06-28,San Luis Obispo,079,281455,815,531,6,537,1
2020-06-28,San Mateo,081,765935,3604,3124,6,3130,84
2020-06-28,Santa Barbara,083,443738,3625,2872,30,2902,25
2020-06-28,Santa Clara,085,1922200,5724,4131,17,4148,156
2020-06-28,Santa Cruz,087,273765,445,349,0,349,2
2020-06-28,Shasta,089,179085,199,89,0,89,5
2020-06-28,Sierra,091,2930,1,1,0,1,0
2020-06-28,Siskiyou,093,43540,35,25,0,25,0
2020-06-28,Solano,095,438530,1753,1077,7,1084,21
2020-06-28,Sonoma,097,501317,1423,1084,5,1089,5
2020-06-28,Stanislaus,099,539301,3849,2376,6,2382,36
2020-06-28,Sutter,101,95872,198,145,0,145,2
2020-06-28,Tehama,103,63373,93,63,2,65,1
2020-06-28,Trinity,105,12862,17,2,4,6,0
2020-06-28,Tulare,107,460477,5363,3812,11,3823,117
2020-06-28,Tuolumne,109,53932,42,14,2,16,0
2020-06-28,Ventura,111,848112,4245,2650,16,2666,40
2020-06-28,Yolo,113,214977,687,468,3,471,24
2020-06-28,Yuba,115,75493,89,39,0,39,1
2020-06-27,Alameda,001,1643700,6786,5581,10,5591,135
2020-06-27,Alpine,003,1148,1,1,0,1,0
2020-06-27,Amador,005,37829,27,20,0,20,0
2020-06-27,Butte,007,227075,258,137,8,145,2
2020-06-27,Calaveras,009,45235,49,30,0,30,0
2020-06-27,Colusa,011,21464,68,17,0,17,0
2020-06-27,Contra Costa,013,1133247,3691,2717,3,2720,72
2020-06-27,Del Norte,015,27424,58,47,0,47,0
2020-06-27,El Dorado,017,186661,271,159,1,160,0
2020-06-27,Fresno,019,978130,9081,4238,74,4312,74
2020-06-27,Glenn,021,27897,144,77,0,77,0
2020-06-27,Humboldt,023,135768,154,127,0,127,3
2020-06-27,Imperial,025,180216,7815,5513,4,5517,45
2020-06-27,Inyo,027,18085,33,29,0,29,1
2020-06-27,Kern,029,883053,8127,4411,26,4437,70
2020-06-27,Kings,031,150075,2668,2187,6,2193,18
2020-06-27,Lake,033,64148,81,42,0,42,0
2020-06-27,Lassen,035,31185,240,33,2,35,0
2020-06-27,Los Angeles,037,10098052,113520,95341,30,95371,3291
2020-06-27,Madera,039,155013,864,427,2,429,4
2020-06-27,Marin,041,260295,2609,1423,4,1427,17
2020-06-27,Mariposa,043,17540,31,22,0,22,1
2020-06-27,Mendocino,045,87422,85,63,0,63,0
2020-06-27,Merced,047,269075,1572,807,1,808,10
2020-06-27,Modoc,049,8938,1,0,0,0,0
2020-06-27,Mono,051,14174,46,35,0,35,1
2020-06-27,Monterey,053,433212,2067,1455,6,1461,12
2020-06-27,Napa,055,140530,422,282,0,282,3
2020-06-27,Nevada,057,99092,140,102,2,104,1
2020-06-27,Orange,059,3164182,21636,12951,179,13130,320
2020-06-27,Placer,061,380077,909,584,3,587,10
2020-06-27,Plumas,063,18699,11,6,0,6,0
2020-06-27,Riverside,065,2383286,22641,16209,26,16235,432
2020-06-27,Sacramento,067,1510023,3962,2685,6,2691,63
2020-06-27,San Benito,069,59416,267,182,0,182,2
2020-06-27,San Bernardino,071,2135413,17777,11238,9,11247,243
2020-06-27,San Diego,073,3302833,16493,12836,2,12838,360
2020-06-27,San Francisco,075,870044,3903,3332,1,3333,49
2020-06-27,San Joaquin,077,732212,4767,2995,4,2999,52
2020-06-27,San Luis Obispo,079,281455,792,505,6,511,1
2020-06-27,San Mateo,081,765935,3547,3083,6,3089,83
2020-06-27,Santa Barbara,083,443738,3553,2799,30,2829,25
2020-06-27,Santa Clara,085,1922200,5618,4006,17,4023,157
2020-06-27,Santa Cruz,087,273765,438,347,0,347,2
2020-06-27,Shasta,089,179085,193,87,0,87,5
2020-06-27,Sierra,091,2930,1,1,0,1,0
2020-06-27,Siskiyou,093,43540,35,25,0,25,0
2020-06-27,Solano,095,438530,1720,1076,7,1083,21
2020-06-27,Sonoma,097,501317,1391,1004,5,1009,5
2020-06-27,Stanislaus,099,539301,3749,2164,6,2170,36
2020-06-27,Sutter,101,95872,191,141,0,141,2
2020-06-27,Tehama,103,63373,90,63,2,65,1
2020-06-27,Trinity,105,12862,17,2,4,6,0
2020-06-27,Tulare,107,460477,5267,3810,11,3821,117
2020-06-27,Tuolumne,109,53932,41,13,2,15,0
2020-06-27,Ventura,111,848112,4145,2471,16,2487,40
2020-06-27,Yolo,113,214977,663,432,3,435,24
2020-06-27,Yuba,115,75493,81,39,0,39,1
2020-06-26,Alameda,001,1643700,6700,5502,9,5511,132
2020-06-26,Alpine,003,1148,1,1,0,1,0
2020-06-26,Amador,005,37829,26,20,0,20,0
2020-06-26,Butte,007,227075,243,135,8,143,2
2020-06-26,Calaveras,009,45235,47,30,0,30,0
2020-06-26,Colusa,011,21464,63,17,0,17,0
2020-06-26,Contra Costa,013,1133247,3579,2676,3,2679,72
2020-06-26,Del Norte,015,27424,57,47,0,47,0
2020-06-26,El Dorado,017,186661,263,159,1,160,0
2020-06-26,Fresno,019,978130,8855,4166,74,4240,74
2020-06-26,Glenn,021,27897,137,71,0,71,0
2020-06-26,Humboldt,023,135768,152,126,0,126,3
2020-06-26,Imperial,025,180216,7752,5400,4,5404,44
2020-06-26,Inyo,027,18085,32,29,0,29,1
2020-06-26,Kern,029,883053,7797,4366,26,4392,70
2020-06-26,Kings,031,150075,2636,2176,5,2181,18
2020-06-26,Lake,033,64148,80,42,0,42,0
2020-06-26,Lassen,035,31185,239,30,2,32,0
2020-06-26,Los Angeles,037,10098052,111355,93328,30,93358,3275
2020-06-26,Madera,039,155013,832,409,2,411,4
2020-06-26,Marin,041,260295,2572,1406,4,1410,17
2020-06-26,Mariposa,043,17540,30,21,0,21,1
2020-06-26,Mendocino,045,87422,82,63,0,63,0
2020-06-26,Merced,047,269075,1526,797,1,798,10
2020-06-26,Modoc,049,8938,1,0,0,0,0
2020-06-26,Mono,051,14174,45,35,0,35,1
2020-06-26,Monterey,053,433212,2015,1449,6,1455,12
2020-06-26,Napa,055,140530,412,277,0,277,3
2020-06-26,Nevada,057,99092,136,101,1,102,1
2020-06-26,Orange,059,3164182,20960,12659,176,12835,320
2020-06-26,Placer,061,380077,880,584,3,587,10
2020-06-26,Plumas,063,18699,11,6,0,6,0
2020-06-26,Riverside,065,2383286,22178,15858,26,15884,430
2020-06-26,Sacramento,067,1510023,3797,2687,6,2693,63
2020-06-26,San Benito,069,59416,263,176,0,176,2
2020-06-26,San Bernardino,071,2135413,17401,11111,9,11120,243
2020-06-26,San Diego,073,3302833,16128,12402,2,12404,358
2020-06-26,San Francisco,075,870044,3848,3330,1,3331,49
2020-06-26,San Joaquin,077,732212,4553,2943,4,2947,52
2020-06-26,San Luis Obispo,079,281455,777,498,6,504,1
2020-06-26,San Mateo,081,765935,3495,3055,6,3061,83
2020-06-26,Santa Barbara,083,443738,3463,2784,28,2812,25
2020-06-26,Santa Clara,085,1922200,5517,3968,17,3985,156
2020-06-26,Santa Cruz,087,273765,431,344,0,344,2
2020-06-26,Shasta,089,179085,186,86,0,86,5
2020-06-26,Sierra,091,2930,1,1,0,1,0
2020-06-26,Siskiyou,093,43540,34,24,0,24,0
2020-06-26,Solano,095,438530,1678,1068,7,1075,21
2020-06-26,Sonoma,097,501317,1360,977,5,982,5
2020-06-26,Stanislaus,099,539301,3636,2157,6,2163,36
2020-06-26,Sutter,101,95872,184,138,0,138,2
2020-06-26,Tehama,103,63373,87,63,2,65,1
2020-06-26,Trinity,105,12862,17,2,4,6,0
2020-06-26,Tulare,107,460477,5178,3720,11,3731,117
2020-06-26,Tuolumne,109,53932,39,10,2,12,0
2020-06-26,Ventura,111,848112,4059,2444,16,2460,40
2020-06-26,Yolo,113,214977,640,418,3,421,24
2020-06-26,Yuba,115,75493,75,38,0,38,1
2020-06-25,Alameda,001,1643700,6511,5398,9,5407,130
2020-06-25,Alpine,003,1148,1,1,0,1,0
2020-06-25,Amador,005,37829,25,18,0,18,0
2020-06-25,Butte,007,227075,238,127,8,135,1
2020-06-25,Calaveras,009,45235,42,26,0,26,0
2020-06-25,Colusa,011,21464,53,14,0,14,0
2020-06-25,Contra Costa,013,1133247,3394,2591,3,2594,71
2020-06-25,Del Norte,015,27424,55,47,0,47,0
2020-06-25,El Dorado,017,186661,255,150,1,151,0
2020-06-25,Fresno,019,978130,8542,3938,73,4011,71
2020-06-25,Glenn,021,27897,132,59,0,59,0
2020-06-25,Humboldt,023,135768,151,121,0,121,3
2020-06-25,Imperial,025,180216,7623,5192,4,5196,44
2020-06-25,Inyo,027,18085,29,27,0,27,1
2020-06-25,Kern,029,883053,7373,4236,23,4259,69
2020-06-25,Kings,031,150075,2584,2110,5,2115,17
2020-06-25,Lake,033,64148,79,42,0,42,0
2020-06-25,Lassen,035,31185,233,13,2,15,0
2020-06-25,Los Angeles,037,10098052,108589,91524,30,91554,3239
2020-06-25,Madera,039,155013,788,380,2,382,4
2020-06-25,Marin,041,260295,2470,1321,4,1325,17
2020-06-25,Mariposa,043,17540,29,20,0,20,1
2020-06-25,Mendocino,045,87422,79,61,0,61,0
2020-06-25,Merced,047,269075,1439,747,1,748,10
2020-06-25,Modoc,049,8938,1,0,0,0,0
2020-06-25,Mono,051,14174,44,35,0,35,1
2020-06-25,Monterey,053,433212,1927,1426,5,1431,12
2020-06-25,Napa,055,140530,394,260,0,260,3
2020-06-25,Nevada,057,99092,128,92,1,93,1
2020-06-25,Orange,059,3164182,20039,12221,174,12395,311
2020-06-25,Placer,061,380077,826,574,3,577,10
2020-06-25,Plumas,063,18699,10,6,0,6,0
2020-06-25,Riverside,065,2383286,21423,15224,26,15250,427
2020-06-25,Sacramento,067,1510023,3574,2519,6,2525,62
2020-06-25,San Benito,069,59416,255,174,0,174,2
2020-06-25,San Bernardino,071,2135413,16649,10590,9,10599,242
2020-06-25,San Diego,073,3302833,15589,11963,2,11965,352
2020-06-25,San Francisco,075,870044,3782,3252,1,3253,48
2020-06-25,San Joaquin,077,732212,4281,2803,4,2807,50
2020-06-25,San Luis Obispo,079,281455,745,473,6,479,1
2020-06-25,San Mateo,081,765935,3427,2996,6,3002,82
2020-06-25,Santa Barbara,083,443738,3358,2622,27,2649,25
2020-06-25,Santa Clara,085,1922200,5368,3871,17,3888,156
2020-06-25,Santa Cruz,087,273765,419,335,0,335,2
2020-06-25,Shasta,089,179085,176,84,0,84,5
2020-06-25,Sierra,091,2930,1,1,0,1,0
2020-06-25,Siskiyou,093,43540,33,24,0,24,0
2020-06-25,Solano,095,438530,1625,1034,7,1041,21
2020-06-25,Sonoma,097,501317,1311,953,4,957,5
2020-06-25,Stanislaus,099,539301,3424,2130,6,2136,36
2020-06-25,Sutter,101,95872,172,126,0,126,2
2020-06-25,Tehama,103,63373,83,59,2,61,1
2020-06-25,Trinity,105,12862,17,2,4,6,0
2020-06-25,Tulare,107,460477,5047,3656,11,3667,117
2020-06-25,Tuolumne,109,53932,38,10,1,11,0
2020-06-25,Ventura,111,848112,3877,2346,15,2361,40
2020-06-25,Yolo,113,214977,611,397,3,400,24
2020-06-25,Yuba,115,75493,64,38,0,38,1
2020-06-24,Alameda,001,1643700,6349,5242,9,5251,123
2020-06-24,Alpine,003,1148,1,1,0,1,0
2020-06-24,Amador,005,37829,23,16,0,16,0
2020-06-24,Butte,007,227075,222,119,7,126,1
2020-06-24,Calaveras,009,45235,40,26,0,26,0
2020-06-24,Colusa,011,21464,44,11,0,11,0
2020-06-24,Contra Costa,013,1133247,3239,2520,3,2523,66
2020-06-24,Del Norte,015,27424,49,47,0,47,0
2020-06-24,El Dorado,017,186661,239,149,1,150,0
2020-06-24,Fresno,019,978130,8211,3765,73,3838,71
2020-06-24,Glenn,021,27897,124,54,0,54,0
2020-06-24,Humboldt,023,135768,151,117,0,117,3
2020-06-24,Imperial,025,180216,7505,5138,4,5142,38
2020-06-24,Inyo,027,18085,29,28,0,28,1
2020-06-24,Kern,029,883053,6980,4155,21,4176,67
2020-06-24,Kings,031,150075,2520,2063,5,2068,16
2020-06-24,Lake,033,64148,66,40,0,40,0
2020-06-24,Lassen,035,31185,232,9,2,11,0
2020-06-24,Los Angeles,037,10098052,105825,89566,30,89596,3186
2020-06-24,Madera,039,155013,766,373,2,375,4
2020-06-24,Marin,041,260295,2242,1261,4,1265,17
2020-06-24,Mariposa,043,17540,28,19,0,19,1
2020-06-24,Mendocino,045,87422,79,60,0,60,0
2020-06-24,Merced,047,269075,1353,696,1,697,8
2020-06-24,Modoc,049,8938,1,0,0,0,0
2020-06-24,Mono,051,14174,42,35,0,35,1
2020-06-24,Monterey,053,433212,1850,1407,5,1412,12
2020-06-24,Napa,055,140530,377,258,0,258,3
2020-06-24,Nevada,057,99092,122,92,1,93,1
2020-06-24,Orange,059,3164182,19042,11804,156,11960,303
2020-06-24,Placer,061,380077,787,548,3,551,10
2020-06-24,Plumas,063,18699,10,6,0,6,0
2020-06-24,Riverside,065,2383286,20576,14946,26,14972,410
2020-06-24,Sacramento,067,1510023,3370,2446,5,2451,62
2020-06-24,San Benito,069,59416,251,171,0,171,2
2020-06-24,San Bernardino,071,2135413,15835,10211,9,10220,239
2020-06-24,San Diego,073,3302833,15086,11628,2,11630,347
2020-06-24,San Francisco,075,870044,3719,3216,1,3217,48
2020-06-24,San Joaquin,077,732212,4060,2680,4,2684,49
2020-06-24,San Luis Obispo,079,281455,714,461,5,466,1
2020-06-24,San Mateo,081,765935,3370,2964,6,2970,82
2020-06-24,Santa Barbara,083,443738,3239,2569,25,2594,22
2020-06-24,Santa Clara,085,1922200,5237,3812,17,3829,155
2020-06-24,Santa Cruz,087,273765,407,329,0,329,2
2020-06-24,Shasta,089,179085,168,83,0,83,5
2020-06-24,Sierra,091,2930,1,1,0,1,0
2020-06-24,Siskiyou,093,43540,32,24,0,24,0
2020-06-24,Solano,095,438530,1535,979,6,985,21
2020-06-24,Sonoma,097,501317,1262,933,4,937,4
2020-06-24,Stanislaus,099,539301,3245,2039,6,2045,36
2020-06-24,Sutter,101,95872,159,118,0,118,2
2020-06-24,Tehama,103,63373,81,55,2,57,1
2020-06-24,Trinity,105,12862,16,2,3,5,0
2020-06-24,Tulare,107,460477,4892,3541,10,3551,116
2020-06-24,Tuolumne,109,53932,33,9,1,10,0
2020-06-24,Ventura,111,848112,3536,2314,15,2329,42
2020-06-24,Yolo,113,214977,576,376,3,379,24
2020-06-24,Yuba,115,75493,58,37,0,37,1
2020-06-23,Alameda,001,1643700,6168,5159,9,5168,121
2020-06-23,Alpine,003,1148,1,1,0,1,0
2020-06-23,Amador,005,37829,22,13,0,13,0
2020-06-23,Butte,007,227075,204,111,7,118,1
2020-06-23,Calaveras,009,45235,40,26,0,26,0
2020-06-23,Colusa,011,21464,40,7,0,7,0
2020-06-23,Contra Costa,013,1133247,3113,2453,3,2456,60
2020-06-23,Del Norte,015,27424,48,46,0,46,0
2020-06-23,El Dorado,017,186661,230,142,1,143,0
2020-06-23,Fresno,019,978130,7559,3569,71,3640,67
2020-06-23,Glenn,021,27897,120,47,0,47,0
2020-06-23,Humboldt,023,135768,151,110,0,110,3
2020-06-23,Imperial,025,180216,7342,5025,4,5029,38
2020-06-23,Inyo,027,18085,29,26,0,26,1
2020-06-23,Kern,029,883053,6613,4087,18,4105,64
2020-06-23,Kings,031,150075,2455,1727,5,1732,16
2020-06-23,Lake,033,64148,60,40,0,40,0
2020-06-23,Lassen,035,31185,228,9,2,11,0
2020-06-23,Los Angeles,037,10098052,102880,88433,29,88462,3152
2020-06-23,Madera,039,155013,727,369,2,371,4
2020-06-23,Marin,041,260295,1974,1139,4,1143,17
2020-06-23,Mariposa,043,17540,26,18,0,18,1
2020-06-23,Mendocino,045,87422,78,61,0,61,0
2020-06-23,Merced,047,269075,1255,656,1,657,8
2020-06-23,Modoc,049,8938,1,0,0,0,0
2020-06-23,Mono,051,14174,42,35,0,35,1
2020-06-23,Monterey,053,433212,1780,1346,5,1351,12
2020-06-23,Napa,055,140530,362,230,0,230,3
2020-06-23,Nevada,057,99092,116,81,1,82,1
2020-06-23,Orange,059,3164182,18073,11071,153,11224,278
2020-06-23,Placer,061,380077,761,525,3,528,10
2020-06-23,Plumas,063,18699,9,6,0,6,0
2020-06-23,Riverside,065,2383286,19557,14469,26,14495,406
2020-06-23,Sacramento,067,1510023,3191,2374,5,2379,62
2020-06-23,San Benito,069,59416,237,167,0,167,2
2020-06-23,San Bernardino,071,2135413,15054,9771,9,9780,229
2020-06-23,San Diego,073,3302833,14566,11296,2,11298,341
2020-06-23,San Francisco,075,870044,3645,3177,1,3178,48
2020-06-23,San Joaquin,077,732212,3801,2502,4,2506,48
2020-06-23,San Luis Obispo,079,281455,683,445,5,450,1
2020-06-23,San Mateo,081,765935,3305,2907,6,2913,81
2020-06-23,Santa Barbara,083,443738,3144,2498,25,2523,22
2020-06-23,Santa Clara,085,1922200,5091,3700,17,3717,155
2020-06-23,Santa Cruz,087,273765,397,313,0,313,2
2020-06-23,Shasta,089,179085,159,81,0,81,5
2020-06-23,Sierra,091,2930,1,1,0,1,0
2020-06-23,Siskiyou,093,43540,30,24,0,24,0
2020-06-23,Solano,095,438530,1478,941,5,946,21
2020-06-23,Sonoma,097,501317,1209,912,4,916,4
2020-06-23,Stanislaus,099,539301,3069,1850,6,1856,35
2020-06-23,Sutter,101,95872,149,112,0,112,2
2020-06-23,Tehama,103,63373,79,50,2,52,1
2020-06-23,Trinity,105,12862,16,2,3,5,0
2020-06-23,Tulare,107,460477,4770,3456,10,3466,111
2020-06-23,Tuolumne,109,53932,28,9,0,9,0
2020-06-23,Ventura,111,848112,3376,2209,14,2223,40
2020-06-23,Yolo,113,214977,550,350,0,350,24
2020-06-23,Yuba,115,75493,55,35,0,35,1
2020-06-22,Alameda,001,1643700,6017,4944,9,4953,121
2020-06-22,Alpine,003,1148,1,1,0,1,0
2020-06-22,Amador,005,37829,19,12,0,12,0
2020-06-22,Butte,007,227075,185,104,7,111,1
2020-06-22,Calaveras,009,45235,38,20,0,20,0
2020-06-22,Colusa,011,21464,37,7,0,7,0
2020-06-22,Contra Costa,013,1133247,2971,2363,3,2366,60
2020-06-22,Del Norte,015,27424,48,46,0,46,0
2020-06-22,El Dorado,017,186661,221,137,1,138,0
2020-06-22,Fresno,019,978130,7027,3425,71,3496,67
2020-06-22,Glenn,021,27897,111,40,0,40,0
2020-06-22,Humboldt,023,135768,148,110,0,110,3
2020-06-22,Imperial,025,180216,7185,4700,4,4704,38
2020-06-22,Inyo,027,18085,29,26,0,26,1
2020-06-22,Kern,029,883053,6261,3982,16,3998,60
2020-06-22,Kings,031,150075,2406,1513,5,1518,13
2020-06-22,Lake,033,64148,54,37,0,37,0
2020-06-22,Lassen,035,31185,118,7,2,9,0
2020-06-22,Los Angeles,037,10098052,99982,85925,27,85952,3117
2020-06-22,Madera,039,155013,702,333,2,335,4
2020-06-22,Marin,041,260295,1717,1029,4,1033,17
2020-06-22,Mariposa,043,17540,25,18,0,18,1
2020-06-22,Mendocino,045,87422,73,48,0,48,0
2020-06-22,Merced,047,269075,1166,619,1,620,8
2020-06-22,Modoc,049,8938,1,0,0,0,0
2020-06-22,Mono,051,14174,42,34,0,34,1
2020-06-22,Monterey,053,433212,1719,1293,5,1298,12
2020-06-22,Napa,055,140530,338,222,0,222,3
2020-06-22,Nevada,057,99092,111,79,1,80,1
2020-06-22,Orange,059,3164182,17141,10711,150,10861,275
2020-06-22,Placer,061,380077,735,512,3,515,9
2020-06-22,Plumas,063,18699,7,6,0,6,0
2020-06-22,Riverside,065,2383286,18585,13948,26,13974,403
2020-06-22,Sacramento,067,1510023,2974,2243,5,2248,62
2020-06-22,San Benito,069,59416,228,164,0,164,2
2020-06-22,San Bernardino,071,2135413,14281,9133,9,9142,229
2020-06-22,San Diego,073,3302833,14074,11098,2,11100,338
2020-06-22,San Francisco,075,870044,3552,3000,1,3001,47
2020-06-22,San Joaquin,077,732212,3553,2332,4,2336,48
2020-06-22,San Luis Obispo,079,281455,650,422,5,427,1
2020-06-22,San Mateo,081,765935,3232,2813,5,2818,81
2020-06-22,Santa Barbara,083,443738,3052,2447,25,2472,21
2020-06-22,Santa Clara,085,1922200,4928,3580,17,3597,155
2020-06-22,Santa Cruz,087,273765,384,290,0,290,3
2020-06-22,Shasta,089,179085,156,77,0,77,5
2020-06-22,Sierra,091,2930,1,1,0,1,0
2020-06-22,Siskiyou,093,43540,30,23,0,23,0
2020-06-22,Solano,095,438530,1400,784,4,788,21
2020-06-22,Sonoma,097,501317,1165,860,2,862,4
2020-06-22,Stanislaus,099,539301,2884,1784,6,1790,35
2020-06-22,Sutter,101,95872,140,100,0,100,2
2020-06-22,Tehama,103,63373,75,38,2,40,1
2020-06-22,Trinity,105,12862,16,2,3,5,0
2020-06-22,Tulare,107,460477,4633,3185,10,3195,111
2020-06-22,Tuolumne,109,53932,19,8,0,8,0
2020-06-22,Ventura,111,848112,3227,2065,14,2079,39
2020-06-22,Yolo,113,214977,524,333,0,333,24
2020-06-22,Yuba,115,75493,50,36,0,36,1
2020-06-21,Alameda,001,1643700,5822,4835,9,4844,121
2020-06-21,Alpine,003,1148,1,1,0,1,0
2020-06-21,Amador,005,37829,14,12,0,12,0
2020-06-21,Butte,007,227075,171,97,7,104,1
2020-06-21,Calaveras,009,45235,38,20,0,20,0
2020-06-21,Colusa,011,21464,29,7,0,7,0
2020-06-21,Contra Costa,013,1133247,2845,2282,3,2285,60
2020-06-21,Del Norte,015,27424,47,46,0,46,0
2020-06-21,El Dorado,017,186661,212,132,1,133,0
2020-06-21,Fresno,019,978130,6457,3296,69,3365,67
2020-06-21,Glenn,021,27897,102,40,0,40,0
2020-06-21,Humboldt,023,135768,143,108,0,108,3
2020-06-21,Imperial,025,180216,7002,4701,4,4705,38
2020-06-21,Inyo,027,18085,27,26,0,26,1
2020-06-21,Kern,029,883053,5969,3918,14,3932,60
2020-06-21,Kings,031,150075,2342,1334,5,1339,11
2020-06-21,Lake,033,64148,49,36,0,36,0
2020-06-21,Lassen,035,31185,25,7,2,9,0
2020-06-21,Los Angeles,037,10098052,97092,83383,26,83409,3101
2020-06-21,Madera,039,155013,668,319,2,321,4
2020-06-21,Marin,041,260295,1560,907,4,911,17
2020-06-21,Mariposa,043,17540,22,18,0,18,1
2020-06-21,Mendocino,045,87422,70,48,0,48,0
2020-06-21,Merced,047,269075,1071,577,1,578,8
2020-06-21,Modoc,049,8938,1,0,0,0,0
2020-06-21,Mono,051,14174,42,34,0,34,1
2020-06-21,Monterey,053,433212,1646,1227,5,1232,12
2020-06-21,Napa,055,140530,323,218,0,218,3
2020-06-21,Nevada,057,99092,108,79,1,80,1
2020-06-21,Orange,059,3164182,16308,10563,146,10709,275
2020-06-21,Placer,061,380077,695,498,3,501,9
2020-06-21,Plumas,063,18699,7,6,0,6,0
2020-06-21,Riverside,065,2383286,17879,13528,25,13553,402
2020-06-21,Sacramento,067,1510023,2773,2156,4,2160,62
2020-06-21,San Benito,069,59416,214,151,0,151,2
2020-06-21,San Bernardino,071,2135413,13507,8925,8,8933,229
2020-06-21,San Diego,073,3302833,13528,10796,2,10798,338
2020-06-21,San Francisco,075,870044,3446,3000,1,3001,47
2020-06-21,San Joaquin,077,732212,3317,2188,4,2192,48
2020-06-21,San Luis Obispo,079,281455,624,418,5,423,1
2020-06-21,San Mateo,081,765935,3174,2781,5,2786,81
2020-06-21,Santa Barbara,083,443738,2945,2430,24,2454,21
2020-06-21,Santa Clara,085,1922200,4791,3514,17,3531,154
2020-06-21,Santa Cruz,087,273765,374,290,0,290,3
2020-06-21,Shasta,089,179085,146,75,0,75,5
2020-06-21,Sierra,091,2930,1,1,0,1,0
2020-06-21,Siskiyou,093,43540,30,23,0,23,0
2020-06-21,Solano,095,438530,1300,783,4,787,21
2020-06-21,Sonoma,097,501317,1115,836,2,838,4
2020-06-21,Stanislaus,099,539301,2698,1688,6,1694,35
2020-06-21,Sutter,101,95872,132,96,0,96,2
2020-06-21,Tehama,103,63373,64,35,2,37,1
2020-06-21,Trinity,105,12862,15,2,3,5,0
2020-06-21,Tulare,107,460477,4464,3173,10,3183,111
2020-06-21,Tuolumne,109,53932,17,8,0,8,0
2020-06-21,Ventura,111,848112,3049,2021,14,2035,39
2020-06-21,Yolo,113,214977,492,323,0,323,24
2020-06-21,Yuba,115,75493,46,35,0,35,1
2020-06-20,Alameda,001,1643700,5760,4758,9,4767,119
2020-06-20,Alpine,003,1148,1,1,0,1,0
2020-06-20,Amador,005,37829,14,12,0,12,0
2020-06-20,Butte,007,227075,164,94,7,101,1
2020-06-20,Calaveras,009,45235,38,20,0,20,0
2020-06-20,Colusa,011,21464,26,7,0,7,0
2020-06-20,Contra Costa,013,1133247,2786,2231,3,2234,54
2020-06-20,Del Norte,015,27424,47,46,0,46,0
2020-06-20,El Dorado,017,186661,207,130,1,131,0
2020-06-20,Fresno,019,978130,6331,3222,66,3288,67
2020-06-20,Glenn,021,27897,97,40,0,40,0
2020-06-20,Humboldt,023,135768,143,108,0,108,3
2020-06-20,Imperial,025,180216,6921,4616,4,4620,37
2020-06-20,Inyo,027,18085,27,26,0,26,1
2020-06-20,Kern,029,883053,5804,3836,14,3850,59
2020-06-20,Kings,031,150075,2318,1331,5,1336,9
2020-06-20,Lake,033,64148,49,37,0,37,0
2020-06-20,Lassen,035,31185,24,7,2,9,0
2020-06-20,Los Angeles,037,10098052,95521,81604,25,81629,3093
2020-06-20,Madera,039,155013,635,321,2,323,4
2020-06-20,Marin,041,260295,1540,879,4,883,17
2020-06-20,Mariposa,043,17540,22,18,0,18,1
2020-06-20,Mendocino,045,87422,69,48,0,48,0
2020-06-20,Merced,047,269075,1031,566,1,567,8
2020-06-20,Modoc,049,8938,1,0,0,0,0
2020-06-20,Mono,051,14174,42,34,0,34,1
2020-06-20,Monterey,053,433212,1610,1181,5,1186,12
2020-06-20,Napa,055,140530,314,212,0,212,3
2020-06-20,Nevada,057,99092,105,73,1,74,1
2020-06-20,Orange,059,3164182,15958,10284,142,10426,273
2020-06-20,Placer,061,380077,670,483,3,486,9
2020-06-20,Plumas,063,18699,6,6,0,6,0
2020-06-20,Riverside,065,2383286,17579,13021,25,13046,402
2020-06-20,Sacramento,067,1510023,2702,2069,4,2073,63
2020-06-20,San Benito,069,59416,210,139,0,139,2
2020-06-20,San Bernardino,071,2135413,13144,8718,8,8726,229
2020-06-20,San Diego,073,3302833,13205,10486,2,10488,338
2020-06-20,San Francisco,075,870044,3402,2999,1,3000,47
2020-06-20,San Joaquin,077,732212,3235,2046,4,2050,48
2020-06-20,San Luis Obispo,079,281455,610,405,5,410,1
2020-06-20,San Mateo,081,765935,3126,2755,5,2760,81
2020-06-20,Santa Barbara,083,443738,2888,2358,23,2381,21
2020-06-20,Santa Clara,085,1922200,4717,3435,17,3452,154
2020-06-20,Santa Cruz,087,273765,372,287,0,287,3
2020-06-20,Shasta,089,179085,140,66,0,66,5
2020-06-20,Sierra,091,2930,1,1,0,1,0
2020-06-20,Siskiyou,093,43540,29,22,0,22,0
2020-06-20,Solano,095,438530,1276,784,4,788,21
2020-06-20,Sonoma,097,501317,1079,806,2,808,4
2020-06-20,Stanislaus,099,539301,2590,1598,6,1604,35
2020-06-20,Sutter,101,95872,130,89,0,89,2
2020-06-20,Tehama,103,63373,62,35,2,37,1
2020-06-20,Trinity,105,12862,15,2,3,5,0
2020-06-20,Tulare,107,460477,4391,3172,10,3182,111
2020-06-20,Tuolumne,109,53932,14,8,0,8,0
2020-06-20,Ventura,111,848112,2983,1946,14,1960,37
2020-06-20,Yolo,113,214977,476,309,0,309,24
2020-06-20,Yuba,115,75493,44,34,0,34,1
2020-06-19,Alameda,001,1643700,5688,4646,9,4655,119
2020-06-19,Alpine,003,1148,1,1,0,1,0
2020-06-19,Amador,005,37829,14,12,0,12,0
2020-06-19,Butte,007,227075,159,91,7,98,1
2020-06-19,Calaveras,009,45235,37,20,0,20,0
2020-06-19,Colusa,011,21464,24,7,0,7,0
2020-06-19,Contra Costa,013,1133247,2706,2106,3,2109,54
2020-06-19,Del Norte,015,27424,47,46,0,46,0
2020-06-19,El Dorado,017,186661,198,124,1,125,0
2020-06-19,Fresno,019,978130,6169,3109,64,3173,61
2020-06-19,Glenn,021,27897,91,40,0,40,0
2020-06-19,Humboldt,023,135768,141,106,0,106,3
2020-06-19,Imperial,025,180216,6829,4504,4,4508,36
2020-06-19,Inyo,027,18085,27,26,0,26,1
2020-06-19,Kern,029,883053,5581,3742,13,3755,57
2020-06-19,Kings,031,150075,2297,1285,5,1290,9
2020-06-19,Lake,033,64148,46,36,0,36,0
2020-06-19,Lassen,035,31185,23,7,2,9,0
2020-06-19,Los Angeles,037,10098052,93534,79572,24,79596,3047
2020-06-19,Madera,039,155013,616,300,2,302,4
2020-06-19,Marin,041,260295,1511,829,4,833,17
2020-06-19,Mariposa,043,17540,21,18,0,18,1
2020-06-19,Mendocino,045,87422,68,48,0,48,0
2020-06-19,Merced,047,269075,986,529,1,530,8
2020-06-19,Modoc,049,8938,1,0,0,0,0
2020-06-19,Mono,051,14174,42,34,0,34,1
2020-06-19,Monterey,053,433212,1581,1159,5,1164,12
2020-06-19,Napa,055,140530,304,209,0,209,3
2020-06-19,Nevada,057,99092,102,71,1,72,1
2020-06-19,Orange,059,3164182,15425,9972,135,10107,260
2020-06-19,Placer,061,380077,652,464,3,467,9
2020-06-19,Plumas,063,18699,6,5,0,5,0
2020-06-19,Riverside,065,2383286,17174,12710,25,12735,398
2020-06-19,Sacramento,067,1510023,2619,1976,4,1980,64
2020-06-19,San Benito,069,59416,209,136,0,136,2
2020-06-19,San Bernardino,071,2135413,12739,8454,7,8461,226
2020-06-19,San Diego,073,3302833,12842,10352,2,10354,332
2020-06-19,San Francisco,075,870044,3347,2968,1,2969,47
2020-06-19,San Joaquin,077,732212,3112,1969,4,1973,48
2020-06-19,San Luis Obispo,079,281455,594,392,5,397,1
2020-06-19,San Mateo,081,765935,3087,2713,5,2718,81
2020-06-19,Santa Barbara,083,443738,2815,2284,21,2305,21
2020-06-19,Santa Clara,085,1922200,4643,3376,17,3393,154
2020-06-19,Santa Cruz,087,273765,362,283,0,283,3
2020-06-19,Shasta,089,179085,137,58,0,58,5
2020-06-19,Sierra,091,2930,1,1,0,1,0
2020-06-19,Siskiyou,093,43540,29,21,0,21,0
2020-06-19,Solano,095,438530,1238,755,4,759,21
2020-06-19,Sonoma,097,501317,1052,803,2,805,4
2020-06-19,Stanislaus,099,539301,2480,1549,6,1555,35
2020-06-19,Sutter,101,95872,129,89,0,89,2
2020-06-19,Tehama,103,63373,61,35,2,37,1
2020-06-19,Trinity,105,12862,15,2,3,5,0
2020-06-19,Tulare,107,460477,4321,3053,10,3063,107
2020-06-19,Tuolumne,109,53932,13,8,0,8,0
2020-06-19,Ventura,111,848112,2899,1865,14,1879,37
2020-06-19,Yolo,113,214977,457,303,0,303,24
2020-06-19,Yuba,115,75493,43,33,0,33,1
2020-06-18,Alameda,001,1643700,5558,4589,9,4598,118
2020-06-18,Alpine,003,1148,1,1,0,1,0
2020-06-18,Amador,005,37829,13,12,0,12,0
2020-06-18,Butte,007,227075,154,88,7,95,1
2020-06-18,Calaveras,009,45235,37,20,0,20,0
2020-06-18,Colusa,011,21464,20,7,0,7,0
2020-06-18,Contra Costa,013,1133247,2599,2072,3,2075,53
2020-06-18,Del Norte,015,27424,47,46,0,46,0
2020-06-18,El Dorado,017,186661,194,121,1,122,0
2020-06-18,Fresno,019,978130,5902,2947,63,3010,57
2020-06-18,Glenn,021,27897,82,35,0,35,0
2020-06-18,Humboldt,023,135768,140,106,0,106,3
2020-06-18,Imperial,025,180216,6679,4366,4,4370,36
2020-06-18,Inyo,027,18085,26,25,0,25,1
2020-06-18,Kern,029,883053,5363,3634,13,3647,57
2020-06-18,Kings,031,150075,2238,1141,5,1146,8
2020-06-18,Lake,033,64148,45,36,0,36,0
2020-06-18,Lassen,035,31185,22,5,2,7,0
2020-06-18,Los Angeles,037,10098052,91265,78244,24,78268,3009
2020-06-18,Madera,039,155013,581,288,2,290,4
2020-06-18,Marin,041,260295,1448,819,4,823,17
2020-06-18,Mariposa,043,17540,19,18,0,18,1
2020-06-18,Mendocino,045,87422,64,45,0,45,0
2020-06-18,Merced,047,269075,934,486,1,487,7
2020-06-18,Modoc,049,8938,1,0,0,0,0
2020-06-18,Mono,051,14174,42,34,0,34,1
2020-06-18,Monterey,053,433212,1513,1127,5,1132,12
2020-06-18,Napa,055,140530,289,205,0,205,3
2020-06-18,Nevada,057,99092,98,68,1,69,1
2020-06-18,Orange,059,3164182,14770,9597,116,9713,255
2020-06-18,Placer,061,380077,629,457,3,460,9
2020-06-18,Plumas,063,18699,6,5,0,5,0
2020-06-18,Riverside,065,2383286,16558,12410,25,12435,392
2020-06-18,Sacramento,067,1510023,2503,1938,4,1942,63
2020-06-18,San Benito,069,59416,203,134,0,134,2
2020-06-18,San Bernardino,071,2135413,12098,8141,7,8148,226
2020-06-18,San Diego,073,3302833,12420,10094,2,10096,331
2020-06-18,San Francisco,075,870044,3298,2951,1,2952,47
2020-06-18,San Joaquin,077,732212,2960,1908,4,1912,47
2020-06-18,San Luis Obispo,079,281455,574,378,5,383,1
2020-06-18,San Mateo,081,765935,3048,2674,5,2679,78
2020-06-18,Santa Barbara,083,443738,2741,2201,21,2222,19
2020-06-18,Santa Clara,085,1922200,4540,3338,17,3355,152
2020-06-18,Santa Cruz,087,273765,345,275,0,275,3
2020-06-18,Shasta,089,179085,126,51,0,51,4
2020-06-18,Sierra,091,2930,1,1,0,1,0
2020-06-18,Siskiyou,093,43540,29,18,0,18,0
2020-06-18,Solano,095,438530,1200,735,4,739,21
2020-06-18,Sonoma,097,501317,1010,789,2,791,4
2020-06-18,Stanislaus,099,539301,2346,1495,6,1501,35
2020-06-18,Sutter,101,95872,125,85,0,85,2
2020-06-18,Tehama,103,63373,56,31,2,33,1
2020-06-18,Trinity,105,12862,15,2,3,5,0
2020-06-18,Tulare,107,460477,4198,3005,10,3015,107
2020-06-18,Tuolumne,109,53932,12,8,0,8,0
2020-06-18,Ventura,111,848112,2773,1781,14,1795,37
2020-06-18,Yolo,113,214977,424,294,0,294,24
2020-06-18,Yuba,115,75493,42,32,0,32,1
2020-06-17,Alameda,001,1643700,5435,4485,9,4494,117
2020-06-17,Alpine,003,1148,1,1,0,1,0
2020-06-17,Amador,005,37829,12,10,0,10,0
2020-06-17,Butte,007,227075,145,81,7,88,1
2020-06-17,Calaveras,009,45235,37,20,0,20,0
2020-06-17,Colusa,011,21464,19,7,0,7,0
2020-06-17,Contra Costa,013,1133247,2502,2020,3,2023,45
2020-06-17,Del Norte,015,27424,47,45,0,45,0
2020-06-17,El Dorado,017,186661,187,116,1,117,0
2020-06-17,Fresno,019,978130,5676,2801,61,2862,56
2020-06-17,Glenn,021,27897,75,31,0,31,0
2020-06-17,Humboldt,023,135768,138,105,0,105,3
2020-06-17,Imperial,025,180216,6506,4108,4,4112,36
2020-06-17,Inyo,027,18085,25,25,0,25,1
2020-06-17,Kern,029,883053,5162,3547,13,3560,56
2020-06-17,Kings,031,150075,2208,1097,5,1102,7
2020-06-17,Lake,033,64148,44,32,0,32,0
2020-06-17,Lassen,035,31185,18,5,2,7,0
2020-06-17,Los Angeles,037,10098052,88955,77166,23,77189,2973
2020-06-17,Madera,039,155013,559,258,2,260,4
2020-06-17,Marin,041,260295,1256,771,3,774,17
2020-06-17,Mariposa,043,17540,18,18,0,18,1
2020-06-17,Mendocino,045,87422,62,42,0,42,0
2020-06-17,Merced,047,269075,862,460,1,461,7
2020-06-17,Modoc,049,8938,1,0,0,0,0
2020-06-17,Mono,051,14174,42,34,0,34,1
2020-06-17,Monterey,053,433212,1461,1077,5,1082,12
2020-06-17,Napa,055,140530,274,202,0,202,3
2020-06-17,Nevada,057,99092,94,57,1,58,1
2020-06-17,Orange,059,3164182,14164,9278,110,9388,230
2020-06-17,Placer,061,380077,609,427,3,430,9
2020-06-17,Plumas,063,18699,6,5,0,5,0
2020-06-17,Riverside,065,2383286,15922,11859,25,11884,370
2020-06-17,Sacramento,067,1510023,2396,1889,4,1893,63
2020-06-17,San Benito,069,59416,198,116,0,116,2
2020-06-17,San Bernardino,071,2135413,11549,7670,7,7677,225
2020-06-17,San Diego,073,3302833,12041,9856,2,9858,327
2020-06-17,San Francisco,075,870044,3259,2906,1,2907,46
2020-06-17,San Joaquin,077,732212,2787,1825,4,1829,46
2020-06-17,San Luis Obispo,079,281455,555,362,5,367,1
2020-06-17,San Mateo,081,765935,3001,2649,5,2654,78
2020-06-17,Santa Barbara,083,443738,2668,2147,19,2166,19
2020-06-17,Santa Clara,085,1922200,4447,3264,16,3280,148
2020-06-17,Santa Cruz,087,273765,339,265,0,265,2
2020-06-17,Shasta,089,179085,124,51,0,51,4
2020-06-17,Sierra,091,2930,1,1,0,1,0
2020-06-17,Siskiyou,093,43540,28,16,0,16,0
2020-06-17,Solano,095,438530,1150,722,4,726,21
2020-06-17,Sonoma,097,501317,985,748,2,750,4
2020-06-17,Stanislaus,099,539301,2223,1387,6,1393,35
2020-06-17,Sutter,101,95872,119,79,0,79,2
2020-06-17,Tehama,103,63373,41,24,2,26,1
2020-06-17,Trinity,105,12862,14,2,3,5,0
2020-06-17,Tulare,107,460477,4088,2882,10,2892,106
2020-06-17,Tuolumne,109,53932,12,7,0,7,0
2020-06-17,Ventura,111,848112,2673,1729,14,1743,37
2020-06-17,Yolo,113,214977,404,277,0,277,24
2020-06-17,Yuba,115,75493,41,30,0,30,1
2020-06-16,Alameda,001,1643700,5317,4428,9,4437,113
2020-06-16,Alpine,003,1148,1,1,0,1,0
2020-06-16,Amador,005,37829,12,10,0,10,0
2020-06-16,Butte,007,227075,141,79,7,86,1
2020-06-16,Calaveras,009,45235,34,19,0,19,0
2020-06-16,Colusa,011,21464,16,7,0,7,0
2020-06-16,Contra Costa,013,1133247,2411,1971,2,1973,45
2020-06-16,Del Norte,015,27424,47,45,0,45,0
2020-06-16,El Dorado,017,186661,181,115,1,116,0
2020-06-16,Fresno,019,978130,5438,2731,59,2790,50
2020-06-16,Glenn,021,27897,71,30,0,30,0
2020-06-16,Humboldt,023,135768,135,105,0,105,3
2020-06-16,Imperial,025,180216,6347,3939,4,3943,36
2020-06-16,Inyo,027,18085,25,24,0,24,1
2020-06-16,Kern,029,883053,4939,3496,13,3509,55
2020-06-16,Kings,031,150075,2162,1044,5,1049,6
2020-06-16,Lake,033,64148,44,31,0,31,0
2020-06-16,Lassen,035,31185,15,5,2,7,0
2020-06-16,Los Angeles,037,10098052,86631,75051,23,75074,2942
2020-06-16,Madera,039,155013,533,239,2,241,3
2020-06-16,Marin,041,260295,1203,725,3,728,17
2020-06-16,Mariposa,043,17540,18,17,0,17,1
2020-06-16,Mendocino,045,87422,61,35,0,35,0
2020-06-16,Merced,047,269075,814,436,1,437,7
2020-06-16,Modoc,049,8938,1,0,0,0,0
2020-06-16,Mono,051,14174,42,34,0,34,1
2020-06-16,Monterey,053,433212,1413,1019,5,1024,12
2020-06-16,Napa,055,140530,259,196,0,196,3
2020-06-16,Nevada,057,99092,91,53,1,54,1
2020-06-16,Orange,059,3164182,13580,9163,104,9267,223
2020-06-16,Placer,061,380077,577,392,3,395,9
2020-06-16,Plumas,063,18699,6,5,0,5,0
2020-06-16,Riverside,065,2383286,15247,11638,25,11663,364
2020-06-16,Sacramento,067,1510023,2286,1825,4,1829,60
2020-06-16,San Benito,069,59416,190,110,0,110,2
2020-06-16,San Bernardino,071,2135413,11005,7463,7,7470,225
2020-06-16,San Diego,073,3302833,11679,9732,1,9733,323
2020-06-16,San Francisco,075,870044,3208,2893,1,2894,46
2020-06-16,San Joaquin,077,732212,2634,1718,4,1722,47
2020-06-16,San Luis Obispo,079,281455,531,343,5,348,1
2020-06-16,San Mateo,081,765935,2947,2618,5,2623,77
2020-06-16,Santa Barbara,083,443738,2601,2090,19,2109,16
2020-06-16,Santa Clara,085,1922200,4336,3228,15,3243,148
2020-06-16,Santa Cruz,087,273765,323,257,0,257,2
2020-06-16,Shasta,089,179085,115,51,0,51,4
2020-06-16,Sierra,091,2930,1,1,0,1,0
2020-06-16,Siskiyou,093,43540,27,15,0,15,0
2020-06-16,Solano,095,438530,1060,694,4,698,19
2020-06-16,Sonoma,097,501317,953,739,2,741,4
2020-06-16,Stanislaus,099,539301,2070,1278,6,1284,36
2020-06-16,Sutter,101,95872,112,73,0,73,2
2020-06-16,Tehama,103,63373,37,24,2,26,1
2020-06-16,Trinity,105,12862,14,2,3,5,0
2020-06-16,Tulare,107,460477,3969,2802,10,2812,96
2020-06-16,Tuolumne,109,53932,12,7,0,7,0
2020-06-16,Ventura,111,848112,2573,1676,14,1690,37
2020-06-16,Yolo,113,214977,381,262,0,262,24
2020-06-16,Yuba,115,75493,39,29,0,29,1
2020-06-15,Alameda,001,1643700,5191,4323,9,4332,112
2020-06-15,Alpine,003,1148,1,1,0,1,0
2020-06-15,Amador,005,37829,12,10,0,10,0
2020-06-15,Butte,007,227075,133,78,7,85,1
2020-06-15,Calaveras,009,45235,34,18,0,18,0
2020-06-15,Colusa,011,21464,14,7,0,7,0
2020-06-15,Contra Costa,013,1133247,2334,1918,2,1920,43
2020-06-15,Del Norte,015,27424,47,45,0,45,0
2020-06-15,El Dorado,017,186661,171,114,1,115,0
2020-06-15,Fresno,019,978130,5226,2616,58,2674,48
2020-06-15,Glenn,021,27897,66,21,0,21,0
2020-06-15,Humboldt,023,135768,133,105,0,105,3
2020-06-15,Imperial,025,180216,6172,3726,4,3730,36
2020-06-15,Inyo,027,18085,25,23,0,23,1
2020-06-15,Kern,029,883053,4716,3417,13,3430,55
2020-06-15,Kings,031,150075,2085,1022,5,1027,6
2020-06-15,Lake,033,64148,44,31,0,31,0
2020-06-15,Lassen,035,31185,15,5,2,7,0
2020-06-15,Los Angeles,037,10098052,84444,73705,23,73728,2908
2020-06-15,Madera,039,155013,511,203,2,205,3
2020-06-15,Marin,041,260295,1036,708,3,711,17
2020-06-15,Mariposa,043,17540,18,17,0,17,1
2020-06-15,Mendocino,045,87422,52,33,0,33,0
2020-06-15,Merced,047,269075,768,414,1,415,7
2020-06-15,Modoc,049,8938,1,0,0,0,0
2020-06-15,Mono,051,14174,42,34,0,34,1
2020-06-15,Monterey,053,433212,1347,998,5,1003,12
2020-06-15,Napa,055,140530,251,187,0,187,3
2020-06-15,Nevada,057,99092,85,52,1,53,1
2020-06-15,Orange,059,3164182,13012,8944,96,9040,212
2020-06-15,Placer,061,380077,555,386,3,389,9
2020-06-15,Plumas,063,18699,6,4,0,4,0
2020-06-15,Riverside,065,2383286,14629,11376,24,11400,364
2020-06-15,Sacramento,067,1510023,2170,1791,4,1795,60
2020-06-15,San Benito,069,59416,184,108,0,108,2
2020-06-15,San Bernardino,071,2135413,10502,7189,7,7196,224
2020-06-15,San Diego,073,3302833,11339,9612,1,9613,320
2020-06-15,San Francisco,075,870044,3164,2833,1,2834,45
2020-06-15,San Joaquin,077,732212,2498,1667,4,1671,43
2020-06-15,San Luis Obispo,079,281455,516,332,5,337,1
2020-06-15,San Mateo,081,765935,2900,2591,5,2596,75
2020-06-15,Santa Barbara,083,443738,2533,2054,19,2073,16
2020-06-15,Santa Clara,085,1922200,4236,3204,15,3219,148
2020-06-15,Santa Cruz,087,273765,312,254,0,254,2
2020-06-15,Shasta,089,179085,109,50,0,50,4
2020-06-15,Sierra,091,2930,1,1,0,1,0
2020-06-15,Siskiyou,093,43540,26,14,0,14,0
2020-06-15,Solano,095,438530,1000,638,4,642,19
2020-06-15,Sonoma,097,501317,924,726,2,728,4
2020-06-15,Stanislaus,099,539301,1953,1253,6,1259,35
2020-06-15,Sutter,101,95872,102,71,0,71,2
2020-06-15,Tehama,103,63373,37,17,2,19,1
2020-06-15,Trinity,105,12862,13,2,3,5,0
2020-06-15,Tulare,107,460477,3855,2662,10,2672,96
2020-06-15,Tuolumne,109,53932,11,7,0,7,0
2020-06-15,Ventura,111,848112,2492,1656,14,1670,37
2020-06-15,Yolo,113,214977,361,255,0,255,24
2020-06-15,Yuba,115,75493,39,28,0,28,1
2020-06-14,Alameda,001,1643700,5045,4271,9,4280,112
2020-06-14,Alpine,003,1148,1,1,0,1,0
2020-06-14,Amador,005,37829,12,10,0,10,0
2020-06-14,Butte,007,227075,125,78,7,85,1
2020-06-14,Calaveras,009,45235,33,18,0,18,0
2020-06-14,Colusa,011,21464,13,7,0,7,0
2020-06-14,Contra Costa,013,1133247,2266,1893,2,1895,43
2020-06-14,Del Norte,015,27424,47,45,0,45,0
2020-06-14,El Dorado,017,186661,167,110,1,111,0
2020-06-14,Fresno,019,978130,5041,2585,57,2642,48
2020-06-14,Glenn,021,27897,51,21,0,21,0
2020-06-14,Humboldt,023,135768,129,105,0,105,3
2020-06-14,Imperial,025,180216,5941,3730,4,3734,36
2020-06-14,Inyo,027,18085,24,23,0,23,1
2020-06-14,Kern,029,883053,4505,3328,13,3341,55
2020-06-14,Kings,031,150075,2034,1022,4,1026,6
2020-06-14,Lake,033,64148,41,31,0,31,0
2020-06-14,Lassen,035,31185,15,5,2,7,0
2020-06-14,Los Angeles,037,10098052,82115,72932,22,72954,2887
2020-06-14,Madera,039,155013,492,203,2,205,3
2020-06-14,Marin,041,260295,871,689,2,691,17
2020-06-14,Mariposa,043,17540,18,16,0,16,1
2020-06-14,Mendocino,045,87422,49,33,0,33,0
2020-06-14,Merced,047,269075,717,403,1,404,7
2020-06-14,Modoc,049,8938,1,0,0,0,0
2020-06-14,Mono,051,14174,42,34,0,34,1
2020-06-14,Monterey,053,433212,1286,949,5,954,12
2020-06-14,Napa,055,140530,229,181,0,181,3
2020-06-14,Nevada,057,99092,81,52,1,53,1
2020-06-14,Orange,059,3164182,12585,8744,92,8836,211
2020-06-14,Placer,061,380077,529,369,3,372,9
2020-06-14,Plumas,063,18699,5,4,0,4,0
2020-06-14,Riverside,065,2383286,14186,11218,24,11242,364
2020-06-14,Sacramento,067,1510023,2083,1750,4,1754,60
2020-06-14,San Benito,069,59416,173,104,0,104,2
2020-06-14,San Bernardino,071,2135413,9962,7015,7,7022,224
2020-06-14,San Diego,073,3302833,10964,9442,1,9443,319
2020-06-14,San Francisco,075,870044,3124,2834,1,2835,45
2020-06-14,San Joaquin,077,732212,2347,1603,4,1607,43
2020-06-14,San Luis Obispo,079,281455,501,330,5,335,1
2020-06-14,San Mateo,081,765935,2842,2571,5,2576,75
2020-06-14,Santa Barbara,083,443738,2456,2049,19,2068,17
2020-06-14,Santa Clara,085,1922200,4141,3178,15,3193,148
2020-06-14,Santa Cruz,087,273765,298,254,0,254,2
2020-06-14,Shasta,089,179085,103,48,0,48,4
2020-06-14,Sierra,091,2930,1,1,0,1,0
2020-06-14,Siskiyou,093,43540,25,13,0,13,0
2020-06-14,Solano,095,438530,951,638,4,642,19
2020-06-14,Sonoma,097,501317,896,724,2,726,4
2020-06-14,Stanislaus,099,539301,1805,1159,6,1165,35
2020-06-14,Sutter,101,95872,97,63,0,63,2
2020-06-14,Tehama,103,63373,34,17,2,19,1
2020-06-14,Trinity,105,12862,13,2,3,5,0
2020-06-14,Tulare,107,460477,3721,2646,10,2656,96
2020-06-14,Tuolumne,109,53932,11,7,0,7,0
2020-06-14,Ventura,111,848112,2393,1610,13,1623,37
2020-06-14,Yolo,113,214977,345,254,0,254,24
2020-06-14,Yuba,115,75493,38,28,0,28,1
2020-06-13,Alameda,001,1643700,4982,4196,9,4205,112
2020-06-13,Alpine,003,1148,1,1,0,1,0
2020-06-13,Amador,005,37829,11,10,0,10,0
2020-06-13,Butte,007,227075,116,72,7,79,1
2020-06-13,Calaveras,009,45235,31,18,0,18,0
2020-06-13,Colusa,011,21464,12,7,0,7,0
2020-06-13,Contra Costa,013,1133247,2230,1868,2,1870,43
2020-06-13,Del Norte,015,27424,47,45,0,45,0
2020-06-13,El Dorado,017,186661,163,110,1,111,0
2020-06-13,Fresno,019,978130,4943,2499,57,2556,48
2020-06-13,Glenn,021,27897,49,21,0,21,0
2020-06-13,Humboldt,023,135768,128,104,0,104,3
2020-06-13,Imperial,025,180216,5868,3646,4,3650,36
2020-06-13,Inyo,027,18085,24,23,0,23,1
2020-06-13,Kern,029,883053,4396,3239,13,3252,55
2020-06-13,Kings,031,150075,2014,1023,4,1027,6
2020-06-13,Lake,033,64148,40,29,0,29,0
2020-06-13,Lassen,035,31185,15,5,2,7,0
2020-06-13,Los Angeles,037,10098052,81073,71938,22,71960,2874
2020-06-13,Madera,039,155013,488,203,2,205,3
2020-06-13,Marin,041,260295,840,677,2,679,17
2020-06-13,Mariposa,043,17540,18,16,0,16,1
2020-06-13,Mendocino,045,87422,49,33,0,33,0
2020-06-13,Merced,047,269075,699,376,1,377,7
2020-06-13,Modoc,049,8938,1,0,0,0,0
2020-06-13,Mono,051,14174,42,35,0,35,1
2020-06-13,Monterey,053,433212,1248,900,5,905,11
2020-06-13,Napa,055,140530,226,171,0,171,3
2020-06-13,Nevada,057,99092,79,52,1,53,1
2020-06-13,Orange,059,3164182,12341,8581,89,8670,211
2020-06-13,Placer,061,380077,512,346,3,349,9
2020-06-13,Plumas,063,18699,5,4,0,4,0
2020-06-13,Riverside,065,2383286,13907,10931,24,10955,364
2020-06-13,Sacramento,067,1510023,2028,1713,4,1717,60
2020-06-13,San Benito,069,59416,166,99,0,99,2
2020-06-13,San Bernardino,071,2135413,9739,6885,7,6892,224
2020-06-13,San Diego,073,3302833,10792,9316,1,9317,319
2020-06-13,San Francisco,075,870044,3104,2834,1,2835,44
2020-06-13,San Joaquin,077,732212,2266,1461,4,1465,43
2020-06-13,San Luis Obispo,079,281455,490,326,5,331,1
2020-06-13,San Mateo,081,765935,2819,2551,5,2556,75
2020-06-13,Santa Barbara,083,443738,2398,1999,19,2018,15
2020-06-13,Santa Clara,085,1922200,4098,3141,15,3156,148
2020-06-13,Santa Cruz,087,273765,292,254,0,254,2
2020-06-13,Shasta,089,179085,101,48,0,48,4
2020-06-13,Sierra,091,2930,1,1,0,1,0
2020-06-13,Siskiyou,093,43540,25,13,0,13,0
2020-06-13,Solano,095,438530,923,637,4,641,19
2020-06-13,Sonoma,097,501317,881,711,2,713,4
2020-06-13,Stanislaus,099,539301,1748,1122,6,1128,33
2020-06-13,Sutter,101,95872,96,62,0,62,2
2020-06-13,Tehama,103,63373,33,17,2,19,1
2020-06-13,Trinity,105,12862,13,2,3,5,0
2020-06-13,Tulare,107,460477,3689,2626,10,2636,96
2020-06-13,Tuolumne,109,53932,10,7,0,7,0
2020-06-13,Ventura,111,848112,2347,1567,13,1580,37
2020-06-13,Yolo,113,214977,325,251,0,251,24
2020-06-13,Yuba,115,75493,38,28,0,28,1
2020-06-12,Alameda,001,1643700,4909,4167,9,4176,109
2020-06-12,Alpine,003,1148,1,1,0,1,0
2020-06-12,Amador,005,37829,11,10,0,10,0
2020-06-12,Butte,007,227075,112,71,7,78,1
2020-06-12,Calaveras,009,45235,28,18,0,18,0
2020-06-12,Colusa,011,21464,12,7,0,7,0
2020-06-12,Contra Costa,013,1133247,2193,1827,2,1829,43
2020-06-12,Del Norte,015,27424,47,45,0,45,0
2020-06-12,El Dorado,017,186661,163,110,1,111,0
2020-06-12,Fresno,019,978130,4805,2428,57,2485,47
2020-06-12,Glenn,021,27897,46,21,0,21,0
2020-06-12,Humboldt,023,135768,126,105,0,105,3
2020-06-12,Imperial,025,180216,5784,3543,4,3547,36
2020-06-12,Inyo,027,18085,24,23,0,23,1
2020-06-12,Kern,029,883053,4279,3152,13,3165,54
2020-06-12,Kings,031,150075,2001,987,4,991,6
2020-06-12,Lake,033,64148,39,29,0,29,0
2020-06-12,Lassen,035,31185,15,5,2,7,0
2020-06-12,Los Angeles,037,10098052,79668,70385,22,70407,2814
2020-06-12,Madera,039,155013,463,187,2,189,3
2020-06-12,Marin,041,260295,837,649,2,651,17
2020-06-12,Mariposa,043,17540,18,16,0,16,1
2020-06-12,Mendocino,045,87422,49,33,0,33,0
2020-06-12,Merced,047,269075,665,372,1,373,7
2020-06-12,Modoc,049,8938,1,0,0,0,0
2020-06-12,Mono,051,14174,39,35,0,35,1
2020-06-12,Monterey,053,433212,1207,864,4,868,11
2020-06-12,Napa,055,140530,223,162,0,162,3
2020-06-12,Nevada,057,99092,73,52,1,53,1
2020-06-12,Orange,059,3164182,12035,8440,88,8528,203
2020-06-12,Placer,061,380077,495,333,3,336,9
2020-06-12,Plumas,063,18699,5,4,0,4,0
2020-06-12,Riverside,065,2383286,13570,10616,24,10640,364
2020-06-12,Sacramento,067,1510023,1973,1702,4,1706,60
2020-06-12,San Benito,069,59416,159,96,0,96,2
2020-06-12,San Bernardino,071,2135413,9471,6707,7,6714,223
2020-06-12,San Diego,073,3302833,10622,9132,1,9133,313
2020-06-12,San Francisco,075,870044,3070,2823,1,2824,44
2020-06-12,San Joaquin,077,732212,2186,1406,4,1410,43
2020-06-12,San Luis Obispo,079,281455,474,321,5,326,1
2020-06-12,San Mateo,081,765935,2784,2533,5,2538,75
2020-06-12,Santa Barbara,083,443738,2344,1969,19,1988,14
2020-06-12,Santa Clara,085,1922200,4054,3099,15,3114,149
2020-06-12,Santa Cruz,087,273765,284,251,0,251,2
2020-06-12,Shasta,089,179085,94,48,0,48,5
2020-06-12,Sierra,091,2930,1,1,0,1,0
2020-06-12,Siskiyou,093,43540,25,13,0,13,0
2020-06-12,Solano,095,438530,909,620,4,624,19
2020-06-12,Sonoma,097,501317,862,696,2,698,4
2020-06-12,Stanislaus,099,539301,1689,1092,6,1098,33
2020-06-12,Sutter,101,95872,95,56,0,56,2
2020-06-12,Tehama,103,63373,32,13,2,15,1
2020-06-12,Trinity,105,12862,13,2,3,5,0
2020-06-12,Tulare,107,460477,3635,2552,10,2562,95
2020-06-12,Tuolumne,109,53932,10,7,0,7,0
2020-06-12,Ventura,111,848112,2295,1534,13,1547,35
2020-06-12,Yolo,113,214977,313,243,0,243,24
2020-06-12,Yuba,115,75493,36,27,0,27,1
2020-06-11,Alameda,001,1643700,4779,4073,8,4081,108
2020-06-11,Alpine,003,1148,1,1,0,1,0
2020-06-11,Amador,005,37829,10,10,0,10,0
2020-06-11,Butte,007,227075,106,72,7,79,1
2020-06-11,Calaveras,009,45235,27,16,0,16,0
2020-06-11,Colusa,011,21464,12,7,0,7,0
2020-06-11,Contra Costa,013,1133247,2140,1797,2,1799,43
2020-06-11,Del Norte,015,27424,47,45,0,45,0
2020-06-11,El Dorado,017,186661,155,109,1,110,0
2020-06-11,Fresno,019,978130,4652,2338,57,2395,45
2020-06-11,Glenn,021,27897,42,21,0,21,0
2020-06-11,Humboldt,023,135768,122,113,0,113,3
2020-06-11,Imperial,025,180216,5628,3463,4,3467,36
2020-06-11,Inyo,027,18085,22,23,0,23,1
2020-06-11,Kern,029,883053,4127,3047,11,3058,54
2020-06-11,Kings,031,150075,1968,963,4,967,6
2020-06-11,Lake,033,64148,39,28,0,28,0
2020-06-11,Lassen,035,31185,15,5,2,7,0
2020-06-11,Los Angeles,037,10098052,78003,68807,21,68828,2800
2020-06-11,Madera,039,155013,445,178,2,180,3
2020-06-11,Marin,041,260295,789,637,2,639,17
2020-06-11,Mariposa,043,17540,18,16,0,16,1
2020-06-11,Mendocino,045,87422,40,35,0,35,0
2020-06-11,Merced,047,269075,625,370,1,371,7
2020-06-11,Modoc,049,8938,1,0,0,0,0
2020-06-11,Mono,051,14174,39,35,0,35,1
2020-06-11,Monterey,053,433212,1160,813,4,817,11
2020-06-11,Napa,055,140530,214,162,0,162,3
2020-06-11,Nevada,057,99092,67,50,1,51,1
2020-06-11,Orange,059,3164182,11727,8304,87,8391,188
2020-06-11,Placer,061,380077,476,321,3,324,9
2020-06-11,Plumas,063,18699,5,4,0,4,0
2020-06-11,Riverside,065,2383286,13217,10014,24,10038,361
2020-06-11,Sacramento,067,1510023,1925,1669,4,1673,60
2020-06-11,San Benito,069,59416,153,94,0,94,2
2020-06-11,San Bernardino,071,2135413,9174,6509,7,6516,221
2020-06-11,San Diego,073,3302833,10392,9000,0,9000,308
2020-06-11,San Francisco,075,870044,3041,2766,1,2767,44
2020-06-11,San Joaquin,077,732212,2074,1351,4,1355,43
2020-06-11,San Luis Obispo,079,281455,460,307,5,312,1
2020-06-11,San Mateo,081,765935,2746,2499,5,2504,74
2020-06-11,Santa Barbara,083,443738,2283,1895,19,1914,14
2020-06-11,Santa Clara,085,1922200,3987,3049,15,3064,149
2020-06-11,Santa Cruz,087,273765,280,247,0,247,2
2020-06-11,Shasta,089,179085,87,47,0,47,5
2020-06-11,Sierra,091,2930,1,1,0,1,0
2020-06-11,Siskiyou,093,43540,25,14,0,14,0
2020-06-11,Solano,095,438530,883,616,4,620,19
2020-06-11,Sonoma,097,501317,840,682,2,684,4
2020-06-11,Stanislaus,099,539301,1598,1062,6,1068,30
2020-06-11,Sutter,101,95872,92,56,0,56,2
2020-06-11,Tehama,103,63373,27,10,2,12,1
2020-06-11,Trinity,105,12862,11,2,3,5,0
2020-06-11,Tulare,107,460477,3536,2473,10,2483,95
2020-06-11,Tuolumne,109,53932,10,7,0,7,0
2020-06-11,Ventura,111,848112,2218,1491,12,1503,34
2020-06-11,Yolo,113,214977,305,230,0,230,24
2020-06-11,Yuba,115,75493,36,27,0,27,1
2020-06-10,Alameda,001,1643700,4679,4027,8,4035,107
2020-06-10,Alpine,003,1148,1,1,0,1,0
2020-06-10,Amador,005,37829,10,10,0,10,0
2020-06-10,Butte,007,227075,102,71,7,78,1
2020-06-10,Calaveras,009,45235,27,16,0,16,0
2020-06-10,Colusa,011,21464,11,7,0,7,0
2020-06-10,Contra Costa,013,1133247,2096,1778,2,1780,43
2020-06-10,Del Norte,015,27424,47,45,0,45,0
2020-06-10,El Dorado,017,186661,152,109,1,110,0
2020-06-10,Fresno,019,978130,4475,2324,57,2381,45
2020-06-10,Glenn,021,27897,39,21,0,21,0
2020-06-10,Humboldt,023,135768,118,112,0,112,3
2020-06-10,Imperial,025,180216,5480,3454,4,3458,36
2020-06-10,Inyo,027,18085,22,23,0,23,1
2020-06-10,Kern,029,883053,4002,3000,10,3010,54
2020-06-10,Kings,031,150075,1922,952,3,955,6
2020-06-10,Lake,033,64148,39,28,0,28,0
2020-06-10,Lassen,035,31185,15,5,2,7,0
2020-06-10,Los Angeles,037,10098052,76482,67018,21,67039,2752
2020-06-10,Madera,039,155013,431,176,1,177,3
2020-06-10,Marin,041,260295,757,633,2,635,17
2020-06-10,Mariposa,043,17540,17,16,0,16,1
2020-06-10,Mendocino,045,87422,39,35,0,35,0
2020-06-10,Merced,047,269075,592,370,1,371,7
2020-06-10,Modoc,049,8938,1,0,0,0,0
2020-06-10,Mono,051,14174,39,35,0,35,1
2020-06-10,Monterey,053,433212,1106,791,4,795,11
2020-06-10,Napa,055,140530,211,159,0,159,3
2020-06-10,Nevada,057,99092,65,50,1,51,1
2020-06-10,Orange,059,3164182,11451,8222,83,8305,184
2020-06-10,Placer,061,380077,451,309,3,312,9
2020-06-10,Plumas,063,18699,5,4,0,4,0
2020-06-10,Riverside,065,2383286,12894,9857,24,9881,361
2020-06-10,Sacramento,067,1510023,1886,1643,2,1645,59
2020-06-10,San Benito,069,59416,144,94,0,94,2
2020-06-10,San Bernardino,071,2135413,8881,6438,7,6445,219
2020-06-10,San Diego,073,3302833,10228,8839,0,8839,305
2020-06-10,San Francisco,075,870044,3016,2774,1,2775,44
2020-06-10,San Joaquin,077,732212,1945,1282,4,1286,41
2020-06-10,San Luis Obispo,079,281455,440,306,5,311,1
2020-06-10,San Mateo,081,765935,2706,2492,5,2497,74
2020-06-10,Santa Barbara,083,443738,2227,1878,19,1897,13
2020-06-10,Santa Clara,085,1922200,3936,3032,15,3047,149
2020-06-10,Santa Cruz,087,273765,276,242,0,242,2
2020-06-10,Shasta,089,179085,82,45,0,45,5
2020-06-10,Sierra,091,2930,1,1,0,1,0
2020-06-10,Siskiyou,093,43540,25,14,0,14,0
2020-06-10,Solano,095,438530,847,608,4,612,19
2020-06-10,Sonoma,097,501317,822,673,2,675,4
2020-06-10,Stanislaus,099,539301,1508,1030,6,1036,29
2020-06-10,Sutter,101,95872,91,56,0,56,2
2020-06-10,Tehama,103,63373,25,10,2,12,1
2020-06-10,Trinity,105,12862,11,2,3,5,0
2020-06-10,Tulare,107,460477,3443,2455,10,2465,95
2020-06-10,Tuolumne,109,53932,10,7,0,7,0
2020-06-10,Ventura,111,848112,2172,1446,11,1457,34
2020-06-10,Yolo,113,214977,297,226,0,226,24
2020-06-10,Yuba,115,75493,35,27,0,27,1
2020-06-09,Alameda,001,1643700,4569,3963,8,3971,103
2020-06-09,Alpine,003,1148,1,1,0,1,0
2020-06-09,Amador,005,37829,10,10,0,10,0
2020-06-09,Butte,007,227075,101,70,6,76,1
2020-06-09,Calaveras,009,45235,27,16,0,16,0
2020-06-09,Colusa,011,21464,10,7,0,7,0
2020-06-09,Contra Costa,013,1133247,2055,1744,2,1746,42
2020-06-09,Del Norte,015,27424,47,45,0,45,0
2020-06-09,El Dorado,017,186661,142,108,1,109,0
2020-06-09,Fresno,019,978130,4323,2278,57,2335,43
2020-06-09,Glenn,021,27897,38,19,0,19,0
2020-06-09,Humboldt,023,135768,116,113,0,113,2
2020-06-09,Imperial,025,180216,5328,3067,4,3071,36
2020-06-09,Inyo,027,18085,22,22,0,22,1
2020-06-09,Kern,029,883053,3874,2920,10,2930,51
2020-06-09,Kings,031,150075,1890,934,3,937,6
2020-06-09,Lake,033,64148,39,28,0,28,0
2020-06-09,Lassen,035,31185,15,5,2,7,0
2020-06-09,Los Angeles,037,10098052,74822,65827,21,65848,2692
2020-06-09,Madera,039,155013,416,172,1,173,3
2020-06-09,Marin,041,260295,721,616,2,618,17
2020-06-09,Mariposa,043,17540,17,16,0,16,1
2020-06-09,Mendocino,045,87422,35,35,0,35,0
2020-06-09,Merced,047,269075,563,349,1,350,7
2020-06-09,Modoc,049,8938,1,0,0,0,0
2020-06-09,Mono,051,14174,39,35,0,35,1
2020-06-09,Monterey,053,433212,1065,772,4,776,11
2020-06-09,Napa,055,140530,201,156,0,156,3
2020-06-09,Nevada,057,99092,57,50,1,51,1
2020-06-09,Orange,059,3164182,11210,7991,81,8072,174
2020-06-09,Placer,061,380077,438,301,3,304,9
2020-06-09,Plumas,063,18699,5,4,0,4,0
2020-06-09,Riverside,065,2383286,12516,9511,24,9535,354
2020-06-09,Sacramento,067,1510023,1832,1625,2,1627,59
2020-06-09,San Benito,069,59416,138,95,0,95,2
2020-06-09,San Bernardino,071,2135413,8557,6268,6,6274,217
2020-06-09,San Diego,073,3302833,10043,8731,0,8731,301
2020-06-09,San Francisco,075,870044,2991,2749,1,2750,44
2020-06-09,San Joaquin,077,732212,1839,1240,4,1244,41
2020-06-09,San Luis Obispo,079,281455,427,301,4,305,1
2020-06-09,San Mateo,081,765935,2675,2463,5,2468,74
2020-06-09,Santa Barbara,083,443738,2171,1854,19,1873,13
2020-06-09,Santa Clara,085,1922200,3868,3006,14,3020,147
2020-06-09,Santa Cruz,087,273765,270,237,0,237,2
2020-06-09,Shasta,089,179085,78,44,0,44,4
2020-06-09,Sierra,091,2930,1,1,0,1,0
2020-06-09,Siskiyou,093,43540,20,10,0,10,0
2020-06-09,Solano,095,438530,812,596,4,600,18
2020-06-09,Sonoma,097,501317,799,661,2,663,4
2020-06-09,Stanislaus,099,539301,1407,993,6,999,25
2020-06-09,Sutter,101,95872,88,56,0,56,2
2020-06-09,Tehama,103,63373,25,9,2,11,1
2020-06-09,Trinity,105,12862,10,2,3,5,0
2020-06-09,Tulare,107,460477,3377,2393,10,2403,91
2020-06-09,Tuolumne,109,53932,10,8,0,8,0
2020-06-09,Ventura,111,848112,2106,1407,11,1418,34
2020-06-09,Yolo,113,214977,286,226,0,226,24
2020-06-09,Yuba,115,75493,34,27,0,27,1
2020-06-08,Alameda,001,1643700,4488,3937,8,3945,103
2020-06-08,Alpine,003,1148,1,1,0,1,0
2020-06-08,Amador,005,37829,10,10,0,10,0
2020-06-08,Butte,007,227075,97,68,6,74,1
2020-06-08,Calaveras,009,45235,27,16,0,16,0
2020-06-08,Colusa,011,21464,9,7,0,7,0
2020-06-08,Contra Costa,013,1133247,2012,1714,2,1716,41
2020-06-08,Del Norte,015,27424,47,45,0,45,0
2020-06-08,El Dorado,017,186661,138,107,1,108,0
2020-06-08,Fresno,019,978130,4199,2194,56,2250,42
2020-06-08,Glenn,021,27897,36,17,0,17,0
2020-06-08,Humboldt,023,135768,116,112,0,112,2
2020-06-08,Imperial,025,180216,5176,3051,4,3055,21
2020-06-08,Inyo,027,18085,22,22,0,22,1
2020-06-08,Kern,029,883053,3743,2853,9,2862,49
2020-06-08,Kings,031,150075,1814,892,3,895,6
2020-06-08,Lake,033,64148,39,28,0,28,0
2020-06-08,Lassen,035,31185,15,4,2,6,0
2020-06-08,Los Angeles,037,10098052,73359,64634,21,64655,2640
2020-06-08,Madera,039,155013,386,154,1,155,3
2020-06-08,Marin,041,260295,680,596,2,598,17
2020-06-08,Mariposa,043,17540,16,16,0,16,1
2020-06-08,Mendocino,045,87422,33,32,0,32,0
2020-06-08,Merced,047,269075,529,331,1,332,7
2020-06-08,Modoc,049,8938,1,0,0,0,0
2020-06-08,Mono,051,14174,39,35,0,35,1
2020-06-08,Monterey,053,433212,1014,751,3,754,10
2020-06-08,Napa,055,140530,185,151,0,151,3
2020-06-08,Nevada,057,99092,56,50,1,51,1
2020-06-08,Orange,059,3164182,10959,7786,79,7865,160
2020-06-08,Placer,061,380077,421,290,3,293,9
2020-06-08,Plumas,063,18699,5,4,0,4,0
2020-06-08,Riverside,065,2383286,12147,9246,24,9270,347
2020-06-08,Sacramento,067,1510023,1782,1591,2,1593,59
2020-06-08,San Benito,069,59416,131,93,0,93,2
2020-06-08,San Bernardino,071,2135413,8238,6122,6,6128,214
2020-06-08,San Diego,073,3302833,9886,8621,0,8621,296
2020-06-08,San Francisco,075,870044,2964,2715,1,2716,43
2020-06-08,San Joaquin,077,732212,1732,1198,4,1202,40
2020-06-08,San Luis Obispo,079,281455,421,300,4,304,1
2020-06-08,San Mateo,081,765935,2644,2431,4,2435,74
2020-06-08,Santa Barbara,083,443738,2116,1824,17,1841,13
2020-06-08,Santa Clara,085,1922200,3822,2971,14,2985,146
2020-06-08,Santa Cruz,087,273765,269,234,0,234,2
2020-06-08,Shasta,089,179085,74,43,0,43,4
2020-06-08,Sierra,091,2930,1,1,0,1,0
2020-06-08,Siskiyou,093,43540,20,8,0,8,0
2020-06-08,Solano,095,438530,785,560,4,564,19
2020-06-08,Sonoma,097,501317,783,654,2,656,4
2020-06-08,Stanislaus,099,539301,1325,956,6,962,28
2020-06-08,Sutter,101,95872,81,55,0,55,2
2020-06-08,Tehama,103,63373,19,8,2,10,1
2020-06-08,Trinity,105,12862,10,2,3,5,0
2020-06-08,Tulare,107,460477,3294,2301,10,2311,91
2020-06-08,Tuolumne,109,53932,9,8,0,8,0
2020-06-08,Ventura,111,848112,2048,1382,11,1393,30
2020-06-08,Yolo,113,214977,275,228,0,228,24
2020-06-08,Yuba,115,75493,32,27,0,27,1
2020-06-07,Alameda,001,1643700,4375,3866,8,3874,102
2020-06-07,Alpine,003,1148,1,1,0,1,0
2020-06-07,Amador,005,37829,10,10,0,10,0
2020-06-07,Butte,007,227075,95,64,5,69,1
2020-06-07,Calaveras,009,45235,25,16,0,16,0
2020-06-07,Colusa,011,21464,9,7,0,7,0
2020-06-07,Contra Costa,013,1133247,1961,1653,1,1654,38
2020-06-07,Del Norte,015,27424,45,45,0,45,0
2020-06-07,El Dorado,017,186661,138,104,1,105,0
2020-06-07,Fresno,019,978130,4069,2144,56,2200,41
2020-06-07,Glenn,021,27897,29,16,0,16,0
2020-06-07,Humboldt,023,135768,116,112,0,112,2
2020-06-07,Imperial,025,180216,5025,3048,4,3052,19
2020-06-07,Inyo,027,18085,22,21,0,21,1
2020-06-07,Kern,029,883053,3612,2771,9,2780,46
2020-06-07,Kings,031,150075,1765,882,3,885,6
2020-06-07,Lake,033,64148,36,28,0,28,0
2020-06-07,Lassen,035,31185,14,4,2,6,0
2020-06-07,Los Angeles,037,10098052,71655,63750,21,63771,2629
2020-06-07,Madera,039,155013,369,149,1,150,3
2020-06-07,Marin,041,260295,666,584,2,586,17
2020-06-07,Mariposa,043,17540,16,16,0,16,1
2020-06-07,Mendocino,045,87422,33,32,0,32,0
2020-06-07,Merced,047,269075,496,318,1,319,7
2020-06-07,Modoc,049,8938,1,0,0,0,0
2020-06-07,Mono,051,14174,39,35,0,35,1
2020-06-07,Monterey,053,433212,968,732,3,735,10
2020-06-07,Napa,055,140530,177,142,0,142,3
2020-06-07,Nevada,057,99092,55,50,1,51,1
2020-06-07,Orange,059,3164182,10702,7643,77,7720,158
2020-06-07,Placer,061,380077,400,273,2,275,9
2020-06-07,Plumas,063,18699,5,4,0,4,0
2020-06-07,Riverside,065,2383286,11851,9105,24,9129,344
2020-06-07,Sacramento,067,1510023,1734,1568,2,1570,59
2020-06-07,San Benito,069,59416,128,92,0,92,2
2020-06-07,San Bernardino,071,2135413,7952,6033,6,6039,214
2020-06-07,San Diego,073,3302833,9707,8478,0,8478,296
2020-06-07,San Francisco,075,870044,2920,2674,0,2674,43
2020-06-07,San Joaquin,077,732212,1631,1126,4,1130,37
2020-06-07,San Luis Obispo,079,281455,411,296,4,300,1
2020-06-07,San Mateo,081,765935,2617,2399,4,2403,73
2020-06-07,Santa Barbara,083,443738,2061,1818,17,1835,13
2020-06-07,Santa Clara,085,1922200,3770,2947,14,2961,146
2020-06-07,Santa Cruz,087,273765,261,230,0,230,2
2020-06-07,Shasta,089,179085,73,41,0,41,4
2020-06-07,Sierra,091,2930,1,1,0,1,0
2020-06-07,Siskiyou,093,43540,20,8,0,8,0
2020-06-07,Solano,095,438530,762,560,4,564,19
2020-06-07,Sonoma,097,501317,752,639,2,641,4
2020-06-07,Stanislaus,099,539301,1245,905,5,910,28
2020-06-07,Sutter,101,95872,73,55,0,55,2
2020-06-07,Tehama,103,63373,16,8,2,10,1
2020-06-07,Trinity,105,12862,8,2,3,5,0
2020-06-07,Tulare,107,460477,3172,2219,10,2229,90
2020-06-07,Tuolumne,109,53932,9,4,0,4,0
2020-06-07,Ventura,111,848112,1982,1337,11,1348,30
2020-06-07,Yolo,113,214977,265,224,0,224,24
2020-06-07,Yuba,115,75493,32,27,0,27,1
2020-06-06,Alameda,001,1643700,4330,3801,8,3809,102
2020-06-06,Alpine,003,1148,1,1,0,1,0
2020-06-06,Amador,005,37829,10,10,0,10,0
2020-06-06,Butte,007,227075,94,63,5,68,1
2020-06-06,Calaveras,009,45235,23,16,0,16,0
2020-06-06,Colusa,011,21464,9,7,0,7,0
2020-06-06,Contra Costa,013,1133247,1940,1619,1,1620,37
2020-06-06,Del Norte,015,27424,45,45,0,45,0
2020-06-06,El Dorado,017,186661,133,104,1,105,0
2020-06-06,Fresno,019,978130,4014,2117,56,2173,41
2020-06-06,Glenn,021,27897,27,16,0,16,0
2020-06-06,Humboldt,023,135768,116,112,0,112,2
2020-06-06,Imperial,025,180216,4949,3047,4,3051,19
2020-06-06,Inyo,027,18085,22,21,0,21,1
2020-06-06,Kern,029,883053,3541,2695,9,2704,46
2020-06-06,Kings,031,150075,1746,882,3,885,6
2020-06-06,Lake,033,64148,36,28,0,28,0
2020-06-06,Lassen,035,31185,14,4,2,6,0
2020-06-06,Los Angeles,037,10098052,70906,62269,21,62290,2607
2020-06-06,Madera,039,155013,360,149,1,150,3
2020-06-06,Marin,041,260295,661,556,2,558,17
2020-06-06,Mariposa,043,17540,16,16,0,16,1
2020-06-06,Mendocino,045,87422,33,32,0,32,0
2020-06-06,Merced,047,269075,495,315,1,316,7
2020-06-06,Modoc,049,8938,1,0,0,0,0
2020-06-06,Mono,051,14174,39,35,0,35,1
2020-06-06,Monterey,053,433212,944,679,3,682,10
2020-06-06,Napa,055,140530,171,136,0,136,3
2020-06-06,Nevada,057,99092,54,50,1,51,1
2020-06-06,Orange,059,3164182,10543,7576,76,7652,157
2020-06-06,Placer,061,380077,388,270,2,272,9
2020-06-06,Plumas,063,18699,5,4,0,4,0
2020-06-06,Riverside,065,2383286,11673,8935,24,8959,345
2020-06-06,Sacramento,067,1510023,1711,1533,2,1535,59
2020-06-06,San Benito,069,59416,118,92,0,92,2
2020-06-06,San Bernardino,071,2135413,7804,5946,6,5952,214
2020-06-06,San Diego,073,3302833,9586,8347,0,8347,296
2020-06-06,San Francisco,075,870044,2905,2674,0,2674,43
2020-06-06,San Joaquin,077,732212,1591,1076,4,1080,37
2020-06-06,San Luis Obispo,079,281455,405,295,4,299,1
2020-06-06,San Mateo,081,765935,2602,2342,4,2346,72
2020-06-06,Santa Barbara,083,443738,2022,1815,17,1832,13
2020-06-06,Santa Clara,085,1922200,3729,2934,14,2948,144
2020-06-06,Santa Cruz,087,273765,259,226,0,226,2
2020-06-06,Shasta,089,179085,73,40,0,40,4
2020-06-06,Sierra,091,2930,1,1,0,1,0
2020-06-06,Siskiyou,093,43540,18,8,0,8,0
2020-06-06,Solano,095,438530,747,560,4,564,19
2020-06-06,Sonoma,097,501317,740,622,2,624,4
2020-06-06,Stanislaus,099,539301,1211,858,5,863,27
2020-06-06,Sutter,101,95872,73,51,0,51,2
2020-06-06,Tehama,103,63373,15,8,2,10,1
2020-06-06,Trinity,105,12862,8,2,2,4,0
2020-06-06,Tulare,107,460477,3139,2213,10,2223,90
2020-06-06,Tuolumne,109,53932,9,4,0,4,0
2020-06-06,Ventura,111,848112,1958,1303,11,1314,30
2020-06-06,Yolo,113,214977,263,223,0,223,24
2020-06-06,Yuba,115,75493,32,27,0,27,1
2020-06-05,Alameda,001,1643700,4279,3734,8,3742,102
2020-06-05,Alpine,003,1148,1,1,0,1,0
2020-06-05,Amador,005,37829,10,10,0,10,0
2020-06-05,Butte,007,227075,91,61,5,66,1
2020-06-05,Calaveras,009,45235,22,16,0,16,0
2020-06-05,Colusa,011,21464,9,7,0,7,0
2020-06-05,Contra Costa,013,1133247,1925,1575,1,1576,37
2020-06-05,Del Norte,015,27424,45,45,0,45,0
2020-06-05,El Dorado,017,186661,131,101,1,102,0
2020-06-05,Fresno,019,978130,3950,2051,55,2106,38
2020-06-05,Glenn,021,27897,25,16,0,16,0
2020-06-05,Humboldt,023,135768,115,111,0,111,2
2020-06-05,Imperial,025,180216,4843,2778,4,2782,19
2020-06-05,Inyo,027,18085,22,21,0,21,1
2020-06-05,Kern,029,883053,3452,2624,9,2633,46
2020-06-05,Kings,031,150075,1731,865,3,868,6
2020-06-05,Lake,033,64148,35,28,0,28,0
2020-06-05,Lassen,035,31185,13,4,2,6,0
2020-06-05,Los Angeles,037,10098052,69758,60955,21,60976,2553
2020-06-05,Madera,039,155013,338,144,1,145,3
2020-06-05,Marin,041,260295,652,546,2,548,17
2020-06-05,Mariposa,043,17540,16,16,0,16,1
2020-06-05,Mendocino,045,87422,33,32,0,32,0
2020-06-05,Merced,047,269075,493,309,1,310,7
2020-06-05,Modoc,049,8938,1,0,0,0,0
2020-06-05,Mono,051,14174,39,35,0,35,1
2020-06-05,Monterey,053,433212,912,649,3,652,10
2020-06-05,Napa,055,140530,168,123,0,123,3
2020-06-05,Nevada,057,99092,54,50,1,51,1
2020-06-05,Orange,059,3164182,10348,7391,75,7466,153
2020-06-05,Placer,061,380077,378,265,2,267,9
2020-06-05,Plumas,063,18699,5,4,0,4,0
2020-06-05,Riverside,065,2383286,11414,8700,24,8724,345
2020-06-05,Sacramento,067,1510023,1689,1514,2,1516,59
2020-06-05,San Benito,069,59416,116,92,0,92,2
2020-06-05,San Bernardino,071,2135413,7622,5869,5,5874,212
2020-06-05,San Diego,073,3302833,9471,8182,0,8182,294
2020-06-05,San Francisco,075,870044,2887,2675,0,2675,43
2020-06-05,San Joaquin,077,732212,1512,1046,4,1050,36
2020-06-05,San Luis Obispo,079,281455,398,293,4,297,1
2020-06-05,San Mateo,081,765935,2577,2331,4,2335,72
2020-06-05,Santa Barbara,083,443738,1991,1795,17,1812,13
2020-06-05,Santa Clara,085,1922200,3694,2902,14,2916,144
2020-06-05,Santa Cruz,087,273765,256,222,0,222,2
2020-06-05,Shasta,089,179085,72,40,0,40,4
2020-06-05,Sierra,091,2930,1,1,0,1,0
2020-06-05,Siskiyou,093,43540,16,8,0,8,0
2020-06-05,Solano,095,438530,740,558,4,562,19
2020-06-05,Sonoma,097,501317,719,618,2,620,4
2020-06-05,Stanislaus,099,539301,1178,842,5,847,27
2020-06-05,Sutter,101,95872,73,49,0,49,2
2020-06-05,Tehama,103,63373,15,7,2,9,1
2020-06-05,Trinity,105,12862,8,1,2,3,0
2020-06-05,Tulare,107,460477,3090,2180,10,2190,90
2020-06-05,Tuolumne,109,53932,9,4,0,4,0
2020-06-05,Ventura,111,848112,1925,1274,11,1285,30
2020-06-05,Yolo,113,214977,262,216,0,216,24
2020-06-05,Yuba,115,75493,32,27,0,27,1
2020-06-04,Alameda,001,1643700,4180,3643,8,3651,99
2020-06-04,Alpine,003,1148,1,1,0,1,0
2020-06-04,Amador,005,37829,10,10,0,10,0
2020-06-04,Butte,007,227075,87,57,4,61,1
2020-06-04,Calaveras,009,45235,22,15,0,15,0
2020-06-04,Colusa,011,21464,9,7,0,7,0
2020-06-04,Contra Costa,013,1133247,1867,1551,1,1552,37
2020-06-04,Del Norte,015,27424,45,45,0,45,0
2020-06-04,El Dorado,017,186661,129,101,1,102,0
2020-06-04,Fresno,019,978130,3844,2007,54,2061,35
2020-06-04,Glenn,021,27897,22,16,0,16,0
2020-06-04,Humboldt,023,135768,115,109,0,109,2
2020-06-04,Imperial,025,180216,4661,2631,4,2635,19
2020-06-04,Inyo,027,18085,22,20,0,20,1
2020-06-04,Kern,029,883053,3336,2530,9,2539,46
2020-06-04,Kings,031,150075,1661,842,3,845,6
2020-06-04,Lake,033,64148,34,27,0,27,0
2020-06-04,Lassen,035,31185,11,4,2,6,0
2020-06-04,Los Angeles,037,10098052,68290,59596,21,59617,2515
2020-06-04,Madera,039,155013,330,127,1,128,3
2020-06-04,Marin,041,260295,630,533,2,535,14
2020-06-04,Mariposa,043,17540,16,16,0,16,1
2020-06-04,Mendocino,045,87422,33,29,0,29,0
2020-06-04,Merced,047,269075,473,304,1,305,7
2020-06-04,Modoc,049,8938,1,0,0,0,0
2020-06-04,Mono,051,14174,39,35,0,35,1
2020-06-04,Monterey,053,433212,877,621,2,623,10
2020-06-04,Napa,055,140530,164,117,0,117,3
2020-06-04,Nevada,057,99092,53,49,1,50,1
2020-06-04,Orange,059,3164182,10096,7192,74,7266,148
2020-06-04,Placer,061,380077,362,256,2,258,9
2020-06-04,Plumas,063,18699,4,4,0,4,0
2020-06-04,Riverside,065,2383286,11136,8473,24,8497,341
2020-06-04,Sacramento,067,1510023,1661,1492,2,1494,58
2020-06-04,San Benito,069,59416,114,88,0,88,2
2020-06-04,San Bernardino,071,2135413,7353,5726,5,5731,207
2020-06-04,San Diego,073,3302833,9308,7942,0,7942,288
2020-06-04,San Francisco,075,870044,2854,2636,0,2636,43
2020-06-04,San Joaquin,077,732212,1450,1016,4,1020,36
2020-06-04,San Luis Obispo,079,281455,387,288,4,292,1
2020-06-04,San Mateo,081,765935,2550,2284,4,2288,72
2020-06-04,Santa Barbara,083,443738,1960,1750,16,1766,13
2020-06-04,Santa Clara,085,1922200,3660,2871,14,2885,144
2020-06-04,Santa Cruz,087,273765,250,218,0,218,2
2020-06-04,Shasta,089,179085,66,40,0,40,4
2020-06-04,Sierra,091,2930,1,1,0,1,0
2020-06-04,Siskiyou,093,43540,15,8,0,8,0
2020-06-04,Solano,095,438530,723,551,4,555,19
2020-06-04,Sonoma,097,501317,700,591,1,592,4
2020-06-04,Stanislaus,099,539301,1102,806,5,811,28
2020-06-04,Sutter,101,95872,68,46,0,46,2
2020-06-04,Tehama,103,63373,14,6,1,7,1
2020-06-04,Trinity,105,12862,8,1,2,3,0
2020-06-04,Tulare,107,460477,2973,2086,10,2096,90
2020-06-04,Tuolumne,109,53932,8,4,0,4,0
2020-06-04,Ventura,111,848112,1881,1236,10,1246,30
2020-06-04,Yolo,113,214977,257,216,0,216,24
2020-06-04,Yuba,115,75493,31,27,0,27,1
2020-06-03,Alameda,001,1643700,4121,3589,7,3596,99
2020-06-03,Alpine,003,1148,1,1,0,1,0
2020-06-03,Amador,005,37829,10,10,0,10,0
2020-06-03,Butte,007,227075,85,53,4,57,1
2020-06-03,Calaveras,009,45235,21,15,0,15,0
2020-06-03,Colusa,011,21464,9,7,0,7,0
2020-06-03,Contra Costa,013,1133247,1819,1511,1,1512,37
2020-06-03,Del Norte,015,27424,45,39,0,39,0
2020-06-03,El Dorado,017,186661,126,90,1,91,0
2020-06-03,Fresno,019,978130,3745,1943,54,1997,35
2020-06-03,Glenn,021,27897,22,16,0,16,0
2020-06-03,Humboldt,023,135768,115,103,0,103,2
2020-06-03,Imperial,025,180216,4488,2540,4,2544,19
2020-06-03,Inyo,027,18085,22,20,0,20,1
2020-06-03,Kern,029,883053,3240,2452,8,2460,44
2020-06-03,Kings,031,150075,1596,744,3,747,6
2020-06-03,Lake,033,64148,32,26,0,26,0
2020-06-03,Lassen,035,31185,11,4,2,6,0
2020-06-03,Los Angeles,037,10098052,66679,58166,21,58187,2472
2020-06-03,Madera,039,155013,322,117,1,118,3
2020-06-03,Marin,041,260295,612,527,2,529,14
2020-06-03,Mariposa,043,17540,16,16,0,16,1
2020-06-03,Mendocino,045,87422,32,29,0,29,0
2020-06-03,Merced,047,269075,459,299,1,300,7
2020-06-03,Modoc,049,8938,1,0,0,0,0
2020-06-03,Mono,051,14174,39,35,0,35,1
2020-06-03,Monterey,053,433212,849,592,2,594,10
2020-06-03,Napa,055,140530,163,116,0,116,3
2020-06-03,Nevada,057,99092,52,43,1,44,1
2020-06-03,Orange,059,3164182,9870,6939,73,7012,145
2020-06-03,Placer,061,380077,342,243,2,245,9
2020-06-03,Plumas,063,18699,4,4,0,4,0
2020-06-03,Riverside,065,2383286,10862,8208,24,8232,335
2020-06-03,Sacramento,067,1510023,1632,1457,2,1459,58
2020-06-03,San Benito,069,59416,108,88,0,88,2
2020-06-03,San Bernardino,071,2135413,7130,5565,5,5570,203
2020-06-03,San Diego,073,3302833,9160,7800,0,7800,283
2020-06-03,San Francisco,075,870044,2823,2608,0,2608,43
2020-06-03,San Joaquin,077,732212,1386,1004,4,1008,35
2020-06-03,San Luis Obispo,079,281455,382,279,4,283,1
2020-06-03,San Mateo,081,765935,2522,2243,4,2247,71
2020-06-03,Santa Barbara,083,443738,1926,1722,15,1737,12
2020-06-03,Santa Clara,085,1922200,3618,2836,14,2850,144
2020-06-03,Santa Cruz,087,273765,244,217,0,217,2
2020-06-03,Shasta,089,179085,63,40,0,40,4
2020-06-03,Sierra,091,2930,1,1,0,1,0
2020-06-03,Siskiyou,093,43540,14,8,0,8,0
2020-06-03,Solano,095,438530,698,543,2,545,18
2020-06-03,Sonoma,097,501317,688,578,1,579,4
2020-06-03,Stanislaus,099,539301,1062,780,5,785,27
2020-06-03,Sutter,101,95872,60,45,0,45,2
2020-06-03,Tehama,103,63373,14,6,1,7,1
2020-06-03,Trinity,105,12862,8,1,2,3,0
2020-06-03,Tulare,107,460477,2904,2041,10,2051,88
2020-06-03,Tuolumne,109,53932,6,4,0,4,0
2020-06-03,Ventura,111,848112,1814,1202,10,1212,30
2020-06-03,Yolo,113,214977,253,213,0,213,24
2020-06-03,Yuba,115,75493,31,27,0,27,1
2020-06-02,Alameda,001,1643700,4045,3517,7,3524,99
2020-06-02,Alpine,003,1148,1,1,0,1,0
2020-06-02,Amador,005,37829,10,10,0,10,0
2020-06-02,Butte,007,227075,81,51,3,54,1
2020-06-02,Calaveras,009,45235,21,15,0,15,0
2020-06-02,Colusa,011,21464,9,7,0,7,0
2020-06-02,Contra Costa,013,1133247,1787,1505,1,1506,37
2020-06-02,Del Norte,015,27424,45,39,0,39,0
2020-06-02,El Dorado,017,186661,125,88,1,89,0
2020-06-02,Fresno,019,978130,3632,1917,54,1971,34
2020-06-02,Glenn,021,27897,21,16,0,16,0
2020-06-02,Humboldt,023,135768,115,101,0,101,2
2020-06-02,Imperial,025,180216,4295,2459,4,2463,19
2020-06-02,Inyo,027,18085,20,20,0,20,1
2020-06-02,Kern,029,883053,3141,2406,6,2412,41
2020-06-02,Kings,031,150075,1568,720,3,723,5
2020-06-02,Lake,033,64148,32,25,0,25,0
2020-06-02,Lassen,035,31185,10,4,2,6,0
2020-06-02,Los Angeles,037,10098052,65273,57144,21,57165,2430
2020-06-02,Madera,039,155013,301,110,1,111,2
2020-06-02,Marin,041,260295,585,509,2,511,14
2020-06-02,Mariposa,043,17540,16,16,0,16,1
2020-06-02,Mendocino,045,87422,32,29,0,29,0
2020-06-02,Merced,047,269075,443,297,1,298,6
2020-06-02,Modoc,049,8938,1,0,0,0,0
2020-06-02,Mono,051,14174,39,35,0,35,1
2020-06-02,Monterey,053,433212,819,582,2,584,10
2020-06-02,Napa,055,140530,154,116,0,116,3
2020-06-02,Nevada,057,99092,51,41,1,42,1
2020-06-02,Orange,059,3164182,9669,6790,72,6862,142
2020-06-02,Placer,061,380077,328,226,2,228,9
2020-06-02,Plumas,063,18699,4,4,0,4,0
2020-06-02,Riverside,065,2383286,10566,8091,22,8113,330
2020-06-02,Sacramento,067,1510023,1603,1428,2,1430,58
2020-06-02,San Benito,069,59416,107,86,0,86,2
2020-06-02,San Bernardino,071,2135413,6923,5438,5,5443,202
2020-06-02,San Diego,073,3302833,9014,7676,0,7676,276
2020-06-02,San Francisco,075,870044,2788,2554,0,2554,43
2020-06-02,San Joaquin,077,732212,1320,985,4,989,35
2020-06-02,San Luis Obispo,079,281455,377,275,4,279,1
2020-06-02,San Mateo,081,765935,2487,2203,4,2207,71
2020-06-02,Santa Barbara,083,443738,1886,1703,15,1718,12
2020-06-02,Santa Clara,085,1922200,3568,2819,14,2833,144
2020-06-02,Santa Cruz,087,273765,239,215,0,215,2
2020-06-02,Shasta,089,179085,62,38,0,38,4
2020-06-02,Sierra,091,2930,1,1,0,1,0
2020-06-02,Siskiyou,093,43540,13,8,0,8,0
2020-06-02,Solano,095,438530,683,537,1,538,18
2020-06-02,Sonoma,097,501317,677,571,1,572,4
2020-06-02,Stanislaus,099,539301,1003,772,5,777,27
2020-06-02,Sutter,101,95872,57,43,0,43,2
2020-06-02,Tehama,103,63373,14,6,1,7,1
2020-06-02,Trinity,105,12862,8,1,2,3,0
2020-06-02,Tulare,107,460477,2824,2012,10,2022,86
2020-06-02,Tuolumne,109,53932,6,4,0,4,0
2020-06-02,Ventura,111,848112,1761,1178,10,1188,30
2020-06-02,Yolo,113,214977,251,213,0,213,24
2020-06-02,Yuba,115,75493,31,27,0,27,1
2020-06-01,Alameda,001,1643700,3979,3460,7,3467,98
2020-06-01,Alpine,003,1148,1,1,0,1,0
2020-06-01,Amador,005,37829,10,10,0,10,0
2020-06-01,Butte,007,227075,80,50,2,52,1
2020-06-01,Calaveras,009,45235,21,15,0,15,0
2020-06-01,Colusa,011,21464,9,7,0,7,0
2020-06-01,Contra Costa,013,1133247,1751,1486,1,1487,37
2020-06-01,Del Norte,015,27424,45,38,0,38,0
2020-06-01,El Dorado,017,186661,123,88,1,89,0
2020-06-01,Fresno,019,978130,3537,1854,52,1906,33
2020-06-01,Glenn,021,27897,21,16,0,16,0
2020-06-01,Humboldt,023,135768,115,98,0,98,2
2020-06-01,Imperial,025,180216,4073,2366,4,2370,14
2020-06-01,Inyo,027,18085,20,20,0,20,1
2020-06-01,Kern,029,883053,3058,2366,6,2372,38
2020-06-01,Kings,031,150075,1300,703,3,706,4
2020-06-01,Lake,033,64148,32,22,0,22,0
2020-06-01,Lassen,035,31185,10,4,2,6,0
2020-06-01,Los Angeles,037,10098052,63804,55899,21,55920,2367
2020-06-01,Madera,039,155013,289,103,1,104,2
2020-06-01,Marin,041,260295,544,495,2,497,14
2020-06-01,Mariposa,043,17540,16,16,0,16,1
2020-06-01,Mendocino,045,87422,32,28,0,28,0
2020-06-01,Merced,047,269075,424,289,1,290,6
2020-06-01,Modoc,049,8938,1,0,0,0,0
2020-06-01,Mono,051,14174,39,35,0,35,1
2020-06-01,Monterey,053,433212,795,554,2,556,10
2020-06-01,Napa,055,140530,151,114,0,114,3
2020-06-01,Nevada,057,99092,51,41,1,42,1
2020-06-01,Orange,059,3164182,9472,6640,71,6711,135
2020-06-01,Placer,061,380077,316,218,2,220,9
2020-06-01,Plumas,063,18699,4,4,0,4,0
2020-06-01,Riverside,065,2383286,10114,7921,21,7942,322
2020-06-01,Sacramento,067,1510023,1564,1415,2,1417,58
2020-06-01,San Benito,069,59416,104,86,0,86,2
2020-06-01,San Bernardino,071,2135413,6717,5310,5,5315,202
2020-06-01,San Diego,073,3302833,8834,7556,0,7556,269
2020-06-01,San Francisco,075,870044,2751,2546,0,2546,43
2020-06-01,San Joaquin,077,732212,1255,957,4,961,35
2020-06-01,San Luis Obispo,079,281455,373,275,4,279,1
2020-06-01,San Mateo,081,765935,2457,2190,4,2194,71
2020-06-01,Santa Barbara,083,443738,1852,1671,14,1685,10
2020-06-01,Santa Clara,085,1922200,3530,2797,13,2810,142
2020-06-01,Santa Cruz,087,273765,235,215,0,215,2
2020-06-01,Shasta,089,179085,62,38,0,38,4
2020-06-01,Sierra,091,2930,1,1,0,1,0
2020-06-01,Siskiyou,093,43540,13,7,0,7,0
2020-06-01,Solano,095,438530,659,529,1,530,17
2020-06-01,Sonoma,097,501317,661,565,1,566,4
2020-06-01,Stanislaus,099,539301,966,758,5,763,27
2020-06-01,Sutter,101,95872,52,43,0,43,2
2020-06-01,Tehama,103,63373,11,5,1,6,1
2020-06-01,Trinity,105,12862,7,1,2,3,0
2020-06-01,Tulare,107,460477,2709,1976,10,1986,84
2020-06-01,Tuolumne,109,53932,5,4,0,4,0
2020-06-01,Ventura,111,848112,1708,1163,10,1173,29
2020-06-01,Yolo,113,214977,248,212,0,212,24
2020-06-01,Yuba,115,75493,30,26,0,26,1
2020-05-31,Alameda,001,1643700,3874,3362,7,3369,98
2020-05-31,Alpine,003,1148,1,1,0,1,0
2020-05-31,Amador,005,37829,10,10,0,10,0
2020-05-31,Butte,007,227075,78,51,2,53,0
2020-05-31,Calaveras,009,45235,18,15,0,15,0
2020-05-31,Colusa,011,21464,9,5,0,5,0
2020-05-31,Contra Costa,013,1133247,1717,1458,1,1459,37
2020-05-31,Del Norte,015,27424,45,37,0,37,0
2020-05-31,El Dorado,017,186661,119,88,1,89,0
2020-05-31,Fresno,019,978130,3372,1780,46,1826,31
2020-05-31,Glenn,021,27897,20,16,0,16,0
2020-05-31,Humboldt,023,135768,113,98,0,98,2
2020-05-31,Imperial,025,180216,3806,2197,4,2201,14
2020-05-31,Inyo,027,18085,20,20,0,20,1
2020-05-31,Kern,029,883053,2923,2300,6,2306,38
2020-05-31,Kings,031,150075,1263,703,3,706,3
2020-05-31,Lake,033,64148,32,19,0,19,0
2020-05-31,Lassen,035,31185,10,4,2,6,0
2020-05-31,Los Angeles,037,10098052,62513,54925,21,54946,2344
2020-05-31,Madera,039,155013,271,101,1,102,2
2020-05-31,Marin,041,260295,534,486,2,488,14
2020-05-31,Mariposa,043,17540,16,16,0,16,1
2020-05-31,Mendocino,045,87422,32,24,0,24,0
2020-05-31,Merced,047,269075,397,288,0,288,6
2020-05-31,Modoc,049,8938,0,0,0,0,0
2020-05-31,Mono,051,14174,39,34,0,34,1
2020-05-31,Monterey,053,433212,721,545,2,547,10
2020-05-31,Napa,055,140530,149,114,0,114,3
2020-05-31,Nevada,057,99092,50,41,1,42,1
2020-05-31,Orange,059,3164182,9262,6532,70,6602,135
2020-05-31,Placer,061,380077,294,215,2,217,9
2020-05-31,Plumas,063,18699,4,4,0,4,0
2020-05-31,Riverside,065,2383286,9858,7704,21,7725,321
2020-05-31,Sacramento,067,1510023,1533,1398,2,1400,57
2020-05-31,San Benito,069,59416,98,85,0,85,2
2020-05-31,San Bernardino,071,2135413,6449,5185,5,5190,198
2020-05-31,San Diego,073,3302833,8640,7483,0,7483,269
2020-05-31,San Francisco,075,870044,2715,2501,0,2501,43
2020-05-31,San Joaquin,077,732212,1190,888,4,892,34
2020-05-31,San Luis Obispo,079,281455,363,271,4,275,1
2020-05-31,San Mateo,081,765935,2411,2169,4,2173,71
2020-05-31,Santa Barbara,083,443738,1801,1662,13,1675,9
2020-05-31,Santa Clara,085,1922200,3486,2785,13,2798,142
2020-05-31,Santa Cruz,087,273765,232,210,0,210,2
2020-05-31,Shasta,089,179085,60,38,0,38,4
2020-05-31,Sierra,091,2930,1,1,0,1,0
2020-05-31,Siskiyou,093,43540,12,7,0,7,0
2020-05-31,Solano,095,438530,633,512,1,513,6
2020-05-31,Sonoma,097,501317,641,555,1,556,4
2020-05-31,Stanislaus,099,539301,912,738,5,743,27
2020-05-31,Sutter,101,95872,50,42,0,42,2
2020-05-31,Tehama,103,63373,10,4,1,5,1
2020-05-31,Trinity,105,12862,7,1,2,3,0
2020-05-31,Tulare,107,460477,2636,1884,10,1894,82
2020-05-31,Tuolumne,109,53932,5,4,0,4,0
2020-05-31,Ventura,111,848112,1647,1151,10,1161,30
2020-05-31,Yolo,113,214977,242,211,0,211,24
2020-05-31,Yuba,115,75493,30,26,0,26,1
2020-05-30,Alameda,001,1643700,3848,3304,7,3311,96
2020-05-30,Alpine,003,1148,1,1,0,1,0
2020-05-30,Amador,005,37829,10,10,0,10,0
2020-05-30,Butte,007,227075,77,44,2,46,0
2020-05-30,Calaveras,009,45235,17,15,0,15,0
2020-05-30,Colusa,011,21464,8,5,0,5,0
2020-05-30,Contra Costa,013,1133247,1701,1429,1,1430,37
2020-05-30,Del Norte,015,27424,45,37,0,37,0
2020-05-30,El Dorado,017,186661,118,86,1,87,0
2020-05-30,Fresno,019,978130,3311,1744,45,1789,31
2020-05-30,Glenn,021,27897,19,16,0,16,0
2020-05-30,Humboldt,023,135768,112,98,0,98,2
2020-05-30,Imperial,025,180216,3716,2091,4,2095,14
2020-05-30,Inyo,027,18085,20,20,0,20,1
2020-05-30,Kern,029,883053,2854,2217,6,2223,38
2020-05-30,Kings,031,150075,1249,703,3,706,3
2020-05-30,Lake,033,64148,31,18,0,18,0
2020-05-30,Lassen,035,31185,10,4,2,6,0
2020-05-30,Los Angeles,037,10098052,61975,53627,21,53648,2319
2020-05-30,Madera,039,155013,266,101,1,102,2
2020-05-30,Marin,041,260295,534,462,2,464,14
2020-05-30,Mariposa,043,17540,16,16,0,16,1
2020-05-30,Mendocino,045,87422,32,24,0,24,0
2020-05-30,Merced,047,269075,396,285,0,285,6
2020-05-30,Modoc,049,8938,0,0,0,0,0
2020-05-30,Mono,051,14174,39,34,0,34,1
2020-05-30,Monterey,053,433212,705,520,2,522,10
2020-05-30,Napa,055,140530,147,113,0,113,3
2020-05-30,Nevada,057,99092,50,41,1,42,1
2020-05-30,Orange,059,3164182,9105,6354,70,6424,134
2020-05-30,Placer,061,380077,286,199,1,200,9
2020-05-30,Plumas,063,18699,4,4,0,4,0
2020-05-30,Riverside,065,2383286,9714,7492,21,7513,316
2020-05-30,Sacramento,067,1510023,1522,1384,2,1386,57
2020-05-30,San Benito,069,59416,97,85,0,85,2
2020-05-30,San Bernardino,071,2135413,6340,5122,5,5127,198
2020-05-30,San Diego,073,3302833,8547,7387,0,7387,269
2020-05-30,San Francisco,075,870044,2690,2496,0,2496,41
2020-05-30,San Joaquin,077,732212,1152,888,4,892,34
2020-05-30,San Luis Obispo,079,281455,358,270,4,274,1
2020-05-30,San Mateo,081,765935,2387,2129,4,2133,71
2020-05-30,Santa Barbara,083,443738,1782,1660,13,1673,9
2020-05-30,Santa Clara,085,1922200,3470,2741,13,2754,141
2020-05-30,Santa Cruz,087,273765,232,206,0,206,2
2020-05-30,Shasta,089,179085,60,36,0,36,4
2020-05-30,Sierra,091,2930,1,1,0,1,0
2020-05-30,Siskiyou,093,43540,11,7,0,7,0
2020-05-30,Solano,095,438530,626,512,1,513,6
2020-05-30,Sonoma,097,501317,631,551,1,552,4
2020-05-30,Stanislaus,099,539301,895,712,5,717,27
2020-05-30,Sutter,101,95872,49,40,0,40,2
2020-05-30,Tehama,103,63373,10,4,1,5,1
2020-05-30,Trinity,105,12862,7,1,2,3,0
2020-05-30,Tulare,107,460477,2599,1879,10,1889,81
2020-05-30,Tuolumne,109,53932,5,4,0,4,0
2020-05-30,Ventura,111,848112,1630,1116,10,1126,30
2020-05-30,Yolo,113,214977,238,210,0,210,24
2020-05-30,Yuba,115,75493,30,25,0,25,1
2020-05-29,Alameda,001,1643700,3813,3209,7,3216,96
2020-05-29,Alpine,003,1148,1,1,0,1,0
2020-05-29,Amador,005,37829,10,10,0,10,0
2020-05-29,Butte,007,227075,72,41,2,43,0
2020-05-29,Calaveras,009,45235,17,15,0,15,0
2020-05-29,Colusa,011,21464,8,5,0,5,0
2020-05-29,Contra Costa,013,1133247,1685,1411,1,1412,37
2020-05-29,Del Norte,015,27424,45,37,0,37,0
2020-05-29,El Dorado,017,186661,117,85,1,86,0
2020-05-29,Fresno,019,978130,3261,1687,45,1732,31
2020-05-29,Glenn,021,27897,19,14,0,14,0
2020-05-29,Humboldt,023,135768,111,98,0,98,2
2020-05-29,Imperial,025,180216,3598,1607,4,1611,14
2020-05-29,Inyo,027,18085,20,20,0,20,1
2020-05-29,Kern,029,883053,2796,2128,6,2134,36
2020-05-29,Kings,031,150075,1238,693,3,696,3
2020-05-29,Lake,033,64148,30,17,0,17,0
2020-05-29,Lassen,035,31185,10,0,2,2,0
2020-05-29,Los Angeles,037,10098052,61019,51578,21,51599,2273
2020-05-29,Madera,039,155013,251,98,1,99,2
2020-05-29,Marin,041,260295,526,448,2,450,14
2020-05-29,Mariposa,043,17540,16,16,0,16,1
2020-05-29,Mendocino,045,87422,30,25,0,25,0
2020-05-29,Merced,047,269075,391,285,0,285,7
2020-05-29,Modoc,049,8938,0,0,0,0,0
2020-05-29,Mono,051,14174,38,34,0,34,1
2020-05-29,Monterey,053,433212,675,479,2,481,10
2020-05-29,Napa,055,140530,144,113,0,113,3
2020-05-29,Nevada,057,99092,50,41,1,42,1
2020-05-29,Orange,059,3164182,8919,6176,67,6243,133
2020-05-29,Placer,061,380077,264,199,1,200,9
2020-05-29,Plumas,063,18699,4,4,0,4,0
2020-05-29,Riverside,065,2383286,9528,7376,21,7397,313
2020-05-29,Sacramento,067,1510023,1499,1360,2,1362,57
2020-05-29,San Benito,069,59416,97,84,0,84,2
2020-05-29,San Bernardino,071,2135413,6232,4983,5,4988,196
2020-05-29,San Diego,073,3302833,8424,7242,0,7242,266
2020-05-29,San Francisco,075,870044,2666,2453,0,2453,41
2020-05-29,San Joaquin,077,732212,1115,855,4,859,34
2020-05-29,San Luis Obispo,079,281455,354,270,4,274,1
2020-05-29,San Mateo,081,765935,2371,2103,4,2107,71
2020-05-29,Santa Barbara,083,443738,1755,1656,13,1669,9
2020-05-29,Santa Clara,085,1922200,3442,2707,13,2720,141
2020-05-29,Santa Cruz,087,273765,229,203,0,203,2
2020-05-29,Shasta,089,179085,60,36,0,36,4
2020-05-29,Sierra,091,2930,1,1,0,1,0
2020-05-29,Siskiyou,093,43540,11,7,0,7,0
2020-05-29,Solano,095,438530,618,498,1,499,6
2020-05-29,Sonoma,097,501317,620,537,1,538,4
2020-05-29,Stanislaus,099,539301,865,698,5,703,27
2020-05-29,Sutter,101,95872,47,40,0,40,2
2020-05-29,Tehama,103,63373,9,4,1,5,1
2020-05-29,Trinity,105,12862,7,1,2,3,0
2020-05-29,Tulare,107,460477,2561,1852,10,1862,80
2020-05-29,Tuolumne,109,53932,5,4,0,4,0
2020-05-29,Ventura,111,848112,1606,1093,10,1103,29
2020-05-29,Yolo,113,214977,234,211,0,211,24
2020-05-29,Yuba,115,75493,29,25,0,25,1
2020-05-28,Alameda,001,1643700,3714,3083,7,3090,94
2020-05-28,Alpine,003,1148,1,1,0,1,0
2020-05-28,Amador,005,37829,10,10,0,10,0
2020-05-28,Butte,007,227075,71,40,2,42,0
2020-05-28,Calaveras,009,45235,16,15,0,15,0
2020-05-28,Colusa,011,21464,8,5,0,5,0
2020-05-28,Contra Costa,013,1133247,1646,1392,1,1393,37
2020-05-28,Del Norte,015,27424,45,37,0,37,0
2020-05-28,El Dorado,017,186661,114,82,1,83,0
2020-05-28,Fresno,019,978130,3180,1653,44,1697,31
2020-05-28,Glenn,021,27897,18,14,0,14,0
2020-05-28,Humboldt,023,135768,110,97,0,97,2
2020-05-28,Imperial,025,180216,3403,1430,4,1434,14
2020-05-28,Inyo,027,18085,20,20,0,20,1
2020-05-28,Kern,029,883053,2718,2069,6,2075,36
2020-05-28,Kings,031,150075,901,626,3,629,3
2020-05-28,Lake,033,64148,29,17,0,17,0
2020-05-28,Lassen,035,31185,10,0,2,2,0
2020-05-28,Los Angeles,037,10098052,59437,49861,21,49882,2222
2020-05-28,Madera,039,155013,233,93,1,94,2
2020-05-28,Marin,041,260295,501,443,2,445,14
2020-05-28,Mariposa,043,17540,16,16,0,16,1
2020-05-28,Mendocino,045,87422,28,24,0,24,0
2020-05-28,Merced,047,269075,382,283,0,283,7
2020-05-28,Modoc,049,8938,0,0,0,0,0
2020-05-28,Mono,051,14174,38,34,0,34,1
2020-05-28,Monterey,053,433212,643,471,2,473,10
2020-05-28,Napa,055,140530,141,113,0,113,3
2020-05-28,Nevada,057,99092,45,41,1,42,1
2020-05-28,Orange,059,3164182,8723,6045,67,6112,130
2020-05-28,Placer,061,380077,257,196,1,197,9
2020-05-28,Plumas,063,18699,4,4,0,4,0
2020-05-28,Riverside,065,2383286,9124,7240,20,7260,304
2020-05-28,Sacramento,067,1510023,1479,1339,2,1341,57
2020-05-28,San Benito,069,59416,96,82,0,82,2
2020-05-28,San Bernardino,071,2135413,6067,4831,5,4836,191
2020-05-28,San Diego,073,3302833,8267,7102,0,7102,260
2020-05-28,San Francisco,075,870044,2632,2417,0,2417,40
2020-05-28,San Joaquin,077,732212,1080,840,4,844,34
2020-05-28,San Luis Obispo,079,281455,351,267,4,271,1
2020-05-28,San Mateo,081,765935,2344,2070,4,2074,71
2020-05-28,Santa Barbara,083,443738,1727,1642,12,1654,9
2020-05-28,Santa Clara,085,1922200,3402,2698,13,2711,140
2020-05-28,Santa Cruz,087,273765,228,201,0,201,2
2020-05-28,Shasta,089,179085,58,36,0,36,4
2020-05-28,Sierra,091,2930,1,1,0,1,0
2020-05-28,Siskiyou,093,43540,9,6,0,6,0
2020-05-28,Solano,095,438530,601,489,1,490,6
2020-05-28,Sonoma,097,501317,598,529,1,530,4
2020-05-28,Stanislaus,099,539301,824,684,5,689,27
2020-05-28,Sutter,101,95872,47,40,0,40,2
2020-05-28,Tehama,103,63373,9,4,1,5,1
2020-05-28,Trinity,105,12862,6,1,2,3,0
2020-05-28,Tulare,107,460477,2525,1832,10,1842,79
2020-05-28,Tuolumne,109,53932,5,4,0,4,0
2020-05-28,Ventura,111,848112,1573,1083,10,1093,29
2020-05-28,Yolo,113,214977,231,206,0,206,22
2020-05-28,Yuba,115,75493,28,24,0,24,1
2020-05-27,Alameda,001,1643700,3631,3037,7,3044,94
2020-05-27,Alpine,003,1148,1,1,0,1,0
2020-05-27,Amador,005,37829,10,10,0,10,0
2020-05-27,Butte,007,227075,68,40,1,41,0
2020-05-27,Calaveras,009,45235,15,15,0,15,0
2020-05-27,Colusa,011,21464,8,5,0,5,0
2020-05-27,Contra Costa,013,1133247,1606,1373,1,1374,37
2020-05-27,Del Norte,015,27424,45,34,0,34,0
2020-05-27,El Dorado,017,186661,113,82,1,83,0
2020-05-27,Fresno,019,978130,3092,1620,44,1664,27
2020-05-27,Glenn,021,27897,18,14,0,14,0
2020-05-27,Humboldt,023,135768,110,86,0,86,2
2020-05-27,Imperial,025,180216,3223,1369,4,1373,14
2020-05-27,Inyo,027,18085,20,20,0,20,1
2020-05-27,Kern,029,883053,2653,1999,6,2005,37
2020-05-27,Kings,031,150075,874,586,3,589,3
2020-05-27,Lake,033,64148,29,13,0,13,0
2020-05-27,Lassen,035,31185,10,0,2,2,0
2020-05-27,Los Angeles,037,10098052,58062,48711,21,48732,2177
2020-05-27,Madera,039,155013,224,91,1,92,2
2020-05-27,Marin,041,260295,472,439,2,441,14
2020-05-27,Mariposa,043,17540,16,16,0,16,1
2020-05-27,Mendocino,045,87422,27,21,0,21,0
2020-05-27,Merced,047,269075,378,278,0,278,7
2020-05-27,Modoc,049,8938,0,0,0,0,0
2020-05-27,Mono,051,14174,38,34,0,34,1
2020-05-27,Monterey,053,433212,603,443,2,445,8
2020-05-27,Napa,055,140530,136,112,0,112,3
2020-05-27,Nevada,057,99092,44,41,1,42,1
2020-05-27,Orange,059,3164182,8568,5849,67,5916,121
2020-05-27,Placer,061,380077,238,196,0,196,9
2020-05-27,Plumas,063,18699,4,4,0,4,0
2020-05-27,Riverside,065,2383286,8745,7156,20,7176,299
2020-05-27,Sacramento,067,1510023,1451,1318,2,1320,50
2020-05-27,San Benito,069,59416,93,74,0,74,2
2020-05-27,San Bernardino,071,2135413,5883,4708,5,4713,183
2020-05-27,San Diego,073,3302833,8116,6985,0,6985,255
2020-05-27,San Francisco,075,870044,2603,2394,0,2394,40
2020-05-27,San Joaquin,077,732212,1039,825,4,829,34
2020-05-27,San Luis Obispo,079,281455,346,266,4,270,1
2020-05-27,San Mateo,081,765935,2304,2045,4,2049,71
2020-05-27,Santa Barbara,083,443738,1712,1629,12,1641,9
2020-05-27,Santa Clara,085,1922200,3369,2680,13,2693,140
2020-05-27,Santa Cruz,087,273765,224,202,0,202,2
2020-05-27,Shasta,089,179085,55,36,0,36,4
2020-05-27,Sierra,091,2930,1,1,0,1,0
2020-05-27,Siskiyou,093,43540,9,6,0,6,0
2020-05-27,Solano,095,438530,581,477,1,478,5
2020-05-27,Sonoma,097,501317,584,521,1,522,4
2020-05-27,Stanislaus,099,539301,799,675,5,680,27
2020-05-27,Sutter,101,95872,46,40,0,40,2
2020-05-27,Tehama,103,63373,9,3,1,4,1
2020-05-27,Trinity,105,12862,6,1,2,3,0
2020-05-27,Tulare,107,460477,2473,1817,10,1827,77
2020-05-27,Tuolumne,109,53932,5,4,0,4,0
2020-05-27,Ventura,111,848112,1548,1065,10,1075,28
2020-05-27,Yolo,113,214977,230,204,0,204,22
2020-05-27,Yuba,115,75493,28,24,0,24,1
2020-05-26,Alameda,001,1643700,3536,2956,7,2963,92
2020-05-26,Alpine,003,1148,1,1,0,1,0
2020-05-26,Amador,005,37829,10,10,0,10,0
2020-05-26,Butte,007,227075,66,37,1,38,0
2020-05-26,Calaveras,009,45235,15,13,0,13,0
2020-05-26,Colusa,011,21464,8,4,0,4,0
2020-05-26,Contra Costa,013,1133247,1571,1352,1,1353,37
2020-05-26,Del Norte,015,27424,44,30,0,30,0
2020-05-26,El Dorado,017,186661,109,79,1,80,0
2020-05-26,Fresno,019,978130,3005,1496,44,1540,22
2020-05-26,Glenn,021,27897,16,12,0,12,0
2020-05-26,Humboldt,023,135768,108,81,0,81,2
2020-05-26,Imperial,025,180216,3008,1369,4,1373,14
2020-05-26,Inyo,027,18085,20,20,0,20,1
2020-05-26,Kern,029,883053,2575,1890,6,1896,31
2020-05-26,Kings,031,150075,806,449,2,451,2
2020-05-26,Lake,033,64148,27,12,0,12,0
2020-05-26,Lassen,035,31185,9,0,2,2,0
2020-05-26,Los Angeles,037,10098052,56595,47760,21,47781,2121
2020-05-26,Madera,039,155013,209,83,1,84,2
2020-05-26,Marin,041,260295,460,424,2,426,14
2020-05-26,Mariposa,043,17540,16,16,0,16,1
2020-05-26,Mendocino,045,87422,25,20,0,20,0
2020-05-26,Merced,047,269075,363,266,0,266,7
2020-05-26,Modoc,049,8938,0,1,0,1,0
2020-05-26,Mono,051,14174,37,34,0,34,1
2020-05-26,Monterey,053,433212,575,424,1,425,8
2020-05-26,Napa,055,140530,131,109,0,109,3
2020-05-26,Nevada,057,99092,43,41,1,42,1
2020-05-26,Orange,059,3164182,8298,5651,66,5717,115
2020-05-26,Placer,061,380077,233,188,0,188,9
2020-05-26,Plumas,063,18699,4,4,0,4,0
2020-05-26,Riverside,065,2383286,8298,6917,20,6937,284
2020-05-26,Sacramento,067,1510023,1425,1298,2,1300,50
2020-05-26,San Benito,069,59416,88,69,0,69,2
2020-05-26,San Bernardino,071,2135413,5715,4430,5,4435,175
2020-05-26,San Diego,073,3302833,7973,6884,0,6884,249
2020-05-26,San Francisco,075,870044,2570,2363,0,2363,40
2020-05-26,San Joaquin,077,732212,992,760,4,764,33
2020-05-26,San Luis Obispo,079,281455,344,260,4,264,1
2020-05-26,San Mateo,081,765935,2266,1967,3,1970,71
2020-05-26,Santa Barbara,083,443738,1695,1590,11,1601,9
2020-05-26,Santa Clara,085,1922200,3337,2659,13,2672,139
2020-05-26,Santa Cruz,087,273765,222,197,0,197,2
2020-05-26,Shasta,089,179085,55,36,0,36,4
2020-05-26,Sierra,091,2930,1,1,0,1,0
2020-05-26,Siskiyou,093,43540,8,6,0,6,0
2020-05-26,Solano,095,438530,563,470,1,471,5
2020-05-26,Sonoma,097,501317,576,509,0,509,4
2020-05-26,Stanislaus,099,539301,779,663,5,668,27
2020-05-26,Sutter,101,95872,45,39,0,39,2
2020-05-26,Tehama,103,63373,8,2,1,3,1
2020-05-26,Trinity,105,12862,6,1,2,3,0
2020-05-26,Tulare,107,460477,2417,1768,10,1778,76
2020-05-26,Tuolumne,109,53932,5,2,0,2,0
2020-05-26,Ventura,111,848112,1511,1033,8,1041,27
2020-05-26,Yolo,113,214977,224,198,0,198,22
2020-05-26,Yuba,115,75493,27,24,0,24,1
2020-05-25,Alameda,001,1643700,3442,2900,6,2906,92
2020-05-25,Alpine,003,1148,1,1,0,1,0
2020-05-25,Amador,005,37829,10,10,0,10,0
2020-05-25,Butte,007,227075,63,37,1,38,0
2020-05-25,Calaveras,009,45235,15,13,0,13,0
2020-05-25,Colusa,011,21464,7,4,0,4,0
2020-05-25,Contra Costa,013,1133247,1539,1348,1,1349,37
2020-05-25,Del Norte,015,27424,44,20,0,20,0
2020-05-25,El Dorado,017,186661,101,78,1,79,0
2020-05-25,Fresno,019,978130,2901,1496,42,1538,22
2020-05-25,Glenn,021,27897,16,12,0,12,0
2020-05-25,Humboldt,023,135768,107,81,0,81,2
2020-05-25,Imperial,025,180216,2798,1369,4,1373,14
2020-05-25,Inyo,027,18085,19,20,0,20,1
2020-05-25,Kern,029,883053,2504,1890,6,1896,31
2020-05-25,Kings,031,150075,776,447,2,449,2
2020-05-25,Lake,033,64148,25,13,0,13,0
2020-05-25,Lassen,035,31185,9,0,2,2,0
2020-05-25,Los Angeles,037,10098052,54784,45952,20,45972,2094
2020-05-25,Madera,039,155013,196,83,1,84,2
2020-05-25,Marin,041,260295,442,415,2,417,14
2020-05-25,Mariposa,043,17540,16,15,0,15,1
2020-05-25,Mendocino,045,87422,22,19,0,19,0
2020-05-25,Merced,047,269075,356,262,0,262,6
2020-05-25,Modoc,049,8938,0,1,0,1,0
2020-05-25,Mono,051,14174,37,34,0,34,1
2020-05-25,Monterey,053,433212,545,418,1,419,8
2020-05-25,Napa,055,140530,131,107,0,107,3
2020-05-25,Nevada,057,99092,43,41,1,42,1
2020-05-25,Orange,059,3164182,8076,5601,65,5666,115
2020-05-25,Placer,061,380077,229,186,0,186,9
2020-05-25,Plumas,063,18699,4,4,0,4,0
2020-05-25,Riverside,065,2383286,8067,6900,20,6920,284
2020-05-25,Sacramento,067,1510023,1405,1290,1,1291,50
2020-05-25,San Benito,069,59416,87,70,0,70,2
2020-05-25,San Bernardino,071,2135413,5525,4393,4,4397,175
2020-05-25,San Diego,073,3302833,7797,6799,0,6799,249
2020-05-25,San Francisco,075,870044,2533,2358,0,2358,40
2020-05-25,San Joaquin,077,732212,966,760,4,764,33
2020-05-25,San Luis Obispo,079,281455,341,260,4,264,1
2020-05-25,San Mateo,081,765935,2229,1938,3,1941,71
2020-05-25,Santa Barbara,083,443738,1685,1590,11,1601,9
2020-05-25,Santa Clara,085,1922200,3304,2647,13,2660,139
2020-05-25,Santa Cruz,087,273765,220,191,0,191,2
2020-05-25,Shasta,089,179085,54,36,0,36,4
2020-05-25,Sierra,091,2930,1,1,0,1,0
2020-05-25,Siskiyou,093,43540,8,6,0,6,0
2020-05-25,Solano,095,438530,549,437,1,438,5
2020-05-25,Sonoma,097,501317,564,496,0,496,4
2020-05-25,Stanislaus,099,539301,749,651,5,656,27
2020-05-25,Sutter,101,95872,45,38,0,38,2
2020-05-25,Tehama,103,63373,7,2,1,3,1
2020-05-25,Trinity,105,12862,6,1,2,3,0
2020-05-25,Tulare,107,460477,2353,1747,10,1757,76
2020-05-25,Tuolumne,109,53932,5,2,0,2,0
2020-05-25,Ventura,111,848112,1470,1020,8,1028,27
2020-05-25,Yolo,113,214977,222,197,0,197,22
2020-05-25,Yuba,115,75493,26,24,0,24,1
2020-05-24,Alameda,001,1643700,3369,2830,6,2836,92
2020-05-24,Alpine,003,1148,1,1,0,1,0
2020-05-24,Amador,005,37829,10,9,0,9,0
2020-05-24,Butte,007,227075,61,35,1,36,0
2020-05-24,Calaveras,009,45235,15,13,0,13,0
2020-05-24,Colusa,011,21464,7,4,0,4,0
2020-05-24,Contra Costa,013,1133247,1511,1325,1,1326,37
2020-05-24,Del Norte,015,27424,43,16,0,16,0
2020-05-24,El Dorado,017,186661,100,76,1,77,0
2020-05-24,Fresno,019,978130,2834,1455,41,1496,22
2020-05-24,Glenn,021,27897,15,12,0,12,0
2020-05-24,Humboldt,023,135768,107,81,0,81,2
2020-05-24,Imperial,025,180216,2672,1369,4,1373,14
2020-05-24,Inyo,027,18085,19,20,0,20,1
2020-05-24,Kern,029,883053,2431,1861,5,1866,31
2020-05-24,Kings,031,150075,765,446,2,448,2
2020-05-24,Lake,033,64148,24,12,0,12,0
2020-05-24,Lassen,035,31185,8,0,2,2,0
2020-05-24,Los Angeles,037,10098052,53769,44954,20,44974,2085
2020-05-24,Madera,039,155013,190,83,1,84,2
2020-05-24,Marin,041,260295,440,401,2,403,14
2020-05-24,Mariposa,043,17540,16,15,0,15,1
2020-05-24,Mendocino,045,87422,21,19,0,19,0
2020-05-24,Merced,047,269075,355,258,0,258,6
2020-05-24,Modoc,049,8938,0,0,0,0,0
2020-05-24,Mono,051,14174,37,34,0,34,1
2020-05-24,Monterey,053,433212,517,405,1,406,8
2020-05-24,Napa,055,140530,129,104,0,104,3
2020-05-24,Nevada,057,99092,43,41,1,42,1
2020-05-24,Orange,059,3164182,7922,5439,64,5503,113
2020-05-24,Placer,061,380077,221,184,0,184,9
2020-05-24,Plumas,063,18699,4,4,0,4,0
2020-05-24,Riverside,065,2383286,7926,6571,20,6591,284
2020-05-24,Sacramento,067,1510023,1389,1283,1,1284,50
2020-05-24,San Benito,069,59416,86,67,0,67,2
2020-05-24,San Bernardino,071,2135413,5417,4262,4,4266,175
2020-05-24,San Diego,073,3302833,7654,6703,0,6703,249
2020-05-24,San Francisco,075,870044,2510,2318,0,2318,40
2020-05-24,San Joaquin,077,732212,947,760,4,764,33
2020-05-24,San Luis Obispo,079,281455,339,257,4,261,1
2020-05-24,San Mateo,081,765935,2194,1925,3,1928,71
2020-05-24,Santa Barbara,083,443738,1673,1573,11,1584,9
2020-05-24,Santa Clara,085,1922200,3284,2623,13,2636,139
2020-05-24,Santa Cruz,087,273765,217,185,0,185,2
2020-05-24,Shasta,089,179085,53,36,0,36,4
2020-05-24,Sierra,091,2930,1,1,0,1,0
2020-05-24,Siskiyou,093,43540,7,6,0,6,0
2020-05-24,Solano,095,438530,541,436,0,436,5
2020-05-24,Sonoma,097,501317,553,485,0,485,4
2020-05-24,Stanislaus,099,539301,729,634,5,639,27
2020-05-24,Sutter,101,95872,45,38,0,38,2
2020-05-24,Tehama,103,63373,5,2,1,3,1
2020-05-24,Trinity,105,12862,6,1,2,3,0
2020-05-24,Tulare,107,460477,2307,1684,10,1694,74
2020-05-24,Tuolumne,109,53932,5,2,0,2,0
2020-05-24,Ventura,111,848112,1458,982,8,990,27
2020-05-24,Yolo,113,214977,220,192,0,192,22
2020-05-24,Yuba,115,75493,26,24,0,24,1
2020-05-23,Alameda,001,1643700,3328,2783,6,2789,91
2020-05-23,Alpine,003,1148,1,1,0,1,0
2020-05-23,Amador,005,37829,10,9,0,9,0
2020-05-23,Butte,007,227075,60,34,1,35,0
2020-05-23,Calaveras,009,45235,15,13,0,13,0
2020-05-23,Colusa,011,21464,7,4,0,4,0
2020-05-23,Contra Costa,013,1133247,1500,1302,1,1303,36
2020-05-23,Del Norte,015,27424,43,10,0,10,0
2020-05-23,El Dorado,017,186661,100,74,1,75,0
2020-05-23,Fresno,019,978130,2814,1447,41,1488,21
2020-05-23,Glenn,021,27897,15,12,0,12,0
2020-05-23,Humboldt,023,135768,105,80,0,80,2
2020-05-23,Imperial,025,180216,2584,1283,4,1287,14
2020-05-23,Inyo,027,18085,19,20,0,20,1
2020-05-23,Kern,029,883053,2388,1806,5,1811,31
2020-05-23,Kings,031,150075,761,444,2,446,2
2020-05-23,Lake,033,64148,23,10,0,10,0
2020-05-23,Lassen,035,31185,8,0,2,2,0
2020-05-23,Los Angeles,037,10098052,53227,44029,20,44049,2069
2020-05-23,Madera,039,155013,186,83,1,84,2
2020-05-23,Marin,041,260295,440,393,1,394,14
2020-05-23,Mariposa,043,17540,16,15,0,15,1
2020-05-23,Mendocino,045,87422,21,13,0,13,0
2020-05-23,Merced,047,269075,352,247,0,247,6
2020-05-23,Modoc,049,8938,0,0,0,0,0
2020-05-23,Mono,051,14174,36,34,0,34,1
2020-05-23,Monterey,053,433212,503,397,1,398,8
2020-05-23,Napa,055,140530,125,101,0,101,3
2020-05-23,Nevada,057,99092,43,41,1,42,1
2020-05-23,Orange,059,3164182,7763,5313,63,5376,113
2020-05-23,Placer,061,380077,215,184,0,184,9
2020-05-23,Plumas,063,18699,4,4,0,4,0
2020-05-23,Riverside,065,2383286,7835,6460,20,6480,284
2020-05-23,Sacramento,067,1510023,1373,1275,1,1276,50
2020-05-23,San Benito,069,59416,81,67,0,67,2
2020-05-23,San Bernardino,071,2135413,5323,4172,4,4176,175
2020-05-23,San Diego,073,3302833,7563,6561,0,6561,249
2020-05-23,San Francisco,075,870044,2491,2312,0,2312,40
2020-05-23,San Joaquin,077,732212,932,759,4,763,33
2020-05-23,San Luis Obispo,079,281455,335,256,4,260,1
2020-05-23,San Mateo,081,765935,2166,1862,3,1865,71
2020-05-23,Santa Barbara,083,443738,1665,1566,11,1577,9
2020-05-23,Santa Clara,085,1922200,3270,2593,12,2605,139
2020-05-23,Santa Cruz,087,273765,215,177,0,177,2
2020-05-23,Shasta,089,179085,53,35,0,35,4
2020-05-23,Sierra,091,2930,1,1,0,1,0
2020-05-23,Siskiyou,093,43540,7,6,0,6,0
2020-05-23,Solano,095,438530,536,435,0,435,5
2020-05-23,Sonoma,097,501317,539,462,0,462,4
2020-05-23,Stanislaus,099,539301,721,625,5,630,27
2020-05-23,Sutter,101,95872,44,38,0,38,2
2020-05-23,Tehama,103,63373,5,2,1,3,1
2020-05-23,Trinity,105,12862,6,1,2,3,0
2020-05-23,Tulare,107,460477,2286,1682,10,1692,73
2020-05-23,Tuolumne,109,53932,5,2,0,2,0
2020-05-23,Ventura,111,848112,1438,961,8,969,27
2020-05-23,Yolo,113,214977,219,188,0,188,22
2020-05-23,Yuba,115,75493,26,24,0,24,1
2020-05-22,Alameda,001,1643700,3274,2722,6,2728,91
2020-05-22,Alpine,003,1148,1,1,0,1,0
2020-05-22,Amador,005,37829,10,9,0,9,0
2020-05-22,Butte,007,227075,58,34,1,35,0
2020-05-22,Calaveras,009,45235,15,13,0,13,0
2020-05-22,Colusa,011,21464,7,4,0,4,0
2020-05-22,Contra Costa,013,1133247,1488,1272,1,1273,36
2020-05-22,Del Norte,015,27424,41,9,0,9,0
2020-05-22,El Dorado,017,186661,97,74,1,75,0
2020-05-22,Fresno,019,978130,2755,1399,40,1439,20
2020-05-22,Glenn,021,27897,15,12,0,12,0
2020-05-22,Humboldt,023,135768,105,80,0,80,2
2020-05-22,Imperial,025,180216,2483,1214,4,1218,14
2020-05-22,Inyo,027,18085,19,20,0,20,1
2020-05-22,Kern,029,883053,2339,1749,5,1754,28
2020-05-22,Kings,031,150075,758,428,2,430,2
2020-05-22,Lake,033,64148,22,10,0,10,0
2020-05-22,Lassen,035,31185,6,0,2,2,0
2020-05-22,Los Angeles,037,10098052,52433,43025,20,43045,2027
2020-05-22,Madera,039,155013,182,82,1,83,2
2020-05-22,Marin,041,260295,436,372,1,373,14
2020-05-22,Mariposa,043,17540,16,15,0,15,1
2020-05-22,Mendocino,045,87422,20,13,0,13,0
2020-05-22,Merced,047,269075,352,233,0,233,6
2020-05-22,Modoc,049,8938,0,0,0,0,0
2020-05-22,Mono,051,14174,36,34,0,34,1
2020-05-22,Monterey,053,433212,492,372,1,373,8
2020-05-22,Napa,055,140530,123,97,0,97,3
2020-05-22,Nevada,057,99092,42,41,1,42,1
2020-05-22,Orange,059,3164182,7566,5144,61,5205,113
2020-05-22,Placer,061,380077,215,181,0,181,9
2020-05-22,Plumas,063,18699,4,4,0,4,0
2020-05-22,Riverside,065,2383286,7720,6351,20,6371,283
2020-05-22,Sacramento,067,1510023,1357,1262,1,1263,50
2020-05-22,San Benito,069,59416,80,64,0,64,2
2020-05-22,San Bernardino,071,2135413,5248,4107,4,4111,173
2020-05-22,San Diego,073,3302833,7477,6436,0,6436,242
2020-05-22,San Francisco,075,870044,2473,2251,0,2251,40
2020-05-22,San Joaquin,077,732212,919,747,4,751,33
2020-05-22,San Luis Obispo,079,281455,334,254,4,258,1
2020-05-22,San Mateo,081,765935,2147,1847,3,1850,71
2020-05-22,Santa Barbara,083,443738,1655,1554,11,1565,9
2020-05-22,Santa Clara,085,1922200,3250,2537,12,2549,139
2020-05-22,Santa Cruz,087,273765,212,171,0,171,2
2020-05-22,Shasta,089,179085,53,34,0,34,4
2020-05-22,Sierra,091,2930,1,0,0,0,0
2020-05-22,Siskiyou,093,43540,7,6,0,6,0
2020-05-22,Solano,095,438530,533,431,0,431,4
2020-05-22,Sonoma,097,501317,535,444,0,444,4
2020-05-22,Stanislaus,099,539301,711,616,5,621,27
2020-05-22,Sutter,101,95872,44,38,0,38,2
2020-05-22,Tehama,103,63373,5,2,0,2,1
2020-05-22,Trinity,105,12862,6,1,2,3,0
2020-05-22,Tulare,107,460477,2256,1662,10,1672,73
2020-05-22,Tuolumne,109,53932,5,2,0,2,0
2020-05-22,Ventura,111,848112,1420,937,8,945,27
2020-05-22,Yolo,113,214977,217,187,0,187,22
2020-05-22,Yuba,115,75493,26,24,0,24,1
2020-05-21,Alameda,001,1643700,3208,2606,6,2612,89
2020-05-21,Alpine,003,1148,1,1,0,1,0
2020-05-21,Amador,005,37829,10,9,0,9,0
2020-05-21,Butte,007,227075,57,31,1,32,0
2020-05-21,Calaveras,009,45235,15,13,0,13,0
2020-05-21,Colusa,011,21464,7,4,0,4,0
2020-05-21,Contra Costa,013,1133247,1452,1243,1,1244,36
2020-05-21,Del Norte,015,27424,38,9,0,9,0
2020-05-21,El Dorado,017,186661,95,67,1,68,0
2020-05-21,Fresno,019,978130,2664,1362,39,1401,20
2020-05-21,Glenn,021,27897,14,12,0,12,0
2020-05-21,Humboldt,023,135768,104,79,0,79,0
2020-05-21,Imperial,025,180216,2322,1096,4,1100,14
2020-05-21,Inyo,027,18085,19,20,0,20,1
2020-05-21,Kern,029,883053,2263,1684,4,1688,27
2020-05-21,Kings,031,150075,737,417,2,419,2
2020-05-21,Lake,033,64148,17,10,0,10,0
2020-05-21,Lassen,035,31185,6,0,2,2,0
2020-05-21,Los Angeles,037,10098052,51396,42063,20,42083,1996
2020-05-21,Madera,039,155013,179,82,1,83,2
2020-05-21,Marin,041,260295,425,359,1,360,14
2020-05-21,Mariposa,043,17540,16,15,0,15,1
2020-05-21,Mendocino,045,87422,20,12,0,12,0
2020-05-21,Merced,047,269075,341,226,0,226,6
2020-05-21,Modoc,049,8938,0,0,0,0,0
2020-05-21,Mono,051,14174,36,33,0,33,1
2020-05-21,Monterey,053,433212,481,363,1,364,8
2020-05-21,Napa,055,140530,121,96,0,96,3
2020-05-21,Nevada,057,99092,42,41,1,42,1
2020-05-21,Orange,059,3164182,7363,4975,60,5035,106
2020-05-21,Placer,061,380077,208,176,0,176,8
2020-05-21,Plumas,063,18699,4,4,0,4,0
2020-05-21,Riverside,065,2383286,7534,6245,20,6265,279
2020-05-21,Sacramento,067,1510023,1344,1258,1,1259,56
2020-05-21,San Benito,069,59416,77,61,0,61,2
2020-05-21,San Bernardino,071,2135413,5101,3950,4,3954,167
2020-05-21,San Diego,073,3302833,7341,6317,0,6317,241
2020-05-21,San Francisco,075,870044,2449,2248,0,2248,37
2020-05-21,San Joaquin,077,732212,883,730,4,734,33
2020-05-21,San Luis Obispo,079,281455,334,251,3,254,1
2020-05-21,San Mateo,081,765935,2111,1791,3,1794,74
2020-05-21,Santa Barbara,083,443738,1640,1541,11,1552,10
2020-05-21,Santa Clara,085,1922200,3227,2520,12,2532,138
2020-05-21,Santa Cruz,087,273765,204,164,0,164,3
2020-05-21,Shasta,089,179085,51,34,0,34,4
2020-05-21,Sierra,091,2930,1,0,0,0,0
2020-05-21,Siskiyou,093,43540,7,6,0,6,0
2020-05-21,Solano,095,438530,524,424,0,424,4
2020-05-21,Sonoma,097,501317,517,427,0,427,4
2020-05-21,Stanislaus,099,539301,700,602,5,607,27
2020-05-21,Sutter,101,95872,43,38,0,38,2
2020-05-21,Tehama,103,63373,4,2,0,2,1
2020-05-21,Trinity,105,12862,5,1,2,3,0
2020-05-21,Tulare,107,460477,2206,1606,8,1614,73
2020-05-21,Tuolumne,109,53932,3,2,0,2,0
2020-05-21,Ventura,111,848112,1371,907,8,915,30
2020-05-21,Yolo,113,214977,214,185,0,185,22
2020-05-21,Yuba,115,75493,26,24,0,24,1
2020-05-20,Alameda,001,1643700,3135,2554,6,2560,89
2020-05-20,Alpine,003,1148,1,1,0,1,0
2020-05-20,Amador,005,37829,10,9,0,9,0
2020-05-20,Butte,007,227075,54,30,1,31,0
2020-05-20,Calaveras,009,45235,15,13,0,13,0
2020-05-20,Colusa,011,21464,7,3,0,3,0
2020-05-20,Contra Costa,013,1133247,1422,1223,1,1224,33
2020-05-20,Del Norte,015,27424,31,9,0,9,0
2020-05-20,El Dorado,017,186661,94,67,1,68,0
2020-05-20,Fresno,019,978130,2591,1329,38,1367,17
2020-05-20,Glenn,021,27897,13,12,0,12,0
2020-05-20,Humboldt,023,135768,101,73,0,73,0
2020-05-20,Imperial,025,180216,2209,1047,4,1051,14
2020-05-20,Inyo,027,18085,19,20,0,20,1
2020-05-20,Kern,029,883053,2200,1639,3,1642,27
2020-05-20,Kings,031,150075,593,403,2,405,2
2020-05-20,Lake,033,64148,17,9,0,9,0
2020-05-20,Lassen,035,31185,5,0,2,2,0
2020-05-20,Los Angeles,037,10098052,50401,40932,20,40952,1955
2020-05-20,Madera,039,155013,177,82,1,83,2
2020-05-20,Marin,041,260295,398,348,1,349,14
2020-05-20,Mariposa,043,17540,16,15,0,15,1
2020-05-20,Mendocino,045,87422,20,12,0,12,0
2020-05-20,Merced,047,269075,334,225,0,225,6
2020-05-20,Modoc,049,8938,0,0,0,0,0
2020-05-20,Mono,051,14174,36,33,0,33,1
2020-05-20,Monterey,053,433212,467,356,1,357,8
2020-05-20,Napa,055,140530,114,93,0,93,3
2020-05-20,Nevada,057,99092,42,41,1,42,1
2020-05-20,Orange,059,3164182,7155,4866,58,4924,96
2020-05-20,Placer,061,380077,206,176,0,176,8
2020-05-20,Plumas,063,18699,4,4,0,4,0
2020-05-20,Riverside,065,2383286,7391,6090,20,6110,265
2020-05-20,Sacramento,067,1510023,1334,1244,1,1245,56
2020-05-20,San Benito,069,59416,76,61,0,61,2
2020-05-20,San Bernardino,071,2135413,4973,3771,4,3775,161
2020-05-20,San Diego,073,3302833,7224,6142,0,6142,230
2020-05-20,San Francisco,075,870044,2426,2199,0,2199,37
2020-05-20,San Joaquin,077,732212,847,713,4,717,33
2020-05-20,San Luis Obispo,079,281455,327,249,3,252,1
2020-05-20,San Mateo,081,765935,2058,1739,3,1742,74
2020-05-20,Santa Barbara,083,443738,1621,1524,11,1535,10
2020-05-20,Santa Clara,085,1922200,3206,2508,11,2519,138
2020-05-20,Santa Cruz,087,273765,201,163,0,163,3
2020-05-20,Shasta,089,179085,51,34,0,34,4
2020-05-20,Sierra,091,2930,1,0,0,0,0
2020-05-20,Siskiyou,093,43540,7,6,0,6,0
2020-05-20,Solano,095,438530,519,418,0,418,4
2020-05-20,Sonoma,097,501317,508,411,0,411,4
2020-05-20,Stanislaus,099,539301,684,584,4,588,25
2020-05-20,Sutter,101,95872,43,38,0,38,2
2020-05-20,Tehama,103,63373,4,2,0,2,1
2020-05-20,Trinity,105,12862,4,1,1,2,0
2020-05-20,Tulare,107,460477,2165,1585,8,1593,71
2020-05-20,Tuolumne,109,53932,3,2,0,2,0
2020-05-20,Ventura,111,848112,1335,879,8,887,29
2020-05-20,Yolo,113,214977,211,184,0,184,22
2020-05-20,Yuba,115,75493,26,23,0,23,1
2020-05-19,Alameda,001,1643700,3058,2493,4,2497,88
2020-05-19,Alpine,003,1148,1,1,0,1,0
2020-05-19,Amador,005,37829,10,9,0,9,0
2020-05-19,Butte,007,227075,52,25,1,26,0
2020-05-19,Calaveras,009,45235,15,13,0,13,0
2020-05-19,Colusa,011,21464,5,3,0,3,0
2020-05-19,Contra Costa,013,1133247,1398,1205,1,1206,33
2020-05-19,Del Norte,015,27424,28,8,0,8,0
2020-05-19,El Dorado,017,186661,91,67,0,67,0
2020-05-19,Fresno,019,978130,2477,1288,37,1325,15
2020-05-19,Glenn,021,27897,13,12,0,12,0
2020-05-19,Humboldt,023,135768,101,72,0,72,0
2020-05-19,Imperial,025,180216,2048,1012,4,1016,14
2020-05-19,Inyo,027,18085,19,20,0,20,1
2020-05-19,Kern,029,883053,2102,1601,3,1604,26
2020-05-19,Kings,031,150075,582,393,2,395,2
2020-05-19,Lake,033,64148,14,11,0,11,0
2020-05-19,Lassen,035,31185,5,0,2,2,0
2020-05-19,Los Angeles,037,10098052,49197,39670,20,39690,1906
2020-05-19,Madera,039,155013,173,80,1,81,2
2020-05-19,Marin,041,260295,374,340,1,341,14
2020-05-19,Mariposa,043,17540,16,15,0,15,1
2020-05-19,Mendocino,045,87422,20,12,0,12,0
2020-05-19,Merced,047,269075,326,222,0,222,5
2020-05-19,Modoc,049,8938,0,0,0,0,0
2020-05-19,Mono,051,14174,36,33,0,33,1
2020-05-19,Monterey,053,433212,455,350,1,351,8
2020-05-19,Napa,055,140530,113,93,0,93,3
2020-05-19,Nevada,057,99092,42,41,1,42,1
2020-05-19,Orange,059,3164182,6961,4746,56,4802,90
2020-05-19,Placer,061,380077,204,177,0,177,8
2020-05-19,Plumas,063,18699,4,5,0,5,0
2020-05-19,Riverside,065,2383286,7231,5963,19,5982,265
2020-05-19,Sacramento,067,1510023,1320,1239,1,1240,57
2020-05-19,San Benito,069,59416,74,59,0,59,2
2020-05-19,San Bernardino,071,2135413,4823,3656,4,3660,158
2020-05-19,San Diego,073,3302833,7080,6028,0,6028,222
2020-05-19,San Francisco,075,870044,2392,2186,0,2186,37
2020-05-19,San Joaquin,077,732212,825,705,4,709,33
2020-05-19,San Luis Obispo,079,281455,327,245,3,248,1
2020-05-19,San Mateo,081,765935,2017,1704,3,1707,71
2020-05-19,Santa Barbara,083,443738,1607,1521,11,1532,10
2020-05-19,Santa Clara,085,1922200,3156,2480,11,2491,138
2020-05-19,Santa Cruz,087,273765,190,161,0,161,3
2020-05-19,Shasta,089,179085,51,34,0,34,4
2020-05-19,Sierra,091,2930,0,0,0,0,0
2020-05-19,Siskiyou,093,43540,7,6,0,6,0
2020-05-19,Solano,095,438530,505,415,0,415,4
2020-05-19,Sonoma,097,501317,497,389,0,389,4
2020-05-19,Stanislaus,099,539301,670,582,4,586,25
2020-05-19,Sutter,101,95872,43,38,0,38,2
2020-05-19,Tehama,103,63373,4,2,0,2,1
2020-05-19,Trinity,105,12862,3,1,0,1,0
2020-05-19,Tulare,107,460477,2117,1551,8,1559,68
2020-05-19,Tuolumne,109,53932,3,2,0,2,0
2020-05-19,Ventura,111,848112,1294,861,7,868,28
2020-05-19,Yolo,113,214977,209,183,0,183,22
2020-05-19,Yuba,115,75493,26,23,0,23,1
2020-05-18,Alameda,001,1643700,2985,2442,4,2446,84
2020-05-18,Alpine,003,1148,1,1,0,1,0
2020-05-18,Amador,005,37829,10,8,0,8,0
2020-05-18,Butte,007,227075,50,24,1,25,0
2020-05-18,Calaveras,009,45235,15,13,0,13,0
2020-05-18,Colusa,011,21464,5,3,0,3,0
2020-05-18,Contra Costa,013,1133247,1367,1173,1,1174,33
2020-05-18,Del Norte,015,27424,23,8,0,8,0
2020-05-18,El Dorado,017,186661,89,67,0,67,0
2020-05-18,Fresno,019,978130,2399,1244,36,1280,14
2020-05-18,Glenn,021,27897,13,11,0,11,0
2020-05-18,Humboldt,023,135768,101,70,0,70,0
2020-05-18,Imperial,025,180216,1894,767,4,771,14
2020-05-18,Inyo,027,18085,19,20,0,20,1
2020-05-18,Kern,029,883053,2053,1566,3,1569,26
2020-05-18,Kings,031,150075,551,381,2,383,2
2020-05-18,Lake,033,64148,13,9,0,9,0
2020-05-18,Lassen,035,31185,5,0,2,2,0
2020-05-18,Los Angeles,037,10098052,48171,38477,20,38497,1825
2020-05-18,Madera,039,155013,167,74,1,75,2
2020-05-18,Marin,041,260295,361,329,1,330,14
2020-05-18,Mariposa,043,17540,16,15,0,15,1
2020-05-18,Mendocino,045,87422,15,12,0,12,0
2020-05-18,Merced,047,269075,317,217,0,217,5
2020-05-18,Modoc,049,8938,0,0,0,0,0
2020-05-18,Mono,051,14174,36,33,0,33,1
2020-05-18,Monterey,053,433212,444,345,1,346,8
2020-05-18,Napa,055,140530,109,92,0,92,3
2020-05-18,Nevada,057,99092,42,41,1,42,1
2020-05-18,Orange,059,3164182,6772,4558,54,4612,88
2020-05-18,Placer,061,380077,202,176,0,176,8
2020-05-18,Plumas,063,18699,4,5,0,5,0
2020-05-18,Riverside,065,2383286,7031,5873,18,5891,253
2020-05-18,Sacramento,067,1510023,1314,1233,0,1233,57
2020-05-18,San Benito,069,59416,72,59,0,59,2
2020-05-18,San Bernardino,071,2135413,4676,3558,4,3562,156
2020-05-18,San Diego,073,3302833,6947,5948,0,5948,211
2020-05-18,San Francisco,075,870044,2369,2183,0,2183,36
2020-05-18,San Joaquin,077,732212,813,697,4,701,33
2020-05-18,San Luis Obispo,079,281455,323,243,3,246,1
2020-05-18,San Mateo,081,765935,1979,1701,3,1704,68
2020-05-18,Santa Barbara,083,443738,1596,1501,11,1512,10
2020-05-18,Santa Clara,085,1922200,3123,2468,11,2479,137
2020-05-18,Santa Cruz,087,273765,188,160,0,160,3
2020-05-18,Shasta,089,179085,50,34,0,34,4
2020-05-18,Sierra,091,2930,0,0,0,0,0
2020-05-18,Siskiyou,093,43540,7,6,0,6,0
2020-05-18,Solano,095,438530,495,398,0,398,4
2020-05-18,Sonoma,097,501317,479,387,0,387,4
2020-05-18,Stanislaus,099,539301,658,572,4,576,25
2020-05-18,Sutter,101,95872,43,38,0,38,2
2020-05-18,Tehama,103,63373,4,2,0,2,1
2020-05-18,Trinity,105,12862,3,1,0,1,0
2020-05-18,Tulare,107,460477,2073,1491,8,1499,63
2020-05-18,Tuolumne,109,53932,3,2,0,2,0
2020-05-18,Ventura,111,848112,1271,850,6,856,27
2020-05-18,Yolo,113,214977,204,183,0,183,22
2020-05-18,Yuba,115,75493,26,23,0,23,1
2020-05-17,Alameda,001,1643700,2890,2389,4,2393,83
2020-05-17,Alpine,003,1148,1,1,0,1,0
2020-05-17,Amador,005,37829,10,8,0,8,0
2020-05-17,Butte,007,227075,49,23,1,24,0
2020-05-17,Calaveras,009,45235,15,13,0,13,0
2020-05-17,Colusa,011,21464,3,3,0,3,0
2020-05-17,Contra Costa,013,1133247,1328,1155,1,1156,33
2020-05-17,Del Norte,015,27424,23,7,0,7,0
2020-05-17,El Dorado,017,186661,89,65,0,65,0
2020-05-17,Fresno,019,978130,2293,1213,33,1246,14
2020-05-17,Glenn,021,27897,13,9,0,9,0
2020-05-17,Humboldt,023,135768,94,70,0,70,0
2020-05-17,Imperial,025,180216,1746,715,4,719,14
2020-05-17,Inyo,027,18085,19,20,0,20,1
2020-05-17,Kern,029,883053,1975,1546,3,1549,26
2020-05-17,Kings,031,150075,504,356,2,358,2
2020-05-17,Lake,033,64148,13,7,0,7,0
2020-05-17,Lassen,035,31185,5,0,2,2,0
2020-05-17,Los Angeles,037,10098052,46930,37996,20,38016,1807
2020-05-17,Madera,039,155013,165,69,1,70,2
2020-05-17,Marin,041,260295,350,315,1,316,14
2020-05-17,Mariposa,043,17540,15,15,0,15,1
2020-05-17,Mendocino,045,87422,14,10,0,10,0
2020-05-17,Merced,047,269075,306,214,0,214,5
2020-05-17,Modoc,049,8938,0,0,0,0,0
2020-05-17,Mono,051,14174,36,32,0,32,1
2020-05-17,Monterey,053,433212,424,342,1,343,8
2020-05-17,Napa,055,140530,105,89,0,89,3
2020-05-17,Nevada,057,99092,42,41,1,42,1
2020-05-17,Orange,059,3164182,6593,4466,53,4519,88
2020-05-17,Placer,061,380077,197,175,0,175,8
2020-05-17,Plumas,063,18699,4,4,0,4,0
2020-05-17,Riverside,065,2383286,6858,5776,18,5794,245
2020-05-17,Sacramento,067,1510023,1303,1224,0,1224,56
2020-05-17,San Benito,069,59416,71,59,0,59,2
2020-05-17,San Bernardino,071,2135413,4526,3467,4,3471,155
2020-05-17,San Diego,073,3302833,6815,5838,0,5838,209
2020-05-17,San Francisco,075,870044,2342,2132,0,2132,36
2020-05-17,San Joaquin,077,732212,783,688,4,692,32
2020-05-17,San Luis Obispo,079,281455,321,242,3,245,1
2020-05-17,San Mateo,081,765935,1942,1680,3,1683,68
2020-05-17,Santa Barbara,083,443738,1576,1457,11,1468,10
2020-05-17,Santa Clara,085,1922200,3086,2453,11,2464,135
2020-05-17,Santa Cruz,087,273765,177,155,0,155,3
2020-05-17,Shasta,089,179085,49,34,0,34,4
2020-05-17,Sierra,091,2930,0,0,0,0,0
2020-05-17,Siskiyou,093,43540,7,6,0,6,0
2020-05-17,Solano,095,438530,483,392,0,392,4
2020-05-17,Sonoma,097,501317,458,376,0,376,4
2020-05-17,Stanislaus,099,539301,647,566,4,570,25
2020-05-17,Sutter,101,95872,42,38,0,38,2
2020-05-17,Tehama,103,63373,3,2,0,2,1
2020-05-17,Trinity,105,12862,2,1,0,1,0
2020-05-17,Tulare,107,460477,1997,1430,7,1437,63
2020-05-17,Tuolumne,109,53932,3,2,0,2,0
2020-05-17,Ventura,111,848112,1226,838,6,844,27
2020-05-17,Yolo,113,214977,202,182,0,182,22
2020-05-17,Yuba,115,75493,26,21,0,21,1
2020-05-16,Alameda,001,1643700,2840,2327,4,2331,83
2020-05-16,Alpine,003,1148,1,1,0,1,0
2020-05-16,Amador,005,37829,10,8,0,8,0
2020-05-16,Butte,007,227075,44,22,1,23,0
2020-05-16,Calaveras,009,45235,15,13,0,13,0
2020-05-16,Colusa,011,21464,3,3,0,3,0
2020-05-16,Contra Costa,013,1133247,1310,1136,1,1137,33
2020-05-16,Del Norte,015,27424,19,4,0,4,0
2020-05-16,El Dorado,017,186661,89,65,0,65,0
2020-05-16,Fresno,019,978130,2236,1177,33,1210,14
2020-05-16,Glenn,021,27897,13,9,0,9,0
2020-05-16,Humboldt,023,135768,92,69,0,69,0
2020-05-16,Imperial,025,180216,1682,712,4,716,14
2020-05-16,Inyo,027,18085,19,20,0,20,1
2020-05-16,Kern,029,883053,1939,1509,3,1512,26
2020-05-16,Kings,031,150075,494,356,2,358,2
2020-05-16,Lake,033,64148,13,7,0,7,0
2020-05-16,Lassen,035,31185,4,0,2,2,0
2020-05-16,Los Angeles,037,10098052,46353,37352,20,37372,1778
2020-05-16,Madera,039,155013,163,70,1,71,2
2020-05-16,Marin,041,260295,346,297,1,298,14
2020-05-16,Mariposa,043,17540,15,15,0,15,1
2020-05-16,Mendocino,045,87422,14,10,0,10,0
2020-05-16,Merced,047,269075,304,201,0,201,5
2020-05-16,Modoc,049,8938,0,0,0,0,0
2020-05-16,Mono,051,14174,36,32,0,32,1
2020-05-16,Monterey,053,433212,409,329,1,330,8
2020-05-16,Napa,055,140530,105,86,0,86,3
2020-05-16,Nevada,057,99092,42,41,1,42,1
2020-05-16,Orange,059,3164182,6517,4396,52,4448,87
2020-05-16,Placer,061,380077,195,174,0,174,8
2020-05-16,Plumas,063,18699,4,4,0,4,0
2020-05-16,Riverside,065,2383286,6773,5633,18,5651,243
2020-05-16,Sacramento,067,1510023,1296,1209,0,1209,55
2020-05-16,San Benito,069,59416,66,58,0,58,2
2020-05-16,San Bernardino,071,2135413,4454,3362,4,3366,155
2020-05-16,San Diego,073,3302833,6729,5664,0,5664,209
2020-05-16,San Francisco,075,870044,2319,2094,0,2094,36
2020-05-16,San Joaquin,077,732212,775,668,4,672,32
2020-05-16,San Luis Obispo,079,281455,320,240,3,243,1
2020-05-16,San Mateo,081,765935,1927,1652,3,1655,68
2020-05-16,Santa Barbara,083,443738,1565,1422,10,1432,10
2020-05-16,Santa Clara,085,1922200,3068,2420,11,2431,135
2020-05-16,Santa Cruz,087,273765,174,154,0,154,3
2020-05-16,Shasta,089,179085,49,33,0,33,4
2020-05-16,Sierra,091,2930,0,0,0,0,0
2020-05-16,Siskiyou,093,43540,7,6,0,6,0
2020-05-16,Solano,095,438530,478,392,0,392,4
2020-05-16,Sonoma,097,501317,445,356,0,356,4
2020-05-16,Stanislaus,099,539301,638,546,4,550,24
2020-05-16,Sutter,101,95872,42,35,0,35,2
2020-05-16,Tehama,103,63373,3,2,0,2,1
2020-05-16,Trinity,105,12862,2,1,0,1,0
2020-05-16,Tulare,107,460477,1979,1426,7,1433,63
2020-05-16,Tuolumne,109,53932,3,2,0,2,0
2020-05-16,Ventura,111,848112,1200,813,6,819,25
2020-05-16,Yolo,113,214977,201,181,0,181,22
2020-05-16,Yuba,115,75493,26,21,0,21,1
2020-05-15,Alameda,001,1643700,2806,2289,4,2293,83
2020-05-15,Alpine,003,1148,1,1,0,1,0
2020-05-15,Amador,005,37829,10,8,0,8,0
2020-05-15,Butte,007,227075,42,22,1,23,0
2020-05-15,Calaveras,009,45235,14,13,0,13,0
2020-05-15,Colusa,011,21464,3,3,0,3,0
2020-05-15,Contra Costa,013,1133247,1292,1106,1,1107,33
2020-05-15,Del Norte,015,27424,14,4,0,4,0
2020-05-15,El Dorado,017,186661,89,64,0,64,0
2020-05-15,Fresno,019,978130,2169,1126,33,1159,14
2020-05-15,Glenn,021,27897,13,9,0,9,0
2020-05-15,Humboldt,023,135768,91,60,0,60,0
2020-05-15,Imperial,025,180216,1598,680,0,680,14
2020-05-15,Inyo,027,18085,19,20,0,20,1
2020-05-15,Kern,029,883053,1883,1472,3,1475,25
2020-05-15,Kings,031,150075,491,347,2,349,2
2020-05-15,Lake,033,64148,13,7,0,7,0
2020-05-15,Lassen,035,31185,4,0,2,2,0
2020-05-15,Los Angeles,037,10098052,45566,36317,20,36337,1734
2020-05-15,Madera,039,155013,162,71,1,72,2
2020-05-15,Marin,041,260295,338,295,1,296,14
2020-05-15,Mariposa,043,17540,15,15,0,15,1
2020-05-15,Mendocino,045,87422,14,10,0,10,0
2020-05-15,Merced,047,269075,301,191,0,191,5
2020-05-15,Modoc,049,8938,0,0,0,0,0
2020-05-15,Mono,051,14174,36,31,0,31,1
2020-05-15,Monterey,053,433212,403,321,1,322,8
2020-05-15,Napa,055,140530,105,83,0,83,3
2020-05-15,Nevada,057,99092,42,41,1,42,1
2020-05-15,Orange,059,3164182,6344,4281,52,4333,87
2020-05-15,Placer,061,380077,193,174,0,174,8
2020-05-15,Plumas,063,18699,4,4,0,4,0
2020-05-15,Riverside,065,2383286,6659,5496,18,5514,233
2020-05-15,Sacramento,067,1510023,1286,1203,0,1203,55
2020-05-15,San Benito,069,59416,63,57,0,57,2
2020-05-15,San Bernardino,071,2135413,4376,3225,4,3229,153
2020-05-15,San Diego,073,3302833,6622,5525,0,5525,208
2020-05-15,San Francisco,075,870044,2303,2062,0,2062,36
2020-05-15,San Joaquin,077,732212,769,656,4,660,32
2020-05-15,San Luis Obispo,079,281455,318,237,3,240,1
2020-05-15,San Mateo,081,765935,1905,1612,3,1615,68
2020-05-15,Santa Barbara,083,443738,1556,1409,9,1418,10
2020-05-15,Santa Clara,085,1922200,3025,2395,10,2405,135
2020-05-15,Santa Cruz,087,273765,173,146,0,146,3
2020-05-15,Shasta,089,179085,48,33,0,33,4
2020-05-15,Sierra,091,2930,0,0,0,0,0
2020-05-15,Siskiyou,093,43540,6,5,0,5,0
2020-05-15,Solano,095,438530,474,388,0,388,4
2020-05-15,Sonoma,097,501317,437,349,0,349,4
2020-05-15,Stanislaus,099,539301,631,540,4,544,23
2020-05-15,Sutter,101,95872,41,35,0,35,2
2020-05-15,Tehama,103,63373,3,1,0,1,1
2020-05-15,Trinity,105,12862,2,1,0,1,0
2020-05-15,Tulare,107,460477,1951,1356,7,1363,61
2020-05-15,Tuolumne,109,53932,3,2,0,2,0
2020-05-15,Ventura,111,848112,1182,789,5,794,25
2020-05-15,Yolo,113,214977,200,182,0,182,22
2020-05-15,Yuba,115,75493,26,21,0,21,1
2020-05-14,Alameda,001,1643700,2713,2255,4,2259,80
2020-05-14,Alpine,003,1148,1,1,0,1,0
2020-05-14,Amador,005,37829,10,8,0,8,0
2020-05-14,Butte,007,227075,40,22,1,23,0
2020-05-14,Calaveras,009,45235,14,13,0,13,0
2020-05-14,Colusa,011,21464,3,3,0,3,0
2020-05-14,Contra Costa,013,1133247,1266,1090,1,1091,32
2020-05-14,Del Norte,015,27424,14,4,0,4,0
2020-05-14,El Dorado,017,186661,80,59,0,59,0
2020-05-14,Fresno,019,978130,2109,1038,29,1067,12
2020-05-14,Glenn,021,27897,12,8,0,8,0
2020-05-14,Humboldt,023,135768,89,59,0,59,0
2020-05-14,Imperial,025,180216,1481,652,0,652,13
2020-05-14,Inyo,027,18085,19,20,0,20,1
2020-05-14,Kern,029,883053,1841,1430,3,1433,21
2020-05-14,Kings,031,150075,475,342,2,344,1
2020-05-14,Lake,033,64148,13,7,0,7,0
2020-05-14,Lassen,035,31185,4,0,2,2,0
2020-05-14,Los Angeles,037,10098052,44391,35427,20,35447,1693
2020-05-14,Madera,039,155013,153,69,1,70,2
2020-05-14,Marin,041,260295,320,283,1,284,14
2020-05-14,Mariposa,043,17540,15,15,0,15,0
2020-05-14,Mendocino,045,87422,13,10,0,10,0
2020-05-14,Merced,047,269075,290,182,0,182,3
2020-05-14,Modoc,049,8938,0,0,0,0,0
2020-05-14,Mono,051,14174,36,31,0,31,1
2020-05-14,Monterey,053,433212,393,317,1,318,7
2020-05-14,Napa,055,140530,103,83,0,83,3
2020-05-14,Nevada,057,99092,41,41,1,42,1
2020-05-14,Orange,059,3164182,6169,4163,50,4213,83
2020-05-14,Placer,061,380077,193,172,0,172,8
2020-05-14,Plumas,063,18699,4,4,0,4,0
2020-05-14,Riverside,065,2383286,6475,5339,18,5357,224
2020-05-14,Sacramento,067,1510023,1274,1181,0,1181,55
2020-05-14,San Benito,069,59416,61,56,0,56,2
2020-05-14,San Bernardino,071,2135413,4197,3149,4,3153,149
2020-05-14,San Diego,073,3302833,6487,5393,0,5393,200
2020-05-14,San Francisco,075,870044,2270,2029,0,2029,36
2020-05-14,San Joaquin,077,732212,754,643,4,647,31
2020-05-14,San Luis Obispo,079,281455,315,236,3,239,1
2020-05-14,San Mateo,081,765935,1873,1588,3,1591,67
2020-05-14,Santa Barbara,083,443738,1544,1395,9,1404,11
2020-05-14,Santa Clara,085,1922200,3002,2380,10,2390,134
2020-05-14,Santa Cruz,087,273765,171,145,0,145,3
2020-05-14,Shasta,089,179085,48,33,0,33,4
2020-05-14,Sierra,091,2930,0,0,0,0,0
2020-05-14,Siskiyou,093,43540,6,5,0,5,0
2020-05-14,Solano,095,438530,465,372,0,372,4
2020-05-14,Sonoma,097,501317,420,333,0,333,4
2020-05-14,Stanislaus,099,539301,612,533,4,537,23
2020-05-14,Sutter,101,95872,41,34,0,34,2
2020-05-14,Tehama,103,63373,3,1,0,1,1
2020-05-14,Trinity,105,12862,2,1,0,1,0
2020-05-14,Tulare,107,460477,1912,1317,7,1324,55
2020-05-14,Tuolumne,109,53932,3,2,0,2,0
2020-05-14,Ventura,111,848112,1151,760,5,765,25
2020-05-14,Yolo,113,214977,200,180,0,180,22
2020-05-14,Yuba,115,75493,26,21,0,21,1
2020-05-13,Alameda,001,1643700,2655,2181,4,2185,78
2020-05-13,Alpine,003,1148,1,1,0,1,0
2020-05-13,Amador,005,37829,10,8,0,8,0
2020-05-13,Butte,007,227075,40,21,1,22,0
2020-05-13,Calaveras,009,45235,14,13,0,13,0
2020-05-13,Colusa,011,21464,3,3,0,3,0
2020-05-13,Contra Costa,013,1133247,1244,1082,1,1083,32
2020-05-13,Del Norte,015,27424,13,4,0,4,0
2020-05-13,El Dorado,017,186661,79,58,0,58,0
2020-05-13,Fresno,019,978130,2011,993,29,1022,10
2020-05-13,Glenn,021,27897,11,6,0,6,0
2020-05-13,Humboldt,023,135768,83,58,0,58,0
2020-05-13,Imperial,025,180216,1411,610,0,610,11
2020-05-13,Inyo,027,18085,19,20,0,20,1
2020-05-13,Kern,029,883053,1795,1390,3,1393,19
2020-05-13,Kings,031,150075,461,314,2,316,1
2020-05-13,Lake,033,64148,13,7,0,7,0
2020-05-13,Lassen,035,31185,4,0,2,2,0
2020-05-13,Los Angeles,037,10098052,43082,34574,20,34594,1643
2020-05-13,Madera,039,155013,144,69,1,70,2
2020-05-13,Marin,041,260295,307,278,1,279,14
2020-05-13,Mariposa,043,17540,15,15,0,15,0
2020-05-13,Mendocino,045,87422,13,10,0,10,0
2020-05-13,Merced,047,269075,287,176,0,176,3
2020-05-13,Modoc,049,8938,0,0,0,0,0
2020-05-13,Mono,051,14174,35,31,0,31,1
2020-05-13,Monterey,053,433212,383,309,1,310,6
2020-05-13,Napa,055,140530,103,81,0,81,3
2020-05-13,Nevada,057,99092,41,41,1,42,1
2020-05-13,Orange,059,3164182,5923,4025,48,4073,79
2020-05-13,Placer,061,380077,192,170,0,170,8
2020-05-13,Plumas,063,18699,4,4,0,4,0
2020-05-13,Riverside,065,2383286,6352,5204,18,5222,216
2020-05-13,Sacramento,067,1510023,1259,1173,0,1173,53
2020-05-13,San Benito,069,59416,61,55,0,55,2
2020-05-13,San Bernardino,071,2135413,3941,3064,3,3067,140
2020-05-13,San Diego,073,3302833,6351,5280,0,5280,194
2020-05-13,San Francisco,075,870044,2242,2004,0,2004,35
2020-05-13,San Joaquin,077,732212,733,639,3,642,31
2020-05-13,San Luis Obispo,079,281455,313,231,3,234,1
2020-05-13,San Mateo,081,765935,1841,1550,3,1553,66
2020-05-13,Santa Barbara,083,443738,1533,1382,9,1391,10
2020-05-13,Santa Clara,085,1922200,2982,2370,10,2380,132
2020-05-13,Santa Cruz,087,273765,167,142,0,142,2
2020-05-13,Shasta,089,179085,48,32,0,32,4
2020-05-13,Sierra,091,2930,0,0,0,0,0
2020-05-13,Siskiyou,093,43540,6,5,0,5,0
2020-05-13,Solano,095,438530,452,368,0,368,4
2020-05-13,Sonoma,097,501317,410,330,0,330,4
2020-05-13,Stanislaus,099,539301,603,521,4,525,15
2020-05-13,Sutter,101,95872,41,33,0,33,2
2020-05-13,Tehama,103,63373,3,1,0,1,1
2020-05-13,Trinity,105,12862,2,2,0,2,0
2020-05-13,Tulare,107,460477,1879,1283,7,1290,54
2020-05-13,Tuolumne,109,53932,3,2,0,2,0
2020-05-13,Ventura,111,848112,1120,742,5,747,25
2020-05-13,Yolo,113,214977,198,178,0,178,22
2020-05-13,Yuba,115,75493,24,19,0,19,1
2020-05-12,Alameda,001,1643700,2591,2146,4,2150,74
2020-05-12,Alpine,003,1148,1,1,0,1,0
2020-05-12,Amador,005,37829,10,8,0,8,0
2020-05-12,Butte,007,227075,38,20,1,21,0
2020-05-12,Calaveras,009,45235,13,13,0,13,0
2020-05-12,Colusa,011,21464,3,3,0,3,0
2020-05-12,Contra Costa,013,1133247,1213,1067,1,1068,32
2020-05-12,Del Norte,015,27424,10,3,0,3,0
2020-05-12,El Dorado,017,186661,76,56,0,56,0
2020-05-12,Fresno,019,978130,1927,978,27,1005,9
2020-05-12,Glenn,021,27897,10,6,0,6,0
2020-05-12,Humboldt,023,135768,80,58,0,58,0
2020-05-12,Imperial,025,180216,1280,602,0,602,9
2020-05-12,Inyo,027,18085,19,20,0,20,1
2020-05-12,Kern,029,883053,1754,1363,3,1366,18
2020-05-12,Kings,031,150075,440,302,2,304,1
2020-05-12,Lake,033,64148,13,7,0,7,0
2020-05-12,Lassen,035,31185,4,0,2,2,0
2020-05-12,Los Angeles,037,10098052,42084,33281,19,33300,1601
2020-05-12,Madera,039,155013,138,69,1,70,2
2020-05-12,Marin,041,260295,302,274,1,275,14
2020-05-12,Mariposa,043,17540,15,15,0,15,0
2020-05-12,Mendocino,045,87422,13,10,0,10,0
2020-05-12,Merced,047,269075,276,175,0,175,3
2020-05-12,Modoc,049,8938,0,0,0,0,0
2020-05-12,Mono,051,14174,35,31,0,31,1
2020-05-12,Monterey,053,433212,376,298,1,299,6
2020-05-12,Napa,055,140530,101,80,0,80,3
2020-05-12,Nevada,057,99092,41,41,1,42,1
2020-05-12,Orange,059,3164182,5740,3843,46,3889,78
2020-05-12,Placer,061,380077,191,170,0,170,8
2020-05-12,Plumas,063,18699,4,4,0,4,0
2020-05-12,Riverside,065,2383286,6229,5134,18,5152,210
2020-05-12,Sacramento,067,1510023,1239,1166,0,1166,52
2020-05-12,San Benito,069,59416,61,55,0,55,2
2020-05-12,San Bernardino,071,2135413,3789,2997,3,3000,131
2020-05-12,San Diego,073,3302833,6207,3,0,3,0
2020-05-12,San Francisco,075,870044,2207,1981,0,1981,35
2020-05-12,San Joaquin,077,732212,718,625,3,628,30
2020-05-12,San Luis Obispo,079,281455,310,226,3,229,1
2020-05-12,San Mateo,081,765935,1815,1533,3,1536,66
2020-05-12,Santa Barbara,083,443738,1502,1377,9,1386,10
2020-05-12,Santa Clara,085,1922200,2952,2362,10,2372,131
2020-05-12,Santa Cruz,087,273765,165,141,0,141,2
2020-05-12,Shasta,089,179085,47,33,0,33,4
2020-05-12,Sierra,091,2930,0,0,0,0,0
2020-05-12,Siskiyou,093,43540,6,5,0,5,0
2020-05-12,Solano,095,438530,444,361,0,361,4
2020-05-12,Sonoma,097,501317,387,308,0,308,4
2020-05-12,Stanislaus,099,539301,596,515,4,519,15
2020-05-12,Sutter,101,95872,41,33,0,33,2
2020-05-12,Tehama,103,63373,3,1,0,1,1
2020-05-12,Trinity,105,12862,2,1,0,1,0
2020-05-12,Tulare,107,460477,1847,1261,7,1268,52
2020-05-12,Tuolumne,109,53932,3,2,0,2,0
2020-05-12,Ventura,111,848112,1064,718,5,723,20
2020-05-12,Yolo,113,214977,197,176,0,176,22
2020-05-12,Yuba,115,75493,24,19,0,19,1
2020-05-11,Alameda,001,1643700,2541,2103,4,2107,71
2020-05-11,Alpine,003,1148,1,1,0,1,0
2020-05-11,Amador,005,37829,10,8,0,8,0
2020-05-11,Butte,007,227075,37,19,1,20,0
2020-05-11,Calaveras,009,45235,13,13,0,13,0
2020-05-11,Colusa,011,21464,3,3,0,3,0
2020-05-11,Contra Costa,013,1133247,1199,1052,1,1053,32
2020-05-11,Del Norte,015,27424,8,3,0,3,0
2020-05-11,El Dorado,017,186661,76,55,0,55,0
2020-05-11,Fresno,019,978130,1835,937,26,963,8
2020-05-11,Glenn,021,27897,10,6,0,6,0
2020-05-11,Humboldt,023,135768,77,56,0,56,0
2020-05-11,Imperial,025,180216,1174,562,0,562,9
2020-05-11,Inyo,027,18085,19,20,0,20,1
2020-05-11,Kern,029,883053,1702,1331,3,1334,17
2020-05-11,Kings,031,150075,417,289,1,290,1
2020-05-11,Lake,033,64148,12,7,0,7,0
2020-05-11,Lassen,035,31185,4,0,2,2,0
2020-05-11,Los Angeles,037,10098052,40905,32279,19,32298,1553
2020-05-11,Madera,039,155013,129,68,1,69,2
2020-05-11,Marin,041,260295,293,271,1,272,14
2020-05-11,Mariposa,043,17540,15,15,0,15,0
2020-05-11,Mendocino,045,87422,13,10,0,10,0
2020-05-11,Merced,047,269075,261,158,0,158,3
2020-05-11,Modoc,049,8938,0,0,0,0,0
2020-05-11,Mono,051,14174,35,30,0,30,1
2020-05-11,Monterey,053,433212,373,286,1,287,6
2020-05-11,Napa,055,140530,95,79,0,79,2
2020-05-11,Nevada,057,99092,41,41,1,42,1
2020-05-11,Orange,059,3164182,5526,3699,39,3738,77
2020-05-11,Placer,061,380077,191,170,0,170,8
2020-05-11,Plumas,063,18699,4,4,0,4,0
2020-05-11,Riverside,065,2383286,6071,5082,17,5099,203
2020-05-11,Sacramento,067,1510023,1224,1160,0,1160,52
2020-05-11,San Benito,069,59416,59,52,0,52,2
2020-05-11,San Bernardino,071,2135413,3678,2945,3,2948,124
2020-05-11,San Diego,073,3302833,6054,5067,0,5067,175
2020-05-11,San Francisco,075,870044,2161,1974,0,1974,35
2020-05-11,San Joaquin,077,732212,708,620,3,623,30
2020-05-11,San Luis Obispo,079,281455,308,224,3,227,1
2020-05-11,San Mateo,081,765935,1789,1499,2,1501,66
2020-05-11,Santa Barbara,083,443738,1491,1372,8,1380,10
2020-05-11,Santa Clara,085,1922200,2935,2340,10,2350,129
2020-05-11,Santa Cruz,087,273765,162,140,0,140,2
2020-05-11,Shasta,089,179085,47,31,0,31,4
2020-05-11,Sierra,091,2930,0,0,0,0,0
2020-05-11,Siskiyou,093,43540,6,5,0,5,0
2020-05-11,Solano,095,438530,439,354,0,354,4
2020-05-11,Sonoma,097,501317,377,303,0,303,3
2020-05-11,Stanislaus,099,539301,586,507,4,511,14
2020-05-11,Sutter,101,95872,40,32,0,32,2
2020-05-11,Tehama,103,63373,3,1,0,1,1
2020-05-11,Trinity,105,12862,2,1,0,1,0
2020-05-11,Tulare,107,460477,1798,1203,7,1210,49
2020-05-11,Tuolumne,109,53932,3,2,0,2,0
2020-05-11,Ventura,111,848112,1003,698,4,702,19
2020-05-11,Yolo,113,214977,197,174,0,174,20
2020-05-11,Yuba,115,75493,24,18,0,18,1
2020-05-10,Alameda,001,1643700,2464,2047,4,2051,71
2020-05-10,Alpine,003,1148,1,1,0,1,0
2020-05-10,Amador,005,37829,10,8,0,8,0
2020-05-10,Butte,007,227075,32,18,1,19,0
2020-05-10,Calaveras,009,45235,13,13,0,13,0
2020-05-10,Colusa,011,21464,3,3,0,3,0
2020-05-10,Contra Costa,013,1133247,1185,1046,0,1046,31
2020-05-10,Del Norte,015,27424,7,3,0,3,0
2020-05-10,El Dorado,017,186661,76,55,0,55,0
2020-05-10,Fresno,019,978130,1750,894,26,920,8
2020-05-10,Glenn,021,27897,10,6,0,6,0
2020-05-10,Humboldt,023,135768,73,56,0,56,0
2020-05-10,Imperial,025,180216,1079,509,0,509,7
2020-05-10,Inyo,027,18085,19,20,0,20,1
2020-05-10,Kern,029,883053,1651,1300,2,1302,16
2020-05-10,Kings,031,150075,404,266,1,267,1
2020-05-10,Lake,033,64148,12,7,0,7,0
2020-05-10,Lassen,035,31185,4,0,2,2,0
2020-05-10,Los Angeles,037,10098052,39645,31711,19,31730,1514
2020-05-10,Madera,039,155013,127,65,1,66,2
2020-05-10,Marin,041,260295,285,267,1,268,14
2020-05-10,Mariposa,043,17540,15,15,0,15,0
2020-05-10,Mendocino,045,87422,12,10,0,10,0
2020-05-10,Merced,047,269075,246,154,0,154,3
2020-05-10,Modoc,049,8938,0,0,0,0,0
2020-05-10,Mono,051,14174,35,27,0,27,1
2020-05-10,Monterey,053,433212,359,282,1,283,6
2020-05-10,Napa,055,140530,89,79,0,79,2
2020-05-10,Nevada,057,99092,41,41,1,42,1
2020-05-10,Orange,059,3164182,5383,3627,39,3666,76
2020-05-10,Placer,061,380077,190,168,0,168,8
2020-05-10,Plumas,063,18699,4,4,0,4,0
2020-05-10,Riverside,065,2383286,5949,4951,17,4968,193
2020-05-10,Sacramento,067,1510023,1208,1152,0,1152,52
2020-05-10,San Benito,069,59416,59,52,0,52,2
2020-05-10,San Bernardino,071,2135413,3580,2910,3,2913,121
2020-05-10,San Diego,073,3302833,5902,4928,0,4928,175
2020-05-10,San Francisco,075,870044,2143,1953,0,1953,35
2020-05-10,San Joaquin,077,732212,693,611,3,614,29
2020-05-10,San Luis Obispo,079,281455,305,218,3,221,1
2020-05-10,San Mateo,081,765935,1767,1463,2,1465,65
2020-05-10,Santa Barbara,083,443738,1480,1323,8,1331,10
2020-05-10,Santa Clara,085,1922200,2908,2331,10,2341,129
2020-05-10,Santa Cruz,087,273765,161,139,0,139,2
2020-05-10,Shasta,089,179085,47,31,0,31,4
2020-05-10,Sierra,091,2930,0,0,0,0,0
2020-05-10,Siskiyou,093,43540,5,5,0,5,0
2020-05-10,Solano,095,438530,429,322,0,322,4
2020-05-10,Sonoma,097,501317,367,290,0,290,3
2020-05-10,Stanislaus,099,539301,579,498,4,502,14
2020-05-10,Sutter,101,95872,37,31,0,31,2
2020-05-10,Tehama,103,63373,3,1,0,1,1
2020-05-10,Trinity,105,12862,2,1,0,1,0
2020-05-10,Tulare,107,460477,1727,1143,7,1150,47
2020-05-10,Tuolumne,109,53932,3,2,0,2,0
2020-05-10,Ventura,111,848112,945,690,2,692,19
2020-05-10,Yolo,113,214977,197,173,0,173,20
2020-05-10,Yuba,115,75493,23,17,0,17,1
2020-05-09,Alameda,001,1643700,2421,2011,4,2015,71
2020-05-09,Alpine,003,1148,1,1,0,1,0
2020-05-09,Amador,005,37829,9,8,0,8,0
2020-05-09,Butte,007,227075,31,18,1,19,0
2020-05-09,Calaveras,009,45235,13,13,0,13,0
2020-05-09,Colusa,011,21464,3,3,0,3,0
2020-05-09,Contra Costa,013,1133247,1171,1039,0,1039,31
2020-05-09,Del Norte,015,27424,7,3,0,3,0
2020-05-09,El Dorado,017,186661,73,54,0,54,0
2020-05-09,Fresno,019,978130,1712,861,25,886,8
2020-05-09,Glenn,021,27897,9,6,0,6,0
2020-05-09,Humboldt,023,135768,71,55,0,55,0
2020-05-09,Imperial,025,180216,1023,474,0,474,7
2020-05-09,Inyo,027,18085,19,20,0,20,1
2020-05-09,Kern,029,883053,1615,1262,1,1263,15
2020-05-09,Kings,031,150075,399,264,1,265,1
2020-05-09,Lake,033,64148,12,7,0,7,0
2020-05-09,Lassen,035,31185,4,0,2,2,0
2020-05-09,Los Angeles,037,10098052,39022,31268,19,31287,1499
2020-05-09,Madera,039,155013,126,61,1,62,2
2020-05-09,Marin,041,260295,284,261,1,262,14
2020-05-09,Mariposa,043,17540,15,15,0,15,0
2020-05-09,Mendocino,045,87422,12,10,0,10,0
2020-05-09,Merced,047,269075,242,153,0,153,3
2020-05-09,Modoc,049,8938,0,0,0,0,0
2020-05-09,Mono,051,14174,35,27,0,27,1
2020-05-09,Monterey,053,433212,352,273,0,273,6
2020-05-09,Napa,055,140530,88,78,0,78,2
2020-05-09,Nevada,057,99092,41,41,1,42,1
2020-05-09,Orange,059,3164182,5301,3506,38,3544,75
2020-05-09,Placer,061,380077,189,168,0,168,8
2020-05-09,Plumas,063,18699,4,4,0,4,0
2020-05-09,Riverside,065,2383286,5854,4871,17,4888,183
2020-05-09,Sacramento,067,1510023,1204,1150,0,1150,52
2020-05-09,San Benito,069,59416,58,52,0,52,2
2020-05-09,San Bernardino,071,2135413,3524,2825,3,2828,121
2020-05-09,San Diego,073,3302833,5790,4778,0,4778,175
2020-05-09,San Francisco,075,870044,2128,1944,0,1944,34
2020-05-09,San Joaquin,077,732212,684,605,3,608,28
2020-05-09,San Luis Obispo,079,281455,301,213,3,216,1
2020-05-09,San Mateo,081,765935,1748,1453,2,1455,65
2020-05-09,Santa Barbara,083,443738,1472,1245,8,1253,10
2020-05-09,Santa Clara,085,1922200,2894,2317,10,2327,128
2020-05-09,Santa Cruz,087,273765,160,138,0,138,2
2020-05-09,Shasta,089,179085,47,31,0,31,4
2020-05-09,Sierra,091,2930,0,0,0,0,0
2020-05-09,Siskiyou,093,43540,5,5,0,5,0
2020-05-09,Solano,095,438530,423,321,0,321,4
2020-05-09,Sonoma,097,501317,363,288,0,288,3
2020-05-09,Stanislaus,099,539301,571,491,4,495,12
2020-05-09,Sutter,101,95872,37,31,0,31,2
2020-05-09,Tehama,103,63373,2,1,0,1,1
2020-05-09,Trinity,105,12862,2,1,0,1,0
2020-05-09,Tulare,107,460477,1699,1083,7,1090,47
2020-05-09,Tuolumne,109,53932,3,2,0,2,0
2020-05-09,Ventura,111,848112,924,679,2,681,19
2020-05-09,Yolo,113,214977,197,172,0,172,18
2020-05-09,Yuba,115,75493,23,17,0,17,1
2020-05-08,Alameda,001,1643700,2378,1955,4,1959,70
2020-05-08,Alpine,003,1148,1,1,0,1,0
2020-05-08,Amador,005,37829,9,8,0,8,0
2020-05-08,Butte,007,227075,31,18,1,19,0
2020-05-08,Calaveras,009,45235,13,13,0,13,0
2020-05-08,Colusa,011,21464,3,3,0,3,0
2020-05-08,Contra Costa,013,1133247,1159,1024,0,1024,29
2020-05-08,Del Norte,015,27424,7,3,0,3,0
2020-05-08,El Dorado,017,186661,72,54,0,54,0
2020-05-08,Fresno,019,978130,1670,838,23,861,8
2020-05-08,Glenn,021,27897,8,6,0,6,0
2020-05-08,Humboldt,023,135768,68,54,0,54,0
2020-05-08,Imperial,025,180216,978,467,0,467,7
2020-05-08,Inyo,027,18085,19,20,0,20,1
2020-05-08,Kern,029,883053,1584,1214,1,1215,13
2020-05-08,Kings,031,150075,390,236,1,237,1
2020-05-08,Lake,033,64148,12,7,0,7,0
2020-05-08,Lassen,035,31185,4,0,2,2,0
2020-05-08,Los Angeles,037,10098052,38290,30357,19,30376,1447
2020-05-08,Madera,039,155013,123,57,1,58,2
2020-05-08,Marin,041,260295,284,257,1,258,14
2020-05-08,Mariposa,043,17540,15,15,0,15,0
2020-05-08,Mendocino,045,87422,12,10,0,10,0
2020-05-08,Merced,047,269075,241,151,0,151,3
2020-05-08,Modoc,049,8938,0,0,0,0,0
2020-05-08,Mono,051,14174,32,27,0,27,1
2020-05-08,Monterey,053,433212,344,265,0,265,6
2020-05-08,Napa,055,140530,87,78,0,78,2
2020-05-08,Nevada,057,99092,41,41,1,42,1
2020-05-08,Orange,059,3164182,5154,3395,38,3433,72
2020-05-08,Placer,061,380077,187,166,0,166,8
2020-05-08,Plumas,063,18699,4,4,0,4,0
2020-05-08,Riverside,065,2383286,5754,4672,16,4688,181
2020-05-08,Sacramento,067,1510023,1199,1145,0,1145,51
2020-05-08,San Benito,069,59416,58,51,0,51,2
2020-05-08,San Bernardino,071,2135413,3476,2631,3,2634,119
2020-05-08,San Diego,073,3302833,5683,4664,0,4664,169
2020-05-08,San Francisco,075,870044,2110,1890,0,1890,33
2020-05-08,San Joaquin,077,732212,677,595,3,598,28
2020-05-08,San Luis Obispo,079,281455,298,210,3,213,1
2020-05-08,San Mateo,081,765935,1663,1423,2,1425,62
2020-05-08,Santa Barbara,083,443738,1463,1054,6,1060,8
2020-05-08,Santa Clara,085,1922200,2871,2285,10,2295,128
2020-05-08,Santa Cruz,087,273765,156,137,0,137,2
2020-05-08,Shasta,089,179085,47,31,0,31,4
2020-05-08,Sierra,091,2930,0,0,0,0,0
2020-05-08,Siskiyou,093,43540,5,5,0,5,0
2020-05-08,Solano,095,438530,418,314,0,314,4
2020-05-08,Sonoma,097,501317,358,285,0,285,3
2020-05-08,Stanislaus,099,539301,557,487,4,491,12
2020-05-08,Sutter,101,95872,37,30,0,30,2
2020-05-08,Tehama,103,63373,2,1,0,1,1
2020-05-08,Trinity,105,12862,2,0,0,0,0
2020-05-08,Tulare,107,460477,1654,1050,6,1056,43
2020-05-08,Tuolumne,109,53932,3,2,0,2,0
2020-05-08,Ventura,111,848112,906,665,2,667,19
2020-05-08,Yolo,113,214977,196,172,0,172,18
2020-05-08,Yuba,115,75493,22,16,0,16,1
2020-05-07,Alameda,001,1643700,2318,1914,4,1918,68
2020-05-07,Alpine,003,1148,1,1,0,1,0
2020-05-07,Amador,005,37829,9,8,0,8,0
2020-05-07,Butte,007,227075,31,19,1,20,0
2020-05-07,Calaveras,009,45235,13,13,0,13,0
2020-05-07,Colusa,011,21464,3,3,0,3,0
2020-05-07,Contra Costa,013,1133247,1145,1005,0,1005,29
2020-05-07,Del Norte,015,27424,6,3,0,3,0
2020-05-07,El Dorado,017,186661,71,54,0,54,0
2020-05-07,Fresno,019,978130,1584,812,22,834,8
2020-05-07,Glenn,021,27897,8,5,0,5,0
2020-05-07,Humboldt,023,135768,67,54,0,54,0
2020-05-07,Imperial,025,180216,915,442,0,442,6
2020-05-07,Inyo,027,18085,19,20,0,20,1
2020-05-07,Kern,029,883053,1540,1176,1,1177,13
2020-05-07,Kings,031,150075,367,219,1,220,1
2020-05-07,Lake,033,64148,11,7,0,7,0
2020-05-07,Lassen,035,31185,4,0,2,2,0
2020-05-07,Los Angeles,037,10098052,37169,29544,19,29563,1399
2020-05-07,Madera,039,155013,119,54,1,55,2
2020-05-07,Marin,041,260295,277,252,1,253,14
2020-05-07,Mariposa,043,17540,15,15,0,15,0
2020-05-07,Mendocino,045,87422,12,10,0,10,0
2020-05-07,Merced,047,269075,233,146,0,146,3
2020-05-07,Modoc,049,8938,0,0,0,0,0
2020-05-07,Mono,051,14174,32,26,0,26,1
2020-05-07,Monterey,053,433212,336,249,0,249,6
2020-05-07,Napa,055,140530,87,78,0,78,2
2020-05-07,Nevada,057,99092,41,41,1,42,1
2020-05-07,Orange,059,3164182,4969,3283,37,3320,69
2020-05-07,Placer,061,380077,187,165,0,165,8
2020-05-07,Plumas,063,18699,4,4,0,4,0
2020-05-07,Riverside,065,2383286,5638,4608,16,4624,170
2020-05-07,Sacramento,067,1510023,1193,1139,0,1139,50
2020-05-07,San Benito,069,59416,58,50,0,50,2
2020-05-07,San Bernardino,071,2135413,3384,2522,3,2525,115
2020-05-07,San Diego,073,3302833,5526,4431,0,4431,165
2020-05-07,San Francisco,075,870044,2079,1852,0,1852,33
2020-05-07,San Joaquin,077,732212,664,583,3,586,28
2020-05-07,San Luis Obispo,079,281455,287,209,3,212,1
2020-05-07,San Mateo,081,765935,1641,1398,2,1400,58
2020-05-07,Santa Barbara,083,443738,1436,720,5,725,8
2020-05-07,Santa Clara,085,1922200,2833,2281,10,2291,127
2020-05-07,Santa Cruz,087,273765,153,136,0,136,2
2020-05-07,Shasta,089,179085,46,31,0,31,4
2020-05-07,Sierra,091,2930,0,0,0,0,0
2020-05-07,Siskiyou,093,43540,5,5,0,5,0
2020-05-07,Solano,095,438530,412,307,0,307,4
2020-05-07,Sonoma,097,501317,346,282,0,282,3
2020-05-07,Stanislaus,099,539301,548,466,4,470,10
2020-05-07,Sutter,101,95872,37,29,0,29,2
2020-05-07,Tehama,103,63373,2,1,0,1,1
2020-05-07,Trinity,105,12862,2,0,0,0,0
2020-05-07,Tulare,107,460477,1586,1001,6,1007,41
2020-05-07,Tuolumne,109,53932,3,2,0,2,0
2020-05-07,Ventura,111,848112,882,647,1,648,19
2020-05-07,Yolo,113,214977,195,172,0,172,18
2020-05-07,Yuba,115,75493,22,16,0,16,1
2020-05-06,Alameda,001,1643700,2280,1864,4,1868,67
2020-05-06,Alpine,003,1148,1,1,0,1,0
2020-05-06,Amador,005,37829,9,8,0,8,0
2020-05-06,Butte,007,227075,30,19,1,20,0
2020-05-06,Calaveras,009,45235,13,13,0,13,0
2020-05-06,Colusa,011,21464,3,3,0,3,0
2020-05-06,Contra Costa,013,1133247,1124,990,0,990,29
2020-05-06,Del Norte,015,27424,6,3,0,3,0
2020-05-06,El Dorado,017,186661,69,53,0,53,0
2020-05-06,Fresno,019,978130,1521,773,20,793,8
2020-05-06,Glenn,021,27897,8,3,0,3,0
2020-05-06,Humboldt,023,135768,66,54,0,54,0
2020-05-06,Imperial,025,180216,847,399,0,399,6
2020-05-06,Inyo,027,18085,19,20,0,20,1
2020-05-06,Kern,029,883053,1484,1112,1,1113,12
2020-05-06,Kings,031,150075,349,208,1,209,1
2020-05-06,Lake,033,64148,11,7,0,7,0
2020-05-06,Lassen,035,31185,4,0,2,2,0
2020-05-06,Los Angeles,037,10098052,36163,28687,19,28706,1347
2020-05-06,Madera,039,155013,117,55,1,56,2
2020-05-06,Marin,041,260295,270,244,1,245,14
2020-05-06,Mariposa,043,17540,15,14,0,14,0
2020-05-06,Mendocino,045,87422,12,10,0,10,0
2020-05-06,Merced,047,269075,226,140,0,140,3
2020-05-06,Modoc,049,8938,0,0,0,0,0
2020-05-06,Mono,051,14174,32,26,0,26,1
2020-05-06,Monterey,053,433212,328,246,0,246,6
2020-05-06,Napa,055,140530,86,78,0,78,2
2020-05-06,Nevada,057,99092,41,41,1,42,1
2020-05-06,Orange,059,3164182,4785,3156,36,3192,66
2020-05-06,Placer,061,380077,184,164,0,164,8
2020-05-06,Plumas,063,18699,4,4,0,4,0
2020-05-06,Riverside,065,2383286,5494,4535,16,4551,163
2020-05-06,Sacramento,067,1510023,1187,1135,0,1135,49
2020-05-06,San Benito,069,59416,57,50,0,50,2
2020-05-06,San Bernardino,071,2135413,3262,2426,2,2428,110
2020-05-06,San Diego,073,3302833,5393,4321,0,4321,158
2020-05-06,San Francisco,075,870044,2054,1804,0,1804,32
2020-05-06,San Joaquin,077,732212,651,581,3,584,28
2020-05-06,San Luis Obispo,079,281455,284,207,3,210,1
2020-05-06,San Mateo,081,765935,1610,1348,2,1350,57
2020-05-06,Santa Barbara,083,443738,1395,565,4,569,8
2020-05-06,Santa Clara,085,1922200,2816,2270,9,2279,127
2020-05-06,Santa Cruz,087,273765,149,135,0,135,2
2020-05-06,Shasta,089,179085,45,31,0,31,4
2020-05-06,Sierra,091,2930,0,0,0,0,0
2020-05-06,Siskiyou,093,43540,5,5,0,5,0
2020-05-06,Solano,095,438530,402,300,0,300,4
2020-05-06,Sonoma,097,501317,330,269,0,269,3
2020-05-06,Stanislaus,099,539301,532,434,4,438,9
2020-05-06,Sutter,101,95872,37,29,0,29,2
2020-05-06,Tehama,103,63373,2,1,0,1,1
2020-05-06,Trinity,105,12862,2,0,0,0,0
2020-05-06,Tulare,107,460477,1538,963,6,969,40
2020-05-06,Tuolumne,109,53932,3,2,0,2,0
2020-05-06,Ventura,111,848112,855,619,1,620,19
2020-05-06,Yolo,113,214977,194,172,0,172,18
2020-05-06,Yuba,115,75493,22,15,0,15,1
2020-05-05,Alameda,001,1643700,2237,1819,4,1823,67
2020-05-05,Alpine,003,1148,1,1,0,1,0
2020-05-05,Amador,005,37829,9,8,0,8,0
2020-05-05,Butte,007,227075,29,19,1,20,0
2020-05-05,Calaveras,009,45235,13,13,0,13,0
2020-05-05,Colusa,011,21464,3,3,0,3,0
2020-05-05,Contra Costa,013,1133247,1106,976,0,976,29
2020-05-05,Del Norte,015,27424,6,3,0,3,0
2020-05-05,El Dorado,017,186661,67,54,0,54,0
2020-05-05,Fresno,019,978130,1448,726,18,744,8
2020-05-05,Glenn,021,27897,8,3,0,3,0
2020-05-05,Humboldt,023,135768,63,54,0,54,0
2020-05-05,Imperial,025,180216,792,389,0,389,6
2020-05-05,Inyo,027,18085,19,20,0,20,1
2020-05-05,Kern,029,883053,1432,1084,1,1085,11
2020-05-05,Kings,031,150075,331,187,1,188,1
2020-05-05,Lake,033,64148,10,7,0,7,0
2020-05-05,Lassen,035,31185,4,0,2,2,0
2020-05-05,Los Angeles,037,10098052,35091,27867,19,27886,1289
2020-05-05,Madera,039,155013,113,53,1,54,2
2020-05-05,Marin,041,260295,264,244,1,245,14
2020-05-05,Mariposa,043,17540,15,14,0,14,0
2020-05-05,Mendocino,045,87422,12,10,0,10,0
2020-05-05,Merced,047,269075,221,141,0,141,3
2020-05-05,Modoc,049,8938,0,0,0,0,0
2020-05-05,Mono,051,14174,32,25,0,25,1
2020-05-05,Monterey,053,433212,314,240,0,240,6
2020-05-05,Napa,055,140530,86,74,0,74,2
2020-05-05,Nevada,057,99092,41,41,1,42,1
2020-05-05,Orange,059,3164182,4661,3041,36,3077,63
2020-05-05,Placer,061,380077,184,162,0,162,8
2020-05-05,Plumas,063,18699,4,4,0,4,0
2020-05-05,Riverside,065,2383286,5384,4309,16,4325,161
2020-05-05,Sacramento,067,1510023,1180,1125,0,1125,48
2020-05-05,San Benito,069,59416,56,50,0,50,2
2020-05-05,San Bernardino,071,2135413,3169,2345,2,2347,104
2020-05-05,San Diego,073,3302833,5250,4162,0,4162,150
2020-05-05,San Francisco,075,870044,2019,1779,0,1779,31
2020-05-05,San Joaquin,077,732212,642,577,3,580,26
2020-05-05,San Luis Obispo,079,281455,282,203,3,206,1
2020-05-05,San Mateo,081,765935,1578,1335,2,1337,56
2020-05-05,Santa Barbara,083,443738,1174,541,4,545,7
2020-05-05,Santa Clara,085,1922200,2770,2249,8,2257,124
2020-05-05,Santa Cruz,087,273765,146,134,0,134,2
2020-05-05,Shasta,089,179085,44,31,0,31,4
2020-05-05,Sierra,091,2930,0,0,0,0,0
2020-05-05,Siskiyou,093,43540,5,5,0,5,0
2020-05-05,Solano,095,438530,386,299,0,299,4
2020-05-05,Sonoma,097,501317,327,263,0,263,3
2020-05-05,Stanislaus,099,539301,520,430,4,434,9
2020-05-05,Sutter,101,95872,36,29,0,29,2
2020-05-05,Tehama,103,63373,2,1,0,1,1
2020-05-05,Trinity,105,12862,2,0,0,0,0
2020-05-05,Tulare,107,460477,1440,869,6,875,40
2020-05-05,Tuolumne,109,53932,3,2,0,2,0
2020-05-05,Ventura,111,848112,831,607,1,608,19
2020-05-05,Yolo,113,214977,192,171,0,171,18
2020-05-05,Yuba,115,75493,22,15,0,15,1
2020-05-04,Alameda,001,1643700,2178,1762,3,1765,65
2020-05-04,Alpine,003,1148,1,1,0,1,0
2020-05-04,Amador,005,37829,8,8,0,8,0
2020-05-04,Butte,007,227075,28,16,1,17,0
2020-05-04,Calaveras,009,45235,13,13,0,13,0
2020-05-04,Colusa,011,21464,3,3,0,3,0
2020-05-04,Contra Costa,013,1133247,1088,949,0,949,28
2020-05-04,Del Norte,015,27424,5,3,0,3,0
2020-05-04,El Dorado,017,186661,66,51,0,51,0
2020-05-04,Fresno,019,978130,1378,680,17,697,8
2020-05-04,Glenn,021,27897,8,4,0,4,0
2020-05-04,Humboldt,023,135768,61,54,0,54,0
2020-05-04,Imperial,025,180216,740,351,0,351,6
2020-05-04,Inyo,027,18085,19,20,0,20,1
2020-05-04,Kern,029,883053,1390,1047,1,1048,8
2020-05-04,Kings,031,150075,314,153,1,154,1
2020-05-04,Lake,033,64148,9,7,0,7,0
2020-05-04,Lassen,035,31185,3,0,2,2,0
2020-05-04,Los Angeles,037,10098052,33791,26243,17,26260,1235
2020-05-04,Madera,039,155013,110,52,1,53,2
2020-05-04,Marin,041,260295,259,244,1,245,13
2020-05-04,Mariposa,043,17540,15,13,0,13,0
2020-05-04,Mendocino,045,87422,12,10,0,10,0
2020-05-04,Merced,047,269075,221,138,0,138,3
2020-05-04,Modoc,049,8938,0,0,0,0,0
2020-05-04,Mono,051,14174,32,25,0,25,1
2020-05-04,Monterey,053,433212,303,237,0,237,6
2020-05-04,Napa,055,140530,86,72,0,72,2
2020-05-04,Nevada,057,99092,41,41,1,42,1
2020-05-04,Orange,059,3164182,4523,2931,33,2964,57
2020-05-04,Placer,061,380077,182,162,0,162,8
2020-05-04,Plumas,063,18699,4,4,0,4,0
2020-05-04,Riverside,065,2383286,5290,4221,16,4237,147
2020-05-04,Sacramento,067,1510023,1170,1119,0,1119,44
2020-05-04,San Benito,069,59416,54,49,0,49,2
2020-05-04,San Bernardino,071,2135413,3029,2184,2,2186,99
2020-05-04,San Diego,073,3302833,5109,4022,0,4022,144
2020-05-04,San Francisco,075,870044,1981,1760,0,1760,31
2020-05-04,San Joaquin,077,732212,628,574,3,577,26
2020-05-04,San Luis Obispo,079,281455,279,202,3,205,1
2020-05-04,San Mateo,081,765935,1553,1313,2,1315,53
2020-05-04,Santa Barbara,083,443738,927,524,4,528,7
2020-05-04,Santa Clara,085,1922200,2755,2238,8,2246,119
2020-05-04,Santa Cruz,087,273765,145,133,0,133,2
2020-05-04,Shasta,089,179085,42,31,0,31,4
2020-05-04,Sierra,091,2930,0,0,0,0,0
2020-05-04,Siskiyou,093,43540,5,5,0,5,0
2020-05-04,Solano,095,438530,372,293,0,293,4
2020-05-04,Sonoma,097,501317,313,256,0,256,4
2020-05-04,Stanislaus,099,539301,514,422,4,426,8
2020-05-04,Sutter,101,95872,33,28,0,28,2
2020-05-04,Tehama,103,63373,2,1,0,1,1
2020-05-04,Trinity,105,12862,1,0,0,0,0
2020-05-04,Tulare,107,460477,1361,760,6,766,40
2020-05-04,Tuolumne,109,53932,3,3,0,3,0
2020-05-04,Ventura,111,848112,810,590,1,591,19
2020-05-04,Yolo,113,214977,191,171,0,171,18
2020-05-04,Yuba,115,75493,19,16,0,16,1
2020-05-03,Alameda,001,1643700,2121,1731,3,1734,64
2020-05-03,Alpine,003,1148,1,1,0,1,0
2020-05-03,Amador,005,37829,8,8,0,8,0
2020-05-03,Butte,007,227075,28,17,1,18,0
2020-05-03,Calaveras,009,45235,13,13,0,13,0
2020-05-03,Colusa,011,21464,3,3,0,3,0
2020-05-03,Contra Costa,013,1133247,1072,945,0,945,28
2020-05-03,Del Norte,015,27424,5,3,0,3,0
2020-05-03,El Dorado,017,186661,64,49,0,49,0
2020-05-03,Fresno,019,978130,1286,646,15,661,8
2020-05-03,Glenn,021,27897,7,5,0,5,0
2020-05-03,Humboldt,023,135768,60,54,0,54,0
2020-05-03,Imperial,025,180216,684,351,0,351,6
2020-05-03,Inyo,027,18085,19,20,0,20,1
2020-05-03,Kern,029,883053,1335,1025,1,1026,8
2020-05-03,Kings,031,150075,294,137,1,138,1
2020-05-03,Lake,033,64148,9,7,0,7,0
2020-05-03,Lassen,035,31185,3,0,2,2,0
2020-05-03,Los Angeles,037,10098052,32806,25708,17,25725,1210
2020-05-03,Madera,039,155013,103,46,1,47,2
2020-05-03,Marin,041,260295,254,243,1,244,13
2020-05-03,Mariposa,043,17540,15,13,0,13,0
2020-05-03,Mendocino,045,87422,12,10,0,10,0
2020-05-03,Merced,047,269075,213,134,0,134,3
2020-05-03,Modoc,049,8938,0,0,0,0,0
2020-05-03,Mono,051,14174,32,25,0,25,1
2020-05-03,Monterey,053,433212,294,235,0,235,6
2020-05-03,Napa,055,140530,86,72,0,72,2
2020-05-03,Nevada,057,99092,41,41,1,42,1
2020-05-03,Orange,059,3164182,4349,2859,32,2891,55
2020-05-03,Placer,061,380077,182,161,0,161,8
2020-05-03,Plumas,063,18699,4,4,0,4,0
2020-05-03,Riverside,065,2383286,5185,4034,16,4050,139
2020-05-03,Sacramento,067,1510023,1161,1109,0,1109,43
2020-05-03,San Benito,069,59416,54,49,0,49,2
2020-05-03,San Bernardino,071,2135413,2968,2123,2,2125,99
2020-05-03,San Diego,073,3302833,4972,3929,0,3929,142
2020-05-03,San Francisco,075,870044,1952,1692,0,1692,30
2020-05-03,San Joaquin,077,732212,621,570,3,573,26
2020-05-03,San Luis Obispo,079,281455,276,200,3,203,1
2020-05-03,San Mateo,081,765935,1525,1277,2,1279,53
2020-05-03,Santa Barbara,083,443738,568,512,4,516,7
2020-05-03,Santa Clara,085,1922200,2718,2235,8,2243,116
2020-05-03,Santa Cruz,087,273765,145,133,0,133,2
2020-05-03,Shasta,089,179085,40,31,0,31,4
2020-05-03,Sierra,091,2930,0,0,0,0,0
2020-05-03,Siskiyou,093,43540,5,5,0,5,0
2020-05-03,Solano,095,438530,362,266,0,266,4
2020-05-03,Sonoma,097,501317,304,254,0,254,4
2020-05-03,Stanislaus,099,539301,486,411,4,415,8
2020-05-03,Sutter,101,95872,31,28,0,28,2
2020-05-03,Tehama,103,63373,2,1,0,1,1
2020-05-03,Trinity,105,12862,1,0,0,0,0
2020-05-03,Tulare,107,460477,1282,736,6,742,40
2020-05-03,Tuolumne,109,53932,3,3,0,3,0
2020-05-03,Ventura,111,848112,776,583,1,584,19
2020-05-03,Yolo,113,214977,190,171,0,171,18
2020-05-03,Yuba,115,75493,19,16,0,16,1
2020-05-02,Alameda,001,1643700,2084,1678,3,1681,63
2020-05-02,Alpine,003,1148,1,1,0,1,0
2020-05-02,Amador,005,37829,8,8,0,8,0
2020-05-02,Butte,007,227075,28,17,1,18,0
2020-05-02,Calaveras,009,45235,13,13,0,13,0
2020-05-02,Colusa,011,21464,3,3,0,3,0
2020-05-02,Contra Costa,013,1133247,1054,929,0,929,28
2020-05-02,Del Norte,015,27424,5,3,0,3,0
2020-05-02,El Dorado,017,186661,64,47,0,47,0
2020-05-02,Fresno,019,978130,1260,629,14,643,8
2020-05-02,Glenn,021,27897,7,5,0,5,0
2020-05-02,Humboldt,023,135768,60,54,0,54,0
2020-05-02,Imperial,025,180216,657,345,0,345,6
2020-05-02,Inyo,027,18085,19,20,0,20,1
2020-05-02,Kern,029,883053,1309,1007,1,1008,8
2020-05-02,Kings,031,150075,291,120,1,121,1
2020-05-02,Lake,033,64148,9,7,0,7,0
2020-05-02,Lassen,035,31185,3,0,2,2,0
2020-05-02,Los Angeles,037,10098052,32276,24955,17,24972,1192
2020-05-02,Madera,039,155013,103,46,1,47,2
2020-05-02,Marin,041,260295,253,243,1,244,13
2020-05-02,Mariposa,043,17540,15,13,0,13,0
2020-05-02,Mendocino,045,87422,12,10,0,10,0
2020-05-02,Merced,047,269075,210,131,0,131,3
2020-05-02,Modoc,049,8938,0,0,0,0,0
2020-05-02,Mono,051,14174,32,25,0,25,1
2020-05-02,Monterey,053,433212,288,225,0,225,5
2020-05-02,Napa,055,140530,86,71,0,71,2
2020-05-02,Nevada,057,99092,41,41,1,42,1
2020-05-02,Orange,059,3164182,4235,2774,32,2806,52
2020-05-02,Placer,061,380077,180,150,0,150,8
2020-05-02,Plumas,063,18699,4,4,0,4,0
2020-05-02,Riverside,065,2383286,5119,3997,16,4013,137
2020-05-02,Sacramento,067,1510023,1158,1097,0,1097,43
2020-05-02,San Benito,069,59416,54,49,0,49,2
2020-05-02,San Bernardino,071,2135413,2929,2124,2,2126,99
2020-05-02,San Diego,073,3302833,4870,3844,0,3844,138
2020-05-02,San Francisco,075,870044,1929,1632,0,1632,29
2020-05-02,San Joaquin,077,732212,613,559,3,562,25
2020-05-02,San Luis Obispo,079,281455,270,193,3,196,1
2020-05-02,San Mateo,081,765935,1509,1272,2,1274,52
2020-05-02,Santa Barbara,083,443738,560,506,4,510,7
2020-05-02,Santa Clara,085,1922200,2708,2203,8,2211,115
2020-05-02,Santa Cruz,087,273765,144,131,0,131,2
2020-05-02,Shasta,089,179085,40,31,0,31,4
2020-05-02,Sierra,091,2930,0,0,0,0,0
2020-05-02,Siskiyou,093,43540,5,5,0,5,0
2020-05-02,Solano,095,438530,355,267,0,267,4
2020-05-02,Sonoma,097,501317,301,250,0,250,3
2020-05-02,Stanislaus,099,539301,478,388,4,392,8
2020-05-02,Sutter,101,95872,31,28,0,28,2
2020-05-02,Tehama,103,63373,2,1,0,1,1
2020-05-02,Trinity,105,12862,1,0,0,0,0
2020-05-02,Tulare,107,460477,1239,711,6,717,35
2020-05-02,Tuolumne,109,53932,3,3,0,3,0
2020-05-02,Ventura,111,848112,762,564,1,565,19
2020-05-02,Yolo,113,214977,190,169,0,169,17
2020-05-02,Yuba,115,75493,19,16,0,16,1
2020-05-01,Alameda,001,1643700,2047,1630,3,1633,63
2020-05-01,Alpine,003,1148,1,1,0,1,0
2020-05-01,Amador,005,37829,8,8,0,8,0
2020-05-01,Butte,007,227075,28,17,1,18,0
2020-05-01,Calaveras,009,45235,13,13,0,13,0
2020-05-01,Colusa,011,21464,3,3,0,3,0
2020-05-01,Contra Costa,013,1133247,1040,915,0,915,28
2020-05-01,Del Norte,015,27424,5,3,0,3,0
2020-05-01,El Dorado,017,186661,64,47,0,47,0
2020-05-01,Fresno,019,978130,1229,617,14,631,7
2020-05-01,Glenn,021,27897,7,4,0,4,0
2020-05-01,Humboldt,023,135768,60,54,0,54,0
2020-05-01,Imperial,025,180216,620,337,0,337,6
2020-05-01,Inyo,027,18085,19,20,0,20,1
2020-05-01,Kern,029,883053,1282,972,1,973,8
2020-05-01,Kings,031,150075,274,112,1,113,1
2020-05-01,Lake,033,64148,9,6,0,6,0
2020-05-01,Lassen,035,31185,3,0,2,2,0
2020-05-01,Los Angeles,037,10098052,31519,24306,17,24323,1155
2020-05-01,Madera,039,155013,99,46,1,47,2
2020-05-01,Marin,041,260295,253,242,1,243,13
2020-05-01,Mariposa,043,17540,15,10,0,10,0
2020-05-01,Mendocino,045,87422,12,11,0,11,0
2020-05-01,Merced,047,269075,207,131,0,131,3
2020-05-01,Modoc,049,8938,0,0,0,0,0
2020-05-01,Mono,051,14174,32,25,0,25,1
2020-05-01,Monterey,053,433212,284,222,0,222,5
2020-05-01,Napa,055,140530,86,69,0,69,2
2020-05-01,Nevada,057,99092,41,41,1,42,1
2020-05-01,Orange,059,3164182,4158,2660,30,2690,51
2020-05-01,Placer,061,380077,179,149,0,149,8
2020-05-01,Plumas,063,18699,4,4,0,4,0
2020-05-01,Riverside,065,2383286,5055,3893,16,3909,132
2020-05-01,Sacramento,067,1510023,1153,1081,0,1081,43
2020-05-01,San Benito,069,59416,54,49,0,49,2
2020-05-01,San Bernardino,071,2135413,2874,2084,2,2086,98
2020-05-01,San Diego,073,3302833,4779,3713,0,3713,134
2020-05-01,San Francisco,075,870044,1885,1552,0,1552,29
2020-05-01,San Joaquin,077,732212,609,554,3,557,25
2020-05-01,San Luis Obispo,079,281455,267,186,3,189,1
2020-05-01,San Mateo,081,765935,1487,1222,2,1224,52
2020-05-01,Santa Barbara,083,443738,554,499,3,502,7
2020-05-01,Santa Clara,085,1922200,2696,2176,8,2184,112
2020-05-01,Santa Cruz,087,273765,144,127,0,127,2
2020-05-01,Shasta,089,179085,40,31,0,31,4
2020-05-01,Sierra,091,2930,0,0,0,0,0
2020-05-01,Siskiyou,093,43540,5,5,0,5,0
2020-05-01,Solano,095,438530,347,266,0,266,4
2020-05-01,Sonoma,097,501317,298,242,0,242,3
2020-05-01,Stanislaus,099,539301,473,384,4,388,8
2020-05-01,Sutter,101,95872,31,28,0,28,2
2020-05-01,Tehama,103,63373,2,1,0,1,1
2020-05-01,Trinity,105,12862,1,0,0,0,0
2020-05-01,Tulare,107,460477,1195,685,6,691,32
2020-05-01,Tuolumne,109,53932,3,3,0,3,0
2020-05-01,Ventura,111,848112,749,556,1,557,18
2020-05-01,Yolo,113,214977,190,165,0,165,18
2020-05-01,Yuba,115,75493,19,16,0,16,1
2020-04-30,Alameda,001,1643700,1987,1599,3,1602,60
2020-04-30,Alpine,003,1148,1,1,0,1,0
2020-04-30,Amador,005,37829,8,8,0,8,0
2020-04-30,Butte,007,227075,28,16,1,17,0
2020-04-30,Calaveras,009,45235,13,13,0,13,0
2020-04-30,Colusa,011,21464,3,3,0,3,0
2020-04-30,Contra Costa,013,1133247,1018,900,0,900,25
2020-04-30,Del Norte,015,27424,4,3,0,3,0
2020-04-30,El Dorado,017,186661,64,44,0,44,0
2020-04-30,Fresno,019,978130,1163,562,11,573,7
2020-04-30,Glenn,021,27897,7,4,0,4,0
2020-04-30,Humboldt,023,135768,60,54,0,54,0
2020-04-30,Imperial,025,180216,574,322,0,322,6
2020-04-30,Inyo,027,18085,19,20,0,20,1
2020-04-30,Kern,029,883053,1250,941,1,942,8
2020-04-30,Kings,031,150075,262,87,1,88,1
2020-04-30,Lake,033,64148,9,6,0,6,0
2020-04-30,Lassen,035,31185,3,0,2,2,0
2020-04-30,Los Angeles,037,10098052,30512,23284,17,23301,1099
2020-04-30,Madera,039,155013,88,46,1,47,2
2020-04-30,Marin,041,260295,253,240,1,241,13
2020-04-30,Mariposa,043,17540,15,3,0,3,0
2020-04-30,Mendocino,045,87422,12,11,0,11,0
2020-04-30,Merced,047,269075,200,122,0,122,3
2020-04-30,Modoc,049,8938,0,0,0,0,0
2020-04-30,Mono,051,14174,31,25,0,25,1
2020-04-30,Monterey,053,433212,274,213,0,213,5
2020-04-30,Napa,055,140530,84,69,0,69,2
2020-04-30,Nevada,057,99092,41,41,1,42,1
2020-04-30,Orange,059,3164182,3935,2591,27,2618,46
2020-04-30,Placer,061,380077,178,148,0,148,8
2020-04-30,Plumas,063,18699,4,4,0,4,0
2020-04-30,Riverside,065,2383286,4955,3820,15,3835,124
2020-04-30,Sacramento,067,1510023,1147,1071,0,1071,43
2020-04-30,San Benito,069,59416,54,48,0,48,2
2020-04-30,San Bernardino,071,2135413,2672,2020,2,2022,96
2020-04-30,San Diego,073,3302833,4608,3566,0,3566,124
2020-04-30,San Francisco,075,870044,1851,1518,0,1518,26
2020-04-30,San Joaquin,077,732212,601,548,3,551,25
2020-04-30,San Luis Obispo,079,281455,264,182,3,185,1
2020-04-30,San Mateo,081,765935,1457,1194,2,1196,52
2020-04-30,Santa Barbara,083,443738,542,490,3,493,7
2020-04-30,Santa Clara,085,1922200,2656,2172,8,2180,111
2020-04-30,Santa Cruz,087,273765,143,126,0,126,2
2020-04-30,Shasta,089,179085,39,31,0,31,4
2020-04-30,Sierra,091,2930,0,0,0,0,0
2020-04-30,Siskiyou,093,43540,5,5,0,5,0
2020-04-30,Solano,095,438530,337,262,0,262,4
2020-04-30,Sonoma,097,501317,289,233,0,233,3
2020-04-30,Stanislaus,099,539301,466,378,4,382,7
2020-04-30,Sutter,101,95872,31,28,0,28,2
2020-04-30,Tehama,103,63373,1,1,0,1,1
2020-04-30,Trinity,105,12862,1,0,0,0,0
2020-04-30,Tulare,107,460477,1129,637,6,643,31
2020-04-30,Tuolumne,109,53932,3,3,0,3,0
2020-04-30,Ventura,111,848112,721,547,1,548,18
2020-04-30,Yolo,113,214977,189,164,0,164,16
2020-04-30,Yuba,115,75493,19,15,0,15,1
2020-04-29,Alameda,001,1643700,1929,1564,2,1566,60
2020-04-29,Alpine,003,1148,1,1,0,1,0
2020-04-29,Amador,005,37829,8,8,0,8,0
2020-04-29,Butte,007,227075,28,16,1,17,0
2020-04-29,Calaveras,009,45235,13,13,0,13,0
2020-04-29,Colusa,011,21464,3,3,0,3,0
2020-04-29,Contra Costa,013,1133247,999,885,0,885,25
2020-04-29,Del Norte,015,27424,4,3,0,3,0
2020-04-29,El Dorado,017,186661,62,44,0,44,0
2020-04-29,Fresno,019,978130,1111,544,11,555,7
2020-04-29,Glenn,021,27897,7,4,0,4,0
2020-04-29,Humboldt,023,135768,60,53,0,53,0
2020-04-29,Imperial,025,180216,544,300,0,300,6
2020-04-29,Inyo,027,18085,19,20,0,20,1
2020-04-29,Kern,029,883053,1207,910,1,911,6
2020-04-29,Kings,031,150075,243,80,1,81,1
2020-04-29,Lake,033,64148,9,6,0,6,0
2020-04-29,Lassen,035,31185,3,0,2,2,0
2020-04-29,Los Angeles,037,10098052,29535,22560,16,22576,1043
2020-04-29,Madera,039,155013,86,45,1,46,2
2020-04-29,Marin,041,260295,250,234,1,235,13
2020-04-29,Mariposa,043,17540,15,1,0,1,0
2020-04-29,Mendocino,045,87422,12,11,0,11,0
2020-04-29,Merced,047,269075,193,116,0,116,3
2020-04-29,Modoc,049,8938,0,0,0,0,0
2020-04-29,Mono,051,14174,31,25,0,25,1
2020-04-29,Monterey,053,433212,266,204,0,204,5
2020-04-29,Napa,055,140530,82,68,0,68,2
2020-04-29,Nevada,057,99092,41,41,1,42,1
2020-04-29,Orange,059,3164182,3800,2421,26,2447,43
2020-04-29,Placer,061,380077,176,145,0,145,8
2020-04-29,Plumas,063,18699,4,4,0,4,0
2020-04-29,Riverside,065,2383286,4878,3700,15,3715,116
2020-04-29,Sacramento,067,1510023,1125,1055,0,1055,41
2020-04-29,San Benito,069,59416,54,48,0,48,2
2020-04-29,San Bernardino,071,2135413,2585,1975,1,1976,91
2020-04-29,San Diego,073,3302833,4466,3434,0,3434,120
2020-04-29,San Francisco,075,870044,1823,1489,0,1489,23
2020-04-29,San Joaquin,077,732212,593,540,3,543,25
2020-04-29,San Luis Obispo,079,281455,262,181,3,184,1
2020-04-29,San Mateo,081,765935,1431,1170,2,1172,50
2020-04-29,Santa Barbara,083,443738,529,477,3,480,7
2020-04-29,Santa Clara,085,1922200,2629,2147,8,2155,108
2020-04-29,Santa Cruz,087,273765,142,124,0,124,2
2020-04-29,Shasta,089,179085,38,31,0,31,4
2020-04-29,Sierra,091,2930,0,0,0,0,0
2020-04-29,Siskiyou,093,43540,5,5,0,5,0
2020-04-29,Solano,095,438530,313,252,0,252,3
2020-04-29,Sonoma,097,501317,281,230,0,230,2
2020-04-29,Stanislaus,099,539301,453,374,4,378,5
2020-04-29,Sutter,101,95872,31,28,0,28,2
2020-04-29,Tehama,103,63373,1,1,0,1,1
2020-04-29,Trinity,105,12862,1,0,0,0,0
2020-04-29,Tulare,107,460477,1056,615,5,620,30
2020-04-29,Tuolumne,109,53932,3,4,0,4,0
2020-04-29,Ventura,111,848112,697,530,1,531,18
2020-04-29,Yolo,113,214977,186,161,0,161,11
2020-04-29,Yuba,115,75493,19,15,0,15,1
2020-04-28,Alameda,001,1643700,1872,1525,2,1527,55
2020-04-28,Alpine,003,1148,1,1,0,1,0
2020-04-28,Amador,005,37829,8,8,0,8,0
2020-04-28,Butte,007,227075,28,16,1,17,0
2020-04-28,Calaveras,009,45235,13,13,0,13,0
2020-04-28,Colusa,011,21464,3,3,0,3,0
2020-04-28,Contra Costa,013,1133247,992,866,0,866,25
2020-04-28,Del Norte,015,27424,4,3,0,3,0
2020-04-28,El Dorado,017,186661,61,43,0,43,0
2020-04-28,Fresno,019,978130,1060,525,9,534,7
2020-04-28,Glenn,021,27897,5,4,0,4,0
2020-04-28,Humboldt,023,135768,59,53,0,53,0
2020-04-28,Imperial,025,180216,510,295,0,295,6
2020-04-28,Inyo,027,18085,19,20,0,20,1
2020-04-28,Kern,029,883053,1164,882,1,883,5
2020-04-28,Kings,031,150075,230,57,1,58,1
2020-04-28,Lake,033,64148,9,6,0,6,0
2020-04-28,Lassen,035,31185,3,0,2,2,0
2020-04-28,Los Angeles,037,10098052,28470,21029,16,21045,984
2020-04-28,Madera,039,155013,86,44,1,45,2
2020-04-28,Marin,041,260295,249,228,1,229,12
2020-04-28,Mariposa,043,17540,15,0,0,0,0
2020-04-28,Mendocino,045,87422,12,10,0,10,0
2020-04-28,Merced,047,269075,186,108,0,108,3
2020-04-28,Modoc,049,8938,0,0,0,0,0
2020-04-28,Mono,051,14174,31,25,0,25,1
2020-04-28,Monterey,053,433212,260,191,0,191,5
2020-04-28,Napa,055,140530,81,67,0,67,2
2020-04-28,Nevada,057,99092,41,41,1,42,1
2020-04-28,Orange,059,3164182,3637,2324,25,2349,42
2020-04-28,Placer,061,380077,166,143,0,143,8
2020-04-28,Plumas,063,18699,4,4,0,4,0
2020-04-28,Riverside,065,2383286,4783,3504,15,3519,113
2020-04-28,Sacramento,067,1510023,1110,1044,0,1044,41
2020-04-28,San Benito,069,59416,52,46,0,46,2
2020-04-28,San Bernardino,071,2135413,2508,1891,1,1892,89
2020-04-28,San Diego,073,3302833,4336,3316,0,3316,118
2020-04-28,San Francisco,075,870044,1788,1471,0,1471,23
2020-04-28,San Joaquin,077,732212,587,532,3,535,25
2020-04-28,San Luis Obispo,079,281455,255,172,3,175,1
2020-04-28,San Mateo,081,765935,1418,1129,2,1131,48
2020-04-28,Santa Barbara,083,443738,524,469,2,471,7
2020-04-28,Santa Clara,085,1922200,2595,2130,8,2138,106
2020-04-28,Santa Cruz,087,273765,142,123,0,123,2
2020-04-28,Shasta,089,179085,38,29,0,29,4
2020-04-28,Sierra,091,2930,0,0,0,0,0
2020-04-28,Siskiyou,093,43540,5,5,0,5,0
2020-04-28,Solano,095,438530,294,246,0,246,3
2020-04-28,Sonoma,097,501317,278,226,0,226,1
2020-04-28,Stanislaus,099,539301,437,330,4,334,5
2020-04-28,Sutter,101,95872,31,25,0,25,2
2020-04-28,Tehama,103,63373,1,1,0,1,1
2020-04-28,Trinity,105,12862,1,0,0,0,0
2020-04-28,Tulare,107,460477,960,579,5,584,30
2020-04-28,Tuolumne,109,53932,3,4,0,4,0
2020-04-28,Ventura,111,848112,677,517,1,518,17
2020-04-28,Yolo,113,214977,186,160,0,160,10
2020-04-28,Yuba,115,75493,19,15,0,15,1
2020-04-27,Alameda,001,1643700,1812,1494,2,1496,53
2020-04-27,Alpine,003,1148,1,1,0,1,0
2020-04-27,Amador,005,37829,8,8,0,8,0
2020-04-27,Butte,007,227075,27,16,1,17,0
2020-04-27,Calaveras,009,45235,13,13,0,13,0
2020-04-27,Colusa,011,21464,3,3,0,3,0
2020-04-27,Contra Costa,013,1133247,980,843,0,843,25
2020-04-27,Del Norte,015,27424,4,3,0,3,0
2020-04-27,El Dorado,017,186661,60,43,0,43,0
2020-04-27,Fresno,019,978130,957,504,8,512,7
2020-04-27,Glenn,021,27897,5,4,0,4,0
2020-04-27,Humboldt,023,135768,59,52,0,52,0
2020-04-27,Imperial,025,180216,480,290,0,290,6
2020-04-27,Inyo,027,18085,19,20,0,20,1
2020-04-27,Kern,029,883053,1125,865,1,866,4
2020-04-27,Kings,031,150075,207,48,1,49,1
2020-04-27,Lake,033,64148,8,6,0,6,0
2020-04-27,Lassen,035,31185,3,0,2,2,0
2020-04-27,Los Angeles,037,10098052,27452,20456,16,20472,931
2020-04-27,Madera,039,155013,84,42,1,43,2
2020-04-27,Marin,041,260295,244,227,1,228,12
2020-04-27,Mariposa,043,17540,14,0,0,0,0
2020-04-27,Mendocino,045,87422,12,10,0,10,0
2020-04-27,Merced,047,269075,183,108,0,108,3
2020-04-27,Modoc,049,8938,0,0,0,0,0
2020-04-27,Mono,051,14174,31,23,0,23,1
2020-04-27,Monterey,053,433212,253,185,0,185,4
2020-04-27,Napa,055,140530,77,64,0,64,2
2020-04-27,Nevada,057,99092,41,39,1,40,1
2020-04-27,Orange,059,3164182,3468,2198,25,2223,42
2020-04-27,Placer,061,380077,166,142,0,142,8
2020-04-27,Plumas,063,18699,4,4,0,4,0
2020-04-27,Riverside,065,2383286,4660,3381,15,3396,100
2020-04-27,Sacramento,067,1510023,1095,1035,0,1035,41
2020-04-27,San Benito,069,59416,50,45,0,45,2
2020-04-27,San Bernardino,071,2135413,2394,1742,1,1743,82
2020-04-27,San Diego,073,3302833,4210,3143,0,3143,113
2020-04-27,San Francisco,075,870044,1734,1453,0,1453,23
2020-04-27,San Joaquin,077,732212,581,522,3,525,25
2020-04-27,San Luis Obispo,079,281455,247,166,3,169,1
2020-04-27,San Mateo,081,765935,1396,1092,2,1094,46
2020-04-27,Santa Barbara,083,443738,516,466,2,468,7
2020-04-27,Santa Clara,085,1922200,2570,2104,7,2111,105
2020-04-27,Santa Cruz,087,273765,142,123,0,123,2
2020-04-27,Shasta,089,179085,38,29,0,29,4
2020-04-27,Sierra,091,2930,0,0,0,0,0
2020-04-27,Siskiyou,093,43540,5,5,0,5,0
2020-04-27,Solano,095,438530,294,222,0,222,3
2020-04-27,Sonoma,097,501317,269,220,0,220,1
2020-04-27,Stanislaus,099,539301,421,316,4,320,5
2020-04-27,Sutter,101,95872,29,26,0,26,2
2020-04-27,Tehama,103,63373,1,1,0,1,1
2020-04-27,Trinity,105,12862,1,0,0,0,0
2020-04-27,Tulare,107,460477,889,535,5,540,28
2020-04-27,Tuolumne,109,53932,3,3,0,3,0
2020-04-27,Ventura,111,848112,658,513,1,514,17
2020-04-27,Yolo,113,214977,183,160,0,160,9
2020-04-27,Yuba,115,75493,19,15,0,15,1
2020-04-26,Alameda,001,1643700,1751,1449,2,1451,52
2020-04-26,Alpine,003,1148,1,1,0,1,0
2020-04-26,Amador,005,37829,8,8,0,8,0
2020-04-26,Butte,007,227075,27,16,1,17,0
2020-04-26,Calaveras,009,45235,13,13,0,13,0
2020-04-26,Colusa,011,21464,3,3,0,3,0
2020-04-26,Contra Costa,013,1133247,964,830,0,830,25
2020-04-26,Del Norte,015,27424,3,3,0,3,0
2020-04-26,El Dorado,017,186661,58,41,0,41,0
2020-04-26,Fresno,019,978130,863,476,7,483,7
2020-04-26,Glenn,021,27897,5,4,0,4,0
2020-04-26,Humboldt,023,135768,59,53,0,53,0
2020-04-26,Imperial,025,180216,446,272,0,272,6
2020-04-26,Inyo,027,18085,19,20,0,20,1
2020-04-26,Kern,029,883053,1075,831,1,832,4
2020-04-26,Kings,031,150075,182,33,1,34,1
2020-04-26,Lake,033,64148,8,6,0,6,0
2020-04-26,Lassen,035,31185,3,0,2,2,0
2020-04-26,Los Angeles,037,10098052,26295,19570,16,19586,901
2020-04-26,Madera,039,155013,82,39,1,40,2
2020-04-26,Marin,041,260295,238,225,1,226,12
2020-04-26,Mariposa,043,17540,14,0,0,0,0
2020-04-26,Mendocino,045,87422,12,5,0,5,0
2020-04-26,Merced,047,269075,166,104,0,104,3
2020-04-26,Modoc,049,8938,0,0,0,0,0
2020-04-26,Mono,051,14174,31,23,0,23,1
2020-04-26,Monterey,053,433212,246,182,0,182,4
2020-04-26,Napa,055,140530,76,62,0,62,2
2020-04-26,Nevada,057,99092,41,37,1,38,1
2020-04-26,Orange,059,3164182,3303,2124,25,2149,40
2020-04-26,Placer,061,380077,165,141,0,141,8
2020-04-26,Plumas,063,18699,4,4,0,4,0
2020-04-26,Riverside,065,2383286,4517,3301,15,3316,95
2020-04-26,Sacramento,067,1510023,1086,1027,0,1027,41
2020-04-26,San Benito,069,59416,50,45,0,45,2
2020-04-26,San Bernardino,071,2135413,2298,1681,1,1682,82
2020-04-26,San Diego,073,3302833,4068,3045,0,3045,111
2020-04-26,San Francisco,075,870044,1695,1403,0,1403,23
2020-04-26,San Joaquin,077,732212,573,514,3,517,25
2020-04-26,San Luis Obispo,079,281455,244,165,3,168,1
2020-04-26,San Mateo,081,765935,1370,1070,2,1072,46
2020-04-26,Santa Barbara,083,443738,509,464,2,466,7
2020-04-26,Santa Clara,085,1922200,2547,2097,6,2103,102
2020-04-26,Santa Cruz,087,273765,142,116,0,116,2
2020-04-26,Shasta,089,179085,35,29,0,29,4
2020-04-26,Sierra,091,2930,0,0,0,0,0
2020-04-26,Siskiyou,093,43540,5,5,0,5,0
2020-04-26,Solano,095,438530,285,205,0,205,3
2020-04-26,Sonoma,097,501317,258,216,0,216,1
2020-04-26,Stanislaus,099,539301,406,294,4,298,4
2020-04-26,Sutter,101,95872,29,26,0,26,2
2020-04-26,Tehama,103,63373,1,1,0,1,1
2020-04-26,Trinity,105,12862,1,0,0,0,0
2020-04-26,Tulare,107,460477,830,497,5,502,28
2020-04-26,Tuolumne,109,53932,3,3,0,3,0
2020-04-26,Ventura,111,848112,640,509,1,510,17
2020-04-26,Yolo,113,214977,182,158,0,158,8
2020-04-26,Yuba,115,75493,18,15,0,15,1
2020-04-25,Alameda,001,1643700,1726,1396,2,1398,52
2020-04-25,Alpine,003,1148,1,1,0,1,0
2020-04-25,Amador,005,37829,8,8,0,8,0
2020-04-25,Butte,007,227075,26,16,1,17,0
2020-04-25,Calaveras,009,45235,13,12,0,12,0
2020-04-25,Colusa,011,21464,3,3,0,3,0
2020-04-25,Contra Costa,013,1133247,950,821,0,821,24
2020-04-25,Del Norte,015,27424,2,2,0,2,0
2020-04-25,El Dorado,017,186661,57,41,0,41,0
2020-04-25,Fresno,019,978130,831,459,6,465,7
2020-04-25,Glenn,021,27897,5,4,0,4,0
2020-04-25,Humboldt,023,135768,59,53,0,53,0
2020-04-25,Imperial,025,180216,429,232,0,232,6
2020-04-25,Inyo,027,18085,19,20,0,20,1
2020-04-25,Kern,029,883053,1044,802,1,803,4
2020-04-25,Kings,031,150075,170,33,1,34,1
2020-04-25,Lake,033,64148,6,6,0,6,0
2020-04-25,Lassen,035,31185,3,0,2,2,0
2020-04-25,Los Angeles,037,10098052,25661,19144,16,19160,881
2020-04-25,Madera,039,155013,79,39,1,40,2
2020-04-25,Marin,041,260295,238,215,1,216,12
2020-04-25,Mariposa,043,17540,14,0,0,0,0
2020-04-25,Mendocino,045,87422,11,5,0,5,0
2020-04-25,Merced,047,269075,166,103,0,103,3
2020-04-25,Modoc,049,8938,0,0,0,0,0
2020-04-25,Mono,051,14174,31,23,0,23,1
2020-04-25,Monterey,053,433212,244,173,0,173,4
2020-04-25,Napa,055,140530,76,60,0,60,2
2020-04-25,Nevada,057,99092,41,37,1,38,1
2020-04-25,Orange,059,3164182,3195,2047,25,2072,40
2020-04-25,Placer,061,380077,165,137,0,137,8
2020-04-25,Plumas,063,18699,4,4,0,4,0
2020-04-25,Riverside,065,2383286,4427,3037,15,3052,93
2020-04-25,Sacramento,067,1510023,1084,1015,0,1015,41
2020-04-25,San Benito,069,59416,50,45,0,45,2
2020-04-25,San Bernardino,071,2135413,2252,1675,1,1676,82
2020-04-25,San Diego,073,3302833,3967,2945,0,2945,111
2020-04-25,San Francisco,075,870044,1670,1341,0,1341,22
2020-04-25,San Joaquin,077,732212,566,497,3,500,24
2020-04-25,San Luis Obispo,079,281455,243,159,3,162,1
2020-04-25,San Mateo,081,765935,1352,1054,2,1056,46
2020-04-25,Santa Barbara,083,443738,502,457,2,459,7
2020-04-25,Santa Clara,085,1922200,2525,2045,5,2050,99
2020-04-25,Santa Cruz,087,273765,142,112,0,112,2
2020-04-25,Shasta,089,179085,35,29,0,29,4
2020-04-25,Sierra,091,2930,0,0,0,0,0
2020-04-25,Siskiyou,093,43540,5,5,0,5,0
2020-04-25,Solano,095,438530,281,203,0,203,3
2020-04-25,Sonoma,097,501317,254,199,0,199,1
2020-04-25,Stanislaus,099,539301,398,276,4,280,4
2020-04-25,Sutter,101,95872,29,24,0,24,2
2020-04-25,Tehama,103,63373,1,1,0,1,1
2020-04-25,Trinity,105,12862,0,0,0,0,0
2020-04-25,Tulare,107,460477,797,478,5,483,28
2020-04-25,Tuolumne,109,53932,3,2,0,2,0
2020-04-25,Ventura,111,848112,626,494,1,495,16
2020-04-25,Yolo,113,214977,182,157,0,157,8
2020-04-25,Yuba,115,75493,17,15,0,15,1
2020-04-24,Alameda,001,1643700,1695,1385,2,1387,50
2020-04-24,Alpine,003,1148,1,1,0,1,0
2020-04-24,Amador,005,37829,8,8,0,8,0
2020-04-24,Butte,007,227075,25,15,1,16,0
2020-04-24,Calaveras,009,45235,13,12,0,12,0
2020-04-24,Colusa,011,21464,3,3,0,3,0
2020-04-24,Contra Costa,013,1133247,941,806,0,806,23
2020-04-24,Del Norte,015,27424,2,2,0,2,0
2020-04-24,El Dorado,017,186661,56,41,0,41,0
2020-04-24,Fresno,019,978130,808,449,6,455,7
2020-04-24,Glenn,021,27897,5,4,0,4,0
2020-04-24,Humboldt,023,135768,59,53,0,53,0
2020-04-24,Imperial,025,180216,413,232,0,232,6
2020-04-24,Inyo,027,18085,19,20,0,20,0
2020-04-24,Kern,029,883053,1020,770,1,771,4
2020-04-24,Kings,031,150075,141,30,1,31,1
2020-04-24,Lake,033,64148,6,6,0,6,0
2020-04-24,Lassen,035,31185,3,0,2,2,0
2020-04-24,Los Angeles,037,10098052,24731,18553,16,18569,836
2020-04-24,Madera,039,155013,79,39,1,40,2
2020-04-24,Marin,041,260295,238,211,1,212,11
2020-04-24,Mariposa,043,17540,8,0,0,0,0
2020-04-24,Mendocino,045,87422,11,5,0,5,0
2020-04-24,Merced,047,269075,163,102,0,102,3
2020-04-24,Modoc,049,8938,0,0,0,0,0
2020-04-24,Mono,051,14174,30,23,0,23,1
2020-04-24,Monterey,053,433212,237,167,0,167,4
2020-04-24,Napa,055,140530,75,59,0,59,2
2020-04-24,Nevada,057,99092,41,36,1,37,1
2020-04-24,Orange,059,3164182,3088,1945,25,1970,39
2020-04-24,Placer,061,380077,163,137,0,137,8
2020-04-24,Plumas,063,18699,4,4,0,4,0
2020-04-24,Riverside,065,2383286,4346,3044,15,3059,87
2020-04-24,Sacramento,067,1510023,1078,1009,0,1009,41
2020-04-24,San Benito,069,59416,50,45,0,45,2
2020-04-24,San Bernardino,071,2135413,2217,1667,1,1668,80
2020-04-24,San Diego,073,3302833,3856,2828,0,2828,102
2020-04-24,San Francisco,075,870044,1612,1345,0,1345,22
2020-04-24,San Joaquin,077,732212,559,484,3,487,24
2020-04-24,San Luis Obispo,079,281455,240,151,3,154,1
2020-04-24,San Mateo,081,765935,1329,1004,2,1006,43
2020-04-24,Santa Barbara,083,443738,496,450,2,452,6
2020-04-24,Santa Clara,085,1922200,2483,2026,5,2031,98
2020-04-24,Santa Cruz,087,273765,138,111,0,111,2
2020-04-24,Shasta,089,179085,35,28,0,28,4
2020-04-24,Sierra,091,2930,0,0,0,0,0
2020-04-24,Siskiyou,093,43540,5,5,0,5,0
2020-04-24,Solano,095,438530,279,203,0,203,3
2020-04-24,Sonoma,097,501317,250,199,0,199,1
2020-04-24,Stanislaus,099,539301,395,273,4,277,4
2020-04-24,Sutter,101,95872,28,24,0,24,2
2020-04-24,Tehama,103,63373,1,1,0,1,1
2020-04-24,Trinity,105,12862,0,0,0,0,0
2020-04-24,Tulare,107,460477,769,459,5,464,27
2020-04-24,Tuolumne,109,53932,3,2,0,2,0
2020-04-24,Ventura,111,848112,616,489,1,490,16
2020-04-24,Yolo,113,214977,181,155,0,155,8
2020-04-24,Yuba,115,75493,16,15,0,15,1
2020-04-23,Alameda,001,1643700,1657,1336,2,1338,46
2020-04-23,Alpine,003,1148,1,1,0,1,0
2020-04-23,Amador,005,37829,8,8,0,8,0
2020-04-23,Butte,007,227075,25,15,1,16,0
2020-04-23,Calaveras,009,45235,13,12,0,12,0
2020-04-23,Colusa,011,21464,3,3,0,3,0
2020-04-23,Contra Costa,013,1133247,920,786,0,786,23
2020-04-23,Del Norte,015,27424,2,2,0,2,0
2020-04-23,El Dorado,017,186661,55,39,0,39,0
2020-04-23,Fresno,019,978130,770,426,6,432,7
2020-04-23,Glenn,021,27897,5,3,0,3,0
2020-04-23,Humboldt,023,135768,59,53,0,53,0
2020-04-23,Imperial,025,180216,392,181,0,181,4
2020-04-23,Inyo,027,18085,19,19,0,19,0
2020-04-23,Kern,029,883053,972,732,1,733,4
2020-04-23,Kings,031,150075,126,28,1,29,1
2020-04-23,Lake,033,64148,6,6,0,6,0
2020-04-23,Lassen,035,31185,3,0,2,2,0
2020-04-23,Los Angeles,037,10098052,23670,17548,15,17563,784
2020-04-23,Madera,039,155013,77,37,1,38,2
2020-04-23,Marin,041,260295,225,209,1,210,11
2020-04-23,Mariposa,043,17540,7,0,0,0,0
2020-04-23,Mendocino,045,87422,9,5,0,5,0
2020-04-23,Merced,047,269075,159,98,0,98,3
2020-04-23,Modoc,049,8938,0,0,0,0,0
2020-04-23,Mono,051,14174,30,23,0,23,1
2020-04-23,Monterey,053,433212,233,161,0,161,4
2020-04-23,Napa,055,140530,68,59,0,59,2
2020-04-23,Nevada,057,99092,41,36,1,37,1
2020-04-23,Orange,059,3164182,2910,1841,24,1865,37
2020-04-23,Placer,061,380077,160,136,0,136,8
2020-04-23,Plumas,063,18699,4,4,0,4,0
2020-04-23,Riverside,065,2383286,4232,2935,14,2949,78
2020-04-23,Sacramento,067,1510023,1066,978,0,978,41
2020-04-23,San Benito,069,59416,47,43,0,43,2
2020-04-23,San Bernardino,071,2135413,2152,1604,1,1605,79
2020-04-23,San Diego,073,3302833,3695,2645,0,2645,100
2020-04-23,San Francisco,075,870044,1587,1312,0,1312,21
2020-04-23,San Joaquin,077,732212,549,479,3,482,20
2020-04-23,San Luis Obispo,079,281455,236,146,3,149,1
2020-04-23,San Mateo,081,765935,1290,970,2,972,42
2020-04-23,Santa Barbara,083,443738,490,445,2,447,6
2020-04-23,Santa Clara,085,1922200,2448,1996,5,2001,95
2020-04-23,Santa Cruz,087,273765,137,110,0,110,2
2020-04-23,Shasta,089,179085,35,27,0,27,3
2020-04-23,Sierra,091,2930,0,0,0,0,0
2020-04-23,Siskiyou,093,43540,5,5,0,5,0
2020-04-23,Solano,095,438530,265,196,0,196,3
2020-04-23,Sonoma,097,501317,238,187,0,187,1
2020-04-23,Stanislaus,099,539301,391,254,4,258,4
2020-04-23,Sutter,101,95872,28,24,0,24,2
2020-04-23,Tehama,103,63373,1,1,0,1,1
2020-04-23,Trinity,105,12862,0,0,0,0,0
2020-04-23,Tulare,107,460477,740,440,5,445,25
2020-04-23,Tuolumne,109,53932,3,2,0,2,0
2020-04-23,Ventura,111,848112,602,479,1,480,16
2020-04-23,Yolo,113,214977,178,151,0,151,8
2020-04-23,Yuba,115,75493,16,15,0,15,1
2020-04-22,Alameda,001,1643700,1608,1275,2,1277,46
2020-04-22,Alpine,003,1148,1,1,0,1,0
2020-04-22,Amador,005,37829,8,7,0,7,0
2020-04-22,Butte,007,227075,24,15,1,16,0
2020-04-22,Calaveras,009,45235,13,12,0,12,0
2020-04-22,Colusa,011,21464,3,3,0,3,0
2020-04-22,Contra Costa,013,1133247,905,772,0,772,22
2020-04-22,Del Norte,015,27424,2,2,0,2,0
2020-04-22,El Dorado,017,186661,55,39,0,39,0
2020-04-22,Fresno,019,978130,730,388,6,394,7
2020-04-22,Glenn,021,27897,5,3,0,3,0
2020-04-22,Humboldt,023,135768,59,53,0,53,0
2020-04-22,Imperial,025,180216,381,170,0,170,3
2020-04-22,Inyo,027,18085,19,18,0,18,0
2020-04-22,Kern,029,883053,950,713,1,714,4
2020-04-22,Kings,031,150075,105,28,1,29,1
2020-04-22,Lake,033,64148,6,6,0,6,0
2020-04-22,Lassen,035,31185,3,0,2,2,0
2020-04-22,Los Angeles,037,10098052,22643,16400,15,16415,715
2020-04-22,Madera,039,155013,75,37,1,38,2
2020-04-22,Marin,041,260295,223,202,1,203,11
2020-04-22,Mariposa,043,17540,6,0,0,0,0
2020-04-22,Mendocino,045,87422,6,5,0,5,0
2020-04-22,Merced,047,269075,147,92,0,92,3
2020-04-22,Modoc,049,8938,0,0,0,0,0
2020-04-22,Mono,051,14174,29,23,0,23,1
2020-04-22,Monterey,053,433212,226,154,0,154,4
2020-04-22,Napa,055,140530,67,58,0,58,2
2020-04-22,Nevada,057,99092,41,36,1,37,1
2020-04-22,Orange,059,3164182,2816,1785,23,1808,36
2020-04-22,Placer,061,380077,158,133,0,133,8
2020-04-22,Plumas,063,18699,4,4,0,4,0
2020-04-22,Riverside,065,2383286,4128,2822,14,2836,76
2020-04-22,Sacramento,067,1510023,1061,959,0,959,36
2020-04-22,San Benito,069,59416,46,43,0,43,2
2020-04-22,San Bernardino,071,2135413,2089,1564,1,1565,74
2020-04-22,San Diego,073,3302833,3567,2493,0,2493,96
2020-04-22,San Francisco,075,870044,1550,1255,0,1255,21
2020-04-22,San Joaquin,077,732212,538,462,3,465,20
2020-04-22,San Luis Obispo,079,281455,227,142,3,145,1
2020-04-22,San Mateo,081,765935,1267,945,2,947,40
2020-04-22,Santa Barbara,083,443738,485,437,2,439,6
2020-04-22,Santa Clara,085,1922200,2432,1969,5,1974,95
2020-04-22,Santa Cruz,087,273765,133,106,0,106,2
2020-04-22,Shasta,089,179085,34,26,0,26,3
2020-04-22,Sierra,091,2930,0,0,0,0,0
2020-04-22,Siskiyou,093,43540,5,5,0,5,0
2020-04-22,Solano,095,438530,247,195,0,195,3
2020-04-22,Sonoma,097,501317,235,185,0,185,1
2020-04-22,Stanislaus,099,539301,334,247,4,251,4
2020-04-22,Sutter,101,95872,28,22,0,22,2
2020-04-22,Tehama,103,63373,1,1,0,1,1
2020-04-22,Trinity,105,12862,0,0,0,0,0
2020-04-22,Tulare,107,460477,706,425,5,430,23
2020-04-22,Tuolumne,109,53932,3,2,0,2,0
2020-04-22,Ventura,111,848112,591,465,1,466,15
2020-04-22,Yolo,113,214977,177,147,0,147,8
2020-04-22,Yuba,115,75493,16,15,0,15,1
2020-04-21,Alameda,001,1643700,1578,1234,2,1236,46
2020-04-21,Alpine,003,1148,1,1,0,1,0
2020-04-21,Amador,005,37829,8,7,0,7,0
2020-04-21,Butte,007,227075,23,15,1,16,0
2020-04-21,Calaveras,009,45235,12,12,0,12,0
2020-04-21,Colusa,011,21464,3,3,0,3,0
2020-04-21,Contra Costa,013,1133247,891,766,0,766,22
2020-04-21,Del Norte,015,27424,2,2,0,2,0
2020-04-21,El Dorado,017,186661,54,36,0,36,0
2020-04-21,Fresno,019,978130,696,372,6,378,7
2020-04-21,Glenn,021,27897,5,3,0,3,0
2020-04-21,Humboldt,023,135768,58,53,0,53,0
2020-04-21,Imperial,025,180216,361,165,0,165,2
2020-04-21,Inyo,027,18085,19,18,0,18,0
2020-04-21,Kern,029,883053,908,676,1,677,4
2020-04-21,Kings,031,150075,91,28,1,29,1
2020-04-21,Lake,033,64148,6,6,0,6,0
2020-04-21,Lassen,035,31185,3,0,2,2,0
2020-04-21,Los Angeles,037,10098052,21785,15096,15,15111,650
2020-04-21,Madera,039,155013,75,37,1,38,2
2020-04-21,Marin,041,260295,217,202,1,203,10
2020-04-21,Mariposa,043,17540,5,0,0,0,0
2020-04-21,Mendocino,045,87422,6,5,0,5,0
2020-04-21,Merced,047,269075,143,89,0,89,3
2020-04-21,Modoc,049,8938,0,0,0,0,0
2020-04-21,Mono,051,14174,29,23,0,23,1
2020-04-21,Monterey,053,433212,223,151,0,151,4
2020-04-21,Napa,055,140530,66,58,0,58,2
2020-04-21,Nevada,057,99092,41,36,1,37,1
2020-04-21,Orange,059,3164182,2693,1717,22,1739,36
2020-04-21,Placer,061,380077,156,133,0,133,8
2020-04-21,Plumas,063,18699,4,4,0,4,0
2020-04-21,Riverside,065,2383286,3996,2631,14,2645,68
2020-04-21,Sacramento,067,1510023,1051,941,0,941,33
2020-04-21,San Benito,069,59416,44,43,0,43,2
2020-04-21,San Bernardino,071,2135413,2029,1499,1,1500,71
2020-04-21,San Diego,073,3302833,3411,2436,0,2436,87
2020-04-21,San Francisco,075,870044,1520,1232,0,1232,20
2020-04-21,San Joaquin,077,732212,528,447,3,450,20
2020-04-21,San Luis Obispo,079,281455,219,134,3,137,1
2020-04-21,San Mateo,081,765935,1221,933,2,935,34
2020-04-21,Santa Barbara,083,443738,476,414,2,416,5
2020-04-21,Santa Clara,085,1922200,2382,1943,5,1948,91
2020-04-21,Santa Cruz,087,273765,131,104,0,104,2
2020-04-21,Shasta,089,179085,33,26,0,26,3
2020-04-21,Sierra,091,2930,0,0,0,0,0
2020-04-21,Siskiyou,093,43540,5,5,0,5,0
2020-04-21,Solano,095,438530,239,193,0,193,3
2020-04-21,Sonoma,097,501317,225,182,0,182,1
2020-04-21,Stanislaus,099,539301,315,235,4,239,4
2020-04-21,Sutter,101,95872,28,22,0,22,2
2020-04-21,Tehama,103,63373,1,1,0,1,1
2020-04-21,Trinity,105,12862,0,0,0,0,0
2020-04-21,Tulare,107,460477,669,410,5,415,23
2020-04-21,Tuolumne,109,53932,3,2,0,2,0
2020-04-21,Ventura,111,848112,579,455,1,456,14
2020-04-21,Yolo,113,214977,175,143,0,143,8
2020-04-21,Yuba,115,75493,16,15,0,15,1
2020-04-20,Alameda,001,1643700,1545,1181,2,1183,42
2020-04-20,Alpine,003,1148,1,1,0,1,0
2020-04-20,Amador,005,37829,8,7,0,7,0
2020-04-20,Butte,007,227075,23,15,1,16,0
2020-04-20,Calaveras,009,45235,12,12,0,12,0
2020-04-20,Colusa,011,21464,3,3,0,3,0
2020-04-20,Contra Costa,013,1133247,881,753,0,753,22
2020-04-20,Del Norte,015,27424,2,2,0,2,0
2020-04-20,El Dorado,017,186661,54,36,0,36,0
2020-04-20,Fresno,019,978130,678,356,6,362,7
2020-04-20,Glenn,021,27897,4,3,0,3,0
2020-04-20,Humboldt,023,135768,58,53,0,53,0
2020-04-20,Imperial,025,180216,342,149,0,149,2
2020-04-20,Inyo,027,18085,19,17,0,17,0
2020-04-20,Kern,029,883053,876,651,1,652,3
2020-04-20,Kings,031,150075,80,19,1,20,1
2020-04-20,Lake,033,64148,6,6,0,6,0
2020-04-20,Lassen,035,31185,3,0,2,2,0
2020-04-20,Los Angeles,037,10098052,20868,13787,15,13802,608
2020-04-20,Madera,039,155013,74,35,1,36,2
2020-04-20,Marin,041,260295,213,200,1,201,10
2020-04-20,Mariposa,043,17540,5,0,0,0,0
2020-04-20,Mendocino,045,87422,6,5,0,5,0
2020-04-20,Merced,047,269075,136,88,0,88,3
2020-04-20,Modoc,049,8938,0,0,0,0,0
2020-04-20,Mono,051,14174,29,23,0,23,1
2020-04-20,Monterey,053,433212,214,147,0,147,4
2020-04-20,Napa,055,140530,66,55,0,55,2
2020-04-20,Nevada,057,99092,41,34,1,35,1
2020-04-20,Orange,059,3164182,2609,1679,22,1701,33
2020-04-20,Placer,061,380077,155,132,0,132,8
2020-04-20,Plumas,063,18699,4,4,0,4,0
2020-04-20,Riverside,065,2383286,3871,2477,14,2491,61
2020-04-20,Sacramento,067,1510023,1041,924,0,924,32
2020-04-20,San Benito,069,59416,44,43,0,43,2
2020-04-20,San Bernardino,071,2135413,1942,1344,1,1345,63
2020-04-20,San Diego,073,3302833,3269,2327,0,2327,72
2020-04-20,San Francisco,075,870044,1488,1223,0,1223,19
2020-04-20,San Joaquin,077,732212,524,422,3,425,17
2020-04-20,San Luis Obispo,079,281455,205,132,3,135,1
2020-04-20,San Mateo,081,765935,1198,890,2,892,31
2020-04-20,Santa Barbara,083,443738,469,388,2,390,4
2020-04-20,Santa Clara,085,1922200,2351,1920,5,1925,84
2020-04-20,Santa Cruz,087,273765,129,102,0,102,2
2020-04-20,Shasta,089,179085,33,26,0,26,3
2020-04-20,Sierra,091,2930,0,0,0,0,0
2020-04-20,Siskiyou,093,43540,5,5,0,5,0
2020-04-20,Solano,095,438530,236,185,0,185,2
2020-04-20,Sonoma,097,501317,217,178,0,178,1
2020-04-20,Stanislaus,099,539301,301,228,4,232,3
2020-04-20,Sutter,101,95872,27,22,0,22,2
2020-04-20,Tehama,103,63373,1,1,0,1,1
2020-04-20,Trinity,105,12862,0,0,0,0,0
2020-04-20,Tulare,107,460477,659,401,5,406,20
2020-04-20,Tuolumne,109,53932,3,2,0,2,0
2020-04-20,Ventura,111,848112,565,426,1,427,13
2020-04-20,Yolo,113,214977,174,125,0,125,5
2020-04-20,Yuba,115,75493,16,15,0,15,1
2020-04-19,Alameda,001,1643700,1495,1134,2,1136,41
2020-04-19,Alpine,003,1148,1,1,0,1,0
2020-04-19,Amador,005,37829,7,7,0,7,0
2020-04-19,Butte,007,227075,22,15,1,16,0
2020-04-19,Calaveras,009,45235,12,12,0,12,0
2020-04-19,Colusa,011,21464,3,3,0,3,0
2020-04-19,Contra Costa,013,1133247,865,731,0,731,20
2020-04-19,Del Norte,015,27424,2,2,0,2,0
2020-04-19,El Dorado,017,186661,54,36,0,36,0
2020-04-19,Fresno,019,978130,642,326,6,332,7
2020-04-19,Glenn,021,27897,4,3,0,3,0
2020-04-19,Humboldt,023,135768,58,53,0,53,0
2020-04-19,Imperial,025,180216,316,144,0,144,2
2020-04-19,Inyo,027,18085,19,17,0,17,0
2020-04-19,Kern,029,883053,851,629,1,630,3
2020-04-19,Kings,031,150075,70,17,1,18,1
2020-04-19,Lake,033,64148,6,6,0,6,0
2020-04-19,Lassen,035,31185,3,0,2,2,0
2020-04-19,Los Angeles,037,10098052,19869,12299,15,12314,589
2020-04-19,Madera,039,155013,72,34,1,35,2
2020-04-19,Marin,041,260295,212,194,1,195,10
2020-04-19,Mariposa,043,17540,2,0,0,0,0
2020-04-19,Mendocino,045,87422,6,4,0,4,0
2020-04-19,Merced,047,269075,131,85,0,85,3
2020-04-19,Modoc,049,8938,0,0,0,0,0
2020-04-19,Mono,051,14174,29,23,0,23,1
2020-04-19,Monterey,053,433212,205,140,0,140,4
2020-04-19,Napa,055,140530,64,49,0,49,2
2020-04-19,Nevada,057,99092,40,34,1,35,1
2020-04-19,Orange,059,3164182,2512,1591,21,1612,32
2020-04-19,Placer,061,380077,154,131,0,131,8
2020-04-19,Plumas,063,18699,4,4,0,4,0
2020-04-19,Riverside,065,2383286,3728,2316,14,2330,56
2020-04-19,Sacramento,067,1510023,1014,912,0,912,32
2020-04-19,San Benito,069,59416,42,40,0,40,2
2020-04-19,San Bernardino,071,2135413,1879,1262,1,1263,58
2020-04-19,San Diego,073,3302833,3102,2270,0,2270,71
2020-04-19,San Francisco,075,870044,1455,1153,0,1153,19
2020-04-19,San Joaquin,077,732212,506,404,3,407,17
2020-04-19,San Luis Obispo,079,281455,200,132,3,135,1
2020-04-19,San Mateo,081,765935,1162,845,2,847,31
2020-04-19,Santa Barbara,083,443738,462,377,2,379,3
2020-04-19,Santa Clara,085,1922200,2306,1878,5,1883,81
2020-04-19,Santa Cruz,087,273765,126,98,0,98,2
2020-04-19,Shasta,089,179085,31,26,0,26,3
2020-04-19,Sierra,091,2930,0,0,0,0,0
2020-04-19,Siskiyou,093,43540,5,5,0,5,0
2020-04-19,Solano,095,438530,228,174,0,174,2
2020-04-19,Sonoma,097,501317,211,172,0,172,1
2020-04-19,Stanislaus,099,539301,293,221,4,225,3
2020-04-19,Sutter,101,95872,26,21,0,21,2
2020-04-19,Tehama,103,63373,1,1,0,1,1
2020-04-19,Trinity,105,12862,0,0,0,0,0
2020-04-19,Tulare,107,460477,613,391,5,396,17
2020-04-19,Tuolumne,109,53932,3,2,0,2,0
2020-04-19,Ventura,111,848112,557,418,1,419,13
2020-04-19,Yolo,113,214977,174,120,0,120,5
2020-04-19,Yuba,115,75493,16,15,0,15,1
2020-04-18,Alameda,001,1643700,1470,1085,2,1087,40
2020-04-18,Alpine,003,1148,1,1,0,1,0
2020-04-18,Amador,005,37829,7,7,0,7,0
2020-04-18,Butte,007,227075,21,15,1,16,0
2020-04-18,Calaveras,009,45235,12,12,0,12,0
2020-04-18,Colusa,011,21464,3,3,0,3,0
2020-04-18,Contra Costa,013,1133247,853,721,0,721,17
2020-04-18,Del Norte,015,27424,2,2,0,2,0
2020-04-18,El Dorado,017,186661,54,36,0,36,0
2020-04-18,Fresno,019,978130,622,319,6,325,7
2020-04-18,Glenn,021,27897,4,3,0,3,0
2020-04-18,Humboldt,023,135768,58,52,0,52,0
2020-04-18,Imperial,025,180216,307,137,0,137,2
2020-04-18,Inyo,027,18085,19,17,0,17,0
2020-04-18,Kern,029,883053,829,626,1,627,3
2020-04-18,Kings,031,150075,69,17,1,18,1
2020-04-18,Lake,033,64148,6,6,0,6,0
2020-04-18,Lassen,035,31185,3,0,2,2,0
2020-04-18,Los Angeles,037,10098052,19340,11984,15,11999,566
2020-04-18,Madera,039,155013,71,34,1,35,2
2020-04-18,Marin,041,260295,210,193,1,194,10
2020-04-18,Mariposa,043,17540,2,0,0,0,0
2020-04-18,Mendocino,045,87422,6,4,0,4,0
2020-04-18,Merced,047,269075,129,82,0,82,3
2020-04-18,Modoc,049,8938,0,0,0,0,0
2020-04-18,Mono,051,14174,29,22,0,22,1
2020-04-18,Monterey,053,433212,201,135,0,135,3
2020-04-18,Napa,055,140530,64,49,0,49,2
2020-04-18,Nevada,057,99092,39,34,1,35,1
2020-04-18,Orange,059,3164182,2448,1569,20,1589,32
2020-04-18,Placer,061,380077,152,130,0,130,8
2020-04-18,Plumas,063,18699,4,4,0,4,0
2020-04-18,Riverside,065,2383286,3653,2257,14,2271,56
2020-04-18,Sacramento,067,1510023,1002,901,0,901,32
2020-04-18,San Benito,069,59416,42,40,0,40,2
2020-04-18,San Bernardino,071,2135413,1834,1255,1,1256,58
2020-04-18,San Diego,073,3302833,3000,2215,0,2215,71
2020-04-18,San Francisco,075,870044,1416,1144,0,1144,19
2020-04-18,San Joaquin,077,732212,497,392,3,395,17
2020-04-18,San Luis Obispo,079,281455,196,129,3,132,1
2020-04-18,San Mateo,081,765935,1140,821,2,823,31
2020-04-18,Santa Barbara,083,443738,456,372,2,374,3
2020-04-18,Santa Clara,085,1922200,2273,1862,5,1867,79
2020-04-18,Santa Cruz,087,273765,124,96,0,96,2
2020-04-18,Shasta,089,179085,31,26,0,26,3
2020-04-18,Sierra,091,2930,0,0,0,0,0
2020-04-18,Siskiyou,093,43540,5,5,0,5,0
2020-04-18,Solano,095,438530,225,175,0,175,2
2020-04-18,Sonoma,097,501317,207,168,0,168,1
2020-04-18,Stanislaus,099,539301,285,216,4,220,3
2020-04-18,Sutter,101,95872,26,21,0,21,2
2020-04-18,Tehama,103,63373,1,1,0,1,1
2020-04-18,Trinity,105,12862,0,0,0,0,0
2020-04-18,Tulare,107,460477,602,385,5,390,17
2020-04-18,Tuolumne,109,53932,3,2,0,2,0
2020-04-18,Ventura,111,848112,549,416,1,417,13
2020-04-18,Yolo,113,214977,172,118,0,118,5
2020-04-18,Yuba,115,75493,16,14,0,14,1
2020-04-17,Alameda,001,1643700,1414,1043,1,1044,40
2020-04-17,Alpine,003,1148,1,1,0,1,0
2020-04-17,Amador,005,37829,7,7,0,7,0
2020-04-17,Butte,007,227075,21,15,1,16,0
2020-04-17,Calaveras,009,45235,12,11,0,11,0
2020-04-17,Colusa,011,21464,3,3,0,3,0
2020-04-17,Contra Costa,013,1133247,842,687,0,687,15
2020-04-17,Del Norte,015,27424,2,2,0,2,0
2020-04-17,El Dorado,017,186661,54,35,0,35,0
2020-04-17,Fresno,019,978130,600,315,6,321,7
2020-04-17,Glenn,021,27897,4,3,0,3,0
2020-04-17,Humboldt,023,135768,57,52,0,52,0
2020-04-17,Imperial,025,180216,298,135,0,135,2
2020-04-17,Inyo,027,18085,19,17,0,17,0
2020-04-17,Kern,029,883053,809,612,1,613,3
2020-04-17,Kings,031,150075,67,15,1,16,1
2020-04-17,Lake,033,64148,6,6,0,6,0
2020-04-17,Lassen,035,31185,3,0,2,2,0
2020-04-17,Los Angeles,037,10098052,18699,11354,15,11369,489
2020-04-17,Madera,039,155013,71,34,1,35,2
2020-04-17,Marin,041,260295,207,189,1,190,10
2020-04-17,Mariposa,043,17540,1,0,0,0,0
2020-04-17,Mendocino,045,87422,6,4,0,4,0
2020-04-17,Merced,047,269075,128,80,0,80,3
2020-04-17,Modoc,049,8938,0,0,0,0,0
2020-04-17,Mono,051,14174,29,22,0,22,1
2020-04-17,Monterey,053,433212,196,119,0,119,3
2020-04-17,Napa,055,140530,62,46,0,46,2
2020-04-17,Nevada,057,99092,38,34,1,35,1
2020-04-17,Orange,059,3164182,2397,1496,20,1516,31
2020-04-17,Placer,061,380077,152,130,0,130,8
2020-04-17,Plumas,063,18699,4,4,0,4,0
2020-04-17,Riverside,065,2383286,3526,2080,14,2094,50
2020-04-17,Sacramento,067,1510023,995,882,0,882,32
2020-04-17,San Benito,069,59416,42,38,0,38,2
2020-04-17,San Bernardino,071,2135413,1795,1229,1,1230,57
2020-04-17,San Diego,073,3302833,2910,2160,0,2160,70
2020-04-17,San Francisco,075,870044,1391,1090,0,1090,19
2020-04-17,San Joaquin,077,732212,486,356,3,359,17
2020-04-17,San Luis Obispo,079,281455,189,116,3,119,1
2020-04-17,San Mateo,081,765935,1124,768,2,770,31
2020-04-17,Santa Barbara,083,443738,451,349,2,351,3
2020-04-17,Santa Clara,085,1922200,2237,1834,5,1839,74
2020-04-17,Santa Cruz,087,273765,123,94,0,94,2
2020-04-17,Shasta,089,179085,31,26,0,26,3
2020-04-17,Sierra,091,2930,0,0,0,0,0
2020-04-17,Siskiyou,093,43540,5,5,0,5,0
2020-04-17,Solano,095,438530,224,173,0,173,2
2020-04-17,Sonoma,097,501317,204,167,0,167,1
2020-04-17,Stanislaus,099,539301,283,201,4,205,3
2020-04-17,Sutter,101,95872,26,20,0,20,2
2020-04-17,Tehama,103,63373,1,1,0,1,1
2020-04-17,Trinity,105,12862,0,0,0,0,0
2020-04-17,Tulare,107,460477,595,370,5,375,17
2020-04-17,Tuolumne,109,53932,3,2,0,2,0
2020-04-17,Ventura,111,848112,544,398,1,399,13
2020-04-17,Yolo,113,214977,171,117,0,117,5
2020-04-17,Yuba,115,75493,16,14,0,14,1
2020-04-16,Alameda,001,1643700,1380,981,1,982,39
2020-04-16,Alpine,003,1148,1,1,0,1,0
2020-04-16,Amador,005,37829,7,7,0,7,0
2020-04-16,Butte,007,227075,20,15,1,16,0
2020-04-16,Calaveras,009,45235,12,10,0,10,0
2020-04-16,Colusa,011,21464,3,3,0,3,0
2020-04-16,Contra Costa,013,1133247,828,675,0,675,14
2020-04-16,Del Norte,015,27424,2,2,0,2,0
2020-04-16,El Dorado,017,186661,53,34,0,34,0
2020-04-16,Fresno,019,978130,570,289,6,295,7
2020-04-16,Glenn,021,27897,4,3,0,3,0
2020-04-16,Humboldt,023,135768,57,47,0,47,0
2020-04-16,Imperial,025,180216,283,132,0,132,2
2020-04-16,Inyo,027,18085,17,17,0,17,0
2020-04-16,Kern,029,883053,782,587,1,588,3
2020-04-16,Kings,031,150075,63,12,1,13,1
2020-04-16,Lake,033,64148,6,6,0,6,0
2020-04-16,Lassen,035,31185,3,0,2,2,0
2020-04-16,Los Angeles,037,10098052,17808,10786,15,10801,447
2020-04-16,Madera,039,155013,69,34,1,35,2
2020-04-16,Marin,041,260295,203,170,1,171,10
2020-04-16,Mariposa,043,17540,1,1,0,1,0
2020-04-16,Mendocino,045,87422,6,4,0,4,0
2020-04-16,Merced,047,269075,122,76,0,76,3
2020-04-16,Modoc,049,8938,0,0,0,0,0
2020-04-16,Mono,051,14174,29,22,0,22,1
2020-04-16,Monterey,053,433212,193,116,0,116,3
2020-04-16,Napa,055,140530,59,44,0,44,2
2020-04-16,Nevada,057,99092,38,34,1,35,1
2020-04-16,Orange,059,3164182,2332,1439,19,1458,28
2020-04-16,Placer,061,380077,150,129,0,129,7
2020-04-16,Plumas,063,18699,4,4,0,4,0
2020-04-16,Riverside,065,2383286,3406,1913,14,1927,45
2020-04-16,Sacramento,067,1510023,987,865,0,865,32
2020-04-16,San Benito,069,59416,42,36,0,36,2
2020-04-16,San Bernardino,071,2135413,1714,1143,0,1143,54
2020-04-16,San Diego,073,3302833,2802,2089,0,2089,63
2020-04-16,San Francisco,075,870044,1347,1039,0,1039,16
2020-04-16,San Joaquin,077,732212,471,345,3,348,17
2020-04-16,San Luis Obispo,079,281455,185,113,3,116,1
2020-04-16,San Mateo,081,765935,1095,745,2,747,29
2020-04-16,Santa Barbara,083,443738,440,331,2,333,3
2020-04-16,Santa Clara,085,1922200,2200,1789,5,1794,70
2020-04-16,Santa Cruz,087,273765,121,90,0,90,2
2020-04-16,Shasta,089,179085,31,25,0,25,3
2020-04-16,Sierra,091,2930,0,0,0,0,0
2020-04-16,Siskiyou,093,43540,5,5,0,5,0
2020-04-16,Solano,095,438530,221,162,0,162,2
2020-04-16,Sonoma,097,501317,199,145,0,145,1
2020-04-16,Stanislaus,099,539301,280,185,4,189,3
2020-04-16,Sutter,101,95872,25,21,0,21,2
2020-04-16,Tehama,103,63373,1,1,0,1,1
2020-04-16,Trinity,105,12862,0,0,0,0,0
2020-04-16,Tulare,107,460477,578,305,5,310,16
2020-04-16,Tuolumne,109,53932,3,1,0,1,0
2020-04-16,Ventura,111,848112,532,384,1,385,13
2020-04-16,Yolo,113,214977,169,98,0,98,4
2020-04-16,Yuba,115,75493,15,14,0,14,1
2020-04-15,Alameda,001,1643700,1330,915,1,916,38
2020-04-15,Alpine,003,1148,1,1,0,1,0
2020-04-15,Amador,005,37829,7,7,0,7,0
2020-04-15,Butte,007,227075,20,14,1,15,0
2020-04-15,Calaveras,009,45235,11,9,0,9,0
2020-04-15,Colusa,011,21464,3,3,0,3,0
2020-04-15,Contra Costa,013,1133247,806,645,0,645,14
2020-04-15,Del Norte,015,27424,2,2,0,2,0
2020-04-15,El Dorado,017,186661,51,33,0,33,0
2020-04-15,Fresno,019,978130,544,264,6,270,7
2020-04-15,Glenn,021,27897,4,3,0,3,0
2020-04-15,Humboldt,023,135768,57,47,0,47,0
2020-04-15,Imperial,025,180216,257,115,0,115,2
2020-04-15,Inyo,027,18085,17,12,0,12,0
2020-04-15,Kern,029,883053,760,500,1,501,3
2020-04-15,Kings,031,150075,59,12,1,13,1
2020-04-15,Lake,033,64148,6,4,0,4,0
2020-04-15,Lassen,035,31185,3,0,2,2,0
2020-04-15,Los Angeles,037,10098052,16980,10416,14,10430,394
2020-04-15,Madera,039,155013,69,30,1,31,2
2020-04-15,Marin,041,260295,200,162,1,163,10
2020-04-15,Mariposa,043,17540,0,0,0,0,0
2020-04-15,Mendocino,045,87422,5,4,0,4,0
2020-04-15,Merced,047,269075,120,74,0,74,3
2020-04-15,Modoc,049,8938,0,0,0,0,0
2020-04-15,Mono,051,14174,29,22,0,22,1
2020-04-15,Monterey,053,433212,185,106,0,106,3
2020-04-15,Napa,055,140530,56,34,0,34,2
2020-04-15,Nevada,057,99092,37,34,1,35,1
2020-04-15,Orange,059,3164182,2229,1377,19,1396,24
2020-04-15,Placer,061,380077,149,123,0,123,6
2020-04-15,Plumas,063,18699,4,4,0,4,0
2020-04-15,Riverside,065,2383286,3211,1723,14,1737,42
2020-04-15,Sacramento,067,1510023,978,839,0,839,32
2020-04-15,San Benito,069,59416,42,34,0,34,2
2020-04-15,San Bernardino,071,2135413,1644,1063,0,1063,45
2020-04-15,San Diego,073,3302833,2714,2014,0,2014,60
2020-04-15,San Francisco,075,870044,1311,1006,0,1006,16
2020-04-15,San Joaquin,077,732212,463,329,3,332,17
2020-04-15,San Luis Obispo,079,281455,177,112,3,115,1
2020-04-15,San Mateo,081,765935,1046,707,2,709,28
2020-04-15,Santa Barbara,083,443738,424,317,2,319,2
2020-04-15,Santa Clara,085,1922200,2161,1692,5,1697,69
2020-04-15,Santa Cruz,087,273765,117,92,0,92,2
2020-04-15,Shasta,089,179085,31,25,0,25,3
2020-04-15,Sierra,091,2930,0,0,0,0,0
2020-04-15,Siskiyou,093,43540,5,5,0,5,0
2020-04-15,Solano,095,438530,216,153,0,153,2
2020-04-15,Sonoma,097,501317,197,140,0,140,1
2020-04-15,Stanislaus,099,539301,273,174,4,178,3
2020-04-15,Sutter,101,95872,25,19,0,19,2
2020-04-15,Tehama,103,63373,1,1,0,1,1
2020-04-15,Trinity,105,12862,0,0,0,0,0
2020-04-15,Tulare,107,460477,560,289,5,294,14
2020-04-15,Tuolumne,109,53932,3,1,0,1,0
2020-04-15,Ventura,111,848112,517,365,1,366,13
2020-04-15,Yolo,113,214977,162,93,0,93,3
2020-04-15,Yuba,115,75493,15,15,0,15,1
2020-04-14,Alameda,001,1643700,1285,843,1,844,30
2020-04-14,Alpine,003,1148,1,1,0,1,0
2020-04-14,Amador,005,37829,7,6,0,6,0
2020-04-14,Butte,007,227075,20,13,1,14,0
2020-04-14,Calaveras,009,45235,11,5,0,5,0
2020-04-14,Colusa,011,21464,3,3,0,3,0
2020-04-14,Contra Costa,013,1133247,794,617,0,617,12
2020-04-14,Del Norte,015,27424,2,2,0,2,0
2020-04-14,El Dorado,017,186661,51,30,0,30,0
2020-04-14,Fresno,019,978130,521,244,6,250,6
2020-04-14,Glenn,021,27897,4,3,0,3,0
2020-04-14,Humboldt,023,135768,57,44,0,44,0
2020-04-14,Imperial,025,180216,237,86,0,86,2
2020-04-14,Inyo,027,18085,17,12,0,12,0
2020-04-14,Kern,029,883053,736,453,1,454,3
2020-04-14,Kings,031,150075,58,12,1,13,1
2020-04-14,Lake,033,64148,6,3,0,3,0
2020-04-14,Lassen,035,31185,3,0,2,2,0
2020-04-14,Los Angeles,037,10098052,16084,9948,13,9961,357
2020-04-14,Madera,039,155013,68,29,1,30,2
2020-04-14,Marin,041,260295,196,147,1,148,9
2020-04-14,Mariposa,043,17540,0,0,0,0,0
2020-04-14,Mendocino,045,87422,5,4,0,4,0
2020-04-14,Merced,047,269075,113,61,0,61,3
2020-04-14,Modoc,049,8938,0,0,0,0,0
2020-04-14,Mono,051,14174,29,22,0,22,1
2020-04-14,Monterey,053,433212,180,98,0,98,3
2020-04-14,Napa,055,140530,56,33,0,33,2
2020-04-14,Nevada,057,99092,37,34,1,35,1
2020-04-14,Orange,059,3164182,2127,1362,19,1381,24
2020-04-14,Placer,061,380077,148,117,0,117,5
2020-04-14,Plumas,063,18699,4,3,0,3,0
2020-04-14,Riverside,065,2383286,3076,1467,14,1481,40
2020-04-14,Sacramento,067,1510023,969,737,0,737,29
2020-04-14,San Benito,069,59416,39,34,0,34,2
2020-04-14,San Bernardino,071,2135413,1589,933,0,933,37
2020-04-14,San Diego,073,3302833,2619,1932,0,1932,53
2020-04-14,San Francisco,075,870044,1257,968,0,968,14
2020-04-14,San Joaquin,077,732212,453,280,3,283,17
2020-04-14,San Luis Obispo,079,281455,174,109,3,112,1
2020-04-14,San Mateo,081,765935,1012,681,2,683,28
2020-04-14,Santa Barbara,083,443738,400,292,2,294,2
2020-04-14,Santa Clara,085,1922200,2128,1561,5,1566,63
2020-04-14,Santa Cruz,087,273765,109,84,0,84,2
2020-04-14,Shasta,089,179085,31,24,0,24,3
2020-04-14,Sierra,091,2930,0,0,0,0,0
2020-04-14,Siskiyou,093,43540,5,5,0,5,0
2020-04-14,Solano,095,438530,213,140,0,140,2
2020-04-14,Sonoma,097,501317,193,133,0,133,1
2020-04-14,Stanislaus,099,539301,260,136,4,140,3
2020-04-14,Sutter,101,95872,24,19,0,19,2
2020-04-14,Tehama,103,63373,1,1,0,1,1
2020-04-14,Trinity,105,12862,0,0,0,0,0
2020-04-14,Tulare,107,460477,536,228,5,233,12
2020-04-14,Tuolumne,109,53932,3,0,0,0,0
2020-04-14,Ventura,111,848112,504,328,1,329,11
2020-04-14,Yolo,113,214977,159,81,0,81,3
2020-04-14,Yuba,115,75493,14,14,0,14,1
2020-04-13,Alameda,001,1643700,1246,821,1,822,23
2020-04-13,Alpine,003,1148,1,1,0,1,0
2020-04-13,Amador,005,37829,7,6,0,6,0
2020-04-13,Butte,007,227075,19,13,1,14,0
2020-04-13,Calaveras,009,45235,10,5,0,5,0
2020-04-13,Colusa,011,21464,3,3,0,3,0
2020-04-13,Contra Costa,013,1133247,778,569,0,569,12
2020-04-13,Del Norte,015,27424,2,2,0,2,0
2020-04-13,El Dorado,017,186661,49,29,0,29,0
2020-04-13,Fresno,019,978130,499,205,5,210,4
2020-04-13,Glenn,021,27897,4,3,0,3,0
2020-04-13,Humboldt,023,135768,57,44,0,44,0
2020-04-13,Imperial,025,180216,219,82,0,82,2
2020-04-13,Inyo,027,18085,17,12,0,12,0
2020-04-13,Kern,029,883053,711,346,1,347,3
2020-04-13,Kings,031,150075,54,9,1,10,0
2020-04-13,Lake,033,64148,6,3,0,3,0
2020-04-13,Lassen,035,31185,3,0,2,2,0
2020-04-13,Los Angeles,037,10098052,15368,9367,13,9380,317
2020-04-13,Madera,039,155013,66,29,1,30,2
2020-04-13,Marin,041,260295,192,144,1,145,6
2020-04-13,Mariposa,043,17540,0,0,0,0,0
2020-04-13,Mendocino,045,87422,5,4,0,4,0
2020-04-13,Merced,047,269075,112,60,0,60,3
2020-04-13,Modoc,049,8938,0,0,0,0,0
2020-04-13,Mono,051,14174,29,21,0,21,1
2020-04-13,Monterey,053,433212,173,86,0,86,3
2020-04-13,Napa,055,140530,55,30,0,30,2
2020-04-13,Nevada,057,99092,37,24,1,25,1
2020-04-13,Orange,059,3164182,2054,1313,19,1332,21
2020-04-13,Placer,061,380077,147,116,0,116,5
2020-04-13,Plumas,063,18699,4,3,0,3,0
2020-04-13,Riverside,065,2383286,2935,1460,13,1473,35
2020-04-13,Sacramento,067,1510023,957,723,0,723,25
2020-04-13,San Benito,069,59416,38,33,0,33,2
2020-04-13,San Bernardino,071,2135413,1514,920,0,920,30
2020-04-13,San Diego,073,3302833,2536,1849,0,1849,47
2020-04-13,San Francisco,075,870044,1219,948,0,948,12
2020-04-13,San Joaquin,077,732212,438,255,3,258,16
2020-04-13,San Luis Obispo,079,281455,169,106,3,109,1
2020-04-13,San Mateo,081,765935,972,679,2,681,25
2020-04-13,Santa Barbara,083,443738,381,271,1,272,2
2020-04-13,Santa Clara,085,1922200,2082,1540,5,1545,58
2020-04-13,Santa Cruz,087,273765,103,82,0,82,1
2020-04-13,Shasta,089,179085,30,24,0,24,3
2020-04-13,Sierra,091,2930,0,0,0,0,0
2020-04-13,Siskiyou,093,43540,5,5,0,5,0
2020-04-13,Solano,095,438530,210,136,0,136,2
2020-04-13,Sonoma,097,501317,186,133,0,133,1
2020-04-13,Stanislaus,099,539301,254,130,4,134,1
2020-04-13,Sutter,101,95872,24,18,0,18,2
2020-04-13,Tehama,103,63373,1,1,0,1,0
2020-04-13,Trinity,105,12862,0,0,0,0,0
2020-04-13,Tulare,107,460477,500,185,5,190,11
2020-04-13,Tuolumne,109,53932,3,0,0,0,0
2020-04-13,Ventura,111,848112,483,309,0,309,9
2020-04-13,Yolo,113,214977,153,81,0,81,3
2020-04-13,Yuba,115,75493,14,13,0,13,1
2020-04-12,Alameda,001,1643700,1203,774,1,775,23
2020-04-12,Alpine,003,1148,1,1,0,1,0
2020-04-12,Amador,005,37829,7,6,0,6,0
2020-04-12,Butte,007,227075,19,13,1,14,0
2020-04-12,Calaveras,009,45235,10,5,0,5,0
2020-04-12,Colusa,011,21464,3,3,0,3,0
2020-04-12,Contra Costa,013,1133247,765,553,0,553,12
2020-04-12,Del Norte,015,27424,2,2,0,2,0
2020-04-12,El Dorado,017,186661,49,28,0,28,0
2020-04-12,Fresno,019,978130,470,205,5,210,4
2020-04-12,Glenn,021,27897,4,3,0,3,0
2020-04-12,Humboldt,023,135768,57,43,0,43,0
2020-04-12,Imperial,025,180216,196,78,0,78,2
2020-04-12,Inyo,027,18085,15,12,0,12,0
2020-04-12,Kern,029,883053,679,319,0,319,3
2020-04-12,Kings,031,150075,52,9,1,10,0
2020-04-12,Lake,033,64148,6,3,0,3,0
2020-04-12,Lassen,035,31185,3,0,2,2,0
2020-04-12,Los Angeles,037,10098052,14651,9133,13,9146,294
2020-04-12,Madera,039,155013,65,29,1,30,2
2020-04-12,Marin,041,260295,181,138,1,139,6
2020-04-12,Mariposa,043,17540,0,0,0,0,0
2020-04-12,Mendocino,045,87422,5,4,0,4,0
2020-04-12,Merced,047,269075,106,58,0,58,3
2020-04-12,Modoc,049,8938,0,0,0,0,0
2020-04-12,Mono,051,14174,29,20,0,20,1
2020-04-12,Monterey,053,433212,159,85,0,85,3
2020-04-12,Napa,055,140530,53,29,0,29,2
2020-04-12,Nevada,057,99092,37,24,1,25,1
2020-04-12,Orange,059,3164182,1994,1283,18,1301,21
2020-04-12,Placer,061,380077,146,114,0,114,4
2020-04-12,Plumas,063,18699,4,3,0,3,0
2020-04-12,Riverside,065,2383286,2753,1330,13,1343,34
2020-04-12,Sacramento,067,1510023,920,689,0,689,25
2020-04-12,San Benito,069,59416,36,33,0,33,2
2020-04-12,San Bernardino,071,2135413,1438,827,0,827,30
2020-04-12,San Diego,073,3302833,2446,1806,0,1806,45
2020-04-12,San Francisco,075,870044,1192,886,0,886,11
2020-04-12,San Joaquin,077,732212,420,246,3,249,15
2020-04-12,San Luis Obispo,079,281455,166,102,2,104,1
2020-04-12,San Mateo,081,765935,946,664,2,666,25
2020-04-12,Santa Barbara,083,443738,362,261,1,262,2
2020-04-12,Santa Clara,085,1922200,2054,1461,5,1466,53
2020-04-12,Santa Cruz,087,273765,102,80,0,80,1
2020-04-12,Shasta,089,179085,30,24,0,24,3
2020-04-12,Sierra,091,2930,0,0,0,0,0
2020-04-12,Siskiyou,093,43540,5,5,0,5,0
2020-04-12,Solano,095,438530,204,136,0,136,2
2020-04-12,Sonoma,097,501317,183,131,0,131,1
2020-04-12,Stanislaus,099,539301,246,117,4,121,1
2020-04-12,Sutter,101,95872,23,18,0,18,2
2020-04-12,Tehama,103,63373,1,1,0,1,0
2020-04-12,Trinity,105,12862,0,0,0,0,0
2020-04-12,Tulare,107,460477,488,166,5,171,11
2020-04-12,Tuolumne,109,53932,3,0,0,0,0
2020-04-12,Ventura,111,848112,473,306,0,306,9
2020-04-12,Yolo,113,214977,139,67,0,67,3
2020-04-12,Yuba,115,75493,14,13,0,13,1
2020-04-11,Alameda,001,1643700,1162,751,1,752,23
2020-04-11,Alpine,003,1148,1,1,0,1,0
2020-04-11,Amador,005,37829,7,6,0,6,0
2020-04-11,Butte,007,227075,19,13,1,14,0
2020-04-11,Calaveras,009,45235,10,5,0,5,0
2020-04-11,Colusa,011,21464,3,3,0,3,0
2020-04-11,Contra Costa,013,1133247,756,550,0,550,12
2020-04-11,Del Norte,015,27424,2,2,0,2,0
2020-04-11,El Dorado,017,186661,48,29,0,29,0
2020-04-11,Fresno,019,978130,460,201,5,206,4
2020-04-11,Glenn,021,27897,4,3,0,3,0
2020-04-11,Humboldt,023,135768,57,38,0,38,0
2020-04-11,Imperial,025,180216,186,78,0,78,2
2020-04-11,Inyo,027,18085,15,12,0,12,0
2020-04-11,Kern,029,883053,651,304,0,304,3
2020-04-11,Kings,031,150075,49,9,1,10,0
2020-04-11,Lake,033,64148,6,3,0,3,0
2020-04-11,Lassen,035,31185,3,0,2,2,0
2020-04-11,Los Angeles,037,10098052,14177,8823,13,8836,262
2020-04-11,Madera,039,155013,64,29,1,30,2
2020-04-11,Marin,041,260295,178,136,1,137,6
2020-04-11,Mariposa,043,17540,0,0,0,0,0
2020-04-11,Mendocino,045,87422,5,4,0,4,0
2020-04-11,Merced,047,269075,103,59,0,59,3
2020-04-11,Modoc,049,8938,0,0,0,0,0
2020-04-11,Mono,051,14174,29,20,0,20,1
2020-04-11,Monterey,053,433212,153,78,0,78,3
2020-04-11,Napa,055,140530,53,29,0,29,2
2020-04-11,Nevada,057,99092,37,24,1,25,1
2020-04-11,Orange,059,3164182,1932,1267,18,1285,21
2020-04-11,Placer,061,380077,146,113,0,113,4
2020-04-11,Plumas,063,18699,4,3,0,3,0
2020-04-11,Riverside,065,2383286,2674,1260,13,1273,33
2020-04-11,Sacramento,067,1510023,909,685,0,685,25
2020-04-11,San Benito,069,59416,36,33,0,33,2
2020-04-11,San Bernardino,071,2135413,1402,826,0,826,28
2020-04-11,San Diego,073,3302833,2380,1763,0,1763,45
2020-04-11,San Francisco,075,870044,1170,860,0,860,11
2020-04-11,San Joaquin,077,732212,415,244,3,247,15
2020-04-11,San Luis Obispo,079,281455,166,100,1,101,1
2020-04-11,San Mateo,081,765935,934,662,2,664,25
2020-04-11,Santa Barbara,083,443738,354,258,1,259,2
2020-04-11,Santa Clara,085,1922200,1995,1441,5,1446,51
2020-04-11,Santa Cruz,087,273765,102,79,0,79,1
2020-04-11,Shasta,089,179085,30,24,0,24,3
2020-04-11,Sierra,091,2930,0,0,0,0,0
2020-04-11,Siskiyou,093,43540,5,5,0,5,0
2020-04-11,Solano,095,438530,200,138,0,138,2
2020-04-11,Sonoma,097,501317,181,131,0,131,1
2020-04-11,Stanislaus,099,539301,238,119,3,122,1
2020-04-11,Sutter,101,95872,23,18,0,18,2
2020-04-11,Tehama,103,63373,1,1,0,1,0
2020-04-11,Trinity,105,12862,0,0,0,0,0
2020-04-11,Tulare,107,460477,466,168,5,173,10
2020-04-11,Tuolumne,109,53932,3,0,0,0,0
2020-04-11,Ventura,111,848112,463,304,0,304,9
2020-04-11,Yolo,113,214977,136,67,0,67,3
2020-04-11,Yuba,115,75493,14,13,0,13,1
2020-04-10,Alameda,001,1643700,1121,706,1,707,21
2020-04-10,Alpine,003,1148,1,1,0,1,0
2020-04-10,Amador,005,37829,7,5,0,5,0
2020-04-10,Butte,007,227075,19,13,1,14,0
2020-04-10,Calaveras,009,45235,10,5,0,5,0
2020-04-10,Colusa,011,21464,3,3,0,3,0
2020-04-10,Contra Costa,013,1133247,743,537,0,537,10
2020-04-10,Del Norte,015,27424,2,2,0,2,0
2020-04-10,El Dorado,017,186661,48,26,0,26,0
2020-04-10,Fresno,019,978130,453,186,4,190,3
2020-04-10,Glenn,021,27897,4,3,0,3,0
2020-04-10,Humboldt,023,135768,57,36,0,36,0
2020-04-10,Imperial,025,180216,179,70,0,70,2
2020-04-10,Inyo,027,18085,13,11,0,11,0
2020-04-10,Kern,029,883053,627,272,0,272,3
2020-04-10,Kings,031,150075,46,7,1,8,0
2020-04-10,Lake,033,64148,6,3,0,3,0
2020-04-10,Lassen,035,31185,3,0,2,2,0
2020-04-10,Los Angeles,037,10098052,13662,8384,12,8396,239
2020-04-10,Madera,039,155013,63,29,1,30,2
2020-04-10,Marin,041,260295,173,128,1,129,6
2020-04-10,Mariposa,043,17540,0,0,0,0,0
2020-04-10,Mendocino,045,87422,5,4,0,4,0
2020-04-10,Merced,047,269075,100,56,0,56,3
2020-04-10,Modoc,049,8938,0,0,0,0,0
2020-04-10,Mono,051,14174,29,20,0,20,1
2020-04-10,Monterey,053,433212,142,78,0,78,3
2020-04-10,Napa,055,140530,50,28,0,28,2
2020-04-10,Nevada,057,99092,37,23,1,24,1
2020-04-10,Orange,059,3164182,1885,1167,18,1185,21
2020-04-10,Placer,061,380077,145,112,0,112,4
2020-04-10,Plumas,063,18699,4,3,0,3,0
2020-04-10,Riverside,065,2383286,2608,1162,13,1175,30
2020-04-10,Sacramento,067,1510023,900,642,0,642,24
2020-04-10,San Benito,069,59416,36,32,0,32,2
2020-04-10,San Bernardino,071,2135413,1354,779,0,779,27
2020-04-10,San Diego,073,3302833,2320,1695,0,1695,44
2020-04-10,San Francisco,075,870044,1139,797,0,797,10
2020-04-10,San Joaquin,077,732212,403,234,3,237,14
2020-04-10,San Luis Obispo,079,281455,166,97,1,98,1
2020-04-10,San Mateo,081,765935,918,642,2,644,24
2020-04-10,Santa Barbara,083,443738,346,254,1,255,2
2020-04-10,Santa Clara,085,1922200,1943,1351,5,1356,50
2020-04-10,Santa Cruz,087,273765,101,75,0,75,1
2020-04-10,Shasta,089,179085,30,24,0,24,3
2020-04-10,Sierra,091,2930,0,0,0,0,0
2020-04-10,Siskiyou,093,43540,5,5,0,5,0
2020-04-10,Solano,095,438530,197,129,0,129,2
2020-04-10,Sonoma,097,501317,180,129,0,129,1
2020-04-10,Stanislaus,099,539301,231,101,3,104,0
2020-04-10,Sutter,101,95872,23,18,0,18,2
2020-04-10,Tehama,103,63373,1,1,0,1,0
2020-04-10,Trinity,105,12862,0,0,0,0,0
2020-04-10,Tulare,107,460477,424,163,5,168,10
2020-04-10,Tuolumne,109,53932,3,0,0,0,0
2020-04-10,Ventura,111,848112,454,290,0,290,9
2020-04-10,Yolo,113,214977,134,62,0,62,3
2020-04-10,Yuba,115,75493,14,13,0,13,1
2020-04-09,Alameda,001,1643700,1071,641,1,642,17
2020-04-09,Alpine,003,1148,1,1,0,1,0
2020-04-09,Amador,005,37829,7,2,0,2,0
2020-04-09,Butte,007,227075,19,12,1,13,0
2020-04-09,Calaveras,009,45235,10,5,0,5,0
2020-04-09,Colusa,011,21464,3,3,0,3,0
2020-04-09,Contra Costa,013,1133247,700,505,0,505,7
2020-04-09,Del Norte,015,27424,2,2,0,2,0
2020-04-09,El Dorado,017,186661,47,25,0,25,0
2020-04-09,Fresno,019,978130,428,165,4,169,3
2020-04-09,Glenn,021,27897,4,2,0,2,0
2020-04-09,Humboldt,023,135768,57,36,0,36,0
2020-04-09,Imperial,025,180216,158,67,0,67,2
2020-04-09,Inyo,027,18085,12,11,0,11,0
2020-04-09,Kern,029,883053,591,241,0,241,2
2020-04-09,Kings,031,150075,43,5,1,6,0
2020-04-09,Lake,033,64148,5,1,0,1,0
2020-04-09,Lassen,035,31185,3,0,2,2,0
2020-04-09,Los Angeles,037,10098052,13033,7919,12,7931,220
2020-04-09,Madera,039,155013,63,28,1,29,2
2020-04-09,Marin,041,260295,171,126,1,127,7
2020-04-09,Mariposa,043,17540,0,0,0,0,0
2020-04-09,Mendocino,045,87422,5,4,0,4,0
2020-04-09,Merced,047,269075,97,41,0,41,3
2020-04-09,Modoc,049,8938,0,0,0,0,0
2020-04-09,Mono,051,14174,29,19,0,19,1
2020-04-09,Monterey,053,433212,124,70,0,70,3
2020-04-09,Napa,055,140530,46,27,0,27,2
2020-04-09,Nevada,057,99092,36,23,1,24,1
2020-04-09,Orange,059,3164182,1811,1105,18,1123,19
2020-04-09,Placer,061,380077,144,107,0,107,4
2020-04-09,Plumas,063,18699,4,3,0,3,0
2020-04-09,Riverside,065,2383286,2465,1083,13,1096,29
2020-04-09,Sacramento,067,1510023,877,601,0,601,21
2020-04-09,San Benito,069,59416,36,32,0,32,2
2020-04-09,San Bernardino,071,2135413,1285,717,0,717,27
2020-04-09,San Diego,073,3302833,2224,1630,0,1630,40
2020-04-09,San Francisco,075,870044,1119,748,0,748,8
2020-04-09,San Joaquin,077,732212,382,223,3,226,14
2020-04-09,San Luis Obispo,079,281455,158,93,1,94,1
2020-04-09,San Mateo,081,765935,902,630,2,632,23
2020-04-09,Santa Barbara,083,443738,336,232,1,233,2
2020-04-09,Santa Clara,085,1922200,1873,1301,5,1306,49
2020-04-09,Santa Cruz,087,273765,101,73,0,73,1
2020-04-09,Shasta,089,179085,30,22,0,22,3
2020-04-09,Sierra,091,2930,0,0,0,0,0
2020-04-09,Siskiyou,093,43540,5,4,0,4,0
2020-04-09,Solano,095,438530,188,118,0,118,2
2020-04-09,Sonoma,097,501317,176,113,0,113,1
2020-04-09,Stanislaus,099,539301,219,93,3,96,0
2020-04-09,Sutter,101,95872,23,17,0,17,2
2020-04-09,Tehama,103,63373,1,1,0,1,0
2020-04-09,Trinity,105,12862,0,0,0,0,0
2020-04-09,Tulare,107,460477,395,147,5,152,9
2020-04-09,Tuolumne,109,53932,3,0,0,0,0
2020-04-09,Ventura,111,848112,435,273,0,273,9
2020-04-09,Yolo,113,214977,125,59,0,59,3
2020-04-09,Yuba,115,75493,14,13,0,13,0
2020-04-08,Alameda,001,1643700,1029,594,1,595,15
2020-04-08,Alpine,003,1148,1,1,0,1,0
2020-04-08,Amador,005,37829,7,2,0,2,0
2020-04-08,Butte,007,227075,18,11,1,12,0
2020-04-08,Calaveras,009,45235,10,5,0,5,0
2020-04-08,Colusa,011,21464,3,3,0,3,0
2020-04-08,Contra Costa,013,1133247,687,481,0,481,7
2020-04-08,Del Norte,015,27424,2,2,0,2,0
2020-04-08,El Dorado,017,186661,47,25,0,25,0
2020-04-08,Fresno,019,978130,408,151,4,155,3
2020-04-08,Glenn,021,27897,4,2,0,2,0
2020-04-08,Humboldt,023,135768,57,40,0,40,0
2020-04-08,Imperial,025,180216,147,59,0,59,2
2020-04-08,Inyo,027,18085,12,11,0,11,0
2020-04-08,Kern,029,883053,550,198,0,198,2
2020-04-08,Kings,031,150075,43,5,1,6,0
2020-04-08,Lake,033,64148,5,1,0,1,0
2020-04-08,Lassen,035,31185,3,0,2,2,0
2020-04-08,Los Angeles,037,10098052,12432,7505,12,7517,196
2020-04-08,Madera,039,155013,62,28,1,29,2
2020-04-08,Marin,041,260295,165,125,1,126,7
2020-04-08,Mariposa,043,17540,0,0,0,0,0
2020-04-08,Mendocino,045,87422,5,4,0,4,0
2020-04-08,Merced,047,269075,82,35,0,35,1
2020-04-08,Modoc,049,8938,0,0,0,0,0
2020-04-08,Mono,051,14174,29,19,0,19,1
2020-04-08,Monterey,053,433212,115,68,0,68,3
2020-04-08,Napa,055,140530,44,21,0,21,2
2020-04-08,Nevada,057,99092,36,21,1,22,1
2020-04-08,Orange,059,3164182,1748,1034,18,1052,19
2020-04-08,Placer,061,380077,144,102,0,102,4
2020-04-08,Plumas,063,18699,4,3,0,3,0
2020-04-08,Riverside,065,2383286,2308,974,13,987,28
2020-04-08,Sacramento,067,1510023,843,565,0,565,21
2020-04-08,San Benito,069,59416,36,31,0,31,2
2020-04-08,San Bernardino,071,2135413,1228,635,0,635,22
2020-04-08,San Diego,073,3302833,2150,1532,0,1532,36
2020-04-08,San Francisco,075,870044,1052,687,0,687,7
2020-04-08,San Joaquin,077,732212,365,211,3,214,12
2020-04-08,San Luis Obispo,079,281455,156,90,1,91,1
2020-04-08,San Mateo,081,765935,887,608,2,610,22
2020-04-08,Santa Barbara,083,443738,319,221,1,222,2
2020-04-08,Santa Clara,085,1922200,1828,1257,5,1262,47
2020-04-08,Santa Cruz,087,273765,100,69,0,69,1
2020-04-08,Shasta,089,179085,30,18,0,18,3
2020-04-08,Sierra,091,2930,0,0,0,0,0
2020-04-08,Siskiyou,093,43540,5,4,0,4,0
2020-04-08,Solano,095,438530,175,111,0,111,2
2020-04-08,Sonoma,097,501317,170,107,0,107,1
2020-04-08,Stanislaus,099,539301,203,86,3,89,0
2020-04-08,Sutter,101,95872,22,17,0,17,2
2020-04-08,Tehama,103,63373,1,1,0,1,0
2020-04-08,Trinity,105,12862,0,0,0,0,0
2020-04-08,Tulare,107,460477,364,145,5,150,6
2020-04-08,Tuolumne,109,53932,3,0,0,0,0
2020-04-08,Ventura,111,848112,426,263,0,263,7
2020-04-08,Yolo,113,214977,108,56,0,56,3
2020-04-08,Yuba,115,75493,14,10,0,10,0
2020-04-07,Alameda,001,1643700,994,560,1,561,14
2020-04-07,Alpine,003,1148,1,1,0,1,0
2020-04-07,Amador,005,37829,7,2,0,2,0
2020-04-07,Butte,007,227075,17,11,1,12,0
2020-04-07,Calaveras,009,45235,9,5,0,5,0
2020-04-07,Colusa,011,21464,3,2,0,2,0
2020-04-07,Contra Costa,013,1133247,667,471,0,471,7
2020-04-07,Del Norte,015,27424,2,2,0,2,0
2020-04-07,El Dorado,017,186661,46,22,0,22,0
2020-04-07,Fresno,019,978130,393,138,4,142,3
2020-04-07,Glenn,021,27897,4,2,0,2,0
2020-04-07,Humboldt,023,135768,56,40,0,40,0
2020-04-07,Imperial,025,180216,128,53,0,53,2
2020-04-07,Inyo,027,18085,12,11,0,11,0
2020-04-07,Kern,029,883053,507,134,0,134,2
2020-04-07,Kings,031,150075,40,5,1,6,0
2020-04-07,Lake,033,64148,4,1,0,1,0
2020-04-07,Lassen,035,31185,3,0,2,2,0
2020-04-07,Los Angeles,037,10098052,11782,6885,12,6897,170
2020-04-07,Madera,039,155013,60,28,0,28,2
2020-04-07,Marin,041,260295,163,122,1,123,7
2020-04-07,Mariposa,043,17540,0,0,0,0,0
2020-04-07,Mendocino,045,87422,5,4,0,4,0
2020-04-07,Merced,047,269075,67,27,0,27,1
2020-04-07,Modoc,049,8938,0,0,0,0,0
2020-04-07,Mono,051,14174,28,18,0,18,1
2020-04-07,Monterey,053,433212,107,63,0,63,2
2020-04-07,Napa,055,140530,42,18,0,18,2
2020-04-07,Nevada,057,99092,36,20,1,21,1
2020-04-07,Orange,059,3164182,1701,971,16,987,19
2020-04-07,Placer,061,380077,139,94,0,94,3
2020-04-07,Plumas,063,18699,4,3,0,3,0
2020-04-07,Riverside,065,2383286,2151,905,13,918,25
2020-04-07,Sacramento,067,1510023,813,513,0,513,18
2020-04-07,San Benito,069,59416,36,26,0,26,2
2020-04-07,San Bernardino,071,2135413,1161,554,0,554,19
2020-04-07,San Diego,073,3302833,2073,1456,0,1456,31
2020-04-07,San Francisco,075,870044,992,636,0,636,6
2020-04-07,San Joaquin,077,732212,347,198,3,201,12
2020-04-07,San Luis Obispo,079,281455,149,87,1,88,1
2020-04-07,San Mateo,081,765935,866,573,2,575,22
2020-04-07,Santa Barbara,083,443738,305,209,1,210,2
2020-04-07,Santa Clara,085,1922200,1759,1193,4,1197,46
2020-04-07,Santa Cruz,087,273765,100,67,0,67,1
2020-04-07,Shasta,089,179085,29,16,0,16,3
2020-04-07,Sierra,091,2930,0,0,0,0,0
2020-04-07,Siskiyou,093,43540,5,4,0,4,0
2020-04-07,Solano,095,438530,170,99,0,99,1
2020-04-07,Sonoma,097,501317,167,102,0,102,1
2020-04-07,Stanislaus,099,539301,186,83,3,86,0
2020-04-07,Sutter,101,95872,22,16,0,16,2
2020-04-07,Tehama,103,63373,1,1,0,1,0
2020-04-07,Trinity,105,12862,0,0,0,0,0
2020-04-07,Tulare,107,460477,335,144,5,149,5
2020-04-07,Tuolumne,109,53932,3,1,0,1,0
2020-04-07,Ventura,111,848112,409,247,0,247,6
2020-04-07,Yolo,113,214977,101,51,0,51,2
2020-04-07,Yuba,115,75493,14,10,0,10,0
2020-04-06,Alameda,001,1643700,964,527,1,528,13
2020-04-06,Alpine,003,1148,1,1,0,1,0
2020-04-06,Amador,005,37829,6,2,0,2,0
2020-04-06,Butte,007,227075,16,11,1,12,0
2020-04-06,Calaveras,009,45235,9,4,0,4,0
2020-04-06,Colusa,011,21464,3,1,0,1,0
2020-04-06,Contra Costa,013,1133247,642,447,0,447,7
2020-04-06,Del Norte,015,27424,2,2,0,2,0
2020-04-06,El Dorado,017,186661,44,23,0,23,0
2020-04-06,Fresno,019,978130,371,122,4,126,1
2020-04-06,Glenn,021,27897,4,2,0,2,0
2020-04-06,Humboldt,023,135768,55,37,0,37,0
2020-04-06,Imperial,025,180216,121,47,0,47,1
2020-04-06,Inyo,027,18085,11,11,0,11,0
2020-04-06,Kern,029,883053,470,117,0,117,2
2020-04-06,Kings,031,150075,40,3,1,4,0
2020-04-06,Lake,033,64148,4,1,0,1,0
2020-04-06,Lassen,035,31185,3,0,2,2,0
2020-04-06,Los Angeles,037,10098052,11048,6346,12,6358,145
2020-04-06,Madera,039,155013,58,29,0,29,2
2020-04-06,Marin,041,260295,160,119,1,120,7
2020-04-06,Mariposa,043,17540,0,0,0,0,0
2020-04-06,Mendocino,045,87422,5,4,0,4,0
2020-04-06,Merced,047,269075,60,25,0,25,1
2020-04-06,Modoc,049,8938,0,0,0,0,0
2020-04-06,Mono,051,14174,28,18,0,18,1
2020-04-06,Monterey,053,433212,102,62,0,62,2
2020-04-06,Napa,055,140530,42,18,0,18,2
2020-04-06,Nevada,057,99092,36,19,1,20,1
2020-04-06,Orange,059,3164182,1657,910,15,925,17
2020-04-06,Placer,061,380077,139,90,0,90,3
2020-04-06,Plumas,063,18699,4,2,0,2,0
2020-04-06,Riverside,065,2383286,2025,854,13,867,17
2020-04-06,Sacramento,067,1510023,783,448,0,448,15
2020-04-06,San Benito,069,59416,34,25,0,25,1
2020-04-06,San Bernardino,071,2135413,1102,550,0,550,13
2020-04-06,San Diego,073,3302833,1991,1406,0,1406,19
2020-04-06,San Francisco,075,870044,952,586,0,586,6
2020-04-06,San Joaquin,077,732212,332,191,3,194,10
2020-04-06,San Luis Obispo,079,281455,147,85,1,86,1
2020-04-06,San Mateo,081,765935,848,569,2,571,20
2020-04-06,Santa Barbara,083,443738,296,189,1,190,2
2020-04-06,Santa Clara,085,1922200,1706,1128,4,1132,43
2020-04-06,Santa Cruz,087,273765,98,65,0,65,1
2020-04-06,Shasta,089,179085,29,16,0,16,3
2020-04-06,Sierra,091,2930,0,0,0,0,0
2020-04-06,Siskiyou,093,43540,4,4,0,4,0
2020-04-06,Solano,095,438530,163,95,0,95,1
2020-04-06,Sonoma,097,501317,166,102,0,102,1
2020-04-06,Stanislaus,099,539301,170,72,3,75,0
2020-04-06,Sutter,101,95872,22,14,0,14,2
2020-04-06,Tehama,103,63373,1,1,0,1,0
2020-04-06,Trinity,105,12862,0,0,0,0,0
2020-04-06,Tulare,107,460477,319,126,5,131,5
2020-04-06,Tuolumne,109,53932,3,1,0,1,0
2020-04-06,Ventura,111,848112,391,234,0,234,6
2020-04-06,Yolo,113,214977,97,43,0,43,1
2020-04-06,Yuba,115,75493,14,8,0,8,0
2020-04-05,Alameda,001,1643700,922,475,1,476,12
2020-04-05,Alpine,003,1148,1,1,0,1,0
2020-04-05,Amador,005,37829,6,2,0,2,0
2020-04-05,Butte,007,227075,16,10,1,11,0
2020-04-05,Calaveras,009,45235,9,3,0,3,0
2020-04-05,Colusa,011,21464,3,1,0,1,0
2020-04-05,Contra Costa,013,1133247,625,415,0,415,6
2020-04-05,Del Norte,015,27424,2,1,0,1,0
2020-04-05,El Dorado,017,186661,42,19,0,19,0
2020-04-05,Fresno,019,978130,337,102,4,106,1
2020-04-05,Glenn,021,27897,4,2,0,2,0
2020-04-05,Humboldt,023,135768,55,29,0,29,0
2020-04-05,Imperial,025,180216,113,42,0,42,1
2020-04-05,Inyo,027,18085,11,10,0,10,0
2020-04-05,Kern,029,883053,415,109,0,109,2
2020-04-05,Kings,031,150075,39,4,1,5,0
2020-04-05,Lake,033,64148,4,0,0,0,0
2020-04-05,Lassen,035,31185,3,0,2,2,0
2020-04-05,Los Angeles,037,10098052,10477,5892,12,5904,130
2020-04-05,Madera,039,155013,57,27,0,27,2
2020-04-05,Marin,041,260295,160,113,1,114,6
2020-04-05,Mariposa,043,17540,0,0,0,0,0
2020-04-05,Mendocino,045,87422,5,4,0,4,0
2020-04-05,Merced,047,269075,53,16,0,16,0
2020-04-05,Modoc,049,8938,0,0,0,0,0
2020-04-05,Mono,051,14174,28,18,0,18,1
2020-04-05,Monterey,053,433212,95,61,0,61,2
2020-04-05,Napa,055,140530,40,15,0,15,2
2020-04-05,Nevada,057,99092,36,19,1,20,1
2020-04-05,Orange,059,3164182,1600,820,15,835,15
2020-04-05,Placer,061,380077,136,86,0,86,3
2020-04-05,Plumas,063,18699,3,2,0,2,0
2020-04-05,Riverside,065,2383286,1896,669,13,682,17
2020-04-05,Sacramento,067,1510023,752,393,0,393,11
2020-04-05,San Benito,069,59416,34,22,0,22,1
2020-04-05,San Bernardino,071,2135413,1029,375,0,375,13
2020-04-05,San Diego,073,3302833,1909,1328,0,1328,19
2020-04-05,San Francisco,075,870044,905,559,0,559,6
2020-04-05,San Joaquin,077,732212,317,179,3,182,10
2020-04-05,San Luis Obispo,079,281455,145,83,1,84,1
2020-04-05,San Mateo,081,765935,828,528,2,530,19
2020-04-05,Santa Barbara,083,443738,280,171,1,172,1
2020-04-05,Santa Clara,085,1922200,1659,1052,4,1056,42
2020-04-05,Santa Cruz,087,273765,98,59,0,59,1
2020-04-05,Shasta,089,179085,28,11,0,11,2
2020-04-05,Sierra,091,2930,0,0,0,0,0
2020-04-05,Siskiyou,093,43540,4,3,0,3,0
2020-04-05,Solano,095,438530,159,78,0,78,1
2020-04-05,Sonoma,097,501317,164,88,0,88,1
2020-04-05,Stanislaus,099,539301,156,51,3,54,0
2020-04-05,Sutter,101,95872,22,14,0,14,1
2020-04-05,Tehama,103,63373,1,1,0,1,0
2020-04-05,Trinity,105,12862,0,0,0,0,0
2020-04-05,Tulare,107,460477,282,81,5,86,4
2020-04-05,Tuolumne,109,53932,3,1,0,1,0
2020-04-05,Ventura,111,848112,377,196,0,196,6
2020-04-05,Yolo,113,214977,78,37,0,37,2
2020-04-05,Yuba,115,75493,14,7,0,7,0
2020-04-04,Alameda,001,1643700,899,468,1,469,12
2020-04-04,Alpine,003,1148,1,1,0,1,0
2020-04-04,Amador,005,37829,5,2,0,2,0
2020-04-04,Butte,007,227075,16,10,1,11,0
2020-04-04,Calaveras,009,45235,9,3,0,3,0
2020-04-04,Colusa,011,21464,3,1,0,1,0
2020-04-04,Contra Costa,013,1133247,617,382,0,382,5
2020-04-04,Del Norte,015,27424,2,1,0,1,0
2020-04-04,El Dorado,017,186661,42,19,0,19,0
2020-04-04,Fresno,019,978130,327,102,4,106,1
2020-04-04,Glenn,021,27897,4,2,0,2,0
2020-04-04,Humboldt,023,135768,55,29,0,29,0
2020-04-04,Imperial,025,180216,112,42,0,42,1
2020-04-04,Inyo,027,18085,11,10,0,10,0
2020-04-04,Kern,029,883053,385,103,0,103,2
2020-04-04,Kings,031,150075,39,3,1,4,0
2020-04-04,Lake,033,64148,4,0,0,0,0
2020-04-04,Lassen,035,31185,3,0,2,2,0
2020-04-04,Los Angeles,037,10098052,9857,5275,12,5287,117
2020-04-04,Madera,039,155013,55,27,0,27,2
2020-04-04,Marin,041,260295,158,111,0,111,6
2020-04-04,Mariposa,043,17540,0,0,0,0,0
2020-04-04,Mendocino,045,87422,5,4,0,4,0
2020-04-04,Merced,047,269075,49,11,0,11,0
2020-04-04,Modoc,049,8938,0,0,0,0,0
2020-04-04,Mono,051,14174,28,18,0,18,1
2020-04-04,Monterey,053,433212,91,61,0,61,2
2020-04-04,Napa,055,140530,40,15,0,15,2
2020-04-04,Nevada,057,99092,36,19,1,20,1
2020-04-04,Orange,059,3164182,1558,781,14,795,15
2020-04-04,Placer,061,380077,135,87,0,87,2
2020-04-04,Plumas,063,18699,3,2,0,2,0
2020-04-04,Riverside,065,2383286,1795,652,13,665,15
2020-04-04,Sacramento,067,1510023,734,393,0,393,11
2020-04-04,San Benito,069,59416,34,22,0,22,1
2020-04-04,San Bernardino,071,2135413,981,373,0,373,13
2020-04-04,San Diego,073,3302833,1861,1211,0,1211,18
2020-04-04,San Francisco,075,870044,867,537,0,537,6
2020-04-04,San Joaquin,077,732212,294,171,3,174,10
2020-04-04,San Luis Obispo,079,281455,145,82,1,83,0
2020-04-04,San Mateo,081,765935,816,520,2,522,17
2020-04-04,Santa Barbara,083,443738,271,167,1,168,1
2020-04-04,Santa Clara,085,1922200,1607,1045,4,1049,39
2020-04-04,Santa Cruz,087,273765,98,56,0,56,1
2020-04-04,Shasta,089,179085,27,11,0,11,2
2020-04-04,Sierra,091,2930,0,0,0,0,0
2020-04-04,Siskiyou,093,43540,4,3,0,3,0
2020-04-04,Solano,095,438530,154,79,0,79,1
2020-04-04,Sonoma,097,501317,161,88,0,88,1
2020-04-04,Stanislaus,099,539301,145,51,3,54,0
2020-04-04,Sutter,101,95872,22,14,0,14,1
2020-04-04,Tehama,103,63373,1,1,0,1,0
2020-04-04,Trinity,105,12862,0,0,0,0,0
2020-04-04,Tulare,107,460477,268,79,5,84,4
2020-04-04,Tuolumne,109,53932,3,1,0,1,0
2020-04-04,Ventura,111,848112,364,194,0,194,6
2020-04-04,Yolo,113,214977,76,40,0,40,2
2020-04-04,Yuba,115,75493,13,7,0,7,0
2020-04-03,Alameda,001,1643700,863,395,1,396,11
2020-04-03,Alpine,003,1148,1,1,0,1,0
2020-04-03,Amador,005,37829,5,2,0,2,0
2020-04-03,Butte,007,227075,16,8,1,9,0
2020-04-03,Calaveras,009,45235,9,3,0,3,0
2020-04-03,Colusa,011,21464,3,1,0,1,0
2020-04-03,Contra Costa,013,1133247,594,327,0,327,5
2020-04-03,Del Norte,015,27424,2,1,0,1,0
2020-04-03,El Dorado,017,186661,40,16,0,16,0
2020-04-03,Fresno,019,978130,315,98,4,102,1
2020-04-03,Glenn,021,27897,4,2,0,2,0
2020-04-03,Humboldt,023,135768,55,34,0,34,0
2020-04-03,Imperial,025,180216,103,35,0,35,0
2020-04-03,Inyo,027,18085,11,10,0,10,0
2020-04-03,Kern,029,883053,359,87,0,87,1
2020-04-03,Kings,031,150075,37,3,1,4,0
2020-04-03,Lake,033,64148,3,0,0,0,0
2020-04-03,Lassen,035,31185,3,0,2,2,0
2020-04-03,Los Angeles,037,10098052,9239,4566,12,4578,91
2020-04-03,Madera,039,155013,54,28,0,28,2
2020-04-03,Marin,041,260295,156,106,0,106,6
2020-04-03,Mariposa,043,17540,0,0,0,0,0
2020-04-03,Mendocino,045,87422,5,4,0,4,0
2020-04-03,Merced,047,269075,46,9,0,9,0
2020-04-03,Modoc,049,8938,0,0,0,0,0
2020-04-03,Mono,051,14174,28,18,0,18,1
2020-04-03,Monterey,053,433212,88,58,0,58,2
2020-04-03,Napa,055,140530,39,13,0,13,1
2020-04-03,Nevada,057,99092,36,19,1,20,1
2020-04-03,Orange,059,3164182,1519,713,14,727,13
2020-04-03,Placer,061,380077,131,76,0,76,2
2020-04-03,Plumas,063,18699,3,2,0,2,0
2020-04-03,Riverside,065,2383286,1715,540,13,553,14
2020-04-03,Sacramento,067,1510023,713,363,0,363,11
2020-04-03,San Benito,069,59416,34,22,0,22,1
2020-04-03,San Bernardino,071,2135413,936,356,0,356,11
2020-04-03,San Diego,073,3302833,1800,1114,0,1114,17
2020-04-03,San Francisco,075,870044,843,506,0,506,6
2020-04-03,San Joaquin,077,732212,282,162,3,165,10
2020-04-03,San Luis Obispo,079,281455,144,82,1,83,0
2020-04-03,San Mateo,081,765935,799,474,2,476,13
2020-04-03,Santa Barbara,083,443738,260,154,1,155,1
2020-04-03,Santa Clara,085,1922200,1571,983,4,987,39
2020-04-03,Santa Cruz,087,273765,98,52,0,52,1
2020-04-03,Shasta,089,179085,27,10,0,10,1
2020-04-03,Sierra,091,2930,0,0,0,0,0
2020-04-03,Siskiyou,093,43540,4,3,0,3,0
2020-04-03,Solano,095,438530,146,72,0,72,1
2020-04-03,Sonoma,097,501317,161,84,0,84,1
2020-04-03,Stanislaus,099,539301,139,48,3,51,0
2020-04-03,Sutter,101,95872,22,12,0,12,1
2020-04-03,Tehama,103,63373,1,1,0,1,0
2020-04-03,Trinity,105,12862,0,0,0,0,0
2020-04-03,Tulare,107,460477,254,73,5,78,3
2020-04-03,Tuolumne,109,53932,3,1,0,1,0
2020-04-03,Ventura,111,848112,354,186,0,186,6
2020-04-03,Yolo,113,214977,75,33,0,33,1
2020-04-03,Yuba,115,75493,13,6,0,6,0
2020-04-02,Alameda,001,1643700,812,345,1,346,10
2020-04-02,Alpine,003,1148,1,1,0,1,0
2020-04-02,Amador,005,37829,5,2,0,2,0
2020-04-02,Butte,007,227075,16,7,0,7,0
2020-04-02,Calaveras,009,45235,7,3,0,3,0
2020-04-02,Colusa,011,21464,3,1,0,1,0
2020-04-02,Contra Costa,013,1133247,564,297,0,297,3
2020-04-02,Del Norte,015,27424,2,0,0,0,0
2020-04-02,El Dorado,017,186661,38,16,0,16,0
2020-04-02,Fresno,019,978130,299,92,4,96,0
2020-04-02,Glenn,021,27897,3,2,0,2,0
2020-04-02,Humboldt,023,135768,51,23,0,23,0
2020-04-02,Imperial,025,180216,99,24,0,24,0
2020-04-02,Inyo,027,18085,10,8,0,8,0
2020-04-02,Kern,029,883053,332,74,0,74,0
2020-04-02,Kings,031,150075,37,3,1,4,0
2020-04-02,Lake,033,64148,3,0,0,0,0
2020-04-02,Lassen,035,31185,3,0,2,2,0
2020-04-02,Los Angeles,037,10098052,8404,4040,12,4052,79
2020-04-02,Madera,039,155013,52,25,0,25,1
2020-04-02,Marin,041,260295,150,102,0,102,1
2020-04-02,Mariposa,043,17540,0,0,0,0,0
2020-04-02,Mendocino,045,87422,5,4,0,4,0
2020-04-02,Merced,047,269075,41,9,0,9,0
2020-04-02,Modoc,049,8938,0,0,0,0,0
2020-04-02,Mono,051,14174,28,16,0,16,1
2020-04-02,Monterey,053,433212,86,50,0,50,2
2020-04-02,Napa,055,140530,39,13,0,13,0
2020-04-02,Nevada,057,99092,35,17,1,18,0
2020-04-02,Orange,059,3164182,1467,640,13,653,12
2020-04-02,Placer,061,380077,130,72,0,72,2
2020-04-02,Plumas,063,18699,3,1,0,1,0
2020-04-02,Riverside,065,2383286,1598,438,13,451,13
2020-04-02,Sacramento,067,1510023,695,322,0,322,9
2020-04-02,San Benito,069,59416,32,18,0,18,1
2020-04-02,San Bernardino,071,2135413,881,335,0,335,8
2020-04-02,San Diego,073,3302833,1733,968,0,968,16
2020-04-02,San Francisco,075,870044,817,473,0,473,6
2020-04-02,San Joaquin,077,732212,263,148,3,151,9
2020-04-02,San Luis Obispo,079,281455,139,79,1,80,0
2020-04-02,San Mateo,081,765935,778,423,2,425,13
2020-04-02,Santa Barbara,083,443738,249,125,1,126,1
2020-04-02,Santa Clara,085,1922200,1520,908,4,912,38
2020-04-02,Santa Cruz,087,273765,96,49,0,49,1
2020-04-02,Shasta,089,179085,26,7,0,7,1
2020-04-02,Sierra,091,2930,0,0,0,0,0
2020-04-02,Siskiyou,093,43540,4,3,0,3,0
2020-04-02,Solano,095,438530,136,65,0,65,0
2020-04-02,Sonoma,097,501317,157,76,0,76,1
2020-04-02,Stanislaus,099,539301,128,40,3,43,0
2020-04-02,Sutter,101,95872,21,10,0,10,1
2020-04-02,Tehama,103,63373,1,1,0,1,0
2020-04-02,Trinity,105,12862,0,0,0,0,0
2020-04-02,Tulare,107,460477,220,64,5,69,1
2020-04-02,Tuolumne,109,53932,3,1,0,1,0
2020-04-02,Ventura,111,848112,336,178,0,178,5
2020-04-02,Yolo,113,214977,73,29,0,29,1
2020-04-02,Yuba,115,75493,10,5,0,5,0
2020-04-01,Alameda,001,1643700,785,287,1,288,8
2020-04-01,Alpine,003,1148,1,1,0,1,0
2020-04-01,Amador,005,37829,5,1,0,1,0
2020-04-01,Butte,007,227075,16,6,0,6,0
2020-04-01,Calaveras,009,45235,6,3,0,3,0
2020-04-01,Colusa,011,21464,3,1,0,1,0
2020-04-01,Contra Costa,013,1133247,521,267,0,267,3
2020-04-01,Del Norte,015,27424,2,0,0,0,0
2020-04-01,El Dorado,017,186661,37,14,0,14,0
2020-04-01,Fresno,019,978130,277,75,3,78,0
2020-04-01,Glenn,021,27897,3,2,0,2,0
2020-04-01,Humboldt,023,135768,51,19,0,19,0
2020-04-01,Imperial,025,180216,93,25,0,25,0
2020-04-01,Inyo,027,18085,10,8,0,8,0
2020-04-01,Kern,029,883053,305,53,0,53,0
2020-04-01,Kings,031,150075,35,3,1,4,0
2020-04-01,Lake,033,64148,3,0,0,0,0
2020-04-01,Lassen,035,31185,3,0,2,2,0
2020-04-01,Los Angeles,037,10098052,7752,3502,12,3514,66
2020-04-01,Madera,039,155013,50,17,0,17,1
2020-04-01,Marin,041,260295,146,87,0,87,1
2020-04-01,Mariposa,043,17540,0,0,0,0,0
2020-04-01,Mendocino,045,87422,5,4,0,4,0
2020-04-01,Merced,047,269075,38,7,0,7,0
2020-04-01,Modoc,049,8938,0,0,0,0,0
2020-04-01,Mono,051,14174,28,12,0,12,1
2020-04-01,Monterey,053,433212,85,47,0,47,2
2020-04-01,Napa,055,140530,36,11,0,11,0
2020-04-01,Nevada,057,99092,35,15,1,16,0
2020-04-01,Orange,059,3164182,1415,579,13,592,11
2020-04-01,Placer,061,380077,128,52,0,52,2
2020-04-01,Plumas,063,18699,3,1,0,1,0
2020-04-01,Riverside,065,2383286,1430,306,12,318,11
2020-04-01,Sacramento,067,1510023,662,299,0,299,8
2020-04-01,San Benito,069,59416,29,14,0,14,1
2020-04-01,San Bernardino,071,2135413,832,245,0,245,5
2020-04-01,San Diego,073,3302833,1663,851,0,851,11
2020-04-01,San Francisco,075,870044,789,432,0,432,6
2020-04-01,San Joaquin,077,732212,251,132,3,135,8
2020-04-01,San Luis Obispo,079,281455,133,69,1,70,0
2020-04-01,San Mateo,081,765935,760,354,2,356,13
2020-04-01,Santa Barbara,083,443738,236,103,1,104,0
2020-04-01,Santa Clara,085,1922200,1478,805,4,809,33
2020-04-01,Santa Cruz,087,273765,91,44,0,44,1
2020-04-01,Shasta,089,179085,25,5,0,5,1
2020-04-01,Sierra,091,2930,0,0,0,0,0
2020-04-01,Siskiyou,093,43540,4,3,0,3,0
2020-04-01,Solano,095,438530,131,57,0,57,0
2020-04-01,Sonoma,097,501317,153,60,0,60,1
2020-04-01,Stanislaus,099,539301,117,29,3,32,0
2020-04-01,Sutter,101,95872,21,9,0,9,1
2020-04-01,Tehama,103,63373,1,0,0,0,0
2020-04-01,Trinity,105,12862,0,0,0,0,0
2020-04-01,Tulare,107,460477,182,43,5,48,1
2020-04-01,Tuolumne,109,53932,3,1,0,1,0
2020-04-01,Ventura,111,848112,323,154,0,154,5
2020-04-01,Yolo,113,214977,68,22,0,22,1
2020-04-01,Yuba,115,75493,9,5,0,5,0
2020-03-31,Alameda,001,1643700,718,269,1,270,7
2020-03-31,Alpine,003,1148,1,1,0,1,0
2020-03-31,Amador,005,37829,5,1,0,1,0
2020-03-31,Butte,007,227075,16,6,0,6,0
2020-03-31,Calaveras,009,45235,6,3,0,3,0
2020-03-31,Colusa,011,21464,3,1,0,1,0
2020-03-31,Contra Costa,013,1133247,496,246,0,246,3
2020-03-31,Del Norte,015,27424,1,0,0,0,0
2020-03-31,El Dorado,017,186661,33,14,0,14,0
2020-03-31,Fresno,019,978130,252,59,3,62,0
2020-03-31,Glenn,021,27897,3,2,0,2,0
2020-03-31,Humboldt,023,135768,51,18,0,18,0
2020-03-31,Imperial,025,180216,88,17,0,17,0
2020-03-31,Inyo,027,18085,10,8,0,8,0
2020-03-31,Kern,029,883053,281,47,0,47,0
2020-03-31,Kings,031,150075,33,2,1,3,0
2020-03-31,Lake,033,64148,1,0,0,0,0
2020-03-31,Lassen,035,31185,3,0,2,2,0
2020-03-31,Los Angeles,037,10098052,7088,3001,12,3013,53
2020-03-31,Madera,039,155013,49,17,0,17,1
2020-03-31,Marin,041,260295,137,85,0,85,1
2020-03-31,Mariposa,043,17540,0,0,0,0,0
2020-03-31,Mendocino,045,87422,5,4,0,4,0
2020-03-31,Merced,047,269075,33,6,0,6,0
2020-03-31,Modoc,049,8938,0,0,0,0,0
2020-03-31,Mono,051,14174,26,12,0,12,0
2020-03-31,Monterey,053,433212,83,43,0,43,2
2020-03-31,Napa,055,140530,35,9,0,9,0
2020-03-31,Nevada,057,99092,35,15,1,16,0
2020-03-31,Orange,059,3164182,1345,506,13,519,7
2020-03-31,Placer,061,380077,121,49,0,49,2
2020-03-31,Plumas,063,18699,1,0,0,0,0
2020-03-31,Riverside,065,2383286,1284,284,12,296,8
2020-03-31,Sacramento,067,1510023,610,271,0,271,8
2020-03-31,San Benito,069,59416,29,14,0,14,1
2020-03-31,San Bernardino,071,2135413,747,193,0,193,5
2020-03-31,San Diego,073,3302833,1581,736,0,736,9
2020-03-31,San Francisco,075,870044,754,404,0,404,5
2020-03-31,San Joaquin,077,732212,235,122,3,125,7
2020-03-31,San Luis Obispo,079,281455,129,67,1,68,0
2020-03-31,San Mateo,081,765935,741,297,2,299,12
2020-03-31,Santa Barbara,083,443738,221,89,1,90,0
2020-03-31,Santa Clara,085,1922200,1428,777,4,781,30
2020-03-31,Santa Cruz,087,273765,84,40,0,40,1
2020-03-31,Shasta,089,179085,22,5,0,5,1
2020-03-31,Sierra,091,2930,0,0,0,0,0
2020-03-31,Siskiyou,093,43540,4,3,0,3,0
2020-03-31,Solano,095,438530,117,56,0,56,0
2020-03-31,Sonoma,097,501317,148,58,0,58,1
2020-03-31,Stanislaus,099,539301,102,28,3,31,0
2020-03-31,Sutter,101,95872,21,8,0,8,0
2020-03-31,Tehama,103,63373,1,0,0,0,0
2020-03-31,Trinity,105,12862,0,0,0,0,0
2020-03-31,Tulare,107,460477,159,42,4,46,1
2020-03-31,Tuolumne,109,53932,3,1,0,1,0
2020-03-31,Ventura,111,848112,312,143,0,143,4
2020-03-31,Yolo,113,214977,61,21,0,21,1
2020-03-31,Yuba,115,75493,9,5,0,5,0
2020-03-30,Alameda,001,1643700,678,250,1,251,7
2020-03-30,Alpine,003,1148,1,1,0,1,0
2020-03-30,Amador,005,37829,5,1,0,1,0
2020-03-30,Butte,007,227075,14,5,0,5,0
2020-03-30,Calaveras,009,45235,6,3,0,3,0
2020-03-30,Colusa,011,21464,3,1,0,1,0
2020-03-30,Contra Costa,013,1133247,470,212,0,212,3
2020-03-30,Del Norte,015,27424,0,0,0,0,0
2020-03-30,El Dorado,017,186661,33,11,0,11,0
2020-03-30,Fresno,019,978130,227,46,3,49,0
2020-03-30,Glenn,021,27897,3,2,0,2,0
2020-03-30,Humboldt,023,135768,49,11,0,11,0
2020-03-30,Imperial,025,180216,85,9,0,9,0
2020-03-30,Inyo,027,18085,10,5,0,5,0
2020-03-30,Kern,029,883053,248,30,0,30,0
2020-03-30,Kings,031,150075,33,1,1,2,0
2020-03-30,Lake,033,64148,1,0,0,0,0
2020-03-30,Lassen,035,31185,3,0,1,1,0
2020-03-30,Los Angeles,037,10098052,6428,2467,12,2479,44
2020-03-30,Madera,039,155013,48,14,0,14,1
2020-03-30,Marin,041,260295,130,78,0,78,0
2020-03-30,Mariposa,043,17540,0,0,0,0,0
2020-03-30,Mendocino,045,87422,5,2,0,2,0
2020-03-30,Merced,047,269075,29,6,0,6,0
2020-03-30,Modoc,049,8938,0,0,0,0,0
2020-03-30,Mono,051,14174,26,11,0,11,0
2020-03-30,Monterey,053,433212,78,41,0,41,1
2020-03-30,Napa,055,140530,34,9,0,9,0
2020-03-30,Nevada,057,99092,34,14,1,15,0
2020-03-30,Orange,059,3164182,1280,418,13,431,5
2020-03-30,Placer,061,380077,118,44,0,44,2
2020-03-30,Plumas,063,18699,1,0,0,0,0
2020-03-30,Riverside,065,2383286,1203,204,12,216,7
2020-03-30,Sacramento,067,1510023,586,238,0,238,8
2020-03-30,San Benito,069,59416,29,11,0,11,1
2020-03-30,San Bernardino,071,2135413,703,145,0,145,4
2020-03-30,San Diego,073,3302833,1511,605,0,605,7
2020-03-30,San Francisco,075,870044,714,368,0,368,5
2020-03-30,San Joaquin,077,732212,228,112,3,115,5
2020-03-30,San Luis Obispo,079,281455,126,62,1,63,0
2020-03-30,San Mateo,081,765935,717,257,2,259,11
2020-03-30,Santa Barbara,083,443738,212,79,1,80,0
2020-03-30,Santa Clara,085,1922200,1397,745,3,748,31
2020-03-30,Santa Cruz,087,273765,81,36,0,36,1
2020-03-30,Shasta,089,179085,21,4,0,4,1
2020-03-30,Sierra,091,2930,0,0,0,0,0
2020-03-30,Siskiyou,093,43540,4,2,0,2,0
2020-03-30,Solano,095,438530,111,50,0,50,0
2020-03-30,Sonoma,097,501317,145,57,0,57,1
2020-03-30,Stanislaus,099,539301,95,28,3,31,0
2020-03-30,Sutter,101,95872,20,6,0,6,0
2020-03-30,Tehama,103,63373,1,0,0,0,0
2020-03-30,Trinity,105,12862,0,0,0,0,0
2020-03-30,Tulare,107,460477,147,40,3,43,1
2020-03-30,Tuolumne,109,53932,3,1,0,1,0
2020-03-30,Ventura,111,848112,301,118,0,118,2
2020-03-30,Yolo,113,214977,58,17,0,17,1
2020-03-30,Yuba,115,75493,8,5,0,5,0
2020-03-29,Alameda,001,1643700,644,207,1,208,6
2020-03-29,Alpine,003,1148,1,0,0,0,0
2020-03-29,Amador,005,37829,5,1,0,1,0
2020-03-29,Butte,007,227075,14,4,0,4,0
2020-03-29,Calaveras,009,45235,6,2,0,2,0
2020-03-29,Colusa,011,21464,3,1,0,1,0
2020-03-29,Contra Costa,013,1133247,440,187,0,187,3
2020-03-29,Del Norte,015,27424,0,0,0,0,0
2020-03-29,El Dorado,017,186661,32,9,0,9,0
2020-03-29,Fresno,019,978130,203,31,3,34,0
2020-03-29,Glenn,021,27897,2,1,0,1,0
2020-03-29,Humboldt,023,135768,46,9,0,9,0
2020-03-29,Imperial,025,180216,79,9,0,9,0
2020-03-29,Inyo,027,18085,9,0,0,0,0
2020-03-29,Kern,029,883053,230,20,0,20,0
2020-03-29,Kings,031,150075,30,1,1,2,0
2020-03-29,Lake,033,64148,0,0,0,0,0
2020-03-29,Lassen,035,31185,3,0,1,1,0
2020-03-29,Los Angeles,037,10098052,5781,2119,11,2130,37
2020-03-29,Madera,039,155013,43,11,0,11,1
2020-03-29,Marin,041,260295,125,60,0,60,0
2020-03-29,Mariposa,043,17540,0,0,0,0,0
2020-03-29,Mendocino,045,87422,5,2,0,2,0
2020-03-29,Merced,047,269075,28,4,0,4,0
2020-03-29,Modoc,049,8938,0,0,0,0,0
2020-03-29,Mono,051,14174,26,8,0,8,0
2020-03-29,Monterey,053,433212,73,36,0,36,1
2020-03-29,Napa,055,140530,32,5,0,5,0
2020-03-29,Nevada,057,99092,32,13,1,14,0
2020-03-29,Orange,059,3164182,1207,343,13,356,2
2020-03-29,Placer,061,380077,117,35,0,35,2
2020-03-29,Plumas,063,18699,1,0,0,0,0
2020-03-29,Riverside,065,2383286,1079,122,12,134,7
2020-03-29,Sacramento,067,1510023,546,217,0,217,7
2020-03-29,San Benito,069,59416,28,10,0,10,1
2020-03-29,San Bernardino,071,2135413,651,94,0,94,2
2020-03-29,San Diego,073,3302833,1439,521,0,521,7
2020-03-29,San Francisco,075,870044,670,333,0,333,5
2020-03-29,San Joaquin,077,732212,219,86,3,89,4
2020-03-29,San Luis Obispo,079,281455,119,55,0,55,0
2020-03-29,San Mateo,081,765935,692,234,2,236,12
2020-03-29,Santa Barbara,083,443738,204,52,1,53,0
2020-03-29,Santa Clara,085,1922200,1340,591,3,594,30
2020-03-29,Santa Cruz,087,273765,81,33,0,33,1
2020-03-29,Shasta,089,179085,20,4,0,4,1
2020-03-29,Sierra,091,2930,0,0,0,0,0
2020-03-29,Siskiyou,093,43540,4,2,0,2,0
2020-03-29,Solano,095,438530,103,48,0,48,0
2020-03-29,Sonoma,097,501317,143,35,0,35,1
2020-03-29,Stanislaus,099,539301,90,19,3,22,0
2020-03-29,Sutter,101,95872,17,6,0,6,0
2020-03-29,Tehama,103,63373,1,0,0,0,0
2020-03-29,Trinity,105,12862,0,0,0,0,0
2020-03-29,Tulare,107,460477,122,24,3,27,1
2020-03-29,Tuolumne,109,53932,2,1,0,1,0
2020-03-29,Ventura,111,848112,274,92,0,92,2
2020-03-29,Yolo,113,214977,53,13,0,13,1
2020-03-29,Yuba,115,75493,8,3,0,3,0
2020-03-28,Alameda,001,1643700,617,410,1,411,12
2020-03-28,Alpine,003,1148,1,0,0,0,0
2020-03-28,Amador,005,37829,5,2,0,2,0
2020-03-28,Butte,007,227075,14,8,0,8,0
2020-03-28,Calaveras,009,45235,6,4,0,4,0
2020-03-28,Colusa,011,21464,3,2,0,2,0
2020-03-28,Contra Costa,013,1133247,417,350,0,350,4
2020-03-28,Del Norte,015,27424,0,0,0,0,0
2020-03-28,El Dorado,017,186661,31,18,0,18,0
2020-03-28,Fresno,019,978130,193,62,3,65,0
2020-03-28,Glenn,021,27897,2,2,0,2,0
2020-03-28,Humboldt,023,135768,46,18,0,18,0
2020-03-28,Imperial,025,180216,74,18,0,18,0
2020-03-28,Inyo,027,18085,9,0,0,0,0
2020-03-28,Kern,029,883053,213,40,0,40,0
2020-03-28,Kings,031,150075,29,2,1,3,0
2020-03-28,Lake,033,64148,0,0,0,0,0
2020-03-28,Lassen,035,31185,3,0,1,1,0
2020-03-28,Los Angeles,037,10098052,5396,3600,10,3610,64
2020-03-28,Madera,039,155013,43,22,0,22,2
2020-03-28,Marin,041,260295,120,116,0,116,0
2020-03-28,Mariposa,043,17540,0,0,0,0,0
2020-03-28,Mendocino,045,87422,5,4,0,4,0
2020-03-28,Merced,047,269075,27,8,0,8,0
2020-03-28,Modoc,049,8938,0,0,0,0,0
2020-03-28,Mono,051,14174,24,12,0,12,0
2020-03-28,Monterey,053,433212,72,64,0,64,2
2020-03-28,Napa,055,140530,27,10,0,10,0
2020-03-28,Nevada,057,99092,32,22,1,23,0
2020-03-28,Orange,059,3164182,1171,656,13,669,4
2020-03-28,Placer,061,380077,112,70,0,70,2
2020-03-28,Plumas,063,18699,1,0,0,0,0
2020-03-28,Riverside,065,2383286,1011,242,12,254,14
2020-03-28,Sacramento,067,1510023,528,406,0,406,14
2020-03-28,San Benito,069,59416,28,20,0,20,2
2020-03-28,San Bernardino,071,2135413,603,162,0,162,4
2020-03-28,San Diego,073,3302833,1380,980,0,980,14
2020-03-28,San Francisco,075,870044,646,600,0,600,6
2020-03-28,San Joaquin,077,732212,212,166,3,169,8
2020-03-28,San Luis Obispo,079,281455,117,104,0,104,0
2020-03-28,San Mateo,081,765935,672,462,2,464,17
2020-03-28,Santa Barbara,083,443738,194,98,1,99,0
2020-03-28,Santa Clara,085,1922200,1321,1174,3,1177,54
2020-03-28,Santa Cruz,087,273765,80,62,0,62,0
2020-03-28,Shasta,089,179085,20,8,0,8,2
2020-03-28,Sierra,091,2930,0,0,0,0,0
2020-03-28,Siskiyou,093,43540,4,4,0,4,0
2020-03-28,Solano,095,438530,99,96,0,96,0
2020-03-28,Sonoma,097,501317,141,70,0,70,2
2020-03-28,Stanislaus,099,539301,85,34,3,37,0
2020-03-28,Sutter,101,95872,17,6,0,6,0
2020-03-28,Tehama,103,63373,1,0,0,0,0
2020-03-28,Trinity,105,12862,0,0,0,0,0
2020-03-28,Tulare,107,460477,114,46,3,49,0
2020-03-28,Tuolumne,109,53932,2,2,0,2,0
2020-03-28,Ventura,111,848112,270,178,0,178,4
2020-03-28,Yolo,113,214977,52,26,0,26,2
2020-03-28,Yuba,115,75493,8,6,0,6,0
2020-03-27,Alameda,001,1643700,598,185,1,186,4
2020-03-27,Alpine,003,1148,1,0,0,0,0
2020-03-27,Amador,005,37829,4,1,0,1,0
2020-03-27,Butte,007,227075,12,4,0,4,0
2020-03-27,Calaveras,009,45235,6,2,0,2,0
2020-03-27,Colusa,011,21464,3,0,0,0,0
2020-03-27,Contra Costa,013,1133247,396,161,0,161,2
2020-03-27,Del Norte,015,27424,0,0,0,0,0
2020-03-27,El Dorado,017,186661,29,9,0,9,0
2020-03-27,Fresno,019,978130,181,29,2,31,0
2020-03-27,Glenn,021,27897,2,0,0,0,0
2020-03-27,Humboldt,023,135768,42,9,0,9,0
2020-03-27,Imperial,025,180216,69,9,0,9,0
2020-03-27,Inyo,027,18085,9,0,0,0,0
2020-03-27,Kern,029,883053,200,20,0,20,0
2020-03-27,Kings,031,150075,28,0,1,1,0
2020-03-27,Lake,033,64148,0,0,0,0,0
2020-03-27,Lassen,035,31185,3,0,1,1,0
2020-03-27,Los Angeles,037,10098052,4986,1474,10,1484,26
2020-03-27,Madera,039,155013,41,10,0,10,1
2020-03-27,Marin,041,260295,115,58,0,58,0
2020-03-27,Mariposa,043,17540,0,0,0,0,0
2020-03-27,Mendocino,045,87422,5,2,0,2,0
2020-03-27,Merced,047,269075,26,3,0,3,0
2020-03-27,Modoc,049,8938,0,0,0,0,0
2020-03-27,Mono,051,14174,24,6,0,6,0
2020-03-27,Monterey,053,433212,69,26,0,26,1
2020-03-27,Napa,055,140530,27,5,0,5,0
2020-03-27,Nevada,057,99092,32,6,1,7,0
2020-03-27,Orange,059,3164182,1121,299,13,312,2
2020-03-27,Placer,061,380077,109,33,0,33,1
2020-03-27,Plumas,063,18699,0,0,0,0,0
2020-03-27,Riverside,065,2383286,955,121,12,133,7
2020-03-27,Sacramento,067,1510023,505,163,0,163,6
2020-03-27,San Benito,069,59416,27,9,0,9,1
2020-03-27,San Bernardino,071,2135413,513,77,0,77,2
2020-03-27,San Diego,073,3302833,1323,419,0,419,5
2020-03-27,San Francisco,075,870044,621,285,0,285,2
2020-03-27,San Joaquin,077,732212,201,73,3,76,3
2020-03-27,San Luis Obispo,079,281455,115,46,0,46,0
2020-03-27,San Mateo,081,765935,646,213,2,215,7
2020-03-27,Santa Barbara,083,443738,180,37,1,38,0
2020-03-27,Santa Clara,085,1922200,1283,557,3,560,25
2020-03-27,Santa Cruz,087,273765,79,31,0,31,0
2020-03-27,Shasta,089,179085,17,3,0,3,1
2020-03-27,Sierra,091,2930,0,0,0,0,0
2020-03-27,Siskiyou,093,43540,4,2,0,2,0
2020-03-27,Solano,095,438530,93,48,0,48,0
2020-03-27,Sonoma,097,501317,133,35,0,35,1
2020-03-27,Stanislaus,099,539301,83,16,3,19,0
2020-03-27,Sutter,101,95872,16,2,0,2,0
2020-03-27,Tehama,103,63373,1,0,0,0,0
2020-03-27,Trinity,105,12862,0,0,0,0,0
2020-03-27,Tulare,107,460477,106,15,3,18,0
2020-03-27,Tuolumne,109,53932,2,1,0,1,0
2020-03-27,Ventura,111,848112,261,80,0,80,2
2020-03-27,Yolo,113,214977,51,13,0,13,1
2020-03-27,Yuba,115,75493,7,3,0,3,0
2020-03-26,Alameda,001,1643700,558,172,1,173,4
2020-03-26,Alpine,003,1148,1,0,0,0,0
2020-03-26,Amador,005,37829,4,1,0,1,0
2020-03-26,Butte,007,227075,12,4,0,4,0
2020-03-26,Calaveras,009,45235,6,2,0,2,0
2020-03-26,Colusa,011,21464,3,0,0,0,0
2020-03-26,Contra Costa,013,1133247,385,147,0,147,2
2020-03-26,Del Norte,015,27424,0,0,0,0,0
2020-03-26,El Dorado,017,186661,27,7,0,7,0
2020-03-26,Fresno,019,978130,172,25,2,27,0
2020-03-26,Glenn,021,27897,2,0,0,0,0
2020-03-26,Humboldt,023,135768,38,8,0,8,0
2020-03-26,Imperial,025,180216,65,8,0,8,0
2020-03-26,Inyo,027,18085,8,0,0,0,0
2020-03-26,Kern,029,883053,184,20,0,20,0
2020-03-26,Kings,031,150075,28,0,1,1,0
2020-03-26,Lake,033,64148,0,0,0,0,0
2020-03-26,Lassen,035,31185,3,0,1,1,0
2020-03-26,Los Angeles,037,10098052,4578,1075,10,1085,19
2020-03-26,Madera,039,155013,39,8,0,8,0
2020-03-26,Marin,041,260295,106,56,0,56,0
2020-03-26,Mariposa,043,17540,0,0,0,0,0
2020-03-26,Mendocino,045,87422,4,1,0,1,0
2020-03-26,Merced,047,269075,23,1,0,1,0
2020-03-26,Modoc,049,8938,0,0,0,0,0
2020-03-26,Mono,051,14174,23,5,0,5,0
2020-03-26,Monterey,053,433212,66,25,0,25,1
2020-03-26,Napa,055,140530,26,5,0,5,0
2020-03-26,Nevada,057,99092,32,7,1,8,0
2020-03-26,Orange,059,3164182,1059,279,11,290,1
2020-03-26,Placer,061,380077,106,34,0,34,1
2020-03-26,Plumas,063,18699,0,0,0,0,0
2020-03-26,Riverside,065,2383286,884,118,12,130,7
2020-03-26,Sacramento,067,1510023,472,147,0,147,5
2020-03-26,San Benito,069,59416,27,8,0,8,1
2020-03-26,San Bernardino,071,2135413,447,57,0,57,1
2020-03-26,San Diego,073,3302833,1256,299,0,299,2
2020-03-26,San Francisco,075,870044,594,261,0,261,1
2020-03-26,San Joaquin,077,732212,190,69,3,72,3
2020-03-26,San Luis Obispo,079,281455,110,38,0,38,0
2020-03-26,San Mateo,081,765935,612,122,2,124,5
2020-03-26,Santa Barbara,083,443738,167,33,1,34,0
2020-03-26,Santa Clara,085,1922200,1238,487,2,489,20
2020-03-26,Santa Cruz,087,273765,75,30,0,30,0
2020-03-26,Shasta,089,179085,17,3,0,3,1
2020-03-26,Sierra,091,2930,0,0,0,0,0
2020-03-26,Siskiyou,093,43540,4,2,0,2,0
2020-03-26,Solano,095,438530,85,41,0,41,0
2020-03-26,Sonoma,097,501317,128,33,0,33,1
2020-03-26,Stanislaus,099,539301,81,15,3,18,0
2020-03-26,Sutter,101,95872,12,2,0,2,0
2020-03-26,Tehama,103,63373,1,0,0,0,0
2020-03-26,Trinity,105,12862,0,0,0,0,0
2020-03-26,Tulare,107,460477,97,15,3,18,0
2020-03-26,Tuolumne,109,53932,2,0,0,0,0
2020-03-26,Ventura,111,848112,245,70,0,70,1
2020-03-26,Yolo,113,214977,47,13,0,13,1
2020-03-26,Yuba,115,75493,7,3,0,3,0
2020-03-25,Alameda,001,1643700,537,134,1,135,3
2020-03-25,Alpine,003,1148,1,0,0,0,0
2020-03-25,Amador,005,37829,4,1,0,1,0
2020-03-25,Butte,007,227075,12,4,0,4,0
2020-03-25,Calaveras,009,45235,6,2,0,2,0
2020-03-25,Colusa,011,21464,2,0,0,0,0
2020-03-25,Contra Costa,013,1133247,371,131,0,131,1
2020-03-25,Del Norte,015,27424,0,0,0,0,0
2020-03-25,El Dorado,017,186661,27,5,0,5,0
2020-03-25,Fresno,019,978130,152,21,2,23,0
2020-03-25,Glenn,021,27897,2,0,0,0,0
2020-03-25,Humboldt,023,135768,35,3,0,3,0
2020-03-25,Imperial,025,180216,57,8,0,8,0
2020-03-25,Inyo,027,18085,5,0,0,0,0
2020-03-25,Kern,029,883053,164,13,0,13,0
2020-03-25,Kings,031,150075,26,0,1,1,0
2020-03-25,Lake,033,64148,0,0,0,0,0
2020-03-25,Lassen,035,31185,3,0,1,1,0
2020-03-25,Los Angeles,037,10098052,4180,725,10,735,10
2020-03-25,Madera,039,155013,37,6,0,6,0
2020-03-25,Marin,041,260295,100,47,0,47,0
2020-03-25,Mariposa,043,17540,0,0,0,0,0
2020-03-25,Mendocino,045,87422,3,1,0,1,0
2020-03-25,Merced,047,269075,19,0,0,0,0
2020-03-25,Modoc,049,8938,0,0,0,0,0
2020-03-25,Mono,051,14174,22,4,0,4,0
2020-03-25,Monterey,053,433212,63,23,0,23,1
2020-03-25,Napa,055,140530,26,5,0,5,0
2020-03-25,Nevada,057,99092,31,5,1,6,0
2020-03-25,Orange,059,3164182,1001,214,9,223,1
2020-03-25,Placer,061,380077,100,30,0,30,1
2020-03-25,Plumas,063,18699,0,1,0,1,0
2020-03-25,Riverside,065,2383286,813,87,12,99,5
2020-03-25,Sacramento,067,1510023,446,114,0,114,5
2020-03-25,San Benito,069,59416,26,4,0,4,1
2020-03-25,San Bernardino,071,2135413,408,46,0,46,1
2020-03-25,San Diego,073,3302833,1194,238,0,238,2
2020-03-25,San Francisco,075,870044,553,212,0,212,1
2020-03-25,San Joaquin,077,732212,177,64,3,67,2
2020-03-25,San Luis Obispo,079,281455,105,35,0,35,0
2020-03-25,San Mateo,081,765935,577,111,2,113,5
2020-03-25,Santa Barbara,083,443738,157,25,1,26,0
2020-03-25,Santa Clara,085,1922200,1194,452,2,454,20
2020-03-25,Santa Cruz,087,273765,72,26,0,26,0
2020-03-25,Shasta,089,179085,16,3,0,3,1
2020-03-25,Sierra,091,2930,0,0,0,0,0
2020-03-25,Siskiyou,093,43540,4,2,0,2,0
2020-03-25,Solano,095,438530,80,39,0,39,0
2020-03-25,Sonoma,097,501317,123,31,0,31,1
2020-03-25,Stanislaus,099,539301,74,14,3,17,0
2020-03-25,Sutter,101,95872,9,1,0,1,0
2020-03-25,Tehama,103,63373,1,0,0,0,0
2020-03-25,Trinity,105,12862,0,0,0,0,0
2020-03-25,Tulare,107,460477,87,11,3,14,0
2020-03-25,Tuolumne,109,53932,2,0,0,0,0
2020-03-25,Ventura,111,848112,229,53,0,53,1
2020-03-25,Yolo,113,214977,45,9,0,9,1
2020-03-25,Yuba,115,75493,7,2,0,2,0
2020-03-24,Alameda,001,1643700,504,96,1,97,2
2020-03-24,Alpine,003,1148,1,0,0,0,0
2020-03-24,Amador,005,37829,2,1,0,1,0
2020-03-24,Butte,007,227075,11,3,0,3,0
2020-03-24,Calaveras,009,45235,5,2,0,2,0
2020-03-24,Colusa,011,21464,2,0,0,0,0
2020-03-24,Contra Costa,013,1133247,358,108,0,108,1
2020-03-24,Del Norte,015,27424,0,0,0,0,0
2020-03-24,El Dorado,017,186661,27,3,0,3,0
2020-03-24,Fresno,019,978130,133,18,2,20,0
2020-03-24,Glenn,021,27897,2,0,0,0,0
2020-03-24,Humboldt,023,135768,33,2,0,2,0
2020-03-24,Imperial,025,180216,54,3,0,3,0
2020-03-24,Inyo,027,18085,5,0,0,0,0
2020-03-24,Kern,029,883053,144,5,0,5,0
2020-03-24,Kings,031,150075,25,0,1,1,0
2020-03-24,Lake,033,64148,0,0,0,0,0
2020-03-24,Lassen,035,31185,3,0,1,1,0
2020-03-24,Los Angeles,037,10098052,3727,633,10,643,7
2020-03-24,Madera,039,155013,36,6,0,6,0
2020-03-24,Marin,041,260295,89,44,0,44,0
2020-03-24,Mariposa,043,17540,0,0,0,0,0
2020-03-24,Mendocino,045,87422,3,1,0,1,0
2020-03-24,Merced,047,269075,17,0,0,0,0
2020-03-24,Modoc,049,8938,0,0,0,0,0
2020-03-24,Mono,051,14174,21,1,0,1,0
2020-03-24,Monterey,053,433212,59,23,0,23,1
2020-03-24,Napa,055,140530,23,2,0,2,0
2020-03-24,Nevada,057,99092,30,4,1,5,0
2020-03-24,Orange,059,3164182,939,166,9,175,0
2020-03-24,Placer,061,380077,93,22,0,22,1
2020-03-24,Plumas,063,18699,0,1,0,1,0
2020-03-24,Riverside,065,2383286,746,56,12,68,5
2020-03-24,Sacramento,067,1510023,426,93,0,93,4
2020-03-24,San Benito,069,59416,25,4,0,4,1
2020-03-24,San Bernardino,071,2135413,364,27,0,27,0
2020-03-24,San Diego,073,3302833,1127,231,0,231,2
2020-03-24,San Francisco,075,870044,521,181,0,181,1
2020-03-24,San Joaquin,077,732212,166,52,3,55,2
2020-03-24,San Luis Obispo,079,281455,102,32,0,32,0
2020-03-24,San Mateo,081,765935,536,100,2,102,2
2020-03-24,Santa Barbara,083,443738,151,20,1,21,0
2020-03-24,Santa Clara,085,1922200,1125,389,2,391,17
2020-03-24,Santa Cruz,087,273765,67,22,0,22,0
2020-03-24,Shasta,089,179085,15,3,0,3,0
2020-03-24,Sierra,091,2930,0,0,0,0,0
2020-03-24,Siskiyou,093,43540,4,2,0,2,0
2020-03-24,Solano,095,438530,78,34,0,34,0
2020-03-24,Sonoma,097,501317,116,27,0,27,1
2020-03-24,Stanislaus,099,539301,65,13,3,16,0
2020-03-24,Sutter,101,95872,9,0,0,0,0
2020-03-24,Tehama,103,63373,1,0,0,0,0
2020-03-24,Trinity,105,12862,0,0,0,0,0
2020-03-24,Tulare,107,460477,77,10,3,13,0
2020-03-24,Tuolumne,109,53932,2,0,0,0,0
2020-03-24,Ventura,111,848112,213,44,0,44,1
2020-03-24,Yolo,113,214977,41,8,0,8,0
2020-03-24,Yuba,115,75493,7,2,0,2,0
2020-03-23,Alameda,001,1643700,473,88,1,89,1
2020-03-23,Alpine,003,1148,1,0,0,0,0
2020-03-23,Amador,005,37829,2,1,0,1,0
2020-03-23,Butte,007,227075,11,2,0,2,0
2020-03-23,Calaveras,009,45235,5,2,0,2,0
2020-03-23,Colusa,011,21464,1,0,0,0,0
2020-03-23,Contra Costa,013,1133247,338,91,0,91,2
2020-03-23,Del Norte,015,27424,0,0,0,0,0
2020-03-23,El Dorado,017,186661,26,3,0,3,0
2020-03-23,Fresno,019,978130,123,10,2,12,0
2020-03-23,Glenn,021,27897,2,0,0,0,0
2020-03-23,Humboldt,023,135768,31,2,0,2,0
2020-03-23,Imperial,025,180216,50,2,0,2,0
2020-03-23,Inyo,027,18085,3,0,0,0,0
2020-03-23,Kern,029,883053,130,5,0,5,0
2020-03-23,Kings,031,150075,25,0,1,1,0
2020-03-23,Lake,033,64148,0,0,0,0,0
2020-03-23,Lassen,035,31185,3,0,1,1,0
2020-03-23,Los Angeles,037,10098052,3417,389,10,399,4
2020-03-23,Madera,039,155013,36,4,0,4,0
2020-03-23,Marin,041,260295,84,30,0,30,0
2020-03-23,Mariposa,043,17540,0,0,0,0,0
2020-03-23,Mendocino,045,87422,3,1,0,1,0
2020-03-23,Merced,047,269075,11,0,0,0,0
2020-03-23,Modoc,049,8938,0,0,0,0,0
2020-03-23,Mono,051,14174,19,1,0,1,0
2020-03-23,Monterey,053,433212,54,14,0,14,1
2020-03-23,Napa,055,140530,21,1,0,1,0
2020-03-23,Nevada,057,99092,27,2,1,3,0
2020-03-23,Orange,059,3164182,884,138,7,145,0
2020-03-23,Placer,061,380077,90,19,0,19,1
2020-03-23,Plumas,063,18699,0,0,0,0,0
2020-03-23,Riverside,065,2383286,703,39,12,51,5
2020-03-23,Sacramento,067,1510023,393,87,0,87,4
2020-03-23,San Benito,069,59416,24,4,0,4,1
2020-03-23,San Bernardino,071,2135413,334,17,0,17,0
2020-03-23,San Diego,073,3302833,1068,178,0,178,1
2020-03-23,San Francisco,075,870044,492,152,0,152,0
2020-03-23,San Joaquin,077,732212,154,37,3,40,2
2020-03-23,San Luis Obispo,079,281455,96,23,0,23,0
2020-03-23,San Mateo,081,765935,497,88,2,90,1
2020-03-23,Santa Barbara,083,443738,133,18,1,19,0
2020-03-23,Santa Clara,085,1922200,1076,336,2,338,13
2020-03-23,Santa Cruz,087,273765,65,21,0,21,0
2020-03-23,Shasta,089,179085,13,2,0,2,0
2020-03-23,Sierra,091,2930,0,0,0,0,0
2020-03-23,Siskiyou,093,43540,4,2,0,2,0
2020-03-23,Solano,095,438530,74,33,0,33,0
2020-03-23,Sonoma,097,501317,104,19,0,19,1
2020-03-23,Stanislaus,099,539301,57,10,3,13,0
2020-03-23,Sutter,101,95872,9,0,0,0,0
2020-03-23,Tehama,103,63373,1,0,0,0,0
2020-03-23,Trinity,105,12862,0,0,0,0,0
2020-03-23,Tulare,107,460477,68,9,3,12,0
2020-03-23,Tuolumne,109,53932,2,0,0,0,0
2020-03-23,Ventura,111,848112,196,30,0,30,0
2020-03-23,Yolo,113,214977,40,8,0,8,0
2020-03-23,Yuba,115,75493,7,2,0,2,0
2020-03-22,Alameda,001,1643700,434,72,1,73,1
2020-03-22,Alpine,003,1148,1,0,0,0,0
2020-03-22,Amador,005,37829,2,1,0,1,0
2020-03-22,Butte,007,227075,8,1,0,1,0
2020-03-22,Calaveras,009,45235,4,2,0,2,0
2020-03-22,Colusa,011,21464,1,0,0,0,0
2020-03-22,Contra Costa,013,1133247,311,79,0,79,1
2020-03-22,Del Norte,015,27424,0,0,0,0,0
2020-03-22,El Dorado,017,186661,24,1,0,1,0
2020-03-22,Fresno,019,978130,103,8,2,10,0
2020-03-22,Glenn,021,27897,2,0,0,0,0
2020-03-22,Humboldt,023,135768,28,1,0,1,0
2020-03-22,Imperial,025,180216,48,2,0,2,0
2020-03-22,Inyo,027,18085,1,0,0,0,0
2020-03-22,Kern,029,883053,114,3,0,3,0
2020-03-22,Kings,031,150075,22,0,1,1,0
2020-03-22,Lake,033,64148,0,0,0,0,0
2020-03-22,Lassen,035,31185,3,0,1,1,0
2020-03-22,Los Angeles,037,10098052,3091,384,10,394,3
2020-03-22,Madera,039,155013,33,4,0,4,0
2020-03-22,Marin,041,260295,74,30,0,30,0
2020-03-22,Mariposa,043,17540,0,0,0,0,0
2020-03-22,Mendocino,045,87422,3,1,0,1,0
2020-03-22,Merced,047,269075,7,0,0,0,0
2020-03-22,Modoc,049,8938,0,0,0,0,0
2020-03-22,Mono,051,14174,14,1,0,1,0
2020-03-22,Monterey,053,433212,51,14,0,14,1
2020-03-22,Napa,055,140530,17,1,0,1,0
2020-03-22,Nevada,057,99092,23,2,1,3,0
2020-03-22,Orange,059,3164182,811,102,4,106,0
2020-03-22,Placer,061,380077,88,18,0,18,1
2020-03-22,Plumas,063,18699,0,0,0,0,0
2020-03-22,Riverside,065,2383286,613,26,8,34,5
2020-03-22,Sacramento,067,1510023,361,82,0,82,4
2020-03-22,San Benito,069,59416,19,4,0,4,1
2020-03-22,San Bernardino,071,2135413,290,16,0,16,0
2020-03-22,San Diego,073,3302833,980,161,0,161,0
2020-03-22,San Francisco,075,870044,455,134,0,134,0
2020-03-22,San Joaquin,077,732212,140,30,3,33,2
2020-03-22,San Luis Obispo,079,281455,89,19,0,19,0
2020-03-22,San Mateo,081,765935,464,82,2,84,1
2020-03-22,Santa Barbara,083,443738,119,16,1,17,0
2020-03-22,Santa Clara,085,1922200,1012,284,2,286,13
2020-03-22,Santa Cruz,087,273765,64,19,0,19,0
2020-03-22,Shasta,089,179085,13,1,0,1,0
2020-03-22,Sierra,091,2930,0,0,0,0,0
2020-03-22,Siskiyou,093,43540,4,2,0,2,0
2020-03-22,Solano,095,438530,65,30,0,30,0
2020-03-22,Sonoma,097,501317,99,18,0,18,1
2020-03-22,Stanislaus,099,539301,51,8,3,11,0
2020-03-22,Sutter,101,95872,8,0,0,0,0
2020-03-22,Tehama,103,63373,0,0,0,0,0
2020-03-22,Trinity,105,12862,0,0,0,0,0
2020-03-22,Tulare,107,460477,62,5,3,8,0
2020-03-22,Tuolumne,109,53932,2,0,0,0,0
2020-03-22,Ventura,111,848112,174,26,0,26,0
2020-03-22,Yolo,113,214977,34,6,0,6,0
2020-03-22,Yuba,115,75493,7,2,0,2,0
2020-03-21,Alameda,001,1643700,410,62,1,63,0
2020-03-21,Alpine,003,1148,1,0,0,0,0
2020-03-21,Amador,005,37829,2,1,0,1,0
2020-03-21,Butte,007,227075,7,1,0,1,0
2020-03-21,Calaveras,009,45235,4,2,0,2,0
2020-03-21,Colusa,011,21464,1,0,0,0,0
2020-03-21,Contra Costa,013,1133247,300,62,0,62,1
2020-03-21,Del Norte,015,27424,0,0,0,0,0
2020-03-21,El Dorado,017,186661,21,1,0,1,0
2020-03-21,Fresno,019,978130,99,8,2,10,0
2020-03-21,Glenn,021,27897,2,0,0,0,0
2020-03-21,Humboldt,023,135768,25,1,0,1,0
2020-03-21,Imperial,025,180216,44,2,0,2,0
2020-03-21,Inyo,027,18085,1,0,0,0,0
2020-03-21,Kern,029,883053,108,3,0,3,0
2020-03-21,Kings,031,150075,22,0,1,1,0
2020-03-21,Lake,033,64148,0,0,0,0,0
2020-03-21,Lassen,035,31185,3,0,1,1,0
2020-03-21,Los Angeles,037,10098052,2818,322,10,332,2
2020-03-21,Madera,039,155013,33,4,0,4,0
2020-03-21,Marin,041,260295,69,30,0,30,0
2020-03-21,Mariposa,043,17540,0,0,0,0,0
2020-03-21,Mendocino,045,87422,3,1,0,1,0
2020-03-21,Merced,047,269075,6,0,0,0,0
2020-03-21,Modoc,049,8938,0,0,0,0,0
2020-03-21,Mono,051,14174,14,1,0,1,0
2020-03-21,Monterey,053,433212,48,8,0,8,1
2020-03-21,Napa,055,140530,17,0,0,0,0
2020-03-21,Nevada,057,99092,23,2,1,3,0
2020-03-21,Orange,059,3164182,762,85,4,89,0
2020-03-21,Placer,061,380077,78,11,0,11,1
2020-03-21,Plumas,063,18699,0,0,0,0,0
2020-03-21,Riverside,065,2383286,566,20,8,28,3
2020-03-21,Sacramento,067,1510023,334,66,0,66,3
2020-03-21,San Benito,069,59416,17,4,0,4,1
2020-03-21,San Bernardino,071,2135413,270,13,0,13,0
2020-03-21,San Diego,073,3302833,903,121,0,121,0
2020-03-21,San Francisco,075,870044,419,106,0,106,0
2020-03-21,San Joaquin,077,732212,131,26,3,29,2
2020-03-21,San Luis Obispo,079,281455,84,16,0,16,0
2020-03-21,San Mateo,081,765935,426,78,2,80,1
2020-03-21,Santa Barbara,083,443738,109,8,1,9,0
2020-03-21,Santa Clara,085,1922200,950,269,2,271,10
2020-03-21,Santa Cruz,087,273765,62,17,0,17,0
2020-03-21,Shasta,089,179085,12,1,0,1,0
2020-03-21,Sierra,091,2930,0,0,0,0,0
2020-03-21,Siskiyou,093,43540,4,0,0,0,0
2020-03-21,Solano,095,438530,63,30,0,30,0
2020-03-21,Sonoma,097,501317,98,15,0,15,1
2020-03-21,Stanislaus,099,539301,45,7,3,10,0
2020-03-21,Sutter,101,95872,7,0,0,0,0
2020-03-21,Tehama,103,63373,0,0,0,0,0
2020-03-21,Trinity,105,12862,0,0,0,0,0
2020-03-21,Tulare,107,460477,54,5,3,8,0
2020-03-21,Tuolumne,109,53932,2,0,0,0,0
2020-03-21,Ventura,111,848112,166,22,0,22,0
2020-03-21,Yolo,113,214977,34,6,0,6,0
2020-03-21,Yuba,115,75493,7,1,0,1,0
2020-03-20,Alameda,001,1643700,389,42,1,43,0
2020-03-20,Alpine,003,1148,1,0,0,0,0
2020-03-20,Amador,005,37829,1,0,0,0,0
2020-03-20,Butte,007,227075,7,0,0,0,0
2020-03-20,Calaveras,009,45235,4,2,0,2,0
2020-03-20,Colusa,011,21464,1,0,0,0,0
2020-03-20,Contra Costa,013,1133247,270,52,0,52,1
2020-03-20,Del Norte,015,27424,0,0,0,0,0
2020-03-20,El Dorado,017,186661,20,1,0,1,0
2020-03-20,Fresno,019,978130,96,7,2,9,0
2020-03-20,Glenn,021,27897,1,0,0,0,0
2020-03-20,Humboldt,023,135768,25,1,0,1,0
2020-03-20,Imperial,025,180216,43,2,0,2,0
2020-03-20,Inyo,027,18085,0,0,0,0,0
2020-03-20,Kern,029,883053,93,3,0,3,0
2020-03-20,Kings,031,150075,21,0,1,1,0
2020-03-20,Lake,033,64148,0,0,0,0,0
2020-03-20,Lassen,035,31185,3,0,1,1,0
2020-03-20,Los Angeles,037,10098052,2589,267,9,276,1
2020-03-20,Madera,039,155013,32,4,0,4,0
2020-03-20,Marin,041,260295,66,30,0,30,0
2020-03-20,Mariposa,043,17540,0,0,0,0,0
2020-03-20,Mendocino,045,87422,3,1,0,1,0
2020-03-20,Merced,047,269075,6,0,0,0,0
2020-03-20,Modoc,049,8938,0,0,0,0,0
2020-03-20,Mono,051,14174,14,0,0,0,0
2020-03-20,Monterey,053,433212,47,4,0,4,0
2020-03-20,Napa,055,140530,16,0,0,0,0
2020-03-20,Nevada,057,99092,20,2,1,3,0
2020-03-20,Orange,059,3164182,715,71,4,75,2
2020-03-20,Placer,061,380077,72,9,0,9,1
2020-03-20,Plumas,063,18699,0,0,0,0,0
2020-03-20,Riverside,065,2383286,507,19,8,27,3
2020-03-20,Sacramento,067,1510023,313,56,0,56,4
2020-03-20,San Benito,069,59416,17,4,0,4,1
2020-03-20,San Bernardino,071,2135413,243,9,0,9,0
2020-03-20,San Diego,073,3302833,851,98,0,98,0
2020-03-20,San Francisco,075,870044,387,87,0,87,0
2020-03-20,San Joaquin,077,732212,116,18,3,21,2
2020-03-20,San Luis Obispo,079,281455,80,11,0,11,0
2020-03-20,San Mateo,081,765935,396,71,2,73,1
2020-03-20,Santa Barbara,083,443738,97,7,1,8,0
2020-03-20,Santa Clara,085,1922200,914,246,2,248,8
2020-03-20,Santa Cruz,087,273765,60,13,0,13,0
2020-03-20,Shasta,089,179085,11,1,0,1,0
2020-03-20,Sierra,091,2930,0,0,0,0,0
2020-03-20,Siskiyou,093,43540,4,0,0,0,0
2020-03-20,Solano,095,438530,59,29,0,29,0
2020-03-20,Sonoma,097,501317,90,7,0,7,0
2020-03-20,Stanislaus,099,539301,39,7,3,10,0
2020-03-20,Sutter,101,95872,7,0,0,0,0
2020-03-20,Tehama,103,63373,0,0,0,0,0
2020-03-20,Trinity,105,12862,0,0,0,0,0
2020-03-20,Tulare,107,460477,50,4,3,7,0
2020-03-20,Tuolumne,109,53932,2,0,0,0,0
2020-03-20,Ventura,111,848112,156,18,0,18,0
2020-03-20,Yolo,113,214977,32,5,0,5,0
2020-03-20,Yuba,115,75493,6,0,0,0,0
2020-03-19,Alameda,001,1643700,353,36,1,37,0
2020-03-19,Alpine,003,1148,1,0,0,0,0
2020-03-19,Amador,005,37829,1,0,0,0,0
2020-03-19,Butte,007,227075,5,0,0,0,0
2020-03-19,Calaveras,009,45235,4,2,0,2,0
2020-03-19,Colusa,011,21464,0,0,0,0,0
2020-03-19,Contra Costa,013,1133247,254,46,0,46,0
2020-03-19,Del Norte,015,27424,0,0,0,0,0
2020-03-19,El Dorado,017,186661,18,0,0,0,0
2020-03-19,Fresno,019,978130,87,6,2,8,0
2020-03-19,Glenn,021,27897,1,0,0,0,0
2020-03-19,Humboldt,023,135768,23,1,0,1,0
2020-03-19,Imperial,025,180216,36,2,0,2,0
2020-03-19,Inyo,027,18085,0,0,0,0,0
2020-03-19,Kern,029,883053,81,3,0,3,0
2020-03-19,Kings,031,150075,17,0,1,1,0
2020-03-19,Lake,033,64148,0,0,0,0,0
2020-03-19,Lassen,035,31185,2,0,1,1,0
2020-03-19,Los Angeles,037,10098052,2300,233,9,242,0
2020-03-19,Madera,039,155013,31,3,0,3,0
2020-03-19,Marin,041,260295,63,19,0,19,0
2020-03-19,Mariposa,043,17540,0,0,0,0,0
2020-03-19,Mendocino,045,87422,2,1,0,1,0
2020-03-19,Merced,047,269075,5,0,0,0,0
2020-03-19,Modoc,049,8938,0,0,0,0,0
2020-03-19,Mono,051,14174,12,0,0,0,0
2020-03-19,Monterey,053,433212,39,3,0,3,0
2020-03-19,Napa,055,140530,14,0,0,0,0
2020-03-19,Nevada,057,99092,18,2,1,3,0
2020-03-19,Orange,059,3164182,634,59,4,63,0
2020-03-19,Placer,061,380077,64,8,0,8,1
2020-03-19,Plumas,063,18699,0,0,0,0,0
2020-03-19,Riverside,065,2383286,396,14,6,20,3
2020-03-19,Sacramento,067,1510023,280,52,0,52,3
2020-03-19,San Benito,069,59416,14,3,0,3,0
2020-03-19,San Bernardino,071,2135413,213,7,0,7,0
2020-03-19,San Diego,073,3302833,768,68,0,68,0
2020-03-19,San Francisco,075,870044,351,80,0,80,0
2020-03-19,San Joaquin,077,732212,102,15,3,18,2
2020-03-19,San Luis Obispo,079,281455,77,6,0,6,0
2020-03-19,San Mateo,081,765935,361,58,2,60,1
2020-03-19,Santa Barbara,083,443738,85,5,0,5,0
2020-03-19,Santa Clara,085,1922200,847,183,2,185,8
2020-03-19,Santa Cruz,087,273765,57,13,0,13,0
2020-03-19,Shasta,089,179085,10,1,0,1,0
2020-03-19,Sierra,091,2930,0,0,0,0,0
2020-03-19,Siskiyou,093,43540,3,0,0,0,0
2020-03-19,Solano,095,438530,55,26,0,26,0
2020-03-19,Sonoma,097,501317,87,8,0,8,0
2020-03-19,Stanislaus,099,539301,38,7,3,10,0
2020-03-19,Sutter,101,95872,7,0,0,0,0
2020-03-19,Tehama,103,63373,0,0,0,0,0
2020-03-19,Trinity,105,12862,0,0,0,0,0
2020-03-19,Tulare,107,460477,44,3,3,6,0
2020-03-19,Tuolumne,109,53932,2,0,0,0,0
2020-03-19,Ventura,111,848112,134,15,0,15,0
2020-03-19,Yolo,113,214977,28,5,0,5,0
2020-03-19,Yuba,115,75493,5,0,0,0,0
2020-03-18,Alameda,001,1643700,325,29,1,30,0
2020-03-18,Alpine,003,1148,1,0,0,0,0
2020-03-18,Amador,005,37829,1,0,0,0,0
2020-03-18,Butte,007,227075,4,0,0,0,0
2020-03-18,Calaveras,009,45235,4,2,0,2,0
2020-03-18,Colusa,011,21464,0,0,0,0,0
2020-03-18,Contra Costa,013,1133247,232,44,0,44,0
2020-03-18,Del Norte,015,27424,0,0,0,0,0
2020-03-18,El Dorado,017,186661,17,0,0,0,0
2020-03-18,Fresno,019,978130,78,3,1,4,0
2020-03-18,Glenn,021,27897,1,0,0,0,0
2020-03-18,Humboldt,023,135768,19,1,0,1,0
2020-03-18,Imperial,025,180216,30,2,0,2,0
2020-03-18,Inyo,027,18085,0,0,0,0,0
2020-03-18,Kern,029,883053,66,1,0,1,0
2020-03-18,Kings,031,150075,15,0,1,1,0
2020-03-18,Lake,033,64148,0,0,0,0,0
2020-03-18,Lassen,035,31185,1,0,1,1,0
2020-03-18,Los Angeles,037,10098052,2055,47,9,56,0
2020-03-18,Madera,039,155013,30,2,0,2,0
2020-03-18,Marin,041,260295,58,10,0,10,0
2020-03-18,Mariposa,043,17540,0,0,0,0,0
2020-03-18,Mendocino,045,87422,2,0,0,0,0
2020-03-18,Merced,047,269075,5,0,0,0,0
2020-03-18,Modoc,049,8938,0,0,0,0,0
2020-03-18,Mono,051,14174,11,0,0,0,0
2020-03-18,Monterey,053,433212,31,1,0,1,0
2020-03-18,Napa,055,140530,11,0,0,0,0
2020-03-18,Nevada,057,99092,16,2,1,3,0
2020-03-18,Orange,059,3164182,576,38,4,42,0
2020-03-18,Placer,061,380077,57,8,0,8,1
2020-03-18,Plumas,063,18699,0,0,0,0,0
2020-03-18,Riverside,065,2383286,333,11,5,16,2
2020-03-18,Sacramento,067,1510023,257,46,0,46,3
2020-03-18,San Benito,069,59416,13,3,0,3,0
2020-03-18,San Bernardino,071,2135413,191,3,0,3,0
2020-03-18,San Diego,073,3302833,683,40,0,40,0
2020-03-18,San Francisco,075,870044,332,65,0,65,0
2020-03-18,San Joaquin,077,732212,90,14,3,17,2
2020-03-18,San Luis Obispo,079,281455,70,5,0,5,0
2020-03-18,San Mateo,081,765935,340,57,2,59,1
2020-03-18,Santa Barbara,083,443738,77,2,0,2,0
2020-03-18,Santa Clara,085,1922200,796,151,2,153,6
2020-03-18,Santa Cruz,087,273765,55,11,0,11,0
2020-03-18,Shasta,089,179085,9,1,0,1,0
2020-03-18,Sierra,091,2930,0,0,0,0,0
2020-03-18,Siskiyou,093,43540,3,0,0,0,0
2020-03-18,Solano,095,438530,51,26,0,26,0
2020-03-18,Sonoma,097,501317,78,6,0,6,0
2020-03-18,Stanislaus,099,539301,34,5,2,7,0
2020-03-18,Sutter,101,95872,5,0,0,0,0
2020-03-18,Tehama,103,63373,0,0,0,0,0
2020-03-18,Trinity,105,12862,0,0,0,0,0
2020-03-18,Tulare,107,460477,34,3,3,6,0
2020-03-18,Tuolumne,109,53932,2,0,0,0,0
2020-03-18,Ventura,111,848112,115,11,0,11,0
2020-03-18,Yolo,113,214977,25,4,0,4,0
2020-03-18,Yuba,115,75493,4,0,0,0,0
2020-03-17,Alameda,001,1643700,293,19,0,19,0
2020-03-17,Alpine,003,1148,0,0,0,0,0
2020-03-17,Amador,005,37829,1,0,0,0,0
2020-03-17,Butte,007,227075,4,0,0,0,0
2020-03-17,Calaveras,009,45235,4,2,0,2,0
2020-03-17,Colusa,011,21464,0,0,0,0,0
2020-03-17,Contra Costa,013,1133247,210,37,0,37,0
2020-03-17,Del Norte,015,27424,0,0,0,0,0
2020-03-17,El Dorado,017,186661,16,0,0,0,0
2020-03-17,Fresno,019,978130,68,2,1,3,0
2020-03-17,Glenn,021,27897,1,0,0,0,0
2020-03-17,Humboldt,023,135768,17,1,0,1,0
2020-03-17,Imperial,025,180216,24,2,0,2,0
2020-03-17,Inyo,027,18085,0,0,0,0,0
2020-03-17,Kern,029,883053,52,0,0,0,0
2020-03-17,Kings,031,150075,12,0,1,1,0
2020-03-17,Lake,033,64148,0,0,0,0,0
2020-03-17,Lassen,035,31185,1,0,1,1,0
2020-03-17,Los Angeles,037,10098052,1850,41,9,50,0
2020-03-17,Madera,039,155013,22,2,0,2,0
2020-03-17,Marin,041,260295,51,4,0,4,0
2020-03-17,Mariposa,043,17540,0,0,0,0,0
2020-03-17,Mendocino,045,87422,2,0,0,0,0
2020-03-17,Merced,047,269075,5,0,0,0,0
2020-03-17,Modoc,049,8938,0,0,0,0,0
2020-03-17,Mono,051,14174,9,0,0,0,0
2020-03-17,Monterey,053,433212,29,0,0,0,0
2020-03-17,Napa,055,140530,8,0,0,0,0
2020-03-17,Nevada,057,99092,15,1,1,2,0
2020-03-17,Orange,059,3164182,498,24,3,27,0
2020-03-17,Placer,061,380077,47,7,0,7,1
2020-03-17,Plumas,063,18699,0,0,0,0,0
2020-03-17,Riverside,065,2383286,271,11,5,16,0
2020-03-17,Sacramento,067,1510023,237,36,0,36,1
2020-03-17,San Benito,069,59416,12,2,0,2,0
2020-03-17,San Bernardino,071,2135413,163,2,0,2,0
2020-03-17,San Diego,073,3302833,616,17,0,17,0
2020-03-17,San Francisco,075,870044,305,46,0,46,0
2020-03-17,San Joaquin,077,732212,84,11,3,14,0
2020-03-17,San Luis Obispo,079,281455,62,1,0,1,0
2020-03-17,San Mateo,081,765935,308,46,2,48,1
2020-03-17,Santa Barbara,083,443738,65,0,0,0,0
2020-03-17,Santa Clara,085,1922200,738,121,2,123,4
2020-03-17,Santa Cruz,087,273765,52,10,0,10,0
2020-03-17,Shasta,089,179085,5,1,0,1,0
2020-03-17,Sierra,091,2930,0,0,0,0,0
2020-03-17,Siskiyou,093,43540,3,0,0,0,0
2020-03-17,Solano,095,438530,48,27,0,27,0
2020-03-17,Sonoma,097,501317,70,4,0,4,0
2020-03-17,Stanislaus,099,539301,31,4,2,6,0
2020-03-17,Sutter,101,95872,5,0,0,0,0
2020-03-17,Tehama,103,63373,0,0,0,0,0
2020-03-17,Trinity,105,12862,0,0,0,0,0
2020-03-17,Tulare,107,460477,29,2,3,5,0
2020-03-17,Tuolumne,109,53932,2,0,0,0,0
2020-03-17,Ventura,111,848112,98,7,0,7,0
2020-03-17,Yolo,113,214977,21,2,0,2,0
2020-03-17,Yuba,115,75493,4,0,0,0,0
2020-03-16,Alameda,001,1643700,264,17,0,17,0
2020-03-16,Alpine,003,1148,0,0,0,0,0
2020-03-16,Amador,005,37829,1,0,0,0,0
2020-03-16,Butte,007,227075,3,0,0,0,0
2020-03-16,Calaveras,009,45235,4,2,0,2,0
2020-03-16,Colusa,011,21464,0,0,0,0,0
2020-03-16,Contra Costa,013,1133247,186,36,0,36,0
2020-03-16,Del Norte,015,27424,0,0,0,0,0
2020-03-16,El Dorado,017,186661,15,0,0,0,0
2020-03-16,Fresno,019,978130,53,2,1,3,0
2020-03-16,Glenn,021,27897,0,0,0,0,0
2020-03-16,Humboldt,023,135768,13,1,0,1,0
2020-03-16,Imperial,025,180216,19,2,0,2,0
2020-03-16,Inyo,027,18085,0,0,0,0,0
2020-03-16,Kern,029,883053,43,0,0,0,0
2020-03-16,Kings,031,150075,11,0,1,1,0
2020-03-16,Lake,033,64148,0,0,0,0,0
2020-03-16,Lassen,035,31185,1,0,0,0,0
2020-03-16,Los Angeles,037,10098052,1612,43,9,52,0
2020-03-16,Madera,039,155013,21,2,0,2,0
2020-03-16,Marin,041,260295,48,4,0,4,0
2020-03-16,Mariposa,043,17540,0,0,0,0,0
2020-03-16,Mendocino,045,87422,2,0,0,0,0
2020-03-16,Merced,047,269075,5,0,0,0,0
2020-03-16,Modoc,049,8938,0,0,0,0,0
2020-03-16,Mono,051,14174,7,0,0,0,0
2020-03-16,Monterey,053,433212,28,0,0,0,0
2020-03-16,Napa,055,140530,7,0,0,0,0
2020-03-16,Nevada,057,99092,11,1,1,2,0
2020-03-16,Orange,059,3164182,415,18,3,21,0
2020-03-16,Placer,061,380077,39,7,0,7,1
2020-03-16,Plumas,063,18699,0,0,0,0,0
2020-03-16,Riverside,065,2383286,235,10,5,15,0
2020-03-16,Sacramento,067,1510023,210,34,0,34,1
2020-03-16,San Benito,069,59416,8,2,0,2,0
2020-03-16,San Bernardino,071,2135413,143,1,0,1,0
2020-03-16,San Diego,073,3302833,525,17,0,17,0
2020-03-16,San Francisco,075,870044,267,40,0,40,0
2020-03-16,San Joaquin,077,732212,74,9,3,12,0
2020-03-16,San Luis Obispo,079,281455,55,1,0,1,0
2020-03-16,San Mateo,081,765935,269,42,2,44,1
2020-03-16,Santa Barbara,083,443738,55,0,0,0,0
2020-03-16,Santa Clara,085,1922200,658,115,1,116,2
2020-03-16,Santa Cruz,087,273765,45,9,0,9,0
2020-03-16,Shasta,089,179085,5,1,0,1,0
2020-03-16,Sierra,091,2930,0,0,0,0,0
2020-03-16,Siskiyou,093,43540,2,0,0,0,0
2020-03-16,Solano,095,438530,43,27,0,27,0
2020-03-16,Sonoma,097,501317,62,4,0,4,0
2020-03-16,Stanislaus,099,539301,27,2,2,4,0
2020-03-16,Sutter,101,95872,3,0,0,0,0
2020-03-16,Tehama,103,63373,0,0,0,0,0
2020-03-16,Trinity,105,12862,0,0,0,0,0
2020-03-16,Tulare,107,460477,25,2,3,5,0
2020-03-16,Tuolumne,109,53932,2,0,0,0,0
2020-03-16,Ventura,111,848112,88,7,0,7,0
2020-03-16,Yolo,113,214977,19,2,0,2,0
2020-03-16,Yuba,115,75493,3,0,0,0,0
2020-03-15,Alameda,001,1643700,216,17,0,17,0
2020-03-15,Alpine,003,1148,0,0,0,0,0
2020-03-15,Amador,005,37829,1,0,0,0,0
2020-03-15,Butte,007,227075,3,0,0,0,0
2020-03-15,Calaveras,009,45235,2,2,0,2,0
2020-03-15,Colusa,011,21464,0,0,0,0,0
2020-03-15,Contra Costa,013,1133247,161,34,0,34,0
2020-03-15,Del Norte,015,27424,0,0,0,0,0
2020-03-15,El Dorado,017,186661,14,0,0,0,0
2020-03-15,Fresno,019,978130,33,1,1,2,0
2020-03-15,Glenn,021,27897,0,0,0,0,0
2020-03-15,Humboldt,023,135768,11,1,0,1,0
2020-03-15,Imperial,025,180216,14,2,0,2,0
2020-03-15,Inyo,027,18085,0,0,0,0,0
2020-03-15,Kern,029,883053,37,0,0,0,0
2020-03-15,Kings,031,150075,11,0,1,1,0
2020-03-15,Lake,033,64148,0,0,0,0,0
2020-03-15,Lassen,035,31185,1,0,0,0,0
2020-03-15,Los Angeles,037,10098052,1365,41,9,50,0
2020-03-15,Madera,039,155013,20,2,0,2,0
2020-03-15,Marin,041,260295,41,3,0,3,0
2020-03-15,Mariposa,043,17540,0,0,0,0,0
2020-03-15,Mendocino,045,87422,2,0,0,0,0
2020-03-15,Merced,047,269075,3,0,0,0,0
2020-03-15,Modoc,049,8938,0,0,0,0,0
2020-03-15,Mono,051,14174,6,0,0,0,0
2020-03-15,Monterey,053,433212,21,0,0,0,0
2020-03-15,Napa,055,140530,7,0,0,0,0
2020-03-15,Nevada,057,99092,11,0,1,1,0
2020-03-15,Orange,059,3164182,347,16,1,17,0
2020-03-15,Placer,061,380077,33,7,0,7,1
2020-03-15,Plumas,063,18699,0,0,0,0,0
2020-03-15,Riverside,065,2383286,183,10,5,15,0
2020-03-15,Sacramento,067,1510023,174,30,0,30,1
2020-03-15,San Benito,069,59416,8,2,0,2,0
2020-03-15,San Bernardino,071,2135413,121,0,0,0,0
2020-03-15,San Diego,073,3302833,438,16,0,16,0
2020-03-15,San Francisco,075,870044,209,31,0,31,0
2020-03-15,San Joaquin,077,732212,63,6,3,9,0
2020-03-15,San Luis Obispo,079,281455,45,1,0,1,0
2020-03-15,San Mateo,081,765935,235,29,1,30,1
2020-03-15,Santa Barbara,083,443738,46,0,0,0,0
2020-03-15,Santa Clara,085,1922200,586,79,1,80,2
2020-03-15,Santa Cruz,087,273765,38,8,0,8,0
2020-03-15,Shasta,089,179085,5,1,0,1,0
2020-03-15,Sierra,091,2930,0,0,0,0,0
2020-03-15,Siskiyou,093,43540,2,0,0,0,0
2020-03-15,Solano,095,438530,42,26,0,26,0
2020-03-15,Sonoma,097,501317,53,4,0,4,0
2020-03-15,Stanislaus,099,539301,26,2,2,4,0
2020-03-15,Sutter,101,95872,2,0,0,0,0
2020-03-15,Tehama,103,63373,0,0,0,0,0
2020-03-15,Trinity,105,12862,0,0,0,0,0
2020-03-15,Tulare,107,460477,19,2,3,5,0
2020-03-15,Tuolumne,109,53932,1,0,0,0,0
2020-03-15,Ventura,111,848112,77,5,0,5,0
2020-03-15,Yolo,113,214977,15,2,0,2,0
2020-03-15,Yuba,115,75493,2,0,0,0,0
2020-03-14,Alameda,001,1643700,197,11,0,11,0
2020-03-14,Alpine,003,1148,0,0,0,0,0
2020-03-14,Amador,005,37829,1,0,0,0,0
2020-03-14,Butte,007,227075,2,0,0,0,0
2020-03-14,Calaveras,009,45235,2,2,0,2,0
2020-03-14,Colusa,011,21464,0,0,0,0,0
2020-03-14,Contra Costa,013,1133247,139,30,0,30,0
2020-03-14,Del Norte,015,27424,0,0,0,0,0
2020-03-14,El Dorado,017,186661,12,0,0,0,0
2020-03-14,Fresno,019,978130,25,1,1,2,0
2020-03-14,Glenn,021,27897,0,0,0,0,0
2020-03-14,Humboldt,023,135768,7,1,0,1,0
2020-03-14,Imperial,025,180216,10,2,0,2,0
2020-03-14,Inyo,027,18085,0,0,0,0,0
2020-03-14,Kern,029,883053,32,0,0,0,0
2020-03-14,Kings,031,150075,11,0,1,1,0
2020-03-14,Lake,033,64148,0,0,0,0,0
2020-03-14,Lassen,035,31185,1,0,0,0,0
2020-03-14,Los Angeles,037,10098052,1185,35,9,44,0
2020-03-14,Madera,039,155013,19,2,0,2,0
2020-03-14,Marin,041,260295,37,3,0,3,0
2020-03-14,Mariposa,043,17540,0,0,0,0,0
2020-03-14,Mendocino,045,87422,2,0,0,0,0
2020-03-14,Merced,047,269075,3,0,0,0,0
2020-03-14,Modoc,049,8938,0,0,0,0,0
2020-03-14,Mono,051,14174,5,0,0,0,0
2020-03-14,Monterey,053,433212,15,0,0,0,0
2020-03-14,Napa,055,140530,5,0,0,0,0
2020-03-14,Nevada,057,99092,8,0,1,1,0
2020-03-14,Orange,059,3164182,308,14,0,14,0
2020-03-14,Placer,061,380077,29,6,0,6,1
2020-03-14,Plumas,063,18699,0,0,0,0,0
2020-03-14,Riverside,065,2383286,163,10,5,15,0
2020-03-14,Sacramento,067,1510023,152,31,0,31,1
2020-03-14,San Benito,069,59416,8,2,0,2,0
2020-03-14,San Bernardino,071,2135413,102,0,0,0,0
2020-03-14,San Diego,073,3302833,363,10,0,10,0
2020-03-14,San Francisco,075,870044,188,29,0,29,0
2020-03-14,San Joaquin,077,732212,54,6,3,9,0
2020-03-14,San Luis Obispo,079,281455,40,0,0,0,0
2020-03-14,San Mateo,081,765935,212,27,1,28,0
2020-03-14,Santa Barbara,083,443738,37,0,0,0,0
2020-03-14,Santa Clara,085,1922200,531,62,1,63,2
2020-03-14,Santa Cruz,087,273765,33,8,0,8,0
2020-03-14,Shasta,089,179085,5,1,0,1,0
2020-03-14,Sierra,091,2930,0,0,0,0,0
2020-03-14,Siskiyou,093,43540,1,0,0,0,0
2020-03-14,Solano,095,438530,40,26,0,26,0
2020-03-14,Sonoma,097,501317,40,2,0,2,0
2020-03-14,Stanislaus,099,539301,22,2,2,4,0
2020-03-14,Sutter,101,95872,2,0,0,0,0
2020-03-14,Tehama,103,63373,0,0,0,0,0
2020-03-14,Trinity,105,12862,0,0,0,0,0
2020-03-14,Tulare,107,460477,17,2,2,4,0
2020-03-14,Tuolumne,109,53932,1,0,0,0,0
2020-03-14,Ventura,111,848112,68,5,0,5,0
2020-03-14,Yolo,113,214977,15,2,0,2,0
2020-03-14,Yuba,115,75493,1,0,0,0,0
2020-03-13,Alameda,001,1643700,178,12,0,12,0
2020-03-13,Alpine,003,1148,0,0,0,0,0
2020-03-13,Amador,005,37829,1,0,0,0,0
2020-03-13,Butte,007,227075,0,0,0,0,0
2020-03-13,Calaveras,009,45235,2,2,0,2,0
2020-03-13,Colusa,011,21464,0,0,0,0,0
2020-03-13,Contra Costa,013,1133247,125,22,0,22,0
2020-03-13,Del Norte,015,27424,0,0,0,0,0
2020-03-13,El Dorado,017,186661,11,0,0,0,0
2020-03-13,Fresno,019,978130,20,1,1,2,0
2020-03-13,Glenn,021,27897,0,0,0,0,0
2020-03-13,Humboldt,023,135768,7,1,0,1,0
2020-03-13,Imperial,025,180216,9,2,0,2,0
2020-03-13,Inyo,027,18085,0,0,0,0,0
2020-03-13,Kern,029,883053,27,0,0,0,0
2020-03-13,Kings,031,150075,10,0,1,1,0
2020-03-13,Lake,033,64148,0,0,0,0,0
2020-03-13,Lassen,035,31185,1,0,0,0,0
2020-03-13,Los Angeles,037,10098052,1030,30,7,37,0
2020-03-13,Madera,039,155013,18,1,0,1,0
2020-03-13,Marin,041,260295,34,3,0,3,0
2020-03-13,Mariposa,043,17540,0,0,0,0,0
2020-03-13,Mendocino,045,87422,2,0,0,0,0
2020-03-13,Merced,047,269075,2,0,0,0,0
2020-03-13,Modoc,049,8938,0,0,0,0,0
2020-03-13,Mono,051,14174,3,0,0,0,0
2020-03-13,Monterey,053,433212,10,0,0,0,0
2020-03-13,Napa,055,140530,3,0,0,0,0
2020-03-13,Nevada,057,99092,7,0,1,1,0
2020-03-13,Orange,059,3164182,268,10,0,10,0
2020-03-13,Placer,061,380077,27,6,0,6,1
2020-03-13,Plumas,063,18699,0,0,0,0,0
2020-03-13,Riverside,065,2383286,133,5,4,9,0
2020-03-13,Sacramento,067,1510023,130,18,0,18,1
2020-03-13,San Benito,069,59416,6,2,0,2,0
2020-03-13,San Bernardino,071,2135413,96,0,0,0,0
2020-03-13,San Diego,073,3302833,313,8,0,8,0
2020-03-13,San Francisco,075,870044,174,28,0,28,0
2020-03-13,San Joaquin,077,732212,50,6,3,9,0
2020-03-13,San Luis Obispo,079,281455,33,0,0,0,0
2020-03-13,San Mateo,081,765935,191,24,1,25,0
2020-03-13,Santa Barbara,083,443738,33,0,0,0,0
2020-03-13,Santa Clara,085,1922200,469,59,1,60,1
2020-03-13,Santa Cruz,087,273765,32,7,0,7,0
2020-03-13,Shasta,089,179085,3,1,0,1,0
2020-03-13,Sierra,091,2930,0,0,0,0,0
2020-03-13,Siskiyou,093,43540,0,0,0,0,0
2020-03-13,Solano,095,438530,39,26,0,26,0
2020-03-13,Sonoma,097,501317,39,2,0,2,0
2020-03-13,Stanislaus,099,539301,17,2,2,4,0
2020-03-13,Sutter,101,95872,2,0,0,0,0
2020-03-13,Tehama,103,63373,0,0,0,0,0
2020-03-13,Trinity,105,12862,0,0,0,0,0
2020-03-13,Tulare,107,460477,14,2,2,4,0
2020-03-13,Tuolumne,109,53932,1,0,0,0,0
2020-03-13,Ventura,111,848112,54,5,0,5,0
2020-03-13,Yolo,113,214977,14,1,0,1,0
2020-03-13,Yuba,115,75493,1,0,0,0,0
2020-03-12,Alameda,001,1643700,152,9,0,9,0
2020-03-12,Alpine,003,1148,0,0,0,0,0
2020-03-12,Amador,005,37829,1,0,0,0,0
2020-03-12,Butte,007,227075,0,0,0,0,0
2020-03-12,Calaveras,009,45235,2,2,0,2,0
2020-03-12,Colusa,011,21464,0,0,0,0,0
2020-03-12,Contra Costa,013,1133247,108,18,0,18,0
2020-03-12,Del Norte,015,27424,0,0,0,0,0
2020-03-12,El Dorado,017,186661,9,0,0,0,0
2020-03-12,Fresno,019,978130,12,1,1,2,0
2020-03-12,Glenn,021,27897,0,0,0,0,0
2020-03-12,Humboldt,023,135768,6,1,0,1,0
2020-03-12,Imperial,025,180216,8,2,0,2,0
2020-03-12,Inyo,027,18085,0,0,0,0,0
2020-03-12,Kern,029,883053,18,0,0,0,0
2020-03-12,Kings,031,150075,7,0,1,1,0
2020-03-12,Lake,033,64148,0,0,0,0,0
2020-03-12,Lassen,035,31185,1,0,0,0,0
2020-03-12,Los Angeles,037,10098052,867,30,7,37,0
2020-03-12,Madera,039,155013,15,1,0,1,0
2020-03-12,Marin,041,260295,24,1,0,1,0
2020-03-12,Mariposa,043,17540,0,0,0,0,0
2020-03-12,Mendocino,045,87422,2,0,0,0,0
2020-03-12,Merced,047,269075,2,0,0,0,0
2020-03-12,Modoc,049,8938,0,0,0,0,0
2020-03-12,Mono,051,14174,3,0,0,0,0
2020-03-12,Monterey,053,433212,8,0,0,0,0
2020-03-12,Napa,055,140530,3,0,0,0,0
2020-03-12,Nevada,057,99092,4,0,1,1,0
2020-03-12,Orange,059,3164182,231,7,0,7,0
2020-03-12,Placer,061,380077,23,6,0,6,1
2020-03-12,Plumas,063,18699,0,0,0,0,0
2020-03-12,Riverside,065,2383286,107,5,2,7,0
2020-03-12,Sacramento,067,1510023,106,17,0,17,1
2020-03-12,San Benito,069,59416,5,2,0,2,0
2020-03-12,San Bernardino,071,2135413,80,0,0,0,0
2020-03-12,San Diego,073,3302833,258,9,0,9,0
2020-03-12,San Francisco,075,870044,149,20,0,20,0
2020-03-12,San Joaquin,077,732212,44,3,3,6,1
2020-03-12,San Luis Obispo,079,281455,26,0,0,0,0
2020-03-12,San Mateo,081,765935,157,21,1,22,0
2020-03-12,Santa Barbara,083,443738,22,0,0,0,0
2020-03-12,Santa Clara,085,1922200,411,51,1,52,1
2020-03-12,Santa Cruz,087,273765,29,5,0,5,0
2020-03-12,Shasta,089,179085,2,1,0,1,0
2020-03-12,Sierra,091,2930,0,0,0,0,0
2020-03-12,Siskiyou,093,43540,0,0,0,0,0
2020-03-12,Solano,095,438530,34,26,0,26,0
2020-03-12,Sonoma,097,501317,34,2,0,2,0
2020-03-12,Stanislaus,099,539301,15,2,2,4,0
2020-03-12,Sutter,101,95872,0,0,0,0,0
2020-03-12,Tehama,103,63373,0,0,0,0,0
2020-03-12,Trinity,105,12862,0,0,0,0,0
2020-03-12,Tulare,107,460477,12,1,1,2,0
2020-03-12,Tuolumne,109,53932,1,0,0,0,0
2020-03-12,Ventura,111,848112,45,3,0,3,0
2020-03-12,Yolo,113,214977,13,1,0,1,0
2020-03-12,Yuba,115,75493,1,0,0,0,0
2020-03-11,Alameda,001,1643700,120,5,0,5,0
2020-03-11,Alpine,003,1148,0,0,0,0,0
2020-03-11,Amador,005,37829,1,0,0,0,0
2020-03-11,Butte,007,227075,0,0,0,0,0
2020-03-11,Calaveras,009,45235,2,2,0,2,0
2020-03-11,Colusa,011,21464,0,0,0,0,0
2020-03-11,Contra Costa,013,1133247,93,16,0,16,0
2020-03-11,Del Norte,015,27424,0,0,0,0,0
2020-03-11,El Dorado,017,186661,8,0,0,0,0
2020-03-11,Fresno,019,978130,9,1,1,2,0
2020-03-11,Glenn,021,27897,0,0,0,0,0
2020-03-11,Humboldt,023,135768,6,1,0,1,0
2020-03-11,Imperial,025,180216,6,0,0,0,0
2020-03-11,Inyo,027,18085,0,0,0,0,0
2020-03-11,Kern,029,883053,16,0,0,0,0
2020-03-11,Kings,031,150075,5,0,1,1,0
2020-03-11,Lake,033,64148,0,0,0,0,0
2020-03-11,Lassen,035,31185,1,0,0,0,0
2020-03-11,Los Angeles,037,10098052,699,21,7,28,0
2020-03-11,Madera,039,155013,12,1,0,1,0
2020-03-11,Marin,041,260295,17,1,0,1,0
2020-03-11,Mariposa,043,17540,0,0,0,0,0
2020-03-11,Mendocino,045,87422,1,0,0,0,0
2020-03-11,Merced,047,269075,2,0,0,0,0
2020-03-11,Modoc,049,8938,0,0,0,0,0
2020-03-11,Mono,051,14174,3,0,0,0,0
2020-03-11,Monterey,053,433212,7,0,0,0,0
2020-03-11,Napa,055,140530,2,0,0,0,0
2020-03-11,Nevada,057,99092,4,0,1,1,0
2020-03-11,Orange,059,3164182,202,6,0,6,0
2020-03-11,Placer,061,380077,18,6,0,6,1
2020-03-11,Plumas,063,18699,0,0,0,0,0
2020-03-11,Riverside,065,2383286,81,4,1,5,0
2020-03-11,Sacramento,067,1510023,88,9,0,9,1
2020-03-11,San Benito,069,59416,5,2,0,2,0
2020-03-11,San Bernardino,071,2135413,73,0,0,0,0
2020-03-11,San Diego,073,3302833,208,4,0,4,0
2020-03-11,San Francisco,075,870044,124,17,0,17,0
2020-03-11,San Joaquin,077,732212,33,1,3,4,0
2020-03-11,San Luis Obispo,079,281455,23,0,0,0,0
2020-03-11,San Mateo,081,765935,139,16,0,16,0
2020-03-11,Santa Barbara,083,443738,13,0,0,0,0
2020-03-11,Santa Clara,085,1922200,370,48,1,49,1
2020-03-11,Santa Cruz,087,273765,26,2,0,2,0
2020-03-11,Shasta,089,179085,2,1,0,1,0
2020-03-11,Sierra,091,2930,0,0,0,0,0
2020-03-11,Siskiyou,093,43540,0,0,0,0,0
2020-03-11,Solano,095,438530,29,26,0,26,0
2020-03-11,Sonoma,097,501317,30,2,0,2,0
2020-03-11,Stanislaus,099,539301,15,2,2,4,0
2020-03-11,Sutter,101,95872,0,0,0,0,0
2020-03-11,Tehama,103,63373,0,0,0,0,0
2020-03-11,Trinity,105,12862,0,0,0,0,0
2020-03-11,Tulare,107,460477,10,0,1,1,0
2020-03-11,Tuolumne,109,53932,1,0,0,0,0
2020-03-11,Ventura,111,848112,37,3,0,3,0
2020-03-11,Yolo,113,214977,9,1,0,1,0
2020-03-11,Yuba,115,75493,1,0,0,0,0
2020-03-10,Alameda,001,1643700,99,4,0,4,0
2020-03-10,Alpine,003,1148,0,0,0,0,0
2020-03-10,Amador,005,37829,1,0,0,0,0
2020-03-10,Butte,007,227075,0,0,0,0,0
2020-03-10,Calaveras,009,45235,2,2,0,2,0
2020-03-10,Colusa,011,21464,0,0,0,0,0
2020-03-10,Contra Costa,013,1133247,84,11,0,11,0
2020-03-10,Del Norte,015,27424,0,0,0,0,0
2020-03-10,El Dorado,017,186661,7,0,0,0,0
2020-03-10,Fresno,019,978130,7,1,1,2,0
2020-03-10,Glenn,021,27897,0,0,0,0,0
2020-03-10,Humboldt,023,135768,6,1,0,1,0
2020-03-10,Imperial,025,180216,5,0,0,0,0
2020-03-10,Inyo,027,18085,0,0,0,0,0
2020-03-10,Kern,029,883053,11,0,0,0,0
2020-03-10,Kings,031,150075,5,0,1,1,0
2020-03-10,Lake,033,64148,0,0,0,0,0
2020-03-10,Lassen,035,31185,1,0,0,0,0
2020-03-10,Los Angeles,037,10098052,563,20,7,27,0
2020-03-10,Madera,039,155013,7,1,0,1,0
2020-03-10,Marin,041,260295,16,1,0,1,0
2020-03-10,Mariposa,043,17540,0,0,0,0,0
2020-03-10,Mendocino,045,87422,0,0,0,0,0
2020-03-10,Merced,047,269075,2,0,0,0,0
2020-03-10,Modoc,049,8938,0,0,0,0,0
2020-03-10,Mono,051,14174,3,0,0,0,0
2020-03-10,Monterey,053,433212,5,0,0,0,0
2020-03-10,Napa,055,140530,2,0,0,0,0
2020-03-10,Nevada,057,99092,3,0,1,1,0
2020-03-10,Orange,059,3164182,182,5,0,5,1
2020-03-10,Placer,061,380077,14,7,0,7,1
2020-03-10,Plumas,063,18699,0,0,0,0,0
2020-03-10,Riverside,065,2383286,59,4,1,5,0
2020-03-10,Sacramento,067,1510023,79,8,0,8,0
2020-03-10,San Benito,069,59416,5,2,0,2,0
2020-03-10,San Bernardino,071,2135413,65,0,0,0,0
2020-03-10,San Diego,073,3302833,165,3,0,3,0
2020-03-10,San Francisco,075,870044,92,16,0,16,0
2020-03-10,San Joaquin,077,732212,30,1,3,4,0
2020-03-10,San Luis Obispo,079,281455,15,0,0,0,0
2020-03-10,San Mateo,081,765935,123,11,0,11,0
2020-03-10,Santa Barbara,083,443738,10,0,0,0,0
2020-03-10,Santa Clara,085,1922200,322,45,1,46,1
2020-03-10,Santa Cruz,087,273765,22,2,0,2,0
2020-03-10,Shasta,089,179085,2,1,0,1,0
2020-03-10,Sierra,091,2930,0,0,0,0,0
2020-03-10,Siskiyou,093,43540,0,0,0,0,0
2020-03-10,Solano,095,438530,27,26,0,26,0
2020-03-10,Sonoma,097,501317,27,2,0,2,0
2020-03-10,Stanislaus,099,539301,11,0,2,2,0
2020-03-10,Sutter,101,95872,0,0,0,0,0
2020-03-10,Tehama,103,63373,0,0,0,0,0
2020-03-10,Trinity,105,12862,0,0,0,0,0
2020-03-10,Tulare,107,460477,9,0,1,1,0
2020-03-10,Tuolumne,109,53932,1,0,0,0,0
2020-03-10,Ventura,111,848112,29,1,0,1,0
2020-03-10,Yolo,113,214977,6,2,0,2,0
2020-03-10,Yuba,115,75493,1,0,0,0,0
2020-03-09,Alameda,001,1643700,71,4,0,4,0
2020-03-09,Alpine,003,1148,0,0,0,0,0
2020-03-09,Amador,005,37829,0,0,0,0,0
2020-03-09,Butte,007,227075,0,0,0,0,0
2020-03-09,Calaveras,009,45235,2,0,0,0,0
2020-03-09,Colusa,011,21464,0,0,0,0,0
2020-03-09,Contra Costa,013,1133247,72,9,0,9,0
2020-03-09,Del Norte,015,27424,0,0,0,0,0
2020-03-09,El Dorado,017,186661,5,0,0,0,0
2020-03-09,Fresno,019,978130,7,1,1,2,0
2020-03-09,Glenn,021,27897,0,0,0,0,0
2020-03-09,Humboldt,023,135768,5,1,0,1,0
2020-03-09,Imperial,025,180216,5,0,0,0,0
2020-03-09,Inyo,027,18085,0,0,0,0,0
2020-03-09,Kern,029,883053,8,0,0,0,0
2020-03-09,Kings,031,150075,4,0,1,1,0
2020-03-09,Lake,033,64148,0,0,0,0,0
2020-03-09,Lassen,035,31185,1,0,0,0,0
2020-03-09,Los Angeles,037,10098052,460,17,6,23,0
2020-03-09,Madera,039,155013,7,1,0,1,0
2020-03-09,Marin,041,260295,15,1,0,1,0
2020-03-09,Mariposa,043,17540,0,0,0,0,0
2020-03-09,Mendocino,045,87422,0,0,0,0,0
2020-03-09,Merced,047,269075,2,0,0,0,0
2020-03-09,Modoc,049,8938,0,0,0,0,0
2020-03-09,Mono,051,14174,3,0,0,0,0
2020-03-09,Monterey,053,433212,3,0,0,0,0
2020-03-09,Napa,055,140530,2,0,0,0,0
2020-03-09,Nevada,057,99092,2,0,1,1,0
2020-03-09,Orange,059,3164182,154,4,0,4,0
2020-03-09,Placer,061,380077,12,7,0,7,1
2020-03-09,Plumas,063,18699,0,0,0,0,0
2020-03-09,Riverside,065,2383286,49,4,1,5,0
2020-03-09,Sacramento,067,1510023,75,8,0,8,0
2020-03-09,San Benito,069,59416,3,2,0,2,0
2020-03-09,San Bernardino,071,2135413,54,0,0,0,0
2020-03-09,San Diego,073,3302833,126,2,0,2,0
2020-03-09,San Francisco,075,870044,72,14,0,14,0
2020-03-09,San Joaquin,077,732212,21,0,3,3,0
2020-03-09,San Luis Obispo,079,281455,15,0,0,0,0
2020-03-09,San Mateo,081,765935,109,6,0,6,0
2020-03-09,Santa Barbara,083,443738,8,0,0,0,0
2020-03-09,Santa Clara,085,1922200,278,42,1,43,1
2020-03-09,Santa Cruz,087,273765,19,2,0,2,0
2020-03-09,Shasta,089,179085,2,1,0,1,0
2020-03-09,Sierra,091,2930,0,0,0,0,0
2020-03-09,Siskiyou,093,43540,0,0,0,0,0
2020-03-09,Solano,095,438530,25,26,0,26,0
2020-03-09,Sonoma,097,501317,22,2,0,2,0
2020-03-09,Stanislaus,099,539301,11,0,2,2,0
2020-03-09,Sutter,101,95872,0,0,0,0,0
2020-03-09,Tehama,103,63373,0,0,0,0,0
2020-03-09,Trinity,105,12862,0,0,0,0,0
2020-03-09,Tulare,107,460477,9,0,1,1,0
2020-03-09,Tuolumne,109,53932,1,0,0,0,0
2020-03-09,Ventura,111,848112,25,1,0,1,0
2020-03-09,Yolo,113,214977,5,2,0,2,0
2020-03-09,Yuba,115,75493,0,0,0,0,0
2020-03-08,Alameda,001,1643700,46,4,0,4,0
2020-03-08,Alpine,003,1148,0,0,0,0,0
2020-03-08,Amador,005,37829,0,0,0,0,0
2020-03-08,Butte,007,227075,0,0,0,0,0
2020-03-08,Calaveras,009,45235,2,0,0,0,0
2020-03-08,Colusa,011,21464,0,0,0,0,0
2020-03-08,Contra Costa,013,1133247,58,9,0,9,0
2020-03-08,Del Norte,015,27424,0,0,0,0,0
2020-03-08,El Dorado,017,186661,5,0,0,0,0
2020-03-08,Fresno,019,978130,5,1,1,2,0
2020-03-08,Glenn,021,27897,0,0,0,0,0
2020-03-08,Humboldt,023,135768,5,1,0,1,0
2020-03-08,Imperial,025,180216,5,0,0,0,0
2020-03-08,Inyo,027,18085,0,0,0,0,0
2020-03-08,Kern,029,883053,8,0,0,0,0
2020-03-08,Kings,031,150075,3,0,1,1,0
2020-03-08,Lake,033,64148,0,0,0,0,0
2020-03-08,Lassen,035,31185,0,0,0,0,0
2020-03-08,Los Angeles,037,10098052,367,14,6,20,0
2020-03-08,Madera,039,155013,7,1,0,1,0
2020-03-08,Marin,041,260295,13,1,0,1,0
2020-03-08,Mariposa,043,17540,0,0,0,0,0
2020-03-08,Mendocino,045,87422,0,0,0,0,0
2020-03-08,Merced,047,269075,2,0,0,0,0
2020-03-08,Modoc,049,8938,0,0,0,0,0
2020-03-08,Mono,051,14174,3,0,0,0,0
2020-03-08,Monterey,053,433212,3,0,0,0,0
2020-03-08,Napa,055,140530,2,0,0,0,0
2020-03-08,Nevada,057,99092,1,0,1,1,0
2020-03-08,Orange,059,3164182,129,4,0,4,0
2020-03-08,Placer,061,380077,11,7,0,7,1
2020-03-08,Plumas,063,18699,0,0,0,0,0
2020-03-08,Riverside,065,2383286,41,1,1,2,0
2020-03-08,Sacramento,067,1510023,65,5,0,5,0
2020-03-08,San Benito,069,59416,3,2,0,2,0
2020-03-08,San Bernardino,071,2135413,43,0,0,0,0
2020-03-08,San Diego,073,3302833,92,2,0,2,0
2020-03-08,San Francisco,075,870044,53,9,0,9,0
2020-03-08,San Joaquin,077,732212,18,0,3,3,0
2020-03-08,San Luis Obispo,079,281455,9,0,0,0,0
2020-03-08,San Mateo,081,765935,96,4,0,4,0
2020-03-08,Santa Barbara,083,443738,5,0,0,0,0
2020-03-08,Santa Clara,085,1922200,236,36,1,37,0
2020-03-08,Santa Cruz,087,273765,17,1,0,1,0
2020-03-08,Shasta,089,179085,2,0,0,0,0
2020-03-08,Sierra,091,2930,0,0,0,0,0
2020-03-08,Siskiyou,093,43540,0,0,0,0,0
2020-03-08,Solano,095,438530,24,26,0,26,0
2020-03-08,Sonoma,097,501317,17,2,0,2,0
2020-03-08,Stanislaus,099,539301,10,0,2,2,0
2020-03-08,Sutter,101,95872,0,0,0,0,0
2020-03-08,Tehama,103,63373,0,0,0,0,0
2020-03-08,Trinity,105,12862,0,0,0,0,0
2020-03-08,Tulare,107,460477,9,0,0,0,0
2020-03-08,Tuolumne,109,53932,1,0,0,0,0
2020-03-08,Ventura,111,848112,21,1,0,1,0
2020-03-08,Yolo,113,214977,2,2,0,2,0
2020-03-08,Yuba,115,75493,0,0,0,0,0
2020-03-07,Alameda,001,1643700,41,3,0,3,0
2020-03-07,Alpine,003,1148,0,0,0,0,0
2020-03-07,Amador,005,37829,0,0,0,0,0
2020-03-07,Butte,007,227075,0,0,0,0,0
2020-03-07,Calaveras,009,45235,2,0,0,0,0
2020-03-07,Colusa,011,21464,0,0,0,0,0
2020-03-07,Contra Costa,013,1133247,55,4,0,4,0
2020-03-07,Del Norte,015,27424,0,0,0,0,0
2020-03-07,El Dorado,017,186661,4,0,0,0,0
2020-03-07,Fresno,019,978130,4,1,1,2,0
2020-03-07,Glenn,021,27897,0,0,0,0,0
2020-03-07,Humboldt,023,135768,5,1,0,1,0
2020-03-07,Imperial,025,180216,4,0,0,0,0
2020-03-07,Inyo,027,18085,0,0,0,0,0
2020-03-07,Kern,029,883053,7,0,0,0,0
2020-03-07,Kings,031,150075,3,0,1,1,0
2020-03-07,Lake,033,64148,0,0,0,0,0
2020-03-07,Lassen,035,31185,0,0,0,0,0
2020-03-07,Los Angeles,037,10098052,317,14,6,20,0
2020-03-07,Madera,039,155013,6,1,0,1,0
2020-03-07,Marin,041,260295,11,0,0,0,0
2020-03-07,Mariposa,043,17540,0,0,0,0,0
2020-03-07,Mendocino,045,87422,0,0,0,0,0
2020-03-07,Merced,047,269075,2,0,0,0,0
2020-03-07,Modoc,049,8938,0,0,0,0,0
2020-03-07,Mono,051,14174,3,0,0,0,0
2020-03-07,Monterey,053,433212,3,0,0,0,0
2020-03-07,Napa,055,140530,1,0,0,0,0
2020-03-07,Nevada,057,99092,1,0,1,1,0
2020-03-07,Orange,059,3164182,121,4,0,4,0
2020-03-07,Placer,061,380077,11,6,0,6,1
2020-03-07,Plumas,063,18699,0,0,0,0,0
2020-03-07,Riverside,065,2383286,31,0,1,1,0
2020-03-07,Sacramento,067,1510023,52,4,0,4,0
2020-03-07,San Benito,069,59416,3,2,0,2,0
2020-03-07,San Bernardino,071,2135413,41,0,0,0,0
2020-03-07,San Diego,073,3302833,74,2,0,2,0
2020-03-07,San Francisco,075,870044,47,9,0,9,0
2020-03-07,San Joaquin,077,732212,16,0,3,3,0
2020-03-07,San Luis Obispo,079,281455,6,0,0,0,0
2020-03-07,San Mateo,081,765935,86,1,0,1,0
2020-03-07,Santa Barbara,083,443738,5,0,0,0,0
2020-03-07,Santa Clara,085,1922200,206,31,1,32,0
2020-03-07,Santa Cruz,087,273765,17,1,0,1,0
2020-03-07,Shasta,089,179085,2,0,0,0,0
2020-03-07,Sierra,091,2930,0,0,0,0,0
2020-03-07,Siskiyou,093,43540,0,0,0,0,0
2020-03-07,Solano,095,438530,23,25,0,25,0
2020-03-07,Sonoma,097,501317,13,2,0,2,0
2020-03-07,Stanislaus,099,539301,9,0,2,2,0
2020-03-07,Sutter,101,95872,0,0,0,0,0
2020-03-07,Tehama,103,63373,0,0,0,0,0
2020-03-07,Trinity,105,12862,0,0,0,0,0
2020-03-07,Tulare,107,460477,6,0,0,0,0
2020-03-07,Tuolumne,109,53932,1,0,0,0,0
2020-03-07,Ventura,111,848112,18,1,0,1,0
2020-03-07,Yolo,113,214977,2,2,0,2,0
2020-03-07,Yuba,115,75493,0,0,0,0,0
2020-03-06,Alameda,001,1643700,39,3,0,3,0
2020-03-06,Alpine,003,1148,0,0,0,0,0
2020-03-06,Amador,005,37829,0,0,0,0,0
2020-03-06,Butte,007,227075,0,0,0,0,0
2020-03-06,Calaveras,009,45235,2,0,0,0,0
2020-03-06,Colusa,011,21464,0,0,0,0,0
2020-03-06,Contra Costa,013,1133247,46,4,0,4,0
2020-03-06,Del Norte,015,27424,0,0,0,0,0
2020-03-06,El Dorado,017,186661,3,0,0,0,0
2020-03-06,Fresno,019,978130,3,0,1,1,0
2020-03-06,Glenn,021,27897,0,0,0,0,0
2020-03-06,Humboldt,023,135768,4,1,0,1,0
2020-03-06,Imperial,025,180216,3,0,0,0,0
2020-03-06,Inyo,027,18085,0,0,0,0,0
2020-03-06,Kern,029,883053,6,0,0,0,0
2020-03-06,Kings,031,150075,3,0,1,1,0
2020-03-06,Lake,033,64148,0,0,0,0,0
2020-03-06,Lassen,035,31185,0,0,0,0,0
2020-03-06,Los Angeles,037,10098052,274,13,6,19,0
2020-03-06,Madera,039,155013,5,0,0,0,0
2020-03-06,Marin,041,260295,10,0,0,0,0
2020-03-06,Mariposa,043,17540,0,0,0,0,0
2020-03-06,Mendocino,045,87422,0,0,0,0,0
2020-03-06,Merced,047,269075,2,0,0,0,0
2020-03-06,Modoc,049,8938,0,0,0,0,0
2020-03-06,Mono,051,14174,1,0,0,0,0
2020-03-06,Monterey,053,433212,3,0,0,0,0
2020-03-06,Napa,055,140530,1,0,0,0,0
2020-03-06,Nevada,057,99092,1,0,1,1,0
2020-03-06,Orange,059,3164182,95,4,0,4,0
2020-03-06,Placer,061,380077,10,5,0,5,1
2020-03-06,Plumas,063,18699,0,0,0,0,0
2020-03-06,Riverside,065,2383286,30,0,1,1,0
2020-03-06,Sacramento,067,1510023,43,2,0,2,0
2020-03-06,San Benito,069,59416,3,2,0,2,0
2020-03-06,San Bernardino,071,2135413,39,0,0,0,0
2020-03-06,San Diego,073,3302833,61,2,0,2,0
2020-03-06,San Francisco,075,870044,41,2,0,2,0
2020-03-06,San Joaquin,077,732212,13,0,3,3,0
2020-03-06,San Luis Obispo,079,281455,4,0,0,0,0
2020-03-06,San Mateo,081,765935,78,1,0,1,0
2020-03-06,Santa Barbara,083,443738,3,0,0,0,0
2020-03-06,Santa Clara,085,1922200,188,20,1,21,0
2020-03-06,Santa Cruz,087,273765,15,0,0,0,0
2020-03-06,Shasta,089,179085,2,0,0,0,0
2020-03-06,Sierra,091,2930,0,0,0,0,0
2020-03-06,Siskiyou,093,43540,0,0,0,0,0
2020-03-06,Solano,095,438530,22,25,0,25,0
2020-03-06,Sonoma,097,501317,13,2,0,2,0
2020-03-06,Stanislaus,099,539301,5,0,2,2,0
2020-03-06,Sutter,101,95872,0,0,0,0,0
2020-03-06,Tehama,103,63373,0,0,0,0,0
2020-03-06,Trinity,105,12862,0,0,0,0,0
2020-03-06,Tulare,107,460477,6,0,0,0,0
2020-03-06,Tuolumne,109,53932,1,0,0,0,0
2020-03-06,Ventura,111,848112,15,1,0,1,0
2020-03-06,Yolo,113,214977,2,1,0,1,0
2020-03-06,Yuba,115,75493,0,0,0,0,0
2020-03-05,Alameda,001,1643700,34,2,0,2,0
2020-03-05,Alpine,003,1148,0,0,0,0,0
2020-03-05,Amador,005,37829,0,0,0,0,0
2020-03-05,Butte,007,227075,0,0,0,0,0
2020-03-05,Calaveras,009,45235,2,0,0,0,0
2020-03-05,Colusa,011,21464,0,0,0,0,0
2020-03-05,Contra Costa,013,1133247,39,1,0,1,0
2020-03-05,Del Norte,015,27424,0,0,0,0,0
2020-03-05,El Dorado,017,186661,1,0,0,0,0
2020-03-05,Fresno,019,978130,3,0,1,1,0
2020-03-05,Glenn,021,27897,0,0,0,0,0
2020-03-05,Humboldt,023,135768,4,1,0,1,0
2020-03-05,Imperial,025,180216,2,0,0,0,0
2020-03-05,Inyo,027,18085,0,0,0,0,0
2020-03-05,Kern,029,883053,6,0,0,0,0
2020-03-05,Kings,031,150075,3,0,1,1,0
2020-03-05,Lake,033,64148,0,0,0,0,0
2020-03-05,Lassen,035,31185,0,0,0,0,0
2020-03-05,Los Angeles,037,10098052,227,11,6,17,0
2020-03-05,Madera,039,155013,5,0,0,0,0
2020-03-05,Marin,041,260295,10,0,0,0,0
2020-03-05,Mariposa,043,17540,0,0,0,0,0
2020-03-05,Mendocino,045,87422,0,0,0,0,0
2020-03-05,Merced,047,269075,2,0,0,0,0
2020-03-05,Modoc,049,8938,0,0,0,0,0
2020-03-05,Mono,051,14174,1,0,0,0,0
2020-03-05,Monterey,053,433212,3,0,0,0,0
2020-03-05,Napa,055,140530,1,0,0,0,0
2020-03-05,Nevada,057,99092,0,0,1,1,0
2020-03-05,Orange,059,3164182,80,3,0,3,0
2020-03-05,Placer,061,380077,10,2,0,2,1
2020-03-05,Plumas,063,18699,0,0,0,0,0
2020-03-05,Riverside,065,2383286,27,0,1,1,0
2020-03-05,Sacramento,067,1510023,37,2,0,2,0
2020-03-05,San Benito,069,59416,1,2,0,2,0
2020-03-05,San Bernardino,071,2135413,34,0,0,0,0
2020-03-05,San Diego,073,3302833,54,2,0,2,0
2020-03-05,San Francisco,075,870044,31,2,0,2,0
2020-03-05,San Joaquin,077,732212,10,0,3,3,0
2020-03-05,San Luis Obispo,079,281455,4,0,0,0,0
2020-03-05,San Mateo,081,765935,65,1,0,1,0
2020-03-05,Santa Barbara,083,443738,2,0,0,0,0
2020-03-05,Santa Clara,085,1922200,164,14,1,15,0
2020-03-05,Santa Cruz,087,273765,13,0,0,0,0
2020-03-05,Shasta,089,179085,2,0,0,0,0
2020-03-05,Sierra,091,2930,0,0,0,0,0
2020-03-05,Siskiyou,093,43540,0,0,0,0,0
2020-03-05,Solano,095,438530,22,24,0,24,0
2020-03-05,Sonoma,097,501317,12,2,0,2,0
2020-03-05,Stanislaus,099,539301,4,0,2,2,0
2020-03-05,Sutter,101,95872,0,0,0,0,0
2020-03-05,Tehama,103,63373,0,0,0,0,0
2020-03-05,Trinity,105,12862,0,0,0,0,0
2020-03-05,Tulare,107,460477,6,0,0,0,0
2020-03-05,Tuolumne,109,53932,1,0,0,0,0
2020-03-05,Ventura,111,848112,13,0,0,0,0
2020-03-05,Yolo,113,214977,2,0,0,0,0
2020-03-05,Yuba,115,75493,0,0,0,0,0
2020-03-04,Alameda,001,1643700,30,2,0,2,0
2020-03-04,Alpine,003,1148,0,0,0,0,0
2020-03-04,Amador,005,37829,0,0,0,0,0
2020-03-04,Butte,007,227075,0,0,0,0,0
2020-03-04,Calaveras,009,45235,0,0,0,0,0
2020-03-04,Colusa,011,21464,0,0,0,0,0
2020-03-04,Contra Costa,013,1133247,34,1,0,1,0
2020-03-04,Del Norte,015,27424,0,0,0,0,0
2020-03-04,El Dorado,017,186661,1,0,0,0,0
2020-03-04,Fresno,019,978130,3,0,1,1,0
2020-03-04,Glenn,021,27897,0,0,0,0,0
2020-03-04,Humboldt,023,135768,1,1,0,1,0
2020-03-04,Imperial,025,180216,2,0,0,0,0
2020-03-04,Inyo,027,18085,0,0,0,0,0
2020-03-04,Kern,029,883053,6,0,0,0,0
2020-03-04,Kings,031,150075,3,0,1,1,0
2020-03-04,Lake,033,64148,0,0,0,0,0
2020-03-04,Lassen,035,31185,0,0,0,0,0
2020-03-04,Los Angeles,037,10098052,191,7,6,13,0
2020-03-04,Madera,039,155013,5,0,0,0,0
2020-03-04,Marin,041,260295,10,0,0,0,0
2020-03-04,Mariposa,043,17540,0,0,0,0,0
2020-03-04,Mendocino,045,87422,0,0,0,0,0
2020-03-04,Merced,047,269075,2,0,0,0,0
2020-03-04,Modoc,049,8938,0,0,0,0,0
2020-03-04,Mono,051,14174,1,0,0,0,0
2020-03-04,Monterey,053,433212,3,0,0,0,0
2020-03-04,Napa,055,140530,1,0,0,0,0
2020-03-04,Nevada,057,99092,0,0,1,1,0
2020-03-04,Orange,059,3164182,77,3,0,3,0
2020-03-04,Placer,061,380077,9,2,0,2,1
2020-03-04,Plumas,063,18699,0,0,0,0,0
2020-03-04,Riverside,065,2383286,23,0,1,1,0
2020-03-04,Sacramento,067,1510023,32,1,0,1,0
2020-03-04,San Benito,069,59416,1,2,0,2,0
2020-03-04,San Bernardino,071,2135413,31,0,0,0,0
2020-03-04,San Diego,073,3302833,41,2,0,2,0
2020-03-04,San Francisco,075,870044,26,0,0,0,0
2020-03-04,San Joaquin,077,732212,9,0,3,3,0
2020-03-04,San Luis Obispo,079,281455,4,0,0,0,0
2020-03-04,San Mateo,081,765935,60,1,0,1,0
2020-03-04,Santa Barbara,083,443738,2,0,0,0,0
2020-03-04,Santa Clara,085,1922200,147,12,1,13,0
2020-03-04,Santa Cruz,087,273765,13,0,0,0,0
2020-03-04,Shasta,089,179085,2,0,0,0,0
2020-03-04,Sierra,091,2930,0,0,0,0,0
2020-03-04,Siskiyou,093,43540,0,0,0,0,0
2020-03-04,Solano,095,438530,21,24,0,24,0
2020-03-04,Sonoma,097,501317,11,2,0,2,0
2020-03-04,Stanislaus,099,539301,4,0,2,2,0
2020-03-04,Sutter,101,95872,0,0,0,0,0
2020-03-04,Tehama,103,63373,0,0,0,0,0
2020-03-04,Trinity,105,12862,0,0,0,0,0
2020-03-04,Tulare,107,460477,6,0,0,0,0
2020-03-04,Tuolumne,109,53932,0,0,0,0,0
2020-03-04,Ventura,111,848112,12,0,0,0,0
2020-03-04,Yolo,113,214977,2,0,0,0,0
2020-03-04,Yuba,115,75493,0,0,0,0,0
2020-03-03,Alameda,001,1643700,24,2,0,2,0
2020-03-03,Alpine,003,1148,0,0,0,0,0
2020-03-03,Amador,005,37829,0,0,0,0,0
2020-03-03,Butte,007,227075,0,0,0,0,0
2020-03-03,Calaveras,009,45235,0,0,0,0,0
2020-03-03,Colusa,011,21464,0,0,0,0,0
2020-03-03,Contra Costa,013,1133247,30,0,0,0,0
2020-03-03,Del Norte,015,27424,0,0,0,0,0
2020-03-03,El Dorado,017,186661,1,0,0,0,0
2020-03-03,Fresno,019,978130,2,0,1,1,0
2020-03-03,Glenn,021,27897,0,0,0,0,0
2020-03-03,Humboldt,023,135768,1,1,0,1,0
2020-03-03,Imperial,025,180216,2,0,0,0,0
2020-03-03,Inyo,027,18085,0,0,0,0,0
2020-03-03,Kern,029,883053,4,0,0,0,0
2020-03-03,Kings,031,150075,3,0,1,1,0
2020-03-03,Lake,033,64148,0,0,0,0,0
2020-03-03,Lassen,035,31185,0,0,0,0,0
2020-03-03,Los Angeles,037,10098052,172,5,6,11,0
2020-03-03,Madera,039,155013,4,0,0,0,0
2020-03-03,Marin,041,260295,6,0,0,0,0
2020-03-03,Mariposa,043,17540,0,0,0,0,0
2020-03-03,Mendocino,045,87422,0,0,0,0,0
2020-03-03,Merced,047,269075,2,0,0,0,0
2020-03-03,Modoc,049,8938,0,0,0,0,0
2020-03-03,Mono,051,14174,1,0,0,0,0
2020-03-03,Monterey,053,433212,2,0,0,0,0
2020-03-03,Napa,055,140530,1,0,0,0,0
2020-03-03,Nevada,057,99092,0,0,1,1,0
2020-03-03,Orange,059,3164182,69,1,0,1,0
2020-03-03,Placer,061,380077,8,2,0,2,0
2020-03-03,Plumas,063,18699,0,0,0,0,0
2020-03-03,Riverside,065,2383286,20,0,1,1,0
2020-03-03,Sacramento,067,1510023,31,1,0,1,0
2020-03-03,San Benito,069,59416,1,2,0,2,0
2020-03-03,San Bernardino,071,2135413,28,0,0,0,0
2020-03-03,San Diego,073,3302833,34,2,0,2,0
2020-03-03,San Francisco,075,870044,24,0,0,0,0
2020-03-03,San Joaquin,077,732212,8,0,3,3,0
2020-03-03,San Luis Obispo,079,281455,2,0,0,0,0
2020-03-03,San Mateo,081,765935,53,1,0,1,0
2020-03-03,Santa Barbara,083,443738,1,0,0,0,0
2020-03-03,Santa Clara,085,1922200,132,11,1,12,0
2020-03-03,Santa Cruz,087,273765,10,0,0,0,0
2020-03-03,Shasta,089,179085,2,0,0,0,0
2020-03-03,Sierra,091,2930,0,0,0,0,0
2020-03-03,Siskiyou,093,43540,0,0,0,0,0
2020-03-03,Solano,095,438530,20,24,0,24,0
2020-03-03,Sonoma,097,501317,11,1,0,1,0
2020-03-03,Stanislaus,099,539301,4,0,2,2,0
2020-03-03,Sutter,101,95872,0,0,0,0,0
2020-03-03,Tehama,103,63373,0,0,0,0,0
2020-03-03,Trinity,105,12862,0,0,0,0,0
2020-03-03,Tulare,107,460477,6,0,0,0,0
2020-03-03,Tuolumne,109,53932,0,0,0,0,0
2020-03-03,Ventura,111,848112,11,0,0,0,0
2020-03-03,Yolo,113,214977,1,0,0,0,0
2020-03-03,Yuba,115,75493,0,0,0,0,0
2020-03-02,Alameda,001,1643700,21,1,0,1,0
2020-03-02,Alpine,003,1148,0,0,0,0,0
2020-03-02,Amador,005,37829,0,0,0,0,0
2020-03-02,Butte,007,227075,0,0,0,0,0
2020-03-02,Calaveras,009,45235,0,0,0,0,0
2020-03-02,Colusa,011,21464,0,0,0,0,0
2020-03-02,Contra Costa,013,1133247,27,0,0,0,0
2020-03-02,Del Norte,015,27424,0,0,0,0,0
2020-03-02,El Dorado,017,186661,1,0,0,0,0
2020-03-02,Fresno,019,978130,2,0,1,1,0
2020-03-02,Glenn,021,27897,0,0,0,0,0
2020-03-02,Humboldt,023,135768,1,1,0,1,0
2020-03-02,Imperial,025,180216,2,0,0,0,0
2020-03-02,Inyo,027,18085,0,0,0,0,0
2020-03-02,Kern,029,883053,4,0,0,0,0
2020-03-02,Kings,031,150075,3,0,1,1,0
2020-03-02,Lake,033,64148,0,0,0,0,0
2020-03-02,Lassen,035,31185,0,0,0,0,0
2020-03-02,Los Angeles,037,10098052,157,1,6,7,0
2020-03-02,Madera,039,155013,4,0,0,0,0
2020-03-02,Marin,041,260295,6,0,0,0,0
2020-03-02,Mariposa,043,17540,0,0,0,0,0
2020-03-02,Mendocino,045,87422,0,0,0,0,0
2020-03-02,Merced,047,269075,1,0,0,0,0
2020-03-02,Modoc,049,8938,0,0,0,0,0
2020-03-02,Mono,051,14174,1,0,0,0,0
2020-03-02,Monterey,053,433212,2,0,0,0,0
2020-03-02,Napa,055,140530,1,0,0,0,0
2020-03-02,Nevada,057,99092,0,0,1,1,0
2020-03-02,Orange,059,3164182,64,1,0,1,0
2020-03-02,Placer,061,380077,8,1,0,1,0
2020-03-02,Plumas,063,18699,0,0,0,0,0
2020-03-02,Riverside,065,2383286,19,0,1,1,0
2020-03-02,Sacramento,067,1510023,25,1,0,1,0
2020-03-02,San Benito,069,59416,1,2,0,2,0
2020-03-02,San Bernardino,071,2135413,28,0,0,0,0
2020-03-02,San Diego,073,3302833,28,2,0,2,0
2020-03-02,San Francisco,075,870044,17,0,0,0,0
2020-03-02,San Joaquin,077,732212,7,0,3,3,0
2020-03-02,San Luis Obispo,079,281455,2,0,0,0,0
2020-03-02,San Mateo,081,765935,44,1,0,1,0
2020-03-02,Santa Barbara,083,443738,1,0,0,0,0
2020-03-02,Santa Clara,085,1922200,110,7,1,8,0
2020-03-02,Santa Cruz,087,273765,9,0,0,0,0
2020-03-02,Shasta,089,179085,2,0,0,0,0
2020-03-02,Sierra,091,2930,0,0,0,0,0
2020-03-02,Siskiyou,093,43540,0,0,0,0,0
2020-03-02,Solano,095,438530,19,24,0,24,0
2020-03-02,Sonoma,097,501317,10,1,0,1,0
2020-03-02,Stanislaus,099,539301,2,0,2,2,0
2020-03-02,Sutter,101,95872,0,0,0,0,0
2020-03-02,Tehama,103,63373,0,0,0,0,0
2020-03-02,Trinity,105,12862,0,0,0,0,0
2020-03-02,Tulare,107,460477,6,0,0,0,0
2020-03-02,Tuolumne,109,53932,0,0,0,0,0
2020-03-02,Ventura,111,848112,10,0,0,0,0
2020-03-02,Yolo,113,214977,1,0,0,0,0
2020-03-02,Yuba,115,75493,0,0,0,0,0
2020-03-01,Alameda,001,1643700,20,1,0,1,0
2020-03-01,Alpine,003,1148,0,0,0,0,0
2020-03-01,Amador,005,37829,0,0,0,0,0
2020-03-01,Butte,007,227075,0,0,0,0,0
2020-03-01,Calaveras,009,45235,0,0,0,0,0
2020-03-01,Colusa,011,21464,0,0,0,0,0
2020-03-01,Contra Costa,013,1133247,24,0,0,0,0
2020-03-01,Del Norte,015,27424,0,0,0,0,0
2020-03-01,El Dorado,017,186661,1,0,0,0,0
2020-03-01,Fresno,019,978130,1,0,1,1,0
2020-03-01,Glenn,021,27897,0,0,0,0,0
2020-03-01,Humboldt,023,135768,1,1,0,1,0
2020-03-01,Imperial,025,180216,2,0,0,0,0
2020-03-01,Inyo,027,18085,0,0,0,0,0
2020-03-01,Kern,029,883053,2,0,0,0,0
2020-03-01,Kings,031,150075,3,0,1,1,0
2020-03-01,Lake,033,64148,0,0,0,0,0
2020-03-01,Lassen,035,31185,0,0,0,0,0
2020-03-01,Los Angeles,037,10098052,138,1,6,7,0
2020-03-01,Madera,039,155013,2,0,0,0,0
2020-03-01,Marin,041,260295,5,0,0,0,0
2020-03-01,Mariposa,043,17540,0,0,0,0,0
2020-03-01,Mendocino,045,87422,0,0,0,0,0
2020-03-01,Merced,047,269075,1,0,0,0,0
2020-03-01,Modoc,049,8938,0,0,0,0,0
2020-03-01,Mono,051,14174,1,0,0,0,0
2020-03-01,Monterey,053,433212,1,0,0,0,0
2020-03-01,Napa,055,140530,1,0,0,0,0
2020-03-01,Nevada,057,99092,0,0,1,1,0
2020-03-01,Orange,059,3164182,61,1,0,1,0
2020-03-01,Placer,061,380077,8,0,0,0,0
2020-03-01,Plumas,063,18699,0,0,0,0,0
2020-03-01,Riverside,065,2383286,18,0,1,1,0
2020-03-01,Sacramento,067,1510023,21,1,0,1,0
2020-03-01,San Benito,069,59416,0,2,0,2,0
2020-03-01,San Bernardino,071,2135413,27,0,0,0,0
2020-03-01,San Diego,073,3302833,21,2,0,2,0
2020-03-01,San Francisco,075,870044,13,0,0,0,0
2020-03-01,San Joaquin,077,732212,7,0,3,3,0
2020-03-01,San Luis Obispo,079,281455,2,0,0,0,0
2020-03-01,San Mateo,081,765935,36,0,0,0,0
2020-03-01,Santa Barbara,083,443738,1,0,0,0,0
2020-03-01,Santa Clara,085,1922200,97,6,1,7,0
2020-03-01,Santa Cruz,087,273765,8,0,0,0,0
2020-03-01,Shasta,089,179085,2,0,0,0,0
2020-03-01,Sierra,091,2930,0,0,0,0,0
2020-03-01,Siskiyou,093,43540,0,0,0,0,0
2020-03-01,Solano,095,438530,19,24,0,24,0
2020-03-01,Sonoma,097,501317,9,0,0,0,0
2020-03-01,Stanislaus,099,539301,2,0,2,2,0
2020-03-01,Sutter,101,95872,0,0,0,0,0
2020-03-01,Tehama,103,63373,0,0,0,0,0
2020-03-01,Trinity,105,12862,0,0,0,0,0
2020-03-01,Tulare,107,460477,6,0,0,0,0
2020-03-01,Tuolumne,109,53932,0,0,0,0,0
2020-03-01,Ventura,111,848112,8,0,0,0,0
2020-03-01,Yolo,113,214977,1,0,0,0,0
2020-03-01,Yuba,115,75493,0,0,0,0,0
2020-02-29,Alameda,001,1643700,16,0,0,0,0
2020-02-29,Alpine,003,1148,0,0,0,0,0
2020-02-29,Amador,005,37829,0,0,0,0,0
2020-02-29,Butte,007,227075,0,0,0,0,0
2020-02-29,Calaveras,009,45235,0,0,0,0,0
2020-02-29,Colusa,011,21464,0,0,0,0,0
2020-02-29,Contra Costa,013,1133247,20,0,0,0,0
2020-02-29,Del Norte,015,27424,0,0,0,0,0
2020-02-29,El Dorado,017,186661,1,0,0,0,0
2020-02-29,Fresno,019,978130,1,0,0,0,0
2020-02-29,Glenn,021,27897,0,0,0,0,0
2020-02-29,Humboldt,023,135768,1,1,0,1,0
2020-02-29,Imperial,025,180216,1,0,0,0,0
2020-02-29,Inyo,027,18085,0,0,0,0,0
2020-02-29,Kern,029,883053,2,0,0,0,0
2020-02-29,Kings,031,150075,3,0,1,1,0
2020-02-29,Lake,033,64148,0,0,0,0,0
2020-02-29,Lassen,035,31185,0,0,0,0,0
2020-02-29,Los Angeles,037,10098052,110,1,6,7,0
2020-02-29,Madera,039,155013,2,0,0,0,0
2020-02-29,Marin,041,260295,4,0,0,0,0
2020-02-29,Mariposa,043,17540,0,0,0,0,0
2020-02-29,Mendocino,045,87422,0,0,0,0,0
2020-02-29,Merced,047,269075,1,0,0,0,0
2020-02-29,Modoc,049,8938,0,0,0,0,0
2020-02-29,Mono,051,14174,1,0,0,0,0
2020-02-29,Monterey,053,433212,1,0,0,0,0
2020-02-29,Napa,055,140530,1,0,0,0,0
2020-02-29,Nevada,057,99092,0,0,1,1,0
2020-02-29,Orange,059,3164182,56,1,0,1,0
2020-02-29,Placer,061,380077,7,0,0,0,0
2020-02-29,Plumas,063,18699,0,0,0,0,0
2020-02-29,Riverside,065,2383286,15,0,1,1,0
2020-02-29,Sacramento,067,1510023,16,1,0,1,0
2020-02-29,San Benito,069,59416,0,2,0,2,0
2020-02-29,San Bernardino,071,2135413,25,0,0,0,0
2020-02-29,San Diego,073,3302833,16,2,0,2,0
2020-02-29,San Francisco,075,870044,12,0,0,0,0
2020-02-29,San Joaquin,077,732212,6,0,3,3,0
2020-02-29,San Luis Obispo,079,281455,2,0,0,0,0
2020-02-29,San Mateo,081,765935,29,0,0,0,0
2020-02-29,Santa Barbara,083,443738,0,0,0,0,0
2020-02-29,Santa Clara,085,1922200,75,3,1,4,0
2020-02-29,Santa Cruz,087,273765,8,0,0,0,0
2020-02-29,Shasta,089,179085,2,0,0,0,0
2020-02-29,Sierra,091,2930,0,0,0,0,0
2020-02-29,Siskiyou,093,43540,0,0,0,0,0
2020-02-29,Solano,095,438530,18,23,0,23,0
2020-02-29,Sonoma,097,501317,6,0,0,0,0
2020-02-29,Stanislaus,099,539301,2,0,2,2,0
2020-02-29,Sutter,101,95872,0,0,0,0,0
2020-02-29,Tehama,103,63373,0,0,0,0,0
2020-02-29,Trinity,105,12862,0,0,0,0,0
2020-02-29,Tulare,107,460477,4,0,0,0,0
2020-02-29,Tuolumne,109,53932,0,0,0,0,0
2020-02-29,Ventura,111,848112,6,0,0,0,0
2020-02-29,Yolo,113,214977,1,0,0,0,0
2020-02-29,Yuba,115,75493,0,0,0,0,0
2020-02-28,Alameda,001,1643700,14,0,0,0,0
2020-02-28,Alpine,003,1148,0,0,0,0,0
2020-02-28,Amador,005,37829,0,0,0,0,0
2020-02-28,Butte,007,227075,0,0,0,0,0
2020-02-28,Calaveras,009,45235,0,0,0,0,0
2020-02-28,Colusa,011,21464,0,0,0,0,0
2020-02-28,Contra Costa,013,1133247,20,0,0,0,0
2020-02-28,Del Norte,015,27424,0,0,0,0,0
2020-02-28,El Dorado,017,186661,0,0,0,0,0
2020-02-28,Fresno,019,978130,1,0,0,0,0
2020-02-28,Glenn,021,27897,0,0,0,0,0
2020-02-28,Humboldt,023,135768,1,1,0,1,0
2020-02-28,Imperial,025,180216,1,0,0,0,0
2020-02-28,Inyo,027,18085,0,0,0,0,0
2020-02-28,Kern,029,883053,2,0,0,0,0
2020-02-28,Kings,031,150075,3,0,1,1,0
2020-02-28,Lake,033,64148,0,0,0,0,0
2020-02-28,Lassen,035,31185,0,0,0,0,0
2020-02-28,Los Angeles,037,10098052,102,1,6,7,0
2020-02-28,Madera,039,155013,2,0,0,0,0
2020-02-28,Marin,041,260295,2,0,0,0,0
2020-02-28,Mariposa,043,17540,0,0,0,0,0
2020-02-28,Mendocino,045,87422,0,0,0,0,0
2020-02-28,Merced,047,269075,1,0,0,0,0
2020-02-28,Modoc,049,8938,0,0,0,0,0
2020-02-28,Mono,051,14174,0,0,0,0,0
2020-02-28,Monterey,053,433212,1,0,0,0,0
2020-02-28,Napa,055,140530,1,0,0,0,0
2020-02-28,Nevada,057,99092,0,0,1,1,0
2020-02-28,Orange,059,3164182,54,1,0,1,0
2020-02-28,Placer,061,380077,7,0,0,0,0
2020-02-28,Plumas,063,18699,0,0,0,0,0
2020-02-28,Riverside,065,2383286,13,0,1,1,0
2020-02-28,Sacramento,067,1510023,10,1,0,1,0
2020-02-28,San Benito,069,59416,0,2,0,2,0
2020-02-28,San Bernardino,071,2135413,25,0,0,0,0
2020-02-28,San Diego,073,3302833,13,2,0,2,0
2020-02-28,San Francisco,075,870044,10,0,0,0,0
2020-02-28,San Joaquin,077,732212,6,0,3,3,0
2020-02-28,San Luis Obispo,079,281455,2,0,0,0,0
2020-02-28,San Mateo,081,765935,24,0,0,0,0
2020-02-28,Santa Barbara,083,443738,0,0,0,0,0
2020-02-28,Santa Clara,085,1922200,70,3,1,4,0
2020-02-28,Santa Cruz,087,273765,8,0,0,0,0
2020-02-28,Shasta,089,179085,2,0,0,0,0
2020-02-28,Sierra,091,2930,0,0,0,0,0
2020-02-28,Siskiyou,093,43540,0,0,0,0,0
2020-02-28,Solano,095,438530,17,23,0,23,0
2020-02-28,Sonoma,097,501317,6,0,0,0,0
2020-02-28,Stanislaus,099,539301,2,0,2,2,0
2020-02-28,Sutter,101,95872,0,0,0,0,0
2020-02-28,Tehama,103,63373,0,0,0,0,0
2020-02-28,Trinity,105,12862,0,0,0,0,0
2020-02-28,Tulare,107,460477,3,0,0,0,0
2020-02-28,Tuolumne,109,53932,0,0,0,0,0
2020-02-28,Ventura,111,848112,6,0,0,0,0
2020-02-28,Yolo,113,214977,1,0,0,0,0
2020-02-28,Yuba,115,75493,0,0,0,0,0
2020-02-27,Alameda,001,1643700,13,0,0,0,0
2020-02-27,Alpine,003,1148,0,0,0,0,0
2020-02-27,Amador,005,37829,0,0,0,0,0
2020-02-27,Butte,007,227075,0,0,0,0,0
2020-02-27,Calaveras,009,45235,0,0,0,0,0
2020-02-27,Colusa,011,21464,0,0,0,0,0
2020-02-27,Contra Costa,013,1133247,14,0,0,0,0
2020-02-27,Del Norte,015,27424,0,0,0,0,0
2020-02-27,El Dorado,017,186661,0,0,0,0,0
2020-02-27,Fresno,019,978130,1,0,0,0,0
2020-02-27,Glenn,021,27897,0,0,0,0,0
2020-02-27,Humboldt,023,135768,1,1,0,1,0
2020-02-27,Imperial,025,180216,1,0,0,0,0
2020-02-27,Inyo,027,18085,0,0,0,0,0
2020-02-27,Kern,029,883053,2,0,0,0,0
2020-02-27,Kings,031,150075,3,0,1,1,0
2020-02-27,Lake,033,64148,0,0,0,0,0
2020-02-27,Lassen,035,31185,0,0,0,0,0
2020-02-27,Los Angeles,037,10098052,94,1,6,7,0
2020-02-27,Madera,039,155013,2,0,0,0,0
2020-02-27,Marin,041,260295,1,0,0,0,0
2020-02-27,Mariposa,043,17540,0,0,0,0,0
2020-02-27,Mendocino,045,87422,0,0,0,0,0
2020-02-27,Merced,047,269075,1,0,0,0,0
2020-02-27,Modoc,049,8938,0,0,0,0,0
2020-02-27,Mono,051,14174,0,0,0,0,0
2020-02-27,Monterey,053,433212,1,0,0,0,0
2020-02-27,Napa,055,140530,1,0,0,0,0
2020-02-27,Nevada,057,99092,0,0,1,1,0
2020-02-27,Orange,059,3164182,48,1,0,1,0
2020-02-27,Placer,061,380077,6,0,0,0,0
2020-02-27,Plumas,063,18699,0,0,0,0,0
2020-02-27,Riverside,065,2383286,12,0,1,1,0
2020-02-27,Sacramento,067,1510023,10,1,0,1,0
2020-02-27,San Benito,069,59416,0,2,0,2,0
2020-02-27,San Bernardino,071,2135413,25,0,0,0,0
2020-02-27,San Diego,073,3302833,12,2,0,2,0
2020-02-27,San Francisco,075,870044,9,0,0,0,0
2020-02-27,San Joaquin,077,732212,5,0,3,3,0
2020-02-27,San Luis Obispo,079,281455,2,0,0,0,0
2020-02-27,San Mateo,081,765935,20,0,0,0,0
2020-02-27,Santa Barbara,083,443738,0,0,0,0,0
2020-02-27,Santa Clara,085,1922200,59,2,1,3,0
2020-02-27,Santa Cruz,087,273765,6,0,0,0,0
2020-02-27,Shasta,089,179085,0,0,0,0,0
2020-02-27,Sierra,091,2930,0,0,0,0,0
2020-02-27,Siskiyou,093,43540,0,0,0,0,0
2020-02-27,Solano,095,438530,17,23,0,23,0
2020-02-27,Sonoma,097,501317,5,0,0,0,0
2020-02-27,Stanislaus,099,539301,2,0,2,2,0
2020-02-27,Sutter,101,95872,0,0,0,0,0
2020-02-27,Tehama,103,63373,0,0,0,0,0
2020-02-27,Trinity,105,12862,0,0,0,0,0
2020-02-27,Tulare,107,460477,3,0,0,0,0
2020-02-27,Tuolumne,109,53932,0,0,0,0,0
2020-02-27,Ventura,111,848112,4,0,0,0,0
2020-02-27,Yolo,113,214977,1,0,0,0,0
2020-02-27,Yuba,115,75493,0,0,0,0,0
2020-02-26,Alameda,001,1643700,13,0,0,0,0
2020-02-26,Alpine,003,1148,0,0,0,0,0
2020-02-26,Amador,005,37829,0,0,0,0,0
2020-02-26,Butte,007,227075,0,0,0,0,0
2020-02-26,Calaveras,009,45235,0,0,0,0,0
2020-02-26,Colusa,011,21464,0,0,0,0,0
2020-02-26,Contra Costa,013,1133247,13,0,0,0,0
2020-02-26,Del Norte,015,27424,0,0,0,0,0
2020-02-26,El Dorado,017,186661,0,0,0,0,0
2020-02-26,Fresno,019,978130,1,0,0,0,0
2020-02-26,Glenn,021,27897,0,0,0,0,0
2020-02-26,Humboldt,023,135768,1,1,0,1,0
2020-02-26,Imperial,025,180216,1,0,0,0,0
2020-02-26,Inyo,027,18085,0,0,0,0,0
2020-02-26,Kern,029,883053,2,0,0,0,0
2020-02-26,Kings,031,150075,3,0,1,1,0
2020-02-26,Lake,033,64148,0,0,0,0,0
2020-02-26,Lassen,035,31185,0,0,0,0,0
2020-02-26,Los Angeles,037,10098052,88,1,6,7,0
2020-02-26,Madera,039,155013,2,0,0,0,0
2020-02-26,Marin,041,260295,1,0,0,0,0
2020-02-26,Mariposa,043,17540,0,0,0,0,0
2020-02-26,Mendocino,045,87422,0,0,0,0,0
2020-02-26,Merced,047,269075,1,0,0,0,0
2020-02-26,Modoc,049,8938,0,0,0,0,0
2020-02-26,Mono,051,14174,0,0,0,0,0
2020-02-26,Monterey,053,433212,1,0,0,0,0
2020-02-26,Napa,055,140530,0,0,0,0,0
2020-02-26,Nevada,057,99092,0,0,1,1,0
2020-02-26,Orange,059,3164182,47,1,0,1,0
2020-02-26,Placer,061,380077,5,0,0,0,0
2020-02-26,Plumas,063,18699,0,0,0,0,0
2020-02-26,Riverside,065,2383286,10,0,1,1,0
2020-02-26,Sacramento,067,1510023,10,1,0,1,0
2020-02-26,San Benito,069,59416,0,2,0,2,0
2020-02-26,San Bernardino,071,2135413,23,0,0,0,0
2020-02-26,San Diego,073,3302833,11,2,0,2,0
2020-02-26,San Francisco,075,870044,9,0,0,0,0
2020-02-26,San Joaquin,077,732212,5,0,3,3,0
2020-02-26,San Luis Obispo,079,281455,2,0,0,0,0
2020-02-26,San Mateo,081,765935,18,0,0,0,0
2020-02-26,Santa Barbara,083,443738,0,0,0,0,0
2020-02-26,Santa Clara,085,1922200,50,2,1,3,0
2020-02-26,Santa Cruz,087,273765,6,0,0,0,0
2020-02-26,Shasta,089,179085,0,0,0,0,0
2020-02-26,Sierra,091,2930,0,0,0,0,0
2020-02-26,Siskiyou,093,43540,0,0,0,0,0
2020-02-26,Solano,095,438530,17,23,0,23,0
2020-02-26,Sonoma,097,501317,5,0,0,0,0
2020-02-26,Stanislaus,099,539301,2,0,2,2,0
2020-02-26,Sutter,101,95872,0,0,0,0,0
2020-02-26,Tehama,103,63373,0,0,0,0,0
2020-02-26,Trinity,105,12862,0,0,0,0,0
2020-02-26,Tulare,107,460477,3,0,0,0,0
2020-02-26,Tuolumne,109,53932,0,0,0,0,0
2020-02-26,Ventura,111,848112,4,0,0,0,0
2020-02-26,Yolo,113,214977,1,0,0,0,0
2020-02-26,Yuba,115,75493,0,0,0,0,0
2020-02-25,Alameda,001,1643700,13,0,0,0,0
2020-02-25,Alpine,003,1148,0,0,0,0,0
2020-02-25,Amador,005,37829,0,0,0,0,0
2020-02-25,Butte,007,227075,0,0,0,0,0
2020-02-25,Calaveras,009,45235,0,0,0,0,0
2020-02-25,Colusa,011,21464,0,0,0,0,0
2020-02-25,Contra Costa,013,1133247,11,0,0,0,0
2020-02-25,Del Norte,015,27424,0,0,0,0,0
2020-02-25,El Dorado,017,186661,0,0,0,0,0
2020-02-25,Fresno,019,978130,1,0,0,0,0
2020-02-25,Glenn,021,27897,0,0,0,0,0
2020-02-25,Humboldt,023,135768,1,1,0,1,0
2020-02-25,Imperial,025,180216,1,0,0,0,0
2020-02-25,Inyo,027,18085,0,0,0,0,0
2020-02-25,Kern,029,883053,2,0,0,0,0
2020-02-25,Kings,031,150075,3,0,1,1,0
2020-02-25,Lake,033,64148,0,0,0,0,0
2020-02-25,Lassen,035,31185,0,0,0,0,0
2020-02-25,Los Angeles,037,10098052,76,1,6,7,0
2020-02-25,Madera,039,155013,2,0,0,0,0
2020-02-25,Marin,041,260295,1,0,0,0,0
2020-02-25,Mariposa,043,17540,0,0,0,0,0
2020-02-25,Mendocino,045,87422,0,0,0,0,0
2020-02-25,Merced,047,269075,0,0,0,0,0
2020-02-25,Modoc,049,8938,0,0,0,0,0
2020-02-25,Mono,051,14174,0,0,0,0,0
2020-02-25,Monterey,053,433212,1,0,0,0,0
2020-02-25,Napa,055,140530,0,0,0,0,0
2020-02-25,Nevada,057,99092,0,0,1,1,0
2020-02-25,Orange,059,3164182,46,1,0,1,0
2020-02-25,Placer,061,380077,5,0,0,0,0
2020-02-25,Plumas,063,18699,0,0,0,0,0
2020-02-25,Riverside,065,2383286,10,0,1,1,0
2020-02-25,Sacramento,067,1510023,8,1,0,1,0
2020-02-25,San Benito,069,59416,0,2,0,2,0
2020-02-25,San Bernardino,071,2135413,21,0,0,0,0
2020-02-25,San Diego,073,3302833,7,2,0,2,0
2020-02-25,San Francisco,075,870044,7,0,0,0,0
2020-02-25,San Joaquin,077,732212,5,0,2,2,0
2020-02-25,San Luis Obispo,079,281455,2,0,0,0,0
2020-02-25,San Mateo,081,765935,17,0,0,0,0
2020-02-25,Santa Barbara,083,443738,0,0,0,0,0
2020-02-25,Santa Clara,085,1922200,40,2,1,3,0
2020-02-25,Santa Cruz,087,273765,5,0,0,0,0
2020-02-25,Shasta,089,179085,0,0,0,0,0
2020-02-25,Sierra,091,2930,0,0,0,0,0
2020-02-25,Siskiyou,093,43540,0,0,0,0,0
2020-02-25,Solano,095,438530,16,21,0,21,0
2020-02-25,Sonoma,097,501317,5,0,0,0,0
2020-02-25,Stanislaus,099,539301,2,0,2,2,0
2020-02-25,Sutter,101,95872,0,0,0,0,0
2020-02-25,Tehama,103,63373,0,0,0,0,0
2020-02-25,Trinity,105,12862,0,0,0,0,0
2020-02-25,Tulare,107,460477,3,0,0,0,0
2020-02-25,Tuolumne,109,53932,0,0,0,0,0
2020-02-25,Ventura,111,848112,4,0,0,0,0
2020-02-25,Yolo,113,214977,1,0,0,0,0
2020-02-25,Yuba,115,75493,0,0,0,0,0
2020-02-24,Alameda,001,1643700,13,0,0,0,0
2020-02-24,Alpine,003,1148,0,0,0,0,0
2020-02-24,Amador,005,37829,0,0,0,0,0
2020-02-24,Butte,007,227075,0,0,0,0,0
2020-02-24,Calaveras,009,45235,0,0,0,0,0
2020-02-24,Colusa,011,21464,0,0,0,0,0
2020-02-24,Contra Costa,013,1133247,9,0,0,0,0
2020-02-24,Del Norte,015,27424,0,0,0,0,0
2020-02-24,El Dorado,017,186661,0,0,0,0,0
2020-02-24,Fresno,019,978130,1,0,0,0,0
2020-02-24,Glenn,021,27897,0,0,0,0,0
2020-02-24,Humboldt,023,135768,1,1,0,1,0
2020-02-24,Imperial,025,180216,1,0,0,0,0
2020-02-24,Inyo,027,18085,0,0,0,0,0
2020-02-24,Kern,029,883053,2,0,0,0,0
2020-02-24,Kings,031,150075,3,0,1,1,0
2020-02-24,Lake,033,64148,0,0,0,0,0
2020-02-24,Lassen,035,31185,0,0,0,0,0
2020-02-24,Los Angeles,037,10098052,71,1,6,7,0
2020-02-24,Madera,039,155013,1,0,0,0,0
2020-02-24,Marin,041,260295,1,0,0,0,0
2020-02-24,Mariposa,043,17540,0,0,0,0,0
2020-02-24,Mendocino,045,87422,0,0,0,0,0
2020-02-24,Merced,047,269075,0,0,0,0,0
2020-02-24,Modoc,049,8938,0,0,0,0,0
2020-02-24,Mono,051,14174,0,0,0,0,0
2020-02-24,Monterey,053,433212,1,0,0,0,0
2020-02-24,Napa,055,140530,0,0,0,0,0
2020-02-24,Nevada,057,99092,0,0,1,1,0
2020-02-24,Orange,059,3164182,44,1,0,1,0
2020-02-24,Placer,061,380077,3,0,0,0,0
2020-02-24,Plumas,063,18699,0,0,0,0,0
2020-02-24,Riverside,065,2383286,9,0,1,1,0
2020-02-24,Sacramento,067,1510023,7,1,0,1,0
2020-02-24,San Benito,069,59416,0,2,0,2,0
2020-02-24,San Bernardino,071,2135413,21,0,0,0,0
2020-02-24,San Diego,073,3302833,7,2,0,2,0
2020-02-24,San Francisco,075,870044,6,0,0,0,0
2020-02-24,San Joaquin,077,732212,5,0,1,1,0
2020-02-24,San Luis Obispo,079,281455,2,0,0,0,0
2020-02-24,San Mateo,081,765935,13,0,0,0,0
2020-02-24,Santa Barbara,083,443738,0,0,0,0,0
2020-02-24,Santa Clara,085,1922200,38,2,1,3,0
2020-02-24,Santa Cruz,087,273765,5,0,0,0,0
2020-02-24,Shasta,089,179085,0,0,0,0,0
2020-02-24,Sierra,091,2930,0,0,0,0,0
2020-02-24,Siskiyou,093,43540,0,0,0,0,0
2020-02-24,Solano,095,438530,13,15,0,15,0
2020-02-24,Sonoma,097,501317,5,0,0,0,0
2020-02-24,Stanislaus,099,539301,2,0,2,2,0
2020-02-24,Sutter,101,95872,0,0,0,0,0
2020-02-24,Tehama,103,63373,0,0,0,0,0
2020-02-24,Trinity,105,12862,0,0,0,0,0
2020-02-24,Tulare,107,460477,3,0,0,0,0
2020-02-24,Tuolumne,109,53932,0,0,0,0,0
2020-02-24,Ventura,111,848112,4,0,0,0,0
2020-02-24,Yolo,113,214977,1,0,0,0,0
2020-02-24,Yuba,115,75493,0,0,0,0,0
2020-02-23,Alameda,001,1643700,11,0,0,0,0
2020-02-23,Alpine,003,1148,0,0,0,0,0
2020-02-23,Amador,005,37829,0,0,0,0,0
2020-02-23,Butte,007,227075,0,0,0,0,0
2020-02-23,Calaveras,009,45235,0,0,0,0,0
2020-02-23,Colusa,011,21464,0,0,0,0,0
2020-02-23,Contra Costa,013,1133247,6,0,0,0,0
2020-02-23,Del Norte,015,27424,0,0,0,0,0
2020-02-23,El Dorado,017,186661,0,0,0,0,0
2020-02-23,Fresno,019,978130,1,0,0,0,0
2020-02-23,Glenn,021,27897,0,0,0,0,0
2020-02-23,Humboldt,023,135768,1,1,0,1,0
2020-02-23,Imperial,025,180216,1,0,0,0,0
2020-02-23,Inyo,027,18085,0,0,0,0,0
2020-02-23,Kern,029,883053,2,0,0,0,0
2020-02-23,Kings,031,150075,3,0,1,1,0
2020-02-23,Lake,033,64148,0,0,0,0,0
2020-02-23,Lassen,035,31185,0,0,0,0,0
2020-02-23,Los Angeles,037,10098052,63,1,6,7,0
2020-02-23,Madera,039,155013,1,0,0,0,0
2020-02-23,Marin,041,260295,1,0,0,0,0
2020-02-23,Mariposa,043,17540,0,0,0,0,0
2020-02-23,Mendocino,045,87422,0,0,0,0,0
2020-02-23,Merced,047,269075,0,0,0,0,0
2020-02-23,Modoc,049,8938,0,0,0,0,0
2020-02-23,Mono,051,14174,0,0,0,0,0
2020-02-23,Monterey,053,433212,1,0,0,0,0
2020-02-23,Napa,055,140530,0,0,0,0,0
2020-02-23,Nevada,057,99092,0,0,1,1,0
2020-02-23,Orange,059,3164182,44,1,0,1,0
2020-02-23,Placer,061,380077,3,0,0,0,0
2020-02-23,Plumas,063,18699,0,0,0,0,0
2020-02-23,Riverside,065,2383286,9,0,0,0,0
2020-02-23,Sacramento,067,1510023,6,1,0,1,0
2020-02-23,San Benito,069,59416,0,2,0,2,0
2020-02-23,San Bernardino,071,2135413,20,0,0,0,0
2020-02-23,San Diego,073,3302833,6,2,0,2,0
2020-02-23,San Francisco,075,870044,5,0,0,0,0
2020-02-23,San Joaquin,077,732212,4,0,1,1,0
2020-02-23,San Luis Obispo,079,281455,2,0,0,0,0
2020-02-23,San Mateo,081,765935,10,0,0,0,0
2020-02-23,Santa Barbara,083,443738,0,0,0,0,0
2020-02-23,Santa Clara,085,1922200,26,2,1,3,0
2020-02-23,Santa Cruz,087,273765,2,0,0,0,0
2020-02-23,Shasta,089,179085,0,0,0,0,0
2020-02-23,Sierra,091,2930,0,0,0,0,0
2020-02-23,Siskiyou,093,43540,0,0,0,0,0
2020-02-23,Solano,095,438530,11,15,0,15,0
2020-02-23,Sonoma,097,501317,5,0,0,0,0
2020-02-23,Stanislaus,099,539301,2,0,2,2,0
2020-02-23,Sutter,101,95872,0,0,0,0,0
2020-02-23,Tehama,103,63373,0,0,0,0,0
2020-02-23,Trinity,105,12862,0,0,0,0,0
2020-02-23,Tulare,107,460477,2,0,0,0,0
2020-02-23,Tuolumne,109,53932,0,0,0,0,0
2020-02-23,Ventura,111,848112,4,0,0,0,0
2020-02-23,Yolo,113,214977,1,0,0,0,0
2020-02-23,Yuba,115,75493,0,0,0,0,0
2020-02-22,Alameda,001,1643700,10,0,0,0,0
2020-02-22,Alpine,003,1148,0,0,0,0,0
2020-02-22,Amador,005,37829,0,0,0,0,0
2020-02-22,Butte,007,227075,0,0,0,0,0
2020-02-22,Calaveras,009,45235,0,0,0,0,0
2020-02-22,Colusa,011,21464,0,0,0,0,0
2020-02-22,Contra Costa,013,1133247,5,0,0,0,0
2020-02-22,Del Norte,015,27424,0,0,0,0,0
2020-02-22,El Dorado,017,186661,0,0,0,0,0
2020-02-22,Fresno,019,978130,1,0,0,0,0
2020-02-22,Glenn,021,27897,0,0,0,0,0
2020-02-22,Humboldt,023,135768,1,1,0,1,0
2020-02-22,Imperial,025,180216,0,0,0,0,0
2020-02-22,Inyo,027,18085,0,0,0,0,0
2020-02-22,Kern,029,883053,2,0,0,0,0
2020-02-22,Kings,031,150075,3,0,1,1,0
2020-02-22,Lake,033,64148,0,0,0,0,0
2020-02-22,Lassen,035,31185,0,0,0,0,0
2020-02-22,Los Angeles,037,10098052,61,1,6,7,0
2020-02-22,Madera,039,155013,0,0,0,0,0
2020-02-22,Marin,041,260295,1,0,0,0,0
2020-02-22,Mariposa,043,17540,0,0,0,0,0
2020-02-22,Mendocino,045,87422,0,0,0,0,0
2020-02-22,Merced,047,269075,0,0,0,0,0
2020-02-22,Modoc,049,8938,0,0,0,0,0
2020-02-22,Mono,051,14174,0,0,0,0,0
2020-02-22,Monterey,053,433212,1,0,0,0,0
2020-02-22,Napa,055,140530,0,0,0,0,0
2020-02-22,Nevada,057,99092,0,0,1,1,0
2020-02-22,Orange,059,3164182,43,1,0,1,0
2020-02-22,Placer,061,380077,3,0,0,0,0
2020-02-22,Plumas,063,18699,0,0,0,0,0
2020-02-22,Riverside,065,2383286,9,0,0,0,0
2020-02-22,Sacramento,067,1510023,6,1,0,1,0
2020-02-22,San Benito,069,59416,0,2,0,2,0
2020-02-22,San Bernardino,071,2135413,18,0,0,0,0
2020-02-22,San Diego,073,3302833,5,2,0,2,0
2020-02-22,San Francisco,075,870044,3,0,0,0,0
2020-02-22,San Joaquin,077,732212,4,0,1,1,0
2020-02-22,San Luis Obispo,079,281455,2,0,0,0,0
2020-02-22,San Mateo,081,765935,8,0,0,0,0
2020-02-22,Santa Barbara,083,443738,0,0,0,0,0
2020-02-22,Santa Clara,085,1922200,23,2,1,3,0
2020-02-22,Santa Cruz,087,273765,2,0,0,0,0
2020-02-22,Shasta,089,179085,0,0,0,0,0
2020-02-22,Sierra,091,2930,0,0,0,0,0
2020-02-22,Siskiyou,093,43540,0,0,0,0,0
2020-02-22,Solano,095,438530,11,11,0,11,0
2020-02-22,Sonoma,097,501317,4,0,0,0,0
2020-02-22,Stanislaus,099,539301,2,0,2,2,0
2020-02-22,Sutter,101,95872,0,0,0,0,0
2020-02-22,Tehama,103,63373,0,0,0,0,0
2020-02-22,Trinity,105,12862,0,0,0,0,0
2020-02-22,Tulare,107,460477,2,0,0,0,0
2020-02-22,Tuolumne,109,53932,0,0,0,0,0
2020-02-22,Ventura,111,848112,4,0,0,0,0
2020-02-22,Yolo,113,214977,0,0,0,0,0
2020-02-22,Yuba,115,75493,0,0,0,0,0
2020-02-21,Alameda,001,1643700,9,0,0,0,0
2020-02-21,Alpine,003,1148,0,0,0,0,0
2020-02-21,Amador,005,37829,0,0,0,0,0
2020-02-21,Butte,007,227075,0,0,0,0,0
2020-02-21,Calaveras,009,45235,0,0,0,0,0
2020-02-21,Colusa,011,21464,0,0,0,0,0
2020-02-21,Contra Costa,013,1133247,4,0,0,0,0
2020-02-21,Del Norte,015,27424,0,0,0,0,0
2020-02-21,El Dorado,017,186661,0,0,0,0,0
2020-02-21,Fresno,019,978130,1,0,0,0,0
2020-02-21,Glenn,021,27897,0,0,0,0,0
2020-02-21,Humboldt,023,135768,1,1,0,1,0
2020-02-21,Imperial,025,180216,0,0,0,0,0
2020-02-21,Inyo,027,18085,0,0,0,0,0
2020-02-21,Kern,029,883053,2,0,0,0,0
2020-02-21,Kings,031,150075,3,0,1,1,0
2020-02-21,Lake,033,64148,0,0,0,0,0
2020-02-21,Lassen,035,31185,0,0,0,0,0
2020-02-21,Los Angeles,037,10098052,57,1,6,7,0
2020-02-21,Madera,039,155013,0,0,0,0,0
2020-02-21,Marin,041,260295,1,0,0,0,0
2020-02-21,Mariposa,043,17540,0,0,0,0,0
2020-02-21,Mendocino,045,87422,0,0,0,0,0
2020-02-21,Merced,047,269075,0,0,0,0,0
2020-02-21,Modoc,049,8938,0,0,0,0,0
2020-02-21,Mono,051,14174,0,0,0,0,0
2020-02-21,Monterey,053,433212,1,0,0,0,0
2020-02-21,Napa,055,140530,0,0,0,0,0
2020-02-21,Nevada,057,99092,0,0,1,1,0
2020-02-21,Orange,059,3164182,41,1,0,1,0
2020-02-21,Placer,061,380077,2,0,0,0,0
2020-02-21,Plumas,063,18699,0,0,0,0,0
2020-02-21,Riverside,065,2383286,9,0,0,0,0
2020-02-21,Sacramento,067,1510023,5,1,0,1,0
2020-02-21,San Benito,069,59416,0,2,0,2,0
2020-02-21,San Bernardino,071,2135413,17,0,0,0,0
2020-02-21,San Diego,073,3302833,5,2,0,2,0
2020-02-21,San Francisco,075,870044,3,0,0,0,0
2020-02-21,San Joaquin,077,732212,2,0,1,1,0
2020-02-21,San Luis Obispo,079,281455,2,0,0,0,0
2020-02-21,San Mateo,081,765935,8,0,0,0,0
2020-02-21,Santa Barbara,083,443738,0,0,0,0,0
2020-02-21,Santa Clara,085,1922200,21,2,1,3,0
2020-02-21,Santa Cruz,087,273765,2,0,0,0,0
2020-02-21,Shasta,089,179085,0,0,0,0,0
2020-02-21,Sierra,091,2930,0,0,0,0,0
2020-02-21,Siskiyou,093,43540,0,0,0,0,0
2020-02-21,Solano,095,438530,10,11,0,11,0
2020-02-21,Sonoma,097,501317,3,0,0,0,0
2020-02-21,Stanislaus,099,539301,2,0,2,2,0
2020-02-21,Sutter,101,95872,0,0,0,0,0
2020-02-21,Tehama,103,63373,0,0,0,0,0
2020-02-21,Trinity,105,12862,0,0,0,0,0
2020-02-21,Tulare,107,460477,2,0,0,0,0
2020-02-21,Tuolumne,109,53932,0,0,0,0,0
2020-02-21,Ventura,111,848112,4,0,0,0,0
2020-02-21,Yolo,113,214977,0,0,0,0,0
2020-02-21,Yuba,115,75493,0,0,0,0,0
2020-02-20,Alameda,001,1643700,7,0,0,0,0
2020-02-20,Alpine,003,1148,0,0,0,0,0
2020-02-20,Amador,005,37829,0,0,0,0,0
2020-02-20,Butte,007,227075,0,0,0,0,0
2020-02-20,Calaveras,009,45235,0,0,0,0,0
2020-02-20,Colusa,011,21464,0,0,0,0,0
2020-02-20,Contra Costa,013,1133247,3,0,0,0,0
2020-02-20,Del Norte,015,27424,0,0,0,0,0
2020-02-20,El Dorado,017,186661,0,0,0,0,0
2020-02-20,Fresno,019,978130,1,0,0,0,0
2020-02-20,Glenn,021,27897,0,0,0,0,0
2020-02-20,Humboldt,023,135768,1,1,0,1,0
2020-02-20,Imperial,025,180216,0,0,0,0,0
2020-02-20,Inyo,027,18085,0,0,0,0,0
2020-02-20,Kern,029,883053,2,0,0,0,0
2020-02-20,Kings,031,150075,3,0,1,1,0
2020-02-20,Lake,033,64148,0,0,0,0,0
2020-02-20,Lassen,035,31185,0,0,0,0,0
2020-02-20,Los Angeles,037,10098052,56,1,5,6,0
2020-02-20,Madera,039,155013,0,0,0,0,0
2020-02-20,Marin,041,260295,0,0,0,0,0
2020-02-20,Mariposa,043,17540,0,0,0,0,0
2020-02-20,Mendocino,045,87422,0,0,0,0,0
2020-02-20,Merced,047,269075,0,0,0,0,0
2020-02-20,Modoc,049,8938,0,0,0,0,0
2020-02-20,Mono,051,14174,0,0,0,0,0
2020-02-20,Monterey,053,433212,1,0,0,0,0
2020-02-20,Napa,055,140530,0,0,0,0,0
2020-02-20,Nevada,057,99092,0,0,1,1,0
2020-02-20,Orange,059,3164182,41,1,0,1,0
2020-02-20,Placer,061,380077,2,0,0,0,0
2020-02-20,Plumas,063,18699,0,0,0,0,0
2020-02-20,Riverside,065,2383286,7,0,0,0,0
2020-02-20,Sacramento,067,1510023,2,1,0,1,0
2020-02-20,San Benito,069,59416,0,2,0,2,0
2020-02-20,San Bernardino,071,2135413,15,0,0,0,0
2020-02-20,San Diego,073,3302833,5,2,0,2,0
2020-02-20,San Francisco,075,870044,3,0,0,0,0
2020-02-20,San Joaquin,077,732212,2,0,1,1,0
2020-02-20,San Luis Obispo,079,281455,2,0,0,0,0
2020-02-20,San Mateo,081,765935,7,0,0,0,0
2020-02-20,Santa Barbara,083,443738,0,0,0,0,0
2020-02-20,Santa Clara,085,1922200,17,2,1,3,0
2020-02-20,Santa Cruz,087,273765,2,0,0,0,0
2020-02-20,Shasta,089,179085,0,0,0,0,0
2020-02-20,Sierra,091,2930,0,0,0,0,0
2020-02-20,Siskiyou,093,43540,0,0,0,0,0
2020-02-20,Solano,095,438530,8,7,0,7,0
2020-02-20,Sonoma,097,501317,2,0,0,0,0
2020-02-20,Stanislaus,099,539301,2,0,2,2,0
2020-02-20,Sutter,101,95872,0,0,0,0,0
2020-02-20,Tehama,103,63373,0,0,0,0,0
2020-02-20,Trinity,105,12862,0,0,0,0,0
2020-02-20,Tulare,107,460477,2,0,0,0,0
2020-02-20,Tuolumne,109,53932,0,0,0,0,0
2020-02-20,Ventura,111,848112,4,0,0,0,0
2020-02-20,Yolo,113,214977,0,0,0,0,0
2020-02-20,Yuba,115,75493,0,0,0,0,0
2020-02-19,Alameda,001,1643700,6,0,0,0,0
2020-02-19,Alpine,003,1148,0,0,0,0,0
2020-02-19,Amador,005,37829,0,0,0,0,0
2020-02-19,Butte,007,227075,0,0,0,0,0
2020-02-19,Calaveras,009,45235,0,0,0,0,0
2020-02-19,Colusa,011,21464,0,0,0,0,0
2020-02-19,Contra Costa,013,1133247,3,0,0,0,0
2020-02-19,Del Norte,015,27424,0,0,0,0,0
2020-02-19,El Dorado,017,186661,0,0,0,0,0
2020-02-19,Fresno,019,978130,1,0,0,0,0
2020-02-19,Glenn,021,27897,0,0,0,0,0
2020-02-19,Humboldt,023,135768,1,0,0,0,0
2020-02-19,Imperial,025,180216,0,0,0,0,0
2020-02-19,Inyo,027,18085,0,0,0,0,0
2020-02-19,Kern,029,883053,2,0,0,0,0
2020-02-19,Kings,031,150075,3,0,1,1,0
2020-02-19,Lake,033,64148,0,0,0,0,0
2020-02-19,Lassen,035,31185,0,0,0,0,0
2020-02-19,Los Angeles,037,10098052,53,1,5,6,0
2020-02-19,Madera,039,155013,0,0,0,0,0
2020-02-19,Marin,041,260295,0,0,0,0,0
2020-02-19,Mariposa,043,17540,0,0,0,0,0
2020-02-19,Mendocino,045,87422,0,0,0,0,0
2020-02-19,Merced,047,269075,0,0,0,0,0
2020-02-19,Modoc,049,8938,0,0,0,0,0
2020-02-19,Mono,051,14174,0,0,0,0,0
2020-02-19,Monterey,053,433212,1,0,0,0,0
2020-02-19,Napa,055,140530,0,0,0,0,0
2020-02-19,Nevada,057,99092,0,0,1,1,0
2020-02-19,Orange,059,3164182,40,1,0,1,0
2020-02-19,Placer,061,380077,2,0,0,0,0
2020-02-19,Plumas,063,18699,0,0,0,0,0
2020-02-19,Riverside,065,2383286,5,0,0,0,0
2020-02-19,Sacramento,067,1510023,2,0,0,0,0
2020-02-19,San Benito,069,59416,0,2,0,2,0
2020-02-19,San Bernardino,071,2135413,14,0,0,0,0
2020-02-19,San Diego,073,3302833,4,2,0,2,0
2020-02-19,San Francisco,075,870044,2,0,0,0,0
2020-02-19,San Joaquin,077,732212,2,0,1,1,0
2020-02-19,San Luis Obispo,079,281455,2,0,0,0,0
2020-02-19,San Mateo,081,765935,6,0,0,0,0
2020-02-19,Santa Barbara,083,443738,0,0,0,0,0
2020-02-19,Santa Clara,085,1922200,15,2,1,3,0
2020-02-19,Santa Cruz,087,273765,0,0,0,0,0
2020-02-19,Shasta,089,179085,0,0,0,0,0
2020-02-19,Sierra,091,2930,0,0,0,0,0
2020-02-19,Siskiyou,093,43540,0,0,0,0,0
2020-02-19,Solano,095,438530,5,7,0,7,0
2020-02-19,Sonoma,097,501317,2,0,0,0,0
2020-02-19,Stanislaus,099,539301,1,0,2,2,0
2020-02-19,Sutter,101,95872,0,0,0,0,0
2020-02-19,Tehama,103,63373,0,0,0,0,0
2020-02-19,Trinity,105,12862,0,0,0,0,0
2020-02-19,Tulare,107,460477,2,0,0,0,0
2020-02-19,Tuolumne,109,53932,0,0,0,0,0
2020-02-19,Ventura,111,848112,2,0,0,0,0
2020-02-19,Yolo,113,214977,0,0,0,0,0
2020-02-19,Yuba,115,75493,0,0,0,0,0
2020-02-18,Alameda,001,1643700,6,0,0,0,0
2020-02-18,Alpine,003,1148,0,0,0,0,0
2020-02-18,Amador,005,37829,0,0,0,0,0
2020-02-18,Butte,007,227075,0,0,0,0,0
2020-02-18,Calaveras,009,45235,0,0,0,0,0
2020-02-18,Colusa,011,21464,0,0,0,0,0
2020-02-18,Contra Costa,013,1133247,3,0,0,0,0
2020-02-18,Del Norte,015,27424,0,0,0,0,0
2020-02-18,El Dorado,017,186661,0,0,0,0,0
2020-02-18,Fresno,019,978130,0,0,0,0,0
2020-02-18,Glenn,021,27897,0,0,0,0,0
2020-02-18,Humboldt,023,135768,1,0,0,0,0
2020-02-18,Imperial,025,180216,0,0,0,0,0
2020-02-18,Inyo,027,18085,0,0,0,0,0
2020-02-18,Kern,029,883053,2,0,0,0,0
2020-02-18,Kings,031,150075,3,0,1,1,0
2020-02-18,Lake,033,64148,0,0,0,0,0
2020-02-18,Lassen,035,31185,0,0,0,0,0
2020-02-18,Los Angeles,037,10098052,50,1,4,5,0
2020-02-18,Madera,039,155013,0,0,0,0,0
2020-02-18,Marin,041,260295,0,0,0,0,0
2020-02-18,Mariposa,043,17540,0,0,0,0,0
2020-02-18,Mendocino,045,87422,0,0,0,0,0
2020-02-18,Merced,047,269075,0,0,0,0,0
2020-02-18,Modoc,049,8938,0,0,0,0,0
2020-02-18,Mono,051,14174,0,0,0,0,0
2020-02-18,Monterey,053,433212,1,0,0,0,0
2020-02-18,Napa,055,140530,0,0,0,0,0
2020-02-18,Nevada,057,99092,0,0,1,1,0
2020-02-18,Orange,059,3164182,39,1,0,1,0
2020-02-18,Placer,061,380077,0,0,0,0,0
2020-02-18,Plumas,063,18699,0,0,0,0,0
2020-02-18,Riverside,065,2383286,5,0,0,0,0
2020-02-18,Sacramento,067,1510023,2,0,0,0,0
2020-02-18,San Benito,069,59416,0,2,0,2,0
2020-02-18,San Bernardino,071,2135413,13,0,0,0,0
2020-02-18,San Diego,073,3302833,4,2,0,2,0
2020-02-18,San Francisco,075,870044,2,0,0,0,0
2020-02-18,San Joaquin,077,732212,1,0,1,1,0
2020-02-18,San Luis Obispo,079,281455,2,0,0,0,0
2020-02-18,San Mateo,081,765935,5,0,0,0,0
2020-02-18,Santa Barbara,083,443738,0,0,0,0,0
2020-02-18,Santa Clara,085,1922200,14,2,1,3,0
2020-02-18,Santa Cruz,087,273765,0,0,0,0,0
2020-02-18,Shasta,089,179085,0,0,0,0,0
2020-02-18,Sierra,091,2930,0,0,0,0,0
2020-02-18,Siskiyou,093,43540,0,0,0,0,0
2020-02-18,Solano,095,438530,5,7,0,7,0
2020-02-18,Sonoma,097,501317,1,0,0,0,0
2020-02-18,Stanislaus,099,539301,1,0,2,2,0
2020-02-18,Sutter,101,95872,0,0,0,0,0
2020-02-18,Tehama,103,63373,0,0,0,0,0
2020-02-18,Trinity,105,12862,0,0,0,0,0
2020-02-18,Tulare,107,460477,2,0,0,0,0
2020-02-18,Tuolumne,109,53932,0,0,0,0,0
2020-02-18,Ventura,111,848112,2,0,0,0,0
2020-02-18,Yolo,113,214977,0,0,0,0,0
2020-02-18,Yuba,115,75493,0,0,0,0,0
2020-02-17,Alameda,001,1643700,6,0,0,0,0
2020-02-17,Alpine,003,1148,0,0,0,0,0
2020-02-17,Amador,005,37829,0,0,0,0,0
2020-02-17,Butte,007,227075,0,0,0,0,0
2020-02-17,Calaveras,009,45235,0,0,0,0,0
2020-02-17,Colusa,011,21464,0,0,0,0,0
2020-02-17,Contra Costa,013,1133247,3,0,0,0,0
2020-02-17,Del Norte,015,27424,0,0,0,0,0
2020-02-17,El Dorado,017,186661,0,0,0,0,0
2020-02-17,Fresno,019,978130,0,0,0,0,0
2020-02-17,Glenn,021,27897,0,0,0,0,0
2020-02-17,Humboldt,023,135768,1,0,0,0,0
2020-02-17,Imperial,025,180216,0,0,0,0,0
2020-02-17,Inyo,027,18085,0,0,0,0,0
2020-02-17,Kern,029,883053,2,0,0,0,0
2020-02-17,Kings,031,150075,3,0,0,0,0
2020-02-17,Lake,033,64148,0,0,0,0,0
2020-02-17,Lassen,035,31185,0,0,0,0,0
2020-02-17,Los Angeles,037,10098052,47,1,4,5,0
2020-02-17,Madera,039,155013,0,0,0,0,0
2020-02-17,Marin,041,260295,0,0,0,0,0
2020-02-17,Mariposa,043,17540,0,0,0,0,0
2020-02-17,Mendocino,045,87422,0,0,0,0,0
2020-02-17,Merced,047,269075,0,0,0,0,0
2020-02-17,Modoc,049,8938,0,0,0,0,0
2020-02-17,Mono,051,14174,0,0,0,0,0
2020-02-17,Monterey,053,433212,1,0,0,0,0
2020-02-17,Napa,055,140530,0,0,0,0,0
2020-02-17,Nevada,057,99092,0,0,1,1,0
2020-02-17,Orange,059,3164182,39,1,0,1,0
2020-02-17,Placer,061,380077,0,0,0,0,0
2020-02-17,Plumas,063,18699,0,0,0,0,0
2020-02-17,Riverside,065,2383286,5,0,0,0,0
2020-02-17,Sacramento,067,1510023,2,0,0,0,0
2020-02-17,San Benito,069,59416,0,2,0,2,0
2020-02-17,San Bernardino,071,2135413,11,0,0,0,0
2020-02-17,San Diego,073,3302833,4,2,0,2,0
2020-02-17,San Francisco,075,870044,2,0,0,0,0
2020-02-17,San Joaquin,077,732212,1,0,1,1,0
2020-02-17,San Luis Obispo,079,281455,1,0,0,0,0
2020-02-17,San Mateo,081,765935,5,0,0,0,0
2020-02-17,Santa Barbara,083,443738,0,0,0,0,0
2020-02-17,Santa Clara,085,1922200,12,2,1,3,0
2020-02-17,Santa Cruz,087,273765,0,0,0,0,0
2020-02-17,Shasta,089,179085,0,0,0,0,0
2020-02-17,Sierra,091,2930,0,0,0,0,0
2020-02-17,Siskiyou,093,43540,0,0,0,0,0
2020-02-17,Solano,095,438530,3,5,0,5,0
2020-02-17,Sonoma,097,501317,1,0,0,0,0
2020-02-17,Stanislaus,099,539301,1,0,2,2,0
2020-02-17,Sutter,101,95872,0,0,0,0,0
2020-02-17,Tehama,103,63373,0,0,0,0,0
2020-02-17,Trinity,105,12862,0,0,0,0,0
2020-02-17,Tulare,107,460477,2,0,0,0,0
2020-02-17,Tuolumne,109,53932,0,0,0,0,0
2020-02-17,Ventura,111,848112,2,0,0,0,0
2020-02-17,Yolo,113,214977,0,0,0,0,0
2020-02-17,Yuba,115,75493,0,0,0,0,0
2020-02-16,Alameda,001,1643700,5,0,0,0,0
2020-02-16,Alpine,003,1148,0,0,0,0,0
2020-02-16,Amador,005,37829,0,0,0,0,0
2020-02-16,Butte,007,227075,0,0,0,0,0
2020-02-16,Calaveras,009,45235,0,0,0,0,0
2020-02-16,Colusa,011,21464,0,0,0,0,0
2020-02-16,Contra Costa,013,1133247,3,0,0,0,0
2020-02-16,Del Norte,015,27424,0,0,0,0,0
2020-02-16,El Dorado,017,186661,0,0,0,0,0
2020-02-16,Fresno,019,978130,0,0,0,0,0
2020-02-16,Glenn,021,27897,0,0,0,0,0
2020-02-16,Humboldt,023,135768,1,0,0,0,0
2020-02-16,Imperial,025,180216,0,0,0,0,0
2020-02-16,Inyo,027,18085,0,0,0,0,0
2020-02-16,Kern,029,883053,2,0,0,0,0
2020-02-16,Kings,031,150075,3,0,0,0,0
2020-02-16,Lake,033,64148,0,0,0,0,0
2020-02-16,Lassen,035,31185,0,0,0,0,0
2020-02-16,Los Angeles,037,10098052,41,1,4,5,0
2020-02-16,Madera,039,155013,0,0,0,0,0
2020-02-16,Marin,041,260295,0,0,0,0,0
2020-02-16,Mariposa,043,17540,0,0,0,0,0
2020-02-16,Mendocino,045,87422,0,0,0,0,0
2020-02-16,Merced,047,269075,0,0,0,0,0
2020-02-16,Modoc,049,8938,0,0,0,0,0
2020-02-16,Mono,051,14174,0,0,0,0,0
2020-02-16,Monterey,053,433212,1,0,0,0,0
2020-02-16,Napa,055,140530,0,0,0,0,0
2020-02-16,Nevada,057,99092,0,0,0,0,0
2020-02-16,Orange,059,3164182,38,1,0,1,0
2020-02-16,Placer,061,380077,0,0,0,0,0
2020-02-16,Plumas,063,18699,0,0,0,0,0
2020-02-16,Riverside,065,2383286,5,0,0,0,0
2020-02-16,Sacramento,067,1510023,2,0,0,0,0
2020-02-16,San Benito,069,59416,0,2,0,2,0
2020-02-16,San Bernardino,071,2135413,10,0,0,0,0
2020-02-16,San Diego,073,3302833,4,2,0,2,0
2020-02-16,San Francisco,075,870044,2,0,0,0,0
2020-02-16,San Joaquin,077,732212,1,0,1,1,0
2020-02-16,San Luis Obispo,079,281455,1,0,0,0,0
2020-02-16,San Mateo,081,765935,4,0,0,0,0
2020-02-16,Santa Barbara,083,443738,0,0,0,0,0
2020-02-16,Santa Clara,085,1922200,10,2,1,3,0
2020-02-16,Santa Cruz,087,273765,0,0,0,0,0
2020-02-16,Shasta,089,179085,0,0,0,0,0
2020-02-16,Sierra,091,2930,0,0,0,0,0
2020-02-16,Siskiyou,093,43540,0,0,0,0,0
2020-02-16,Solano,095,438530,1,0,0,0,0
2020-02-16,Sonoma,097,501317,1,0,0,0,0
2020-02-16,Stanislaus,099,539301,1,0,2,2,0
2020-02-16,Sutter,101,95872,0,0,0,0,0
2020-02-16,Tehama,103,63373,0,0,0,0,0
2020-02-16,Trinity,105,12862,0,0,0,0,0
2020-02-16,Tulare,107,460477,2,0,0,0,0
2020-02-16,Tuolumne,109,53932,0,0,0,0,0
2020-02-16,Ventura,111,848112,2,0,0,0,0
2020-02-16,Yolo,113,214977,0,0,0,0,0
2020-02-16,Yuba,115,75493,0,0,0,0,0
2020-02-15,Alameda,001,1643700,5,0,0,0,0
2020-02-15,Alpine,003,1148,0,0,0,0,0
2020-02-15,Amador,005,37829,0,0,0,0,0
2020-02-15,Butte,007,227075,0,0,0,0,0
2020-02-15,Calaveras,009,45235,0,0,0,0,0
2020-02-15,Colusa,011,21464,0,0,0,0,0
2020-02-15,Contra Costa,013,1133247,3,0,0,0,0
2020-02-15,Del Norte,015,27424,0,0,0,0,0
2020-02-15,El Dorado,017,186661,0,0,0,0,0
2020-02-15,Fresno,019,978130,0,0,0,0,0
2020-02-15,Glenn,021,27897,0,0,0,0,0
2020-02-15,Humboldt,023,135768,1,0,0,0,0
2020-02-15,Imperial,025,180216,0,0,0,0,0
2020-02-15,Inyo,027,18085,0,0,0,0,0
2020-02-15,Kern,029,883053,2,0,0,0,0
2020-02-15,Kings,031,150075,3,0,0,0,0
2020-02-15,Lake,033,64148,0,0,0,0,0
2020-02-15,Lassen,035,31185,0,0,0,0,0
2020-02-15,Los Angeles,037,10098052,38,1,4,5,0
2020-02-15,Madera,039,155013,0,0,0,0,0
2020-02-15,Marin,041,260295,0,0,0,0,0
2020-02-15,Mariposa,043,17540,0,0,0,0,0
2020-02-15,Mendocino,045,87422,0,0,0,0,0
2020-02-15,Merced,047,269075,0,0,0,0,0
2020-02-15,Modoc,049,8938,0,0,0,0,0
2020-02-15,Mono,051,14174,0,0,0,0,0
2020-02-15,Monterey,053,433212,1,0,0,0,0
2020-02-15,Napa,055,140530,0,0,0,0,0
2020-02-15,Nevada,057,99092,0,0,0,0,0
2020-02-15,Orange,059,3164182,37,1,0,1,0
2020-02-15,Placer,061,380077,0,0,0,0,0
2020-02-15,Plumas,063,18699,0,0,0,0,0
2020-02-15,Riverside,065,2383286,4,0,0,0,0
2020-02-15,Sacramento,067,1510023,2,0,0,0,0
2020-02-15,San Benito,069,59416,0,2,0,2,0
2020-02-15,San Bernardino,071,2135413,9,0,0,0,0
2020-02-15,San Diego,073,3302833,4,2,0,2,0
2020-02-15,San Francisco,075,870044,2,0,0,0,0
2020-02-15,San Joaquin,077,732212,1,0,1,1,0
2020-02-15,San Luis Obispo,079,281455,1,0,0,0,0
2020-02-15,San Mateo,081,765935,4,0,0,0,0
2020-02-15,Santa Barbara,083,443738,0,0,0,0,0
2020-02-15,Santa Clara,085,1922200,10,2,1,3,0
2020-02-15,Santa Cruz,087,273765,0,0,0,0,0
2020-02-15,Shasta,089,179085,0,0,0,0,0
2020-02-15,Sierra,091,2930,0,0,0,0,0
2020-02-15,Siskiyou,093,43540,0,0,0,0,0
2020-02-15,Solano,095,438530,1,0,0,0,0
2020-02-15,Sonoma,097,501317,0,0,0,0,0
2020-02-15,Stanislaus,099,539301,1,0,2,2,0
2020-02-15,Sutter,101,95872,0,0,0,0,0
2020-02-15,Tehama,103,63373,0,0,0,0,0
2020-02-15,Trinity,105,12862,0,0,0,0,0
2020-02-15,Tulare,107,460477,2,0,0,0,0
2020-02-15,Tuolumne,109,53932,0,0,0,0,0
2020-02-15,Ventura,111,848112,2,0,0,0,0
2020-02-15,Yolo,113,214977,0,0,0,0,0
2020-02-15,Yuba,115,75493,0,0,0,0,0
2020-02-14,Alameda,001,1643700,4,0,0,0,0
2020-02-14,Alpine,003,1148,0,0,0,0,0
2020-02-14,Amador,005,37829,0,0,0,0,0
2020-02-14,Butte,007,227075,0,0,0,0,0
2020-02-14,Calaveras,009,45235,0,0,0,0,0
2020-02-14,Colusa,011,21464,0,0,0,0,0
2020-02-14,Contra Costa,013,1133247,3,0,0,0,0
2020-02-14,Del Norte,015,27424,0,0,0,0,0
2020-02-14,El Dorado,017,186661,0,0,0,0,0
2020-02-14,Fresno,019,978130,0,0,0,0,0
2020-02-14,Glenn,021,27897,0,0,0,0,0
2020-02-14,Humboldt,023,135768,1,0,0,0,0
2020-02-14,Imperial,025,180216,0,0,0,0,0
2020-02-14,Inyo,027,18085,0,0,0,0,0
2020-02-14,Kern,029,883053,2,0,0,0,0
2020-02-14,Kings,031,150075,1,0,0,0,0
2020-02-14,Lake,033,64148,0,0,0,0,0
2020-02-14,Lassen,035,31185,0,0,0,0,0
2020-02-14,Los Angeles,037,10098052,33,1,4,5,0
2020-02-14,Madera,039,155013,0,0,0,0,0
2020-02-14,Marin,041,260295,0,0,0,0,0
2020-02-14,Mariposa,043,17540,0,0,0,0,0
2020-02-14,Mendocino,045,87422,0,0,0,0,0
2020-02-14,Merced,047,269075,0,0,0,0,0
2020-02-14,Modoc,049,8938,0,0,0,0,0
2020-02-14,Mono,051,14174,0,0,0,0,0
2020-02-14,Monterey,053,433212,1,0,0,0,0
2020-02-14,Napa,055,140530,0,0,0,0,0
2020-02-14,Nevada,057,99092,0,0,0,0,0
2020-02-14,Orange,059,3164182,37,1,0,1,0
2020-02-14,Placer,061,380077,0,0,0,0,0
2020-02-14,Plumas,063,18699,0,0,0,0,0
2020-02-14,Riverside,065,2383286,4,0,0,0,0
2020-02-14,Sacramento,067,1510023,1,0,0,0,0
2020-02-14,San Benito,069,59416,0,2,0,2,0
2020-02-14,San Bernardino,071,2135413,9,0,0,0,0
2020-02-14,San Diego,073,3302833,3,2,0,2,0
2020-02-14,San Francisco,075,870044,2,0,0,0,0
2020-02-14,San Joaquin,077,732212,1,0,1,1,0
2020-02-14,San Luis Obispo,079,281455,0,0,0,0,0
2020-02-14,San Mateo,081,765935,3,0,0,0,0
2020-02-14,Santa Barbara,083,443738,0,0,0,0,0
2020-02-14,Santa Clara,085,1922200,8,2,1,3,0
2020-02-14,Santa Cruz,087,273765,0,0,0,0,0
2020-02-14,Shasta,089,179085,0,0,0,0,0
2020-02-14,Sierra,091,2930,0,0,0,0,0
2020-02-14,Siskiyou,093,43540,0,0,0,0,0
2020-02-14,Solano,095,438530,1,0,0,0,0
2020-02-14,Sonoma,097,501317,0,0,0,0,0
2020-02-14,Stanislaus,099,539301,1,0,2,2,0
2020-02-14,Sutter,101,95872,0,0,0,0,0
2020-02-14,Tehama,103,63373,0,0,0,0,0
2020-02-14,Trinity,105,12862,0,0,0,0,0
2020-02-14,Tulare,107,460477,2,0,0,0,0
2020-02-14,Tuolumne,109,53932,0,0,0,0,0
2020-02-14,Ventura,111,848112,2,0,0,0,0
2020-02-14,Yolo,113,214977,0,0,0,0,0
2020-02-14,Yuba,115,75493,0,0,0,0,0
2020-02-13,Alameda,001,1643700,4,0,0,0,0
2020-02-13,Alpine,003,1148,0,0,0,0,0
2020-02-13,Amador,005,37829,0,0,0,0,0
2020-02-13,Butte,007,227075,0,0,0,0,0
2020-02-13,Calaveras,009,45235,0,0,0,0,0
2020-02-13,Colusa,011,21464,0,0,0,0,0
2020-02-13,Contra Costa,013,1133247,3,0,0,0,0
2020-02-13,Del Norte,015,27424,0,0,0,0,0
2020-02-13,El Dorado,017,186661,0,0,0,0,0
2020-02-13,Fresno,019,978130,0,0,0,0,0
2020-02-13,Glenn,021,27897,0,0,0,0,0
2020-02-13,Humboldt,023,135768,1,0,0,0,0
2020-02-13,Imperial,025,180216,0,0,0,0,0
2020-02-13,Inyo,027,18085,0,0,0,0,0
2020-02-13,Kern,029,883053,2,0,0,0,0
2020-02-13,Kings,031,150075,1,0,0,0,0
2020-02-13,Lake,033,64148,0,0,0,0,0
2020-02-13,Lassen,035,31185,0,0,0,0,0
2020-02-13,Los Angeles,037,10098052,30,1,3,4,0
2020-02-13,Madera,039,155013,0,0,0,0,0
2020-02-13,Marin,041,260295,0,0,0,0,0
2020-02-13,Mariposa,043,17540,0,0,0,0,0
2020-02-13,Mendocino,045,87422,0,0,0,0,0
2020-02-13,Merced,047,269075,0,0,0,0,0
2020-02-13,Modoc,049,8938,0,0,0,0,0
2020-02-13,Mono,051,14174,0,0,0,0,0
2020-02-13,Monterey,053,433212,1,0,0,0,0
2020-02-13,Napa,055,140530,0,0,0,0,0
2020-02-13,Nevada,057,99092,0,0,0,0,0
2020-02-13,Orange,059,3164182,36,1,0,1,0
2020-02-13,Placer,061,380077,0,0,0,0,0
2020-02-13,Plumas,063,18699,0,0,0,0,0
2020-02-13,Riverside,065,2383286,4,0,0,0,0
2020-02-13,Sacramento,067,1510023,1,0,0,0,0
2020-02-13,San Benito,069,59416,0,2,0,2,0
2020-02-13,San Bernardino,071,2135413,8,0,0,0,0
2020-02-13,San Diego,073,3302833,2,2,0,2,0
2020-02-13,San Francisco,075,870044,2,0,0,0,0
2020-02-13,San Joaquin,077,732212,1,0,1,1,0
2020-02-13,San Luis Obispo,079,281455,0,0,0,0,0
2020-02-13,San Mateo,081,765935,2,0,0,0,0
2020-02-13,Santa Barbara,083,443738,0,0,0,0,0
2020-02-13,Santa Clara,085,1922200,7,2,0,2,0
2020-02-13,Santa Cruz,087,273765,0,0,0,0,0
2020-02-13,Shasta,089,179085,0,0,0,0,0
2020-02-13,Sierra,091,2930,0,0,0,0,0
2020-02-13,Siskiyou,093,43540,0,0,0,0,0
2020-02-13,Solano,095,438530,0,0,0,0,0
2020-02-13,Sonoma,097,501317,0,0,0,0,0
2020-02-13,Stanislaus,099,539301,1,0,1,1,0
2020-02-13,Sutter,101,95872,0,0,0,0,0
2020-02-13,Tehama,103,63373,0,0,0,0,0
2020-02-13,Trinity,105,12862,0,0,0,0,0
2020-02-13,Tulare,107,460477,2,0,0,0,0
2020-02-13,Tuolumne,109,53932,0,0,0,0,0
2020-02-13,Ventura,111,848112,2,0,0,0,0
2020-02-13,Yolo,113,214977,0,0,0,0,0
2020-02-13,Yuba,115,75493,0,0,0,0,0
2020-02-12,Alameda,001,1643700,4,0,0,0,0
2020-02-12,Alpine,003,1148,0,0,0,0,0
2020-02-12,Amador,005,37829,0,0,0,0,0
2020-02-12,Butte,007,227075,0,0,0,0,0
2020-02-12,Calaveras,009,45235,0,0,0,0,0
2020-02-12,Colusa,011,21464,0,0,0,0,0
2020-02-12,Contra Costa,013,1133247,3,0,0,0,0
2020-02-12,Del Norte,015,27424,0,0,0,0,0
2020-02-12,El Dorado,017,186661,0,0,0,0,0
2020-02-12,Fresno,019,978130,0,0,0,0,0
2020-02-12,Glenn,021,27897,0,0,0,0,0
2020-02-12,Humboldt,023,135768,1,0,0,0,0
2020-02-12,Imperial,025,180216,0,0,0,0,0
2020-02-12,Inyo,027,18085,0,0,0,0,0
2020-02-12,Kern,029,883053,2,0,0,0,0
2020-02-12,Kings,031,150075,1,0,0,0,0
2020-02-12,Lake,033,64148,0,0,0,0,0
2020-02-12,Lassen,035,31185,0,0,0,0,0
2020-02-12,Los Angeles,037,10098052,29,1,3,4,0
2020-02-12,Madera,039,155013,0,0,0,0,0
2020-02-12,Marin,041,260295,0,0,0,0,0
2020-02-12,Mariposa,043,17540,0,0,0,0,0
2020-02-12,Mendocino,045,87422,0,0,0,0,0
2020-02-12,Merced,047,269075,0,0,0,0,0
2020-02-12,Modoc,049,8938,0,0,0,0,0
2020-02-12,Mono,051,14174,0,0,0,0,0
2020-02-12,Monterey,053,433212,1,0,0,0,0
2020-02-12,Napa,055,140530,0,0,0,0,0
2020-02-12,Nevada,057,99092,0,0,0,0,0
2020-02-12,Orange,059,3164182,36,1,0,1,0
2020-02-12,Placer,061,380077,0,0,0,0,0
2020-02-12,Plumas,063,18699,0,0,0,0,0
2020-02-12,Riverside,065,2383286,4,0,0,0,0
2020-02-12,Sacramento,067,1510023,1,0,0,0,0
2020-02-12,San Benito,069,59416,0,2,0,2,0
2020-02-12,San Bernardino,071,2135413,8,0,0,0,0
2020-02-12,San Diego,073,3302833,2,2,0,2,0
2020-02-12,San Francisco,075,870044,2,0,0,0,0
2020-02-12,San Joaquin,077,732212,1,0,1,1,0
2020-02-12,San Luis Obispo,079,281455,0,0,0,0,0
2020-02-12,San Mateo,081,765935,2,0,0,0,0
2020-02-12,Santa Barbara,083,443738,0,0,0,0,0
2020-02-12,Santa Clara,085,1922200,6,2,0,2,0
2020-02-12,Santa Cruz,087,273765,0,0,0,0,0
2020-02-12,Shasta,089,179085,0,0,0,0,0
2020-02-12,Sierra,091,2930,0,0,0,0,0
2020-02-12,Siskiyou,093,43540,0,0,0,0,0
2020-02-12,Solano,095,438530,0,0,0,0,0
2020-02-12,Sonoma,097,501317,0,0,0,0,0
2020-02-12,Stanislaus,099,539301,1,0,1,1,0
2020-02-12,Sutter,101,95872,0,0,0,0,0
2020-02-12,Tehama,103,63373,0,0,0,0,0
2020-02-12,Trinity,105,12862,0,0,0,0,0
2020-02-12,Tulare,107,460477,2,0,0,0,0
2020-02-12,Tuolumne,109,53932,0,0,0,0,0
2020-02-12,Ventura,111,848112,2,0,0,0,0
2020-02-12,Yolo,113,214977,0,0,0,0,0
2020-02-12,Yuba,115,75493,0,0,0,0,0
2020-02-11,Alameda,001,1643700,4,0,0,0,0
2020-02-11,Alpine,003,1148,0,0,0,0,0
2020-02-11,Amador,005,37829,0,0,0,0,0
2020-02-11,Butte,007,227075,0,0,0,0,0
2020-02-11,Calaveras,009,45235,0,0,0,0,0
2020-02-11,Colusa,011,21464,0,0,0,0,0
2020-02-11,Contra Costa,013,1133247,3,0,0,0,0
2020-02-11,Del Norte,015,27424,0,0,0,0,0
2020-02-11,El Dorado,017,186661,0,0,0,0,0
2020-02-11,Fresno,019,978130,0,0,0,0,0
2020-02-11,Glenn,021,27897,0,0,0,0,0
2020-02-11,Humboldt,023,135768,1,0,0,0,0
2020-02-11,Imperial,025,180216,0,0,0,0,0
2020-02-11,Inyo,027,18085,0,0,0,0,0
2020-02-11,Kern,029,883053,2,0,0,0,0
2020-02-11,Kings,031,150075,1,0,0,0,0
2020-02-11,Lake,033,64148,0,0,0,0,0
2020-02-11,Lassen,035,31185,0,0,0,0,0
2020-02-11,Los Angeles,037,10098052,29,1,3,4,0
2020-02-11,Madera,039,155013,0,0,0,0,0
2020-02-11,Marin,041,260295,0,0,0,0,0
2020-02-11,Mariposa,043,17540,0,0,0,0,0
2020-02-11,Mendocino,045,87422,0,0,0,0,0
2020-02-11,Merced,047,269075,0,0,0,0,0
2020-02-11,Modoc,049,8938,0,0,0,0,0
2020-02-11,Mono,051,14174,0,0,0,0,0
2020-02-11,Monterey,053,433212,1,0,0,0,0
2020-02-11,Napa,055,140530,0,0,0,0,0
2020-02-11,Nevada,057,99092,0,0,0,0,0
2020-02-11,Orange,059,3164182,35,1,0,1,0
2020-02-11,Placer,061,380077,0,0,0,0,0
2020-02-11,Plumas,063,18699,0,0,0,0,0
2020-02-11,Riverside,065,2383286,4,0,0,0,0
2020-02-11,Sacramento,067,1510023,1,0,0,0,0
2020-02-11,San Benito,069,59416,0,2,0,2,0
2020-02-11,San Bernardino,071,2135413,8,0,0,0,0
2020-02-11,San Diego,073,3302833,2,1,0,1,0
2020-02-11,San Francisco,075,870044,2,0,0,0,0
2020-02-11,San Joaquin,077,732212,0,0,1,1,0
2020-02-11,San Luis Obispo,079,281455,0,0,0,0,0
2020-02-11,San Mateo,081,765935,2,0,0,0,0
2020-02-11,Santa Barbara,083,443738,0,0,0,0,0
2020-02-11,Santa Clara,085,1922200,5,2,0,2,0
2020-02-11,Santa Cruz,087,273765,0,0,0,0,0
2020-02-11,Shasta,089,179085,0,0,0,0,0
2020-02-11,Sierra,091,2930,0,0,0,0,0
2020-02-11,Siskiyou,093,43540,0,0,0,0,0
2020-02-11,Solano,095,438530,0,0,0,0,0
2020-02-11,Sonoma,097,501317,0,0,0,0,0
2020-02-11,Stanislaus,099,539301,1,0,1,1,0
2020-02-11,Sutter,101,95872,0,0,0,0,0
2020-02-11,Tehama,103,63373,0,0,0,0,0
2020-02-11,Trinity,105,12862,0,0,0,0,0
2020-02-11,Tulare,107,460477,2,0,0,0,0
2020-02-11,Tuolumne,109,53932,0,0,0,0,0
2020-02-11,Ventura,111,848112,2,0,0,0,0
2020-02-11,Yolo,113,214977,0,0,0,0,0
2020-02-11,Yuba,115,75493,0,0,0,0,0
2020-02-10,Alameda,001,1643700,4,0,0,0,0
2020-02-10,Alpine,003,1148,0,0,0,0,0
2020-02-10,Amador,005,37829,0,0,0,0,0
2020-02-10,Butte,007,227075,0,0,0,0,0
2020-02-10,Calaveras,009,45235,0,0,0,0,0
2020-02-10,Colusa,011,21464,0,0,0,0,0
2020-02-10,Contra Costa,013,1133247,3,0,0,0,0
2020-02-10,Del Norte,015,27424,0,0,0,0,0
2020-02-10,El Dorado,017,186661,0,0,0,0,0
2020-02-10,Fresno,019,978130,0,0,0,0,0
2020-02-10,Glenn,021,27897,0,0,0,0,0
2020-02-10,Humboldt,023,135768,0,0,0,0,0
2020-02-10,Imperial,025,180216,0,0,0,0,0
2020-02-10,Inyo,027,18085,0,0,0,0,0
2020-02-10,Kern,029,883053,2,0,0,0,0
2020-02-10,Kings,031,150075,1,0,0,0,0
2020-02-10,Lake,033,64148,0,0,0,0,0
2020-02-10,Lassen,035,31185,0,0,0,0,0
2020-02-10,Los Angeles,037,10098052,27,1,3,4,0
2020-02-10,Madera,039,155013,0,0,0,0,0
2020-02-10,Marin,041,260295,0,0,0,0,0
2020-02-10,Mariposa,043,17540,0,0,0,0,0
2020-02-10,Mendocino,045,87422,0,0,0,0,0
2020-02-10,Merced,047,269075,0,0,0,0,0
2020-02-10,Modoc,049,8938,0,0,0,0,0
2020-02-10,Mono,051,14174,0,0,0,0,0
2020-02-10,Monterey,053,433212,1,0,0,0,0
2020-02-10,Napa,055,140530,0,0,0,0,0
2020-02-10,Nevada,057,99092,0,0,0,0,0
2020-02-10,Orange,059,3164182,35,1,0,1,0
2020-02-10,Placer,061,380077,0,0,0,0,0
2020-02-10,Plumas,063,18699,0,0,0,0,0
2020-02-10,Riverside,065,2383286,4,0,0,0,0
2020-02-10,Sacramento,067,1510023,1,0,0,0,0
2020-02-10,San Benito,069,59416,0,2,0,2,0
2020-02-10,San Bernardino,071,2135413,7,0,0,0,0
2020-02-10,San Diego,073,3302833,2,0,0,0,0
2020-02-10,San Francisco,075,870044,2,0,0,0,0
2020-02-10,San Joaquin,077,732212,0,0,1,1,0
2020-02-10,San Luis Obispo,079,281455,0,0,0,0,0
2020-02-10,San Mateo,081,765935,2,0,0,0,0
2020-02-10,Santa Barbara,083,443738,0,0,0,0,0
2020-02-10,Santa Clara,085,1922200,5,2,0,2,0
2020-02-10,Santa Cruz,087,273765,0,0,0,0,0
2020-02-10,Shasta,089,179085,0,0,0,0,0
2020-02-10,Sierra,091,2930,0,0,0,0,0
2020-02-10,Siskiyou,093,43540,0,0,0,0,0
2020-02-10,Solano,095,438530,0,0,0,0,0
2020-02-10,Sonoma,097,501317,0,0,0,0,0
2020-02-10,Stanislaus,099,539301,1,0,0,0,0
2020-02-10,Sutter,101,95872,0,0,0,0,0
2020-02-10,Tehama,103,63373,0,0,0,0,0
2020-02-10,Trinity,105,12862,0,0,0,0,0
2020-02-10,Tulare,107,460477,2,0,0,0,0
2020-02-10,Tuolumne,109,53932,0,0,0,0,0
2020-02-10,Ventura,111,848112,2,0,0,0,0
2020-02-10,Yolo,113,214977,0,0,0,0,0
2020-02-10,Yuba,115,75493,0,0,0,0,0
2020-02-09,Alameda,001,1643700,4,0,0,0,0
2020-02-09,Alpine,003,1148,0,0,0,0,0
2020-02-09,Amador,005,37829,0,0,0,0,0
2020-02-09,Butte,007,227075,0,0,0,0,0
2020-02-09,Calaveras,009,45235,0,0,0,0,0
2020-02-09,Colusa,011,21464,0,0,0,0,0
2020-02-09,Contra Costa,013,1133247,3,0,0,0,0
2020-02-09,Del Norte,015,27424,0,0,0,0,0
2020-02-09,El Dorado,017,186661,0,0,0,0,0
2020-02-09,Fresno,019,978130,0,0,0,0,0
2020-02-09,Glenn,021,27897,0,0,0,0,0
2020-02-09,Humboldt,023,135768,0,0,0,0,0
2020-02-09,Imperial,025,180216,0,0,0,0,0
2020-02-09,Inyo,027,18085,0,0,0,0,0
2020-02-09,Kern,029,883053,2,0,0,0,0
2020-02-09,Kings,031,150075,1,0,0,0,0
2020-02-09,Lake,033,64148,0,0,0,0,0
2020-02-09,Lassen,035,31185,0,0,0,0,0
2020-02-09,Los Angeles,037,10098052,26,1,3,4,0
2020-02-09,Madera,039,155013,0,0,0,0,0
2020-02-09,Marin,041,260295,0,0,0,0,0
2020-02-09,Mariposa,043,17540,0,0,0,0,0
2020-02-09,Mendocino,045,87422,0,0,0,0,0
2020-02-09,Merced,047,269075,0,0,0,0,0
2020-02-09,Modoc,049,8938,0,0,0,0,0
2020-02-09,Mono,051,14174,0,0,0,0,0
2020-02-09,Monterey,053,433212,1,0,0,0,0
2020-02-09,Napa,055,140530,0,0,0,0,0
2020-02-09,Nevada,057,99092,0,0,0,0,0
2020-02-09,Orange,059,3164182,35,1,0,1,0
2020-02-09,Placer,061,380077,0,0,0,0,0
2020-02-09,Plumas,063,18699,0,0,0,0,0
2020-02-09,Riverside,065,2383286,4,0,0,0,0
2020-02-09,Sacramento,067,1510023,0,0,0,0,0
2020-02-09,San Benito,069,59416,0,2,0,2,0
2020-02-09,San Bernardino,071,2135413,7,0,0,0,0
2020-02-09,San Diego,073,3302833,2,0,0,0,0
2020-02-09,San Francisco,075,870044,1,0,0,0,0
2020-02-09,San Joaquin,077,732212,0,0,1,1,0
2020-02-09,San Luis Obispo,079,281455,0,0,0,0,0
2020-02-09,San Mateo,081,765935,2,0,0,0,0
2020-02-09,Santa Barbara,083,443738,0,0,0,0,0
2020-02-09,Santa Clara,085,1922200,4,2,0,2,0
2020-02-09,Santa Cruz,087,273765,0,0,0,0,0
2020-02-09,Shasta,089,179085,0,0,0,0,0
2020-02-09,Sierra,091,2930,0,0,0,0,0
2020-02-09,Siskiyou,093,43540,0,0,0,0,0
2020-02-09,Solano,095,438530,0,0,0,0,0
2020-02-09,Sonoma,097,501317,0,0,0,0,0
2020-02-09,Stanislaus,099,539301,0,0,0,0,0
2020-02-09,Sutter,101,95872,0,0,0,0,0
2020-02-09,Tehama,103,63373,0,0,0,0,0
2020-02-09,Trinity,105,12862,0,0,0,0,0
2020-02-09,Tulare,107,460477,2,0,0,0,0
2020-02-09,Tuolumne,109,53932,0,0,0,0,0
2020-02-09,Ventura,111,848112,1,0,0,0,0
2020-02-09,Yolo,113,214977,0,0,0,0,0
2020-02-09,Yuba,115,75493,0,0,0,0,0
2020-02-08,Alameda,001,1643700,3,0,0,0,0
2020-02-08,Alpine,003,1148,0,0,0,0,0
2020-02-08,Amador,005,37829,0,0,0,0,0
2020-02-08,Butte,007,227075,0,0,0,0,0
2020-02-08,Calaveras,009,45235,0,0,0,0,0
2020-02-08,Colusa,011,21464,0,0,0,0,0
2020-02-08,Contra Costa,013,1133247,2,0,0,0,0
2020-02-08,Del Norte,015,27424,0,0,0,0,0
2020-02-08,El Dorado,017,186661,0,0,0,0,0
2020-02-08,Fresno,019,978130,0,0,0,0,0
2020-02-08,Glenn,021,27897,0,0,0,0,0
2020-02-08,Humboldt,023,135768,0,0,0,0,0
2020-02-08,Imperial,025,180216,0,0,0,0,0
2020-02-08,Inyo,027,18085,0,0,0,0,0
2020-02-08,Kern,029,883053,2,0,0,0,0
2020-02-08,Kings,031,150075,1,0,0,0,0
2020-02-08,Lake,033,64148,0,0,0,0,0
2020-02-08,Lassen,035,31185,0,0,0,0,0
2020-02-08,Los Angeles,037,10098052,23,1,1,2,0
2020-02-08,Madera,039,155013,0,0,0,0,0
2020-02-08,Marin,041,260295,0,0,0,0,0
2020-02-08,Mariposa,043,17540,0,0,0,0,0
2020-02-08,Mendocino,045,87422,0,0,0,0,0
2020-02-08,Merced,047,269075,0,0,0,0,0
2020-02-08,Modoc,049,8938,0,0,0,0,0
2020-02-08,Mono,051,14174,0,0,0,0,0
2020-02-08,Monterey,053,433212,1,0,0,0,0
2020-02-08,Napa,055,140530,0,0,0,0,0
2020-02-08,Nevada,057,99092,0,0,0,0,0
2020-02-08,Orange,059,3164182,35,1,0,1,0
2020-02-08,Placer,061,380077,0,0,0,0,0
2020-02-08,Plumas,063,18699,0,0,0,0,0
2020-02-08,Riverside,065,2383286,4,0,0,0,0
2020-02-08,Sacramento,067,1510023,0,0,0,0,0
2020-02-08,San Benito,069,59416,0,2,0,2,0
2020-02-08,San Bernardino,071,2135413,7,0,0,0,0
2020-02-08,San Diego,073,3302833,1,0,0,0,0
2020-02-08,San Francisco,075,870044,1,0,0,0,0
2020-02-08,San Joaquin,077,732212,0,0,1,1,0
2020-02-08,San Luis Obispo,079,281455,0,0,0,0,0
2020-02-08,San Mateo,081,765935,2,0,0,0,0
2020-02-08,Santa Barbara,083,443738,0,0,0,0,0
2020-02-08,Santa Clara,085,1922200,4,2,0,2,0
2020-02-08,Santa Cruz,087,273765,0,0,0,0,0
2020-02-08,Shasta,089,179085,0,0,0,0,0
2020-02-08,Sierra,091,2930,0,0,0,0,0
2020-02-08,Siskiyou,093,43540,0,0,0,0,0
2020-02-08,Solano,095,438530,0,0,0,0,0
2020-02-08,Sonoma,097,501317,0,0,0,0,0
2020-02-08,Stanislaus,099,539301,0,0,0,0,0
2020-02-08,Sutter,101,95872,0,0,0,0,0
2020-02-08,Tehama,103,63373,0,0,0,0,0
2020-02-08,Trinity,105,12862,0,0,0,0,0
2020-02-08,Tulare,107,460477,2,0,0,0,0
2020-02-08,Tuolumne,109,53932,0,0,0,0,0
2020-02-08,Ventura,111,848112,1,0,0,0,0
2020-02-08,Yolo,113,214977,0,0,0,0,0
2020-02-08,Yuba,115,75493,0,0,0,0,0
2020-02-07,Alameda,001,1643700,3,0,0,0,0
2020-02-07,Alpine,003,1148,0,0,0,0,0
2020-02-07,Amador,005,37829,0,0,0,0,0
2020-02-07,Butte,007,227075,0,0,0,0,0
2020-02-07,Calaveras,009,45235,0,0,0,0,0
2020-02-07,Colusa,011,21464,0,0,0,0,0
2020-02-07,Contra Costa,013,1133247,2,0,0,0,0
2020-02-07,Del Norte,015,27424,0,0,0,0,0
2020-02-07,El Dorado,017,186661,0,0,0,0,0
2020-02-07,Fresno,019,978130,0,0,0,0,0
2020-02-07,Glenn,021,27897,0,0,0,0,0
2020-02-07,Humboldt,023,135768,0,0,0,0,0
2020-02-07,Imperial,025,180216,0,0,0,0,0
2020-02-07,Inyo,027,18085,0,0,0,0,0
2020-02-07,Kern,029,883053,2,0,0,0,0
2020-02-07,Kings,031,150075,1,0,0,0,0
2020-02-07,Lake,033,64148,0,0,0,0,0
2020-02-07,Lassen,035,31185,0,0,0,0,0
2020-02-07,Los Angeles,037,10098052,22,1,0,1,0
2020-02-07,Madera,039,155013,0,0,0,0,0
2020-02-07,Marin,041,260295,0,0,0,0,0
2020-02-07,Mariposa,043,17540,0,0,0,0,0
2020-02-07,Mendocino,045,87422,0,0,0,0,0
2020-02-07,Merced,047,269075,0,0,0,0,0
2020-02-07,Modoc,049,8938,0,0,0,0,0
2020-02-07,Mono,051,14174,0,0,0,0,0
2020-02-07,Monterey,053,433212,1,0,0,0,0
2020-02-07,Napa,055,140530,0,0,0,0,0
2020-02-07,Nevada,057,99092,0,0,0,0,0
2020-02-07,Orange,059,3164182,33,1,0,1,0
2020-02-07,Placer,061,380077,0,0,0,0,0
2020-02-07,Plumas,063,18699,0,0,0,0,0
2020-02-07,Riverside,065,2383286,4,0,0,0,0
2020-02-07,Sacramento,067,1510023,0,0,0,0,0
2020-02-07,San Benito,069,59416,0,2,0,2,0
2020-02-07,San Bernardino,071,2135413,4,0,0,0,0
2020-02-07,San Diego,073,3302833,1,0,0,0,0
2020-02-07,San Francisco,075,870044,1,0,0,0,0
2020-02-07,San Joaquin,077,732212,0,0,1,1,0
2020-02-07,San Luis Obispo,079,281455,0,0,0,0,0
2020-02-07,San Mateo,081,765935,1,0,0,0,0
2020-02-07,Santa Barbara,083,443738,0,0,0,0,0
2020-02-07,Santa Clara,085,1922200,4,2,0,2,0
2020-02-07,Santa Cruz,087,273765,0,0,0,0,0
2020-02-07,Shasta,089,179085,0,0,0,0,0
2020-02-07,Sierra,091,2930,0,0,0,0,0
2020-02-07,Siskiyou,093,43540,0,0,0,0,0
2020-02-07,Solano,095,438530,0,0,0,0,0
2020-02-07,Sonoma,097,501317,0,0,0,0,0
2020-02-07,Stanislaus,099,539301,0,0,0,0,0
2020-02-07,Sutter,101,95872,0,0,0,0,0
2020-02-07,Tehama,103,63373,0,0,0,0,0
2020-02-07,Trinity,105,12862,0,0,0,0,0
2020-02-07,Tulare,107,460477,2,0,0,0,0
2020-02-07,Tuolumne,109,53932,0,0,0,0,0
2020-02-07,Ventura,111,848112,1,0,0,0,0
2020-02-07,Yolo,113,214977,0,0,0,0,0
2020-02-07,Yuba,115,75493,0,0,0,0,0
2020-02-06,Alameda,001,1643700,3,0,0,0,0
2020-02-06,Alpine,003,1148,0,0,0,0,0
2020-02-06,Amador,005,37829,0,0,0,0,0
2020-02-06,Butte,007,227075,0,0,0,0,0
2020-02-06,Calaveras,009,45235,0,0,0,0,0
2020-02-06,Colusa,011,21464,0,0,0,0,0
2020-02-06,Contra Costa,013,1133247,2,0,0,0,0
2020-02-06,Del Norte,015,27424,0,0,0,0,0
2020-02-06,El Dorado,017,186661,0,0,0,0,0
2020-02-06,Fresno,019,978130,0,0,0,0,0
2020-02-06,Glenn,021,27897,0,0,0,0,0
2020-02-06,Humboldt,023,135768,0,0,0,0,0
2020-02-06,Imperial,025,180216,0,0,0,0,0
2020-02-06,Inyo,027,18085,0,0,0,0,0
2020-02-06,Kern,029,883053,2,0,0,0,0
2020-02-06,Kings,031,150075,0,0,0,0,0
2020-02-06,Lake,033,64148,0,0,0,0,0
2020-02-06,Lassen,035,31185,0,0,0,0,0
2020-02-06,Los Angeles,037,10098052,21,1,0,1,0
2020-02-06,Madera,039,155013,0,0,0,0,0
2020-02-06,Marin,041,260295,0,0,0,0,0
2020-02-06,Mariposa,043,17540,0,0,0,0,0
2020-02-06,Mendocino,045,87422,0,0,0,0,0
2020-02-06,Merced,047,269075,0,0,0,0,0
2020-02-06,Modoc,049,8938,0,0,0,0,0
2020-02-06,Mono,051,14174,0,0,0,0,0
2020-02-06,Monterey,053,433212,1,0,0,0,0
2020-02-06,Napa,055,140530,0,0,0,0,0
2020-02-06,Nevada,057,99092,0,0,0,0,0
2020-02-06,Orange,059,3164182,3,1,0,1,0
2020-02-06,Placer,061,380077,0,0,0,0,0
2020-02-06,Plumas,063,18699,0,0,0,0,0
2020-02-06,Riverside,065,2383286,4,0,0,0,0
2020-02-06,Sacramento,067,1510023,0,0,0,0,0
2020-02-06,San Benito,069,59416,0,2,0,2,0
2020-02-06,San Bernardino,071,2135413,4,0,0,0,0
2020-02-06,San Diego,073,3302833,1,0,0,0,0
2020-02-06,San Francisco,075,870044,1,0,0,0,0
2020-02-06,San Joaquin,077,732212,0,0,1,1,0
2020-02-06,San Luis Obispo,079,281455,0,0,0,0,0
2020-02-06,San Mateo,081,765935,1,0,0,0,0
2020-02-06,Santa Barbara,083,443738,0,0,0,0,0
2020-02-06,Santa Clara,085,1922200,4,2,0,2,0
2020-02-06,Santa Cruz,087,273765,0,0,0,0,0
2020-02-06,Shasta,089,179085,0,0,0,0,0
2020-02-06,Sierra,091,2930,0,0,0,0,0
2020-02-06,Siskiyou,093,43540,0,0,0,0,0
2020-02-06,Solano,095,438530,0,0,0,0,0
2020-02-06,Sonoma,097,501317,0,0,0,0,0
2020-02-06,Stanislaus,099,539301,0,0,0,0,0
2020-02-06,Sutter,101,95872,0,0,0,0,0
2020-02-06,Tehama,103,63373,0,0,0,0,0
2020-02-06,Trinity,105,12862,0,0,0,0,0
2020-02-06,Tulare,107,460477,2,0,0,0,0
2020-02-06,Tuolumne,109,53932,0,0,0,0,0
2020-02-06,Ventura,111,848112,1,0,0,0,0
2020-02-06,Yolo,113,214977,0,0,0,0,0
2020-02-06,Yuba,115,75493,0,0,0,0,0
2020-02-05,Alameda,001,1643700,3,0,0,0,0
2020-02-05,Alpine,003,1148,0,0,0,0,0
2020-02-05,Amador,005,37829,0,0,0,0,0
2020-02-05,Butte,007,227075,0,0,0,0,0
2020-02-05,Calaveras,009,45235,0,0,0,0,0
2020-02-05,Colusa,011,21464,0,0,0,0,0
2020-02-05,Contra Costa,013,1133247,2,0,0,0,0
2020-02-05,Del Norte,015,27424,0,0,0,0,0
2020-02-05,El Dorado,017,186661,0,0,0,0,0
2020-02-05,Fresno,019,978130,0,0,0,0,0
2020-02-05,Glenn,021,27897,0,0,0,0,0
2020-02-05,Humboldt,023,135768,0,0,0,0,0
2020-02-05,Imperial,025,180216,0,0,0,0,0
2020-02-05,Inyo,027,18085,0,0,0,0,0
2020-02-05,Kern,029,883053,1,0,0,0,0
2020-02-05,Kings,031,150075,0,0,0,0,0
2020-02-05,Lake,033,64148,0,0,0,0,0
2020-02-05,Lassen,035,31185,0,0,0,0,0
2020-02-05,Los Angeles,037,10098052,21,1,0,1,0
2020-02-05,Madera,039,155013,0,0,0,0,0
2020-02-05,Marin,041,260295,0,0,0,0,0
2020-02-05,Mariposa,043,17540,0,0,0,0,0
2020-02-05,Mendocino,045,87422,0,0,0,0,0
2020-02-05,Merced,047,269075,0,0,0,0,0
2020-02-05,Modoc,049,8938,0,0,0,0,0
2020-02-05,Mono,051,14174,0,0,0,0,0
2020-02-05,Monterey,053,433212,1,0,0,0,0
2020-02-05,Napa,055,140530,0,0,0,0,0
2020-02-05,Nevada,057,99092,0,0,0,0,0
2020-02-05,Orange,059,3164182,1,1,0,1,0
2020-02-05,Placer,061,380077,0,0,0,0,0
2020-02-05,Plumas,063,18699,0,0,0,0,0
2020-02-05,Riverside,065,2383286,4,0,0,0,0
2020-02-05,Sacramento,067,1510023,0,0,0,0,0
2020-02-05,San Benito,069,59416,0,2,0,2,0
2020-02-05,San Bernardino,071,2135413,4,0,0,0,0
2020-02-05,San Diego,073,3302833,0,0,0,0,0
2020-02-05,San Francisco,075,870044,1,0,0,0,0
2020-02-05,San Joaquin,077,732212,0,0,1,1,0
2020-02-05,San Luis Obispo,079,281455,0,0,0,0,0
2020-02-05,San Mateo,081,765935,1,0,0,0,0
2020-02-05,Santa Barbara,083,443738,0,0,0,0,0
2020-02-05,Santa Clara,085,1922200,2,2,0,2,0
2020-02-05,Santa Cruz,087,273765,0,0,0,0,0
2020-02-05,Shasta,089,179085,0,0,0,0,0
2020-02-05,Sierra,091,2930,0,0,0,0,0
2020-02-05,Siskiyou,093,43540,0,0,0,0,0
2020-02-05,Solano,095,438530,0,0,0,0,0
2020-02-05,Sonoma,097,501317,0,0,0,0,0
2020-02-05,Stanislaus,099,539301,0,0,0,0,0
2020-02-05,Sutter,101,95872,0,0,0,0,0
2020-02-05,Tehama,103,63373,0,0,0,0,0
2020-02-05,Trinity,105,12862,0,0,0,0,0
2020-02-05,Tulare,107,460477,2,0,0,0,0
2020-02-05,Tuolumne,109,53932,0,0,0,0,0
2020-02-05,Ventura,111,848112,0,0,0,0,0
2020-02-05,Yolo,113,214977,0,0,0,0,0
2020-02-05,Yuba,115,75493,0,0,0,0,0
2020-02-04,Alameda,001,1643700,3,0,0,0,0
2020-02-04,Alpine,003,1148,0,0,0,0,0
2020-02-04,Amador,005,37829,0,0,0,0,0
2020-02-04,Butte,007,227075,0,0,0,0,0
2020-02-04,Calaveras,009,45235,0,0,0,0,0
2020-02-04,Colusa,011,21464,0,0,0,0,0
2020-02-04,Contra Costa,013,1133247,2,0,0,0,0
2020-02-04,Del Norte,015,27424,0,0,0,0,0
2020-02-04,El Dorado,017,186661,0,0,0,0,0
2020-02-04,Fresno,019,978130,0,0,0,0,0
2020-02-04,Glenn,021,27897,0,0,0,0,0
2020-02-04,Humboldt,023,135768,0,0,0,0,0
2020-02-04,Imperial,025,180216,0,0,0,0,0
2020-02-04,Inyo,027,18085,0,0,0,0,0
2020-02-04,Kern,029,883053,0,0,0,0,0
2020-02-04,Kings,031,150075,0,0,0,0,0
2020-02-04,Lake,033,64148,0,0,0,0,0
2020-02-04,Lassen,035,31185,0,0,0,0,0
2020-02-04,Los Angeles,037,10098052,21,1,0,1,0
2020-02-04,Madera,039,155013,0,0,0,0,0
2020-02-04,Marin,041,260295,0,0,0,0,0
2020-02-04,Mariposa,043,17540,0,0,0,0,0
2020-02-04,Mendocino,045,87422,0,0,0,0,0
2020-02-04,Merced,047,269075,0,0,0,0,0
2020-02-04,Modoc,049,8938,0,0,0,0,0
2020-02-04,Mono,051,14174,0,0,0,0,0
2020-02-04,Monterey,053,433212,1,0,0,0,0
2020-02-04,Napa,055,140530,0,0,0,0,0
2020-02-04,Nevada,057,99092,0,0,0,0,0
2020-02-04,Orange,059,3164182,1,1,0,1,0
2020-02-04,Placer,061,380077,0,0,0,0,0
2020-02-04,Plumas,063,18699,0,0,0,0,0
2020-02-04,Riverside,065,2383286,4,0,0,0,0
2020-02-04,Sacramento,067,1510023,0,0,0,0,0
2020-02-04,San Benito,069,59416,0,2,0,2,0
2020-02-04,San Bernardino,071,2135413,3,0,0,0,0
2020-02-04,San Diego,073,3302833,0,0,0,0,0
2020-02-04,San Francisco,075,870044,1,0,0,0,0
2020-02-04,San Joaquin,077,732212,0,0,1,1,0
2020-02-04,San Luis Obispo,079,281455,0,0,0,0,0
2020-02-04,San Mateo,081,765935,0,0,0,0,0
2020-02-04,Santa Barbara,083,443738,0,0,0,0,0
2020-02-04,Santa Clara,085,1922200,2,2,0,2,0
2020-02-04,Santa Cruz,087,273765,0,0,0,0,0
2020-02-04,Shasta,089,179085,0,0,0,0,0
2020-02-04,Sierra,091,2930,0,0,0,0,0
2020-02-04,Siskiyou,093,43540,0,0,0,0,0
2020-02-04,Solano,095,438530,0,0,0,0,0
2020-02-04,Sonoma,097,501317,0,0,0,0,0
2020-02-04,Stanislaus,099,539301,0,0,0,0,0
2020-02-04,Sutter,101,95872,0,0,0,0,0
2020-02-04,Tehama,103,63373,0,0,0,0,0
2020-02-04,Trinity,105,12862,0,0,0,0,0
2020-02-04,Tulare,107,460477,2,0,0,0,0
2020-02-04,Tuolumne,109,53932,0,0,0,0,0
2020-02-04,Ventura,111,848112,0,0,0,0,0
2020-02-04,Yolo,113,214977,0,0,0,0,0
2020-02-04,Yuba,115,75493,0,0,0,0,0
2020-02-03,Alameda,001,1643700,3,0,0,0,0
2020-02-03,Alpine,003,1148,0,0,0,0,0
2020-02-03,Amador,005,37829,0,0,0,0,0
2020-02-03,Butte,007,227075,0,0,0,0,0
2020-02-03,Calaveras,009,45235,0,0,0,0,0
2020-02-03,Colusa,011,21464,0,0,0,0,0
2020-02-03,Contra Costa,013,1133247,2,0,0,0,0
2020-02-03,Del Norte,015,27424,0,0,0,0,0
2020-02-03,El Dorado,017,186661,0,0,0,0,0
2020-02-03,Fresno,019,978130,0,0,0,0,0
2020-02-03,Glenn,021,27897,0,0,0,0,0
2020-02-03,Humboldt,023,135768,0,0,0,0,0
2020-02-03,Imperial,025,180216,0,0,0,0,0
2020-02-03,Inyo,027,18085,0,0,0,0,0
2020-02-03,Kern,029,883053,0,0,0,0,0
2020-02-03,Kings,031,150075,0,0,0,0,0
2020-02-03,Lake,033,64148,0,0,0,0,0
2020-02-03,Lassen,035,31185,0,0,0,0,0
2020-02-03,Los Angeles,037,10098052,21,1,0,1,0
2020-02-03,Madera,039,155013,0,0,0,0,0
2020-02-03,Marin,041,260295,0,0,0,0,0
2020-02-03,Mariposa,043,17540,0,0,0,0,0
2020-02-03,Mendocino,045,87422,0,0,0,0,0
2020-02-03,Merced,047,269075,0,0,0,0,0
2020-02-03,Modoc,049,8938,0,0,0,0,0
2020-02-03,Mono,051,14174,0,0,0,0,0
2020-02-03,Monterey,053,433212,1,0,0,0,0
2020-02-03,Napa,055,140530,0,0,0,0,0
2020-02-03,Nevada,057,99092,0,0,0,0,0
2020-02-03,Orange,059,3164182,1,1,0,1,0
2020-02-03,Placer,061,380077,0,0,0,0,0
2020-02-03,Plumas,063,18699,0,0,0,0,0
2020-02-03,Riverside,065,2383286,4,0,0,0,0
2020-02-03,Sacramento,067,1510023,0,0,0,0,0
2020-02-03,San Benito,069,59416,0,2,0,2,0
2020-02-03,San Bernardino,071,2135413,3,0,0,0,0
2020-02-03,San Diego,073,3302833,0,0,0,0,0
2020-02-03,San Francisco,075,870044,1,0,0,0,0
2020-02-03,San Joaquin,077,732212,0,0,1,1,0
2020-02-03,San Luis Obispo,079,281455,0,0,0,0,0
2020-02-03,San Mateo,081,765935,0,0,0,0,0
2020-02-03,Santa Barbara,083,443738,0,0,0,0,0
2020-02-03,Santa Clara,085,1922200,2,2,0,2,0
2020-02-03,Santa Cruz,087,273765,0,0,0,0,0
2020-02-03,Shasta,089,179085,0,0,0,0,0
2020-02-03,Sierra,091,2930,0,0,0,0,0
2020-02-03,Siskiyou,093,43540,0,0,0,0,0
2020-02-03,Solano,095,438530,0,0,0,0,0
2020-02-03,Sonoma,097,501317,0,0,0,0,0
2020-02-03,Stanislaus,099,539301,0,0,0,0,0
2020-02-03,Sutter,101,95872,0,0,0,0,0
2020-02-03,Tehama,103,63373,0,0,0,0,0
2020-02-03,Trinity,105,12862,0,0,0,0,0
2020-02-03,Tulare,107,460477,2,0,0,0,0
2020-02-03,Tuolumne,109,53932,0,0,0,0,0
2020-02-03,Ventura,111,848112,0,0,0,0,0
2020-02-03,Yolo,113,214977,0,0,0,0,0
2020-02-03,Yuba,115,75493,0,0,0,0,0
2020-02-02,Alameda,001,1643700,3,0,0,0,0
2020-02-02,Alpine,003,1148,0,0,0,0,0
2020-02-02,Amador,005,37829,0,0,0,0,0
2020-02-02,Butte,007,227075,0,0,0,0,0
2020-02-02,Calaveras,009,45235,0,0,0,0,0
2020-02-02,Colusa,011,21464,0,0,0,0,0
2020-02-02,Contra Costa,013,1133247,1,0,0,0,0
2020-02-02,Del Norte,015,27424,0,0,0,0,0
2020-02-02,El Dorado,017,186661,0,0,0,0,0
2020-02-02,Fresno,019,978130,0,0,0,0,0
2020-02-02,Glenn,021,27897,0,0,0,0,0
2020-02-02,Humboldt,023,135768,0,0,0,0,0
2020-02-02,Imperial,025,180216,0,0,0,0,0
2020-02-02,Inyo,027,18085,0,0,0,0,0
2020-02-02,Kern,029,883053,0,0,0,0,0
2020-02-02,Kings,031,150075,0,0,0,0,0
2020-02-02,Lake,033,64148,0,0,0,0,0
2020-02-02,Lassen,035,31185,0,0,0,0,0
2020-02-02,Los Angeles,037,10098052,17,1,0,1,0
2020-02-02,Madera,039,155013,0,0,0,0,0
2020-02-02,Marin,041,260295,0,0,0,0,0
2020-02-02,Mariposa,043,17540,0,0,0,0,0
2020-02-02,Mendocino,045,87422,0,0,0,0,0
2020-02-02,Merced,047,269075,0,0,0,0,0
2020-02-02,Modoc,049,8938,0,0,0,0,0
2020-02-02,Mono,051,14174,0,0,0,0,0
2020-02-02,Monterey,053,433212,1,0,0,0,0
2020-02-02,Napa,055,140530,0,0,0,0,0
2020-02-02,Nevada,057,99092,0,0,0,0,0
2020-02-02,Orange,059,3164182,1,1,0,1,0
2020-02-02,Placer,061,380077,0,0,0,0,0
2020-02-02,Plumas,063,18699,0,0,0,0,0
2020-02-02,Riverside,065,2383286,3,0,0,0,0
2020-02-02,Sacramento,067,1510023,0,0,0,0,0
2020-02-02,San Benito,069,59416,0,2,0,2,0
2020-02-02,San Bernardino,071,2135413,2,0,0,0,0
2020-02-02,San Diego,073,3302833,0,0,0,0,0
2020-02-02,San Francisco,075,870044,1,0,0,0,0
2020-02-02,San Joaquin,077,732212,0,0,1,1,0
2020-02-02,San Luis Obispo,079,281455,0,0,0,0,0
2020-02-02,San Mateo,081,765935,0,0,0,0,0
2020-02-02,Santa Barbara,083,443738,0,0,0,0,0
2020-02-02,Santa Clara,085,1922200,2,2,0,2,0
2020-02-02,Santa Cruz,087,273765,0,0,0,0,0
2020-02-02,Shasta,089,179085,0,0,0,0,0
2020-02-02,Sierra,091,2930,0,0,0,0,0
2020-02-02,Siskiyou,093,43540,0,0,0,0,0
2020-02-02,Solano,095,438530,0,0,0,0,0
2020-02-02,Sonoma,097,501317,0,0,0,0,0
2020-02-02,Stanislaus,099,539301,0,0,0,0,0
2020-02-02,Sutter,101,95872,0,0,0,0,0
2020-02-02,Tehama,103,63373,0,0,0,0,0
2020-02-02,Trinity,105,12862,0,0,0,0,0
2020-02-02,Tulare,107,460477,2,0,0,0,0
2020-02-02,Tuolumne,109,53932,0,0,0,0,0
2020-02-02,Ventura,111,848112,0,0,0,0,0
2020-02-02,Yolo,113,214977,0,0,0,0,0
2020-02-02,Yuba,115,75493,0,0,0,0,0
2020-02-01,Alameda,001,1643700,3,0,0,0,0
2020-02-01,Alpine,003,1148,0,0,0,0,0
2020-02-01,Amador,005,37829,0,0,0,0,0
2020-02-01,Butte,007,227075,0,0,0,0,0
2020-02-01,Calaveras,009,45235,0,0,0,0,0
2020-02-01,Colusa,011,21464,0,0,0,0,0
2020-02-01,Contra Costa,013,1133247,0,0,0,0,0
2020-02-01,Del Norte,015,27424,0,0,0,0,0
2020-02-01,El Dorado,017,186661,0,0,0,0,0
2020-02-01,Fresno,019,978130,0,0,0,0,0
2020-02-01,Glenn,021,27897,0,0,0,0,0
2020-02-01,Humboldt,023,135768,0,0,0,0,0
2020-02-01,Imperial,025,180216,0,0,0,0,0
2020-02-01,Inyo,027,18085,0,0,0,0,0
2020-02-01,Kern,029,883053,0,0,0,0,0
2020-02-01,Kings,031,150075,0,0,0,0,0
2020-02-01,Lake,033,64148,0,0,0,0,0
2020-02-01,Lassen,035,31185,0,0,0,0,0
2020-02-01,Los Angeles,037,10098052,13,1,0,1,0
2020-02-01,Madera,039,155013,0,0,0,0,0
2020-02-01,Marin,041,260295,0,0,0,0,0
2020-02-01,Mariposa,043,17540,0,0,0,0,0
2020-02-01,Mendocino,045,87422,0,0,0,0,0
2020-02-01,Merced,047,269075,0,0,0,0,0
2020-02-01,Modoc,049,8938,0,0,0,0,0
2020-02-01,Mono,051,14174,0,0,0,0,0
2020-02-01,Monterey,053,433212,0,0,0,0,0
2020-02-01,Napa,055,140530,0,0,0,0,0
2020-02-01,Nevada,057,99092,0,0,0,0,0
2020-02-01,Orange,059,3164182,1,1,0,1,0
2020-02-01,Placer,061,380077,0,0,0,0,0
2020-02-01,Plumas,063,18699,0,0,0,0,0
2020-02-01,Riverside,065,2383286,2,0,0,0,0
2020-02-01,Sacramento,067,1510023,0,0,0,0,0
2020-02-01,San Benito,069,59416,0,0,0,0,0
2020-02-01,San Bernardino,071,2135413,1,0,0,0,0
2020-02-01,San Diego,073,3302833,0,0,0,0,0
2020-02-01,San Francisco,075,870044,1,0,0,0,0
2020-02-01,San Joaquin,077,732212,0,0,1,1,0
2020-02-01,San Luis Obispo,079,281455,0,0,0,0,0
2020-02-01,San Mateo,081,765935,0,0,0,0,0
2020-02-01,Santa Barbara,083,443738,0,0,0,0,0
2020-02-01,Santa Clara,085,1922200,2,1,0,1,0
2020-02-01,Santa Cruz,087,273765,0,0,0,0,0
2020-02-01,Shasta,089,179085,0,0,0,0,0
2020-02-01,Sierra,091,2930,0,0,0,0,0
2020-02-01,Siskiyou,093,43540,0,0,0,0,0
2020-02-01,Solano,095,438530,0,0,0,0,0
2020-02-01,Sonoma,097,501317,0,0,0,0,0
2020-02-01,Stanislaus,099,539301,0,0,0,0,0
2020-02-01,Sutter,101,95872,0,0,0,0,0
2020-02-01,Tehama,103,63373,0,0,0,0,0
2020-02-01,Trinity,105,12862,0,0,0,0,0
2020-02-01,Tulare,107,460477,1,0,0,0,0
2020-02-01,Tuolumne,109,53932,0,0,0,0,0
2020-02-01,Ventura,111,848112,0,0,0,0,0
2020-02-01,Yolo,113,214977,0,0,0,0,0
2020-02-01,Yuba,115,75493,0,0,0,0,0
