date,county,fips,population,confirmed_cases,reported_cases,probable_cases,reported_and_probable_cases,reported_deaths
2022-08-22,Alameda,001,1643700,338587,338591,19353,357944,1976
2022-08-22,Alpine,003,1148,131,131,1,132,0
2022-08-22,Amador,005,37829,9785,9786,867,10653,89
2022-08-22,Butte,007,227075,38458,38458,8440,46898,449
2022-08-22,Calaveras,009,45235,8334,8334,496,8830,132
2022-08-22,Colusa,011,21464,3720,3722,1209,4931,22
2022-08-22,Contra Costa,013,1133247,242630,242633,19240,261873,1399
2022-08-22,Del Norte,015,27424,7307,7308,381,7689,55
2022-08-22,El Dorado,017,186661,31682,31682,4081,35763,225
2022-08-22,Fresno,019,978130,269023,269025,28595,297620,2822
2022-08-22,Glenn,021,27897,5423,5423,1814,7237,48
2022-08-22,Humboldt,023,135768,21192,21195,4565,25760,153
2022-08-22,Imperial,025,180216,64269,64271,14824,79095,951
2022-08-22,Inyo,027,18085,4440,4440,850,5290,59
2022-08-22,Kern,029,883053,215213,215225,55496,270721,2399
2022-08-22,Kings,031,150075,58322,58324,3935,62259,454
2022-08-22,Lake,033,64148,12476,12476,1094,13570,142
2022-08-22,Lassen,035,31185,9867,9867,970,10837,64
2022-08-22,Los Angeles,037,10098052,3211065,3211321,170860,3382181,32783
2022-08-22,Madera,039,155013,42982,42984,7627,50611,372
2022-08-22,Marin,041,260295,44078,44082,5066,49148,305
2022-08-22,Mariposa,043,17540,3010,3010,316,3326,31
2022-08-22,Mendocino,045,87422,15623,15623,4188,19811,134
2022-08-22,Merced,047,269075,70662,70665,10770,81435,849
2022-08-22,Modoc,049,8938,864,864,315,1179,11
2022-08-22,Mono,051,14174,3181,3181,233,3414,7
2022-08-22,Monterey,053,433212,92589,92590,19860,112450,760
2022-08-22,Napa,055,140530,31601,31602,1369,32971,156
2022-08-22,Nevada,057,99092,18560,18565,1678,20243,132
2022-08-22,Orange,059,3164182,654891,654893,58290,713183,7312
2022-08-22,Placer,061,380077,74226,74226,9092,83318,657
2022-08-22,Plumas,063,18699,3555,3555,427,3982,13
2022-08-22,Riverside,065,2383286,681748,681805,33689,715494,6573
2022-08-22,Sacramento,067,1510023,339005,339009,32292,371301,3208
2022-08-22,San Benito,069,59416,15743,15745,870,16615,103
2022-08-22,San Bernardino,071,2135413,651438,651496,28999,680495,8018
2022-08-22,San Diego,073,3302833,906885,906885,69069,975954,5453
2022-08-22,San Francisco,075,870044,174723,174731,11653,186384,974
2022-08-22,San Joaquin,077,732212,193362,193370,13441,206811,2288
2022-08-22,San Luis Obispo,079,281455,61951,61962,6757,68719,515
2022-08-22,San Mateo,081,765935,164305,164307,10178,174485,738
2022-08-22,Santa Barbara,083,443738,103237,103237,6421,109658,716
2022-08-22,Santa Clara,085,1922200,421466,421483,18151,439634,2454
2022-08-22,Santa Cruz,087,273765,61387,61387,3237,64624,270
2022-08-22,Shasta,089,179085,34180,34180,7092,41272,589
2022-08-22,Sierra,091,2930,301,301,59,360,5
2022-08-22,Siskiyou,093,43540,5133,5133,3232,8365,88
2022-08-22,Solano,095,438530,102619,102631,7381,110012,459
2022-08-22,Sonoma,097,501317,104437,104444,4926,109370,520
2022-08-22,Stanislaus,099,539301,134874,134894,20181,155075,1720
2022-08-22,Sutter,101,95872,23668,23673,2396,26069,228
2022-08-22,Tehama,103,63373,13312,13312,2972,16284,209
2022-08-22,Trinity,105,12862,1369,1369,355,1724,20
2022-08-22,Tulare,107,460477,119642,119644,34010,153654,1525
2022-08-22,Tuolumne,109,53932,15140,15140,876,16016,196
2022-08-22,Ventura,111,848112,204062,204064,14291,218355,1551
2022-08-22,Yolo,113,214977,46665,46665,4165,50830,333
2022-08-22,Yuba,115,75493,18422,18425,1620,20045,129
2022-08-21,Alameda,001,1643700,338587,337238,19353,356591,1970
2022-08-21,Alpine,003,1148,131,131,1,132,0
2022-08-21,Amador,005,37829,9785,9761,867,10628,89
2022-08-21,Butte,007,227075,38458,38316,8440,46756,449
2022-08-21,Calaveras,009,45235,8334,8313,496,8809,132
2022-08-21,Colusa,011,21464,3720,3718,1209,4927,22
2022-08-21,Contra Costa,013,1133247,242630,241665,19240,260905,1399
2022-08-21,Del Norte,015,27424,7307,7290,381,7671,55
2022-08-21,El Dorado,017,186661,31682,31600,4081,35681,225
2022-08-21,Fresno,019,978130,269023,268147,28595,296742,2822
2022-08-21,Glenn,021,27897,5423,5413,1814,7227,48
2022-08-21,Humboldt,023,135768,21192,21104,4565,25669,153
2022-08-21,Imperial,025,180216,64269,64092,14824,78916,951
2022-08-21,Inyo,027,18085,4440,4435,850,5285,59
2022-08-21,Kern,029,883053,215213,214656,55496,270152,2389
2022-08-21,Kings,031,150075,58322,58109,3935,62044,454
2022-08-21,Lake,033,64148,12476,12426,1094,13520,142
2022-08-21,Lassen,035,31185,9867,9843,970,10813,64
2022-08-21,Los Angeles,037,10098052,3211065,3200023,170860,3370883,32746
2022-08-21,Madera,039,155013,42982,42822,7627,50449,372
2022-08-21,Marin,041,260295,44078,43966,5066,49032,305
2022-08-21,Mariposa,043,17540,3010,3003,316,3319,31
2022-08-21,Mendocino,045,87422,15623,15578,4188,19766,134
2022-08-21,Merced,047,269075,70662,70449,10770,81219,846
2022-08-21,Modoc,049,8938,864,862,315,1177,11
2022-08-21,Mono,051,14174,3181,3177,233,3410,7
2022-08-21,Monterey,053,433212,92589,92287,19860,112147,760
2022-08-21,Napa,055,140530,31601,31534,1369,32903,156
2022-08-21,Nevada,057,99092,18560,18497,1678,20175,132
2022-08-21,Orange,059,3164182,654891,652703,58290,710993,7280
2022-08-21,Placer,061,380077,74226,74027,9092,83119,657
2022-08-21,Plumas,063,18699,3555,3550,427,3977,13
2022-08-21,Riverside,065,2383286,681748,679298,33689,712987,6574
2022-08-21,Sacramento,067,1510023,339005,337745,32292,370037,3208
2022-08-21,San Benito,069,59416,15743,15698,870,16568,103
2022-08-21,San Bernardino,071,2135413,651438,648583,28999,677582,8014
2022-08-21,San Diego,073,3302833,906885,904015,69069,973084,5448
2022-08-21,San Francisco,075,870044,174723,174151,11653,185804,973
2022-08-21,San Joaquin,077,732212,193362,192738,13441,206179,2288
2022-08-21,San Luis Obispo,079,281455,61951,61764,6757,68521,516
2022-08-21,San Mateo,081,765935,164305,163705,10178,173883,738
2022-08-21,Santa Barbara,083,443738,103237,102795,6421,109216,713
2022-08-21,Santa Clara,085,1922200,421466,419723,18151,437874,2437
2022-08-21,Santa Cruz,087,273765,61387,61098,3237,64335,269
2022-08-21,Shasta,089,179085,34180,34105,7092,41197,588
2022-08-21,Sierra,091,2930,301,298,59,357,4
2022-08-21,Siskiyou,093,43540,5133,5119,3232,8351,88
2022-08-21,Solano,095,438530,102619,102355,7381,109736,457
2022-08-21,Sonoma,097,501317,104437,104090,4926,109016,511
2022-08-21,Stanislaus,099,539301,134874,134407,20181,154588,1719
2022-08-21,Sutter,101,95872,23668,23587,2396,25983,228
2022-08-21,Tehama,103,63373,13312,13289,2972,16261,209
2022-08-21,Trinity,105,12862,1369,1366,355,1721,20
2022-08-21,Tulare,107,460477,119642,119251,34010,153261,1521
2022-08-21,Tuolumne,109,53932,15140,15085,876,15961,196
2022-08-21,Ventura,111,848112,204062,203318,14291,217609,1547
2022-08-21,Yolo,113,214977,46665,46567,4165,50732,333
2022-08-21,Yuba,115,75493,18422,18363,1620,19983,129
2022-08-20,Alameda,001,1643700,338548,337238,19353,356591,1970
2022-08-20,Alpine,003,1148,131,131,1,132,0
2022-08-20,Amador,005,37829,9782,9761,867,10628,89
2022-08-20,Butte,007,227075,38452,38316,8440,46756,449
2022-08-20,Calaveras,009,45235,8334,8313,496,8809,132
2022-08-20,Colusa,011,21464,3720,3718,1209,4927,22
2022-08-20,Contra Costa,013,1133247,242598,241665,19240,260905,1399
2022-08-20,Del Norte,015,27424,7306,7290,381,7671,55
2022-08-20,El Dorado,017,186661,31678,31600,4081,35681,225
2022-08-20,Fresno,019,978130,268966,268147,28595,296742,2822
2022-08-20,Glenn,021,27897,5422,5413,1814,7227,48
2022-08-20,Humboldt,023,135768,21188,21104,4565,25669,153
2022-08-20,Imperial,025,180216,64259,64092,14824,78916,951
2022-08-20,Inyo,027,18085,4440,4435,850,5285,59
2022-08-20,Kern,029,883053,215189,214656,55496,270152,2389
2022-08-20,Kings,031,150075,58302,58109,3935,62044,454
2022-08-20,Lake,033,64148,12470,12426,1094,13520,142
2022-08-20,Lassen,035,31185,9867,9843,970,10813,64
2022-08-20,Los Angeles,037,10098052,3211012,3200023,170860,3370883,32746
2022-08-20,Madera,039,155013,42976,42822,7627,50449,372
2022-08-20,Marin,041,260295,44070,43966,5066,49032,305
2022-08-20,Mariposa,043,17540,3010,3003,316,3319,31
2022-08-20,Mendocino,045,87422,15621,15578,4188,19766,134
2022-08-20,Merced,047,269075,70657,70449,10770,81219,846
2022-08-20,Modoc,049,8938,864,862,315,1177,11
2022-08-20,Mono,051,14174,3181,3177,233,3410,7
2022-08-20,Monterey,053,433212,92583,92287,19860,112147,760
2022-08-20,Napa,055,140530,31601,31534,1369,32903,156
2022-08-20,Nevada,057,99092,18560,18497,1678,20175,132
2022-08-20,Orange,059,3164182,654839,652703,58290,710993,7280
2022-08-20,Placer,061,380077,74216,74027,9092,83119,657
2022-08-20,Plumas,063,18699,3555,3550,427,3977,13
2022-08-20,Riverside,065,2383286,681718,679298,33689,712987,6574
2022-08-20,Sacramento,067,1510023,338979,337745,32292,370037,3208
2022-08-20,San Benito,069,59416,15740,15698,870,16568,103
2022-08-20,San Bernardino,071,2135413,651408,648583,28999,677582,8014
2022-08-20,San Diego,073,3302833,906805,904015,69069,973084,5448
2022-08-20,San Francisco,075,870044,174707,174151,11653,185804,973
2022-08-20,San Joaquin,077,732212,193331,192738,13441,206179,2288
2022-08-20,San Luis Obispo,079,281455,61946,61764,6757,68521,516
2022-08-20,San Mateo,081,765935,164277,163705,10178,173883,738
2022-08-20,Santa Barbara,083,443738,103213,102795,6421,109216,713
2022-08-20,Santa Clara,085,1922200,421419,419723,18151,437874,2437
2022-08-20,Santa Cruz,087,273765,61385,61098,3237,64335,269
2022-08-20,Shasta,089,179085,34179,34105,7092,41197,588
2022-08-20,Sierra,091,2930,301,298,59,357,4
2022-08-20,Siskiyou,093,43540,5131,5119,3232,8351,88
2022-08-20,Solano,095,438530,102614,102355,7381,109736,457
2022-08-20,Sonoma,097,501317,104422,104090,4926,109016,511
2022-08-20,Stanislaus,099,539301,134854,134407,20181,154588,1719
2022-08-20,Sutter,101,95872,23651,23587,2396,25983,228
2022-08-20,Tehama,103,63373,13312,13289,2972,16261,209
2022-08-20,Trinity,105,12862,1369,1366,355,1721,20
2022-08-20,Tulare,107,460477,119616,119251,34010,153261,1521
2022-08-20,Tuolumne,109,53932,15137,15085,876,15961,196
2022-08-20,Ventura,111,848112,204039,203318,14291,217609,1547
2022-08-20,Yolo,113,214977,46665,46567,4165,50732,333
2022-08-20,Yuba,115,75493,18419,18363,1620,19983,129
2022-08-19,Alameda,001,1643700,338398,337238,19353,356591,1970
2022-08-19,Alpine,003,1148,131,131,1,132,0
2022-08-19,Amador,005,37829,9781,9761,867,10628,89
2022-08-19,Butte,007,227075,38440,38316,8440,46756,449
2022-08-19,Calaveras,009,45235,8334,8313,496,8809,132
2022-08-19,Colusa,011,21464,3720,3718,1209,4927,22
2022-08-19,Contra Costa,013,1133247,242513,241665,19240,260905,1399
2022-08-19,Del Norte,015,27424,7301,7290,381,7671,55
2022-08-19,El Dorado,017,186661,31672,31600,4081,35681,225
2022-08-19,Fresno,019,978130,268848,268147,28595,296742,2822
2022-08-19,Glenn,021,27897,5421,5413,1814,7227,48
2022-08-19,Humboldt,023,135768,21183,21104,4565,25669,153
2022-08-19,Imperial,025,180216,64244,64092,14824,78916,951
2022-08-19,Inyo,027,18085,4440,4435,850,5285,59
2022-08-19,Kern,029,883053,215146,214656,55496,270152,2389
2022-08-19,Kings,031,150075,58260,58109,3935,62044,454
2022-08-19,Lake,033,64148,12460,12426,1094,13520,142
2022-08-19,Lassen,035,31185,9865,9843,970,10813,64
2022-08-19,Los Angeles,037,10098052,3210491,3200023,170860,3370883,32746
2022-08-19,Madera,039,155013,42964,42822,7627,50449,372
2022-08-19,Marin,041,260295,44045,43966,5066,49032,305
2022-08-19,Mariposa,043,17540,3007,3003,316,3319,31
2022-08-19,Mendocino,045,87422,15614,15578,4188,19766,134
2022-08-19,Merced,047,269075,70646,70449,10770,81219,846
2022-08-19,Modoc,049,8938,864,862,315,1177,11
2022-08-19,Mono,051,14174,3179,3177,233,3410,7
2022-08-19,Monterey,053,433212,92554,92287,19860,112147,760
2022-08-19,Napa,055,140530,31588,31534,1369,32903,156
2022-08-19,Nevada,057,99092,18559,18497,1678,20175,132
2022-08-19,Orange,059,3164182,654623,652703,58290,710993,7280
2022-08-19,Placer,061,380077,74204,74027,9092,83119,657
2022-08-19,Plumas,063,18699,3555,3550,427,3977,13
2022-08-19,Riverside,065,2383286,681521,679298,33689,712987,6574
2022-08-19,Sacramento,067,1510023,338854,337745,32292,370037,3208
2022-08-19,San Benito,069,59416,15738,15698,870,16568,103
2022-08-19,San Bernardino,071,2135413,651223,648583,28999,677582,8014
2022-08-19,San Diego,073,3302833,906471,904015,69069,973084,5448
2022-08-19,San Francisco,075,870044,174601,174151,11653,185804,973
2022-08-19,San Joaquin,077,732212,193270,192738,13441,206179,2288
2022-08-19,San Luis Obispo,079,281455,61939,61764,6757,68521,516
2022-08-19,San Mateo,081,765935,164180,163705,10178,173883,738
2022-08-19,Santa Barbara,083,443738,103172,102795,6421,109216,713
2022-08-19,Santa Clara,085,1922200,421168,419723,18151,437874,2437
2022-08-19,Santa Cruz,087,273765,61362,61098,3237,64335,269
2022-08-19,Shasta,089,179085,34176,34105,7092,41197,588
2022-08-19,Sierra,091,2930,301,298,59,357,4
2022-08-19,Siskiyou,093,43540,5125,5119,3232,8351,88
2022-08-19,Solano,095,438530,102569,102355,7381,109736,457
2022-08-19,Sonoma,097,501317,104381,104090,4926,109016,511
2022-08-19,Stanislaus,099,539301,134805,134407,20181,154588,1719
2022-08-19,Sutter,101,95872,23640,23587,2396,25983,228
2022-08-19,Tehama,103,63373,13312,13289,2972,16261,209
2022-08-19,Trinity,105,12862,1369,1366,355,1721,20
2022-08-19,Tulare,107,460477,119554,119251,34010,153261,1521
2022-08-19,Tuolumne,109,53932,15136,15085,876,15961,196
2022-08-19,Ventura,111,848112,203956,203318,14291,217609,1547
2022-08-19,Yolo,113,214977,46649,46567,4165,50732,333
2022-08-19,Yuba,115,75493,18412,18363,1620,19983,129
2022-08-18,Alameda,001,1643700,338154,337238,19353,356591,1970
2022-08-18,Alpine,003,1148,131,131,1,132,0
2022-08-18,Amador,005,37829,9778,9761,867,10628,89
2022-08-18,Butte,007,227075,38418,38316,8440,46756,449
2022-08-18,Calaveras,009,45235,8328,8313,496,8809,132
2022-08-18,Colusa,011,21464,3720,3718,1209,4927,22
2022-08-18,Contra Costa,013,1133247,242349,241665,19240,260905,1399
2022-08-18,Del Norte,015,27424,7296,7290,381,7671,55
2022-08-18,El Dorado,017,186661,31658,31600,4081,35681,225
2022-08-18,Fresno,019,978130,268653,268147,28595,296742,2822
2022-08-18,Glenn,021,27897,5417,5413,1814,7227,48
2022-08-18,Humboldt,023,135768,21168,21104,4565,25669,153
2022-08-18,Imperial,025,180216,64225,64092,14824,78916,951
2022-08-18,Inyo,027,18085,4439,4435,850,5285,59
2022-08-18,Kern,029,883053,215029,214656,55496,270152,2389
2022-08-18,Kings,031,150075,58219,58109,3935,62044,454
2022-08-18,Lake,033,64148,12448,12426,1094,13520,142
2022-08-18,Lassen,035,31185,9864,9843,970,10813,64
2022-08-18,Los Angeles,037,10098052,3208800,3200023,170860,3370883,32746
2022-08-18,Madera,039,155013,42927,42822,7627,50449,372
2022-08-18,Marin,041,260295,44024,43966,5066,49032,305
2022-08-18,Mariposa,043,17540,3006,3003,316,3319,31
2022-08-18,Mendocino,045,87422,15607,15578,4188,19766,134
2022-08-18,Merced,047,269075,70602,70449,10770,81219,846
2022-08-18,Modoc,049,8938,864,862,315,1177,11
2022-08-18,Mono,051,14174,3179,3177,233,3410,7
2022-08-18,Monterey,053,433212,92480,92287,19860,112147,760
2022-08-18,Napa,055,140530,31574,31534,1369,32903,156
2022-08-18,Nevada,057,99092,18543,18497,1678,20175,132
2022-08-18,Orange,059,3164182,654191,652703,58290,710993,7280
2022-08-18,Placer,061,380077,74161,74027,9092,83119,657
2022-08-18,Plumas,063,18699,3552,3550,427,3977,13
2022-08-18,Riverside,065,2383286,681039,679298,33689,712987,6574
2022-08-18,Sacramento,067,1510023,338586,337745,32292,370037,3208
2022-08-18,San Benito,069,59416,15728,15698,870,16568,103
2022-08-18,San Bernardino,071,2135413,650666,648583,28999,677582,8014
2022-08-18,San Diego,073,3302833,905888,904015,69069,973084,5448
2022-08-18,San Francisco,075,870044,174485,174151,11653,185804,973
2022-08-18,San Joaquin,077,732212,193124,192738,13441,206179,2288
2022-08-18,San Luis Obispo,079,281455,61911,61764,6757,68521,516
2022-08-18,San Mateo,081,765935,164026,163705,10178,173883,738
2022-08-18,Santa Barbara,083,443738,103075,102795,6421,109216,713
2022-08-18,Santa Clara,085,1922200,420830,419723,18151,437874,2437
2022-08-18,Santa Cruz,087,273765,61291,61098,3237,64335,269
2022-08-18,Shasta,089,179085,34161,34105,7092,41197,588
2022-08-18,Sierra,091,2930,301,298,59,357,4
2022-08-18,Siskiyou,093,43540,5122,5119,3232,8351,88
2022-08-18,Solano,095,438530,102513,102355,7381,109736,457
2022-08-18,Sonoma,097,501317,104310,104090,4926,109016,511
2022-08-18,Stanislaus,099,539301,134701,134407,20181,154588,1719
2022-08-18,Sutter,101,95872,23623,23587,2396,25983,228
2022-08-18,Tehama,103,63373,13307,13289,2972,16261,209
2022-08-18,Trinity,105,12862,1369,1366,355,1721,20
2022-08-18,Tulare,107,460477,119489,119251,34010,153261,1521
2022-08-18,Tuolumne,109,53932,15109,15085,876,15961,196
2022-08-18,Ventura,111,848112,203819,203318,14291,217609,1547
2022-08-18,Yolo,113,214977,46629,46567,4165,50732,333
2022-08-18,Yuba,115,75493,18396,18363,1620,19983,129
2022-08-17,Alameda,001,1643700,337861,336198,19353,355551,1948
2022-08-17,Alpine,003,1148,131,131,1,132,0
2022-08-17,Amador,005,37829,9772,9728,867,10595,89
2022-08-17,Butte,007,227075,38386,38203,8440,46643,447
2022-08-17,Calaveras,009,45235,8322,8295,496,8791,131
2022-08-17,Colusa,011,21464,3720,3716,1209,4925,22
2022-08-17,Contra Costa,013,1133247,242154,240894,19240,260134,1394
2022-08-17,Del Norte,015,27424,7293,7274,381,7655,55
2022-08-17,El Dorado,017,186661,31643,31523,4081,35604,225
2022-08-17,Fresno,019,978130,268457,267367,28595,295962,2818
2022-08-17,Glenn,021,27897,5417,5403,1814,7217,48
2022-08-17,Humboldt,023,135768,21146,21029,4565,25594,153
2022-08-17,Imperial,025,180216,64188,63972,14824,78796,950
2022-08-17,Inyo,027,18085,4438,4421,850,5271,58
2022-08-17,Kern,029,883053,214916,214040,55496,269536,2389
2022-08-17,Kings,031,150075,58163,57948,3935,61883,454
2022-08-17,Lake,033,64148,12439,12383,1094,13477,142
2022-08-17,Lassen,035,31185,9855,9813,970,10783,64
2022-08-17,Los Angeles,037,10098052,3206739,3190808,170860,3361668,32701
2022-08-17,Madera,039,155013,42888,42677,7627,50304,372
2022-08-17,Marin,041,260295,44000,43852,5066,48918,305
2022-08-17,Mariposa,043,17540,3004,2998,316,3314,31
2022-08-17,Mendocino,045,87422,15597,15504,4188,19692,132
2022-08-17,Merced,047,269075,70550,70232,10770,81002,843
2022-08-17,Modoc,049,8938,863,857,315,1172,11
2022-08-17,Mono,051,14174,3178,3175,233,3408,7
2022-08-17,Monterey,053,433212,92433,91984,19860,111844,759
2022-08-17,Napa,055,140530,31561,31454,1369,32823,155
2022-08-17,Nevada,057,99092,18531,18443,1678,20121,132
2022-08-17,Orange,059,3164182,653596,650827,58290,709117,7266
2022-08-17,Placer,061,380077,74121,73852,9092,82944,655
2022-08-17,Plumas,063,18699,3551,3544,427,3971,13
2022-08-17,Riverside,065,2383286,680530,677437,33689,711126,6562
2022-08-17,Sacramento,067,1510023,338304,336667,32292,368959,3194
2022-08-17,San Benito,069,59416,15713,15655,870,16525,103
2022-08-17,San Bernardino,071,2135413,650150,646584,28999,675583,7999
2022-08-17,San Diego,073,3302833,905212,901794,69069,970863,5442
2022-08-17,San Francisco,075,870044,174368,173590,11653,185243,971
2022-08-17,San Joaquin,077,732212,193001,192078,13441,205519,2283
2022-08-17,San Luis Obispo,079,281455,61869,61604,6757,68361,514
2022-08-17,San Mateo,081,765935,163948,163218,10178,173396,738
2022-08-17,Santa Barbara,083,443738,102990,102430,6421,108851,712
2022-08-17,Santa Clara,085,1922200,420444,418231,18151,436382,2424
2022-08-17,Santa Cruz,087,273765,61222,60880,3237,64117,269
2022-08-17,Shasta,089,179085,34155,33984,7092,41076,587
2022-08-17,Sierra,091,2930,301,297,59,356,4
2022-08-17,Siskiyou,093,43540,5120,5102,3232,8334,88
2022-08-17,Solano,095,438530,102432,102115,7381,109496,459
2022-08-17,Sonoma,097,501317,104213,103844,4926,108770,504
2022-08-17,Stanislaus,099,539301,134582,133989,20181,154170,1715
2022-08-17,Sutter,101,95872,23594,23489,2396,25885,228
2022-08-17,Tehama,103,63373,13306,13259,2972,16231,209
2022-08-17,Trinity,105,12862,1369,1362,355,1717,20
2022-08-17,Tulare,107,460477,119403,118997,34010,153007,1521
2022-08-17,Tuolumne,109,53932,15104,15044,876,15920,196
2022-08-17,Ventura,111,848112,203681,202609,14291,216900,1546
2022-08-17,Yolo,113,214977,46603,46414,4165,50579,331
2022-08-17,Yuba,115,75493,18378,18305,1620,19925,129
2022-08-16,Alameda,001,1643700,337531,336198,19353,355551,1948
2022-08-16,Alpine,003,1148,131,131,1,132,0
2022-08-16,Amador,005,37829,9761,9728,867,10595,89
2022-08-16,Butte,007,227075,38355,38203,8437,46640,447
2022-08-16,Calaveras,009,45235,8317,8295,496,8791,131
2022-08-16,Colusa,011,21464,3720,3716,1209,4925,22
2022-08-16,Contra Costa,013,1133247,241942,240894,19240,260134,1394
2022-08-16,Del Norte,015,27424,7288,7274,381,7655,55
2022-08-16,El Dorado,017,186661,31627,31523,4081,35604,225
2022-08-16,Fresno,019,978130,268248,267367,28595,295962,2818
2022-08-16,Glenn,021,27897,5416,5403,1814,7217,48
2022-08-16,Humboldt,023,135768,21121,21029,4565,25594,153
2022-08-16,Imperial,025,180216,64147,63972,14823,78795,950
2022-08-16,Inyo,027,18085,4436,4421,849,5270,58
2022-08-16,Kern,029,883053,214801,214040,55496,269536,2389
2022-08-16,Kings,031,150075,58116,57948,3934,61882,454
2022-08-16,Lake,033,64148,12424,12383,1094,13477,142
2022-08-16,Lassen,035,31185,9842,9813,970,10783,64
2022-08-16,Los Angeles,037,10098052,3204211,3190808,170848,3361656,32701
2022-08-16,Madera,039,155013,42839,42677,7627,50304,372
2022-08-16,Marin,041,260295,43969,43852,5064,48916,305
2022-08-16,Mariposa,043,17540,3003,2998,316,3314,31
2022-08-16,Mendocino,045,87422,15581,15504,4188,19692,132
2022-08-16,Merced,047,269075,70483,70232,10770,81002,843
2022-08-16,Modoc,049,8938,863,857,315,1172,11
2022-08-16,Mono,051,14174,3177,3175,233,3408,7
2022-08-16,Monterey,053,433212,92368,91984,19856,111840,759
2022-08-16,Napa,055,140530,31544,31454,1369,32823,155
2022-08-16,Nevada,057,99092,18515,18443,1678,20121,132
2022-08-16,Orange,059,3164182,652952,650827,58290,709117,7266
2022-08-16,Placer,061,380077,74065,73852,9092,82944,655
2022-08-16,Plumas,063,18699,3551,3544,427,3971,13
2022-08-16,Riverside,065,2383286,679928,677437,33688,711125,6562
2022-08-16,Sacramento,067,1510023,337984,336667,32292,368959,3194
2022-08-16,San Benito,069,59416,15701,15655,870,16525,103
2022-08-16,San Bernardino,071,2135413,649514,646584,28998,675582,7999
2022-08-16,San Diego,073,3302833,904442,901794,68999,970793,5442
2022-08-16,San Francisco,075,870044,174216,173590,11653,185243,971
2022-08-16,San Joaquin,077,732212,192805,192078,13431,205509,2283
2022-08-16,San Luis Obispo,079,281455,61832,61604,6757,68361,514
2022-08-16,San Mateo,081,765935,163801,163218,10178,173396,738
2022-08-16,Santa Barbara,083,443738,102871,102430,6420,108850,712
2022-08-16,Santa Clara,085,1922200,420019,418231,18149,436380,2424
2022-08-16,Santa Cruz,087,273765,61179,60880,3237,64117,269
2022-08-16,Shasta,089,179085,34131,33984,7092,41076,587
2022-08-16,Sierra,091,2930,300,297,59,356,4
2022-08-16,Siskiyou,093,43540,5118,5102,3232,8334,88
2022-08-16,Solano,095,438530,102362,102115,7381,109496,459
2022-08-16,Sonoma,097,501317,104118,103844,4924,108768,504
2022-08-16,Stanislaus,099,539301,134464,133989,20174,154163,1715
2022-08-16,Sutter,101,95872,23570,23489,2396,25885,228
2022-08-16,Tehama,103,63373,13302,13259,2972,16231,209
2022-08-16,Trinity,105,12862,1367,1362,355,1717,20
2022-08-16,Tulare,107,460477,119342,118997,33991,152988,1521
2022-08-16,Tuolumne,109,53932,15093,15044,876,15920,196
2022-08-16,Ventura,111,848112,203473,202609,14279,216888,1546
2022-08-16,Yolo,113,214977,46585,46414,4165,50579,331
2022-08-16,Yuba,115,75493,18360,18305,1617,19922,129
2022-08-15,Alameda,001,1643700,337181,336198,19352,355550,1948
2022-08-15,Alpine,003,1148,131,131,1,132,0
2022-08-15,Amador,005,37829,9751,9728,867,10595,89
2022-08-15,Butte,007,227075,38336,38203,8436,46639,447
2022-08-15,Calaveras,009,45235,8315,8295,496,8791,131
2022-08-15,Colusa,011,21464,3718,3716,1209,4925,22
2022-08-15,Contra Costa,013,1133247,241675,240894,19239,260133,1394
2022-08-15,Del Norte,015,27424,7283,7274,380,7654,55
2022-08-15,El Dorado,017,186661,31602,31523,4079,35602,225
2022-08-15,Fresno,019,978130,267973,267367,28595,295962,2818
2022-08-15,Glenn,021,27897,5409,5403,1814,7217,48
2022-08-15,Humboldt,023,135768,21102,21029,4552,25581,153
2022-08-15,Imperial,025,180216,64104,63972,14820,78792,950
2022-08-15,Inyo,027,18085,4435,4421,849,5270,58
2022-08-15,Kern,029,883053,214641,214040,55492,269532,2389
2022-08-15,Kings,031,150075,58042,57948,3931,61879,454
2022-08-15,Lake,033,64148,12409,12383,1094,13477,142
2022-08-15,Lassen,035,31185,9841,9813,970,10783,64
2022-08-15,Los Angeles,037,10098052,3201050,3190808,170673,3361481,32701
2022-08-15,Madera,039,155013,42788,42677,7627,50304,372
2022-08-15,Marin,041,260295,43931,43852,5064,48916,305
2022-08-15,Mariposa,043,17540,3001,2998,316,3314,31
2022-08-15,Mendocino,045,87422,15564,15504,4188,19692,132
2022-08-15,Merced,047,269075,70425,70232,10769,81001,843
2022-08-15,Modoc,049,8938,859,857,315,1172,11
2022-08-15,Mono,051,14174,3176,3175,233,3408,7
2022-08-15,Monterey,053,433212,92280,91984,19844,111828,759
2022-08-15,Napa,055,140530,31522,31454,1369,32823,155
2022-08-15,Nevada,057,99092,18505,18443,1677,20120,132
2022-08-15,Orange,059,3164182,652270,650827,58290,709117,7266
2022-08-15,Placer,061,380077,74011,73852,9091,82943,655
2022-08-15,Plumas,063,18699,3548,3544,427,3971,13
2022-08-15,Riverside,065,2383286,679217,677437,33688,711125,6562
2022-08-15,Sacramento,067,1510023,337595,336667,32292,368959,3194
2022-08-15,San Benito,069,59416,15685,15655,870,16525,103
2022-08-15,San Bernardino,071,2135413,648743,646584,28998,675582,7999
2022-08-15,San Diego,073,3302833,903640,901794,68843,970637,5442
2022-08-15,San Francisco,075,870044,174052,173590,11653,185243,971
2022-08-15,San Joaquin,077,732212,192618,192078,13428,205506,2283
2022-08-15,San Luis Obispo,079,281455,61795,61604,6755,68359,514
2022-08-15,San Mateo,081,765935,163613,163218,10178,173396,738
2022-08-15,Santa Barbara,083,443738,102781,102430,6419,108849,712
2022-08-15,Santa Clara,085,1922200,419527,418231,18149,436380,2424
2022-08-15,Santa Cruz,087,273765,61104,60880,3235,64115,269
2022-08-15,Shasta,089,179085,34107,33984,7092,41076,587
2022-08-15,Sierra,091,2930,300,297,59,356,4
2022-08-15,Siskiyou,093,43540,5115,5102,3232,8334,88
2022-08-15,Solano,095,438530,102258,102115,7381,109496,459
2022-08-15,Sonoma,097,501317,104034,103844,4924,108768,504
2022-08-15,Stanislaus,099,539301,134329,133989,20168,154157,1715
2022-08-15,Sutter,101,95872,23540,23489,2396,25885,228
2022-08-15,Tehama,103,63373,13295,13259,2969,16228,209
2022-08-15,Trinity,105,12862,1364,1362,355,1717,20
2022-08-15,Tulare,107,460477,119226,118997,33984,152981,1521
2022-08-15,Tuolumne,109,53932,15086,15044,876,15920,196
2022-08-15,Ventura,111,848112,203240,202609,14255,216864,1546
2022-08-15,Yolo,113,214977,46554,46414,4165,50579,331
2022-08-15,Yuba,115,75493,18337,18305,1612,19917,129
2022-08-14,Alameda,001,1643700,336747,334944,19352,354296,1948
2022-08-14,Alpine,003,1148,131,131,1,132,0
2022-08-14,Amador,005,37829,9742,9705,867,10572,89
2022-08-14,Butte,007,227075,38288,38062,8434,46496,447
2022-08-14,Calaveras,009,45235,8307,8271,496,8767,131
2022-08-14,Colusa,011,21464,3717,3704,1209,4913,22
2022-08-14,Contra Costa,013,1133247,241417,239735,19239,258974,1393
2022-08-14,Del Norte,015,27424,7274,7245,380,7625,54
2022-08-14,El Dorado,017,186661,31576,31430,4077,35507,225
2022-08-14,Fresno,019,978130,267688,266211,28595,294806,2816
2022-08-14,Glenn,021,27897,5406,5393,1812,7205,48
2022-08-14,Humboldt,023,135768,21073,20954,4552,25506,153
2022-08-14,Imperial,025,180216,64045,63766,14815,78581,950
2022-08-14,Inyo,027,18085,4427,4418,849,5267,58
2022-08-14,Kern,029,883053,214477,213071,55478,268549,2380
2022-08-14,Kings,031,150075,57987,57748,3929,61677,454
2022-08-14,Lake,033,64148,12392,12324,1094,13418,142
2022-08-14,Lassen,035,31185,9821,9795,970,10765,64
2022-08-14,Los Angeles,037,10098052,3197698,3177769,170375,3348144,32657
2022-08-14,Madera,039,155013,42726,42517,7627,50144,372
2022-08-14,Marin,041,260295,43890,43662,5061,48723,305
2022-08-14,Mariposa,043,17540,2999,2986,316,3302,31
2022-08-14,Mendocino,045,87422,15545,15456,4188,19644,132
2022-08-14,Merced,047,269075,70326,69974,10768,80742,842
2022-08-14,Modoc,049,8938,858,856,315,1171,11
2022-08-14,Mono,051,14174,3176,3170,233,3403,7
2022-08-14,Monterey,053,433212,92164,91612,19832,111444,759
2022-08-14,Napa,055,140530,31484,31312,1369,32681,156
2022-08-14,Nevada,057,99092,18484,18398,1675,20073,132
2022-08-14,Orange,059,3164182,651555,648171,58290,706461,7248
2022-08-14,Placer,061,380077,73957,73588,9083,82671,656
2022-08-14,Plumas,063,18699,3545,3539,427,3966,13
2022-08-14,Riverside,065,2383286,678469,674362,33687,708049,6561
2022-08-14,Sacramento,067,1510023,337125,335292,32292,367584,3190
2022-08-14,San Benito,069,59416,15663,15578,870,16448,103
2022-08-14,San Bernardino,071,2135413,647941,643895,28998,672893,7983
2022-08-14,San Diego,073,3302833,902770,898646,68736,967382,5437
2022-08-14,San Francisco,075,870044,173844,172876,11653,184529,955
2022-08-14,San Joaquin,077,732212,192336,191272,13416,204688,2283
2022-08-14,San Luis Obispo,079,281455,61732,61403,6749,68152,512
2022-08-14,San Mateo,081,765935,163414,162531,10178,172709,738
2022-08-14,Santa Barbara,083,443738,102646,101942,6417,108359,712
2022-08-14,Santa Clara,085,1922200,418974,416369,18148,434517,2422
2022-08-14,Santa Cruz,087,273765,61000,60594,3235,63829,273
2022-08-14,Shasta,089,179085,34063,33895,7092,40987,584
2022-08-14,Sierra,091,2930,300,296,59,355,4
2022-08-14,Siskiyou,093,43540,5108,5086,3232,8318,88
2022-08-14,Solano,095,438530,102121,101761,7381,109142,458
2022-08-14,Sonoma,097,501317,103938,103496,4923,108419,504
2022-08-14,Stanislaus,099,539301,134155,133490,20157,153647,1702
2022-08-14,Sutter,101,95872,23495,23386,2396,25782,228
2022-08-14,Tehama,103,63373,13288,13213,2969,16182,209
2022-08-14,Trinity,105,12862,1363,1356,355,1711,20
2022-08-14,Tulare,107,460477,119093,118563,33961,152524,1520
2022-08-14,Tuolumne,109,53932,15067,14964,876,15840,196
2022-08-14,Ventura,111,848112,202987,201765,14253,216018,1541
2022-08-14,Yolo,113,214977,46511,46225,4165,50390,331
2022-08-14,Yuba,115,75493,18316,18232,1610,19842,129
2022-08-13,Alameda,001,1643700,336506,334944,19346,354290,1948
2022-08-13,Alpine,003,1148,131,131,1,132,0
2022-08-13,Amador,005,37829,9738,9705,867,10572,89
2022-08-13,Butte,007,227075,38264,38062,8425,46487,447
2022-08-13,Calaveras,009,45235,8304,8271,495,8766,131
2022-08-13,Colusa,011,21464,3717,3704,1209,4913,22
2022-08-13,Contra Costa,013,1133247,241257,239735,19226,258961,1393
2022-08-13,Del Norte,015,27424,7272,7245,380,7625,54
2022-08-13,El Dorado,017,186661,31568,31430,4076,35506,225
2022-08-13,Fresno,019,978130,267557,266211,28592,294803,2816
2022-08-13,Glenn,021,27897,5406,5393,1810,7203,48
2022-08-13,Humboldt,023,135768,21059,20954,4546,25500,153
2022-08-13,Imperial,025,180216,64011,63766,14813,78579,950
2022-08-13,Inyo,027,18085,4425,4418,849,5267,58
2022-08-13,Kern,029,883053,214398,213071,55475,268546,2380
2022-08-13,Kings,031,150075,57962,57748,3929,61677,454
2022-08-13,Lake,033,64148,12381,12324,1094,13418,142
2022-08-13,Lassen,035,31185,9815,9795,969,10764,64
2022-08-13,Los Angeles,037,10098052,3196076,3177769,170159,3347928,32657
2022-08-13,Madera,039,155013,42711,42517,7625,50142,372
2022-08-13,Marin,041,260295,43872,43662,5061,48723,305
2022-08-13,Mariposa,043,17540,2999,2986,316,3302,31
2022-08-13,Mendocino,045,87422,15534,15456,4185,19641,132
2022-08-13,Merced,047,269075,70287,69974,10767,80741,842
2022-08-13,Modoc,049,8938,858,856,315,1171,11
2022-08-13,Mono,051,14174,3176,3170,233,3403,7
2022-08-13,Monterey,053,433212,92109,91612,19816,111428,759
2022-08-13,Napa,055,140530,31472,31312,1368,32680,156
2022-08-13,Nevada,057,99092,18473,18398,1675,20073,132
2022-08-13,Orange,059,3164182,651172,648171,58249,706420,7248
2022-08-13,Placer,061,380077,73913,73588,9079,82667,656
2022-08-13,Plumas,063,18699,3545,3539,427,3966,13
2022-08-13,Riverside,065,2383286,678071,674362,33670,708032,6561
2022-08-13,Sacramento,067,1510023,336937,335292,32288,367580,3190
2022-08-13,San Benito,069,59416,15658,15578,866,16444,103
2022-08-13,San Bernardino,071,2135413,647507,643895,28985,672880,7983
2022-08-13,San Diego,073,3302833,902354,898646,68698,967344,5437
2022-08-13,San Francisco,075,870044,173735,172876,11653,184529,955
2022-08-13,San Joaquin,077,732212,192217,191272,13402,204674,2283
2022-08-13,San Luis Obispo,079,281455,61712,61403,6744,68147,512
2022-08-13,San Mateo,081,765935,163309,162531,10171,172702,738
2022-08-13,Santa Barbara,083,443738,102576,101942,6403,108345,712
2022-08-13,Santa Clara,085,1922200,418662,416369,18141,434510,2422
2022-08-13,Santa Cruz,087,273765,60963,60594,3234,63828,273
2022-08-13,Shasta,089,179085,34026,33895,7091,40986,584
2022-08-13,Sierra,091,2930,300,296,59,355,4
2022-08-13,Siskiyou,093,43540,5106,5086,3232,8318,88
2022-08-13,Solano,095,438530,102082,101761,7376,109137,458
2022-08-13,Sonoma,097,501317,103892,103496,4923,108419,504
2022-08-13,Stanislaus,099,539301,134060,133490,20144,153634,1702
2022-08-13,Sutter,101,95872,23478,23386,2396,25782,228
2022-08-13,Tehama,103,63373,13284,13213,2968,16181,209
2022-08-13,Trinity,105,12862,1362,1356,355,1711,20
2022-08-13,Tulare,107,460477,119029,118563,33931,152494,1520
2022-08-13,Tuolumne,109,53932,15055,14964,875,15839,196
2022-08-13,Ventura,111,848112,202834,201765,14247,216012,1541
2022-08-13,Yolo,113,214977,46483,46225,4160,50385,331
2022-08-13,Yuba,115,75493,18308,18232,1609,19841,129
2022-08-12,Alameda,001,1643700,336274,334944,19341,354285,1948
2022-08-12,Alpine,003,1148,131,131,1,132,0
2022-08-12,Amador,005,37829,9729,9705,865,10570,89
2022-08-12,Butte,007,227075,38244,38062,8420,46482,447
2022-08-12,Calaveras,009,45235,8296,8271,493,8764,131
2022-08-12,Colusa,011,21464,3714,3704,1209,4913,22
2022-08-12,Contra Costa,013,1133247,241093,239735,19217,258952,1393
2022-08-12,Del Norte,015,27424,7268,7245,380,7625,54
2022-08-12,El Dorado,017,186661,31551,31430,4073,35503,225
2022-08-12,Fresno,019,978130,267360,266211,28586,294797,2816
2022-08-12,Glenn,021,27897,5406,5393,1810,7203,48
2022-08-12,Humboldt,023,135768,21040,20954,4543,25497,153
2022-08-12,Imperial,025,180216,63984,63766,14812,78578,950
2022-08-12,Inyo,027,18085,4424,4418,849,5267,58
2022-08-12,Kern,029,883053,214307,213071,55456,268527,2380
2022-08-12,Kings,031,150075,57941,57748,3926,61674,454
2022-08-12,Lake,033,64148,12378,12324,1094,13418,142
2022-08-12,Lassen,035,31185,9813,9795,969,10764,64
2022-08-12,Los Angeles,037,10098052,3194148,3177769,169961,3347730,32657
2022-08-12,Madera,039,155013,42680,42517,7619,50136,372
2022-08-12,Marin,041,260295,43843,43662,5058,48720,305
2022-08-12,Mariposa,043,17540,2999,2986,316,3302,31
2022-08-12,Mendocino,045,87422,15523,15456,4177,19633,132
2022-08-12,Merced,047,269075,70257,69974,10764,80738,842
2022-08-12,Modoc,049,8938,858,856,315,1171,11
2022-08-12,Mono,051,14174,3176,3170,233,3403,7
2022-08-12,Monterey,053,433212,92054,91612,19795,111407,759
2022-08-12,Napa,055,140530,31452,31312,1368,32680,156
2022-08-12,Nevada,057,99092,18467,18398,1674,20072,132
2022-08-12,Orange,059,3164182,650760,648171,58167,706338,7248
2022-08-12,Placer,061,380077,73864,73588,9072,82660,656
2022-08-12,Plumas,063,18699,3543,3539,427,3966,13
2022-08-12,Riverside,065,2383286,677676,674362,33645,708007,6561
2022-08-12,Sacramento,067,1510023,336720,335292,32280,367572,3190
2022-08-12,San Benito,069,59416,15641,15578,865,16443,103
2022-08-12,San Bernardino,071,2135413,647127,643895,28973,672868,7983
2022-08-12,San Diego,073,3302833,901836,898646,68618,967264,5437
2022-08-12,San Francisco,075,870044,173617,172876,11650,184526,955
2022-08-12,San Joaquin,077,732212,192103,191272,13400,204672,2283
2022-08-12,San Luis Obispo,079,281455,61695,61403,6738,68141,512
2022-08-12,San Mateo,081,765935,163189,162531,10167,172698,738
2022-08-12,Santa Barbara,083,443738,102512,101942,6402,108344,712
2022-08-12,Santa Clara,085,1922200,418327,416369,18128,434497,2422
2022-08-12,Santa Cruz,087,273765,60912,60594,3232,63826,273
2022-08-12,Shasta,089,179085,34014,33895,7088,40983,584
2022-08-12,Sierra,091,2930,298,296,59,355,4
2022-08-12,Siskiyou,093,43540,5103,5086,3232,8318,88
2022-08-12,Solano,095,438530,102009,101761,7365,109126,458
2022-08-12,Sonoma,097,501317,103837,103496,4922,108418,504
2022-08-12,Stanislaus,099,539301,133978,133490,20133,153623,1702
2022-08-12,Sutter,101,95872,23463,23386,2396,25782,228
2022-08-12,Tehama,103,63373,13277,13213,2968,16181,209
2022-08-12,Trinity,105,12862,1359,1356,355,1711,20
2022-08-12,Tulare,107,460477,118975,118563,33891,152454,1520
2022-08-12,Tuolumne,109,53932,15049,14964,874,15838,196
2022-08-12,Ventura,111,848112,202698,201765,14236,216001,1541
2022-08-12,Yolo,113,214977,46461,46225,4158,50383,331
2022-08-12,Yuba,115,75493,18297,18232,1609,19841,129
2022-08-11,Alameda,001,1643700,335973,334944,19325,354269,1948
2022-08-11,Alpine,003,1148,131,131,1,132,0
2022-08-11,Amador,005,37829,9726,9705,863,10568,89
2022-08-11,Butte,007,227075,38209,38062,8412,46474,447
2022-08-11,Calaveras,009,45235,8291,8271,491,8762,131
2022-08-11,Colusa,011,21464,3712,3704,1209,4913,22
2022-08-11,Contra Costa,013,1133247,240853,239735,19187,258922,1393
2022-08-11,Del Norte,015,27424,7261,7245,379,7624,54
2022-08-11,El Dorado,017,186661,31522,31430,4063,35493,225
2022-08-11,Fresno,019,978130,267115,266211,28559,294770,2816
2022-08-11,Glenn,021,27897,5404,5393,1809,7202,48
2022-08-11,Humboldt,023,135768,21013,20954,4535,25489,153
2022-08-11,Imperial,025,180216,63941,63766,14791,78557,950
2022-08-11,Inyo,027,18085,4423,4418,845,5263,58
2022-08-11,Kern,029,883053,214139,213071,55416,268487,2380
2022-08-11,Kings,031,150075,57884,57748,3920,61668,454
2022-08-11,Lake,033,64148,12368,12324,1094,13418,142
2022-08-11,Lassen,035,31185,9808,9795,969,10764,64
2022-08-11,Los Angeles,037,10098052,3191343,3177769,169659,3347428,32657
2022-08-11,Madera,039,155013,42634,42517,7601,50118,372
2022-08-11,Marin,041,260295,43804,43662,5053,48715,305
2022-08-11,Mariposa,043,17540,2999,2986,313,3299,31
2022-08-11,Mendocino,045,87422,15512,15456,4174,19630,132
2022-08-11,Merced,047,269075,70207,69974,10749,80723,842
2022-08-11,Modoc,049,8938,857,856,315,1171,11
2022-08-11,Mono,051,14174,3176,3170,233,3403,7
2022-08-11,Monterey,053,433212,91959,91612,19756,111368,759
2022-08-11,Napa,055,140530,31416,31312,1366,32678,156
2022-08-11,Nevada,057,99092,18450,18398,1672,20070,132
2022-08-11,Orange,059,3164182,650123,648171,58051,706222,7248
2022-08-11,Placer,061,380077,73799,73588,9062,82650,656
2022-08-11,Plumas,063,18699,3542,3539,427,3966,13
2022-08-11,Riverside,065,2383286,677108,674362,33617,707979,6561
2022-08-11,Sacramento,067,1510023,336406,335292,32268,367560,3190
2022-08-11,San Benito,069,59416,15626,15578,864,16442,103
2022-08-11,San Bernardino,071,2135413,646439,643895,28938,672833,7983
2022-08-11,San Diego,073,3302833,901087,898646,68495,967141,5437
2022-08-11,San Francisco,075,870044,173469,172876,11643,184519,955
2022-08-11,San Joaquin,077,732212,191914,191272,13386,204658,2283
2022-08-11,San Luis Obispo,079,281455,61657,61403,6715,68118,512
2022-08-11,San Mateo,081,765935,163040,162531,10156,172687,738
2022-08-11,Santa Barbara,083,443738,102411,101942,6386,108328,712
2022-08-11,Santa Clara,085,1922200,417899,416369,18110,434479,2422
2022-08-11,Santa Cruz,087,273765,60848,60594,3229,63823,273
2022-08-11,Shasta,089,179085,33998,33895,7076,40971,584
2022-08-11,Sierra,091,2930,297,296,59,355,4
2022-08-11,Siskiyou,093,43540,5100,5086,3231,8317,88
2022-08-11,Solano,095,438530,101942,101761,7357,109118,458
2022-08-11,Sonoma,097,501317,103744,103496,4915,108411,504
2022-08-11,Stanislaus,099,539301,133824,133490,20104,153594,1702
2022-08-11,Sutter,101,95872,23432,23386,2396,25782,228
2022-08-11,Tehama,103,63373,13269,13213,2968,16181,209
2022-08-11,Trinity,105,12862,1359,1356,354,1710,20
2022-08-11,Tulare,107,460477,118877,118563,33833,152396,1520
2022-08-11,Tuolumne,109,53932,15041,14964,872,15836,196
2022-08-11,Ventura,111,848112,202514,201765,14204,215969,1541
2022-08-11,Yolo,113,214977,46428,46225,4155,50380,331
2022-08-11,Yuba,115,75493,18274,18232,1606,19838,129
2022-08-10,Alameda,001,1643700,335597,333587,19313,352900,1944
2022-08-10,Alpine,003,1148,131,131,1,132,0
2022-08-10,Amador,005,37829,9722,9677,862,10539,88
2022-08-10,Butte,007,227075,38176,37892,8405,46297,446
2022-08-10,Calaveras,009,45235,8285,8251,489,8740,130
2022-08-10,Colusa,011,21464,3708,3700,1209,4909,22
2022-08-10,Contra Costa,013,1133247,240602,238658,19155,257813,1382
2022-08-10,Del Norte,015,27424,7256,7220,379,7599,54
2022-08-10,El Dorado,017,186661,31498,31354,4051,35405,225
2022-08-10,Fresno,019,978130,266849,265300,28516,293816,2815
2022-08-10,Glenn,021,27897,5402,5387,1807,7194,48
2022-08-10,Humboldt,023,135768,21000,20843,4520,25363,153
2022-08-10,Imperial,025,180216,63881,63532,14748,78280,949
2022-08-10,Inyo,027,18085,4423,4416,844,5260,57
2022-08-10,Kern,029,883053,213969,212602,55387,267989,2380
2022-08-10,Kings,031,150075,57838,57569,3919,61488,453
2022-08-10,Lake,033,64148,12353,12281,1094,13375,142
2022-08-10,Lassen,035,31185,9801,9682,969,10651,64
2022-08-10,Los Angeles,037,10098052,3188224,3168105,169308,3337413,32609
2022-08-10,Madera,039,155013,42597,42350,7588,49938,372
2022-08-10,Marin,041,260295,43757,43532,5051,48583,302
2022-08-10,Mariposa,043,17540,2998,2980,313,3293,31
2022-08-10,Mendocino,045,87422,15498,15394,4172,19566,132
2022-08-10,Merced,047,269075,70138,69740,10738,80478,839
2022-08-10,Modoc,049,8938,857,855,314,1169,11
2022-08-10,Mono,051,14174,3174,3165,233,3398,7
2022-08-10,Monterey,053,433212,91860,91307,19719,111026,758
2022-08-10,Napa,055,140530,31380,31223,1364,32587,153
2022-08-10,Nevada,057,99092,18437,18354,1672,20026,132
2022-08-10,Orange,059,3164182,649419,646005,57925,703930,7235
2022-08-10,Placer,061,380077,73746,73348,9058,82406,650
2022-08-10,Plumas,063,18699,3540,3525,427,3952,13
2022-08-10,Riverside,065,2383286,676408,672334,33563,705897,6555
2022-08-10,Sacramento,067,1510023,336074,334382,32257,366639,3177
2022-08-10,San Benito,069,59416,15597,15507,857,16364,101
2022-08-10,San Bernardino,071,2135413,645825,641936,28903,670839,7977
2022-08-10,San Diego,073,3302833,900243,895482,68382,963864,5429
2022-08-10,San Francisco,075,870044,173313,172265,11633,183898,945
2022-08-10,San Joaquin,077,732212,191693,190596,13356,203952,2281
2022-08-10,San Luis Obispo,079,281455,61617,61207,6700,67907,510
2022-08-10,San Mateo,081,765935,162854,161882,10150,172032,738
2022-08-10,Santa Barbara,083,443738,102300,101558,6367,107925,711
2022-08-10,Santa Clara,085,1922200,417387,414659,18094,432753,2398
2022-08-10,Santa Cruz,087,273765,60768,60360,3226,63586,269
2022-08-10,Shasta,089,179085,33980,33816,7068,40884,584
2022-08-10,Sierra,091,2930,297,295,59,354,4
2022-08-10,Siskiyou,093,43540,5095,5074,3228,8302,87
2022-08-10,Solano,095,438530,101850,101393,7352,108745,457
2022-08-10,Sonoma,097,501317,103653,103168,4910,108078,501
2022-08-10,Stanislaus,099,539301,133688,133071,20085,153156,1702
2022-08-10,Sutter,101,95872,23404,23279,2394,25673,228
2022-08-10,Tehama,103,63373,13262,13187,2968,16155,209
2022-08-10,Trinity,105,12862,1358,1350,354,1704,20
2022-08-10,Tulare,107,460477,118791,118239,33784,152023,1520
2022-08-10,Tuolumne,109,53932,15006,14922,871,15793,196
2022-08-10,Ventura,111,848112,202303,201179,14173,215352,1539
2022-08-10,Yolo,113,214977,46394,46069,4148,50217,330
2022-08-10,Yuba,115,75493,18254,18179,1602,19781,129
2022-08-09,Alameda,001,1643700,335200,333587,19289,352876,1944
2022-08-09,Alpine,003,1148,131,131,1,132,0
2022-08-09,Amador,005,37829,9712,9677,861,10538,88
2022-08-09,Butte,007,227075,38139,37892,8395,46287,446
2022-08-09,Calaveras,009,45235,8279,8251,489,8740,130
2022-08-09,Colusa,011,21464,3705,3700,1209,4909,22
2022-08-09,Contra Costa,013,1133247,240331,238658,19119,257777,1382
2022-08-09,Del Norte,015,27424,7239,7220,378,7598,54
2022-08-09,El Dorado,017,186661,31470,31354,4047,35401,225
2022-08-09,Fresno,019,978130,266531,265300,28490,293790,2815
2022-08-09,Glenn,021,27897,5400,5387,1807,7194,48
2022-08-09,Humboldt,023,135768,20977,20843,4507,25350,153
2022-08-09,Imperial,025,180216,63816,63532,14694,78226,949
2022-08-09,Inyo,027,18085,4422,4416,841,5257,57
2022-08-09,Kern,029,883053,213783,212602,55341,267943,2380
2022-08-09,Kings,031,150075,57772,57569,3919,61488,453
2022-08-09,Lake,033,64148,12330,12281,1093,13374,142
2022-08-09,Lassen,035,31185,9795,9682,969,10651,64
2022-08-09,Los Angeles,037,10098052,3184706,3168105,168992,3337097,32609
2022-08-09,Madera,039,155013,42543,42350,7576,49926,372
2022-08-09,Marin,041,260295,43702,43532,5047,48579,302
2022-08-09,Mariposa,043,17540,2994,2980,313,3293,31
2022-08-09,Mendocino,045,87422,15481,15394,4162,19556,132
2022-08-09,Merced,047,269075,70074,69740,10724,80464,839
2022-08-09,Modoc,049,8938,857,855,313,1168,11
2022-08-09,Mono,051,14174,3173,3165,232,3397,7
2022-08-09,Monterey,053,433212,91749,91307,19670,110977,758
2022-08-09,Napa,055,140530,31353,31223,1362,32585,153
2022-08-09,Nevada,057,99092,18426,18354,1670,20024,132
2022-08-09,Orange,059,3164182,648608,646005,57787,703792,7235
2022-08-09,Placer,061,380077,73686,73348,9054,82402,650
2022-08-09,Plumas,063,18699,3535,3525,427,3952,13
2022-08-09,Riverside,065,2383286,675662,672334,33514,705848,6555
2022-08-09,Sacramento,067,1510023,335662,334382,32238,366620,3177
2022-08-09,San Benito,069,59416,15580,15507,852,16359,101
2022-08-09,San Bernardino,071,2135413,645184,641936,28854,670790,7977
2022-08-09,San Diego,073,3302833,899369,895482,68240,963722,5429
2022-08-09,San Francisco,075,870044,173069,172265,11618,183883,945
2022-08-09,San Joaquin,077,732212,191481,190596,13325,203921,2281
2022-08-09,San Luis Obispo,079,281455,61566,61207,6676,67883,510
2022-08-09,San Mateo,081,765935,162663,161882,10140,172022,738
2022-08-09,Santa Barbara,083,443738,102152,101558,6339,107897,711
2022-08-09,Santa Clara,085,1922200,416866,414659,18071,432730,2398
2022-08-09,Santa Cruz,087,273765,60694,60360,3217,63577,269
2022-08-09,Shasta,089,179085,33958,33816,7066,40882,584
2022-08-09,Sierra,091,2930,297,295,59,354,4
2022-08-09,Siskiyou,093,43540,5091,5074,3224,8298,87
2022-08-09,Solano,095,438530,101744,101393,7339,108732,457
2022-08-09,Sonoma,097,501317,103553,103168,4902,108070,501
2022-08-09,Stanislaus,099,539301,133550,133071,20069,153140,1702
2022-08-09,Sutter,101,95872,23373,23279,2392,25671,228
2022-08-09,Tehama,103,63373,13248,13187,2959,16146,209
2022-08-09,Trinity,105,12862,1356,1350,353,1703,20
2022-08-09,Tulare,107,460477,118676,118239,33712,151951,1520
2022-08-09,Tuolumne,109,53932,14991,14922,871,15793,196
2022-08-09,Ventura,111,848112,202070,201179,14142,215321,1539
2022-08-09,Yolo,113,214977,46351,46069,4139,50208,330
2022-08-09,Yuba,115,75493,18235,18179,1592,19771,129
2022-08-08,Alameda,001,1643700,334761,333587,19248,352835,1944
2022-08-08,Alpine,003,1148,131,131,1,132,0
2022-08-08,Amador,005,37829,9707,9677,860,10537,88
2022-08-08,Butte,007,227075,38085,37892,8380,46272,446
2022-08-08,Calaveras,009,45235,8274,8251,486,8737,130
2022-08-08,Colusa,011,21464,3705,3700,1208,4908,22
2022-08-08,Contra Costa,013,1133247,239960,238658,19077,257735,1382
2022-08-08,Del Norte,015,27424,7232,7220,377,7597,54
2022-08-08,El Dorado,017,186661,31444,31354,4040,35394,225
2022-08-08,Fresno,019,978130,266172,265300,28454,293754,2815
2022-08-08,Glenn,021,27897,5394,5387,1806,7193,48
2022-08-08,Humboldt,023,135768,20937,20843,4492,25335,153
2022-08-08,Imperial,025,180216,63755,63532,14618,78150,949
2022-08-08,Inyo,027,18085,4421,4416,840,5256,57
2022-08-08,Kern,029,883053,213534,212602,55269,267871,2380
2022-08-08,Kings,031,150075,57711,57569,3910,61479,453
2022-08-08,Lake,033,64148,12309,12281,1090,13371,142
2022-08-08,Lassen,035,31185,9782,9682,966,10648,64
2022-08-08,Los Angeles,037,10098052,3181053,3168105,168579,3336684,32609
2022-08-08,Madera,039,155013,42485,42350,7553,49903,372
2022-08-08,Marin,041,260295,43653,43532,5036,48568,302
2022-08-08,Mariposa,043,17540,2991,2980,309,3289,31
2022-08-08,Mendocino,045,87422,15467,15394,4152,19546,132
2022-08-08,Merced,047,269075,70004,69740,10697,80437,839
2022-08-08,Modoc,049,8938,856,855,313,1168,11
2022-08-08,Mono,051,14174,3173,3165,232,3397,7
2022-08-08,Monterey,053,433212,91651,91307,19602,110909,758
2022-08-08,Napa,055,140530,31318,31223,1361,32584,153
2022-08-08,Nevada,057,99092,18411,18354,1663,20017,132
2022-08-08,Orange,059,3164182,647779,646005,57637,703642,7235
2022-08-08,Placer,061,380077,73628,73348,9046,82394,650
2022-08-08,Plumas,063,18699,3533,3525,426,3951,13
2022-08-08,Riverside,065,2383286,674873,672334,33461,705795,6555
2022-08-08,Sacramento,067,1510023,335260,334382,32199,366581,3177
2022-08-08,San Benito,069,59416,15552,15507,849,16356,101
2022-08-08,San Bernardino,071,2135413,644375,641936,28798,670734,7977
2022-08-08,San Diego,073,3302833,898278,895482,68127,963609,5429
2022-08-08,San Francisco,075,870044,172848,172265,11601,183866,945
2022-08-08,San Joaquin,077,732212,191218,190596,13285,203881,2281
2022-08-08,San Luis Obispo,079,281455,61501,61207,6653,67860,510
2022-08-08,San Mateo,081,765935,162459,161882,10129,172011,738
2022-08-08,Santa Barbara,083,443738,102019,101558,6322,107880,711
2022-08-08,Santa Clara,085,1922200,416268,414659,18050,432709,2398
2022-08-08,Santa Cruz,087,273765,60618,60360,3214,63574,269
2022-08-08,Shasta,089,179085,33931,33816,7057,40873,584
2022-08-08,Sierra,091,2930,297,295,59,354,4
2022-08-08,Siskiyou,093,43540,5088,5074,3222,8296,87
2022-08-08,Solano,095,438530,101600,101393,7324,108717,457
2022-08-08,Sonoma,097,501317,103441,103168,4894,108062,501
2022-08-08,Stanislaus,099,539301,133427,133071,20044,153115,1702
2022-08-08,Sutter,101,95872,23335,23279,2392,25671,228
2022-08-08,Tehama,103,63373,13238,13187,2957,16144,209
2022-08-08,Trinity,105,12862,1356,1350,352,1702,20
2022-08-08,Tulare,107,460477,118532,118239,33630,151869,1520
2022-08-08,Tuolumne,109,53932,14983,14922,870,15792,196
2022-08-08,Ventura,111,848112,201832,201179,14100,215279,1539
2022-08-08,Yolo,113,214977,46294,46069,4134,50203,330
2022-08-08,Yuba,115,75493,18211,18179,1590,19769,129
2022-08-07,Alameda,001,1643700,334224,331755,19205,350960,1945
2022-08-07,Alpine,003,1148,131,130,1,131,0
2022-08-07,Amador,005,37829,9700,9655,859,10514,88
2022-08-07,Butte,007,227075,38017,37717,8364,46081,446
2022-08-07,Calaveras,009,45235,8261,8219,482,8701,129
2022-08-07,Colusa,011,21464,3701,3696,1208,4904,22
2022-08-07,Contra Costa,013,1133247,239577,237436,19032,256468,1383
2022-08-07,Del Norte,015,27424,7220,7191,373,7564,54
2022-08-07,El Dorado,017,186661,31407,31240,4035,35275,225
2022-08-07,Fresno,019,978130,265763,263912,28394,292306,2815
2022-08-07,Glenn,021,27897,5392,5379,1803,7182,48
2022-08-07,Humboldt,023,135768,20900,20746,4477,25223,153
2022-08-07,Imperial,025,180216,63674,63198,14548,77746,949
2022-08-07,Inyo,027,18085,4421,4408,837,5245,57
2022-08-07,Kern,029,883053,213307,211798,55167,266965,2375
2022-08-07,Kings,031,150075,57614,57294,3902,61196,453
2022-08-07,Lake,033,64148,12296,12220,1088,13308,142
2022-08-07,Lassen,035,31185,9726,9654,966,10620,64
2022-08-07,Los Angeles,037,10098052,3176763,3153757,168230,3321987,32563
2022-08-07,Madera,039,155013,42427,42139,7519,49658,372
2022-08-07,Marin,041,260295,43596,43295,5025,48320,302
2022-08-07,Mariposa,043,17540,2988,2965,308,3273,31
2022-08-07,Mendocino,045,87422,15447,15335,4134,19469,132
2022-08-07,Merced,047,269075,69884,69498,10655,80153,838
2022-08-07,Modoc,049,8938,855,853,313,1166,11
2022-08-07,Mono,051,14174,3170,3161,231,3392,7
2022-08-07,Monterey,053,433212,91520,90884,19522,110406,757
2022-08-07,Napa,055,140530,31273,31052,1359,32411,151
2022-08-07,Nevada,057,99092,18387,18309,1657,19966,132
2022-08-07,Orange,059,3164182,646890,643029,57462,700491,7213
2022-08-07,Placer,061,380077,73543,73064,9029,82093,648
2022-08-07,Plumas,063,18699,3532,3516,426,3942,13
2022-08-07,Riverside,065,2383286,673946,669230,33381,702611,6555
2022-08-07,Sacramento,067,1510023,334765,332928,32150,365078,3175
2022-08-07,San Benito,069,59416,15526,15403,846,16249,101
2022-08-07,San Bernardino,071,2135413,643497,639120,28737,667857,7956
2022-08-07,San Diego,073,3302833,897012,891504,68014,959518,5424
2022-08-07,San Francisco,075,870044,172574,171486,11576,183062,946
2022-08-07,San Joaquin,077,732212,190918,189696,13246,202942,2276
2022-08-07,San Luis Obispo,079,281455,61403,60903,6622,67525,510
2022-08-07,San Mateo,081,765935,162215,161011,10115,171126,734
2022-08-07,Santa Barbara,083,443738,101832,100995,6293,107288,711
2022-08-07,Santa Clara,085,1922200,415560,412411,18030,430441,2386
2022-08-07,Santa Cruz,087,273765,60497,59982,3196,63178,269
2022-08-07,Shasta,089,179085,33884,33727,7043,40770,583
2022-08-07,Sierra,091,2930,296,295,59,354,4
2022-08-07,Siskiyou,093,43540,5081,5045,3218,8263,87
2022-08-07,Solano,095,438530,101442,100081,7306,107387,457
2022-08-07,Sonoma,097,501317,103329,102682,4886,107568,502
2022-08-07,Stanislaus,099,539301,133235,132406,20012,152418,1701
2022-08-07,Sutter,101,95872,23298,23178,2391,25569,228
2022-08-07,Tehama,103,63373,13227,13155,2953,16108,209
2022-08-07,Trinity,105,12862,1354,1347,351,1698,20
2022-08-07,Tulare,107,460477,118383,117668,33539,151207,1516
2022-08-07,Tuolumne,109,53932,14966,14844,870,15714,196
2022-08-07,Ventura,111,848112,201576,200270,14058,214328,1537
2022-08-07,Yolo,113,214977,46244,45902,4127,50029,331
2022-08-07,Yuba,115,75493,18192,18099,1586,19685,124
2022-08-06,Alameda,001,1643700,333988,331755,19196,350951,1945
2022-08-06,Alpine,003,1148,131,130,1,131,0
2022-08-06,Amador,005,37829,9693,9655,858,10513,88
2022-08-06,Butte,007,227075,37979,37717,8354,46071,446
2022-08-06,Calaveras,009,45235,8254,8219,481,8700,129
2022-08-06,Colusa,011,21464,3699,3696,1206,4902,22
2022-08-06,Contra Costa,013,1133247,239334,237436,19011,256447,1383
2022-08-06,Del Norte,015,27424,7214,7191,373,7564,54
2022-08-06,El Dorado,017,186661,31392,31240,4032,35272,225
2022-08-06,Fresno,019,978130,265588,263912,28380,292292,2815
2022-08-06,Glenn,021,27897,5392,5379,1802,7181,48
2022-08-06,Humboldt,023,135768,20878,20746,4469,25215,153
2022-08-06,Imperial,025,180216,63624,63198,14520,77718,949
2022-08-06,Inyo,027,18085,4421,4408,836,5244,57
2022-08-06,Kern,029,883053,213223,211798,55120,266918,2375
2022-08-06,Kings,031,150075,57575,57294,3901,61195,453
2022-08-06,Lake,033,64148,12291,12220,1088,13308,142
2022-08-06,Lassen,035,31185,9693,9654,966,10620,64
2022-08-06,Los Angeles,037,10098052,3174793,3153757,167976,3321733,32563
2022-08-06,Madera,039,155013,42383,42139,7515,49654,372
2022-08-06,Marin,041,260295,43567,43295,5021,48316,302
2022-08-06,Mariposa,043,17540,2987,2965,308,3273,31
2022-08-06,Mendocino,045,87422,15437,15335,4133,19468,132
2022-08-06,Merced,047,269075,69858,69498,10648,80146,838
2022-08-06,Modoc,049,8938,855,853,313,1166,11
2022-08-06,Mono,051,14174,3168,3161,231,3392,7
2022-08-06,Monterey,053,433212,91469,90884,19479,110363,757
2022-08-06,Napa,055,140530,31254,31052,1358,32410,151
2022-08-06,Nevada,057,99092,18382,18309,1655,19964,132
2022-08-06,Orange,059,3164182,646451,643029,57349,700378,7213
2022-08-06,Placer,061,380077,73490,73064,9022,82086,648
2022-08-06,Plumas,063,18699,3530,3516,426,3942,13
2022-08-06,Riverside,065,2383286,673433,669230,33345,702575,6555
2022-08-06,Sacramento,067,1510023,334596,332928,32141,365069,3175
2022-08-06,San Benito,069,59416,15509,15403,844,16247,101
2022-08-06,San Bernardino,071,2135413,643067,639120,28703,667823,7956
2022-08-06,San Diego,073,3302833,896458,891504,67975,959479,5424
2022-08-06,San Francisco,075,870044,172421,171486,11566,183052,946
2022-08-06,San Joaquin,077,732212,190787,189696,13237,202933,2276
2022-08-06,San Luis Obispo,079,281455,61375,60903,6616,67519,510
2022-08-06,San Mateo,081,765935,162078,161011,10108,171119,734
2022-08-06,Santa Barbara,083,443738,101760,100995,6279,107274,711
2022-08-06,Santa Clara,085,1922200,415102,412411,18013,430424,2386
2022-08-06,Santa Cruz,087,273765,60442,59982,3189,63171,269
2022-08-06,Shasta,089,179085,33862,33727,7033,40760,583
2022-08-06,Sierra,091,2930,296,295,59,354,4
2022-08-06,Siskiyou,093,43540,5075,5045,3216,8261,87
2022-08-06,Solano,095,438530,101395,100081,7301,107382,457
2022-08-06,Sonoma,097,501317,103268,102682,4877,107559,502
2022-08-06,Stanislaus,099,539301,133130,132406,20005,152411,1701
2022-08-06,Sutter,101,95872,23274,23178,2391,25569,228
2022-08-06,Tehama,103,63373,13225,13155,2950,16105,209
2022-08-06,Trinity,105,12862,1354,1347,351,1698,20
2022-08-06,Tulare,107,460477,118302,117668,33499,151167,1516
2022-08-06,Tuolumne,109,53932,14958,14844,869,15713,196
2022-08-06,Ventura,111,848112,201472,200270,14038,214308,1537
2022-08-06,Yolo,113,214977,46215,45902,4120,50022,331
2022-08-06,Yuba,115,75493,18177,18099,1585,19684,124
2022-08-05,Alameda,001,1643700,333683,331755,19185,350940,1945
2022-08-05,Alpine,003,1148,131,130,1,131,0
2022-08-05,Amador,005,37829,9691,9655,858,10513,88
2022-08-05,Butte,007,227075,37941,37717,8343,46060,446
2022-08-05,Calaveras,009,45235,8251,8219,481,8700,129
2022-08-05,Colusa,011,21464,3698,3696,1206,4902,22
2022-08-05,Contra Costa,013,1133247,239142,237436,18982,256418,1383
2022-08-05,Del Norte,015,27424,7210,7191,372,7563,54
2022-08-05,El Dorado,017,186661,31384,31240,4031,35271,225
2022-08-05,Fresno,019,978130,265409,263912,28365,292277,2815
2022-08-05,Glenn,021,27897,5391,5379,1801,7180,48
2022-08-05,Humboldt,023,135768,20861,20746,4457,25203,153
2022-08-05,Imperial,025,180216,63546,63198,14481,77679,949
2022-08-05,Inyo,027,18085,4421,4408,836,5244,57
2022-08-05,Kern,029,883053,213136,211798,55081,266879,2375
2022-08-05,Kings,031,150075,57550,57294,3899,61193,453
2022-08-05,Lake,033,64148,12281,12220,1088,13308,142
2022-08-05,Lassen,035,31185,9681,9654,965,10619,64
2022-08-05,Los Angeles,037,10098052,3172492,3153757,167728,3321485,32563
2022-08-05,Madera,039,155013,42341,42139,7505,49644,372
2022-08-05,Marin,041,260295,43523,43295,5015,48310,302
2022-08-05,Mariposa,043,17540,2983,2965,306,3271,31
2022-08-05,Mendocino,045,87422,15424,15335,4129,19464,132
2022-08-05,Merced,047,269075,69808,69498,10641,80139,838
2022-08-05,Modoc,049,8938,855,853,313,1166,11
2022-08-05,Mono,051,14174,3167,3161,231,3392,7
2022-08-05,Monterey,053,433212,91401,90884,19446,110330,757
2022-08-05,Napa,055,140530,31225,31052,1357,32409,151
2022-08-05,Nevada,057,99092,18375,18309,1655,19964,132
2022-08-05,Orange,059,3164182,645949,643029,57246,700275,7213
2022-08-05,Placer,061,380077,73442,73064,9013,82077,648
2022-08-05,Plumas,063,18699,3527,3516,426,3942,13
2022-08-05,Riverside,065,2383286,672878,669230,33295,702525,6555
2022-08-05,Sacramento,067,1510023,334371,332928,32124,365052,3175
2022-08-05,San Benito,069,59416,15490,15403,842,16245,101
2022-08-05,San Bernardino,071,2135413,642624,639120,28676,667796,7956
2022-08-05,San Diego,073,3302833,895791,891504,67895,959399,5424
2022-08-05,San Francisco,075,870044,172279,171486,11546,183032,946
2022-08-05,San Joaquin,077,732212,190662,189696,13218,202914,2276
2022-08-05,San Luis Obispo,079,281455,61340,60903,6607,67510,510
2022-08-05,San Mateo,081,765935,161906,161011,10097,171108,734
2022-08-05,Santa Barbara,083,443738,101659,100995,6271,107266,711
2022-08-05,Santa Clara,085,1922200,414600,412411,17983,430394,2386
2022-08-05,Santa Cruz,087,273765,60375,59982,3185,63167,269
2022-08-05,Shasta,089,179085,33852,33727,7030,40757,583
2022-08-05,Sierra,091,2930,296,295,59,354,4
2022-08-05,Siskiyou,093,43540,5072,5045,3214,8259,87
2022-08-05,Solano,095,438530,101318,100081,7293,107374,457
2022-08-05,Sonoma,097,501317,103201,102682,4873,107555,502
2022-08-05,Stanislaus,099,539301,133027,132406,19997,152403,1701
2022-08-05,Sutter,101,95872,23253,23178,2389,25567,228
2022-08-05,Tehama,103,63373,13220,13155,2950,16105,209
2022-08-05,Trinity,105,12862,1353,1347,351,1698,20
2022-08-05,Tulare,107,460477,118215,117668,33446,151114,1516
2022-08-05,Tuolumne,109,53932,14945,14844,868,15712,196
2022-08-05,Ventura,111,848112,201323,200270,14009,214279,1537
2022-08-05,Yolo,113,214977,46199,45902,4111,50013,331
2022-08-05,Yuba,115,75493,18169,18099,1584,19683,124
2022-08-04,Alameda,001,1643700,333228,331755,19137,350892,1945
2022-08-04,Alpine,003,1148,130,130,1,131,0
2022-08-04,Amador,005,37829,9679,9655,853,10508,88
2022-08-04,Butte,007,227075,37897,37717,8327,46044,446
2022-08-04,Calaveras,009,45235,8244,8219,480,8699,129
2022-08-04,Colusa,011,21464,3697,3696,1206,4902,22
2022-08-04,Contra Costa,013,1133247,238866,237436,18939,256375,1383
2022-08-04,Del Norte,015,27424,7202,7191,371,7562,54
2022-08-04,El Dorado,017,186661,31354,31240,4027,35267,225
2022-08-04,Fresno,019,978130,265080,263912,28316,292228,2815
2022-08-04,Glenn,021,27897,5387,5379,1798,7177,48
2022-08-04,Humboldt,023,135768,20839,20746,4443,25189,153
2022-08-04,Imperial,025,180216,63477,63198,14428,77626,949
2022-08-04,Inyo,027,18085,4420,4408,835,5243,57
2022-08-04,Kern,029,883053,212951,211798,55019,266817,2375
2022-08-04,Kings,031,150075,57483,57294,3891,61185,453
2022-08-04,Lake,033,64148,12268,12220,1087,13307,142
2022-08-04,Lassen,035,31185,9675,9654,962,10616,64
2022-08-04,Los Angeles,037,10098052,3168985,3153757,167391,3321148,32563
2022-08-04,Madera,039,155013,42298,42139,7463,49602,372
2022-08-04,Marin,041,260295,43470,43295,4991,48286,302
2022-08-04,Mariposa,043,17540,2978,2965,304,3269,31
2022-08-04,Mendocino,045,87422,15411,15335,4122,19457,132
2022-08-04,Merced,047,269075,69745,69498,10602,80100,838
2022-08-04,Modoc,049,8938,855,853,313,1166,11
2022-08-04,Mono,051,14174,3167,3161,231,3392,7
2022-08-04,Monterey,053,433212,91293,90884,19386,110270,757
2022-08-04,Napa,055,140530,31188,31052,1356,32408,151
2022-08-04,Nevada,057,99092,18366,18309,1651,19960,132
2022-08-04,Orange,059,3164182,645191,643029,57103,700132,7213
2022-08-04,Placer,061,380077,73375,73064,8997,82061,648
2022-08-04,Plumas,063,18699,3522,3516,426,3942,13
2022-08-04,Riverside,065,2383286,672172,669230,33247,702477,6555
2022-08-04,Sacramento,067,1510023,333974,332928,32104,365032,3175
2022-08-04,San Benito,069,59416,15462,15403,834,16237,101
2022-08-04,San Bernardino,071,2135413,641948,639120,28622,667742,7956
2022-08-04,San Diego,073,3302833,894799,891504,67793,959297,5424
2022-08-04,San Francisco,075,870044,172074,171486,11518,183004,946
2022-08-04,San Joaquin,077,732212,190458,189696,13192,202888,2276
2022-08-04,San Luis Obispo,079,281455,61277,60903,6581,67484,510
2022-08-04,San Mateo,081,765935,161684,161011,10089,171100,734
2022-08-04,Santa Barbara,083,443738,101527,100995,6251,107246,711
2022-08-04,Santa Clara,085,1922200,414023,412411,17953,430364,2386
2022-08-04,Santa Cruz,087,273765,60288,59982,3184,63166,269
2022-08-04,Shasta,089,179085,33835,33727,7016,40743,583
2022-08-04,Sierra,091,2930,296,295,59,354,4
2022-08-04,Siskiyou,093,43540,5067,5045,3208,8253,87
2022-08-04,Solano,095,438530,101206,100081,7283,107364,457
2022-08-04,Sonoma,097,501317,103096,102682,4862,107544,502
2022-08-04,Stanislaus,099,539301,132874,132406,19977,152383,1701
2022-08-04,Sutter,101,95872,23226,23178,2387,25565,228
2022-08-04,Tehama,103,63373,13215,13155,2945,16100,209
2022-08-04,Trinity,105,12862,1352,1347,350,1697,20
2022-08-04,Tulare,107,460477,118097,117668,33387,151055,1516
2022-08-04,Tuolumne,109,53932,14921,14844,866,15710,196
2022-08-04,Ventura,111,848112,201097,200270,13976,214246,1537
2022-08-04,Yolo,113,214977,46163,45902,4104,50006,331
2022-08-04,Yuba,115,75493,18149,18099,1583,19682,124
2022-08-03,Alameda,001,1643700,332733,330158,19101,349259,1941
2022-08-03,Alpine,003,1148,130,130,1,131,0
2022-08-03,Amador,005,37829,9673,9627,850,10477,88
2022-08-03,Butte,007,227075,37853,37567,8316,45883,444
2022-08-03,Calaveras,009,45235,8237,8194,479,8673,128
2022-08-03,Colusa,011,21464,3697,3676,1206,4882,22
2022-08-03,Contra Costa,013,1133247,238550,236190,18892,255082,1381
2022-08-03,Del Norte,015,27424,7198,7156,370,7526,54
2022-08-03,El Dorado,017,186661,31319,31165,4018,35183,222
2022-08-03,Fresno,019,978130,264692,262758,28279,291037,2806
2022-08-03,Glenn,021,27897,5385,5363,1794,7157,48
2022-08-03,Humboldt,023,135768,20806,20640,4425,25065,153
2022-08-03,Imperial,025,180216,63400,62884,14376,77260,949
2022-08-03,Inyo,027,18085,4420,4398,829,5227,57
2022-08-03,Kern,029,883053,212763,211047,54948,265995,2375
2022-08-03,Kings,031,150075,57419,57065,3888,60953,453
2022-08-03,Lake,033,64148,12252,12172,1084,13256,142
2022-08-03,Lassen,035,31185,9672,9563,962,10525,64
2022-08-03,Los Angeles,037,10098052,3165388,3140955,167029,3307984,32500
2022-08-03,Madera,039,155013,42251,41918,7444,49362,372
2022-08-03,Marin,041,260295,43409,43127,4978,48105,300
2022-08-03,Mariposa,043,17540,2974,2950,304,3254,30
2022-08-03,Mendocino,045,87422,15394,15260,4114,19374,132
2022-08-03,Merced,047,269075,69679,69198,10574,79772,838
2022-08-03,Modoc,049,8938,854,842,313,1155,11
2022-08-03,Mono,051,14174,3167,3157,229,3386,7
2022-08-03,Monterey,053,433212,91189,90456,19322,109778,754
2022-08-03,Napa,055,140530,31151,30935,1351,32286,151
2022-08-03,Nevada,057,99092,18355,18253,1647,19900,132
2022-08-03,Orange,059,3164182,644376,640110,56937,697047,7202
2022-08-03,Placer,061,380077,73296,72834,8982,81816,646
2022-08-03,Plumas,063,18699,3519,3496,426,3922,13
2022-08-03,Riverside,065,2383286,671323,666773,33187,699960,6547
2022-08-03,Sacramento,067,1510023,333548,331584,32072,363656,3162
2022-08-03,San Benito,069,59416,15435,15338,827,16165,100
2022-08-03,San Bernardino,071,2135413,641236,636510,28564,665074,7951
2022-08-03,San Diego,073,3302833,893592,887729,67667,955396,5417
2022-08-03,San Francisco,075,870044,171870,170637,11499,182136,939
2022-08-03,San Joaquin,077,732212,190216,188962,13164,202126,2276
2022-08-03,San Luis Obispo,079,281455,61195,60648,6565,67213,504
2022-08-03,San Mateo,081,765935,161496,160258,10076,170334,725
2022-08-03,Santa Barbara,083,443738,101406,100558,6231,106789,710
2022-08-03,Santa Clara,085,1922200,413552,410394,17925,428319,2383
2022-08-03,Santa Cruz,087,273765,60200,59661,3181,62842,269
2022-08-03,Shasta,089,179085,33809,33630,7011,40641,582
2022-08-03,Sierra,091,2930,296,295,59,354,4
2022-08-03,Siskiyou,093,43540,5064,5021,3206,8227,86
2022-08-03,Solano,095,438530,101087,99608,7272,106880,459
2022-08-03,Sonoma,097,501317,102977,102306,4853,107159,500
2022-08-03,Stanislaus,099,539301,132730,131869,19952,151821,1701
2022-08-03,Sutter,101,95872,23198,23056,2385,25441,228
2022-08-03,Tehama,103,63373,13203,13135,2941,16076,209
2022-08-03,Trinity,105,12862,1352,1342,349,1691,20
2022-08-03,Tulare,107,460477,117956,117288,33322,150610,1516
2022-08-03,Tuolumne,109,53932,14902,14778,865,15643,196
2022-08-03,Ventura,111,848112,200863,199530,13938,213468,1536
2022-08-03,Yolo,113,214977,46117,45757,4084,49841,330
2022-08-03,Yuba,115,75493,18120,18036,1582,19618,124
2022-08-02,Alameda,001,1643700,332210,330158,19070,349228,1941
2022-08-02,Alpine,003,1148,130,130,1,131,0
2022-08-02,Amador,005,37829,9664,9627,843,10470,88
2022-08-02,Butte,007,227075,37813,37567,8305,45872,444
2022-08-02,Calaveras,009,45235,8222,8194,477,8671,128
2022-08-02,Colusa,011,21464,3694,3676,1206,4882,22
2022-08-02,Contra Costa,013,1133247,238205,236190,18831,255021,1381
2022-08-02,Del Norte,015,27424,7188,7156,370,7526,54
2022-08-02,El Dorado,017,186661,31295,31165,4013,35178,222
2022-08-02,Fresno,019,978130,264273,262758,28209,290967,2806
2022-08-02,Glenn,021,27897,5381,5363,1792,7155,48
2022-08-02,Humboldt,023,135768,20769,20640,4402,25042,153
2022-08-02,Imperial,025,180216,63316,62884,14327,77211,949
2022-08-02,Inyo,027,18085,4417,4398,819,5217,57
2022-08-02,Kern,029,883053,212536,211047,54870,265917,2375
2022-08-02,Kings,031,150075,57338,57065,3884,60949,453
2022-08-02,Lake,033,64148,12241,12172,1081,13253,142
2022-08-02,Lassen,035,31185,9669,9563,961,10524,64
2022-08-02,Los Angeles,037,10098052,3161157,3140955,166581,3307536,32500
2022-08-02,Madera,039,155013,42181,41918,7422,49340,372
2022-08-02,Marin,041,260295,43351,43127,4970,48097,300
2022-08-02,Mariposa,043,17540,2969,2950,304,3254,30
2022-08-02,Mendocino,045,87422,15363,15260,4099,19359,132
2022-08-02,Merced,047,269075,69606,69198,10536,79734,838
2022-08-02,Modoc,049,8938,854,842,313,1155,11
2022-08-02,Mono,051,14174,3165,3157,224,3381,7
2022-08-02,Monterey,053,433212,91067,90456,19254,109710,754
2022-08-02,Napa,055,140530,31113,30935,1348,32283,151
2022-08-02,Nevada,057,99092,18341,18253,1646,19899,132
2022-08-02,Orange,059,3164182,643495,640110,56777,696887,7202
2022-08-02,Placer,061,380077,73213,72834,8973,81807,646
2022-08-02,Plumas,063,18699,3514,3496,426,3922,13
2022-08-02,Riverside,065,2383286,670404,666773,33138,699911,6547
2022-08-02,Sacramento,067,1510023,333152,331584,32027,363611,3162
2022-08-02,San Benito,069,59416,15401,15338,824,16162,100
2022-08-02,San Bernardino,071,2135413,640417,636510,28509,665019,7951
2022-08-02,San Diego,073,3302833,892427,887729,67539,955268,5417
2022-08-02,San Francisco,075,870044,171632,170637,11485,182122,939
2022-08-02,San Joaquin,077,732212,189982,188962,13138,202100,2276
2022-08-02,San Luis Obispo,079,281455,61108,60648,6537,67185,504
2022-08-02,San Mateo,081,765935,161252,160258,10072,170330,725
2022-08-02,Santa Barbara,083,443738,101244,100558,6204,106762,710
2022-08-02,Santa Clara,085,1922200,412924,410394,17887,428281,2383
2022-08-02,Santa Cruz,087,273765,60110,59661,3173,62834,269
2022-08-02,Shasta,089,179085,33791,33630,6997,40627,582
2022-08-02,Sierra,091,2930,296,295,59,354,4
2022-08-02,Siskiyou,093,43540,5051,5021,3203,8224,86
2022-08-02,Solano,095,438530,100905,99608,7250,106858,459
2022-08-02,Sonoma,097,501317,102808,102306,4837,107143,500
2022-08-02,Stanislaus,099,539301,132571,131869,19912,151781,1701
2022-08-02,Sutter,101,95872,23164,23056,2384,25440,228
2022-08-02,Tehama,103,63373,13196,13135,2937,16072,209
2022-08-02,Trinity,105,12862,1352,1342,347,1689,20
2022-08-02,Tulare,107,460477,117816,117288,33240,150528,1516
2022-08-02,Tuolumne,109,53932,14884,14778,863,15641,196
2022-08-02,Ventura,111,848112,200613,199530,13894,213424,1536
2022-08-02,Yolo,113,214977,46072,45757,4079,49836,330
2022-08-02,Yuba,115,75493,18099,18036,1578,19614,124
2022-08-01,Alameda,001,1643700,331563,330158,19036,349194,1941
2022-08-01,Alpine,003,1148,130,130,1,131,0
2022-08-01,Amador,005,37829,9657,9627,841,10468,88
2022-08-01,Butte,007,227075,37757,37567,8288,45855,444
2022-08-01,Calaveras,009,45235,8219,8194,476,8670,128
2022-08-01,Colusa,011,21464,3690,3676,1197,4873,22
2022-08-01,Contra Costa,013,1133247,237819,236190,18775,254965,1381
2022-08-01,Del Norte,015,27424,7183,7156,370,7526,54
2022-08-01,El Dorado,017,186661,31266,31165,4007,35172,222
2022-08-01,Fresno,019,978130,263818,262758,28135,290893,2806
2022-08-01,Glenn,021,27897,5372,5363,1791,7154,48
2022-08-01,Humboldt,023,135768,20738,20640,4384,25024,153
2022-08-01,Imperial,025,180216,63200,62884,14265,77149,949
2022-08-01,Inyo,027,18085,4414,4398,815,5213,57
2022-08-01,Kern,029,883053,212301,211047,54806,265853,2375
2022-08-01,Kings,031,150075,57246,57065,3873,60938,453
2022-08-01,Lake,033,64148,12211,12172,1080,13252,142
2022-08-01,Lassen,035,31185,9649,9563,961,10524,64
2022-08-01,Los Angeles,037,10098052,3156542,3140955,166144,3307099,32500
2022-08-01,Madera,039,155013,42099,41918,7390,49308,372
2022-08-01,Marin,041,260295,43294,43127,4946,48073,300
2022-08-01,Mariposa,043,17540,2965,2950,302,3252,30
2022-08-01,Mendocino,045,87422,15340,15260,4090,19350,132
2022-08-01,Merced,047,269075,69500,69198,10511,79709,838
2022-08-01,Modoc,049,8938,854,842,313,1155,11
2022-08-01,Mono,051,14174,3164,3157,222,3379,7
2022-08-01,Monterey,053,433212,90923,90456,19185,109641,754
2022-08-01,Napa,055,140530,31065,30935,1345,32280,151
2022-08-01,Nevada,057,99092,18329,18253,1641,19894,132
2022-08-01,Orange,059,3164182,642552,640110,56616,696726,7202
2022-08-01,Placer,061,380077,73147,72834,8961,81795,646
2022-08-01,Plumas,063,18699,3510,3496,426,3922,13
2022-08-01,Riverside,065,2383286,669397,666773,33091,699864,6547
2022-08-01,Sacramento,067,1510023,332714,331584,31986,363570,3162
2022-08-01,San Benito,069,59416,15382,15338,824,16162,100
2022-08-01,San Bernardino,071,2135413,639523,636510,28454,664964,7951
2022-08-01,San Diego,073,3302833,891008,887729,67363,955092,5417
2022-08-01,San Francisco,075,870044,171380,170637,11472,182109,939
2022-08-01,San Joaquin,077,732212,189713,188962,13105,202067,2276
2022-08-01,San Luis Obispo,079,281455,61012,60648,6520,67168,504
2022-08-01,San Mateo,081,765935,160958,160258,10060,170318,725
2022-08-01,Santa Barbara,083,443738,101070,100558,6180,106738,710
2022-08-01,Santa Clara,085,1922200,412150,410394,17860,428254,2383
2022-08-01,Santa Cruz,087,273765,60007,59661,3160,62821,269
2022-08-01,Shasta,089,179085,33765,33630,6985,40615,582
2022-08-01,Sierra,091,2930,296,295,59,354,4
2022-08-01,Siskiyou,093,43540,5043,5021,3195,8216,86
2022-08-01,Solano,095,438530,100719,99608,7234,106842,459
2022-08-01,Sonoma,097,501317,102643,102306,4828,107134,500
2022-08-01,Stanislaus,099,539301,132398,131869,19887,151756,1701
2022-08-01,Sutter,101,95872,23108,23056,2383,25439,228
2022-08-01,Tehama,103,63373,13180,13135,2931,16066,209
2022-08-01,Trinity,105,12862,1351,1342,346,1688,20
2022-08-01,Tulare,107,460477,117643,117288,33164,150452,1516
2022-08-01,Tuolumne,109,53932,14865,14778,863,15641,196
2022-08-01,Ventura,111,848112,200365,199530,13846,213376,1536
2022-08-01,Yolo,113,214977,46021,45757,4062,49819,330
2022-08-01,Yuba,115,75493,18076,18036,1574,19610,124
2022-07-31,Alameda,001,1643700,330846,327608,19002,346610,1941
2022-07-31,Alpine,003,1148,130,130,1,131,0
2022-07-31,Amador,005,37829,9644,9609,836,10445,88
2022-07-31,Butte,007,227075,37683,37349,8269,45618,444
2022-07-31,Calaveras,009,45235,8207,8145,473,8618,128
2022-07-31,Colusa,011,21464,3686,3664,1195,4859,22
2022-07-31,Contra Costa,013,1133247,237349,234635,18707,253342,1375
2022-07-31,Del Norte,015,27424,7171,7136,367,7503,54
2022-07-31,El Dorado,017,186661,31239,31007,3999,35006,222
2022-07-31,Fresno,019,978130,263263,260858,28061,288919,2805
2022-07-31,Glenn,021,27897,5369,5350,1789,7139,48
2022-07-31,Humboldt,023,135768,20699,20523,4351,24874,151
2022-07-31,Imperial,025,180216,63100,62471,14183,76654,949
2022-07-31,Inyo,027,18085,4409,4388,810,5198,57
2022-07-31,Kern,029,883053,212004,210190,54692,264882,2375
2022-07-31,Kings,031,150075,57119,56673,3864,60537,454
2022-07-31,Lake,033,64148,12195,12102,1078,13180,142
2022-07-31,Lassen,035,31185,9570,9548,961,10509,64
2022-07-31,Los Angeles,037,10098052,3151530,3122700,165573,3288273,32445
2022-07-31,Madera,039,155013,42010,41641,7354,48995,372
2022-07-31,Marin,041,260295,43221,42840,4932,47772,300
2022-07-31,Mariposa,043,17540,2959,2940,301,3241,30
2022-07-31,Mendocino,045,87422,15321,15172,4081,19253,132
2022-07-31,Merced,047,269075,69373,68853,10469,79322,838
2022-07-31,Modoc,049,8938,850,841,313,1154,11
2022-07-31,Mono,051,14174,3161,3155,222,3377,7
2022-07-31,Monterey,053,433212,90765,89974,19098,109072,754
2022-07-31,Napa,055,140530,30998,30777,1342,32119,150
2022-07-31,Nevada,057,99092,18292,18187,1638,19825,131
2022-07-31,Orange,059,3164182,641574,636403,56421,692824,7194
2022-07-31,Placer,061,380077,73045,72444,8943,81387,647
2022-07-31,Plumas,063,18699,3504,3490,425,3915,13
2022-07-31,Riverside,065,2383286,668353,662929,33004,695933,6543
2022-07-31,Sacramento,067,1510023,332115,329639,31930,361569,3156
2022-07-31,San Benito,069,59416,15355,15256,818,16074,100
2022-07-31,San Bernardino,071,2135413,638457,633131,28360,661491,7941
2022-07-31,San Diego,073,3302833,889418,881822,67212,949034,5409
2022-07-31,San Francisco,075,870044,170984,169564,11431,180995,937
2022-07-31,San Joaquin,077,732212,189360,187937,13032,200969,2276
2022-07-31,San Luis Obispo,079,281455,60867,60370,6483,66853,503
2022-07-31,San Mateo,081,765935,160715,159145,10032,169177,726
2022-07-31,Santa Barbara,083,443738,100843,99946,6133,106079,708
2022-07-31,Santa Clara,085,1922200,411387,407392,17823,425215,2381
2022-07-31,Santa Cruz,087,273765,59841,59227,3143,62370,269
2022-07-31,Shasta,089,179085,33715,33454,6962,40416,581
2022-07-31,Sierra,091,2930,296,293,59,352,4
2022-07-31,Siskiyou,093,43540,5032,4997,3192,8189,86
2022-07-31,Solano,095,438530,100525,99034,7221,106255,457
2022-07-31,Sonoma,097,501317,102492,101747,4802,106549,500
2022-07-31,Stanislaus,099,539301,132164,131081,19846,150927,1696
2022-07-31,Sutter,101,95872,23063,22931,2372,25303,228
2022-07-31,Tehama,103,63373,13172,13079,2922,16001,208
2022-07-31,Trinity,105,12862,1349,1340,345,1685,20
2022-07-31,Tulare,107,460477,117449,116640,33049,149689,1514
2022-07-31,Tuolumne,109,53932,14840,14701,860,15561,196
2022-07-31,Ventura,111,848112,200051,198498,13766,212264,1530
2022-07-31,Yolo,113,214977,45960,45511,4053,49564,327
2022-07-31,Yuba,115,75493,18045,17951,1565,19516,124
2022-07-30,Alameda,001,1643700,330510,327608,18984,346592,1941
2022-07-30,Alpine,003,1148,130,130,1,131,0
2022-07-30,Amador,005,37829,9642,9609,829,10438,88
2022-07-30,Butte,007,227075,37653,37349,8259,45608,444
2022-07-30,Calaveras,009,45235,8197,8145,472,8617,128
2022-07-30,Colusa,011,21464,3681,3664,1195,4859,22
2022-07-30,Contra Costa,013,1133247,237075,234635,18668,253303,1375
2022-07-30,Del Norte,015,27424,7166,7136,365,7501,54
2022-07-30,El Dorado,017,186661,31221,31007,3995,35002,222
2022-07-30,Fresno,019,978130,263063,260858,28028,288886,2805
2022-07-30,Glenn,021,27897,5364,5350,1788,7138,48
2022-07-30,Humboldt,023,135768,20679,20523,4339,24862,151
2022-07-30,Imperial,025,180216,63053,62471,14153,76624,949
2022-07-30,Inyo,027,18085,4408,4388,806,5194,57
2022-07-30,Kern,029,883053,211886,210190,54647,264837,2375
2022-07-30,Kings,031,150075,57086,56673,3864,60537,454
2022-07-30,Lake,033,64148,12185,12102,1077,13179,142
2022-07-30,Lassen,035,31185,9569,9548,959,10507,64
2022-07-30,Los Angeles,037,10098052,3149148,3122700,165208,3287908,32445
2022-07-30,Madera,039,155013,41976,41641,7348,48989,372
2022-07-30,Marin,041,260295,43189,42840,4930,47770,300
2022-07-30,Mariposa,043,17540,2957,2940,300,3240,30
2022-07-30,Mendocino,045,87422,15297,15172,4077,19249,132
2022-07-30,Merced,047,269075,69321,68853,10460,79313,838
2022-07-30,Modoc,049,8938,850,841,313,1154,11
2022-07-30,Mono,051,14174,3161,3155,221,3376,7
2022-07-30,Monterey,053,433212,90674,89974,19051,109025,754
2022-07-30,Napa,055,140530,30971,30777,1338,32115,150
2022-07-30,Nevada,057,99092,18283,18187,1634,19821,131
2022-07-30,Orange,059,3164182,641040,636403,56314,692717,7194
2022-07-30,Placer,061,380077,73006,72444,8930,81374,647
2022-07-30,Plumas,063,18699,3503,3490,425,3915,13
2022-07-30,Riverside,065,2383286,667823,662929,32975,695904,6543
2022-07-30,Sacramento,067,1510023,331874,329639,31923,361562,3156
2022-07-30,San Benito,069,59416,15343,15256,815,16071,100
2022-07-30,San Bernardino,071,2135413,637992,633131,28319,661450,7941
2022-07-30,San Diego,073,3302833,888778,881822,67162,948984,5409
2022-07-30,San Francisco,075,870044,170833,169564,11420,180984,937
2022-07-30,San Joaquin,077,732212,189233,187937,13009,200946,2276
2022-07-30,San Luis Obispo,079,281455,60835,60370,6469,66839,503
2022-07-30,San Mateo,081,765935,160533,159145,10014,169159,726
2022-07-30,Santa Barbara,083,443738,100754,99946,6112,106058,708
2022-07-30,Santa Clara,085,1922200,410899,407392,17805,425197,2381
2022-07-30,Santa Cruz,087,273765,59778,59227,3135,62362,269
2022-07-30,Shasta,089,179085,33695,33454,6961,40415,581
2022-07-30,Sierra,091,2930,296,293,59,352,4
2022-07-30,Siskiyou,093,43540,5029,4997,3190,8187,86
2022-07-30,Solano,095,438530,100467,99034,7209,106243,457
2022-07-30,Sonoma,097,501317,102406,101747,4794,106541,500
2022-07-30,Stanislaus,099,539301,132032,131081,19825,150906,1696
2022-07-30,Sutter,101,95872,23037,22931,2371,25302,228
2022-07-30,Tehama,103,63373,13166,13079,2919,15998,208
2022-07-30,Trinity,105,12862,1349,1340,345,1685,20
2022-07-30,Tulare,107,460477,117357,116640,32985,149625,1514
2022-07-30,Tuolumne,109,53932,14821,14701,860,15561,196
2022-07-30,Ventura,111,848112,199893,198498,13735,212233,1530
2022-07-30,Yolo,113,214977,45933,45511,4050,49561,327
2022-07-30,Yuba,115,75493,18032,17951,1565,19516,124
2022-07-29,Alameda,001,1643700,330146,327608,18961,346569,1941
2022-07-29,Alpine,003,1148,130,130,1,131,0
2022-07-29,Amador,005,37829,9641,9609,828,10437,88
2022-07-29,Butte,007,227075,37621,37349,8242,45591,444
2022-07-29,Calaveras,009,45235,8193,8145,472,8617,128
2022-07-29,Colusa,011,21464,3681,3664,1195,4859,22
2022-07-29,Contra Costa,013,1133247,236849,234635,18644,253279,1375
2022-07-29,Del Norte,015,27424,7161,7136,364,7500,54
2022-07-29,El Dorado,017,186661,31199,31007,3994,35001,222
2022-07-29,Fresno,019,978130,262827,260858,27983,288841,2805
2022-07-29,Glenn,021,27897,5362,5350,1786,7136,48
2022-07-29,Humboldt,023,135768,20654,20523,4329,24852,151
2022-07-29,Imperial,025,180216,62992,62471,14126,76597,949
2022-07-29,Inyo,027,18085,4407,4388,805,5193,57
2022-07-29,Kern,029,883053,211724,210190,54603,264793,2375
2022-07-29,Kings,031,150075,57049,56673,3863,60536,454
2022-07-29,Lake,033,64148,12170,12102,1074,13176,142
2022-07-29,Lassen,035,31185,9567,9548,959,10507,64
2022-07-29,Los Angeles,037,10098052,3146348,3122700,164899,3287599,32445
2022-07-29,Madera,039,155013,41931,41641,7335,48976,372
2022-07-29,Marin,041,260295,43142,42840,4922,47762,300
2022-07-29,Mariposa,043,17540,2956,2940,300,3240,30
2022-07-29,Mendocino,045,87422,15279,15172,4065,19237,132
2022-07-29,Merced,047,269075,69264,68853,10443,79296,838
2022-07-29,Modoc,049,8938,850,841,313,1154,11
2022-07-29,Mono,051,14174,3161,3155,220,3375,7
2022-07-29,Monterey,053,433212,90582,89974,19015,108989,754
2022-07-29,Napa,055,140530,30945,30777,1337,32114,150
2022-07-29,Nevada,057,99092,18272,18187,1632,19819,131
2022-07-29,Orange,059,3164182,640452,636403,56185,692588,7194
2022-07-29,Placer,061,380077,72936,72444,8916,81360,647
2022-07-29,Plumas,063,18699,3502,3490,425,3915,13
2022-07-29,Riverside,065,2383286,667280,662929,32928,695857,6543
2022-07-29,Sacramento,067,1510023,331561,329639,31904,361543,3156
2022-07-29,San Benito,069,59416,15328,15256,814,16070,100
2022-07-29,San Bernardino,071,2135413,637473,633131,28287,661418,7941
2022-07-29,San Diego,073,3302833,887913,881822,67055,948877,5409
2022-07-29,San Francisco,075,870044,170654,169564,11408,180972,937
2022-07-29,San Joaquin,077,732212,189122,187937,12996,200933,2276
2022-07-29,San Luis Obispo,079,281455,60797,60370,6457,66827,503
2022-07-29,San Mateo,081,765935,160356,159145,10005,169150,726
2022-07-29,Santa Barbara,083,443738,100632,99946,6103,106049,708
2022-07-29,Santa Clara,085,1922200,410421,407392,17784,425176,2381
2022-07-29,Santa Cruz,087,273765,59702,59227,3132,62359,269
2022-07-29,Shasta,089,179085,33669,33454,6953,40407,581
2022-07-29,Sierra,091,2930,296,293,58,351,4
2022-07-29,Siskiyou,093,43540,5024,4997,3189,8186,86
2022-07-29,Solano,095,438530,100338,99034,7199,106233,457
2022-07-29,Sonoma,097,501317,102312,101747,4782,106529,500
2022-07-29,Stanislaus,099,539301,131927,131081,19814,150895,1696
2022-07-29,Sutter,101,95872,23017,22931,2371,25302,228
2022-07-29,Tehama,103,63373,13159,13079,2917,15996,208
2022-07-29,Trinity,105,12862,1345,1340,344,1684,20
2022-07-29,Tulare,107,460477,117256,116640,32924,149564,1514
2022-07-29,Tuolumne,109,53932,14808,14701,859,15560,196
2022-07-29,Ventura,111,848112,199743,198498,13696,212194,1530
2022-07-29,Yolo,113,214977,45899,45511,4037,49548,327
2022-07-29,Yuba,115,75493,18011,17951,1563,19514,124
2022-07-28,Alameda,001,1643700,329670,327608,18913,346521,1941
2022-07-28,Alpine,003,1148,130,130,1,131,0
2022-07-28,Amador,005,37829,9634,9609,827,10436,88
2022-07-28,Butte,007,227075,37570,37349,8230,45579,444
2022-07-28,Calaveras,009,45235,8182,8145,471,8616,128
2022-07-28,Colusa,011,21464,3674,3664,1195,4859,22
2022-07-28,Contra Costa,013,1133247,236487,234635,18589,253224,1375
2022-07-28,Del Norte,015,27424,7155,7136,363,7499,54
2022-07-28,El Dorado,017,186661,31164,31007,3989,34996,222
2022-07-28,Fresno,019,978130,262398,260858,27910,288768,2805
2022-07-28,Glenn,021,27897,5360,5350,1782,7132,48
2022-07-28,Humboldt,023,135768,20619,20523,4318,24841,151
2022-07-28,Imperial,025,180216,62895,62471,14061,76532,949
2022-07-28,Inyo,027,18085,4403,4388,803,5191,57
2022-07-28,Kern,029,883053,211483,210190,54548,264738,2375
2022-07-28,Kings,031,150075,56947,56673,3860,60533,454
2022-07-28,Lake,033,64148,12153,12102,1073,13175,142
2022-07-28,Lassen,035,31185,9562,9548,959,10507,64
2022-07-28,Los Angeles,037,10098052,3142170,3122700,164383,3287083,32445
2022-07-28,Madera,039,155013,41870,41641,7323,48964,372
2022-07-28,Marin,041,260295,43093,42840,4917,47757,300
2022-07-28,Mariposa,043,17540,2953,2940,297,3237,30
2022-07-28,Mendocino,045,87422,15258,15172,4054,19226,132
2022-07-28,Merced,047,269075,69186,68853,10405,79258,838
2022-07-28,Modoc,049,8938,847,841,313,1154,11
2022-07-28,Mono,051,14174,3161,3155,219,3374,7
2022-07-28,Monterey,053,433212,90426,89974,18938,108912,754
2022-07-28,Napa,055,140530,30907,30777,1335,32112,150
2022-07-28,Nevada,057,99092,18257,18187,1626,19813,131
2022-07-28,Orange,059,3164182,639502,636403,56034,692437,7194
2022-07-28,Placer,061,380077,72845,72444,8895,81339,647
2022-07-28,Plumas,063,18699,3501,3490,425,3915,13
2022-07-28,Riverside,065,2383286,666480,662929,32875,695804,6543
2022-07-28,Sacramento,067,1510023,331139,329639,31874,361513,3156
2022-07-28,San Benito,069,59416,15300,15256,809,16065,100
2022-07-28,San Bernardino,071,2135413,636670,633131,28242,661373,7941
2022-07-28,San Diego,073,3302833,886560,881822,66921,948743,5409
2022-07-28,San Francisco,075,870044,170429,169564,11378,180942,937
2022-07-28,San Joaquin,077,732212,188863,187937,12956,200893,2276
2022-07-28,San Luis Obispo,079,281455,60720,60370,6435,66805,503
2022-07-28,San Mateo,081,765935,160105,159145,9989,169134,726
2022-07-28,Santa Barbara,083,443738,100513,99946,6070,106016,708
2022-07-28,Santa Clara,085,1922200,409777,407392,17754,425146,2381
2022-07-28,Santa Cruz,087,273765,59584,59227,3121,62348,269
2022-07-28,Shasta,089,179085,33642,33454,6938,40392,581
2022-07-28,Sierra,091,2930,296,293,58,351,4
2022-07-28,Siskiyou,093,43540,5020,4997,3182,8179,86
2022-07-28,Solano,095,438530,100189,99034,7188,106222,457
2022-07-28,Sonoma,097,501317,102189,101747,4757,106504,500
2022-07-28,Stanislaus,099,539301,131776,131081,19782,150863,1696
2022-07-28,Sutter,101,95872,22986,22931,2366,25297,228
2022-07-28,Tehama,103,63373,13141,13079,2908,15987,208
2022-07-28,Trinity,105,12862,1344,1340,343,1683,20
2022-07-28,Tulare,107,460477,117129,116640,32831,149471,1514
2022-07-28,Tuolumne,109,53932,14789,14701,857,15558,196
2022-07-28,Ventura,111,848112,199484,198498,13655,212153,1530
2022-07-28,Yolo,113,214977,45850,45511,4025,49536,327
2022-07-28,Yuba,115,75493,17997,17951,1554,19505,124
2022-07-27,Alameda,001,1643700,329148,325669,18869,344538,1938
2022-07-27,Alpine,003,1148,130,130,1,131,0
2022-07-27,Amador,005,37829,9625,9568,826,10394,87
2022-07-27,Butte,007,227075,37527,37146,8219,45365,441
2022-07-27,Calaveras,009,45235,8172,8105,470,8575,130
2022-07-27,Colusa,011,21464,3666,3649,1195,4844,22
2022-07-27,Contra Costa,013,1133247,236132,233236,18537,251773,1374
2022-07-27,Del Norte,015,27424,7151,7161,363,7524,54
2022-07-27,El Dorado,017,186661,31116,30891,3980,34871,222
2022-07-27,Fresno,019,978130,261979,259483,27841,287324,2801
2022-07-27,Glenn,021,27897,5356,5327,1781,7108,48
2022-07-27,Humboldt,023,135768,20579,20406,4308,24714,150
2022-07-27,Imperial,025,180216,62812,62014,14007,76021,948
2022-07-27,Inyo,027,18085,4399,4381,799,5180,57
2022-07-27,Kern,029,883053,211256,209400,54459,263859,2368
2022-07-27,Kings,031,150075,56872,56417,3852,60269,451
2022-07-27,Lake,033,64148,12137,12025,1071,13096,142
2022-07-27,Lassen,035,31185,9557,9509,958,10467,64
2022-07-27,Los Angeles,037,10098052,3137640,3107063,163937,3271000,32392
2022-07-27,Madera,039,155013,41782,41423,7310,48733,372
2022-07-27,Marin,041,260295,43021,42624,4908,47532,300
2022-07-27,Mariposa,043,17540,2948,2927,297,3224,30
2022-07-27,Mendocino,045,87422,15230,15066,4038,19104,131
2022-07-27,Merced,047,269075,69070,68455,10376,78831,838
2022-07-27,Modoc,049,8938,845,840,313,1153,10
2022-07-27,Mono,051,14174,3159,3148,216,3364,7
2022-07-27,Monterey,053,433212,90295,89520,18863,108383,752
2022-07-27,Napa,055,140530,30863,30647,1333,31980,150
2022-07-27,Nevada,057,99092,18239,18134,1625,19759,132
2022-07-27,Orange,059,3164182,638515,632871,55864,688735,7188
2022-07-27,Placer,061,380077,72762,72194,8873,81067,647
2022-07-27,Plumas,063,18699,3495,3472,425,3897,13
2022-07-27,Riverside,065,2383286,665472,659650,32797,692447,6528
2022-07-27,Sacramento,067,1510023,330679,328249,31819,360068,3146
2022-07-27,San Benito,069,59416,15280,15188,807,15995,100
2022-07-27,San Bernardino,071,2135413,635810,629895,28187,658082,7937
2022-07-27,San Diego,073,3302833,885109,876507,66783,943290,5386
2022-07-27,San Francisco,075,870044,170180,168570,11362,179932,931
2022-07-27,San Joaquin,077,732212,188578,187066,12921,199987,2267
2022-07-27,San Luis Obispo,079,281455,60645,60180,6401,66581,502
2022-07-27,San Mateo,081,765935,159858,158343,9979,168322,724
2022-07-27,Santa Barbara,083,443738,100363,99460,6033,105493,707
2022-07-27,Santa Clara,085,1922200,409086,404896,17735,422631,2380
2022-07-27,Santa Cruz,087,273765,59488,58873,3108,61981,269
2022-07-27,Shasta,089,179085,33609,33314,6928,40242,578
2022-07-27,Sierra,091,2930,295,293,58,351,4
2022-07-27,Siskiyou,093,43540,5007,4975,3178,8153,84
2022-07-27,Solano,095,438530,100025,98579,7178,105757,457
2022-07-27,Sonoma,097,501317,102051,101316,4746,106062,499
2022-07-27,Stanislaus,099,539301,131575,130451,19741,150192,1695
2022-07-27,Sutter,101,95872,22950,22811,2360,25171,228
2022-07-27,Tehama,103,63373,13128,13036,2902,15938,207
2022-07-27,Trinity,105,12862,1343,1337,342,1679,20
2022-07-27,Tulare,107,460477,116968,116167,32763,148930,1514
2022-07-27,Tuolumne,109,53932,14759,14594,854,15448,196
2022-07-27,Ventura,111,848112,199207,197572,13591,211163,1527
2022-07-27,Yolo,113,214977,45803,45359,4008,49367,326
2022-07-27,Yuba,115,75493,17973,17873,1546,19419,124
2022-07-26,Alameda,001,1643700,328512,325669,18824,344493,1938
2022-07-26,Alpine,003,1148,130,130,1,131,0
2022-07-26,Amador,005,37829,9616,9568,822,10390,87
2022-07-26,Butte,007,227075,37467,37146,8203,45349,441
2022-07-26,Calaveras,009,45235,8163,8105,468,8573,130
2022-07-26,Colusa,011,21464,3665,3649,1195,4844,22
2022-07-26,Contra Costa,013,1133247,235697,233236,18481,251717,1374
2022-07-26,Del Norte,015,27424,7138,7161,363,7524,54
2022-07-26,El Dorado,017,186661,31072,30891,3974,34865,222
2022-07-26,Fresno,019,978130,261439,259483,27759,287242,2801
2022-07-26,Glenn,021,27897,5354,5327,1777,7104,48
2022-07-26,Humboldt,023,135768,20547,20406,4293,24699,150
2022-07-26,Imperial,025,180216,62693,62014,13926,75940,948
2022-07-26,Inyo,027,18085,4396,4381,797,5178,57
2022-07-26,Kern,029,883053,210949,209400,54386,263786,2368
2022-07-26,Kings,031,150075,56756,56417,3850,60267,451
2022-07-26,Lake,033,64148,12107,12025,1070,13095,142
2022-07-26,Lassen,035,31185,9554,9509,956,10465,64
2022-07-26,Los Angeles,037,10098052,3132713,3107063,163376,3270439,32392
2022-07-26,Madera,039,155013,41717,41423,7286,48709,372
2022-07-26,Marin,041,260295,42955,42624,4896,47520,300
2022-07-26,Mariposa,043,17540,2946,2927,297,3224,30
2022-07-26,Mendocino,045,87422,15208,15066,4026,19092,131
2022-07-26,Merced,047,269075,68978,68455,10351,78806,838
2022-07-26,Modoc,049,8938,843,840,313,1153,10
2022-07-26,Mono,051,14174,3158,3148,216,3364,7
2022-07-26,Monterey,053,433212,90158,89520,18774,108294,752
2022-07-26,Napa,055,140530,30827,30647,1327,31974,150
2022-07-26,Nevada,057,99092,18216,18134,1622,19756,132
2022-07-26,Orange,059,3164182,637413,632871,55650,688521,7188
2022-07-26,Placer,061,380077,72644,72194,8854,81048,647
2022-07-26,Plumas,063,18699,3492,3472,424,3896,13
2022-07-26,Riverside,065,2383286,664450,659650,32717,692367,6528
2022-07-26,Sacramento,067,1510023,330148,328249,31755,360004,3146
2022-07-26,San Benito,069,59416,15250,15188,806,15994,100
2022-07-26,San Bernardino,071,2135413,634856,629895,28121,658016,7937
2022-07-26,San Diego,073,3302833,883420,876507,66607,943114,5386
2022-07-26,San Francisco,075,870044,169895,168570,11347,179917,931
2022-07-26,San Joaquin,077,732212,188280,187066,12881,199947,2267
2022-07-26,San Luis Obispo,079,281455,60570,60180,6373,66553,502
2022-07-26,San Mateo,081,765935,159575,158343,9968,168311,724
2022-07-26,Santa Barbara,083,443738,100184,99460,6009,105469,707
2022-07-26,Santa Clara,085,1922200,408237,404896,17698,422594,2380
2022-07-26,Santa Cruz,087,273765,59384,58873,3092,61965,269
2022-07-26,Shasta,089,179085,33579,33314,6912,40226,578
2022-07-26,Sierra,091,2930,294,293,58,351,4
2022-07-26,Siskiyou,093,43540,5002,4975,3170,8145,84
2022-07-26,Solano,095,438530,99836,98579,7160,105739,457
2022-07-26,Sonoma,097,501317,101907,101316,4718,106034,499
2022-07-26,Stanislaus,099,539301,131362,130451,19715,150166,1695
2022-07-26,Sutter,101,95872,22920,22811,2359,25170,228
2022-07-26,Tehama,103,63373,13110,13036,2897,15933,207
2022-07-26,Trinity,105,12862,1342,1337,340,1677,20
2022-07-26,Tulare,107,460477,116819,116167,32677,148844,1514
2022-07-26,Tuolumne,109,53932,14739,14594,852,15446,196
2022-07-26,Ventura,111,848112,198899,197572,13534,211106,1527
2022-07-26,Yolo,113,214977,45755,45359,3997,49356,326
2022-07-26,Yuba,115,75493,17955,17873,1545,19418,124
2022-07-25,Alameda,001,1643700,327783,325669,18753,344422,1938
2022-07-25,Alpine,003,1148,130,130,1,131,0
2022-07-25,Amador,005,37829,9603,9568,819,10387,87
2022-07-25,Butte,007,227075,37393,37146,8188,45334,441
2022-07-25,Calaveras,009,45235,8152,8105,467,8572,130
2022-07-25,Colusa,011,21464,3664,3649,1192,4841,22
2022-07-25,Contra Costa,013,1133247,235217,233236,18400,251636,1374
2022-07-25,Del Norte,015,27424,7131,7161,362,7523,54
2022-07-25,El Dorado,017,186661,31033,30891,3960,34851,222
2022-07-25,Fresno,019,978130,260862,259483,27674,287157,2801
2022-07-25,Glenn,021,27897,5345,5327,1774,7101,48
2022-07-25,Humboldt,023,135768,20513,20406,4272,24678,150
2022-07-25,Imperial,025,180216,62574,62014,13841,75855,948
2022-07-25,Inyo,027,18085,4393,4381,791,5172,57
2022-07-25,Kern,029,883053,210663,209400,54279,263679,2368
2022-07-25,Kings,031,150075,56621,56417,3840,60257,451
2022-07-25,Lake,033,64148,12086,12025,1069,13094,142
2022-07-25,Lassen,035,31185,9547,9509,955,10464,64
2022-07-25,Los Angeles,037,10098052,3126957,3107063,162857,3269920,32392
2022-07-25,Madera,039,155013,41629,41423,7260,48683,372
2022-07-25,Marin,041,260295,42881,42624,4889,47513,300
2022-07-25,Mariposa,043,17540,2943,2927,294,3221,30
2022-07-25,Mendocino,045,87422,15172,15066,4014,19080,131
2022-07-25,Merced,047,269075,68865,68455,10322,78777,838
2022-07-25,Modoc,049,8938,838,840,311,1151,10
2022-07-25,Mono,051,14174,3156,3148,216,3364,7
2022-07-25,Monterey,053,433212,90005,89520,18666,108186,752
2022-07-25,Napa,055,140530,30783,30647,1326,31973,150
2022-07-25,Nevada,057,99092,18204,18134,1614,19748,132
2022-07-25,Orange,059,3164182,636162,632871,55447,688318,7188
2022-07-25,Placer,061,380077,72562,72194,8848,81042,647
2022-07-25,Plumas,063,18699,3486,3472,423,3895,13
2022-07-25,Riverside,065,2383286,663365,659650,32638,692288,6528
2022-07-25,Sacramento,067,1510023,329616,328249,31694,359943,3146
2022-07-25,San Benito,069,59416,15218,15188,804,15992,100
2022-07-25,San Bernardino,071,2135413,633705,629895,28071,657966,7937
2022-07-25,San Diego,073,3302833,881631,876507,66421,942928,5386
2022-07-25,San Francisco,075,870044,169583,168570,11333,179903,931
2022-07-25,San Joaquin,077,732212,187993,187066,12813,199879,2267
2022-07-25,San Luis Obispo,079,281455,60466,60180,6341,66521,502
2022-07-25,San Mateo,081,765935,159210,158343,9946,168289,724
2022-07-25,Santa Barbara,083,443738,99991,99460,5984,105444,707
2022-07-25,Santa Clara,085,1922200,407347,404896,17620,422516,2380
2022-07-25,Santa Cruz,087,273765,59263,58873,3079,61952,269
2022-07-25,Shasta,089,179085,33528,33314,6904,40218,578
2022-07-25,Sierra,091,2930,293,293,58,351,4
2022-07-25,Siskiyou,093,43540,4996,4975,3161,8136,84
2022-07-25,Solano,095,438530,99590,98579,7145,105724,457
2022-07-25,Sonoma,097,501317,101748,101316,4707,106023,499
2022-07-25,Stanislaus,099,539301,131165,130451,19689,150140,1695
2022-07-25,Sutter,101,95872,22873,22811,2358,25169,228
2022-07-25,Tehama,103,63373,13093,13036,2889,15925,207
2022-07-25,Trinity,105,12862,1340,1337,340,1677,20
2022-07-25,Tulare,107,460477,116606,116167,32588,148755,1514
2022-07-25,Tuolumne,109,53932,14720,14594,852,15446,196
2022-07-25,Ventura,111,848112,198593,197572,13479,211051,1527
2022-07-25,Yolo,113,214977,45692,45359,3982,49341,326
2022-07-25,Yuba,115,75493,17917,17873,1544,19417,124
2022-07-24,Alameda,001,1643700,326982,323165,18709,341874,1933
2022-07-24,Alpine,003,1148,130,130,1,131,0
2022-07-24,Amador,005,37829,9581,9526,816,10342,87
2022-07-24,Butte,007,227075,37331,36994,8163,45157,440
2022-07-24,Calaveras,009,45235,8135,8064,465,8529,128
2022-07-24,Colusa,011,21464,3658,3639,1192,4831,22
2022-07-24,Contra Costa,013,1133247,234683,231714,18321,250035,1363
2022-07-24,Del Norte,015,27424,7113,7128,357,7485,54
2022-07-24,El Dorado,017,186661,30985,30722,3943,34665,222
2022-07-24,Fresno,019,978130,260212,257571,27586,285157,2792
2022-07-24,Glenn,021,27897,5339,5311,1772,7083,48
2022-07-24,Humboldt,023,135768,20480,20283,4255,24538,150
2022-07-24,Imperial,025,180216,62410,61671,13720,75391,948
2022-07-24,Inyo,027,18085,4389,4366,780,5146,57
2022-07-24,Kern,029,883053,210301,208535,54175,262710,2366
2022-07-24,Kings,031,150075,56495,56103,3826,59929,451
2022-07-24,Lake,033,64148,12060,11957,1066,13023,142
2022-07-24,Lassen,035,31185,9521,9504,952,10456,64
2022-07-24,Los Angeles,037,10098052,3120572,3085376,162197,3247573,32340
2022-07-24,Madera,039,155013,41532,41145,7230,48375,372
2022-07-24,Marin,041,260295,42813,42347,4877,47224,300
2022-07-24,Mariposa,043,17540,2940,2897,293,3190,30
2022-07-24,Mendocino,045,87422,15122,14988,3982,18970,131
2022-07-24,Merced,047,269075,68707,68127,10268,78395,837
2022-07-24,Modoc,049,8938,838,829,310,1139,10
2022-07-24,Mono,051,14174,3155,3141,216,3357,7
2022-07-24,Monterey,053,433212,89832,89067,18566,107633,747
2022-07-24,Napa,055,140530,30730,30495,1325,31820,148
2022-07-24,Nevada,057,99092,18185,18073,1605,19678,131
2022-07-24,Orange,059,3164182,634818,627948,55210,683158,7181
2022-07-24,Placer,061,380077,72439,71870,8835,80705,644
2022-07-24,Plumas,063,18699,3485,3464,423,3887,13
2022-07-24,Riverside,065,2383286,662077,655603,32524,688127,6527
2022-07-24,Sacramento,067,1510023,328935,326216,31625,357841,3136
2022-07-24,San Benito,069,59416,15197,15049,804,15853,100
2022-07-24,San Bernardino,071,2135413,632349,626059,27994,654053,7933
2022-07-24,San Diego,073,3302833,879554,870102,66232,936334,5380
2022-07-24,San Francisco,075,870044,169135,167260,11303,178563,931
2022-07-24,San Joaquin,077,732212,187629,186142,12746,198888,2267
2022-07-24,San Luis Obispo,079,281455,60324,59919,6308,66227,500
2022-07-24,San Mateo,081,765935,158874,157266,9922,167188,724
2022-07-24,Santa Barbara,083,443738,99765,98826,5944,104770,706
2022-07-24,Santa Clara,085,1922200,406391,401495,17580,419075,2381
2022-07-24,Santa Cruz,087,273765,59091,58386,3058,61444,268
2022-07-24,Shasta,089,179085,33466,33185,6888,40073,578
2022-07-24,Sierra,091,2930,293,293,58,351,4
2022-07-24,Siskiyou,093,43540,4992,4938,3145,8083,84
2022-07-24,Solano,095,438530,99377,98016,7132,105148,457
2022-07-24,Sonoma,097,501317,101545,100735,4687,105422,499
2022-07-24,Stanislaus,099,539301,130873,129813,19654,149467,1695
2022-07-24,Sutter,101,95872,22823,22687,2355,25042,228
2022-07-24,Tehama,103,63373,13082,12974,2879,15853,207
2022-07-24,Trinity,105,12862,1339,1330,338,1668,20
2022-07-24,Tulare,107,460477,116420,115548,32489,148037,1513
2022-07-24,Tuolumne,109,53932,14686,14514,851,15365,196
2022-07-24,Ventura,111,848112,198184,196127,13378,209505,1525
2022-07-24,Yolo,113,214977,45617,45141,3970,49111,327
2022-07-24,Yuba,115,75493,17890,17770,1542,19312,124
2022-07-23,Alameda,001,1643700,326569,323165,18688,341853,1933
2022-07-23,Alpine,003,1148,130,130,1,131,0
2022-07-23,Amador,005,37829,9571,9526,816,10342,87
2022-07-23,Butte,007,227075,37282,36994,8156,45150,440
2022-07-23,Calaveras,009,45235,8124,8064,465,8529,128
2022-07-23,Colusa,011,21464,3653,3639,1192,4831,22
2022-07-23,Contra Costa,013,1133247,234390,231714,18296,250010,1363
2022-07-23,Del Norte,015,27424,7110,7128,356,7484,54
2022-07-23,El Dorado,017,186661,30967,30722,3941,34663,222
2022-07-23,Fresno,019,978130,259989,257571,27552,285123,2792
2022-07-23,Glenn,021,27897,5337,5311,1770,7081,48
2022-07-23,Humboldt,023,135768,20453,20283,4242,24525,150
2022-07-23,Imperial,025,180216,62349,61671,13697,75368,948
2022-07-23,Inyo,027,18085,4387,4366,779,5145,57
2022-07-23,Kern,029,883053,210136,208535,54127,262662,2366
2022-07-23,Kings,031,150075,56453,56103,3823,59926,451
2022-07-23,Lake,033,64148,12049,11957,1065,13022,142
2022-07-23,Lassen,035,31185,9519,9504,952,10456,64
2022-07-23,Los Angeles,037,10098052,3117774,3085376,161791,3247167,32340
2022-07-23,Madera,039,155013,41473,41145,7225,48370,372
2022-07-23,Marin,041,260295,42738,42347,4867,47214,300
2022-07-23,Mariposa,043,17540,2937,2897,293,3190,30
2022-07-23,Mendocino,045,87422,15102,14988,3974,18962,131
2022-07-23,Merced,047,269075,68639,68127,10251,78378,837
2022-07-23,Modoc,049,8938,838,829,310,1139,10
2022-07-23,Mono,051,14174,3155,3141,216,3357,7
2022-07-23,Monterey,053,433212,89747,89067,18545,107612,747
2022-07-23,Napa,055,140530,30697,30495,1324,31819,148
2022-07-23,Nevada,057,99092,18173,18073,1603,19676,131
2022-07-23,Orange,059,3164182,634114,627948,55026,682974,7181
2022-07-23,Placer,061,380077,72366,71870,8825,80695,644
2022-07-23,Plumas,063,18699,3484,3464,423,3887,13
2022-07-23,Riverside,065,2383286,661372,655603,32483,688086,6527
2022-07-23,Sacramento,067,1510023,328664,326216,31610,357826,3136
2022-07-23,San Benito,069,59416,15187,15049,794,15843,100
2022-07-23,San Bernardino,071,2135413,631748,626059,27954,654013,7933
2022-07-23,San Diego,073,3302833,878735,870102,66177,936279,5380
2022-07-23,San Francisco,075,870044,168940,167260,11288,178548,931
2022-07-23,San Joaquin,077,732212,187475,186142,12724,198866,2267
2022-07-23,San Luis Obispo,079,281455,60294,59919,6297,66216,500
2022-07-23,San Mateo,081,765935,158697,157266,9908,167174,724
2022-07-23,Santa Barbara,083,443738,99665,98826,5914,104740,706
2022-07-23,Santa Clara,085,1922200,405778,401495,17559,419054,2381
2022-07-23,Santa Cruz,087,273765,59040,58386,3046,61432,268
2022-07-23,Shasta,089,179085,33427,33185,6882,40067,578
2022-07-23,Sierra,091,2930,293,293,58,351,4
2022-07-23,Siskiyou,093,43540,4988,4938,3143,8081,84
2022-07-23,Solano,095,438530,99313,98016,7126,105142,457
2022-07-23,Sonoma,097,501317,101457,100735,4677,105412,499
2022-07-23,Stanislaus,099,539301,130742,129813,19620,149433,1695
2022-07-23,Sutter,101,95872,22802,22687,2355,25042,228
2022-07-23,Tehama,103,63373,13068,12974,2876,15850,207
2022-07-23,Trinity,105,12862,1339,1330,337,1667,20
2022-07-23,Tulare,107,460477,116304,115548,32420,147968,1513
2022-07-23,Tuolumne,109,53932,14663,14514,851,15365,196
2022-07-23,Ventura,111,848112,198000,196127,13345,209472,1525
2022-07-23,Yolo,113,214977,45583,45141,3962,49103,327
2022-07-23,Yuba,115,75493,17877,17770,1538,19308,124
2022-07-22,Alameda,001,1643700,326157,323165,18645,341810,1933
2022-07-22,Alpine,003,1148,130,130,1,131,0
2022-07-22,Amador,005,37829,9565,9526,815,10341,87
2022-07-22,Butte,007,227075,37247,36994,8141,45135,440
2022-07-22,Calaveras,009,45235,8115,8064,465,8529,128
2022-07-22,Colusa,011,21464,3652,3639,1188,4827,22
2022-07-22,Contra Costa,013,1133247,234099,231714,18261,249975,1363
2022-07-22,Del Norte,015,27424,7103,7128,356,7484,54
2022-07-22,El Dorado,017,186661,30938,30722,3936,34658,222
2022-07-22,Fresno,019,978130,259713,257571,27512,285083,2792
2022-07-22,Glenn,021,27897,5332,5311,1769,7080,48
2022-07-22,Humboldt,023,135768,20431,20283,4232,24515,150
2022-07-22,Imperial,025,180216,62258,61671,13665,75336,948
2022-07-22,Inyo,027,18085,4387,4366,772,5138,57
2022-07-22,Kern,029,883053,209938,208535,54079,262614,2366
2022-07-22,Kings,031,150075,56417,56103,3822,59925,451
2022-07-22,Lake,033,64148,12035,11957,1063,13020,142
2022-07-22,Lassen,035,31185,9519,9504,952,10456,64
2022-07-22,Los Angeles,037,10098052,3114297,3085376,161357,3246733,32340
2022-07-22,Madera,039,155013,41430,41145,7213,48358,372
2022-07-22,Marin,041,260295,42685,42347,4859,47206,300
2022-07-22,Mariposa,043,17540,2935,2897,293,3190,30
2022-07-22,Mendocino,045,87422,15078,14988,3968,18956,131
2022-07-22,Merced,047,269075,68566,68127,10239,78366,837
2022-07-22,Modoc,049,8938,838,829,310,1139,10
2022-07-22,Mono,051,14174,3154,3141,215,3356,7
2022-07-22,Monterey,053,433212,89658,89067,18511,107578,747
2022-07-22,Napa,055,140530,30666,30495,1324,31819,148
2022-07-22,Nevada,057,99092,18161,18073,1596,19669,131
2022-07-22,Orange,059,3164182,633341,627948,54874,682822,7181
2022-07-22,Placer,061,380077,72321,71870,8817,80687,644
2022-07-22,Plumas,063,18699,3483,3464,423,3887,13
2022-07-22,Riverside,065,2383286,660632,655603,32418,688021,6527
2022-07-22,Sacramento,067,1510023,328311,326216,31583,357799,3136
2022-07-22,San Benito,069,59416,15178,15049,794,15843,100
2022-07-22,San Bernardino,071,2135413,631149,626059,27911,653970,7933
2022-07-22,San Diego,073,3302833,877656,870102,66050,936152,5380
2022-07-22,San Francisco,075,870044,168743,167260,11260,178520,931
2022-07-22,San Joaquin,077,732212,187321,186142,12695,198837,2267
2022-07-22,San Luis Obispo,079,281455,60238,59919,6285,66204,500
2022-07-22,San Mateo,081,765935,158468,157266,9895,167161,724
2022-07-22,Santa Barbara,083,443738,99564,98826,5908,104734,706
2022-07-22,Santa Clara,085,1922200,405124,401495,17534,419029,2381
2022-07-22,Santa Cruz,087,273765,58934,58386,3037,61423,268
2022-07-22,Shasta,089,179085,33396,33185,6877,40062,578
2022-07-22,Sierra,091,2930,293,293,58,351,4
2022-07-22,Siskiyou,093,43540,4981,4938,3140,8078,84
2022-07-22,Solano,095,438530,99175,98016,7116,105132,457
2022-07-22,Sonoma,097,501317,101360,100735,4667,105402,499
2022-07-22,Stanislaus,099,539301,130612,129813,19603,149416,1695
2022-07-22,Sutter,101,95872,22778,22687,2354,25041,228
2022-07-22,Tehama,103,63373,13059,12974,2874,15848,207
2022-07-22,Trinity,105,12862,1337,1330,336,1666,20
2022-07-22,Tulare,107,460477,116192,115548,32358,147906,1513
2022-07-22,Tuolumne,109,53932,14640,14514,847,15361,196
2022-07-22,Ventura,111,848112,197815,196127,13311,209438,1525
2022-07-22,Yolo,113,214977,45529,45141,3944,49085,327
2022-07-22,Yuba,115,75493,17863,17770,1536,19306,124
2022-07-21,Alameda,001,1643700,325480,323165,18597,341762,1933
2022-07-21,Alpine,003,1148,130,130,1,131,0
2022-07-21,Amador,005,37829,9558,9526,813,10339,87
2022-07-21,Butte,007,227075,37205,36994,8122,45116,440
2022-07-21,Calaveras,009,45235,8100,8064,463,8527,128
2022-07-21,Colusa,011,21464,3648,3639,1186,4825,22
2022-07-21,Contra Costa,013,1133247,233714,231714,18204,249918,1363
2022-07-21,Del Norte,015,27424,7093,7128,356,7484,54
2022-07-21,El Dorado,017,186661,30887,30722,3933,34655,222
2022-07-21,Fresno,019,978130,259240,257571,27437,285008,2792
2022-07-21,Glenn,021,27897,5326,5311,1769,7080,48
2022-07-21,Humboldt,023,135768,20399,20283,4209,24492,150
2022-07-21,Imperial,025,180216,62146,61671,13566,75237,948
2022-07-21,Inyo,027,18085,4383,4366,765,5131,57
2022-07-21,Kern,029,883053,209663,208535,54009,262544,2366
2022-07-21,Kings,031,150075,56344,56103,3809,59912,451
2022-07-21,Lake,033,64148,12022,11957,1060,13017,142
2022-07-21,Lassen,035,31185,9516,9504,952,10456,64
2022-07-21,Los Angeles,037,10098052,3108755,3085376,160751,3246127,32340
2022-07-21,Madera,039,155013,41355,41145,7191,48336,372
2022-07-21,Marin,041,260295,42620,42347,4856,47203,300
2022-07-21,Mariposa,043,17540,2931,2897,292,3189,30
2022-07-21,Mendocino,045,87422,15052,14988,3962,18950,131
2022-07-21,Merced,047,269075,68464,68127,10213,78340,837
2022-07-21,Modoc,049,8938,836,829,310,1139,10
2022-07-21,Mono,051,14174,3150,3141,214,3355,7
2022-07-21,Monterey,053,433212,89534,89067,18436,107503,747
2022-07-21,Napa,055,140530,30622,30495,1324,31819,148
2022-07-21,Nevada,057,99092,18143,18073,1590,19663,131
2022-07-21,Orange,059,3164182,632211,627948,54655,682603,7181
2022-07-21,Placer,061,380077,72213,71870,8795,80665,644
2022-07-21,Plumas,063,18699,3482,3464,423,3887,13
2022-07-21,Riverside,065,2383286,659572,655603,32345,687948,6527
2022-07-21,Sacramento,067,1510023,327797,326216,31543,357759,3136
2022-07-21,San Benito,069,59416,15135,15049,791,15840,100
2022-07-21,San Bernardino,071,2135413,630137,626059,27847,653906,7933
2022-07-21,San Diego,073,3302833,875968,870102,65857,935959,5380
2022-07-21,San Francisco,075,870044,168385,167260,11207,178467,931
2022-07-21,San Joaquin,077,732212,187068,186142,12667,198809,2267
2022-07-21,San Luis Obispo,079,281455,60183,59919,6255,66174,500
2022-07-21,San Mateo,081,765935,158172,157266,9880,167146,724
2022-07-21,Santa Barbara,083,443738,99403,98826,5888,104714,706
2022-07-21,Santa Clara,085,1922200,404325,401495,17497,418992,2381
2022-07-21,Santa Cruz,087,273765,58816,58386,3022,61408,268
2022-07-21,Shasta,089,179085,33346,33185,6863,40048,578
2022-07-21,Sierra,091,2930,293,293,58,351,4
2022-07-21,Siskiyou,093,43540,4970,4938,3134,8072,84
2022-07-21,Solano,095,438530,99033,98016,7108,105124,457
2022-07-21,Sonoma,097,501317,101216,100735,4652,105387,499
2022-07-21,Stanislaus,099,539301,130420,129813,19584,149397,1695
2022-07-21,Sutter,101,95872,22750,22687,2352,25039,228
2022-07-21,Tehama,103,63373,13042,12974,2863,15837,207
2022-07-21,Trinity,105,12862,1333,1330,336,1666,20
2022-07-21,Tulare,107,460477,116039,115548,32284,147832,1513
2022-07-21,Tuolumne,109,53932,14608,14514,844,15358,196
2022-07-21,Ventura,111,848112,197489,196127,13221,209348,1525
2022-07-21,Yolo,113,214977,45468,45141,3931,49072,327
2022-07-21,Yuba,115,75493,17835,17770,1533,19303,124
2022-07-20,Alameda,001,1643700,324803,321347,18542,339889,1915
2022-07-20,Alpine,003,1148,130,130,1,131,0
2022-07-20,Amador,005,37829,9540,9478,811,10289,87
2022-07-20,Butte,007,227075,37156,36820,8102,44922,440
2022-07-20,Calaveras,009,45235,8091,8035,462,8497,126
2022-07-20,Colusa,011,21464,3644,3627,1184,4811,22
2022-07-20,Contra Costa,013,1133247,233311,230356,18155,248511,1362
2022-07-20,Del Norte,015,27424,7084,7081,356,7437,54
2022-07-20,El Dorado,017,186661,30855,30628,3923,34551,221
2022-07-20,Fresno,019,978130,258729,256217,27373,283590,2790
2022-07-20,Glenn,021,27897,5322,5287,1766,7053,48
2022-07-20,Humboldt,023,135768,20360,20149,4189,24338,150
2022-07-20,Imperial,025,180216,62002,61170,13474,74644,944
2022-07-20,Inyo,027,18085,4381,4355,760,5115,56
2022-07-20,Kern,029,883053,209378,207603,53924,261527,2366
2022-07-20,Kings,031,150075,56258,55836,3798,59634,449
2022-07-20,Lake,033,64148,12001,11895,1057,12952,142
2022-07-20,Lassen,035,31185,9507,9455,952,10407,64
2022-07-20,Los Angeles,037,10098052,3103240,3068779,160159,3228938,32292
2022-07-20,Madera,039,155013,41282,40902,7171,48073,372
2022-07-20,Marin,041,260295,42539,42153,4849,47002,300
2022-07-20,Mariposa,043,17540,2916,2884,290,3174,30
2022-07-20,Mendocino,045,87422,15037,14890,3953,18843,131
2022-07-20,Merced,047,269075,68367,67775,10188,77963,833
2022-07-20,Modoc,049,8938,835,799,309,1108,9
2022-07-20,Mono,051,14174,3147,3138,211,3349,7
2022-07-20,Monterey,053,433212,89397,88606,18354,106960,747
2022-07-20,Napa,055,140530,30584,30353,1322,31675,145
2022-07-20,Nevada,057,99092,18117,18020,1586,19606,131
2022-07-20,Orange,059,3164182,630943,624998,54428,679426,7173
2022-07-20,Placer,061,380077,72131,71614,8777,80391,639
2022-07-20,Plumas,063,18699,3476,3433,422,3855,13
2022-07-20,Riverside,065,2383286,658479,652192,32246,684438,6510
2022-07-20,Sacramento,067,1510023,327245,324765,31497,356262,3123
2022-07-20,San Benito,069,59416,15103,14966,788,15754,100
2022-07-20,San Bernardino,071,2135413,629127,622760,27789,650549,7921
2022-07-20,San Diego,073,3302833,874138,864434,65679,930113,5375
2022-07-20,San Francisco,075,870044,168047,166241,11189,177430,929
2022-07-20,San Joaquin,077,732212,186780,185319,12631,197950,2262
2022-07-20,San Luis Obispo,079,281455,60112,59727,6226,65953,499
2022-07-20,San Mateo,081,765935,157885,156191,9855,166046,724
2022-07-20,Santa Barbara,083,443738,99231,98322,5860,104182,703
2022-07-20,Santa Clara,085,1922200,403517,398816,17460,416276,2374
2022-07-20,Santa Cruz,087,273765,58701,58004,3009,61013,267
2022-07-20,Shasta,089,179085,33304,33017,6857,39874,576
2022-07-20,Sierra,091,2930,293,292,58,350,4
2022-07-20,Siskiyou,093,43540,4955,4921,3127,8048,84
2022-07-20,Solano,095,438530,98869,97577,7087,104664,459
2022-07-20,Sonoma,097,501317,101029,100304,4640,104944,499
2022-07-20,Stanislaus,099,539301,130254,129200,19552,148752,1695
2022-07-20,Sutter,101,95872,22715,22592,2349,24941,228
2022-07-20,Tehama,103,63373,13026,12923,2859,15782,205
2022-07-20,Trinity,105,12862,1333,1319,335,1654,20
2022-07-20,Tulare,107,460477,115858,115073,32173,147246,1510
2022-07-20,Tuolumne,109,53932,14582,14389,843,15232,196
2022-07-20,Ventura,111,848112,197172,195189,13149,208338,1522
2022-07-20,Yolo,113,214977,45412,44950,3921,48871,325
2022-07-20,Yuba,115,75493,17811,17661,1532,19193,124
2022-07-19,Alameda,001,1643700,324127,321347,18508,339855,1915
2022-07-19,Alpine,003,1148,130,130,1,131,0
2022-07-19,Amador,005,37829,9528,9478,807,10285,87
2022-07-19,Butte,007,227075,37104,36820,8088,44908,440
2022-07-19,Calaveras,009,45235,8081,8035,462,8497,126
2022-07-19,Colusa,011,21464,3641,3627,1180,4807,22
2022-07-19,Contra Costa,013,1133247,232866,230356,18097,248453,1362
2022-07-19,Del Norte,015,27424,7076,7081,355,7436,54
2022-07-19,El Dorado,017,186661,30810,30628,3914,34542,221
2022-07-19,Fresno,019,978130,258128,256217,27296,283513,2790
2022-07-19,Glenn,021,27897,5315,5287,1765,7052,48
2022-07-19,Humboldt,023,135768,20325,20149,4175,24324,150
2022-07-19,Imperial,025,180216,61866,61170,13385,74555,944
2022-07-19,Inyo,027,18085,4379,4355,758,5113,56
2022-07-19,Kern,029,883053,209104,207603,53841,261444,2366
2022-07-19,Kings,031,150075,56154,55836,3779,59615,449
2022-07-19,Lake,033,64148,11980,11895,1049,12944,142
2022-07-19,Lassen,035,31185,9499,9455,952,10407,64
2022-07-19,Los Angeles,037,10098052,3097172,3068779,159479,3228258,32292
2022-07-19,Madera,039,155013,41202,40902,7148,48050,372
2022-07-19,Marin,041,260295,42476,42153,4836,46989,300
2022-07-19,Mariposa,043,17540,2911,2884,289,3173,30
2022-07-19,Mendocino,045,87422,15005,14890,3946,18836,131
2022-07-19,Merced,047,269075,68263,67775,10157,77932,833
2022-07-19,Modoc,049,8938,834,799,309,1108,9
2022-07-19,Mono,051,14174,3142,3138,210,3348,7
2022-07-19,Monterey,053,433212,89247,88606,18272,106878,747
2022-07-19,Napa,055,140530,30527,30353,1318,31671,145
2022-07-19,Nevada,057,99092,18103,18020,1579,19599,131
2022-07-19,Orange,059,3164182,629649,624998,54183,679181,7173
2022-07-19,Placer,061,380077,72045,71614,8761,80375,639
2022-07-19,Plumas,063,18699,3470,3433,420,3853,13
2022-07-19,Riverside,065,2383286,657176,652192,32152,684344,6510
2022-07-19,Sacramento,067,1510023,326617,324765,31457,356222,3123
2022-07-19,San Benito,069,59416,15059,14966,786,15752,100
2022-07-19,San Bernardino,071,2135413,628037,622760,27720,650480,7921
2022-07-19,San Diego,073,3302833,872037,864434,65453,929887,5375
2022-07-19,San Francisco,075,870044,167689,166241,11170,177411,929
2022-07-19,San Joaquin,077,732212,186504,185319,12573,197892,2262
2022-07-19,San Luis Obispo,079,281455,60029,59727,6188,65915,499
2022-07-19,San Mateo,081,765935,157590,156191,9831,166022,724
2022-07-19,Santa Barbara,083,443738,99020,98322,5838,104160,703
2022-07-19,Santa Clara,085,1922200,402574,398816,17415,416231,2374
2022-07-19,Santa Cruz,087,273765,58579,58004,2994,60998,267
2022-07-19,Shasta,089,179085,33272,33017,6843,39860,576
2022-07-19,Sierra,091,2930,293,292,58,350,4
2022-07-19,Siskiyou,093,43540,4948,4921,3120,8041,84
2022-07-19,Solano,095,438530,98645,97577,7062,104639,459
2022-07-19,Sonoma,097,501317,100873,100304,4613,104917,499
2022-07-19,Stanislaus,099,539301,130011,129200,19524,148724,1695
2022-07-19,Sutter,101,95872,22685,22592,2347,24939,228
2022-07-19,Tehama,103,63373,13012,12923,2852,15775,205
2022-07-19,Trinity,105,12862,1330,1319,334,1653,20
2022-07-19,Tulare,107,460477,115672,115073,32065,147138,1510
2022-07-19,Tuolumne,109,53932,14557,14389,834,15223,196
2022-07-19,Ventura,111,848112,196825,195189,13074,208263,1522
2022-07-19,Yolo,113,214977,45351,44950,3912,48862,325
2022-07-19,Yuba,115,75493,17778,17661,1531,19192,124
2022-07-18,Alameda,001,1643700,323388,321347,18474,339821,1915
2022-07-18,Alpine,003,1148,130,130,1,131,0
2022-07-18,Amador,005,37829,9513,9478,807,10285,87
2022-07-18,Butte,007,227075,37034,36820,8076,44896,440
2022-07-18,Calaveras,009,45235,8070,8035,459,8494,126
2022-07-18,Colusa,011,21464,3638,3627,1174,4801,22
2022-07-18,Contra Costa,013,1133247,232403,230356,18027,248383,1362
2022-07-18,Del Norte,015,27424,7065,7081,353,7434,54
2022-07-18,El Dorado,017,186661,30758,30628,3905,34533,221
2022-07-18,Fresno,019,978130,257539,256217,27224,283441,2790
2022-07-18,Glenn,021,27897,5313,5287,1765,7052,48
2022-07-18,Humboldt,023,135768,20284,20149,4155,24304,150
2022-07-18,Imperial,025,180216,61700,61170,13287,74457,944
2022-07-18,Inyo,027,18085,4375,4355,757,5112,56
2022-07-18,Kern,029,883053,208798,207603,53741,261344,2366
2022-07-18,Kings,031,150075,56047,55836,3771,59607,449
2022-07-18,Lake,033,64148,11958,11895,1043,12938,142
2022-07-18,Lassen,035,31185,9495,9455,951,10406,64
2022-07-18,Los Angeles,037,10098052,3090429,3068779,158837,3227616,32292
2022-07-18,Madera,039,155013,41094,40902,7120,48022,372
2022-07-18,Marin,041,260295,42398,42153,4825,46978,300
2022-07-18,Mariposa,043,17540,2903,2884,288,3172,30
2022-07-18,Mendocino,045,87422,14976,14890,3935,18825,131
2022-07-18,Merced,047,269075,68141,67775,10131,77906,833
2022-07-18,Modoc,049,8938,833,799,309,1108,9
2022-07-18,Mono,051,14174,3141,3138,209,3347,7
2022-07-18,Monterey,053,433212,89084,88606,18193,106799,747
2022-07-18,Napa,055,140530,30487,30353,1315,31668,145
2022-07-18,Nevada,057,99092,18089,18020,1568,19588,131
2022-07-18,Orange,059,3164182,628169,624998,53943,678941,7173
2022-07-18,Placer,061,380077,71959,71614,8745,80359,639
2022-07-18,Plumas,063,18699,3461,3433,419,3852,13
2022-07-18,Riverside,065,2383286,655897,652192,32038,684230,6510
2022-07-18,Sacramento,067,1510023,325994,324765,31394,356159,3123
2022-07-18,San Benito,069,59416,15020,14966,781,15747,100
2022-07-18,San Bernardino,071,2135413,626826,622760,27655,650415,7921
2022-07-18,San Diego,073,3302833,869727,864434,65181,929615,5375
2022-07-18,San Francisco,075,870044,167267,166241,11147,177388,929
2022-07-18,San Joaquin,077,732212,186172,185319,12531,197850,2262
2022-07-18,San Luis Obispo,079,281455,59936,59727,6162,65889,499
2022-07-18,San Mateo,081,765935,157221,156191,9812,166003,724
2022-07-18,Santa Barbara,083,443738,98840,98322,5816,104138,703
2022-07-18,Santa Clara,085,1922200,401595,398816,17368,416184,2374
2022-07-18,Santa Cruz,087,273765,58430,58004,2982,60986,267
2022-07-18,Shasta,089,179085,33229,33017,6827,39844,576
2022-07-18,Sierra,091,2930,293,292,58,350,4
2022-07-18,Siskiyou,093,43540,4944,4921,3113,8034,84
2022-07-18,Solano,095,438530,98412,97577,7047,104624,459
2022-07-18,Sonoma,097,501317,100697,100304,4595,104899,499
2022-07-18,Stanislaus,099,539301,129790,129200,19487,148687,1695
2022-07-18,Sutter,101,95872,22651,22592,2347,24939,228
2022-07-18,Tehama,103,63373,12992,12923,2852,15775,205
2022-07-18,Trinity,105,12862,1328,1319,333,1652,20
2022-07-18,Tulare,107,460477,115481,115073,31976,147049,1510
2022-07-18,Tuolumne,109,53932,14520,14389,832,15221,196
2022-07-18,Ventura,111,848112,196444,195189,13007,208196,1522
2022-07-18,Yolo,113,214977,45281,44950,3901,48851,325
2022-07-18,Yuba,115,75493,17743,17661,1522,19183,124
2022-07-17,Alameda,001,1643700,322473,318442,18384,336826,1911
2022-07-17,Alpine,003,1148,130,130,1,131,0
2022-07-17,Amador,005,37829,9504,9437,803,10240,87
2022-07-17,Butte,007,227075,36974,36644,8053,44697,440
2022-07-17,Calaveras,009,45235,8053,7994,449,8443,126
2022-07-17,Colusa,011,21464,3631,3617,1168,4785,22
2022-07-17,Contra Costa,013,1133247,231839,228634,17963,246597,1356
2022-07-17,Del Norte,015,27424,7038,6860,351,7211,54
2022-07-17,El Dorado,017,186661,30710,30461,3891,34352,219
2022-07-17,Fresno,019,978130,256842,254088,27139,281227,2790
2022-07-17,Glenn,021,27897,5307,5273,1763,7036,48
2022-07-17,Humboldt,023,135768,20228,20016,4138,24154,150
2022-07-17,Imperial,025,180216,61504,60550,13140,73690,944
2022-07-17,Inyo,027,18085,4364,4343,753,5096,56
2022-07-17,Kern,029,883053,208314,206466,53636,260102,2364
2022-07-17,Kings,031,150075,55910,55432,3749,59181,449
2022-07-17,Lake,033,64148,11925,11835,1039,12874,141
2022-07-17,Lassen,035,31185,9469,9425,947,10372,64
2022-07-17,Los Angeles,037,10098052,3083219,3042708,158064,3200772,32248
2022-07-17,Madera,039,155013,40981,40627,7076,47703,372
2022-07-17,Marin,041,260295,42301,41829,4818,46647,300
2022-07-17,Mariposa,043,17540,2896,2866,288,3154,30
2022-07-17,Mendocino,045,87422,14937,14799,3918,18717,131
2022-07-17,Merced,047,269075,68006,67416,10093,77509,833
2022-07-17,Modoc,049,8938,830,799,309,1108,9
2022-07-17,Mono,051,14174,3137,3131,207,3338,7
2022-07-17,Monterey,053,433212,88889,88118,18123,106241,747
2022-07-17,Napa,055,140530,30428,30176,1314,31490,145
2022-07-17,Nevada,057,99092,18063,17941,1560,19501,131
2022-07-17,Orange,059,3164182,626591,620414,53678,674092,7161
2022-07-17,Placer,061,380077,71872,71232,8726,79958,637
2022-07-17,Plumas,063,18699,3446,3406,419,3825,13
2022-07-17,Riverside,065,2383286,654436,647328,31922,679250,6508
2022-07-17,Sacramento,067,1510023,325333,322788,31336,354124,3119
2022-07-17,San Benito,069,59416,14994,14869,775,15644,100
2022-07-17,San Bernardino,071,2135413,625436,618482,27553,646035,7914
2022-07-17,San Diego,073,3302833,867344,857262,64984,922246,5370
2022-07-17,San Francisco,075,870044,166799,164853,11104,175957,928
2022-07-17,San Joaquin,077,732212,185804,184187,12471,196658,2262
2022-07-17,San Luis Obispo,079,281455,59825,59437,6124,65561,499
2022-07-17,San Mateo,081,765935,156857,154961,9790,164751,723
2022-07-17,Santa Barbara,083,443738,98575,97600,5789,103389,702
2022-07-17,Santa Clara,085,1922200,400537,395466,17318,412784,2371
2022-07-17,Santa Cruz,087,273765,58234,57531,2964,60495,267
2022-07-17,Shasta,089,179085,33178,32871,6801,39672,575
2022-07-17,Sierra,091,2930,293,291,58,349,4
2022-07-17,Siskiyou,093,43540,4934,4899,3099,7998,83
2022-07-17,Solano,095,438530,98214,96974,7023,103997,457
2022-07-17,Sonoma,097,501317,100504,99679,4579,104258,499
2022-07-17,Stanislaus,099,539301,129522,128436,19456,147892,1692
2022-07-17,Sutter,101,95872,22597,22452,2344,24796,228
2022-07-17,Tehama,103,63373,12969,12860,2845,15705,205
2022-07-17,Trinity,105,12862,1325,1304,331,1635,20
2022-07-17,Tulare,107,460477,115254,114399,31887,146286,1510
2022-07-17,Tuolumne,109,53932,14487,14280,824,15104,196
2022-07-17,Ventura,111,848112,195993,193965,12900,206865,1519
2022-07-17,Yolo,113,214977,45204,44703,3885,48588,324
2022-07-17,Yuba,115,75493,17703,17567,1512,19079,124
2022-07-16,Alameda,001,1643700,322050,318442,18363,336805,1911
2022-07-16,Alpine,003,1148,130,130,1,131,0
2022-07-16,Amador,005,37829,9496,9437,803,10240,87
2022-07-16,Butte,007,227075,36953,36644,8038,44682,440
2022-07-16,Calaveras,009,45235,8048,7994,443,8437,126
2022-07-16,Colusa,011,21464,3627,3617,1164,4781,22
2022-07-16,Contra Costa,013,1133247,231533,228634,17915,246549,1356
2022-07-16,Del Norte,015,27424,7027,6860,351,7211,54
2022-07-16,El Dorado,017,186661,30689,30461,3889,34350,219
2022-07-16,Fresno,019,978130,256551,254088,27104,281192,2790
2022-07-16,Glenn,021,27897,5302,5273,1760,7033,48
2022-07-16,Humboldt,023,135768,20197,20016,4127,24143,150
2022-07-16,Imperial,025,180216,61418,60550,13096,73646,944
2022-07-16,Inyo,027,18085,4363,4343,752,5095,56
2022-07-16,Kern,029,883053,208152,206466,53579,260045,2364
2022-07-16,Kings,031,150075,55869,55432,3745,59177,449
2022-07-16,Lake,033,64148,11909,11835,1039,12874,141
2022-07-16,Lassen,035,31185,9467,9425,946,10371,64
2022-07-16,Los Angeles,037,10098052,3079820,3042708,157602,3200310,32248
2022-07-16,Madera,039,155013,40939,40627,7062,47689,372
2022-07-16,Marin,041,260295,42264,41829,4811,46640,300
2022-07-16,Mariposa,043,17540,2894,2866,288,3154,30
2022-07-16,Mendocino,045,87422,14929,14799,3916,18715,131
2022-07-16,Merced,047,269075,67919,67416,10083,77499,833
2022-07-16,Modoc,049,8938,830,799,309,1108,9
2022-07-16,Mono,051,14174,3137,3131,206,3337,7
2022-07-16,Monterey,053,433212,88796,88118,18081,106199,747
2022-07-16,Napa,055,140530,30401,30176,1312,31488,145
2022-07-16,Nevada,057,99092,18049,17941,1553,19494,131
2022-07-16,Orange,059,3164182,625861,620414,53535,673949,7161
2022-07-16,Placer,061,380077,71787,71232,8710,79942,637
2022-07-16,Plumas,063,18699,3442,3406,418,3824,13
2022-07-16,Riverside,065,2383286,653650,647328,31870,679198,6508
2022-07-16,Sacramento,067,1510023,325062,322788,31322,354110,3119
2022-07-16,San Benito,069,59416,14977,14869,771,15640,100
2022-07-16,San Bernardino,071,2135413,624722,618482,27494,645976,7914
2022-07-16,San Diego,073,3302833,866440,857262,64913,922175,5370
2022-07-16,San Francisco,075,870044,166614,164853,11088,175941,928
2022-07-16,San Joaquin,077,732212,185647,184187,12448,196635,2262
2022-07-16,San Luis Obispo,079,281455,59797,59437,6104,65541,499
2022-07-16,San Mateo,081,765935,156618,154961,9779,164740,723
2022-07-16,Santa Barbara,083,443738,98459,97600,5769,103369,702
2022-07-16,Santa Clara,085,1922200,399872,395466,17293,412759,2371
2022-07-16,Santa Cruz,087,273765,58162,57531,2959,60490,267
2022-07-16,Shasta,089,179085,33158,32871,6797,39668,575
2022-07-16,Sierra,091,2930,293,291,58,349,4
2022-07-16,Siskiyou,093,43540,4932,4899,3094,7993,83
2022-07-16,Solano,095,438530,98143,96974,7008,103982,457
2022-07-16,Sonoma,097,501317,100416,99679,4568,104247,499
2022-07-16,Stanislaus,099,539301,129391,128436,19426,147862,1692
2022-07-16,Sutter,101,95872,22573,22452,2343,24795,228
2022-07-16,Tehama,103,63373,12960,12860,2840,15700,205
2022-07-16,Trinity,105,12862,1323,1304,331,1635,20
2022-07-16,Tulare,107,460477,115148,114399,31826,146225,1510
2022-07-16,Tuolumne,109,53932,14463,14280,824,15104,196
2022-07-16,Ventura,111,848112,195769,193965,12863,206828,1519
2022-07-16,Yolo,113,214977,45160,44703,3872,48575,324
2022-07-16,Yuba,115,75493,17679,17567,1512,19079,124
2022-07-15,Alameda,001,1643700,321568,318442,18304,336746,1911
2022-07-15,Alpine,003,1148,130,130,1,131,0
2022-07-15,Amador,005,37829,9493,9437,802,10239,87
2022-07-15,Butte,007,227075,36913,36644,8032,44676,440
2022-07-15,Calaveras,009,45235,8042,7994,439,8433,126
2022-07-15,Colusa,011,21464,3625,3617,1162,4779,22
2022-07-15,Contra Costa,013,1133247,231258,228634,17874,246508,1356
2022-07-15,Del Norte,015,27424,7016,6860,348,7208,54
2022-07-15,El Dorado,017,186661,30661,30461,3886,34347,219
2022-07-15,Fresno,019,978130,256165,254088,27054,281142,2790
2022-07-15,Glenn,021,27897,5299,5273,1757,7030,48
2022-07-15,Humboldt,023,135768,20173,20016,4115,24131,150
2022-07-15,Imperial,025,180216,61343,60550,13053,73603,944
2022-07-15,Inyo,027,18085,4359,4343,747,5090,56
2022-07-15,Kern,029,883053,207947,206466,53517,259983,2364
2022-07-15,Kings,031,150075,55806,55432,3738,59170,449
2022-07-15,Lake,033,64148,11897,11835,1036,12871,141
2022-07-15,Lassen,035,31185,9465,9425,944,10369,64
2022-07-15,Los Angeles,037,10098052,3075675,3042708,157102,3199810,32248
2022-07-15,Madera,039,155013,40876,40627,7044,47671,372
2022-07-15,Marin,041,260295,42204,41829,4799,46628,300
2022-07-15,Mariposa,043,17540,2891,2866,287,3153,30
2022-07-15,Mendocino,045,87422,14908,14799,3914,18713,131
2022-07-15,Merced,047,269075,67859,67416,10074,77490,833
2022-07-15,Modoc,049,8938,829,799,309,1108,9
2022-07-15,Mono,051,14174,3135,3131,205,3336,7
2022-07-15,Monterey,053,433212,88684,88118,18053,106171,747
2022-07-15,Napa,055,140530,30369,30176,1310,31486,145
2022-07-15,Nevada,057,99092,18037,17941,1551,19492,131
2022-07-15,Orange,059,3164182,625015,620414,53371,673785,7161
2022-07-15,Placer,061,380077,71714,71232,8683,79915,637
2022-07-15,Plumas,063,18699,3435,3406,416,3822,13
2022-07-15,Riverside,065,2383286,652826,647328,31807,679135,6508
2022-07-15,Sacramento,067,1510023,324694,322788,31303,354091,3119
2022-07-15,San Benito,069,59416,14963,14869,771,15640,100
2022-07-15,San Bernardino,071,2135413,624005,618482,27453,645935,7914
2022-07-15,San Diego,073,3302833,865167,857262,64752,922014,5370
2022-07-15,San Francisco,075,870044,166358,164853,11046,175899,928
2022-07-15,San Joaquin,077,732212,185471,184187,12418,196605,2262
2022-07-15,San Luis Obispo,079,281455,59766,59437,6091,65528,499
2022-07-15,San Mateo,081,765935,156384,154961,9762,164723,723
2022-07-15,Santa Barbara,083,443738,98330,97600,5762,103362,702
2022-07-15,Santa Clara,085,1922200,399188,395466,17269,412735,2371
2022-07-15,Santa Cruz,087,273765,58072,57531,2947,60478,267
2022-07-15,Shasta,089,179085,33135,32871,6790,39661,575
2022-07-15,Sierra,091,2930,293,291,58,349,4
2022-07-15,Siskiyou,093,43540,4929,4899,3092,7991,83
2022-07-15,Solano,095,438530,97994,96974,6997,103971,457
2022-07-15,Sonoma,097,501317,100304,99679,4555,104234,499
2022-07-15,Stanislaus,099,539301,129268,128436,19412,147848,1692
2022-07-15,Sutter,101,95872,22546,22452,2342,24794,228
2022-07-15,Tehama,103,63373,12953,12860,2832,15692,205
2022-07-15,Trinity,105,12862,1319,1304,331,1635,20
2022-07-15,Tulare,107,460477,114996,114399,31741,146140,1510
2022-07-15,Tuolumne,109,53932,14419,14280,821,15101,196
2022-07-15,Ventura,111,848112,195543,193965,12827,206792,1519
2022-07-15,Yolo,113,214977,45114,44703,3861,48564,324
2022-07-15,Yuba,115,75493,17653,17567,1512,19079,124
2022-07-14,Alameda,001,1643700,320795,318442,18217,336659,1911
2022-07-14,Alpine,003,1148,130,130,1,131,0
2022-07-14,Amador,005,37829,9480,9437,797,10234,87
2022-07-14,Butte,007,227075,36872,36644,8025,44669,440
2022-07-14,Calaveras,009,45235,8035,7994,435,8429,126
2022-07-14,Colusa,011,21464,3625,3617,1160,4777,22
2022-07-14,Contra Costa,013,1133247,230817,228634,17790,246424,1356
2022-07-14,Del Norte,015,27424,6995,6860,346,7206,54
2022-07-14,El Dorado,017,186661,30624,30461,3878,34339,219
2022-07-14,Fresno,019,978130,255634,254088,26968,281056,2790
2022-07-14,Glenn,021,27897,5290,5273,1754,7027,48
2022-07-14,Humboldt,023,135768,20132,20016,4101,24117,150
2022-07-14,Imperial,025,180216,61165,60550,12936,73486,944
2022-07-14,Inyo,027,18085,4357,4343,742,5085,56
2022-07-14,Kern,029,883053,207628,206466,53418,259884,2364
2022-07-14,Kings,031,150075,55711,55432,3727,59159,449
2022-07-14,Lake,033,64148,11881,11835,1034,12869,141
2022-07-14,Lassen,035,31185,9460,9425,943,10368,64
2022-07-14,Los Angeles,037,10098052,3069566,3042708,156399,3199107,32248
2022-07-14,Madera,039,155013,40803,40627,6993,47620,372
2022-07-14,Marin,041,260295,42112,41829,4793,46622,300
2022-07-14,Mariposa,043,17540,2885,2866,284,3150,30
2022-07-14,Mendocino,045,87422,14894,14799,3909,18708,131
2022-07-14,Merced,047,269075,67764,67416,10050,77466,833
2022-07-14,Modoc,049,8938,829,799,309,1108,9
2022-07-14,Mono,051,14174,3134,3131,205,3336,7
2022-07-14,Monterey,053,433212,88568,88118,17975,106093,747
2022-07-14,Napa,055,140530,30326,30176,1306,31482,145
2022-07-14,Nevada,057,99092,18013,17941,1542,19483,131
2022-07-14,Orange,059,3164182,623747,620414,53164,673578,7161
2022-07-14,Placer,061,380077,71604,71232,8663,79895,637
2022-07-14,Plumas,063,18699,3426,3406,415,3821,13
2022-07-14,Riverside,065,2383286,651593,647328,31734,679062,6508
2022-07-14,Sacramento,067,1510023,324139,322788,31260,354048,3119
2022-07-14,San Benito,069,59416,14934,14869,767,15636,100
2022-07-14,San Bernardino,071,2135413,622886,618482,27377,645859,7914
2022-07-14,San Diego,073,3302833,863285,857262,64529,921791,5370
2022-07-14,San Francisco,075,870044,166025,164853,10999,175852,928
2022-07-14,San Joaquin,077,732212,185163,184187,12384,196571,2262
2022-07-14,San Luis Obispo,079,281455,59679,59437,6047,65484,499
2022-07-14,San Mateo,081,765935,156099,154961,9740,164701,723
2022-07-14,Santa Barbara,083,443738,98151,97600,5751,103351,702
2022-07-14,Santa Clara,085,1922200,398338,395466,17228,412694,2371
2022-07-14,Santa Cruz,087,273765,57981,57531,2933,60464,267
2022-07-14,Shasta,089,179085,33087,32871,6778,39649,575
2022-07-14,Sierra,091,2930,293,291,58,349,4
2022-07-14,Siskiyou,093,43540,4921,4899,3084,7983,83
2022-07-14,Solano,095,438530,97817,96974,6985,103959,457
2022-07-14,Sonoma,097,501317,100171,99679,4532,104211,499
2022-07-14,Stanislaus,099,539301,129064,128436,19382,147818,1692
2022-07-14,Sutter,101,95872,22520,22452,2341,24793,228
2022-07-14,Tehama,103,63373,12930,12860,2827,15687,205
2022-07-14,Trinity,105,12862,1319,1304,327,1631,20
2022-07-14,Tulare,107,460477,114864,114399,31641,146040,1510
2022-07-14,Tuolumne,109,53932,14379,14280,817,15097,196
2022-07-14,Ventura,111,848112,195196,193965,12758,206723,1519
2022-07-14,Yolo,113,214977,45050,44703,3847,48550,324
2022-07-14,Yuba,115,75493,17621,17567,1503,19070,124
2022-07-13,Alameda,001,1643700,320069,316026,18133,334159,1911
2022-07-13,Alpine,003,1148,130,129,1,130,0
2022-07-13,Amador,005,37829,9469,9388,796,10184,87
2022-07-13,Butte,007,227075,36814,36405,8012,44417,439
2022-07-13,Calaveras,009,45235,8022,7945,434,8379,125
2022-07-13,Colusa,011,21464,3621,3606,1160,4766,22
2022-07-13,Contra Costa,013,1133247,230341,226833,17711,244544,1356
2022-07-13,Del Norte,015,27424,6976,6790,346,7136,54
2022-07-13,El Dorado,017,186661,30575,30273,3873,34146,218
2022-07-13,Fresno,019,978130,255092,252573,26879,279452,2786
2022-07-13,Glenn,021,27897,5285,5256,1753,7009,48
2022-07-13,Humboldt,023,135768,20100,19854,4086,23940,150
2022-07-13,Imperial,025,180216,61010,60011,12853,72864,944
2022-07-13,Inyo,027,18085,4356,4324,737,5061,56
2022-07-13,Kern,029,883053,207235,205428,53301,258729,2359
2022-07-13,Kings,031,150075,55601,55138,3718,58856,449
2022-07-13,Lake,033,64148,11863,11773,1033,12806,140
2022-07-13,Lassen,035,31185,9438,9381,942,10323,64
2022-07-13,Los Angeles,037,10098052,3062970,3024953,155697,3180650,32206
2022-07-13,Madera,039,155013,40738,40378,6968,47346,372
2022-07-13,Marin,041,260295,42045,41616,4785,46401,300
2022-07-13,Mariposa,043,17540,2880,2847,283,3130,30
2022-07-13,Mendocino,045,87422,14874,14713,3897,18610,128
2022-07-13,Merced,047,269075,67636,67028,10018,77046,832
2022-07-13,Modoc,049,8938,828,791,308,1099,9
2022-07-13,Mono,051,14174,3134,3131,201,3332,7
2022-07-13,Monterey,053,433212,88425,87575,17899,105474,745
2022-07-13,Napa,055,140530,30288,30032,1305,31337,145
2022-07-13,Nevada,057,99092,17995,17849,1535,19384,131
2022-07-13,Orange,059,3164182,622362,616278,52929,669207,7147
2022-07-13,Placer,061,380077,71498,70890,8650,79540,637
2022-07-13,Plumas,063,18699,3418,3354,414,3768,13
2022-07-13,Riverside,065,2383286,650386,643472,31637,675109,6504
2022-07-13,Sacramento,067,1510023,323617,321076,31219,352295,3114
2022-07-13,San Benito,069,59416,14907,14774,761,15535,100
2022-07-13,San Bernardino,071,2135413,621754,614957,27290,642247,7907
2022-07-13,San Diego,073,3302833,861376,851596,64314,915910,5363
2022-07-13,San Francisco,075,870044,165625,163635,10971,174606,919
2022-07-13,San Joaquin,077,732212,184836,183283,12350,195633,2260
2022-07-13,San Luis Obispo,079,281455,59573,59134,6001,65135,498
2022-07-13,San Mateo,081,765935,155759,153875,9723,163598,723
2022-07-13,Santa Barbara,083,443738,97971,97053,5739,102792,699
2022-07-13,Santa Clara,085,1922200,397458,392415,17192,409607,2365
2022-07-13,Santa Cruz,087,273765,57846,57124,2926,60050,267
2022-07-13,Shasta,089,179085,33030,32708,6763,39471,574
2022-07-13,Sierra,091,2930,293,289,58,347,4
2022-07-13,Siskiyou,093,43540,4914,4873,3082,7955,82
2022-07-13,Solano,095,438530,97612,96479,6962,103441,455
2022-07-13,Sonoma,097,501317,100015,99173,4515,103688,499
2022-07-13,Stanislaus,099,539301,128864,127845,19335,147180,1689
2022-07-13,Sutter,101,95872,22473,22331,2339,24670,228
2022-07-13,Tehama,103,63373,12917,12793,2824,15617,205
2022-07-13,Trinity,105,12862,1318,1293,325,1618,20
2022-07-13,Tulare,107,460477,114669,113830,31547,145377,1508
2022-07-13,Tuolumne,109,53932,14356,14159,811,14970,194
2022-07-13,Ventura,111,848112,194864,192923,12682,205605,1518
2022-07-13,Yolo,113,214977,44988,44447,3837,48284,326
2022-07-13,Yuba,115,75493,17594,17464,1495,18959,124
2022-07-12,Alameda,001,1643700,319268,316026,18067,334093,1911
2022-07-12,Alpine,003,1148,130,129,1,130,0
2022-07-12,Amador,005,37829,9436,9388,789,10177,87
2022-07-12,Butte,007,227075,36757,36405,7994,44399,439
2022-07-12,Calaveras,009,45235,8007,7945,432,8377,125
2022-07-12,Colusa,011,21464,3619,3606,1157,4763,22
2022-07-12,Contra Costa,013,1133247,229838,226833,17637,244470,1356
2022-07-12,Del Norte,015,27424,6929,6790,343,7133,54
2022-07-12,El Dorado,017,186661,30536,30273,3867,34140,218
2022-07-12,Fresno,019,978130,254555,252573,26806,279379,2786
2022-07-12,Glenn,021,27897,5282,5256,1749,7005,48
2022-07-12,Humboldt,023,135768,20050,19854,4070,23924,150
2022-07-12,Imperial,025,180216,60834,60011,12752,72763,944
2022-07-12,Inyo,027,18085,4348,4324,737,5061,56
2022-07-12,Kern,029,883053,206918,205428,53157,258585,2359
2022-07-12,Kings,031,150075,55490,55138,3708,58846,449
2022-07-12,Lake,033,64148,11851,11773,1028,12801,140
2022-07-12,Lassen,035,31185,9425,9381,936,10317,64
2022-07-12,Los Angeles,037,10098052,3056244,3024953,155010,3179963,32206
2022-07-12,Madera,039,155013,40652,40378,6953,47331,372
2022-07-12,Marin,041,260295,41972,41616,4775,46391,300
2022-07-12,Mariposa,043,17540,2869,2847,283,3130,30
2022-07-12,Mendocino,045,87422,14837,14713,3876,18589,128
2022-07-12,Merced,047,269075,67530,67028,9986,77014,832
2022-07-12,Modoc,049,8938,826,791,305,1096,9
2022-07-12,Mono,051,14174,3130,3131,201,3332,7
2022-07-12,Monterey,053,433212,88270,87575,17810,105385,745
2022-07-12,Napa,055,140530,30234,30032,1302,31334,145
2022-07-12,Nevada,057,99092,17974,17849,1530,19379,131
2022-07-12,Orange,059,3164182,620950,616278,52696,668974,7147
2022-07-12,Placer,061,380077,71388,70890,8635,79525,637
2022-07-12,Plumas,063,18699,3412,3354,413,3767,13
2022-07-12,Riverside,065,2383286,649104,643472,31543,675015,6504
2022-07-12,Sacramento,067,1510023,323027,321076,31180,352256,3114
2022-07-12,San Benito,069,59416,14862,14774,755,15529,100
2022-07-12,San Bernardino,071,2135413,620460,614957,27210,642167,7907
2022-07-12,San Diego,073,3302833,859024,851596,64086,915682,5363
2022-07-12,San Francisco,075,870044,165221,163635,10947,174582,919
2022-07-12,San Joaquin,077,732212,184526,183283,12314,195597,2260
2022-07-12,San Luis Obispo,079,281455,59497,59134,5972,65106,498
2022-07-12,San Mateo,081,765935,155369,153875,9704,163579,723
2022-07-12,Santa Barbara,083,443738,97757,97053,5722,102775,699
2022-07-12,Santa Clara,085,1922200,396514,392415,17149,409564,2365
2022-07-12,Santa Cruz,087,273765,57709,57124,2917,60041,267
2022-07-12,Shasta,089,179085,32967,32708,6744,39452,574
2022-07-12,Sierra,091,2930,292,289,58,347,4
2022-07-12,Siskiyou,093,43540,4905,4873,3080,7953,82
2022-07-12,Solano,095,438530,97400,96479,6939,103418,455
2022-07-12,Sonoma,097,501317,99854,99173,4487,103660,499
2022-07-12,Stanislaus,099,539301,128618,127845,19299,147144,1689
2022-07-12,Sutter,101,95872,22440,22331,2337,24668,228
2022-07-12,Tehama,103,63373,12897,12793,2818,15611,205
2022-07-12,Trinity,105,12862,1310,1293,325,1618,20
2022-07-12,Tulare,107,460477,114475,113830,31446,145276,1508
2022-07-12,Tuolumne,109,53932,14322,14159,809,14968,194
2022-07-12,Ventura,111,848112,194532,192923,12587,205510,1518
2022-07-12,Yolo,113,214977,44918,44447,3829,48276,326
2022-07-12,Yuba,115,75493,17566,17464,1482,18946,124
2022-07-11,Alameda,001,1643700,318346,316026,17981,334007,1911
2022-07-11,Alpine,003,1148,130,129,1,130,0
2022-07-11,Amador,005,37829,9428,9388,783,10171,87
2022-07-11,Butte,007,227075,36699,36405,7976,44381,439
2022-07-11,Calaveras,009,45235,7991,7945,430,8375,125
2022-07-11,Colusa,011,21464,3615,3606,1154,4760,22
2022-07-11,Contra Costa,013,1133247,229361,226833,17581,244414,1356
2022-07-11,Del Norte,015,27424,6898,6790,334,7124,54
2022-07-11,El Dorado,017,186661,30479,30273,3856,34129,218
2022-07-11,Fresno,019,978130,253891,252573,26729,279302,2786
2022-07-11,Glenn,021,27897,5279,5256,1747,7003,48
2022-07-11,Humboldt,023,135768,19991,19854,4052,23906,150
2022-07-11,Imperial,025,180216,60675,60011,12642,72653,944
2022-07-11,Inyo,027,18085,4345,4324,733,5057,56
2022-07-11,Kern,029,883053,206599,205428,53040,258468,2359
2022-07-11,Kings,031,150075,55342,55138,3698,58836,449
2022-07-11,Lake,033,64148,11825,11773,1027,12800,140
2022-07-11,Lassen,035,31185,9419,9381,936,10317,64
2022-07-11,Los Angeles,037,10098052,3049182,3024953,154236,3179189,32206
2022-07-11,Madera,039,155013,40565,40378,6910,47288,372
2022-07-11,Marin,041,260295,41883,41616,4766,46382,300
2022-07-11,Mariposa,043,17540,2861,2847,281,3128,30
2022-07-11,Mendocino,045,87422,14798,14713,3864,18577,128
2022-07-11,Merced,047,269075,67405,67028,9952,76980,832
2022-07-11,Modoc,049,8938,820,791,303,1094,9
2022-07-11,Mono,051,14174,3130,3131,199,3330,7
2022-07-11,Monterey,053,433212,88106,87575,17743,105318,745
2022-07-11,Napa,055,140530,30172,30032,1302,31334,145
2022-07-11,Nevada,057,99092,17956,17849,1528,19377,131
2022-07-11,Orange,059,3164182,619373,616278,52471,668749,7147
2022-07-11,Placer,061,380077,71281,70890,8620,79510,637
2022-07-11,Plumas,063,18699,3401,3354,411,3765,13
2022-07-11,Riverside,065,2383286,647672,643472,31457,674929,6504
2022-07-11,Sacramento,067,1510023,322483,321076,31135,352211,3114
2022-07-11,San Benito,069,59416,14826,14774,751,15525,100
2022-07-11,San Bernardino,071,2135413,619144,614957,27125,642082,7907
2022-07-11,San Diego,073,3302833,856650,851596,63854,915450,5363
2022-07-11,San Francisco,075,870044,164809,163635,10920,174555,919
2022-07-11,San Joaquin,077,732212,184152,183283,12278,195561,2260
2022-07-11,San Luis Obispo,079,281455,59389,59134,5940,65074,498
2022-07-11,San Mateo,081,765935,154971,153875,9669,163544,723
2022-07-11,Santa Barbara,083,443738,97549,97053,5709,102762,699
2022-07-11,Santa Clara,085,1922200,395449,392415,17094,409509,2365
2022-07-11,Santa Cruz,087,273765,57560,57124,2903,60027,267
2022-07-11,Shasta,089,179085,32912,32708,6714,39422,574
2022-07-11,Sierra,091,2930,292,289,58,347,4
2022-07-11,Siskiyou,093,43540,4898,4873,3073,7946,82
2022-07-11,Solano,095,438530,97188,96479,6924,103403,455
2022-07-11,Sonoma,097,501317,99663,99173,4468,103641,499
2022-07-11,Stanislaus,099,539301,128393,127845,19263,147108,1689
2022-07-11,Sutter,101,95872,22398,22331,2331,24662,228
2022-07-11,Tehama,103,63373,12884,12793,2811,15604,205
2022-07-11,Trinity,105,12862,1308,1293,324,1617,20
2022-07-11,Tulare,107,460477,114286,113830,31342,145172,1508
2022-07-11,Tuolumne,109,53932,14282,14159,807,14966,194
2022-07-11,Ventura,111,848112,194136,192923,12507,205430,1518
2022-07-11,Yolo,113,214977,44852,44447,3814,48261,326
2022-07-11,Yuba,115,75493,17530,17464,1479,18943,124
2022-07-10,Alameda,001,1643700,317353,312651,17900,330551,1912
2022-07-10,Alpine,003,1148,130,129,1,130,0
2022-07-10,Amador,005,37829,9418,9335,780,10115,87
2022-07-10,Butte,007,227075,36598,36165,7953,44118,438
2022-07-10,Calaveras,009,45235,7981,7895,429,8324,125
2022-07-10,Colusa,011,21464,3611,3586,1146,4732,22
2022-07-10,Contra Costa,013,1133247,228749,224718,17487,242205,1351
2022-07-10,Del Norte,015,27424,6858,6666,328,6994,54
2022-07-10,El Dorado,017,186661,30396,30070,3848,33918,218
2022-07-10,Fresno,019,978130,253222,250379,26636,277015,2786
2022-07-10,Glenn,021,27897,5274,5231,1743,6974,48
2022-07-10,Humboldt,023,135768,19932,19677,4038,23715,149
2022-07-10,Imperial,025,180216,60452,59558,12501,72059,944
2022-07-10,Inyo,027,18085,4340,4297,727,5024,56
2022-07-10,Kern,029,883053,206097,204128,52855,256983,2359
2022-07-10,Kings,031,150075,55165,54725,3692,58417,449
2022-07-10,Lake,033,64148,11800,11685,1024,12709,140
2022-07-10,Lassen,035,31185,9404,9362,934,10296,64
2022-07-10,Los Angeles,037,10098052,3041969,3002013,153446,3155459,32151
2022-07-10,Madera,039,155013,40456,40081,6876,46957,372
2022-07-10,Marin,041,260295,41786,41271,4757,46028,302
2022-07-10,Mariposa,043,17540,2854,2805,277,3082,30
2022-07-10,Mendocino,045,87422,14768,14610,3847,18457,128
2022-07-10,Merced,047,269075,67249,66616,9896,76512,832
2022-07-10,Modoc,049,8938,819,789,295,1084,9
2022-07-10,Mono,051,14174,3130,3119,197,3316,7
2022-07-10,Monterey,053,433212,87918,87002,17663,104665,745
2022-07-10,Napa,055,140530,30109,29807,1300,31107,145
2022-07-10,Nevada,057,99092,17894,17693,1519,19212,131
2022-07-10,Orange,059,3164182,617677,610975,52166,663141,7132
2022-07-10,Placer,061,380077,71165,70401,8601,79002,632
2022-07-10,Plumas,063,18699,3388,3339,407,3746,13
2022-07-10,Riverside,065,2383286,646081,638193,31328,669521,6506
2022-07-10,Sacramento,067,1510023,321781,318556,31061,349617,3108
2022-07-10,San Benito,069,59416,14790,14628,741,15369,100
2022-07-10,San Bernardino,071,2135413,617736,610086,27046,637132,7893
2022-07-10,San Diego,073,3302833,854162,844085,63596,907681,5357
2022-07-10,San Francisco,075,870044,164274,161931,10848,172779,914
2022-07-10,San Joaquin,077,732212,183779,181958,12218,194176,2257
2022-07-10,San Luis Obispo,079,281455,59273,58636,5901,64537,498
2022-07-10,San Mateo,081,765935,154510,152319,9643,161962,723
2022-07-10,Santa Barbara,083,443738,97317,96266,5683,101949,697
2022-07-10,Santa Clara,085,1922200,394324,388270,17032,405302,2360
2022-07-10,Santa Cruz,087,273765,57369,56455,2887,59342,266
2022-07-10,Shasta,089,179085,32852,32536,6691,39227,576
2022-07-10,Sierra,091,2930,290,291,58,349,4
2022-07-10,Siskiyou,093,43540,4893,4855,3060,7915,82
2022-07-10,Solano,095,438530,96943,95651,6896,102547,455
2022-07-10,Sonoma,097,501317,99462,98430,4438,102868,496
2022-07-10,Stanislaus,099,539301,128153,126897,19219,146116,1686
2022-07-10,Sutter,101,95872,22349,22165,2330,24495,228
2022-07-10,Tehama,103,63373,12859,12716,2798,15514,205
2022-07-10,Trinity,105,12862,1302,1272,322,1594,20
2022-07-10,Tulare,107,460477,114031,113002,31245,144247,1508
2022-07-10,Tuolumne,109,53932,14247,14019,799,14818,194
2022-07-10,Ventura,111,848112,193664,191462,12405,203867,1518
2022-07-10,Yolo,113,214977,44774,44152,3799,47951,323
2022-07-10,Yuba,115,75493,17491,17345,1477,18822,125
2022-07-09,Alameda,001,1643700,316867,312651,17878,330529,1912
2022-07-09,Alpine,003,1148,130,129,1,130,0
2022-07-09,Amador,005,37829,9410,9335,778,10113,87
2022-07-09,Butte,007,227075,36550,36165,7939,44104,438
2022-07-09,Calaveras,009,45235,7966,7895,428,8323,125
2022-07-09,Colusa,011,21464,3610,3586,1145,4731,22
2022-07-09,Contra Costa,013,1133247,228442,224718,17430,242148,1351
2022-07-09,Del Norte,015,27424,6849,6666,328,6994,54
2022-07-09,El Dorado,017,186661,30353,30070,3843,33913,218
2022-07-09,Fresno,019,978130,252964,250379,26602,276981,2786
2022-07-09,Glenn,021,27897,5267,5231,1743,6974,48
2022-07-09,Humboldt,023,135768,19914,19677,4029,23706,149
2022-07-09,Imperial,025,180216,60373,59558,12448,72006,944
2022-07-09,Inyo,027,18085,4334,4297,726,5023,56
2022-07-09,Kern,029,883053,205929,204128,52765,256893,2359
2022-07-09,Kings,031,150075,55126,54725,3690,58415,449
2022-07-09,Lake,033,64148,11792,11685,1023,12708,140
2022-07-09,Lassen,035,31185,9403,9362,934,10296,64
2022-07-09,Los Angeles,037,10098052,3038505,3002013,152964,3154977,32151
2022-07-09,Madera,039,155013,40417,40081,6868,46949,372
2022-07-09,Marin,041,260295,41730,41271,4746,46017,302
2022-07-09,Mariposa,043,17540,2849,2805,277,3082,30
2022-07-09,Mendocino,045,87422,14753,14610,3837,18447,128
2022-07-09,Merced,047,269075,67198,66616,9891,76507,832
2022-07-09,Modoc,049,8938,819,789,291,1080,9
2022-07-09,Mono,051,14174,3130,3119,197,3316,7
2022-07-09,Monterey,053,433212,87821,87002,17613,104615,745
2022-07-09,Napa,055,140530,30078,29807,1297,31104,145
2022-07-09,Nevada,057,99092,17882,17693,1515,19208,131
2022-07-09,Orange,059,3164182,616812,610975,51997,662972,7132
2022-07-09,Placer,061,380077,71076,70401,8593,78994,632
2022-07-09,Plumas,063,18699,3381,3339,405,3744,13
2022-07-09,Riverside,065,2383286,645186,638193,31273,669466,6506
2022-07-09,Sacramento,067,1510023,321477,318556,31043,349599,3108
2022-07-09,San Benito,069,59416,14770,14628,740,15368,100
2022-07-09,San Bernardino,071,2135413,617046,610086,26996,637082,7893
2022-07-09,San Diego,073,3302833,853265,844085,63520,907605,5357
2022-07-09,San Francisco,075,870044,164040,161931,10827,172758,914
2022-07-09,San Joaquin,077,732212,183612,181958,12194,194152,2257
2022-07-09,San Luis Obispo,079,281455,59217,58636,5883,64519,498
2022-07-09,San Mateo,081,765935,154269,152319,9627,161946,723
2022-07-09,Santa Barbara,083,443738,97184,96266,5673,101939,697
2022-07-09,Santa Clara,085,1922200,393589,388270,17003,405273,2360
2022-07-09,Santa Cruz,087,273765,57292,56455,2878,59333,266
2022-07-09,Shasta,089,179085,32830,32536,6681,39217,576
2022-07-09,Sierra,091,2930,290,291,58,349,4
2022-07-09,Siskiyou,093,43540,4889,4855,3058,7913,82
2022-07-09,Solano,095,438530,96858,95651,6886,102537,455
2022-07-09,Sonoma,097,501317,99374,98430,4432,102862,496
2022-07-09,Stanislaus,099,539301,127989,126897,19191,146088,1686
2022-07-09,Sutter,101,95872,22319,22165,2330,24495,228
2022-07-09,Tehama,103,63373,12842,12716,2790,15506,205
2022-07-09,Trinity,105,12862,1302,1272,321,1593,20
2022-07-09,Tulare,107,460477,113921,113002,31187,144189,1508
2022-07-09,Tuolumne,109,53932,14209,14019,797,14816,194
2022-07-09,Ventura,111,848112,193403,191462,12364,203826,1518
2022-07-09,Yolo,113,214977,44724,44152,3786,47938,323
2022-07-09,Yuba,115,75493,17469,17345,1476,18821,125
2022-07-08,Alameda,001,1643700,316352,312651,17835,330486,1912
2022-07-08,Alpine,003,1148,130,129,1,130,0
2022-07-08,Amador,005,37829,9400,9335,776,10111,87
2022-07-08,Butte,007,227075,36520,36165,7925,44090,438
2022-07-08,Calaveras,009,45235,7951,7895,428,8323,125
2022-07-08,Colusa,011,21464,3606,3586,1145,4731,22
2022-07-08,Contra Costa,013,1133247,228092,224718,17383,242101,1351
2022-07-08,Del Norte,015,27424,6838,6666,326,6992,54
2022-07-08,El Dorado,017,186661,30327,30070,3836,33906,218
2022-07-08,Fresno,019,978130,252595,250379,26550,276929,2786
2022-07-08,Glenn,021,27897,5262,5231,1740,6971,48
2022-07-08,Humboldt,023,135768,19901,19677,4018,23695,149
2022-07-08,Imperial,025,180216,60290,59558,12408,71966,944
2022-07-08,Inyo,027,18085,4333,4297,722,5019,56
2022-07-08,Kern,029,883053,205705,204128,52674,256802,2359
2022-07-08,Kings,031,150075,55085,54725,3689,58414,449
2022-07-08,Lake,033,64148,11775,11685,1020,12705,140
2022-07-08,Lassen,035,31185,9397,9362,933,10295,64
2022-07-08,Los Angeles,037,10098052,3034289,3002013,152398,3154411,32151
2022-07-08,Madera,039,155013,40364,40081,6854,46935,372
2022-07-08,Marin,041,260295,41643,41271,4730,46001,302
2022-07-08,Mariposa,043,17540,2846,2805,276,3081,30
2022-07-08,Mendocino,045,87422,14735,14610,3833,18443,128
2022-07-08,Merced,047,269075,67133,66616,9880,76496,832
2022-07-08,Modoc,049,8938,819,789,291,1080,9
2022-07-08,Mono,051,14174,3127,3119,196,3315,7
2022-07-08,Monterey,053,433212,87708,87002,17583,104585,745
2022-07-08,Napa,055,140530,30054,29807,1296,31103,145
2022-07-08,Nevada,057,99092,17874,17693,1513,19206,131
2022-07-08,Orange,059,3164182,615909,610975,51821,662796,7132
2022-07-08,Placer,061,380077,71001,70401,8581,78982,632
2022-07-08,Plumas,063,18699,3376,3339,405,3744,13
2022-07-08,Riverside,065,2383286,644276,638193,31216,669409,6506
2022-07-08,Sacramento,067,1510023,321044,318556,31025,349581,3108
2022-07-08,San Benito,069,59416,14752,14628,737,15365,100
2022-07-08,San Bernardino,071,2135413,616309,610086,26956,637042,7893
2022-07-08,San Diego,073,3302833,852019,844085,63363,907448,5357
2022-07-08,San Francisco,075,870044,163776,161931,10801,172732,914
2022-07-08,San Joaquin,077,732212,183439,181958,12183,194141,2257
2022-07-08,San Luis Obispo,079,281455,59181,58636,5868,64504,498
2022-07-08,San Mateo,081,765935,153978,152319,9613,161932,723
2022-07-08,Santa Barbara,083,443738,97057,96266,5669,101935,697
2022-07-08,Santa Clara,085,1922200,392819,388270,16982,405252,2360
2022-07-08,Santa Cruz,087,273765,57204,56455,2870,59325,266
2022-07-08,Shasta,089,179085,32800,32536,6673,39209,576
2022-07-08,Sierra,091,2930,290,291,58,349,4
2022-07-08,Siskiyou,093,43540,4884,4855,3055,7910,82
2022-07-08,Solano,095,438530,96740,95651,6875,102526,455
2022-07-08,Sonoma,097,501317,99227,98430,4415,102845,496
2022-07-08,Stanislaus,099,539301,127851,126897,19178,146075,1686
2022-07-08,Sutter,101,95872,22294,22165,2329,24494,228
2022-07-08,Tehama,103,63373,12830,12716,2788,15504,205
2022-07-08,Trinity,105,12862,1300,1272,320,1592,20
2022-07-08,Tulare,107,460477,113801,113002,31119,144121,1508
2022-07-08,Tuolumne,109,53932,14178,14019,791,14810,194
2022-07-08,Ventura,111,848112,193163,191462,12325,203787,1518
2022-07-08,Yolo,113,214977,44672,44152,3774,47926,323
2022-07-08,Yuba,115,75493,17453,17345,1475,18820,125
2022-07-07,Alameda,001,1643700,315548,312651,17789,330440,1912
2022-07-07,Alpine,003,1148,129,129,1,130,0
2022-07-07,Amador,005,37829,9384,9335,769,10104,87
2022-07-07,Butte,007,227075,36457,36165,7904,44069,438
2022-07-07,Calaveras,009,45235,7942,7895,423,8318,125
2022-07-07,Colusa,011,21464,3601,3586,1144,4730,22
2022-07-07,Contra Costa,013,1133247,227541,224718,17312,242030,1351
2022-07-07,Del Norte,015,27424,6812,6666,322,6988,54
2022-07-07,El Dorado,017,186661,30277,30070,3825,33895,218
2022-07-07,Fresno,019,978130,252052,250379,26448,276827,2786
2022-07-07,Glenn,021,27897,5256,5231,1738,6969,48
2022-07-07,Humboldt,023,135768,19856,19677,4002,23679,149
2022-07-07,Imperial,025,180216,60123,59558,12295,71853,944
2022-07-07,Inyo,027,18085,4330,4297,714,5011,56
2022-07-07,Kern,029,883053,205413,204128,52527,256655,2359
2022-07-07,Kings,031,150075,55007,54725,3685,58410,449
2022-07-07,Lake,033,64148,11754,11685,1020,12705,140
2022-07-07,Lassen,035,31185,9396,9362,933,10295,64
2022-07-07,Los Angeles,037,10098052,3027993,3002013,151724,3153737,32151
2022-07-07,Madera,039,155013,40286,40081,6838,46919,372
2022-07-07,Marin,041,260295,41563,41271,4719,45990,302
2022-07-07,Mariposa,043,17540,2839,2805,273,3078,30
2022-07-07,Mendocino,045,87422,14719,14610,3828,18438,128
2022-07-07,Merced,047,269075,67021,66616,9848,76464,832
2022-07-07,Modoc,049,8938,814,789,288,1077,9
2022-07-07,Mono,051,14174,3127,3119,194,3313,7
2022-07-07,Monterey,053,433212,87550,87002,17519,104521,745
2022-07-07,Napa,055,140530,29984,29807,1288,31095,145
2022-07-07,Nevada,057,99092,17844,17693,1508,19201,131
2022-07-07,Orange,059,3164182,614521,610975,51619,662594,7132
2022-07-07,Placer,061,380077,70891,70401,8556,78957,632
2022-07-07,Plumas,063,18699,3369,3339,404,3743,13
2022-07-07,Riverside,065,2383286,642961,638193,31153,669346,6506
2022-07-07,Sacramento,067,1510023,320420,318556,30978,349534,3108
2022-07-07,San Benito,069,59416,14722,14628,737,15365,100
2022-07-07,San Bernardino,071,2135413,615020,610086,26896,636982,7893
2022-07-07,San Diego,073,3302833,850111,844085,63146,907231,5357
2022-07-07,San Francisco,075,870044,163395,161931,10749,172680,914
2022-07-07,San Joaquin,077,732212,183107,181958,12161,194119,2257
2022-07-07,San Luis Obispo,079,281455,59104,58636,5836,64472,498
2022-07-07,San Mateo,081,765935,153641,152319,9604,161923,723
2022-07-07,Santa Barbara,083,443738,96863,96266,5654,101920,697
2022-07-07,Santa Clara,085,1922200,391838,388270,16935,405205,2360
2022-07-07,Santa Cruz,087,273765,57048,56455,2856,59311,266
2022-07-07,Shasta,089,179085,32765,32536,6656,39192,576
2022-07-07,Sierra,091,2930,289,291,57,348,4
2022-07-07,Siskiyou,093,43540,4877,4855,3049,7904,82
2022-07-07,Solano,095,438530,96468,95651,6864,102515,455
2022-07-07,Sonoma,097,501317,99094,98430,4396,102826,496
2022-07-07,Stanislaus,099,539301,127651,126897,19143,146040,1686
2022-07-07,Sutter,101,95872,22248,22165,2327,24492,228
2022-07-07,Tehama,103,63373,12813,12716,2779,15495,205
2022-07-07,Trinity,105,12862,1295,1272,319,1591,20
2022-07-07,Tulare,107,460477,113592,113002,31025,144027,1508
2022-07-07,Tuolumne,109,53932,14141,14019,785,14804,194
2022-07-07,Ventura,111,848112,192845,191462,12244,203706,1518
2022-07-07,Yolo,113,214977,44614,44152,3762,47914,323
2022-07-07,Yuba,115,75493,17419,17345,1473,18818,125
2022-07-06,Alameda,001,1643700,314702,310551,17712,328263,1899
2022-07-06,Alpine,003,1148,129,129,1,130,0
2022-07-06,Amador,005,37829,9365,9301,769,10070,87
2022-07-06,Butte,007,227075,36393,36053,7888,43941,436
2022-07-06,Calaveras,009,45235,7933,7873,421,8294,124
2022-07-06,Colusa,011,21464,3598,3579,1143,4722,22
2022-07-06,Contra Costa,013,1133247,227026,223500,17263,240763,1348
2022-07-06,Del Norte,015,27424,6782,6623,320,6943,54
2022-07-06,El Dorado,017,186661,30233,29953,3812,33765,218
2022-07-06,Fresno,019,978130,251497,249480,26378,275858,2786
2022-07-06,Glenn,021,27897,5251,5222,1738,6960,48
2022-07-06,Humboldt,023,135768,19809,19608,3991,23599,149
2022-07-06,Imperial,025,180216,59925,59184,12206,71390,944
2022-07-06,Inyo,027,18085,4324,4282,708,4990,56
2022-07-06,Kern,029,883053,205103,203587,52353,255940,2353
2022-07-06,Kings,031,150075,54891,54560,3680,58240,449
2022-07-06,Lake,033,64148,11735,11659,1020,12679,140
2022-07-06,Lassen,035,31185,9379,9350,933,10283,64
2022-07-06,Los Angeles,037,10098052,3021606,2991161,151020,3142181,32116
2022-07-06,Madera,039,155013,40217,39952,6815,46767,372
2022-07-06,Marin,041,260295,41495,41036,4710,45746,302
2022-07-06,Mariposa,043,17540,2830,2797,273,3070,30
2022-07-06,Mendocino,045,87422,14691,14540,3819,18359,127
2022-07-06,Merced,047,269075,66899,66420,9828,76248,832
2022-07-06,Modoc,049,8938,808,788,286,1074,8
2022-07-06,Mono,051,14174,3124,3109,194,3303,7
2022-07-06,Monterey,053,433212,87390,86639,17453,104092,744
2022-07-06,Napa,055,140530,29923,29690,1286,30976,144
2022-07-06,Nevada,057,99092,17815,17660,1503,19163,131
2022-07-06,Orange,059,3164182,612995,608084,51424,659508,7125
2022-07-06,Placer,061,380077,70777,70113,8535,78648,632
2022-07-06,Plumas,063,18699,3358,3316,403,3719,13
2022-07-06,Riverside,065,2383286,641607,636209,31082,667291,6505
2022-07-06,Sacramento,067,1510023,319736,317315,30934,348249,3104
2022-07-06,San Benito,069,59416,14680,14556,727,15283,100
2022-07-06,San Bernardino,071,2135413,613804,608119,26830,634949,7870
2022-07-06,San Diego,073,3302833,847983,839970,62898,902868,5349
2022-07-06,San Francisco,075,870044,162976,160612,10722,171334,910
2022-07-06,San Joaquin,077,732212,182794,181448,12133,193581,2256
2022-07-06,San Luis Obispo,079,281455,58998,58488,5797,64285,496
2022-07-06,San Mateo,081,765935,153246,151344,9572,160916,723
2022-07-06,Santa Barbara,083,443738,96673,95918,5634,101552,702
2022-07-06,Santa Clara,085,1922200,390746,385553,16869,402422,2358
2022-07-06,Santa Cruz,087,273765,56907,56307,2838,59145,267
2022-07-06,Shasta,089,179085,32712,32444,6633,39077,570
2022-07-06,Sierra,091,2930,289,290,57,347,4
2022-07-06,Siskiyou,093,43540,4870,4841,3043,7884,82
2022-07-06,Solano,095,438530,96217,95181,6841,102022,455
2022-07-06,Sonoma,097,501317,98917,98031,4379,102410,495
2022-07-06,Stanislaus,099,539301,127428,126492,19115,145607,1682
2022-07-06,Sutter,101,95872,22197,22089,2326,24415,228
2022-07-06,Tehama,103,63373,12802,12680,2773,15453,205
2022-07-06,Trinity,105,12862,1287,1263,315,1578,20
2022-07-06,Tulare,107,460477,113373,112684,30932,143616,1500
2022-07-06,Tuolumne,109,53932,14109,13960,772,14732,189
2022-07-06,Ventura,111,848112,192466,190794,12176,202970,1517
2022-07-06,Yolo,113,214977,44531,43171,3743,46914,324
2022-07-06,Yuba,115,75493,17381,17277,1467,18744,124
2022-07-05,Alameda,001,1643700,313714,310551,17635,328186,1899
2022-07-05,Alpine,003,1148,129,129,1,130,0
2022-07-05,Amador,005,37829,9350,9301,765,10066,87
2022-07-05,Butte,007,227075,36308,36053,7866,43919,436
2022-07-05,Calaveras,009,45235,7922,7873,420,8293,124
2022-07-05,Colusa,011,21464,3593,3579,1141,4720,22
2022-07-05,Contra Costa,013,1133247,226394,223500,17193,240693,1348
2022-07-05,Del Norte,015,27424,6756,6623,315,6938,54
2022-07-05,El Dorado,017,186661,30183,29953,3803,33756,218
2022-07-05,Fresno,019,978130,250894,249480,26296,275776,2786
2022-07-05,Glenn,021,27897,5242,5222,1736,6958,48
2022-07-05,Humboldt,023,135768,19768,19608,3981,23589,149
2022-07-05,Imperial,025,180216,59785,59184,12106,71290,944
2022-07-05,Inyo,027,18085,4310,4282,698,4980,56
2022-07-05,Kern,029,883053,204671,203587,52156,255743,2353
2022-07-05,Kings,031,150075,54763,54560,3667,58227,449
2022-07-05,Lake,033,64148,11712,11659,1017,12676,140
2022-07-05,Lassen,035,31185,9368,9350,933,10283,64
2022-07-05,Los Angeles,037,10098052,3014784,2991161,150258,3141419,32116
2022-07-05,Madera,039,155013,40132,39952,6794,46746,372
2022-07-05,Marin,041,260295,41394,41036,4700,45736,302
2022-07-05,Mariposa,043,17540,2820,2797,269,3066,30
2022-07-05,Mendocino,045,87422,14646,14540,3804,18344,127
2022-07-05,Merced,047,269075,66780,66420,9801,76221,832
2022-07-05,Modoc,049,8938,800,788,286,1074,8
2022-07-05,Mono,051,14174,3122,3109,191,3300,7
2022-07-05,Monterey,053,433212,87235,86639,17401,104040,744
2022-07-05,Napa,055,140530,29871,29690,1281,30971,144
2022-07-05,Nevada,057,99092,17776,17660,1493,19153,131
2022-07-05,Orange,059,3164182,611449,608084,51185,659269,7125
2022-07-05,Placer,061,380077,70672,70113,8514,78627,632
2022-07-05,Plumas,063,18699,3348,3316,402,3718,13
2022-07-05,Riverside,065,2383286,640143,636209,30998,667207,6505
2022-07-05,Sacramento,067,1510023,319087,317315,30865,348180,3104
2022-07-05,San Benito,069,59416,14646,14556,720,15276,100
2022-07-05,San Bernardino,071,2135413,612509,608119,26759,634878,7870
2022-07-05,San Diego,073,3302833,845622,839970,62664,902634,5349
2022-07-05,San Francisco,075,870044,162459,160612,10696,171308,910
2022-07-05,San Joaquin,077,732212,182435,181448,12063,193511,2256
2022-07-05,San Luis Obispo,079,281455,58842,58488,5754,64242,496
2022-07-05,San Mateo,081,765935,152769,151344,9549,160893,723
2022-07-05,Santa Barbara,083,443738,96450,95918,5605,101523,702
2022-07-05,Santa Clara,085,1922200,389584,385553,16816,402369,2358
2022-07-05,Santa Cruz,087,273765,56731,56307,2822,59129,267
2022-07-05,Shasta,089,179085,32669,32444,6609,39053,570
2022-07-05,Sierra,091,2930,289,290,57,347,4
2022-07-05,Siskiyou,093,43540,4863,4841,3031,7872,82
2022-07-05,Solano,095,438530,95942,95181,6818,101999,455
2022-07-05,Sonoma,097,501317,98682,98031,4361,102392,495
2022-07-05,Stanislaus,099,539301,127186,126492,19076,145568,1682
2022-07-05,Sutter,101,95872,22155,22089,2324,24413,228
2022-07-05,Tehama,103,63373,12777,12680,2769,15449,205
2022-07-05,Trinity,105,12862,1278,1263,313,1576,20
2022-07-05,Tulare,107,460477,113135,112684,30850,143534,1500
2022-07-05,Tuolumne,109,53932,14075,13960,765,14725,189
2022-07-05,Ventura,111,848112,192069,190794,12114,202908,1517
2022-07-05,Yolo,113,214977,44445,43171,3733,46904,324
2022-07-05,Yuba,115,75493,17352,17277,1466,18743,124
2022-07-04,Alameda,001,1643700,312567,310551,17536,328087,1899
2022-07-04,Alpine,003,1148,129,129,1,130,0
2022-07-04,Amador,005,37829,9337,9301,764,10065,87
2022-07-04,Butte,007,227075,36199,36053,7849,43902,436
2022-07-04,Calaveras,009,45235,7912,7873,420,8293,124
2022-07-04,Colusa,011,21464,3589,3579,1139,4718,22
2022-07-04,Contra Costa,013,1133247,225684,223500,17093,240593,1348
2022-07-04,Del Norte,015,27424,6723,6623,311,6934,54
2022-07-04,El Dorado,017,186661,30097,29953,3785,33738,218
2022-07-04,Fresno,019,978130,250250,249480,26172,275652,2786
2022-07-04,Glenn,021,27897,5234,5222,1730,6952,48
2022-07-04,Humboldt,023,135768,19697,19608,3967,23575,149
2022-07-04,Imperial,025,180216,59577,59184,11985,71169,944
2022-07-04,Inyo,027,18085,4307,4282,689,4971,56
2022-07-04,Kern,029,883053,204231,203587,51901,255488,2353
2022-07-04,Kings,031,150075,54613,54560,3663,58223,449
2022-07-04,Lake,033,64148,11699,11659,1015,12674,140
2022-07-04,Lassen,035,31185,9360,9350,932,10282,64
2022-07-04,Los Angeles,037,10098052,3006409,2991161,149361,3140522,32116
2022-07-04,Madera,039,155013,40038,39952,6768,46720,372
2022-07-04,Marin,041,260295,41275,41036,4690,45726,302
2022-07-04,Mariposa,043,17540,2810,2797,265,3062,30
2022-07-04,Mendocino,045,87422,14610,14540,3764,18304,127
2022-07-04,Merced,047,269075,66652,66420,9754,76174,832
2022-07-04,Modoc,049,8938,792,788,282,1070,8
2022-07-04,Mono,051,14174,3120,3109,189,3298,7
2022-07-04,Monterey,053,433212,87043,86639,17330,103969,744
2022-07-04,Napa,055,140530,29807,29690,1277,30967,144
2022-07-04,Nevada,057,99092,17733,17660,1485,19145,131
2022-07-04,Orange,059,3164182,609643,608084,50898,658982,7125
2022-07-04,Placer,061,380077,70494,70113,8484,78597,632
2022-07-04,Plumas,063,18699,3330,3316,401,3717,13
2022-07-04,Riverside,065,2383286,638508,636209,30903,667112,6505
2022-07-04,Sacramento,067,1510023,318313,317315,30772,348087,3104
2022-07-04,San Benito,069,59416,14590,14556,715,15271,100
2022-07-04,San Bernardino,071,2135413,610941,608119,26694,634813,7870
2022-07-04,San Diego,073,3302833,842985,839970,62356,902326,5349
2022-07-04,San Francisco,075,870044,161851,160612,10635,171247,910
2022-07-04,San Joaquin,077,732212,182038,181448,12000,193448,2256
2022-07-04,San Luis Obispo,079,281455,58657,58488,5680,64168,496
2022-07-04,San Mateo,081,765935,152261,151344,9510,160854,723
2022-07-04,Santa Barbara,083,443738,96228,95918,5583,101501,702
2022-07-04,Santa Clara,085,1922200,388093,385553,16763,402316,2358
2022-07-04,Santa Cruz,087,273765,56532,56307,2800,59107,267
2022-07-04,Shasta,089,179085,32592,32444,6580,39024,570
2022-07-04,Sierra,091,2930,289,290,57,347,4
2022-07-04,Siskiyou,093,43540,4856,4841,3023,7864,82
2022-07-04,Solano,095,438530,95613,95181,6784,101965,455
2022-07-04,Sonoma,097,501317,98390,98031,4335,102366,495
2022-07-04,Stanislaus,099,539301,126896,126492,19026,145518,1682
2022-07-04,Sutter,101,95872,22109,22089,2323,24412,228
2022-07-04,Tehama,103,63373,12751,12680,2755,15435,205
2022-07-04,Trinity,105,12862,1273,1263,311,1574,20
2022-07-04,Tulare,107,460477,112897,112684,30737,143421,1500
2022-07-04,Tuolumne,109,53932,14033,13960,761,14721,189
2022-07-04,Ventura,111,848112,191603,190794,12011,202805,1517
2022-07-04,Yolo,113,214977,44353,43171,3715,46886,324
2022-07-04,Yuba,115,75493,17313,17277,1466,18743,124
2022-07-03,Alameda,001,1643700,312016,307672,17506,325178,1898
2022-07-03,Alpine,003,1148,129,129,1,130,0
2022-07-03,Amador,005,37829,9329,9243,761,10004,87
2022-07-03,Butte,007,227075,36186,35846,7842,43688,436
2022-07-03,Calaveras,009,45235,7896,7836,420,8256,124
2022-07-03,Colusa,011,21464,3587,3566,1137,4703,22
2022-07-03,Contra Costa,013,1133247,225332,221545,17064,238609,1343
2022-07-03,Del Norte,015,27424,6714,6543,310,6853,53
2022-07-03,El Dorado,017,186661,30065,29764,3779,33543,217
2022-07-03,Fresno,019,978130,250007,247952,26137,274089,2783
2022-07-03,Glenn,021,27897,5233,5211,1727,6938,48
2022-07-03,Humboldt,023,135768,19674,19516,3958,23474,149
2022-07-03,Imperial,025,180216,59502,58768,11946,70714,944
2022-07-03,Inyo,027,18085,4303,4261,687,4948,56
2022-07-03,Kern,029,883053,204093,202502,51761,254263,2352
2022-07-03,Kings,031,150075,54588,54262,3661,57923,449
2022-07-03,Lake,033,64148,11688,11595,1015,12610,140
2022-07-03,Lassen,035,31185,9357,9336,931,10267,64
2022-07-03,Los Angeles,037,10098052,3003717,2969395,149007,3118402,32089
2022-07-03,Madera,039,155013,40011,39738,6763,46501,372
2022-07-03,Marin,041,260295,41205,40653,4681,45334,297
2022-07-03,Mariposa,043,17540,2806,2780,264,3044,30
2022-07-03,Mendocino,045,87422,14598,14464,3763,18227,127
2022-07-03,Merced,047,269075,66603,66093,9749,75842,832
2022-07-03,Modoc,049,8938,792,787,282,1069,8
2022-07-03,Mono,051,14174,3119,3099,188,3287,7
2022-07-03,Monterey,053,433212,86936,86212,17275,103487,744
2022-07-03,Napa,055,140530,29787,29486,1274,30760,145
2022-07-03,Nevada,057,99092,17714,17546,1479,19025,131
2022-07-03,Orange,059,3164182,609107,603511,50770,654281,7114
2022-07-03,Placer,061,380077,70407,69606,8470,78076,631
2022-07-03,Plumas,063,18699,3323,3294,401,3695,13
2022-07-03,Riverside,065,2383286,637937,632038,30860,662898,6502
2022-07-03,Sacramento,067,1510023,318041,315165,30752,345917,3100
2022-07-03,San Benito,069,59416,14583,14420,714,15134,100
2022-07-03,San Bernardino,071,2135413,610361,604093,26665,630758,7860
2022-07-03,San Diego,073,3302833,842258,834116,62295,896411,5341
2022-07-03,San Francisco,075,870044,161514,158871,10623,169494,910
2022-07-03,San Joaquin,077,732212,181868,180368,11963,192331,2256
2022-07-03,San Luis Obispo,079,281455,58588,58079,5670,63749,489
2022-07-03,San Mateo,081,765935,151959,149812,9493,159305,723
2022-07-03,Santa Barbara,083,443738,96120,95214,5571,100785,699
2022-07-03,Santa Clara,085,1922200,387368,381630,16733,398363,2355
2022-07-03,Santa Cruz,087,273765,56471,55757,2779,58536,267
2022-07-03,Shasta,089,179085,32557,32280,6570,38850,570
2022-07-03,Sierra,091,2930,288,283,57,340,4
2022-07-03,Siskiyou,093,43540,4852,4808,3021,7829,82
2022-07-03,Solano,095,438530,95537,94437,6779,101216,455
2022-07-03,Sonoma,097,501317,98285,97379,4331,101710,495
2022-07-03,Stanislaus,099,539301,126779,125788,19009,144797,1681
2022-07-03,Sutter,101,95872,22088,21935,2322,24257,228
2022-07-03,Tehama,103,63373,12733,12615,2753,15368,205
2022-07-03,Trinity,105,12862,1272,1256,308,1564,20
2022-07-03,Tulare,107,460477,112799,112118,30699,142817,1500
2022-07-03,Tuolumne,109,53932,14010,13886,758,14644,189
2022-07-03,Ventura,111,848112,191392,189493,11992,201485,1517
2022-07-03,Yolo,113,214977,44309,42760,3706,46466,324
2022-07-03,Yuba,115,75493,17299,17168,1465,18633,124
2022-07-02,Alameda,001,1643700,311639,307672,17480,325152,1898
2022-07-02,Alpine,003,1148,129,129,1,130,0
2022-07-02,Amador,005,37829,9313,9243,760,10003,87
2022-07-02,Butte,007,227075,36161,35846,7829,43675,436
2022-07-02,Calaveras,009,45235,7890,7836,420,8256,124
2022-07-02,Colusa,011,21464,3583,3566,1135,4701,22
2022-07-02,Contra Costa,013,1133247,224984,221545,17018,238563,1343
2022-07-02,Del Norte,015,27424,6704,6543,310,6853,53
2022-07-02,El Dorado,017,186661,30031,29764,3774,33538,217
2022-07-02,Fresno,019,978130,249791,247952,26105,274057,2783
2022-07-02,Glenn,021,27897,5228,5211,1726,6937,48
2022-07-02,Humboldt,023,135768,19648,19516,3954,23470,149
2022-07-02,Imperial,025,180216,59424,58768,11925,70693,944
2022-07-02,Inyo,027,18085,4299,4261,685,4946,56
2022-07-02,Kern,029,883053,203942,202502,51616,254118,2352
2022-07-02,Kings,031,150075,54543,54262,3661,57923,449
2022-07-02,Lake,033,64148,11679,11595,1013,12608,140
2022-07-02,Lassen,035,31185,9356,9336,930,10266,64
2022-07-02,Los Angeles,037,10098052,3001062,2969395,148591,3117986,32089
2022-07-02,Madera,039,155013,39981,39738,6759,46497,372
2022-07-02,Marin,041,260295,41143,40653,4665,45318,297
2022-07-02,Mariposa,043,17540,2803,2780,263,3043,30
2022-07-02,Mendocino,045,87422,14570,14464,3763,18227,127
2022-07-02,Merced,047,269075,66544,66093,9739,75832,832
2022-07-02,Modoc,049,8938,792,787,281,1068,8
2022-07-02,Mono,051,14174,3116,3099,188,3287,7
2022-07-02,Monterey,053,433212,86848,86212,17237,103449,744
2022-07-02,Napa,055,140530,29758,29486,1273,30759,145
2022-07-02,Nevada,057,99092,17699,17546,1473,19019,131
2022-07-02,Orange,059,3164182,608462,603511,50620,654131,7114
2022-07-02,Placer,061,380077,70314,69606,8456,78062,631
2022-07-02,Plumas,063,18699,3314,3294,401,3695,13
2022-07-02,Riverside,065,2383286,637344,632038,30814,662852,6502
2022-07-02,Sacramento,067,1510023,317708,315165,30730,345895,3100
2022-07-02,San Benito,069,59416,14563,14420,705,15125,100
2022-07-02,San Bernardino,071,2135413,609841,604093,26629,630722,7860
2022-07-02,San Diego,073,3302833,841451,834116,62242,896358,5341
2022-07-02,San Francisco,075,870044,161229,158871,10599,169470,910
2022-07-02,San Joaquin,077,732212,181737,180368,11939,192307,2256
2022-07-02,San Luis Obispo,079,281455,58540,58079,5656,63735,489
2022-07-02,San Mateo,081,765935,151704,149812,9473,159285,723
2022-07-02,Santa Barbara,083,443738,95993,95214,5560,100774,699
2022-07-02,Santa Clara,085,1922200,386631,381630,16703,398333,2355
2022-07-02,Santa Cruz,087,273765,56412,55757,2769,58526,267
2022-07-02,Shasta,089,179085,32528,32280,6559,38839,570
2022-07-02,Sierra,091,2930,288,283,57,340,4
2022-07-02,Siskiyou,093,43540,4845,4808,3020,7828,82
2022-07-02,Solano,095,438530,95467,94437,6764,101201,455
2022-07-02,Sonoma,097,501317,98181,97379,4323,101702,495
2022-07-02,Stanislaus,099,539301,126660,125788,18994,144782,1681
2022-07-02,Sutter,101,95872,22069,21935,2322,24257,228
2022-07-02,Tehama,103,63373,12710,12615,2752,15367,205
2022-07-02,Trinity,105,12862,1270,1256,307,1563,20
2022-07-02,Tulare,107,460477,112697,112118,30657,142775,1500
2022-07-02,Tuolumne,109,53932,13997,13886,749,14635,189
2022-07-02,Ventura,111,848112,191219,189493,11967,201460,1517
2022-07-02,Yolo,113,214977,44264,42760,3699,46459,324
2022-07-02,Yuba,115,75493,17287,17168,1465,18633,124
2022-07-01,Alameda,001,1643700,311160,307672,17452,325124,1898
2022-07-01,Alpine,003,1148,129,129,1,130,0
2022-07-01,Amador,005,37829,9308,9243,758,10001,87
2022-07-01,Butte,007,227075,36134,35846,7810,43656,436
2022-07-01,Calaveras,009,45235,7879,7836,420,8256,124
2022-07-01,Colusa,011,21464,3580,3566,1135,4701,22
2022-07-01,Contra Costa,013,1133247,224681,221545,16977,238522,1343
2022-07-01,Del Norte,015,27424,6684,6543,308,6851,53
2022-07-01,El Dorado,017,186661,30007,29764,3765,33529,217
2022-07-01,Fresno,019,978130,249509,247952,26056,274008,2783
2022-07-01,Glenn,021,27897,5228,5211,1726,6937,48
2022-07-01,Humboldt,023,135768,19626,19516,3945,23461,149
2022-07-01,Imperial,025,180216,59348,58768,11898,70666,944
2022-07-01,Inyo,027,18085,4292,4261,679,4940,56
2022-07-01,Kern,029,883053,203740,202502,51495,253997,2352
2022-07-01,Kings,031,150075,54510,54262,3657,57919,449
2022-07-01,Lake,033,64148,11668,11595,1012,12607,140
2022-07-01,Lassen,035,31185,9353,9336,930,10266,64
2022-07-01,Los Angeles,037,10098052,2997628,2969395,148086,3117481,32089
2022-07-01,Madera,039,155013,39938,39738,6746,46484,372
2022-07-01,Marin,041,260295,41071,40653,4652,45305,297
2022-07-01,Mariposa,043,17540,2801,2780,262,3042,30
2022-07-01,Mendocino,045,87422,14550,14464,3759,18223,127
2022-07-01,Merced,047,269075,66467,66093,9735,75828,832
2022-07-01,Modoc,049,8938,792,787,280,1067,8
2022-07-01,Mono,051,14174,3109,3099,188,3287,7
2022-07-01,Monterey,053,433212,86765,86212,17206,103418,744
2022-07-01,Napa,055,140530,29714,29486,1273,30759,145
2022-07-01,Nevada,057,99092,17679,17546,1468,19014,131
2022-07-01,Orange,059,3164182,607752,603511,50467,653978,7114
2022-07-01,Placer,061,380077,70247,69606,8444,78050,631
2022-07-01,Plumas,063,18699,3312,3294,401,3695,13
2022-07-01,Riverside,065,2383286,636632,632038,30761,662799,6502
2022-07-01,Sacramento,067,1510023,317326,315165,30713,345878,3100
2022-07-01,San Benito,069,59416,14545,14420,704,15124,100
2022-07-01,San Bernardino,071,2135413,609218,604093,26595,630688,7860
2022-07-01,San Diego,073,3302833,840420,834116,62106,896222,5341
2022-07-01,San Francisco,075,870044,160950,158871,10559,169430,910
2022-07-01,San Joaquin,077,732212,181595,180368,11910,192278,2256
2022-07-01,San Luis Obispo,079,281455,58512,58079,5647,63726,489
2022-07-01,San Mateo,081,765935,151428,149812,9453,159265,723
2022-07-01,Santa Barbara,083,443738,95877,95214,5551,100765,699
2022-07-01,Santa Clara,085,1922200,385931,381630,16669,398299,2355
2022-07-01,Santa Cruz,087,273765,56347,55757,2755,58512,267
2022-07-01,Shasta,089,179085,32508,32280,6549,38829,570
2022-07-01,Sierra,091,2930,288,283,57,340,4
2022-07-01,Siskiyou,093,43540,4841,4808,3018,7826,82
2022-07-01,Solano,095,438530,95301,94437,6750,101187,455
2022-07-01,Sonoma,097,501317,98067,97379,4301,101680,495
2022-07-01,Stanislaus,099,539301,126531,125788,18968,144756,1681
2022-07-01,Sutter,101,95872,22040,21935,2322,24257,228
2022-07-01,Tehama,103,63373,12701,12615,2750,15365,205
2022-07-01,Trinity,105,12862,1269,1256,307,1563,20
2022-07-01,Tulare,107,460477,112601,112118,30615,142733,1500
2022-07-01,Tuolumne,109,53932,13979,13886,742,14628,189
2022-07-01,Ventura,111,848112,191008,189493,11931,201424,1517
2022-07-01,Yolo,113,214977,44229,42760,3684,46444,324
2022-07-01,Yuba,115,75493,17266,17168,1465,18633,124
2022-06-30,Alameda,001,1643700,310331,307672,17373,325045,1898
2022-06-30,Alpine,003,1148,129,129,1,130,0
2022-06-30,Amador,005,37829,9298,9243,755,9998,87
2022-06-30,Butte,007,227075,36087,35846,7793,43639,436
2022-06-30,Calaveras,009,45235,7868,7836,419,8255,124
2022-06-30,Colusa,011,21464,3576,3566,1133,4699,22
2022-06-30,Contra Costa,013,1133247,224135,221545,16909,238454,1343
2022-06-30,Del Norte,015,27424,6667,6543,305,6848,53
2022-06-30,El Dorado,017,186661,29963,29764,3757,33521,217
2022-06-30,Fresno,019,978130,249115,247952,26012,273964,2783
2022-06-30,Glenn,021,27897,5225,5211,1726,6937,48
2022-06-30,Humboldt,023,135768,19589,19516,3939,23455,149
2022-06-30,Imperial,025,180216,59235,58768,11868,70636,944
2022-06-30,Inyo,027,18085,4286,4261,679,4940,56
2022-06-30,Kern,029,883053,203427,202502,51330,253832,2352
2022-06-30,Kings,031,150075,54434,54262,3654,57916,449
2022-06-30,Lake,033,64148,11649,11595,1009,12604,140
2022-06-30,Lassen,035,31185,9350,9336,929,10265,64
2022-06-30,Los Angeles,037,10098052,2992308,2969395,147502,3116897,32089
2022-06-30,Madera,039,155013,39873,39738,6723,46461,372
2022-06-30,Marin,041,260295,40987,40653,4645,45298,297
2022-06-30,Mariposa,043,17540,2795,2780,260,3040,30
2022-06-30,Mendocino,045,87422,14534,14464,3753,18217,127
2022-06-30,Merced,047,269075,66369,66093,9718,75811,832
2022-06-30,Modoc,049,8938,791,787,279,1066,8
2022-06-30,Mono,051,14174,3107,3099,187,3286,7
2022-06-30,Monterey,053,433212,86620,86212,17143,103355,744
2022-06-30,Napa,055,140530,29655,29486,1267,30753,145
2022-06-30,Nevada,057,99092,17651,17546,1461,19007,131
2022-06-30,Orange,059,3164182,606578,603511,50287,653798,7114
2022-06-30,Placer,061,380077,70099,69606,8427,78033,631
2022-06-30,Plumas,063,18699,3307,3294,400,3694,13
2022-06-30,Riverside,065,2383286,635534,632038,30691,662729,6502
2022-06-30,Sacramento,067,1510023,316745,315165,30671,345836,3100
2022-06-30,San Benito,069,59416,14508,14420,701,15121,100
2022-06-30,San Bernardino,071,2135413,608199,604093,26559,630652,7860
2022-06-30,San Diego,073,3302833,838897,834116,61917,896033,5341
2022-06-30,San Francisco,075,870044,160521,158871,10528,169399,910
2022-06-30,San Joaquin,077,732212,181314,180368,11881,192249,2256
2022-06-30,San Luis Obispo,079,281455,58411,58079,5620,63699,489
2022-06-30,San Mateo,081,765935,151025,149812,9419,159231,723
2022-06-30,Santa Barbara,083,443738,95680,95214,5540,100754,699
2022-06-30,Santa Clara,085,1922200,384836,381630,16630,398260,2355
2022-06-30,Santa Cruz,087,273765,56229,55757,2741,58498,267
2022-06-30,Shasta,089,179085,32469,32280,6530,38810,570
2022-06-30,Sierra,091,2930,288,283,57,340,4
2022-06-30,Siskiyou,093,43540,4833,4808,3011,7819,82
2022-06-30,Solano,095,438530,95101,94437,6721,101158,455
2022-06-30,Sonoma,097,501317,97913,97379,4280,101659,495
2022-06-30,Stanislaus,099,539301,126336,125788,18944,144732,1681
2022-06-30,Sutter,101,95872,22007,21935,2320,24255,228
2022-06-30,Tehama,103,63373,12681,12615,2747,15362,205
2022-06-30,Trinity,105,12862,1263,1256,305,1561,20
2022-06-30,Tulare,107,460477,112452,112118,30539,142657,1500
2022-06-30,Tuolumne,109,53932,13960,13886,736,14622,189
2022-06-30,Ventura,111,848112,190664,189493,11857,201350,1517
2022-06-30,Yolo,113,214977,44158,42760,3666,46426,324
2022-06-30,Yuba,115,75493,17238,17168,1459,18627,124
2022-06-29,Alameda,001,1643700,309534,305288,17332,322620,1895
2022-06-29,Alpine,003,1148,129,129,1,130,0
2022-06-29,Amador,005,37829,9291,9205,755,9960,87
2022-06-29,Butte,007,227075,36038,35651,7779,43430,434
2022-06-29,Calaveras,009,45235,7856,7798,416,8214,124
2022-06-29,Colusa,011,21464,3573,3548,1131,4679,22
2022-06-29,Contra Costa,013,1133247,223651,219921,16855,236776,1339
2022-06-29,Del Norte,015,27424,6641,6484,301,6785,53
2022-06-29,El Dorado,017,186661,29905,29549,3741,33290,216
2022-06-29,Fresno,019,978130,248726,246740,25955,272695,2777
2022-06-29,Glenn,021,27897,5224,5192,1724,6916,48
2022-06-29,Humboldt,023,135768,19563,19411,3929,23340,149
2022-06-29,Imperial,025,180216,59115,58498,11820,70318,944
2022-06-29,Inyo,027,18085,4282,4243,674,4917,56
2022-06-29,Kern,029,883053,203144,201537,51171,252708,2343
2022-06-29,Kings,031,150075,54344,54031,3652,57683,448
2022-06-29,Lake,033,64148,11621,11548,1005,12553,140
2022-06-29,Lassen,035,31185,9345,9310,929,10239,64
2022-06-29,Los Angeles,037,10098052,2986708,2955489,146913,3102402,32062
2022-06-29,Madera,039,155013,39822,39554,6714,46268,372
2022-06-29,Marin,041,260295,40883,40397,4639,45036,297
2022-06-29,Mariposa,043,17540,2793,2753,260,3013,30
2022-06-29,Mendocino,045,87422,14505,14383,3737,18120,127
2022-06-29,Merced,047,269075,66276,65733,9707,75440,830
2022-06-29,Modoc,049,8938,789,780,278,1058,8
2022-06-29,Mono,051,14174,3107,3081,185,3266,7
2022-06-29,Monterey,053,433212,86488,85711,17093,102804,743
2022-06-29,Napa,055,140530,29605,29285,1263,30548,144
2022-06-29,Nevada,057,99092,17617,17439,1457,18896,129
2022-06-29,Orange,059,3164182,605415,599951,50125,650076,7095
2022-06-29,Placer,061,380077,69964,69244,8418,77662,629
2022-06-29,Plumas,063,18699,3304,3267,398,3665,13
2022-06-29,Riverside,065,2383286,634481,629035,30624,659659,6493
2022-06-29,Sacramento,067,1510023,316152,313224,30622,343846,3082
2022-06-29,San Benito,069,59416,14472,14302,693,14995,100
2022-06-29,San Bernardino,071,2135413,607221,600960,26466,627426,7825
2022-06-29,San Diego,073,3302833,837175,828907,61693,890600,5336
2022-06-29,San Francisco,075,870044,160038,157419,10494,167913,902
2022-06-29,San Joaquin,077,732212,181019,179476,11846,191322,2252
2022-06-29,San Luis Obispo,079,281455,58278,57783,5582,63365,486
2022-06-29,San Mateo,081,765935,150648,148533,9398,157931,723
2022-06-29,Santa Barbara,083,443738,95529,94683,5529,100212,699
2022-06-29,Santa Clara,085,1922200,383843,378000,16572,394572,2348
2022-06-29,Santa Cruz,087,273765,56104,55432,2727,58159,266
2022-06-29,Shasta,089,179085,32422,32106,6514,38620,570
2022-06-29,Sierra,091,2930,286,283,57,340,4
2022-06-29,Siskiyou,093,43540,4825,4773,3010,7783,82
2022-06-29,Solano,095,438530,94877,92975,6706,99681,455
2022-06-29,Sonoma,097,501317,97735,96854,4268,101122,493
2022-06-29,Stanislaus,099,539301,126160,125189,18918,144107,1674
2022-06-29,Sutter,101,95872,21954,21836,2315,24151,227
2022-06-29,Tehama,103,63373,12662,12561,2746,15307,205
2022-06-29,Trinity,105,12862,1261,1245,304,1549,20
2022-06-29,Tulare,107,460477,112319,111707,30466,142173,1499
2022-06-29,Tuolumne,109,53932,13937,13779,719,14498,189
2022-06-29,Ventura,111,848112,190357,188519,11796,200315,1514
2022-06-29,Yolo,113,214977,44056,42410,3655,46065,323
2022-06-29,Yuba,115,75493,17209,17082,1457,18539,124
2022-06-28,Alameda,001,1643700,308695,305288,17296,322584,1895
2022-06-28,Alpine,003,1148,129,129,1,130,0
2022-06-28,Amador,005,37829,9286,9205,754,9959,87
2022-06-28,Butte,007,227075,35972,35651,7761,43412,434
2022-06-28,Calaveras,009,45235,7844,7798,416,8214,124
2022-06-28,Colusa,011,21464,3572,3548,1130,4678,22
2022-06-28,Contra Costa,013,1133247,223045,219921,16792,236713,1339
2022-06-28,Del Norte,015,27424,6604,6484,299,6783,53
2022-06-28,El Dorado,017,186661,29857,29549,3730,33279,216
2022-06-28,Fresno,019,978130,248296,246740,25901,272641,2777
2022-06-28,Glenn,021,27897,5216,5192,1719,6911,48
2022-06-28,Humboldt,023,135768,19543,19411,3922,23333,149
2022-06-28,Imperial,025,180216,59016,58498,11743,70241,944
2022-06-28,Inyo,027,18085,4276,4243,668,4911,56
2022-06-28,Kern,029,883053,202857,201537,50967,252504,2343
2022-06-28,Kings,031,150075,54262,54031,3647,57678,448
2022-06-28,Lake,033,64148,11610,11548,1003,12551,140
2022-06-28,Lassen,035,31185,9338,9310,929,10239,64
2022-06-28,Los Angeles,037,10098052,2980809,2955489,146312,3101801,32062
2022-06-28,Madera,039,155013,39764,39554,6697,46251,372
2022-06-28,Marin,041,260295,40775,40397,4632,45029,297
2022-06-28,Mariposa,043,17540,2785,2753,258,3011,30
2022-06-28,Mendocino,045,87422,14477,14383,3725,18108,127
2022-06-28,Merced,047,269075,66174,65733,9688,75421,830
2022-06-28,Modoc,049,8938,787,780,277,1057,8
2022-06-28,Mono,051,14174,3101,3081,183,3264,7
2022-06-28,Monterey,053,433212,86363,85711,17046,102757,743
2022-06-28,Napa,055,140530,29537,29285,1260,30545,144
2022-06-28,Nevada,057,99092,17587,17439,1453,18892,129
2022-06-28,Orange,059,3164182,604071,599951,49957,649908,7095
2022-06-28,Placer,061,380077,69801,69244,8409,77653,629
2022-06-28,Plumas,063,18699,3304,3267,397,3664,13
2022-06-28,Riverside,065,2383286,633286,629035,30578,659613,6493
2022-06-28,Sacramento,067,1510023,315477,313224,30567,343791,3082
2022-06-28,San Benito,069,59416,14432,14302,692,14994,100
2022-06-28,San Bernardino,071,2135413,606115,600960,26425,627385,7825
2022-06-28,San Diego,073,3302833,835312,828907,61471,890378,5336
2022-06-28,San Francisco,075,870044,159517,157419,10469,167888,902
2022-06-28,San Joaquin,077,732212,180711,179476,11811,191287,2252
2022-06-28,San Luis Obispo,079,281455,58161,57783,5545,63328,486
2022-06-28,San Mateo,081,765935,150202,148533,9373,157906,723
2022-06-28,Santa Barbara,083,443738,95359,94683,5512,100195,699
2022-06-28,Santa Clara,085,1922200,382731,378000,16516,394516,2348
2022-06-28,Santa Cruz,087,273765,55972,55432,2719,58151,266
2022-06-28,Shasta,089,179085,32375,32106,6501,38607,570
2022-06-28,Sierra,091,2930,286,283,57,340,4
2022-06-28,Siskiyou,093,43540,4818,4773,3004,7777,82
2022-06-28,Solano,095,438530,94608,92975,6691,99666,455
2022-06-28,Sonoma,097,501317,97531,96854,4253,101107,493
2022-06-28,Stanislaus,099,539301,125958,125189,18901,144090,1674
2022-06-28,Sutter,101,95872,21918,21836,2313,24149,227
2022-06-28,Tehama,103,63373,12642,12561,2742,15303,205
2022-06-28,Trinity,105,12862,1258,1245,302,1547,20
2022-06-28,Tulare,107,460477,112130,111707,30392,142099,1499
2022-06-28,Tuolumne,109,53932,13906,13779,712,14491,189
2022-06-28,Ventura,111,848112,190034,188519,11719,200238,1514
2022-06-28,Yolo,113,214977,43943,42410,3649,46059,323
2022-06-28,Yuba,115,75493,17174,17082,1453,18535,124
2022-06-27,Alameda,001,1643700,307761,305288,17241,322529,1895
2022-06-27,Alpine,003,1148,129,129,1,130,0
2022-06-27,Amador,005,37829,9271,9205,752,9957,87
2022-06-27,Butte,007,227075,35920,35651,7741,43392,434
2022-06-27,Calaveras,009,45235,7829,7798,416,8214,124
2022-06-27,Colusa,011,21464,3568,3548,1128,4676,22
2022-06-27,Contra Costa,013,1133247,222362,219921,16727,236648,1339
2022-06-27,Del Norte,015,27424,6584,6484,293,6777,53
2022-06-27,El Dorado,017,186661,29793,29549,3712,33261,216
2022-06-27,Fresno,019,978130,247831,246740,25836,272576,2777
2022-06-27,Glenn,021,27897,5210,5192,1712,6904,48
2022-06-27,Humboldt,023,135768,19506,19411,3910,23321,149
2022-06-27,Imperial,025,180216,58876,58498,11677,70175,944
2022-06-27,Inyo,027,18085,4266,4243,659,4902,56
2022-06-27,Kern,029,883053,202505,201537,50762,252299,2343
2022-06-27,Kings,031,150075,54175,54031,3644,57675,448
2022-06-27,Lake,033,64148,11591,11548,998,12546,140
2022-06-27,Lassen,035,31185,9329,9310,929,10239,64
2022-06-27,Los Angeles,037,10098052,2974622,2955489,145752,3101241,32062
2022-06-27,Madera,039,155013,39699,39554,6685,46239,372
2022-06-27,Marin,041,260295,40668,40397,4619,45016,297
2022-06-27,Mariposa,043,17540,2776,2753,256,3009,30
2022-06-27,Mendocino,045,87422,14447,14383,3719,18102,127
2022-06-27,Merced,047,269075,66064,65733,9652,75385,830
2022-06-27,Modoc,049,8938,782,780,276,1056,8
2022-06-27,Mono,051,14174,3100,3081,183,3264,7
2022-06-27,Monterey,053,433212,86213,85711,16985,102696,743
2022-06-27,Napa,055,140530,29467,29285,1257,30542,144
2022-06-27,Nevada,057,99092,17557,17439,1439,18878,129
2022-06-27,Orange,059,3164182,602710,599951,49745,649696,7095
2022-06-27,Placer,061,380077,69688,69244,8385,77629,629
2022-06-27,Plumas,063,18699,3299,3267,396,3663,13
2022-06-27,Riverside,065,2383286,632139,629035,30512,659547,6493
2022-06-27,Sacramento,067,1510023,314750,313224,30518,343742,3082
2022-06-27,San Benito,069,59416,14377,14302,689,14991,100
2022-06-27,San Bernardino,071,2135413,605020,600960,26381,627341,7825
2022-06-27,San Diego,073,3302833,833382,828907,61240,890147,5336
2022-06-27,San Francisco,075,870044,158972,157419,10442,167861,902
2022-06-27,San Joaquin,077,732212,180370,179476,11769,191245,2252
2022-06-27,San Luis Obispo,079,281455,58051,57783,5509,63292,486
2022-06-27,San Mateo,081,765935,149736,148533,9337,157870,723
2022-06-27,Santa Barbara,083,443738,95172,94683,5497,100180,699
2022-06-27,Santa Clara,085,1922200,381305,378000,16462,394462,2348
2022-06-27,Santa Cruz,087,273765,55802,55432,2711,58143,266
2022-06-27,Shasta,089,179085,32314,32106,6483,38589,570
2022-06-27,Sierra,091,2930,286,283,57,340,4
2022-06-27,Siskiyou,093,43540,4808,4773,2997,7770,82
2022-06-27,Solano,095,438530,94298,92975,6659,99634,455
2022-06-27,Sonoma,097,501317,97341,96854,4236,101090,493
2022-06-27,Stanislaus,099,539301,125730,125189,18883,144072,1674
2022-06-27,Sutter,101,95872,21877,21836,2310,24146,227
2022-06-27,Tehama,103,63373,12620,12561,2740,15301,205
2022-06-27,Trinity,105,12862,1256,1245,300,1545,20
2022-06-27,Tulare,107,460477,111949,111707,30306,142013,1499
2022-06-27,Tuolumne,109,53932,13872,13779,702,14481,189
2022-06-27,Ventura,111,848112,189653,188519,11660,200179,1514
2022-06-27,Yolo,113,214977,43817,42410,3641,46051,323
2022-06-27,Yuba,115,75493,17146,17082,1450,18532,124
2022-06-26,Alameda,001,1643700,306683,302071,17161,319232,1891
2022-06-26,Alpine,003,1148,129,129,1,130,0
2022-06-26,Amador,005,37829,9232,9135,750,9885,87
2022-06-26,Butte,007,227075,35844,35406,7716,43122,433
2022-06-26,Calaveras,009,45235,7814,7754,413,8167,124
2022-06-26,Colusa,011,21464,3559,3540,1124,4664,22
2022-06-26,Contra Costa,013,1133247,221739,218053,16648,234701,1335
2022-06-26,Del Norte,015,27424,6562,6398,289,6687,52
2022-06-26,El Dorado,017,186661,29709,29313,3687,33000,216
2022-06-26,Fresno,019,978130,247295,245118,25779,270897,2777
2022-06-26,Glenn,021,27897,5205,5178,1709,6887,48
2022-06-26,Humboldt,023,135768,19472,19234,3899,23133,149
2022-06-26,Imperial,025,180216,58730,58127,11584,69711,944
2022-06-26,Inyo,027,18085,4255,4228,646,4874,56
2022-06-26,Kern,029,883053,202206,200556,50559,251115,2344
2022-06-26,Kings,031,150075,54066,53783,3641,57424,448
2022-06-26,Lake,033,64148,11572,11471,996,12467,140
2022-06-26,Lassen,035,31185,9320,9287,929,10216,64
2022-06-26,Los Angeles,037,10098052,2968059,2936815,145118,3081933,32036
2022-06-26,Madera,039,155013,39629,39319,6667,45986,372
2022-06-26,Marin,041,260295,40547,39979,4598,44577,297
2022-06-26,Mariposa,043,17540,2768,2713,256,2969,30
2022-06-26,Mendocino,045,87422,14418,14292,3693,17985,127
2022-06-26,Merced,047,269075,65932,65408,9625,75033,828
2022-06-26,Modoc,049,8938,781,777,274,1051,8
2022-06-26,Mono,051,14174,3090,3076,183,3259,7
2022-06-26,Monterey,053,433212,86041,85275,16924,102199,743
2022-06-26,Napa,055,140530,29387,29054,1254,30308,144
2022-06-26,Nevada,057,99092,17513,17339,1435,18774,129
2022-06-26,Orange,059,3164182,601220,595761,49542,645303,7090
2022-06-26,Placer,061,380077,69553,68785,8364,77149,628
2022-06-26,Plumas,063,18699,3287,3241,396,3637,13
2022-06-26,Riverside,065,2383286,630912,625794,30455,656249,6493
2022-06-26,Sacramento,067,1510023,313931,310837,30450,341287,3077
2022-06-26,San Benito,069,59416,14332,14192,686,14878,99
2022-06-26,San Bernardino,071,2135413,603830,598062,26327,624389,7803
2022-06-26,San Diego,073,3302833,831186,822848,61072,883920,5332
2022-06-26,San Francisco,075,870044,158329,155609,10389,165998,899
2022-06-26,San Joaquin,077,732212,179995,178447,11727,190174,2252
2022-06-26,San Luis Obispo,079,281455,57916,57472,5460,62932,485
2022-06-26,San Mateo,081,765935,149229,146955,9307,156262,723
2022-06-26,Santa Barbara,083,443738,94962,94017,5469,99486,699
2022-06-26,Santa Clara,085,1922200,379927,373961,16385,390346,2338
2022-06-26,Santa Cruz,087,273765,55646,54874,2703,57577,265
2022-06-26,Shasta,089,179085,32232,31921,6465,38386,570
2022-06-26,Sierra,091,2930,285,283,57,340,4
2022-06-26,Siskiyou,093,43540,4790,4744,2990,7734,81
2022-06-26,Solano,095,438530,94028,92248,6622,98870,455
2022-06-26,Sonoma,097,501317,97107,95981,4204,100185,493
2022-06-26,Stanislaus,099,539301,125529,124493,18860,143353,1672
2022-06-26,Sutter,101,95872,21837,21733,2309,24042,227
2022-06-26,Tehama,103,63373,12603,12510,2734,15244,205
2022-06-26,Trinity,105,12862,1251,1233,298,1531,20
2022-06-26,Tulare,107,460477,111766,111188,30225,141413,1496
2022-06-26,Tuolumne,109,53932,13844,13688,695,14383,189
2022-06-26,Ventura,111,848112,189259,187389,11584,198973,1514
2022-06-26,Yolo,113,214977,43702,41932,3626,45558,323
2022-06-26,Yuba,115,75493,17109,16994,1441,18435,124
2022-06-25,Alameda,001,1643700,306214,302071,17142,319213,1891
2022-06-25,Alpine,003,1148,129,129,1,130,0
2022-06-25,Amador,005,37829,9222,9135,749,9884,87
2022-06-25,Butte,007,227075,35805,35406,7695,43101,433
2022-06-25,Calaveras,009,45235,7805,7754,413,8167,124
2022-06-25,Colusa,011,21464,3554,3540,1124,4664,22
2022-06-25,Contra Costa,013,1133247,221380,218053,16605,234658,1335
2022-06-25,Del Norte,015,27424,6548,6398,286,6684,52
2022-06-25,El Dorado,017,186661,29669,29313,3681,32994,216
2022-06-25,Fresno,019,978130,247065,245118,25757,270875,2777
2022-06-25,Glenn,021,27897,5200,5178,1707,6885,48
2022-06-25,Humboldt,023,135768,19452,19234,3889,23123,149
2022-06-25,Imperial,025,180216,58650,58127,11558,69685,944
2022-06-25,Inyo,027,18085,4253,4228,642,4870,56
2022-06-25,Kern,029,883053,202049,200556,50454,251010,2344
2022-06-25,Kings,031,150075,54028,53783,3641,57424,448
2022-06-25,Lake,033,64148,11563,11471,995,12466,140
2022-06-25,Lassen,035,31185,9315,9287,927,10214,64
2022-06-25,Los Angeles,037,10098052,2965059,2936815,144737,3081552,32036
2022-06-25,Madera,039,155013,39596,39319,6664,45983,372
2022-06-25,Marin,041,260295,40494,39979,4591,44570,297
2022-06-25,Mariposa,043,17540,2766,2713,256,2969,30
2022-06-25,Mendocino,045,87422,14406,14292,3689,17981,127
2022-06-25,Merced,047,269075,65855,65408,9622,75030,828
2022-06-25,Modoc,049,8938,781,777,274,1051,8
2022-06-25,Mono,051,14174,3085,3076,183,3259,7
2022-06-25,Monterey,053,433212,85940,85275,16896,102171,743
2022-06-25,Napa,055,140530,29356,29054,1250,30304,144
2022-06-25,Nevada,057,99092,17489,17339,1431,18770,129
2022-06-25,Orange,059,3164182,600523,595761,49406,645167,7090
2022-06-25,Placer,061,380077,69458,68785,8344,77129,628
2022-06-25,Plumas,063,18699,3283,3241,396,3637,13
2022-06-25,Riverside,065,2383286,630269,625794,30413,656207,6493
2022-06-25,Sacramento,067,1510023,313620,310837,30424,341261,3077
2022-06-25,San Benito,069,59416,14307,14192,685,14877,99
2022-06-25,San Bernardino,071,2135413,603248,598062,26300,624362,7803
2022-06-25,San Diego,073,3302833,830282,822848,61010,883858,5332
2022-06-25,San Francisco,075,870044,158032,155609,10366,165975,899
2022-06-25,San Joaquin,077,732212,179847,178447,11712,190159,2252
2022-06-25,San Luis Obispo,079,281455,57845,57472,5450,62922,485
2022-06-25,San Mateo,081,765935,148955,146955,9284,156239,723
2022-06-25,Santa Barbara,083,443738,94819,94017,5457,99474,699
2022-06-25,Santa Clara,085,1922200,379075,373961,16358,390319,2338
2022-06-25,Santa Cruz,087,273765,55576,54874,2700,57574,265
2022-06-25,Shasta,089,179085,32195,31921,6450,38371,570
2022-06-25,Sierra,091,2930,285,283,57,340,4
2022-06-25,Siskiyou,093,43540,4787,4744,2987,7731,81
2022-06-25,Solano,095,438530,93942,92248,6603,98851,455
2022-06-25,Sonoma,097,501317,96997,95981,4194,100175,493
2022-06-25,Stanislaus,099,539301,125399,124493,18842,143335,1672
2022-06-25,Sutter,101,95872,21815,21733,2308,24041,227
2022-06-25,Tehama,103,63373,12592,12510,2729,15239,205
2022-06-25,Trinity,105,12862,1250,1233,296,1529,20
2022-06-25,Tulare,107,460477,111689,111188,30183,141371,1496
2022-06-25,Tuolumne,109,53932,13826,13688,692,14380,189
2022-06-25,Ventura,111,848112,189050,187389,11556,198945,1514
2022-06-25,Yolo,113,214977,43638,41932,3620,45552,323
2022-06-25,Yuba,115,75493,17088,16994,1440,18434,124
2022-06-24,Alameda,001,1643700,305629,302071,17105,319176,1891
2022-06-24,Alpine,003,1148,129,129,1,130,0
2022-06-24,Amador,005,37829,9215,9135,747,9882,87
2022-06-24,Butte,007,227075,35774,35406,7681,43087,433
2022-06-24,Calaveras,009,45235,7800,7754,412,8166,124
2022-06-24,Colusa,011,21464,3553,3540,1121,4661,22
2022-06-24,Contra Costa,013,1133247,221037,218053,16582,234635,1335
2022-06-24,Del Norte,015,27424,6537,6398,284,6682,52
2022-06-24,El Dorado,017,186661,29626,29313,3677,32990,216
2022-06-24,Fresno,019,978130,246779,245118,25729,270847,2777
2022-06-24,Glenn,021,27897,5198,5178,1707,6885,48
2022-06-24,Humboldt,023,135768,19422,19234,3884,23118,149
2022-06-24,Imperial,025,180216,58578,58127,11528,69655,944
2022-06-24,Inyo,027,18085,4251,4228,638,4866,56
2022-06-24,Kern,029,883053,201876,200556,50360,250916,2344
2022-06-24,Kings,031,150075,53984,53783,3637,57420,448
2022-06-24,Lake,033,64148,11552,11471,995,12466,140
2022-06-24,Lassen,035,31185,9312,9287,926,10213,64
2022-06-24,Los Angeles,037,10098052,2961781,2936815,144407,3081222,32036
2022-06-24,Madera,039,155013,39551,39319,6658,45977,372
2022-06-24,Marin,041,260295,40418,39979,4579,44558,297
2022-06-24,Mariposa,043,17540,2759,2713,256,2969,30
2022-06-24,Mendocino,045,87422,14399,14292,3686,17978,127
2022-06-24,Merced,047,269075,65818,65408,9613,75021,828
2022-06-24,Modoc,049,8938,781,777,274,1051,8
2022-06-24,Mono,051,14174,3081,3076,182,3258,7
2022-06-24,Monterey,053,433212,85860,85275,16869,102144,743
2022-06-24,Napa,055,140530,29329,29054,1249,30303,144
2022-06-24,Nevada,057,99092,17473,17339,1425,18764,129
2022-06-24,Orange,059,3164182,599832,595761,49265,645026,7090
2022-06-24,Placer,061,380077,69382,68785,8332,77117,628
2022-06-24,Plumas,063,18699,3279,3241,396,3637,13
2022-06-24,Riverside,065,2383286,629623,625794,30368,656162,6493
2022-06-24,Sacramento,067,1510023,313224,310837,30402,341239,3077
2022-06-24,San Benito,069,59416,14294,14192,684,14876,99
2022-06-24,San Bernardino,071,2135413,602673,598062,26279,624341,7803
2022-06-24,San Diego,073,3302833,829240,822848,60934,883782,5332
2022-06-24,San Francisco,075,870044,157717,155609,10338,165947,899
2022-06-24,San Joaquin,077,732212,179667,178447,11687,190134,2252
2022-06-24,San Luis Obispo,079,281455,57800,57472,5445,62917,485
2022-06-24,San Mateo,081,765935,148625,146955,9271,156226,723
2022-06-24,Santa Barbara,083,443738,94688,94017,5454,99471,699
2022-06-24,Santa Clara,085,1922200,378250,373961,16309,390270,2338
2022-06-24,Santa Cruz,087,273765,55475,54874,2689,57563,265
2022-06-24,Shasta,089,179085,32165,31921,6441,38362,570
2022-06-24,Sierra,091,2930,285,283,57,340,4
2022-06-24,Siskiyou,093,43540,4779,4744,2986,7730,81
2022-06-24,Solano,095,438530,93791,92248,6589,98837,455
2022-06-24,Sonoma,097,501317,96859,95981,4177,100158,493
2022-06-24,Stanislaus,099,539301,125274,124493,18820,143313,1672
2022-06-24,Sutter,101,95872,21800,21733,2307,24040,227
2022-06-24,Tehama,103,63373,12577,12510,2723,15233,205
2022-06-24,Trinity,105,12862,1247,1233,296,1529,20
2022-06-24,Tulare,107,460477,111590,111188,30126,141314,1496
2022-06-24,Tuolumne,109,53932,13806,13688,686,14374,189
2022-06-24,Ventura,111,848112,188823,187389,11527,198916,1514
2022-06-24,Yolo,113,214977,43544,41932,3611,45543,323
2022-06-24,Yuba,115,75493,17070,16994,1440,18434,124
2022-06-23,Alameda,001,1643700,304810,302071,17031,319102,1891
2022-06-23,Alpine,003,1148,129,129,1,130,0
2022-06-23,Amador,005,37829,9206,9135,746,9881,87
2022-06-23,Butte,007,227075,35716,35406,7663,43069,433
2022-06-23,Calaveras,009,45235,7789,7754,411,8165,124
2022-06-23,Colusa,011,21464,3546,3540,1119,4659,22
2022-06-23,Contra Costa,013,1133247,220524,218053,16489,234542,1335
2022-06-23,Del Norte,015,27424,6505,6398,282,6680,52
2022-06-23,El Dorado,017,186661,29568,29313,3665,32978,216
2022-06-23,Fresno,019,978130,246376,245118,25675,270793,2777
2022-06-23,Glenn,021,27897,5195,5178,1698,6876,48
2022-06-23,Humboldt,023,135768,19399,19234,3881,23115,149
2022-06-23,Imperial,025,180216,58503,58127,11477,69604,944
2022-06-23,Inyo,027,18085,4248,4228,635,4863,56
2022-06-23,Kern,029,883053,201596,200556,50210,250766,2344
2022-06-23,Kings,031,150075,53925,53783,3634,57417,448
2022-06-23,Lake,033,64148,11531,11471,995,12466,140
2022-06-23,Lassen,035,31185,9302,9287,925,10212,64
2022-06-23,Los Angeles,037,10098052,2957135,2936815,143867,3080682,32036
2022-06-23,Madera,039,155013,39490,39319,6644,45963,372
2022-06-23,Marin,041,260295,40304,39979,4555,44534,297
2022-06-23,Mariposa,043,17540,2747,2713,256,2969,30
2022-06-23,Mendocino,045,87422,14370,14292,3682,17974,127
2022-06-23,Merced,047,269075,65740,65408,9598,75006,828
2022-06-23,Modoc,049,8938,780,777,274,1051,8
2022-06-23,Mono,051,14174,3079,3076,181,3257,7
2022-06-23,Monterey,053,433212,85714,85275,16816,102091,743
2022-06-23,Napa,055,140530,29272,29054,1248,30302,144
2022-06-23,Nevada,057,99092,17440,17339,1425,18764,129
2022-06-23,Orange,059,3164182,598827,595761,49086,644847,7090
2022-06-23,Placer,061,380077,69245,68785,8312,77097,628
2022-06-23,Plumas,063,18699,3274,3241,394,3635,13
2022-06-23,Riverside,065,2383286,628702,625794,30320,656114,6493
2022-06-23,Sacramento,067,1510023,312618,310837,30358,341195,3077
2022-06-23,San Benito,069,59416,14263,14192,682,14874,99
2022-06-23,San Bernardino,071,2135413,601891,598062,26250,624312,7803
2022-06-23,San Diego,073,3302833,827770,822848,60736,883584,5332
2022-06-23,San Francisco,075,870044,157249,155609,10305,165914,899
2022-06-23,San Joaquin,077,732212,179390,178447,11664,190111,2252
2022-06-23,San Luis Obispo,079,281455,57711,57472,5413,62885,485
2022-06-23,San Mateo,081,765935,148277,146955,9236,156191,723
2022-06-23,Santa Barbara,083,443738,94523,94017,5426,99443,699
2022-06-23,Santa Clara,085,1922200,377268,373961,16262,390223,2338
2022-06-23,Santa Cruz,087,273765,55364,54874,2677,57551,265
2022-06-23,Shasta,089,179085,32123,31921,6429,38350,570
2022-06-23,Sierra,091,2930,284,283,57,340,4
2022-06-23,Siskiyou,093,43540,4773,4744,2979,7723,81
2022-06-23,Solano,095,438530,93544,92248,6550,98798,455
2022-06-23,Sonoma,097,501317,96663,95981,4157,100138,493
2022-06-23,Stanislaus,099,539301,125093,124493,18793,143286,1672
2022-06-23,Sutter,101,95872,21766,21733,2307,24040,227
2022-06-23,Tehama,103,63373,12568,12510,2720,15230,205
2022-06-23,Trinity,105,12862,1245,1233,296,1529,20
2022-06-23,Tulare,107,460477,111465,111188,30060,141248,1496
2022-06-23,Tuolumne,109,53932,13779,13688,674,14362,189
2022-06-23,Ventura,111,848112,188523,187389,11490,198879,1514
2022-06-23,Yolo,113,214977,43440,41932,3599,45531,323
2022-06-23,Yuba,115,75493,17049,16994,1434,18428,124
2022-06-22,Alameda,001,1643700,303972,299567,16956,316523,1888
2022-06-22,Alpine,003,1148,129,129,1,130,0
2022-06-22,Amador,005,37829,9200,9049,745,9794,87
2022-06-22,Butte,007,227075,35650,35203,7645,42848,433
2022-06-22,Calaveras,009,45235,7777,7716,411,8127,122
2022-06-22,Colusa,011,21464,3543,3529,1119,4648,21
2022-06-22,Contra Costa,013,1133247,220004,216355,16436,232791,1328
2022-06-22,Del Norte,015,27424,6487,6367,281,6648,52
2022-06-22,El Dorado,017,186661,29505,29139,3652,32791,215
2022-06-22,Fresno,019,978130,245961,244129,25625,269754,2772
2022-06-22,Glenn,021,27897,5193,5161,1693,6854,48
2022-06-22,Humboldt,023,135768,19348,19111,3861,22972,148
2022-06-22,Imperial,025,180216,58403,57866,11445,69311,944
2022-06-22,Inyo,027,18085,4243,4222,634,4856,56
2022-06-22,Kern,029,883053,201325,199721,50074,249795,2341
2022-06-22,Kings,031,150075,53860,53568,3630,57198,448
2022-06-22,Lake,033,64148,11514,11426,989,12415,140
2022-06-22,Lassen,035,31185,9294,9259,923,10182,64
2022-06-22,Los Angeles,037,10098052,2952166,2925667,143413,3069080,32015
2022-06-22,Madera,039,155013,39434,39139,6626,45765,372
2022-06-22,Marin,041,260295,40201,39687,4549,44236,297
2022-06-22,Mariposa,043,17540,2742,2695,253,2948,30
2022-06-22,Mendocino,045,87422,14354,14201,3667,17868,127
2022-06-22,Merced,047,269075,65645,65120,9574,74694,827
2022-06-22,Modoc,049,8938,779,773,270,1043,8
2022-06-22,Mono,051,14174,3078,3073,179,3252,7
2022-06-22,Monterey,053,433212,85588,84752,16773,101525,742
2022-06-22,Napa,055,140530,29201,28894,1244,30138,144
2022-06-22,Nevada,057,99092,17420,17280,1416,18696,129
2022-06-22,Orange,059,3164182,597631,592215,48911,641126,7084
2022-06-22,Placer,061,380077,69129,68447,8302,76749,628
2022-06-22,Plumas,063,18699,3264,3220,394,3614,13
2022-06-22,Riverside,065,2383286,627853,623584,30265,653849,6491
2022-06-22,Sacramento,067,1510023,311993,309105,30322,339427,3071
2022-06-22,San Benito,069,59416,14239,14128,679,14807,99
2022-06-22,San Bernardino,071,2135413,601096,595517,26221,621738,7774
2022-06-22,San Diego,073,3302833,826160,815124,60559,875683,5318
2022-06-22,San Francisco,075,870044,156764,154213,10276,164489,897
2022-06-22,San Joaquin,077,732212,179134,177637,11640,189277,2251
2022-06-22,San Luis Obispo,079,281455,57623,57177,5377,62554,485
2022-06-22,San Mateo,081,765935,147872,145781,9213,154994,723
2022-06-22,Santa Barbara,083,443738,94376,93576,5412,98988,700
2022-06-22,Santa Clara,085,1922200,376179,370678,16154,386832,2340
2022-06-22,Santa Cruz,087,273765,55245,54525,2664,57189,265
2022-06-22,Shasta,089,179085,32078,31786,6414,38200,570
2022-06-22,Sierra,091,2930,284,283,57,340,4
2022-06-22,Siskiyou,093,43540,4766,4711,2976,7687,81
2022-06-22,Solano,095,438530,93297,91528,6485,98013,454
2022-06-22,Sonoma,097,501317,96460,95363,4137,99500,493
2022-06-22,Stanislaus,099,539301,124897,124023,18740,142763,1670
2022-06-22,Sutter,101,95872,21734,21649,2306,23955,227
2022-06-22,Tehama,103,63373,12558,12465,2718,15183,205
2022-06-22,Trinity,105,12862,1243,1223,296,1519,20
2022-06-22,Tulare,107,460477,111329,110768,29979,140747,1496
2022-06-22,Tuolumne,109,53932,13760,13596,668,14264,189
2022-06-22,Ventura,111,848112,188220,186601,11439,198040,1514
2022-06-22,Yolo,113,214977,43318,41689,3588,45277,323
2022-06-22,Yuba,115,75493,17029,16912,1430,18342,124
2022-06-21,Alameda,001,1643700,303176,299567,16924,316491,1888
2022-06-21,Alpine,003,1148,129,129,1,130,0
2022-06-21,Amador,005,37829,9193,9049,742,9791,87
2022-06-21,Butte,007,227075,35576,35203,7634,42837,433
2022-06-21,Calaveras,009,45235,7768,7716,410,8126,122
2022-06-21,Colusa,011,21464,3540,3529,1117,4646,21
2022-06-21,Contra Costa,013,1133247,219443,216355,16387,232742,1328
2022-06-21,Del Norte,015,27424,6457,6367,279,6646,52
2022-06-21,El Dorado,017,186661,29431,29139,3645,32784,215
2022-06-21,Fresno,019,978130,245527,244129,25575,269704,2772
2022-06-21,Glenn,021,27897,5186,5161,1691,6852,48
2022-06-21,Humboldt,023,135768,19296,19111,3848,22959,148
2022-06-21,Imperial,025,180216,58310,57866,11409,69275,944
2022-06-21,Inyo,027,18085,4238,4222,628,4850,56
2022-06-21,Kern,029,883053,201004,199721,49895,249616,2341
2022-06-21,Kings,031,150075,53786,53568,3629,57197,448
2022-06-21,Lake,033,64148,11491,11426,986,12412,140
2022-06-21,Lassen,035,31185,9284,9259,920,10179,64
2022-06-21,Los Angeles,037,10098052,2947365,2925667,142910,3068577,32015
2022-06-21,Madera,039,155013,39350,39139,6616,45755,372
2022-06-21,Marin,041,260295,40111,39687,4537,44224,297
2022-06-21,Mariposa,043,17540,2736,2695,252,2947,30
2022-06-21,Mendocino,045,87422,14325,14201,3658,17859,127
2022-06-21,Merced,047,269075,65545,65120,9543,74663,827
2022-06-21,Modoc,049,8938,776,773,269,1042,8
2022-06-21,Mono,051,14174,3076,3073,178,3251,7
2022-06-21,Monterey,053,433212,85432,84752,16731,101483,742
2022-06-21,Napa,055,140530,29148,28894,1243,30137,144
2022-06-21,Nevada,057,99092,17393,17280,1413,18693,129
2022-06-21,Orange,059,3164182,596436,592215,48772,640987,7084
2022-06-21,Placer,061,380077,69002,68447,8291,76738,628
2022-06-21,Plumas,063,18699,3255,3220,393,3613,13
2022-06-21,Riverside,065,2383286,626892,623584,30207,653791,6491
2022-06-21,Sacramento,067,1510023,311297,309105,30276,339381,3071
2022-06-21,San Benito,069,59416,14203,14128,675,14803,99
2022-06-21,San Bernardino,071,2135413,600274,595517,26178,621695,7774
2022-06-21,San Diego,073,3302833,824474,815124,60360,875484,5318
2022-06-21,San Francisco,075,870044,156280,154213,10245,164458,897
2022-06-21,San Joaquin,077,732212,178815,177637,11612,189249,2251
2022-06-21,San Luis Obispo,079,281455,57512,57177,5332,62509,485
2022-06-21,San Mateo,081,765935,147386,145781,9194,154975,723
2022-06-21,Santa Barbara,083,443738,94209,93576,5398,98974,700
2022-06-21,Santa Clara,085,1922200,375020,370678,16106,386784,2340
2022-06-21,Santa Cruz,087,273765,55115,54525,2656,57181,265
2022-06-21,Shasta,089,179085,32031,31786,6396,38182,570
2022-06-21,Sierra,091,2930,284,283,57,340,4
2022-06-21,Siskiyou,093,43540,4758,4711,2968,7679,81
2022-06-21,Solano,095,438530,93037,91528,6468,97996,454
2022-06-21,Sonoma,097,501317,96226,95363,4114,99477,493
2022-06-21,Stanislaus,099,539301,124704,124023,18716,142739,1670
2022-06-21,Sutter,101,95872,21710,21649,2304,23953,227
2022-06-21,Tehama,103,63373,12544,12465,2718,15183,205
2022-06-21,Trinity,105,12862,1237,1223,296,1519,20
2022-06-21,Tulare,107,460477,111188,110768,29919,140687,1496
2022-06-21,Tuolumne,109,53932,13736,13596,662,14258,189
2022-06-21,Ventura,111,848112,187897,186601,11384,197985,1514
2022-06-21,Yolo,113,214977,43186,41689,3577,45266,323
2022-06-21,Yuba,115,75493,17000,16912,1429,18341,124
2022-06-20,Alameda,001,1643700,302276,299567,16869,316436,1888
2022-06-20,Alpine,003,1148,129,129,1,130,0
2022-06-20,Amador,005,37829,9183,9049,739,9788,87
2022-06-20,Butte,007,227075,35506,35203,7617,42820,433
2022-06-20,Calaveras,009,45235,7761,7716,410,8126,122
2022-06-20,Colusa,011,21464,3539,3529,1116,4645,21
2022-06-20,Contra Costa,013,1133247,218844,216355,16321,232676,1328
2022-06-20,Del Norte,015,27424,6444,6367,275,6642,52
2022-06-20,El Dorado,017,186661,29360,29139,3627,32766,215
2022-06-20,Fresno,019,978130,245040,244129,25516,269645,2772
2022-06-20,Glenn,021,27897,5181,5161,1688,6849,48
2022-06-20,Humboldt,023,135768,19250,19111,3832,22943,148
2022-06-20,Imperial,025,180216,58177,57866,11376,69242,944
2022-06-20,Inyo,027,18085,4234,4222,623,4845,56
2022-06-20,Kern,029,883053,200712,199721,49747,249468,2341
2022-06-20,Kings,031,150075,53705,53568,3627,57195,448
2022-06-20,Lake,033,64148,11470,11426,984,12410,140
2022-06-20,Lassen,035,31185,9279,9259,919,10178,64
2022-06-20,Los Angeles,037,10098052,2941969,2925667,142437,3068104,32015
2022-06-20,Madera,039,155013,39288,39139,6598,45737,372
2022-06-20,Marin,041,260295,40009,39687,4514,44201,297
2022-06-20,Mariposa,043,17540,2723,2695,252,2947,30
2022-06-20,Mendocino,045,87422,14296,14201,3653,17854,127
2022-06-20,Merced,047,269075,65452,65120,9517,74637,827
2022-06-20,Modoc,049,8938,775,773,268,1041,8
2022-06-20,Mono,051,14174,3076,3073,175,3248,7
2022-06-20,Monterey,053,433212,85282,84752,16666,101418,742
2022-06-20,Napa,055,140530,29075,28894,1240,30134,144
2022-06-20,Nevada,057,99092,17368,17280,1404,18684,129
2022-06-20,Orange,059,3164182,595172,592215,48620,640835,7084
2022-06-20,Placer,061,380077,68885,68447,8279,76726,628
2022-06-20,Plumas,063,18699,3249,3220,393,3613,13
2022-06-20,Riverside,065,2383286,625954,623584,30139,653723,6491
2022-06-20,Sacramento,067,1510023,310594,309105,30204,339309,3071
2022-06-20,San Benito,069,59416,14157,14128,669,14797,99
2022-06-20,San Bernardino,071,2135413,599369,595517,26141,621658,7774
2022-06-20,San Diego,073,3302833,822482,815124,60113,875237,5318
2022-06-20,San Francisco,075,870044,155664,154213,10206,164419,897
2022-06-20,San Joaquin,077,732212,178488,177637,11568,189205,2251
2022-06-20,San Luis Obispo,079,281455,57408,57177,5284,62461,485
2022-06-20,San Mateo,081,765935,146880,145781,9169,154950,723
2022-06-20,Santa Barbara,083,443738,94025,93576,5373,98949,700
2022-06-20,Santa Clara,085,1922200,373809,370678,16044,386722,2340
2022-06-20,Santa Cruz,087,273765,54941,54525,2649,57174,265
2022-06-20,Shasta,089,179085,31974,31786,6384,38170,570
2022-06-20,Sierra,091,2930,284,283,56,339,4
2022-06-20,Siskiyou,093,43540,4745,4711,2956,7667,81
2022-06-20,Solano,095,438530,92709,91528,6448,97976,454
2022-06-20,Sonoma,097,501317,95989,95363,4091,99454,493
2022-06-20,Stanislaus,099,539301,124519,124023,18689,142712,1670
2022-06-20,Sutter,101,95872,21679,21649,2286,23935,227
2022-06-20,Tehama,103,63373,12529,12465,2715,15180,205
2022-06-20,Trinity,105,12862,1232,1223,296,1519,20
2022-06-20,Tulare,107,460477,111045,110768,29853,140621,1496
2022-06-20,Tuolumne,109,53932,13698,13596,662,14258,189
2022-06-20,Ventura,111,848112,187561,186601,11347,197948,1514
2022-06-20,Yolo,113,214977,43025,41689,3559,45248,323
2022-06-20,Yuba,115,75493,16975,16912,1423,18335,124
2022-06-19,Alameda,001,1643700,301347,296062,16837,312899,1883
2022-06-19,Alpine,003,1148,129,129,1,130,0
2022-06-19,Amador,005,37829,9133,8985,726,9711,87
2022-06-19,Butte,007,227075,35445,34920,7594,42514,432
2022-06-19,Calaveras,009,45235,7743,7664,409,8073,122
2022-06-19,Colusa,011,21464,3534,3519,1112,4631,21
2022-06-19,Contra Costa,013,1133247,218159,213994,16253,230247,1323
2022-06-19,Del Norte,015,27424,6427,6307,272,6579,52
2022-06-19,El Dorado,017,186661,29278,28904,3611,32515,215
2022-06-19,Fresno,019,978130,244595,242214,25461,267675,2768
2022-06-19,Glenn,021,27897,5172,5131,1686,6817,48
2022-06-19,Humboldt,023,135768,19205,18885,3807,22692,148
2022-06-19,Imperial,025,180216,58054,57450,11342,68792,944
2022-06-19,Inyo,027,18085,4233,4209,622,4831,56
2022-06-19,Kern,029,883053,200351,198567,49577,248144,2340
2022-06-19,Kings,031,150075,53610,53242,3624,56866,448
2022-06-19,Lake,033,64148,11456,11318,983,12301,140
2022-06-19,Lassen,035,31185,9266,9225,919,10144,64
2022-06-19,Los Angeles,037,10098052,2937097,2909197,141880,3051077,31999
2022-06-19,Madera,039,155013,39196,38859,6578,45437,372
2022-06-19,Marin,041,260295,39882,39214,4503,43717,294
2022-06-19,Mariposa,043,17540,2716,2662,251,2913,30
2022-06-19,Mendocino,045,87422,14269,14090,3640,17730,127
2022-06-19,Merced,047,269075,65353,64734,9488,74222,827
2022-06-19,Modoc,049,8938,772,771,267,1038,8
2022-06-19,Mono,051,14174,3074,3066,174,3240,6
2022-06-19,Monterey,053,433212,85134,84032,16620,100652,744
2022-06-19,Napa,055,140530,29015,28619,1236,29855,144
2022-06-19,Nevada,057,99092,17338,17134,1396,18530,129
2022-06-19,Orange,059,3164182,593919,587176,48431,635607,7074
2022-06-19,Placer,061,380077,68766,67961,8258,76219,628
2022-06-19,Plumas,063,18699,3241,3201,393,3594,13
2022-06-19,Riverside,065,2383286,625083,619760,30090,649850,6488
2022-06-19,Sacramento,067,1510023,309866,306215,30147,336362,3072
2022-06-19,San Benito,069,59416,14138,13985,667,14652,99
2022-06-19,San Bernardino,071,2135413,598550,591926,26105,618031,7765
2022-06-19,San Diego,073,3302833,820945,815124,59995,875119,5318
2022-06-19,San Francisco,075,870044,155147,151898,10166,162064,897
2022-06-19,San Joaquin,077,732212,178166,176323,11532,187855,2251
2022-06-19,San Luis Obispo,079,281455,57273,56767,5227,61994,485
2022-06-19,San Mateo,081,765935,146431,143879,9136,153015,723
2022-06-19,Santa Barbara,083,443738,93862,92906,5357,98263,699
2022-06-19,Santa Clara,085,1922200,372637,365638,15983,381621,2328
2022-06-19,Santa Cruz,087,273765,54779,53866,2630,56496,264
2022-06-19,Shasta,089,179085,31915,31647,6373,38020,568
2022-06-19,Sierra,091,2930,284,281,56,337,4
2022-06-19,Siskiyou,093,43540,4733,4672,2950,7622,81
2022-06-19,Solano,095,438530,92455,90548,6436,96984,454
2022-06-19,Sonoma,097,501317,95748,94318,4072,98390,493
2022-06-19,Stanislaus,099,539301,124333,123264,18645,141909,1668
2022-06-19,Sutter,101,95872,21644,21501,2278,23779,227
2022-06-19,Tehama,103,63373,12520,12410,2709,15119,205
2022-06-19,Trinity,105,12862,1229,1220,296,1516,20
2022-06-19,Tulare,107,460477,110860,110041,29798,139839,1496
2022-06-19,Tuolumne,109,53932,13671,13487,662,14149,189
2022-06-19,Ventura,111,848112,187211,185219,11304,196523,1513
2022-06-19,Yolo,113,214977,42936,41135,3546,44681,323
2022-06-19,Yuba,115,75493,16944,16786,1420,18206,124
2022-06-18,Alameda,001,1643700,300882,296062,16817,312879,1883
2022-06-18,Alpine,003,1148,129,129,1,130,0
2022-06-18,Amador,005,37829,9126,8985,722,9707,87
2022-06-18,Butte,007,227075,35393,34920,7583,42503,432
2022-06-18,Calaveras,009,45235,7731,7664,409,8073,122
2022-06-18,Colusa,011,21464,3531,3519,1112,4631,21
2022-06-18,Contra Costa,013,1133247,217847,213994,16224,230218,1323
2022-06-18,Del Norte,015,27424,6421,6307,271,6578,52
2022-06-18,El Dorado,017,186661,29249,28904,3608,32512,215
2022-06-18,Fresno,019,978130,244394,242214,25445,267659,2768
2022-06-18,Glenn,021,27897,5169,5131,1684,6815,48
2022-06-18,Humboldt,023,135768,19176,18885,3800,22685,148
2022-06-18,Imperial,025,180216,57984,57450,11329,68779,944
2022-06-18,Inyo,027,18085,4232,4209,621,4830,56
2022-06-18,Kern,029,883053,200228,198567,49491,248058,2340
2022-06-18,Kings,031,150075,53574,53242,3623,56865,448
2022-06-18,Lake,033,64148,11445,11318,981,12299,140
2022-06-18,Lassen,035,31185,9262,9225,919,10144,64
2022-06-18,Los Angeles,037,10098052,2934671,2909197,141589,3050786,31999
2022-06-18,Madera,039,155013,39172,38859,6572,45431,372
2022-06-18,Marin,041,260295,39817,39214,4493,43707,294
2022-06-18,Mariposa,043,17540,2711,2662,251,2913,30
2022-06-18,Mendocino,045,87422,14247,14090,3637,17727,127
2022-06-18,Merced,047,269075,65290,64734,9479,74213,827
2022-06-18,Modoc,049,8938,772,771,267,1038,8
2022-06-18,Mono,051,14174,3073,3066,174,3240,6
2022-06-18,Monterey,053,433212,85043,84032,16591,100623,744
2022-06-18,Napa,055,140530,28990,28619,1235,29854,144
2022-06-18,Nevada,057,99092,17326,17134,1395,18529,129
2022-06-18,Orange,059,3164182,593303,587176,48320,635496,7074
2022-06-18,Placer,061,380077,68701,67961,8245,76206,628
2022-06-18,Plumas,063,18699,3233,3201,393,3594,13
2022-06-18,Riverside,065,2383286,624549,619760,30074,649834,6488
2022-06-18,Sacramento,067,1510023,309552,306215,30125,336340,3072
2022-06-18,San Benito,069,59416,14123,13985,660,14645,99
2022-06-18,San Bernardino,071,2135413,598120,591926,26085,618011,7765
2022-06-18,San Diego,073,3302833,820226,815124,59952,875076,5318
2022-06-18,San Francisco,075,870044,154814,151898,10146,162044,897
2022-06-18,San Joaquin,077,732212,178003,176323,11524,187847,2251
2022-06-18,San Luis Obispo,079,281455,57228,56767,5219,61986,485
2022-06-18,San Mateo,081,765935,146164,143879,9113,152992,723
2022-06-18,Santa Barbara,083,443738,93751,92906,5347,98253,699
2022-06-18,Santa Clara,085,1922200,371879,365638,15939,381577,2328
2022-06-18,Santa Cruz,087,273765,54703,53866,2620,56486,264
2022-06-18,Shasta,089,179085,31894,31647,6370,38017,568
2022-06-18,Sierra,091,2930,284,281,56,337,4
2022-06-18,Siskiyou,093,43540,4725,4672,2946,7618,81
2022-06-18,Solano,095,438530,92372,90548,6427,96975,454
2022-06-18,Sonoma,097,501317,95612,94318,4054,98372,493
2022-06-18,Stanislaus,099,539301,124225,123264,18628,141892,1668
2022-06-18,Sutter,101,95872,21623,21501,2275,23776,227
2022-06-18,Tehama,103,63373,12511,12410,2705,15115,205
2022-06-18,Trinity,105,12862,1228,1220,296,1516,20
2022-06-18,Tulare,107,460477,110778,110041,29757,139798,1496
2022-06-18,Tuolumne,109,53932,13649,13487,659,14146,189
2022-06-18,Ventura,111,848112,187037,185219,11282,196501,1513
2022-06-18,Yolo,113,214977,42867,41135,3541,44676,323
2022-06-18,Yuba,115,75493,16931,16786,1420,18206,124
2022-06-17,Alameda,001,1643700,300406,296062,16792,312854,1883
2022-06-17,Alpine,003,1148,129,129,1,130,0
2022-06-17,Amador,005,37829,9117,8985,722,9707,87
2022-06-17,Butte,007,227075,35361,34920,7573,42493,432
2022-06-17,Calaveras,009,45235,7723,7664,409,8073,122
2022-06-17,Colusa,011,21464,3530,3519,1107,4626,21
2022-06-17,Contra Costa,013,1133247,217551,213994,16199,230193,1323
2022-06-17,Del Norte,015,27424,6407,6307,271,6578,52
2022-06-17,El Dorado,017,186661,29218,28904,3604,32508,215
2022-06-17,Fresno,019,978130,244152,242214,25419,267633,2768
2022-06-17,Glenn,021,27897,5168,5131,1679,6810,48
2022-06-17,Humboldt,023,135768,19149,18885,3796,22681,148
2022-06-17,Imperial,025,180216,57932,57450,11317,68767,944
2022-06-17,Inyo,027,18085,4228,4209,615,4824,56
2022-06-17,Kern,029,883053,200076,198567,49450,248017,2340
2022-06-17,Kings,031,150075,53547,53242,3622,56864,448
2022-06-17,Lake,033,64148,11437,11318,980,12298,140
2022-06-17,Lassen,035,31185,9261,9225,918,10143,64
2022-06-17,Los Angeles,037,10098052,2931831,2909197,141290,3050487,31999
2022-06-17,Madera,039,155013,39147,38859,6566,45425,372
2022-06-17,Marin,041,260295,39722,39214,4481,43695,294
2022-06-17,Mariposa,043,17540,2708,2662,251,2913,30
2022-06-17,Mendocino,045,87422,14231,14090,3634,17724,127
2022-06-17,Merced,047,269075,65233,64734,9474,74208,827
2022-06-17,Modoc,049,8938,772,771,267,1038,8
2022-06-17,Mono,051,14174,3073,3066,174,3240,6
2022-06-17,Monterey,053,433212,84953,84032,16561,100593,744
2022-06-17,Napa,055,140530,28952,28619,1234,29853,144
2022-06-17,Nevada,057,99092,17307,17134,1390,18524,129
2022-06-17,Orange,059,3164182,592622,587176,48189,635365,7074
2022-06-17,Placer,061,380077,68641,67961,8235,76196,628
2022-06-17,Plumas,063,18699,3232,3201,392,3593,13
2022-06-17,Riverside,065,2383286,623996,619760,30038,649798,6488
2022-06-17,Sacramento,067,1510023,309162,306215,30105,336320,3072
2022-06-17,San Benito,069,59416,14111,13985,660,14645,99
2022-06-17,San Bernardino,071,2135413,597682,591926,26055,617981,7765
2022-06-17,San Diego,073,3302833,819262,815124,59847,874971,5318
2022-06-17,San Francisco,075,870044,154495,151898,10111,162009,897
2022-06-17,San Joaquin,077,732212,177854,176323,11514,187837,2251
2022-06-17,San Luis Obispo,079,281455,57191,56767,5213,61980,485
2022-06-17,San Mateo,081,765935,145863,143879,9095,152974,723
2022-06-17,Santa Barbara,083,443738,93646,92906,5335,98241,699
2022-06-17,Santa Clara,085,1922200,371052,365638,15906,381544,2328
2022-06-17,Santa Cruz,087,273765,54637,53866,2615,56481,264
2022-06-17,Shasta,089,179085,31868,31647,6362,38009,568
2022-06-17,Sierra,091,2930,284,281,56,337,4
2022-06-17,Siskiyou,093,43540,4718,4672,2946,7618,81
2022-06-17,Solano,095,438530,92227,90548,6416,96964,454
2022-06-17,Sonoma,097,501317,95446,94318,4038,98356,493
2022-06-17,Stanislaus,099,539301,124128,123264,18619,141883,1668
2022-06-17,Sutter,101,95872,21601,21501,2269,23770,227
2022-06-17,Tehama,103,63373,12496,12410,2702,15112,205
2022-06-17,Trinity,105,12862,1228,1220,296,1516,20
2022-06-17,Tulare,107,460477,110697,110041,29720,139761,1496
2022-06-17,Tuolumne,109,53932,13636,13487,658,14145,189
2022-06-17,Ventura,111,848112,186857,185219,11262,196481,1513
2022-06-17,Yolo,113,214977,42784,41135,3529,44664,323
2022-06-17,Yuba,115,75493,16924,16786,1417,18203,124
2022-06-16,Alameda,001,1643700,299595,296062,16727,312789,1883
2022-06-16,Alpine,003,1148,129,129,1,130,0
2022-06-16,Amador,005,37829,9110,8985,718,9703,87
2022-06-16,Butte,007,227075,35286,34920,7558,42478,432
2022-06-16,Calaveras,009,45235,7711,7664,408,8072,122
2022-06-16,Colusa,011,21464,3528,3519,1106,4625,21
2022-06-16,Contra Costa,013,1133247,217090,213994,16148,230142,1323
2022-06-16,Del Norte,015,27424,6393,6307,270,6577,52
2022-06-16,El Dorado,017,186661,29166,28904,3592,32496,215
2022-06-16,Fresno,019,978130,243782,242214,25363,267577,2768
2022-06-16,Glenn,021,27897,5160,5131,1675,6806,48
2022-06-16,Humboldt,023,135768,19119,18885,3782,22667,148
2022-06-16,Imperial,025,180216,57832,57450,11288,68738,944
2022-06-16,Inyo,027,18085,4227,4209,612,4821,56
2022-06-16,Kern,029,883053,199865,198567,49335,247902,2340
2022-06-16,Kings,031,150075,53480,53242,3618,56860,448
2022-06-16,Lake,033,64148,11421,11318,980,12298,140
2022-06-16,Lassen,035,31185,9254,9225,918,10143,64
2022-06-16,Los Angeles,037,10098052,2927850,2909197,140935,3050132,31999
2022-06-16,Madera,039,155013,39117,38859,6557,45416,372
2022-06-16,Marin,041,260295,39624,39214,4468,43682,294
2022-06-16,Mariposa,043,17540,2700,2662,250,2912,30
2022-06-16,Mendocino,045,87422,14202,14090,3625,17715,127
2022-06-16,Merced,047,269075,65158,64734,9455,74189,827
2022-06-16,Modoc,049,8938,772,771,267,1038,8
2022-06-16,Mono,051,14174,3072,3066,173,3239,6
2022-06-16,Monterey,053,433212,84804,84032,16507,100539,744
2022-06-16,Napa,055,140530,28908,28619,1231,29850,144
2022-06-16,Nevada,057,99092,17284,17134,1385,18519,129
2022-06-16,Orange,059,3164182,591594,587176,48054,635230,7074
2022-06-16,Placer,061,380077,68557,67961,8213,76174,628
2022-06-16,Plumas,063,18699,3225,3201,391,3592,13
2022-06-16,Riverside,065,2383286,623249,619760,29994,649754,6488
2022-06-16,Sacramento,067,1510023,308579,306215,30072,336287,3072
2022-06-16,San Benito,069,59416,14087,13985,658,14643,99
2022-06-16,San Bernardino,071,2135413,597025,591926,26022,617948,7765
2022-06-16,San Diego,073,3302833,817736,815124,59685,874809,5318
2022-06-16,San Francisco,075,870044,154043,151898,10072,161970,897
2022-06-16,San Joaquin,077,732212,177603,176323,11498,187821,2251
2022-06-16,San Luis Obispo,079,281455,57113,56767,5194,61961,485
2022-06-16,San Mateo,081,765935,145500,143879,9080,152959,723
2022-06-16,Santa Barbara,083,443738,93498,92906,5321,98227,699
2022-06-16,Santa Clara,085,1922200,370110,365638,15857,381495,2328
2022-06-16,Santa Cruz,087,273765,54505,53866,2603,56469,264
2022-06-16,Shasta,089,179085,31838,31647,6351,37998,568
2022-06-16,Sierra,091,2930,283,281,56,337,4
2022-06-16,Siskiyou,093,43540,4709,4672,2937,7609,81
2022-06-16,Solano,095,438530,92035,90548,6404,96952,454
2022-06-16,Sonoma,097,501317,95261,94318,4022,98340,493
2022-06-16,Stanislaus,099,539301,123968,123264,18603,141867,1668
2022-06-16,Sutter,101,95872,21576,21501,2267,23768,227
2022-06-16,Tehama,103,63373,12477,12410,2700,15110,205
2022-06-16,Trinity,105,12862,1226,1220,293,1513,20
2022-06-16,Tulare,107,460477,110564,110041,29677,139718,1496
2022-06-16,Tuolumne,109,53932,13612,13487,654,14141,189
2022-06-16,Ventura,111,848112,186586,185219,11218,196437,1513
2022-06-16,Yolo,113,214977,42693,41135,3518,44653,323
2022-06-16,Yuba,115,75493,16900,16786,1413,18199,124
2022-06-15,Alameda,001,1643700,298791,295002,16669,311671,1880
2022-06-15,Alpine,003,1148,129,129,1,130,0
2022-06-15,Amador,005,37829,9102,8972,718,9690,87
2022-06-15,Butte,007,227075,35222,34841,7539,42380,430
2022-06-15,Calaveras,009,45235,7708,7648,406,8054,122
2022-06-15,Colusa,011,21464,3524,3515,1104,4619,21
2022-06-15,Contra Costa,013,1133247,216637,213219,16107,229326,1321
2022-06-15,Del Norte,015,27424,6382,6298,269,6567,52
2022-06-15,El Dorado,017,186661,29112,28829,3579,32408,215
2022-06-15,Fresno,019,978130,243419,241768,25319,267087,2767
2022-06-15,Glenn,021,27897,5155,5128,1667,6795,48
2022-06-15,Humboldt,023,135768,19081,18836,3757,22593,148
2022-06-15,Imperial,025,180216,57749,57373,11265,68638,941
2022-06-15,Inyo,027,18085,4225,4205,611,4816,56
2022-06-15,Kern,029,883053,199601,198216,49228,247444,2338
2022-06-15,Kings,031,150075,53426,53170,3616,56786,448
2022-06-15,Lake,033,64148,11403,11303,976,12279,140
2022-06-15,Lassen,035,31185,9250,9209,917,10126,64
2022-06-15,Los Angeles,037,10098052,2923553,2897298,140580,3037878,31971
2022-06-15,Madera,039,155013,39073,38776,6541,45317,372
2022-06-15,Marin,041,260295,39535,39027,4461,43488,294
2022-06-15,Mariposa,043,17540,2696,2651,248,2899,30
2022-06-15,Mendocino,045,87422,14176,14052,3622,17674,127
2022-06-15,Merced,047,269075,65077,64595,9443,74038,825
2022-06-15,Modoc,049,8938,771,772,267,1039,8
2022-06-15,Mono,051,14174,3072,3060,172,3232,6
2022-06-15,Monterey,053,433212,84665,83837,16467,100304,741
2022-06-15,Napa,055,140530,28848,28518,1224,29742,144
2022-06-15,Nevada,057,99092,17259,17107,1381,18488,127
2022-06-15,Orange,059,3164182,590557,585496,47885,633381,7067
2022-06-15,Placer,061,380077,68435,67805,8196,76001,628
2022-06-15,Plumas,063,18699,3220,3185,389,3574,13
2022-06-15,Riverside,065,2383286,622526,618584,29942,648526,6482
2022-06-15,Sacramento,067,1510023,307984,305361,30025,335386,3059
2022-06-15,San Benito,069,59416,14050,13953,651,14604,99
2022-06-15,San Bernardino,071,2135413,596372,590328,25985,616313,7735
2022-06-15,San Diego,073,3302833,816183,811093,59519,870612,5316
2022-06-15,San Francisco,075,870044,153605,151170,10047,161217,890
2022-06-15,San Joaquin,077,732212,177360,175966,11467,187433,2244
2022-06-15,San Luis Obispo,079,281455,57028,56535,5157,61692,486
2022-06-15,San Mateo,081,765935,145104,143277,9064,152341,722
2022-06-15,Santa Barbara,083,443738,93365,92710,5314,98024,698
2022-06-15,Santa Clara,085,1922200,369109,364014,15821,379835,2323
2022-06-15,Santa Cruz,087,273765,54390,53718,2598,56316,265
2022-06-15,Shasta,089,179085,31798,31598,6344,37942,568
2022-06-15,Sierra,091,2930,281,280,56,336,4
2022-06-15,Siskiyou,093,43540,4698,4656,2927,7583,81
2022-06-15,Solano,095,438530,91817,90265,6396,96661,453
2022-06-15,Sonoma,097,501317,95067,94041,4011,98052,492
2022-06-15,Stanislaus,099,539301,123825,122944,18580,141524,1668
2022-06-15,Sutter,101,95872,21548,21448,2262,23710,227
2022-06-15,Tehama,103,63373,12469,12392,2694,15086,205
2022-06-15,Trinity,105,12862,1225,1217,291,1508,20
2022-06-15,Tulare,107,460477,110458,109930,29643,139573,1495
2022-06-15,Tuolumne,109,53932,13601,13459,654,14113,189
2022-06-15,Ventura,111,848112,186311,184750,11172,195922,1509
2022-06-15,Yolo,113,214977,42588,40756,3503,44259,322
2022-06-15,Yuba,115,75493,16875,16754,1408,18162,124
2022-06-14,Alameda,001,1643700,298083,295002,16618,311620,1880
2022-06-14,Alpine,003,1148,129,129,1,130,0
2022-06-14,Amador,005,37829,9086,8972,713,9685,87
2022-06-14,Butte,007,227075,35169,34841,7524,42365,430
2022-06-14,Calaveras,009,45235,7698,7648,405,8053,122
2022-06-14,Colusa,011,21464,3522,3515,1103,4618,21
2022-06-14,Contra Costa,013,1133247,216110,213219,16048,229267,1321
2022-06-14,Del Norte,015,27424,6374,6298,266,6564,52
2022-06-14,El Dorado,017,186661,29060,28829,3571,32400,215
2022-06-14,Fresno,019,978130,243027,241768,25265,267033,2767
2022-06-14,Glenn,021,27897,5147,5128,1664,6792,48
2022-06-14,Humboldt,023,135768,19031,18836,3740,22576,148
2022-06-14,Imperial,025,180216,57674,57373,11235,68608,941
2022-06-14,Inyo,027,18085,4220,4205,610,4815,56
2022-06-14,Kern,029,883053,199342,198216,49112,247328,2338
2022-06-14,Kings,031,150075,53356,53170,3614,56784,448
2022-06-14,Lake,033,64148,11377,11303,975,12278,140
2022-06-14,Lassen,035,31185,9244,9209,914,10123,64
2022-06-14,Los Angeles,037,10098052,2919034,2897298,140161,3037459,31971
2022-06-14,Madera,039,155013,39019,38776,6533,45309,372
2022-06-14,Marin,041,260295,39426,39027,4450,43477,294
2022-06-14,Mariposa,043,17540,2685,2651,247,2898,30
2022-06-14,Mendocino,045,87422,14148,14052,3610,17662,127
2022-06-14,Merced,047,269075,64995,64595,9418,74013,825
2022-06-14,Modoc,049,8938,771,772,266,1038,8
2022-06-14,Mono,051,14174,3072,3060,171,3231,6
2022-06-14,Monterey,053,433212,84526,83837,16421,100258,741
2022-06-14,Napa,055,140530,28786,28518,1223,29741,144
2022-06-14,Nevada,057,99092,17227,17107,1376,18483,127
2022-06-14,Orange,059,3164182,589425,585496,47725,633221,7067
2022-06-14,Placer,061,380077,68310,67805,8181,75986,628
2022-06-14,Plumas,063,18699,3215,3185,389,3574,13
2022-06-14,Riverside,065,2383286,621745,618584,29907,648491,6482
2022-06-14,Sacramento,067,1510023,307357,305361,29944,335305,3059
2022-06-14,San Benito,069,59416,14015,13953,649,14602,99
2022-06-14,San Bernardino,071,2135413,595657,590328,25948,616276,7735
2022-06-14,San Diego,073,3302833,814468,811093,59366,870459,5316
2022-06-14,San Francisco,075,870044,153116,151170,10022,161192,890
2022-06-14,San Joaquin,077,732212,177091,175966,11433,187399,2244
2022-06-14,San Luis Obispo,079,281455,56919,56535,5109,61644,486
2022-06-14,San Mateo,081,765935,144726,143277,9051,152328,722
2022-06-14,Santa Barbara,083,443738,93229,92710,5299,98009,698
2022-06-14,Santa Clara,085,1922200,368042,364014,15774,379788,2323
2022-06-14,Santa Cruz,087,273765,54265,53718,2587,56305,265
2022-06-14,Shasta,089,179085,31768,31598,6336,37934,568
2022-06-14,Sierra,091,2930,281,280,56,336,4
2022-06-14,Siskiyou,093,43540,4688,4656,2921,7577,81
2022-06-14,Solano,095,438530,91558,90265,6376,96641,453
2022-06-14,Sonoma,097,501317,94856,94041,3998,98039,492
2022-06-14,Stanislaus,099,539301,123646,122944,18551,141495,1668
2022-06-14,Sutter,101,95872,21510,21448,2258,23706,227
2022-06-14,Tehama,103,63373,12451,12392,2693,15085,205
2022-06-14,Trinity,105,12862,1224,1217,291,1508,20
2022-06-14,Tulare,107,460477,110315,109930,29597,139527,1495
2022-06-14,Tuolumne,109,53932,13581,13459,650,14109,189
2022-06-14,Ventura,111,848112,186018,184750,11135,195885,1509
2022-06-14,Yolo,113,214977,42481,40756,3492,44248,322
2022-06-14,Yuba,115,75493,16845,16754,1405,18159,124
2022-06-13,Alameda,001,1643700,297257,295002,16569,311571,1880
2022-06-13,Alpine,003,1148,129,129,1,130,0
2022-06-13,Amador,005,37829,9079,8972,711,9683,87
2022-06-13,Butte,007,227075,35094,34841,7499,42340,430
2022-06-13,Calaveras,009,45235,7679,7648,405,8053,122
2022-06-13,Colusa,011,21464,3522,3515,1100,4615,21
2022-06-13,Contra Costa,013,1133247,215532,213219,15981,229200,1321
2022-06-13,Del Norte,015,27424,6362,6298,262,6560,52
2022-06-13,El Dorado,017,186661,29010,28829,3559,32388,215
2022-06-13,Fresno,019,978130,242607,241768,25213,266981,2767
2022-06-13,Glenn,021,27897,5143,5128,1660,6788,48
2022-06-13,Humboldt,023,135768,18977,18836,3716,22552,148
2022-06-13,Imperial,025,180216,57574,57373,11192,68565,941
2022-06-13,Inyo,027,18085,4216,4205,605,4810,56
2022-06-13,Kern,029,883053,199074,198216,48977,247193,2338
2022-06-13,Kings,031,150075,53291,53170,3610,56780,448
2022-06-13,Lake,033,64148,11352,11303,974,12277,140
2022-06-13,Lassen,035,31185,9236,9209,911,10120,64
2022-06-13,Los Angeles,037,10098052,2914476,2897298,139771,3037069,31971
2022-06-13,Madera,039,155013,38952,38776,6515,45291,372
2022-06-13,Marin,041,260295,39319,39027,4422,43449,294
2022-06-13,Mariposa,043,17540,2672,2651,246,2897,30
2022-06-13,Mendocino,045,87422,14124,14052,3594,17646,127
2022-06-13,Merced,047,269075,64918,64595,9392,73987,825
2022-06-13,Modoc,049,8938,770,772,266,1038,8
2022-06-13,Mono,051,14174,3070,3060,171,3231,6
2022-06-13,Monterey,053,433212,84393,83837,16370,100207,741
2022-06-13,Napa,055,140530,28716,28518,1219,29737,144
2022-06-13,Nevada,057,99092,17196,17107,1373,18480,127
2022-06-13,Orange,059,3164182,588181,585496,47548,633044,7067
2022-06-13,Placer,061,380077,68214,67805,8159,75964,628
2022-06-13,Plumas,063,18699,3210,3185,388,3573,13
2022-06-13,Riverside,065,2383286,621004,618584,29872,648456,6482
2022-06-13,Sacramento,067,1510023,306682,305361,29880,335241,3059
2022-06-13,San Benito,069,59416,13988,13953,643,14596,99
2022-06-13,San Bernardino,071,2135413,594865,590328,25925,616253,7735
2022-06-13,San Diego,073,3302833,812756,811093,59263,870356,5316
2022-06-13,San Francisco,075,870044,152565,151170,10004,161174,890
2022-06-13,San Joaquin,077,732212,176828,175966,11396,187362,2244
2022-06-13,San Luis Obispo,079,281455,56818,56535,5058,61593,486
2022-06-13,San Mateo,081,765935,144296,143277,9029,152306,722
2022-06-13,Santa Barbara,083,443738,93100,92710,5286,97996,698
2022-06-13,Santa Clara,085,1922200,367029,364014,15722,379736,2323
2022-06-13,Santa Cruz,087,273765,54127,53718,2580,56298,265
2022-06-13,Shasta,089,179085,31734,31598,6329,37927,568
2022-06-13,Sierra,091,2930,281,280,56,336,4
2022-06-13,Siskiyou,093,43540,4684,4656,2913,7569,81
2022-06-13,Solano,095,438530,91321,90265,6351,96616,453
2022-06-13,Sonoma,097,501317,94627,94041,3978,98019,492
2022-06-13,Stanislaus,099,539301,123476,122944,18532,141476,1668
2022-06-13,Sutter,101,95872,21482,21448,2254,23702,227
2022-06-13,Tehama,103,63373,12431,12392,2690,15082,205
2022-06-13,Trinity,105,12862,1222,1217,291,1508,20
2022-06-13,Tulare,107,460477,110164,109930,29547,139477,1495
2022-06-13,Tuolumne,109,53932,13559,13459,647,14106,189
2022-06-13,Ventura,111,848112,185726,184750,11083,195833,1509
2022-06-13,Yolo,113,214977,42343,40756,3480,44236,322
2022-06-13,Yuba,115,75493,16827,16754,1401,18155,124
2022-06-12,Alameda,001,1643700,296441,292112,16510,308622,1877
2022-06-12,Alpine,003,1148,129,129,1,130,0
2022-06-12,Amador,005,37829,9056,8869,710,9579,87
2022-06-12,Butte,007,227075,35036,34596,7478,42074,427
2022-06-12,Calaveras,009,45235,7665,7604,402,8006,122
2022-06-12,Colusa,011,21464,3521,3505,1099,4604,21
2022-06-12,Contra Costa,013,1133247,214945,211229,15909,227138,1315
2022-06-12,Del Norte,015,27424,6348,6253,262,6515,52
2022-06-12,El Dorado,017,186661,28949,28641,3542,32183,215
2022-06-12,Fresno,019,978130,242147,240345,25162,265507,2766
2022-06-12,Glenn,021,27897,5139,5104,1658,6762,48
2022-06-12,Humboldt,023,135768,18911,18696,3680,22376,148
2022-06-12,Imperial,025,180216,57497,57129,11148,68277,941
2022-06-12,Inyo,027,18085,4214,4194,604,4798,56
2022-06-12,Kern,029,883053,198793,197353,48856,246209,2338
2022-06-12,Kings,031,150075,53213,52978,3605,56583,447
2022-06-12,Lake,033,64148,11328,11202,973,12175,139
2022-06-12,Lassen,035,31185,9218,9172,909,10081,64
2022-06-12,Los Angeles,037,10098052,2909536,2878981,139290,3018271,31947
2022-06-12,Madera,039,155013,38859,38567,6491,45058,372
2022-06-12,Marin,041,260295,39211,38593,4398,42991,294
2022-06-12,Mariposa,043,17540,2666,2625,245,2870,30
2022-06-12,Mendocino,045,87422,14101,13945,3588,17533,127
2022-06-12,Merced,047,269075,64803,64286,9363,73649,825
2022-06-12,Modoc,049,8938,770,767,266,1033,8
2022-06-12,Mono,051,14174,3066,3052,170,3222,6
2022-06-12,Monterey,053,433212,84237,83391,16292,99683,739
2022-06-12,Napa,055,140530,28654,28202,1210,29412,143
2022-06-12,Nevada,057,99092,17153,16989,1367,18356,127
2022-06-12,Orange,059,3164182,586905,581624,47365,628989,7057
2022-06-12,Placer,061,380077,68101,67306,8135,75441,628
2022-06-12,Plumas,063,18699,3204,3172,387,3559,13
2022-06-12,Riverside,065,2383286,620060,615556,29804,645360,6481
2022-06-12,Sacramento,067,1510023,305946,302721,29779,332500,3058
2022-06-12,San Benito,069,59416,13953,13832,637,14469,99
2022-06-12,San Bernardino,071,2135413,593949,587385,25878,613263,7708
2022-06-12,San Diego,073,3302833,811022,805360,59129,864489,5315
2022-06-12,San Francisco,075,870044,152005,149278,9958,159236,890
2022-06-12,San Joaquin,077,732212,176474,174822,11370,186192,2244
2022-06-12,San Luis Obispo,079,281455,56681,56160,4997,61157,485
2022-06-12,San Mateo,081,765935,143835,141719,8987,150706,715
2022-06-12,Santa Barbara,083,443738,92927,92177,5272,97449,694
2022-06-12,Santa Clara,085,1922200,365851,359925,15675,375600,2322
2022-06-12,Santa Cruz,087,273765,53966,53171,2575,55746,264
2022-06-12,Shasta,089,179085,31687,31483,6315,37798,566
2022-06-12,Sierra,091,2930,281,278,56,334,4
2022-06-12,Siskiyou,093,43540,4676,4633,2908,7541,81
2022-06-12,Solano,095,438530,91030,89424,6332,95756,453
2022-06-12,Sonoma,097,501317,94375,93218,3955,97173,492
2022-06-12,Stanislaus,099,539301,123277,122267,18495,140762,1665
2022-06-12,Sutter,101,95872,21441,21333,2238,23571,227
2022-06-12,Tehama,103,63373,12413,12343,2685,15028,205
2022-06-12,Trinity,105,12862,1219,1213,291,1504,20
2022-06-12,Tulare,107,460477,109961,109467,29481,138948,1495
2022-06-12,Tuolumne,109,53932,13531,13382,645,14027,189
2022-06-12,Ventura,111,848112,185368,183680,11038,194718,1508
2022-06-12,Yolo,113,214977,42222,40202,3475,43677,323
2022-06-12,Yuba,115,75493,16799,16653,1393,18046,123
2022-06-11,Alameda,001,1643700,296025,292112,16487,308599,1877
2022-06-11,Alpine,003,1148,129,129,1,130,0
2022-06-11,Amador,005,37829,9042,8869,710,9579,87
2022-06-11,Butte,007,227075,35001,34596,7462,42058,427
2022-06-11,Calaveras,009,45235,7658,7604,401,8005,122
2022-06-11,Colusa,011,21464,3519,3505,1098,4603,21
2022-06-11,Contra Costa,013,1133247,214634,211229,15873,227102,1315
2022-06-11,Del Norte,015,27424,6340,6253,262,6515,52
2022-06-11,El Dorado,017,186661,28930,28641,3540,32181,215
2022-06-11,Fresno,019,978130,241953,240345,25143,265488,2766
2022-06-11,Glenn,021,27897,5137,5104,1658,6762,48
2022-06-11,Humboldt,023,135768,18888,18696,3672,22368,148
2022-06-11,Imperial,025,180216,57440,57129,11134,68263,941
2022-06-11,Inyo,027,18085,4214,4194,602,4796,56
2022-06-11,Kern,029,883053,198671,197353,48783,246136,2338
2022-06-11,Kings,031,150075,53181,52978,3604,56582,447
2022-06-11,Lake,033,64148,11320,11202,970,12172,139
2022-06-11,Lassen,035,31185,9213,9172,908,10080,64
2022-06-11,Los Angeles,037,10098052,2907199,2878981,139001,3017982,31947
2022-06-11,Madera,039,155013,38838,38567,6489,45056,372
2022-06-11,Marin,041,260295,39134,38593,4364,42957,294
2022-06-11,Mariposa,043,17540,2662,2625,244,2869,30
2022-06-11,Mendocino,045,87422,14090,13945,3584,17529,127
2022-06-11,Merced,047,269075,64755,64286,9359,73645,825
2022-06-11,Modoc,049,8938,770,767,266,1033,8
2022-06-11,Mono,051,14174,3066,3052,170,3222,6
2022-06-11,Monterey,053,433212,84154,83391,16260,99651,739
2022-06-11,Napa,055,140530,28615,28202,1206,29408,143
2022-06-11,Nevada,057,99092,17140,16989,1365,18354,127
2022-06-11,Orange,059,3164182,586263,581624,47230,628854,7057
2022-06-11,Placer,061,380077,68013,67306,8126,75432,628
2022-06-11,Plumas,063,18699,3201,3172,387,3559,13
2022-06-11,Riverside,065,2383286,619534,615556,29775,645331,6481
2022-06-11,Sacramento,067,1510023,305640,302721,29744,332465,3058
2022-06-11,San Benito,069,59416,13943,13832,634,14466,99
2022-06-11,San Bernardino,071,2135413,593529,587385,25855,613240,7708
2022-06-11,San Diego,073,3302833,810319,805360,59086,864446,5315
2022-06-11,San Francisco,075,870044,151684,149278,9938,159216,890
2022-06-11,San Joaquin,077,732212,176319,174822,11352,186174,2244
2022-06-11,San Luis Obispo,079,281455,56647,56160,4988,61148,485
2022-06-11,San Mateo,081,765935,143612,141719,8965,150684,715
2022-06-11,Santa Barbara,083,443738,92861,92177,5259,97436,694
2022-06-11,Santa Clara,085,1922200,365090,359925,15636,375561,2322
2022-06-11,Santa Cruz,087,273765,53911,53171,2561,55732,264
2022-06-11,Shasta,089,179085,31671,31483,6309,37792,566
2022-06-11,Sierra,091,2930,281,278,56,334,4
2022-06-11,Siskiyou,093,43540,4670,4633,2900,7533,81
2022-06-11,Solano,095,438530,90941,89424,6323,95747,453
2022-06-11,Sonoma,097,501317,94268,93218,3931,97149,492
2022-06-11,Stanislaus,099,539301,123174,122267,18475,140742,1665
2022-06-11,Sutter,101,95872,21424,21333,2236,23569,227
2022-06-11,Tehama,103,63373,12406,12343,2685,15028,205
2022-06-11,Trinity,105,12862,1219,1213,291,1504,20
2022-06-11,Tulare,107,460477,109880,109467,29451,138918,1495
2022-06-11,Tuolumne,109,53932,13505,13382,644,14026,189
2022-06-11,Ventura,111,848112,185190,183680,11007,194687,1508
2022-06-11,Yolo,113,214977,42158,40202,3469,43671,323
2022-06-11,Yuba,115,75493,16780,16653,1389,18042,123
2022-06-10,Alameda,001,1643700,295554,292112,16463,308575,1877
2022-06-10,Alpine,003,1148,129,129,1,130,0
2022-06-10,Amador,005,37829,9029,8869,709,9578,87
2022-06-10,Butte,007,227075,34969,34596,7451,42047,427
2022-06-10,Calaveras,009,45235,7653,7604,400,8004,122
2022-06-10,Colusa,011,21464,3514,3505,1097,4602,21
2022-06-10,Contra Costa,013,1133247,214366,211229,15842,227071,1315
2022-06-10,Del Norte,015,27424,6334,6253,261,6514,52
2022-06-10,El Dorado,017,186661,28901,28641,3536,32177,215
2022-06-10,Fresno,019,978130,241724,240345,25120,265465,2766
2022-06-10,Glenn,021,27897,5135,5104,1655,6759,48
2022-06-10,Humboldt,023,135768,18866,18696,3665,22361,148
2022-06-10,Imperial,025,180216,57394,57129,11131,68260,941
2022-06-10,Inyo,027,18085,4213,4194,599,4793,56
2022-06-10,Kern,029,883053,198525,197353,48692,246045,2338
2022-06-10,Kings,031,150075,53160,52978,3603,56581,447
2022-06-10,Lake,033,64148,11305,11202,969,12171,139
2022-06-10,Lassen,035,31185,9210,9172,906,10078,64
2022-06-10,Los Angeles,037,10098052,2904481,2878981,138731,3017712,31947
2022-06-10,Madera,039,155013,38810,38567,6481,45048,372
2022-06-10,Marin,041,260295,39039,38593,4337,42930,294
2022-06-10,Mariposa,043,17540,2658,2625,243,2868,30
2022-06-10,Mendocino,045,87422,14072,13945,3576,17521,127
2022-06-10,Merced,047,269075,64712,64286,9354,73640,825
2022-06-10,Modoc,049,8938,770,767,266,1033,8
2022-06-10,Mono,051,14174,3066,3052,169,3221,6
2022-06-10,Monterey,053,433212,84063,83391,16220,99611,739
2022-06-10,Napa,055,140530,28584,28202,1205,29407,143
2022-06-10,Nevada,057,99092,17127,16989,1364,18353,127
2022-06-10,Orange,059,3164182,585602,581624,47116,628740,7057
2022-06-10,Placer,061,380077,67943,67306,8108,75414,628
2022-06-10,Plumas,063,18699,3197,3172,387,3559,13
2022-06-10,Riverside,065,2383286,619014,615556,29746,645302,6481
2022-06-10,Sacramento,067,1510023,305244,302721,29721,332442,3058
2022-06-10,San Benito,069,59416,13929,13832,633,14465,99
2022-06-10,San Bernardino,071,2135413,593125,587385,25824,613209,7708
2022-06-10,San Diego,073,3302833,809401,805360,59054,864414,5315
2022-06-10,San Francisco,075,870044,151363,149278,9899,159177,890
2022-06-10,San Joaquin,077,732212,176204,174822,11337,186159,2244
2022-06-10,San Luis Obispo,079,281455,56612,56160,4981,61141,485
2022-06-10,San Mateo,081,765935,143359,141719,8952,150671,715
2022-06-10,Santa Barbara,083,443738,92762,92177,5255,97432,694
2022-06-10,Santa Clara,085,1922200,364345,359925,15602,375527,2322
2022-06-10,Santa Cruz,087,273765,53812,53171,2552,55723,264
2022-06-10,Shasta,089,179085,31651,31483,6300,37783,566
2022-06-10,Sierra,091,2930,280,278,56,334,4
2022-06-10,Siskiyou,093,43540,4663,4633,2894,7527,81
2022-06-10,Solano,095,438530,90780,89424,6311,95735,453
2022-06-10,Sonoma,097,501317,94109,93218,3908,97126,492
2022-06-10,Stanislaus,099,539301,123055,122267,18463,140730,1665
2022-06-10,Sutter,101,95872,21409,21333,2234,23567,227
2022-06-10,Tehama,103,63373,12398,12343,2684,15027,205
2022-06-10,Trinity,105,12862,1217,1213,291,1504,20
2022-06-10,Tulare,107,460477,109813,109467,29430,138897,1495
2022-06-10,Tuolumne,109,53932,13491,13382,642,14024,189
2022-06-10,Ventura,111,848112,185004,183680,10973,194653,1508
2022-06-10,Yolo,113,214977,42068,40202,3461,43663,323
2022-06-10,Yuba,115,75493,16759,16653,1386,18039,123
2022-06-09,Alameda,001,1643700,294644,292112,16410,308522,1877
2022-06-09,Alpine,003,1148,129,129,1,130,0
2022-06-09,Amador,005,37829,9018,8869,707,9576,87
2022-06-09,Butte,007,227075,34910,34596,7442,42038,427
2022-06-09,Calaveras,009,45235,7643,7604,400,8004,122
2022-06-09,Colusa,011,21464,3513,3505,1095,4600,21
2022-06-09,Contra Costa,013,1133247,213853,211229,15798,227027,1315
2022-06-09,Del Norte,015,27424,6321,6253,259,6512,52
2022-06-09,El Dorado,017,186661,28844,28641,3527,32168,215
2022-06-09,Fresno,019,978130,241369,240345,25077,265422,2766
2022-06-09,Glenn,021,27897,5129,5104,1653,6757,48
2022-06-09,Humboldt,023,135768,18818,18696,3654,22350,148
2022-06-09,Imperial,025,180216,57337,57129,11114,68243,941
2022-06-09,Inyo,027,18085,4210,4194,594,4788,56
2022-06-09,Kern,029,883053,198324,197353,48593,245946,2338
2022-06-09,Kings,031,150075,53119,52978,3600,56578,447
2022-06-09,Lake,033,64148,11280,11202,968,12170,139
2022-06-09,Lassen,035,31185,9191,9172,904,10076,64
2022-06-09,Los Angeles,037,10098052,2900091,2878981,138351,3017332,31947
2022-06-09,Madera,039,155013,38756,38567,6468,45035,372
2022-06-09,Marin,041,260295,38937,38593,4313,42906,294
2022-06-09,Mariposa,043,17540,2654,2625,242,2867,30
2022-06-09,Mendocino,045,87422,14044,13945,3574,17519,127
2022-06-09,Merced,047,269075,64634,64286,9345,73631,825
2022-06-09,Modoc,049,8938,769,767,266,1033,8
2022-06-09,Mono,051,14174,3060,3052,167,3219,6
2022-06-09,Monterey,053,433212,83943,83391,16152,99543,739
2022-06-09,Napa,055,140530,28524,28202,1203,29405,143
2022-06-09,Nevada,057,99092,17094,16989,1363,18352,127
2022-06-09,Orange,059,3164182,584533,581624,46969,628593,7057
2022-06-09,Placer,061,380077,67822,67306,8095,75401,628
2022-06-09,Plumas,063,18699,3191,3172,387,3559,13
2022-06-09,Riverside,065,2383286,618321,615556,29706,645262,6481
2022-06-09,Sacramento,067,1510023,304667,302721,29639,332360,3058
2022-06-09,San Benito,069,59416,13911,13832,631,14463,99
2022-06-09,San Bernardino,071,2135413,592454,587385,25793,613178,7708
2022-06-09,San Diego,073,3302833,807986,805360,58925,864285,5315
2022-06-09,San Francisco,075,870044,150962,149278,9869,159147,890
2022-06-09,San Joaquin,077,732212,175911,174822,11319,186141,2244
2022-06-09,San Luis Obispo,079,281455,56525,56160,4954,61114,485
2022-06-09,San Mateo,081,765935,142978,141719,8926,150645,715
2022-06-09,Santa Barbara,083,443738,92631,92177,5250,97427,694
2022-06-09,Santa Clara,085,1922200,363378,359925,15534,375459,2322
2022-06-09,Santa Cruz,087,273765,53680,53171,2542,55713,264
2022-06-09,Shasta,089,179085,31620,31483,6290,37773,566
2022-06-09,Sierra,091,2930,280,278,56,334,4
2022-06-09,Siskiyou,093,43540,4656,4633,2880,7513,81
2022-06-09,Solano,095,438530,90536,89424,6297,95721,453
2022-06-09,Sonoma,097,501317,93953,93218,3890,97108,492
2022-06-09,Stanislaus,099,539301,122887,122267,18450,140717,1665
2022-06-09,Sutter,101,95872,21372,21333,2234,23567,227
2022-06-09,Tehama,103,63373,12380,12343,2683,15026,205
2022-06-09,Trinity,105,12862,1216,1213,291,1504,20
2022-06-09,Tulare,107,460477,109692,109467,29394,138861,1495
2022-06-09,Tuolumne,109,53932,13460,13382,639,14021,189
2022-06-09,Ventura,111,848112,184736,183680,10942,194622,1508
2022-06-09,Yolo,113,214977,41956,40202,3446,43648,323
2022-06-09,Yuba,115,75493,16736,16653,1383,18036,123
2022-06-08,Alameda,001,1643700,293880,289661,16370,306031,1873
2022-06-08,Alpine,003,1148,129,128,1,129,0
2022-06-08,Amador,005,37829,9010,8818,705,9523,87
2022-06-08,Butte,007,227075,34845,34380,7425,41805,427
2022-06-08,Calaveras,009,45235,7629,7564,400,7964,122
2022-06-08,Colusa,011,21464,3511,3495,1092,4587,21
2022-06-08,Contra Costa,013,1133247,213345,209384,15756,225140,1310
2022-06-08,Del Norte,015,27424,6299,6229,259,6488,52
2022-06-08,El Dorado,017,186661,28792,28478,3526,32004,215
2022-06-08,Fresno,019,978130,241033,239376,25014,264390,2766
2022-06-08,Glenn,021,27897,5125,5095,1651,6746,48
2022-06-08,Humboldt,023,135768,18788,18598,3629,22227,147
2022-06-08,Imperial,025,180216,57263,56912,11094,68006,941
2022-06-08,Inyo,027,18085,4208,4189,594,4783,56
2022-06-08,Kern,029,883053,198055,196763,48485,245248,2338
2022-06-08,Kings,031,150075,53049,52821,3596,56417,447
2022-06-08,Lake,033,64148,11259,11158,968,12126,137
2022-06-08,Lassen,035,31185,9178,9148,904,10052,64
2022-06-08,Los Angeles,037,10098052,2895471,2865901,137970,3003871,31920
2022-06-08,Madera,039,155013,38711,38408,6461,44869,372
2022-06-08,Marin,041,260295,38844,38338,4297,42635,294
2022-06-08,Mariposa,043,17540,2644,2614,242,2856,30
2022-06-08,Mendocino,045,87422,14024,13859,3567,17426,127
2022-06-08,Merced,047,269075,64569,64080,9330,73410,825
2022-06-08,Modoc,049,8938,765,761,266,1027,8
2022-06-08,Mono,051,14174,3056,3044,167,3211,6
2022-06-08,Monterey,053,433212,83832,83063,16105,99168,740
2022-06-08,Napa,055,140530,28435,27996,1200,29196,143
2022-06-08,Nevada,057,99092,17068,16907,1361,18268,127
2022-06-08,Orange,059,3164182,583424,578530,46783,625313,7044
2022-06-08,Placer,061,380077,67693,66951,8087,75038,627
2022-06-08,Plumas,063,18699,3188,3150,386,3536,13
2022-06-08,Riverside,065,2383286,617635,613469,29673,643142,6480
2022-06-08,Sacramento,067,1510023,304034,300875,29556,330431,3054
2022-06-08,San Benito,069,59416,13877,13734,630,14364,99
2022-06-08,San Bernardino,071,2135413,591757,585029,25762,610791,7685
2022-06-08,San Diego,073,3302833,806495,800840,58757,859597,5308
2022-06-08,San Francisco,075,870044,150539,147960,9844,157804,885
2022-06-08,San Joaquin,077,732212,175636,173887,11295,185182,2241
2022-06-08,San Luis Obispo,079,281455,56369,55822,4896,60718,484
2022-06-08,San Mateo,081,765935,142580,140569,8885,149454,710
2022-06-08,Santa Barbara,083,443738,92492,91747,5247,96994,693
2022-06-08,Santa Clara,085,1922200,362412,356452,15486,371938,2321
2022-06-08,Santa Cruz,087,273765,53540,52753,2532,55285,264
2022-06-08,Shasta,089,179085,31587,31394,6286,37680,565
2022-06-08,Sierra,091,2930,280,278,56,334,4
2022-06-08,Siskiyou,093,43540,4651,4609,2878,7487,81
2022-06-08,Solano,095,438530,90269,88522,6281,94803,453
2022-06-08,Sonoma,097,501317,93769,92644,3859,96503,491
2022-06-08,Stanislaus,099,539301,122703,121787,18427,140214,1662
2022-06-08,Sutter,101,95872,21348,21256,2230,23486,227
2022-06-08,Tehama,103,63373,12373,12306,2682,14988,205
2022-06-08,Trinity,105,12862,1215,1211,290,1501,20
2022-06-08,Tulare,107,460477,109605,109091,29345,138436,1494
2022-06-08,Tuolumne,109,53932,13444,13335,638,13973,189
2022-06-08,Ventura,111,848112,184461,182847,10920,193767,1506
2022-06-08,Yolo,113,214977,41851,39962,3435,43397,321
2022-06-08,Yuba,115,75493,16711,16558,1375,17933,122
2022-06-07,Alameda,001,1643700,293073,289661,16312,305973,1873
2022-06-07,Alpine,003,1148,129,128,1,129,0
2022-06-07,Amador,005,37829,9000,8818,704,9522,87
2022-06-07,Butte,007,227075,34768,34380,7401,41781,427
2022-06-07,Calaveras,009,45235,7621,7564,399,7963,122
2022-06-07,Colusa,011,21464,3511,3495,1089,4584,21
2022-06-07,Contra Costa,013,1133247,212788,209384,15703,225087,1310
2022-06-07,Del Norte,015,27424,6291,6229,256,6485,52
2022-06-07,El Dorado,017,186661,28728,28478,3517,31995,215
2022-06-07,Fresno,019,978130,240650,239376,24949,264325,2766
2022-06-07,Glenn,021,27897,5118,5095,1651,6746,48
2022-06-07,Humboldt,023,135768,18749,18598,3614,22212,147
2022-06-07,Imperial,025,180216,57205,56912,11061,67973,941
2022-06-07,Inyo,027,18085,4207,4189,586,4775,56
2022-06-07,Kern,029,883053,197800,196763,48377,245140,2338
2022-06-07,Kings,031,150075,52991,52821,3592,56413,447
2022-06-07,Lake,033,64148,11234,11158,963,12121,137
2022-06-07,Lassen,035,31185,9169,9148,903,10051,64
2022-06-07,Los Angeles,037,10098052,2890145,2865901,137530,3003431,31920
2022-06-07,Madera,039,155013,38639,38408,6445,44853,372
2022-06-07,Marin,041,260295,38760,38338,4270,42608,294
2022-06-07,Mariposa,043,17540,2637,2614,240,2854,30
2022-06-07,Mendocino,045,87422,13992,13859,3536,17395,127
2022-06-07,Merced,047,269075,64478,64080,9314,73394,825
2022-06-07,Modoc,049,8938,765,761,264,1025,8
2022-06-07,Mono,051,14174,3054,3044,165,3209,6
2022-06-07,Monterey,053,433212,83704,83063,16052,99115,740
2022-06-07,Napa,055,140530,28361,27996,1192,29188,143
2022-06-07,Nevada,057,99092,17041,16907,1355,18262,127
2022-06-07,Orange,059,3164182,582306,578530,46621,625151,7044
2022-06-07,Placer,061,380077,67541,66951,8068,75019,627
2022-06-07,Plumas,063,18699,3183,3150,385,3535,13
2022-06-07,Riverside,065,2383286,616752,613469,29622,643091,6480
2022-06-07,Sacramento,067,1510023,303316,300875,29454,330329,3054
2022-06-07,San Benito,069,59416,13835,13734,626,14360,99
2022-06-07,San Bernardino,071,2135413,590974,585029,25735,610764,7685
2022-06-07,San Diego,073,3302833,804916,800840,58551,859391,5308
2022-06-07,San Francisco,075,870044,150017,147960,9823,157783,885
2022-06-07,San Joaquin,077,732212,175303,173887,11258,185145,2241
2022-06-07,San Luis Obispo,079,281455,56266,55822,4852,60674,484
2022-06-07,San Mateo,081,765935,142162,140569,8829,149398,710
2022-06-07,Santa Barbara,083,443738,92346,91747,5235,96982,693
2022-06-07,Santa Clara,085,1922200,361277,356452,15405,371857,2321
2022-06-07,Santa Cruz,087,273765,53439,52753,2525,55278,264
2022-06-07,Shasta,089,179085,31550,31394,6279,37673,565
2022-06-07,Sierra,091,2930,279,278,56,334,4
2022-06-07,Siskiyou,093,43540,4644,4609,2874,7483,81
2022-06-07,Solano,095,438530,89944,88522,6264,94786,453
2022-06-07,Sonoma,097,501317,93543,92644,3827,96471,491
2022-06-07,Stanislaus,099,539301,122530,121787,18408,140195,1662
2022-06-07,Sutter,101,95872,21319,21256,2228,23484,227
2022-06-07,Tehama,103,63373,12357,12306,2678,14984,205
2022-06-07,Trinity,105,12862,1214,1211,290,1501,20
2022-06-07,Tulare,107,460477,109480,109091,29294,138385,1494
2022-06-07,Tuolumne,109,53932,13431,13335,636,13971,189
2022-06-07,Ventura,111,848112,184096,182847,10876,193723,1506
2022-06-07,Yolo,113,214977,41734,39962,3426,43388,321
2022-06-07,Yuba,115,75493,16682,16558,1374,17932,122
2022-06-06,Alameda,001,1643700,292188,289661,16254,305915,1873
2022-06-06,Alpine,003,1148,129,128,1,129,0
2022-06-06,Amador,005,37829,8949,8818,702,9520,87
2022-06-06,Butte,007,227075,34704,34380,7387,41767,427
2022-06-06,Calaveras,009,45235,7610,7564,399,7963,122
2022-06-06,Colusa,011,21464,3510,3495,1085,4580,21
2022-06-06,Contra Costa,013,1133247,212139,209384,15622,225006,1310
2022-06-06,Del Norte,015,27424,6283,6229,255,6484,52
2022-06-06,El Dorado,017,186661,28679,28478,3505,31983,215
2022-06-06,Fresno,019,978130,240230,239376,24890,264266,2766
2022-06-06,Glenn,021,27897,5111,5095,1648,6743,48
2022-06-06,Humboldt,023,135768,18711,18598,3601,22199,147
2022-06-06,Imperial,025,180216,57131,56912,11028,67940,941
2022-06-06,Inyo,027,18085,4203,4189,583,4772,56
2022-06-06,Kern,029,883053,197518,196763,48246,245009,2338
2022-06-06,Kings,031,150075,52932,52821,3589,56410,447
2022-06-06,Lake,033,64148,11214,11158,957,12115,137
2022-06-06,Lassen,035,31185,9159,9148,902,10050,64
2022-06-06,Los Angeles,037,10098052,2884517,2865901,137114,3003015,31920
2022-06-06,Madera,039,155013,38571,38408,6418,44826,372
2022-06-06,Marin,041,260295,38635,38338,4233,42571,294
2022-06-06,Mariposa,043,17540,2627,2614,238,2852,30
2022-06-06,Mendocino,045,87422,13963,13859,3525,17384,127
2022-06-06,Merced,047,269075,64356,64080,9290,73370,825
2022-06-06,Modoc,049,8938,763,761,262,1023,8
2022-06-06,Mono,051,14174,3051,3044,164,3208,6
2022-06-06,Monterey,053,433212,83561,83063,15987,99050,740
2022-06-06,Napa,055,140530,28282,27996,1183,29179,143
2022-06-06,Nevada,057,99092,17013,16907,1351,18258,127
2022-06-06,Orange,059,3164182,581185,578530,46462,624992,7044
2022-06-06,Placer,061,380077,67427,66951,8044,74995,627
2022-06-06,Plumas,063,18699,3176,3150,384,3534,13
2022-06-06,Riverside,065,2383286,615958,613469,29572,643041,6480
2022-06-06,Sacramento,067,1510023,302540,300875,29351,330226,3054
2022-06-06,San Benito,069,59416,13787,13734,622,14356,99
2022-06-06,San Bernardino,071,2135413,590203,585029,25693,610722,7685
2022-06-06,San Diego,073,3302833,803128,800840,58317,859157,5308
2022-06-06,San Francisco,075,870044,149488,147960,9801,157761,885
2022-06-06,San Joaquin,077,732212,174921,173887,11228,185115,2241
2022-06-06,San Luis Obispo,079,281455,56157,55822,4819,60641,484
2022-06-06,San Mateo,081,765935,141686,140569,8791,149360,710
2022-06-06,Santa Barbara,083,443738,92169,91747,5217,96964,693
2022-06-06,Santa Clara,085,1922200,360016,356452,15322,371774,2321
2022-06-06,Santa Cruz,087,273765,53285,52753,2514,55267,264
2022-06-06,Shasta,089,179085,31515,31394,6267,37661,565
2022-06-06,Sierra,091,2930,279,278,56,334,4
2022-06-06,Siskiyou,093,43540,4634,4609,2864,7473,81
2022-06-06,Solano,095,438530,89655,88522,6245,94767,453
2022-06-06,Sonoma,097,501317,93306,92644,3799,96443,491
2022-06-06,Stanislaus,099,539301,122344,121787,18388,140175,1662
2022-06-06,Sutter,101,95872,21289,21256,2222,23478,227
2022-06-06,Tehama,103,63373,12345,12306,2676,14982,205
2022-06-06,Trinity,105,12862,1212,1211,290,1501,20
2022-06-06,Tulare,107,460477,109343,109091,29239,138330,1494
2022-06-06,Tuolumne,109,53932,13412,13335,635,13970,189
2022-06-06,Ventura,111,848112,183789,182847,10833,193680,1506
2022-06-06,Yolo,113,214977,41576,39962,3415,43377,321
2022-06-06,Yuba,115,75493,16639,16558,1367,17925,122
2022-06-05,Alameda,001,1643700,291141,285785,16193,301978,1873
2022-06-05,Alpine,003,1148,128,128,1,129,0
2022-06-05,Amador,005,37829,8912,8775,699,9474,87
2022-06-05,Butte,007,227075,34623,34129,7370,41499,427
2022-06-05,Calaveras,009,45235,7594,7525,393,7918,121
2022-06-05,Colusa,011,21464,3502,3484,1085,4569,21
2022-06-05,Contra Costa,013,1133247,211430,206711,15509,222220,1310
2022-06-05,Del Norte,015,27424,6272,6206,251,6457,52
2022-06-05,El Dorado,017,186661,28603,28241,3497,31738,214
2022-06-05,Fresno,019,978130,239769,237945,24805,262750,2766
2022-06-05,Glenn,021,27897,5105,5063,1648,6711,48
2022-06-05,Humboldt,023,135768,18661,18433,3578,22011,147
2022-06-05,Imperial,025,180216,57035,56690,10980,67670,941
2022-06-05,Inyo,027,18085,4199,4176,578,4754,56
2022-06-05,Kern,029,883053,197208,195863,48132,243995,2338
2022-06-05,Kings,031,150075,52858,52597,3583,56180,447
2022-06-05,Lake,033,64148,11195,11064,953,12017,137
2022-06-05,Lassen,035,31185,9151,9106,898,10004,64
2022-06-05,Los Angeles,037,10098052,2878458,2846989,136589,2983578,31899
2022-06-05,Madera,039,155013,38509,38188,6403,44591,372
2022-06-05,Marin,041,260295,38522,37879,4200,42079,294
2022-06-05,Mariposa,043,17540,2625,2557,237,2794,30
2022-06-05,Mendocino,045,87422,13927,13738,3478,17216,125
2022-06-05,Merced,047,269075,64265,63756,9257,73013,825
2022-06-05,Modoc,049,8938,762,759,262,1021,8
2022-06-05,Mono,051,14174,3048,3037,162,3199,6
2022-06-05,Monterey,053,433212,83400,82451,15904,98355,738
2022-06-05,Napa,055,140530,28152,27686,1174,28860,143
2022-06-05,Nevada,057,99092,16970,16728,1335,18063,127
2022-06-05,Orange,059,3164182,579926,574146,46279,620425,7038
2022-06-05,Placer,061,380077,67287,66428,8030,74458,627
2022-06-05,Plumas,063,18699,3168,3138,384,3522,13
2022-06-05,Riverside,065,2383286,615021,610369,29508,639877,6481
2022-06-05,Sacramento,067,1510023,301630,297787,29207,326994,3052
2022-06-05,San Benito,069,59416,13742,13572,616,14188,99
2022-06-05,San Bernardino,071,2135413,589225,582305,25651,607956,7664
2022-06-05,San Diego,073,3302833,801226,794822,58127,852949,5303
2022-06-05,San Francisco,075,870044,148894,145876,9746,155622,881
2022-06-05,San Joaquin,077,732212,174488,172621,11182,183803,2242
2022-06-05,San Luis Obispo,079,281455,55996,55333,4746,60079,484
2022-06-05,San Mateo,081,765935,141179,138536,8745,147281,710
2022-06-05,Santa Barbara,083,443738,91977,90911,5199,96110,693
2022-06-05,Santa Clara,085,1922200,358608,351492,15232,366724,2317
2022-06-05,Santa Cruz,087,273765,53093,52333,2501,54834,263
2022-06-05,Shasta,089,179085,31474,31272,6256,37528,565
2022-06-05,Sierra,091,2930,279,278,56,334,4
2022-06-05,Siskiyou,093,43540,4629,4591,2852,7443,81
2022-06-05,Solano,095,438530,89316,87571,6229,93800,452
2022-06-05,Sonoma,097,501317,93026,91518,3769,95287,491
2022-06-05,Stanislaus,099,539301,122147,121001,18361,139362,1661
2022-06-05,Sutter,101,95872,21257,21125,2215,23340,227
2022-06-05,Tehama,103,63373,12326,12262,2673,14935,204
2022-06-05,Trinity,105,12862,1212,1204,290,1494,20
2022-06-05,Tulare,107,460477,109147,108598,29163,137761,1490
2022-06-05,Tuolumne,109,53932,13383,13251,622,13873,189
2022-06-05,Ventura,111,848112,183436,181709,10781,192490,1505
2022-06-05,Yolo,113,214977,41444,39561,3403,42964,321
2022-06-05,Yuba,115,75493,16599,16467,1359,17826,122
2022-06-04,Alameda,001,1643700,290641,285785,16173,301958,1873
2022-06-04,Alpine,003,1148,128,128,1,129,0
2022-06-04,Amador,005,37829,8903,8775,697,9472,87
2022-06-04,Butte,007,227075,34583,34129,7364,41493,427
2022-06-04,Calaveras,009,45235,7580,7525,393,7918,121
2022-06-04,Colusa,011,21464,3499,3484,1080,4564,21
2022-06-04,Contra Costa,013,1133247,211043,206711,15469,222180,1310
2022-06-04,Del Norte,015,27424,6270,6206,251,6457,52
2022-06-04,El Dorado,017,186661,28564,28241,3493,31734,214
2022-06-04,Fresno,019,978130,239598,237945,24788,262733,2766
2022-06-04,Glenn,021,27897,5101,5063,1647,6710,48
2022-06-04,Humboldt,023,135768,18640,18433,3572,22005,147
2022-06-04,Imperial,025,180216,56984,56690,10968,67658,941
2022-06-04,Inyo,027,18085,4199,4176,577,4753,56
2022-06-04,Kern,029,883053,197086,195863,48064,243927,2338
2022-06-04,Kings,031,150075,52815,52597,3583,56180,447
2022-06-04,Lake,033,64148,11180,11064,947,12011,137
2022-06-04,Lassen,035,31185,9146,9106,897,10003,64
2022-06-04,Los Angeles,037,10098052,2876012,2846989,136316,2983305,31899
2022-06-04,Madera,039,155013,38474,38188,6399,44587,372
2022-06-04,Marin,041,260295,38445,37879,4159,42038,294
2022-06-04,Mariposa,043,17540,2622,2557,237,2794,30
2022-06-04,Mendocino,045,87422,13914,13738,3477,17215,125
2022-06-04,Merced,047,269075,64217,63756,9247,73003,825
2022-06-04,Modoc,049,8938,761,759,261,1020,8
2022-06-04,Mono,051,14174,3048,3037,162,3199,6
2022-06-04,Monterey,053,433212,83315,82451,15869,98320,738
2022-06-04,Napa,055,140530,28110,27686,1172,28858,143
2022-06-04,Nevada,057,99092,16957,16728,1334,18062,127
2022-06-04,Orange,059,3164182,579284,574146,46155,620301,7038
2022-06-04,Placer,061,380077,67205,66428,8022,74450,627
2022-06-04,Plumas,063,18699,3164,3138,383,3521,13
2022-06-04,Riverside,065,2383286,614487,610369,29483,639852,6481
2022-06-04,Sacramento,067,1510023,301275,297787,29180,326967,3052
2022-06-04,San Benito,069,59416,13716,13572,613,14185,99
2022-06-04,San Bernardino,071,2135413,588777,582305,25622,607927,7664
2022-06-04,San Diego,073,3302833,800498,794822,58083,852905,5303
2022-06-04,San Francisco,075,870044,148557,145876,9725,155601,881
2022-06-04,San Joaquin,077,732212,174343,172621,11148,183769,2242
2022-06-04,San Luis Obispo,079,281455,55958,55333,4739,60072,484
2022-06-04,San Mateo,081,765935,140878,138536,8717,147253,710
2022-06-04,Santa Barbara,083,443738,91879,90911,5178,96089,693
2022-06-04,Santa Clara,085,1922200,357729,351492,15191,366683,2317
2022-06-04,Santa Cruz,087,273765,53009,52333,2488,54821,263
2022-06-04,Shasta,089,179085,31450,31272,6253,37525,565
2022-06-04,Sierra,091,2930,279,278,56,334,4
2022-06-04,Siskiyou,093,43540,4625,4591,2846,7437,81
2022-06-04,Solano,095,438530,89233,87571,6216,93787,452
2022-06-04,Sonoma,097,501317,92876,91518,3755,95273,491
2022-06-04,Stanislaus,099,539301,122008,121001,18347,139348,1661
2022-06-04,Sutter,101,95872,21231,21125,2211,23336,227
2022-06-04,Tehama,103,63373,12312,12262,2672,14934,204
2022-06-04,Trinity,105,12862,1212,1204,290,1494,20
2022-06-04,Tulare,107,460477,109081,108598,29121,137719,1490
2022-06-04,Tuolumne,109,53932,13373,13251,619,13870,189
2022-06-04,Ventura,111,848112,183251,181709,10766,192475,1505
2022-06-04,Yolo,113,214977,41366,39561,3398,42959,321
2022-06-04,Yuba,115,75493,16583,16467,1355,17822,122
2022-06-03,Alameda,001,1643700,290112,285785,16141,301926,1873
2022-06-03,Alpine,003,1148,128,128,1,129,0
2022-06-03,Amador,005,37829,8897,8775,695,9470,87
2022-06-03,Butte,007,227075,34533,34129,7354,41483,427
2022-06-03,Calaveras,009,45235,7575,7525,393,7918,121
2022-06-03,Colusa,011,21464,3499,3484,1078,4562,21
2022-06-03,Contra Costa,013,1133247,210732,206711,15440,222151,1310
2022-06-03,Del Norte,015,27424,6266,6206,248,6454,52
2022-06-03,El Dorado,017,186661,28535,28241,3490,31731,214
2022-06-03,Fresno,019,978130,239367,237945,24760,262705,2766
2022-06-03,Glenn,021,27897,5095,5063,1644,6707,48
2022-06-03,Humboldt,023,135768,18620,18433,3566,21999,147
2022-06-03,Imperial,025,180216,56938,56690,10958,67648,941
2022-06-03,Inyo,027,18085,4198,4176,577,4753,56
2022-06-03,Kern,029,883053,196945,195863,47998,243861,2338
2022-06-03,Kings,031,150075,52791,52597,3583,56180,447
2022-06-03,Lake,033,64148,11169,11064,944,12008,137
2022-06-03,Lassen,035,31185,9141,9106,897,10003,64
2022-06-03,Los Angeles,037,10098052,2873115,2846989,136032,2983021,31899
2022-06-03,Madera,039,155013,38430,38188,6392,44580,372
2022-06-03,Marin,041,260295,38376,37879,4124,42003,294
2022-06-03,Mariposa,043,17540,2618,2557,237,2794,30
2022-06-03,Mendocino,045,87422,13892,13738,3476,17214,125
2022-06-03,Merced,047,269075,64164,63756,9244,73000,825
2022-06-03,Modoc,049,8938,761,759,261,1020,8
2022-06-03,Mono,051,14174,3045,3037,162,3199,6
2022-06-03,Monterey,053,433212,83216,82451,15822,98273,738
2022-06-03,Napa,055,140530,28060,27686,1164,28850,143
2022-06-03,Nevada,057,99092,16936,16728,1333,18061,127
2022-06-03,Orange,059,3164182,578596,574146,46051,620197,7038
2022-06-03,Placer,061,380077,67124,66428,8009,74437,627
2022-06-03,Plumas,063,18699,3162,3138,382,3520,13
2022-06-03,Riverside,065,2383286,613959,610369,29453,639822,6481
2022-06-03,Sacramento,067,1510023,300809,297787,29147,326934,3052
2022-06-03,San Benito,069,59416,13703,13572,609,14181,99
2022-06-03,San Bernardino,071,2135413,588319,582305,25589,607894,7664
2022-06-03,San Diego,073,3302833,799548,794822,57965,852787,5303
2022-06-03,San Francisco,075,870044,148184,145876,9693,155569,881
2022-06-03,San Joaquin,077,732212,174180,172621,11130,183751,2242
2022-06-03,San Luis Obispo,079,281455,55913,55333,4732,60065,484
2022-06-03,San Mateo,081,765935,140596,138536,8704,147240,710
2022-06-03,Santa Barbara,083,443738,91760,90911,5176,96087,693
2022-06-03,Santa Clara,085,1922200,356828,351492,15145,366637,2317
2022-06-03,Santa Cruz,087,273765,52878,52333,2475,54808,263
2022-06-03,Shasta,089,179085,31438,31272,6252,37524,565
2022-06-03,Sierra,091,2930,279,278,56,334,4
2022-06-03,Siskiyou,093,43540,4620,4591,2845,7436,81
2022-06-03,Solano,095,438530,89118,87571,6207,93778,452
2022-06-03,Sonoma,097,501317,92732,91518,3747,95265,491
2022-06-03,Stanislaus,099,539301,121902,121001,18330,139331,1661
2022-06-03,Sutter,101,95872,21208,21125,2210,23335,227
2022-06-03,Tehama,103,63373,12306,12262,2671,14933,204
2022-06-03,Trinity,105,12862,1210,1204,290,1494,20
2022-06-03,Tulare,107,460477,109015,108598,29086,137684,1490
2022-06-03,Tuolumne,109,53932,13362,13251,616,13867,189
2022-06-03,Ventura,111,848112,183063,181709,10741,192450,1505
2022-06-03,Yolo,113,214977,41303,39561,3384,42945,321
2022-06-03,Yuba,115,75493,16558,16467,1353,17820,122
2022-06-02,Alameda,001,1643700,289213,285785,16065,301850,1873
2022-06-02,Alpine,003,1148,128,128,1,129,0
2022-06-02,Amador,005,37829,8874,8775,693,9468,87
2022-06-02,Butte,007,227075,34456,34129,7338,41467,427
2022-06-02,Calaveras,009,45235,7562,7525,392,7917,121
2022-06-02,Colusa,011,21464,3497,3484,1078,4562,21
2022-06-02,Contra Costa,013,1133247,210146,206711,15351,222062,1310
2022-06-02,Del Norte,015,27424,6256,6206,247,6453,52
2022-06-02,El Dorado,017,186661,28468,28241,3478,31719,214
2022-06-02,Fresno,019,978130,239026,237945,24705,262650,2766
2022-06-02,Glenn,021,27897,5089,5063,1639,6702,48
2022-06-02,Humboldt,023,135768,18578,18433,3545,21978,147
2022-06-02,Imperial,025,180216,56878,56690,10947,67637,941
2022-06-02,Inyo,027,18085,4198,4176,574,4750,56
2022-06-02,Kern,029,883053,196661,195863,47894,243757,2338
2022-06-02,Kings,031,150075,52738,52597,3578,56175,447
2022-06-02,Lake,033,64148,11147,11064,942,12006,137
2022-06-02,Lassen,035,31185,9130,9106,897,10003,64
2022-06-02,Los Angeles,037,10098052,2868203,2846989,135610,2982599,31899
2022-06-02,Madera,039,155013,38376,38188,6379,44567,372
2022-06-02,Marin,041,260295,38277,37879,4097,41976,294
2022-06-02,Mariposa,043,17540,2613,2557,236,2793,30
2022-06-02,Mendocino,045,87422,13863,13738,3469,17207,125
2022-06-02,Merced,047,269075,64087,63756,9235,72991,825
2022-06-02,Modoc,049,8938,760,759,261,1020,8
2022-06-02,Mono,051,14174,3045,3037,162,3199,6
2022-06-02,Monterey,053,433212,83066,82451,15758,98209,738
2022-06-02,Napa,055,140530,27984,27686,1161,28847,143
2022-06-02,Nevada,057,99092,16899,16728,1330,18058,127
2022-06-02,Orange,059,3164182,577566,574146,45909,620055,7038
2022-06-02,Placer,061,380077,67003,66428,7995,74423,627
2022-06-02,Plumas,063,18699,3153,3138,382,3520,13
2022-06-02,Riverside,065,2383286,613271,610369,29394,639763,6481
2022-06-02,Sacramento,067,1510023,300176,297787,29041,326828,3052
2022-06-02,San Benito,069,59416,13671,13572,606,14178,99
2022-06-02,San Bernardino,071,2135413,587639,582305,25544,607849,7664
2022-06-02,San Diego,073,3302833,798175,794822,57799,852621,5303
2022-06-02,San Francisco,075,870044,147759,145876,9643,155519,881
2022-06-02,San Joaquin,077,732212,173870,172621,11102,183723,2242
2022-06-02,San Luis Obispo,079,281455,55782,55333,4698,60031,484
2022-06-02,San Mateo,081,765935,140219,138536,8651,147187,710
2022-06-02,Santa Barbara,083,443738,91586,90911,5161,96072,693
2022-06-02,Santa Clara,085,1922200,355730,351492,15025,366517,2317
2022-06-02,Santa Cruz,087,273765,52762,52333,2464,54797,263
2022-06-02,Shasta,089,179085,31408,31272,6245,37517,565
2022-06-02,Sierra,091,2930,279,278,56,334,4
2022-06-02,Siskiyou,093,43540,4613,4591,2836,7427,81
2022-06-02,Solano,095,438530,88846,87571,6197,93768,452
2022-06-02,Sonoma,097,501317,92507,91518,3721,95239,491
2022-06-02,Stanislaus,099,539301,121744,121001,18308,139309,1661
2022-06-02,Sutter,101,95872,21180,21125,2204,23329,227
2022-06-02,Tehama,103,63373,12295,12262,2664,14926,204
2022-06-02,Trinity,105,12862,1208,1204,290,1494,20
2022-06-02,Tulare,107,460477,108892,108598,29021,137619,1490
2022-06-02,Tuolumne,109,53932,13343,13251,614,13865,189
2022-06-02,Ventura,111,848112,182789,181709,10709,192418,1505
2022-06-02,Yolo,113,214977,41194,39561,3374,42935,321
2022-06-02,Yuba,115,75493,16537,16467,1346,17813,122
2022-06-01,Alameda,001,1643700,288207,284051,15998,300049,1868
2022-06-01,Alpine,003,1148,128,128,1,129,0
2022-06-01,Amador,005,37829,8868,8741,691,9432,87
2022-06-01,Butte,007,227075,34386,34059,7325,41384,427
2022-06-01,Calaveras,009,45235,7557,7502,389,7891,120
2022-06-01,Colusa,011,21464,3494,3476,1078,4554,21
2022-06-01,Contra Costa,013,1133247,209504,205699,15274,220973,1310
2022-06-01,Del Norte,015,27424,6246,6188,246,6434,51
2022-06-01,El Dorado,017,186661,28406,28133,3460,31593,214
2022-06-01,Fresno,019,978130,238668,237367,24654,262021,2765
2022-06-01,Glenn,021,27897,5084,5059,1639,6698,48
2022-06-01,Humboldt,023,135768,18535,18371,3522,21893,147
2022-06-01,Imperial,025,180216,56811,56445,10920,67365,938
2022-06-01,Inyo,027,18085,4194,4171,568,4739,56
2022-06-01,Kern,029,883053,196436,195438,47815,243253,2336
2022-06-01,Kings,031,150075,52681,52491,3574,56065,447
2022-06-01,Lake,033,64148,11126,11024,937,11961,137
2022-06-01,Lassen,035,31185,9117,9083,896,9979,64
2022-06-01,Los Angeles,037,10098052,2862810,2836856,135180,2972036,31882
2022-06-01,Madera,039,155013,38338,38115,6367,44482,372
2022-06-01,Marin,041,260295,38162,37654,4056,41710,293
2022-06-01,Mariposa,043,17540,2598,2549,235,2784,30
2022-06-01,Mendocino,045,87422,13836,13692,3454,17146,125
2022-06-01,Merced,047,269075,64007,63637,9217,72854,824
2022-06-01,Modoc,049,8938,758,755,259,1014,8
2022-06-01,Mono,051,14174,3043,3035,161,3196,6
2022-06-01,Monterey,053,433212,82911,82215,15695,97910,737
2022-06-01,Napa,055,140530,27907,27580,1153,28733,143
2022-06-01,Nevada,057,99092,16860,16693,1321,18014,127
2022-06-01,Orange,059,3164182,576320,571973,45756,617729,7032
2022-06-01,Placer,061,380077,66861,66199,7964,74163,627
2022-06-01,Plumas,063,18699,3146,3117,381,3498,13
2022-06-01,Riverside,065,2383286,612536,608913,29348,638261,6480
2022-06-01,Sacramento,067,1510023,299425,296457,28936,325393,3045
2022-06-01,San Benito,069,59416,13633,13510,595,14105,98
2022-06-01,San Bernardino,071,2135413,586933,580767,25506,606273,7641
2022-06-01,San Diego,073,3302833,796480,791557,57599,849156,5292
2022-06-01,San Francisco,075,870044,147236,144476,9602,154078,879
2022-06-01,San Joaquin,077,732212,173571,172170,11073,183243,2241
2022-06-01,San Luis Obispo,079,281455,55616,55099,4666,59765,482
2022-06-01,San Mateo,081,765935,139738,137566,8579,146145,710
2022-06-01,Santa Barbara,083,443738,91403,90531,5146,95677,693
2022-06-01,Santa Clara,085,1922200,354561,348742,14942,363684,2317
2022-06-01,Santa Cruz,087,273765,52651,52141,2454,54595,263
2022-06-01,Shasta,089,179085,31377,31247,6242,37489,564
2022-06-01,Sierra,091,2930,279,280,56,336,4
2022-06-01,Siskiyou,093,43540,4608,4574,2831,7405,81
2022-06-01,Solano,095,438530,88613,87206,6170,93376,452
2022-06-01,Sonoma,097,501317,92258,91174,3698,94872,491
2022-06-01,Stanislaus,099,539301,121553,120778,18291,139069,1656
2022-06-01,Sutter,101,95872,21150,21065,2200,23265,227
2022-06-01,Tehama,103,63373,12288,12245,2660,14905,204
2022-06-01,Trinity,105,12862,1207,1200,289,1489,20
2022-06-01,Tulare,107,460477,108777,108401,28964,137365,1490
2022-06-01,Tuolumne,109,53932,13329,13221,613,13834,189
2022-06-01,Ventura,111,848112,182504,181163,10679,191842,1503
2022-06-01,Yolo,113,214977,41110,39371,3363,42734,320
2022-06-01,Yuba,115,75493,16513,16406,1338,17744,122
2022-05-31,Alameda,001,1643700,287110,284051,15943,299994,1868
2022-05-31,Alpine,003,1148,128,128,1,129,0
2022-05-31,Amador,005,37829,8850,8741,685,9426,87
2022-05-31,Butte,007,227075,34325,34059,7307,41366,427
2022-05-31,Calaveras,009,45235,7546,7502,389,7891,120
2022-05-31,Colusa,011,21464,3489,3476,1077,4553,21
2022-05-31,Contra Costa,013,1133247,208755,205699,15179,220878,1310
2022-05-31,Del Norte,015,27424,6236,6188,244,6432,51
2022-05-31,El Dorado,017,186661,28344,28133,3440,31573,214
2022-05-31,Fresno,019,978130,238264,237367,24588,261955,2765
2022-05-31,Glenn,021,27897,5076,5059,1637,6696,48
2022-05-31,Humboldt,023,135768,18504,18371,3502,21873,147
2022-05-31,Imperial,025,180216,56747,56445,10896,67341,938
2022-05-31,Inyo,027,18085,4188,4171,566,4737,56
2022-05-31,Kern,029,883053,196193,195438,47721,243159,2336
2022-05-31,Kings,031,150075,52630,52491,3567,56058,447
2022-05-31,Lake,033,64148,11107,11024,933,11957,137
2022-05-31,Lassen,035,31185,9105,9083,895,9978,64
2022-05-31,Los Angeles,037,10098052,2856741,2836856,134717,2971573,31882
2022-05-31,Madera,039,155013,38273,38115,6348,44463,372
2022-05-31,Marin,041,260295,38024,37654,4020,41674,293
2022-05-31,Mariposa,043,17540,2592,2549,230,2779,30
2022-05-31,Mendocino,045,87422,13801,13692,3437,17129,125
2022-05-31,Merced,047,269075,63920,63637,9194,72831,824
2022-05-31,Modoc,049,8938,756,755,259,1014,8
2022-05-31,Mono,051,14174,3039,3035,161,3196,6
2022-05-31,Monterey,053,433212,82753,82215,15629,97844,737
2022-05-31,Napa,055,140530,27815,27580,1150,28730,143
2022-05-31,Nevada,057,99092,16814,16693,1319,18012,127
2022-05-31,Orange,059,3164182,575091,571973,45575,617548,7032
2022-05-31,Placer,061,380077,66701,66199,7933,74132,627
2022-05-31,Plumas,063,18699,3142,3117,380,3497,13
2022-05-31,Riverside,065,2383286,611620,608913,29286,638199,6480
2022-05-31,Sacramento,067,1510023,298563,296457,28796,325253,3045
2022-05-31,San Benito,069,59416,13577,13510,590,14100,98
2022-05-31,San Bernardino,071,2135413,586044,580767,25471,606238,7641
2022-05-31,San Diego,073,3302833,794598,791557,57394,848951,5292
2022-05-31,San Francisco,075,870044,146590,144476,9561,154037,879
2022-05-31,San Joaquin,077,732212,173191,172170,11034,183204,2241
2022-05-31,San Luis Obispo,079,281455,55467,55099,4601,59700,482
2022-05-31,San Mateo,081,765935,139181,137566,8537,146103,710
2022-05-31,Santa Barbara,083,443738,91179,90531,5123,95654,693
2022-05-31,Santa Clara,085,1922200,353047,348742,14865,363607,2317
2022-05-31,Santa Cruz,087,273765,52531,52141,2434,54575,263
2022-05-31,Shasta,089,179085,31343,31247,6231,37478,564
2022-05-31,Sierra,091,2930,278,280,55,335,4
2022-05-31,Siskiyou,093,43540,4603,4574,2825,7399,81
2022-05-31,Solano,095,438530,88284,87206,6148,93354,452
2022-05-31,Sonoma,097,501317,91970,91174,3658,94832,491
2022-05-31,Stanislaus,099,539301,121348,120778,18269,139047,1656
2022-05-31,Sutter,101,95872,21121,21065,2194,23259,227
2022-05-31,Tehama,103,63373,12279,12245,2655,14900,204
2022-05-31,Trinity,105,12862,1206,1200,289,1489,20
2022-05-31,Tulare,107,460477,108639,108401,28905,137306,1490
2022-05-31,Tuolumne,109,53932,13313,13221,610,13831,189
2022-05-31,Ventura,111,848112,182184,181163,10631,191794,1503
2022-05-31,Yolo,113,214977,40936,39371,3352,42723,320
2022-05-31,Yuba,115,75493,16481,16406,1332,17738,122
2022-05-30,Alameda,001,1643700,285733,284051,15854,299905,1868
2022-05-30,Alpine,003,1148,128,128,1,129,0
2022-05-30,Amador,005,37829,8835,8741,684,9425,87
2022-05-30,Butte,007,227075,34250,34059,7284,41343,427
2022-05-30,Calaveras,009,45235,7537,7502,389,7891,120
2022-05-30,Colusa,011,21464,3487,3476,1076,4552,21
2022-05-30,Contra Costa,013,1133247,207913,205699,15043,220742,1310
2022-05-30,Del Norte,015,27424,6219,6188,243,6431,51
2022-05-30,El Dorado,017,186661,28268,28133,3420,31553,214
2022-05-30,Fresno,019,978130,237794,237367,24517,261884,2765
2022-05-30,Glenn,021,27897,5071,5059,1634,6693,48
2022-05-30,Humboldt,023,135768,18450,18371,3473,21844,147
2022-05-30,Imperial,025,180216,56664,56445,10869,67314,938
2022-05-30,Inyo,027,18085,4183,4171,565,4736,56
2022-05-30,Kern,029,883053,195912,195438,47607,243045,2336
2022-05-30,Kings,031,150075,52534,52491,3567,56058,447
2022-05-30,Lake,033,64148,11078,11024,924,11948,137
2022-05-30,Lassen,035,31185,9091,9083,892,9975,64
2022-05-30,Los Angeles,037,10098052,2849414,2836856,134214,2971070,31882
2022-05-30,Madera,039,155013,38218,38115,6307,44422,372
2022-05-30,Marin,041,260295,37899,37654,3978,41632,293
2022-05-30,Mariposa,043,17540,2569,2549,226,2775,30
2022-05-30,Mendocino,045,87422,13753,13692,3419,17111,125
2022-05-30,Merced,047,269075,63826,63637,9155,72792,824
2022-05-30,Modoc,049,8938,753,755,257,1012,8
2022-05-30,Mono,051,14174,3036,3035,161,3196,6
2022-05-30,Monterey,053,433212,82565,82215,15541,97756,737
2022-05-30,Napa,055,140530,27738,27580,1142,28722,143
2022-05-30,Nevada,057,99092,16767,16693,1314,18007,127
2022-05-30,Orange,059,3164182,573625,571973,45363,617336,7032
2022-05-30,Placer,061,380077,66561,66199,7903,74102,627
2022-05-30,Plumas,063,18699,3136,3117,377,3494,13
2022-05-30,Riverside,065,2383286,610608,608913,29208,638121,6480
2022-05-30,Sacramento,067,1510023,297606,296457,28637,325094,3045
2022-05-30,San Benito,069,59416,13515,13510,582,14092,98
2022-05-30,San Bernardino,071,2135413,585051,580767,25435,606202,7641
2022-05-30,San Diego,073,3302833,792316,791557,57092,848649,5292
2022-05-30,San Francisco,075,870044,145926,144476,9508,153984,879
2022-05-30,San Joaquin,077,732212,172794,172170,10996,183166,2241
2022-05-30,San Luis Obispo,079,281455,55263,55099,4532,59631,482
2022-05-30,San Mateo,081,765935,138505,137566,8485,146051,710
2022-05-30,Santa Barbara,083,443738,90923,90531,5089,95620,693
2022-05-30,Santa Clara,085,1922200,351491,348742,14774,363516,2317
2022-05-30,Santa Cruz,087,273765,52392,52141,2424,54565,263
2022-05-30,Shasta,089,179085,31305,31247,6224,37471,564
2022-05-30,Sierra,091,2930,278,280,55,335,4
2022-05-30,Siskiyou,093,43540,4594,4574,2813,7387,81
2022-05-30,Solano,095,438530,87940,87206,6095,93301,452
2022-05-30,Sonoma,097,501317,91685,91174,3614,94788,491
2022-05-30,Stanislaus,099,539301,121156,120778,18241,139019,1656
2022-05-30,Sutter,101,95872,21082,21065,2188,23253,227
2022-05-30,Tehama,103,63373,12263,12245,2651,14896,204
2022-05-30,Trinity,105,12862,1205,1200,289,1489,20
2022-05-30,Tulare,107,460477,108478,108401,28816,137217,1490
2022-05-30,Tuolumne,109,53932,13289,13221,606,13827,189
2022-05-30,Ventura,111,848112,181811,181163,10581,191744,1503
2022-05-30,Yolo,113,214977,40745,39371,3343,42714,320
2022-05-30,Yuba,115,75493,16453,16406,1328,17734,122
2022-05-29,Alameda,001,1643700,285254,280775,15830,296605,1863
2022-05-29,Alpine,003,1148,128,126,1,127,0
2022-05-29,Amador,005,37829,8830,8696,681,9377,86
2022-05-29,Butte,007,227075,34234,33876,7277,41153,426
2022-05-29,Calaveras,009,45235,7526,7469,389,7858,120
2022-05-29,Colusa,011,21464,3486,3474,1075,4549,21
2022-05-29,Contra Costa,013,1133247,207570,203528,15021,218549,1306
2022-05-29,Del Norte,015,27424,6217,6166,242,6408,51
2022-05-29,El Dorado,017,186661,28241,27898,3417,31315,214
2022-05-29,Fresno,019,978130,237668,236250,24498,260748,2764
2022-05-29,Glenn,021,27897,5066,5048,1634,6682,48
2022-05-29,Humboldt,023,135768,18429,18257,3463,21720,147
2022-05-29,Imperial,025,180216,56627,56323,10855,67178,939
2022-05-29,Inyo,027,18085,4182,4161,565,4726,56
2022-05-29,Kern,029,883053,195813,194687,47543,242230,2334
2022-05-29,Kings,031,150075,52508,52292,3567,55859,447
2022-05-29,Lake,033,64148,11069,10958,922,11880,137
2022-05-29,Lassen,035,31185,9087,9049,892,9941,64
2022-05-29,Los Angeles,037,10098052,2847217,2819145,133947,2953092,31862
2022-05-29,Madera,039,155013,38196,37955,6302,44257,371
2022-05-29,Marin,041,260295,37832,37215,3945,41160,293
2022-05-29,Mariposa,043,17540,2564,2526,226,2752,31
2022-05-29,Mendocino,045,87422,13733,13612,3418,17030,124
2022-05-29,Merced,047,269075,63805,63389,9152,72541,824
2022-05-29,Modoc,049,8938,753,751,257,1008,8
2022-05-29,Mono,051,14174,3035,3030,161,3191,6
2022-05-29,Monterey,053,433212,82501,81875,15497,97372,737
2022-05-29,Napa,055,140530,27710,27376,1141,28517,144
2022-05-29,Nevada,057,99092,16752,16568,1312,17880,127
2022-05-29,Orange,059,3164182,573049,568369,45191,613560,7028
2022-05-29,Placer,061,380077,66491,65672,7894,73566,626
2022-05-29,Plumas,063,18699,3129,3096,377,3473,13
2022-05-29,Riverside,065,2383286,610265,606444,29173,635617,6480
2022-05-29,Sacramento,067,1510023,297153,294000,28615,322615,3032
2022-05-29,San Benito,069,59416,13509,13402,580,13982,98
2022-05-29,San Bernardino,071,2135413,584763,578656,25422,604078,7610
2022-05-29,San Diego,073,3302833,791576,786243,57014,843257,5288
2022-05-29,San Francisco,075,870044,145497,142456,9499,151955,879
2022-05-29,San Joaquin,077,732212,172632,171282,10978,182260,2241
2022-05-29,San Luis Obispo,079,281455,55211,54701,4520,59221,481
2022-05-29,San Mateo,081,765935,138256,135746,8473,144219,710
2022-05-29,Santa Barbara,083,443738,90794,89940,5088,95028,693
2022-05-29,Santa Clara,085,1922200,350693,344223,14735,358958,2304
2022-05-29,Santa Cruz,087,273765,52316,51819,2417,54236,263
2022-05-29,Shasta,089,179085,31293,31165,6220,37385,564
2022-05-29,Sierra,091,2930,278,278,55,333,4
2022-05-29,Siskiyou,093,43540,4589,4537,2811,7348,81
2022-05-29,Solano,095,438530,87887,86565,6084,92649,452
2022-05-29,Sonoma,097,501317,91593,90364,3599,93963,490
2022-05-29,Stanislaus,099,539301,121057,120241,18225,138466,1657
2022-05-29,Sutter,101,95872,21062,20976,2188,23164,227
2022-05-29,Tehama,103,63373,12252,12210,2650,14860,204
2022-05-29,Trinity,105,12862,1204,1196,289,1485,20
2022-05-29,Tulare,107,460477,108397,108029,28771,136800,1484
2022-05-29,Tuolumne,109,53932,13274,13141,606,13747,189
2022-05-29,Ventura,111,848112,181666,179953,10572,190525,1503
2022-05-29,Yolo,113,214977,40695,39016,3340,42356,319
2022-05-29,Yuba,115,75493,16437,16314,1324,17638,122
2022-05-28,Alameda,001,1643700,284881,280775,15805,296580,1863
2022-05-28,Alpine,003,1148,128,126,1,127,0
2022-05-28,Amador,005,37829,8821,8696,681,9377,86
2022-05-28,Butte,007,227075,34211,33876,7262,41138,426
2022-05-28,Calaveras,009,45235,7522,7469,389,7858,120
2022-05-28,Colusa,011,21464,3481,3474,1074,4548,21
2022-05-28,Contra Costa,013,1133247,207305,203528,15004,218532,1306
2022-05-28,Del Norte,015,27424,6214,6166,242,6408,51
2022-05-28,El Dorado,017,186661,28211,27898,3416,31314,214
2022-05-28,Fresno,019,978130,237511,236250,24470,260720,2764
2022-05-28,Glenn,021,27897,5063,5048,1634,6682,48
2022-05-28,Humboldt,023,135768,18405,18257,3461,21718,147
2022-05-28,Imperial,025,180216,56601,56323,10845,67168,939
2022-05-28,Inyo,027,18085,4182,4161,563,4724,56
2022-05-28,Kern,029,883053,195713,194687,47492,242179,2334
2022-05-28,Kings,031,150075,52484,52292,3566,55858,447
2022-05-28,Lake,033,64148,11059,10958,922,11880,137
2022-05-28,Lassen,035,31185,9082,9049,892,9941,64
2022-05-28,Los Angeles,037,10098052,2845237,2819145,133682,2952827,31862
2022-05-28,Madera,039,155013,38179,37955,6300,44255,371
2022-05-28,Marin,041,260295,37765,37215,3915,41130,293
2022-05-28,Mariposa,043,17540,2560,2526,226,2752,31
2022-05-28,Mendocino,045,87422,13721,13612,3418,17030,124
2022-05-28,Merced,047,269075,63774,63389,9145,72534,824
2022-05-28,Modoc,049,8938,753,751,257,1008,8
2022-05-28,Mono,051,14174,3035,3030,160,3190,6
2022-05-28,Monterey,053,433212,82434,81875,15469,97344,737
2022-05-28,Napa,055,140530,27665,27376,1140,28516,144
2022-05-28,Nevada,057,99092,16740,16568,1310,17878,127
2022-05-28,Orange,059,3164182,572534,568369,45073,613442,7028
2022-05-28,Placer,061,380077,66417,65672,7880,73552,626
2022-05-28,Plumas,063,18699,3123,3096,376,3472,13
2022-05-28,Riverside,065,2383286,609886,606444,29148,635592,6480
2022-05-28,Sacramento,067,1510023,296880,294000,28598,322598,3032
2022-05-28,San Benito,069,59416,13494,13402,580,13982,98
2022-05-28,San Bernardino,071,2135413,584397,578656,25398,604054,7610
2022-05-28,San Diego,073,3302833,790915,786243,56969,843212,5288
2022-05-28,San Francisco,075,870044,145192,142456,9478,151934,879
2022-05-28,San Joaquin,077,732212,172528,171282,10962,182244,2241
2022-05-28,San Luis Obispo,079,281455,55176,54701,4517,59218,481
2022-05-28,San Mateo,081,765935,137982,135746,8451,144197,710
2022-05-28,Santa Barbara,083,443738,90694,89940,5079,95019,693
2022-05-28,Santa Clara,085,1922200,349904,344223,14708,358931,2304
2022-05-28,Santa Cruz,087,273765,52275,51819,2410,54229,263
2022-05-28,Shasta,089,179085,31282,31165,6215,37380,564
2022-05-28,Sierra,091,2930,278,278,54,332,4
2022-05-28,Siskiyou,093,43540,4581,4537,2807,7344,81
2022-05-28,Solano,095,438530,87814,86565,6074,92639,452
2022-05-28,Sonoma,097,501317,91452,90364,3588,93952,490
2022-05-28,Stanislaus,099,539301,120958,120241,18219,138460,1657
2022-05-28,Sutter,101,95872,21047,20976,2186,23162,227
2022-05-28,Tehama,103,63373,12240,12210,2647,14857,204
2022-05-28,Trinity,105,12862,1203,1196,289,1485,20
2022-05-28,Tulare,107,460477,108339,108029,28738,136767,1484
2022-05-28,Tuolumne,109,53932,13259,13141,606,13747,189
2022-05-28,Ventura,111,848112,181499,179953,10552,190505,1503
2022-05-28,Yolo,113,214977,40641,39016,3333,42349,319
2022-05-28,Yuba,115,75493,16423,16314,1322,17636,122
2022-05-27,Alameda,001,1643700,284411,280775,15775,296550,1863
2022-05-27,Alpine,003,1148,127,126,1,127,0
2022-05-27,Amador,005,37829,8816,8696,681,9377,86
2022-05-27,Butte,007,227075,34184,33876,7246,41122,426
2022-05-27,Calaveras,009,45235,7515,7469,389,7858,120
2022-05-27,Colusa,011,21464,3481,3474,1074,4548,21
2022-05-27,Contra Costa,013,1133247,207024,203528,14984,218512,1306
2022-05-27,Del Norte,015,27424,6208,6166,242,6408,51
2022-05-27,El Dorado,017,186661,28187,27898,3408,31306,214
2022-05-27,Fresno,019,978130,237338,236250,24447,260697,2764
2022-05-27,Glenn,021,27897,5061,5048,1634,6682,48
2022-05-27,Humboldt,023,135768,18395,18257,3456,21713,147
2022-05-27,Imperial,025,180216,56518,56323,10840,67163,939
2022-05-27,Inyo,027,18085,4180,4161,562,4723,56
2022-05-27,Kern,029,883053,195604,194687,47425,242112,2334
2022-05-27,Kings,031,150075,52456,52292,3563,55855,447
2022-05-27,Lake,033,64148,11053,10958,920,11878,137
2022-05-27,Lassen,035,31185,9078,9049,892,9941,64
2022-05-27,Los Angeles,037,10098052,2842887,2819145,133435,2952580,31862
2022-05-27,Madera,039,155013,38145,37955,6295,44250,371
2022-05-27,Marin,041,260295,37700,37215,3881,41096,293
2022-05-27,Mariposa,043,17540,2554,2526,226,2752,31
2022-05-27,Mendocino,045,87422,13704,13612,3414,17026,124
2022-05-27,Merced,047,269075,63731,63389,9141,72530,824
2022-05-27,Modoc,049,8938,753,751,257,1008,8
2022-05-27,Mono,051,14174,3034,3030,160,3190,6
2022-05-27,Monterey,053,433212,82375,81875,15427,97302,737
2022-05-27,Napa,055,140530,27633,27376,1137,28513,144
2022-05-27,Nevada,057,99092,16729,16568,1306,17874,127
2022-05-27,Orange,059,3164182,571977,568369,44965,613334,7028
2022-05-27,Placer,061,380077,66348,65672,7870,73542,626
2022-05-27,Plumas,063,18699,3120,3096,376,3472,13
2022-05-27,Riverside,065,2383286,609474,606444,29119,635563,6480
2022-05-27,Sacramento,067,1510023,296501,294000,28563,322563,3032
2022-05-27,San Benito,069,59416,13483,13402,580,13982,98
2022-05-27,San Bernardino,071,2135413,584059,578656,25384,604040,7610
2022-05-27,San Diego,073,3302833,790040,786243,56891,843134,5288
2022-05-27,San Francisco,075,870044,144859,142456,9438,151894,879
2022-05-27,San Joaquin,077,732212,172398,171282,10943,182225,2241
2022-05-27,San Luis Obispo,079,281455,55115,54701,4504,59205,481
2022-05-27,San Mateo,081,765935,137733,135746,8430,144176,710
2022-05-27,Santa Barbara,083,443738,90604,89940,5078,95018,693
2022-05-27,Santa Clara,085,1922200,349150,344223,14690,358913,2304
2022-05-27,Santa Cruz,087,273765,52220,51819,2400,54219,263
2022-05-27,Shasta,089,179085,31272,31165,6209,37374,564
2022-05-27,Sierra,091,2930,278,278,54,332,4
2022-05-27,Siskiyou,093,43540,4578,4537,2805,7342,81
2022-05-27,Solano,095,438530,87688,86565,6063,92628,452
2022-05-27,Sonoma,097,501317,91305,90364,3576,93940,490
2022-05-27,Stanislaus,099,539301,120875,120241,18205,138446,1657
2022-05-27,Sutter,101,95872,21030,20976,2185,23161,227
2022-05-27,Tehama,103,63373,12237,12210,2647,14857,204
2022-05-27,Trinity,105,12862,1203,1196,289,1485,20
2022-05-27,Tulare,107,460477,108271,108029,28701,136730,1484
2022-05-27,Tuolumne,109,53932,13249,13141,606,13747,189
2022-05-27,Ventura,111,848112,181323,179953,10530,190483,1503
2022-05-27,Yolo,113,214977,40570,39016,3325,42341,319
2022-05-27,Yuba,115,75493,16409,16314,1321,17635,122
2022-05-26,Alameda,001,1643700,283562,280775,15703,296478,1863
2022-05-26,Alpine,003,1148,127,126,1,127,0
2022-05-26,Amador,005,37829,8803,8696,681,9377,86
2022-05-26,Butte,007,227075,34130,33876,7227,41103,426
2022-05-26,Calaveras,009,45235,7505,7469,389,7858,120
2022-05-26,Colusa,011,21464,3478,3474,1071,4545,21
2022-05-26,Contra Costa,013,1133247,206546,203528,14946,218474,1306
2022-05-26,Del Norte,015,27424,6200,6166,238,6404,51
2022-05-26,El Dorado,017,186661,28138,27898,3399,31297,214
2022-05-26,Fresno,019,978130,237082,236250,24403,260653,2764
2022-05-26,Glenn,021,27897,5056,5048,1634,6682,48
2022-05-26,Humboldt,023,135768,18354,18257,3448,21705,147
2022-05-26,Imperial,025,180216,56485,56323,10825,67148,939
2022-05-26,Inyo,027,18085,4179,4161,559,4720,56
2022-05-26,Kern,029,883053,195440,194687,47351,242038,2334
2022-05-26,Kings,031,150075,52410,52292,3560,55852,447
2022-05-26,Lake,033,64148,11038,10958,920,11878,137
2022-05-26,Lassen,035,31185,9069,9049,892,9941,64
2022-05-26,Los Angeles,037,10098052,2838723,2819145,133106,2952251,31862
2022-05-26,Madera,039,155013,38103,37955,6294,44249,371
2022-05-26,Marin,041,260295,37605,37215,3843,41058,293
2022-05-26,Mariposa,043,17540,2549,2526,226,2752,31
2022-05-26,Mendocino,045,87422,13678,13612,3405,17017,124
2022-05-26,Merced,047,269075,63666,63389,9134,72523,824
2022-05-26,Modoc,049,8938,752,751,257,1008,8
2022-05-26,Mono,051,14174,3033,3030,159,3189,6
2022-05-26,Monterey,053,433212,82296,81875,15381,97256,737
2022-05-26,Napa,055,140530,27581,27376,1137,28513,144
2022-05-26,Nevada,057,99092,16698,16568,1302,17870,127
2022-05-26,Orange,059,3164182,571071,568369,44845,613214,7028
2022-05-26,Placer,061,380077,66212,65672,7854,73526,626
2022-05-26,Plumas,063,18699,3116,3096,375,3471,13
2022-05-26,Riverside,065,2383286,608860,606444,29067,635511,6480
2022-05-26,Sacramento,067,1510023,295846,294000,28478,322478,3032
2022-05-26,San Benito,069,59416,13467,13402,578,13980,98
2022-05-26,San Bernardino,071,2135413,583518,578656,25371,604027,7610
2022-05-26,San Diego,073,3302833,788737,786243,56757,843000,5288
2022-05-26,San Francisco,075,870044,144400,142456,9393,151849,879
2022-05-26,San Joaquin,077,732212,172178,171282,10917,182199,2241
2022-05-26,San Luis Obispo,079,281455,55019,54701,4475,59176,481
2022-05-26,San Mateo,081,765935,137346,135746,8394,144140,710
2022-05-26,Santa Barbara,083,443738,90458,89940,5063,95003,693
2022-05-26,Santa Clara,085,1922200,348179,344223,14604,358827,2304
2022-05-26,Santa Cruz,087,273765,52129,51819,2394,54213,263
2022-05-26,Shasta,089,179085,31246,31165,6206,37371,564
2022-05-26,Sierra,091,2930,278,278,54,332,4
2022-05-26,Siskiyou,093,43540,4574,4537,2803,7340,81
2022-05-26,Solano,095,438530,87488,86565,6056,92621,452
2022-05-26,Sonoma,097,501317,91114,90364,3548,93912,490
2022-05-26,Stanislaus,099,539301,120771,120241,18192,138433,1657
2022-05-26,Sutter,101,95872,21010,20976,2182,23158,227
2022-05-26,Tehama,103,63373,12227,12210,2646,14856,204
2022-05-26,Trinity,105,12862,1201,1196,289,1485,20
2022-05-26,Tulare,107,460477,108202,108029,28648,136677,1484
2022-05-26,Tuolumne,109,53932,13228,13141,604,13745,189
2022-05-26,Ventura,111,848112,181058,179953,10504,190457,1503
2022-05-26,Yolo,113,214977,40465,39016,3316,42332,319
2022-05-26,Yuba,115,75493,16393,16314,1319,17633,122
2022-05-25,Alameda,001,1643700,282661,278228,15644,293872,1860
2022-05-25,Alpine,003,1148,126,126,1,127,0
2022-05-25,Amador,005,37829,8787,8654,679,9333,86
2022-05-25,Butte,007,227075,34067,33755,7205,40960,426
2022-05-25,Calaveras,009,45235,7497,7450,387,7837,120
2022-05-25,Colusa,011,21464,3477,3471,1069,4540,21
2022-05-25,Contra Costa,013,1133247,205995,201866,14890,216756,1306
2022-05-25,Del Norte,015,27424,6194,6145,232,6377,50
2022-05-25,El Dorado,017,186661,28085,27715,3392,31107,213
2022-05-25,Fresno,019,978130,236799,235569,24358,259927,2763
2022-05-25,Glenn,021,27897,5051,5030,1632,6662,48
2022-05-25,Humboldt,023,135768,18327,18133,3438,21571,147
2022-05-25,Imperial,025,180216,56428,56203,10815,67018,923
2022-05-25,Inyo,027,18085,4176,4152,559,4711,56
2022-05-25,Kern,029,883053,195247,194251,47263,241514,2336
2022-05-25,Kings,031,150075,52356,52178,3556,55734,447
2022-05-25,Lake,033,64148,11025,10908,919,11827,137
2022-05-25,Lassen,035,31185,9062,9028,892,9920,64
2022-05-25,Los Angeles,037,10098052,2834103,2806770,132743,2939513,31845
2022-05-25,Madera,039,155013,38064,37867,6287,44154,370
2022-05-25,Marin,041,260295,37505,36890,3817,40707,293
2022-05-25,Mariposa,043,17540,2539,2514,226,2740,30
2022-05-25,Mendocino,045,87422,13663,13545,3399,16944,124
2022-05-25,Merced,047,269075,63599,63220,9106,72326,823
2022-05-25,Modoc,049,8938,751,750,256,1006,8
2022-05-25,Mono,051,14174,3033,3024,158,3182,6
2022-05-25,Monterey,053,433212,82230,81592,15339,96931,737
2022-05-25,Napa,055,140530,27531,27240,1131,28371,143
2022-05-25,Nevada,057,99092,16663,16517,1297,17814,127
2022-05-25,Orange,059,3164182,570061,565564,44694,610258,7026
2022-05-25,Placer,061,380077,66061,65309,7836,73145,626
2022-05-25,Plumas,063,18699,3110,3065,374,3439,13
2022-05-25,Riverside,065,2383286,608184,604465,29017,633482,6480
2022-05-25,Sacramento,067,1510023,295203,292211,28371,320582,3028
2022-05-25,San Benito,069,59416,13432,13338,575,13913,98
2022-05-25,San Bernardino,071,2135413,582981,576982,25347,602329,7568
2022-05-25,San Diego,073,3302833,787272,782420,56592,839012,5284
2022-05-25,San Francisco,075,870044,143898,141015,9366,150381,872
2022-05-25,San Joaquin,077,732212,171940,170626,10897,181523,2238
2022-05-25,San Luis Obispo,079,281455,54913,54342,4426,58768,481
2022-05-25,San Mateo,081,765935,136888,134441,8339,142780,710
2022-05-25,Santa Barbara,083,443738,90291,89426,5053,94479,693
2022-05-25,Santa Clara,085,1922200,347104,340868,14498,355366,2304
2022-05-25,Santa Cruz,087,273765,52047,51644,2381,54025,263
2022-05-25,Shasta,089,179085,31219,31072,6198,37270,564
2022-05-25,Sierra,091,2930,278,277,54,331,4
2022-05-25,Siskiyou,093,43540,4564,4516,2800,7316,81
2022-05-25,Solano,095,438530,87279,86024,6041,92065,451
2022-05-25,Sonoma,097,501317,90921,89810,3510,93320,490
2022-05-25,Stanislaus,099,539301,120633,119894,18171,138065,1654
2022-05-25,Sutter,101,95872,20986,20904,2179,23083,226
2022-05-25,Tehama,103,63373,12221,12189,2642,14831,201
2022-05-25,Trinity,105,12862,1201,1194,289,1483,20
2022-05-25,Tulare,107,460477,108121,107790,28606,136396,1482
2022-05-25,Tuolumne,109,53932,13206,13086,601,13687,182
2022-05-25,Ventura,111,848112,180765,179116,10478,189594,1499
2022-05-25,Yolo,113,214977,40370,38782,3306,42088,319
2022-05-25,Yuba,115,75493,16366,16260,1313,17573,122
2022-05-24,Alameda,001,1643700,281789,278228,15590,293818,1860
2022-05-24,Alpine,003,1148,126,126,1,127,0
2022-05-24,Amador,005,37829,8780,8654,678,9332,86
2022-05-24,Butte,007,227075,34022,33755,7186,40941,426
2022-05-24,Calaveras,009,45235,7490,7450,385,7835,120
2022-05-24,Colusa,011,21464,3475,3471,1067,4538,21
2022-05-24,Contra Costa,013,1133247,205342,201866,14811,216677,1306
2022-05-24,Del Norte,015,27424,6189,6145,230,6375,50
2022-05-24,El Dorado,017,186661,28017,27715,3386,31101,213
2022-05-24,Fresno,019,978130,236482,235569,24325,259894,2763
2022-05-24,Glenn,021,27897,5049,5030,1632,6662,48
2022-05-24,Humboldt,023,135768,18295,18133,3424,21557,147
2022-05-24,Imperial,025,180216,56374,56203,10805,67008,923
2022-05-24,Inyo,027,18085,4168,4152,556,4708,56
2022-05-24,Kern,029,883053,195053,194251,47159,241410,2336
2022-05-24,Kings,031,150075,52288,52178,3551,55729,447
2022-05-24,Lake,033,64148,11008,10908,917,11825,137
2022-05-24,Lassen,035,31185,9049,9028,888,9916,64
2022-05-24,Los Angeles,037,10098052,2828821,2806770,132362,2939132,31845
2022-05-24,Madera,039,155013,38015,37867,6278,44145,370
2022-05-24,Marin,041,260295,37399,36890,3766,40656,293
2022-05-24,Mariposa,043,17540,2532,2514,225,2739,30
2022-05-24,Mendocino,045,87422,13639,13545,3391,16936,124
2022-05-24,Merced,047,269075,63538,63220,9075,72295,823
2022-05-24,Modoc,049,8938,750,750,255,1005,8
2022-05-24,Mono,051,14174,3030,3024,158,3182,6
2022-05-24,Monterey,053,433212,82139,81592,15282,96874,737
2022-05-24,Napa,055,140530,27483,27240,1119,28359,143
2022-05-24,Nevada,057,99092,16621,16517,1295,17812,127
2022-05-24,Orange,059,3164182,569033,565564,44530,610094,7026
2022-05-24,Placer,061,380077,65961,65309,7821,73130,626
2022-05-24,Plumas,063,18699,3104,3065,374,3439,13
2022-05-24,Riverside,065,2383286,607489,604465,28971,633436,6480
2022-05-24,Sacramento,067,1510023,294518,292211,28252,320463,3028
2022-05-24,San Benito,069,59416,13398,13338,574,13912,98
2022-05-24,San Bernardino,071,2135413,582362,576982,25322,602304,7568
2022-05-24,San Diego,073,3302833,785621,782420,56400,838820,5284
2022-05-24,San Francisco,075,870044,143354,141015,9349,150364,872
2022-05-24,San Joaquin,077,732212,171677,170626,10870,181496,2238
2022-05-24,San Luis Obispo,079,281455,54763,54342,4374,58716,481
2022-05-24,San Mateo,081,765935,136357,134441,8294,142735,710
2022-05-24,Santa Barbara,083,443738,90129,89426,5033,94459,693
2022-05-24,Santa Clara,085,1922200,345819,340868,14408,355276,2304
2022-05-24,Santa Cruz,087,273765,51971,51644,2373,54017,263
2022-05-24,Shasta,089,179085,31194,31072,6188,37260,564
2022-05-24,Sierra,091,2930,278,277,54,331,4
2022-05-24,Siskiyou,093,43540,4554,4516,2792,7308,81
2022-05-24,Solano,095,438530,87048,86024,6014,92038,451
2022-05-24,Sonoma,097,501317,90716,89810,3478,93288,490
2022-05-24,Stanislaus,099,539301,120495,119894,18141,138035,1654
2022-05-24,Sutter,101,95872,20965,20904,2175,23079,226
2022-05-24,Tehama,103,63373,12212,12189,2640,14829,201
2022-05-24,Trinity,105,12862,1198,1194,289,1483,20
2022-05-24,Tulare,107,460477,108004,107790,28555,136345,1482
2022-05-24,Tuolumne,109,53932,13191,13086,601,13687,182
2022-05-24,Ventura,111,848112,180449,179116,10452,189568,1499
2022-05-24,Yolo,113,214977,40266,38782,3301,42083,319
2022-05-24,Yuba,115,75493,16338,16260,1306,17566,122
2022-05-23,Alameda,001,1643700,280848,278228,15514,293742,1860
2022-05-23,Alpine,003,1148,126,126,1,127,0
2022-05-23,Amador,005,37829,8748,8654,675,9329,86
2022-05-23,Butte,007,227075,33975,33755,7160,40915,426
2022-05-23,Calaveras,009,45235,7483,7450,383,7833,120
2022-05-23,Colusa,011,21464,3474,3471,1065,4536,21
2022-05-23,Contra Costa,013,1133247,204608,201866,14749,216615,1306
2022-05-23,Del Norte,015,27424,6184,6145,227,6372,50
2022-05-23,El Dorado,017,186661,27935,27715,3379,31094,213
2022-05-23,Fresno,019,978130,236135,235569,24269,259838,2763
2022-05-23,Glenn,021,27897,5045,5030,1630,6660,48
2022-05-23,Humboldt,023,135768,18268,18133,3412,21545,147
2022-05-23,Imperial,025,180216,56328,56203,10787,66990,923
2022-05-23,Inyo,027,18085,4165,4152,555,4707,56
2022-05-23,Kern,029,883053,194834,194251,47073,241324,2336
2022-05-23,Kings,031,150075,52241,52178,3546,55724,447
2022-05-23,Lake,033,64148,10989,10908,917,11825,137
2022-05-23,Lassen,035,31185,9041,9028,885,9913,64
2022-05-23,Los Angeles,037,10098052,2823396,2806770,131998,2938768,31845
2022-05-23,Madera,039,155013,37984,37867,6262,44129,370
2022-05-23,Marin,041,260295,37258,36890,3722,40612,293
2022-05-23,Mariposa,043,17540,2530,2514,223,2737,30
2022-05-23,Mendocino,045,87422,13617,13545,3384,16929,124
2022-05-23,Merced,047,269075,63459,63220,9051,72271,823
2022-05-23,Modoc,049,8938,749,750,255,1005,8
2022-05-23,Mono,051,14174,3030,3024,158,3182,6
2022-05-23,Monterey,053,433212,82040,81592,15221,96813,737
2022-05-23,Napa,055,140530,27426,27240,1113,28353,143
2022-05-23,Nevada,057,99092,16586,16517,1294,17811,127
2022-05-23,Orange,059,3164182,568022,565564,44388,609952,7026
2022-05-23,Placer,061,380077,65816,65309,7798,73107,626
2022-05-23,Plumas,063,18699,3101,3065,373,3438,13
2022-05-23,Riverside,065,2383286,606764,604465,28923,633388,6480
2022-05-23,Sacramento,067,1510023,293768,292211,28130,320341,3028
2022-05-23,San Benito,069,59416,13363,13338,571,13909,98
2022-05-23,San Bernardino,071,2135413,581712,576982,25295,602277,7568
2022-05-23,San Diego,073,3302833,783899,782420,56188,838608,5284
2022-05-23,San Francisco,075,870044,142779,141015,9319,150334,872
2022-05-23,San Joaquin,077,732212,171407,170626,10842,181468,2238
2022-05-23,San Luis Obispo,079,281455,54617,54342,4328,58670,481
2022-05-23,San Mateo,081,765935,135788,134441,8259,142700,710
2022-05-23,Santa Barbara,083,443738,89894,89426,5016,94442,693
2022-05-23,Santa Clara,085,1922200,344445,340868,14327,355195,2304
2022-05-23,Santa Cruz,087,273765,51869,51644,2361,54005,263
2022-05-23,Shasta,089,179085,31171,31072,6183,37255,564
2022-05-23,Sierra,091,2930,278,277,54,331,4
2022-05-23,Siskiyou,093,43540,4540,4516,2788,7304,81
2022-05-23,Solano,095,438530,86775,86024,5999,92023,451
2022-05-23,Sonoma,097,501317,90485,89810,3435,93245,490
2022-05-23,Stanislaus,099,539301,120355,119894,18103,137997,1654
2022-05-23,Sutter,101,95872,20925,20904,2171,23075,226
2022-05-23,Tehama,103,63373,12200,12189,2639,14828,201
2022-05-23,Trinity,105,12862,1197,1194,289,1483,20
2022-05-23,Tulare,107,460477,107881,107790,28490,136280,1482
2022-05-23,Tuolumne,109,53932,13167,13086,599,13685,182
2022-05-23,Ventura,111,848112,180115,179116,10437,189553,1499
2022-05-23,Yolo,113,214977,40133,38782,3285,42067,319
2022-05-23,Yuba,115,75493,16309,16260,1302,17562,122
2022-05-22,Alameda,001,1643700,279761,274996,15410,290406,1858
2022-05-22,Alpine,003,1148,126,126,1,127,0
2022-05-22,Amador,005,37829,8731,8628,674,9302,86
2022-05-22,Butte,007,227075,33923,33606,7138,40744,426
2022-05-22,Calaveras,009,45235,7472,7424,379,7803,120
2022-05-22,Colusa,011,21464,3470,3468,1062,4530,21
2022-05-22,Contra Costa,013,1133247,203881,199703,14645,214348,1305
2022-05-22,Del Norte,015,27424,6169,6045,217,6262,50
2022-05-22,El Dorado,017,186661,27858,27517,3368,30885,213
2022-05-22,Fresno,019,978130,235796,234657,24225,258882,2760
2022-05-22,Glenn,021,27897,5035,5020,1630,6650,48
2022-05-22,Humboldt,023,135768,18215,17984,3390,21374,146
2022-05-22,Imperial,025,180216,56259,56014,10775,66789,923
2022-05-22,Inyo,027,18085,4157,4135,553,4688,56
2022-05-22,Kern,029,883053,194598,193705,46976,240681,2334
2022-05-22,Kings,031,150075,52178,52038,3543,55581,447
2022-05-22,Lake,033,64148,10957,10867,917,11784,137
2022-05-22,Lassen,035,31185,9025,9011,882,9893,64
2022-05-22,Los Angeles,037,10098052,2817515,2791671,131572,2923243,31815
2022-05-22,Madera,039,155013,37938,37744,6232,43976,370
2022-05-22,Marin,041,260295,37111,36394,3678,40072,293
2022-05-22,Mariposa,043,17540,2526,2490,222,2712,30
2022-05-22,Mendocino,045,87422,13589,13461,3359,16820,124
2022-05-22,Merced,047,269075,63380,62969,9021,71990,823
2022-05-22,Modoc,049,8938,748,750,255,1005,8
2022-05-22,Mono,051,14174,3029,3012,158,3170,6
2022-05-22,Monterey,053,433212,81879,81224,15124,96348,735
2022-05-22,Napa,055,140530,27355,27034,1106,28140,143
2022-05-22,Nevada,057,99092,16552,16410,1289,17699,127
2022-05-22,Orange,059,3164182,566928,562531,44212,606743,7025
2022-05-22,Placer,061,380077,65657,64802,7773,72575,626
2022-05-22,Plumas,063,18699,3094,3052,371,3423,13
2022-05-22,Riverside,065,2383286,605929,601808,28861,630669,6476
2022-05-22,Sacramento,067,1510023,292970,289972,27974,317946,3027
2022-05-22,San Benito,069,59416,13331,13234,565,13799,98
2022-05-22,San Bernardino,071,2135413,580993,575194,25259,600453,7523
2022-05-22,San Diego,073,3302833,782279,777404,55991,833395,5282
2022-05-22,San Francisco,075,870044,142087,138922,9302,148224,871
2022-05-22,San Joaquin,077,732212,171106,169745,10805,180550,2237
2022-05-22,San Luis Obispo,079,281455,54462,54012,4270,58282,481
2022-05-22,San Mateo,081,765935,135224,132636,8213,140849,711
2022-05-22,Santa Barbara,083,443738,89663,88783,4988,93771,692
2022-05-22,Santa Clara,085,1922200,343004,336488,14249,350737,2301
2022-05-22,Santa Cruz,087,273765,51778,51333,2349,53682,263
2022-05-22,Shasta,089,179085,31122,30966,6171,37137,564
2022-05-22,Sierra,091,2930,278,276,54,330,4
2022-05-22,Siskiyou,093,43540,4531,4501,2787,7288,81
2022-05-22,Solano,095,438530,86495,85038,5973,91011,451
2022-05-22,Sonoma,097,501317,90196,88889,3384,92273,489
2022-05-22,Stanislaus,099,539301,120182,119396,18082,137478,1653
2022-05-22,Sutter,101,95872,20896,20809,2163,22972,226
2022-05-22,Tehama,103,63373,12191,12162,2634,14796,201
2022-05-22,Trinity,105,12862,1197,1191,289,1480,20
2022-05-22,Tulare,107,460477,107773,107485,28413,135898,1477
2022-05-22,Tuolumne,109,53932,13146,12977,599,13576,182
2022-05-22,Ventura,111,848112,179765,178024,10407,188431,1499
2022-05-22,Yolo,113,214977,40006,38377,3263,41640,319
2022-05-22,Yuba,115,75493,16282,16180,1293,17473,122
2022-05-21,Alameda,001,1643700,279308,274996,15388,290384,1858
2022-05-21,Alpine,003,1148,126,126,1,127,0
2022-05-21,Amador,005,37829,8720,8628,674,9302,86
2022-05-21,Butte,007,227075,33903,33606,7126,40732,426
2022-05-21,Calaveras,009,45235,7466,7424,379,7803,120
2022-05-21,Colusa,011,21464,3470,3468,1061,4529,21
2022-05-21,Contra Costa,013,1133247,203523,199703,14630,214333,1305
2022-05-21,Del Norte,015,27424,6165,6045,215,6260,50
2022-05-21,El Dorado,017,186661,27822,27517,3366,30883,213
2022-05-21,Fresno,019,978130,235664,234657,24206,258863,2760
2022-05-21,Glenn,021,27897,5031,5020,1629,6649,48
2022-05-21,Humboldt,023,135768,18190,17984,3388,21372,146
2022-05-21,Imperial,025,180216,56225,56014,10773,66787,923
2022-05-21,Inyo,027,18085,4155,4135,551,4686,56
2022-05-21,Kern,029,883053,194502,193705,46915,240620,2334
2022-05-21,Kings,031,150075,52155,52038,3542,55580,447
2022-05-21,Lake,033,64148,10949,10867,917,11784,137
2022-05-21,Lassen,035,31185,9022,9011,882,9893,64
2022-05-21,Los Angeles,037,10098052,2815217,2791671,131332,2923003,31815
2022-05-21,Madera,039,155013,37920,37744,6227,43971,370
2022-05-21,Marin,041,260295,37016,36394,3634,40028,293
2022-05-21,Mariposa,043,17540,2524,2490,222,2712,30
2022-05-21,Mendocino,045,87422,13578,13461,3354,16815,124
2022-05-21,Merced,047,269075,63345,62969,9015,71984,823
2022-05-21,Modoc,049,8938,747,750,255,1005,8
2022-05-21,Mono,051,14174,3029,3012,158,3170,6
2022-05-21,Monterey,053,433212,81812,81224,15073,96297,735
2022-05-21,Napa,055,140530,27322,27034,1103,28137,143
2022-05-21,Nevada,057,99092,16546,16410,1289,17699,127
2022-05-21,Orange,059,3164182,566418,562531,44108,606639,7025
2022-05-21,Placer,061,380077,65549,64802,7760,72562,626
2022-05-21,Plumas,063,18699,3087,3052,371,3423,13
2022-05-21,Riverside,065,2383286,605457,601808,28836,630644,6476
2022-05-21,Sacramento,067,1510023,292641,289972,27945,317917,3027
2022-05-21,San Benito,069,59416,13319,13234,564,13798,98
2022-05-21,San Bernardino,071,2135413,580656,575194,25239,600433,7523
2022-05-21,San Diego,073,3302833,781584,777404,55931,833335,5282
2022-05-21,San Francisco,075,870044,141775,138922,9289,148211,871
2022-05-21,San Joaquin,077,732212,170988,169745,10787,180532,2237
2022-05-21,San Luis Obispo,079,281455,54383,54012,4258,58270,481
2022-05-21,San Mateo,081,765935,134913,132636,8193,140829,711
2022-05-21,Santa Barbara,083,443738,89571,88783,4985,93768,692
2022-05-21,Santa Clara,085,1922200,342155,336488,14206,350694,2301
2022-05-21,Santa Cruz,087,273765,51733,51333,2342,53675,263
2022-05-21,Shasta,089,179085,31110,30966,6169,37135,564
2022-05-21,Sierra,091,2930,277,276,54,330,4
2022-05-21,Siskiyou,093,43540,4527,4501,2785,7286,81
2022-05-21,Solano,095,438530,86411,85038,5970,91008,451
2022-05-21,Sonoma,097,501317,90070,88889,3379,92268,489
2022-05-21,Stanislaus,099,539301,120103,119396,18061,137457,1653
2022-05-21,Sutter,101,95872,20886,20809,2158,22967,226
2022-05-21,Tehama,103,63373,12189,12162,2633,14795,201
2022-05-21,Trinity,105,12862,1197,1191,289,1480,20
2022-05-21,Tulare,107,460477,107710,107485,28377,135862,1477
2022-05-21,Tuolumne,109,53932,13139,12977,599,13576,182
2022-05-21,Ventura,111,848112,179592,178024,10392,188416,1499
2022-05-21,Yolo,113,214977,39941,38377,3255,41632,319
2022-05-21,Yuba,115,75493,16269,16180,1291,17471,122
2022-05-20,Alameda,001,1643700,278769,274996,15367,290363,1858
2022-05-20,Alpine,003,1148,126,126,1,127,0
2022-05-20,Amador,005,37829,8713,8628,674,9302,86
2022-05-20,Butte,007,227075,33880,33606,7114,40720,426
2022-05-20,Calaveras,009,45235,7458,7424,379,7803,120
2022-05-20,Colusa,011,21464,3470,3468,1061,4529,21
2022-05-20,Contra Costa,013,1133247,203167,199703,14622,214325,1305
2022-05-20,Del Norte,015,27424,6160,6045,214,6259,50
2022-05-20,El Dorado,017,186661,27790,27517,3363,30880,213
2022-05-20,Fresno,019,978130,235506,234657,24184,258841,2760
2022-05-20,Glenn,021,27897,5028,5020,1629,6649,48
2022-05-20,Humboldt,023,135768,18168,17984,3386,21370,146
2022-05-20,Imperial,025,180216,56200,56014,10770,66784,923
2022-05-20,Inyo,027,18085,4152,4135,547,4682,56
2022-05-20,Kern,029,883053,194399,193705,46866,240571,2334
2022-05-20,Kings,031,150075,52140,52038,3541,55579,447
2022-05-20,Lake,033,64148,10932,10867,917,11784,137
2022-05-20,Lassen,035,31185,9020,9011,882,9893,64
2022-05-20,Los Angeles,037,10098052,2812870,2791671,131113,2922784,31815
2022-05-20,Madera,039,155013,37901,37744,6224,43968,370
2022-05-20,Marin,041,260295,36943,36394,3595,39989,293
2022-05-20,Mariposa,043,17540,2519,2490,222,2712,30
2022-05-20,Mendocino,045,87422,13563,13461,3353,16814,124
2022-05-20,Merced,047,269075,63311,62969,9012,71981,823
2022-05-20,Modoc,049,8938,747,750,255,1005,8
2022-05-20,Mono,051,14174,3025,3012,158,3170,6
2022-05-20,Monterey,053,433212,81752,81224,15038,96262,735
2022-05-20,Napa,055,140530,27292,27034,1100,28134,143
2022-05-20,Nevada,057,99092,16538,16410,1287,17697,127
2022-05-20,Orange,059,3164182,565844,562531,44012,606543,7025
2022-05-20,Placer,061,380077,65474,64802,7745,72547,626
2022-05-20,Plumas,063,18699,3085,3052,371,3423,13
2022-05-20,Riverside,065,2383286,605007,601808,28815,630623,6476
2022-05-20,Sacramento,067,1510023,292262,289972,27924,317896,3027
2022-05-20,San Benito,069,59416,13304,13234,564,13798,98
2022-05-20,San Bernardino,071,2135413,580336,575194,25222,600416,7523
2022-05-20,San Diego,073,3302833,780788,777404,55851,833255,5282
2022-05-20,San Francisco,075,870044,141443,138922,9260,148182,871
2022-05-20,San Joaquin,077,732212,170866,169745,10781,180526,2237
2022-05-20,San Luis Obispo,079,281455,54347,54012,4254,58266,481
2022-05-20,San Mateo,081,765935,134598,132636,8172,140808,711
2022-05-20,Santa Barbara,083,443738,89487,88783,4980,93763,692
2022-05-20,Santa Clara,085,1922200,341361,336488,14153,350641,2301
2022-05-20,Santa Cruz,087,273765,51689,51333,2324,53657,263
2022-05-20,Shasta,089,179085,31096,30966,6166,37132,564
2022-05-20,Sierra,091,2930,277,276,54,330,4
2022-05-20,Siskiyou,093,43540,4524,4501,2783,7284,81
2022-05-20,Solano,095,438530,86270,85038,5963,91001,451
2022-05-20,Sonoma,097,501317,89943,88889,3366,92255,489
2022-05-20,Stanislaus,099,539301,120021,119396,18050,137446,1653
2022-05-20,Sutter,101,95872,20877,20809,2158,22967,226
2022-05-20,Tehama,103,63373,12186,12162,2632,14794,201
2022-05-20,Trinity,105,12862,1197,1191,289,1480,20
2022-05-20,Tulare,107,460477,107653,107485,28338,135823,1477
2022-05-20,Tuolumne,109,53932,13120,12977,599,13576,182
2022-05-20,Ventura,111,848112,179396,178024,10382,188406,1499
2022-05-20,Yolo,113,214977,39871,38377,3250,41627,319
2022-05-20,Yuba,115,75493,16254,16180,1287,17467,122
2022-05-19,Alameda,001,1643700,277937,274996,15302,290298,1858
2022-05-19,Alpine,003,1148,126,126,1,127,0
2022-05-19,Amador,005,37829,8705,8628,674,9302,86
2022-05-19,Butte,007,227075,33846,33606,7105,40711,426
2022-05-19,Calaveras,009,45235,7452,7424,376,7800,120
2022-05-19,Colusa,011,21464,3469,3468,1060,4528,21
2022-05-19,Contra Costa,013,1133247,202624,199703,14563,214266,1305
2022-05-19,Del Norte,015,27424,6155,6045,210,6255,50
2022-05-19,El Dorado,017,186661,27738,27517,3356,30873,213
2022-05-19,Fresno,019,978130,235281,234657,24149,258806,2760
2022-05-19,Glenn,021,27897,5027,5020,1625,6645,48
2022-05-19,Humboldt,023,135768,18134,17984,3375,21359,146
2022-05-19,Imperial,025,180216,56154,56014,10769,66783,923
2022-05-19,Inyo,027,18085,4148,4135,546,4681,56
2022-05-19,Kern,029,883053,194256,193705,46792,240497,2334
2022-05-19,Kings,031,150075,52113,52038,3540,55578,447
2022-05-19,Lake,033,64148,10924,10867,916,11783,137
2022-05-19,Lassen,035,31185,9016,9011,882,9893,64
2022-05-19,Los Angeles,037,10098052,2808913,2791671,130786,2922457,31815
2022-05-19,Madera,039,155013,37865,37744,6215,43959,370
2022-05-19,Marin,041,260295,36847,36394,3562,39956,293
2022-05-19,Mariposa,043,17540,2511,2490,222,2712,30
2022-05-19,Mendocino,045,87422,13540,13461,3346,16807,124
2022-05-19,Merced,047,269075,63248,62969,8999,71968,823
2022-05-19,Modoc,049,8938,747,750,255,1005,8
2022-05-19,Mono,051,14174,3024,3012,154,3166,6
2022-05-19,Monterey,053,433212,81673,81224,14977,96201,735
2022-05-19,Napa,055,140530,27235,27034,1097,28131,143
2022-05-19,Nevada,057,99092,16504,16410,1282,17692,127
2022-05-19,Orange,059,3164182,565011,562531,43888,606419,7025
2022-05-19,Placer,061,380077,65356,64802,7732,72534,626
2022-05-19,Plumas,063,18699,3079,3052,371,3423,13
2022-05-19,Riverside,065,2383286,604375,601808,28774,630582,6476
2022-05-19,Sacramento,067,1510023,291703,289972,27842,317814,3027
2022-05-19,San Benito,069,59416,13276,13234,563,13797,98
2022-05-19,San Bernardino,071,2135413,579821,575194,25204,600398,7523
2022-05-19,San Diego,073,3302833,779552,777404,55703,833107,5282
2022-05-19,San Francisco,075,870044,140968,138922,9227,148149,871
2022-05-19,San Joaquin,077,732212,170624,169745,10765,180510,2237
2022-05-19,San Luis Obispo,079,281455,54244,54012,4226,58238,481
2022-05-19,San Mateo,081,765935,134135,132636,8120,140756,711
2022-05-19,Santa Barbara,083,443738,89333,88783,4964,93747,692
2022-05-19,Santa Clara,085,1922200,340268,336488,14062,350550,2301
2022-05-19,Santa Cruz,087,273765,51611,51333,2313,53646,263
2022-05-19,Shasta,089,179085,31067,30966,6160,37126,564
2022-05-19,Sierra,091,2930,277,276,54,330,4
2022-05-19,Siskiyou,093,43540,4521,4501,2781,7282,81
2022-05-19,Solano,095,438530,86087,85038,5942,90980,451
2022-05-19,Sonoma,097,501317,89739,88889,3334,92223,489
2022-05-19,Stanislaus,099,539301,119893,119396,18030,137426,1653
2022-05-19,Sutter,101,95872,20841,20809,2156,22965,226
2022-05-19,Tehama,103,63373,12176,12162,2629,14791,201
2022-05-19,Trinity,105,12862,1196,1191,289,1480,20
2022-05-19,Tulare,107,460477,107562,107485,28293,135778,1477
2022-05-19,Tuolumne,109,53932,13096,12977,598,13575,182
2022-05-19,Ventura,111,848112,179123,178024,10351,188375,1499
2022-05-19,Yolo,113,214977,39780,38377,3244,41621,319
2022-05-19,Yuba,115,75493,16234,16180,1279,17459,122
2022-05-18,Alameda,001,1643700,277089,272530,15236,287766,1859
2022-05-18,Alpine,003,1148,126,126,1,127,0
2022-05-18,Amador,005,37829,8687,8592,674,9266,86
2022-05-18,Butte,007,227075,33804,33486,7092,40578,426
2022-05-18,Calaveras,009,45235,7444,7400,376,7776,120
2022-05-18,Colusa,011,21464,3469,3467,1060,4527,21
2022-05-18,Contra Costa,013,1133247,202069,198207,14500,212707,1303
2022-05-18,Del Norte,015,27424,6147,6001,206,6207,50
2022-05-18,El Dorado,017,186661,27687,27388,3349,30737,212
2022-05-18,Fresno,019,978130,235020,234055,24112,258167,2759
2022-05-18,Glenn,021,27897,5026,5012,1625,6637,48
2022-05-18,Humboldt,023,135768,18109,17868,3363,21231,146
2022-05-18,Imperial,025,180216,56092,55915,10764,66679,918
2022-05-18,Inyo,027,18085,4144,4120,540,4660,56
2022-05-18,Kern,029,883053,194135,193338,46732,240070,2327
2022-05-18,Kings,031,150075,52084,51903,3537,55440,447
2022-05-18,Lake,033,64148,10915,10831,915,11746,137
2022-05-18,Lassen,035,31185,9010,8994,882,9876,65
2022-05-18,Los Angeles,037,10098052,2804575,2780354,130509,2910863,31789
2022-05-18,Madera,039,155013,37828,37644,6209,43853,365
2022-05-18,Marin,041,260295,36756,36024,3523,39547,293
2022-05-18,Mariposa,043,17540,2504,2481,222,2703,30
2022-05-18,Mendocino,045,87422,13519,13403,3331,16734,124
2022-05-18,Merced,047,269075,63182,62802,8974,71776,818
2022-05-18,Modoc,049,8938,747,748,255,1003,8
2022-05-18,Mono,051,14174,3022,3010,152,3162,6
2022-05-18,Monterey,053,433212,81563,80955,14922,95877,735
2022-05-18,Napa,055,140530,27194,26912,1091,28003,143
2022-05-18,Nevada,057,99092,16484,16361,1279,17640,127
2022-05-18,Orange,059,3164182,564209,560094,43783,603877,7021
2022-05-18,Placer,061,380077,65211,64432,7722,72154,626
2022-05-18,Plumas,063,18699,3071,3022,369,3391,13
2022-05-18,Riverside,065,2383286,603732,599947,28727,628674,6471
2022-05-18,Sacramento,067,1510023,291180,288335,27759,316094,3022
2022-05-18,San Benito,069,59416,13253,13186,561,13747,98
2022-05-18,San Bernardino,071,2135413,579347,573790,25179,598969,7455
2022-05-18,San Diego,073,3302833,778115,773934,55544,829478,5277
2022-05-18,San Francisco,075,870044,140436,137341,9203,146544,869
2022-05-18,San Joaquin,077,732212,170389,169045,10682,179727,2236
2022-05-18,San Luis Obispo,079,281455,54146,53756,4191,57947,478
2022-05-18,San Mateo,081,765935,133711,131330,8059,139389,709
2022-05-18,Santa Barbara,083,443738,89172,88317,4946,93263,693
2022-05-18,Santa Clara,085,1922200,339116,333230,13970,347200,2300
2022-05-18,Santa Cruz,087,273765,51519,51020,2301,53321,263
2022-05-18,Shasta,089,179085,31044,30899,6156,37055,558
2022-05-18,Sierra,091,2930,277,275,54,329,4
2022-05-18,Siskiyou,093,43540,4516,4495,2779,7274,81
2022-05-18,Solano,095,438530,85828,84476,5927,90403,451
2022-05-18,Sonoma,097,501317,89541,88195,3303,91498,489
2022-05-18,Stanislaus,099,539301,119784,119025,18000,137025,1645
2022-05-18,Sutter,101,95872,20819,20763,2148,22911,226
2022-05-18,Tehama,103,63373,12170,12133,2626,14759,201
2022-05-18,Trinity,105,12862,1196,1189,289,1478,20
2022-05-18,Tulare,107,460477,107491,107292,28240,135532,1477
2022-05-18,Tuolumne,109,53932,13077,12917,596,13513,182
2022-05-18,Ventura,111,848112,178853,177233,10325,187558,1497
2022-05-18,Yolo,113,214977,39668,38139,3235,41374,316
2022-05-18,Yuba,115,75493,16210,16109,1273,17382,122
2022-05-17,Alameda,001,1643700,276265,272530,15177,287707,1859
2022-05-17,Alpine,003,1148,126,126,1,127,0
2022-05-17,Amador,005,37829,8679,8592,673,9265,86
2022-05-17,Butte,007,227075,33750,33486,7077,40563,426
2022-05-17,Calaveras,009,45235,7437,7400,376,7776,120
2022-05-17,Colusa,011,21464,3468,3467,1059,4526,21
2022-05-17,Contra Costa,013,1133247,201429,198207,14434,212641,1303
2022-05-17,Del Norte,015,27424,6133,6001,206,6207,50
2022-05-17,El Dorado,017,186661,27632,27388,3346,30734,212
2022-05-17,Fresno,019,978130,234769,234055,24088,258143,2759
2022-05-17,Glenn,021,27897,5023,5012,1624,6636,48
2022-05-17,Humboldt,023,135768,18069,17868,3349,21217,146
2022-05-17,Imperial,025,180216,56048,55915,10754,66669,918
2022-05-17,Inyo,027,18085,4142,4120,532,4652,56
2022-05-17,Kern,029,883053,193978,193338,46676,240014,2327
2022-05-17,Kings,031,150075,52041,51903,3533,55436,447
2022-05-17,Lake,033,64148,10900,10831,913,11744,137
2022-05-17,Lassen,035,31185,9005,8994,881,9875,65
2022-05-17,Los Angeles,037,10098052,2800026,2780354,130209,2910563,31789
2022-05-17,Madera,039,155013,37802,37644,6196,43840,365
2022-05-17,Marin,041,260295,36622,36024,3462,39486,293
2022-05-17,Mariposa,043,17540,2499,2481,221,2702,30
2022-05-17,Mendocino,045,87422,13493,13403,3322,16725,124
2022-05-17,Merced,047,269075,63117,62802,8956,71758,818
2022-05-17,Modoc,049,8938,747,748,255,1003,8
2022-05-17,Mono,051,14174,3018,3010,152,3162,6
2022-05-17,Monterey,053,433212,81447,80955,14855,95810,735
2022-05-17,Napa,055,140530,27146,26912,1083,27995,143
2022-05-17,Nevada,057,99092,16455,16361,1273,17634,127
2022-05-17,Orange,059,3164182,563313,560094,43651,603745,7021
2022-05-17,Placer,061,380077,65046,64432,7690,72122,626
2022-05-17,Plumas,063,18699,3065,3022,368,3390,13
2022-05-17,Riverside,065,2383286,603044,599947,28689,628636,6471
2022-05-17,Sacramento,067,1510023,290550,288335,27658,315993,3022
2022-05-17,San Benito,069,59416,13216,13186,561,13747,98
2022-05-17,San Bernardino,071,2135413,578858,573790,25166,598956,7455
2022-05-17,San Diego,073,3302833,776607,773934,55384,829318,5277
2022-05-17,San Francisco,075,870044,139855,137341,9172,146513,869
2022-05-17,San Joaquin,077,732212,170146,169045,10645,179690,2236
2022-05-17,San Luis Obispo,079,281455,54053,53756,4149,57905,478
2022-05-17,San Mateo,081,765935,133217,131330,8026,139356,709
2022-05-17,Santa Barbara,083,443738,88973,88317,4932,93249,693
2022-05-17,Santa Clara,085,1922200,337935,333230,13899,347129,2300
2022-05-17,Santa Cruz,087,273765,51442,51020,2293,53313,263
2022-05-17,Shasta,089,179085,31006,30899,6153,37052,558
2022-05-17,Sierra,091,2930,277,275,54,329,4
2022-05-17,Siskiyou,093,43540,4514,4495,2777,7272,81
2022-05-17,Solano,095,438530,85550,84476,5901,90377,451
2022-05-17,Sonoma,097,501317,89297,88195,3260,91455,489
2022-05-17,Stanislaus,099,539301,119636,119025,17975,137000,1645
2022-05-17,Sutter,101,95872,20799,20763,2145,22908,226
2022-05-17,Tehama,103,63373,12158,12133,2623,14756,201
2022-05-17,Trinity,105,12862,1195,1189,289,1478,20
2022-05-17,Tulare,107,460477,107397,107292,28199,135491,1477
2022-05-17,Tuolumne,109,53932,13062,12917,596,13513,182
2022-05-17,Ventura,111,848112,178531,177233,10286,187519,1497
2022-05-17,Yolo,113,214977,39530,38139,3227,41366,316
2022-05-17,Yuba,115,75493,16186,16109,1270,17379,122
2022-05-16,Alameda,001,1643700,275264,272530,15105,287635,1859
2022-05-16,Alpine,003,1148,126,126,1,127,0
2022-05-16,Amador,005,37829,8669,8592,672,9264,86
2022-05-16,Butte,007,227075,33693,33486,7065,40551,426
2022-05-16,Calaveras,009,45235,7429,7400,374,7774,120
2022-05-16,Colusa,011,21464,3467,3467,1059,4526,21
2022-05-16,Contra Costa,013,1133247,200790,198207,14374,212581,1303
2022-05-16,Del Norte,015,27424,6120,6001,203,6204,50
2022-05-16,El Dorado,017,186661,27576,27388,3339,30727,212
2022-05-16,Fresno,019,978130,234508,234055,24055,258110,2759
2022-05-16,Glenn,021,27897,5019,5012,1621,6633,48
2022-05-16,Humboldt,023,135768,18024,17868,3340,21208,146
2022-05-16,Imperial,025,180216,55984,55915,10744,66659,918
2022-05-16,Inyo,027,18085,4138,4120,529,4649,56
2022-05-16,Kern,029,883053,193824,193338,46613,239951,2327
2022-05-16,Kings,031,150075,51991,51903,3532,55435,447
2022-05-16,Lake,033,64148,10894,10831,912,11743,137
2022-05-16,Lassen,035,31185,9000,8994,879,9873,65
2022-05-16,Los Angeles,037,10098052,2795581,2780354,129929,2910283,31789
2022-05-16,Madera,039,155013,37771,37644,6185,43829,365
2022-05-16,Marin,041,260295,36458,36024,3414,39438,293
2022-05-16,Mariposa,043,17540,2498,2481,220,2701,30
2022-05-16,Mendocino,045,87422,13467,13403,3311,16714,124
2022-05-16,Merced,047,269075,63047,62802,8926,71728,818
2022-05-16,Modoc,049,8938,747,748,255,1003,8
2022-05-16,Mono,051,14174,3016,3010,152,3162,6
2022-05-16,Monterey,053,433212,81336,80955,14771,95726,735
2022-05-16,Napa,055,140530,27094,26912,1080,27992,143
2022-05-16,Nevada,057,99092,16436,16361,1267,17628,127
2022-05-16,Orange,059,3164182,562458,560094,43527,603621,7021
2022-05-16,Placer,061,380077,64939,64432,7664,72096,626
2022-05-16,Plumas,063,18699,3055,3022,368,3390,13
2022-05-16,Riverside,065,2383286,602329,599947,28642,628589,6471
2022-05-16,Sacramento,067,1510023,289887,288335,27568,315903,3022
2022-05-16,San Benito,069,59416,13198,13186,556,13742,98
2022-05-16,San Bernardino,071,2135413,578391,573790,25142,598932,7455
2022-05-16,San Diego,073,3302833,775068,773934,55221,829155,5277
2022-05-16,San Francisco,075,870044,139145,137341,9140,146481,869
2022-05-16,San Joaquin,077,732212,169867,169045,10462,179507,2236
2022-05-16,San Luis Obispo,079,281455,53950,53756,4120,57876,478
2022-05-16,San Mateo,081,765935,132674,131330,7981,139311,709
2022-05-16,Santa Barbara,083,443738,88830,88317,4923,93240,693
2022-05-16,Santa Clara,085,1922200,336606,333230,13816,347046,2300
2022-05-16,Santa Cruz,087,273765,51366,51020,2280,53300,263
2022-05-16,Shasta,089,179085,30973,30899,6145,37044,558
2022-05-16,Sierra,091,2930,277,275,53,328,4
2022-05-16,Siskiyou,093,43540,4511,4495,2770,7265,81
2022-05-16,Solano,095,438530,85289,84476,5876,90352,451
2022-05-16,Sonoma,097,501317,88996,88195,3228,91423,489
2022-05-16,Stanislaus,099,539301,119491,119025,17944,136969,1645
2022-05-16,Sutter,101,95872,20785,20763,2140,22903,226
2022-05-16,Tehama,103,63373,12150,12133,2620,14753,201
2022-05-16,Trinity,105,12862,1194,1189,289,1478,20
2022-05-16,Tulare,107,460477,107323,107292,28150,135442,1477
2022-05-16,Tuolumne,109,53932,13030,12917,594,13511,182
2022-05-16,Ventura,111,848112,178200,177233,10241,187474,1497
2022-05-16,Yolo,113,214977,39395,38139,3218,41357,316
2022-05-16,Yuba,115,75493,16159,16109,1267,17376,122
2022-05-15,Alameda,001,1643700,274197,268944,15040,283984,1857
2022-05-15,Alpine,003,1148,126,125,1,126,0
2022-05-15,Amador,005,37829,8653,8574,671,9245,86
2022-05-15,Butte,007,227075,33638,33377,7046,40423,424
2022-05-15,Calaveras,009,45235,7410,7378,372,7750,120
2022-05-15,Colusa,011,21464,3464,3463,1057,4520,21
2022-05-15,Contra Costa,013,1133247,200033,195925,14307,210232,1301
2022-05-15,Del Norte,015,27424,6047,5919,202,6121,50
2022-05-15,El Dorado,017,186661,27515,27216,3327,30543,212
2022-05-15,Fresno,019,978130,234241,233305,24023,257328,2757
2022-05-15,Glenn,021,27897,5016,5004,1620,6624,48
2022-05-15,Humboldt,023,135768,17974,17633,3306,20939,146
2022-05-15,Imperial,025,180216,55948,55756,10725,66481,917
2022-05-15,Inyo,027,18085,4134,4114,525,4639,56
2022-05-15,Kern,029,883053,193648,192939,46533,239472,2314
2022-05-15,Kings,031,150075,51931,51779,3528,55307,447
2022-05-15,Lake,033,64148,10877,10790,909,11699,137
2022-05-15,Lassen,035,31185,8992,8987,878,9865,65
2022-05-15,Los Angeles,037,10098052,2790970,2768726,129559,2898285,31768
2022-05-15,Madera,039,155013,37729,37520,6172,43692,365
2022-05-15,Marin,041,260295,36287,35486,3375,38861,293
2022-05-15,Mariposa,043,17540,2493,2463,219,2682,30
2022-05-15,Mendocino,045,87422,13448,13349,3286,16635,124
2022-05-15,Merced,047,269075,62962,62627,8882,71509,818
2022-05-15,Modoc,049,8938,746,747,255,1002,8
2022-05-15,Mono,051,14174,3013,3002,150,3152,6
2022-05-15,Monterey,053,433212,81226,80620,14684,95304,735
2022-05-15,Napa,055,140530,27041,26698,1076,27774,143
2022-05-15,Nevada,057,99092,16406,16240,1265,17505,127
2022-05-15,Orange,059,3164182,561511,557134,43394,600528,7017
2022-05-15,Placer,061,380077,64757,63963,7642,71605,626
2022-05-15,Plumas,063,18699,3049,3006,368,3374,13
2022-05-15,Riverside,065,2383286,601610,597914,28579,626493,6471
2022-05-15,Sacramento,067,1510023,289173,286403,27438,313841,3022
2022-05-15,San Benito,069,59416,13173,13106,554,13660,98
2022-05-15,San Bernardino,071,2135413,577842,572057,25118,597175,7423
2022-05-15,San Diego,073,3302833,773565,770323,55025,825348,5271
2022-05-15,San Francisco,075,870044,138426,134916,9107,144023,866
2022-05-15,San Joaquin,077,732212,169624,168174,10390,178564,2236
2022-05-15,San Luis Obispo,079,281455,53823,53502,4078,57580,478
2022-05-15,San Mateo,081,765935,132143,129480,7920,137400,709
2022-05-15,Santa Barbara,083,443738,88600,87773,4892,92665,693
2022-05-15,Santa Clara,085,1922200,335185,328609,13733,342342,2297
2022-05-15,Santa Cruz,087,273765,51263,50268,2266,52534,263
2022-05-15,Shasta,089,179085,30931,30799,6139,36938,557
2022-05-15,Sierra,091,2930,277,275,53,328,4
2022-05-15,Siskiyou,093,43540,4509,4482,2767,7249,81
2022-05-15,Solano,095,438530,84971,83669,5847,89516,451
2022-05-15,Sonoma,097,501317,88671,87070,3207,90277,488
2022-05-15,Stanislaus,099,539301,119322,118586,17916,136502,1645
2022-05-15,Sutter,101,95872,20758,20690,2134,22824,226
2022-05-15,Tehama,103,63373,12132,12115,2614,14729,201
2022-05-15,Trinity,105,12862,1193,1188,289,1477,20
2022-05-15,Tulare,107,460477,107222,107077,28101,135178,1469
2022-05-15,Tuolumne,109,53932,12980,12851,593,13444,182
2022-05-15,Ventura,111,848112,177853,176317,10196,186513,1497
2022-05-15,Yolo,113,214977,39280,37737,3206,40943,316
2022-05-15,Yuba,115,75493,16125,16028,1258,17286,122
2022-05-14,Alameda,001,1643700,273778,268944,15022,283966,1857
2022-05-14,Alpine,003,1148,125,125,1,126,0
2022-05-14,Amador,005,37829,8647,8574,671,9245,86
2022-05-14,Butte,007,227075,33618,33377,7038,40415,424
2022-05-14,Calaveras,009,45235,7408,7378,372,7750,120
2022-05-14,Colusa,011,21464,3464,3463,1057,4520,21
2022-05-14,Contra Costa,013,1133247,199656,195925,14277,210202,1301
2022-05-14,Del Norte,015,27424,6039,5919,200,6119,50
2022-05-14,El Dorado,017,186661,27485,27216,3322,30538,212
2022-05-14,Fresno,019,978130,234117,233305,24016,257321,2757
2022-05-14,Glenn,021,27897,5015,5004,1616,6620,48
2022-05-14,Humboldt,023,135768,17948,17633,3299,20932,146
2022-05-14,Imperial,025,180216,55917,55756,10722,66478,917
2022-05-14,Inyo,027,18085,4129,4114,525,4639,56
2022-05-14,Kern,029,883053,193578,192939,46488,239427,2314
2022-05-14,Kings,031,150075,51904,51779,3528,55307,447
2022-05-14,Lake,033,64148,10867,10790,904,11694,137
2022-05-14,Lassen,035,31185,8990,8987,878,9865,65
2022-05-14,Los Angeles,037,10098052,2789061,2768726,129337,2898063,31768
2022-05-14,Madera,039,155013,37715,37520,6172,43692,365
2022-05-14,Marin,041,260295,36182,35486,3326,38812,293
2022-05-14,Mariposa,043,17540,2492,2463,219,2682,30
2022-05-14,Mendocino,045,87422,13438,13349,3284,16633,124
2022-05-14,Merced,047,269075,62927,62627,8879,71506,818
2022-05-14,Modoc,049,8938,745,747,255,1002,8
2022-05-14,Mono,051,14174,3013,3002,149,3151,6
2022-05-14,Monterey,053,433212,81162,80620,14630,95250,735
2022-05-14,Napa,055,140530,27018,26698,1069,27767,143
2022-05-14,Nevada,057,99092,16391,16240,1264,17504,127
2022-05-14,Orange,059,3164182,561067,557134,43310,600444,7017
2022-05-14,Placer,061,380077,64651,63963,7620,71583,626
2022-05-14,Plumas,063,18699,3045,3006,368,3374,13
2022-05-14,Riverside,065,2383286,601203,597914,28547,626461,6471
2022-05-14,Sacramento,067,1510023,288902,286403,27417,313820,3022
2022-05-14,San Benito,069,59416,13162,13106,552,13658,98
2022-05-14,San Bernardino,071,2135413,577564,572057,25106,597163,7423
2022-05-14,San Diego,073,3302833,772966,770323,54979,825302,5271
2022-05-14,San Francisco,075,870044,138065,134916,9083,143999,866
2022-05-14,San Joaquin,077,732212,169483,168174,10376,178550,2236
2022-05-14,San Luis Obispo,079,281455,53796,53502,4075,57577,478
2022-05-14,San Mateo,081,765935,131818,129480,7898,137378,709
2022-05-14,Santa Barbara,083,443738,88493,87773,4892,92665,693
2022-05-14,Santa Clara,085,1922200,334352,328609,13694,342303,2297
2022-05-14,Santa Cruz,087,273765,51216,50268,2256,52524,263
2022-05-14,Shasta,089,179085,30926,30799,6138,36937,557
2022-05-14,Sierra,091,2930,277,275,53,328,4
2022-05-14,Siskiyou,093,43540,4506,4482,2765,7247,81
2022-05-14,Solano,095,438530,84910,83669,5837,89506,451
2022-05-14,Sonoma,097,501317,88526,87070,3198,90268,488
2022-05-14,Stanislaus,099,539301,119238,118586,17905,136491,1645
2022-05-14,Sutter,101,95872,20750,20690,2133,22823,226
2022-05-14,Tehama,103,63373,12126,12115,2613,14728,201
2022-05-14,Trinity,105,12862,1193,1188,289,1477,20
2022-05-14,Tulare,107,460477,107177,107077,28073,135150,1469
2022-05-14,Tuolumne,109,53932,12969,12851,593,13444,182
2022-05-14,Ventura,111,848112,177691,176317,10174,186491,1497
2022-05-14,Yolo,113,214977,39210,37737,3199,40936,316
2022-05-14,Yuba,115,75493,16118,16028,1257,17285,122
2022-05-13,Alameda,001,1643700,273302,268944,14995,283939,1857
2022-05-13,Alpine,003,1148,125,125,1,126,0
2022-05-13,Amador,005,37829,8642,8574,670,9244,86
2022-05-13,Butte,007,227075,33601,33377,7035,40412,424
2022-05-13,Calaveras,009,45235,7404,7378,372,7750,120
2022-05-13,Colusa,011,21464,3463,3463,1057,4520,21
2022-05-13,Contra Costa,013,1133247,199312,195925,14250,210175,1301
2022-05-13,Del Norte,015,27424,6036,5919,200,6119,50
2022-05-13,El Dorado,017,186661,27457,27216,3322,30538,212
2022-05-13,Fresno,019,978130,234008,233305,23997,257302,2757
2022-05-13,Glenn,021,27897,5013,5004,1615,6619,48
2022-05-13,Humboldt,023,135768,17924,17633,3291,20924,146
2022-05-13,Imperial,025,180216,55898,55756,10721,66477,917
2022-05-13,Inyo,027,18085,4129,4114,524,4638,56
2022-05-13,Kern,029,883053,193504,192939,46459,239398,2314
2022-05-13,Kings,031,150075,51880,51779,3528,55307,447
2022-05-13,Lake,033,64148,10864,10790,904,11694,137
2022-05-13,Lassen,035,31185,8989,8987,878,9865,65
2022-05-13,Los Angeles,037,10098052,2787120,2768726,129148,2897874,31768
2022-05-13,Madera,039,155013,37695,37520,6163,43683,365
2022-05-13,Marin,041,260295,36080,35486,3285,38771,293
2022-05-13,Mariposa,043,17540,2490,2463,219,2682,30
2022-05-13,Mendocino,045,87422,13424,13349,3279,16628,124
2022-05-13,Merced,047,269075,62892,62627,8871,71498,818
2022-05-13,Modoc,049,8938,745,747,255,1002,8
2022-05-13,Mono,051,14174,3011,3002,148,3150,6
2022-05-13,Monterey,053,433212,81106,80620,14590,95210,735
2022-05-13,Napa,055,140530,26982,26698,1067,27765,143
2022-05-13,Nevada,057,99092,16376,16240,1263,17503,127
2022-05-13,Orange,059,3164182,560603,557134,43240,600374,7017
2022-05-13,Placer,061,380077,64572,63963,7611,71574,626
2022-05-13,Plumas,063,18699,3038,3006,368,3374,13
2022-05-13,Riverside,065,2383286,600815,597914,28520,626434,6471
2022-05-13,Sacramento,067,1510023,288565,286403,27399,313802,3022
2022-05-13,San Benito,069,59416,13158,13106,552,13658,98
2022-05-13,San Bernardino,071,2135413,577326,572057,25098,597155,7423
2022-05-13,San Diego,073,3302833,772327,770323,54900,825223,5271
2022-05-13,San Francisco,075,870044,137710,134916,9063,143979,866
2022-05-13,San Joaquin,077,732212,169364,168174,10365,178539,2236
2022-05-13,San Luis Obispo,079,281455,53760,53502,4071,57573,478
2022-05-13,San Mateo,081,765935,131530,129480,7877,137357,709
2022-05-13,Santa Barbara,083,443738,88400,87773,4889,92662,693
2022-05-13,Santa Clara,085,1922200,333546,328609,13662,342271,2297
2022-05-13,Santa Cruz,087,273765,51129,50268,2248,52516,263
2022-05-13,Shasta,089,179085,30922,30799,6138,36937,557
2022-05-13,Sierra,091,2930,276,275,50,325,4
2022-05-13,Siskiyou,093,43540,4505,4482,2765,7247,81
2022-05-13,Solano,095,438530,84788,83669,5830,89499,451
2022-05-13,Sonoma,097,501317,88349,87070,3189,90259,488
2022-05-13,Stanislaus,099,539301,119144,118586,17896,136482,1645
2022-05-13,Sutter,101,95872,20738,20690,2132,22822,226
2022-05-13,Tehama,103,63373,12124,12115,2611,14726,201
2022-05-13,Trinity,105,12862,1192,1188,289,1477,20
2022-05-13,Tulare,107,460477,107132,107077,28037,135114,1469
2022-05-13,Tuolumne,109,53932,12953,12851,593,13444,182
2022-05-13,Ventura,111,848112,177510,176317,10164,186481,1497
2022-05-13,Yolo,113,214977,39147,37737,3195,40932,316
2022-05-13,Yuba,115,75493,16105,16028,1254,17282,122
2022-05-12,Alameda,001,1643700,272559,268944,14940,283884,1857
2022-05-12,Alpine,003,1148,125,125,1,126,0
2022-05-12,Amador,005,37829,8633,8574,670,9244,86
2022-05-12,Butte,007,227075,33574,33377,7021,40398,424
2022-05-12,Calaveras,009,45235,7400,7378,371,7749,120
2022-05-12,Colusa,011,21464,3463,3463,1056,4519,21
2022-05-12,Contra Costa,013,1133247,198791,195925,14189,210114,1301
2022-05-12,Del Norte,015,27424,6019,5919,199,6118,50
2022-05-12,El Dorado,017,186661,27416,27216,3313,30529,212
2022-05-12,Fresno,019,978130,233857,233305,23979,257284,2757
2022-05-12,Glenn,021,27897,5009,5004,1613,6617,48
2022-05-12,Humboldt,023,135768,17882,17633,3278,20911,146
2022-05-12,Imperial,025,180216,55871,55756,10708,66464,917
2022-05-12,Inyo,027,18085,4125,4114,519,4633,56
2022-05-12,Kern,029,883053,193439,192939,46412,239351,2314
2022-05-12,Kings,031,150075,51859,51779,3526,55305,447
2022-05-12,Lake,033,64148,10846,10790,899,11689,137
2022-05-12,Lassen,035,31185,8988,8987,878,9865,65
2022-05-12,Los Angeles,037,10098052,2783908,2768726,128879,2897605,31768
2022-05-12,Madera,039,155013,37669,37520,6151,43671,365
2022-05-12,Marin,041,260295,35980,35486,3262,38748,293
2022-05-12,Mariposa,043,17540,2485,2463,218,2681,30
2022-05-12,Mendocino,045,87422,13407,13349,3267,16616,124
2022-05-12,Merced,047,269075,62859,62627,8860,71487,818
2022-05-12,Modoc,049,8938,744,747,255,1002,8
2022-05-12,Mono,051,14174,3011,3002,147,3149,6
2022-05-12,Monterey,053,433212,81047,80620,14547,95167,735
2022-05-12,Napa,055,140530,26936,26698,1065,27763,143
2022-05-12,Nevada,057,99092,16354,16240,1262,17502,127
2022-05-12,Orange,059,3164182,559964,557134,43132,600266,7017
2022-05-12,Placer,061,380077,64474,63963,7588,71551,626
2022-05-12,Plumas,063,18699,3032,3006,368,3374,13
2022-05-12,Riverside,065,2383286,600357,597914,28489,626403,6471
2022-05-12,Sacramento,067,1510023,288106,286403,27335,313738,3022
2022-05-12,San Benito,069,59416,13143,13106,551,13657,98
2022-05-12,San Bernardino,071,2135413,576976,572057,25081,597138,7423
2022-05-12,San Diego,073,3302833,771373,770323,54811,825134,5271
2022-05-12,San Francisco,075,870044,137328,134916,9024,143940,866
2022-05-12,San Joaquin,077,732212,169183,168174,10333,178507,2236
2022-05-12,San Luis Obispo,079,281455,53701,53502,4042,57544,478
2022-05-12,San Mateo,081,765935,131122,129480,7826,137306,709
2022-05-12,Santa Barbara,083,443738,88294,87773,4878,92651,693
2022-05-12,Santa Clara,085,1922200,332565,328609,13576,342185,2297
2022-05-12,Santa Cruz,087,273765,50985,50268,2243,52511,263
2022-05-12,Shasta,089,179085,30909,30799,6135,36934,557
2022-05-12,Sierra,091,2930,275,275,50,325,4
2022-05-12,Siskiyou,093,43540,4500,4482,2763,7245,81
2022-05-12,Solano,095,438530,84572,83669,5817,89486,451
2022-05-12,Sonoma,097,501317,88132,87070,3166,90236,488
2022-05-12,Stanislaus,099,539301,119043,118586,17870,136456,1645
2022-05-12,Sutter,101,95872,20722,20690,2131,22821,226
2022-05-12,Tehama,103,63373,12117,12115,2609,14724,201
2022-05-12,Trinity,105,12862,1191,1188,288,1476,20
2022-05-12,Tulare,107,460477,107080,107077,27989,135066,1469
2022-05-12,Tuolumne,109,53932,12933,12851,591,13442,182
2022-05-12,Ventura,111,848112,177279,176317,10129,186446,1497
2022-05-12,Yolo,113,214977,39034,37737,3185,40922,316
2022-05-12,Yuba,115,75493,16089,16028,1251,17279,122
2022-05-11,Alameda,001,1643700,271849,267982,14888,282870,1853
2022-05-11,Alpine,003,1148,125,125,1,126,0
2022-05-11,Amador,005,37829,8626,8564,670,9234,86
2022-05-11,Butte,007,227075,33540,33339,7015,40354,423
2022-05-11,Calaveras,009,45235,7395,7368,367,7735,120
2022-05-11,Colusa,011,21464,3462,3462,1056,4518,21
2022-05-11,Contra Costa,013,1133247,198276,195153,14135,209288,1302
2022-05-11,Del Norte,015,27424,6009,5911,199,6110,50
2022-05-11,El Dorado,017,186661,27380,27172,3306,30478,212
2022-05-11,Fresno,019,978130,233694,233021,23951,256972,2754
2022-05-11,Glenn,021,27897,5009,5001,1612,6613,48
2022-05-11,Humboldt,023,135768,17839,17585,3262,20847,146
2022-05-11,Imperial,025,180216,55844,55751,10698,66449,917
2022-05-11,Inyo,027,18085,4124,4093,518,4611,56
2022-05-11,Kern,029,883053,193342,192795,46367,239162,2292
2022-05-11,Kings,031,150075,51831,51752,3524,55276,447
2022-05-11,Lake,033,64148,10833,10786,898,11684,137
2022-05-11,Lassen,035,31185,8987,8984,877,9861,65
2022-05-11,Los Angeles,037,10098052,2780771,2761410,128650,2890060,31747
2022-05-11,Madera,039,155013,37636,37496,6140,43636,365
2022-05-11,Marin,041,260295,35879,35336,3219,38555,292
2022-05-11,Mariposa,043,17540,2480,2461,218,2679,30
2022-05-11,Mendocino,045,87422,13392,13320,3250,16570,124
2022-05-11,Merced,047,269075,62817,62567,8839,71406,818
2022-05-11,Modoc,049,8938,743,747,255,1002,8
2022-05-11,Mono,051,14174,3011,2999,146,3145,6
2022-05-11,Monterey,053,433212,80983,80534,14496,95030,733
2022-05-11,Napa,055,140530,26884,26660,1063,27723,143
2022-05-11,Nevada,057,99092,16338,16230,1257,17487,127
2022-05-11,Orange,059,3164182,559289,556265,43054,599319,7009
2022-05-11,Placer,061,380077,64376,63823,7573,71396,625
2022-05-11,Plumas,063,18699,3024,2998,368,3366,13
2022-05-11,Riverside,065,2383286,599906,597302,28457,625759,6468
2022-05-11,Sacramento,067,1510023,287691,285799,27288,313087,3020
2022-05-11,San Benito,069,59416,13123,13088,551,13639,98
2022-05-11,San Bernardino,071,2135413,576611,571372,25072,596444,7354
2022-05-11,San Diego,073,3302833,770391,768135,54681,822816,5257
2022-05-11,San Francisco,075,870044,136829,134027,8999,143026,864
2022-05-11,San Joaquin,077,732212,169008,167949,10311,178260,2233
2022-05-11,San Luis Obispo,079,281455,53654,53420,4025,57445,478
2022-05-11,San Mateo,081,765935,130725,128821,7782,136603,711
2022-05-11,Santa Barbara,083,443738,88165,87593,4866,92459,693
2022-05-11,Santa Clara,085,1922200,331554,327177,13528,340705,2294
2022-05-11,Santa Cruz,087,273765,50828,50031,2229,52260,263
2022-05-11,Shasta,089,179085,30877,30768,6132,36900,564
2022-05-11,Sierra,091,2930,275,275,50,325,4
2022-05-11,Siskiyou,093,43540,4498,4478,2763,7241,81
2022-05-11,Solano,095,438530,84375,83464,5806,89270,450
2022-05-11,Sonoma,097,501317,87927,86798,3153,89951,488
2022-05-11,Stanislaus,099,539301,118942,118445,17852,136297,1644
2022-05-11,Sutter,101,95872,20707,20668,2130,22798,225
2022-05-11,Tehama,103,63373,12117,12106,2609,14715,201
2022-05-11,Trinity,105,12862,1189,1188,288,1476,20
2022-05-11,Tulare,107,460477,107024,107068,27961,135029,1468
2022-05-11,Tuolumne,109,53932,12914,12829,591,13420,181
2022-05-11,Ventura,111,848112,177080,175955,10089,186044,1491
2022-05-11,Yolo,113,214977,38919,37654,3183,40837,316
2022-05-11,Yuba,115,75493,16070,15997,1242,17239,122
2022-05-10,Alameda,001,1643700,271071,267982,14837,282819,1853
2022-05-10,Alpine,003,1148,125,125,1,126,0
2022-05-10,Amador,005,37829,8622,8564,669,9233,86
2022-05-10,Butte,007,227075,33515,33339,7011,40350,423
2022-05-10,Calaveras,009,45235,7391,7368,366,7734,120
2022-05-10,Colusa,011,21464,3462,3462,1055,4517,21
2022-05-10,Contra Costa,013,1133247,197794,195153,14093,209246,1302
2022-05-10,Del Norte,015,27424,5956,5911,199,6110,50
2022-05-10,El Dorado,017,186661,27343,27172,3300,30472,212
2022-05-10,Fresno,019,978130,233534,233021,23923,256944,2754
2022-05-10,Glenn,021,27897,5006,5001,1612,6613,48
2022-05-10,Humboldt,023,135768,17801,17585,3246,20831,146
2022-05-10,Imperial,025,180216,55809,55751,10680,66431,917
2022-05-10,Inyo,027,18085,4122,4093,512,4605,56
2022-05-10,Kern,029,883053,193240,192795,46328,239123,2292
2022-05-10,Kings,031,150075,51799,51752,3524,55276,447
2022-05-10,Lake,033,64148,10828,10786,898,11684,137
2022-05-10,Lassen,035,31185,8982,8984,877,9861,65
2022-05-10,Los Angeles,037,10098052,2777474,2761410,128415,2889825,31747
2022-05-10,Madera,039,155013,37604,37496,6127,43623,365
2022-05-10,Marin,041,260295,35766,35336,3176,38512,292
2022-05-10,Mariposa,043,17540,2480,2461,218,2679,30
2022-05-10,Mendocino,045,87422,13380,13320,3237,16557,124
2022-05-10,Merced,047,269075,62771,62567,8820,71387,818
2022-05-10,Modoc,049,8938,743,747,255,1002,8
2022-05-10,Mono,051,14174,3007,2999,143,3142,6
2022-05-10,Monterey,053,433212,80917,80534,14448,94982,733
2022-05-10,Napa,055,140530,26846,26660,1061,27721,143
2022-05-10,Nevada,057,99092,16318,16230,1254,17484,127
2022-05-10,Orange,059,3164182,558581,556265,42963,599228,7009
2022-05-10,Placer,061,380077,64262,63823,7558,71381,625
2022-05-10,Plumas,063,18699,3016,2998,367,3365,13
2022-05-10,Riverside,065,2383286,599479,597302,28428,625730,6468
2022-05-10,Sacramento,067,1510023,287190,285799,27221,313020,3020
2022-05-10,San Benito,069,59416,13106,13088,546,13634,98
2022-05-10,San Bernardino,071,2135413,576255,571372,25046,596418,7354
2022-05-10,San Diego,073,3302833,769371,768135,54563,822698,5257
2022-05-10,San Francisco,075,870044,136277,134027,8973,143000,864
2022-05-10,San Joaquin,077,732212,168849,167949,10250,178199,2233
2022-05-10,San Luis Obispo,079,281455,53578,53420,4000,57420,478
2022-05-10,San Mateo,081,765935,130348,128821,7742,136563,711
2022-05-10,Santa Barbara,083,443738,88049,87593,4851,92444,693
2022-05-10,Santa Clara,085,1922200,330526,327177,13446,340623,2294
2022-05-10,Santa Cruz,087,273765,50702,50031,2219,52250,263
2022-05-10,Shasta,089,179085,30857,30768,6131,36899,564
2022-05-10,Sierra,091,2930,275,275,49,324,4
2022-05-10,Siskiyou,093,43540,4494,4478,2763,7241,81
2022-05-10,Solano,095,438530,84191,83464,5787,89251,450
2022-05-10,Sonoma,097,501317,87687,86798,3116,89914,488
2022-05-10,Stanislaus,099,539301,118848,118445,17834,136279,1644
2022-05-10,Sutter,101,95872,20688,20668,2127,22795,225
2022-05-10,Tehama,103,63373,12114,12106,2602,14708,201
2022-05-10,Trinity,105,12862,1189,1188,288,1476,20
2022-05-10,Tulare,107,460477,106982,107068,27933,135001,1468
2022-05-10,Tuolumne,109,53932,12902,12829,591,13420,181
2022-05-10,Ventura,111,848112,176863,175955,10055,186010,1491
2022-05-10,Yolo,113,214977,38815,37654,3172,40826,316
2022-05-10,Yuba,115,75493,16049,15997,1239,17236,122
2022-05-09,Alameda,001,1643700,270303,267982,14792,282774,1853
2022-05-09,Alpine,003,1148,125,125,1,126,0
2022-05-09,Amador,005,37829,8615,8564,669,9233,86
2022-05-09,Butte,007,227075,33489,33339,7002,40341,423
2022-05-09,Calaveras,009,45235,7385,7368,366,7734,120
2022-05-09,Colusa,011,21464,3460,3462,1053,4515,21
2022-05-09,Contra Costa,013,1133247,197327,195153,14035,209188,1302
2022-05-09,Del Norte,015,27424,5947,5911,198,6109,50
2022-05-09,El Dorado,017,186661,27307,27172,3292,30464,212
2022-05-09,Fresno,019,978130,233375,233021,23901,256922,2754
2022-05-09,Glenn,021,27897,5004,5001,1610,6611,48
2022-05-09,Humboldt,023,135768,17750,17585,3224,20809,146
2022-05-09,Imperial,025,180216,55776,55751,10666,66417,917
2022-05-09,Inyo,027,18085,4119,4093,509,4602,56
2022-05-09,Kern,029,883053,193142,192795,46272,239067,2292
2022-05-09,Kings,031,150075,51768,51752,3523,55275,447
2022-05-09,Lake,033,64148,10820,10786,897,11683,137
2022-05-09,Lassen,035,31185,8980,8984,877,9861,65
2022-05-09,Los Angeles,037,10098052,2774119,2761410,128172,2889582,31747
2022-05-09,Madera,039,155013,37573,37496,6118,43614,365
2022-05-09,Marin,041,260295,35649,35336,3141,38477,292
2022-05-09,Mariposa,043,17540,2475,2461,218,2679,30
2022-05-09,Mendocino,045,87422,13369,13320,3226,16546,124
2022-05-09,Merced,047,269075,62730,62567,8801,71368,818
2022-05-09,Modoc,049,8938,743,747,255,1002,8
2022-05-09,Mono,051,14174,3005,2999,141,3140,6
2022-05-09,Monterey,053,433212,80822,80534,14395,94929,733
2022-05-09,Napa,055,140530,26796,26660,1059,27719,143
2022-05-09,Nevada,057,99092,16290,16230,1248,17478,127
2022-05-09,Orange,059,3164182,557913,556265,42883,599148,7009
2022-05-09,Placer,061,380077,64201,63823,7542,71365,625
2022-05-09,Plumas,063,18699,3007,2998,367,3365,13
2022-05-09,Riverside,065,2383286,598989,597302,28392,625694,6468
2022-05-09,Sacramento,067,1510023,286763,285799,27149,312948,3020
2022-05-09,San Benito,069,59416,13088,13088,544,13632,98
2022-05-09,San Bernardino,071,2135413,575922,571372,25035,596407,7354
2022-05-09,San Diego,073,3302833,768393,768135,54422,822557,5257
2022-05-09,San Francisco,075,870044,135722,134027,8949,142976,864
2022-05-09,San Joaquin,077,732212,168664,167949,10228,178177,2233
2022-05-09,San Luis Obispo,079,281455,53526,53420,3979,57399,478
2022-05-09,San Mateo,081,765935,129922,128821,7704,136525,711
2022-05-09,Santa Barbara,083,443738,87921,87593,4840,92433,693
2022-05-09,Santa Clara,085,1922200,329378,327177,13381,340558,2294
2022-05-09,Santa Cruz,087,273765,50564,50031,2211,52242,263
2022-05-09,Shasta,089,179085,30843,30768,6129,36897,564
2022-05-09,Sierra,091,2930,275,275,49,324,4
2022-05-09,Siskiyou,093,43540,4492,4478,2763,7241,81
2022-05-09,Solano,095,438530,84035,83464,5774,89238,450
2022-05-09,Sonoma,097,501317,87427,86798,3090,89888,488
2022-05-09,Stanislaus,099,539301,118752,118445,17817,136262,1644
2022-05-09,Sutter,101,95872,20675,20668,2126,22794,225
2022-05-09,Tehama,103,63373,12112,12106,2600,14706,201
2022-05-09,Trinity,105,12862,1189,1188,288,1476,20
2022-05-09,Tulare,107,460477,106934,107068,27896,134964,1468
2022-05-09,Tuolumne,109,53932,12894,12829,591,13420,181
2022-05-09,Ventura,111,848112,176646,175955,10007,185962,1491
2022-05-09,Yolo,113,214977,38706,37654,3163,40817,316
2022-05-09,Yuba,115,75493,16040,15997,1238,17235,122
2022-05-08,Alameda,001,1643700,269416,265198,14726,279924,1855
2022-05-08,Alpine,003,1148,125,125,1,126,0
2022-05-08,Amador,005,37829,8604,8556,667,9223,86
2022-05-08,Butte,007,227075,33466,33269,6992,40261,421
2022-05-08,Calaveras,009,45235,7378,7353,365,7718,120
2022-05-08,Colusa,011,21464,3459,3459,1053,4512,21
2022-05-08,Contra Costa,013,1133247,196812,193961,13953,207914,1302
2022-05-08,Del Norte,015,27424,5933,5884,198,6082,50
2022-05-08,El Dorado,017,186661,27269,27081,3286,30367,210
2022-05-08,Fresno,019,978130,233207,232655,23878,256533,2754
2022-05-08,Glenn,021,27897,5002,4996,1610,6606,48
2022-05-08,Humboldt,023,135768,17697,17410,3185,20595,146
2022-05-08,Imperial,025,180216,55742,55683,10657,66340,917
2022-05-08,Inyo,027,18085,4112,4087,509,4596,56
2022-05-08,Kern,029,883053,193048,192590,46227,238817,2287
2022-05-08,Kings,031,150075,51751,51702,3523,55225,447
2022-05-08,Lake,033,64148,10813,10766,897,11663,137
2022-05-08,Lassen,035,31185,8976,8978,877,9855,65
2022-05-08,Los Angeles,037,10098052,2770536,2751478,127883,2879361,31738
2022-05-08,Madera,039,155013,37553,37420,6099,43519,365
2022-05-08,Marin,041,260295,35525,34934,3094,38028,292
2022-05-08,Mariposa,043,17540,2468,2438,217,2655,30
2022-05-08,Mendocino,045,87422,13350,13270,3200,16470,124
2022-05-08,Merced,047,269075,62679,62471,8774,71245,818
2022-05-08,Modoc,049,8938,743,745,255,1000,8
2022-05-08,Mono,051,14174,3004,2997,139,3136,6
2022-05-08,Monterey,053,433212,80730,80246,14312,94558,733
2022-05-08,Napa,055,140530,26755,26524,1056,27580,143
2022-05-08,Nevada,057,99092,16266,16171,1246,17417,127
2022-05-08,Orange,059,3164182,557235,554411,42781,597192,7007
2022-05-08,Placer,061,380077,64084,63577,7515,71092,625
2022-05-08,Plumas,063,18699,3003,2996,367,3363,13
2022-05-08,Riverside,065,2383286,598500,596022,28356,624378,6467
2022-05-08,Sacramento,067,1510023,286258,284564,27077,311641,3016
2022-05-08,San Benito,069,59416,13073,13047,541,13588,98
2022-05-08,San Bernardino,071,2135413,575490,570381,25002,595383,7306
2022-05-08,San Diego,073,3302833,767365,765377,54318,819695,5244
2022-05-08,San Francisco,075,870044,135063,132659,8918,141577,861
2022-05-08,San Joaquin,077,732212,168476,167568,10195,177763,2229
2022-05-08,San Luis Obispo,079,281455,53455,53273,3959,57232,477
2022-05-08,San Mateo,081,765935,129459,127615,7651,135266,709
2022-05-08,Santa Barbara,083,443738,87787,87305,4831,92136,692
2022-05-08,Santa Clara,085,1922200,328300,324946,13305,338251,2287
2022-05-08,Santa Cruz,087,273765,50384,49605,2207,51812,262
2022-05-08,Shasta,089,179085,30815,30721,6125,36846,563
2022-05-08,Sierra,091,2930,275,275,49,324,4
2022-05-08,Siskiyou,093,43540,4489,4470,2758,7228,81
2022-05-08,Solano,095,438530,83865,83038,5749,88787,450
2022-05-08,Sonoma,097,501317,87207,86150,3056,89206,488
2022-05-08,Stanislaus,099,539301,118644,118235,17795,136030,1643
2022-05-08,Sutter,101,95872,20654,20694,2122,22816,225
2022-05-08,Tehama,103,63373,12106,12098,2597,14695,201
2022-05-08,Trinity,105,12862,1188,1180,288,1468,20
2022-05-08,Tulare,107,460477,106893,106987,27861,134848,1468
2022-05-08,Tuolumne,109,53932,12881,12793,587,13380,181
2022-05-08,Ventura,111,848112,176410,175454,9961,185415,1491
2022-05-08,Yolo,113,214977,38600,37456,3149,40605,315
2022-05-08,Yuba,115,75493,16018,15964,1234,17198,122
2022-05-07,Alameda,001,1643700,269044,265198,14708,279906,1855
2022-05-07,Alpine,003,1148,125,125,1,126,0
2022-05-07,Amador,005,37829,8602,8556,667,9223,86
2022-05-07,Butte,007,227075,33458,33269,6985,40254,421
2022-05-07,Calaveras,009,45235,7371,7353,365,7718,120
2022-05-07,Colusa,011,21464,3459,3459,1053,4512,21
2022-05-07,Contra Costa,013,1133247,196571,193961,13936,207897,1302
2022-05-07,Del Norte,015,27424,5931,5884,198,6082,50
2022-05-07,El Dorado,017,186661,27251,27081,3285,30366,210
2022-05-07,Fresno,019,978130,233152,232655,23871,256526,2754
2022-05-07,Glenn,021,27897,5001,4996,1610,6606,48
2022-05-07,Humboldt,023,135768,17668,17410,3177,20587,146
2022-05-07,Imperial,025,180216,55719,55683,10651,66334,917
2022-05-07,Inyo,027,18085,4109,4087,509,4596,56
2022-05-07,Kern,029,883053,193013,192590,46206,238796,2287
2022-05-07,Kings,031,150075,51740,51702,3523,55225,447
2022-05-07,Lake,033,64148,10809,10766,897,11663,137
2022-05-07,Lassen,035,31185,8976,8978,877,9855,65
2022-05-07,Los Angeles,037,10098052,2768944,2751478,127714,2879192,31738
2022-05-07,Madera,039,155013,37546,37420,6099,43519,365
2022-05-07,Marin,041,260295,35451,34934,3062,37996,292
2022-05-07,Mariposa,043,17540,2465,2438,217,2655,30
2022-05-07,Mendocino,045,87422,13341,13270,3197,16467,124
2022-05-07,Merced,047,269075,62666,62471,8774,71245,818
2022-05-07,Modoc,049,8938,743,745,255,1000,8
2022-05-07,Mono,051,14174,3003,2997,139,3136,6
2022-05-07,Monterey,053,433212,80669,80246,14286,94532,733
2022-05-07,Napa,055,140530,26725,26524,1055,27579,143
2022-05-07,Nevada,057,99092,16256,16171,1241,17412,127
2022-05-07,Orange,059,3164182,556906,554411,42732,597143,7007
2022-05-07,Placer,061,380077,64021,63577,7508,71085,625
2022-05-07,Plumas,063,18699,3003,2996,366,3362,13
2022-05-07,Riverside,065,2383286,598245,596022,28329,624351,6467
2022-05-07,Sacramento,067,1510023,286064,284564,27064,311628,3016
2022-05-07,San Benito,069,59416,13064,13047,536,13583,98
2022-05-07,San Bernardino,071,2135413,575277,570381,24997,595378,7306
2022-05-07,San Diego,073,3302833,766879,765377,54288,819665,5244
2022-05-07,San Francisco,075,870044,134731,132659,8898,141557,861
2022-05-07,San Joaquin,077,732212,168371,167568,10187,177755,2229
2022-05-07,San Luis Obispo,079,281455,53443,53273,3948,57221,477
2022-05-07,San Mateo,081,765935,129174,127615,7629,135244,709
2022-05-07,Santa Barbara,083,443738,87707,87305,4828,92133,692
2022-05-07,Santa Clara,085,1922200,327679,324946,13276,338222,2287
2022-05-07,Santa Cruz,087,273765,50331,49605,2197,51802,262
2022-05-07,Shasta,089,179085,30807,30721,6125,36846,563
2022-05-07,Sierra,091,2930,275,275,49,324,4
2022-05-07,Siskiyou,093,43540,4487,4470,2758,7228,81
2022-05-07,Solano,095,438530,83810,83038,5745,88783,450
2022-05-07,Sonoma,097,501317,87082,86150,3047,89197,488
2022-05-07,Stanislaus,099,539301,118597,118235,17788,136023,1643
2022-05-07,Sutter,101,95872,20645,20694,2122,22816,225
2022-05-07,Tehama,103,63373,12104,12098,2596,14694,201
2022-05-07,Trinity,105,12862,1188,1180,288,1468,20
2022-05-07,Tulare,107,460477,106869,106987,27849,134836,1468
2022-05-07,Tuolumne,109,53932,12874,12793,587,13380,181
2022-05-07,Ventura,111,848112,176300,175454,9937,185391,1491
2022-05-07,Yolo,113,214977,38555,37456,3147,40603,315
2022-05-07,Yuba,115,75493,16009,15964,1234,17198,122
2022-05-06,Alameda,001,1643700,268664,265198,14686,279884,1855
2022-05-06,Alpine,003,1148,125,125,1,126,0
2022-05-06,Amador,005,37829,8601,8556,666,9222,86
2022-05-06,Butte,007,227075,33449,33269,6982,40251,421
2022-05-06,Calaveras,009,45235,7368,7353,365,7718,120
2022-05-06,Colusa,011,21464,3459,3459,1053,4512,21
2022-05-06,Contra Costa,013,1133247,196338,193961,13924,207885,1302
2022-05-06,Del Norte,015,27424,5922,5884,198,6082,50
2022-05-06,El Dorado,017,186661,27226,27081,3283,30364,210
2022-05-06,Fresno,019,978130,233076,232655,23862,256517,2754
2022-05-06,Glenn,021,27897,5001,4996,1610,6606,48
2022-05-06,Humboldt,023,135768,17641,17410,3170,20580,146
2022-05-06,Imperial,025,180216,55709,55683,10648,66331,917
2022-05-06,Inyo,027,18085,4099,4087,506,4593,56
2022-05-06,Kern,029,883053,192961,192590,46179,238769,2287
2022-05-06,Kings,031,150075,51732,51702,3523,55225,447
2022-05-06,Lake,033,64148,10807,10766,897,11663,137
2022-05-06,Lassen,035,31185,8976,8978,877,9855,65
2022-05-06,Los Angeles,037,10098052,2767119,2751478,127569,2879047,31738
2022-05-06,Madera,039,155013,37532,37420,6096,43516,365
2022-05-06,Marin,041,260295,35373,34934,3016,37950,292
2022-05-06,Mariposa,043,17540,2464,2438,210,2648,30
2022-05-06,Mendocino,045,87422,13329,13270,3195,16465,124
2022-05-06,Merced,047,269075,62649,62471,8773,71244,818
2022-05-06,Modoc,049,8938,743,745,255,1000,8
2022-05-06,Mono,051,14174,3002,2997,139,3136,6
2022-05-06,Monterey,053,433212,80630,80246,14249,94495,733
2022-05-06,Napa,055,140530,26708,26524,1055,27579,143
2022-05-06,Nevada,057,99092,16244,16171,1239,17410,127
2022-05-06,Orange,059,3164182,556562,554411,42666,597077,7007
2022-05-06,Placer,061,380077,63960,63577,7496,71073,625
2022-05-06,Plumas,063,18699,3001,2996,366,3362,13
2022-05-06,Riverside,065,2383286,598016,596022,28309,624331,6467
2022-05-06,Sacramento,067,1510023,285807,284564,27044,311608,3016
2022-05-06,San Benito,069,59416,13060,13047,536,13583,98
2022-05-06,San Bernardino,071,2135413,575101,570381,24991,595372,7306
2022-05-06,San Diego,073,3302833,766369,765377,54252,819629,5244
2022-05-06,San Francisco,075,870044,134403,132659,8877,141536,861
2022-05-06,San Joaquin,077,732212,168281,167568,10175,177743,2229
2022-05-06,San Luis Obispo,079,281455,53417,53273,3943,57216,477
2022-05-06,San Mateo,081,765935,128947,127615,7620,135235,709
2022-05-06,Santa Barbara,083,443738,87653,87305,4826,92131,692
2022-05-06,Santa Clara,085,1922200,327086,324946,13261,338207,2287
2022-05-06,Santa Cruz,087,273765,50267,49605,2193,51798,262
2022-05-06,Shasta,089,179085,30801,30721,6124,36845,563
2022-05-06,Sierra,091,2930,275,275,49,324,4
2022-05-06,Siskiyou,093,43540,4485,4470,2756,7226,81
2022-05-06,Solano,095,438530,83722,83038,5737,88775,450
2022-05-06,Sonoma,097,501317,86960,86150,3032,89182,488
2022-05-06,Stanislaus,099,539301,118540,118235,17781,136016,1643
2022-05-06,Sutter,101,95872,20639,20694,2122,22816,225
2022-05-06,Tehama,103,63373,12099,12098,2596,14694,201
2022-05-06,Trinity,105,12862,1187,1180,288,1468,20
2022-05-06,Tulare,107,460477,106850,106987,27838,134825,1468
2022-05-06,Tuolumne,109,53932,12867,12793,586,13379,181
2022-05-06,Ventura,111,848112,176183,175454,9907,185361,1491
2022-05-06,Yolo,113,214977,38508,37456,3143,40599,315
2022-05-06,Yuba,115,75493,15998,15964,1233,17197,122
2022-05-05,Alameda,001,1643700,268076,265198,14641,279839,1855
2022-05-05,Alpine,003,1148,125,125,1,126,0
2022-05-05,Amador,005,37829,8599,8556,665,9221,86
2022-05-05,Butte,007,227075,33430,33269,6975,40244,421
2022-05-05,Calaveras,009,45235,7365,7353,363,7716,120
2022-05-05,Colusa,011,21464,3459,3459,1050,4509,21
2022-05-05,Contra Costa,013,1133247,195944,193961,13880,207841,1302
2022-05-05,Del Norte,015,27424,5921,5884,198,6082,50
2022-05-05,El Dorado,017,186661,27201,27081,3276,30357,210
2022-05-05,Fresno,019,978130,232975,232655,23839,256494,2754
2022-05-05,Glenn,021,27897,5001,4996,1610,6606,48
2022-05-05,Humboldt,023,135768,17604,17410,3156,20566,146
2022-05-05,Imperial,025,180216,55702,55683,10637,66320,917
2022-05-05,Inyo,027,18085,4095,4087,505,4592,56
2022-05-05,Kern,029,883053,192904,192590,46141,238731,2287
2022-05-05,Kings,031,150075,51724,51702,3523,55225,447
2022-05-05,Lake,033,64148,10803,10766,897,11663,137
2022-05-05,Lassen,035,31185,8976,8978,877,9855,65
2022-05-05,Los Angeles,037,10098052,2764534,2751478,127345,2878823,31738
2022-05-05,Madera,039,155013,37515,37420,6091,43511,365
2022-05-05,Marin,041,260295,35263,34934,2994,37928,292
2022-05-05,Mariposa,043,17540,2462,2438,209,2647,30
2022-05-05,Mendocino,045,87422,13318,13270,3187,16457,124
2022-05-05,Merced,047,269075,62616,62471,8769,71240,818
2022-05-05,Modoc,049,8938,743,745,253,998,8
2022-05-05,Mono,051,14174,3001,2997,138,3135,6
2022-05-05,Monterey,053,433212,80577,80246,14220,94466,733
2022-05-05,Napa,055,140530,26675,26524,1054,27578,143
2022-05-05,Nevada,057,99092,16234,16171,1236,17407,127
2022-05-05,Orange,059,3164182,556054,554411,42610,597021,7007
2022-05-05,Placer,061,380077,63899,63577,7487,71064,625
2022-05-05,Plumas,063,18699,3000,2996,366,3362,13
2022-05-05,Riverside,065,2383286,597675,596022,28282,624304,6467
2022-05-05,Sacramento,067,1510023,285473,284564,26990,311554,3016
2022-05-05,San Benito,069,59416,13049,13047,534,13581,98
2022-05-05,San Bernardino,071,2135413,574811,570381,24975,595356,7306
2022-05-05,San Diego,073,3302833,765628,765377,54182,819559,5244
2022-05-05,San Francisco,075,870044,133988,132659,8843,141502,861
2022-05-05,San Joaquin,077,732212,168189,167568,10147,177715,2229
2022-05-05,San Luis Obispo,079,281455,53381,53273,3928,57201,477
2022-05-05,San Mateo,081,765935,128609,127615,7595,135210,709
2022-05-05,Santa Barbara,083,443738,87578,87305,4821,92126,692
2022-05-05,Santa Clara,085,1922200,326284,324946,13198,338144,2287
2022-05-05,Santa Cruz,087,273765,50169,49605,2189,51794,262
2022-05-05,Shasta,089,179085,30791,30721,6122,36843,563
2022-05-05,Sierra,091,2930,275,275,49,324,4
2022-05-05,Siskiyou,093,43540,4483,4470,2756,7226,81
2022-05-05,Solano,095,438530,83602,83038,5719,88757,450
2022-05-05,Sonoma,097,501317,86787,86150,3015,89165,488
2022-05-05,Stanislaus,099,539301,118482,118235,17767,136002,1643
2022-05-05,Sutter,101,95872,20637,20694,2120,22814,225
2022-05-05,Tehama,103,63373,12095,12098,2594,14692,201
2022-05-05,Trinity,105,12862,1187,1180,288,1468,20
2022-05-05,Tulare,107,460477,106820,106987,27820,134807,1468
2022-05-05,Tuolumne,109,53932,12849,12793,583,13376,181
2022-05-05,Ventura,111,848112,175995,175454,9864,185318,1491
2022-05-05,Yolo,113,214977,38436,37456,3132,40588,315
2022-05-05,Yuba,115,75493,15988,15964,1230,17194,122
2022-05-04,Alameda,001,1643700,267416,263736,14599,278335,1850
2022-05-04,Alpine,003,1148,125,124,1,125,0
2022-05-04,Amador,005,37829,8596,8546,664,9210,86
2022-05-04,Butte,007,227075,33413,33220,6969,40189,417
2022-05-04,Calaveras,009,45235,7360,7344,363,7707,120
2022-05-04,Colusa,011,21464,3458,3460,1050,4510,21
2022-05-04,Contra Costa,013,1133247,195578,193175,13825,207000,1302
2022-05-04,Del Norte,015,27424,5913,5866,198,6064,50
2022-05-04,El Dorado,017,186661,27176,27021,3269,30290,210
2022-05-04,Fresno,019,978130,232858,232332,23828,256160,2751
2022-05-04,Glenn,021,27897,4999,4995,1610,6605,48
2022-05-04,Humboldt,023,135768,17564,17316,3146,20462,146
2022-05-04,Imperial,025,180216,55680,55548,10629,66177,910
2022-05-04,Inyo,027,18085,4095,4085,502,4587,56
2022-05-04,Kern,029,883053,192839,192432,46105,238537,2281
2022-05-04,Kings,031,150075,51706,51663,3522,55185,447
2022-05-04,Lake,033,64148,10798,10758,897,11655,137
2022-05-04,Lassen,035,31185,8975,8972,875,9847,65
2022-05-04,Los Angeles,037,10098052,2761756,2744894,127154,2872048,31722
2022-05-04,Madera,039,155013,37491,37395,6086,43481,365
2022-05-04,Marin,041,260295,35176,34727,2972,37699,291
2022-05-04,Mariposa,043,17540,2456,2435,204,2639,30
2022-05-04,Mendocino,045,87422,13310,13247,3179,16426,123
2022-05-04,Merced,047,269075,62590,62419,8758,71177,818
2022-05-04,Modoc,049,8938,743,746,253,999,8
2022-05-04,Mono,051,14174,3000,2993,135,3128,6
2022-05-04,Monterey,053,433212,80515,80038,14196,94234,732
2022-05-04,Napa,055,140530,26637,26434,1051,27485,143
2022-05-04,Nevada,057,99092,16218,16136,1232,17368,127
2022-05-04,Orange,059,3164182,555471,553177,42538,595715,7006
2022-05-04,Placer,061,380077,63816,63410,7481,70891,625
2022-05-04,Plumas,063,18699,2998,2947,366,3313,13
2022-05-04,Riverside,065,2383286,597339,594981,28256,623237,6457
2022-05-04,Sacramento,067,1510023,285143,283939,26955,310894,3013
2022-05-04,San Benito,069,59416,13039,13019,528,13547,98
2022-05-04,San Bernardino,071,2135413,574549,569570,24962,594532,7240
2022-05-04,San Diego,073,3302833,764880,763453,54090,817543,5239
2022-05-04,San Francisco,075,870044,133575,131599,8822,140421,860
2022-05-04,San Joaquin,077,732212,168084,167280,10119,177399,2225
2022-05-04,San Luis Obispo,079,281455,53337,53156,3917,57073,477
2022-05-04,San Mateo,081,765935,128286,126800,7560,134360,710
2022-05-04,Santa Barbara,083,443738,87474,87058,4806,91864,688
2022-05-04,Santa Clara,085,1922200,325476,322805,13143,335948,2285
2022-05-04,Santa Cruz,087,273765,50055,49230,2186,51416,262
2022-05-04,Shasta,089,179085,30775,30681,6120,36801,556
2022-05-04,Sierra,091,2930,275,275,49,324,4
2022-05-04,Siskiyou,093,43540,4479,4463,2754,7217,81
2022-05-04,Solano,095,438530,83458,82796,5709,88505,449
2022-05-04,Sonoma,097,501317,86611,85694,2992,88686,488
2022-05-04,Stanislaus,099,539301,118420,118123,17756,135879,1643
2022-05-04,Sutter,101,95872,20626,20672,2118,22790,224
2022-05-04,Tehama,103,63373,12093,12090,2589,14679,201
2022-05-04,Trinity,105,12862,1187,1180,288,1468,20
2022-05-04,Tulare,107,460477,106801,106935,27805,134740,1464
2022-05-04,Tuolumne,109,53932,12842,12757,581,13338,181
2022-05-04,Ventura,111,848112,175828,175066,9822,184888,1486
2022-05-04,Yolo,113,214977,38360,37344,3126,40470,315
2022-05-04,Yuba,115,75493,15979,15940,1227,17167,122
2022-05-03,Alameda,001,1643700,266802,263736,14556,278292,1850
2022-05-03,Alpine,003,1148,125,124,1,125,0
2022-05-03,Amador,005,37829,8593,8546,663,9209,86
2022-05-03,Butte,007,227075,33397,33220,6964,40184,417
2022-05-03,Calaveras,009,45235,7353,7344,363,7707,120
2022-05-03,Colusa,011,21464,3457,3460,1050,4510,21
2022-05-03,Contra Costa,013,1133247,195185,193175,13782,206957,1302
2022-05-03,Del Norte,015,27424,5907,5866,196,6062,50
2022-05-03,El Dorado,017,186661,27154,27021,3265,30286,210
2022-05-03,Fresno,019,978130,232748,232332,23809,256141,2751
2022-05-03,Glenn,021,27897,4998,4995,1608,6603,48
2022-05-03,Humboldt,023,135768,17528,17316,3127,20443,146
2022-05-03,Imperial,025,180216,55659,55548,10623,66171,910
2022-05-03,Inyo,027,18085,4093,4085,502,4587,56
2022-05-03,Kern,029,883053,192761,192432,46073,238505,2281
2022-05-03,Kings,031,150075,51694,51663,3522,55185,447
2022-05-03,Lake,033,64148,10793,10758,896,11654,137
2022-05-03,Lassen,035,31185,8975,8972,875,9847,65
2022-05-03,Los Angeles,037,10098052,2758698,2744894,126922,2871816,31722
2022-05-03,Madera,039,155013,37461,37395,6081,43476,365
2022-05-03,Marin,041,260295,35064,34727,2949,37676,291
2022-05-03,Mariposa,043,17540,2448,2435,204,2639,30
2022-05-03,Mendocino,045,87422,13295,13247,3161,16408,123
2022-05-03,Merced,047,269075,62562,62419,8735,71154,818
2022-05-03,Modoc,049,8938,742,746,253,999,8
2022-05-03,Mono,051,14174,2998,2993,134,3127,6
2022-05-03,Monterey,053,433212,80461,80038,14162,94200,732
2022-05-03,Napa,055,140530,26602,26434,1044,27478,143
2022-05-03,Nevada,057,99092,16207,16136,1232,17368,127
2022-05-03,Orange,059,3164182,554947,553177,42460,595637,7006
2022-05-03,Placer,061,380077,63722,63410,7467,70877,625
2022-05-03,Plumas,063,18699,2994,2947,366,3313,13
2022-05-03,Riverside,065,2383286,596969,594981,28232,623213,6457
2022-05-03,Sacramento,067,1510023,284829,283939,26904,310843,3013
2022-05-03,San Benito,069,59416,13025,13019,525,13544,98
2022-05-03,San Bernardino,071,2135413,574282,569570,24950,594520,7240
2022-05-03,San Diego,073,3302833,764037,763453,53990,817443,5239
2022-05-03,San Francisco,075,870044,133096,131599,8792,140391,860
2022-05-03,San Joaquin,077,732212,168001,167280,10093,177373,2225
2022-05-03,San Luis Obispo,079,281455,53290,53156,3908,57064,477
2022-05-03,San Mateo,081,765935,127942,126800,7522,134322,710
2022-05-03,Santa Barbara,083,443738,87383,87058,4804,91862,688
2022-05-03,Santa Clara,085,1922200,324654,322805,13091,335896,2285
2022-05-03,Santa Cruz,087,273765,49965,49230,2181,51411,262
2022-05-03,Shasta,089,179085,30756,30681,6119,36800,556
2022-05-03,Sierra,091,2930,275,275,49,324,4
2022-05-03,Siskiyou,093,43540,4478,4463,2754,7217,81
2022-05-03,Solano,095,438530,83271,82796,5700,88496,449
2022-05-03,Sonoma,097,501317,86432,85694,2968,88662,488
2022-05-03,Stanislaus,099,539301,118366,118123,17744,135867,1643
2022-05-03,Sutter,101,95872,20621,20672,2116,22788,224
2022-05-03,Tehama,103,63373,12089,12090,2588,14678,201
2022-05-03,Trinity,105,12862,1187,1180,288,1468,20
2022-05-03,Tulare,107,460477,106772,106935,27791,134726,1464
2022-05-03,Tuolumne,109,53932,12829,12757,581,13338,181
2022-05-03,Ventura,111,848112,175659,175066,9781,184847,1486
2022-05-03,Yolo,113,214977,38290,37344,3125,40469,315
2022-05-03,Yuba,115,75493,15968,15940,1219,17159,122
2022-05-02,Alameda,001,1643700,266176,263736,14512,278248,1850
2022-05-02,Alpine,003,1148,125,124,1,125,0
2022-05-02,Amador,005,37829,8590,8546,660,9206,86
2022-05-02,Butte,007,227075,33374,33220,6962,40182,417
2022-05-02,Calaveras,009,45235,7352,7344,362,7706,120
2022-05-02,Colusa,011,21464,3457,3460,1050,4510,21
2022-05-02,Contra Costa,013,1133247,194813,193175,13744,206919,1302
2022-05-02,Del Norte,015,27424,5902,5866,191,6057,50
2022-05-02,El Dorado,017,186661,27131,27021,3259,30280,210
2022-05-02,Fresno,019,978130,232638,232332,23780,256112,2751
2022-05-02,Glenn,021,27897,4996,4995,1608,6603,48
2022-05-02,Humboldt,023,135768,17478,17316,3113,20429,146
2022-05-02,Imperial,025,180216,55646,55548,10616,66164,910
2022-05-02,Inyo,027,18085,4092,4085,500,4585,56
2022-05-02,Kern,029,883053,192677,192432,46044,238476,2281
2022-05-02,Kings,031,150075,51677,51663,3522,55185,447
2022-05-02,Lake,033,64148,10789,10758,896,11654,137
2022-05-02,Lassen,035,31185,8974,8972,875,9847,65
2022-05-02,Los Angeles,037,10098052,2755656,2744894,126708,2871602,31722
2022-05-02,Madera,039,155013,37444,37395,6074,43469,365
2022-05-02,Marin,041,260295,34939,34727,2926,37653,291
2022-05-02,Mariposa,043,17540,2443,2435,204,2639,30
2022-05-02,Mendocino,045,87422,13277,13247,3148,16395,123
2022-05-02,Merced,047,269075,62531,62419,8729,71148,818
2022-05-02,Modoc,049,8938,741,746,253,999,8
2022-05-02,Mono,051,14174,2996,2993,133,3126,6
2022-05-02,Monterey,053,433212,80384,80038,14121,94159,732
2022-05-02,Napa,055,140530,26563,26434,1042,27476,143
2022-05-02,Nevada,057,99092,16189,16136,1230,17366,127
2022-05-02,Orange,059,3164182,554407,553177,42367,595544,7006
2022-05-02,Placer,061,380077,63665,63410,7460,70870,625
2022-05-02,Plumas,063,18699,2994,2947,366,3313,13
2022-05-02,Riverside,065,2383286,596578,594981,28205,623186,6457
2022-05-02,Sacramento,067,1510023,284521,283939,26864,310803,3013
2022-05-02,San Benito,069,59416,13013,13019,525,13544,98
2022-05-02,San Bernardino,071,2135413,573996,569570,24931,594501,7240
2022-05-02,San Diego,073,3302833,763172,763453,53896,817349,5239
2022-05-02,San Francisco,075,870044,132659,131599,8765,140364,860
2022-05-02,San Joaquin,077,732212,167884,167280,10083,177363,2225
2022-05-02,San Luis Obispo,079,281455,53237,53156,3899,57055,477
2022-05-02,San Mateo,081,765935,127618,126800,7507,134307,710
2022-05-02,Santa Barbara,083,443738,87282,87058,4800,91858,688
2022-05-02,Santa Clara,085,1922200,323740,322805,13044,335849,2285
2022-05-02,Santa Cruz,087,273765,49837,49230,2177,51407,262
2022-05-02,Shasta,089,179085,30737,30681,6118,36799,556
2022-05-02,Sierra,091,2930,275,275,49,324,4
2022-05-02,Siskiyou,093,43540,4475,4463,2752,7215,81
2022-05-02,Solano,095,438530,83131,82796,5691,88487,449
2022-05-02,Sonoma,097,501317,86249,85694,2948,88642,488
2022-05-02,Stanislaus,099,539301,118293,118123,17731,135854,1643
2022-05-02,Sutter,101,95872,20614,20672,2113,22785,224
2022-05-02,Tehama,103,63373,12084,12090,2585,14675,201
2022-05-02,Trinity,105,12862,1186,1180,288,1468,20
2022-05-02,Tulare,107,460477,106750,106935,27775,134710,1464
2022-05-02,Tuolumne,109,53932,12823,12757,581,13338,181
2022-05-02,Ventura,111,848112,175495,175066,9749,184815,1486
2022-05-02,Yolo,113,214977,38211,37344,3119,40463,315
2022-05-02,Yuba,115,75493,15963,15940,1217,17157,122
2022-05-01,Alameda,001,1643700,265478,262027,14462,276489,1851
2022-05-01,Alpine,003,1148,125,124,1,125,0
2022-05-01,Amador,005,37829,8590,8533,660,9193,86
2022-05-01,Butte,007,227075,33346,33172,6957,40129,418
2022-05-01,Calaveras,009,45235,7348,7328,356,7684,120
2022-05-01,Colusa,011,21464,3457,3457,1050,4507,21
2022-05-01,Contra Costa,013,1133247,194427,192136,13672,205808,1301
2022-05-01,Del Norte,015,27424,5894,5841,191,6032,50
2022-05-01,El Dorado,017,186661,27099,26946,3255,30201,210
2022-05-01,Fresno,019,978130,232533,232067,23759,255826,2748
2022-05-01,Glenn,021,27897,4996,4995,1608,6603,48
2022-05-01,Humboldt,023,135768,17414,17194,3088,20282,145
2022-05-01,Imperial,025,180216,55622,55503,10613,66116,910
2022-05-01,Inyo,027,18085,4091,4084,499,4583,56
2022-05-01,Kern,029,883053,192614,192250,45999,238249,2265
2022-05-01,Kings,031,150075,51656,51640,3518,55158,447
2022-05-01,Lake,033,64148,10782,10742,894,11636,137
2022-05-01,Lassen,035,31185,8974,8966,875,9841,65
2022-05-01,Los Angeles,037,10098052,2752644,2736900,126472,2863372,31712
2022-05-01,Madera,039,155013,37426,37360,6063,43423,365
2022-05-01,Marin,041,260295,34852,34519,2893,37412,291
2022-05-01,Mariposa,043,17540,2442,2430,204,2634,30
2022-05-01,Mendocino,045,87422,13258,13219,3132,16351,123
2022-05-01,Merced,047,269075,62501,62357,8713,71070,818
2022-05-01,Modoc,049,8938,741,745,253,998,8
2022-05-01,Mono,051,14174,2993,2989,131,3120,6
2022-05-01,Monterey,053,433212,80304,79881,14079,93960,731
2022-05-01,Napa,055,140530,26518,26319,1038,27357,143
2022-05-01,Nevada,057,99092,16170,16100,1229,17329,127
2022-05-01,Orange,059,3164182,553854,551822,42270,594092,6998
2022-05-01,Placer,061,380077,63592,63273,7446,70719,625
2022-05-01,Plumas,063,18699,2993,2946,366,3312,13
2022-05-01,Riverside,065,2383286,596115,593965,28170,622135,6457
2022-05-01,Sacramento,067,1510023,284189,283048,26803,309851,3007
2022-05-01,San Benito,069,59416,13005,12988,525,13513,98
2022-05-01,San Bernardino,071,2135413,573676,568758,24914,593672,7191
2022-05-01,San Diego,073,3302833,762291,761253,53806,815059,5238
2022-05-01,San Francisco,075,870044,132165,130241,8736,138977,860
2022-05-01,San Joaquin,077,732212,167742,167028,10053,177081,2225
2022-05-01,San Luis Obispo,079,281455,53165,53040,3883,56923,477
2022-05-01,San Mateo,081,765935,127250,125807,7468,133275,705
2022-05-01,Santa Barbara,083,443738,87177,86768,4790,91558,688
2022-05-01,Santa Clara,085,1922200,322800,320709,12991,333700,2281
2022-05-01,Santa Cruz,087,273765,49685,48798,2169,50967,262
2022-05-01,Shasta,089,179085,30721,30649,6116,36765,554
2022-05-01,Sierra,091,2930,275,274,49,323,4
2022-05-01,Siskiyou,093,43540,4474,4458,2746,7204,81
2022-05-01,Solano,095,438530,82999,82459,5678,88137,449
2022-05-01,Sonoma,097,501317,86029,85290,2920,88210,488
2022-05-01,Stanislaus,099,539301,118238,117943,17716,135659,1643
2022-05-01,Sutter,101,95872,20606,20644,2106,22750,224
2022-05-01,Tehama,103,63373,12083,12078,2584,14662,202
2022-05-01,Trinity,105,12862,1186,1179,288,1467,20
2022-05-01,Tulare,107,460477,106717,106856,27755,134611,1458
2022-05-01,Tuolumne,109,53932,12803,12713,575,13288,181
2022-05-01,Ventura,111,848112,175323,174679,9697,184376,1486
2022-05-01,Yolo,113,214977,38146,37173,3108,40281,314
2022-05-01,Yuba,115,75493,15953,15917,1215,17132,121
2022-04-30,Alameda,001,1643700,265077,262027,14447,276474,1851
2022-04-30,Alpine,003,1148,125,124,1,125,0
2022-04-30,Amador,005,37829,8588,8533,660,9193,86
2022-04-30,Butte,007,227075,33340,33172,6953,40125,418
2022-04-30,Calaveras,009,45235,7345,7328,355,7683,120
2022-04-30,Colusa,011,21464,3456,3457,1050,4507,21
2022-04-30,Contra Costa,013,1133247,194182,192136,13662,205798,1301
2022-04-30,Del Norte,015,27424,5889,5841,191,6032,50
2022-04-30,El Dorado,017,186661,27081,26946,3251,30197,210
2022-04-30,Fresno,019,978130,232488,232067,23751,255818,2748
2022-04-30,Glenn,021,27897,4995,4995,1608,6603,48
2022-04-30,Humboldt,023,135768,17372,17194,3079,20273,145
2022-04-30,Imperial,025,180216,55609,55503,10611,66114,910
2022-04-30,Inyo,027,18085,4091,4084,499,4583,56
2022-04-30,Kern,029,883053,192578,192250,45981,238231,2265
2022-04-30,Kings,031,150075,51650,51640,3517,55157,447
2022-04-30,Lake,033,64148,10779,10742,894,11636,137
2022-04-30,Lassen,035,31185,8974,8966,875,9841,65
2022-04-30,Los Angeles,037,10098052,2751271,2736900,126298,2863198,31712
2022-04-30,Madera,039,155013,37415,37360,6062,43422,365
2022-04-30,Marin,041,260295,34806,34519,2863,37382,291
2022-04-30,Mariposa,043,17540,2440,2430,203,2633,30
2022-04-30,Mendocino,045,87422,13254,13219,3132,16351,123
2022-04-30,Merced,047,269075,62487,62357,8711,71068,818
2022-04-30,Modoc,049,8938,741,745,253,998,8
2022-04-30,Mono,051,14174,2992,2989,129,3118,6
2022-04-30,Monterey,053,433212,80237,79881,14056,93937,731
2022-04-30,Napa,055,140530,26494,26319,1037,27356,143
2022-04-30,Nevada,057,99092,16155,16100,1228,17328,127
2022-04-30,Orange,059,3164182,553587,551822,42232,594054,6998
2022-04-30,Placer,061,380077,63547,63273,7440,70713,625
2022-04-30,Plumas,063,18699,2990,2946,366,3312,13
2022-04-30,Riverside,065,2383286,595871,593965,28152,622117,6457
2022-04-30,Sacramento,067,1510023,284068,283048,26790,309838,3007
2022-04-30,San Benito,069,59416,13002,12988,525,13513,98
2022-04-30,San Bernardino,071,2135413,573501,568758,24905,593663,7191
2022-04-30,San Diego,073,3302833,761918,761253,53778,815031,5238
2022-04-30,San Francisco,075,870044,131879,130241,8714,138955,860
2022-04-30,San Joaquin,077,732212,167687,167028,10048,177076,2225
2022-04-30,San Luis Obispo,079,281455,53154,53040,3880,56920,477
2022-04-30,San Mateo,081,765935,127032,125807,7449,133256,705
2022-04-30,Santa Barbara,083,443738,87121,86768,4787,91555,688
2022-04-30,Santa Clara,085,1922200,322224,320709,12968,333677,2281
2022-04-30,Santa Cruz,087,273765,49638,48798,2169,50967,262
2022-04-30,Shasta,089,179085,30715,30649,6114,36763,554
2022-04-30,Sierra,091,2930,275,274,49,323,4
2022-04-30,Siskiyou,093,43540,4472,4458,2745,7203,81
2022-04-30,Solano,095,438530,82982,82459,5677,88136,449
2022-04-30,Sonoma,097,501317,85912,85290,2908,88198,488
2022-04-30,Stanislaus,099,539301,118207,117943,17710,135653,1643
2022-04-30,Sutter,101,95872,20601,20644,2106,22750,224
2022-04-30,Tehama,103,63373,12079,12078,2582,14660,202
2022-04-30,Trinity,105,12862,1186,1179,288,1467,20
2022-04-30,Tulare,107,460477,106699,106856,27743,134599,1458
2022-04-30,Tuolumne,109,53932,12794,12713,575,13288,181
2022-04-30,Ventura,111,848112,175239,174679,9665,184344,1486
2022-04-30,Yolo,113,214977,38099,37173,3107,40280,314
2022-04-30,Yuba,115,75493,15946,15917,1214,17131,121
2022-04-29,Alameda,001,1643700,264767,262027,14434,276461,1851
2022-04-29,Alpine,003,1148,124,124,1,125,0
2022-04-29,Amador,005,37829,8581,8533,658,9191,86
2022-04-29,Butte,007,227075,33336,33172,6947,40119,418
2022-04-29,Calaveras,009,45235,7343,7328,355,7683,120
2022-04-29,Colusa,011,21464,3455,3457,1050,4507,21
2022-04-29,Contra Costa,013,1133247,193987,192136,13643,205779,1301
2022-04-29,Del Norte,015,27424,5885,5841,191,6032,50
2022-04-29,El Dorado,017,186661,27069,26946,3249,30195,210
2022-04-29,Fresno,019,978130,232437,232067,23743,255810,2748
2022-04-29,Glenn,021,27897,4995,4995,1607,6602,48
2022-04-29,Humboldt,023,135768,17347,17194,3071,20265,145
2022-04-29,Imperial,025,180216,55593,55503,10610,66113,910
2022-04-29,Inyo,027,18085,4091,4084,497,4581,56
2022-04-29,Kern,029,883053,192551,192250,45969,238219,2265
2022-04-29,Kings,031,150075,51645,51640,3517,55157,447
2022-04-29,Lake,033,64148,10778,10742,894,11636,137
2022-04-29,Lassen,035,31185,8973,8966,875,9841,65
2022-04-29,Los Angeles,037,10098052,2749966,2736900,126148,2863048,31712
2022-04-29,Madera,039,155013,37405,37360,6061,43421,365
2022-04-29,Marin,041,260295,34740,34519,2843,37362,291
2022-04-29,Mariposa,043,17540,2438,2430,203,2633,30
2022-04-29,Mendocino,045,87422,13249,13219,3131,16350,123
2022-04-29,Merced,047,269075,62475,62357,8710,71067,818
2022-04-29,Modoc,049,8938,741,745,253,998,8
2022-04-29,Mono,051,14174,2992,2989,129,3118,6
2022-04-29,Monterey,053,433212,80203,79881,14042,93923,731
2022-04-29,Napa,055,140530,26466,26319,1035,27354,143
2022-04-29,Nevada,057,99092,16148,16100,1227,17327,127
2022-04-29,Orange,059,3164182,553322,551822,42187,594009,6998
2022-04-29,Placer,061,380077,63518,63273,7433,70706,625
2022-04-29,Plumas,063,18699,2989,2946,366,3312,13
2022-04-29,Riverside,065,2383286,595651,593965,28131,622096,6457
2022-04-29,Sacramento,067,1510023,283921,283048,26782,309830,3007
2022-04-29,San Benito,069,59416,12997,12988,525,13513,98
2022-04-29,San Bernardino,071,2135413,573344,568758,24895,593653,7191
2022-04-29,San Diego,073,3302833,761499,761253,53753,815006,5238
2022-04-29,San Francisco,075,870044,131657,130241,8694,138935,860
2022-04-29,San Joaquin,077,732212,167631,167028,10044,177072,2225
2022-04-29,San Luis Obispo,079,281455,53139,53040,3875,56915,477
2022-04-29,San Mateo,081,765935,126834,125807,7435,133242,705
2022-04-29,Santa Barbara,083,443738,87081,86768,4785,91553,688
2022-04-29,Santa Clara,085,1922200,321715,320709,12938,333647,2281
2022-04-29,Santa Cruz,087,273765,49582,48798,2165,50963,262
2022-04-29,Shasta,089,179085,30713,30649,6113,36762,554
2022-04-29,Sierra,091,2930,275,274,49,323,4
2022-04-29,Siskiyou,093,43540,4471,4458,2745,7203,81
2022-04-29,Solano,095,438530,82925,82459,5672,88131,449
2022-04-29,Sonoma,097,501317,85804,85290,2894,88184,488
2022-04-29,Stanislaus,099,539301,118184,117943,17705,135648,1643
2022-04-29,Sutter,101,95872,20594,20644,2105,22749,224
2022-04-29,Tehama,103,63373,12077,12078,2582,14660,202
2022-04-29,Trinity,105,12862,1186,1179,288,1467,20
2022-04-29,Tulare,107,460477,106681,106856,27727,134583,1458
2022-04-29,Tuolumne,109,53932,12787,12713,572,13285,181
2022-04-29,Ventura,111,848112,175163,174679,9643,184322,1486
2022-04-29,Yolo,113,214977,38064,37173,3104,40277,314
2022-04-29,Yuba,115,75493,15941,15917,1214,17131,121
2022-04-28,Alameda,001,1643700,264328,262027,14398,276425,1851
2022-04-28,Alpine,003,1148,124,124,1,125,0
2022-04-28,Amador,005,37829,8578,8533,658,9191,86
2022-04-28,Butte,007,227075,33327,33172,6942,40114,418
2022-04-28,Calaveras,009,45235,7339,7328,355,7683,120
2022-04-28,Colusa,011,21464,3454,3457,1050,4507,21
2022-04-28,Contra Costa,013,1133247,193731,192136,13601,205737,1301
2022-04-28,Del Norte,015,27424,5881,5841,191,6032,50
2022-04-28,El Dorado,017,186661,27047,26946,3245,30191,210
2022-04-28,Fresno,019,978130,232378,232067,23734,255801,2748
2022-04-28,Glenn,021,27897,4992,4995,1607,6602,48
2022-04-28,Humboldt,023,135768,17313,17194,3055,20249,145
2022-04-28,Imperial,025,180216,55581,55503,10605,66108,910
2022-04-28,Inyo,027,18085,4091,4084,497,4581,56
2022-04-28,Kern,029,883053,192512,192250,45955,238205,2265
2022-04-28,Kings,031,150075,51639,51640,3517,55157,447
2022-04-28,Lake,033,64148,10774,10742,894,11636,137
2022-04-28,Lassen,035,31185,8973,8966,875,9841,65
2022-04-28,Los Angeles,037,10098052,2747901,2736900,125967,2862867,31712
2022-04-28,Madera,039,155013,37399,37360,6058,43418,365
2022-04-28,Marin,041,260295,34690,34519,2828,37347,291
2022-04-28,Mariposa,043,17540,2438,2430,203,2633,30
2022-04-28,Mendocino,045,87422,13238,13219,3114,16333,123
2022-04-28,Merced,047,269075,62457,62357,8702,71059,818
2022-04-28,Modoc,049,8938,741,745,253,998,8
2022-04-28,Mono,051,14174,2990,2989,129,3118,6
2022-04-28,Monterey,053,433212,80164,79881,14018,93899,731
2022-04-28,Napa,055,140530,26436,26319,1032,27351,143
2022-04-28,Nevada,057,99092,16140,16100,1224,17324,127
2022-04-28,Orange,059,3164182,552961,551822,42126,593948,6998
2022-04-28,Placer,061,380077,63471,63273,7425,70698,625
2022-04-28,Plumas,063,18699,2988,2946,366,3312,13
2022-04-28,Riverside,065,2383286,595368,593965,28109,622074,6457
2022-04-28,Sacramento,067,1510023,283739,283048,26743,309791,3007
2022-04-28,San Benito,069,59416,12988,12988,523,13511,98
2022-04-28,San Bernardino,071,2135413,573144,568758,24887,593645,7191
2022-04-28,San Diego,073,3302833,760956,761253,53690,814943,5238
2022-04-28,San Francisco,075,870044,131355,130241,8660,138901,860
2022-04-28,San Joaquin,077,732212,167560,167028,10030,177058,2225
2022-04-28,San Luis Obispo,079,281455,53111,53040,3857,56897,477
2022-04-28,San Mateo,081,765935,126589,125807,7408,133215,705
2022-04-28,Santa Barbara,083,443738,87028,86768,4782,91550,688
2022-04-28,Santa Clara,085,1922200,321173,320709,12903,333612,2281
2022-04-28,Santa Cruz,087,273765,49485,48798,2159,50957,262
2022-04-28,Shasta,089,179085,30705,30649,6113,36762,554
2022-04-28,Sierra,091,2930,275,274,49,323,4
2022-04-28,Siskiyou,093,43540,4468,4458,2745,7203,81
2022-04-28,Solano,095,438530,82841,82459,5667,88126,449
2022-04-28,Sonoma,097,501317,85689,85290,2881,88171,488
2022-04-28,Stanislaus,099,539301,118146,117943,17698,135641,1643
2022-04-28,Sutter,101,95872,20584,20644,2102,22746,224
2022-04-28,Tehama,103,63373,12076,12078,2581,14659,202
2022-04-28,Trinity,105,12862,1186,1179,288,1467,20
2022-04-28,Tulare,107,460477,106659,106856,27717,134573,1458
2022-04-28,Tuolumne,109,53932,12775,12713,571,13284,181
2022-04-28,Ventura,111,848112,175074,174679,9607,184286,1486
2022-04-28,Yolo,113,214977,38017,37173,3101,40274,314
2022-04-28,Yuba,115,75493,15932,15917,1212,17129,121
2022-04-27,Alameda,001,1643700,263845,260871,14353,275224,1843
2022-04-27,Alpine,003,1148,124,124,1,125,0
2022-04-27,Amador,005,37829,8577,8518,658,9176,86
2022-04-27,Butte,007,227075,33315,33118,6937,40055,411
2022-04-27,Calaveras,009,45235,7336,7307,355,7662,119
2022-04-27,Colusa,011,21464,3453,3457,1050,4507,21
2022-04-27,Contra Costa,013,1133247,193466,191412,13571,204983,1300
2022-04-27,Del Norte,015,27424,5876,5833,191,6024,50
2022-04-27,El Dorado,017,186661,27036,26898,3240,30138,209
2022-04-27,Fresno,019,978130,232312,231951,23720,255671,2744
2022-04-27,Glenn,021,27897,4992,4993,1607,6600,48
2022-04-27,Humboldt,023,135768,17283,17138,3044,20182,145
2022-04-27,Imperial,025,180216,55563,55480,10601,66081,910
2022-04-27,Inyo,027,18085,4090,4080,496,4576,56
2022-04-27,Kern,029,883053,192476,192157,45936,238093,2271
2022-04-27,Kings,031,150075,51634,51617,3516,55133,444
2022-04-27,Lake,033,64148,10770,10732,894,11626,135
2022-04-27,Lassen,035,31185,8972,8965,875,9840,65
2022-04-27,Los Angeles,037,10098052,2745571,2731988,125782,2857770,31691
2022-04-27,Madera,039,155013,37390,37339,6057,43396,354
2022-04-27,Marin,041,260295,34629,34354,2814,37168,288
2022-04-27,Mariposa,043,17540,2436,2427,203,2630,30
2022-04-27,Mendocino,045,87422,13231,13188,3106,16294,123
2022-04-27,Merced,047,269075,62443,62315,8698,71013,815
2022-04-27,Modoc,049,8938,741,745,253,998,8
2022-04-27,Mono,051,14174,2990,2989,129,3118,6
2022-04-27,Monterey,053,433212,80122,79695,13978,93673,729
2022-04-27,Napa,055,140530,26407,26210,1027,27237,143
2022-04-27,Nevada,057,99092,16124,16080,1221,17301,127
2022-04-27,Orange,059,3164182,552588,550859,42068,592927,6991
2022-04-27,Placer,061,380077,63428,63154,7409,70563,623
2022-04-27,Plumas,063,18699,2987,2934,366,3300,13
2022-04-27,Riverside,065,2383286,595103,593397,28093,621490,6453
2022-04-27,Sacramento,067,1510023,283538,281802,26711,308513,3001
2022-04-27,San Benito,069,59416,12975,12989,521,13510,98
2022-04-27,San Bernardino,071,2135413,572946,568018,24880,592898,7105
2022-04-27,San Diego,073,3302833,760383,759873,53628,813501,5236
2022-04-27,San Francisco,075,870044,131003,129284,8636,137920,857
2022-04-27,San Joaquin,077,732212,167485,166848,10015,176863,2225
2022-04-27,San Luis Obispo,079,281455,53066,52911,3846,56757,476
2022-04-27,San Mateo,081,765935,126358,125018,7355,132373,702
2022-04-27,Santa Barbara,083,443738,86964,86557,4775,91332,685
2022-04-27,Santa Clara,085,1922200,320606,319077,12856,331933,2282
2022-04-27,Santa Cruz,087,273765,49402,48500,2151,50651,262
2022-04-27,Shasta,089,179085,30693,30633,6110,36743,554
2022-04-27,Sierra,091,2930,274,276,49,325,4
2022-04-27,Siskiyou,093,43540,4468,4455,2741,7196,81
2022-04-27,Solano,095,438530,82729,82220,5659,87879,448
2022-04-27,Sonoma,097,501317,85580,84983,2862,87845,487
2022-04-27,Stanislaus,099,539301,118103,117841,17688,135529,1643
2022-04-27,Sutter,101,95872,20580,20627,2098,22725,224
2022-04-27,Tehama,103,63373,12076,12073,2581,14654,201
2022-04-27,Trinity,105,12862,1186,1179,288,1467,20
2022-04-27,Tulare,107,460477,106640,106580,27708,134288,1453
2022-04-27,Tuolumne,109,53932,12758,12684,570,13254,181
2022-04-27,Ventura,111,848112,174971,174425,9592,184017,1480
2022-04-27,Yolo,113,214977,37965,37096,3095,40191,314
2022-04-27,Yuba,115,75493,15928,15902,1207,17109,121
2022-04-26,Alameda,001,1643700,263332,260871,14313,275184,1843
2022-04-26,Alpine,003,1148,124,124,1,125,0
2022-04-26,Amador,005,37829,8574,8518,657,9175,86
2022-04-26,Butte,007,227075,33299,33118,6930,40048,411
2022-04-26,Calaveras,009,45235,7332,7307,354,7661,119
2022-04-26,Colusa,011,21464,3453,3457,1050,4507,21
2022-04-26,Contra Costa,013,1133247,193206,191412,13534,204946,1300
2022-04-26,Del Norte,015,27424,5868,5833,191,6024,50
2022-04-26,El Dorado,017,186661,27015,26898,3236,30134,209
2022-04-26,Fresno,019,978130,232233,231951,23710,255661,2744
2022-04-26,Glenn,021,27897,4992,4993,1606,6599,48
2022-04-26,Humboldt,023,135768,17252,17138,3038,20176,145
2022-04-26,Imperial,025,180216,55543,55480,10596,66076,910
2022-04-26,Inyo,027,18085,4090,4080,496,4576,56
2022-04-26,Kern,029,883053,192428,192157,45912,238069,2271
2022-04-26,Kings,031,150075,51628,51617,3516,55133,444
2022-04-26,Lake,033,64148,10763,10732,894,11626,135
2022-04-26,Lassen,035,31185,8967,8965,875,9840,65
2022-04-26,Los Angeles,037,10098052,2743181,2731988,125597,2857585,31691
2022-04-26,Madera,039,155013,37382,37339,6050,43389,354
2022-04-26,Marin,041,260295,34576,34354,2795,37149,288
2022-04-26,Mariposa,043,17540,2436,2427,203,2630,30
2022-04-26,Mendocino,045,87422,13227,13188,3100,16288,123
2022-04-26,Merced,047,269075,62420,62315,8681,70996,815
2022-04-26,Modoc,049,8938,741,745,253,998,8
2022-04-26,Mono,051,14174,2990,2989,128,3117,6
2022-04-26,Monterey,053,433212,80068,79695,13939,93634,729
2022-04-26,Napa,055,140530,26377,26210,1023,27233,143
2022-04-26,Nevada,057,99092,16115,16080,1221,17301,127
2022-04-26,Orange,059,3164182,552181,550859,42011,592870,6991
2022-04-26,Placer,061,380077,63397,63154,7407,70561,623
2022-04-26,Plumas,063,18699,2987,2934,366,3300,13
2022-04-26,Riverside,065,2383286,594794,593397,28067,621464,6453
2022-04-26,Sacramento,067,1510023,283302,281802,26689,308491,3001
2022-04-26,San Benito,069,59416,12971,12989,520,13509,98
2022-04-26,San Bernardino,071,2135413,572736,568018,24866,592884,7105
2022-04-26,San Diego,073,3302833,759724,759873,53526,813399,5236
2022-04-26,San Francisco,075,870044,130603,129284,8614,137898,857
2022-04-26,San Joaquin,077,732212,167423,166848,10005,176853,2225
2022-04-26,San Luis Obispo,079,281455,53037,52911,3835,56746,476
2022-04-26,San Mateo,081,765935,126088,125018,7321,132339,702
2022-04-26,Santa Barbara,083,443738,86903,86557,4770,91327,685
2022-04-26,Santa Clara,085,1922200,320046,319077,12810,331887,2282
2022-04-26,Santa Cruz,087,273765,49302,48500,2148,50648,262
2022-04-26,Shasta,089,179085,30681,30633,6110,36743,554
2022-04-26,Sierra,091,2930,274,276,49,325,4
2022-04-26,Siskiyou,093,43540,4466,4455,2739,7194,81
2022-04-26,Solano,095,438530,82630,82220,5648,87868,448
2022-04-26,Sonoma,097,501317,85474,84983,2848,87831,487
2022-04-26,Stanislaus,099,539301,118067,117841,17678,135519,1643
2022-04-26,Sutter,101,95872,20570,20627,2098,22725,224
2022-04-26,Tehama,103,63373,12067,12073,2581,14654,201
2022-04-26,Trinity,105,12862,1186,1179,288,1467,20
2022-04-26,Tulare,107,460477,106612,106580,27694,134274,1453
2022-04-26,Tuolumne,109,53932,12739,12684,568,13252,181
2022-04-26,Ventura,111,848112,174860,174425,9567,183992,1480
2022-04-26,Yolo,113,214977,37898,37096,3090,40186,314
2022-04-26,Yuba,115,75493,15926,15902,1207,17109,121
2022-04-25,Alameda,001,1643700,262824,260871,14272,275143,1843
2022-04-25,Alpine,003,1148,124,124,1,125,0
2022-04-25,Amador,005,37829,8571,8518,657,9175,86
2022-04-25,Butte,007,227075,33284,33118,6921,40039,411
2022-04-25,Calaveras,009,45235,7329,7307,354,7661,119
2022-04-25,Colusa,011,21464,3453,3457,1050,4507,21
2022-04-25,Contra Costa,013,1133247,192939,191412,13497,204909,1300
2022-04-25,Del Norte,015,27424,5862,5833,189,6022,50
2022-04-25,El Dorado,017,186661,26994,26898,3234,30132,209
2022-04-25,Fresno,019,978130,232142,231951,23697,255648,2744
2022-04-25,Glenn,021,27897,4991,4993,1606,6599,48
2022-04-25,Humboldt,023,135768,17210,17138,3030,20168,145
2022-04-25,Imperial,025,180216,55523,55480,10591,66071,910
2022-04-25,Inyo,027,18085,4090,4080,496,4576,56
2022-04-25,Kern,029,883053,192384,192157,45894,238051,2271
2022-04-25,Kings,031,150075,51619,51617,3515,55132,444
2022-04-25,Lake,033,64148,10760,10732,893,11625,135
2022-04-25,Lassen,035,31185,8966,8965,875,9840,65
2022-04-25,Los Angeles,037,10098052,2740796,2731988,125431,2857419,31691
2022-04-25,Madera,039,155013,37369,37339,6046,43385,354
2022-04-25,Marin,041,260295,34512,34354,2771,37125,288
2022-04-25,Mariposa,043,17540,2436,2427,202,2629,30
2022-04-25,Mendocino,045,87422,13217,13188,3083,16271,123
2022-04-25,Merced,047,269075,62406,62315,8679,70994,815
2022-04-25,Modoc,049,8938,741,745,253,998,8
2022-04-25,Mono,051,14174,2990,2989,128,3117,6
2022-04-25,Monterey,053,433212,80030,79695,13914,93609,729
2022-04-25,Napa,055,140530,26337,26210,1021,27231,143
2022-04-25,Nevada,057,99092,16109,16080,1219,17299,127
2022-04-25,Orange,059,3164182,551774,550859,41950,592809,6991
2022-04-25,Placer,061,380077,63361,63154,7402,70556,623
2022-04-25,Plumas,063,18699,2985,2934,366,3300,13
2022-04-25,Riverside,065,2383286,594528,593397,28050,621447,6453
2022-04-25,Sacramento,067,1510023,283137,281802,26656,308458,3001
2022-04-25,San Benito,069,59416,12964,12989,520,13509,98
2022-04-25,San Bernardino,071,2135413,572511,568018,24849,592867,7105
2022-04-25,San Diego,073,3302833,759041,759873,53453,813326,5236
2022-04-25,San Francisco,075,870044,130242,129284,8598,137882,857
2022-04-25,San Joaquin,077,732212,167339,166848,9991,176839,2225
2022-04-25,San Luis Obispo,079,281455,52988,52911,3827,56738,476
2022-04-25,San Mateo,081,765935,125816,125018,7301,132319,702
2022-04-25,Santa Barbara,083,443738,86842,86557,4764,91321,685
2022-04-25,Santa Clara,085,1922200,319400,319077,12765,331842,2282
2022-04-25,Santa Cruz,087,273765,49161,48500,2139,50639,262
2022-04-25,Shasta,089,179085,30669,30633,6107,36740,554
2022-04-25,Sierra,091,2930,274,276,49,325,4
2022-04-25,Siskiyou,093,43540,4466,4455,2738,7193,81
2022-04-25,Solano,095,438530,82512,82220,5637,87857,448
2022-04-25,Sonoma,097,501317,85351,84983,2829,87812,487
2022-04-25,Stanislaus,099,539301,118022,117841,17671,135512,1643
2022-04-25,Sutter,101,95872,20567,20627,2098,22725,224
2022-04-25,Tehama,103,63373,12067,12073,2581,14654,201
2022-04-25,Trinity,105,12862,1185,1179,288,1467,20
2022-04-25,Tulare,107,460477,106587,106580,27684,134264,1453
2022-04-25,Tuolumne,109,53932,12730,12684,568,13252,181
2022-04-25,Ventura,111,848112,174750,174425,9544,183969,1480
2022-04-25,Yolo,113,214977,37812,37096,3086,40182,314
2022-04-25,Yuba,115,75493,15916,15902,1206,17108,121
2022-04-24,Alameda,001,1643700,262241,259619,14227,273846,1837
2022-04-24,Alpine,003,1148,124,124,1,125,0
2022-04-24,Amador,005,37829,8562,8509,656,9165,86
2022-04-24,Butte,007,227075,33262,33105,6914,40019,411
2022-04-24,Calaveras,009,45235,7320,7296,352,7648,119
2022-04-24,Colusa,011,21464,3452,3453,1050,4503,21
2022-04-24,Contra Costa,013,1133247,192632,190611,13464,204075,1298
2022-04-24,Del Norte,015,27424,5853,5827,187,6014,50
2022-04-24,El Dorado,017,186661,26976,26837,3232,30069,209
2022-04-24,Fresno,019,978130,232061,231751,23682,255433,2744
2022-04-24,Glenn,021,27897,4991,4989,1605,6594,48
2022-04-24,Humboldt,023,135768,17185,17033,3016,20049,145
2022-04-24,Imperial,025,180216,55511,55434,10583,66017,910
2022-04-24,Inyo,027,18085,4086,4079,495,4574,56
2022-04-24,Kern,029,883053,192332,192012,45880,237892,2267
2022-04-24,Kings,031,150075,51610,51588,3515,55103,444
2022-04-24,Lake,033,64148,10752,10720,890,11610,134
2022-04-24,Lassen,035,31185,8965,8966,875,9841,65
2022-04-24,Los Angeles,037,10098052,2738446,2725630,125284,2850914,31667
2022-04-24,Madera,039,155013,37354,37333,6040,43373,354
2022-04-24,Marin,041,260295,34458,34150,2737,36887,288
2022-04-24,Mariposa,043,17540,2433,2422,202,2624,30
2022-04-24,Mendocino,045,87422,13212,13158,3071,16229,122
2022-04-24,Merced,047,269075,62383,62286,8671,70957,815
2022-04-24,Modoc,049,8938,741,745,253,998,8
2022-04-24,Mono,051,14174,2988,2986,128,3114,6
2022-04-24,Monterey,053,433212,79977,79560,13881,93441,729
2022-04-24,Napa,055,140530,26301,26093,1020,27113,143
2022-04-24,Nevada,057,99092,16093,16052,1217,17269,127
2022-04-24,Orange,059,3164182,551353,549765,41890,591655,6989
2022-04-24,Placer,061,380077,63306,63037,7394,70431,622
2022-04-24,Plumas,063,18699,2983,2934,366,3300,13
2022-04-24,Riverside,065,2383286,594250,592683,28015,620698,6450
2022-04-24,Sacramento,067,1510023,282930,280551,26622,307173,2993
2022-04-24,San Benito,069,59416,12959,12966,520,13486,98
2022-04-24,San Bernardino,071,2135413,572278,566806,24827,591633,7047
2022-04-24,San Diego,073,3302833,758410,758311,53391,811702,5233
2022-04-24,San Francisco,075,870044,129796,128323,8573,136896,857
2022-04-24,San Joaquin,077,732212,167252,166626,9955,176581,2224
2022-04-24,San Luis Obispo,079,281455,52912,52826,3816,56642,476
2022-04-24,San Mateo,081,765935,125508,124106,7267,131373,703
2022-04-24,Santa Barbara,083,443738,86773,86376,4762,91138,685
2022-04-24,Santa Clara,085,1922200,318715,317487,12712,330199,2277
2022-04-24,Santa Cruz,087,273765,49049,48255,2133,50388,261
2022-04-24,Shasta,089,179085,30657,30607,6105,36712,557
2022-04-24,Sierra,091,2930,274,276,49,325,4
2022-04-24,Siskiyou,093,43540,4464,4453,2736,7189,81
2022-04-24,Solano,095,438530,82405,81982,5628,87610,448
2022-04-24,Sonoma,097,501317,85215,84581,2808,87389,486
2022-04-24,Stanislaus,099,539301,117971,117737,17666,135403,1632
2022-04-24,Sutter,101,95872,20558,20605,2095,22700,224
2022-04-24,Tehama,103,63373,12063,12064,2581,14645,201
2022-04-24,Trinity,105,12862,1185,1177,288,1465,20
2022-04-24,Tulare,107,460477,106560,106354,27673,134027,1446
2022-04-24,Tuolumne,109,53932,12717,12664,567,13231,181
2022-04-24,Ventura,111,848112,174638,174091,9523,183614,1479
2022-04-24,Yolo,113,214977,37763,36990,3083,40073,314
2022-04-24,Yuba,115,75493,15912,15888,1206,17094,121
2022-04-23,Alameda,001,1643700,261997,259619,14214,273833,1837
2022-04-23,Alpine,003,1148,124,124,1,125,0
2022-04-23,Amador,005,37829,8556,8509,656,9165,86
2022-04-23,Butte,007,227075,33253,33105,6911,40016,411
2022-04-23,Calaveras,009,45235,7312,7296,352,7648,119
2022-04-23,Colusa,011,21464,3452,3453,1050,4503,21
2022-04-23,Contra Costa,013,1133247,192476,190611,13446,204057,1298
2022-04-23,Del Norte,015,27424,5851,5827,186,6013,50
2022-04-23,El Dorado,017,186661,26966,26837,3231,30068,209
2022-04-23,Fresno,019,978130,232028,231751,23676,255427,2744
2022-04-23,Glenn,021,27897,4991,4989,1605,6594,48
2022-04-23,Humboldt,023,135768,17169,17033,3013,20046,145
2022-04-23,Imperial,025,180216,55500,55434,10582,66016,910
2022-04-23,Inyo,027,18085,4086,4079,494,4573,56
2022-04-23,Kern,029,883053,192304,192012,45866,237878,2267
2022-04-23,Kings,031,150075,51605,51588,3514,55102,444
2022-04-23,Lake,033,64148,10751,10720,890,11610,134
2022-04-23,Lassen,035,31185,8965,8966,875,9841,65
2022-04-23,Los Angeles,037,10098052,2737510,2725630,125189,2850819,31667
2022-04-23,Madera,039,155013,37347,37333,6039,43372,354
2022-04-23,Marin,041,260295,34423,34150,2691,36841,288
2022-04-23,Mariposa,043,17540,2433,2422,202,2624,30
2022-04-23,Mendocino,045,87422,13205,13158,3071,16229,122
2022-04-23,Merced,047,269075,62373,62286,8671,70957,815
2022-04-23,Modoc,049,8938,741,745,253,998,8
2022-04-23,Mono,051,14174,2988,2986,128,3114,6
2022-04-23,Monterey,053,433212,79908,79560,13866,93426,729
2022-04-23,Napa,055,140530,26280,26093,1018,27111,143
2022-04-23,Nevada,057,99092,16087,16052,1215,17267,127
2022-04-23,Orange,059,3164182,551137,549765,41842,591607,6989
2022-04-23,Placer,061,380077,63276,63037,7394,70431,622
2022-04-23,Plumas,063,18699,2983,2934,366,3300,13
2022-04-23,Riverside,065,2383286,594113,592683,28005,620688,6450
2022-04-23,Sacramento,067,1510023,282831,280551,26619,307170,2993
2022-04-23,San Benito,069,59416,12958,12966,520,13486,98
2022-04-23,San Bernardino,071,2135413,572161,566806,24824,591630,7047
2022-04-23,San Diego,073,3302833,758148,758311,53373,811684,5233
2022-04-23,San Francisco,075,870044,129593,128323,8548,136871,857
2022-04-23,San Joaquin,077,732212,167211,166626,9947,176573,2224
2022-04-23,San Luis Obispo,079,281455,52897,52826,3812,56638,476
2022-04-23,San Mateo,081,765935,125350,124106,7257,131363,703
2022-04-23,Santa Barbara,083,443738,86737,86376,4761,91137,685
2022-04-23,Santa Clara,085,1922200,318337,317487,12685,330172,2277
2022-04-23,Santa Cruz,087,273765,48999,48255,2131,50386,261
2022-04-23,Shasta,089,179085,30654,30607,6105,36712,557
2022-04-23,Sierra,091,2930,274,276,49,325,4
2022-04-23,Siskiyou,093,43540,4462,4453,2736,7189,81
2022-04-23,Solano,095,438530,82378,81982,5625,87607,448
2022-04-23,Sonoma,097,501317,85147,84581,2799,87380,486
2022-04-23,Stanislaus,099,539301,117935,117737,17664,135401,1632
2022-04-23,Sutter,101,95872,20552,20605,2095,22700,224
2022-04-23,Tehama,103,63373,12062,12064,2581,14645,201
2022-04-23,Trinity,105,12862,1185,1177,288,1465,20
2022-04-23,Tulare,107,460477,106552,106354,27664,134018,1446
2022-04-23,Tuolumne,109,53932,12712,12664,567,13231,181
2022-04-23,Ventura,111,848112,174576,174091,9517,183608,1479
2022-04-23,Yolo,113,214977,37731,36990,3079,40069,314
2022-04-23,Yuba,115,75493,15910,15888,1206,17094,121
2022-04-22,Alameda,001,1643700,261760,259619,14195,273814,1837
2022-04-22,Alpine,003,1148,124,124,1,125,0
2022-04-22,Amador,005,37829,8555,8509,654,9163,86
2022-04-22,Butte,007,227075,33246,33105,6906,40011,411
2022-04-22,Calaveras,009,45235,7311,7296,352,7648,119
2022-04-22,Colusa,011,21464,3452,3453,1050,4503,21
2022-04-22,Contra Costa,013,1133247,192340,190611,13430,204041,1298
2022-04-22,Del Norte,015,27424,5851,5827,186,6013,50
2022-04-22,El Dorado,017,186661,26953,26837,3227,30064,209
2022-04-22,Fresno,019,978130,231998,231751,23672,255423,2744
2022-04-22,Glenn,021,27897,4990,4989,1605,6594,48
2022-04-22,Humboldt,023,135768,17153,17033,3007,20040,145
2022-04-22,Imperial,025,180216,55494,55434,10582,66016,910
2022-04-22,Inyo,027,18085,4086,4079,493,4572,56
2022-04-22,Kern,029,883053,192284,192012,45863,237875,2267
2022-04-22,Kings,031,150075,51601,51588,3513,55101,444
2022-04-22,Lake,033,64148,10750,10720,890,11610,134
2022-04-22,Lassen,035,31185,8965,8966,875,9841,65
2022-04-22,Los Angeles,037,10098052,2736413,2725630,125130,2850760,31667
2022-04-22,Madera,039,155013,37342,37333,6038,43371,354
2022-04-22,Marin,041,260295,34386,34150,2680,36830,288
2022-04-22,Mariposa,043,17540,2432,2422,202,2624,30
2022-04-22,Mendocino,045,87422,13200,13158,3066,16224,122
2022-04-22,Merced,047,269075,62366,62286,8660,70946,815
2022-04-22,Modoc,049,8938,741,745,253,998,8
2022-04-22,Mono,051,14174,2988,2986,127,3113,6
2022-04-22,Monterey,053,433212,79873,79560,13852,93412,729
2022-04-22,Napa,055,140530,26263,26093,1016,27109,143
2022-04-22,Nevada,057,99092,16087,16052,1215,17267,127
2022-04-22,Orange,059,3164182,550952,549765,41791,591556,6989
2022-04-22,Placer,061,380077,63253,63037,7391,70428,622
2022-04-22,Plumas,063,18699,2983,2934,366,3300,13
2022-04-22,Riverside,065,2383286,593969,592683,27990,620673,6450
2022-04-22,Sacramento,067,1510023,282743,280551,26607,307158,2993
2022-04-22,San Benito,069,59416,12953,12966,520,13486,98
2022-04-22,San Bernardino,071,2135413,572048,566806,24816,591622,7047
2022-04-22,San Diego,073,3302833,757828,758311,53345,811656,5233
2022-04-22,San Francisco,075,870044,129430,128323,8522,136845,857
2022-04-22,San Joaquin,077,732212,167181,166626,9946,176572,2224
2022-04-22,San Luis Obispo,079,281455,52891,52826,3811,56637,476
2022-04-22,San Mateo,081,765935,125188,124106,7244,131350,703
2022-04-22,Santa Barbara,083,443738,86690,86376,4760,91136,685
2022-04-22,Santa Clara,085,1922200,317990,317487,12671,330158,2277
2022-04-22,Santa Cruz,087,273765,48960,48255,2130,50385,261
2022-04-22,Shasta,089,179085,30649,30607,6104,36711,557
2022-04-22,Sierra,091,2930,274,276,48,324,4
2022-04-22,Siskiyou,093,43540,4462,4453,2736,7189,81
2022-04-22,Solano,095,438530,82321,81982,5623,87605,448
2022-04-22,Sonoma,097,501317,85083,84581,2795,87376,486
2022-04-22,Stanislaus,099,539301,117913,117737,17659,135396,1632
2022-04-22,Sutter,101,95872,20546,20605,2095,22700,224
2022-04-22,Tehama,103,63373,12057,12064,2580,14644,201
2022-04-22,Trinity,105,12862,1185,1177,287,1464,20
2022-04-22,Tulare,107,460477,106542,106354,27656,134010,1446
2022-04-22,Tuolumne,109,53932,12706,12664,565,13229,181
2022-04-22,Ventura,111,848112,174500,174091,9506,183597,1479
2022-04-22,Yolo,113,214977,37710,36990,3077,40067,314
2022-04-22,Yuba,115,75493,15907,15888,1205,17093,121
2022-04-21,Alameda,001,1643700,261402,259619,14155,273774,1837
2022-04-21,Alpine,003,1148,124,124,1,125,0
2022-04-21,Amador,005,37829,8552,8509,654,9163,86
2022-04-21,Butte,007,227075,33238,33105,6898,40003,411
2022-04-21,Calaveras,009,45235,7308,7296,352,7648,119
2022-04-21,Colusa,011,21464,3451,3453,1050,4503,21
2022-04-21,Contra Costa,013,1133247,192145,190611,13409,204020,1298
2022-04-21,Del Norte,015,27424,5850,5827,186,6013,50
2022-04-21,El Dorado,017,186661,26937,26837,3226,30063,209
2022-04-21,Fresno,019,978130,231956,231751,23664,255415,2744
2022-04-21,Glenn,021,27897,4990,4989,1604,6593,48
2022-04-21,Humboldt,023,135768,17130,17033,2999,20032,145
2022-04-21,Imperial,025,180216,55485,55434,10582,66016,910
2022-04-21,Inyo,027,18085,4086,4079,493,4572,56
2022-04-21,Kern,029,883053,192251,192012,45848,237860,2267
2022-04-21,Kings,031,150075,51593,51588,3513,55101,444
2022-04-21,Lake,033,64148,10747,10720,890,11610,134
2022-04-21,Lassen,035,31185,8965,8966,875,9841,65
2022-04-21,Los Angeles,037,10098052,2734764,2725630,125016,2850646,31667
2022-04-21,Madera,039,155013,37339,37333,6037,43370,354
2022-04-21,Marin,041,260295,34338,34150,2670,36820,288
2022-04-21,Mariposa,043,17540,2431,2422,202,2624,30
2022-04-21,Mendocino,045,87422,13193,13158,3063,16221,122
2022-04-21,Merced,047,269075,62348,62286,8658,70944,815
2022-04-21,Modoc,049,8938,741,745,253,998,8
2022-04-21,Mono,051,14174,2987,2986,126,3112,6
2022-04-21,Monterey,053,433212,79846,79560,13838,93398,729
2022-04-21,Napa,055,140530,26232,26093,1015,27108,143
2022-04-21,Nevada,057,99092,16083,16052,1215,17267,127
2022-04-21,Orange,059,3164182,550698,549765,41755,591520,6989
2022-04-21,Placer,061,380077,63215,63037,7387,70424,622
2022-04-21,Plumas,063,18699,2983,2934,366,3300,13
2022-04-21,Riverside,065,2383286,593809,592683,27972,620655,6450
2022-04-21,Sacramento,067,1510023,282595,280551,26587,307138,2993
2022-04-21,San Benito,069,59416,12947,12966,520,13486,98
2022-04-21,San Bernardino,071,2135413,571857,566806,24804,591610,7047
2022-04-21,San Diego,073,3302833,757403,758311,53301,811612,5233
2022-04-21,San Francisco,075,870044,129206,128323,8494,136817,857
2022-04-21,San Joaquin,077,732212,167127,166626,9941,176567,2224
2022-04-21,San Luis Obispo,079,281455,52871,52826,3804,56630,476
2022-04-21,San Mateo,081,765935,124987,124106,7224,131330,703
2022-04-21,Santa Barbara,083,443738,86631,86376,4757,91133,685
2022-04-21,Santa Clara,085,1922200,317539,317487,12649,330136,2277
2022-04-21,Santa Cruz,087,273765,48915,48255,2128,50383,261
2022-04-21,Shasta,089,179085,30641,30607,6104,36711,557
2022-04-21,Sierra,091,2930,274,276,48,324,4
2022-04-21,Siskiyou,093,43540,4462,4453,2736,7189,81
2022-04-21,Solano,095,438530,82259,81982,5617,87599,448
2022-04-21,Sonoma,097,501317,84969,84581,2775,87356,486
2022-04-21,Stanislaus,099,539301,117874,117737,17651,135388,1632
2022-04-21,Sutter,101,95872,20537,20605,2093,22698,224
2022-04-21,Tehama,103,63373,12057,12064,2580,14644,201
2022-04-21,Trinity,105,12862,1185,1177,287,1464,20
2022-04-21,Tulare,107,460477,106535,106354,27652,134006,1446
2022-04-21,Tuolumne,109,53932,12701,12664,565,13229,181
2022-04-21,Ventura,111,848112,174417,174091,9500,183591,1479
2022-04-21,Yolo,113,214977,37671,36990,3077,40067,314
2022-04-21,Yuba,115,75493,15905,15888,1205,17093,121
2022-04-20,Alameda,001,1643700,261037,258734,14125,272859,1832
2022-04-20,Alpine,003,1148,124,124,1,125,0
2022-04-20,Amador,005,37829,8550,8494,654,9148,86
2022-04-20,Butte,007,227075,33229,33083,6891,39974,408
2022-04-20,Calaveras,009,45235,7302,7288,351,7639,119
2022-04-20,Colusa,011,21464,3451,3453,1050,4503,21
2022-04-20,Contra Costa,013,1133247,191911,190042,13384,203426,1299
2022-04-20,Del Norte,015,27424,5844,5814,186,6000,50
2022-04-20,El Dorado,017,186661,26922,26821,3221,30042,209
2022-04-20,Fresno,019,978130,231906,231568,23663,255231,2740
2022-04-20,Glenn,021,27897,4989,4988,1601,6589,48
2022-04-20,Humboldt,023,135768,17109,16976,2995,19971,145
2022-04-20,Imperial,025,180216,55477,55405,10579,65984,910
2022-04-20,Inyo,027,18085,4086,4075,492,4567,56
2022-04-20,Kern,029,883053,192216,191915,45832,237747,2262
2022-04-20,Kings,031,150075,51584,51571,3511,55082,445
2022-04-20,Lake,033,64148,10747,10711,890,11601,134
2022-04-20,Lassen,035,31185,8965,8951,875,9826,65
2022-04-20,Los Angeles,037,10098052,2733024,2721699,124897,2846596,31630
2022-04-20,Madera,039,155013,37336,37333,6034,43367,354
2022-04-20,Marin,041,260295,34297,33985,2647,36632,288
2022-04-20,Mariposa,043,17540,2429,2412,202,2614,30
2022-04-20,Mendocino,045,87422,13187,13128,3055,16183,122
2022-04-20,Merced,047,269075,62338,62322,8645,70967,813
2022-04-20,Modoc,049,8938,741,744,253,997,8
2022-04-20,Mono,051,14174,2987,2984,126,3110,6
2022-04-20,Monterey,053,433212,79801,79419,13819,93238,727
2022-04-20,Napa,055,140530,26198,26016,1011,27027,143
2022-04-20,Nevada,057,99092,16073,16034,1212,17246,127
2022-04-20,Orange,059,3164182,550370,549136,41708,590844,6963
2022-04-20,Placer,061,380077,63190,62928,7382,70310,619
2022-04-20,Plumas,063,18699,2983,2932,366,3298,13
2022-04-20,Riverside,065,2383286,593615,592224,27950,620174,6447
2022-04-20,Sacramento,067,1510023,282452,279326,26570,305896,2987
2022-04-20,San Benito,069,59416,12941,12971,517,13488,98
2022-04-20,San Bernardino,071,2135413,571650,565405,24787,590192,6977
2022-04-20,San Diego,073,3302833,756960,757138,53241,810379,5231
2022-04-20,San Francisco,075,870044,128899,127594,8476,136070,854
2022-04-20,San Joaquin,077,732212,167055,166531,9934,176465,2222
2022-04-20,San Luis Obispo,079,281455,52844,52740,3797,56537,476
2022-04-20,San Mateo,081,765935,124769,123279,7192,130471,701
2022-04-20,Santa Barbara,083,443738,86594,86214,4751,90965,685
2022-04-20,Santa Clara,085,1922200,317128,316355,12611,328966,2274
2022-04-20,Santa Cruz,087,273765,48852,47997,2124,50121,261
2022-04-20,Shasta,089,179085,30637,30590,6103,36693,554
2022-04-20,Sierra,091,2930,274,276,48,324,4
2022-04-20,Siskiyou,093,43540,4461,4446,2735,7181,80
2022-04-20,Solano,095,438530,82187,81841,5614,87455,447
2022-04-20,Sonoma,097,501317,84881,84429,2752,87181,485
2022-04-20,Stanislaus,099,539301,117838,117540,17640,135180,1630
2022-04-20,Sutter,101,95872,20530,20632,2093,22725,224
2022-04-20,Tehama,103,63373,12054,12061,2580,14641,199
2022-04-20,Trinity,105,12862,1185,1178,287,1465,20
2022-04-20,Tulare,107,460477,106527,105974,27641,133615,1439
2022-04-20,Tuolumne,109,53932,12696,12648,563,13211,180
2022-04-20,Ventura,111,848112,174329,173904,9491,183395,1475
2022-04-20,Yolo,113,214977,37600,36785,3074,39859,311
2022-04-20,Yuba,115,75493,15901,15868,1203,17071,121
2022-04-19,Alameda,001,1643700,260681,258734,14093,272827,1832
2022-04-19,Alpine,003,1148,124,124,1,125,0
2022-04-19,Amador,005,37829,8546,8494,651,9145,86
2022-04-19,Butte,007,227075,33222,33083,6887,39970,408
2022-04-19,Calaveras,009,45235,7299,7288,351,7639,119
2022-04-19,Colusa,011,21464,3451,3453,1050,4503,21
2022-04-19,Contra Costa,013,1133247,191665,190042,13367,203409,1299
2022-04-19,Del Norte,015,27424,5842,5814,184,5998,50
2022-04-19,El Dorado,017,186661,26907,26821,3218,30039,209
2022-04-19,Fresno,019,978130,231852,231568,23652,255220,2740
2022-04-19,Glenn,021,27897,4988,4988,1601,6589,48
2022-04-19,Humboldt,023,135768,17072,16976,2984,19960,145
2022-04-19,Imperial,025,180216,55470,55405,10576,65981,910
2022-04-19,Inyo,027,18085,4083,4075,492,4567,56
2022-04-19,Kern,029,883053,192180,191915,45822,237737,2262
2022-04-19,Kings,031,150075,51570,51571,3510,55081,445
2022-04-19,Lake,033,64148,10743,10711,889,11600,134
2022-04-19,Lassen,035,31185,8965,8951,875,9826,65
2022-04-19,Los Angeles,037,10098052,2731224,2721699,124771,2846470,31630
2022-04-19,Madera,039,155013,37333,37333,6033,43366,354
2022-04-19,Marin,041,260295,34247,33985,2631,36616,288
2022-04-19,Mariposa,043,17540,2429,2412,201,2613,30
2022-04-19,Mendocino,045,87422,13179,13128,3044,16172,122
2022-04-19,Merced,047,269075,62319,62322,8641,70963,813
2022-04-19,Modoc,049,8938,741,744,253,997,8
2022-04-19,Mono,051,14174,2987,2984,126,3110,6
2022-04-19,Monterey,053,433212,79780,79419,13806,93225,727
2022-04-19,Napa,055,140530,26175,26016,1002,27018,143
2022-04-19,Nevada,057,99092,16067,16034,1210,17244,127
2022-04-19,Orange,059,3164182,550092,549136,41664,590800,6963
2022-04-19,Placer,061,380077,63158,62928,7377,70305,619
2022-04-19,Plumas,063,18699,2983,2932,366,3298,13
2022-04-19,Riverside,065,2383286,593433,592224,27938,620162,6447
2022-04-19,Sacramento,067,1510023,282278,279326,26546,305872,2987
2022-04-19,San Benito,069,59416,12935,12971,516,13487,98
2022-04-19,San Bernardino,071,2135413,571434,565405,24765,590170,6977
2022-04-19,San Diego,073,3302833,756494,757138,53178,810316,5231
2022-04-19,San Francisco,075,870044,128565,127594,8458,136052,854
2022-04-19,San Joaquin,077,732212,167004,166531,9930,176461,2222
2022-04-19,San Luis Obispo,079,281455,52809,52740,3791,56531,476
2022-04-19,San Mateo,081,765935,124538,123279,7171,130450,701
2022-04-19,Santa Barbara,083,443738,86540,86214,4743,90957,685
2022-04-19,Santa Clara,085,1922200,316706,316355,12582,328937,2274
2022-04-19,Santa Cruz,087,273765,48797,47997,2122,50119,261
2022-04-19,Shasta,089,179085,30625,30590,6102,36692,554
2022-04-19,Sierra,091,2930,274,276,48,324,4
2022-04-19,Siskiyou,093,43540,4460,4446,2733,7179,80
2022-04-19,Solano,095,438530,82103,81841,5609,87450,447
2022-04-19,Sonoma,097,501317,84779,84429,2724,87153,485
2022-04-19,Stanislaus,099,539301,117812,117540,17635,135175,1630
2022-04-19,Sutter,101,95872,20530,20632,2093,22725,224
2022-04-19,Tehama,103,63373,12053,12061,2580,14641,199
2022-04-19,Trinity,105,12862,1184,1178,287,1465,20
2022-04-19,Tulare,107,460477,106511,105974,27635,133609,1439
2022-04-19,Tuolumne,109,53932,12694,12648,563,13211,180
2022-04-19,Ventura,111,848112,174235,173904,9478,183382,1475
2022-04-19,Yolo,113,214977,37542,36785,3072,39857,311
2022-04-19,Yuba,115,75493,15894,15868,1203,17071,121
2022-04-18,Alameda,001,1643700,260299,258734,14071,272805,1832
2022-04-18,Alpine,003,1148,124,124,1,125,0
2022-04-18,Amador,005,37829,8545,8494,650,9144,86
2022-04-18,Butte,007,227075,33218,33083,6882,39965,408
2022-04-18,Calaveras,009,45235,7295,7288,350,7638,119
2022-04-18,Colusa,011,21464,3450,3453,1050,4503,21
2022-04-18,Contra Costa,013,1133247,191429,190042,13342,203384,1299
2022-04-18,Del Norte,015,27424,5837,5814,184,5998,50
2022-04-18,El Dorado,017,186661,26890,26821,3215,30036,209
2022-04-18,Fresno,019,978130,231807,231568,23641,255209,2740
2022-04-18,Glenn,021,27897,4987,4988,1600,6588,48
2022-04-18,Humboldt,023,135768,17041,16976,2981,19957,145
2022-04-18,Imperial,025,180216,55458,55405,10574,65979,910
2022-04-18,Inyo,027,18085,4083,4075,492,4567,56
2022-04-18,Kern,029,883053,192135,191915,45810,237725,2262
2022-04-18,Kings,031,150075,51565,51571,3510,55081,445
2022-04-18,Lake,033,64148,10739,10711,888,11599,134
2022-04-18,Lassen,035,31185,8965,8951,875,9826,65
2022-04-18,Los Angeles,037,10098052,2729392,2721699,124656,2846355,31630
2022-04-18,Madera,039,155013,37325,37333,6032,43365,354
2022-04-18,Marin,041,260295,34183,33985,2608,36593,288
2022-04-18,Mariposa,043,17540,2427,2412,201,2613,30
2022-04-18,Mendocino,045,87422,13162,13128,3039,16167,122
2022-04-18,Merced,047,269075,62307,62322,8635,70957,813
2022-04-18,Modoc,049,8938,740,744,253,997,8
2022-04-18,Mono,051,14174,2986,2984,126,3110,6
2022-04-18,Monterey,053,433212,79706,79419,13790,93209,727
2022-04-18,Napa,055,140530,26139,26016,1001,27017,143
2022-04-18,Nevada,057,99092,16057,16034,1208,17242,127
2022-04-18,Orange,059,3164182,549804,549136,41631,590767,6963
2022-04-18,Placer,061,380077,63125,62928,7375,70303,619
2022-04-18,Plumas,063,18699,2983,2932,366,3298,13
2022-04-18,Riverside,065,2383286,593223,592224,27918,620142,6447
2022-04-18,Sacramento,067,1510023,282121,279326,26534,305860,2987
2022-04-18,San Benito,069,59416,12929,12971,516,13487,98
2022-04-18,San Bernardino,071,2135413,571223,565405,24747,590152,6977
2022-04-18,San Diego,073,3302833,756024,757138,53119,810257,5231
2022-04-18,San Francisco,075,870044,128247,127594,8446,136040,854
2022-04-18,San Joaquin,077,732212,166944,166531,9923,176454,2222
2022-04-18,San Luis Obispo,079,281455,52781,52740,3786,56526,476
2022-04-18,San Mateo,081,765935,124306,123279,7151,130430,701
2022-04-18,Santa Barbara,083,443738,86469,86214,4738,90952,685
2022-04-18,Santa Clara,085,1922200,316259,316355,12557,328912,2274
2022-04-18,Santa Cruz,087,273765,48691,47997,2120,50117,261
2022-04-18,Shasta,089,179085,30619,30590,6099,36689,554
2022-04-18,Sierra,091,2930,274,276,48,324,4
2022-04-18,Siskiyou,093,43540,4459,4446,2732,7178,80
2022-04-18,Solano,095,438530,82038,81841,5603,87444,447
2022-04-18,Sonoma,097,501317,84679,84429,2709,87138,485
2022-04-18,Stanislaus,099,539301,117782,117540,17632,135172,1630
2022-04-18,Sutter,101,95872,20528,20632,2091,22723,224
2022-04-18,Tehama,103,63373,12049,12061,2580,14641,199
2022-04-18,Trinity,105,12862,1184,1178,287,1465,20
2022-04-18,Tulare,107,460477,106497,105974,27627,133601,1439
2022-04-18,Tuolumne,109,53932,12687,12648,562,13210,180
2022-04-18,Ventura,111,848112,174143,173904,9468,183372,1475
2022-04-18,Yolo,113,214977,37475,36785,3072,39857,311
2022-04-18,Yuba,115,75493,15885,15868,1202,17070,121
2022-04-17,Alameda,001,1643700,259909,257897,14045,271942,1829
2022-04-17,Alpine,003,1148,124,124,1,125,0
2022-04-17,Amador,005,37829,8540,8491,648,9139,86
2022-04-17,Butte,007,227075,33215,33053,6880,39933,405
2022-04-17,Calaveras,009,45235,7292,7275,349,7624,119
2022-04-17,Colusa,011,21464,3449,3450,1050,4500,21
2022-04-17,Contra Costa,013,1133247,191202,189742,13306,203048,1298
2022-04-17,Del Norte,015,27424,5832,5809,184,5993,50
2022-04-17,El Dorado,017,186661,26878,26796,3213,30009,209
2022-04-17,Fresno,019,978130,231729,231455,23635,255090,2739
2022-04-17,Glenn,021,27897,4987,4991,1600,6591,48
2022-04-17,Humboldt,023,135768,17006,16929,2975,19904,143
2022-04-17,Imperial,025,180216,55449,55371,10572,65943,910
2022-04-17,Inyo,027,18085,4081,4075,492,4567,56
2022-04-17,Kern,029,883053,192100,191866,45795,237661,2258
2022-04-17,Kings,031,150075,51554,51544,3508,55052,445
2022-04-17,Lake,033,64148,10738,10702,888,11590,134
2022-04-17,Lassen,035,31185,8965,8950,875,9825,65
2022-04-17,Los Angeles,037,10098052,2727396,2717479,124538,2842017,31598
2022-04-17,Madera,039,155013,37319,37362,6032,43394,354
2022-04-17,Marin,041,260295,34116,33829,2578,36407,288
2022-04-17,Mariposa,043,17540,2419,2406,201,2607,30
2022-04-17,Mendocino,045,87422,13147,13107,3035,16142,122
2022-04-17,Merced,047,269075,62287,62295,8629,70924,813
2022-04-17,Modoc,049,8938,740,743,253,996,8
2022-04-17,Mono,051,14174,2985,2977,126,3103,6
2022-04-17,Monterey,053,433212,79674,79311,13770,93081,727
2022-04-17,Napa,055,140530,26095,25929,995,26924,143
2022-04-17,Nevada,057,99092,16041,16014,1203,17217,123
2022-04-17,Orange,059,3164182,549440,548311,41583,589894,6945
2022-04-17,Placer,061,380077,63085,62882,7368,70250,618
2022-04-17,Plumas,063,18699,2983,2929,366,3295,13
2022-04-17,Riverside,065,2383286,593003,591772,27898,619670,6443
2022-04-17,Sacramento,067,1510023,281960,278523,26509,305032,2978
2022-04-17,San Benito,069,59416,12926,12926,515,13441,98
2022-04-17,San Bernardino,071,2135413,570983,564397,24733,589130,6948
2022-04-17,San Diego,073,3302833,755533,756165,53051,809216,5229
2022-04-17,San Francisco,075,870044,127929,126976,8430,135406,854
2022-04-17,San Joaquin,077,732212,166894,166645,9917,176562,2220
2022-04-17,San Luis Obispo,079,281455,52712,52698,3781,56479,476
2022-04-17,San Mateo,081,765935,124070,122652,7135,129787,699
2022-04-17,Santa Barbara,083,443738,86411,86030,4732,90762,684
2022-04-17,Santa Clara,085,1922200,315762,315296,12530,327826,2268
2022-04-17,Santa Cruz,087,273765,48569,47895,2118,50013,261
2022-04-17,Shasta,089,179085,30608,30578,6095,36673,554
2022-04-17,Sierra,091,2930,274,276,48,324,4
2022-04-17,Siskiyou,093,43540,4454,4444,2731,7175,80
2022-04-17,Solano,095,438530,81971,81781,5599,87380,447
2022-04-17,Sonoma,097,501317,84567,84172,2702,86874,485
2022-04-17,Stanislaus,099,539301,117752,117567,17625,135192,1619
2022-04-17,Sutter,101,95872,20523,20621,2090,22711,224
2022-04-17,Tehama,103,63373,12048,12061,2580,14641,199
2022-04-17,Trinity,105,12862,1183,1178,287,1465,20
2022-04-17,Tulare,107,460477,106483,105757,27618,133375,1428
2022-04-17,Tuolumne,109,53932,12681,12640,562,13202,180
2022-04-17,Ventura,111,848112,174046,173665,9450,183115,1474
2022-04-17,Yolo,113,214977,37412,36752,3070,39822,311
2022-04-17,Yuba,115,75493,15879,15857,1202,17059,121
2022-04-16,Alameda,001,1643700,259756,257897,14035,271932,1829
2022-04-16,Alpine,003,1148,124,124,1,125,0
2022-04-16,Amador,005,37829,8538,8491,648,9139,86
2022-04-16,Butte,007,227075,33212,33053,6878,39931,405
2022-04-16,Calaveras,009,45235,7290,7275,349,7624,119
2022-04-16,Colusa,011,21464,3449,3450,1050,4500,21
2022-04-16,Contra Costa,013,1133247,191111,189742,13300,203042,1298
2022-04-16,Del Norte,015,27424,5832,5809,184,5993,50
2022-04-16,El Dorado,017,186661,26867,26796,3213,30009,209
2022-04-16,Fresno,019,978130,231701,231455,23634,255089,2739
2022-04-16,Glenn,021,27897,4987,4991,1600,6591,48
2022-04-16,Humboldt,023,135768,16998,16929,2970,19899,143
2022-04-16,Imperial,025,180216,55443,55371,10571,65942,910
2022-04-16,Inyo,027,18085,4081,4075,492,4567,56
2022-04-16,Kern,029,883053,192089,191866,45783,237649,2258
2022-04-16,Kings,031,150075,51551,51544,3508,55052,445
2022-04-16,Lake,033,64148,10736,10702,888,11590,134
2022-04-16,Lassen,035,31185,8965,8950,875,9825,65
2022-04-16,Los Angeles,037,10098052,2726688,2717479,124488,2841967,31598
2022-04-16,Madera,039,155013,37317,37362,6032,43394,354
2022-04-16,Marin,041,260295,34078,33829,2552,36381,288
2022-04-16,Mariposa,043,17540,2418,2406,201,2607,30
2022-04-16,Mendocino,045,87422,13141,13107,3035,16142,122
2022-04-16,Merced,047,269075,62284,62295,8629,70924,813
2022-04-16,Modoc,049,8938,740,743,253,996,8
2022-04-16,Mono,051,14174,2985,2977,126,3103,6
2022-04-16,Monterey,053,433212,79658,79311,13761,93072,727
2022-04-16,Napa,055,140530,26072,25929,993,26922,143
2022-04-16,Nevada,057,99092,16038,16014,1202,17216,123
2022-04-16,Orange,059,3164182,549325,548311,41555,589866,6945
2022-04-16,Placer,061,380077,63069,62882,7366,70248,618
2022-04-16,Plumas,063,18699,2981,2929,366,3295,13
2022-04-16,Riverside,065,2383286,592923,591772,27892,619664,6443
2022-04-16,Sacramento,067,1510023,281909,278523,26504,305027,2978
2022-04-16,San Benito,069,59416,12925,12926,515,13441,98
2022-04-16,San Bernardino,071,2135413,570884,564397,24729,589126,6948
2022-04-16,San Diego,073,3302833,755386,756165,53039,809204,5229
2022-04-16,San Francisco,075,870044,127773,126976,8421,135397,854
2022-04-16,San Joaquin,077,732212,166854,166645,9913,176558,2220
2022-04-16,San Luis Obispo,079,281455,52706,52698,3780,56478,476
2022-04-16,San Mateo,081,765935,123974,122652,7128,129780,699
2022-04-16,Santa Barbara,083,443738,86381,86030,4732,90762,684
2022-04-16,Santa Clara,085,1922200,315520,315296,12522,327818,2268
2022-04-16,Santa Cruz,087,273765,48542,47895,2118,50013,261
2022-04-16,Shasta,089,179085,30604,30578,6095,36673,554
2022-04-16,Sierra,091,2930,274,276,48,324,4
2022-04-16,Siskiyou,093,43540,4454,4444,2731,7175,80
2022-04-16,Solano,095,438530,81956,81781,5597,87378,447
2022-04-16,Sonoma,097,501317,84518,84172,2693,86865,485
2022-04-16,Stanislaus,099,539301,117732,117567,17620,135187,1619
2022-04-16,Sutter,101,95872,20519,20621,2090,22711,224
2022-04-16,Tehama,103,63373,12047,12061,2580,14641,199
2022-04-16,Trinity,105,12862,1183,1178,287,1465,20
2022-04-16,Tulare,107,460477,106472,105757,27616,133373,1428
2022-04-16,Tuolumne,109,53932,12680,12640,562,13202,180
2022-04-16,Ventura,111,848112,174017,173665,9446,183111,1474
2022-04-16,Yolo,113,214977,37403,36752,3069,39821,311
2022-04-16,Yuba,115,75493,15875,15857,1202,17059,121
2022-04-15,Alameda,001,1643700,259572,257897,14027,271924,1829
2022-04-15,Alpine,003,1148,124,124,1,125,0
2022-04-15,Amador,005,37829,8537,8491,646,9137,86
2022-04-15,Butte,007,227075,33210,33053,6876,39929,405
2022-04-15,Calaveras,009,45235,7288,7275,349,7624,119
2022-04-15,Colusa,011,21464,3449,3450,1050,4500,21
2022-04-15,Contra Costa,013,1133247,190994,189742,13293,203035,1298
2022-04-15,Del Norte,015,27424,5831,5809,184,5993,50
2022-04-15,El Dorado,017,186661,26853,26796,3212,30008,209
2022-04-15,Fresno,019,978130,231672,231455,23634,255089,2739
2022-04-15,Glenn,021,27897,4987,4991,1600,6591,48
2022-04-15,Humboldt,023,135768,16986,16929,2969,19898,143
2022-04-15,Imperial,025,180216,55441,55371,10571,65942,910
2022-04-15,Inyo,027,18085,4081,4075,491,4566,56
2022-04-15,Kern,029,883053,192074,191866,45772,237638,2258
2022-04-15,Kings,031,150075,51547,51544,3508,55052,445
2022-04-15,Lake,033,64148,10731,10702,888,11590,134
2022-04-15,Lassen,035,31185,8965,8950,875,9825,65
2022-04-15,Los Angeles,037,10098052,2725915,2717479,124421,2841900,31598
2022-04-15,Madera,039,155013,37315,37362,6032,43394,354
2022-04-15,Marin,041,260295,34044,33829,2531,36360,288
2022-04-15,Mariposa,043,17540,2417,2406,201,2607,30
2022-04-15,Mendocino,045,87422,13135,13107,3033,16140,122
2022-04-15,Merced,047,269075,62280,62295,8629,70924,813
2022-04-15,Modoc,049,8938,740,743,253,996,8
2022-04-15,Mono,051,14174,2980,2977,125,3102,6
2022-04-15,Monterey,053,433212,79631,79311,13755,93066,727
2022-04-15,Napa,055,140530,26055,25929,992,26921,143
2022-04-15,Nevada,057,99092,16036,16014,1201,17215,123
2022-04-15,Orange,059,3164182,549204,548311,41525,589836,6945
2022-04-15,Placer,061,380077,63054,62882,7365,70247,618
2022-04-15,Plumas,063,18699,2981,2929,366,3295,13
2022-04-15,Riverside,065,2383286,592822,591772,27886,619658,6443
2022-04-15,Sacramento,067,1510023,281830,278523,26500,305023,2978
2022-04-15,San Benito,069,59416,12923,12926,514,13440,98
2022-04-15,San Bernardino,071,2135413,570801,564397,24726,589123,6948
2022-04-15,San Diego,073,3302833,755193,756165,53020,809185,5229
2022-04-15,San Francisco,075,870044,127622,126976,8406,135382,854
2022-04-15,San Joaquin,077,732212,166831,166645,9911,176556,2220
2022-04-15,San Luis Obispo,079,281455,52698,52698,3780,56478,476
2022-04-15,San Mateo,081,765935,123843,122652,7117,129769,699
2022-04-15,Santa Barbara,083,443738,86348,86030,4731,90761,684
2022-04-15,Santa Clara,085,1922200,315229,315296,12514,327810,2268
2022-04-15,Santa Cruz,087,273765,48514,47895,2117,50012,261
2022-04-15,Shasta,089,179085,30595,30578,6095,36673,554
2022-04-15,Sierra,091,2930,274,276,48,324,4
2022-04-15,Siskiyou,093,43540,4452,4444,2731,7175,80
2022-04-15,Solano,095,438530,81931,81781,5597,87378,447
2022-04-15,Sonoma,097,501317,84466,84172,2677,86849,485
2022-04-15,Stanislaus,099,539301,117712,117567,17618,135185,1619
2022-04-15,Sutter,101,95872,20516,20621,2090,22711,224
2022-04-15,Tehama,103,63373,12047,12061,2580,14641,199
2022-04-15,Trinity,105,12862,1183,1178,287,1465,20
2022-04-15,Tulare,107,460477,106466,105757,27610,133367,1428
2022-04-15,Tuolumne,109,53932,12677,12640,559,13199,180
2022-04-15,Ventura,111,848112,173988,173665,9440,183105,1474
2022-04-15,Yolo,113,214977,37386,36752,3069,39821,311
2022-04-15,Yuba,115,75493,15872,15857,1202,17059,121
2022-04-14,Alameda,001,1643700,259305,257897,14017,271914,1829
2022-04-14,Alpine,003,1148,124,124,1,125,0
2022-04-14,Amador,005,37829,8537,8491,646,9137,86
2022-04-14,Butte,007,227075,33205,33053,6873,39926,405
2022-04-14,Calaveras,009,45235,7287,7275,349,7624,119
2022-04-14,Colusa,011,21464,3449,3450,1050,4500,21
2022-04-14,Contra Costa,013,1133247,190839,189742,13281,203023,1298
2022-04-14,Del Norte,015,27424,5829,5809,184,5993,50
2022-04-14,El Dorado,017,186661,26850,26796,3210,30006,209
2022-04-14,Fresno,019,978130,231646,231455,23633,255088,2739
2022-04-14,Glenn,021,27897,4986,4991,1598,6589,48
2022-04-14,Humboldt,023,135768,16971,16929,2968,19897,143
2022-04-14,Imperial,025,180216,55431,55371,10571,65942,910
2022-04-14,Inyo,027,18085,4081,4075,490,4565,56
2022-04-14,Kern,029,883053,192055,191866,45764,237630,2258
2022-04-14,Kings,031,150075,51539,51544,3508,55052,445
2022-04-14,Lake,033,64148,10730,10702,888,11590,134
2022-04-14,Lassen,035,31185,8965,8950,874,9824,65
2022-04-14,Los Angeles,037,10098052,2724828,2717479,124333,2841812,31598
2022-04-14,Madera,039,155013,37313,37362,6032,43394,354
2022-04-14,Marin,041,260295,34011,33829,2503,36332,288
2022-04-14,Mariposa,043,17540,2416,2406,201,2607,30
2022-04-14,Mendocino,045,87422,13130,13107,3033,16140,122
2022-04-14,Merced,047,269075,62275,62295,8628,70923,813
2022-04-14,Modoc,049,8938,739,743,253,996,8
2022-04-14,Mono,051,14174,2980,2977,124,3101,6
2022-04-14,Monterey,053,433212,79606,79311,13750,93061,727
2022-04-14,Napa,055,140530,26033,25929,991,26920,143
2022-04-14,Nevada,057,99092,16029,16014,1200,17214,123
2022-04-14,Orange,059,3164182,549015,548311,41499,589810,6945
2022-04-14,Placer,061,380077,63036,62882,7360,70242,618
2022-04-14,Plumas,063,18699,2981,2929,366,3295,13
2022-04-14,Riverside,065,2383286,592703,591772,27876,619648,6443
2022-04-14,Sacramento,067,1510023,281711,278523,26486,305009,2978
2022-04-14,San Benito,069,59416,12917,12926,514,13440,98
2022-04-14,San Bernardino,071,2135413,570629,564397,24721,589118,6948
2022-04-14,San Diego,073,3302833,754915,756165,52982,809147,5229
2022-04-14,San Francisco,075,870044,127420,126976,8395,135371,854
2022-04-14,San Joaquin,077,732212,166799,166645,9910,176555,2220
2022-04-14,San Luis Obispo,079,281455,52682,52698,3776,56474,476
2022-04-14,San Mateo,081,765935,123688,122652,7099,129751,699
2022-04-14,Santa Barbara,083,443738,86303,86030,4729,90759,684
2022-04-14,Santa Clara,085,1922200,314929,315296,12505,327801,2268
2022-04-14,Santa Cruz,087,273765,48484,47895,2116,50011,261
2022-04-14,Shasta,089,179085,30593,30578,6094,36672,554
2022-04-14,Sierra,091,2930,274,276,48,324,4
2022-04-14,Siskiyou,093,43540,4452,4444,2730,7174,80
2022-04-14,Solano,095,438530,81891,81781,5591,87372,447
2022-04-14,Sonoma,097,501317,84375,84172,2672,86844,485
2022-04-14,Stanislaus,099,539301,117692,117567,17615,135182,1619
2022-04-14,Sutter,101,95872,20514,20621,2081,22702,224
2022-04-14,Tehama,103,63373,12046,12061,2579,14640,199
2022-04-14,Trinity,105,12862,1183,1178,287,1465,20
2022-04-14,Tulare,107,460477,106452,105757,27606,133363,1428
2022-04-14,Tuolumne,109,53932,12673,12640,558,13198,180
2022-04-14,Ventura,111,848112,173939,173665,9434,183099,1474
2022-04-14,Yolo,113,214977,37359,36752,3066,39818,311
2022-04-14,Yuba,115,75493,15869,15857,1202,17059,121
2022-04-13,Alameda,001,1643700,259054,257440,13997,271437,1833
2022-04-13,Alpine,003,1148,124,124,1,125,0
2022-04-13,Amador,005,37829,8535,8490,646,9136,86
2022-04-13,Butte,007,227075,33197,33044,6873,39917,402
2022-04-13,Calaveras,009,45235,7286,7270,349,7619,119
2022-04-13,Colusa,011,21464,3449,3451,1050,4501,21
2022-04-13,Contra Costa,013,1133247,190706,189471,13267,202738,1298
2022-04-13,Del Norte,015,27424,5827,5812,184,5996,50
2022-04-13,El Dorado,017,186661,26846,26794,3210,30004,208
2022-04-13,Fresno,019,978130,231614,231325,23621,254946,2738
2022-04-13,Glenn,021,27897,4985,4989,1598,6587,48
2022-04-13,Humboldt,023,135768,16957,16922,2967,19889,143
2022-04-13,Imperial,025,180216,55418,55353,10569,65922,910
2022-04-13,Inyo,027,18085,4081,4074,487,4561,56
2022-04-13,Kern,029,883053,192030,191859,45758,237617,2249
2022-04-13,Kings,031,150075,51533,51535,3508,55043,443
2022-04-13,Lake,033,64148,10728,10695,888,11583,134
2022-04-13,Lassen,035,31185,8964,8949,874,9823,65
2022-04-13,Los Angeles,037,10098052,2723567,2715722,124257,2839979,31578
2022-04-13,Madera,039,155013,37310,37361,6032,43393,354
2022-04-13,Marin,041,260295,33972,33747,2474,36221,288
2022-04-13,Mariposa,043,17540,2410,2402,201,2603,29
2022-04-13,Mendocino,045,87422,13121,13101,3031,16132,120
2022-04-13,Merced,047,269075,62265,62276,8627,70903,811
2022-04-13,Modoc,049,8938,739,743,253,996,8
2022-04-13,Mono,051,14174,2978,2971,124,3095,6
2022-04-13,Monterey,053,433212,79592,79179,13743,92922,727
2022-04-13,Napa,055,140530,26016,25892,988,26880,143
2022-04-13,Nevada,057,99092,16023,16002,1200,17202,123
2022-04-13,Orange,059,3164182,548813,547783,41476,589259,6935
2022-04-13,Placer,061,380077,63009,62851,7356,70207,615
2022-04-13,Plumas,063,18699,2980,2923,366,3289,13
2022-04-13,Riverside,065,2383286,592564,591659,27869,619528,6437
2022-04-13,Sacramento,067,1510023,281625,277866,26483,304349,2974
2022-04-13,San Benito,069,59416,12911,12927,514,13441,98
2022-04-13,San Bernardino,071,2135413,570484,563709,24716,588425,6905
2022-04-13,San Diego,073,3302833,754629,755584,52950,808534,5223
2022-04-13,San Francisco,075,870044,127252,126608,8375,134983,850
2022-04-13,San Joaquin,077,732212,166763,166654,9908,176562,2219
2022-04-13,San Luis Obispo,079,281455,52658,52660,3776,56436,476
2022-04-13,San Mateo,081,765935,123537,122167,7075,129242,699
2022-04-13,Santa Barbara,083,443738,86265,85938,4724,90662,684
2022-04-13,Santa Clara,085,1922200,314660,314863,12488,327351,2267
2022-04-13,Santa Cruz,087,273765,48430,47765,2115,49880,260
2022-04-13,Shasta,089,179085,30591,30569,6094,36663,551
2022-04-13,Sierra,091,2930,274,276,48,324,4
2022-04-13,Siskiyou,093,43540,4451,4444,2729,7173,80
2022-04-13,Solano,095,438530,81853,81843,5588,87431,448
2022-04-13,Sonoma,097,501317,84305,84033,2659,86692,485
2022-04-13,Stanislaus,099,539301,117674,117573,17610,135183,1577
2022-04-13,Sutter,101,95872,20510,20610,2081,22691,223
2022-04-13,Tehama,103,63373,12045,12062,2578,14640,200
2022-04-13,Trinity,105,12862,1183,1177,287,1464,20
2022-04-13,Tulare,107,460477,106444,105519,27601,133120,1426
2022-04-13,Tuolumne,109,53932,12667,12639,558,13197,180
2022-04-13,Ventura,111,848112,173881,173558,9428,182986,1474
2022-04-13,Yolo,113,214977,37320,36684,3064,39748,311
2022-04-13,Yuba,115,75493,15865,15851,1202,17053,121
2022-04-12,Alameda,001,1643700,258813,257440,13988,271428,1833
2022-04-12,Alpine,003,1148,124,124,1,125,0
2022-04-12,Amador,005,37829,8534,8490,646,9136,86
2022-04-12,Butte,007,227075,33185,33044,6866,39910,402
2022-04-12,Calaveras,009,45235,7282,7270,348,7618,119
2022-04-12,Colusa,011,21464,3449,3451,1050,4501,21
2022-04-12,Contra Costa,013,1133247,190549,189471,13253,202724,1298
2022-04-12,Del Norte,015,27424,5824,5812,184,5996,50
2022-04-12,El Dorado,017,186661,26834,26794,3210,30004,208
2022-04-12,Fresno,019,978130,231584,231325,23614,254939,2738
2022-04-12,Glenn,021,27897,4985,4989,1598,6587,48
2022-04-12,Humboldt,023,135768,16949,16922,2965,19887,143
2022-04-12,Imperial,025,180216,55414,55353,10560,65913,910
2022-04-12,Inyo,027,18085,4081,4074,487,4561,56
2022-04-12,Kern,029,883053,192010,191859,45749,237608,2249
2022-04-12,Kings,031,150075,51525,51535,3506,55041,443
2022-04-12,Lake,033,64148,10724,10695,887,11582,134
2022-04-12,Lassen,035,31185,8964,8949,874,9823,65
2022-04-12,Los Angeles,037,10098052,2722321,2715722,124157,2839879,31578
2022-04-12,Madera,039,155013,37309,37361,6032,43393,354
2022-04-12,Marin,041,260295,33927,33747,2447,36194,288
2022-04-12,Mariposa,043,17540,2410,2402,201,2603,29
2022-04-12,Mendocino,045,87422,13113,13101,3025,16126,120
2022-04-12,Merced,047,269075,62251,62276,8625,70901,811
2022-04-12,Modoc,049,8938,739,743,252,995,8
2022-04-12,Mono,051,14174,2978,2971,124,3095,6
2022-04-12,Monterey,053,433212,79568,79179,13736,92915,727
2022-04-12,Napa,055,140530,25993,25892,978,26870,143
2022-04-12,Nevada,057,99092,16020,16002,1199,17201,123
2022-04-12,Orange,059,3164182,548560,547783,41443,589226,6935
2022-04-12,Placer,061,380077,62986,62851,7351,70202,615
2022-04-12,Plumas,063,18699,2979,2923,366,3289,13
2022-04-12,Riverside,065,2383286,592418,591659,27849,619508,6437
2022-04-12,Sacramento,067,1510023,281509,277866,26481,304347,2974
2022-04-12,San Benito,069,59416,12907,12927,513,13440,98
2022-04-12,San Bernardino,071,2135413,570310,563709,24713,588422,6905
2022-04-12,San Diego,073,3302833,754296,755584,52908,808492,5223
2022-04-12,San Francisco,075,870044,127041,126608,8360,134968,850
2022-04-12,San Joaquin,077,732212,166733,166654,9906,176560,2219
2022-04-12,San Luis Obispo,079,281455,52624,52660,3770,56430,476
2022-04-12,San Mateo,081,765935,123380,122167,7054,129221,699
2022-04-12,Santa Barbara,083,443738,86219,85938,4720,90658,684
2022-04-12,Santa Clara,085,1922200,314368,314863,12477,327340,2267
2022-04-12,Santa Cruz,087,273765,48351,47765,2112,49877,260
2022-04-12,Shasta,089,179085,30591,30569,6093,36662,551
2022-04-12,Sierra,091,2930,274,276,48,324,4
2022-04-12,Siskiyou,093,43540,4451,4444,2727,7171,80
2022-04-12,Solano,095,438530,81812,81843,5586,87429,448
2022-04-12,Sonoma,097,501317,84246,84033,2653,86686,485
2022-04-12,Stanislaus,099,539301,117654,117573,17606,135179,1577
2022-04-12,Sutter,101,95872,20507,20610,2081,22691,223
2022-04-12,Tehama,103,63373,12043,12062,2578,14640,200
2022-04-12,Trinity,105,12862,1183,1177,287,1464,20
2022-04-12,Tulare,107,460477,106429,105519,27596,133115,1426
2022-04-12,Tuolumne,109,53932,12665,12639,556,13195,180
2022-04-12,Ventura,111,848112,173832,173558,9422,182980,1474
2022-04-12,Yolo,113,214977,37280,36684,3058,39742,311
2022-04-12,Yuba,115,75493,15860,15851,1202,17053,121
2022-04-11,Alameda,001,1643700,258521,256649,13971,270620,1826
2022-04-11,Alpine,003,1148,124,124,1,125,0
2022-04-11,Amador,005,37829,8533,8489,646,9135,86
2022-04-11,Butte,007,227075,33172,33031,6863,39894,399
2022-04-11,Calaveras,009,45235,7279,7260,348,7608,119
2022-04-11,Colusa,011,21464,3447,3449,1050,4499,21
2022-04-11,Contra Costa,013,1133247,190382,189154,13236,202390,1296
2022-04-11,Del Norte,015,27424,5823,5811,184,5995,50
2022-04-11,El Dorado,017,186661,26821,26757,3209,29966,207
2022-04-11,Fresno,019,978130,231563,231090,23613,254703,2731
2022-04-11,Glenn,021,27897,4984,4988,1597,6585,47
2022-04-11,Humboldt,023,135768,16934,16913,2963,19876,141
2022-04-11,Imperial,025,180216,55409,55267,10558,65825,910
2022-04-11,Inyo,027,18085,4080,4071,487,4558,56
2022-04-11,Kern,029,883053,191985,191542,45747,237289,2244
2022-04-11,Kings,031,150075,51521,51519,3506,55025,443
2022-04-11,Lake,033,64148,10723,10690,886,11576,134
2022-04-11,Lassen,035,31185,8964,8948,874,9822,65
2022-04-11,Los Angeles,037,10098052,2721061,2709735,124085,2833820,31509
2022-04-11,Madera,039,155013,37302,37356,6032,43388,354
2022-04-11,Marin,041,260295,33871,33648,2428,36076,288
2022-04-11,Mariposa,043,17540,2409,2394,201,2595,29
2022-04-11,Mendocino,045,87422,13109,13087,3023,16110,120
2022-04-11,Merced,047,269075,62242,62231,8623,70854,811
2022-04-11,Modoc,049,8938,739,743,252,995,8
2022-04-11,Mono,051,14174,2977,2967,123,3090,6
2022-04-11,Monterey,053,433212,79548,79103,13727,92830,727
2022-04-11,Napa,055,140530,25976,25824,976,26800,144
2022-04-11,Nevada,057,99092,16016,15976,1199,17175,123
2022-04-11,Orange,059,3164182,548352,546983,41409,588392,6912
2022-04-11,Placer,061,380077,62964,62831,7350,70181,616
2022-04-11,Plumas,063,18699,2977,2887,366,3253,13
2022-04-11,Riverside,065,2383286,592291,591268,27832,619100,6429
2022-04-11,Sacramento,067,1510023,281409,277125,26479,303604,2972
2022-04-11,San Benito,069,59416,12905,12917,513,13430,98
2022-04-11,San Bernardino,071,2135413,570159,562571,24705,587276,6892
2022-04-11,San Diego,073,3302833,753969,754281,52869,807150,5210
2022-04-11,San Francisco,075,870044,126809,125963,8348,134311,844
2022-04-11,San Joaquin,077,732212,166695,166547,9900,176447,2212
2022-04-11,San Luis Obispo,079,281455,52601,52609,3769,56378,476
2022-04-11,San Mateo,081,765935,123194,121514,7040,128554,698
2022-04-11,Santa Barbara,083,443738,86171,85754,4715,90469,680
2022-04-11,Santa Clara,085,1922200,314024,313965,12462,326427,2266
2022-04-11,Santa Cruz,087,273765,48257,47624,2109,49733,259
2022-04-11,Shasta,089,179085,30586,30586,6092,36678,549
2022-04-11,Sierra,091,2930,274,272,48,320,4
2022-04-11,Siskiyou,093,43540,4451,4444,2725,7169,80
2022-04-11,Solano,095,438530,81784,81886,5585,87471,448
2022-04-11,Sonoma,097,501317,84178,83600,2642,86242,485
2022-04-11,Stanislaus,099,539301,117620,117528,17598,135126,1578
2022-04-11,Sutter,101,95872,20504,20591,2081,22672,223
2022-04-11,Tehama,103,63373,12042,12059,2577,14636,201
2022-04-11,Trinity,105,12862,1183,1177,287,1464,20
2022-04-11,Tulare,107,460477,106418,105278,27588,132866,1415
2022-04-11,Tuolumne,109,53932,12662,12632,556,13188,180
2022-04-11,Ventura,111,848112,173774,173343,9421,182764,1467
2022-04-11,Yolo,113,214977,37243,36587,3056,39643,312
2022-04-11,Yuba,115,75493,15857,15848,1201,17049,121
2022-04-10,Alameda,001,1643700,258187,256649,13960,270609,1826
2022-04-10,Alpine,003,1148,124,124,1,125,0
2022-04-10,Amador,005,37829,8531,8489,646,9135,86
2022-04-10,Butte,007,227075,33168,33031,6858,39889,399
2022-04-10,Calaveras,009,45235,7276,7260,348,7608,119
2022-04-10,Colusa,011,21464,3446,3449,1050,4499,21
2022-04-10,Contra Costa,013,1133247,190222,189154,13217,202371,1296
2022-04-10,Del Norte,015,27424,5820,5811,184,5995,50
2022-04-10,El Dorado,017,186661,26814,26757,3207,29964,207
2022-04-10,Fresno,019,978130,231525,231090,23611,254701,2731
2022-04-10,Glenn,021,27897,4984,4988,1597,6585,47
2022-04-10,Humboldt,023,135768,16924,16913,2961,19874,141
2022-04-10,Imperial,025,180216,55405,55267,10556,65823,910
2022-04-10,Inyo,027,18085,4080,4071,485,4556,56
2022-04-10,Kern,029,883053,191966,191542,45742,237284,2244
2022-04-10,Kings,031,150075,51519,51519,3506,55025,443
2022-04-10,Lake,033,64148,10719,10690,884,11574,134
2022-04-10,Lassen,035,31185,8963,8948,874,9822,65
2022-04-10,Los Angeles,037,10098052,2719733,2709735,123994,2833729,31509
2022-04-10,Madera,039,155013,37297,37356,6031,43387,354
2022-04-10,Marin,041,260295,33831,33648,2399,36047,288
2022-04-10,Mariposa,043,17540,2407,2394,201,2595,29
2022-04-10,Mendocino,045,87422,13101,13087,3022,16109,120
2022-04-10,Merced,047,269075,62230,62231,8621,70852,811
2022-04-10,Modoc,049,8938,739,743,252,995,8
2022-04-10,Mono,051,14174,2974,2967,123,3090,6
2022-04-10,Monterey,053,433212,79532,79103,13717,92820,727
2022-04-10,Napa,055,140530,25954,25824,974,26798,144
2022-04-10,Nevada,057,99092,15999,15976,1199,17175,123
2022-04-10,Orange,059,3164182,548101,546983,41371,588354,6912
2022-04-10,Placer,061,380077,62929,62831,7349,70180,616
2022-04-10,Plumas,063,18699,2974,2887,366,3253,13
2022-04-10,Riverside,065,2383286,592139,591268,27819,619087,6429
2022-04-10,Sacramento,067,1510023,281311,277125,26469,303594,2972
2022-04-10,San Benito,069,59416,12902,12917,513,13430,98
2022-04-10,San Bernardino,071,2135413,569926,562571,24696,587267,6892
2022-04-10,San Diego,073,3302833,753643,754281,52824,807105,5210
2022-04-10,San Francisco,075,870044,126570,125963,8332,134295,844
2022-04-10,San Joaquin,077,732212,166648,166547,9893,176440,2212
2022-04-10,San Luis Obispo,079,281455,52567,52609,3766,56375,476
2022-04-10,San Mateo,081,765935,123027,121514,7024,128538,698
2022-04-10,Santa Barbara,083,443738,86087,85754,4705,90459,680
2022-04-10,Santa Clara,085,1922200,313695,313965,12448,326413,2266
2022-04-10,Santa Cruz,087,273765,48168,47624,2108,49732,259
2022-04-10,Shasta,089,179085,30579,30586,6092,36678,549
2022-04-10,Sierra,091,2930,274,272,48,320,4
2022-04-10,Siskiyou,093,43540,4451,4444,2724,7168,80
2022-04-10,Solano,095,438530,81737,81886,5580,87466,448
2022-04-10,Sonoma,097,501317,84077,83600,2637,86237,485
2022-04-10,Stanislaus,099,539301,117597,117528,17591,135119,1578
2022-04-10,Sutter,101,95872,20500,20591,2077,22668,223
2022-04-10,Tehama,103,63373,12040,12059,2577,14636,201
2022-04-10,Trinity,105,12862,1183,1177,287,1464,20
2022-04-10,Tulare,107,460477,106403,105278,27581,132859,1415
2022-04-10,Tuolumne,109,53932,12655,12632,556,13188,180
2022-04-10,Ventura,111,848112,173695,173343,9416,182759,1467
2022-04-10,Yolo,113,214977,37212,36587,3051,39638,312
2022-04-10,Yuba,115,75493,15856,15848,1201,17049,121
2022-04-09,Alameda,001,1643700,258013,256649,13955,270604,1826
2022-04-09,Alpine,003,1148,124,124,1,125,0
2022-04-09,Amador,005,37829,8531,8489,645,9134,86
2022-04-09,Butte,007,227075,33165,33031,6858,39889,399
2022-04-09,Calaveras,009,45235,7275,7260,348,7608,119
2022-04-09,Colusa,011,21464,3445,3449,1050,4499,21
2022-04-09,Contra Costa,013,1133247,190125,189154,13210,202364,1296
2022-04-09,Del Norte,015,27424,5819,5811,184,5995,50
2022-04-09,El Dorado,017,186661,26807,26757,3207,29964,207
2022-04-09,Fresno,019,978130,231504,231090,23611,254701,2731
2022-04-09,Glenn,021,27897,4984,4988,1597,6585,47
2022-04-09,Humboldt,023,135768,16917,16913,2961,19874,141
2022-04-09,Imperial,025,180216,55400,55267,10556,65823,910
2022-04-09,Inyo,027,18085,4080,4071,485,4556,56
2022-04-09,Kern,029,883053,191957,191542,45737,237279,2244
2022-04-09,Kings,031,150075,51513,51519,3506,55025,443
2022-04-09,Lake,033,64148,10717,10690,884,11574,134
2022-04-09,Lassen,035,31185,8963,8948,874,9822,65
2022-04-09,Los Angeles,037,10098052,2719056,2709735,123921,2833656,31509
2022-04-09,Madera,039,155013,37294,37356,6031,43387,354
2022-04-09,Marin,041,260295,33798,33648,2356,36004,288
2022-04-09,Mariposa,043,17540,2407,2394,201,2595,29
2022-04-09,Mendocino,045,87422,13099,13087,3022,16109,120
2022-04-09,Merced,047,269075,62215,62231,8619,70850,811
2022-04-09,Modoc,049,8938,739,743,252,995,8
2022-04-09,Mono,051,14174,2973,2967,122,3089,6
2022-04-09,Monterey,053,433212,79523,79103,13713,92816,727
2022-04-09,Napa,055,140530,25930,25824,974,26798,144
2022-04-09,Nevada,057,99092,15996,15976,1199,17175,123
2022-04-09,Orange,059,3164182,547977,546983,41350,588333,6912
2022-04-09,Placer,061,380077,62914,62831,7347,70178,616
2022-04-09,Plumas,063,18699,2974,2887,366,3253,13
2022-04-09,Riverside,065,2383286,592048,591268,27809,619077,6429
2022-04-09,Sacramento,067,1510023,281264,277125,26467,303592,2972
2022-04-09,San Benito,069,59416,12901,12917,512,13429,98
2022-04-09,San Bernardino,071,2135413,569860,562571,24693,587264,6892
2022-04-09,San Diego,073,3302833,753495,754281,52810,807091,5210
2022-04-09,San Francisco,075,870044,126446,125963,8325,134288,844
2022-04-09,San Joaquin,077,732212,166632,166547,9890,176437,2212
2022-04-09,San Luis Obispo,079,281455,52567,52609,3763,56372,476
2022-04-09,San Mateo,081,765935,122937,121514,7017,128531,698
2022-04-09,Santa Barbara,083,443738,86054,85754,4705,90459,680
2022-04-09,Santa Clara,085,1922200,313499,313965,12445,326410,2266
2022-04-09,Santa Cruz,087,273765,48135,47624,2106,49730,259
2022-04-09,Shasta,089,179085,30577,30586,6092,36678,549
2022-04-09,Sierra,091,2930,274,272,48,320,4
2022-04-09,Siskiyou,093,43540,4450,4444,2723,7167,80
2022-04-09,Solano,095,438530,81719,81886,5578,87464,448
2022-04-09,Sonoma,097,501317,84038,83600,2633,86233,485
2022-04-09,Stanislaus,099,539301,117584,117528,17589,135117,1578
2022-04-09,Sutter,101,95872,20500,20591,2077,22668,223
2022-04-09,Tehama,103,63373,12040,12059,2577,14636,201
2022-04-09,Trinity,105,12862,1183,1177,287,1464,20
2022-04-09,Tulare,107,460477,106400,105278,27579,132857,1415
2022-04-09,Tuolumne,109,53932,12653,12632,556,13188,180
2022-04-09,Ventura,111,848112,173658,173343,9413,182756,1467
2022-04-09,Yolo,113,214977,37193,36587,3051,39638,312
2022-04-09,Yuba,115,75493,15855,15848,1201,17049,121
2022-04-08,Alameda,001,1643700,257857,256649,13949,270598,1826
2022-04-08,Alpine,003,1148,124,124,1,125,0
2022-04-08,Amador,005,37829,8529,8489,644,9133,86
2022-04-08,Butte,007,227075,33159,33031,6855,39886,399
2022-04-08,Calaveras,009,45235,7273,7260,348,7608,119
2022-04-08,Colusa,011,21464,3445,3449,1050,4499,21
2022-04-08,Contra Costa,013,1133247,190047,189154,13197,202351,1296
2022-04-08,Del Norte,015,27424,5817,5811,184,5995,50
2022-04-08,El Dorado,017,186661,26805,26757,3207,29964,207
2022-04-08,Fresno,019,978130,231484,231090,23609,254699,2731
2022-04-08,Glenn,021,27897,4984,4988,1597,6585,47
2022-04-08,Humboldt,023,135768,16913,16913,2959,19872,141
2022-04-08,Imperial,025,180216,55396,55267,10556,65823,910
2022-04-08,Inyo,027,18085,4078,4071,484,4555,56
2022-04-08,Kern,029,883053,191938,191542,45736,237278,2244
2022-04-08,Kings,031,150075,51508,51519,3506,55025,443
2022-04-08,Lake,033,64148,10717,10690,884,11574,134
2022-04-08,Lassen,035,31185,8963,8948,874,9822,65
2022-04-08,Los Angeles,037,10098052,2718428,2709735,123866,2833601,31509
2022-04-08,Madera,039,155013,37292,37356,6030,43386,354
2022-04-08,Marin,041,260295,33778,33648,2340,35988,288
2022-04-08,Mariposa,043,17540,2407,2394,200,2594,29
2022-04-08,Mendocino,045,87422,13097,13087,3022,16109,120
2022-04-08,Merced,047,269075,62208,62231,8617,70848,811
2022-04-08,Modoc,049,8938,739,743,252,995,8
2022-04-08,Mono,051,14174,2971,2967,122,3089,6
2022-04-08,Monterey,053,433212,79513,79103,13712,92815,727
2022-04-08,Napa,055,140530,25918,25824,966,26790,144
2022-04-08,Nevada,057,99092,15993,15976,1199,17175,123
2022-04-08,Orange,059,3164182,547858,546983,41336,588319,6912
2022-04-08,Placer,061,380077,62896,62831,7345,70176,616
2022-04-08,Plumas,063,18699,2971,2887,366,3253,13
2022-04-08,Riverside,065,2383286,591972,591268,27806,619074,6429
2022-04-08,Sacramento,067,1510023,281218,277125,26466,303591,2972
2022-04-08,San Benito,069,59416,12901,12917,512,13429,98
2022-04-08,San Bernardino,071,2135413,569807,562571,24690,587261,6892
2022-04-08,San Diego,073,3302833,753325,754281,52800,807081,5210
2022-04-08,San Francisco,075,870044,126350,125963,8321,134284,844
2022-04-08,San Joaquin,077,732212,166614,166547,9888,176435,2212
2022-04-08,San Luis Obispo,079,281455,52562,52609,3763,56372,476
2022-04-08,San Mateo,081,765935,122831,121514,7012,128526,698
2022-04-08,Santa Barbara,083,443738,86033,85754,4705,90459,680
2022-04-08,Santa Clara,085,1922200,313313,313965,12438,326403,2266
2022-04-08,Santa Cruz,087,273765,48118,47624,2103,49727,259
2022-04-08,Shasta,089,179085,30574,30586,6092,36678,549
2022-04-08,Sierra,091,2930,274,272,48,320,4
2022-04-08,Siskiyou,093,43540,4450,4444,2723,7167,80
2022-04-08,Solano,095,438530,81699,81886,5577,87463,448
2022-04-08,Sonoma,097,501317,83987,83600,2629,86229,485
2022-04-08,Stanislaus,099,539301,117569,117528,17588,135116,1578
2022-04-08,Sutter,101,95872,20500,20591,2077,22668,223
2022-04-08,Tehama,103,63373,12040,12059,2577,14636,201
2022-04-08,Trinity,105,12862,1183,1177,287,1464,20
2022-04-08,Tulare,107,460477,106395,105278,27575,132853,1415
2022-04-08,Tuolumne,109,53932,12652,12632,555,13187,180
2022-04-08,Ventura,111,848112,173629,173343,9411,182754,1467
2022-04-08,Yolo,113,214977,37184,36587,3050,39637,312
2022-04-08,Yuba,115,75493,15854,15848,1201,17049,121
2022-04-07,Alameda,001,1643700,257665,256649,13942,270591,1826
2022-04-07,Alpine,003,1148,124,124,1,125,0
2022-04-07,Amador,005,37829,8528,8489,641,9130,86
2022-04-07,Butte,007,227075,33155,33031,6854,39885,399
2022-04-07,Calaveras,009,45235,7271,7260,348,7608,119
2022-04-07,Colusa,011,21464,3444,3449,1050,4499,21
2022-04-07,Contra Costa,013,1133247,189927,189154,13185,202339,1296
2022-04-07,Del Norte,015,27424,5816,5811,184,5995,50
2022-04-07,El Dorado,017,186661,26793,26757,3205,29962,207
2022-04-07,Fresno,019,978130,231458,231090,23608,254698,2731
2022-04-07,Glenn,021,27897,4982,4988,1596,6584,47
2022-04-07,Humboldt,023,135768,16906,16913,2957,19870,141
2022-04-07,Imperial,025,180216,55394,55267,10554,65821,910
2022-04-07,Inyo,027,18085,4078,4071,484,4555,56
2022-04-07,Kern,029,883053,191914,191542,45733,237275,2244
2022-04-07,Kings,031,150075,51500,51519,3506,55025,443
2022-04-07,Lake,033,64148,10713,10690,884,11574,134
2022-04-07,Lassen,035,31185,8963,8948,874,9822,65
2022-04-07,Los Angeles,037,10098052,2717510,2709735,123790,2833525,31509
2022-04-07,Madera,039,155013,37287,37356,6030,43386,354
2022-04-07,Marin,041,260295,33759,33648,2321,35969,288
2022-04-07,Mariposa,043,17540,2404,2394,199,2593,29
2022-04-07,Mendocino,045,87422,13093,13087,3021,16108,120
2022-04-07,Merced,047,269075,62199,62231,8613,70844,811
2022-04-07,Modoc,049,8938,739,743,252,995,8
2022-04-07,Mono,051,14174,2970,2967,122,3089,6
2022-04-07,Monterey,053,433212,79492,79103,13708,92811,727
2022-04-07,Napa,055,140530,25902,25824,962,26786,144
2022-04-07,Nevada,057,99092,15985,15976,1198,17174,123
2022-04-07,Orange,059,3164182,547699,546983,41307,588290,6912
2022-04-07,Placer,061,380077,62879,62831,7342,70173,616
2022-04-07,Plumas,063,18699,2971,2887,366,3253,13
2022-04-07,Riverside,065,2383286,591870,591268,27792,619060,6429
2022-04-07,Sacramento,067,1510023,281152,277125,26459,303584,2972
2022-04-07,San Benito,069,59416,12900,12917,512,13429,98
2022-04-07,San Bernardino,071,2135413,569646,562571,24677,587248,6892
2022-04-07,San Diego,073,3302833,753057,754281,52768,807049,5210
2022-04-07,San Francisco,075,870044,126193,125963,8307,134270,844
2022-04-07,San Joaquin,077,732212,166574,166547,9885,176432,2212
2022-04-07,San Luis Obispo,079,281455,52544,52609,3761,56370,476
2022-04-07,San Mateo,081,765935,122709,121514,6995,128509,698
2022-04-07,Santa Barbara,083,443738,85989,85754,4703,90457,680
2022-04-07,Santa Clara,085,1922200,313090,313965,12426,326391,2266
2022-04-07,Santa Cruz,087,273765,48099,47624,2099,49723,259
2022-04-07,Shasta,089,179085,30572,30586,6092,36678,549
2022-04-07,Sierra,091,2930,274,272,48,320,4
2022-04-07,Siskiyou,093,43540,4450,4444,2722,7166,80
2022-04-07,Solano,095,438530,81669,81886,5577,87463,448
2022-04-07,Sonoma,097,501317,83944,83600,2623,86223,485
2022-04-07,Stanislaus,099,539301,117547,117528,17585,135113,1578
2022-04-07,Sutter,101,95872,20496,20591,2076,22667,223
2022-04-07,Tehama,103,63373,12038,12059,2577,14636,201
2022-04-07,Trinity,105,12862,1183,1177,287,1464,20
2022-04-07,Tulare,107,460477,106389,105278,27574,132852,1415
2022-04-07,Tuolumne,109,53932,12650,12632,554,13186,180
2022-04-07,Ventura,111,848112,173600,173343,9409,182752,1467
2022-04-07,Yolo,113,214977,37165,36587,3050,39637,312
2022-04-07,Yuba,115,75493,15852,15848,1201,17049,121
2022-04-06,Alameda,001,1643700,257479,256143,13935,270078,1814
2022-04-06,Alpine,003,1148,124,124,1,125,0
2022-04-06,Amador,005,37829,8527,8488,641,9129,86
2022-04-06,Butte,007,227075,33150,32997,6852,39849,396
2022-04-06,Calaveras,009,45235,7269,7258,348,7606,120
2022-04-06,Colusa,011,21464,3444,3447,1050,4497,21
2022-04-06,Contra Costa,013,1133247,189860,188850,13170,202020,1296
2022-04-06,Del Norte,015,27424,5816,5809,184,5993,50
2022-04-06,El Dorado,017,186661,26790,26744,3205,29949,205
2022-04-06,Fresno,019,978130,231423,230942,23604,254546,2725
2022-04-06,Glenn,021,27897,4982,4986,1595,6581,47
2022-04-06,Humboldt,023,135768,16902,16904,2956,19860,140
2022-04-06,Imperial,025,180216,55388,55294,10554,65848,908
2022-04-06,Inyo,027,18085,4077,4068,482,4550,56
2022-04-06,Kern,029,883053,191892,191449,45730,237179,2234
2022-04-06,Kings,031,150075,51499,51491,3505,54996,443
2022-04-06,Lake,033,64148,10709,10679,884,11563,136
2022-04-06,Lassen,035,31185,8963,8945,874,9819,65
2022-04-06,Los Angeles,037,10098052,2716461,2707306,123726,2831032,31465
2022-04-06,Madera,039,155013,37283,37349,6030,43379,354
2022-04-06,Marin,041,260295,33739,33566,2313,35879,288
2022-04-06,Mariposa,043,17540,2403,2392,199,2591,29
2022-04-06,Mendocino,045,87422,13089,13074,3020,16094,119
2022-04-06,Merced,047,269075,62190,62195,8610,70805,810
2022-04-06,Modoc,049,8938,739,741,252,993,8
2022-04-06,Mono,051,14174,2969,2967,122,3089,6
2022-04-06,Monterey,053,433212,79479,79019,13700,92719,727
2022-04-06,Napa,055,140530,25883,25790,958,26748,143
2022-04-06,Nevada,057,99092,15983,15974,1198,17172,123
2022-04-06,Orange,059,3164182,547530,546491,41284,587775,6887
2022-04-06,Placer,061,380077,62873,62787,7341,70128,615
2022-04-06,Plumas,063,18699,2971,2850,366,3216,13
2022-04-06,Riverside,065,2383286,591773,590826,27787,618613,6424
2022-04-06,Sacramento,067,1510023,281074,276567,26455,303022,2953
2022-04-06,San Benito,069,59416,12899,12908,512,13420,98
2022-04-06,San Bernardino,071,2135413,569515,561648,24675,586323,6883
2022-04-06,San Diego,073,3302833,752762,753402,52730,806132,5192
2022-04-06,San Francisco,075,870044,126033,125536,8301,133837,843
2022-04-06,San Joaquin,077,732212,166542,166415,9882,176297,2207
2022-04-06,San Luis Obispo,079,281455,52522,52557,3759,56316,475
2022-04-06,San Mateo,081,765935,122601,121041,6983,128024,693
2022-04-06,Santa Barbara,083,443738,85949,85630,4699,90329,679
2022-04-06,Santa Clara,085,1922200,312892,313278,12406,325684,2265
2022-04-06,Santa Cruz,087,273765,48044,47446,2094,49540,259
2022-04-06,Shasta,089,179085,30571,30565,6092,36657,529
2022-04-06,Sierra,091,2930,274,272,48,320,4
2022-04-06,Siskiyou,093,43540,4450,4442,2722,7164,80
2022-04-06,Solano,095,438530,81635,81789,5572,87361,447
2022-04-06,Sonoma,097,501317,83880,83361,2618,85979,485
2022-04-06,Stanislaus,099,539301,117531,117534,17579,135113,1578
2022-04-06,Sutter,101,95872,20491,20581,2076,22657,222
2022-04-06,Tehama,103,63373,12037,12049,2577,14626,198
2022-04-06,Trinity,105,12862,1183,1173,287,1460,20
2022-04-06,Tulare,107,460477,106383,104826,27569,132395,1414
2022-04-06,Tuolumne,109,53932,12648,12621,554,13175,180
2022-04-06,Ventura,111,848112,173546,173179,9404,182583,1460
2022-04-06,Yolo,113,214977,37140,36393,3049,39442,314
2022-04-06,Yuba,115,75493,15847,15839,1201,17040,121
2022-04-05,Alameda,001,1643700,257265,256143,13926,270069,1814
2022-04-05,Alpine,003,1148,124,124,1,125,0
2022-04-05,Amador,005,37829,8525,8488,641,9129,86
2022-04-05,Butte,007,227075,33144,32997,6849,39846,396
2022-04-05,Calaveras,009,45235,7265,7258,348,7606,120
2022-04-05,Colusa,011,21464,3442,3447,1049,4496,21
2022-04-05,Contra Costa,013,1133247,189764,188850,13163,202013,1296
2022-04-05,Del Norte,015,27424,5814,5809,184,5993,50
2022-04-05,El Dorado,017,186661,26778,26744,3205,29949,205
2022-04-05,Fresno,019,978130,231387,230942,23596,254538,2725
2022-04-05,Glenn,021,27897,4982,4986,1594,6580,47
2022-04-05,Humboldt,023,135768,16896,16904,2956,19860,140
2022-04-05,Imperial,025,180216,55386,55294,10554,65848,908
2022-04-05,Inyo,027,18085,4076,4068,481,4549,56
2022-04-05,Kern,029,883053,191872,191449,45727,237176,2234
2022-04-05,Kings,031,150075,51496,51491,3505,54996,443
2022-04-05,Lake,033,64148,10706,10679,884,11563,136
2022-04-05,Lassen,035,31185,8963,8945,874,9819,65
2022-04-05,Los Angeles,037,10098052,2715402,2707306,123651,2830957,31465
2022-04-05,Madera,039,155013,37276,37349,6028,43377,354
2022-04-05,Marin,041,260295,33684,33566,2298,35864,288
2022-04-05,Mariposa,043,17540,2403,2392,199,2591,29
2022-04-05,Mendocino,045,87422,13083,13074,3019,16093,119
2022-04-05,Merced,047,269075,62179,62195,8605,70800,810
2022-04-05,Modoc,049,8938,739,741,252,993,8
2022-04-05,Mono,051,14174,2968,2967,122,3089,6
2022-04-05,Monterey,053,433212,79456,79019,13689,92708,727
2022-04-05,Napa,055,140530,25874,25790,953,26743,143
2022-04-05,Nevada,057,99092,15975,15974,1198,17172,123
2022-04-05,Orange,059,3164182,547345,546491,41255,587746,6887
2022-04-05,Placer,061,380077,62847,62787,7341,70128,615
2022-04-05,Plumas,063,18699,2971,2850,366,3216,13
2022-04-05,Riverside,065,2383286,591652,590826,27775,618601,6424
2022-04-05,Sacramento,067,1510023,280995,276567,26450,303017,2953
2022-04-05,San Benito,069,59416,12891,12908,512,13420,98
2022-04-05,San Bernardino,071,2135413,569388,561648,24665,586313,6883
2022-04-05,San Diego,073,3302833,752454,753402,52686,806088,5192
2022-04-05,San Francisco,075,870044,125829,125536,8293,133829,843
2022-04-05,San Joaquin,077,732212,166500,166415,9879,176294,2207
2022-04-05,San Luis Obispo,079,281455,52505,52557,3754,56311,475
2022-04-05,San Mateo,081,765935,122484,121041,6972,128013,693
2022-04-05,Santa Barbara,083,443738,85913,85630,4698,90328,679
2022-04-05,Santa Clara,085,1922200,312632,313278,12393,325671,2265
2022-04-05,Santa Cruz,087,273765,47977,47446,2091,49537,259
2022-04-05,Shasta,089,179085,30571,30565,6090,36655,529
2022-04-05,Sierra,091,2930,274,272,48,320,4
2022-04-05,Siskiyou,093,43540,4450,4442,2722,7164,80
2022-04-05,Solano,095,438530,81585,81789,5569,87358,447
2022-04-05,Sonoma,097,501317,83816,83361,2609,85970,485
2022-04-05,Stanislaus,099,539301,117517,117534,17570,135104,1578
2022-04-05,Sutter,101,95872,20487,20581,2075,22656,222
2022-04-05,Tehama,103,63373,12035,12049,2576,14625,198
2022-04-05,Trinity,105,12862,1183,1173,287,1460,20
2022-04-05,Tulare,107,460477,106372,104826,27566,132392,1414
2022-04-05,Tuolumne,109,53932,12647,12621,554,13175,180
2022-04-05,Ventura,111,848112,173489,173179,9397,182576,1460
2022-04-05,Yolo,113,214977,37125,36393,3046,39439,314
2022-04-05,Yuba,115,75493,15845,15839,1201,17040,121
2022-04-04,Alameda,001,1643700,257034,256143,13912,270055,1814
2022-04-04,Alpine,003,1148,124,124,1,125,0
2022-04-04,Amador,005,37829,8524,8488,640,9128,86
2022-04-04,Butte,007,227075,33139,32997,6846,39843,396
2022-04-04,Calaveras,009,45235,7265,7258,348,7606,120
2022-04-04,Colusa,011,21464,3441,3447,1049,4496,21
2022-04-04,Contra Costa,013,1133247,189664,188850,13155,202005,1296
2022-04-04,Del Norte,015,27424,5814,5809,184,5993,50
2022-04-04,El Dorado,017,186661,26773,26744,3205,29949,205
2022-04-04,Fresno,019,978130,231369,230942,23591,254533,2725
2022-04-04,Glenn,021,27897,4981,4986,1594,6580,47
2022-04-04,Humboldt,023,135768,16888,16904,2951,19855,140
2022-04-04,Imperial,025,180216,55381,55294,10554,65848,908
2022-04-04,Inyo,027,18085,4076,4068,479,4547,56
2022-04-04,Kern,029,883053,191850,191449,45722,237171,2234
2022-04-04,Kings,031,150075,51489,51491,3505,54996,443
2022-04-04,Lake,033,64148,10701,10679,884,11563,136
2022-04-04,Lassen,035,31185,8963,8945,874,9819,65
2022-04-04,Los Angeles,037,10098052,2714300,2707306,123604,2830910,31465
2022-04-04,Madera,039,155013,37272,37349,6028,43377,354
2022-04-04,Marin,041,260295,33667,33566,2289,35855,288
2022-04-04,Mariposa,043,17540,2402,2392,199,2591,29
2022-04-04,Mendocino,045,87422,13077,13074,3017,16091,119
2022-04-04,Merced,047,269075,62169,62195,8600,70795,810
2022-04-04,Modoc,049,8938,739,741,252,993,8
2022-04-04,Mono,051,14174,2968,2967,122,3089,6
2022-04-04,Monterey,053,433212,79440,79019,13683,92702,727
2022-04-04,Napa,055,140530,25857,25790,952,26742,143
2022-04-04,Nevada,057,99092,15971,15974,1197,17171,123
2022-04-04,Orange,059,3164182,547179,546491,41229,587720,6887
2022-04-04,Placer,061,380077,62837,62787,7340,70127,615
2022-04-04,Plumas,063,18699,2970,2850,366,3216,13
2022-04-04,Riverside,065,2383286,591560,590826,27763,618589,6424
2022-04-04,Sacramento,067,1510023,280904,276567,26442,303009,2953
2022-04-04,San Benito,069,59416,12888,12908,512,13420,98
2022-04-04,San Bernardino,071,2135413,569252,561648,24658,586306,6883
2022-04-04,San Diego,073,3302833,752135,753402,52649,806051,5192
2022-04-04,San Francisco,075,870044,125631,125536,8284,133820,843
2022-04-04,San Joaquin,077,732212,166474,166415,9876,176291,2207
2022-04-04,San Luis Obispo,079,281455,52482,52557,3752,56309,475
2022-04-04,San Mateo,081,765935,122348,121041,6958,127999,693
2022-04-04,Santa Barbara,083,443738,85868,85630,4697,90327,679
2022-04-04,Santa Clara,085,1922200,312362,313278,12381,325659,2265
2022-04-04,Santa Cruz,087,273765,47930,47446,2091,49537,259
2022-04-04,Shasta,089,179085,30568,30565,6089,36654,529
2022-04-04,Sierra,091,2930,274,272,48,320,4
2022-04-04,Siskiyou,093,43540,4450,4442,2722,7164,80
2022-04-04,Solano,095,438530,81540,81789,5566,87355,447
2022-04-04,Sonoma,097,501317,83761,83361,2602,85963,485
2022-04-04,Stanislaus,099,539301,117496,117534,17563,135097,1578
2022-04-04,Sutter,101,95872,20484,20581,2075,22656,222
2022-04-04,Tehama,103,63373,12033,12049,2576,14625,198
2022-04-04,Trinity,105,12862,1183,1173,287,1460,20
2022-04-04,Tulare,107,460477,106363,104826,27563,132389,1414
2022-04-04,Tuolumne,109,53932,12640,12621,554,13175,180
2022-04-04,Ventura,111,848112,173449,173179,9395,182574,1460
2022-04-04,Yolo,113,214977,37111,36393,3044,39437,314
2022-04-04,Yuba,115,75493,15843,15839,1201,17040,121
2022-04-03,Alameda,001,1643700,256779,255650,13910,269560,1813
2022-04-03,Alpine,003,1148,124,124,1,125,0
2022-04-03,Amador,005,37829,8523,8485,640,9125,86
2022-04-03,Butte,007,227075,33132,32981,6844,39825,396
2022-04-03,Calaveras,009,45235,7265,7254,348,7602,119
2022-04-03,Colusa,011,21464,3441,3445,1049,4494,21
2022-04-03,Contra Costa,013,1133247,189558,188658,13145,201803,1291
2022-04-03,Del Norte,015,27424,5814,5812,184,5996,50
2022-04-03,El Dorado,017,186661,26759,26732,3203,29935,200
2022-04-03,Fresno,019,978130,231336,230559,23588,254147,2722
2022-04-03,Glenn,021,27897,4981,4982,1594,6576,47
2022-04-03,Humboldt,023,135768,16883,16898,2951,19849,140
2022-04-03,Imperial,025,180216,55379,55266,10551,65817,908
2022-04-03,Inyo,027,18085,4074,4063,479,4542,56
2022-04-03,Kern,029,883053,191825,191384,45717,237101,2224
2022-04-03,Kings,031,150075,51483,51470,3503,54973,443
2022-04-03,Lake,033,64148,10699,10674,884,11558,136
2022-04-03,Lassen,035,31185,8962,8943,874,9817,65
2022-04-03,Los Angeles,037,10098052,2713107,2703576,123519,2827095,31410
2022-04-03,Madera,039,155013,37270,37333,6027,43360,354
2022-04-03,Marin,041,260295,33632,33493,2281,35774,287
2022-04-03,Mariposa,043,17540,2401,2391,199,2590,29
2022-04-03,Mendocino,045,87422,13071,13058,3016,16074,119
2022-04-03,Merced,047,269075,62154,62149,8596,70745,808
2022-04-03,Modoc,049,8938,738,741,252,993,8
2022-04-03,Mono,051,14174,2968,2967,122,3089,6
2022-04-03,Monterey,053,433212,79422,78964,13658,92622,726
2022-04-03,Napa,055,140530,25837,25757,951,26708,143
2022-04-03,Nevada,057,99092,15965,15962,1196,17158,123
2022-04-03,Orange,059,3164182,546978,546047,41204,587251,6880
2022-04-03,Placer,061,380077,62811,62740,7335,70075,614
2022-04-03,Plumas,063,18699,2969,2803,366,3169,14
2022-04-03,Riverside,065,2383286,591403,590563,27748,618311,6418
2022-04-03,Sacramento,067,1510023,280828,276218,26429,302647,2950
2022-04-03,San Benito,069,59416,12884,12901,512,13413,98
2022-04-03,San Bernardino,071,2135413,569105,561362,24655,586017,6865
2022-04-03,San Diego,073,3302833,751805,752281,52612,804893,5178
2022-04-03,San Francisco,075,870044,125400,125075,8278,133353,843
2022-04-03,San Joaquin,077,732212,166417,166336,9871,176207,2202
2022-04-03,San Luis Obispo,079,281455,52463,52512,3752,56264,475
2022-04-03,San Mateo,081,765935,122208,120717,6951,127668,693
2022-04-03,Santa Barbara,083,443738,85823,85611,4695,90306,678
2022-04-03,Santa Clara,085,1922200,312063,312517,12372,324889,2258
2022-04-03,Santa Cruz,087,273765,47876,47371,2089,49460,259
2022-04-03,Shasta,089,179085,30558,30556,6088,36644,530
2022-04-03,Sierra,091,2930,274,273,48,321,4
2022-04-03,Siskiyou,093,43540,4450,4439,2722,7161,80
2022-04-03,Solano,095,438530,81499,81848,5561,87409,446
2022-04-03,Sonoma,097,501317,83683,83235,2594,85829,485
2022-04-03,Stanislaus,099,539301,117465,117536,17557,135093,1581
2022-04-03,Sutter,101,95872,20481,20570,2075,22645,222
2022-04-03,Tehama,103,63373,12030,12046,2576,14622,198
2022-04-03,Trinity,105,12862,1183,1173,287,1460,20
2022-04-03,Tulare,107,460477,106356,104736,27554,132290,1410
2022-04-03,Tuolumne,109,53932,12639,12618,554,13172,180
2022-04-03,Ventura,111,848112,173396,173044,9392,182436,1460
2022-04-03,Yolo,113,214977,37090,36347,3042,39389,313
2022-04-03,Yuba,115,75493,15841,15835,1201,17036,120
2022-04-02,Alameda,001,1643700,256676,255650,13909,269559,1813
2022-04-02,Alpine,003,1148,124,124,1,125,0
2022-04-02,Amador,005,37829,8523,8485,640,9125,86
2022-04-02,Butte,007,227075,33128,32981,6844,39825,396
2022-04-02,Calaveras,009,45235,7265,7254,348,7602,119
2022-04-02,Colusa,011,21464,3441,3445,1049,4494,21
2022-04-02,Contra Costa,013,1133247,189499,188658,13142,201800,1291
2022-04-02,Del Norte,015,27424,5813,5812,184,5996,50
2022-04-02,El Dorado,017,186661,26756,26732,3203,29935,200
2022-04-02,Fresno,019,978130,231308,230559,23588,254147,2722
2022-04-02,Glenn,021,27897,4981,4982,1594,6576,47
2022-04-02,Humboldt,023,135768,16879,16898,2951,19849,140
2022-04-02,Imperial,025,180216,55375,55266,10551,65817,908
2022-04-02,Inyo,027,18085,4074,4063,479,4542,56
2022-04-02,Kern,029,883053,191811,191384,45713,237097,2224
2022-04-02,Kings,031,150075,51480,51470,3503,54973,443
2022-04-02,Lake,033,64148,10698,10674,884,11558,136
2022-04-02,Lassen,035,31185,8962,8943,874,9817,65
2022-04-02,Los Angeles,037,10098052,2712596,2703576,123479,2827055,31410
2022-04-02,Madera,039,155013,37267,37333,6027,43360,354
2022-04-02,Marin,041,260295,33609,33493,2273,35766,287
2022-04-02,Mariposa,043,17540,2400,2391,199,2590,29
2022-04-02,Mendocino,045,87422,13069,13058,3016,16074,119
2022-04-02,Merced,047,269075,62151,62149,8596,70745,808
2022-04-02,Modoc,049,8938,738,741,252,993,8
2022-04-02,Mono,051,14174,2968,2967,121,3088,6
2022-04-02,Monterey,053,433212,79409,78964,13652,92616,726
2022-04-02,Napa,055,140530,25823,25757,950,26707,143
2022-04-02,Nevada,057,99092,15961,15962,1195,17157,123
2022-04-02,Orange,059,3164182,546872,546047,41192,587239,6880
2022-04-02,Placer,061,380077,62800,62740,7333,70073,614
2022-04-02,Plumas,063,18699,2969,2803,366,3169,14
2022-04-02,Riverside,065,2383286,591329,590563,27743,618306,6418
2022-04-02,Sacramento,067,1510023,280789,276218,26428,302646,2950
2022-04-02,San Benito,069,59416,12883,12901,512,13413,98
2022-04-02,San Bernardino,071,2135413,569054,561362,24652,586014,6865
2022-04-02,San Diego,073,3302833,751681,752281,52603,804884,5178
2022-04-02,San Francisco,075,870044,125296,125075,8270,133345,843
2022-04-02,San Joaquin,077,732212,166396,166336,9869,176205,2202
2022-04-02,San Luis Obispo,079,281455,52458,52512,3752,56264,475
2022-04-02,San Mateo,081,765935,122113,120717,6942,127659,693
2022-04-02,Santa Barbara,083,443738,85804,85611,4694,90305,678
2022-04-02,Santa Clara,085,1922200,311897,312517,12368,324885,2258
2022-04-02,Santa Cruz,087,273765,47864,47371,2088,49459,259
2022-04-02,Shasta,089,179085,30557,30556,6088,36644,530
2022-04-02,Sierra,091,2930,274,273,48,321,4
2022-04-02,Siskiyou,093,43540,4449,4439,2721,7160,80
2022-04-02,Solano,095,438530,81484,81848,5561,87409,446
2022-04-02,Sonoma,097,501317,83635,83235,2588,85823,485
2022-04-02,Stanislaus,099,539301,117456,117536,17555,135091,1581
2022-04-02,Sutter,101,95872,20476,20570,2075,22645,222
2022-04-02,Tehama,103,63373,12030,12046,2576,14622,198
2022-04-02,Trinity,105,12862,1183,1173,287,1460,20
2022-04-02,Tulare,107,460477,106353,104736,27554,132290,1410
2022-04-02,Tuolumne,109,53932,12637,12618,554,13172,180
2022-04-02,Ventura,111,848112,173356,173044,9392,182436,1460
2022-04-02,Yolo,113,214977,37078,36347,3039,39386,313
2022-04-02,Yuba,115,75493,15840,15835,1201,17036,120
2022-04-01,Alameda,001,1643700,256561,255650,13905,269555,1813
2022-04-01,Alpine,003,1148,124,124,1,125,0
2022-04-01,Amador,005,37829,8523,8485,640,9125,86
2022-04-01,Butte,007,227075,33124,32981,6841,39822,396
2022-04-01,Calaveras,009,45235,7263,7254,348,7602,119
2022-04-01,Colusa,011,21464,3440,3445,1049,4494,21
2022-04-01,Contra Costa,013,1133247,189446,188658,13141,201799,1291
2022-04-01,Del Norte,015,27424,5811,5812,184,5996,50
2022-04-01,El Dorado,017,186661,26753,26732,3202,29934,200
2022-04-01,Fresno,019,978130,231282,230559,23586,254145,2722
2022-04-01,Glenn,021,27897,4981,4982,1594,6576,47
2022-04-01,Humboldt,023,135768,16877,16898,2951,19849,140
2022-04-01,Imperial,025,180216,55373,55266,10551,65817,908
2022-04-01,Inyo,027,18085,4072,4063,478,4541,56
2022-04-01,Kern,029,883053,191800,191384,45710,237094,2224
2022-04-01,Kings,031,150075,51477,51470,3503,54973,443
2022-04-01,Lake,033,64148,10695,10674,884,11558,136
2022-04-01,Lassen,035,31185,8961,8943,874,9817,65
2022-04-01,Los Angeles,037,10098052,2712099,2703576,123436,2827012,31410
2022-04-01,Madera,039,155013,37266,37333,6027,43360,354
2022-04-01,Marin,041,260295,33591,33493,2266,35759,287
2022-04-01,Mariposa,043,17540,2397,2391,199,2590,29
2022-04-01,Mendocino,045,87422,13066,13058,3015,16073,119
2022-04-01,Merced,047,269075,62144,62149,8595,70744,808
2022-04-01,Modoc,049,8938,738,741,252,993,8
2022-04-01,Mono,051,14174,2968,2967,121,3088,6
2022-04-01,Monterey,053,433212,79391,78964,13649,92613,726
2022-04-01,Napa,055,140530,25814,25757,950,26707,143
2022-04-01,Nevada,057,99092,15961,15962,1194,17156,123
2022-04-01,Orange,059,3164182,546764,546047,41184,587231,6880
2022-04-01,Placer,061,380077,62786,62740,7333,70073,614
2022-04-01,Plumas,063,18699,2969,2803,365,3168,14
2022-04-01,Riverside,065,2383286,591263,590563,27730,618293,6418
2022-04-01,Sacramento,067,1510023,280750,276218,26424,302642,2950
2022-04-01,San Benito,069,59416,12882,12901,512,13413,98
2022-04-01,San Bernardino,071,2135413,568998,561362,24648,586010,6865
2022-04-01,San Diego,073,3302833,751534,752281,52588,804869,5178
2022-04-01,San Francisco,075,870044,125185,125075,8264,133339,843
2022-04-01,San Joaquin,077,732212,166376,166336,9867,176203,2202
2022-04-01,San Luis Obispo,079,281455,52452,52512,3751,56263,475
2022-04-01,San Mateo,081,765935,122051,120717,6936,127653,693
2022-04-01,Santa Barbara,083,443738,85784,85611,4694,90305,678
2022-04-01,Santa Clara,085,1922200,311747,312517,12367,324884,2258
2022-04-01,Santa Cruz,087,273765,47849,47371,2086,49457,259
2022-04-01,Shasta,089,179085,30556,30556,6088,36644,530
2022-04-01,Sierra,091,2930,274,273,48,321,4
2022-04-01,Siskiyou,093,43540,4449,4439,2720,7159,80
2022-04-01,Solano,095,438530,81469,81848,5561,87409,446
2022-04-01,Sonoma,097,501317,83591,83235,2587,85822,485
2022-04-01,Stanislaus,099,539301,117444,117536,17552,135088,1581
2022-04-01,Sutter,101,95872,20476,20570,2075,22645,222
2022-04-01,Tehama,103,63373,12030,12046,2576,14622,198
2022-04-01,Trinity,105,12862,1183,1173,287,1460,20
2022-04-01,Tulare,107,460477,106348,104736,27550,132286,1410
2022-04-01,Tuolumne,109,53932,12636,12618,554,13172,180
2022-04-01,Ventura,111,848112,173325,173044,9388,182432,1460
2022-04-01,Yolo,113,214977,37064,36347,3038,39385,313
2022-04-01,Yuba,115,75493,15839,15835,1201,17036,120
2022-03-31,Alameda,001,1643700,256386,255650,13892,269542,1813
2022-03-31,Alpine,003,1148,124,124,1,125,0
2022-03-31,Amador,005,37829,8523,8485,640,9125,86
2022-03-31,Butte,007,227075,33120,32981,6838,39819,396
2022-03-31,Calaveras,009,45235,7260,7254,348,7602,119
2022-03-31,Colusa,011,21464,3439,3445,1049,4494,21
2022-03-31,Contra Costa,013,1133247,189350,188658,13135,201793,1291
2022-03-31,Del Norte,015,27424,5810,5812,184,5996,50
2022-03-31,El Dorado,017,186661,26745,26732,3202,29934,200
2022-03-31,Fresno,019,978130,231247,230559,23565,254124,2722
2022-03-31,Glenn,021,27897,4979,4982,1594,6576,47
2022-03-31,Humboldt,023,135768,16873,16898,2951,19849,140
2022-03-31,Imperial,025,180216,55370,55266,10550,65816,908
2022-03-31,Inyo,027,18085,4071,4063,475,4538,56
2022-03-31,Kern,029,883053,191784,191384,45701,237085,2224
2022-03-31,Kings,031,150075,51468,51470,3503,54973,443
2022-03-31,Lake,033,64148,10694,10674,883,11557,136
2022-03-31,Lassen,035,31185,8959,8943,874,9817,65
2022-03-31,Los Angeles,037,10098052,2711356,2703576,123382,2826958,31410
2022-03-31,Madera,039,155013,37263,37333,6027,43360,354
2022-03-31,Marin,041,260295,33565,33493,2254,35747,287
2022-03-31,Mariposa,043,17540,2396,2391,198,2589,29
2022-03-31,Mendocino,045,87422,13062,13058,3015,16073,119
2022-03-31,Merced,047,269075,62139,62149,8592,70741,808
2022-03-31,Modoc,049,8938,738,741,252,993,8
2022-03-31,Mono,051,14174,2968,2967,121,3088,6
2022-03-31,Monterey,053,433212,79374,78964,13638,92602,726
2022-03-31,Napa,055,140530,25805,25757,948,26705,143
2022-03-31,Nevada,057,99092,15954,15962,1193,17155,123
2022-03-31,Orange,059,3164182,546617,546047,41170,587217,6880
2022-03-31,Placer,061,380077,62761,62740,7330,70070,614
2022-03-31,Plumas,063,18699,2969,2803,364,3167,14
2022-03-31,Riverside,065,2383286,591153,590563,27727,618290,6418
2022-03-31,Sacramento,067,1510023,280677,276218,26416,302634,2950
2022-03-31,San Benito,069,59416,12881,12901,512,13413,98
2022-03-31,San Bernardino,071,2135413,568901,561362,24637,585999,6865
2022-03-31,San Diego,073,3302833,751298,752281,52561,804842,5178
2022-03-31,San Francisco,075,870044,125027,125075,8252,133327,843
2022-03-31,San Joaquin,077,732212,166342,166336,9853,176189,2202
2022-03-31,San Luis Obispo,079,281455,52438,52512,3750,56262,475
2022-03-31,San Mateo,081,765935,121941,120717,6934,127651,693
2022-03-31,Santa Barbara,083,443738,85755,85611,4694,90305,678
2022-03-31,Santa Clara,085,1922200,311519,312517,12355,324872,2258
2022-03-31,Santa Cruz,087,273765,47830,47371,2084,49455,259
2022-03-31,Shasta,089,179085,30550,30556,6088,36644,530
2022-03-31,Sierra,091,2930,271,273,48,321,4
2022-03-31,Siskiyou,093,43540,4447,4439,2720,7159,80
2022-03-31,Solano,095,438530,81440,81848,5558,87406,446
2022-03-31,Sonoma,097,501317,83548,83235,2581,85816,485
2022-03-31,Stanislaus,099,539301,117426,117536,17547,135083,1581
2022-03-31,Sutter,101,95872,20473,20570,2074,22644,222
2022-03-31,Tehama,103,63373,12030,12046,2575,14621,198
2022-03-31,Trinity,105,12862,1183,1173,287,1460,20
2022-03-31,Tulare,107,460477,106339,104736,27542,132278,1410
2022-03-31,Tuolumne,109,53932,12635,12618,554,13172,180
2022-03-31,Ventura,111,848112,173285,173044,9385,182429,1460
2022-03-31,Yolo,113,214977,37048,36347,3038,39385,313
2022-03-31,Yuba,115,75493,15839,15835,1198,17033,120
2022-03-30,Alameda,001,1643700,256253,255467,13884,269351,1812
2022-03-30,Alpine,003,1148,124,124,1,125,0
2022-03-30,Amador,005,37829,8523,8485,640,9125,86
2022-03-30,Butte,007,227075,33115,32968,6832,39800,396
2022-03-30,Calaveras,009,45235,7258,7253,347,7600,119
2022-03-30,Colusa,011,21464,3439,3445,1049,4494,21
2022-03-30,Contra Costa,013,1133247,189288,188496,13124,201620,1291
2022-03-30,Del Norte,015,27424,5808,5808,184,5992,50
2022-03-30,El Dorado,017,186661,26737,26722,3202,29924,200
2022-03-30,Fresno,019,978130,231236,230448,23559,254007,2720
2022-03-30,Glenn,021,27897,4978,4982,1594,6576,47
2022-03-30,Humboldt,023,135768,16870,16894,2951,19845,140
2022-03-30,Imperial,025,180216,55366,55252,10547,65799,908
2022-03-30,Inyo,027,18085,4070,4062,473,4535,56
2022-03-30,Kern,029,883053,191756,191363,45696,237059,2219
2022-03-30,Kings,031,150075,51462,51446,3501,54947,443
2022-03-30,Lake,033,64148,10693,10674,883,11557,136
2022-03-30,Lassen,035,31185,8959,8943,874,9817,65
2022-03-30,Los Angeles,037,10098052,2710531,2702536,123327,2825863,31384
2022-03-30,Madera,039,155013,37258,37330,6026,43356,354
2022-03-30,Marin,041,260295,33545,33453,2235,35688,287
2022-03-30,Mariposa,043,17540,2396,2390,198,2588,27
2022-03-30,Mendocino,045,87422,13058,13055,3012,16067,118
2022-03-30,Merced,047,269075,62133,62136,8587,70723,808
2022-03-30,Modoc,049,8938,738,739,252,991,8
2022-03-30,Mono,051,14174,2967,2967,121,3088,6
2022-03-30,Monterey,053,433212,79357,78911,13631,92542,726
2022-03-30,Napa,055,140530,25793,25745,947,26692,141
2022-03-30,Nevada,057,99092,15951,15960,1191,17151,123
2022-03-30,Orange,059,3164182,546464,545895,41148,587043,6876
2022-03-30,Placer,061,380077,62746,62705,7326,70031,614
2022-03-30,Plumas,063,18699,2969,2762,362,3124,13
2022-03-30,Riverside,065,2383286,591070,590437,27714,618151,6411
2022-03-30,Sacramento,067,1510023,280609,276081,26409,302490,2949
2022-03-30,San Benito,069,59416,12877,12898,512,13410,98
2022-03-30,San Bernardino,071,2135413,568817,561153,24633,585786,6863
2022-03-30,San Diego,073,3302833,751066,751684,52535,804219,5169
2022-03-30,San Francisco,075,870044,124922,124930,8243,133173,841
2022-03-30,San Joaquin,077,732212,166314,166299,9847,176146,2201
2022-03-30,San Luis Obispo,079,281455,52425,52484,3746,56230,475
2022-03-30,San Mateo,081,765935,121839,120548,6934,127482,693
2022-03-30,Santa Barbara,083,443738,85733,85488,4691,90179,677
2022-03-30,Santa Clara,085,1922200,311336,312253,12335,324588,2258
2022-03-30,Santa Cruz,087,273765,47774,47340,2083,49423,259
2022-03-30,Shasta,089,179085,30547,30555,6088,36643,530
2022-03-30,Sierra,091,2930,271,273,48,321,4
2022-03-30,Siskiyou,093,43540,4447,4439,2720,7159,80
2022-03-30,Solano,095,438530,81421,81816,5554,87370,443
2022-03-30,Sonoma,097,501317,83511,83163,2580,85743,485
2022-03-30,Stanislaus,099,539301,117413,117593,17544,135137,1559
2022-03-30,Sutter,101,95872,20468,20565,2074,22639,222
2022-03-30,Tehama,103,63373,12029,12045,2574,14619,198
2022-03-30,Trinity,105,12862,1182,1173,287,1460,20
2022-03-30,Tulare,107,460477,106333,104667,27536,132203,1410
2022-03-30,Tuolumne,109,53932,12633,12616,554,13170,180
2022-03-30,Ventura,111,848112,173244,172984,9377,182361,1460
2022-03-30,Yolo,113,214977,37038,36325,3035,39360,313
2022-03-30,Yuba,115,75493,15837,15830,1198,17028,120
2022-03-29,Alameda,001,1643700,256127,255261,13874,269135,1810
2022-03-29,Alpine,003,1148,124,124,1,125,0
2022-03-29,Amador,005,37829,8523,8483,640,9123,86
2022-03-29,Butte,007,227075,33112,32954,6832,39786,396
2022-03-29,Calaveras,009,45235,7257,7250,346,7596,119
2022-03-29,Colusa,011,21464,3439,3445,1049,4494,21
2022-03-29,Contra Costa,013,1133247,189199,188359,13116,201475,1290
2022-03-29,Del Norte,015,27424,5808,5806,183,5989,50
2022-03-29,El Dorado,017,186661,26732,26706,3202,29908,200
2022-03-29,Fresno,019,978130,231208,230256,23555,253811,2718
2022-03-29,Glenn,021,27897,4977,4983,1594,6577,47
2022-03-29,Humboldt,023,135768,16867,16892,2948,19840,140
2022-03-29,Imperial,025,180216,55352,55233,10546,65779,908
2022-03-29,Inyo,027,18085,4068,4062,472,4534,56
2022-03-29,Kern,029,883053,191724,191338,45689,237027,2220
2022-03-29,Kings,031,150075,51454,51416,3500,54916,443
2022-03-29,Lake,033,64148,10689,10674,883,11557,136
2022-03-29,Lassen,035,31185,8958,8943,874,9817,65
2022-03-29,Los Angeles,037,10098052,2709702,2702005,123281,2825286,31378
2022-03-29,Madera,039,155013,37250,37325,6023,43348,354
2022-03-29,Marin,041,260295,33525,33431,2230,35661,287
2022-03-29,Mariposa,043,17540,2396,2388,198,2586,23
2022-03-29,Mendocino,045,87422,13054,13053,3011,16064,119
2022-03-29,Merced,047,269075,62121,62123,8586,70709,806
2022-03-29,Modoc,049,8938,736,737,252,989,8
2022-03-29,Mono,051,14174,2967,2966,121,3087,5
2022-03-29,Monterey,053,433212,79344,78774,13623,92397,725
2022-03-29,Napa,055,140530,25786,25732,947,26679,141
2022-03-29,Nevada,057,99092,15943,15956,1191,17147,123
2022-03-29,Orange,059,3164182,546316,545832,41132,586964,6871
2022-03-29,Placer,061,380077,62728,62687,7321,70008,614
2022-03-29,Plumas,063,18699,2967,2761,362,3123,13
2022-03-29,Riverside,065,2383286,590970,590359,27706,618065,6403
2022-03-29,Sacramento,067,1510023,280543,276040,26398,302438,2946
2022-03-29,San Benito,069,59416,12875,12892,512,13404,97
2022-03-29,San Bernardino,071,2135413,568720,561026,24625,585651,6860
2022-03-29,San Diego,073,3302833,750822,751240,52513,803753,5159
2022-03-29,San Francisco,075,870044,124771,124789,8237,133026,840
2022-03-29,San Joaquin,077,732212,166277,166241,9839,176080,2198
2022-03-29,San Luis Obispo,079,281455,52409,52455,3742,56197,472
2022-03-29,San Mateo,081,765935,121745,120435,6931,127366,686
2022-03-29,Santa Barbara,083,443738,85710,85464,4691,90155,676
2022-03-29,Santa Clara,085,1922200,311096,312067,12318,324385,2259
2022-03-29,Santa Cruz,087,273765,47754,47323,2082,49405,259
2022-03-29,Shasta,089,179085,30540,30552,6086,36638,529
2022-03-29,Sierra,091,2930,271,273,48,321,4
2022-03-29,Siskiyou,093,43540,4447,4439,2719,7158,80
2022-03-29,Solano,095,438530,81399,81713,5551,87264,441
2022-03-29,Sonoma,097,501317,83477,83130,2574,85704,485
2022-03-29,Stanislaus,099,539301,117394,117683,17538,135221,1559
2022-03-29,Sutter,101,95872,20466,20556,2073,22629,221
2022-03-29,Tehama,103,63373,12027,12045,2574,14619,198
2022-03-29,Trinity,105,12862,1182,1173,287,1460,20
2022-03-29,Tulare,107,460477,106328,104622,27531,132153,1406
2022-03-29,Tuolumne,109,53932,12631,12615,554,13169,180
2022-03-29,Ventura,111,848112,173189,172946,9376,182322,1460
2022-03-29,Yolo,113,214977,37025,36296,3034,39330,313
2022-03-29,Yuba,115,75493,15833,15824,1197,17021,117
2022-03-28,Alameda,001,1643700,255975,255192,13864,269056,1808
2022-03-28,Alpine,003,1148,124,124,1,125,0
2022-03-28,Amador,005,37829,8522,8480,640,9120,86
2022-03-28,Butte,007,227075,33095,32947,6832,39779,392
2022-03-28,Calaveras,009,45235,7257,7247,346,7593,119
2022-03-28,Colusa,011,21464,3439,3445,1049,4494,21
2022-03-28,Contra Costa,013,1133247,189118,188305,13111,201416,1290
2022-03-28,Del Norte,015,27424,5806,5834,183,6017,50
2022-03-28,El Dorado,017,186661,26725,26703,3200,29903,200
2022-03-28,Fresno,019,978130,231180,230144,23538,253682,2717
2022-03-28,Glenn,021,27897,4977,4983,1594,6577,47
2022-03-28,Humboldt,023,135768,16866,16916,2948,19864,140
2022-03-28,Imperial,025,180216,55341,55245,10546,65791,909
2022-03-28,Inyo,027,18085,4067,4062,472,4534,56
2022-03-28,Kern,029,883053,191700,191333,45680,237013,2212
2022-03-28,Kings,031,150075,51441,51405,3500,54905,443
2022-03-28,Lake,033,64148,10687,10673,883,11556,136
2022-03-28,Lassen,035,31185,8958,8946,874,9820,63
2022-03-28,Los Angeles,037,10098052,2708822,2700997,123242,2824239,31349
2022-03-28,Madera,039,155013,37246,37324,6023,43347,354
2022-03-28,Marin,041,260295,33500,33391,2225,35616,287
2022-03-28,Mariposa,043,17540,2395,2388,198,2586,23
2022-03-28,Mendocino,045,87422,13052,13046,3010,16056,118
2022-03-28,Merced,047,269075,62111,62116,8581,70697,805
2022-03-28,Modoc,049,8938,735,736,252,988,7
2022-03-28,Mono,051,14174,2967,2966,121,3087,5
2022-03-28,Monterey,053,433212,79311,78784,13619,92403,724
2022-03-28,Napa,055,140530,25780,25723,946,26669,140
2022-03-28,Nevada,057,99092,15941,15969,1191,17160,123
2022-03-28,Orange,059,3164182,546185,545700,41105,586805,6860
2022-03-28,Placer,061,380077,62708,62687,7320,70007,613
2022-03-28,Plumas,063,18699,2966,2760,362,3122,13
2022-03-28,Riverside,065,2383286,590870,590298,27698,617996,6397
2022-03-28,Sacramento,067,1510023,280474,275889,26386,302275,2946
2022-03-28,San Benito,069,59416,12875,12889,512,13401,97
2022-03-28,San Bernardino,071,2135413,568636,560836,24614,585450,6858
2022-03-28,San Diego,073,3302833,750583,750659,52479,803138,5155
2022-03-28,San Francisco,075,870044,124631,124678,8227,132905,839
2022-03-28,San Joaquin,077,732212,166245,166247,9837,176084,2196
2022-03-28,San Luis Obispo,079,281455,52384,52434,3739,56173,470
2022-03-28,San Mateo,081,765935,121631,120337,6924,127261,686
2022-03-28,Santa Barbara,083,443738,85682,85442,4689,90131,675
2022-03-28,Santa Clara,085,1922200,310867,311953,12309,324262,2257
2022-03-28,Santa Cruz,087,273765,47721,47324,2082,49406,259
2022-03-28,Shasta,089,179085,30539,30550,6085,36635,527
2022-03-28,Sierra,091,2930,271,273,48,321,4
2022-03-28,Siskiyou,093,43540,4446,4438,2719,7157,80
2022-03-28,Solano,095,438530,81371,81704,5546,87250,441
2022-03-28,Sonoma,097,501317,83433,83105,2569,85674,485
2022-03-28,Stanislaus,099,539301,117382,117783,17533,135316,1562
2022-03-28,Sutter,101,95872,20461,20549,2073,22622,221
2022-03-28,Tehama,103,63373,12027,12041,2574,14615,200
2022-03-28,Trinity,105,12862,1182,1173,287,1460,20
2022-03-28,Tulare,107,460477,106316,104576,27525,132101,1404
2022-03-28,Tuolumne,109,53932,12631,12627,554,13181,180
2022-03-28,Ventura,111,848112,173149,172867,9375,182242,1455
2022-03-28,Yolo,113,214977,37007,36282,3032,39314,312
2022-03-28,Yuba,115,75493,15832,15821,1195,17016,117
2022-03-27,Alameda,001,1643700,255790,255132,13855,268987,1809
2022-03-27,Alpine,003,1148,124,124,1,125,0
2022-03-27,Amador,005,37829,8519,8480,640,9120,86
2022-03-27,Butte,007,227075,33082,32943,6826,39769,392
2022-03-27,Calaveras,009,45235,7255,7245,346,7591,119
2022-03-27,Colusa,011,21464,3439,3445,1049,4494,21
2022-03-27,Contra Costa,013,1133247,189003,188251,13095,201346,1290
2022-03-27,Del Norte,015,27424,5805,5836,183,6019,50
2022-03-27,El Dorado,017,186661,26711,26699,3197,29896,200
2022-03-27,Fresno,019,978130,231133,230049,23520,253569,2717
2022-03-27,Glenn,021,27897,4976,4983,1594,6577,47
2022-03-27,Humboldt,023,135768,16862,16920,2948,19868,140
2022-03-27,Imperial,025,180216,55328,55240,10545,65785,909
2022-03-27,Inyo,027,18085,4066,4062,470,4532,56
2022-03-27,Kern,029,883053,191662,191332,45674,237006,2213
2022-03-27,Kings,031,150075,51432,51400,3500,54900,443
2022-03-27,Lake,033,64148,10686,10672,882,11554,136
2022-03-27,Lassen,035,31185,8958,8946,874,9820,63
2022-03-27,Los Angeles,037,10098052,2708013,2700983,123195,2824178,31348
2022-03-27,Madera,039,155013,37242,37323,6021,43344,354
2022-03-27,Marin,041,260295,33463,33391,2215,35606,287
2022-03-27,Mariposa,043,17540,2395,2390,198,2588,23
2022-03-27,Mendocino,045,87422,13048,13046,3008,16054,118
2022-03-27,Merced,047,269075,62101,62110,8580,70690,805
2022-03-27,Modoc,049,8938,734,736,250,986,7
2022-03-27,Mono,051,14174,2967,2966,121,3087,5
2022-03-27,Monterey,053,433212,79290,78778,13607,92385,724
2022-03-27,Napa,055,140530,25765,25723,946,26669,140
2022-03-27,Nevada,057,99092,15937,15967,1189,17156,123
2022-03-27,Orange,059,3164182,546051,545644,41071,586715,6860
2022-03-27,Placer,061,380077,62690,62680,7319,69999,613
2022-03-27,Plumas,063,18699,2965,2760,360,3120,13
2022-03-27,Riverside,065,2383286,590784,590251,27687,617938,6395
2022-03-27,Sacramento,067,1510023,280393,275854,26379,302233,2941
2022-03-27,San Benito,069,59416,12870,12889,511,13400,97
2022-03-27,San Bernardino,071,2135413,568520,560853,24612,585465,6862
2022-03-27,San Diego,073,3302833,750327,750659,52456,803115,5155
2022-03-27,San Francisco,075,870044,124445,124619,8216,132835,839
2022-03-27,San Joaquin,077,732212,166209,166238,9833,176071,2196
2022-03-27,San Luis Obispo,079,281455,52363,52430,3737,56167,470
2022-03-27,San Mateo,081,765935,121527,120324,6918,127242,686
2022-03-27,Santa Barbara,083,443738,85646,85434,4687,90121,675
2022-03-27,Santa Clara,085,1922200,310656,311822,12302,324124,2257
2022-03-27,Santa Cruz,087,273765,47688,47321,2080,49401,259
2022-03-27,Shasta,089,179085,30535,30550,6083,36633,527
2022-03-27,Sierra,091,2930,271,273,48,321,4
2022-03-27,Siskiyou,093,43540,4446,4436,2718,7154,80
2022-03-27,Solano,095,438530,81330,81691,5543,87234,441
2022-03-27,Sonoma,097,501317,83380,83088,2565,85653,485
2022-03-27,Stanislaus,099,539301,117362,117778,17530,135308,1562
2022-03-27,Sutter,101,95872,20455,20545,2073,22618,221
2022-03-27,Tehama,103,63373,12027,12040,2574,14614,200
2022-03-27,Trinity,105,12862,1182,1173,287,1460,20
2022-03-27,Tulare,107,460477,106307,104582,27516,132098,1404
2022-03-27,Tuolumne,109,53932,12629,12628,554,13182,180
2022-03-27,Ventura,111,848112,173104,172831,9373,182204,1455
2022-03-27,Yolo,113,214977,36986,36232,3029,39261,312
2022-03-27,Yuba,115,75493,15829,15821,1188,17009,117
2022-03-26,Alameda,001,1643700,255710,254691,13854,268545,1803
2022-03-26,Alpine,003,1148,124,124,1,125,0
2022-03-26,Amador,005,37829,8519,8476,640,9116,86
2022-03-26,Butte,007,227075,33078,32929,6824,39753,391
2022-03-26,Calaveras,009,45235,7253,7240,346,7586,120
2022-03-26,Colusa,011,21464,3437,3445,1049,4494,21
2022-03-26,Contra Costa,013,1133247,188949,187990,13092,201082,1285
2022-03-26,Del Norte,015,27424,5803,5831,183,6014,50
2022-03-26,El Dorado,017,186661,26703,26674,3195,29869,200
2022-03-26,Fresno,019,978130,231110,229799,23519,253318,2710
2022-03-26,Glenn,021,27897,4976,4978,1594,6572,47
2022-03-26,Humboldt,023,135768,16858,16911,2948,19859,139
2022-03-26,Imperial,025,180216,55322,55230,10544,65774,913
2022-03-26,Inyo,027,18085,4066,4060,469,4529,56
2022-03-26,Kern,029,883053,191648,191288,45670,236958,2201
2022-03-26,Kings,031,150075,51431,51397,3500,54897,444
2022-03-26,Lake,033,64148,10686,10659,882,11541,136
2022-03-26,Lassen,035,31185,8958,8944,874,9818,63
2022-03-26,Los Angeles,037,10098052,2707557,2698028,123153,2821181,31291
2022-03-26,Madera,039,155013,37239,37321,6019,43340,354
2022-03-26,Marin,041,260295,33453,33317,2211,35528,287
2022-03-26,Mariposa,043,17540,2395,2386,198,2584,23
2022-03-26,Mendocino,045,87422,13044,13038,3008,16046,118
2022-03-26,Merced,047,269075,62095,62083,8578,70661,805
2022-03-26,Modoc,049,8938,734,736,250,986,7
2022-03-26,Mono,051,14174,2967,2966,121,3087,5
2022-03-26,Monterey,053,433212,79283,78688,13605,92293,724
2022-03-26,Napa,055,140530,25762,25701,946,26647,139
2022-03-26,Nevada,057,99092,15933,15960,1189,17149,123
2022-03-26,Orange,059,3164182,545974,545294,41060,586354,6853
2022-03-26,Placer,061,380077,62678,62634,7315,69949,613
2022-03-26,Plumas,063,18699,2965,2758,359,3117,13
2022-03-26,Riverside,065,2383286,590714,590060,27686,617746,6397
2022-03-26,Sacramento,067,1510023,280360,275529,26377,301906,2935
2022-03-26,San Benito,069,59416,12870,12885,511,13396,97
2022-03-26,San Bernardino,071,2135413,568461,560742,24608,585350,6840
2022-03-26,San Diego,073,3302833,750203,750170,52449,802619,5146
2022-03-26,San Francisco,075,870044,124339,124265,8210,132475,839
2022-03-26,San Joaquin,077,732212,166188,166079,9832,175911,2195
2022-03-26,San Luis Obispo,079,281455,52357,52369,3737,56106,469
2022-03-26,San Mateo,081,765935,121468,120165,6910,127075,684
2022-03-26,Santa Barbara,083,443738,85626,85477,4685,90162,674
2022-03-26,Santa Clara,085,1922200,310498,311189,12295,323484,2250
2022-03-26,Santa Cruz,087,273765,47677,47329,2080,49409,259
2022-03-26,Shasta,089,179085,30534,30542,6082,36624,527
2022-03-26,Sierra,091,2930,271,273,48,321,4
2022-03-26,Siskiyou,093,43540,4445,4433,2718,7151,80
2022-03-26,Solano,095,438530,81321,81659,5543,87202,441
2022-03-26,Sonoma,097,501317,83350,83113,2560,85673,485
2022-03-26,Stanislaus,099,539301,117355,117962,17529,135491,1565
2022-03-26,Sutter,101,95872,20453,20536,2073,22609,221
2022-03-26,Tehama,103,63373,12027,12036,2573,14609,195
2022-03-26,Trinity,105,12862,1182,1174,287,1461,20
2022-03-26,Tulare,107,460477,106300,104538,27515,132053,1400
2022-03-26,Tuolumne,109,53932,12627,12628,554,13182,180
2022-03-26,Ventura,111,848112,173063,172690,9369,182059,1455
2022-03-26,Yolo,113,214977,36977,36234,3029,39263,311
2022-03-26,Yuba,115,75493,15828,15807,1188,16995,117
2022-03-25,Alameda,001,1643700,255645,254691,13852,268543,1803
2022-03-25,Alpine,003,1148,124,124,1,125,0
2022-03-25,Amador,005,37829,8518,8476,640,9116,86
2022-03-25,Butte,007,227075,33073,32929,6824,39753,391
2022-03-25,Calaveras,009,45235,7252,7240,346,7586,120
2022-03-25,Colusa,011,21464,3437,3445,1049,4494,21
2022-03-25,Contra Costa,013,1133247,188901,187990,13088,201078,1285
2022-03-25,Del Norte,015,27424,5803,5831,183,6014,50
2022-03-25,El Dorado,017,186661,26699,26674,3195,29869,200
2022-03-25,Fresno,019,978130,231082,229799,23511,253310,2710
2022-03-25,Glenn,021,27897,4976,4978,1594,6572,47
2022-03-25,Humboldt,023,135768,16858,16911,2948,19859,139
2022-03-25,Imperial,025,180216,55317,55230,10543,65773,913
2022-03-25,Inyo,027,18085,4065,4060,469,4529,56
2022-03-25,Kern,029,883053,191638,191288,45669,236957,2201
2022-03-25,Kings,031,150075,51430,51397,3500,54897,444
2022-03-25,Lake,033,64148,10686,10659,882,11541,136
2022-03-25,Lassen,035,31185,8957,8944,874,9818,63
2022-03-25,Los Angeles,037,10098052,2707138,2698028,123122,2821150,31291
2022-03-25,Madera,039,155013,37238,37321,6018,43339,354
2022-03-25,Marin,041,260295,33438,33317,2202,35519,287
2022-03-25,Mariposa,043,17540,2395,2386,198,2584,23
2022-03-25,Mendocino,045,87422,13044,13038,3008,16046,118
2022-03-25,Merced,047,269075,62088,62083,8577,70660,805
2022-03-25,Modoc,049,8938,734,736,250,986,7
2022-03-25,Mono,051,14174,2966,2966,121,3087,5
2022-03-25,Monterey,053,433212,79272,78688,13602,92290,724
2022-03-25,Napa,055,140530,25755,25701,946,26647,139
2022-03-25,Nevada,057,99092,15932,15960,1189,17149,123
2022-03-25,Orange,059,3164182,545900,545294,41044,586338,6853
2022-03-25,Placer,061,380077,62672,62634,7312,69946,613
2022-03-25,Plumas,063,18699,2964,2758,359,3117,13
2022-03-25,Riverside,065,2383286,590654,590060,27675,617735,6397
2022-03-25,Sacramento,067,1510023,280318,275529,26375,301904,2935
2022-03-25,San Benito,069,59416,12870,12885,511,13396,97
2022-03-25,San Bernardino,071,2135413,568422,560742,24605,585347,6840
2022-03-25,San Diego,073,3302833,750080,750170,52439,802609,5146
2022-03-25,San Francisco,075,870044,124258,124265,8197,132462,839
2022-03-25,San Joaquin,077,732212,166174,166079,9829,175908,2195
2022-03-25,San Luis Obispo,079,281455,52354,52369,3736,56105,469
2022-03-25,San Mateo,081,765935,121416,120165,6910,127075,684
2022-03-25,Santa Barbara,083,443738,85611,85477,4683,90160,674
2022-03-25,Santa Clara,085,1922200,310347,311189,12290,323479,2250
2022-03-25,Santa Cruz,087,273765,47669,47329,2080,49409,259
2022-03-25,Shasta,089,179085,30530,30542,6081,36623,527
2022-03-25,Sierra,091,2930,271,273,48,321,4
2022-03-25,Siskiyou,093,43540,4443,4433,2716,7149,80
2022-03-25,Solano,095,438530,81307,81659,5541,87200,441
2022-03-25,Sonoma,097,501317,83313,83113,2560,85673,485
2022-03-25,Stanislaus,099,539301,117341,117962,17528,135490,1565
2022-03-25,Sutter,101,95872,20448,20536,2073,22609,221
2022-03-25,Tehama,103,63373,12025,12036,2573,14609,195
2022-03-25,Trinity,105,12862,1182,1174,287,1461,20
2022-03-25,Tulare,107,460477,106296,104538,27515,132053,1400
2022-03-25,Tuolumne,109,53932,12626,12628,554,13182,180
2022-03-25,Ventura,111,848112,173025,172690,9369,182059,1455
2022-03-25,Yolo,113,214977,36965,36234,3029,39263,311
2022-03-25,Yuba,115,75493,15823,15807,1187,16994,117
2022-03-24,Alameda,001,1643700,255528,254691,13836,268527,1803
2022-03-24,Alpine,003,1148,124,124,1,125,0
2022-03-24,Amador,005,37829,8518,8476,640,9116,86
2022-03-24,Butte,007,227075,33065,32929,6824,39753,391
2022-03-24,Calaveras,009,45235,7249,7240,346,7586,120
2022-03-24,Colusa,011,21464,3437,3445,1049,4494,21
2022-03-24,Contra Costa,013,1133247,188822,187990,13085,201075,1285
2022-03-24,Del Norte,015,27424,5799,5831,183,6014,50
2022-03-24,El Dorado,017,186661,26688,26674,3195,29869,200
2022-03-24,Fresno,019,978130,231041,229799,23502,253301,2710
2022-03-24,Glenn,021,27897,4975,4978,1594,6572,47
2022-03-24,Humboldt,023,135768,16853,16911,2946,19857,139
2022-03-24,Imperial,025,180216,55310,55230,10543,65773,913
2022-03-24,Inyo,027,18085,4064,4060,469,4529,56
2022-03-24,Kern,029,883053,191628,191288,45667,236955,2201
2022-03-24,Kings,031,150075,51421,51397,3498,54895,444
2022-03-24,Lake,033,64148,10685,10659,882,11541,136
2022-03-24,Lassen,035,31185,8956,8944,874,9818,63
2022-03-24,Los Angeles,037,10098052,2706570,2698028,123077,2821105,31291
2022-03-24,Madera,039,155013,37236,37321,6016,43337,354
2022-03-24,Marin,041,260295,33416,33317,2193,35510,287
2022-03-24,Mariposa,043,17540,2395,2386,198,2584,23
2022-03-24,Mendocino,045,87422,13038,13038,3005,16043,118
2022-03-24,Merced,047,269075,62081,62083,8576,70659,805
2022-03-24,Modoc,049,8938,734,736,250,986,7
2022-03-24,Mono,051,14174,2966,2966,121,3087,5
2022-03-24,Monterey,053,433212,79246,78688,13588,92276,724
2022-03-24,Napa,055,140530,25746,25701,946,26647,139
2022-03-24,Nevada,057,99092,15928,15960,1188,17148,123
2022-03-24,Orange,059,3164182,545798,545294,41029,586323,6853
2022-03-24,Placer,061,380077,62652,62634,7311,69945,613
2022-03-24,Plumas,063,18699,2964,2758,359,3117,13
2022-03-24,Riverside,065,2383286,590578,590060,27667,617727,6397
2022-03-24,Sacramento,067,1510023,280249,275529,26370,301899,2935
2022-03-24,San Benito,069,59416,12869,12885,510,13395,97
2022-03-24,San Bernardino,071,2135413,568340,560742,24601,585343,6840
2022-03-24,San Diego,073,3302833,749871,750170,52426,802596,5146
2022-03-24,San Francisco,075,870044,124176,124265,8191,132456,839
2022-03-24,San Joaquin,077,732212,166146,166079,9829,175908,2195
2022-03-24,San Luis Obispo,079,281455,52339,52369,3735,56104,469
2022-03-24,San Mateo,081,765935,121368,120165,6906,127071,684
2022-03-24,Santa Barbara,083,443738,85596,85477,4680,90157,674
2022-03-24,Santa Clara,085,1922200,310201,311189,12273,323462,2250
2022-03-24,Santa Cruz,087,273765,47652,47329,2079,49408,259
2022-03-24,Shasta,089,179085,30522,30542,6081,36623,527
2022-03-24,Sierra,091,2930,271,273,48,321,4
2022-03-24,Siskiyou,093,43540,4440,4433,2716,7149,80
2022-03-24,Solano,095,438530,81288,81659,5540,87199,441
2022-03-24,Sonoma,097,501317,83278,83113,2558,85671,485
2022-03-24,Stanislaus,099,539301,117333,117962,17525,135487,1565
2022-03-24,Sutter,101,95872,20444,20536,2073,22609,221
2022-03-24,Tehama,103,63373,12023,12036,2572,14608,195
2022-03-24,Trinity,105,12862,1182,1174,287,1461,20
2022-03-24,Tulare,107,460477,106285,104538,27510,132048,1400
2022-03-24,Tuolumne,109,53932,12624,12628,554,13182,180
2022-03-24,Ventura,111,848112,172982,172690,9368,182058,1455
2022-03-24,Yolo,113,214977,36959,36234,3025,39259,311
2022-03-24,Yuba,115,75493,15819,15807,1185,16992,117
2022-03-23,Alameda,001,1643700,255393,254559,13825,268384,1802
2022-03-23,Alpine,003,1148,124,124,1,125,0
2022-03-23,Amador,005,37829,8518,8475,640,9115,86
2022-03-23,Butte,007,227075,33051,32920,6823,39743,387
2022-03-23,Calaveras,009,45235,7244,7237,346,7583,120
2022-03-23,Colusa,011,21464,3436,3444,1049,4493,21
2022-03-23,Contra Costa,013,1133247,188723,187898,13074,200972,1279
2022-03-23,Del Norte,015,27424,5797,5830,183,6013,50
2022-03-23,El Dorado,017,186661,26682,26670,3195,29865,200
2022-03-23,Fresno,019,978130,231005,229656,23489,253145,2710
2022-03-23,Glenn,021,27897,4975,4975,1594,6569,47
2022-03-23,Humboldt,023,135768,16852,16908,2945,19853,139
2022-03-23,Imperial,025,180216,55304,55211,10542,65753,909
2022-03-23,Inyo,027,18085,4064,4060,469,4529,56
2022-03-23,Kern,029,883053,191611,191241,45662,236903,2196
2022-03-23,Kings,031,150075,51410,51384,3498,54882,442
2022-03-23,Lake,033,64148,10681,10658,881,11539,135
2022-03-23,Lassen,035,31185,8955,8944,873,9817,63
2022-03-23,Los Angeles,037,10098052,2705890,2697227,123047,2820274,31267
2022-03-23,Madera,039,155013,37231,37317,6013,43330,354
2022-03-23,Marin,041,260295,33390,33274,2188,35462,287
2022-03-23,Mariposa,043,17540,2393,2382,197,2579,11
2022-03-23,Mendocino,045,87422,13034,13033,3004,16037,118
2022-03-23,Merced,047,269075,62071,62056,8573,70629,805
2022-03-23,Modoc,049,8938,734,736,250,986,7
2022-03-23,Mono,051,14174,2966,2966,121,3087,5
2022-03-23,Monterey,053,433212,79229,78655,13564,92219,724
2022-03-23,Napa,055,140530,25733,25691,944,26635,139
2022-03-23,Nevada,057,99092,15926,15958,1188,17146,123
2022-03-23,Orange,059,3164182,545668,545158,41017,586175,6852
2022-03-23,Placer,061,380077,62632,62622,7309,69931,613
2022-03-23,Plumas,063,18699,2964,2747,359,3106,13
2022-03-23,Riverside,065,2383286,590505,589947,27662,617609,6388
2022-03-23,Sacramento,067,1510023,280186,275398,26363,301761,2934
2022-03-23,San Benito,069,59416,12868,12884,510,13394,97
2022-03-23,San Bernardino,071,2135413,568266,560550,24597,585147,6828
2022-03-23,San Diego,073,3302833,749677,749871,52403,802274,5143
2022-03-23,San Francisco,075,870044,124063,124110,8184,132294,838
2022-03-23,San Joaquin,077,732212,166109,166041,9822,175863,2187
2022-03-23,San Luis Obispo,079,281455,52322,52344,3730,56074,469
2022-03-23,San Mateo,081,765935,121284,120080,6896,126976,685
2022-03-23,Santa Barbara,083,443738,85579,85464,4679,90143,673
2022-03-23,Santa Clara,085,1922200,310037,310956,12261,323217,2250
2022-03-23,Santa Cruz,087,273765,47633,47314,2075,49389,259
2022-03-23,Shasta,089,179085,30518,30524,6080,36604,526
2022-03-23,Sierra,091,2930,271,273,48,321,4
2022-03-23,Siskiyou,093,43540,4439,4433,2716,7149,80
2022-03-23,Solano,095,438530,81254,81615,5539,87154,441
2022-03-23,Sonoma,097,501317,83244,83074,2555,85629,482
2022-03-23,Stanislaus,099,539301,117316,118041,17522,135563,1568
2022-03-23,Sutter,101,95872,20441,20532,2073,22605,218
2022-03-23,Tehama,103,63373,12020,12035,2572,14607,195
2022-03-23,Trinity,105,12862,1182,1174,287,1461,20
2022-03-23,Tulare,107,460477,106268,104489,27505,131994,1394
2022-03-23,Tuolumne,109,53932,12623,12629,554,13183,180
2022-03-23,Ventura,111,848112,172934,172647,9366,182013,1455
2022-03-23,Yolo,113,214977,36939,36197,3023,39220,308
2022-03-23,Yuba,115,75493,15812,15801,1184,16985,117
2022-03-22,Alameda,001,1643700,255270,254467,13516,267983,1802
2022-03-22,Alpine,003,1148,124,122,1,123,0
2022-03-22,Amador,005,37829,8517,8462,639,9101,86
2022-03-22,Butte,007,227075,33041,32907,6819,39726,387
2022-03-22,Calaveras,009,45235,7242,7237,346,7583,120
2022-03-22,Colusa,011,21464,3435,3445,1049,4494,21
2022-03-22,Contra Costa,013,1133247,188647,187813,13053,200866,1279
2022-03-22,Del Norte,015,27424,5791,5824,183,6007,50
2022-03-22,El Dorado,017,186661,26675,26661,3195,29856,200
2022-03-22,Fresno,019,978130,230956,229551,23480,253031,2708
2022-03-22,Glenn,021,27897,4972,4971,1594,6565,47
2022-03-22,Humboldt,023,135768,16849,16911,2945,19856,139
2022-03-22,Imperial,025,180216,55293,55170,10539,65709,908
2022-03-22,Inyo,027,18085,4064,4060,469,4529,56
2022-03-22,Kern,029,883053,191588,191213,45654,236867,2195
2022-03-22,Kings,031,150075,51398,51369,3497,54866,442
2022-03-22,Lake,033,64148,10679,10657,880,11537,135
2022-03-22,Lassen,035,31185,8955,8940,873,9813,63
2022-03-22,Los Angeles,037,10098052,2705228,2696746,123000,2819746,31250
2022-03-22,Madera,039,155013,37227,37304,6010,43314,354
2022-03-22,Marin,041,260295,33365,33253,2184,35437,287
2022-03-22,Mariposa,043,17540,2391,2382,197,2579,6
2022-03-22,Mendocino,045,87422,13029,13030,3002,16032,118
2022-03-22,Merced,047,269075,62061,62056,8569,70625,805
2022-03-22,Modoc,049,8938,734,735,250,985,7
2022-03-22,Mono,051,14174,2966,2963,121,3084,5
2022-03-22,Monterey,053,433212,79212,78614,13554,92168,724
2022-03-22,Napa,055,140530,25723,25688,943,26631,139
2022-03-22,Nevada,057,99092,15918,15950,1188,17138,123
2022-03-22,Orange,059,3164182,545524,545075,40998,586073,6843
2022-03-22,Placer,061,380077,62619,62604,7307,69911,610
2022-03-22,Plumas,063,18699,2963,2744,359,3103,13
2022-03-22,Riverside,065,2383286,590430,589816,27659,617475,6383
2022-03-22,Sacramento,067,1510023,280110,275374,26352,301726,2927
2022-03-22,San Benito,069,59416,12867,12884,509,13393,97
2022-03-22,San Bernardino,071,2135413,568184,560371,24577,584948,6811
2022-03-22,San Diego,073,3302833,749477,749647,52383,802030,5141
2022-03-22,San Francisco,075,870044,123956,123998,8178,132176,838
2022-03-22,San Joaquin,077,732212,166081,165992,9819,175811,2187
2022-03-22,San Luis Obispo,079,281455,52314,52257,3730,55987,465
2022-03-22,San Mateo,081,765935,121210,119975,6893,126868,686
2022-03-22,Santa Barbara,083,443738,85562,85457,4678,90135,672
2022-03-22,Santa Clara,085,1922200,309868,310787,12249,323036,2249
2022-03-22,Santa Cruz,087,273765,47613,47287,2074,49361,259
2022-03-22,Shasta,089,179085,30512,30528,6080,36608,525
2022-03-22,Sierra,091,2930,271,273,48,321,4
2022-03-22,Siskiyou,093,43540,4439,4429,2715,7144,80
2022-03-22,Solano,095,438530,81231,81587,5538,87125,440
2022-03-22,Sonoma,097,501317,83215,83042,2552,85594,482
2022-03-22,Stanislaus,099,539301,117299,118025,17519,135544,1568
2022-03-22,Sutter,101,95872,20440,20525,2070,22595,218
2022-03-22,Tehama,103,63373,12018,12034,2572,14606,162
2022-03-22,Trinity,105,12862,1182,1174,287,1461,20
2022-03-22,Tulare,107,460477,106257,104431,27497,131928,1391
2022-03-22,Tuolumne,109,53932,12623,12628,554,13182,180
2022-03-22,Ventura,111,848112,172885,172590,9364,181954,1455
2022-03-22,Yolo,113,214977,36919,36184,3022,39206,308
2022-03-22,Yuba,115,75493,15809,15795,1183,16978,117
2022-03-21,Alameda,001,1643700,255049,254354,13508,267862,1799
2022-03-21,Alpine,003,1148,124,122,1,123,0
2022-03-21,Amador,005,37829,8514,8461,638,9099,85
2022-03-21,Butte,007,227075,33030,32895,6816,39711,385
2022-03-21,Calaveras,009,45235,7241,7237,346,7583,119
2022-03-21,Colusa,011,21464,3435,3445,1049,4494,21
2022-03-21,Contra Costa,013,1133247,188583,187509,13038,200547,1276
2022-03-21,Del Norte,015,27424,5790,5824,183,6007,50
2022-03-21,El Dorado,017,186661,26664,26610,3195,29805,199
2022-03-21,Fresno,019,978130,230907,229374,23472,252846,2707
2022-03-21,Glenn,021,27897,4970,4972,1589,6561,46
2022-03-21,Humboldt,023,135768,16839,16912,2932,19844,139
2022-03-21,Imperial,025,180216,55280,55133,10538,65671,908
2022-03-21,Inyo,027,18085,4063,4060,469,4529,56
2022-03-21,Kern,029,883053,191555,191184,45648,236832,2187
2022-03-21,Kings,031,150075,51384,51366,3495,54861,441
2022-03-21,Lake,033,64148,10677,10655,880,11535,135
2022-03-21,Lassen,035,31185,8954,8939,873,9812,63
2022-03-21,Los Angeles,037,10098052,2704362,2694711,122951,2817662,31218
2022-03-21,Madera,039,155013,37222,37288,6007,43295,354
2022-03-21,Marin,041,260295,33321,33242,2179,35421,287
2022-03-21,Mariposa,043,17540,2390,2383,196,2579,6
2022-03-21,Mendocino,045,87422,13021,13028,3000,16028,118
2022-03-21,Merced,047,269075,62047,62048,8564,70612,803
2022-03-21,Modoc,049,8938,732,734,250,984,7
2022-03-21,Mono,051,14174,2966,2962,121,3083,5
2022-03-21,Monterey,053,433212,79163,78572,13541,92113,724
2022-03-21,Napa,055,140530,25715,25684,941,26625,138
2022-03-21,Nevada,057,99092,15914,15963,1187,17150,123
2022-03-21,Orange,059,3164182,545371,544943,40981,585924,6841
2022-03-21,Placer,061,380077,62600,62550,7306,69856,610
2022-03-21,Plumas,063,18699,2963,2744,359,3103,13
2022-03-21,Riverside,065,2383286,590349,589707,27655,617362,6376
2022-03-21,Sacramento,067,1510023,280020,275334,26338,301672,2925
2022-03-21,San Benito,069,59416,12861,12872,509,13381,97
2022-03-21,San Bernardino,071,2135413,568095,560210,24564,584774,6807
2022-03-21,San Diego,073,3302833,749252,748833,52363,801196,5138
2022-03-21,San Francisco,075,870044,123788,123912,8169,132081,835
2022-03-21,San Joaquin,077,732212,166055,165939,9816,175755,2185
2022-03-21,San Luis Obispo,079,281455,52289,52219,3725,55944,463
2022-03-21,San Mateo,081,765935,121051,119899,6891,126790,684
2022-03-21,Santa Barbara,083,443738,85547,85416,4676,90092,672
2022-03-21,Santa Clara,085,1922200,309607,310509,12246,322755,2245
2022-03-21,Santa Cruz,087,273765,47577,47267,2073,49340,259
2022-03-21,Shasta,089,179085,30506,30523,6078,36601,525
2022-03-21,Sierra,091,2930,271,273,48,321,4
2022-03-21,Siskiyou,093,43540,4439,4426,2715,7141,80
2022-03-21,Solano,095,438530,81203,81399,5538,86937,441
2022-03-21,Sonoma,097,501317,83177,82979,2547,85526,482
2022-03-21,Stanislaus,099,539301,117266,118144,17517,135661,1571
2022-03-21,Sutter,101,95872,20437,20523,2058,22581,218
2022-03-21,Tehama,103,63373,12014,12030,2572,14602,160
2022-03-21,Trinity,105,12862,1182,1174,287,1461,20
2022-03-21,Tulare,107,460477,106237,104350,27492,131842,1389
2022-03-21,Tuolumne,109,53932,12623,12620,554,13174,180
2022-03-21,Ventura,111,848112,172815,172537,9360,181897,1452
2022-03-21,Yolo,113,214977,36903,36141,3020,39161,307
2022-03-21,Yuba,115,75493,15806,15790,1182,16972,117
2022-03-20,Alameda,001,1643700,254913,254293,13498,267791,1801
2022-03-20,Alpine,003,1148,122,122,1,123,0
2022-03-20,Amador,005,37829,8511,8460,638,9098,85
2022-03-20,Butte,007,227075,33015,32892,6812,39704,385
2022-03-20,Calaveras,009,45235,7240,7233,343,7576,119
2022-03-20,Colusa,011,21464,3435,3446,1049,4495,21
2022-03-20,Contra Costa,013,1133247,188480,187467,13028,200495,1276
2022-03-20,Del Norte,015,27424,5788,5821,183,6004,50
2022-03-20,El Dorado,017,186661,26656,26608,3195,29803,199
2022-03-20,Fresno,019,978130,230830,229297,23461,252758,2707
2022-03-20,Glenn,021,27897,4969,4972,1589,6561,46
2022-03-20,Humboldt,023,135768,16837,16913,2930,19843,139
2022-03-20,Imperial,025,180216,55269,55133,10537,65670,908
2022-03-20,Inyo,027,18085,4063,4060,469,4529,56
2022-03-20,Kern,029,883053,191511,191170,45643,236813,2187
2022-03-20,Kings,031,150075,51373,51360,3495,54855,441
2022-03-20,Lake,033,64148,10673,10652,880,11532,135
2022-03-20,Lassen,035,31185,8952,8938,873,9811,63
2022-03-20,Los Angeles,037,10098052,2703567,2694698,122907,2817605,31219
2022-03-20,Madera,039,155013,37217,37284,6004,43288,354
2022-03-20,Marin,041,260295,33305,33232,2178,35410,275
2022-03-20,Mariposa,043,17540,2390,2383,196,2579,6
2022-03-20,Mendocino,045,87422,13014,13027,2995,16022,118
2022-03-20,Merced,047,269075,62036,62041,8561,70602,803
2022-03-20,Modoc,049,8938,732,734,250,984,7
2022-03-20,Mono,051,14174,2964,2962,121,3083,5
2022-03-20,Monterey,053,433212,79130,78566,13530,92096,723
2022-03-20,Napa,055,140530,25703,25682,940,26622,138
2022-03-20,Nevada,057,99092,15910,15964,1187,17151,123
2022-03-20,Orange,059,3164182,545250,544862,40963,585825,6841
2022-03-20,Placer,061,380077,62580,62525,7306,69831,610
2022-03-20,Plumas,063,18699,2963,2744,359,3103,13
2022-03-20,Riverside,065,2383286,590252,589657,27651,617308,6376
2022-03-20,Sacramento,067,1510023,279942,275317,26323,301640,2927
2022-03-20,San Benito,069,59416,12861,12869,508,13377,97
2022-03-20,San Bernardino,071,2135413,568014,560220,24555,584775,6805
2022-03-20,San Diego,073,3302833,749016,748833,52330,801163,5138
2022-03-20,San Francisco,075,870044,123638,123858,8157,132015,835
2022-03-20,San Joaquin,077,732212,166022,165927,9812,175739,2185
2022-03-20,San Luis Obispo,079,281455,52265,52217,3722,55939,463
2022-03-20,San Mateo,081,765935,120991,119901,6885,126786,684
2022-03-20,Santa Barbara,083,443738,85522,85412,4675,90087,672
2022-03-20,Santa Clara,085,1922200,309398,310412,12238,322650,2243
2022-03-20,Santa Cruz,087,273765,47550,47265,2072,49337,259
2022-03-20,Shasta,089,179085,30496,30522,6077,36599,525
2022-03-20,Sierra,091,2930,271,273,48,321,4
2022-03-20,Siskiyou,093,43540,4438,4426,2715,7141,80
2022-03-20,Solano,095,438530,81173,81393,5536,86929,441
2022-03-20,Sonoma,097,501317,83134,82965,2546,85511,481
2022-03-20,Stanislaus,099,539301,117240,118146,17514,135660,1572
2022-03-20,Sutter,101,95872,20430,20519,2050,22569,218
2022-03-20,Tehama,103,63373,12012,12030,2572,14602,160
2022-03-20,Trinity,105,12862,1182,1174,287,1461,20
2022-03-20,Tulare,107,460477,106216,104353,27479,131832,1389
2022-03-20,Tuolumne,109,53932,12618,12617,554,13171,180
2022-03-20,Ventura,111,848112,172765,172514,9355,181869,1451
2022-03-20,Yolo,113,214977,36884,36135,3019,39154,307
2022-03-20,Yuba,115,75493,15797,15787,1180,16967,117
2022-03-19,Alameda,001,1643700,254835,253936,13496,267432,1797
2022-03-19,Alpine,003,1148,122,122,1,123,0
2022-03-19,Amador,005,37829,8508,8456,638,9094,85
2022-03-19,Butte,007,227075,33007,32856,6812,39668,385
2022-03-19,Calaveras,009,45235,7240,7229,343,7572,119
2022-03-19,Colusa,011,21464,3433,3445,1049,4494,21
2022-03-19,Contra Costa,013,1133247,188444,187225,13027,200252,1276
2022-03-19,Del Norte,015,27424,5785,5815,183,5998,48
2022-03-19,El Dorado,017,186661,26652,26618,3195,29813,199
2022-03-19,Fresno,019,978130,230807,228965,23460,252425,2694
2022-03-19,Glenn,021,27897,4969,4971,1589,6560,44
2022-03-19,Humboldt,023,135768,16831,16901,2930,19831,138
2022-03-19,Imperial,025,180216,55268,55038,10536,65574,898
2022-03-19,Inyo,027,18085,4063,4061,469,4530,56
2022-03-19,Kern,029,883053,191496,190943,45635,236578,2184
2022-03-19,Kings,031,150075,51368,51334,3495,54829,441
2022-03-19,Lake,033,64148,10673,10641,880,11521,135
2022-03-19,Lassen,035,31185,8952,8925,873,9798,63
2022-03-19,Los Angeles,037,10098052,2703195,2686759,122873,2809632,31133
2022-03-19,Madera,039,155013,37217,37273,6004,43277,354
2022-03-19,Marin,041,260295,33287,33163,2174,35337,272
2022-03-19,Mariposa,043,17540,2389,2378,196,2574,6
2022-03-19,Mendocino,045,87422,13014,13012,2995,16007,117
2022-03-19,Merced,047,269075,62030,61985,8559,70544,800
2022-03-19,Modoc,049,8938,732,734,250,984,7
2022-03-19,Mono,051,14174,2964,2961,121,3082,5
2022-03-19,Monterey,053,433212,79119,78483,13523,92006,720
2022-03-19,Napa,055,140530,25700,25654,940,26594,138
2022-03-19,Nevada,057,99092,15908,15960,1187,17147,123
2022-03-19,Orange,059,3164182,545178,543907,40947,584854,6817
2022-03-19,Placer,061,380077,62566,62483,7306,69789,605
2022-03-19,Plumas,063,18699,2963,2724,359,3083,13
2022-03-19,Riverside,065,2383286,590201,589017,27644,616661,6359
2022-03-19,Sacramento,067,1510023,279901,274855,26319,301174,2913
2022-03-19,San Benito,069,59416,12860,12859,508,13367,97
2022-03-19,San Bernardino,071,2135413,567968,559935,24553,584488,6778
2022-03-19,San Diego,073,3302833,748916,747344,52318,799662,5133
2022-03-19,San Francisco,075,870044,123568,123587,8155,131742,833
2022-03-19,San Joaquin,077,732212,165997,165765,9809,175574,2181
2022-03-19,San Luis Obispo,079,281455,52259,52174,3722,55896,463
2022-03-19,San Mateo,081,765935,120954,119782,6884,126666,667
2022-03-19,Santa Barbara,083,443738,85508,85336,4674,90010,671
2022-03-19,Santa Clara,085,1922200,309276,309918,12229,322147,2225
2022-03-19,Santa Cruz,087,273765,47542,47203,2068,49271,256
2022-03-19,Shasta,089,179085,30492,30495,6077,36572,525
2022-03-19,Sierra,091,2930,271,273,48,321,4
2022-03-19,Siskiyou,093,43540,4437,4422,2715,7137,76
2022-03-19,Solano,095,438530,81164,81340,5533,86873,441
2022-03-19,Sonoma,097,501317,83117,82838,2543,85381,472
2022-03-19,Stanislaus,099,539301,117230,118138,17512,135650,1568
2022-03-19,Sutter,101,95872,20427,20503,2050,22553,218
2022-03-19,Tehama,103,63373,12012,12007,2572,14579,160
2022-03-19,Trinity,105,12862,1182,1173,287,1460,20
2022-03-19,Tulare,107,460477,106207,104290,27474,131764,1384
2022-03-19,Tuolumne,109,53932,12617,12617,554,13171,180
2022-03-19,Ventura,111,848112,172734,172380,9354,181734,1451
2022-03-19,Yolo,113,214977,36875,36086,3019,39105,306
2022-03-19,Yuba,115,75493,15793,15768,1179,16947,117
2022-03-18,Alameda,001,1643700,254776,253936,13493,267429,1797
2022-03-18,Alpine,003,1148,122,122,1,123,0
2022-03-18,Amador,005,37829,8508,8456,638,9094,85
2022-03-18,Butte,007,227075,33002,32856,6809,39665,385
2022-03-18,Calaveras,009,45235,7240,7229,343,7572,119
2022-03-18,Colusa,011,21464,3433,3445,1049,4494,21
2022-03-18,Contra Costa,013,1133247,188412,187225,13025,200250,1276
2022-03-18,Del Norte,015,27424,5783,5815,183,5998,48
2022-03-18,El Dorado,017,186661,26647,26618,3193,29811,199
2022-03-18,Fresno,019,978130,230775,228965,23460,252425,2694
2022-03-18,Glenn,021,27897,4969,4971,1589,6560,44
2022-03-18,Humboldt,023,135768,16828,16901,2929,19830,138
2022-03-18,Imperial,025,180216,55266,55038,10536,65574,898
2022-03-18,Inyo,027,18085,4063,4061,469,4530,56
2022-03-18,Kern,029,883053,191485,190943,45632,236575,2184
2022-03-18,Kings,031,150075,51360,51334,3495,54829,441
2022-03-18,Lake,033,64148,10671,10641,879,11520,135
2022-03-18,Lassen,035,31185,8951,8925,873,9798,63
2022-03-18,Los Angeles,037,10098052,2702846,2686759,122847,2809606,31133
2022-03-18,Madera,039,155013,37212,37273,6004,43277,354
2022-03-18,Marin,041,260295,33273,33163,2174,35337,272
2022-03-18,Mariposa,043,17540,2388,2378,196,2574,6
2022-03-18,Mendocino,045,87422,13010,13012,2995,16007,117
2022-03-18,Merced,047,269075,62019,61985,8559,70544,800
2022-03-18,Modoc,049,8938,732,734,250,984,7
2022-03-18,Mono,051,14174,2963,2961,121,3082,5
2022-03-18,Monterey,053,433212,79101,78483,13521,92004,720
2022-03-18,Napa,055,140530,25697,25654,940,26594,138
2022-03-18,Nevada,057,99092,15905,15960,1186,17146,123
2022-03-18,Orange,059,3164182,545111,543907,40938,584845,6817
2022-03-18,Placer,061,380077,62557,62483,7306,69789,605
2022-03-18,Plumas,063,18699,2963,2724,359,3083,13
2022-03-18,Riverside,065,2383286,590141,589017,27640,616657,6359
2022-03-18,Sacramento,067,1510023,279865,274855,26315,301170,2913
2022-03-18,San Benito,069,59416,12858,12859,508,13367,97
2022-03-18,San Bernardino,071,2135413,567930,559935,24551,584486,6778
2022-03-18,San Diego,073,3302833,748808,747344,52303,799647,5133
2022-03-18,San Francisco,075,870044,123489,123587,8150,131737,833
2022-03-18,San Joaquin,077,732212,165982,165765,9804,175569,2181
2022-03-18,San Luis Obispo,079,281455,52253,52174,3722,55896,463
2022-03-18,San Mateo,081,765935,120919,119782,6881,126663,667
2022-03-18,Santa Barbara,083,443738,85498,85336,4673,90009,671
2022-03-18,Santa Clara,085,1922200,309172,309918,12226,322144,2225
2022-03-18,Santa Cruz,087,273765,47530,47203,2067,49270,256
2022-03-18,Shasta,089,179085,30491,30495,6077,36572,525
2022-03-18,Sierra,091,2930,271,273,48,321,4
2022-03-18,Siskiyou,093,43540,4437,4422,2715,7137,76
2022-03-18,Solano,095,438530,81153,81340,5527,86867,441
2022-03-18,Sonoma,097,501317,83096,82838,2542,85380,472
2022-03-18,Stanislaus,099,539301,117217,118138,17512,135650,1568
2022-03-18,Sutter,101,95872,20424,20503,2050,22553,218
2022-03-18,Tehama,103,63373,12011,12007,2572,14579,160
2022-03-18,Trinity,105,12862,1182,1173,287,1460,20
2022-03-18,Tulare,107,460477,106201,104290,27469,131759,1384
2022-03-18,Tuolumne,109,53932,12616,12617,554,13171,180
2022-03-18,Ventura,111,848112,172714,172380,9349,181729,1451
2022-03-18,Yolo,113,214977,36864,36086,3019,39105,306
2022-03-18,Yuba,115,75493,15791,15768,1179,16947,117
2022-03-17,Alameda,001,1643700,254676,253936,13487,267423,1797
2022-03-17,Alpine,003,1148,122,122,1,123,0
2022-03-17,Amador,005,37829,8501,8456,638,9094,85
2022-03-17,Butte,007,227075,32989,32856,6807,39663,385
2022-03-17,Calaveras,009,45235,7237,7229,343,7572,119
2022-03-17,Colusa,011,21464,3433,3445,1049,4494,21
2022-03-17,Contra Costa,013,1133247,188348,187225,13014,200239,1276
2022-03-17,Del Norte,015,27424,5781,5815,183,5998,48
2022-03-17,El Dorado,017,186661,26641,26618,3193,29811,199
2022-03-17,Fresno,019,978130,230726,228965,23457,252422,2694
2022-03-17,Glenn,021,27897,4969,4971,1589,6560,44
2022-03-17,Humboldt,023,135768,16824,16901,2927,19828,138
2022-03-17,Imperial,025,180216,55255,55038,10536,65574,898
2022-03-17,Inyo,027,18085,4063,4061,469,4530,56
2022-03-17,Kern,029,883053,191456,190943,45629,236572,2184
2022-03-17,Kings,031,150075,51357,51334,3494,54828,441
2022-03-17,Lake,033,64148,10668,10641,879,11520,135
2022-03-17,Lassen,035,31185,8949,8925,873,9798,63
2022-03-17,Los Angeles,037,10098052,2702183,2686759,122811,2809570,31133
2022-03-17,Madera,039,155013,37208,37273,6004,43277,354
2022-03-17,Marin,041,260295,33261,33163,2173,35336,272
2022-03-17,Mariposa,043,17540,2388,2378,196,2574,6
2022-03-17,Mendocino,045,87422,13006,13012,2992,16004,117
2022-03-17,Merced,047,269075,62013,61985,8557,70542,800
2022-03-17,Modoc,049,8938,732,734,250,984,7
2022-03-17,Mono,051,14174,2963,2961,120,3081,5
2022-03-17,Monterey,053,433212,79078,78483,13515,91998,720
2022-03-17,Napa,055,140530,25692,25654,940,26594,138
2022-03-17,Nevada,057,99092,15902,15960,1186,17146,123
2022-03-17,Orange,059,3164182,545017,543907,40928,584835,6817
2022-03-17,Placer,061,380077,62541,62483,7304,69787,605
2022-03-17,Plumas,063,18699,2962,2724,359,3083,13
2022-03-17,Riverside,065,2383286,590061,589017,27633,616650,6359
2022-03-17,Sacramento,067,1510023,279799,274855,26309,301164,2913
2022-03-17,San Benito,069,59416,12857,12859,508,13367,97
2022-03-17,San Bernardino,071,2135413,567866,559935,24548,584483,6778
2022-03-17,San Diego,073,3302833,748632,747344,52289,799633,5133
2022-03-17,San Francisco,075,870044,123408,123587,8145,131732,833
2022-03-17,San Joaquin,077,732212,165962,165765,9802,175567,2181
2022-03-17,San Luis Obispo,079,281455,52238,52174,3720,55894,463
2022-03-17,San Mateo,081,765935,120871,119782,6877,126659,667
2022-03-17,Santa Barbara,083,443738,85482,85336,4673,90009,671
2022-03-17,Santa Clara,085,1922200,309052,309918,12221,322139,2225
2022-03-17,Santa Cruz,087,273765,47514,47203,2065,49268,256
2022-03-17,Shasta,089,179085,30487,30495,6075,36570,525
2022-03-17,Sierra,091,2930,271,273,48,321,4
2022-03-17,Siskiyou,093,43540,4436,4422,2715,7137,76
2022-03-17,Solano,095,438530,81124,81340,5524,86864,441
2022-03-17,Sonoma,097,501317,83067,82838,2540,85378,472
2022-03-17,Stanislaus,099,539301,117203,118138,17507,135645,1568
2022-03-17,Sutter,101,95872,20414,20503,2039,22542,218
2022-03-17,Tehama,103,63373,12011,12007,2572,14579,160
2022-03-17,Trinity,105,12862,1182,1173,287,1460,20
2022-03-17,Tulare,107,460477,106185,104290,27459,131749,1384
2022-03-17,Tuolumne,109,53932,12613,12617,553,13170,180
2022-03-17,Ventura,111,848112,172665,172380,9347,181727,1451
2022-03-17,Yolo,113,214977,36850,36086,3019,39105,306
2022-03-17,Yuba,115,75493,15789,15768,1178,16946,117
2022-03-16,Alameda,001,1643700,254577,253792,13484,267276,1794
2022-03-16,Alpine,003,1148,122,122,1,123,0
2022-03-16,Amador,005,37829,8493,8449,638,9087,85
2022-03-16,Butte,007,227075,32978,32837,6802,39639,385
2022-03-16,Calaveras,009,45235,7235,7229,343,7572,120
2022-03-16,Colusa,011,21464,3433,3445,1049,4494,22
2022-03-16,Contra Costa,013,1133247,188290,187100,13003,200103,1266
2022-03-16,Del Norte,015,27424,5780,5811,181,5992,48
2022-03-16,El Dorado,017,186661,26628,26602,3192,29794,199
2022-03-16,Fresno,019,978130,230679,228786,23446,252232,2689
2022-03-16,Glenn,021,27897,4969,4969,1589,6558,44
2022-03-16,Humboldt,023,135768,16821,16893,2927,19820,138
2022-03-16,Imperial,025,180216,55243,55002,10535,65537,897
2022-03-16,Inyo,027,18085,4062,4061,469,4530,56
2022-03-16,Kern,029,883053,191414,190835,45622,236457,2170
2022-03-16,Kings,031,150075,51342,51321,3494,54815,437
2022-03-16,Lake,033,64148,10666,10633,878,11511,133
2022-03-16,Lassen,035,31185,8946,8924,873,9797,62
2022-03-16,Los Angeles,037,10098052,2701555,2685789,122770,2808559,31102
2022-03-16,Madera,039,155013,37198,37262,6003,43265,354
2022-03-16,Marin,041,260295,33240,33136,2171,35307,272
2022-03-16,Mariposa,043,17540,2386,2376,196,2572,6
2022-03-16,Mendocino,045,87422,13003,13011,2991,16002,117
2022-03-16,Merced,047,269075,61998,61959,8553,70512,798
2022-03-16,Modoc,049,8938,731,734,250,984,7
2022-03-16,Mono,051,14174,2963,2960,120,3080,5
2022-03-16,Monterey,053,433212,79056,78416,13510,91926,720
2022-03-16,Napa,055,140530,25683,25638,940,26578,138
2022-03-16,Nevada,057,99092,15900,15960,1186,17146,123
2022-03-16,Orange,059,3164182,544894,543326,40905,584231,6791
2022-03-16,Placer,061,380077,62525,62435,7302,69737,605
2022-03-16,Plumas,063,18699,2962,2723,359,3082,13
2022-03-16,Riverside,065,2383286,589964,588761,27630,616391,6351
2022-03-16,Sacramento,067,1510023,279734,274709,26302,301011,2910
2022-03-16,San Benito,069,59416,12852,12854,508,13362,97
2022-03-16,San Bernardino,071,2135413,567786,559746,24541,584287,6775
2022-03-16,San Diego,073,3302833,748427,746970,52265,799235,5126
2022-03-16,San Francisco,075,870044,123308,123446,8138,131584,831
2022-03-16,San Joaquin,077,732212,165915,165703,9799,175502,2169
2022-03-16,San Luis Obispo,079,281455,52220,52132,3716,55848,462
2022-03-16,San Mateo,081,765935,120808,119680,6869,126549,660
2022-03-16,Santa Barbara,083,443738,85449,85322,4669,89991,670
2022-03-16,Santa Clara,085,1922200,308866,309689,12206,321895,2224
2022-03-16,Santa Cruz,087,273765,47485,47161,2065,49226,255
2022-03-16,Shasta,089,179085,30478,30489,6071,36560,527
2022-03-16,Sierra,091,2930,271,273,48,321,4
2022-03-16,Siskiyou,093,43540,4433,4419,2713,7132,76
2022-03-16,Solano,095,438530,81101,81277,5522,86799,440
2022-03-16,Sonoma,097,501317,83024,82791,2531,85322,472
2022-03-16,Stanislaus,099,539301,117177,118072,17505,135577,1567
2022-03-16,Sutter,101,95872,20412,20494,2038,22532,218
2022-03-16,Tehama,103,63373,12009,11999,2572,14571,160
2022-03-16,Trinity,105,12862,1182,1173,287,1460,20
2022-03-16,Tulare,107,460477,106172,104217,27453,131670,1377
2022-03-16,Tuolumne,109,53932,12608,12610,553,13163,180
2022-03-16,Ventura,111,848112,172624,172212,9343,181555,1451
2022-03-16,Yolo,113,214977,36827,36079,3018,39097,307
2022-03-16,Yuba,115,75493,15784,15758,1178,16936,117
2022-03-15,Alameda,001,1643700,254445,253694,13475,267169,1793
2022-03-15,Alpine,003,1148,122,122,1,123,0
2022-03-15,Amador,005,37829,8490,8448,638,9086,85
2022-03-15,Butte,007,227075,32965,32822,6801,39623,385
2022-03-15,Calaveras,009,45235,7233,7236,343,7579,118
2022-03-15,Colusa,011,21464,3433,3445,1049,4494,21
2022-03-15,Contra Costa,013,1133247,188209,187021,12996,200017,1265
2022-03-15,Del Norte,015,27424,5777,5806,178,5984,48
2022-03-15,El Dorado,017,186661,26625,26596,3192,29788,199
2022-03-15,Fresno,019,978130,230636,228631,23437,252068,2689
2022-03-15,Glenn,021,27897,4967,4966,1589,6555,44
2022-03-15,Humboldt,023,135768,16815,16889,2926,19815,138
2022-03-15,Imperial,025,180216,55233,54981,10531,65512,896
2022-03-15,Inyo,027,18085,4062,4062,468,4530,56
2022-03-15,Kern,029,883053,191385,190645,45612,236257,2168
2022-03-15,Kings,031,150075,51323,51317,3490,54807,437
2022-03-15,Lake,033,64148,10662,10631,878,11509,131
2022-03-15,Lassen,035,31185,8944,8926,873,9799,62
2022-03-15,Los Angeles,037,10098052,2700871,2685071,122714,2807785,31077
2022-03-15,Madera,039,155013,37189,37258,6002,43260,354
2022-03-15,Marin,041,260295,33217,33111,2170,35281,272
2022-03-15,Mariposa,043,17540,2384,2377,196,2573,6
2022-03-15,Mendocino,045,87422,12998,13005,2990,15995,117
2022-03-15,Merced,047,269075,61980,61916,8544,70460,798
2022-03-15,Modoc,049,8938,731,733,250,983,7
2022-03-15,Mono,051,14174,2963,2961,120,3081,5
2022-03-15,Monterey,053,433212,79026,78400,13502,91902,718
2022-03-15,Napa,055,140530,25675,25657,938,26595,138
2022-03-15,Nevada,057,99092,15898,15960,1184,17144,123
2022-03-15,Orange,059,3164182,544753,543197,40898,584095,6780
2022-03-15,Placer,061,380077,62508,62398,7298,69696,604
2022-03-15,Plumas,063,18699,2961,2722,359,3081,13
2022-03-15,Riverside,065,2383286,589864,588622,27622,616244,6333
2022-03-15,Sacramento,067,1510023,279648,274633,26296,300929,2907
2022-03-15,San Benito,069,59416,12848,12849,508,13357,95
2022-03-15,San Bernardino,071,2135413,567711,559605,24538,584143,6770
2022-03-15,San Diego,073,3302833,748183,746474,52243,798717,5116
2022-03-15,San Francisco,075,870044,123191,123526,8129,131655,831
2022-03-15,San Joaquin,077,732212,165872,165664,9793,175457,2161
2022-03-15,San Luis Obispo,079,281455,52210,52060,3712,55772,458
2022-03-15,San Mateo,081,765935,120757,119586,6863,126449,649
2022-03-15,Santa Barbara,083,443738,85424,85353,4665,90018,668
2022-03-15,Santa Clara,085,1922200,308705,309535,12194,321729,2224
2022-03-15,Santa Cruz,087,273765,47432,47117,2065,49182,255
2022-03-15,Shasta,089,179085,30469,30476,6068,36544,524
2022-03-15,Sierra,091,2930,271,273,48,321,4
2022-03-15,Siskiyou,093,43540,4433,4420,2713,7133,76
2022-03-15,Solano,095,438530,81066,81260,5521,86781,440
2022-03-15,Sonoma,097,501317,82984,82737,2531,85268,472
2022-03-15,Stanislaus,099,539301,117159,118085,17502,135587,1567
2022-03-15,Sutter,101,95872,20409,20480,2029,22509,217
2022-03-15,Tehama,103,63373,12006,11997,2572,14569,160
2022-03-15,Trinity,105,12862,1182,1173,287,1460,20
2022-03-15,Tulare,107,460477,106153,104153,27441,131594,1375
2022-03-15,Tuolumne,109,53932,12604,12602,553,13155,180
2022-03-15,Ventura,111,848112,172579,172150,9340,181490,1451
2022-03-15,Yolo,113,214977,36811,36079,3014,39093,308
2022-03-15,Yuba,115,75493,15776,15756,1178,16934,116
2022-03-14,Alameda,001,1643700,254333,253629,13471,267100,1791
2022-03-14,Alpine,003,1148,122,122,1,123,0
2022-03-14,Amador,005,37829,8485,8448,638,9086,85
2022-03-14,Butte,007,227075,32947,32812,6801,39613,385
2022-03-14,Calaveras,009,45235,7232,7245,343,7588,118
2022-03-14,Colusa,011,21464,3432,3445,1049,4494,21
2022-03-14,Contra Costa,013,1133247,188116,186969,12988,199957,1265
2022-03-14,Del Norte,015,27424,5771,5807,178,5985,48
2022-03-14,El Dorado,017,186661,26620,26570,3192,29762,199
2022-03-14,Fresno,019,978130,230562,228470,23427,251897,2682
2022-03-14,Glenn,021,27897,4965,4966,1589,6555,44
2022-03-14,Humboldt,023,135768,16808,16890,2924,19814,137
2022-03-14,Imperial,025,180216,55222,54933,10530,65463,897
2022-03-14,Inyo,027,18085,4062,4062,468,4530,56
2022-03-14,Kern,029,883053,191350,190526,45601,236127,2166
2022-03-14,Kings,031,150075,51305,51293,3489,54782,437
2022-03-14,Lake,033,64148,10659,10631,878,11509,131
2022-03-14,Lassen,035,31185,8944,8927,872,9799,62
2022-03-14,Los Angeles,037,10098052,2700239,2683369,122647,2806016,31034
2022-03-14,Madera,039,155013,37182,37255,6001,43256,354
2022-03-14,Marin,041,260295,33188,33099,2170,35269,272
2022-03-14,Mariposa,043,17540,2383,2376,196,2572,6
2022-03-14,Mendocino,045,87422,12993,12992,2983,15975,117
2022-03-14,Merced,047,269075,61961,61905,8542,70447,795
2022-03-14,Modoc,049,8938,730,731,250,981,7
2022-03-14,Mono,051,14174,2962,2961,120,3081,5
2022-03-14,Monterey,053,433212,79011,78376,13467,91843,718
2022-03-14,Napa,055,140530,25661,25649,938,26587,138
2022-03-14,Nevada,057,99092,15896,15954,1184,17138,123
2022-03-14,Orange,059,3164182,544615,543099,40890,583989,6775
2022-03-14,Placer,061,380077,62490,62389,7296,69685,601
2022-03-14,Plumas,063,18699,2961,2711,359,3070,13
2022-03-14,Riverside,065,2383286,589729,588531,27612,616143,6332
2022-03-14,Sacramento,067,1510023,279567,274682,26291,300973,2899
2022-03-14,San Benito,069,59416,12843,12846,507,13353,95
2022-03-14,San Bernardino,071,2135413,567624,559505,24533,584038,6767
2022-03-14,San Diego,073,3302833,747880,745515,52215,797730,5108
2022-03-14,San Francisco,075,870044,123100,123575,8123,131698,824
2022-03-14,San Joaquin,077,732212,165833,165662,9792,175454,2142
2022-03-14,San Luis Obispo,079,281455,52182,52046,3709,55755,458
2022-03-14,San Mateo,081,765935,120684,119564,6861,126425,649
2022-03-14,Santa Barbara,083,443738,85387,85396,4664,90060,667
2022-03-14,Santa Clara,085,1922200,308521,309600,12190,321790,2223
2022-03-14,Santa Cruz,087,273765,47394,47107,2063,49170,255
2022-03-14,Shasta,089,179085,30464,30462,6065,36527,520
2022-03-14,Sierra,091,2930,271,273,48,321,4
2022-03-14,Siskiyou,093,43540,4428,4419,2712,7131,76
2022-03-14,Solano,095,438530,81018,81233,5516,86749,440
2022-03-14,Sonoma,097,501317,82948,82731,2527,85258,473
2022-03-14,Stanislaus,099,539301,117123,118088,17498,135586,1567
2022-03-14,Sutter,101,95872,20402,20478,2029,22507,217
2022-03-14,Tehama,103,63373,12004,11996,2572,14568,160
2022-03-14,Trinity,105,12862,1182,1172,287,1459,20
2022-03-14,Tulare,107,460477,106124,104121,27434,131555,1365
2022-03-14,Tuolumne,109,53932,12603,12567,552,13119,180
2022-03-14,Ventura,111,848112,172526,172107,9338,181445,1442
2022-03-14,Yolo,113,214977,36795,36059,3012,39071,308
2022-03-14,Yuba,115,75493,15764,15748,1178,16926,116
2022-03-13,Alameda,001,1643700,254209,253547,13463,267010,1792
2022-03-13,Alpine,003,1148,122,122,1,123,0
2022-03-13,Amador,005,37829,8483,8444,638,9082,85
2022-03-13,Butte,007,227075,32927,32806,6798,39604,384
2022-03-13,Calaveras,009,45235,7227,7253,343,7596,118
2022-03-13,Colusa,011,21464,3432,3444,1047,4491,21
2022-03-13,Contra Costa,013,1133247,188019,186911,12975,199886,1265
2022-03-13,Del Norte,015,27424,5767,5808,178,5986,48
2022-03-13,El Dorado,017,186661,26615,26563,3191,29754,199
2022-03-13,Fresno,019,978130,230482,228421,23413,251834,2683
2022-03-13,Glenn,021,27897,4961,4966,1588,6554,44
2022-03-13,Humboldt,023,135768,16800,16883,2924,19807,137
2022-03-13,Imperial,025,180216,55211,54934,10528,65462,897
2022-03-13,Inyo,027,18085,4062,4062,467,4529,56
2022-03-13,Kern,029,883053,191296,190495,45589,236084,2166
2022-03-13,Kings,031,150075,51297,51273,3489,54762,437
2022-03-13,Lake,033,64148,10656,10626,878,11504,131
2022-03-13,Lassen,035,31185,8943,8929,871,9800,62
2022-03-13,Los Angeles,037,10098052,2699515,2683351,122604,2805955,31034
2022-03-13,Madera,039,155013,37174,37248,6001,43249,354
2022-03-13,Marin,041,260295,33164,33083,2168,35251,272
2022-03-13,Mariposa,043,17540,2381,2376,196,2572,6
2022-03-13,Mendocino,045,87422,12987,12987,2978,15965,117
2022-03-13,Merced,047,269075,61938,61895,8533,70428,795
2022-03-13,Modoc,049,8938,730,731,250,981,7
2022-03-13,Mono,051,14174,2962,2961,120,3081,5
2022-03-13,Monterey,053,433212,78975,78366,13419,91785,718
2022-03-13,Napa,055,140530,25647,25639,937,26576,138
2022-03-13,Nevada,057,99092,15889,15959,1184,17143,123
2022-03-13,Orange,059,3164182,544493,543036,40866,583902,6774
2022-03-13,Placer,061,380077,62463,62372,7293,69665,601
2022-03-13,Plumas,063,18699,2961,2711,359,3070,13
2022-03-13,Riverside,065,2383286,589596,588487,27606,616093,6332
2022-03-13,Sacramento,067,1510023,279469,274715,26279,300994,2899
2022-03-13,San Benito,069,59416,12837,12844,505,13349,95
2022-03-13,San Bernardino,071,2135413,567532,559450,24523,583973,6767
2022-03-13,San Diego,073,3302833,747538,745515,52181,797696,5108
2022-03-13,San Francisco,075,870044,122979,123622,8117,131739,824
2022-03-13,San Joaquin,077,732212,165784,165641,9790,175431,2142
2022-03-13,San Luis Obispo,079,281455,52153,52040,3706,55746,458
2022-03-13,San Mateo,081,765935,120606,119521,6852,126373,649
2022-03-13,Santa Barbara,083,443738,85347,85453,4662,90115,667
2022-03-13,Santa Clara,085,1922200,308350,309493,12182,321675,2225
2022-03-13,Santa Cruz,087,273765,47343,47087,2063,49150,255
2022-03-13,Shasta,089,179085,30447,30457,6063,36520,520
2022-03-13,Sierra,091,2930,271,273,48,321,4
2022-03-13,Siskiyou,093,43540,4428,4418,2712,7130,76
2022-03-13,Solano,095,438530,80983,81217,5512,86729,440
2022-03-13,Sonoma,097,501317,82913,82711,2524,85235,473
2022-03-13,Stanislaus,099,539301,117089,118075,17495,135570,1567
2022-03-13,Sutter,101,95872,20398,20474,2029,22503,217
2022-03-13,Tehama,103,63373,12003,11997,2571,14568,160
2022-03-13,Trinity,105,12862,1182,1172,287,1459,20
2022-03-13,Tulare,107,460477,106091,104119,27426,131545,1365
2022-03-13,Tuolumne,109,53932,12600,12565,552,13117,180
2022-03-13,Ventura,111,848112,172468,172080,9331,181411,1442
2022-03-13,Yolo,113,214977,36776,36019,3010,39029,308
2022-03-13,Yuba,115,75493,15759,15741,1178,16919,116
2022-03-12,Alameda,001,1643700,254142,253079,13458,266537,1783
2022-03-12,Alpine,003,1148,122,122,1,123,0
2022-03-12,Amador,005,37829,8479,8427,638,9065,84
2022-03-12,Butte,007,227075,32923,32774,6796,39570,380
2022-03-12,Calaveras,009,45235,7226,7253,343,7596,118
2022-03-12,Colusa,011,21464,3432,3440,1047,4487,21
2022-03-12,Contra Costa,013,1133247,187976,186618,12974,199592,1256
2022-03-12,Del Norte,015,27424,5766,5791,178,5969,48
2022-03-12,El Dorado,017,186661,26611,26538,3191,29729,199
2022-03-12,Fresno,019,978130,230460,228041,23413,251454,2653
2022-03-12,Glenn,021,27897,4961,4955,1588,6543,44
2022-03-12,Humboldt,023,135768,16796,16862,2923,19785,137
2022-03-12,Imperial,025,180216,55206,54837,10525,65362,896
2022-03-12,Inyo,027,18085,4062,4056,467,4523,56
2022-03-12,Kern,029,883053,191279,190330,45584,235914,2162
2022-03-12,Kings,031,150075,51291,51145,3489,54634,436
2022-03-12,Lake,033,64148,10654,10594,877,11471,131
2022-03-12,Lassen,035,31185,8942,8915,871,9786,62
2022-03-12,Los Angeles,037,10098052,2699185,2678858,122584,2801442,30901
2022-03-12,Madera,039,155013,37169,37223,6001,43224,354
2022-03-12,Marin,041,260295,33140,33015,2167,35182,272
2022-03-12,Mariposa,043,17540,2381,2372,196,2568,6
2022-03-12,Mendocino,045,87422,12983,12965,2978,15943,117
2022-03-12,Merced,047,269075,61931,61840,8532,70372,795
2022-03-12,Modoc,049,8938,730,730,250,980,7
2022-03-12,Mono,051,14174,2962,2960,119,3079,5
2022-03-12,Monterey,053,433212,78968,78285,13417,91702,716
2022-03-12,Napa,055,140530,25637,25584,936,26520,138
2022-03-12,Nevada,057,99092,15883,15947,1184,17131,123
2022-03-12,Orange,059,3164182,544427,542354,40857,583211,6718
2022-03-12,Placer,061,380077,62454,62282,7293,69575,598
2022-03-12,Plumas,063,18699,2961,2707,359,3066,13
2022-03-12,Riverside,065,2383286,589531,588022,27601,615623,6317
2022-03-12,Sacramento,067,1510023,279429,274519,26275,300794,2886
2022-03-12,San Benito,069,59416,12834,12868,505,13373,95
2022-03-12,San Bernardino,071,2135413,567488,559013,24522,583535,6734
2022-03-12,San Diego,073,3302833,747416,744386,52159,796545,5090
2022-03-12,San Francisco,075,870044,122914,123610,8111,131721,823
2022-03-12,San Joaquin,077,732212,165767,165516,9787,175303,2117
2022-03-12,San Luis Obispo,079,281455,52144,51947,3703,55650,457
2022-03-12,San Mateo,081,765935,120570,119288,6851,126139,641
2022-03-12,Santa Barbara,083,443738,85328,85421,4662,90083,664
2022-03-12,Santa Clara,085,1922200,308252,308989,12177,321166,2208
2022-03-12,Santa Cruz,087,273765,47330,46982,2062,49044,254
2022-03-12,Shasta,089,179085,30435,30419,6061,36480,517
2022-03-12,Sierra,091,2930,271,273,48,321,4
2022-03-12,Siskiyou,093,43540,4428,4405,2712,7117,75
2022-03-12,Solano,095,438530,80969,81058,5512,86570,436
2022-03-12,Sonoma,097,501317,82896,82622,2522,85144,473
2022-03-12,Stanislaus,099,539301,117075,117884,17494,135378,1564
2022-03-12,Sutter,101,95872,20397,20429,2029,22458,217
2022-03-12,Tehama,103,63373,12003,11983,2571,14554,159
2022-03-12,Trinity,105,12862,1181,1172,287,1459,20
2022-03-12,Tulare,107,460477,106086,103994,27422,131416,1358
2022-03-12,Tuolumne,109,53932,12599,12476,552,13028,180
2022-03-12,Ventura,111,848112,172443,171932,9330,181262,1442
2022-03-12,Yolo,113,214977,36769,35982,3008,38990,308
2022-03-12,Yuba,115,75493,15759,15722,1178,16900,116
2022-03-11,Alameda,001,1643700,254076,253079,13458,266537,1783
2022-03-11,Alpine,003,1148,122,122,1,123,0
2022-03-11,Amador,005,37829,8477,8427,638,9065,84
2022-03-11,Butte,007,227075,32919,32774,6795,39569,380
2022-03-11,Calaveras,009,45235,7226,7253,343,7596,118
2022-03-11,Colusa,011,21464,3432,3440,1047,4487,21
2022-03-11,Contra Costa,013,1133247,187928,186618,12972,199590,1256
2022-03-11,Del Norte,015,27424,5762,5791,178,5969,48
2022-03-11,El Dorado,017,186661,26607,26538,3191,29729,199
2022-03-11,Fresno,019,978130,230404,228041,23409,251450,2653
2022-03-11,Glenn,021,27897,4961,4955,1588,6543,44
2022-03-11,Humboldt,023,135768,16791,16862,2922,19784,137
2022-03-11,Imperial,025,180216,55200,54837,10524,65361,896
2022-03-11,Inyo,027,18085,4062,4056,467,4523,56
2022-03-11,Kern,029,883053,191258,190330,45579,235909,2162
2022-03-11,Kings,031,150075,51271,51145,3489,54634,436
2022-03-11,Lake,033,64148,10650,10594,877,11471,131
2022-03-11,Lassen,035,31185,8941,8915,871,9786,62
2022-03-11,Los Angeles,037,10098052,2698863,2678858,122559,2801417,30901
2022-03-11,Madera,039,155013,37164,37223,6001,43224,354
2022-03-11,Marin,041,260295,33124,33015,2166,35181,272
2022-03-11,Mariposa,043,17540,2380,2372,196,2568,6
2022-03-11,Mendocino,045,87422,12977,12965,2978,15943,117
2022-03-11,Merced,047,269075,61921,61840,8530,70370,795
2022-03-11,Modoc,049,8938,730,730,250,980,7
2022-03-11,Mono,051,14174,2961,2960,119,3079,5
2022-03-11,Monterey,053,433212,78955,78285,13410,91695,716
2022-03-11,Napa,055,140530,25626,25584,936,26520,138
2022-03-11,Nevada,057,99092,15880,15947,1184,17131,123
2022-03-11,Orange,059,3164182,544358,542354,40843,583197,6718
2022-03-11,Placer,061,380077,62443,62282,7292,69574,598
2022-03-11,Plumas,063,18699,2959,2707,359,3066,13
2022-03-11,Riverside,065,2383286,589453,588022,27597,615619,6317
2022-03-11,Sacramento,067,1510023,279361,274519,26272,300791,2886
2022-03-11,San Benito,069,59416,12833,12868,505,13373,95
2022-03-11,San Bernardino,071,2135413,567431,559013,24517,583530,6734
2022-03-11,San Diego,073,3302833,747250,744386,52145,796531,5090
2022-03-11,San Francisco,075,870044,122863,123610,8107,131717,823
2022-03-11,San Joaquin,077,732212,165733,165516,9784,175300,2117
2022-03-11,San Luis Obispo,079,281455,52136,51947,3702,55649,457
2022-03-11,San Mateo,081,765935,120521,119288,6848,126136,641
2022-03-11,Santa Barbara,083,443738,85308,85421,4661,90082,664
2022-03-11,Santa Clara,085,1922200,308152,308989,12174,321163,2208
2022-03-11,Santa Cruz,087,273765,47315,46982,2062,49044,254
2022-03-11,Shasta,089,179085,30430,30419,6058,36477,517
2022-03-11,Sierra,091,2930,271,273,48,321,4
2022-03-11,Siskiyou,093,43540,4426,4405,2710,7115,75
2022-03-11,Solano,095,438530,80955,81058,5511,86569,436
2022-03-11,Sonoma,097,501317,82871,82622,2520,85142,473
2022-03-11,Stanislaus,099,539301,117061,117884,17493,135377,1564
2022-03-11,Sutter,101,95872,20395,20429,2029,22458,217
2022-03-11,Tehama,103,63373,12001,11983,2571,14554,159
2022-03-11,Trinity,105,12862,1181,1172,287,1459,20
2022-03-11,Tulare,107,460477,106072,103994,27416,131410,1358
2022-03-11,Tuolumne,109,53932,12597,12476,552,13028,180
2022-03-11,Ventura,111,848112,172407,171932,9325,181257,1442
2022-03-11,Yolo,113,214977,36758,35982,3008,38990,308
2022-03-11,Yuba,115,75493,15756,15722,1178,16900,116
2022-03-10,Alameda,001,1643700,253966,253079,13452,266531,1783
2022-03-10,Alpine,003,1148,122,122,1,123,0
2022-03-10,Amador,005,37829,8476,8427,638,9065,84
2022-03-10,Butte,007,227075,32905,32774,6793,39567,380
2022-03-10,Calaveras,009,45235,7225,7253,342,7595,118
2022-03-10,Colusa,011,21464,3432,3440,1047,4487,21
2022-03-10,Contra Costa,013,1133247,187844,186618,12962,199580,1256
2022-03-10,Del Norte,015,27424,5753,5791,178,5969,48
2022-03-10,El Dorado,017,186661,26595,26538,3190,29728,199
2022-03-10,Fresno,019,978130,230330,228041,23399,251440,2653
2022-03-10,Glenn,021,27897,4959,4955,1588,6543,44
2022-03-10,Humboldt,023,135768,16782,16862,2921,19783,137
2022-03-10,Imperial,025,180216,55190,54837,10523,65360,896
2022-03-10,Inyo,027,18085,4061,4056,467,4523,56
2022-03-10,Kern,029,883053,191225,190330,45565,235895,2162
2022-03-10,Kings,031,150075,51242,51145,3488,54633,436
2022-03-10,Lake,033,64148,10640,10594,876,11470,131
2022-03-10,Lassen,035,31185,8941,8915,871,9786,62
2022-03-10,Los Angeles,037,10098052,2698308,2678858,122520,2801378,30901
2022-03-10,Madera,039,155013,37158,37223,5994,43217,354
2022-03-10,Marin,041,260295,33111,33015,2162,35177,272
2022-03-10,Mariposa,043,17540,2380,2372,196,2568,6
2022-03-10,Mendocino,045,87422,12974,12965,2978,15943,117
2022-03-10,Merced,047,269075,61905,61840,8525,70365,795
2022-03-10,Modoc,049,8938,729,730,250,980,7
2022-03-10,Mono,051,14174,2961,2960,119,3079,5
2022-03-10,Monterey,053,433212,78932,78285,13385,91670,716
2022-03-10,Napa,055,140530,25617,25584,935,26519,138
2022-03-10,Nevada,057,99092,15873,15947,1184,17131,123
2022-03-10,Orange,059,3164182,544233,542354,40826,583180,6718
2022-03-10,Placer,061,380077,62421,62282,7287,69569,598
2022-03-10,Plumas,063,18699,2958,2707,359,3066,13
2022-03-10,Riverside,065,2383286,589338,588022,27592,615614,6317
2022-03-10,Sacramento,067,1510023,279284,274519,26266,300785,2886
2022-03-10,San Benito,069,59416,12832,12868,504,13372,95
2022-03-10,San Bernardino,071,2135413,567358,559013,24513,583526,6734
2022-03-10,San Diego,073,3302833,746992,744386,52114,796500,5090
2022-03-10,San Francisco,075,870044,122795,123610,8101,131711,823
2022-03-10,San Joaquin,077,732212,165702,165516,9782,175298,2117
2022-03-10,San Luis Obispo,079,281455,52113,51947,3699,55646,457
2022-03-10,San Mateo,081,765935,120458,119288,6846,126134,641
2022-03-10,Santa Barbara,083,443738,85276,85421,4660,90081,664
2022-03-10,Santa Clara,085,1922200,308026,308989,12166,321155,2208
2022-03-10,Santa Cruz,087,273765,47283,46982,2062,49044,254
2022-03-10,Shasta,089,179085,30421,30419,6056,36475,517
2022-03-10,Sierra,091,2930,271,273,48,321,4
2022-03-10,Siskiyou,093,43540,4426,4405,2710,7115,75
2022-03-10,Solano,095,438530,80919,81058,5506,86564,436
2022-03-10,Sonoma,097,501317,82844,82622,2520,85142,473
2022-03-10,Stanislaus,099,539301,117026,117884,17491,135375,1564
2022-03-10,Sutter,101,95872,20391,20429,2029,22458,217
2022-03-10,Tehama,103,63373,12000,11983,2571,14554,159
2022-03-10,Trinity,105,12862,1181,1172,287,1459,20
2022-03-10,Tulare,107,460477,106053,103994,27410,131404,1358
2022-03-10,Tuolumne,109,53932,12594,12476,552,13028,180
2022-03-10,Ventura,111,848112,172366,171932,9322,181254,1442
2022-03-10,Yolo,113,214977,36745,35982,3007,38989,308
2022-03-10,Yuba,115,75493,15746,15722,1177,16899,116
2022-03-09,Alameda,001,1643700,253843,252893,13447,266340,1781
2022-03-09,Alpine,003,1148,122,125,1,126,0
2022-03-09,Amador,005,37829,8470,8409,638,9047,84
2022-03-09,Butte,007,227075,32896,32767,6789,39556,380
2022-03-09,Calaveras,009,45235,7223,7249,342,7591,117
2022-03-09,Colusa,011,21464,3431,3439,1047,4486,21
2022-03-09,Contra Costa,013,1133247,187750,186483,12947,199430,1256
2022-03-09,Del Norte,015,27424,5749,5765,178,5943,48
2022-03-09,El Dorado,017,186661,26590,26515,3190,29705,198
2022-03-09,Fresno,019,978130,230232,227885,23392,251277,2653
2022-03-09,Glenn,021,27897,4957,4953,1587,6540,44
2022-03-09,Humboldt,023,135768,16777,16854,2918,19772,137
2022-03-09,Imperial,025,180216,55185,54764,10521,65285,894
2022-03-09,Inyo,027,18085,4061,4056,467,4523,56
2022-03-09,Kern,029,883053,191177,190254,45553,235807,2159
2022-03-09,Kings,031,150075,51221,51122,3488,54610,435
2022-03-09,Lake,033,64148,10633,10586,876,11462,130
2022-03-09,Lassen,035,31185,8941,8901,871,9772,62
2022-03-09,Los Angeles,037,10098052,2697661,2677901,122481,2800382,30842
2022-03-09,Madera,039,155013,37151,37207,5993,43200,354
2022-03-09,Marin,041,260295,33093,32967,2162,35129,272
2022-03-09,Mariposa,043,17540,2377,2372,196,2568,6
2022-03-09,Mendocino,045,87422,12970,12957,2973,15930,117
2022-03-09,Merced,047,269075,61890,61792,8519,70311,792
2022-03-09,Modoc,049,8938,728,730,249,979,7
2022-03-09,Mono,051,14174,2961,2962,119,3081,5
2022-03-09,Monterey,053,433212,78910,78258,13342,91600,716
2022-03-09,Napa,055,140530,25596,25561,934,26495,138
2022-03-09,Nevada,057,99092,15864,15938,1183,17121,123
2022-03-09,Orange,059,3164182,544102,542278,40814,583092,6700
2022-03-09,Placer,061,380077,62400,62242,7283,69525,598
2022-03-09,Plumas,063,18699,2957,2708,359,3067,13
2022-03-09,Riverside,065,2383286,589242,587833,27582,615415,6305
2022-03-09,Sacramento,067,1510023,279199,274373,26250,300623,2877
2022-03-09,San Benito,069,59416,12829,12864,504,13368,95
2022-03-09,San Bernardino,071,2135413,567265,558795,24502,583297,6723
2022-03-09,San Diego,073,3302833,746721,743956,52087,796043,5083
2022-03-09,San Francisco,075,870044,122705,123676,8097,131773,812
2022-03-09,San Joaquin,077,732212,165662,165444,9776,175220,2113
2022-03-09,San Luis Obispo,079,281455,52094,51923,3697,55620,457
2022-03-09,San Mateo,081,765935,120400,119194,6834,126028,639
2022-03-09,Santa Barbara,083,443738,85261,85382,4658,90040,661
2022-03-09,Santa Clara,085,1922200,307889,308765,12156,320921,2206
2022-03-09,Santa Cruz,087,273765,47243,46917,2061,48978,254
2022-03-09,Shasta,089,179085,30399,30407,6055,36462,493
2022-03-09,Sierra,091,2930,271,273,48,321,4
2022-03-09,Siskiyou,093,43540,4424,4403,2709,7112,75
2022-03-09,Solano,095,438530,80883,80984,5505,86489,436
2022-03-09,Sonoma,097,501317,82811,82574,2518,85092,473
2022-03-09,Stanislaus,099,539301,116989,117827,17486,135313,1541
2022-03-09,Sutter,101,95872,20380,20409,2025,22434,217
2022-03-09,Tehama,103,63373,11996,11980,2571,14551,159
2022-03-09,Trinity,105,12862,1181,1174,287,1461,20
2022-03-09,Tulare,107,460477,106025,103932,27397,131329,1350
2022-03-09,Tuolumne,109,53932,12592,12444,552,12996,180
2022-03-09,Ventura,111,848112,172316,171852,9319,181171,1448
2022-03-09,Yolo,113,214977,36726,35973,2995,38968,308
2022-03-09,Yuba,115,75493,15741,15714,1176,16890,115
2022-03-08,Alameda,001,1643700,253690,252744,13435,266179,1769
2022-03-08,Alpine,003,1148,122,125,1,126,0
2022-03-08,Amador,005,37829,8456,8407,638,9045,84
2022-03-08,Butte,007,227075,32883,32759,6785,39544,380
2022-03-08,Calaveras,009,45235,7219,7245,342,7587,117
2022-03-08,Colusa,011,21464,3428,3439,1046,4485,21
2022-03-08,Contra Costa,013,1133247,187663,186396,12934,199330,1256
2022-03-08,Del Norte,015,27424,5744,5763,178,5941,48
2022-03-08,El Dorado,017,186661,26580,26503,3184,29687,197
2022-03-08,Fresno,019,978130,230134,227808,23383,251191,2653
2022-03-08,Glenn,021,27897,4956,4944,1586,6530,43
2022-03-08,Humboldt,023,135768,16765,16837,2905,19742,137
2022-03-08,Imperial,025,180216,55170,54721,10519,65240,890
2022-03-08,Inyo,027,18085,4058,4056,467,4523,56
2022-03-08,Kern,029,883053,191113,190208,45539,235747,2154
2022-03-08,Kings,031,150075,51179,51089,3486,54575,434
2022-03-08,Lake,033,64148,10623,10571,876,11447,130
2022-03-08,Lassen,035,31185,8940,8897,871,9768,62
2022-03-08,Los Angeles,037,10098052,2696969,2677166,122443,2799609,30803
2022-03-08,Madera,039,155013,37141,37185,5992,43177,354
2022-03-08,Marin,041,260295,33056,32943,2161,35104,272
2022-03-08,Mariposa,043,17540,2375,2371,196,2567,6
2022-03-08,Mendocino,045,87422,12966,12950,2972,15922,117
2022-03-08,Merced,047,269075,61870,61767,8509,70276,791
2022-03-08,Modoc,049,8938,727,729,249,978,7
2022-03-08,Mono,051,14174,2960,2961,119,3080,5
2022-03-08,Monterey,053,433212,78890,78247,13305,91552,711
2022-03-08,Napa,055,140530,25570,25528,933,26461,137
2022-03-08,Nevada,057,99092,15853,15939,1182,17121,122
2022-03-08,Orange,059,3164182,543952,542164,40794,582958,6692
2022-03-08,Placer,061,380077,62373,62221,7282,69503,594
2022-03-08,Plumas,063,18699,2957,2703,359,3062,13
2022-03-08,Riverside,065,2383286,589133,587686,27575,615261,6294
2022-03-08,Sacramento,067,1510023,279105,274276,26231,300507,2872
2022-03-08,San Benito,069,59416,12827,12855,504,13359,94
2022-03-08,San Bernardino,071,2135413,567171,558512,24493,583005,6715
2022-03-08,San Diego,073,3302833,746377,743604,52070,795674,5077
2022-03-08,San Francisco,075,870044,122616,123675,8092,131767,807
2022-03-08,San Joaquin,077,732212,165627,165381,9772,175153,2104
2022-03-08,San Luis Obispo,079,281455,52067,51900,3694,55594,451
2022-03-08,San Mateo,081,765935,120319,119103,6824,125927,638
2022-03-08,Santa Barbara,083,443738,85229,85363,4658,90021,659
2022-03-08,Santa Clara,085,1922200,307680,308528,12148,320676,2206
2022-03-08,Santa Cruz,087,273765,47207,46875,2060,48935,254
2022-03-08,Shasta,089,179085,30380,30372,6052,36424,493
2022-03-08,Sierra,091,2930,271,273,48,321,4
2022-03-08,Siskiyou,093,43540,4420,4404,2709,7113,74
2022-03-08,Solano,095,438530,80855,80924,5502,86426,434
2022-03-08,Sonoma,097,501317,82763,82571,2517,85088,473
2022-03-08,Stanislaus,099,539301,116945,117782,17477,135259,1541
2022-03-08,Sutter,101,95872,20372,20403,2025,22428,217
2022-03-08,Tehama,103,63373,11992,11972,2570,14542,158
2022-03-08,Trinity,105,12862,1181,1174,287,1461,20
2022-03-08,Tulare,107,460477,105986,103893,27386,131279,1334
2022-03-08,Tuolumne,109,53932,12587,12427,550,12977,180
2022-03-08,Ventura,111,848112,172252,171806,9312,181118,1447
2022-03-08,Yolo,113,214977,36700,35946,2994,38940,306
2022-03-08,Yuba,115,75493,15735,15705,1175,16880,115
2022-03-07,Alameda,001,1643700,253488,252578,13420,265998,1766
2022-03-07,Alpine,003,1148,122,125,1,126,0
2022-03-07,Amador,005,37829,8453,8368,638,9006,84
2022-03-07,Butte,007,227075,32868,32734,6782,39516,378
2022-03-07,Calaveras,009,45235,7215,7242,342,7584,116
2022-03-07,Colusa,011,21464,3426,3437,1046,4483,21
2022-03-07,Contra Costa,013,1133247,187564,186087,12913,199000,1256
2022-03-07,Del Norte,015,27424,5740,5758,178,5936,48
2022-03-07,El Dorado,017,186661,26574,26487,3183,29670,196
2022-03-07,Fresno,019,978130,230044,227670,23360,251030,2653
2022-03-07,Glenn,021,27897,4950,4939,1586,6525,43
2022-03-07,Humboldt,023,135768,16752,16829,2900,19729,137
2022-03-07,Imperial,025,180216,55148,54712,10514,65226,890
2022-03-07,Inyo,027,18085,4056,4054,467,4521,56
2022-03-07,Kern,029,883053,191056,190163,45516,235679,2152
2022-03-07,Kings,031,150075,51149,51065,3481,54546,433
2022-03-07,Lake,033,64148,10611,10562,875,11437,130
2022-03-07,Lassen,035,31185,8939,8896,871,9767,62
2022-03-07,Los Angeles,037,10098052,2696159,2675497,122404,2797901,30759
2022-03-07,Madera,039,155013,37131,37164,5990,43154,354
2022-03-07,Marin,041,260295,33018,32919,2158,35077,272
2022-03-07,Mariposa,043,17540,2374,2369,196,2565,6
2022-03-07,Mendocino,045,87422,12959,12940,2971,15911,117
2022-03-07,Merced,047,269075,61830,61751,8502,70253,791
2022-03-07,Modoc,049,8938,727,729,249,978,7
2022-03-07,Mono,051,14174,2960,2960,119,3079,5
2022-03-07,Monterey,053,433212,78856,78161,13257,91418,706
2022-03-07,Napa,055,140530,25540,25500,933,26433,136
2022-03-07,Nevada,057,99092,15846,15935,1176,17111,122
2022-03-07,Orange,059,3164182,543778,542028,40768,582796,6687
2022-03-07,Placer,061,380077,62344,62215,7281,69496,591
2022-03-07,Plumas,063,18699,2957,2702,359,3061,13
2022-03-07,Riverside,065,2383286,589002,587537,27567,615104,6279
2022-03-07,Sacramento,067,1510023,279004,274079,26218,300297,2866
2022-03-07,San Benito,069,59416,12821,12843,504,13347,94
2022-03-07,San Bernardino,071,2135413,567066,558265,24483,582748,6703
2022-03-07,San Diego,073,3302833,746035,742287,52027,794314,5068
2022-03-07,San Francisco,075,870044,122504,123655,8086,131741,807
2022-03-07,San Joaquin,077,732212,165576,165343,9765,175108,2091
2022-03-07,San Luis Obispo,079,281455,52025,51874,3691,55565,448
2022-03-07,San Mateo,081,765935,120243,119035,6817,125852,630
2022-03-07,Santa Barbara,083,443738,85191,85345,4657,90002,659
2022-03-07,Santa Clara,085,1922200,307493,308517,12142,320659,2202
2022-03-07,Santa Cruz,087,273765,47157,46823,2059,48882,254
2022-03-07,Shasta,089,179085,30367,30352,6049,36401,493
2022-03-07,Sierra,091,2930,271,273,48,321,4
2022-03-07,Siskiyou,093,43540,4416,4398,2708,7106,74
2022-03-07,Solano,095,438530,80798,80886,5500,86386,435
2022-03-07,Sonoma,097,501317,82720,82530,2516,85046,473
2022-03-07,Stanislaus,099,539301,116905,117713,17470,135183,1537
2022-03-07,Sutter,101,95872,20361,20400,2024,22424,217
2022-03-07,Tehama,103,63373,11986,11966,2569,14535,158
2022-03-07,Trinity,105,12862,1179,1173,287,1460,20
2022-03-07,Tulare,107,460477,105950,103834,27376,131210,1316
2022-03-07,Tuolumne,109,53932,12581,12408,549,12957,179
2022-03-07,Ventura,111,848112,172201,171886,9310,181196,1436
2022-03-07,Yolo,113,214977,36677,35934,2988,38922,306
2022-03-07,Yuba,115,75493,15728,15701,1174,16875,115
2022-03-06,Alameda,001,1643700,253301,252460,13411,265871,1766
2022-03-06,Alpine,003,1148,122,125,1,126,0
2022-03-06,Amador,005,37829,8450,8367,636,9003,84
2022-03-06,Butte,007,227075,32857,32714,6778,39492,376
2022-03-06,Calaveras,009,45235,7213,7236,341,7577,116
2022-03-06,Colusa,011,21464,3426,3435,1045,4480,21
2022-03-06,Contra Costa,013,1133247,187450,185974,12888,198862,1256
2022-03-06,Del Norte,015,27424,5724,5744,177,5921,48
2022-03-06,El Dorado,017,186661,26565,26478,3181,29659,196
2022-03-06,Fresno,019,978130,229901,227514,23350,250864,2653
2022-03-06,Glenn,021,27897,4946,4939,1586,6525,43
2022-03-06,Humboldt,023,135768,16742,16813,2897,19710,137
2022-03-06,Imperial,025,180216,55130,54719,10504,65223,890
2022-03-06,Inyo,027,18085,4054,4053,467,4520,56
2022-03-06,Kern,029,883053,191001,190088,45496,235584,2152
2022-03-06,Kings,031,150075,51080,51050,3479,54529,432
2022-03-06,Lake,033,64148,10597,10539,874,11413,130
2022-03-06,Lassen,035,31185,8926,8887,870,9757,62
2022-03-06,Los Angeles,037,10098052,2695229,2675456,122346,2797802,30759
2022-03-06,Madera,039,155013,37101,37135,5983,43118,354
2022-03-06,Marin,041,260295,32992,32879,2157,35036,272
2022-03-06,Mariposa,043,17540,2373,2365,195,2560,6
2022-03-06,Mendocino,045,87422,12947,12923,2967,15890,116
2022-03-06,Merced,047,269075,61798,61722,8485,70207,791
2022-03-06,Modoc,049,8938,727,729,249,978,7
2022-03-06,Mono,051,14174,2960,2959,119,3078,5
2022-03-06,Monterey,053,433212,78810,78154,13226,91380,706
2022-03-06,Napa,055,140530,25505,25457,931,26388,136
2022-03-06,Nevada,057,99092,15835,15924,1175,17099,122
2022-03-06,Orange,059,3164182,543619,541903,40722,582625,6688
2022-03-06,Placer,061,380077,62311,62185,7277,69462,591
2022-03-06,Plumas,063,18699,2952,2704,359,3063,13
2022-03-06,Riverside,065,2383286,588840,587388,27547,614935,6279
2022-03-06,Sacramento,067,1510023,278869,273935,26195,300130,2869
2022-03-06,San Benito,069,59416,12810,12835,503,13338,94
2022-03-06,San Bernardino,071,2135413,566943,558139,24471,582610,6701
2022-03-06,San Diego,073,3302833,745640,742287,51978,794265,5068
2022-03-06,San Francisco,075,870044,122371,123742,8083,131825,806
2022-03-06,San Joaquin,077,732212,165494,165252,9759,175011,2091
2022-03-06,San Luis Obispo,079,281455,51987,51828,3689,55517,448
2022-03-06,San Mateo,081,765935,120160,118916,6808,125724,630
2022-03-06,Santa Barbara,083,443738,85151,85317,4652,89969,659
2022-03-06,Santa Clara,085,1922200,307234,308250,12140,320390,2201
2022-03-06,Santa Cruz,087,273765,47106,46755,2058,48813,254
2022-03-06,Shasta,089,179085,30344,30332,6033,36365,493
2022-03-06,Sierra,091,2930,271,273,48,321,4
2022-03-06,Siskiyou,093,43540,4412,4398,2706,7104,74
2022-03-06,Solano,095,438530,80742,80833,5494,86327,435
2022-03-06,Sonoma,097,501317,82685,82458,2512,84970,473
2022-03-06,Stanislaus,099,539301,116859,117680,17460,135140,1536
2022-03-06,Sutter,101,95872,20350,20390,2020,22410,217
2022-03-06,Tehama,103,63373,11978,11963,2569,14532,158
2022-03-06,Trinity,105,12862,1179,1172,286,1458,20
2022-03-06,Tulare,107,460477,105892,103794,27364,131158,1316
2022-03-06,Tuolumne,109,53932,12575,12379,547,12926,179
2022-03-06,Ventura,111,848112,172132,171819,9308,181127,1436
2022-03-06,Yolo,113,214977,36651,35882,2985,38867,306
2022-03-06,Yuba,115,75493,15724,15694,1173,16867,115
2022-03-05,Alameda,001,1643700,253185,251988,13406,265394,1760
2022-03-05,Alpine,003,1148,122,125,1,126,0
2022-03-05,Amador,005,37829,8447,8344,636,8980,83
2022-03-05,Butte,007,227075,32849,32663,6774,39437,372
2022-03-05,Calaveras,009,45235,7210,7236,341,7577,116
2022-03-05,Colusa,011,21464,3426,3433,1045,4478,21
2022-03-05,Contra Costa,013,1133247,187387,185734,12883,198617,1235
2022-03-05,Del Norte,015,27424,5721,5725,177,5902,48
2022-03-05,El Dorado,017,186661,26559,26446,3178,29624,193
2022-03-05,Fresno,019,978130,229849,227154,23349,250503,2640
2022-03-05,Glenn,021,27897,4944,4927,1586,6513,43
2022-03-05,Humboldt,023,135768,16736,16781,2895,19676,136
2022-03-05,Imperial,025,180216,55120,54650,10502,65152,880
2022-03-05,Inyo,027,18085,4053,4043,466,4509,56
2022-03-05,Kern,029,883053,190969,189817,45478,235295,2141
2022-03-05,Kings,031,150075,51073,50926,3478,54404,431
2022-03-05,Lake,033,64148,10589,10512,873,11385,130
2022-03-05,Lassen,035,31185,8917,8818,870,9688,62
2022-03-05,Los Angeles,037,10098052,2694870,2671564,122309,2793873,30608
2022-03-05,Madera,039,155013,37086,37100,5983,43083,354
2022-03-05,Marin,041,260295,32980,32829,2157,34986,272
2022-03-05,Mariposa,043,17540,2373,2363,195,2558,6
2022-03-05,Mendocino,045,87422,12944,12845,2967,15812,113
2022-03-05,Merced,047,269075,61788,61653,8485,70138,789
2022-03-05,Modoc,049,8938,727,729,249,978,7
2022-03-05,Mono,051,14174,2960,2961,119,3080,5
2022-03-05,Monterey,053,433212,78791,78028,13219,91247,704
2022-03-05,Napa,055,140530,25487,25405,931,26336,134
2022-03-05,Nevada,057,99092,15831,15907,1175,17082,122
2022-03-05,Orange,059,3164182,543495,541463,40711,582174,6638
2022-03-05,Placer,061,380077,62297,62117,7270,69387,591
2022-03-05,Plumas,063,18699,2951,2701,359,3060,13
2022-03-05,Riverside,065,2383286,588749,586785,27543,614328,6239
2022-03-05,Sacramento,067,1510023,278805,273487,26190,299677,2847
2022-03-05,San Benito,069,59416,12808,12820,503,13323,94
2022-03-05,San Bernardino,071,2135413,566885,557421,24465,581886,6641
2022-03-05,San Diego,073,3302833,745450,740747,51967,792714,5045
2022-03-05,San Francisco,075,870044,122302,123537,8080,131617,798
2022-03-05,San Joaquin,077,732212,165453,165085,9751,174836,2069
2022-03-05,San Luis Obispo,079,281455,51979,51739,3688,55427,446
2022-03-05,San Mateo,081,765935,120105,118646,6804,125450,621
2022-03-05,Santa Barbara,083,443738,85136,85249,4652,89901,655
2022-03-05,Santa Clara,085,1922200,307116,307689,12137,319826,2195
2022-03-05,Santa Cruz,087,273765,47086,46622,2058,48680,253
2022-03-05,Shasta,089,179085,30332,30282,6033,36315,492
2022-03-05,Sierra,091,2930,271,273,47,320,4
2022-03-05,Siskiyou,093,43540,4411,4389,2705,7094,74
2022-03-05,Solano,095,438530,80725,80690,5494,86184,435
2022-03-05,Sonoma,097,501317,82663,82313,2512,84825,473
2022-03-05,Stanislaus,099,539301,116833,117501,17458,134959,1531
2022-03-05,Sutter,101,95872,20342,20346,2020,22366,217
2022-03-05,Tehama,103,63373,11976,11939,2569,14508,158
2022-03-05,Trinity,105,12862,1179,1170,284,1454,20
2022-03-05,Tulare,107,460477,105879,103534,27355,130889,1305
2022-03-05,Tuolumne,109,53932,12571,12325,546,12871,178
2022-03-05,Ventura,111,848112,172091,171666,9306,180972,1436
2022-03-05,Yolo,113,214977,36637,35856,2985,38841,306
2022-03-05,Yuba,115,75493,15716,15666,1173,16839,115
2022-03-04,Alameda,001,1643700,253090,251988,13398,265386,1760
2022-03-04,Alpine,003,1148,122,125,1,126,0
2022-03-04,Amador,005,37829,8446,8344,636,8980,83
2022-03-04,Butte,007,227075,32843,32663,6770,39433,372
2022-03-04,Calaveras,009,45235,7209,7236,341,7577,116
2022-03-04,Colusa,011,21464,3424,3433,1045,4478,21
2022-03-04,Contra Costa,013,1133247,187319,185734,12880,198614,1235
2022-03-04,Del Norte,015,27424,5711,5725,177,5902,48
2022-03-04,El Dorado,017,186661,26555,26446,3178,29624,193
2022-03-04,Fresno,019,978130,229786,227154,23342,250496,2640
2022-03-04,Glenn,021,27897,4943,4927,1586,6513,43
2022-03-04,Humboldt,023,135768,16732,16781,2895,19676,136
2022-03-04,Imperial,025,180216,55113,54650,10498,65148,880
2022-03-04,Inyo,027,18085,4053,4043,466,4509,56
2022-03-04,Kern,029,883053,190928,189817,45468,235285,2141
2022-03-04,Kings,031,150075,51060,50926,3478,54404,431
2022-03-04,Lake,033,64148,10588,10512,873,11385,130
2022-03-04,Lassen,035,31185,8915,8818,870,9688,62
2022-03-04,Los Angeles,037,10098052,2694342,2671564,122280,2793844,30608
2022-03-04,Madera,039,155013,37077,37100,5983,43083,354
2022-03-04,Marin,041,260295,32958,32829,2155,34984,272
2022-03-04,Mariposa,043,17540,2368,2363,195,2558,6
2022-03-04,Mendocino,045,87422,12938,12845,2967,15812,113
2022-03-04,Merced,047,269075,61776,61653,8483,70136,789
2022-03-04,Modoc,049,8938,727,729,249,978,7
2022-03-04,Mono,051,14174,2960,2961,119,3080,5
2022-03-04,Monterey,053,433212,78771,78028,13213,91241,704
2022-03-04,Napa,055,140530,25472,25405,930,26335,134
2022-03-04,Nevada,057,99092,15826,15907,1175,17082,122
2022-03-04,Orange,059,3164182,543377,541463,40693,582156,6638
2022-03-04,Placer,061,380077,62285,62117,7267,69384,591
2022-03-04,Plumas,063,18699,2951,2701,358,3059,13
2022-03-04,Riverside,065,2383286,588662,586785,27542,614327,6239
2022-03-04,Sacramento,067,1510023,278732,273487,26187,299674,2847
2022-03-04,San Benito,069,59416,12804,12820,503,13323,94
2022-03-04,San Bernardino,071,2135413,566801,557421,24464,581885,6641
2022-03-04,San Diego,073,3302833,745211,740747,51950,792697,5045
2022-03-04,San Francisco,075,870044,122238,123537,8073,131610,798
2022-03-04,San Joaquin,077,732212,165421,165085,9750,174835,2069
2022-03-04,San Luis Obispo,079,281455,51971,51739,3687,55426,446
2022-03-04,San Mateo,081,765935,120047,118646,6802,125448,621
2022-03-04,Santa Barbara,083,443738,85113,85249,4652,89901,655
2022-03-04,Santa Clara,085,1922200,306966,307689,12134,319823,2195
2022-03-04,Santa Cruz,087,273765,47064,46622,2058,48680,253
2022-03-04,Shasta,089,179085,30324,30282,6030,36312,492
2022-03-04,Sierra,091,2930,271,273,47,320,4
2022-03-04,Siskiyou,093,43540,4409,4389,2701,7090,74
2022-03-04,Solano,095,438530,80692,80690,5491,86181,435
2022-03-04,Sonoma,097,501317,82632,82313,2511,84824,473
2022-03-04,Stanislaus,099,539301,116814,117501,17456,134957,1531
2022-03-04,Sutter,101,95872,20338,20346,2020,22366,217
2022-03-04,Tehama,103,63373,11973,11939,2569,14508,158
2022-03-04,Trinity,105,12862,1179,1170,284,1454,20
2022-03-04,Tulare,107,460477,105860,103534,27350,130884,1305
2022-03-04,Tuolumne,109,53932,12566,12325,546,12871,178
2022-03-04,Ventura,111,848112,172044,171666,9303,180969,1436
2022-03-04,Yolo,113,214977,36620,35856,2985,38841,306
2022-03-04,Yuba,115,75493,15711,15666,1172,16838,115
2022-03-03,Alameda,001,1643700,252971,251988,13386,265374,1760
2022-03-03,Alpine,003,1148,122,125,1,126,0
2022-03-03,Amador,005,37829,8445,8344,636,8980,83
2022-03-03,Butte,007,227075,32826,32663,6763,39426,372
2022-03-03,Calaveras,009,45235,7196,7236,341,7577,116
2022-03-03,Colusa,011,21464,3424,3433,1045,4478,21
2022-03-03,Contra Costa,013,1133247,187244,185734,12865,198599,1235
2022-03-03,Del Norte,015,27424,5704,5725,177,5902,48
2022-03-03,El Dorado,017,186661,26537,26446,3177,29623,193
2022-03-03,Fresno,019,978130,229659,227154,23334,250488,2640
2022-03-03,Glenn,021,27897,4941,4927,1585,6512,43
2022-03-03,Humboldt,023,135768,16717,16781,2894,19675,136
2022-03-03,Imperial,025,180216,55096,54650,10496,65146,880
2022-03-03,Inyo,027,18085,4052,4043,466,4509,56
2022-03-03,Kern,029,883053,190860,189817,45450,235267,2141
2022-03-03,Kings,031,150075,51037,50926,3476,54402,431
2022-03-03,Lake,033,64148,10583,10512,871,11383,130
2022-03-03,Lassen,035,31185,8907,8818,870,9688,62
2022-03-03,Los Angeles,037,10098052,2693614,2671564,122239,2793803,30608
2022-03-03,Madera,039,155013,37061,37100,5978,43078,354
2022-03-03,Marin,041,260295,32932,32829,2154,34983,272
2022-03-03,Mariposa,043,17540,2367,2363,195,2558,6
2022-03-03,Mendocino,045,87422,12927,12845,2965,15810,113
2022-03-03,Merced,047,269075,61757,61653,8477,70130,789
2022-03-03,Modoc,049,8938,727,729,249,978,7
2022-03-03,Mono,051,14174,2959,2961,119,3080,5
2022-03-03,Monterey,053,433212,78741,78028,13196,91224,704
2022-03-03,Napa,055,140530,25448,25405,929,26334,134
2022-03-03,Nevada,057,99092,15821,15907,1170,17077,122
2022-03-03,Orange,059,3164182,543201,541463,40667,582130,6638
2022-03-03,Placer,061,380077,62263,62117,7264,69381,591
2022-03-03,Plumas,063,18699,2950,2701,358,3059,13
2022-03-03,Riverside,065,2383286,588529,586785,27537,614322,6239
2022-03-03,Sacramento,067,1510023,278623,273487,26170,299657,2847
2022-03-03,San Benito,069,59416,12801,12820,503,13323,94
2022-03-03,San Bernardino,071,2135413,566696,557421,24458,581879,6641
2022-03-03,San Diego,073,3302833,744868,740747,51932,792679,5045
2022-03-03,San Francisco,075,870044,122164,123537,8062,131599,798
2022-03-03,San Joaquin,077,732212,165347,165085,9747,174832,2069
2022-03-03,San Luis Obispo,079,281455,51916,51739,3679,55418,446
2022-03-03,San Mateo,081,765935,119972,118646,6792,125438,621
2022-03-03,Santa Barbara,083,443738,85094,85249,4643,89892,655
2022-03-03,Santa Clara,085,1922200,306784,307689,12119,319808,2195
2022-03-03,Santa Cruz,087,273765,47016,46622,2056,48678,253
2022-03-03,Shasta,089,179085,30306,30282,6028,36310,492
2022-03-03,Sierra,091,2930,271,273,47,320,4
2022-03-03,Siskiyou,093,43540,4406,4389,2701,7090,74
2022-03-03,Solano,095,438530,80643,80690,5489,86179,435
2022-03-03,Sonoma,097,501317,82585,82313,2506,84819,473
2022-03-03,Stanislaus,099,539301,116781,117501,17448,134949,1531
2022-03-03,Sutter,101,95872,20330,20346,2020,22366,217
2022-03-03,Tehama,103,63373,11970,11939,2569,14508,158
2022-03-03,Trinity,105,12862,1178,1170,284,1454,20
2022-03-03,Tulare,107,460477,105817,103534,27342,130876,1305
2022-03-03,Tuolumne,109,53932,12555,12325,546,12871,178
2022-03-03,Ventura,111,848112,171991,171666,9301,180967,1436
2022-03-03,Yolo,113,214977,36596,35856,2980,38836,306
2022-03-03,Yuba,115,75493,15705,15666,1167,16833,115
2022-03-02,Alameda,001,1643700,252793,251886,13369,265255,1759
2022-03-02,Alpine,003,1148,122,125,1,126,0
2022-03-02,Amador,005,37829,8433,8341,636,8977,83
2022-03-02,Butte,007,227075,32814,32636,6759,39395,372
2022-03-02,Calaveras,009,45235,7195,7225,341,7566,116
2022-03-02,Colusa,011,21464,3421,3428,1045,4473,21
2022-03-02,Contra Costa,013,1133247,187151,185589,12847,198436,1236
2022-03-02,Del Norte,015,27424,5697,5708,175,5883,47
2022-03-02,El Dorado,017,186661,26526,26433,3174,29607,192
2022-03-02,Fresno,019,978130,229527,226932,23324,250256,2629
2022-03-02,Glenn,021,27897,4941,4922,1584,6506,43
2022-03-02,Humboldt,023,135768,16707,16747,2887,19634,135
2022-03-02,Imperial,025,180216,55070,54629,10491,65120,878
2022-03-02,Inyo,027,18085,4050,4041,465,4506,56
2022-03-02,Kern,029,883053,190794,189656,45431,235087,2136
2022-03-02,Kings,031,150075,51011,50819,3473,54292,431
2022-03-02,Lake,033,64148,10570,10495,869,11364,130
2022-03-02,Lassen,035,31185,8904,8811,869,9680,62
2022-03-02,Los Angeles,037,10098052,2692733,2670287,122193,2792480,30535
2022-03-02,Madera,039,155013,37044,37077,5976,43053,354
2022-03-02,Marin,041,260295,32914,32794,2153,34947,272
2022-03-02,Mariposa,043,17540,2367,2359,195,2554,6
2022-03-02,Mendocino,045,87422,12914,12832,2960,15792,112
2022-03-02,Merced,047,269075,61731,61606,8467,70073,785
2022-03-02,Modoc,049,8938,727,729,249,978,7
2022-03-02,Mono,051,14174,2959,2961,119,3080,5
2022-03-02,Monterey,053,433212,78705,77963,13173,91136,703
2022-03-02,Napa,055,140530,25399,25382,928,26310,134
2022-03-02,Nevada,057,99092,15810,15920,1169,17089,122
2022-03-02,Orange,059,3164182,542996,541230,40641,581871,6623
2022-03-02,Placer,061,380077,62239,62066,7261,69327,589
2022-03-02,Plumas,063,18699,2950,2700,358,3058,13
2022-03-02,Riverside,065,2383286,588379,586513,27527,614040,6229
2022-03-02,Sacramento,067,1510023,278505,273291,26159,299450,2837
2022-03-02,San Benito,069,59416,12790,12814,503,13317,94
2022-03-02,San Bernardino,071,2135413,566587,557082,24452,581534,6619
2022-03-02,San Diego,073,3302833,744507,739803,51884,791687,5034
2022-03-02,San Francisco,075,870044,122069,123442,8060,131502,792
2022-03-02,San Joaquin,077,732212,165288,164968,9742,174710,2063
2022-03-02,San Luis Obispo,079,281455,51878,51686,3674,55360,446
2022-03-02,San Mateo,081,765935,119885,118518,6776,125294,617
2022-03-02,Santa Barbara,083,443738,85069,85183,4642,89825,655
2022-03-02,Santa Clara,085,1922200,306570,307354,12105,319459,2184
2022-03-02,Santa Cruz,087,273765,46946,46534,2055,48589,253
2022-03-02,Shasta,089,179085,30281,30253,6018,36271,490
2022-03-02,Sierra,091,2930,271,273,47,320,4
2022-03-02,Siskiyou,093,43540,4404,4384,2698,7082,74
2022-03-02,Solano,095,438530,80577,80626,5486,86112,433
2022-03-02,Sonoma,097,501317,82539,82208,2502,84710,473
2022-03-02,Stanislaus,099,539301,116745,117411,17423,134834,1519
2022-03-02,Sutter,101,95872,20308,20317,2003,22320,216
2022-03-02,Tehama,103,63373,11965,11930,2568,14498,158
2022-03-02,Trinity,105,12862,1176,1160,284,1444,20
2022-03-02,Tulare,107,460477,105776,103451,27327,130778,1302
2022-03-02,Tuolumne,109,53932,12550,12297,546,12843,179
2022-03-02,Ventura,111,848112,171938,171770,9297,181067,1427
2022-03-02,Yolo,113,214977,36578,35799,2975,38774,305
2022-03-02,Yuba,115,75493,15692,15653,1162,16815,115
2022-03-01,Alameda,001,1643700,252628,251830,13358,265188,1749
2022-03-01,Alpine,003,1148,122,125,1,126,0
2022-03-01,Amador,005,37829,8385,8334,634,8968,83
2022-03-01,Butte,007,227075,32790,32575,6754,39329,372
2022-03-01,Calaveras,009,45235,7192,7223,340,7563,116
2022-03-01,Colusa,011,21464,3420,3423,1045,4468,21
2022-03-01,Contra Costa,013,1133247,187040,185378,12832,198210,1231
2022-03-01,Del Norte,015,27424,5694,5701,174,5875,45
2022-03-01,El Dorado,017,186661,26507,26413,3172,29585,192
2022-03-01,Fresno,019,978130,229387,226594,23311,249905,2628
2022-03-01,Glenn,021,27897,4940,4919,1582,6501,40
2022-03-01,Humboldt,023,135768,16686,16727,2880,19607,135
2022-03-01,Imperial,025,180216,55053,54570,10485,65055,875
2022-03-01,Inyo,027,18085,4046,4041,464,4505,56
2022-03-01,Kern,029,883053,190720,189365,45407,234772,2120
2022-03-01,Kings,031,150075,50989,50763,3469,54232,427
2022-03-01,Lake,033,64148,10559,10471,867,11338,128
2022-03-01,Lassen,035,31185,8900,8801,869,9670,61
2022-03-01,Los Angeles,037,10098052,2691781,2669489,122135,2791624,30486
2022-03-01,Madera,039,155013,37024,37046,5970,43016,354
2022-03-01,Marin,041,260295,32889,32764,2152,34916,272
2022-03-01,Mariposa,043,17540,2366,2357,194,2551,6
2022-03-01,Mendocino,045,87422,12903,12818,2958,15776,112
2022-03-01,Merced,047,269075,61702,61549,8454,70003,781
2022-03-01,Modoc,049,8938,727,729,249,978,7
2022-03-01,Mono,051,14174,2958,2960,119,3079,6
2022-03-01,Monterey,053,433212,78679,77911,13163,91074,696
2022-03-01,Napa,055,140530,25368,25344,928,26272,134
2022-03-01,Nevada,057,99092,15802,15916,1166,17082,121
2022-03-01,Orange,059,3164182,542776,541054,40606,581660,6612
2022-03-01,Placer,061,380077,62209,62021,7256,69277,583
2022-03-01,Plumas,063,18699,2950,2694,358,3052,13
2022-03-01,Riverside,065,2383286,588213,586184,27526,613710,6198
2022-03-01,Sacramento,067,1510023,278374,273089,26146,299235,2831
2022-03-01,San Benito,069,59416,12786,12806,503,13309,94
2022-03-01,San Bernardino,071,2135413,566459,556743,24449,581192,6588
2022-03-01,San Diego,073,3302833,744081,739136,51842,790978,5029
2022-03-01,San Francisco,075,870044,121966,123481,8054,131535,792
2022-03-01,San Joaquin,077,732212,165221,164894,9738,174632,2062
2022-03-01,San Luis Obispo,079,281455,51842,51592,3670,55262,445
2022-03-01,San Mateo,081,765935,119808,118358,6769,125127,613
2022-03-01,Santa Barbara,083,443738,85031,85134,4638,89772,654
2022-03-01,Santa Clara,085,1922200,306319,306978,12093,319071,2190
2022-03-01,Santa Cruz,087,273765,46896,46471,2052,48523,253
2022-03-01,Shasta,089,179085,30252,30227,6015,36242,489
2022-03-01,Sierra,091,2930,271,274,47,321,5
2022-03-01,Siskiyou,093,43540,4400,4384,2693,7077,74
2022-03-01,Solano,095,438530,80515,80556,5483,86039,434
2022-03-01,Sonoma,097,501317,82469,82103,2496,84599,477
2022-03-01,Stanislaus,099,539301,116693,117308,17399,134707,1521
2022-03-01,Sutter,101,95872,20294,20288,1999,22287,217
2022-03-01,Tehama,103,63373,11959,11923,2565,14488,158
2022-03-01,Trinity,105,12862,1175,1159,284,1443,20
2022-03-01,Tulare,107,460477,105694,103371,27307,130678,1302
2022-03-01,Tuolumne,109,53932,12543,12276,544,12820,175
2022-03-01,Ventura,111,848112,171868,171672,9290,180962,1427
2022-03-01,Yolo,113,214977,36553,35801,2969,38770,299
2022-03-01,Yuba,115,75493,15684,15637,1162,16799,116
2022-02-28,Alameda,001,1643700,252410,251714,13343,265057,1742
2022-02-28,Alpine,003,1148,122,125,1,126,0
2022-02-28,Amador,005,37829,8379,8308,633,8941,83
2022-02-28,Butte,007,227075,32768,32550,6749,39299,368
2022-02-28,Calaveras,009,45235,7189,7220,339,7559,110
2022-02-28,Colusa,011,21464,3417,3422,1043,4465,21
2022-02-28,Contra Costa,013,1133247,186932,185272,12813,198085,1231
2022-02-28,Del Norte,015,27424,5689,5699,173,5872,45
2022-02-28,El Dorado,017,186661,26497,26409,3167,29576,191
2022-02-28,Fresno,019,978130,229186,226519,23290,249809,2622
2022-02-28,Glenn,021,27897,4936,4918,1582,6500,40
2022-02-28,Humboldt,023,135768,16671,16717,2876,19593,135
2022-02-28,Imperial,025,180216,55027,54517,10481,64998,875
2022-02-28,Inyo,027,18085,4046,4041,463,4504,56
2022-02-28,Kern,029,883053,190629,189245,45378,234623,2115
2022-02-28,Kings,031,150075,50950,50741,3468,54209,427
2022-02-28,Lake,033,64148,10547,10468,863,11331,128
2022-02-28,Lassen,035,31185,8843,8794,869,9663,55
2022-02-28,Los Angeles,037,10098052,2690607,2666804,122040,2788844,30410
2022-02-28,Madera,039,155013,36997,37023,5954,42977,354
2022-02-28,Marin,041,260295,32864,32775,2152,34927,272
2022-02-28,Mariposa,043,17540,2363,2354,192,2546,6
2022-02-28,Mendocino,045,87422,12894,12800,2950,15750,112
2022-02-28,Merced,047,269075,61658,61519,8437,69956,781
2022-02-28,Modoc,049,8938,727,727,249,976,7
2022-02-28,Mono,051,14174,2958,2961,119,3080,5
2022-02-28,Monterey,053,433212,78612,77865,13142,91007,693
2022-02-28,Napa,055,140530,25341,25317,928,26245,129
2022-02-28,Nevada,057,99092,15796,15908,1160,17068,121
2022-02-28,Orange,059,3164182,542524,540839,40592,581431,6605
2022-02-28,Placer,061,380077,62178,61976,7251,69227,577
2022-02-28,Plumas,063,18699,2950,2691,357,3048,13
2022-02-28,Riverside,065,2383286,588017,585891,27494,613385,6179
2022-02-28,Sacramento,067,1510023,278235,273038,26122,299160,2825
2022-02-28,San Benito,069,59416,12782,12798,503,13301,94
2022-02-28,San Bernardino,071,2135413,566272,556540,24435,580975,6576
2022-02-28,San Diego,073,3302833,743693,737760,51812,789572,5018
2022-02-28,San Francisco,075,870044,121806,123402,8047,131449,792
2022-02-28,San Joaquin,077,732212,165135,164833,9728,174561,2060
2022-02-28,San Luis Obispo,079,281455,51783,51565,3663,55228,440
2022-02-28,San Mateo,081,765935,119708,118301,6763,125064,611
2022-02-28,Santa Barbara,083,443738,84988,85076,4633,89709,653
2022-02-28,Santa Clara,085,1922200,306042,306930,12071,319001,2180
2022-02-28,Santa Cruz,087,273765,46826,46447,2051,48498,253
2022-02-28,Shasta,089,179085,30227,30213,6011,36224,488
2022-02-28,Sierra,091,2930,271,273,47,320,4
2022-02-28,Siskiyou,093,43540,4397,4382,2688,7070,74
2022-02-28,Solano,095,438530,80449,80544,5472,86016,430
2022-02-28,Sonoma,097,501317,82401,82058,2493,84551,477
2022-02-28,Stanislaus,099,539301,116629,117231,17383,134614,1521
2022-02-28,Sutter,101,95872,20281,20285,1996,22281,214
2022-02-28,Tehama,103,63373,11946,11917,2565,14482,158
2022-02-28,Trinity,105,12862,1175,1160,284,1444,20
2022-02-28,Tulare,107,460477,105645,103304,27291,130595,1300
2022-02-28,Tuolumne,109,53932,12533,12247,544,12791,175
2022-02-28,Ventura,111,848112,171784,171614,9289,180903,1423
2022-02-28,Yolo,113,214977,36517,35754,2962,38716,299
2022-02-28,Yuba,115,75493,15669,15625,1161,16786,115
2022-02-27,Alameda,001,1643700,252133,251624,13334,264958,1744
2022-02-27,Alpine,003,1148,122,125,1,126,0
2022-02-27,Amador,005,37829,8375,8305,630,8935,83
2022-02-27,Butte,007,227075,32731,32551,6736,39287,368
2022-02-27,Calaveras,009,45235,7182,7214,339,7553,110
2022-02-27,Colusa,011,21464,3416,3422,1043,4465,21
2022-02-27,Contra Costa,013,1133247,186806,185185,12793,197978,1230
2022-02-27,Del Norte,015,27424,5672,5691,171,5862,45
2022-02-27,El Dorado,017,186661,26479,26410,3165,29575,191
2022-02-27,Fresno,019,978130,228988,226397,23263,249660,2621
2022-02-27,Glenn,021,27897,4934,4915,1582,6497,40
2022-02-27,Humboldt,023,135768,16649,16713,2869,19582,135
2022-02-27,Imperial,025,180216,54979,54509,10464,64973,875
2022-02-27,Inyo,027,18085,4045,4041,459,4500,56
2022-02-27,Kern,029,883053,190511,189219,45340,234559,2115
2022-02-27,Kings,031,150075,50922,50733,3467,54200,428
2022-02-27,Lake,033,64148,10528,10463,863,11326,128
2022-02-27,Lassen,035,31185,8835,8786,869,9655,55
2022-02-27,Los Angeles,037,10098052,2689300,2666789,121957,2788746,30410
2022-02-27,Madera,039,155013,36971,37009,5946,42955,354
2022-02-27,Marin,041,260295,32826,32756,2150,34906,272
2022-02-27,Mariposa,043,17540,2360,2352,192,2544,6
2022-02-27,Mendocino,045,87422,12878,12798,2937,15735,112
2022-02-27,Merced,047,269075,61606,61491,8420,69911,779
2022-02-27,Modoc,049,8938,726,727,249,976,7
2022-02-27,Mono,051,14174,2957,2960,119,3079,5
2022-02-27,Monterey,053,433212,78554,77851,13118,90969,693
2022-02-27,Napa,055,140530,25303,25316,928,26244,129
2022-02-27,Nevada,057,99092,15788,15900,1156,17056,121
2022-02-27,Orange,059,3164182,542277,540659,40563,581222,6605
2022-02-27,Placer,061,380077,62136,61965,7247,69212,577
2022-02-27,Plumas,063,18699,2947,2691,357,3048,13
2022-02-27,Riverside,065,2383286,587776,585833,27470,613303,6179
2022-02-27,Sacramento,067,1510023,278049,272927,26093,299020,2822
2022-02-27,San Benito,069,59416,12775,12798,503,13301,94
2022-02-27,San Bernardino,071,2135413,566087,556457,24425,580882,6572
2022-02-27,San Diego,073,3302833,743220,737760,51767,789527,5018
2022-02-27,San Francisco,075,870044,121683,123327,8036,131363,791
2022-02-27,San Joaquin,077,732212,165031,164814,9724,174538,2060
2022-02-27,San Luis Obispo,079,281455,51691,51564,3656,55220,439
2022-02-27,San Mateo,081,765935,119595,118244,6758,125002,611
2022-02-27,Santa Barbara,083,443738,84950,85050,4629,89679,653
2022-02-27,Santa Clara,085,1922200,305754,306756,12043,318799,2180
2022-02-27,Santa Cruz,087,273765,46766,46411,2051,48462,253
2022-02-27,Shasta,089,179085,30195,30206,6006,36212,488
2022-02-27,Sierra,091,2930,271,273,47,320,4
2022-02-27,Siskiyou,093,43540,4392,4378,2676,7054,74
2022-02-27,Solano,095,438530,80373,80515,5459,85974,430
2022-02-27,Sonoma,097,501317,82319,82041,2487,84528,476
2022-02-27,Stanislaus,099,539301,116562,117200,17364,134564,1522
2022-02-27,Sutter,101,95872,20264,20280,1990,22270,214
2022-02-27,Tehama,103,63373,11933,11915,2564,14479,158
2022-02-27,Trinity,105,12862,1174,1158,284,1442,20
2022-02-27,Tulare,107,460477,105576,103270,27242,130512,1300
2022-02-27,Tuolumne,109,53932,12520,12243,543,12786,175
2022-02-27,Ventura,111,848112,171709,171660,9285,180945,1423
2022-02-27,Yolo,113,214977,36489,35744,2957,38701,299
2022-02-27,Yuba,115,75493,15659,15619,1159,16778,113
2022-02-26,Alameda,001,1643700,252025,250867,13329,264196,1716
2022-02-26,Alpine,003,1148,122,125,1,126,0
2022-02-26,Amador,005,37829,8373,8282,629,8911,83
2022-02-26,Butte,007,227075,32717,32466,6733,39199,368
2022-02-26,Calaveras,009,45235,7181,7192,339,7531,110
2022-02-26,Colusa,011,21464,3416,3414,1043,4457,21
2022-02-26,Contra Costa,013,1133247,186737,184686,12775,197461,1209
2022-02-26,Del Norte,015,27424,5667,5639,171,5810,45
2022-02-26,El Dorado,017,186661,26468,26355,3162,29517,191
2022-02-26,Fresno,019,978130,228898,225679,23263,248942,2597
2022-02-26,Glenn,021,27897,4932,4909,1581,6490,40
2022-02-26,Humboldt,023,135768,16624,16619,2868,19487,133
2022-02-26,Imperial,025,180216,54952,54367,10462,64829,871
2022-02-26,Inyo,027,18085,4044,4034,454,4488,56
2022-02-26,Kern,029,883053,190458,188584,45321,233905,2106
2022-02-26,Kings,031,150075,50909,50579,3467,54046,423
2022-02-26,Lake,033,64148,10523,10383,863,11246,128
2022-02-26,Lassen,035,31185,8834,8761,869,9630,55
2022-02-26,Los Angeles,037,10098052,2688726,2660973,121917,2782890,30202
2022-02-26,Madera,039,155013,36956,36933,5943,42876,330
2022-02-26,Marin,041,260295,32810,32651,2148,34799,267
2022-02-26,Mariposa,043,17540,2359,2332,192,2524,6
2022-02-26,Mendocino,045,87422,12871,12762,2937,15699,111
2022-02-26,Merced,047,269075,61585,61348,8419,69767,775
2022-02-26,Modoc,049,8938,726,726,249,975,7
2022-02-26,Mono,051,14174,2957,2959,118,3077,5
2022-02-26,Monterey,053,433212,78522,77610,13112,90722,692
2022-02-26,Napa,055,140530,25288,25221,927,26148,130
2022-02-26,Nevada,057,99092,15784,15850,1154,17004,121
2022-02-26,Orange,059,3164182,542166,539992,40546,580538,6540
2022-02-26,Placer,061,380077,62117,61803,7244,69047,573
2022-02-26,Plumas,063,18699,2947,2673,357,3030,13
2022-02-26,Riverside,065,2383286,587656,584835,27461,612296,6143
2022-02-26,Sacramento,067,1510023,277953,272339,26083,298422,2793
2022-02-26,San Benito,069,59416,12771,12770,503,13273,92
2022-02-26,San Bernardino,071,2135413,565996,555668,24419,580087,6505
2022-02-26,San Diego,073,3302833,742997,736049,51745,787794,5002
2022-02-26,San Francisco,075,870044,121613,123079,8028,131107,769
2022-02-26,San Joaquin,077,732212,164997,164418,9723,174141,2048
2022-02-26,San Luis Obispo,079,281455,51678,51358,3654,55012,438
2022-02-26,San Mateo,081,765935,119541,117860,6757,124617,603
2022-02-26,Santa Barbara,083,443738,84919,84830,4629,89459,652
2022-02-26,Santa Clara,085,1922200,305605,305895,12040,317935,2166
2022-02-26,Santa Cruz,087,273765,46743,46186,2051,48237,251
2022-02-26,Shasta,089,179085,30186,30108,6000,36108,485
2022-02-26,Sierra,091,2930,271,270,47,317,1
2022-02-26,Siskiyou,093,43540,4392,4359,2674,7033,72
2022-02-26,Solano,095,438530,80339,80225,5455,85680,428
2022-02-26,Sonoma,097,501317,82285,81702,2485,84187,432
2022-02-26,Stanislaus,099,539301,116524,116896,17359,134255,1503
2022-02-26,Sutter,101,95872,20255,20230,1990,22220,214
2022-02-26,Tehama,103,63373,11927,11878,2562,14440,158
2022-02-26,Trinity,105,12862,1173,1156,284,1440,20
2022-02-26,Tulare,107,460477,105540,102983,27227,130210,1295
2022-02-26,Tuolumne,109,53932,12517,12169,543,12712,175
2022-02-26,Ventura,111,848112,171677,171292,9282,180574,1411
2022-02-26,Yolo,113,214977,36468,35615,2954,38569,296
2022-02-26,Yuba,115,75493,15647,15587,1159,16746,113
2022-02-25,Alameda,001,1643700,251902,250867,13320,264187,1716
2022-02-25,Alpine,003,1148,122,125,1,126,0
2022-02-25,Amador,005,37829,8362,8282,629,8911,83
2022-02-25,Butte,007,227075,32704,32466,6730,39196,368
2022-02-25,Calaveras,009,45235,7179,7192,339,7531,110
2022-02-25,Colusa,011,21464,3416,3414,1043,4457,21
2022-02-25,Contra Costa,013,1133247,186653,184686,12754,197440,1209
2022-02-25,Del Norte,015,27424,5658,5639,171,5810,45
2022-02-25,El Dorado,017,186661,26459,26355,3162,29517,191
2022-02-25,Fresno,019,978130,228800,225679,23256,248935,2597
2022-02-25,Glenn,021,27897,4930,4909,1581,6490,40
2022-02-25,Humboldt,023,135768,16613,16619,2868,19487,133
2022-02-25,Imperial,025,180216,54934,54367,10461,64828,871
2022-02-25,Inyo,027,18085,4043,4034,454,4488,56
2022-02-25,Kern,029,883053,190393,188584,45308,233892,2106
2022-02-25,Kings,031,150075,50895,50579,3465,54044,423
2022-02-25,Lake,033,64148,10505,10383,863,11246,128
2022-02-25,Lassen,035,31185,8831,8761,869,9630,55
2022-02-25,Los Angeles,037,10098052,2688138,2660973,121886,2782859,30202
2022-02-25,Madera,039,155013,36936,36933,5942,42875,330
2022-02-25,Marin,041,260295,32796,32651,2148,34799,267
2022-02-25,Mariposa,043,17540,2356,2332,192,2524,6
2022-02-25,Mendocino,045,87422,12869,12762,2937,15699,111
2022-02-25,Merced,047,269075,61553,61348,8415,69763,775
2022-02-25,Modoc,049,8938,726,726,249,975,7
2022-02-25,Mono,051,14174,2956,2959,118,3077,5
2022-02-25,Monterey,053,433212,78494,77610,13106,90716,692
2022-02-25,Napa,055,140530,25279,25221,927,26148,130
2022-02-25,Nevada,057,99092,15773,15850,1151,17001,121
2022-02-25,Orange,059,3164182,542031,539992,40523,580515,6540
2022-02-25,Placer,061,380077,62102,61803,7238,69041,573
2022-02-25,Plumas,063,18699,2945,2673,357,3030,13
2022-02-25,Riverside,065,2383286,587501,584835,27449,612284,6143
2022-02-25,Sacramento,067,1510023,277851,272339,26078,298417,2793
2022-02-25,San Benito,069,59416,12769,12770,503,13273,92
2022-02-25,San Bernardino,071,2135413,565889,555668,24412,580080,6505
2022-02-25,San Diego,073,3302833,742715,736049,51726,787775,5002
2022-02-25,San Francisco,075,870044,121533,123079,8025,131104,769
2022-02-25,San Joaquin,077,732212,164956,164418,9718,174136,2048
2022-02-25,San Luis Obispo,079,281455,51674,51358,3645,55003,438
2022-02-25,San Mateo,081,765935,119479,117860,6753,124613,603
2022-02-25,Santa Barbara,083,443738,84882,84830,4629,89459,652
2022-02-25,Santa Clara,085,1922200,305420,305895,12037,317932,2166
2022-02-25,Santa Cruz,087,273765,46709,46186,2049,48235,251
2022-02-25,Shasta,089,179085,30177,30108,5998,36106,485
2022-02-25,Sierra,091,2930,271,270,47,317,1
2022-02-25,Siskiyou,093,43540,4392,4359,2673,7032,72
2022-02-25,Solano,095,438530,80310,80225,5454,85679,428
2022-02-25,Sonoma,097,501317,82234,81702,2483,84185,432
2022-02-25,Stanislaus,099,539301,116496,116896,17355,134251,1503
2022-02-25,Sutter,101,95872,20246,20230,1990,22220,214
2022-02-25,Tehama,103,63373,11925,11878,2562,14440,158
2022-02-25,Trinity,105,12862,1173,1156,284,1440,20
2022-02-25,Tulare,107,460477,105506,102983,27205,130188,1295
2022-02-25,Tuolumne,109,53932,12514,12169,543,12712,175
2022-02-25,Ventura,111,848112,171626,171292,9281,180573,1411
2022-02-25,Yolo,113,214977,36453,35615,2954,38569,296
2022-02-25,Yuba,115,75493,15640,15587,1159,16746,113
2022-02-24,Alameda,001,1643700,251697,250867,13311,264178,1716
2022-02-24,Alpine,003,1148,122,125,1,126,0
2022-02-24,Amador,005,37829,8357,8282,628,8910,83
2022-02-24,Butte,007,227075,32683,32466,6726,39192,368
2022-02-24,Calaveras,009,45235,7177,7192,337,7529,110
2022-02-24,Colusa,011,21464,3415,3414,1042,4456,21
2022-02-24,Contra Costa,013,1133247,186523,184686,12746,197432,1209
2022-02-24,Del Norte,015,27424,5643,5639,170,5809,45
2022-02-24,El Dorado,017,186661,26444,26355,3162,29517,191
2022-02-24,Fresno,019,978130,228604,225679,23241,248920,2597
2022-02-24,Glenn,021,27897,4928,4909,1580,6489,40
2022-02-24,Humboldt,023,135768,16596,16619,2867,19486,133
2022-02-24,Imperial,025,180216,54894,54367,10452,64819,871
2022-02-24,Inyo,027,18085,4042,4034,453,4487,56
2022-02-24,Kern,029,883053,190252,188584,45275,233859,2106
2022-02-24,Kings,031,150075,50865,50579,3460,54039,423
2022-02-24,Lake,033,64148,10488,10383,863,11246,128
2022-02-24,Lassen,035,31185,8827,8761,868,9629,55
2022-02-24,Los Angeles,037,10098052,2686978,2660973,121830,2782803,30202
2022-02-24,Madera,039,155013,36910,36933,5940,42873,330
2022-02-24,Marin,041,260295,32776,32651,2147,34798,267
2022-02-24,Mariposa,043,17540,2350,2332,191,2523,6
2022-02-24,Mendocino,045,87422,12862,12762,2933,15695,111
2022-02-24,Merced,047,269075,61523,61348,8407,69755,775
2022-02-24,Modoc,049,8938,725,726,249,975,7
2022-02-24,Mono,051,14174,2955,2959,118,3077,5
2022-02-24,Monterey,053,433212,78442,77610,13098,90708,692
2022-02-24,Napa,055,140530,25239,25221,923,26144,130
2022-02-24,Nevada,057,99092,15759,15850,1151,17001,121
2022-02-24,Orange,059,3164182,541781,539992,40489,580481,6540
2022-02-24,Placer,061,380077,62065,61803,7236,69039,573
2022-02-24,Plumas,063,18699,2940,2673,356,3029,13
2022-02-24,Riverside,065,2383286,587249,584835,27423,612258,6143
2022-02-24,Sacramento,067,1510023,277678,272339,26062,298401,2793
2022-02-24,San Benito,069,59416,12758,12770,503,13273,92
2022-02-24,San Bernardino,071,2135413,565697,555668,24400,580068,6505
2022-02-24,San Diego,073,3302833,742302,736049,51679,787728,5002
2022-02-24,San Francisco,075,870044,121411,123079,8018,131097,769
2022-02-24,San Joaquin,077,732212,164827,164418,9714,174132,2048
2022-02-24,San Luis Obispo,079,281455,51628,51358,3643,55001,438
2022-02-24,San Mateo,081,765935,119387,117860,6746,124606,603
2022-02-24,Santa Barbara,083,443738,84817,84830,4628,89458,652
2022-02-24,Santa Clara,085,1922200,305185,305895,12024,317919,2166
2022-02-24,Santa Cruz,087,273765,46629,46186,2047,48233,251
2022-02-24,Shasta,089,179085,30158,30108,5992,36100,485
2022-02-24,Sierra,091,2930,271,270,47,317,1
2022-02-24,Siskiyou,093,43540,4389,4359,2670,7029,72
2022-02-24,Solano,095,438530,80231,80225,5450,85675,428
2022-02-24,Sonoma,097,501317,82180,81702,2478,84180,432
2022-02-24,Stanislaus,099,539301,116420,116896,17346,134242,1503
2022-02-24,Sutter,101,95872,20232,20230,1974,22204,214
2022-02-24,Tehama,103,63373,11919,11878,2561,14439,158
2022-02-24,Trinity,105,12862,1171,1156,284,1440,20
2022-02-24,Tulare,107,460477,105450,102983,27175,130158,1295
2022-02-24,Tuolumne,109,53932,12504,12169,541,12710,175
2022-02-24,Ventura,111,848112,171547,171292,9278,180570,1411
2022-02-24,Yolo,113,214977,36427,35615,2952,38567,296
2022-02-24,Yuba,115,75493,15626,15587,1159,16746,113
2022-02-23,Alameda,001,1643700,251472,247686,13292,260978,1713
2022-02-23,Alpine,003,1148,122,125,1,126,0
2022-02-23,Amador,005,37829,8339,8274,628,8902,79
2022-02-23,Butte,007,227075,32656,32417,6723,39140,367
2022-02-23,Calaveras,009,45235,7167,7182,336,7518,107
2022-02-23,Colusa,011,21464,3411,3411,1042,4453,21
2022-02-23,Contra Costa,013,1133247,186379,184013,12733,196746,1209
2022-02-23,Del Norte,015,27424,5632,5625,169,5794,45
2022-02-23,El Dorado,017,186661,26428,26317,3158,29475,189
2022-02-23,Fresno,019,978130,228415,225308,23219,248527,2596
2022-02-23,Glenn,021,27897,4924,4909,1578,6487,40
2022-02-23,Humboldt,023,135768,16580,16601,2864,19465,132
2022-02-23,Imperial,025,180216,54855,54292,10440,64732,871
2022-02-23,Inyo,027,18085,4041,4031,450,4481,54
2022-02-23,Kern,029,883053,190149,188432,45228,233660,2106
2022-02-23,Kings,031,150075,50832,50416,3459,53875,423
2022-02-23,Lake,033,64148,10470,10368,862,11230,126
2022-02-23,Lassen,035,31185,8811,8749,868,9617,55
2022-02-23,Los Angeles,037,10098052,2685608,2659569,121784,2781353,30167
2022-02-23,Madera,039,155013,36878,36876,5930,42806,330
2022-02-23,Marin,041,260295,32753,32625,2146,34771,267
2022-02-23,Mariposa,043,17540,2345,2325,190,2515,6
2022-02-23,Mendocino,045,87422,12852,12747,2929,15676,111
2022-02-23,Merced,047,269075,61493,61295,8402,69697,772
2022-02-23,Modoc,049,8938,725,723,248,971,7
2022-02-23,Mono,051,14174,2954,2960,118,3078,5
2022-02-23,Monterey,053,433212,78404,77472,13075,90547,691
2022-02-23,Napa,055,140530,25215,25185,918,26103,128
2022-02-23,Nevada,057,99092,15753,15825,1148,16973,121
2022-02-23,Orange,059,3164182,541476,539631,40467,580098,6520
2022-02-23,Placer,061,380077,62018,61758,7229,68987,573
2022-02-23,Plumas,063,18699,2936,2663,356,3019,13
2022-02-23,Riverside,065,2383286,586957,584381,27387,611768,6119
2022-02-23,Sacramento,067,1510023,277520,272057,26042,298099,2796
2022-02-23,San Benito,069,59416,12751,12756,502,13258,92
2022-02-23,San Bernardino,071,2135413,565536,555238,24384,579622,6479
2022-02-23,San Diego,073,3302833,741799,735406,51629,787035,4988
2022-02-23,San Francisco,075,870044,121284,122127,8016,130143,769
2022-02-23,San Joaquin,077,732212,164734,164257,9709,173966,2042
2022-02-23,San Luis Obispo,079,281455,51580,51264,3641,54905,434
2022-02-23,San Mateo,081,765935,119296,117585,6737,124322,603
2022-02-23,Santa Barbara,083,443738,84756,84760,4624,89384,651
2022-02-23,Santa Clara,085,1922200,304929,305484,12015,317499,2157
2022-02-23,Santa Cruz,087,273765,46559,46059,2046,48105,251
2022-02-23,Shasta,089,179085,30131,30066,5989,36055,481
2022-02-23,Sierra,091,2930,271,270,47,317,1
2022-02-23,Siskiyou,093,43540,4386,4356,2668,7024,71
2022-02-23,Solano,095,438530,80141,80103,5448,85551,427
2022-02-23,Sonoma,097,501317,82126,81594,2476,84070,432
2022-02-23,Stanislaus,099,539301,116343,116789,17337,134126,1482
2022-02-23,Sutter,101,95872,20215,20194,1970,22164,213
2022-02-23,Tehama,103,63373,11909,11863,2561,14424,154
2022-02-23,Trinity,105,12862,1171,1156,284,1440,20
2022-02-23,Tulare,107,460477,105384,102812,27152,129964,1290
2022-02-23,Tuolumne,109,53932,12495,12158,540,12698,175
2022-02-23,Ventura,111,848112,171459,171163,9271,180434,1401
2022-02-23,Yolo,113,214977,36390,35590,2945,38535,296
2022-02-23,Yuba,115,75493,15623,15571,1157,16728,113
2022-02-22,Alameda,001,1643700,251228,247434,13278,260712,1706
2022-02-22,Alpine,003,1148,122,124,1,125,0
2022-02-22,Amador,005,37829,8329,8243,628,8871,79
2022-02-22,Butte,007,227075,32621,32359,6716,39075,366
2022-02-22,Calaveras,009,45235,7158,7178,336,7514,107
2022-02-22,Colusa,011,21464,3411,3402,1040,4442,21
2022-02-22,Contra Costa,013,1133247,186226,183812,12714,196526,1201
2022-02-22,Del Norte,015,27424,5623,5611,168,5779,45
2022-02-22,El Dorado,017,186661,26418,26289,3158,29447,189
2022-02-22,Fresno,019,978130,228188,225104,23193,248297,2592
2022-02-22,Glenn,021,27897,4923,4900,1577,6477,40
2022-02-22,Humboldt,023,135768,16558,16559,2860,19419,132
2022-02-22,Imperial,025,180216,54823,54227,10436,64663,864
2022-02-22,Inyo,027,18085,4039,4026,448,4474,54
2022-02-22,Kern,029,883053,190029,188237,45192,233429,2102
2022-02-22,Kings,031,150075,50770,50359,3457,53816,423
2022-02-22,Lake,033,64148,10459,10353,860,11213,126
2022-02-22,Lassen,035,31185,8807,8730,868,9598,55
2022-02-22,Los Angeles,037,10098052,2684143,2658230,121697,2779927,30129
2022-02-22,Madera,039,155013,36845,36833,5920,42753,330
2022-02-22,Marin,041,260295,32728,32591,2145,34736,267
2022-02-22,Mariposa,043,17540,2337,2322,190,2512,6
2022-02-22,Mendocino,045,87422,12838,12714,2919,15633,110
2022-02-22,Merced,047,269075,61432,61241,8396,69637,770
2022-02-22,Modoc,049,8938,722,720,248,968,6
2022-02-22,Mono,051,14174,2954,2961,118,3079,5
2022-02-22,Monterey,053,433212,78351,77359,13056,90415,690
2022-02-22,Napa,055,140530,25186,25151,917,26068,128
2022-02-22,Nevada,057,99092,15736,15815,1146,16961,121
2022-02-22,Orange,059,3164182,541188,539390,40434,579824,6502
2022-02-22,Placer,061,380077,61980,61709,7224,68933,572
2022-02-22,Plumas,063,18699,2930,2659,355,3014,13
2022-02-22,Riverside,065,2383286,586701,583969,27367,611336,6097
2022-02-22,Sacramento,067,1510023,277331,271789,26019,297808,2775
2022-02-22,San Benito,069,59416,12740,12742,501,13243,92
2022-02-22,San Bernardino,071,2135413,565333,554903,24365,579268,6451
2022-02-22,San Diego,073,3302833,741273,734536,51574,786110,4974
2022-02-22,San Francisco,075,870044,121155,121954,8012,129966,769
2022-02-22,San Joaquin,077,732212,164610,164111,9699,173810,2040
2022-02-22,San Luis Obispo,079,281455,51495,51193,3635,54828,431
2022-02-22,San Mateo,081,765935,119202,117418,6732,124150,603
2022-02-22,Santa Barbara,083,443738,84695,84701,4620,89321,650
2022-02-22,Santa Clara,085,1922200,304647,305045,12009,317054,2155
2022-02-22,Santa Cruz,087,273765,46494,45958,2046,48004,251
2022-02-22,Shasta,089,179085,30106,30024,5984,36008,479
2022-02-22,Sierra,091,2930,271,269,46,315,0
2022-02-22,Siskiyou,093,43540,4383,4350,2663,7013,70
2022-02-22,Solano,095,438530,80065,79968,5446,85414,425
2022-02-22,Sonoma,097,501317,82060,81412,2472,83884,431
2022-02-22,Stanislaus,099,539301,116262,116676,17319,133995,1475
2022-02-22,Sutter,101,95872,20199,20164,1968,22132,210
2022-02-22,Tehama,103,63373,11900,11852,2560,14412,152
2022-02-22,Trinity,105,12862,1171,1147,283,1430,20
2022-02-22,Tulare,107,460477,105277,102717,27122,129839,1287
2022-02-22,Tuolumne,109,53932,12477,12136,539,12675,175
2022-02-22,Ventura,111,848112,171374,171064,9265,180329,1401
2022-02-22,Yolo,113,214977,36353,35527,2940,38467,292
2022-02-22,Yuba,115,75493,15613,15550,1156,16706,110
2022-02-21,Alameda,001,1643700,250942,247434,13262,260696,1704
2022-02-21,Alpine,003,1148,122,124,1,125,0
2022-02-21,Amador,005,37829,8323,8246,628,8874,79
2022-02-21,Butte,007,227075,32580,32356,6692,39048,366
2022-02-21,Calaveras,009,45235,7150,7175,336,7511,107
2022-02-21,Colusa,011,21464,3409,3401,1038,4439,21
2022-02-21,Contra Costa,013,1133247,186000,183701,12700,196401,1201
2022-02-21,Del Norte,015,27424,5605,5601,167,5768,45
2022-02-21,El Dorado,017,186661,26390,26273,3153,29426,189
2022-02-21,Fresno,019,978130,227875,224923,23137,248060,2592
2022-02-21,Glenn,021,27897,4918,4897,1577,6474,40
2022-02-21,Humboldt,023,135768,16514,16548,2852,19400,132
2022-02-21,Imperial,025,180216,54763,54208,10423,64631,864
2022-02-21,Inyo,027,18085,4036,4023,448,4471,54
2022-02-21,Kern,029,883053,189836,188188,45140,233328,2102
2022-02-21,Kings,031,150075,50704,50188,3454,53642,422
2022-02-21,Lake,033,64148,10437,10334,858,11192,126
2022-02-21,Lassen,035,31185,8799,8705,863,9568,55
2022-02-21,Los Angeles,037,10098052,2682363,2656873,121601,2778474,30108
2022-02-21,Madera,039,155013,36807,36796,5899,42695,330
2022-02-21,Marin,041,260295,32705,32570,2145,34715,258
2022-02-21,Mariposa,043,17540,2334,2321,190,2511,6
2022-02-21,Mendocino,045,87422,12812,12706,2907,15613,110
2022-02-21,Merced,047,269075,61375,61209,8379,69588,770
2022-02-21,Modoc,049,8938,721,718,248,966,6
2022-02-21,Mono,051,14174,2953,2960,118,3078,5
2022-02-21,Monterey,053,433212,78257,77354,13015,90369,690
2022-02-21,Napa,055,140530,25147,25126,917,26043,128
2022-02-21,Nevada,057,99092,15725,15810,1143,16953,121
2022-02-21,Orange,059,3164182,540836,539068,40409,579477,6502
2022-02-21,Placer,061,380077,61926,61727,7220,68947,572
2022-02-21,Plumas,063,18699,2926,2657,350,3007,13
2022-02-21,Riverside,065,2383286,586333,583712,27320,611032,6097
2022-02-21,Sacramento,067,1510023,277076,271588,25986,297574,2769
2022-02-21,San Benito,069,59416,12727,12731,501,13232,92
2022-02-21,San Bernardino,071,2135413,565095,554662,24344,579006,6441
2022-02-21,San Diego,073,3302833,740655,732298,51496,783794,4974
2022-02-21,San Francisco,075,870044,120974,121865,8008,129873,769
2022-02-21,San Joaquin,077,732212,164466,164036,9688,173724,2040
2022-02-21,San Luis Obispo,079,281455,51404,51184,3628,54812,429
2022-02-21,San Mateo,081,765935,119109,117259,6724,123983,605
2022-02-21,Santa Barbara,083,443738,84618,84626,4612,89238,650
2022-02-21,Santa Clara,085,1922200,304319,304858,12003,316861,2158
2022-02-21,Santa Cruz,087,273765,46368,45941,2045,47986,251
2022-02-21,Shasta,089,179085,30060,30004,5976,35980,479
2022-02-21,Sierra,091,2930,271,269,46,315,0
2022-02-21,Siskiyou,093,43540,4371,4337,2658,6995,70
2022-02-21,Solano,095,438530,79973,79906,5441,85347,425
2022-02-21,Sonoma,097,501317,81946,81361,2466,83827,431
2022-02-21,Stanislaus,099,539301,116150,116597,17295,133892,1475
2022-02-21,Sutter,101,95872,20174,20152,1966,22118,210
2022-02-21,Tehama,103,63373,11887,11842,2559,14401,152
2022-02-21,Trinity,105,12862,1170,1147,283,1430,20
2022-02-21,Tulare,107,460477,105182,102614,27078,129692,1287
2022-02-21,Tuolumne,109,53932,12466,12126,536,12662,175
2022-02-21,Ventura,111,848112,171235,170939,9256,180195,1401
2022-02-21,Yolo,113,214977,36310,35518,2931,38449,292
2022-02-21,Yuba,115,75493,15594,15546,1147,16693,110
2022-02-20,Alameda,001,1643700,250712,246028,13254,259282,1700
2022-02-20,Alpine,003,1148,122,124,1,125,0
2022-02-20,Amador,005,37829,8312,8203,628,8831,79
2022-02-20,Butte,007,227075,32551,32173,6687,38860,364
2022-02-20,Calaveras,009,45235,7147,7136,335,7471,107
2022-02-20,Colusa,011,21464,3406,3389,1037,4426,21
2022-02-20,Contra Costa,013,1133247,185872,182797,12695,195492,1190
2022-02-20,Del Norte,015,27424,5590,5511,167,5678,45
2022-02-20,El Dorado,017,186661,26369,26101,3152,29253,189
2022-02-20,Fresno,019,978130,227684,223594,23122,246716,2544
2022-02-20,Glenn,021,27897,4915,4881,1577,6458,39
2022-02-20,Humboldt,023,135768,16502,16393,2848,19241,132
2022-02-20,Imperial,025,180216,54698,53967,10413,64380,862
2022-02-20,Inyo,027,18085,4036,4018,447,4465,52
2022-02-20,Kern,029,883053,189701,187158,45096,232254,2095
2022-02-20,Kings,031,150075,50676,49724,3451,53175,421
2022-02-20,Lake,033,64148,10404,10184,857,11041,126
2022-02-20,Lassen,035,31185,8787,8640,863,9503,55
2022-02-20,Los Angeles,037,10098052,2681040,2642878,121516,2764394,29842
2022-02-20,Madera,039,155013,36776,36526,5895,42421,330
2022-02-20,Marin,041,260295,32688,32441,2145,34586,258
2022-02-20,Mariposa,043,17540,2328,2310,188,2498,6
2022-02-20,Mendocino,045,87422,12802,12625,2904,15529,110
2022-02-20,Merced,047,269075,61347,60886,8378,69264,769
2022-02-20,Modoc,049,8938,720,714,248,962,6
2022-02-20,Mono,051,14174,2953,2956,118,3074,5
2022-02-20,Monterey,053,433212,78197,76765,13002,89767,682
2022-02-20,Napa,055,140530,25125,24970,915,25885,127
2022-02-20,Nevada,057,99092,15714,15715,1142,16857,121
2022-02-20,Orange,059,3164182,540517,538019,40373,578392,6416
2022-02-20,Placer,061,380077,61894,61417,7212,68629,560
2022-02-20,Plumas,063,18699,2922,2646,348,2994,13
2022-02-20,Riverside,065,2383286,586066,581788,27294,609082,6087
2022-02-20,Sacramento,067,1510023,276896,270080,25962,296042,2747
2022-02-20,San Benito,069,59416,12724,12665,501,13166,92
2022-02-20,San Bernardino,071,2135413,564886,553151,24327,577478,6400
2022-02-20,San Diego,073,3302833,740084,729549,51433,780982,4947
2022-02-20,San Francisco,075,870044,120834,121197,7998,129195,756
2022-02-20,San Joaquin,077,732212,164347,163083,9677,172760,2033
2022-02-20,San Luis Obispo,079,281455,51375,50823,3624,54447,424
2022-02-20,San Mateo,081,765935,119035,116648,6717,123365,598
2022-02-20,Santa Barbara,083,443738,84574,83988,4610,88598,642
2022-02-20,Santa Clara,085,1922200,304039,303077,11995,315072,2138
2022-02-20,Santa Cruz,087,273765,46302,45532,2042,47574,250
2022-02-20,Shasta,089,179085,30030,29847,5969,35816,479
2022-02-20,Sierra,091,2930,271,269,46,315,0
2022-02-20,Siskiyou,093,43540,4366,4307,2657,6964,70
2022-02-20,Solano,095,438530,79898,78914,5437,84351,424
2022-02-20,Sonoma,097,501317,81871,80843,2463,83306,431
2022-02-20,Stanislaus,099,539301,116084,115976,17278,133254,1454
2022-02-20,Sutter,101,95872,20162,20060,1963,22023,210
2022-02-20,Tehama,103,63373,11875,11760,2556,14316,152
2022-02-20,Trinity,105,12862,1169,1130,283,1413,20
2022-02-20,Tulare,107,460477,105095,101996,27052,129048,1286
2022-02-20,Tuolumne,109,53932,12445,12036,536,12572,175
2022-02-20,Ventura,111,848112,171139,170331,9249,179580,1384
2022-02-20,Yolo,113,214977,36284,35363,2928,38291,293
2022-02-20,Yuba,115,75493,15579,15449,1146,16595,112
2022-02-19,Alameda,001,1643700,250537,246028,13250,259278,1700
2022-02-19,Alpine,003,1148,122,124,1,125,0
2022-02-19,Amador,005,37829,8308,8203,628,8831,79
2022-02-19,Butte,007,227075,32527,32173,6684,38857,364
2022-02-19,Calaveras,009,45235,7147,7136,335,7471,107
2022-02-19,Colusa,011,21464,3405,3389,1035,4424,21
2022-02-19,Contra Costa,013,1133247,185775,182797,12694,195491,1190
2022-02-19,Del Norte,015,27424,5580,5511,167,5678,45
2022-02-19,El Dorado,017,186661,26351,26101,3150,29251,189
2022-02-19,Fresno,019,978130,227568,223594,23114,246708,2544
2022-02-19,Glenn,021,27897,4911,4881,1577,6458,39
2022-02-19,Humboldt,023,135768,16487,16393,2848,19241,132
2022-02-19,Imperial,025,180216,54682,53967,10408,64375,862
2022-02-19,Inyo,027,18085,4035,4018,446,4464,52
2022-02-19,Kern,029,883053,189598,187158,45072,232230,2095
2022-02-19,Kings,031,150075,50653,49724,3450,53174,421
2022-02-19,Lake,033,64148,10395,10184,857,11041,126
2022-02-19,Lassen,035,31185,8775,8640,862,9502,55
2022-02-19,Los Angeles,037,10098052,2680248,2642878,121475,2764353,29842
2022-02-19,Madera,039,155013,36754,36526,5893,42419,330
2022-02-19,Marin,041,260295,32665,32441,2144,34585,258
2022-02-19,Mariposa,043,17540,2325,2310,188,2498,6
2022-02-19,Mendocino,045,87422,12792,12625,2904,15529,110
2022-02-19,Merced,047,269075,61302,60886,8374,69260,769
2022-02-19,Modoc,049,8938,720,714,247,961,6
2022-02-19,Mono,051,14174,2952,2956,118,3074,5
2022-02-19,Monterey,053,433212,78108,76765,12991,89756,682
2022-02-19,Napa,055,140530,25115,24970,915,25885,127
2022-02-19,Nevada,057,99092,15706,15715,1142,16857,121
2022-02-19,Orange,059,3164182,540315,538019,40348,578367,6416
2022-02-19,Placer,061,380077,61847,61417,7212,68629,560
2022-02-19,Plumas,063,18699,2921,2646,348,2994,13
2022-02-19,Riverside,065,2383286,585883,581788,27282,609070,6087
2022-02-19,Sacramento,067,1510023,276753,270080,25951,296031,2747
2022-02-19,San Benito,069,59416,12711,12665,500,13165,92
2022-02-19,San Bernardino,071,2135413,564723,553151,24320,577471,6400
2022-02-19,San Diego,073,3302833,739739,729549,51386,780935,4947
2022-02-19,San Francisco,075,870044,120748,121197,7994,129191,756
2022-02-19,San Joaquin,077,732212,164273,163083,9666,172749,2033
2022-02-19,San Luis Obispo,079,281455,51362,50823,3620,54443,424
2022-02-19,San Mateo,081,765935,118994,116648,6716,123364,598
2022-02-19,Santa Barbara,083,443738,84507,83988,4609,88597,642
2022-02-19,Santa Clara,085,1922200,303845,303077,11993,315070,2138
2022-02-19,Santa Cruz,087,273765,46264,45532,2040,47572,250
2022-02-19,Shasta,089,179085,30016,29847,5966,35813,479
2022-02-19,Sierra,091,2930,271,269,46,315,0
2022-02-19,Siskiyou,093,43540,4363,4307,2657,6964,70
2022-02-19,Solano,095,438530,79856,78914,5436,84350,424
2022-02-19,Sonoma,097,501317,81829,80843,2463,83306,431
2022-02-19,Stanislaus,099,539301,116013,115976,17272,133248,1454
2022-02-19,Sutter,101,95872,20154,20060,1963,22023,210
2022-02-19,Tehama,103,63373,11868,11760,2556,14316,152
2022-02-19,Trinity,105,12862,1167,1130,283,1413,20
2022-02-19,Tulare,107,460477,105048,101996,27027,129023,1286
2022-02-19,Tuolumne,109,53932,12436,12036,536,12572,175
2022-02-19,Ventura,111,848112,171064,170331,9245,179576,1384
2022-02-19,Yolo,113,214977,36253,35363,2924,38287,293
2022-02-19,Yuba,115,75493,15570,15449,1146,16595,112
2022-02-18,Alameda,001,1643700,250370,246028,13242,259270,1700
2022-02-18,Alpine,003,1148,121,124,1,125,0
2022-02-18,Amador,005,37829,8301,8203,626,8829,79
2022-02-18,Butte,007,227075,32506,32173,6678,38851,364
2022-02-18,Calaveras,009,45235,7142,7136,334,7470,107
2022-02-18,Colusa,011,21464,3403,3389,1035,4424,21
2022-02-18,Contra Costa,013,1133247,185668,182797,12688,195485,1190
2022-02-18,Del Norte,015,27424,5569,5511,167,5678,45
2022-02-18,El Dorado,017,186661,26340,26101,3150,29251,189
2022-02-18,Fresno,019,978130,227380,223594,23103,246697,2544
2022-02-18,Glenn,021,27897,4910,4881,1576,6457,39
2022-02-18,Humboldt,023,135768,16470,16393,2843,19236,132
2022-02-18,Imperial,025,180216,54656,53967,10397,64364,862
2022-02-18,Inyo,027,18085,4033,4018,446,4464,52
2022-02-18,Kern,029,883053,189486,187158,45027,232185,2095
2022-02-18,Kings,031,150075,50566,49724,3450,53174,421
2022-02-18,Lake,033,64148,10377,10184,855,11039,126
2022-02-18,Lassen,035,31185,8755,8640,861,9501,55
2022-02-18,Los Angeles,037,10098052,2679263,2642878,121420,2764298,29842
2022-02-18,Madera,039,155013,36731,36526,5891,42417,330
2022-02-18,Marin,041,260295,32647,32441,2142,34583,258
2022-02-18,Mariposa,043,17540,2323,2310,188,2498,6
2022-02-18,Mendocino,045,87422,12782,12625,2904,15529,110
2022-02-18,Merced,047,269075,61259,60886,8364,69250,769
2022-02-18,Modoc,049,8938,720,714,247,961,6
2022-02-18,Mono,051,14174,2952,2956,118,3074,5
2022-02-18,Monterey,053,433212,78035,76765,12983,89748,682
2022-02-18,Napa,055,140530,25097,24970,915,25885,127
2022-02-18,Nevada,057,99092,15698,15715,1142,16857,121
2022-02-18,Orange,059,3164182,540079,538019,40309,578328,6416
2022-02-18,Placer,061,380077,61818,61417,7205,68622,560
2022-02-18,Plumas,063,18699,2918,2646,348,2994,13
2022-02-18,Riverside,065,2383286,585703,581788,27274,609062,6087
2022-02-18,Sacramento,067,1510023,276561,270080,25943,296023,2747
2022-02-18,San Benito,069,59416,12703,12665,500,13165,92
2022-02-18,San Bernardino,071,2135413,564545,553151,24315,577466,6400
2022-02-18,San Diego,073,3302833,739315,729549,51361,780910,4947
2022-02-18,San Francisco,075,870044,120660,121197,7986,129183,756
2022-02-18,San Joaquin,077,732212,164203,163083,9659,172742,2033
2022-02-18,San Luis Obispo,079,281455,51346,50823,3617,54440,424
2022-02-18,San Mateo,081,765935,118929,116648,6713,123361,598
2022-02-18,Santa Barbara,083,443738,84467,83988,4607,88595,642
2022-02-18,Santa Clara,085,1922200,303609,303077,11992,315069,2138
2022-02-18,Santa Cruz,087,273765,46230,45532,2039,47571,250
2022-02-18,Shasta,089,179085,30003,29847,5965,35812,479
2022-02-18,Sierra,091,2930,271,269,46,315,0
2022-02-18,Siskiyou,093,43540,4360,4307,2655,6962,70
2022-02-18,Solano,095,438530,79786,78914,5435,84349,424
2022-02-18,Sonoma,097,501317,81773,80843,2462,83305,431
2022-02-18,Stanislaus,099,539301,115963,115976,17258,133234,1454
2022-02-18,Sutter,101,95872,20142,20060,1963,22023,210
2022-02-18,Tehama,103,63373,11857,11760,2556,14316,152
2022-02-18,Trinity,105,12862,1166,1130,282,1412,20
2022-02-18,Tulare,107,460477,104997,101996,26986,128982,1286
2022-02-18,Tuolumne,109,53932,12430,12036,535,12571,175
2022-02-18,Ventura,111,848112,170974,170331,9240,179571,1384
2022-02-18,Yolo,113,214977,36225,35363,2922,38285,293
2022-02-18,Yuba,115,75493,15555,15449,1146,16595,112
2022-02-17,Alameda,001,1643700,250108,246028,13222,259250,1700
2022-02-17,Alpine,003,1148,121,124,1,125,0
2022-02-17,Amador,005,37829,8297,8203,624,8827,79
2022-02-17,Butte,007,227075,32468,32173,6674,38847,364
2022-02-17,Calaveras,009,45235,7133,7136,331,7467,107
2022-02-17,Colusa,011,21464,3400,3389,1035,4424,21
2022-02-17,Contra Costa,013,1133247,185472,182797,12656,195453,1190
2022-02-17,Del Norte,015,27424,5548,5511,167,5678,45
2022-02-17,El Dorado,017,186661,26315,26101,3140,29241,189
2022-02-17,Fresno,019,978130,227087,223594,23073,246667,2544
2022-02-17,Glenn,021,27897,4908,4881,1573,6454,39
2022-02-17,Humboldt,023,135768,16430,16393,2842,19235,132
2022-02-17,Imperial,025,180216,54585,53967,10381,64348,862
2022-02-17,Inyo,027,18085,4031,4018,445,4463,52
2022-02-17,Kern,029,883053,189332,187158,44978,232136,2095
2022-02-17,Kings,031,150075,50502,49724,3445,53169,421
2022-02-17,Lake,033,64148,10347,10184,851,11035,126
2022-02-17,Lassen,035,31185,8745,8640,859,9499,55
2022-02-17,Los Angeles,037,10098052,2677423,2642878,121339,2764217,29842
2022-02-17,Madera,039,155013,36688,36526,5884,42410,330
2022-02-17,Marin,041,260295,32621,32441,2141,34582,258
2022-02-17,Mariposa,043,17540,2321,2310,187,2497,6
2022-02-17,Mendocino,045,87422,12765,12625,2901,15526,110
2022-02-17,Merced,047,269075,61184,60886,8348,69234,769
2022-02-17,Modoc,049,8938,719,714,247,961,6
2022-02-17,Mono,051,14174,2950,2956,118,3074,5
2022-02-17,Monterey,053,433212,77923,76765,12941,89706,682
2022-02-17,Napa,055,140530,25065,24970,913,25883,127
2022-02-17,Nevada,057,99092,15686,15715,1141,16856,121
2022-02-17,Orange,059,3164182,539741,538019,40282,578301,6416
2022-02-17,Placer,061,380077,61776,61417,7197,68614,560
2022-02-17,Plumas,063,18699,2915,2646,348,2994,13
2022-02-17,Riverside,065,2383286,585326,581788,27247,609035,6087
2022-02-17,Sacramento,067,1510023,276276,270080,25895,295975,2747
2022-02-17,San Benito,069,59416,12692,12665,500,13165,92
2022-02-17,San Bernardino,071,2135413,564244,553151,24301,577452,6400
2022-02-17,San Diego,073,3302833,738719,729549,51310,780859,4947
2022-02-17,San Francisco,075,870044,120526,121197,7976,129173,756
2022-02-17,San Joaquin,077,732212,164039,163083,9645,172728,2033
2022-02-17,San Luis Obispo,079,281455,51241,50823,3609,54432,424
2022-02-17,San Mateo,081,765935,118835,116648,6704,123352,598
2022-02-17,Santa Barbara,083,443738,84367,83988,4600,88588,642
2022-02-17,Santa Clara,085,1922200,303244,303077,11978,315055,2138
2022-02-17,Santa Cruz,087,273765,46149,45532,2037,47569,250
2022-02-17,Shasta,089,179085,29976,29847,5962,35809,479
2022-02-17,Sierra,091,2930,271,269,46,315,0
2022-02-17,Siskiyou,093,43540,4351,4307,2651,6958,70
2022-02-17,Solano,095,438530,79705,78914,5428,84342,424
2022-02-17,Sonoma,097,501317,81707,80843,2455,83298,431
2022-02-17,Stanislaus,099,539301,115860,115976,17241,133217,1454
2022-02-17,Sutter,101,95872,20127,20060,1955,22015,210
2022-02-17,Tehama,103,63373,11849,11760,2555,14315,152
2022-02-17,Trinity,105,12862,1164,1130,280,1410,20
2022-02-17,Tulare,107,460477,104884,101996,26962,128958,1286
2022-02-17,Tuolumne,109,53932,12419,12036,535,12571,175
2022-02-17,Ventura,111,848112,170834,170331,9239,179570,1384
2022-02-17,Yolo,113,214977,36187,35363,2921,38284,293
2022-02-17,Yuba,115,75493,15540,15449,1146,16595,112
2022-02-16,Alameda,001,1643700,249798,245662,13183,258845,1691
2022-02-16,Alpine,003,1148,121,124,1,125,0
2022-02-16,Amador,005,37829,8279,8197,623,8820,77
2022-02-16,Butte,007,227075,32425,32095,6662,38757,363
2022-02-16,Calaveras,009,45235,7129,7129,328,7457,107
2022-02-16,Colusa,011,21464,3395,3384,1035,4419,21
2022-02-16,Contra Costa,013,1133247,185237,182423,12620,195043,1179
2022-02-16,Del Norte,015,27424,5528,5473,164,5637,45
2022-02-16,El Dorado,017,186661,26288,26061,3136,29197,189
2022-02-16,Fresno,019,978130,226726,223056,23024,246080,2542
2022-02-16,Glenn,021,27897,4904,4873,1568,6441,39
2022-02-16,Humboldt,023,135768,16406,16342,2832,19174,132
2022-02-16,Imperial,025,180216,54507,53901,10353,64254,861
2022-02-16,Inyo,027,18085,4028,4013,444,4457,52
2022-02-16,Kern,029,883053,189115,186740,44893,231633,2084
2022-02-16,Kings,031,150075,50449,49575,3437,53012,420
2022-02-16,Lake,033,64148,10321,10145,851,10996,125
2022-02-16,Lassen,035,31185,8712,8618,859,9477,55
2022-02-16,Los Angeles,037,10098052,2675328,2640005,121229,2761234,29749
2022-02-16,Madera,039,155013,36620,36382,5870,42252,330
2022-02-16,Marin,041,260295,32585,32381,2139,34520,257
2022-02-16,Mariposa,043,17540,2319,2305,187,2492,6
2022-02-16,Mendocino,045,87422,12743,12605,2891,15496,108
2022-02-16,Merced,047,269075,61118,60776,8316,69092,767
2022-02-16,Modoc,049,8938,719,711,243,954,6
2022-02-16,Mono,051,14174,2948,2953,118,3071,5
2022-02-16,Monterey,053,433212,77775,76624,12900,89524,682
2022-02-16,Napa,055,140530,25026,24897,910,25807,128
2022-02-16,Nevada,057,99092,15669,15677,1137,16814,121
2022-02-16,Orange,059,3164182,539339,537934,40238,578172,6392
2022-02-16,Placer,061,380077,61733,61278,7185,68463,556
2022-02-16,Plumas,063,18699,2912,2644,346,2990,13
2022-02-16,Riverside,065,2383286,584927,580828,27201,608029,6064
2022-02-16,Sacramento,067,1510023,275951,269416,25839,295255,2736
2022-02-16,San Benito,069,59416,12665,12644,500,13144,92
2022-02-16,San Bernardino,071,2135413,563972,552353,24279,576632,6379
2022-02-16,San Diego,073,3302833,737959,728610,51235,779845,4931
2022-02-16,San Francisco,075,870044,120353,120987,7973,128960,756
2022-02-16,San Joaquin,077,732212,163872,162752,9635,172387,2032
2022-02-16,San Luis Obispo,079,281455,51169,50704,3597,54301,425
2022-02-16,San Mateo,081,765935,118717,116438,6686,123124,595
2022-02-16,Santa Barbara,083,443738,84291,83968,4588,88556,642
2022-02-16,Santa Clara,085,1922200,302857,302439,11945,314384,2130
2022-02-16,Santa Cruz,087,273765,46059,45274,2035,47309,250
2022-02-16,Shasta,089,179085,29938,29767,5950,35717,477
2022-02-16,Sierra,091,2930,270,269,46,315,0
2022-02-16,Siskiyou,093,43540,4344,4302,2645,6947,71
2022-02-16,Solano,095,438530,79590,78742,5422,84164,422
2022-02-16,Sonoma,097,501317,81579,80642,2445,83087,431
2022-02-16,Stanislaus,099,539301,115741,115751,17210,132961,1443
2022-02-16,Sutter,101,95872,20110,20020,1952,21972,210
2022-02-16,Tehama,103,63373,11832,11738,2553,14291,152
2022-02-16,Trinity,105,12862,1164,1130,279,1409,20
2022-02-16,Tulare,107,460477,104764,101817,26912,128729,1281
2022-02-16,Tuolumne,109,53932,12407,11991,534,12525,171
2022-02-16,Ventura,111,848112,170697,170117,9231,179348,1372
2022-02-16,Yolo,113,214977,36136,35284,2919,38203,292
2022-02-16,Yuba,115,75493,15518,15405,1143,16548,110
2022-02-15,Alameda,001,1643700,249446,245265,13155,258420,1683
2022-02-15,Alpine,003,1148,121,124,1,125,0
2022-02-15,Amador,005,37829,8269,8183,622,8805,77
2022-02-15,Butte,007,227075,32375,32011,6648,38659,361
2022-02-15,Calaveras,009,45235,7119,7115,328,7443,106
2022-02-15,Colusa,011,21464,3387,3374,1034,4408,21
2022-02-15,Contra Costa,013,1133247,184979,182041,12590,194631,1179
2022-02-15,Del Norte,015,27424,5500,5439,163,5602,45
2022-02-15,El Dorado,017,186661,26269,25988,3131,29119,189
2022-02-15,Fresno,019,978130,226350,222673,22965,245638,2543
2022-02-15,Glenn,021,27897,4895,4862,1567,6429,39
2022-02-15,Humboldt,023,135768,16362,16297,2817,19114,132
2022-02-15,Imperial,025,180216,54444,53813,10338,64151,860
2022-02-15,Inyo,027,18085,4027,4009,443,4452,52
2022-02-15,Kern,029,883053,188895,186324,44803,231127,2072
2022-02-15,Kings,031,150075,50356,49473,3428,52901,418
2022-02-15,Lake,033,64148,10289,10112,845,10957,123
2022-02-15,Lassen,035,31185,8698,8587,857,9444,55
2022-02-15,Los Angeles,037,10098052,2673070,2638266,121097,2759363,29691
2022-02-15,Madera,039,155013,36553,36260,5850,42110,330
2022-02-15,Marin,041,260295,32543,32355,2137,34492,255
2022-02-15,Mariposa,043,17540,2318,2302,187,2489,6
2022-02-15,Mendocino,045,87422,12726,12580,2872,15452,108
2022-02-15,Merced,047,269075,61035,60674,8285,68959,763
2022-02-15,Modoc,049,8938,717,710,240,950,6
2022-02-15,Mono,051,14174,2947,2952,118,3070,5
2022-02-15,Monterey,053,433212,77649,75530,12842,88372,682
2022-02-15,Napa,055,140530,24976,24832,903,25735,127
2022-02-15,Nevada,057,99092,15643,15643,1136,16779,121
2022-02-15,Orange,059,3164182,538882,537478,40196,577674,6374
2022-02-15,Placer,061,380077,61672,61170,7174,68344,554
2022-02-15,Plumas,063,18699,2908,2638,346,2984,13
2022-02-15,Riverside,065,2383286,584440,579940,27142,607082,6049
2022-02-15,Sacramento,067,1510023,275563,268950,25761,294711,2721
2022-02-15,San Benito,069,59416,12646,12616,500,13116,91
2022-02-15,San Bernardino,071,2135413,563609,551803,24259,576062,6372
2022-02-15,San Diego,073,3302833,736997,727486,51137,778623,4914
2022-02-15,San Francisco,075,870044,120182,120759,7962,128721,756
2022-02-15,San Joaquin,077,732212,163652,162518,9622,172140,2021
2022-02-15,San Luis Obispo,079,281455,51072,50534,3582,54116,419
2022-02-15,San Mateo,081,765935,118581,116253,6666,122919,595
2022-02-15,Santa Barbara,083,443738,84156,83734,4574,88308,640
2022-02-15,Santa Clara,085,1922200,302365,301831,11908,313739,2130
2022-02-15,Santa Cruz,087,273765,45955,45171,2030,47201,250
2022-02-15,Shasta,089,179085,29887,29684,5936,35620,477
2022-02-15,Sierra,091,2930,270,269,46,315,0
2022-02-15,Siskiyou,093,43540,4337,4288,2638,6926,70
2022-02-15,Solano,095,438530,79456,78626,5417,84043,426
2022-02-15,Sonoma,097,501317,81458,80433,2439,82872,431
2022-02-15,Stanislaus,099,539301,115599,115549,17179,132728,1429
2022-02-15,Sutter,101,95872,20082,19980,1947,21927,208
2022-02-15,Tehama,103,63373,11814,11717,2551,14268,151
2022-02-15,Trinity,105,12862,1158,1125,276,1401,20
2022-02-15,Tulare,107,460477,104611,101645,26857,128502,1278
2022-02-15,Tuolumne,109,53932,12388,11945,532,12477,171
2022-02-15,Ventura,111,848112,170523,169942,9224,179166,1372
2022-02-15,Yolo,113,214977,36085,35241,2911,38152,289
2022-02-15,Yuba,115,75493,15490,15372,1138,16510,109
2022-02-14,Alameda,001,1643700,249012,244315,13123,257438,1677
2022-02-14,Alpine,003,1148,121,125,1,126,0
2022-02-14,Amador,005,37829,8254,8164,619,8783,77
2022-02-14,Butte,007,227075,32318,31946,6633,38579,360
2022-02-14,Calaveras,009,45235,7106,7097,326,7423,106
2022-02-14,Colusa,011,21464,3384,3367,1030,4397,21
2022-02-14,Contra Costa,013,1133247,184695,181753,12552,194305,1167
2022-02-14,Del Norte,015,27424,5477,5426,162,5588,45
2022-02-14,El Dorado,017,186661,26234,25915,3122,29037,188
2022-02-14,Fresno,019,978130,225870,222360,22877,245237,2538
2022-02-14,Glenn,021,27897,4889,4854,1567,6421,39
2022-02-14,Humboldt,023,135768,16322,16264,2792,19056,132
2022-02-14,Imperial,025,180216,54373,53765,10312,64077,860
2022-02-14,Inyo,027,18085,4026,4010,442,4452,52
2022-02-14,Kern,029,883053,188551,186037,44695,230732,2063
2022-02-14,Kings,031,150075,50250,49395,3419,52814,419
2022-02-14,Lake,033,64148,10252,10090,842,10932,123
2022-02-14,Lassen,035,31185,8688,8539,855,9394,55
2022-02-14,Los Angeles,037,10098052,2670488,2636064,120969,2757033,29650
2022-02-14,Madera,039,155013,36488,36194,5827,42021,330
2022-02-14,Marin,041,260295,32507,32304,2134,34438,255
2022-02-14,Mariposa,043,17540,2311,2295,187,2482,6
2022-02-14,Mendocino,045,87422,12699,12541,2840,15381,108
2022-02-14,Merced,047,269075,60946,60591,8243,68834,758
2022-02-14,Modoc,049,8938,712,707,240,947,6
2022-02-14,Mono,051,14174,2946,2954,118,3072,5
2022-02-14,Monterey,053,433212,77478,75407,12762,88169,678
2022-02-14,Napa,055,140530,24917,24776,903,25679,127
2022-02-14,Nevada,057,99092,15624,15629,1135,16764,121
2022-02-14,Orange,059,3164182,538377,536924,40131,577055,6355
2022-02-14,Placer,061,380077,61602,61123,7159,68282,554
2022-02-14,Plumas,063,18699,2906,2631,346,2977,13
2022-02-14,Riverside,065,2383286,583893,579174,27074,606248,5994
2022-02-14,Sacramento,067,1510023,275124,268547,25650,294197,2717
2022-02-14,San Benito,069,59416,12622,12598,499,13097,91
2022-02-14,San Bernardino,071,2135413,563194,551338,24239,575577,6372
2022-02-14,San Diego,073,3302833,736029,723902,51038,774940,4894
2022-02-14,San Francisco,075,870044,119991,120581,7952,128533,756
2022-02-14,San Joaquin,077,732212,163412,162363,9599,171962,2018
2022-02-14,San Luis Obispo,079,281455,50964,50465,3572,54037,416
2022-02-14,San Mateo,081,765935,118417,116129,6658,122787,592
2022-02-14,Santa Barbara,083,443738,84010,83697,4564,88261,636
2022-02-14,Santa Clara,085,1922200,301831,301319,11884,313203,2127
2022-02-14,Santa Cruz,087,273765,45792,45042,2026,47068,250
2022-02-14,Shasta,089,179085,29801,29595,5919,35514,474
2022-02-14,Sierra,091,2930,270,269,46,315,0
2022-02-14,Siskiyou,093,43540,4324,4278,2624,6902,69
2022-02-14,Solano,095,438530,79277,78533,5405,83938,427
2022-02-14,Sonoma,097,501317,81317,80336,2428,82764,431
2022-02-14,Stanislaus,099,539301,115422,115426,17138,132564,1406
2022-02-14,Sutter,101,95872,20054,19957,1941,21898,209
2022-02-14,Tehama,103,63373,11791,11686,2550,14236,151
2022-02-14,Trinity,105,12862,1155,1123,276,1399,20
2022-02-14,Tulare,107,460477,104404,101448,26762,128210,1276
2022-02-14,Tuolumne,109,53932,12359,11920,529,12449,170
2022-02-14,Ventura,111,848112,170346,169725,9212,178937,1361
2022-02-14,Yolo,113,214977,36026,35112,2901,38013,286
2022-02-14,Yuba,115,75493,15460,15375,1134,16509,108
2022-02-13,Alameda,001,1643700,248523,243681,13088,256769,1677
2022-02-13,Alpine,003,1148,121,125,1,126,0
2022-02-13,Amador,005,37829,8225,8146,616,8762,77
2022-02-13,Butte,007,227075,32245,31865,6611,38476,360
2022-02-13,Calaveras,009,45235,7099,7083,323,7406,106
2022-02-13,Colusa,011,21464,3381,3366,1028,4394,21
2022-02-13,Contra Costa,013,1133247,184329,181313,12488,193801,1159
2022-02-13,Del Norte,015,27424,5444,5379,162,5541,45
2022-02-13,El Dorado,017,186661,26197,25871,3114,28985,188
2022-02-13,Fresno,019,978130,225330,221686,22815,244501,2537
2022-02-13,Glenn,021,27897,4879,4847,1564,6411,39
2022-02-13,Humboldt,023,135768,16275,16210,2764,18974,132
2022-02-13,Imperial,025,180216,54275,53658,10277,63935,860
2022-02-13,Inyo,027,18085,4023,4006,440,4446,52
2022-02-13,Kern,029,883053,188299,185640,44610,230250,2063
2022-02-13,Kings,031,150075,50123,49243,3408,52651,416
2022-02-13,Lake,033,64148,10189,10042,835,10877,123
2022-02-13,Lassen,035,31185,8663,8503,853,9356,55
2022-02-13,Los Angeles,037,10098052,2667315,2631267,120830,2752097,29595
2022-02-13,Madera,039,155013,36370,36054,5799,41853,330
2022-02-13,Marin,041,260295,32436,32222,2127,34349,255
2022-02-13,Mariposa,043,17540,2305,2292,185,2477,6
2022-02-13,Mendocino,045,87422,12670,12521,2801,15322,108
2022-02-13,Merced,047,269075,60804,60460,8190,68650,758
2022-02-13,Modoc,049,8938,710,704,233,937,6
2022-02-13,Mono,051,14174,2945,2949,118,3067,5
2022-02-13,Monterey,053,433212,77271,75295,12688,87983,678
2022-02-13,Napa,055,140530,24840,24743,900,25643,127
2022-02-13,Nevada,057,99092,15590,15590,1128,16718,121
2022-02-13,Orange,059,3164182,537749,536134,40069,576203,6355
2022-02-13,Placer,061,380077,61525,61020,7138,68158,554
2022-02-13,Plumas,063,18699,2898,2626,343,2969,13
2022-02-13,Riverside,065,2383286,583301,578363,27033,605396,5995
2022-02-13,Sacramento,067,1510023,274614,267947,25521,293468,2699
2022-02-13,San Benito,069,59416,12589,12578,498,13076,91
2022-02-13,San Bernardino,071,2135413,562706,550632,24206,574838,6367
2022-02-13,San Diego,073,3302833,734890,723902,50919,774821,4894
2022-02-13,San Francisco,075,870044,119738,120295,7940,128235,756
2022-02-13,San Joaquin,077,732212,163105,162028,9571,171599,2018
2022-02-13,San Luis Obispo,079,281455,50819,50384,3564,53948,415
2022-02-13,San Mateo,081,765935,118196,115876,6633,122509,592
2022-02-13,Santa Barbara,083,443738,83846,83547,4557,88104,635
2022-02-13,Santa Clara,085,1922200,301191,300412,11847,312259,2114
2022-02-13,Santa Cruz,087,273765,45636,44887,2024,46911,240
2022-02-13,Shasta,089,179085,29722,29531,5896,35427,474
2022-02-13,Sierra,091,2930,270,269,46,315,0
2022-02-13,Siskiyou,093,43540,4317,4264,2608,6872,69
2022-02-13,Solano,095,438530,79121,78424,5381,83805,426
2022-02-13,Sonoma,097,501317,81151,80172,2416,82588,431
2022-02-13,Stanislaus,099,539301,115226,115156,17098,132254,1406
2022-02-13,Sutter,101,95872,20015,19900,1941,21841,209
2022-02-13,Tehama,103,63373,11765,11644,2547,14191,151
2022-02-13,Trinity,105,12862,1152,1120,273,1393,20
2022-02-13,Tulare,107,460477,104187,101135,26674,127809,1276
2022-02-13,Tuolumne,109,53932,12334,11891,524,12415,170
2022-02-13,Ventura,111,848112,170152,169422,9192,178614,1361
2022-02-13,Yolo,113,214977,35959,35057,2889,37946,286
2022-02-13,Yuba,115,75493,15426,15346,1133,16479,107
2022-02-12,Alameda,001,1643700,248301,242137,13074,255211,1668
2022-02-12,Alpine,003,1148,121,124,1,125,0
2022-02-12,Amador,005,37829,8219,8091,616,8707,76
2022-02-12,Butte,007,227075,32218,31601,6605,38206,360
2022-02-12,Calaveras,009,45235,7096,7022,322,7344,106
2022-02-12,Colusa,011,21464,3378,3345,1028,4373,21
2022-02-12,Contra Costa,013,1133247,184138,180270,12481,192751,1141
2022-02-12,Del Norte,015,27424,5425,5262,162,5424,45
2022-02-12,El Dorado,017,186661,26181,25692,3114,28806,188
2022-02-12,Fresno,019,978130,225117,219909,22800,242709,2509
2022-02-12,Glenn,021,27897,4878,4818,1563,6381,39
2022-02-12,Humboldt,023,135768,16251,16058,2761,18819,132
2022-02-12,Imperial,025,180216,54231,53304,10267,63571,860
2022-02-12,Inyo,027,18085,4021,3991,440,4431,52
2022-02-12,Kern,029,883053,188188,184639,44573,229212,2037
2022-02-12,Kings,031,150075,50083,48893,3401,52294,415
2022-02-12,Lake,033,64148,10168,9926,831,10757,123
2022-02-12,Lassen,035,31185,8640,8477,852,9329,55
2022-02-12,Los Angeles,037,10098052,2666155,2616426,120756,2737182,29364
2022-02-12,Madera,039,155013,36336,35710,5792,41502,330
2022-02-12,Marin,041,260295,32404,32048,2124,34172,255
2022-02-12,Mariposa,043,17540,2305,2286,185,2471,6
2022-02-12,Mendocino,045,87422,12654,12439,2801,15240,107
2022-02-12,Merced,047,269075,60750,60187,8185,68372,758
2022-02-12,Modoc,049,8938,710,697,233,930,6
2022-02-12,Mono,051,14174,2944,2939,118,3057,5
2022-02-12,Monterey,053,433212,77210,74842,12666,87508,672
2022-02-12,Napa,055,140530,24812,24530,900,25430,124
2022-02-12,Nevada,057,99092,15577,15499,1127,16626,119
2022-02-12,Orange,059,3164182,537460,534503,40033,574536,6305
2022-02-12,Placer,061,380077,61468,60636,7135,67771,554
2022-02-12,Plumas,063,18699,2897,2617,342,2959,13
2022-02-12,Riverside,065,2383286,582939,575566,27010,602576,5961
2022-02-12,Sacramento,067,1510023,274379,266347,25512,291859,2686
2022-02-12,San Benito,069,59416,12577,12526,498,13024,91
2022-02-12,San Bernardino,071,2135413,562473,548822,24194,573016,6360
2022-02-12,San Diego,073,3302833,734390,720287,50870,771157,4854
2022-02-12,San Francisco,075,870044,119616,119113,7929,127042,740
2022-02-12,San Joaquin,077,732212,162974,161234,9565,170799,2014
2022-02-12,San Luis Obispo,079,281455,50783,50064,3561,53625,416
2022-02-12,San Mateo,081,765935,118108,115235,6626,121861,589
2022-02-12,Santa Barbara,083,443738,83760,83390,4550,87940,631
2022-02-12,Santa Clara,085,1922200,300852,298176,11839,310015,2093
2022-02-12,Santa Cruz,087,273765,45600,44447,2022,46469,239
2022-02-12,Shasta,089,179085,29693,29370,5892,35262,473
2022-02-12,Sierra,091,2930,270,268,46,314,0
2022-02-12,Siskiyou,093,43540,4310,4231,2605,6836,68
2022-02-12,Solano,095,438530,79079,77865,5376,83241,424
2022-02-12,Sonoma,097,501317,81047,79533,2414,81947,431
2022-02-12,Stanislaus,099,539301,115101,114531,17086,131617,1406
2022-02-12,Sutter,101,95872,20000,19800,1941,21741,211
2022-02-12,Tehama,103,63373,11750,11580,2547,14127,151
2022-02-12,Trinity,105,12862,1151,1115,273,1388,20
2022-02-12,Tulare,107,460477,104091,100434,26637,127071,1273
2022-02-12,Tuolumne,109,53932,12316,11754,524,12278,125
2022-02-12,Ventura,111,848112,170044,168736,9187,177923,1340
2022-02-12,Yolo,113,214977,35918,34773,2886,37659,286
2022-02-12,Yuba,115,75493,15412,15242,1132,16374,107
2022-02-11,Alameda,001,1643700,248020,242137,13059,255196,1668
2022-02-11,Alpine,003,1148,121,124,1,125,0
2022-02-11,Amador,005,37829,8207,8091,616,8707,76
2022-02-11,Butte,007,227075,32174,31601,6594,38195,360
2022-02-11,Calaveras,009,45235,7093,7022,322,7344,106
2022-02-11,Colusa,011,21464,3376,3345,1027,4372,21
2022-02-11,Contra Costa,013,1133247,183933,180270,12462,192732,1141
2022-02-11,Del Norte,015,27424,5409,5262,161,5423,45
2022-02-11,El Dorado,017,186661,26162,25692,3113,28805,188
2022-02-11,Fresno,019,978130,224822,219909,22782,242691,2509
2022-02-11,Glenn,021,27897,4874,4818,1563,6381,39
2022-02-11,Humboldt,023,135768,16222,16058,2756,18814,132
2022-02-11,Imperial,025,180216,54201,53304,10256,63560,860
2022-02-11,Inyo,027,18085,4017,3991,436,4427,52
2022-02-11,Kern,029,883053,188030,184639,44522,229161,2037
2022-02-11,Kings,031,150075,50043,48893,3400,52293,415
2022-02-11,Lake,033,64148,10143,9926,829,10755,123
2022-02-11,Lassen,035,31185,8600,8477,852,9329,55
2022-02-11,Los Angeles,037,10098052,2664527,2616426,120667,2737093,29364
2022-02-11,Madera,039,155013,36294,35710,5786,41496,330
2022-02-11,Marin,041,260295,32372,32048,2121,34169,255
2022-02-11,Mariposa,043,17540,2300,2286,185,2471,6
2022-02-11,Mendocino,045,87422,12638,12439,2801,15240,107
2022-02-11,Merced,047,269075,60700,60187,8178,68365,758
2022-02-11,Modoc,049,8938,708,697,233,930,6
2022-02-11,Mono,051,14174,2943,2939,118,3057,5
2022-02-11,Monterey,053,433212,77094,74842,12653,87495,672
2022-02-11,Napa,055,140530,24785,24530,900,25430,124
2022-02-11,Nevada,057,99092,15563,15499,1124,16623,119
2022-02-11,Orange,059,3164182,537109,534503,39973,574476,6305
2022-02-11,Placer,061,380077,61416,60636,7133,67769,554
2022-02-11,Plumas,063,18699,2893,2617,340,2957,13
2022-02-11,Riverside,065,2383286,582520,575566,26994,602560,5961
2022-02-11,Sacramento,067,1510023,274115,266347,25500,291847,2686
2022-02-11,San Benito,069,59416,12572,12526,498,13024,91
2022-02-11,San Bernardino,071,2135413,562159,548822,24180,573002,6360
2022-02-11,San Diego,073,3302833,733687,720287,50811,771098,4854
2022-02-11,San Francisco,075,870044,119495,119113,7913,127026,740
2022-02-11,San Joaquin,077,732212,162806,161234,9553,170787,2014
2022-02-11,San Luis Obispo,079,281455,50746,50064,3557,53621,416
2022-02-11,San Mateo,081,765935,117990,115235,6617,121852,589
2022-02-11,Santa Barbara,083,443738,83676,83390,4549,87939,631
2022-02-11,Santa Clara,085,1922200,300427,298176,11822,309998,2093
2022-02-11,Santa Cruz,087,273765,45509,44447,2022,46469,239
2022-02-11,Shasta,089,179085,29662,29370,5884,35254,473
2022-02-11,Sierra,091,2930,269,268,45,313,0
2022-02-11,Siskiyou,093,43540,4299,4231,2599,6830,68
2022-02-11,Solano,095,438530,78954,77865,5370,83235,424
2022-02-11,Sonoma,097,501317,80960,79533,2409,81942,431
2022-02-11,Stanislaus,099,539301,114999,114531,17072,131603,1406
2022-02-11,Sutter,101,95872,19977,19800,1939,21739,211
2022-02-11,Tehama,103,63373,11737,11580,2547,14127,151
2022-02-11,Trinity,105,12862,1150,1115,272,1387,20
2022-02-11,Tulare,107,460477,103973,100434,26586,127020,1273
2022-02-11,Tuolumne,109,53932,12301,11754,522,12276,125
2022-02-11,Ventura,111,848112,169905,168736,9182,177918,1340
2022-02-11,Yolo,113,214977,35885,34773,2884,37657,286
2022-02-11,Yuba,115,75493,15395,15242,1131,16373,107
2022-02-10,Alameda,001,1643700,247495,242137,13012,255149,1668
2022-02-10,Alpine,003,1148,121,124,1,125,0
2022-02-10,Amador,005,37829,8195,8091,610,8701,76
2022-02-10,Butte,007,227075,32122,31601,6581,38182,360
2022-02-10,Calaveras,009,45235,7081,7022,320,7342,106
2022-02-10,Colusa,011,21464,3370,3345,1025,4370,21
2022-02-10,Contra Costa,013,1133247,183570,180270,12398,192668,1141
2022-02-10,Del Norte,015,27424,5380,5262,159,5421,45
2022-02-10,El Dorado,017,186661,26117,25692,3106,28798,188
2022-02-10,Fresno,019,978130,224242,219909,22696,242605,2509
2022-02-10,Glenn,021,27897,4870,4818,1561,6379,39
2022-02-10,Humboldt,023,135768,16172,16058,2734,18792,132
2022-02-10,Imperial,025,180216,54132,53304,10213,63517,860
2022-02-10,Inyo,027,18085,4013,3991,436,4427,52
2022-02-10,Kern,029,883053,187722,184639,44413,229052,2037
2022-02-10,Kings,031,150075,49932,48893,3389,52282,415
2022-02-10,Lake,033,64148,10112,9926,827,10753,123
2022-02-10,Lassen,035,31185,8586,8477,850,9327,55
2022-02-10,Los Angeles,037,10098052,2661372,2616426,120480,2736906,29364
2022-02-10,Madera,039,155013,36197,35710,5755,41465,330
2022-02-10,Marin,041,260295,32314,32048,2109,34157,255
2022-02-10,Mariposa,043,17540,2296,2286,184,2470,6
2022-02-10,Mendocino,045,87422,12616,12439,2778,15217,107
2022-02-10,Merced,047,269075,60575,60187,8125,68312,758
2022-02-10,Modoc,049,8938,707,697,232,929,6
2022-02-10,Mono,051,14174,2941,2939,117,3056,5
2022-02-10,Monterey,053,433212,76912,74842,12573,87415,672
2022-02-10,Napa,055,140530,24720,24530,898,25428,124
2022-02-10,Nevada,057,99092,15538,15499,1123,16622,119
2022-02-10,Orange,059,3164182,536460,534503,39906,574409,6305
2022-02-10,Placer,061,380077,61335,60636,7124,67760,554
2022-02-10,Plumas,063,18699,2890,2617,333,2950,13
2022-02-10,Riverside,065,2383286,581793,575566,26938,602504,5961
2022-02-10,Sacramento,067,1510023,273633,266347,25412,291759,2686
2022-02-10,San Benito,069,59416,12551,12526,496,13022,91
2022-02-10,San Bernardino,071,2135413,561617,548822,24150,572972,6360
2022-02-10,San Diego,073,3302833,732580,720287,50691,770978,4854
2022-02-10,San Francisco,075,870044,119282,119113,7896,127009,740
2022-02-10,San Joaquin,077,732212,162493,161234,9545,170779,2014
2022-02-10,San Luis Obispo,079,281455,50647,50064,3546,53610,416
2022-02-10,San Mateo,081,765935,117765,115235,6600,121835,589
2022-02-10,Santa Barbara,083,443738,83492,83390,4543,87933,631
2022-02-10,Santa Clara,085,1922200,299760,298176,11766,309942,2093
2022-02-10,Santa Cruz,087,273765,45365,44447,2021,46468,239
2022-02-10,Shasta,089,179085,29600,29370,5864,35234,473
2022-02-10,Sierra,091,2930,269,268,45,313,0
2022-02-10,Siskiyou,093,43540,4294,4231,2586,6817,68
2022-02-10,Solano,095,438530,78761,77865,5351,83216,424
2022-02-10,Sonoma,097,501317,80824,79533,2394,81927,431
2022-02-10,Stanislaus,099,539301,114820,114531,17034,131565,1406
2022-02-10,Sutter,101,95872,19938,19800,1924,21724,211
2022-02-10,Tehama,103,63373,11707,11580,2544,14124,151
2022-02-10,Trinity,105,12862,1147,1115,271,1386,20
2022-02-10,Tulare,107,460477,103786,100434,26509,126943,1273
2022-02-10,Tuolumne,109,53932,12279,11754,517,12271,125
2022-02-10,Ventura,111,848112,169624,168736,9168,177904,1340
2022-02-10,Yolo,113,214977,35808,34773,2878,37651,286
2022-02-10,Yuba,115,75493,15363,15242,1126,16368,107
2022-02-09,Alameda,001,1643700,246962,241141,12956,254097,1668
2022-02-09,Alpine,003,1148,120,124,1,125,0
2022-02-09,Amador,005,37829,8181,8069,605,8674,76
2022-02-09,Butte,007,227075,32029,31433,6567,38000,359
2022-02-09,Calaveras,009,45235,7066,7005,316,7321,106
2022-02-09,Colusa,011,21464,3367,3331,1024,4355,21
2022-02-09,Contra Costa,013,1133247,183216,179695,12352,192047,1132
2022-02-09,Del Norte,015,27424,5333,5204,158,5362,45
2022-02-09,El Dorado,017,186661,26080,25572,3094,28666,186
2022-02-09,Fresno,019,978130,223629,218989,22608,241597,2502
2022-02-09,Glenn,021,27897,4857,4804,1560,6364,39
2022-02-09,Humboldt,023,135768,16125,15929,2709,18638,131
2022-02-09,Imperial,025,180216,54029,53102,10140,63242,858
2022-02-09,Inyo,027,18085,4007,3989,435,4424,52
2022-02-09,Kern,029,883053,187346,184068,44299,228367,2021
2022-02-09,Kings,031,150075,49821,48718,3383,52101,410
2022-02-09,Lake,033,64148,10072,9880,822,10702,124
2022-02-09,Lassen,035,31185,8561,8459,849,9308,55
2022-02-09,Los Angeles,037,10098052,2657691,2611611,120346,2731957,29263
2022-02-09,Madera,039,155013,36099,35559,5725,41284,330
2022-02-09,Marin,041,260295,32264,31965,2102,34067,255
2022-02-09,Mariposa,043,17540,2293,2279,184,2463,6
2022-02-09,Mendocino,045,87422,12582,12378,2749,15127,107
2022-02-09,Merced,047,269075,60445,59952,8073,68025,755
2022-02-09,Modoc,049,8938,704,691,231,922,6
2022-02-09,Mono,051,14174,2939,2937,117,3054,5
2022-02-09,Monterey,053,433212,76710,74500,12487,86987,670
2022-02-09,Napa,055,140530,24674,24429,893,25322,123
2022-02-09,Nevada,057,99092,15517,15446,1121,16567,119
2022-02-09,Orange,059,3164182,535830,534316,39827,574143,6263
2022-02-09,Placer,061,380077,61240,60490,7104,67594,553
2022-02-09,Plumas,063,18699,2885,2609,329,2938,13
2022-02-09,Riverside,065,2383286,581050,573907,26893,600800,5911
2022-02-09,Sacramento,067,1510023,273067,265624,25296,290920,2673
2022-02-09,San Benito,069,59416,12527,12492,496,12988,91
2022-02-09,San Bernardino,071,2135413,561009,547768,24124,571892,6349
2022-02-09,San Diego,073,3302833,731223,717896,50581,768477,4832
2022-02-09,San Francisco,075,870044,119033,118550,7885,126435,731
2022-02-09,San Joaquin,077,732212,162188,160618,9535,170153,2014
2022-02-09,San Luis Obispo,079,281455,50501,49833,3541,53374,414
2022-02-09,San Mateo,081,765935,117577,114890,6560,121450,589
2022-02-09,Santa Barbara,083,443738,83310,82830,4537,87367,629
2022-02-09,Santa Clara,085,1922200,299042,297157,11708,308865,2090
2022-02-09,Santa Cruz,087,273765,45184,44200,2014,46214,239
2022-02-09,Shasta,089,179085,29531,29215,5843,35058,471
2022-02-09,Sierra,091,2930,268,268,44,312,0
2022-02-09,Siskiyou,093,43540,4280,4217,2580,6797,68
2022-02-09,Solano,095,438530,78570,77299,5340,82639,423
2022-02-09,Sonoma,097,501317,80650,79165,2387,81552,431
2022-02-09,Stanislaus,099,539301,114571,114039,16802,130841,1406
2022-02-09,Sutter,101,95872,19896,19758,1911,21669,207
2022-02-09,Tehama,103,63373,11680,11542,2540,14082,149
2022-02-09,Trinity,105,12862,1143,1110,270,1380,20
2022-02-09,Tulare,107,460477,103572,100049,26423,126472,1271
2022-02-09,Tuolumne,109,53932,12241,11702,514,12216,95
2022-02-09,Ventura,111,848112,169387,168253,9155,177408,1325
2022-02-09,Yolo,113,214977,35738,34588,2862,37450,285
2022-02-09,Yuba,115,75493,15332,15187,1115,16302,105
2022-02-08,Alameda,001,1643700,246328,240587,12883,253470,1651
2022-02-08,Alpine,003,1148,120,124,1,125,0
2022-02-08,Amador,005,37829,8173,8050,598,8648,76
2022-02-08,Butte,007,227075,31944,31353,6543,37896,359
2022-02-08,Calaveras,009,45235,7049,6981,314,7295,101
2022-02-08,Colusa,011,21464,3359,3320,1023,4343,21
2022-02-08,Contra Costa,013,1133247,182788,179078,12275,191353,1132
2022-02-08,Del Norte,015,27424,5308,5156,153,5309,44
2022-02-08,El Dorado,017,186661,26035,25446,3083,28529,186
2022-02-08,Fresno,019,978130,222882,218416,22503,240919,2502
2022-02-08,Glenn,021,27897,4840,4784,1556,6340,39
2022-02-08,Humboldt,023,135768,16064,15865,2677,18542,130
2022-02-08,Imperial,025,180216,53901,52977,10096,63073,855
2022-02-08,Inyo,027,18085,4002,3983,435,4418,52
2022-02-08,Kern,029,883053,187010,183519,44169,227688,2010
2022-02-08,Kings,031,150075,49661,48479,3371,51850,411
2022-02-08,Lake,033,64148,10042,9806,816,10622,125
2022-02-08,Lassen,035,31185,8552,8423,845,9268,55
2022-02-08,Los Angeles,037,10098052,2653351,2611204,120158,2731362,29259
2022-02-08,Madera,039,155013,35992,35381,5669,41050,330
2022-02-08,Marin,041,260295,32190,31878,2097,33975,255
2022-02-08,Mariposa,043,17540,2291,2266,176,2442,6
2022-02-08,Mendocino,045,87422,12550,12336,2718,15054,107
2022-02-08,Merced,047,269075,60335,59789,8014,67803,751
2022-02-08,Modoc,049,8938,700,684,231,915,6
2022-02-08,Mono,051,14174,2938,2932,117,3049,5
2022-02-08,Monterey,053,433212,76503,74316,12401,86717,670
2022-02-08,Napa,055,140530,24601,24346,886,25232,121
2022-02-08,Nevada,057,99092,15490,15383,1118,16501,117
2022-02-08,Orange,059,3164182,535143,533507,39739,573246,6205
2022-02-08,Placer,061,380077,61132,60301,7092,67393,553
2022-02-08,Plumas,063,18699,2874,2596,322,2918,13
2022-02-08,Riverside,065,2383286,580220,571892,26821,598713,5908
2022-02-08,Sacramento,067,1510023,272397,264479,25121,289600,2664
2022-02-08,San Benito,069,59416,12503,12434,494,12928,91
2022-02-08,San Bernardino,071,2135413,560297,544658,24080,568738,6335
2022-02-08,San Diego,073,3302833,729650,717896,50451,768347,4832
2022-02-08,San Francisco,075,870044,118721,117942,7876,125818,731
2022-02-08,San Joaquin,077,732212,161805,160147,9517,169664,2005
2022-02-08,San Luis Obispo,079,281455,50336,49556,3511,53067,410
2022-02-08,San Mateo,081,765935,117359,114541,6531,121072,589
2022-02-08,Santa Barbara,083,443738,83142,82461,4512,86973,627
2022-02-08,Santa Clara,085,1922200,298161,295679,11661,307340,2091
2022-02-08,Santa Cruz,087,273765,45029,43884,2009,45893,239
2022-02-08,Shasta,089,179085,29448,29084,5815,34899,470
2022-02-08,Sierra,091,2930,268,267,44,311,0
2022-02-08,Siskiyou,093,43540,4270,4191,2571,6762,68
2022-02-08,Solano,095,438530,78340,77031,5325,82356,421
2022-02-08,Sonoma,097,501317,80436,78798,2365,81163,431
2022-02-08,Stanislaus,099,539301,114318,113733,16727,130460,1406
2022-02-08,Sutter,101,95872,19858,19717,1899,21616,203
2022-02-08,Tehama,103,63373,11653,11491,2533,14024,149
2022-02-08,Trinity,105,12862,1137,1110,270,1380,20
2022-02-08,Tulare,107,460477,103281,99694,26292,125986,1267
2022-02-08,Tuolumne,109,53932,12217,11665,512,12177,92
2022-02-08,Ventura,111,848112,169150,167830,9140,176970,1325
2022-02-08,Yolo,113,214977,35656,34462,2849,37311,281
2022-02-08,Yuba,115,75493,15287,15126,1093,16219,107
2022-02-07,Alameda,001,1643700,245616,238678,12817,251495,1643
2022-02-07,Alpine,003,1148,120,124,1,125,0
2022-02-07,Amador,005,37829,8145,7980,590,8570,75
2022-02-07,Butte,007,227075,31855,31184,6515,37699,355
2022-02-07,Calaveras,009,45235,7027,6910,313,7223,100
2022-02-07,Colusa,011,21464,3348,3283,1018,4301,21
2022-02-07,Contra Costa,013,1133247,182322,177767,12203,189970,1130
2022-02-07,Del Norte,015,27424,5267,5093,148,5241,44
2022-02-07,El Dorado,017,186661,25972,25257,3072,28329,185
2022-02-07,Fresno,019,978130,222029,216495,22358,238853,2493
2022-02-07,Glenn,021,27897,4833,4762,1552,6314,39
2022-02-07,Humboldt,023,135768,15989,15764,2652,18416,129
2022-02-07,Imperial,025,180216,53787,52689,10027,62716,853
2022-02-07,Inyo,027,18085,3997,3976,429,4405,51
2022-02-07,Kern,029,883053,186537,182047,44005,226052,1998
2022-02-07,Kings,031,150075,49477,48147,3354,51501,403
2022-02-07,Lake,033,64148,9996,9519,808,10327,125
2022-02-07,Lassen,035,31185,8534,8362,839,9201,55
2022-02-07,Los Angeles,037,10098052,2648890,2607438,119944,2727382,29210
2022-02-07,Madera,039,155013,35868,35083,5622,40705,330
2022-02-07,Marin,041,260295,32124,31670,2086,33756,255
2022-02-07,Mariposa,043,17540,2286,2253,172,2425,6
2022-02-07,Mendocino,045,87422,12492,12237,2680,14917,107
2022-02-07,Merced,047,269075,60208,59472,7921,67393,748
2022-02-07,Modoc,049,8938,696,679,231,910,6
2022-02-07,Mono,051,14174,2936,2917,117,3034,5
2022-02-07,Monterey,053,433212,76249,69433,12294,81727,670
2022-02-07,Napa,055,140530,24515,23237,877,24114,120
2022-02-07,Nevada,057,99092,15455,15268,1112,16380,113
2022-02-07,Orange,059,3164182,534380,531442,39658,571100,6179
2022-02-07,Placer,061,380077,61008,59894,7077,66971,546
2022-02-07,Plumas,063,18699,2863,2573,313,2886,13
2022-02-07,Riverside,065,2383286,579276,568874,26737,595611,5868
2022-02-07,Sacramento,067,1510023,271715,262834,24939,287773,2631
2022-02-07,San Benito,069,59416,12465,12285,492,12777,90
2022-02-07,San Bernardino,071,2135413,559501,542846,24042,566888,6335
2022-02-07,San Diego,073,3302833,727930,716244,50268,766512,4811
2022-02-07,San Francisco,075,870044,118382,113945,7851,121796,727
2022-02-07,San Joaquin,077,732212,161423,159358,9498,168856,1998
2022-02-07,San Luis Obispo,079,281455,50166,48994,3492,52486,406
2022-02-07,San Mateo,081,765935,117073,107060,6502,113562,589
2022-02-07,Santa Barbara,083,443738,82954,81608,4497,86105,624
2022-02-07,Santa Clara,085,1922200,297210,293360,11614,304974,2085
2022-02-07,Santa Cruz,087,273765,44813,43244,2005,45249,239
2022-02-07,Shasta,089,179085,29358,28900,5789,34689,468
2022-02-07,Sierra,091,2930,268,265,44,309,0
2022-02-07,Siskiyou,093,43540,4259,4157,2555,6712,68
2022-02-07,Solano,095,438530,78083,73934,5296,79230,420
2022-02-07,Sonoma,097,501317,80179,78296,2352,80648,431
2022-02-07,Stanislaus,099,539301,114060,113029,16585,129614,1406
2022-02-07,Sutter,101,95872,19826,19599,1871,21470,203
2022-02-07,Tehama,103,63373,11612,11418,2525,13943,146
2022-02-07,Trinity,105,12862,1133,1109,267,1376,20
2022-02-07,Tulare,107,460477,102922,98774,26162,124936,1263
2022-02-07,Tuolumne,109,53932,12169,11578,508,12086,92
2022-02-07,Ventura,111,848112,168832,166904,9125,176029,1324
2022-02-07,Yolo,113,214977,35545,34007,2835,36842,281
2022-02-07,Yuba,115,75493,15240,14998,1086,16084,105
2022-02-06,Alameda,001,1643700,244700,237188,12734,249922,1643
2022-02-06,Alpine,003,1148,120,123,1,124,0
2022-02-06,Amador,005,37829,8114,7922,578,8500,73
2022-02-06,Butte,007,227075,31728,31021,6465,37486,355
2022-02-06,Calaveras,009,45235,7000,6870,308,7178,99
2022-02-06,Colusa,011,21464,3338,3282,1017,4299,21
2022-02-06,Contra Costa,013,1133247,181692,176863,12048,188911,1128
2022-02-06,Del Norte,015,27424,5211,5038,146,5184,44
2022-02-06,El Dorado,017,186661,25909,25165,3060,28225,185
2022-02-06,Fresno,019,978130,221183,214726,22102,236828,2489
2022-02-06,Glenn,021,27897,4820,4738,1543,6281,39
2022-02-06,Humboldt,023,135768,15905,15658,2612,18270,128
2022-02-06,Imperial,025,180216,53600,52396,9981,62377,853
2022-02-06,Inyo,027,18085,3995,3970,426,4396,51
2022-02-06,Kern,029,883053,185985,181188,43765,224953,1996
2022-02-06,Kings,031,150075,49254,47669,3329,50998,401
2022-02-06,Lake,033,64148,9927,9468,791,10259,125
2022-02-06,Lassen,035,31185,8514,8326,834,9160,55
2022-02-06,Los Angeles,037,10098052,2643348,2602620,119685,2722305,29180
2022-02-06,Madera,039,155013,35684,34901,5530,40431,330
2022-02-06,Marin,041,260295,32027,31488,2073,33561,255
2022-02-06,Mariposa,043,17540,2278,2244,161,2405,6
2022-02-06,Mendocino,045,87422,12449,12169,2610,14779,107
2022-02-06,Merced,047,269075,59991,59112,7760,66872,748
2022-02-06,Modoc,049,8938,691,675,230,905,6
2022-02-06,Mono,051,14174,2931,2901,115,3016,5
2022-02-06,Monterey,053,433212,75883,67912,12137,80049,670
2022-02-06,Napa,055,140530,24396,23230,870,24100,120
2022-02-06,Nevada,057,99092,15390,15192,1099,16291,113
2022-02-06,Orange,059,3164182,533428,527906,39557,567463,6171
2022-02-06,Placer,061,380077,60832,59507,7051,66558,544
2022-02-06,Plumas,063,18699,2850,2559,304,2863,13
2022-02-06,Riverside,065,2383286,578135,568276,26660,594936,5865
2022-02-06,Sacramento,067,1510023,270846,261353,24679,286032,2631
2022-02-06,San Benito,069,59416,12410,12186,484,12670,90
2022-02-06,San Bernardino,071,2135413,558522,541103,23972,565075,6334
2022-02-06,San Diego,073,3302833,725869,709938,50029,759967,4786
2022-02-06,San Francisco,075,870044,117999,113115,7825,120940,728
2022-02-06,San Joaquin,077,732212,160858,158510,9459,167969,1997
2022-02-06,San Luis Obispo,079,281455,49941,48843,3435,52278,405
2022-02-06,San Mateo,081,765935,116734,105556,6463,112019,587
2022-02-06,Santa Barbara,083,443738,82636,81118,4460,85578,623
2022-02-06,Santa Clara,085,1922200,296102,291732,11498,303230,2075
2022-02-06,Santa Cruz,087,273765,44500,42952,1991,44943,239
2022-02-06,Shasta,089,179085,29235,28762,5740,34502,468
2022-02-06,Sierra,091,2930,268,265,44,309,0
2022-02-06,Siskiyou,093,43540,4238,4118,2529,6647,68
2022-02-06,Solano,095,438530,77785,73475,5253,78728,419
2022-02-06,Sonoma,097,501317,79844,77887,2337,80224,431
2022-02-06,Stanislaus,099,539301,113663,112521,16440,128961,1406
2022-02-06,Sutter,101,95872,19784,19523,1833,21356,203
2022-02-06,Tehama,103,63373,11572,11366,2505,13871,146
2022-02-06,Trinity,105,12862,1132,1102,266,1368,20
2022-02-06,Tulare,107,460477,102485,98260,25979,124239,1262
2022-02-06,Tuolumne,109,53932,12117,11507,491,11998,92
2022-02-06,Ventura,111,848112,168456,166235,9114,175349,1323
2022-02-06,Yolo,113,214977,35406,33784,2819,36603,281
2022-02-06,Yuba,115,75493,15195,14917,1077,15994,104
2022-02-05,Alameda,001,1643700,244285,235698,12725,248423,1638
2022-02-05,Alpine,003,1148,120,124,1,125,0
2022-02-05,Amador,005,37829,8105,7855,576,8431,71
2022-02-05,Butte,007,227075,31674,30733,6450,37183,355
2022-02-05,Calaveras,009,45235,6984,6789,308,7097,99
2022-02-05,Colusa,011,21464,3331,3234,1017,4251,21
2022-02-05,Contra Costa,013,1133247,181422,175871,12032,187903,1115
2022-02-05,Del Norte,015,27424,5169,4978,146,5124,44
2022-02-05,El Dorado,017,186661,25878,24813,3058,27871,185
2022-02-05,Fresno,019,978130,220839,213539,22081,235620,2477
2022-02-05,Glenn,021,27897,4818,4691,1536,6227,39
2022-02-05,Humboldt,023,135768,15857,15514,2609,18123,127
2022-02-05,Imperial,025,180216,53537,52153,9968,62121,853
2022-02-05,Inyo,027,18085,3992,3948,426,4374,51
2022-02-05,Kern,029,883053,185776,180296,43664,223960,1987
2022-02-05,Kings,031,150075,49167,47538,3322,50860,402
2022-02-05,Lake,033,64148,9908,9289,784,10073,124
2022-02-05,Lassen,035,31185,8503,8288,832,9120,55
2022-02-05,Los Angeles,037,10098052,2641165,2572702,119558,2692260,28947
2022-02-05,Madera,039,155013,35631,34471,5517,39988,329
2022-02-05,Marin,041,260295,31980,31299,2069,33368,255
2022-02-05,Mariposa,043,17540,2277,2222,160,2382,6
2022-02-05,Mendocino,045,87422,12421,12066,2608,14674,107
2022-02-05,Merced,047,269075,59898,58908,7753,66661,744
2022-02-05,Modoc,049,8938,690,664,230,894,6
2022-02-05,Mono,051,14174,2930,2904,115,3019,5
2022-02-05,Monterey,053,433212,75767,67342,12093,79435,666
2022-02-05,Napa,055,140530,24340,22973,869,23842,118
2022-02-05,Nevada,057,99092,15369,15002,1094,16096,113
2022-02-05,Orange,059,3164182,532986,527516,39467,566983,6134
2022-02-05,Placer,061,380077,60707,59043,7038,66081,533
2022-02-05,Plumas,063,18699,2849,2550,303,2853,13
2022-02-05,Riverside,065,2383286,577531,563991,26590,590581,5827
2022-02-05,Sacramento,067,1510023,270454,259437,24645,284082,2610
2022-02-05,San Benito,069,59416,12365,12142,484,12626,90
2022-02-05,San Bernardino,071,2135413,558011,539312,23952,563264,6322
2022-02-05,San Diego,073,3302833,725009,703957,49955,753912,4735
2022-02-05,San Francisco,075,870044,117790,112481,7798,120279,720
2022-02-05,San Joaquin,077,732212,160672,157420,9448,166868,1989
2022-02-05,San Luis Obispo,079,281455,49904,48361,3433,51794,404
2022-02-05,San Mateo,081,765935,116546,104810,6455,111265,587
2022-02-05,Santa Barbara,083,443738,82473,80478,4448,84926,617
2022-02-05,Santa Clara,085,1922200,295447,289262,11482,300744,2067
2022-02-05,Santa Cruz,087,273765,44426,42553,1988,44541,239
2022-02-05,Shasta,089,179085,29192,28604,5731,34335,466
2022-02-05,Sierra,091,2930,268,262,44,306,0
2022-02-05,Siskiyou,093,43540,4231,4106,2516,6622,67
2022-02-05,Solano,095,438530,77710,73112,5244,78356,415
2022-02-05,Sonoma,097,501317,79678,77213,2333,79546,431
2022-02-05,Stanislaus,099,539301,113460,111783,16417,128200,1406
2022-02-05,Sutter,101,95872,19754,19406,1827,21233,203
2022-02-05,Tehama,103,63373,11553,11259,2498,13757,146
2022-02-05,Trinity,105,12862,1130,1085,266,1351,20
2022-02-05,Tulare,107,460477,102316,97414,25898,123312,1254
2022-02-05,Tuolumne,109,53932,12092,11409,488,11897,91
2022-02-05,Ventura,111,848112,168230,165532,9098,174630,1308
2022-02-05,Yolo,113,214977,35321,33614,2804,36418,281
2022-02-05,Yuba,115,75493,15164,14801,1069,15870,105
2022-02-04,Alameda,001,1643700,243797,235698,12715,248413,1638
2022-02-04,Alpine,003,1148,120,124,1,125,0
2022-02-04,Amador,005,37829,8089,7855,572,8427,71
2022-02-04,Butte,007,227075,31614,30733,6438,37171,355
2022-02-04,Calaveras,009,45235,6974,6789,306,7095,99
2022-02-04,Colusa,011,21464,3326,3234,1015,4249,21
2022-02-04,Contra Costa,013,1133247,181096,175871,12004,187875,1115
2022-02-04,Del Norte,015,27424,5148,4978,146,5124,44
2022-02-04,El Dorado,017,186661,25842,24813,3055,27868,185
2022-02-04,Fresno,019,978130,220358,213539,22050,235589,2477
2022-02-04,Glenn,021,27897,4809,4691,1533,6224,39
2022-02-04,Humboldt,023,135768,15830,15514,2606,18120,127
2022-02-04,Imperial,025,180216,53460,52153,9951,62104,853
2022-02-04,Inyo,027,18085,3989,3948,426,4374,51
2022-02-04,Kern,029,883053,185551,180296,43540,223836,1987
2022-02-04,Kings,031,150075,49092,47538,3315,50853,402
2022-02-04,Lake,033,64148,9886,9289,781,10070,124
2022-02-04,Lassen,035,31185,8480,8288,832,9120,55
2022-02-04,Los Angeles,037,10098052,2638529,2572702,119429,2692131,28947
2022-02-04,Madera,039,155013,35548,34471,5509,39980,329
2022-02-04,Marin,041,260295,31916,31299,2060,33359,255
2022-02-04,Mariposa,043,17540,2275,2222,158,2380,6
2022-02-04,Mendocino,045,87422,12390,12066,2606,14672,107
2022-02-04,Merced,047,269075,59817,58908,7743,66651,744
2022-02-04,Modoc,049,8938,690,664,230,894,6
2022-02-04,Mono,051,14174,2928,2904,115,3019,5
2022-02-04,Monterey,053,433212,75577,67342,12050,79392,666
2022-02-04,Napa,055,140530,24293,22973,865,23838,118
2022-02-04,Nevada,057,99092,15335,15002,1090,16092,113
2022-02-04,Orange,059,3164182,532436,527516,39410,566926,6134
2022-02-04,Placer,061,380077,60603,59043,7027,66070,533
2022-02-04,Plumas,063,18699,2842,2550,302,2852,13
2022-02-04,Riverside,065,2383286,576819,563991,26578,590569,5827
2022-02-04,Sacramento,067,1510023,269951,259437,24622,284059,2610
2022-02-04,San Benito,069,59416,12346,12142,482,12624,90
2022-02-04,San Bernardino,071,2135413,557431,539312,23931,563243,6322
2022-02-04,San Diego,073,3302833,723875,703957,49881,753838,4735
2022-02-04,San Francisco,075,870044,117549,112481,7773,120254,720
2022-02-04,San Joaquin,077,732212,160442,157420,9437,166857,1989
2022-02-04,San Luis Obispo,079,281455,49843,48361,3426,51787,404
2022-02-04,San Mateo,081,765935,116316,104810,6441,111251,587
2022-02-04,Santa Barbara,083,443738,82323,80478,4447,84925,617
2022-02-04,Santa Clara,085,1922200,294779,289262,11461,300723,2067
2022-02-04,Santa Cruz,087,273765,44221,42553,1984,44537,239
2022-02-04,Shasta,089,179085,29139,28604,5720,34324,466
2022-02-04,Sierra,091,2930,268,262,44,306,0
2022-02-04,Siskiyou,093,43540,4223,4106,2509,6615,67
2022-02-04,Solano,095,438530,77518,73112,5206,78318,415
2022-02-04,Sonoma,097,501317,79519,77213,2252,79465,431
2022-02-04,Stanislaus,099,539301,113279,111783,16392,128175,1406
2022-02-04,Sutter,101,95872,19730,19406,1820,21226,203
2022-02-04,Tehama,103,63373,11538,11259,2497,13756,146
2022-02-04,Trinity,105,12862,1129,1085,265,1350,20
2022-02-04,Tulare,107,460477,102133,97414,25817,123231,1254
2022-02-04,Tuolumne,109,53932,12079,11409,487,11896,91
2022-02-04,Ventura,111,848112,167961,165532,9090,174622,1308
2022-02-04,Yolo,113,214977,35228,33614,2798,36412,281
2022-02-04,Yuba,115,75493,15146,14801,1069,15870,105
2022-02-03,Alameda,001,1643700,243028,235698,12653,248351,1638
2022-02-03,Alpine,003,1148,120,124,1,125,0
2022-02-03,Amador,005,37829,8069,7855,567,8422,71
2022-02-03,Butte,007,227075,31505,30733,6409,37142,355
2022-02-03,Calaveras,009,45235,6944,6789,303,7092,99
2022-02-03,Colusa,011,21464,3313,3234,1013,4247,21
2022-02-03,Contra Costa,013,1133247,180498,175871,11906,187777,1115
2022-02-03,Del Norte,015,27424,5104,4978,143,5121,44
2022-02-03,El Dorado,017,186661,25771,24813,3049,27862,185
2022-02-03,Fresno,019,978130,219428,213539,21884,235423,2477
2022-02-03,Glenn,021,27897,4792,4691,1516,6207,39
2022-02-03,Humboldt,023,135768,15754,15514,2570,18084,127
2022-02-03,Imperial,025,180216,53316,52153,9901,62054,853
2022-02-03,Inyo,027,18085,3986,3948,422,4370,51
2022-02-03,Kern,029,883053,185088,180296,43326,223622,1987
2022-02-03,Kings,031,150075,48935,47538,3308,50846,402
2022-02-03,Lake,033,64148,9832,9289,775,10064,124
2022-02-03,Lassen,035,31185,8456,8288,831,9119,55
2022-02-03,Los Angeles,037,10098052,2633100,2572702,119166,2691868,28947
2022-02-03,Madera,039,155013,35411,34471,5465,39936,329
2022-02-03,Marin,041,260295,31820,31299,2055,33354,255
2022-02-03,Mariposa,043,17540,2263,2222,155,2377,6
2022-02-03,Mendocino,045,87422,12346,12066,2583,14649,107
2022-02-03,Merced,047,269075,59667,58908,7647,66555,744
2022-02-03,Modoc,049,8938,687,664,230,894,6
2022-02-03,Mono,051,14174,2923,2904,114,3018,5
2022-02-03,Monterey,053,433212,75290,67342,11858,79200,666
2022-02-03,Napa,055,140530,24161,22973,865,23838,118
2022-02-03,Nevada,057,99092,15294,15002,1080,16082,113
2022-02-03,Orange,059,3164182,531512,527516,39318,566834,6134
2022-02-03,Placer,061,380077,60406,59043,7004,66047,533
2022-02-03,Plumas,063,18699,2828,2550,298,2848,13
2022-02-03,Riverside,065,2383286,575621,563991,26507,590498,5827
2022-02-03,Sacramento,067,1510023,268996,259437,24434,283871,2610
2022-02-03,San Benito,069,59416,12319,12142,479,12621,90
2022-02-03,San Bernardino,071,2135413,556415,539312,23892,563204,6322
2022-02-03,San Diego,073,3302833,721903,703957,49718,753675,4735
2022-02-03,San Francisco,075,870044,117213,112481,7743,120224,720
2022-02-03,San Joaquin,077,732212,159960,157420,9408,166828,1989
2022-02-03,San Luis Obispo,079,281455,49644,48361,3411,51772,404
2022-02-03,San Mateo,081,765935,115964,104810,6408,111218,587
2022-02-03,Santa Barbara,083,443738,81965,80478,4418,84896,617
2022-02-03,Santa Clara,085,1922200,293611,289262,11352,300614,2067
2022-02-03,Santa Cruz,087,273765,43881,42553,1977,44530,239
2022-02-03,Shasta,089,179085,29035,28604,5693,34297,466
2022-02-03,Sierra,091,2930,268,262,44,306,0
2022-02-03,Siskiyou,093,43540,4208,4106,2493,6599,67
2022-02-03,Solano,095,438530,77187,73112,5187,78299,415
2022-02-03,Sonoma,097,501317,79222,77213,2245,79458,431
2022-02-03,Stanislaus,099,539301,112901,111783,16308,128091,1406
2022-02-03,Sutter,101,95872,19678,19406,1804,21210,203
2022-02-03,Tehama,103,63373,11507,11259,2489,13748,146
2022-02-03,Trinity,105,12862,1127,1085,264,1349,20
2022-02-03,Tulare,107,460477,101729,97414,25678,123092,1254
2022-02-03,Tuolumne,109,53932,12038,11409,475,11884,91
2022-02-03,Ventura,111,848112,167576,165532,9078,174610,1308
2022-02-03,Yolo,113,214977,35119,33614,2784,36398,281
2022-02-03,Yuba,115,75493,15096,14801,1053,15854,105
2022-02-02,Alameda,001,1643700,242082,234300,12550,246850,1632
2022-02-02,Alpine,003,1148,120,123,1,124,0
2022-02-02,Amador,005,37829,8039,7781,558,8339,71
2022-02-02,Butte,007,227075,31395,30550,6376,36926,355
2022-02-02,Calaveras,009,45235,6918,6753,299,7052,99
2022-02-02,Colusa,011,21464,3298,3211,1012,4223,21
2022-02-02,Contra Costa,013,1133247,179902,174876,11815,186691,1113
2022-02-02,Del Norte,015,27424,5062,4924,139,5063,44
2022-02-02,El Dorado,017,186661,25704,24690,3031,27721,185
2022-02-02,Fresno,019,978130,218417,211976,21753,233729,2463
2022-02-02,Glenn,021,27897,4768,4667,1506,6173,39
2022-02-02,Humboldt,023,135768,15693,15392,2531,17923,127
2022-02-02,Imperial,025,180216,53121,51875,9774,61649,853
2022-02-02,Inyo,027,18085,3980,3944,421,4365,51
2022-02-02,Kern,029,883053,184492,179386,43112,222498,1974
2022-02-02,Kings,031,150075,48744,47061,3283,50344,401
2022-02-02,Lake,033,64148,9774,9235,768,10003,120
2022-02-02,Lassen,035,31185,8443,8258,822,9080,55
2022-02-02,Los Angeles,037,10098052,2626875,2561902,118779,2680681,28850
2022-02-02,Madera,039,155013,35243,34265,5393,39658,329
2022-02-02,Marin,041,260295,31717,31149,2045,33194,255
2022-02-02,Mariposa,043,17540,2252,2215,151,2366,6
2022-02-02,Mendocino,045,87422,12293,11996,2544,14540,105
2022-02-02,Merced,047,269075,59491,58532,7564,66096,744
2022-02-02,Modoc,049,8938,681,662,230,892,6
2022-02-02,Mono,051,14174,2912,2887,114,3001,5
2022-02-02,Monterey,053,433212,74899,66852,11678,78530,666
2022-02-02,Napa,055,140530,24040,22859,852,23711,117
2022-02-02,Nevada,057,99092,15236,14895,1058,15953,112
2022-02-02,Orange,059,3164182,530456,524418,39225,563643,6127
2022-02-02,Placer,061,380077,60214,58654,6975,65629,533
2022-02-02,Plumas,063,18699,2812,2540,295,2835,12
2022-02-02,Riverside,065,2383286,574342,561220,26460,587680,5827
2022-02-02,Sacramento,067,1510023,267992,258078,24229,282307,2602
2022-02-02,San Benito,069,59416,12280,12058,475,12533,90
2022-02-02,San Bernardino,071,2135413,555404,537485,23831,561316,6317
2022-02-02,San Diego,073,3302833,719701,703957,49537,753494,4735
2022-02-02,San Francisco,075,870044,116845,112008,7727,119735,714
2022-02-02,San Joaquin,077,732212,159384,156537,9385,165922,1986
2022-02-02,San Luis Obispo,079,281455,49446,48119,3398,51517,403
2022-02-02,San Mateo,081,765935,115589,104201,6344,110545,587
2022-02-02,Santa Barbara,083,443738,81622,79979,4387,84366,612
2022-02-02,Santa Clara,085,1922200,292465,287443,11239,298682,2051
2022-02-02,Santa Cruz,087,273765,43591,42127,1966,44093,239
2022-02-02,Shasta,089,179085,28933,28429,5648,34077,465
2022-02-02,Sierra,091,2930,268,262,44,306,0
2022-02-02,Siskiyou,093,43540,4198,4078,2464,6542,67
2022-02-02,Solano,095,438530,76830,72711,5160,77871,414
2022-02-02,Sonoma,097,501317,78909,76681,2232,78913,431
2022-02-02,Stanislaus,099,539301,112505,111167,16180,127347,1403
2022-02-02,Sutter,101,95872,19613,19290,1775,21065,203
2022-02-02,Tehama,103,63373,11451,11193,2470,13663,146
2022-02-02,Trinity,105,12862,1124,1074,262,1336,20
2022-02-02,Tulare,107,460477,101339,96820,25526,122346,1249
2022-02-02,Tuolumne,109,53932,11961,11342,472,11814,91
2022-02-02,Ventura,111,848112,167177,164905,9059,173964,1292
2022-02-02,Yolo,113,214977,34993,33332,2761,36093,281
2022-02-02,Yuba,115,75493,15031,14720,1045,15765,104
2022-02-01,Alameda,001,1643700,241005,233782,12447,246229,1620
2022-02-01,Alpine,003,1148,120,123,1,124,0
2022-02-01,Amador,005,37829,7993,7783,552,8335,73
2022-02-01,Butte,007,227075,31258,30496,6337,36833,355
2022-02-01,Calaveras,009,45235,6881,6749,295,7044,98
2022-02-01,Colusa,011,21464,3282,3202,993,4195,21
2022-02-01,Contra Costa,013,1133247,179164,174379,11676,186055,1115
2022-02-01,Del Norte,015,27424,5014,4907,136,5043,44
2022-02-01,El Dorado,017,186661,25645,24664,3014,27678,184
2022-02-01,Fresno,019,978130,217253,211352,21594,232946,2464
2022-02-01,Glenn,021,27897,4754,4649,1496,6145,39
2022-02-01,Humboldt,023,135768,15611,15354,2503,17857,127
2022-02-01,Imperial,025,180216,52907,51675,9709,61384,846
2022-02-01,Inyo,027,18085,3970,3928,418,4346,51
2022-02-01,Kern,029,883053,183845,178987,42867,221854,1967
2022-02-01,Kings,031,150075,48485,46959,3260,50219,400
2022-02-01,Lake,033,64148,9718,9211,761,9972,119
2022-02-01,Lassen,035,31185,8425,8231,818,9049,55
2022-02-01,Los Angeles,037,10098052,2619685,2548794,118406,2667200,28752
2022-02-01,Madera,039,155013,35022,34124,5312,39436,329
2022-02-01,Marin,041,260295,31594,31099,2029,33128,255
2022-02-01,Mariposa,043,17540,2245,2210,150,2360,6
2022-02-01,Mendocino,045,87422,12231,11978,2507,14485,105
2022-02-01,Merced,047,269075,59307,58362,7441,65803,743
2022-02-01,Modoc,049,8938,674,664,230,894,6
2022-02-01,Mono,051,14174,2906,2888,114,3002,5
2022-02-01,Monterey,053,433212,74478,66553,11483,78036,665
2022-02-01,Napa,055,140530,23941,22795,836,23631,116
2022-02-01,Nevada,057,99092,15175,14863,1045,15908,112
2022-02-01,Orange,059,3164182,529306,523741,39082,562823,6108
2022-02-01,Placer,061,380077,59966,58486,6937,65423,532
2022-02-01,Plumas,063,18699,2797,2526,292,2818,12
2022-02-01,Riverside,065,2383286,572953,560010,26412,586422,5825
2022-02-01,Sacramento,067,1510023,266941,257504,23965,281469,2593
2022-02-01,San Benito,069,59416,12214,12053,472,12525,90
2022-02-01,San Bernardino,071,2135413,554134,536591,23767,560358,6311
2022-02-01,San Diego,073,3302833,717180,701009,49319,750328,4710
2022-02-01,San Francisco,075,870044,116379,111606,7708,119314,713
2022-02-01,San Joaquin,077,732212,158854,156300,9362,165662,1987
2022-02-01,San Luis Obispo,079,281455,49217,47842,3336,51178,403
2022-02-01,San Mateo,081,765935,115121,103868,6302,110170,589
2022-02-01,Santa Barbara,083,443738,81177,79659,4351,84010,608
2022-02-01,Santa Clara,085,1922200,290945,286109,11134,297243,2070
2022-02-01,Santa Cruz,087,273765,43292,41782,1950,43732,239
2022-02-01,Shasta,089,179085,28814,28382,5595,33977,465
2022-02-01,Sierra,091,2930,266,262,44,306,0
2022-02-01,Siskiyou,093,43540,4184,4072,2437,6509,66
2022-02-01,Solano,095,438530,76560,72494,5139,77633,415
2022-02-01,Sonoma,097,501317,78549,76379,2210,78589,431
2022-02-01,Stanislaus,099,539301,112094,110925,16080,127005,1403
2022-02-01,Sutter,101,95872,19545,19256,1742,20998,202
2022-02-01,Tehama,103,63373,11394,11165,2457,13622,146
2022-02-01,Trinity,105,12862,1120,1073,262,1335,19
2022-02-01,Tulare,107,460477,100847,96467,25328,121795,1247
2022-02-01,Tuolumne,109,53932,11911,11318,463,11781,91
2022-02-01,Ventura,111,848112,166672,164721,9034,173755,1293
2022-02-01,Yolo,113,214977,34842,33257,2735,35992,275
2022-02-01,Yuba,115,75493,14970,14693,1038,15731,103
2022-01-31,Alameda,001,1643700,239653,232743,12332,245075,1607
2022-01-31,Alpine,003,1148,119,123,1,124,0
2022-01-31,Amador,005,37829,7940,7682,535,8217,73
2022-01-31,Butte,007,227075,31090,30371,6292,36663,354
2022-01-31,Calaveras,009,45235,6845,6700,284,6984,96
2022-01-31,Colusa,011,21464,3270,3187,984,4171,21
2022-01-31,Contra Costa,013,1133247,178356,173466,11552,185018,1115
2022-01-31,Del Norte,015,27424,4980,4879,133,5012,43
2022-01-31,El Dorado,017,186661,25543,24545,2985,27530,184
2022-01-31,Fresno,019,978130,215767,210589,21399,231988,2464
2022-01-31,Glenn,021,27897,4718,4641,1484,6125,39
2022-01-31,Humboldt,023,135768,15522,15308,2470,17778,126
2022-01-31,Imperial,025,180216,52691,51472,9600,61072,846
2022-01-31,Inyo,027,18085,3959,3922,412,4334,50
2022-01-31,Kern,029,883053,183064,178375,42551,220926,1967
2022-01-31,Kings,031,150075,48128,46845,3226,50071,398
2022-01-31,Lake,033,64148,9645,9141,749,9890,119
2022-01-31,Lassen,035,31185,8394,8162,812,8974,55
2022-01-31,Los Angeles,037,10098052,2611450,2541189,118002,2659191,28718
2022-01-31,Madera,039,155013,34807,33886,5216,39102,329
2022-01-31,Marin,041,260295,31469,31023,2012,33035,253
2022-01-31,Mariposa,043,17540,2235,2203,141,2344,6
2022-01-31,Mendocino,045,87422,12165,11896,2466,14362,104
2022-01-31,Merced,047,269075,59028,58198,7252,65450,740
2022-01-31,Modoc,049,8938,671,661,230,891,6
2022-01-31,Mono,051,14174,2892,2889,114,3003,5
2022-01-31,Monterey,053,433212,74027,66117,11270,77387,661
2022-01-31,Napa,055,140530,23773,22707,819,23526,113
2022-01-31,Nevada,057,99092,15099,14813,1032,15845,112
2022-01-31,Orange,059,3164182,527982,522358,38947,561305,6098
2022-01-31,Placer,061,380077,59718,58252,6906,65158,523
2022-01-31,Plumas,063,18699,2784,2513,290,2803,12
2022-01-31,Riverside,065,2383286,571136,558166,26348,584514,5785
2022-01-31,Sacramento,067,1510023,265646,256594,23713,280307,2571
2022-01-31,San Benito,069,59416,12155,11976,471,12447,90
2022-01-31,San Bernardino,071,2135413,552498,535276,23686,558962,6302
2022-01-31,San Diego,073,3302833,714272,698571,49058,747629,4686
2022-01-31,San Francisco,075,870044,115971,111119,7674,118793,712
2022-01-31,San Joaquin,077,732212,158096,155736,9331,165067,1985
2022-01-31,San Luis Obispo,079,281455,48963,47656,3279,50935,395
2022-01-31,San Mateo,081,765935,114611,103313,6244,109557,589
2022-01-31,Santa Barbara,083,443738,80669,79267,4309,83576,606
2022-01-31,Santa Clara,085,1922200,289271,284562,11027,295589,2041
2022-01-31,Santa Cruz,087,273765,42913,41630,1943,43573,239
2022-01-31,Shasta,089,179085,28683,28190,5554,33744,462
2022-01-31,Sierra,091,2930,266,261,44,305,0
2022-01-31,Siskiyou,093,43540,4168,4054,2421,6475,66
2022-01-31,Solano,095,438530,75857,72258,5092,77350,414
2022-01-31,Sonoma,097,501317,78094,76199,2180,78379,431
2022-01-31,Stanislaus,099,539301,111566,110493,15911,126404,1403
2022-01-31,Sutter,101,95872,19465,19189,1692,20881,202
2022-01-31,Tehama,103,63373,11332,11112,2428,13540,145
2022-01-31,Trinity,105,12862,1115,1071,259,1330,19
2022-01-31,Tulare,107,460477,100207,96053,25095,121148,1245
2022-01-31,Tuolumne,109,53932,11821,11278,456,11734,91
2022-01-31,Ventura,111,848112,166136,164060,9009,173069,1286
2022-01-31,Yolo,113,214977,34680,33175,2708,35883,274
2022-01-31,Yuba,115,75493,14907,14652,1018,15670,103
2022-01-30,Alameda,001,1643700,238096,231838,12181,244019,1607
2022-01-30,Alpine,003,1148,119,123,1,124,0
2022-01-30,Amador,005,37829,7889,7644,512,8156,73
2022-01-30,Butte,007,227075,30888,30255,6215,36470,354
2022-01-30,Calaveras,009,45235,6790,6676,273,6949,96
2022-01-30,Colusa,011,21464,3250,3168,975,4143,21
2022-01-30,Contra Costa,013,1133247,177400,172902,11353,184255,1102
2022-01-30,Del Norte,015,27424,4939,4833,130,4963,43
2022-01-30,El Dorado,017,186661,25422,24491,2958,27449,184
2022-01-30,Fresno,019,978130,214206,209645,21144,230789,2463
2022-01-30,Glenn,021,27897,4687,4619,1475,6094,39
2022-01-30,Humboldt,023,135768,15410,15247,2414,17661,126
2022-01-30,Imperial,025,180216,52365,51415,9430,60845,846
2022-01-30,Inyo,027,18085,3942,3921,409,4330,50
2022-01-30,Kern,029,883053,182199,177924,42230,220154,1967
2022-01-30,Kings,031,150075,47776,46654,3169,49823,398
2022-01-30,Lake,033,64148,9556,9080,728,9808,119
2022-01-30,Lassen,035,31185,8370,8158,804,8962,55
2022-01-30,Los Angeles,037,10098052,2601373,2530739,117528,2648267,28678
2022-01-30,Madera,039,155013,34508,33752,5032,38784,329
2022-01-30,Marin,041,260295,31321,30875,1998,32873,253
2022-01-30,Mariposa,043,17540,2223,2177,136,2313,6
2022-01-30,Mendocino,045,87422,12092,11860,2360,14220,104
2022-01-30,Merced,047,269075,58663,58006,6961,64967,740
2022-01-30,Modoc,049,8938,668,661,230,891,6
2022-01-30,Mono,051,14174,2886,2888,114,3002,5
2022-01-30,Monterey,053,433212,73440,65996,10991,76987,661
2022-01-30,Napa,055,140530,23605,22588,802,23390,114
2022-01-30,Nevada,057,99092,15011,14741,1016,15757,112
2022-01-30,Orange,059,3164182,526350,521334,38799,560133,6098
2022-01-30,Placer,061,380077,59388,58030,6866,64896,523
2022-01-30,Plumas,063,18699,2759,2510,276,2786,12
2022-01-30,Riverside,065,2383286,569071,557088,26248,583336,5767
2022-01-30,Sacramento,067,1510023,264187,255715,23221,278936,2572
2022-01-30,San Benito,069,59416,12089,11945,466,12411,90
2022-01-30,San Bernardino,071,2135413,550756,534050,23580,557630,6302
2022-01-30,San Diego,073,3302833,710733,687145,48634,735779,4665
2022-01-30,San Francisco,075,870044,115423,110772,7640,118412,712
2022-01-30,San Joaquin,077,732212,157110,155165,9296,164461,1985
2022-01-30,San Luis Obispo,079,281455,48566,47599,3243,50842,394
2022-01-30,San Mateo,081,765935,114037,102979,6199,109178,589
2022-01-30,Santa Barbara,083,443738,79992,79072,4248,83320,606
2022-01-30,Santa Clara,085,1922200,287307,282846,10896,293742,2035
2022-01-30,Santa Cruz,087,273765,42454,41330,1935,43265,239
2022-01-30,Shasta,089,179085,28523,28105,5470,33575,462
2022-01-30,Sierra,091,2930,266,261,44,305,0
2022-01-30,Siskiyou,093,43540,4138,4039,2374,6413,66
2022-01-30,Solano,095,438530,75332,71857,5040,76897,414
2022-01-30,Sonoma,097,501317,77576,75890,2152,78042,431
2022-01-30,Stanislaus,099,539301,110910,110111,15714,125825,1403
2022-01-30,Sutter,101,95872,19373,19108,1595,20703,202
2022-01-30,Tehama,103,63373,11260,11071,2398,13469,145
2022-01-30,Trinity,105,12862,1109,1068,259,1327,19
2022-01-30,Tulare,107,460477,99461,95676,24835,120511,1245
2022-01-30,Tuolumne,109,53932,11714,11242,419,11661,91
2022-01-30,Ventura,111,848112,165556,163521,8979,172500,1286
2022-01-30,Yolo,113,214977,34461,33043,2675,35718,274
2022-01-30,Yuba,115,75493,14817,14584,998,15582,103
2022-01-29,Alameda,001,1643700,237420,225602,12164,237766,1605
2022-01-29,Alpine,003,1148,119,123,1,124,0
2022-01-29,Amador,005,37829,7867,7505,509,8014,73
2022-01-29,Butte,007,227075,30801,29557,6187,35744,353
2022-01-29,Calaveras,009,45235,6771,6484,273,6757,96
2022-01-29,Colusa,011,21464,3245,3107,971,4078,21
2022-01-29,Contra Costa,013,1133247,176875,168003,11323,179326,1101
2022-01-29,Del Norte,015,27424,4921,4589,128,4717,43
2022-01-29,El Dorado,017,186661,25379,24008,2951,26959,184
2022-01-29,Fresno,019,978130,213749,202691,21103,223794,2457
2022-01-29,Glenn,021,27897,4680,4516,1468,5984,39
2022-01-29,Humboldt,023,135768,15363,14812,2407,17219,126
2022-01-29,Imperial,025,180216,52249,50153,9374,59527,845
2022-01-29,Inyo,027,18085,3940,3895,401,4296,50
2022-01-29,Kern,029,883053,181859,174456,42068,216524,1962
2022-01-29,Kings,031,150075,47658,45047,3162,48209,397
2022-01-29,Lake,033,64148,9523,8747,724,9471,119
2022-01-29,Lassen,035,31185,8349,7961,801,8762,55
2022-01-29,Los Angeles,037,10098052,2597471,2473332,117262,2590594,28467
2022-01-29,Madera,039,155013,34398,32753,5004,37757,329
2022-01-29,Marin,041,260295,31256,30137,1996,32133,253
2022-01-29,Mariposa,043,17540,2221,2117,134,2251,6
2022-01-29,Mendocino,045,87422,12068,11591,2344,13935,104
2022-01-29,Merced,047,269075,58556,56472,6956,63428,735
2022-01-29,Modoc,049,8938,668,654,230,884,6
2022-01-29,Mono,051,14174,2884,2860,114,2974,5
2022-01-29,Monterey,053,433212,73285,64090,10929,75019,658
2022-01-29,Napa,055,140530,23548,22121,800,22921,113
2022-01-29,Nevada,057,99092,14977,14337,1013,15350,112
2022-01-29,Orange,059,3164182,525647,511255,38693,549948,6038
2022-01-29,Placer,061,380077,59196,56562,6850,63412,523
2022-01-29,Plumas,063,18699,2749,2463,272,2735,12
2022-01-29,Riverside,065,2383286,568049,548121,26206,574327,5726
2022-01-29,Sacramento,067,1510023,263542,249130,23175,272305,2558
2022-01-29,San Benito,069,59416,12032,11670,465,12135,90
2022-01-29,San Bernardino,071,2135413,550008,525249,23538,548787,6297
2022-01-29,San Diego,073,3302833,709397,683027,48536,731563,4643
2022-01-29,San Francisco,075,870044,115148,108265,7592,115857,712
2022-01-29,San Joaquin,077,732212,156865,150849,9274,160123,1971
2022-01-29,San Luis Obispo,079,281455,48476,46374,3240,49614,391
2022-01-29,San Mateo,081,765935,113700,100306,6176,106482,586
2022-01-29,Santa Barbara,083,443738,79770,76546,4242,80788,604
2022-01-29,Santa Clara,085,1922200,286371,273879,10868,284747,2019
2022-01-29,Santa Cruz,087,273765,42323,39228,1933,41161,240
2022-01-29,Shasta,089,179085,28463,27504,5457,32961,452
2022-01-29,Sierra,091,2930,266,260,43,303,0
2022-01-29,Siskiyou,093,43540,4128,3987,2367,6354,66
2022-01-29,Solano,095,438530,75187,69862,5027,74889,407
2022-01-29,Sonoma,097,501317,77362,73439,2147,75586,427
2022-01-29,Stanislaus,099,539301,110661,107668,15667,123335,1403
2022-01-29,Sutter,101,95872,19325,18797,1579,20376,202
2022-01-29,Tehama,103,63373,11225,10880,2389,13269,145
2022-01-29,Trinity,105,12862,1106,1033,258,1291,19
2022-01-29,Tulare,107,460477,99205,93154,24763,117917,1237
2022-01-29,Tuolumne,109,53932,11689,10806,411,11217,91
2022-01-29,Ventura,111,848112,165226,160466,8960,169426,1271
2022-01-29,Yolo,113,214977,34346,32123,2659,34782,275
2022-01-29,Yuba,115,75493,14776,14295,996,15291,103
2022-01-28,Alameda,001,1643700,236474,225602,12147,237749,1605
2022-01-28,Alpine,003,1148,119,123,1,124,0
2022-01-28,Amador,005,37829,7841,7505,508,8013,73
2022-01-28,Butte,007,227075,30725,29557,6166,35723,353
2022-01-28,Calaveras,009,45235,6753,6484,272,6756,96
2022-01-28,Colusa,011,21464,3240,3107,970,4077,21
2022-01-28,Contra Costa,013,1133247,176350,168003,11286,179289,1101
2022-01-28,Del Norte,015,27424,4897,4589,127,4716,43
2022-01-28,El Dorado,017,186661,25332,24008,2945,26953,184
2022-01-28,Fresno,019,978130,212881,202691,21048,223739,2457
2022-01-28,Glenn,021,27897,4667,4516,1466,5982,39
2022-01-28,Humboldt,023,135768,15327,14812,2397,17209,126
2022-01-28,Imperial,025,180216,52120,50153,9344,59497,845
2022-01-28,Inyo,027,18085,3936,3895,398,4293,50
2022-01-28,Kern,029,883053,181448,174456,41910,216366,1962
2022-01-28,Kings,031,150075,47527,45047,3152,48199,397
2022-01-28,Lake,033,64148,9491,8747,722,9469,119
2022-01-28,Lassen,035,31185,8279,7961,799,8760,55
2022-01-28,Los Angeles,037,10098052,2591746,2473332,117048,2590380,28467
2022-01-28,Madera,039,155013,34270,32753,4988,37741,329
2022-01-28,Marin,041,260295,31163,30137,1976,32113,253
2022-01-28,Mariposa,043,17540,2211,2117,132,2249,6
2022-01-28,Mendocino,045,87422,12025,11591,2342,13933,104
2022-01-28,Merced,047,269075,58460,56472,6942,63414,735
2022-01-28,Modoc,049,8938,667,654,230,884,6
2022-01-28,Mono,051,14174,2879,2860,113,2973,5
2022-01-28,Monterey,053,433212,73083,64090,10880,74970,658
2022-01-28,Napa,055,140530,23470,22121,798,22919,113
2022-01-28,Nevada,057,99092,14940,14337,1011,15348,112
2022-01-28,Orange,059,3164182,524578,511255,38604,549859,6038
2022-01-28,Placer,061,380077,58993,56562,6827,63389,523
2022-01-28,Plumas,063,18699,2741,2463,270,2733,12
2022-01-28,Riverside,065,2383286,566726,548121,26165,574286,5726
2022-01-28,Sacramento,067,1510023,262762,249130,23122,272252,2558
2022-01-28,San Benito,069,59416,12010,11670,460,12130,90
2022-01-28,San Bernardino,071,2135413,548969,525249,23501,548750,6297
2022-01-28,San Diego,073,3302833,707572,683027,48459,731486,4643
2022-01-28,San Francisco,075,870044,114792,108265,7543,115808,712
2022-01-28,San Joaquin,077,732212,156576,150849,9260,160109,1971
2022-01-28,San Luis Obispo,079,281455,48392,46374,3233,49607,391
2022-01-28,San Mateo,081,765935,113348,100306,6155,106461,586
2022-01-28,Santa Barbara,083,443738,79521,76546,4240,80786,604
2022-01-28,Santa Clara,085,1922200,285188,273879,10819,284698,2019
2022-01-28,Santa Cruz,087,273765,42131,39228,1922,41150,240
2022-01-28,Shasta,089,179085,28403,27504,5443,32947,452
2022-01-28,Sierra,091,2930,266,260,43,303,0
2022-01-28,Siskiyou,093,43540,4118,3987,2363,6350,66
2022-01-28,Solano,095,438530,74635,69862,4961,74823,407
2022-01-28,Sonoma,097,501317,77156,73439,2140,75579,427
2022-01-28,Stanislaus,099,539301,110388,107668,15625,123293,1403
2022-01-28,Sutter,101,95872,19280,18797,1577,20374,202
2022-01-28,Tehama,103,63373,11193,10880,2382,13262,145
2022-01-28,Trinity,105,12862,1097,1033,258,1291,19
2022-01-28,Tulare,107,460477,98930,93154,24657,117811,1237
2022-01-28,Tuolumne,109,53932,11656,10806,407,11213,91
2022-01-28,Ventura,111,848112,164771,160466,8941,169407,1271
2022-01-28,Yolo,113,214977,34241,32123,2653,34776,275
2022-01-28,Yuba,115,75493,14737,14295,992,15287,103
2022-01-27,Alameda,001,1643700,234893,225602,12013,237615,1605
2022-01-27,Alpine,003,1148,119,123,1,124,0
2022-01-27,Amador,005,37829,7794,7505,497,8002,73
2022-01-27,Butte,007,227075,30571,29557,6114,35671,353
2022-01-27,Calaveras,009,45235,6727,6484,256,6740,96
2022-01-27,Colusa,011,21464,3225,3107,966,4073,21
2022-01-27,Contra Costa,013,1133247,175336,168003,11116,179119,1101
2022-01-27,Del Norte,015,27424,4853,4589,123,4712,43
2022-01-27,El Dorado,017,186661,25221,24008,2925,26933,184
2022-01-27,Fresno,019,978130,211252,202691,20834,223525,2457
2022-01-27,Glenn,021,27897,4636,4516,1458,5974,39
2022-01-27,Humboldt,023,135768,15239,14812,2360,17172,126
2022-01-27,Imperial,025,180216,51851,50153,9232,59385,845
2022-01-27,Inyo,027,18085,3929,3895,388,4283,50
2022-01-27,Kern,029,883053,180668,174456,41550,216006,1962
2022-01-27,Kings,031,150075,47185,45047,3114,48161,397
2022-01-27,Lake,033,64148,9438,8747,705,9452,119
2022-01-27,Lassen,035,31185,8238,7961,793,8754,55
2022-01-27,Los Angeles,037,10098052,2580600,2473332,116538,2589870,28467
2022-01-27,Madera,039,155013,34060,32753,4886,37639,329
2022-01-27,Marin,041,260295,31000,30137,1961,32098,253
2022-01-27,Mariposa,043,17540,2188,2117,129,2246,6
2022-01-27,Mendocino,045,87422,11974,11591,2293,13884,104
2022-01-27,Merced,047,269075,58198,56472,6779,63251,735
2022-01-27,Modoc,049,8938,665,654,229,883,6
2022-01-27,Mono,051,14174,2874,2860,113,2973,5
2022-01-27,Monterey,053,433212,72462,64090,10635,74725,658
2022-01-27,Napa,055,140530,23313,22121,771,22892,113
2022-01-27,Nevada,057,99092,14867,14337,984,15321,112
2022-01-27,Orange,059,3164182,522852,511255,38468,549723,6038
2022-01-27,Placer,061,380077,58676,56562,6775,63337,523
2022-01-27,Plumas,063,18699,2730,2463,258,2721,12
2022-01-27,Riverside,065,2383286,564552,548121,26096,574217,5726
2022-01-27,Sacramento,067,1510023,261481,249130,22796,271926,2558
2022-01-27,San Benito,069,59416,11955,11670,455,12125,90
2022-01-27,San Bernardino,071,2135413,547072,525249,23402,548651,6297
2022-01-27,San Diego,073,3302833,704227,683027,48102,731129,4643
2022-01-27,San Francisco,075,870044,114285,108265,7484,115749,712
2022-01-27,San Joaquin,077,732212,155717,150849,9194,160043,1971
2022-01-27,San Luis Obispo,079,281455,48121,46374,3198,49572,391
2022-01-27,San Mateo,081,765935,112764,100306,6086,106392,586
2022-01-27,Santa Barbara,083,443738,79042,76546,4185,80731,604
2022-01-27,Santa Clara,085,1922200,283127,273879,10672,284551,2019
2022-01-27,Santa Cruz,087,273765,41467,39228,1904,41132,240
2022-01-27,Shasta,089,179085,28277,27504,5394,32898,452
2022-01-27,Sierra,091,2930,265,260,42,302,0
2022-01-27,Siskiyou,093,43540,4097,3987,2326,6313,66
2022-01-27,Solano,095,438530,73996,69862,4904,74766,407
2022-01-27,Sonoma,097,501317,76689,73439,2127,75566,427
2022-01-27,Stanislaus,099,539301,109861,107668,15482,123150,1403
2022-01-27,Sutter,101,95872,19175,18797,1552,20349,202
2022-01-27,Tehama,103,63373,11141,10880,2366,13246,145
2022-01-27,Trinity,105,12862,1093,1033,257,1290,19
2022-01-27,Tulare,107,460477,98266,93154,24395,117549,1237
2022-01-27,Tuolumne,109,53932,11603,10806,398,11204,91
2022-01-27,Ventura,111,848112,164120,160466,8905,169371,1271
2022-01-27,Yolo,113,214977,34096,32123,2638,34761,275
2022-01-27,Yuba,115,75493,14659,14295,976,15271,103
2022-01-26,Alameda,001,1643700,232992,222680,11844,234524,1596
2022-01-26,Alpine,003,1148,119,123,1,124,0
2022-01-26,Amador,005,37829,7720,7427,482,7909,73
2022-01-26,Butte,007,227075,30373,29229,6054,35283,353
2022-01-26,Calaveras,009,45235,6689,6387,250,6637,96
2022-01-26,Colusa,011,21464,3207,3094,961,4055,21
2022-01-26,Contra Costa,013,1133247,174191,165972,10950,176922,1095
2022-01-26,Del Norte,015,27424,4795,4542,122,4664,43
2022-01-26,El Dorado,017,186661,25102,23819,2902,26721,181
2022-01-26,Fresno,019,978130,209400,199689,20621,220310,2452
2022-01-26,Glenn,021,27897,4603,4472,1453,5925,39
2022-01-26,Humboldt,023,135768,15140,14715,2317,17032,126
2022-01-26,Imperial,025,180216,51494,49477,9088,58565,839
2022-01-26,Inyo,027,18085,3926,3889,358,4247,50
2022-01-26,Kern,029,883053,179730,173052,41211,214263,1953
2022-01-26,Kings,031,150075,46780,44367,3085,47452,396
2022-01-26,Lake,033,64148,9356,8645,695,9340,119
2022-01-26,Lassen,035,31185,8198,7888,793,8681,55
2022-01-26,Los Angeles,037,10098052,2568398,2450620,116090,2566710,28382
2022-01-26,Madera,039,155013,33822,32323,4749,37072,329
2022-01-26,Marin,041,260295,30818,29813,1944,31757,253
2022-01-26,Mariposa,043,17540,2171,2108,122,2230,6
2022-01-26,Mendocino,045,87422,11927,11453,2242,13695,103
2022-01-26,Merced,047,269075,57829,56060,6603,62663,733
2022-01-26,Modoc,049,8938,664,652,228,880,6
2022-01-26,Mono,051,14174,2871,2852,113,2965,4
2022-01-26,Monterey,053,433212,71906,63264,10346,73610,659
2022-01-26,Napa,055,140530,23157,21864,761,22625,112
2022-01-26,Nevada,057,99092,14773,14128,973,15101,112
2022-01-26,Orange,059,3164182,520864,506419,38306,544725,6007
2022-01-26,Placer,061,380077,58337,55892,6713,62605,524
2022-01-26,Plumas,063,18699,2703,2425,256,2681,12
2022-01-26,Riverside,065,2383286,562027,543788,25980,569768,5701
2022-01-26,Sacramento,067,1510023,259788,246416,22469,268885,2559
2022-01-26,San Benito,069,59416,11884,11563,443,12006,90
2022-01-26,San Bernardino,071,2135413,544836,521699,23295,544994,6291
2022-01-26,San Diego,073,3302833,700005,676392,47744,724136,4622
2022-01-26,San Francisco,075,870044,113650,107174,7451,114625,704
2022-01-26,San Joaquin,077,732212,154727,148770,9140,157910,1971
2022-01-26,San Luis Obispo,079,281455,47817,45716,3171,48887,391
2022-01-26,San Mateo,081,765935,112098,99016,5961,104977,586
2022-01-26,Santa Barbara,083,443738,78513,75548,4125,79673,600
2022-01-26,Santa Clara,085,1922200,281038,270470,10502,280972,2015
2022-01-26,Santa Cruz,087,273765,40949,38298,1890,40188,239
2022-01-26,Shasta,089,179085,28129,27255,5348,32603,452
2022-01-26,Sierra,091,2930,264,260,41,301,0
2022-01-26,Siskiyou,093,43540,4081,3971,2301,6272,66
2022-01-26,Solano,095,438530,73301,69150,4837,73987,401
2022-01-26,Sonoma,097,501317,76129,72509,2092,74601,423
2022-01-26,Stanislaus,099,539301,109304,106582,15269,121851,1396
2022-01-26,Sutter,101,95872,19065,18670,1508,20178,202
2022-01-26,Tehama,103,63373,11087,10749,2352,13101,145
2022-01-26,Trinity,105,12862,1088,1008,257,1265,19
2022-01-26,Tulare,107,460477,97456,91904,24156,116060,1234
2022-01-26,Tuolumne,109,53932,11420,10699,387,11086,91
2022-01-26,Ventura,111,848112,163408,159077,8863,167940,1263
2022-01-26,Yolo,113,214977,33879,31913,2600,34513,275
2022-01-26,Yuba,115,75493,14574,14171,954,15125,103
2022-01-25,Alameda,001,1643700,231100,219753,11667,231420,1589
2022-01-25,Alpine,003,1148,119,122,1,123,0
2022-01-25,Amador,005,37829,7643,7352,471,7823,73
2022-01-25,Butte,007,227075,30166,28887,5979,34866,351
2022-01-25,Calaveras,009,45235,6631,6266,237,6503,95
2022-01-25,Colusa,011,21464,3187,3074,959,4033,21
2022-01-25,Contra Costa,013,1133247,172864,163792,10734,174526,1092
2022-01-25,Del Norte,015,27424,4725,4514,117,4631,43
2022-01-25,El Dorado,017,186661,24966,23339,2876,26215,179
2022-01-25,Fresno,019,978130,207256,198262,20338,218600,2434
2022-01-25,Glenn,021,27897,4571,4418,1437,5855,39
2022-01-25,Humboldt,023,135768,15048,14574,2291,16865,126
2022-01-25,Imperial,025,180216,51039,48913,8867,57780,832
2022-01-25,Inyo,027,18085,3911,3857,315,4172,50
2022-01-25,Kern,029,883053,178725,171695,40763,212458,1947
2022-01-25,Kings,031,150075,46310,43853,3040,46893,396
2022-01-25,Lake,033,64148,9277,8543,683,9226,118
2022-01-25,Lassen,035,31185,8167,7834,784,8618,55
2022-01-25,Los Angeles,037,10098052,2553461,2433516,115455,2548971,28293
2022-01-25,Madera,039,155013,33500,31794,4616,36410,329
2022-01-25,Marin,041,260295,30640,29589,1931,31520,253
2022-01-25,Mariposa,043,17540,2159,2069,116,2185,6
2022-01-25,Mendocino,045,87422,11807,11280,2139,13419,103
2022-01-25,Merced,047,269075,57447,55555,6466,62021,733
2022-01-25,Modoc,049,8938,662,652,228,880,6
2022-01-25,Mono,051,14174,2861,2826,112,2938,4
2022-01-25,Monterey,053,433212,71332,62498,9945,72443,654
2022-01-25,Napa,055,140530,22962,21668,727,22395,111
2022-01-25,Nevada,057,99092,14661,13944,951,14895,112
2022-01-25,Orange,059,3164182,518583,504274,38113,542387,5980
2022-01-25,Placer,061,380077,57935,55465,6640,62105,518
2022-01-25,Plumas,063,18699,2678,2397,252,2649,12
2022-01-25,Riverside,065,2383286,558935,540723,25816,566539,5686
2022-01-25,Sacramento,067,1510023,257850,244468,21942,266410,2545
2022-01-25,San Benito,069,59416,11784,11446,439,11885,88
2022-01-25,San Bernardino,071,2135413,542281,519150,23181,542331,6288
2022-01-25,San Diego,073,3302833,695008,670110,47293,717403,4604
2022-01-25,San Francisco,075,870044,112889,106254,7409,113663,703
2022-01-25,San Joaquin,077,732212,153735,147271,9076,156347,1972
2022-01-25,San Luis Obispo,079,281455,47456,45130,3123,48253,391
2022-01-25,San Mateo,081,765935,111264,98010,5850,103860,586
2022-01-25,Santa Barbara,083,443738,77845,74686,4046,78732,594
2022-01-25,Santa Clara,085,1922200,278425,268031,10300,278331,2006
2022-01-25,Santa Cruz,087,273765,40278,37850,1875,39725,237
2022-01-25,Shasta,089,179085,27967,27090,5282,32372,452
2022-01-25,Sierra,091,2930,264,260,37,297,0
2022-01-25,Siskiyou,093,43540,4057,3958,2266,6224,65
2022-01-25,Solano,095,438530,72733,68657,4778,73435,399
2022-01-25,Sonoma,097,501317,75439,71633,2052,73685,423
2022-01-25,Stanislaus,099,539301,108634,105965,15051,121016,1396
2022-01-25,Sutter,101,95872,18962,18508,1468,19976,200
2022-01-25,Tehama,103,63373,11024,10669,2328,12997,145
2022-01-25,Trinity,105,12862,1081,999,255,1254,19
2022-01-25,Tulare,107,460477,96586,91237,23837,115074,1229
2022-01-25,Tuolumne,109,53932,11238,10516,364,10880,91
2022-01-25,Ventura,111,848112,162554,157971,8814,166785,1263
2022-01-25,Yolo,113,214977,33620,31677,2556,34233,274
2022-01-25,Yuba,115,75493,14489,14038,927,14965,103
2022-01-24,Alameda,001,1643700,228643,216252,11400,227652,1581
2022-01-24,Alpine,003,1148,119,120,1,121,0
2022-01-24,Amador,005,37829,7592,7166,434,7600,73
2022-01-24,Butte,007,227075,29939,28607,5914,34521,350
2022-01-24,Calaveras,009,45235,6583,6172,223,6395,95
2022-01-24,Colusa,011,21464,3168,3052,943,3995,21
2022-01-24,Contra Costa,013,1133247,171367,162161,10520,172681,1092
2022-01-24,Del Norte,015,27424,4665,4460,117,4577,43
2022-01-24,El Dorado,017,186661,24799,23128,2847,25975,179
2022-01-24,Fresno,019,978130,204955,196092,20034,216126,2430
2022-01-24,Glenn,021,27897,4530,4367,1428,5795,39
2022-01-24,Humboldt,023,135768,14936,14416,2246,16662,126
2022-01-24,Imperial,025,180216,50496,48228,8585,56813,824
2022-01-24,Inyo,027,18085,3905,3805,291,4096,50
2022-01-24,Kern,029,883053,177419,169892,40294,210186,1946
2022-01-24,Kings,031,150075,45737,43260,2969,46229,396
2022-01-24,Lake,033,64148,9168,8423,668,9091,118
2022-01-24,Lassen,035,31185,8083,7732,765,8497,55
2022-01-24,Los Angeles,037,10098052,2536937,2391045,114679,2505724,28230
2022-01-24,Madera,039,155013,33064,31339,4431,35770,329
2022-01-24,Marin,041,260295,30409,29301,1894,31195,253
2022-01-24,Mariposa,043,17540,2134,2033,112,2145,6
2022-01-24,Mendocino,045,87422,11703,11002,2060,13062,103
2022-01-24,Merced,047,269075,56955,54970,6185,61155,730
2022-01-24,Modoc,049,8938,659,648,227,875,6
2022-01-24,Mono,051,14174,2851,2802,111,2913,4
2022-01-24,Monterey,053,433212,70472,61975,9590,71565,654
2022-01-24,Napa,055,140530,22782,21494,715,22209,111
2022-01-24,Nevada,057,99092,14534,13774,928,14702,112
2022-01-24,Orange,059,3164182,516009,501634,37850,539484,5969
2022-01-24,Placer,061,380077,57454,54933,6591,61524,518
2022-01-24,Plumas,063,18699,2647,2370,238,2608,12
2022-01-24,Riverside,065,2383286,555207,535962,25608,561570,5661
2022-01-24,Sacramento,067,1510023,255484,241522,21385,262907,2526
2022-01-24,San Benito,069,59416,11687,11331,426,11757,88
2022-01-24,San Bernardino,071,2135413,539355,515604,23021,538625,6285
2022-01-24,San Diego,073,3302833,689349,663580,46743,710323,4586
2022-01-24,San Francisco,075,870044,111929,105418,7313,112731,703
2022-01-24,San Joaquin,077,732212,152423,145984,9001,154985,1959
2022-01-24,San Luis Obispo,079,281455,46985,44616,3069,47685,387
2022-01-24,San Mateo,081,765935,110301,96968,5737,102705,586
2022-01-24,Santa Barbara,083,443738,77034,73866,3953,77819,591
2022-01-24,Santa Clara,085,1922200,275553,265341,10089,275430,2006
2022-01-24,Santa Cruz,087,273765,39480,37188,1857,39045,237
2022-01-24,Shasta,089,179085,27784,26871,5194,32065,452
2022-01-24,Sierra,091,2930,264,258,37,295,0
2022-01-24,Siskiyou,093,43540,4048,3934,2227,6161,64
2022-01-24,Solano,095,438530,72051,68094,4701,72795,400
2022-01-24,Sonoma,097,501317,74524,70733,2021,72754,423
2022-01-24,Stanislaus,099,539301,107877,104933,14780,119713,1395
2022-01-24,Sutter,101,95872,18846,18336,1382,19718,200
2022-01-24,Tehama,103,63373,10954,10567,2308,12875,145
2022-01-24,Trinity,105,12862,1072,978,253,1231,19
2022-01-24,Tulare,107,460477,95518,90089,23477,113566,1219
2022-01-24,Tuolumne,109,53932,11117,10374,356,10730,91
2022-01-24,Ventura,111,848112,161531,156551,8769,165320,1261
2022-01-24,Yolo,113,214977,33327,31480,2527,34007,273
2022-01-24,Yuba,115,75493,14382,13862,888,14750,103
2022-01-23,Alameda,001,1643700,225931,214003,11074,225077,1583
2022-01-23,Alpine,003,1148,119,120,1,121,0
2022-01-23,Amador,005,37829,7536,7090,394,7484,73
2022-01-23,Butte,007,227075,29644,28340,5793,34133,350
2022-01-23,Calaveras,009,45235,6518,6095,202,6297,95
2022-01-23,Colusa,011,21464,3144,3040,936,3976,21
2022-01-23,Contra Costa,013,1133247,169512,160798,10165,170963,1092
2022-01-23,Del Norte,015,27424,4597,4419,111,4530,43
2022-01-23,El Dorado,017,186661,24608,22925,2800,25725,179
2022-01-23,Fresno,019,978130,202485,193642,19568,213210,2430
2022-01-23,Glenn,021,27897,4479,4340,1406,5746,39
2022-01-23,Humboldt,023,135768,14814,14296,2164,16460,126
2022-01-23,Imperial,025,180216,49898,47935,8301,56236,824
2022-01-23,Inyo,027,18085,3878,3781,277,4058,50
2022-01-23,Kern,029,883053,176056,168585,39769,208354,1946
2022-01-23,Kings,031,150075,45102,42622,2867,45489,397
2022-01-23,Lake,033,64148,8998,8363,642,9005,118
2022-01-23,Lassen,035,31185,8034,7710,741,8451,55
2022-01-23,Los Angeles,037,10098052,2516629,2390590,113535,2504125,28231
2022-01-23,Madera,039,155013,32705,30962,4195,35157,329
2022-01-23,Marin,041,260295,30156,29025,1856,30881,253
2022-01-23,Mariposa,043,17540,2119,2011,109,2120,6
2022-01-23,Mendocino,045,87422,11578,10889,1932,12821,103
2022-01-23,Merced,047,269075,56402,54644,5739,60383,730
2022-01-23,Modoc,049,8938,657,645,224,869,6
2022-01-23,Mono,051,14174,2843,2788,109,2897,4
2022-01-23,Monterey,053,433212,69635,61522,9158,70680,654
2022-01-23,Napa,055,140530,22520,21281,702,21983,111
2022-01-23,Nevada,057,99092,14372,13629,899,14528,112
2022-01-23,Orange,059,3164182,512911,498968,37559,536527,5970
2022-01-23,Placer,061,380077,56883,54568,6503,61071,518
2022-01-23,Plumas,063,18699,2614,2368,209,2577,12
2022-01-23,Riverside,065,2383286,550766,532273,25306,557579,5661
2022-01-23,Sacramento,067,1510023,252842,239589,20446,260035,2530
2022-01-23,San Benito,069,59416,11565,11225,415,11640,88
2022-01-23,San Bernardino,071,2135413,535902,512657,22747,535404,6281
2022-01-23,San Diego,073,3302833,682739,640215,45942,686157,4566
2022-01-23,San Francisco,075,870044,110863,104485,7206,111691,704
2022-01-23,San Joaquin,077,732212,150808,144621,8919,153540,1959
2022-01-23,San Luis Obispo,079,281455,46289,44183,2995,47178,386
2022-01-23,San Mateo,081,765935,109185,95940,5593,101533,586
2022-01-23,Santa Barbara,083,443738,75911,73041,3830,76871,590
2022-01-23,Santa Clara,085,1922200,272255,261991,9770,271761,2005
2022-01-23,Santa Cruz,087,273765,38949,36547,1826,38373,237
2022-01-23,Shasta,089,179085,27504,26732,5074,31806,452
2022-01-23,Sierra,091,2930,263,252,37,289,0
2022-01-23,Siskiyou,093,43540,4023,3916,2170,6086,64
2022-01-23,Solano,095,438530,71254,67457,4607,72064,400
2022-01-23,Sonoma,097,501317,73569,69791,1966,71757,423
2022-01-23,Stanislaus,099,539301,107018,104067,14500,118567,1395
2022-01-23,Sutter,101,95872,18689,18175,1269,19444,200
2022-01-23,Tehama,103,63373,10856,10481,2276,12757,145
2022-01-23,Trinity,105,12862,1069,961,251,1212,19
2022-01-23,Tulare,107,460477,94259,89120,23065,112185,1219
2022-01-23,Tuolumne,109,53932,10925,10243,339,10582,91
2022-01-23,Ventura,111,848112,160349,155052,8692,163744,1261
2022-01-23,Yolo,113,214977,32949,30908,2487,33395,273
2022-01-23,Yuba,115,75493,14258,13762,835,14597,103
2022-01-22,Alameda,001,1643700,224840,203927,11043,214970,1575
2022-01-22,Alpine,003,1148,118,119,1,120,0
2022-01-22,Amador,005,37829,7502,6845,389,7234,73
2022-01-22,Butte,007,227075,29525,27232,5764,32996,350
2022-01-22,Calaveras,009,45235,6488,5835,201,6036,95
2022-01-22,Colusa,011,21464,3127,2954,933,3887,21
2022-01-22,Contra Costa,013,1133247,168577,154111,10135,164246,1091
2022-01-22,Del Norte,015,27424,4558,4269,107,4376,43
2022-01-22,El Dorado,017,186661,24539,22273,2790,25063,179
2022-01-22,Fresno,019,978130,201667,185292,19502,204794,2429
2022-01-22,Glenn,021,27897,4473,4174,1403,5577,39
2022-01-22,Humboldt,023,135768,14747,13628,2151,15779,125
2022-01-22,Imperial,025,180216,49708,45741,8242,53983,820
2022-01-22,Inyo,027,18085,3874,3706,253,3959,50
2022-01-22,Kern,029,883053,175430,162902,39469,202371,1946
2022-01-22,Kings,031,150075,44894,40580,2854,43434,396
2022-01-22,Lake,033,64148,8964,8056,634,8690,118
2022-01-22,Lassen,035,31185,8000,7545,734,8279,55
2022-01-22,Los Angeles,037,10098052,2509231,2286280,113026,2399306,28038
2022-01-22,Madera,039,155013,32586,29595,4180,33775,329
2022-01-22,Marin,041,260295,30029,27893,1851,29744,253
2022-01-22,Mariposa,043,17540,2115,1920,109,2029,6
2022-01-22,Mendocino,045,87422,11528,10395,1910,12305,103
2022-01-22,Merced,047,269075,56249,53025,5732,58757,727
2022-01-22,Modoc,049,8938,656,639,224,863,6
2022-01-22,Mono,051,14174,2842,2723,105,2828,4
2022-01-22,Monterey,053,433212,69429,59038,9116,68154,651
2022-01-22,Napa,055,140530,22425,20402,692,21094,111
2022-01-22,Nevada,057,99092,14304,12957,891,13848,112
2022-01-22,Orange,059,3164182,511306,480329,37311,517640,5946
2022-01-22,Placer,061,380077,56613,52557,6466,59023,512
2022-01-22,Plumas,063,18699,2597,2289,205,2494,12
2022-01-22,Riverside,065,2383286,548850,513567,25233,538800,5623
2022-01-22,Sacramento,067,1510023,251793,230206,20346,250552,2510
2022-01-22,San Benito,069,59416,11507,10743,410,11153,88
2022-01-22,San Bernardino,071,2135413,534387,495209,22655,517864,6267
2022-01-22,San Diego,073,3302833,680247,628904,45728,674632,4559
2022-01-22,San Francisco,075,870044,110207,100238,7058,107296,702
2022-01-22,San Joaquin,077,732212,150368,138264,8878,147142,1960
2022-01-22,San Luis Obispo,079,281455,46170,42154,2989,45143,385
2022-01-22,San Mateo,081,765935,108600,91440,5531,96971,585
2022-01-22,Santa Barbara,083,443738,75489,69555,3824,73379,589
2022-01-22,Santa Clara,085,1922200,270576,249205,9704,258909,1993
2022-01-22,Santa Cruz,087,273765,38767,33741,1820,35561,237
2022-01-22,Shasta,089,179085,27408,25919,5052,30971,450
2022-01-22,Sierra,091,2930,263,248,36,284,0
2022-01-22,Siskiyou,093,43540,4005,3845,2149,5994,62
2022-01-22,Solano,095,438530,71031,63882,4569,68451,391
2022-01-22,Sonoma,097,501317,73149,66013,1956,67969,422
2022-01-22,Stanislaus,099,539301,106560,100092,14409,114501,1393
2022-01-22,Sutter,101,95872,18621,17616,1256,18872,199
2022-01-22,Tehama,103,63373,10821,10171,2266,12437,142
2022-01-22,Trinity,105,12862,1067,925,251,1176,19
2022-01-22,Tulare,107,460477,93879,85223,22943,108166,1211
2022-01-22,Tuolumne,109,53932,10857,9731,333,10064,91
2022-01-22,Ventura,111,848112,159658,148742,8652,157394,1250
2022-01-22,Yolo,113,214977,32770,30061,2470,32531,273
2022-01-22,Yuba,115,75493,14169,13288,831,14119,103
2022-01-21,Alameda,001,1643700,223263,203927,11012,214939,1575
2022-01-21,Alpine,003,1148,118,119,1,120,0
2022-01-21,Amador,005,37829,7445,6845,386,7231,73
2022-01-21,Butte,007,227075,29399,27232,5721,32953,350
2022-01-21,Calaveras,009,45235,6442,5835,201,6036,95
2022-01-21,Colusa,011,21464,3120,2954,928,3882,21
2022-01-21,Contra Costa,013,1133247,167518,154111,10057,164168,1091
2022-01-21,Del Norte,015,27424,4518,4269,107,4376,43
2022-01-21,El Dorado,017,186661,24456,22273,2776,25049,179
2022-01-21,Fresno,019,978130,200423,185292,19407,204699,2429
2022-01-21,Glenn,021,27897,4454,4174,1398,5572,39
2022-01-21,Humboldt,023,135768,14678,13628,2132,15760,125
2022-01-21,Imperial,025,180216,49518,45741,8166,53907,820
2022-01-21,Inyo,027,18085,3861,3706,248,3954,50
2022-01-21,Kern,029,883053,174712,162902,39099,202001,1946
2022-01-21,Kings,031,150075,44697,40580,2846,43426,396
2022-01-21,Lake,033,64148,8907,8056,622,8678,118
2022-01-21,Lassen,035,31185,7951,7545,730,8275,55
2022-01-21,Los Angeles,037,10098052,2497930,2286280,112567,2398847,28038
2022-01-21,Madera,039,155013,32295,29595,4152,33747,329
2022-01-21,Marin,041,260295,29852,27893,1832,29725,253
2022-01-21,Mariposa,043,17540,2103,1920,108,2028,6
2022-01-21,Mendocino,045,87422,11447,10395,1907,12302,103
2022-01-21,Merced,047,269075,56090,53025,5728,58753,727
2022-01-21,Modoc,049,8938,655,639,224,863,6
2022-01-21,Mono,051,14174,2828,2723,102,2825,4
2022-01-21,Monterey,053,433212,68958,59038,8990,68028,651
2022-01-21,Napa,055,140530,22305,20402,684,21086,111
2022-01-21,Nevada,057,99092,14206,12957,887,13844,112
2022-01-21,Orange,059,3164182,509068,480329,37066,517395,5946
2022-01-21,Placer,061,380077,56220,52557,6404,58961,512
2022-01-21,Plumas,063,18699,2585,2289,200,2489,12
2022-01-21,Riverside,065,2383286,546194,513567,25154,538721,5623
2022-01-21,Sacramento,067,1510023,250348,230206,20245,250451,2510
2022-01-21,San Benito,069,59416,11471,10743,407,11150,88
2022-01-21,San Bernardino,071,2135413,532344,495209,22582,517791,6267
2022-01-21,San Diego,073,3302833,676078,628904,45551,674455,4559
2022-01-21,San Francisco,075,870044,109449,100238,6970,107208,702
2022-01-21,San Joaquin,077,732212,149770,138264,8823,147087,1960
2022-01-21,San Luis Obispo,079,281455,46044,42154,2986,45140,385
2022-01-21,San Mateo,081,765935,107928,91440,5493,96933,585
2022-01-21,Santa Barbara,083,443738,74987,69555,3815,73370,589
2022-01-21,Santa Clara,085,1922200,268751,249205,9596,258801,1993
2022-01-21,Santa Cruz,087,273765,38048,33741,1807,35548,237
2022-01-21,Shasta,089,179085,27319,25919,5005,30924,450
2022-01-21,Sierra,091,2930,261,248,35,283,0
2022-01-21,Siskiyou,093,43540,3996,3845,2131,5976,62
2022-01-21,Solano,095,438530,70620,63882,4487,68369,391
2022-01-21,Sonoma,097,501317,72624,66013,1946,67959,422
2022-01-21,Stanislaus,099,539301,106057,100092,14348,114440,1393
2022-01-21,Sutter,101,95872,18535,17616,1242,18858,199
2022-01-21,Tehama,103,63373,10785,10171,2264,12435,142
2022-01-21,Trinity,105,12862,1061,925,250,1175,19
2022-01-21,Tulare,107,460477,93402,85223,22789,108012,1211
2022-01-21,Tuolumne,109,53932,10774,9731,326,10057,91
2022-01-21,Ventura,111,848112,158849,148742,8621,157363,1250
2022-01-21,Yolo,113,214977,32607,30061,2449,32510,273
2022-01-21,Yuba,115,75493,14097,13288,824,14112,103
2022-01-20,Alameda,001,1643700,220193,203927,10776,214703,1575
2022-01-20,Alpine,003,1148,118,119,1,120,0
2022-01-20,Amador,005,37829,7381,6845,368,7213,73
2022-01-20,Butte,007,227075,29144,27232,5643,32875,350
2022-01-20,Calaveras,009,45235,6338,5835,192,6027,95
2022-01-20,Colusa,011,21464,3090,2954,916,3870,21
2022-01-20,Contra Costa,013,1133247,165543,154111,9793,163904,1091
2022-01-20,Del Norte,015,27424,4478,4269,104,4373,43
2022-01-20,El Dorado,017,186661,24252,22273,2733,25006,179
2022-01-20,Fresno,019,978130,197824,185292,19045,204337,2429
2022-01-20,Glenn,021,27897,4419,4174,1389,5563,39
2022-01-20,Humboldt,023,135768,14549,13628,2081,15709,125
2022-01-20,Imperial,025,180216,49001,45741,7990,53731,820
2022-01-20,Inyo,027,18085,3849,3706,237,3943,50
2022-01-20,Kern,029,883053,173188,162902,38561,201463,1946
2022-01-20,Kings,031,150075,44141,40580,2806,43386,396
2022-01-20,Lake,033,64148,8811,8056,594,8650,118
2022-01-20,Lassen,035,31185,7898,7545,715,8260,55
2022-01-20,Los Angeles,037,10098052,2473203,2286280,111592,2397872,28038
2022-01-20,Madera,039,155013,31907,29595,4027,33622,329
2022-01-20,Marin,041,260295,29559,27893,1796,29689,253
2022-01-20,Mariposa,043,17540,2076,1920,105,2025,6
2022-01-20,Mendocino,045,87422,11349,10395,1829,12224,103
2022-01-20,Merced,047,269075,55660,53025,5499,58524,727
2022-01-20,Modoc,049,8938,653,639,224,863,6
2022-01-20,Mono,051,14174,2820,2723,101,2824,4
2022-01-20,Monterey,053,433212,68192,59038,8577,67615,651
2022-01-20,Napa,055,140530,22039,20402,645,21047,111
2022-01-20,Nevada,057,99092,14058,12957,865,13822,112
2022-01-20,Orange,059,3164182,505130,480329,36698,517027,5946
2022-01-20,Placer,061,380077,55733,52557,6344,58901,512
2022-01-20,Plumas,063,18699,2558,2289,196,2485,12
2022-01-20,Riverside,065,2383286,541622,513567,24923,538490,5623
2022-01-20,Sacramento,067,1510023,248059,230206,19615,249821,2510
2022-01-20,San Benito,069,59416,11360,10743,394,11137,88
2022-01-20,San Bernardino,071,2135413,528187,495209,22307,517516,6267
2022-01-20,San Diego,073,3302833,668977,628904,44848,673752,4559
2022-01-20,San Francisco,075,870044,108298,100238,6830,107068,702
2022-01-20,San Joaquin,077,732212,148134,138264,8698,146962,1960
2022-01-20,San Luis Obispo,079,281455,45532,42154,2952,45106,385
2022-01-20,San Mateo,081,765935,106703,91440,5290,96730,585
2022-01-20,Santa Barbara,083,443738,74089,69555,3703,73258,589
2022-01-20,Santa Clara,085,1922200,265443,249205,9269,258474,1993
2022-01-20,Santa Cruz,087,273765,37164,33741,1784,35525,237
2022-01-20,Shasta,089,179085,27129,25919,4938,30857,450
2022-01-20,Sierra,091,2930,261,248,33,281,0
2022-01-20,Siskiyou,093,43540,3984,3845,2098,5943,62
2022-01-20,Solano,095,438530,69673,63882,4398,68280,391
2022-01-20,Sonoma,097,501317,71598,66013,1896,67909,422
2022-01-20,Stanislaus,099,539301,105100,100092,14144,114236,1393
2022-01-20,Sutter,101,95872,18370,17616,1214,18830,199
2022-01-20,Tehama,103,63373,10712,10171,2246,12417,142
2022-01-20,Trinity,105,12862,1047,925,249,1174,19
2022-01-20,Tulare,107,460477,92353,85223,22505,107728,1211
2022-01-20,Tuolumne,109,53932,10632,9731,316,10047,91
2022-01-20,Ventura,111,848112,157464,148742,8544,157286,1250
2022-01-20,Yolo,113,214977,32318,30061,2416,32477,273
2022-01-20,Yuba,115,75493,13991,13288,791,14079,103
2022-01-19,Alameda,001,1643700,216800,199739,10446,210185,1571
2022-01-19,Alpine,003,1148,117,119,1,120,0
2022-01-19,Amador,005,37829,7300,6789,326,7115,73
2022-01-19,Butte,007,227075,28841,26839,5564,32403,351
2022-01-19,Calaveras,009,45235,6248,5765,183,5948,95
2022-01-19,Colusa,011,21464,3065,2938,909,3847,21
2022-01-19,Contra Costa,013,1133247,163210,151543,9554,161097,1091
2022-01-19,Del Norte,015,27424,4439,4240,103,4343,43
2022-01-19,El Dorado,017,186661,23997,21953,2691,24644,177
2022-01-19,Fresno,019,978130,194923,181526,18729,200255,2430
2022-01-19,Glenn,021,27897,4368,4127,1379,5506,39
2022-01-19,Humboldt,023,135768,14391,13391,2029,15420,125
2022-01-19,Imperial,025,180216,48267,45156,7790,52946,820
2022-01-19,Inyo,027,18085,3826,3680,198,3878,49
2022-01-19,Kern,029,883053,171424,160747,37884,198631,1946
2022-01-19,Kings,031,150075,43445,40027,2738,42765,395
2022-01-19,Lake,033,64148,8684,7972,581,8553,118
2022-01-19,Lassen,035,31185,7841,7507,693,8200,55
2022-01-19,Los Angeles,037,10098052,2444820,2251718,110166,2361884,27934
2022-01-19,Madera,039,155013,31526,29021,3857,32878,329
2022-01-19,Marin,041,260295,29263,27375,1753,29128,251
2022-01-19,Mariposa,043,17540,2051,1896,99,1995,6
2022-01-19,Mendocino,045,87422,11178,10252,1736,11988,103
2022-01-19,Merced,047,269075,55115,52355,5143,57498,724
2022-01-19,Modoc,049,8938,651,635,223,858,6
2022-01-19,Mono,051,14174,2798,2677,99,2776,4
2022-01-19,Monterey,053,433212,67284,58426,8121,66547,651
2022-01-19,Napa,055,140530,21786,20090,618,20708,110
2022-01-19,Nevada,057,99092,13901,12703,838,13541,112
2022-01-19,Orange,059,3164182,500648,468460,36329,504789,5943
2022-01-19,Placer,061,380077,55169,51545,6276,57821,511
2022-01-19,Plumas,063,18699,2518,2239,190,2429,12
2022-01-19,Riverside,065,2383286,536097,503575,24688,528263,5604
2022-01-19,Sacramento,067,1510023,245168,226035,18899,244934,2512
2022-01-19,San Benito,069,59416,11219,10639,382,11021,88
2022-01-19,San Bernardino,071,2135413,523550,487846,21935,509781,6265
2022-01-19,San Diego,073,3302833,660199,614709,44115,658824,4553
2022-01-19,San Francisco,075,870044,106926,98652,6753,105405,694
2022-01-19,San Joaquin,077,732212,146241,135953,8575,144528,1959
2022-01-19,San Luis Obispo,079,281455,44933,41374,2886,44260,382
2022-01-19,San Mateo,081,765935,105292,89715,5026,94741,585
2022-01-19,Santa Barbara,083,443738,73092,68531,3604,72135,586
2022-01-19,Santa Clara,085,1922200,261716,244922,8909,253831,1991
2022-01-19,Santa Cruz,087,273765,35862,33026,1760,34786,237
2022-01-19,Shasta,089,179085,26862,25355,4866,30221,450
2022-01-19,Sierra,091,2930,261,245,32,277,0
2022-01-19,Siskiyou,093,43540,3960,3821,2045,5866,62
2022-01-19,Solano,095,438530,68831,63003,4268,67271,392
2022-01-19,Sonoma,097,501317,70499,64689,1851,66540,420
2022-01-19,Stanislaus,099,539301,104049,98952,13855,112807,1381
2022-01-19,Sutter,101,95872,18203,17436,1125,18561,199
2022-01-19,Tehama,103,63373,10598,10064,2198,12262,142
2022-01-19,Trinity,105,12862,1035,916,248,1164,19
2022-01-19,Tulare,107,460477,91065,83743,22038,105781,1200
2022-01-19,Tuolumne,109,53932,10473,9613,292,9905,91
2022-01-19,Ventura,111,848112,155948,144738,8469,153207,1234
2022-01-19,Yolo,113,214977,31954,29392,2380,31772,273
2022-01-19,Yuba,115,75493,13828,13114,778,13892,104
2022-01-18,Alameda,001,1643700,213439,195728,10137,205865,1566
2022-01-18,Alpine,003,1148,117,118,1,119,0
2022-01-18,Amador,005,37829,7162,6691,290,6981,73
2022-01-18,Butte,007,227075,28450,26514,5486,32000,347
2022-01-18,Calaveras,009,45235,6159,5684,168,5852,94
2022-01-18,Colusa,011,21464,3021,2903,904,3807,21
2022-01-18,Contra Costa,013,1133247,161182,149446,9183,158629,1085
2022-01-18,Del Norte,015,27424,4369,4229,98,4327,43
2022-01-18,El Dorado,017,186661,23617,21707,2646,24353,175
2022-01-18,Fresno,019,978130,191417,178922,18305,197227,2425
2022-01-18,Glenn,021,27897,4335,4070,1367,5437,39
2022-01-18,Humboldt,023,135768,14224,13218,1957,15175,125
2022-01-18,Imperial,025,180216,47571,44742,7608,52350,819
2022-01-18,Inyo,027,18085,3785,3654,188,3842,49
2022-01-18,Kern,029,883053,169401,158864,37133,195997,1943
2022-01-18,Kings,031,150075,42571,39440,2660,42100,392
2022-01-18,Lake,033,64148,8571,7919,562,8481,117
2022-01-18,Lassen,035,31185,7758,7461,654,8115,55
2022-01-18,Los Angeles,037,10098052,2411408,2227360,108735,2336095,27871
2022-01-18,Madera,039,155013,31004,28717,3668,32385,329
2022-01-18,Marin,041,260295,28960,27036,1710,28746,251
2022-01-18,Mariposa,043,17540,2026,1872,95,1967,6
2022-01-18,Mendocino,045,87422,11009,10114,1651,11765,103
2022-01-18,Merced,047,269075,54503,51746,4856,56602,718
2022-01-18,Modoc,049,8938,649,633,218,851,6
2022-01-18,Mono,051,14174,2777,2643,98,2741,4
2022-01-18,Monterey,053,433212,66508,57846,7642,65488,650
2022-01-18,Napa,055,140530,21453,19911,603,20514,109
2022-01-18,Nevada,057,99092,13717,12584,796,13380,111
2022-01-18,Orange,059,3164182,495305,461324,35825,497149,5938
2022-01-18,Placer,061,380077,54526,50983,6203,57186,508
2022-01-18,Plumas,063,18699,2480,2218,184,2402,12
2022-01-18,Riverside,065,2383286,530120,497278,24381,521659,5599
2022-01-18,Sacramento,067,1510023,242082,223745,17919,241664,2496
2022-01-18,San Benito,069,59416,11078,10520,368,10888,88
2022-01-18,San Bernardino,071,2135413,518180,483753,21515,505268,6258
2022-01-18,San Diego,073,3302833,649994,605137,43077,648214,4547
2022-01-18,San Francisco,075,870044,105461,96505,6637,103142,694
2022-01-18,San Joaquin,077,732212,144300,134365,8368,142733,1957
2022-01-18,San Luis Obispo,079,281455,44250,40848,2800,43648,381
2022-01-18,San Mateo,081,765935,103780,88225,4829,93054,585
2022-01-18,Santa Barbara,083,443738,71874,67216,3431,70647,581
2022-01-18,Santa Clara,085,1922200,257601,240281,8512,248793,1986
2022-01-18,Santa Cruz,087,273765,35212,32203,1725,33928,237
2022-01-18,Shasta,089,179085,26580,25162,4772,29934,448
2022-01-18,Sierra,091,2930,257,244,32,276,0
2022-01-18,Siskiyou,093,43540,3927,3799,1992,5791,62
2022-01-18,Solano,095,438530,67981,62204,4158,66362,391
2022-01-18,Sonoma,097,501317,69111,63714,1796,65510,419
2022-01-18,Stanislaus,099,539301,102832,98000,13487,111487,1379
2022-01-18,Sutter,101,95872,18012,17295,1054,18349,198
2022-01-18,Tehama,103,63373,10502,9975,2146,12121,142
2022-01-18,Trinity,105,12862,1022,907,247,1154,19
2022-01-18,Tulare,107,460477,89601,82667,21635,104302,1196
2022-01-18,Tuolumne,109,53932,10306,9528,281,9809,91
2022-01-18,Ventura,111,848112,154234,143384,8383,151767,1233
2022-01-18,Yolo,113,214977,31556,28786,2330,31116,270
2022-01-18,Yuba,115,75493,13667,12971,753,13724,101
2022-01-17,Alameda,001,1643700,208732,193276,9551,202827,1565
2022-01-17,Alpine,003,1148,116,118,0,118,0
2022-01-17,Amador,005,37829,7047,6640,232,6872,73
2022-01-17,Butte,007,227075,28064,26303,5383,31686,348
2022-01-17,Calaveras,009,45235,6028,5584,140,5724,94
2022-01-17,Colusa,011,21464,2997,2905,897,3802,21
2022-01-17,Contra Costa,013,1133247,158397,147993,8699,156692,1086
2022-01-17,Del Norte,015,27424,4318,4209,91,4300,43
2022-01-17,El Dorado,017,186661,23370,21540,2564,24104,175
2022-01-17,Fresno,019,978130,187711,176959,17812,194771,2426
2022-01-17,Glenn,021,27897,4282,4055,1354,5409,39
2022-01-17,Humboldt,023,135768,14020,13120,1791,14911,125
2022-01-17,Imperial,025,180216,46884,44412,7445,51857,821
2022-01-17,Inyo,027,18085,3763,3650,162,3812,49
2022-01-17,Kern,029,883053,166856,157645,36258,193903,1944
2022-01-17,Kings,031,150075,41438,39143,2540,41683,392
2022-01-17,Lake,033,64148,8422,7864,522,8386,117
2022-01-17,Lassen,035,31185,7665,7417,617,8034,55
2022-01-17,Los Angeles,037,10098052,2372218,2205740,106774,2312514,27832
2022-01-17,Madera,039,155013,30352,28568,3488,32056,329
2022-01-17,Marin,041,260295,28554,26633,1655,28288,251
2022-01-17,Mariposa,043,17540,2000,1862,89,1951,6
2022-01-17,Mendocino,045,87422,10786,10030,1511,11541,103
2022-01-17,Merced,047,269075,53824,51227,4295,55522,718
2022-01-17,Modoc,049,8938,645,630,218,848,6
2022-01-17,Mono,051,14174,2754,2642,97,2739,4
2022-01-17,Monterey,053,433212,65389,57318,7226,64544,647
2022-01-17,Napa,055,140530,21108,19647,580,20227,109
2022-01-17,Nevada,057,99092,13531,12414,759,13173,111
2022-01-17,Orange,059,3164182,489345,457418,35350,492768,5933
2022-01-17,Placer,061,380077,53793,50511,6060,56571,508
2022-01-17,Plumas,063,18699,2434,2205,152,2357,12
2022-01-17,Riverside,065,2383286,523310,491322,23929,515251,5600
2022-01-17,Sacramento,067,1510023,238001,221143,16575,237718,2497
2022-01-17,San Benito,069,59416,10911,10432,340,10772,88
2022-01-17,San Bernardino,071,2135413,511850,480243,20980,501223,6259
2022-01-17,San Diego,073,3302833,637775,569241,41870,611111,4545
2022-01-17,San Francisco,075,870044,103832,95292,6442,101734,694
2022-01-17,San Joaquin,077,732212,141465,133414,8179,141593,1958
2022-01-17,San Luis Obispo,079,281455,43421,40425,2699,43124,379
2022-01-17,San Mateo,081,765935,101810,87013,4575,91588,585
2022-01-17,Santa Barbara,083,443738,70552,66704,3231,69935,581
2022-01-17,Santa Clara,085,1922200,253111,237934,8077,246011,1985
2022-01-17,Santa Cruz,087,273765,34443,31714,1688,33402,237
2022-01-17,Shasta,089,179085,26300,25025,4651,29676,448
2022-01-17,Sierra,091,2930,256,242,32,274,0
2022-01-17,Siskiyou,093,43540,3888,3764,1912,5676,62
2022-01-17,Solano,095,438530,66942,61497,3899,65396,391
2022-01-17,Sonoma,097,501317,67608,62763,1734,64497,419
2022-01-17,Stanislaus,099,539301,101520,96951,13007,109958,1379
2022-01-17,Sutter,101,95872,17803,17159,918,18077,198
2022-01-17,Tehama,103,63373,10379,9912,2088,12000,142
2022-01-17,Trinity,105,12862,1009,906,243,1149,19
2022-01-17,Tulare,107,460477,87850,81741,21085,102826,1199
2022-01-17,Tuolumne,109,53932,10170,9416,249,9665,91
2022-01-17,Ventura,111,848112,152118,142070,8265,150335,1234
2022-01-17,Yolo,113,214977,31028,28638,2264,30902,270
2022-01-17,Yuba,115,75493,13471,12871,697,13568,101
2022-01-16,Alameda,001,1643700,205663,190691,9294,199985,1564
2022-01-16,Alpine,003,1148,116,118,0,118,0
2022-01-16,Amador,005,37829,6974,6618,224,6842,73
2022-01-16,Butte,007,227075,27720,26139,5333,31472,348
2022-01-16,Calaveras,009,45235,5927,5537,136,5673,94
2022-01-16,Colusa,011,21464,2980,2886,885,3771,21
2022-01-16,Contra Costa,013,1133247,156474,146307,8497,154804,1086
2022-01-16,Del Norte,015,27424,4276,4177,89,4266,43
2022-01-16,El Dorado,017,186661,23095,21303,2525,23828,175
2022-01-16,Fresno,019,978130,184998,174818,17461,192279,2425
2022-01-16,Glenn,021,27897,4227,4049,1332,5381,39
2022-01-16,Humboldt,023,135768,13873,13075,1772,14847,125
2022-01-16,Imperial,025,180216,46312,44035,7280,51315,821
2022-01-16,Inyo,027,18085,3726,3602,140,3742,49
2022-01-16,Kern,029,883053,165585,156655,35471,192126,1944
2022-01-16,Kings,031,150075,41065,38861,2520,41381,392
2022-01-16,Lake,033,64148,8318,7823,488,8311,117
2022-01-16,Lassen,035,31185,7620,7391,605,7996,55
2022-01-16,Los Angeles,037,10098052,2349048,2174403,105246,2279649,27805
2022-01-16,Madera,039,155013,29982,28313,3438,31751,329
2022-01-16,Marin,041,260295,28260,26292,1641,27933,251
2022-01-16,Mariposa,043,17540,1973,1851,84,1935,6
2022-01-16,Mendocino,045,87422,10639,9992,1395,11387,102
2022-01-16,Merced,047,269075,53233,50882,4270,55152,718
2022-01-16,Modoc,049,8938,642,629,218,847,6
2022-01-16,Mono,051,14174,2750,2614,95,2709,4
2022-01-16,Monterey,053,433212,64623,57012,7081,64093,647
2022-01-16,Napa,055,140530,20841,19521,569,20090,109
2022-01-16,Nevada,057,99092,13316,12307,741,13048,111
2022-01-16,Orange,059,3164182,483950,451962,34803,486765,5932
2022-01-16,Placer,061,380077,53084,50076,5948,56024,508
2022-01-16,Plumas,063,18699,2399,2204,142,2346,12
2022-01-16,Riverside,065,2383286,517807,485191,23709,508900,5600
2022-01-16,Sacramento,067,1510023,235044,218819,15859,234678,2491
2022-01-16,San Benito,069,59416,10753,10377,338,10715,88
2022-01-16,San Bernardino,071,2135413,507934,474425,20730,495155,6259
2022-01-16,San Diego,073,3302833,630186,569241,41433,610674,4545
2022-01-16,San Francisco,075,870044,102316,94139,6304,100443,694
2022-01-16,San Joaquin,077,732212,139681,132214,8038,140252,1958
2022-01-16,San Luis Obispo,079,281455,42764,40113,2660,42773,379
2022-01-16,San Mateo,081,765935,100283,85966,4482,90448,585
2022-01-16,Santa Barbara,083,443738,69525,66111,3191,69302,582
2022-01-16,Santa Clara,085,1922200,249446,234293,7923,242216,1984
2022-01-16,Santa Cruz,087,273765,33814,31469,1666,33135,237
2022-01-16,Shasta,089,179085,26045,24980,4583,29563,449
2022-01-16,Sierra,091,2930,252,238,31,269,0
2022-01-16,Siskiyou,093,43540,3860,3748,1873,5621,62
2022-01-16,Solano,095,438530,66266,60885,3768,64653,391
2022-01-16,Sonoma,097,501317,66530,61842,1717,63559,419
2022-01-16,Stanislaus,099,539301,100456,96370,12853,109223,1379
2022-01-16,Sutter,101,95872,17603,16996,896,17892,198
2022-01-16,Tehama,103,63373,10295,9868,2067,11935,142
2022-01-16,Trinity,105,12862,1004,889,241,1130,19
2022-01-16,Tulare,107,460477,86535,80867,20831,101698,1199
2022-01-16,Tuolumne,109,53932,10065,9369,241,9610,91
2022-01-16,Ventura,111,848112,150543,140715,8186,148901,1234
2022-01-16,Yolo,113,214977,30636,28481,2211,30692,270
2022-01-16,Yuba,115,75493,13293,12760,691,13451,101
2022-01-15,Alameda,001,1643700,204295,177768,9242,187010,1561
2022-01-15,Alpine,003,1148,116,117,0,117,0
2022-01-15,Amador,005,37829,6942,6434,210,6644,72
2022-01-15,Butte,007,227075,27565,25032,5283,30315,348
2022-01-15,Calaveras,009,45235,5895,5258,136,5394,93
2022-01-15,Colusa,011,21464,2966,2796,878,3674,21
2022-01-15,Contra Costa,013,1133247,155260,137643,8453,146096,1082
2022-01-15,Del Norte,015,27424,4261,4065,87,4152,43
2022-01-15,El Dorado,017,186661,22996,20434,2508,22942,175
2022-01-15,Fresno,019,978130,184069,167361,17376,184737,2415
2022-01-15,Glenn,021,27897,4220,3906,1325,5231,39
2022-01-15,Humboldt,023,135768,13769,12419,1756,14175,123
2022-01-15,Imperial,025,180216,46174,42508,7171,49679,817
2022-01-15,Inyo,027,18085,3716,3395,140,3535,49
2022-01-15,Kern,029,883053,164741,150085,35082,185167,1938
2022-01-15,Kings,031,150075,40816,37221,2508,39729,391
2022-01-15,Lake,033,64148,8279,7641,475,8116,117
2022-01-15,Lassen,035,31185,7579,7274,599,7873,55
2022-01-15,Los Angeles,037,10098052,2337521,2047927,104296,2152223,27641
2022-01-15,Madera,039,155013,29836,27294,3414,30708,329
2022-01-15,Marin,041,260295,28074,25248,1634,26882,251
2022-01-15,Mariposa,043,17540,1966,1762,84,1846,6
2022-01-15,Mendocino,045,87422,10566,9534,1389,10923,102
2022-01-15,Merced,047,269075,53066,48904,4259,53163,715
2022-01-15,Modoc,049,8938,640,628,218,846,6
2022-01-15,Mono,051,14174,2745,2508,94,2602,4
2022-01-15,Monterey,053,433212,64109,55315,7017,62332,647
2022-01-15,Napa,055,140530,20720,17648,565,18213,109
2022-01-15,Nevada,057,99092,13257,11773,728,12501,111
2022-01-15,Orange,059,3164182,481359,433141,34531,467672,5914
2022-01-15,Placer,061,380077,52793,47780,5912,53692,501
2022-01-15,Plumas,063,18699,2378,2158,136,2294,12
2022-01-15,Riverside,065,2383286,515124,466381,23574,489955,5578
2022-01-15,Sacramento,067,1510023,233887,208156,15760,223916,2491
2022-01-15,San Benito,069,59416,10654,9868,333,10201,87
2022-01-15,San Bernardino,071,2135413,505615,454395,20581,474976,6233
2022-01-15,San Diego,073,3302833,626397,559385,41177,600562,4540
2022-01-15,San Francisco,075,870044,101320,88004,6169,94173,692
2022-01-15,San Joaquin,077,732212,139116,125136,7941,133077,1954
2022-01-15,San Luis Obispo,079,281455,42575,38231,2647,40878,374
2022-01-15,San Mateo,081,765935,99327,80494,4441,84935,582
2022-01-15,Santa Barbara,083,443738,68929,62312,3180,65492,579
2022-01-15,Santa Clara,085,1922200,247242,218986,7803,226789,1974
2022-01-15,Santa Cruz,087,273765,33460,29414,1658,31072,235
2022-01-15,Shasta,089,179085,25954,24482,4551,29033,445
2022-01-15,Sierra,091,2930,251,232,30,262,0
2022-01-15,Siskiyou,093,43540,3848,3661,1863,5524,62
2022-01-15,Solano,095,438530,65987,58061,3719,61780,389
2022-01-15,Sonoma,097,501317,65944,58181,1711,59892,418
2022-01-15,Stanislaus,099,539301,99874,92986,12754,105740,1379
2022-01-15,Sutter,101,95872,17512,16345,886,17231,197
2022-01-15,Tehama,103,63373,10245,9572,2049,11621,141
2022-01-15,Trinity,105,12862,1001,872,241,1113,19
2022-01-15,Tulare,107,460477,86089,77769,20720,98489,1192
2022-01-15,Tuolumne,109,53932,9965,9042,236,9278,91
2022-01-15,Ventura,111,848112,149768,134736,8148,142884,1227
2022-01-15,Yolo,113,214977,30456,27311,2191,29502,270
2022-01-15,Yuba,115,75493,13230,12200,687,12887,101
2022-01-14,Alameda,001,1643700,202249,177768,9194,186962,1561
2022-01-14,Alpine,003,1148,116,117,0,117,0
2022-01-14,Amador,005,37829,6866,6434,201,6635,72
2022-01-14,Butte,007,227075,27384,25032,5251,30283,348
2022-01-14,Calaveras,009,45235,5858,5258,135,5393,93
2022-01-14,Colusa,011,21464,2957,2796,868,3664,21
2022-01-14,Contra Costa,013,1133247,153803,137643,8352,145995,1082
2022-01-14,Del Norte,015,27424,4236,4065,86,4151,43
2022-01-14,El Dorado,017,186661,22841,20434,2490,22924,175
2022-01-14,Fresno,019,978130,182414,167361,17300,184661,2415
2022-01-14,Glenn,021,27897,4198,3906,1317,5223,39
2022-01-14,Humboldt,023,135768,13662,12419,1723,14142,123
2022-01-14,Imperial,025,180216,46003,42508,7151,49659,817
2022-01-14,Inyo,027,18085,3691,3395,136,3531,49
2022-01-14,Kern,029,883053,163741,150085,34649,184734,1938
2022-01-14,Kings,031,150075,40565,37221,2500,39721,391
2022-01-14,Lake,033,64148,8222,7641,463,8104,117
2022-01-14,Lassen,035,31185,7545,7274,587,7861,55
2022-01-14,Los Angeles,037,10098052,2318199,2047927,103261,2151188,27641
2022-01-14,Madera,039,155013,29599,27294,3386,30680,329
2022-01-14,Marin,041,260295,27815,25248,1599,26847,251
2022-01-14,Mariposa,043,17540,1951,1762,84,1846,6
2022-01-14,Mendocino,045,87422,10454,9534,1376,10910,102
2022-01-14,Merced,047,269075,52883,48904,4244,53148,715
2022-01-14,Modoc,049,8938,639,628,218,846,6
2022-01-14,Mono,051,14174,2724,2508,92,2600,4
2022-01-14,Monterey,053,433212,63412,55315,6924,62239,647
2022-01-14,Napa,055,140530,20550,17648,560,18208,109
2022-01-14,Nevada,057,99092,13135,11773,715,12488,111
2022-01-14,Orange,059,3164182,477627,433141,34215,467356,5914
2022-01-14,Placer,061,380077,52357,47780,5826,53606,501
2022-01-14,Plumas,063,18699,2370,2158,129,2287,12
2022-01-14,Riverside,065,2383286,511598,466381,23431,489812,5578
2022-01-14,Sacramento,067,1510023,231940,208156,15611,223767,2491
2022-01-14,San Benito,069,59416,10602,9868,332,10200,87
2022-01-14,San Bernardino,071,2135413,502471,454395,20395,474790,6233
2022-01-14,San Diego,073,3302833,620745,559385,40868,600253,4540
2022-01-14,San Francisco,075,870044,100149,88004,5995,93999,692
2022-01-14,San Joaquin,077,732212,138267,125136,7861,132997,1954
2022-01-14,San Luis Obispo,079,281455,42408,38231,2626,40857,374
2022-01-14,San Mateo,081,765935,98098,80494,4412,84906,582
2022-01-14,Santa Barbara,083,443738,68410,62312,3170,65482,579
2022-01-14,Santa Clara,085,1922200,244668,218986,7697,226683,1974
2022-01-14,Santa Cruz,087,273765,33083,29414,1649,31063,235
2022-01-14,Shasta,089,179085,25833,24482,4518,29000,445
2022-01-14,Sierra,091,2930,249,232,28,260,0
2022-01-14,Siskiyou,093,43540,3837,3661,1850,5511,62
2022-01-14,Solano,095,438530,65142,58061,3631,61692,389
2022-01-14,Sonoma,097,501317,65404,58181,1685,59866,418
2022-01-14,Stanislaus,099,539301,99268,92986,12653,105639,1379
2022-01-14,Sutter,101,95872,17386,16345,878,17223,197
2022-01-14,Tehama,103,63373,10192,9572,2037,11609,141
2022-01-14,Trinity,105,12862,996,872,239,1111,19
2022-01-14,Tulare,107,460477,85558,77769,20559,98328,1192
2022-01-14,Tuolumne,109,53932,9842,9042,232,9274,91
2022-01-14,Ventura,111,848112,148661,134736,8089,142825,1227
2022-01-14,Yolo,113,214977,30215,27311,2163,29474,270
2022-01-14,Yuba,115,75493,13127,12200,682,12882,101
2022-01-13,Alameda,001,1643700,197924,177768,8843,186611,1561
2022-01-13,Alpine,003,1148,115,117,0,117,0
2022-01-13,Amador,005,37829,6806,6434,180,6614,72
2022-01-13,Butte,007,227075,27082,25032,5140,30172,348
2022-01-13,Calaveras,009,45235,5768,5258,132,5390,93
2022-01-13,Colusa,011,21464,2926,2796,858,3654,21
2022-01-13,Contra Costa,013,1133247,151267,137643,7899,145542,1082
2022-01-13,Del Norte,015,27424,4200,4065,85,4150,43
2022-01-13,El Dorado,017,186661,22592,20434,2444,22878,175
2022-01-13,Fresno,019,978130,179609,167361,16940,184301,2415
2022-01-13,Glenn,021,27897,4151,3906,1291,5197,39
2022-01-13,Humboldt,023,135768,13509,12419,1661,14080,123
2022-01-13,Imperial,025,180216,45459,42508,6938,49446,817
2022-01-13,Inyo,027,18085,3635,3395,119,3514,49
2022-01-13,Kern,029,883053,162156,150085,34060,184145,1938
2022-01-13,Kings,031,150075,40084,37221,2456,39677,391
2022-01-13,Lake,033,64148,8121,7641,442,8083,117
2022-01-13,Lassen,035,31185,7511,7274,571,7845,55
2022-01-13,Los Angeles,037,10098052,2281733,2047927,101474,2149401,27641
2022-01-13,Madera,039,155013,29132,27294,3293,30587,329
2022-01-13,Marin,041,260295,27471,25248,1556,26804,251
2022-01-13,Mariposa,043,17540,1928,1762,81,1843,6
2022-01-13,Mendocino,045,87422,10363,9534,1308,10842,102
2022-01-13,Merced,047,269075,52225,48904,3984,52888,715
2022-01-13,Modoc,049,8938,636,628,218,846,6
2022-01-13,Mono,051,14174,2701,2508,89,2597,4
2022-01-13,Monterey,053,433212,62475,55315,6639,61954,647
2022-01-13,Napa,055,140530,20252,17648,550,18198,109
2022-01-13,Nevada,057,99092,12942,11773,685,12458,111
2022-01-13,Orange,059,3164182,471185,433141,33759,466900,5914
2022-01-13,Placer,061,380077,51727,47780,5711,53491,501
2022-01-13,Plumas,063,18699,2350,2158,119,2277,12
2022-01-13,Riverside,065,2383286,505301,466381,23104,489485,5578
2022-01-13,Sacramento,067,1510023,228842,208156,14826,222982,2491
2022-01-13,San Benito,069,59416,10498,9868,324,10192,87
2022-01-13,San Bernardino,071,2135413,496736,454395,19937,474332,6233
2022-01-13,San Diego,073,3302833,612227,559385,39993,599378,4540
2022-01-13,San Francisco,075,870044,98413,88004,5801,93805,692
2022-01-13,San Joaquin,077,732212,136201,125136,7714,132850,1954
2022-01-13,San Luis Obispo,079,281455,41805,38231,2521,40752,374
2022-01-13,San Mateo,081,765935,96316,80494,4176,84670,582
2022-01-13,Santa Barbara,083,443738,67413,62312,2994,65306,579
2022-01-13,Santa Clara,085,1922200,240416,218986,7367,226353,1974
2022-01-13,Santa Cruz,087,273765,32267,29414,1627,31041,235
2022-01-13,Shasta,089,179085,25624,24482,4446,28928,445
2022-01-13,Sierra,091,2930,248,232,28,260,0
2022-01-13,Siskiyou,093,43540,3815,3661,1810,5471,62
2022-01-13,Solano,095,438530,64011,58061,3520,61581,389
2022-01-13,Sonoma,097,501317,64339,58181,1629,59810,418
2022-01-13,Stanislaus,099,539301,98151,92986,12375,105361,1379
2022-01-13,Sutter,101,95872,17190,16345,815,17160,197
2022-01-13,Tehama,103,63373,10093,9572,1988,11560,141
2022-01-13,Trinity,105,12862,988,872,239,1111,19
2022-01-13,Tulare,107,460477,84276,77769,20269,98038,1192
2022-01-13,Tuolumne,109,53932,9703,9042,214,9256,91
2022-01-13,Ventura,111,848112,146878,134736,7995,142731,1227
2022-01-13,Yolo,113,214977,29799,27311,2119,29430,270
2022-01-13,Yuba,115,75493,12992,12200,653,12853,101
2022-01-12,Alameda,001,1643700,193307,173001,8385,181386,1563
2022-01-12,Alpine,003,1148,115,117,0,117,0
2022-01-12,Amador,005,37829,6758,6354,166,6520,71
2022-01-12,Butte,007,227075,26756,24631,5049,29680,348
2022-01-12,Calaveras,009,45235,5691,5151,126,5277,93
2022-01-12,Colusa,011,21464,2887,2772,845,3617,21
2022-01-12,Contra Costa,013,1133247,148704,134579,7537,142116,1077
2022-01-12,Del Norte,015,27424,4174,4019,83,4102,43
2022-01-12,El Dorado,017,186661,22269,20092,2404,22496,175
2022-01-12,Fresno,019,978130,176878,165316,16534,181850,2413
2022-01-12,Glenn,021,27897,4100,3859,1269,5128,39
2022-01-12,Humboldt,023,135768,13337,12081,1579,13660,122
2022-01-12,Imperial,025,180216,44803,41985,6636,48621,814
2022-01-12,Inyo,027,18085,3589,3334,103,3437,49
2022-01-12,Kern,029,883053,160017,148435,33338,181773,1933
2022-01-12,Kings,031,150075,39453,36780,2414,39194,391
2022-01-12,Lake,033,64148,8005,7535,398,7933,117
2022-01-12,Lassen,035,31185,7469,7223,544,7767,55
2022-01-12,Los Angeles,037,10098052,2242000,2005065,99230,2104295,27601
2022-01-12,Madera,039,155013,28815,26952,3193,30145,329
2022-01-12,Marin,041,260295,26981,24704,1505,26209,251
2022-01-12,Mariposa,043,17540,1899,1725,79,1804,6
2022-01-12,Mendocino,045,87422,10199,9379,1210,10589,103
2022-01-12,Merced,047,269075,51525,48441,3711,52152,710
2022-01-12,Modoc,049,8938,634,627,218,845,6
2022-01-12,Mono,051,14174,2665,2466,85,2551,4
2022-01-12,Monterey,053,433212,61489,54524,6278,60802,647
2022-01-12,Napa,055,140530,19994,17347,527,17874,109
2022-01-12,Nevada,057,99092,12729,11552,639,12191,111
2022-01-12,Orange,059,3164182,464401,425737,33174,458911,5912
2022-01-12,Placer,061,380077,51067,47004,5596,52600,501
2022-01-12,Plumas,063,18699,2310,2135,108,2243,12
2022-01-12,Riverside,065,2383286,498090,458881,22764,481645,5565
2022-01-12,Sacramento,067,1510023,225265,204696,13954,218650,2479
2022-01-12,San Benito,069,59416,10367,9737,312,10049,87
2022-01-12,San Bernardino,071,2135413,490392,447869,19325,467194,6222
2022-01-12,San Diego,073,3302833,601721,551669,39135,590804,4529
2022-01-12,San Francisco,075,870044,96578,85700,5688,91388,691
2022-01-12,San Joaquin,077,732212,133917,122850,7587,130437,1948
2022-01-12,San Luis Obispo,079,281455,41078,37727,2438,40165,373
2022-01-12,San Mateo,081,765935,94283,78476,3802,82278,582
2022-01-12,Santa Barbara,083,443738,66270,60815,2892,63707,578
2022-01-12,Santa Clara,085,1922200,235920,213177,6988,220165,1971
2022-01-12,Santa Cruz,087,273765,31612,28463,1579,30042,235
2022-01-12,Shasta,089,179085,25411,24324,4381,28705,446
2022-01-12,Sierra,091,2930,247,228,28,256,0
2022-01-12,Siskiyou,093,43540,3787,3639,1763,5402,62
2022-01-12,Solano,095,438530,62964,57052,3399,60451,386
2022-01-12,Sonoma,097,501317,63055,56394,1546,57940,417
2022-01-12,Stanislaus,099,539301,96920,91738,12035,103773,1373
2022-01-12,Sutter,101,95872,16995,16135,782,16917,197
2022-01-12,Tehama,103,63373,10004,9475,1927,11402,141
2022-01-12,Trinity,105,12862,984,868,238,1106,19
2022-01-12,Tulare,107,460477,83155,76943,19890,96833,1192
2022-01-12,Tuolumne,109,53932,9573,8870,197,9067,91
2022-01-12,Ventura,111,848112,144967,132180,7909,140089,1220
2022-01-12,Yolo,113,214977,29384,26888,2046,28934,270
2022-01-12,Yuba,115,75493,12832,12015,626,12641,101
2022-01-11,Alameda,001,1643700,188780,169181,7989,177170,1561
2022-01-11,Alpine,003,1148,115,116,0,116,0
2022-01-11,Amador,005,37829,6674,6317,151,6468,71
2022-01-11,Butte,007,227075,26365,24479,4956,29435,347
2022-01-11,Calaveras,009,45235,5562,5083,112,5195,93
2022-01-11,Colusa,011,21464,2864,2766,832,3598,21
2022-01-11,Contra Costa,013,1133247,145698,132410,7057,139467,1077
2022-01-11,Del Norte,015,27424,4141,4006,81,4087,43
2022-01-11,El Dorado,017,186661,21923,19842,2331,22173,174
2022-01-11,Fresno,019,978130,173834,163509,16196,179705,2404
2022-01-11,Glenn,021,27897,4038,3844,1225,5069,39
2022-01-11,Humboldt,023,135768,13116,11960,1486,13446,122
2022-01-11,Imperial,025,180216,44198,41444,6436,47880,813
2022-01-11,Inyo,027,18085,3491,3278,96,3374,49
2022-01-11,Kern,029,883053,157735,146942,32516,179458,1929
2022-01-11,Kings,031,150075,38865,36524,2383,38907,389
2022-01-11,Lake,033,64148,7927,7494,382,7876,117
2022-01-11,Lassen,035,31185,7419,7210,530,7740,55
2022-01-11,Los Angeles,037,10098052,2199557,1966319,96998,2063317,27563
2022-01-11,Madera,039,155013,28400,26688,3114,29802,329
2022-01-11,Marin,041,260295,26624,24387,1460,25847,251
2022-01-11,Mariposa,043,17540,1877,1718,75,1793,6
2022-01-11,Mendocino,045,87422,10038,9301,1112,10413,102
2022-01-11,Merced,047,269075,50759,48068,3530,51598,708
2022-01-11,Modoc,049,8938,633,626,217,843,6
2022-01-11,Mono,051,14174,2622,2425,84,2509,4
2022-01-11,Monterey,053,433212,60446,53911,5930,59841,646
2022-01-11,Napa,055,140530,19554,17020,480,17500,109
2022-01-11,Nevada,057,99092,12503,11467,604,12071,110
2022-01-11,Orange,059,3164182,456723,417703,32542,450245,5909
2022-01-11,Placer,061,380077,50312,46459,5452,51911,500
2022-01-11,Plumas,063,18699,2275,2099,100,2199,12
2022-01-11,Riverside,065,2383286,490365,453766,22450,476216,5551
2022-01-11,Sacramento,067,1510023,221086,201058,12931,213989,2489
2022-01-11,San Benito,069,59416,10231,9624,299,9923,83
2022-01-11,San Bernardino,071,2135413,482636,442960,18734,461694,6198
2022-01-11,San Diego,073,3302833,589713,536954,38024,574978,4520
2022-01-11,San Francisco,075,870044,94375,83678,5529,89207,691
2022-01-11,San Joaquin,077,732212,131538,121139,7421,128560,1944
2022-01-11,San Luis Obispo,079,281455,40303,37183,2319,39502,372
2022-01-11,San Mateo,081,765935,91990,76756,3580,80336,582
2022-01-11,Santa Barbara,083,443738,64965,59758,2755,62513,578
2022-01-11,Santa Clara,085,1922200,230536,208425,6537,214962,1971
2022-01-11,Santa Cruz,087,273765,31104,27709,1529,29238,232
2022-01-11,Shasta,089,179085,25152,24132,4288,28420,446
2022-01-11,Sierra,091,2930,245,228,28,256,0
2022-01-11,Siskiyou,093,43540,3763,3621,1713,5334,62
2022-01-11,Solano,095,438530,61565,56349,3246,59595,388
2022-01-11,Sonoma,097,501317,61538,55411,1466,56877,416
2022-01-11,Stanislaus,099,539301,95553,90998,11668,102666,1372
2022-01-11,Sutter,101,95872,16794,15993,728,16721,197
2022-01-11,Tehama,103,63373,9876,9406,1879,11285,140
2022-01-11,Trinity,105,12862,972,858,236,1094,19
2022-01-11,Tulare,107,460477,81849,76267,19490,95757,1188
2022-01-11,Tuolumne,109,53932,9414,8811,190,9001,91
2022-01-11,Ventura,111,848112,142736,129548,7763,137311,1220
2022-01-11,Yolo,113,214977,28807,26482,1985,28467,270
2022-01-11,Yuba,115,75493,12658,11912,605,12517,101
2022-01-10,Alameda,001,1643700,183655,165657,7466,173123,1559
2022-01-10,Alpine,003,1148,115,116,0,116,0
2022-01-10,Amador,005,37829,6571,6279,136,6415,71
2022-01-10,Butte,007,227075,26026,24217,4860,29077,347
2022-01-10,Calaveras,009,45235,5464,5025,106,5131,93
2022-01-10,Colusa,011,21464,2835,2758,823,3581,21
2022-01-10,Contra Costa,013,1133247,142903,129951,6545,136496,1077
2022-01-10,Del Norte,015,27424,4118,3970,81,4051,43
2022-01-10,El Dorado,017,186661,21356,19606,2274,21880,172
2022-01-10,Fresno,019,978130,170790,161593,15809,177402,2404
2022-01-10,Glenn,021,27897,3979,3807,1211,5018,39
2022-01-10,Humboldt,023,135768,12873,11778,1353,13131,121
2022-01-10,Imperial,025,180216,43472,41080,6219,47299,811
2022-01-10,Inyo,027,18085,3436,3227,84,3311,49
2022-01-10,Kern,029,883053,155165,145744,31774,177518,1929
2022-01-10,Kings,031,150075,38249,36286,2357,38643,389
2022-01-10,Lake,033,64148,7838,7416,358,7774,117
2022-01-10,Lassen,035,31185,7381,7192,508,7700,55
2022-01-10,Los Angeles,037,10098052,2154032,1932475,94521,2026996,27546
2022-01-10,Madera,039,155013,27950,26501,3011,29512,328
2022-01-10,Marin,041,260295,26135,24023,1386,25409,251
2022-01-10,Mariposa,043,17540,1837,1684,70,1754,6
2022-01-10,Mendocino,045,87422,9865,9163,1025,10188,101
2022-01-10,Merced,047,269075,49951,47632,3248,50880,707
2022-01-10,Modoc,049,8938,632,622,215,837,6
2022-01-10,Mono,051,14174,2556,2415,79,2494,4
2022-01-10,Monterey,053,433212,59491,53485,5616,59101,645
2022-01-10,Napa,055,140530,19177,16775,466,17241,109
2022-01-10,Nevada,057,99092,12279,11300,566,11866,110
2022-01-10,Orange,059,3164182,448026,406170,31694,437864,5906
2022-01-10,Placer,061,380077,49465,45642,5290,50932,498
2022-01-10,Plumas,063,18699,2240,2086,98,2184,12
2022-01-10,Riverside,065,2383286,482113,445536,22001,467537,5546
2022-01-10,Sacramento,067,1510023,216579,198023,11886,209909,2474
2022-01-10,San Benito,069,59416,10060,9467,289,9756,83
2022-01-10,San Bernardino,071,2135413,474374,437207,18022,455229,6184
2022-01-10,San Diego,073,3302833,577017,530506,36886,567392,4500
2022-01-10,San Francisco,075,870044,92584,82209,5270,87479,690
2022-01-10,San Joaquin,077,732212,128873,119587,7138,126725,1927
2022-01-10,San Luis Obispo,079,281455,39487,36618,2224,38842,371
2022-01-10,San Mateo,081,765935,89343,75210,3324,78534,582
2022-01-10,Santa Barbara,083,443738,63704,58957,2566,61523,578
2022-01-10,Santa Clara,085,1922200,224754,203540,6058,209598,1971
2022-01-10,Santa Cruz,087,273765,30263,26906,1491,28397,232
2022-01-10,Shasta,089,179085,24955,23983,4211,28194,446
2022-01-10,Sierra,091,2930,242,223,28,251,0
2022-01-10,Siskiyou,093,43540,3730,3592,1669,5261,62
2022-01-10,Solano,095,438530,60525,55663,3049,58712,385
2022-01-10,Sonoma,097,501317,59990,54478,1420,55898,412
2022-01-10,Stanislaus,099,539301,94218,89997,11323,101320,1372
2022-01-10,Sutter,101,95872,16550,15823,682,16505,196
2022-01-10,Tehama,103,63373,9763,9360,1824,11184,140
2022-01-10,Trinity,105,12862,968,849,234,1083,19
2022-01-10,Tulare,107,460477,80356,75498,19104,94602,1186
2022-01-10,Tuolumne,109,53932,9288,8685,178,8863,91
2022-01-10,Ventura,111,848112,140128,126240,7613,133853,1217
2022-01-10,Yolo,113,214977,28210,26065,1932,27997,270
2022-01-10,Yuba,115,75493,12410,11776,571,12347,101
2022-01-09,Alameda,001,1643700,179142,162701,6798,169499,1561
2022-01-09,Alpine,003,1148,115,116,0,116,0
2022-01-09,Amador,005,37829,6483,6215,124,6339,71
2022-01-09,Butte,007,227075,25638,24018,4743,28761,347
2022-01-09,Calaveras,009,45235,5334,4976,97,5073,93
2022-01-09,Colusa,011,21464,2808,2750,800,3550,21
2022-01-09,Contra Costa,013,1133247,139985,128050,5888,133938,1077
2022-01-09,Del Norte,015,27424,4078,3950,77,4027,43
2022-01-09,El Dorado,017,186661,20994,19430,2208,21638,172
2022-01-09,Fresno,019,978130,168210,159989,15434,175423,2405
2022-01-09,Glenn,021,27897,3923,3797,1190,4987,39
2022-01-09,Humboldt,023,135768,12629,11582,1230,12812,121
2022-01-09,Imperial,025,180216,42633,40608,5959,46567,811
2022-01-09,Inyo,027,18085,3333,3149,75,3224,49
2022-01-09,Kern,029,883053,152710,144819,31035,175854,1927
2022-01-09,Kings,031,150075,37572,36041,2321,38362,389
2022-01-09,Lake,033,64148,7727,7393,314,7707,117
2022-01-09,Lassen,035,31185,7317,7172,479,7651,55
2022-01-09,Los Angeles,037,10098052,2106014,1887830,91525,1979355,27532
2022-01-09,Madera,039,155013,27571,26325,2914,29239,328
2022-01-09,Marin,041,260295,25685,23708,1295,25003,251
2022-01-09,Mariposa,043,17540,1787,1660,69,1729,6
2022-01-09,Mendocino,045,87422,9658,9097,913,10010,101
2022-01-09,Merced,047,269075,49080,47294,2976,50270,706
2022-01-09,Modoc,049,8938,630,619,215,834,6
2022-01-09,Mono,051,14174,2521,2390,72,2462,4
2022-01-09,Monterey,053,433212,58431,53251,5348,58599,645
2022-01-09,Napa,055,140530,18682,16614,450,17064,109
2022-01-09,Nevada,057,99092,12025,11152,505,11657,110
2022-01-09,Orange,059,3164182,438027,400563,30744,431307,5905
2022-01-09,Placer,061,380077,48473,45081,5140,50221,498
2022-01-09,Plumas,063,18699,2201,2081,78,2159,12
2022-01-09,Riverside,065,2383286,473129,440413,21459,461872,5546
2022-01-09,Sacramento,067,1510023,211787,195444,10773,206217,2475
2022-01-09,San Benito,069,59416,9874,9363,261,9624,83
2022-01-09,San Bernardino,071,2135413,466136,430257,17221,447478,6180
2022-01-09,San Diego,073,3302833,563877,478206,35030,513236,4500
2022-01-09,San Francisco,075,870044,90720,80463,5024,85487,690
2022-01-09,San Joaquin,077,732212,125795,118422,6971,125393,1927
2022-01-09,San Luis Obispo,079,281455,38682,36291,2118,38409,371
2022-01-09,San Mateo,081,765935,86833,73867,2997,76864,582
2022-01-09,Santa Barbara,083,443738,62020,58280,2304,60584,578
2022-01-09,Santa Clara,085,1922200,218704,199889,5523,205412,1976
2022-01-09,Santa Cruz,087,273765,29513,26513,1459,27972,232
2022-01-09,Shasta,089,179085,24715,23926,4124,28050,446
2022-01-09,Sierra,091,2930,239,223,26,249,0
2022-01-09,Siskiyou,093,43540,3701,3580,1610,5190,62
2022-01-09,Solano,095,438530,59370,54985,2768,57753,384
2022-01-09,Sonoma,097,501317,58315,53543,1383,54926,412
2022-01-09,Stanislaus,099,539301,92849,89248,11042,100290,1372
2022-01-09,Sutter,101,95872,16262,15695,602,16297,196
2022-01-09,Tehama,103,63373,9646,9306,1773,11079,140
2022-01-09,Trinity,105,12862,964,848,232,1080,19
2022-01-09,Tulare,107,460477,78946,75085,18735,93820,1186
2022-01-09,Tuolumne,109,53932,9131,8595,159,8754,91
2022-01-09,Ventura,111,848112,137075,124269,7370,131639,1217
2022-01-09,Yolo,113,214977,27602,25632,1887,27519,270
2022-01-09,Yuba,115,75493,12212,11666,540,12206,101
2022-01-08,Alameda,001,1643700,177254,148560,6660,155220,1558
2022-01-08,Alpine,003,1148,115,114,0,114,0
2022-01-08,Amador,005,37829,6452,6091,119,6210,71
2022-01-08,Butte,007,227075,25450,23429,4704,28133,347
2022-01-08,Calaveras,009,45235,5288,4823,93,4916,93
2022-01-08,Colusa,011,21464,2800,2713,797,3510,21
2022-01-08,Contra Costa,013,1133247,138459,119907,5807,125714,1077
2022-01-08,Del Norte,015,27424,4061,3902,77,3979,43
2022-01-08,El Dorado,017,186661,20813,18599,2175,20774,172
2022-01-08,Fresno,019,978130,167325,155394,15301,170695,2393
2022-01-08,Glenn,021,27897,3915,3732,1185,4917,39
2022-01-08,Humboldt,023,135768,12508,11149,1204,12353,121
2022-01-08,Imperial,025,180216,42445,39429,5817,45246,800
2022-01-08,Inyo,027,18085,3319,3020,72,3092,49
2022-01-08,Kern,029,883053,151573,140410,30607,171017,1921
2022-01-08,Kings,031,150075,37331,35275,2304,37579,390
2022-01-08,Lake,033,64148,7687,7209,306,7515,117
2022-01-08,Lassen,035,31185,7287,7127,463,7590,55
2022-01-08,Los Angeles,037,10098052,2087624,1765787,89793,1855580,27476
2022-01-08,Madera,039,155013,27404,25767,2876,28643,328
2022-01-08,Marin,041,260295,25401,22377,1284,23661,251
2022-01-08,Mariposa,043,17540,1777,1588,69,1657,6
2022-01-08,Mendocino,045,87422,9584,8792,911,9703,101
2022-01-08,Merced,047,269075,48907,46094,2952,49046,703
2022-01-08,Modoc,049,8938,630,610,215,825,6
2022-01-08,Mono,051,14174,2510,2240,67,2307,4
2022-01-08,Monterey,053,433212,58045,51721,5255,56976,644
2022-01-08,Napa,055,140530,18528,15819,424,16243,109
2022-01-08,Nevada,057,99092,11939,10765,492,11257,110
2022-01-08,Orange,059,3164182,434232,375124,29898,405022,5903
2022-01-08,Placer,061,380077,48029,43172,5098,48270,495
2022-01-08,Plumas,063,18699,2191,2053,73,2126,12
2022-01-08,Riverside,065,2383286,469614,422591,21192,443783,5535
2022-01-08,Sacramento,067,1510023,210353,185118,10616,195734,2470
2022-01-08,San Benito,069,59416,9713,9016,258,9274,83
2022-01-08,San Bernardino,071,2135413,462743,411724,16833,428557,6122
2022-01-08,San Diego,073,3302833,558974,472273,34487,506760,4495
2022-01-08,San Francisco,075,870044,89521,73660,4744,78404,690
2022-01-08,San Joaquin,077,732212,124827,112514,6870,119384,1916
2022-01-08,San Luis Obispo,079,281455,38480,34489,2075,36564,369
2022-01-08,San Mateo,081,765935,85450,67918,2910,70828,582
2022-01-08,Santa Barbara,083,443738,61325,54617,2270,56887,575
2022-01-08,Santa Clara,085,1922200,215664,183842,5315,189157,1966
2022-01-08,Santa Cruz,087,273765,29087,24678,1439,26117,230
2022-01-08,Shasta,089,179085,24624,23585,4093,27678,445
2022-01-08,Sierra,091,2930,235,215,25,240,0
2022-01-08,Siskiyou,093,43540,3689,3545,1596,5141,62
2022-01-08,Solano,095,438530,58962,52452,2696,55148,383
2022-01-08,Sonoma,097,501317,57792,50130,1349,51479,411
2022-01-08,Stanislaus,099,539301,92209,87049,10919,97968,1372
2022-01-08,Sutter,101,95872,16143,15261,589,15850,195
2022-01-08,Tehama,103,63373,9615,9109,1765,10874,140
2022-01-08,Trinity,105,12862,958,836,232,1068,19
2022-01-08,Tulare,107,460477,78554,73600,18601,92201,1185
2022-01-08,Tuolumne,109,53932,9025,8360,156,8516,91
2022-01-08,Ventura,111,848112,135905,117229,7236,124465,1216
2022-01-08,Yolo,113,214977,27308,24006,1859,25865,270
2022-01-08,Yuba,115,75493,12125,11277,537,11814,101
2022-01-07,Alameda,001,1643700,174566,148560,6547,155107,1558
2022-01-07,Alpine,003,1148,115,114,0,114,0
2022-01-07,Amador,005,37829,6403,6091,116,6207,71
2022-01-07,Butte,007,227075,25246,23429,4669,28098,347
2022-01-07,Calaveras,009,45235,5249,4823,93,4916,93
2022-01-07,Colusa,011,21464,2791,2713,786,3499,21
2022-01-07,Contra Costa,013,1133247,136561,119907,5686,125593,1077
2022-01-07,Del Norte,015,27424,4045,3902,76,3978,43
2022-01-07,El Dorado,017,186661,20650,18599,2162,20761,172
2022-01-07,Fresno,019,978130,165966,155394,15208,170602,2393
2022-01-07,Glenn,021,27897,3895,3732,1182,4914,39
2022-01-07,Humboldt,023,135768,12365,11149,1177,12326,121
2022-01-07,Imperial,025,180216,42286,39429,5733,45162,800
2022-01-07,Inyo,027,18085,3300,3020,70,3090,49
2022-01-07,Kern,029,883053,150603,140410,30165,170575,1921
2022-01-07,Kings,031,150075,37150,35275,2290,37565,390
2022-01-07,Lake,033,64148,7639,7209,281,7490,117
2022-01-07,Lassen,035,31185,7271,7127,460,7587,55
2022-01-07,Los Angeles,037,10098052,2056450,1765787,88333,1854120,27476
2022-01-07,Madera,039,155013,27222,25767,2840,28607,328
2022-01-07,Marin,041,260295,25020,22377,1266,23643,251
2022-01-07,Mariposa,043,17540,1761,1588,69,1657,6
2022-01-07,Mendocino,045,87422,9491,8792,910,9702,101
2022-01-07,Merced,047,269075,48741,46094,2928,49022,703
2022-01-07,Modoc,049,8938,629,610,215,825,6
2022-01-07,Mono,051,14174,2472,2240,61,2301,4
2022-01-07,Monterey,053,433212,57625,51721,5160,56881,644
2022-01-07,Napa,055,140530,18301,15819,403,16222,109
2022-01-07,Nevada,057,99092,11810,10765,471,11236,110
2022-01-07,Orange,059,3164182,429421,375124,29281,404405,5903
2022-01-07,Placer,061,380077,47524,43172,5048,48220,495
2022-01-07,Plumas,063,18699,2182,2053,72,2125,12
2022-01-07,Riverside,065,2383286,465786,422591,20963,443554,5535
2022-01-07,Sacramento,067,1510023,208082,185118,10463,195581,2470
2022-01-07,San Benito,069,59416,9668,9016,257,9273,83
2022-01-07,San Bernardino,071,2135413,458763,411724,16606,428330,6122
2022-01-07,San Diego,073,3302833,551853,472273,33940,506213,4495
2022-01-07,San Francisco,075,870044,88080,73660,4485,78145,690
2022-01-07,San Joaquin,077,732212,123876,112514,6809,119323,1916
2022-01-07,San Luis Obispo,079,281455,38265,34489,2020,36509,369
2022-01-07,San Mateo,081,765935,83984,67918,2851,70769,582
2022-01-07,Santa Barbara,083,443738,60629,54617,2249,56866,575
2022-01-07,Santa Clara,085,1922200,212417,183842,5206,189048,1966
2022-01-07,Santa Cruz,087,273765,28607,24678,1423,26101,230
2022-01-07,Shasta,089,179085,24525,23585,4059,27644,445
2022-01-07,Sierra,091,2930,232,215,25,240,0
2022-01-07,Siskiyou,093,43540,3678,3545,1584,5129,62
2022-01-07,Solano,095,438530,58280,52452,2651,55103,383
2022-01-07,Sonoma,097,501317,57190,50130,1264,51394,411
2022-01-07,Stanislaus,099,539301,91681,87049,10820,97869,1372
2022-01-07,Sutter,101,95872,15993,15261,576,15837,195
2022-01-07,Tehama,103,63373,9579,9109,1752,10861,140
2022-01-07,Trinity,105,12862,951,836,231,1067,19
2022-01-07,Tulare,107,460477,78127,73600,18462,92062,1185
2022-01-07,Tuolumne,109,53932,8936,8360,152,8512,91
2022-01-07,Ventura,111,848112,134276,117229,7101,124330,1216
2022-01-07,Yolo,113,214977,26933,24006,1840,25846,270
2022-01-07,Yuba,115,75493,12020,11277,532,11809,101
2022-01-06,Alameda,001,1643700,169196,148560,6144,154704,1558
2022-01-06,Alpine,003,1148,114,114,0,114,0
2022-01-06,Amador,005,37829,6352,6091,111,6202,71
2022-01-06,Butte,007,227075,24951,23429,4585,28014,347
2022-01-06,Calaveras,009,45235,5132,4823,91,4914,93
2022-01-06,Colusa,011,21464,2771,2713,777,3490,21
2022-01-06,Contra Costa,013,1133247,133631,119907,5271,125178,1077
2022-01-06,Del Norte,015,27424,4011,3902,74,3976,43
2022-01-06,El Dorado,017,186661,20317,18599,2122,20721,172
2022-01-06,Fresno,019,978130,163841,155394,14950,170344,2393
2022-01-06,Glenn,021,27897,3868,3732,1156,4888,39
2022-01-06,Humboldt,023,135768,12139,11149,1136,12285,121
2022-01-06,Imperial,025,180216,41701,39429,5533,44962,800
2022-01-06,Inyo,027,18085,3262,3020,70,3090,49
2022-01-06,Kern,029,883053,148934,140410,29499,169909,1921
2022-01-06,Kings,031,150075,36825,35275,2265,37540,390
2022-01-06,Lake,033,64148,7565,7209,270,7479,117
2022-01-06,Lassen,035,31185,7248,7127,454,7581,55
2022-01-06,Los Angeles,037,10098052,2002301,1765787,85974,1851761,27476
2022-01-06,Madera,039,155013,26917,25767,2782,28549,328
2022-01-06,Marin,041,260295,24618,22377,1233,23610,251
2022-01-06,Mariposa,043,17540,1742,1588,69,1657,6
2022-01-06,Mendocino,045,87422,9394,8792,871,9663,101
2022-01-06,Merced,047,269075,48192,46094,2790,48884,703
2022-01-06,Modoc,049,8938,628,610,215,825,6
2022-01-06,Mono,051,14174,2449,2240,58,2298,4
2022-01-06,Monterey,053,433212,56904,51721,4909,56630,644
2022-01-06,Napa,055,140530,17903,15819,394,16213,109
2022-01-06,Nevada,057,99092,11612,10765,459,11224,110
2022-01-06,Orange,059,3164182,419974,375124,28542,403666,5903
2022-01-06,Placer,061,380077,46787,43172,4960,48132,495
2022-01-06,Plumas,063,18699,2164,2053,64,2117,12
2022-01-06,Riverside,065,2383286,458313,422591,20675,443266,5535
2022-01-06,Sacramento,067,1510023,204026,185118,9727,194845,2470
2022-01-06,San Benito,069,59416,9567,9016,250,9266,83
2022-01-06,San Bernardino,071,2135413,451310,411724,16130,427854,6122
2022-01-06,San Diego,073,3302833,540215,472273,32937,505210,4495
2022-01-06,San Francisco,075,870044,85761,73660,4231,77891,690
2022-01-06,San Joaquin,077,732212,121710,112514,6722,119236,1916
2022-01-06,San Luis Obispo,079,281455,37566,34489,1950,36439,369
2022-01-06,San Mateo,081,765935,81561,67918,2671,70589,582
2022-01-06,Santa Barbara,083,443738,59461,54617,2190,56807,575
2022-01-06,Santa Clara,085,1922200,207525,183842,4820,188662,1966
2022-01-06,Santa Cruz,087,273765,28047,24678,1399,26077,230
2022-01-06,Shasta,089,179085,24378,23585,4009,27594,445
2022-01-06,Sierra,091,2930,229,215,25,240,0
2022-01-06,Siskiyou,093,43540,3662,3545,1538,5083,62
2022-01-06,Solano,095,438530,57268,52452,2466,54918,383
2022-01-06,Sonoma,097,501317,55798,50130,1231,51361,411
2022-01-06,Stanislaus,099,539301,90531,87049,10651,97700,1372
2022-01-06,Sutter,101,95872,15816,15261,548,15809,195
2022-01-06,Tehama,103,63373,9501,9109,1725,10834,140
2022-01-06,Trinity,105,12862,944,836,230,1066,19
2022-01-06,Tulare,107,460477,77420,73600,18286,91886,1185
2022-01-06,Tuolumne,109,53932,8826,8360,146,8506,91
2022-01-06,Ventura,111,848112,131580,117229,6941,124170,1216
2022-01-06,Yolo,113,214977,26375,24006,1797,25803,270
2022-01-06,Yuba,115,75493,11884,11277,515,11792,101
2022-01-05,Alameda,001,1643700,164054,144824,5730,150554,1548
2022-01-05,Alpine,003,1148,114,112,0,112,0
2022-01-05,Amador,005,37829,6309,6012,108,6120,70
2022-01-05,Butte,007,227075,24644,23134,4525,27659,343
2022-01-05,Calaveras,009,45235,5077,4758,89,4847,90
2022-01-05,Colusa,011,21464,2759,2704,766,3470,21
2022-01-05,Contra Costa,013,1133247,130566,117188,4827,122015,1071
2022-01-05,Del Norte,015,27424,3991,3862,72,3934,43
2022-01-05,El Dorado,017,186661,19931,18367,2092,20459,171
2022-01-05,Fresno,019,978130,161832,153033,14681,167714,2377
2022-01-05,Glenn,021,27897,3820,3700,1146,4846,39
2022-01-05,Humboldt,023,135768,11935,10938,1088,12026,120
2022-01-05,Imperial,025,180216,41073,38789,5380,44169,800
2022-01-05,Inyo,027,18085,3180,2939,66,3005,49
2022-01-05,Kern,029,883053,147156,138186,28929,167115,1913
2022-01-05,Kings,031,150075,36482,34893,2246,37139,387
2022-01-05,Lake,033,64148,7482,7129,254,7383,117
2022-01-05,Lassen,035,31185,7228,7077,446,7523,55
2022-01-05,Los Angeles,037,10098052,1946006,1729640,83586,1813226,27443
2022-01-05,Madera,039,155013,26677,25392,2690,28082,327
2022-01-05,Marin,041,260295,24272,21829,1183,23012,251
2022-01-05,Mariposa,043,17540,1716,1564,68,1632,6
2022-01-05,Mendocino,045,87422,9263,8625,836,9461,101
2022-01-05,Merced,047,269075,47616,45721,2656,48377,700
2022-01-05,Modoc,049,8938,625,603,215,818,6
2022-01-05,Mono,051,14174,2430,2201,54,2255,4
2022-01-05,Monterey,053,433212,56080,51241,4709,55950,639
2022-01-05,Napa,055,140530,17540,15494,362,15856,108
2022-01-05,Nevada,057,99092,11417,10624,442,11066,110
2022-01-05,Orange,059,3164182,409935,366139,27493,393632,5869
2022-01-05,Placer,061,380077,45904,42456,4867,47323,492
2022-01-05,Plumas,063,18699,2144,2020,62,2082,12
2022-01-05,Riverside,065,2383286,450858,415253,20324,435577,5502
2022-01-05,Sacramento,067,1510023,199256,181488,8778,190266,2455
2022-01-05,San Benito,069,59416,9373,8829,238,9067,83
2022-01-05,San Bernardino,071,2135413,442886,405323,15590,420913,6085
2022-01-05,San Diego,073,3302833,526619,466602,31956,498558,4495
2022-01-05,San Francisco,075,870044,83180,71405,4093,75498,686
2022-01-05,San Joaquin,077,732212,119180,110497,6642,117139,1903
2022-01-05,San Luis Obispo,079,281455,36769,34066,1873,35939,369
2022-01-05,San Mateo,081,765935,79390,66018,2473,68491,578
2022-01-05,Santa Barbara,083,443738,58155,53082,2111,55193,570
2022-01-05,Santa Clara,085,1922200,201765,178629,4403,183032,1961
2022-01-05,Santa Cruz,087,273765,27292,24394,1378,25772,229
2022-01-05,Shasta,089,179085,24222,23361,3980,27341,441
2022-01-05,Sierra,091,2930,226,210,23,233,0
2022-01-05,Siskiyou,093,43540,3652,3513,1509,5022,60
2022-01-05,Solano,095,438530,56222,51505,2331,53836,380
2022-01-05,Sonoma,097,501317,54534,49120,1074,50194,412
2022-01-05,Stanislaus,099,539301,89546,86248,10480,96728,1360
2022-01-05,Sutter,101,95872,15614,15117,509,15626,193
2022-01-05,Tehama,103,63373,9404,9011,1694,10705,140
2022-01-05,Trinity,105,12862,940,822,228,1050,19
2022-01-05,Tulare,107,460477,76641,72718,18111,90829,1173
2022-01-05,Tuolumne,109,53932,8734,8223,139,8362,90
2022-01-05,Ventura,111,848112,128828,114752,6733,121485,1211
2022-01-05,Yolo,113,214977,25763,23401,1758,25159,269
2022-01-05,Yuba,115,75493,11702,11138,489,11627,100
2022-01-04,Alameda,001,1643700,158536,143360,5327,148687,1532
2022-01-04,Alpine,003,1148,114,113,0,113,0
2022-01-04,Amador,005,37829,6242,6025,102,6127,71
2022-01-04,Butte,007,227075,24346,23094,4456,27550,346
2022-01-04,Calaveras,009,45235,5003,4767,86,4853,93
2022-01-04,Colusa,011,21464,2742,2689,760,3449,21
2022-01-04,Contra Costa,013,1133247,127430,116005,4469,120474,1075
2022-01-04,Del Norte,015,27424,3959,3882,69,3951,43
2022-01-04,El Dorado,017,186661,19573,18339,2072,20411,172
2022-01-04,Fresno,019,978130,159678,153244,14438,167682,2380
2022-01-04,Glenn,021,27897,3790,3705,1131,4836,39
2022-01-04,Humboldt,023,135768,11685,10865,1037,11902,120
2022-01-04,Imperial,025,180216,40471,38596,5119,43715,800
2022-01-04,Inyo,027,18085,3097,2870,65,2935,49
2022-01-04,Kern,029,883053,145228,138245,28348,166593,1916
2022-01-04,Kings,031,150075,36160,34931,2229,37160,388
2022-01-04,Lake,033,64148,7441,7152,245,7397,117
2022-01-04,Lassen,035,31185,7205,7111,442,7553,55
2022-01-04,Los Angeles,037,10098052,1886064,1705253,81243,1786496,27419
2022-01-04,Madera,039,155013,26333,25425,2619,28044,328
2022-01-04,Marin,041,260295,23791,21675,1124,22799,251
2022-01-04,Mariposa,043,17540,1680,1564,67,1631,6
2022-01-04,Mendocino,045,87422,9140,8636,812,9448,101
2022-01-04,Merced,047,269075,47005,45583,2527,48110,700
2022-01-04,Modoc,049,8938,622,611,215,826,6
2022-01-04,Mono,051,14174,2381,2190,44,2234,4
2022-01-04,Monterey,053,433212,55347,51176,4485,55661,643
2022-01-04,Napa,055,140530,17036,15370,332,15702,107
2022-01-04,Nevada,057,99092,11259,10608,429,11037,110
2022-01-04,Orange,059,3164182,399184,362051,26359,388410,5897
2022-01-04,Placer,061,380077,45069,42285,4751,47036,494
2022-01-04,Plumas,063,18699,2118,2014,60,2074,12
2022-01-04,Riverside,065,2383286,442329,413366,19976,433342,5504
2022-01-04,Sacramento,067,1510023,194280,181271,8058,189329,2453
2022-01-04,San Benito,069,59416,9186,8763,230,8993,79
2022-01-04,San Bernardino,071,2135413,434026,404409,15063,419472,6060
2022-01-04,San Diego,073,3302833,510271,458499,30989,489488,4487
2022-01-04,San Francisco,075,870044,80325,70666,3950,74616,688
2022-01-04,San Joaquin,077,732212,116765,110374,6488,116862,1911
2022-01-04,San Luis Obispo,079,281455,35962,33788,1786,35574,371
2022-01-04,San Mateo,081,765935,77083,65157,2286,67443,582
2022-01-04,Santa Barbara,083,443738,56631,52449,2034,54483,574
2022-01-04,Santa Clara,085,1922200,195801,176854,3936,180790,1964
2022-01-04,Santa Cruz,087,273765,26530,23904,1343,25247,228
2022-01-04,Shasta,089,179085,24077,23366,3926,27292,442
2022-01-04,Sierra,091,2930,225,214,22,236,0
2022-01-04,Siskiyou,093,43540,3636,3509,1490,4999,61
2022-01-04,Solano,095,438530,54917,51300,2134,53434,383
2022-01-04,Sonoma,097,501317,52826,48653,954,49607,410
2022-01-04,Stanislaus,099,539301,88485,86107,10311,96418,1361
2022-01-04,Sutter,101,95872,15461,15032,485,15517,193
2022-01-04,Tehama,103,63373,9326,9020,1672,10692,140
2022-01-04,Trinity,105,12862,935,833,224,1057,18
2022-01-04,Tulare,107,460477,75852,72893,17915,90808,1172
2022-01-04,Tuolumne,109,53932,8623,8235,134,8369,91
2022-01-04,Ventura,111,848112,125762,114079,6503,120582,1213
2022-01-04,Yolo,113,214977,25111,22938,1714,24652,270
2022-01-04,Yuba,115,75493,11522,11104,473,11577,101
2022-01-03,Alameda,001,1643700,152595,142090,4892,146982,1529
2022-01-03,Alpine,003,1148,113,113,0,113,0
2022-01-03,Amador,005,37829,6180,6004,97,6101,71
2022-01-03,Butte,007,227075,24052,22924,4400,27324,345
2022-01-03,Calaveras,009,45235,4941,4742,80,4822,93
2022-01-03,Colusa,011,21464,2733,2683,753,3436,21
2022-01-03,Contra Costa,013,1133247,124106,114966,3888,118854,1073
2022-01-03,Del Norte,015,27424,3939,3873,65,3938,43
2022-01-03,El Dorado,017,186661,19180,18183,2045,20228,172
2022-01-03,Fresno,019,978130,157698,152674,14242,166916,2379
2022-01-03,Glenn,021,27897,3761,3703,1096,4799,39
2022-01-03,Humboldt,023,135768,11477,10784,989,11773,119
2022-01-03,Imperial,025,180216,39839,38411,4943,43354,800
2022-01-03,Inyo,027,18085,3028,2845,61,2906,49
2022-01-03,Kern,029,883053,143233,137773,27753,165526,1916
2022-01-03,Kings,031,150075,35837,34817,2200,37017,387
2022-01-03,Lake,033,64148,7339,7134,227,7361,117
2022-01-03,Lassen,035,31185,7187,7103,439,7542,55
2022-01-03,Los Angeles,037,10098052,1825266,1686203,78489,1764692,27394
2022-01-03,Madera,039,155013,26040,25323,2575,27898,320
2022-01-03,Marin,041,260295,23198,21532,1085,22617,251
2022-01-03,Mariposa,043,17540,1638,1559,67,1626,6
2022-01-03,Mendocino,045,87422,8992,8573,762,9335,101
2022-01-03,Merced,047,269075,46410,45459,2417,47876,696
2022-01-03,Modoc,049,8938,619,602,215,817,6
2022-01-03,Mono,051,14174,2303,2172,39,2211,4
2022-01-03,Monterey,053,433212,54520,51047,4278,55325,644
2022-01-03,Napa,055,140530,16528,15260,299,15559,107
2022-01-03,Nevada,057,99092,11094,10572,420,10992,110
2022-01-03,Orange,059,3164182,388013,358052,25177,383229,5894
2022-01-03,Placer,061,380077,44245,42054,4690,46744,489
2022-01-03,Plumas,063,18699,2098,2005,60,2065,12
2022-01-03,Riverside,065,2383286,433854,410155,19482,429637,5504
2022-01-03,Sacramento,067,1510023,189120,179992,7506,187498,2452
2022-01-03,San Benito,069,59416,9023,8688,223,8911,79
2022-01-03,San Bernardino,071,2135413,425430,401938,14609,416547,6056
2022-01-03,San Diego,073,3302833,494167,451154,30026,481180,4476
2022-01-03,San Francisco,075,870044,77513,69315,3698,73013,686
2022-01-03,San Joaquin,077,732212,114448,109757,6362,116119,1903
2022-01-03,San Luis Obispo,079,281455,35152,33667,1693,35360,367
2022-01-03,San Mateo,081,765935,74366,64470,2129,66599,582
2022-01-03,Santa Barbara,083,443738,55170,51912,1941,53853,571
2022-01-03,Santa Clara,085,1922200,189864,174215,3463,177678,1963
2022-01-03,Santa Cruz,087,273765,25722,23765,1312,25077,228
2022-01-03,Shasta,089,179085,23900,23301,3899,27200,440
2022-01-03,Sierra,091,2930,218,213,21,234,0
2022-01-03,Siskiyou,093,43540,3610,3500,1468,4968,61
2022-01-03,Solano,095,438530,53619,51030,1948,52978,380
2022-01-03,Sonoma,097,501317,51127,48391,858,49249,410
2022-01-03,Stanislaus,099,539301,87494,85793,10127,95920,1332
2022-01-03,Sutter,101,95872,15304,14973,465,15438,193
2022-01-03,Tehama,103,63373,9251,9005,1646,10651,140
2022-01-03,Trinity,105,12862,930,833,223,1056,18
2022-01-03,Tulare,107,460477,75157,72664,17715,90379,1167
2022-01-03,Tuolumne,109,53932,8486,8179,130,8309,91
2022-01-03,Ventura,111,848112,122589,112762,6264,119026,1211
2022-01-03,Yolo,113,214977,24429,22563,1651,24214,270
2022-01-03,Yuba,115,75493,11389,11037,454,11491,99
2022-01-02,Alameda,001,1643700,148174,133486,4411,137897,1528
2022-01-02,Alpine,003,1148,111,113,0,113,0
2022-01-02,Amador,005,37829,6112,5913,92,6005,70
2022-01-02,Butte,007,227075,23717,22469,4338,26807,341
2022-01-02,Calaveras,009,45235,4871,4668,72,4740,93
2022-01-02,Colusa,011,21464,2727,2659,742,3401,21
2022-01-02,Contra Costa,013,1133247,120544,109593,3452,113045,1073
2022-01-02,Del Norte,015,27424,3907,3841,63,3904,43
2022-01-02,El Dorado,017,186661,18845,17621,1994,19615,172
2022-01-02,Fresno,019,978130,155979,149927,14020,163947,2379
2022-01-02,Glenn,021,27897,3742,3663,1087,4750,39
2022-01-02,Humboldt,023,135768,11235,10381,914,11295,119
2022-01-02,Imperial,025,180216,39183,37672,4734,42406,800
2022-01-02,Inyo,027,18085,2958,2726,50,2776,49
2022-01-02,Kern,029,883053,141315,136123,27161,163284,1917
2022-01-02,Kings,031,150075,35513,34318,2166,36484,386
2022-01-02,Lake,033,64148,7268,7060,213,7273,117
2022-01-02,Lassen,035,31185,7171,7089,437,7526,55
2022-01-02,Los Angeles,037,10098052,1774104,1596123,75615,1671738,27371
2022-01-02,Madera,039,155013,25788,25002,2522,27524,320
2022-01-02,Marin,041,260295,22634,20475,1014,21489,249
2022-01-02,Mariposa,043,17540,1607,1509,65,1574,6
2022-01-02,Mendocino,045,87422,8868,8422,744,9166,101
2022-01-02,Merced,047,269075,45871,44769,2321,47090,694
2022-01-02,Modoc,049,8938,617,601,214,815,6
2022-01-02,Mono,051,14174,2274,2101,34,2135,4
2022-01-02,Monterey,053,433212,53894,50251,4069,54320,643
2022-01-02,Napa,055,140530,15988,14439,288,14727,107
2022-01-02,Nevada,057,99092,10906,10299,405,10704,110
2022-01-02,Orange,059,3164182,377002,339526,24029,363555,5890
2022-01-02,Placer,061,380077,43519,40857,4603,45460,489
2022-01-02,Plumas,063,18699,2083,1994,56,2050,12
2022-01-02,Riverside,065,2383286,425514,397124,18966,416090,5501
2022-01-02,Sacramento,067,1510023,185042,173562,6674,180236,2448
2022-01-02,San Benito,069,59416,8842,8320,208,8528,79
2022-01-02,San Bernardino,071,2135413,417557,386278,14063,400341,6051
2022-01-02,San Diego,073,3302833,479143,427087,28847,455934,4469
2022-01-02,San Francisco,075,870044,74569,64498,3458,67956,682
2022-01-02,San Joaquin,077,732212,112569,106640,6218,112858,1902
2022-01-02,San Luis Obispo,079,281455,34417,32342,1610,33952,365
2022-01-02,San Mateo,081,765935,71796,60504,1889,62393,581
2022-01-02,Santa Barbara,083,443738,53736,49555,1880,51435,568
2022-01-02,Santa Clara,085,1922200,183718,164547,3063,167610,1969
2022-01-02,Santa Cruz,087,273765,25054,22980,1279,24259,228
2022-01-02,Shasta,089,179085,23708,23161,3850,27011,435
2022-01-02,Sierra,091,2930,217,206,21,227,0
2022-01-02,Siskiyou,093,43540,3585,3474,1445,4919,61
2022-01-02,Solano,095,438530,52675,48957,1784,50741,379
2022-01-02,Sonoma,097,501317,49808,46040,821,46861,410
2022-01-02,Stanislaus,099,539301,86639,84367,9990,94357,1332
2022-01-02,Sutter,101,95872,15131,14741,446,15187,193
2022-01-02,Tehama,103,63373,9188,8944,1623,10567,139
2022-01-02,Trinity,105,12862,928,832,222,1054,17
2022-01-02,Tulare,107,460477,74497,71941,17527,89468,1160
2022-01-02,Tuolumne,109,53932,8380,8044,125,8169,91
2022-01-02,Ventura,111,848112,119665,107992,6044,114036,1211
2022-01-02,Yolo,113,214977,23752,21747,1585,23332,270
2022-01-02,Yuba,115,75493,11264,10844,438,11282,99
2022-01-01,Alameda,001,1643700,146357,133486,4158,137644,1528
2022-01-01,Alpine,003,1148,111,113,0,113,0
2022-01-01,Amador,005,37829,6076,5913,87,6000,70
2022-01-01,Butte,007,227075,23522,22469,4302,26771,341
2022-01-01,Calaveras,009,45235,4832,4668,70,4738,93
2022-01-01,Colusa,011,21464,2723,2659,732,3391,21
2022-01-01,Contra Costa,013,1133247,119179,109593,3327,112920,1073
2022-01-01,Del Norte,015,27424,3902,3841,63,3904,43
2022-01-01,El Dorado,017,186661,18697,17621,1979,19600,172
2022-01-01,Fresno,019,978130,155316,149927,13941,163868,2379
2022-01-01,Glenn,021,27897,3735,3663,1087,4750,39
2022-01-01,Humboldt,023,135768,11097,10381,893,11274,119
2022-01-01,Imperial,025,180216,39035,37672,4686,42358,800
2022-01-01,Inyo,027,18085,2929,2726,48,2774,49
2022-01-01,Kern,029,883053,140615,136123,26856,162979,1917
2022-01-01,Kings,031,150075,35372,34318,2139,36457,386
2022-01-01,Lake,033,64148,7230,7060,208,7268,117
2022-01-01,Lassen,035,31185,7165,7089,432,7521,55
2022-01-01,Los Angeles,037,10098052,1753984,1596123,73667,1669790,27371
2022-01-01,Madera,039,155013,25704,25002,2507,27509,320
2022-01-01,Marin,041,260295,22321,20475,973,21448,249
2022-01-01,Mariposa,043,17540,1596,1509,65,1574,6
2022-01-01,Mendocino,045,87422,8776,8422,738,9160,101
2022-01-01,Merced,047,269075,45738,44769,2309,47078,694
2022-01-01,Modoc,049,8938,614,601,214,815,6
2022-01-01,Mono,051,14174,2250,2101,29,2130,4
2022-01-01,Monterey,053,433212,53584,50251,3982,54233,643
2022-01-01,Napa,055,140530,15838,14439,273,14712,107
2022-01-01,Nevada,057,99092,10831,10299,398,10697,110
2022-01-01,Orange,059,3164182,372781,339526,23321,362847,5890
2022-01-01,Placer,061,380077,43216,40857,4537,45394,489
2022-01-01,Plumas,063,18699,2071,1994,56,2050,12
2022-01-01,Riverside,065,2383286,422023,397124,18764,415888,5501
2022-01-01,Sacramento,067,1510023,183768,173562,6418,179980,2448
2022-01-01,San Benito,069,59416,8752,8320,208,8528,79
2022-01-01,San Bernardino,071,2135413,414366,386278,13785,400063,6051
2022-01-01,San Diego,073,3302833,473199,427087,28328,455415,4469
2022-01-01,San Francisco,075,870044,73165,64498,3247,67745,682
2022-01-01,San Joaquin,077,732212,111864,106640,6145,112785,1902
2022-01-01,San Luis Obispo,079,281455,34214,32342,1601,33943,365
2022-01-01,San Mateo,081,765935,70329,60504,1740,62244,581
2022-01-01,Santa Barbara,083,443738,52996,49555,1845,51400,568
2022-01-01,Santa Clara,085,1922200,180683,164547,2867,167414,1969
2022-01-01,Santa Cruz,087,273765,24734,22980,1261,24241,228
2022-01-01,Shasta,089,179085,23624,23161,3832,26993,435
2022-01-01,Sierra,091,2930,216,206,21,227,0
2022-01-01,Siskiyou,093,43540,3582,3474,1435,4909,61
2022-01-01,Solano,095,438530,52408,48957,1727,50684,379
2022-01-01,Sonoma,097,501317,49414,46040,791,46831,410
2022-01-01,Stanislaus,099,539301,86232,84367,9905,94272,1332
2022-01-01,Sutter,101,95872,15054,14741,444,15185,193
2022-01-01,Tehama,103,63373,9156,8944,1611,10555,139
2022-01-01,Trinity,105,12862,925,832,222,1054,17
2022-01-01,Tulare,107,460477,74252,71941,17428,89369,1160
2022-01-01,Tuolumne,109,53932,8320,8044,122,8166,91
2022-01-01,Ventura,111,848112,118278,107992,5915,113907,1211
2022-01-01,Yolo,113,214977,23331,21747,1545,23292,270
2022-01-01,Yuba,115,75493,11198,10844,432,11276,99
2021-12-31,Alameda,001,1643700,145598,133486,4062,137548,1528
2021-12-31,Alpine,003,1148,111,113,0,113,0
2021-12-31,Amador,005,37829,6052,5913,86,5999,70
2021-12-31,Butte,007,227075,23416,22469,4268,26737,341
2021-12-31,Calaveras,009,45235,4799,4668,70,4738,93
2021-12-31,Colusa,011,21464,2714,2659,726,3385,21
2021-12-31,Contra Costa,013,1133247,118295,109593,3248,112841,1073
2021-12-31,Del Norte,015,27424,3893,3841,61,3902,43
2021-12-31,El Dorado,017,186661,18615,17621,1961,19582,172
2021-12-31,Fresno,019,978130,155011,149927,13919,163846,2379
2021-12-31,Glenn,021,27897,3734,3663,1085,4748,39
2021-12-31,Humboldt,023,135768,11010,10381,874,11255,119
2021-12-31,Imperial,025,180216,38904,37672,4670,42342,800
2021-12-31,Inyo,027,18085,2902,2726,48,2774,49
2021-12-31,Kern,029,883053,140110,136123,26719,162842,1917
2021-12-31,Kings,031,150075,35262,34318,2129,36447,386
2021-12-31,Lake,033,64148,7207,7060,203,7263,117
2021-12-31,Lassen,035,31185,7151,7089,432,7521,55
2021-12-31,Los Angeles,037,10098052,1743213,1596123,72913,1669036,27371
2021-12-31,Madera,039,155013,25635,25002,2490,27492,320
2021-12-31,Marin,041,260295,22165,20475,942,21417,249
2021-12-31,Mariposa,043,17540,1589,1509,64,1573,6
2021-12-31,Mendocino,045,87422,8743,8422,735,9157,101
2021-12-31,Merced,047,269075,45654,44769,2291,47060,694
2021-12-31,Modoc,049,8938,610,601,212,813,6
2021-12-31,Mono,051,14174,2238,2101,28,2129,4
2021-12-31,Monterey,053,433212,53457,50251,3916,54167,643
2021-12-31,Napa,055,140530,15726,14439,263,14702,107
2021-12-31,Nevada,057,99092,10764,10299,392,10691,110
2021-12-31,Orange,059,3164182,370271,339526,22899,362425,5890
2021-12-31,Placer,061,380077,42983,40857,4471,45328,489
2021-12-31,Plumas,063,18699,2066,1994,56,2050,12
2021-12-31,Riverside,065,2383286,420335,397124,18609,415733,5501
2021-12-31,Sacramento,067,1510023,182904,173562,6312,179874,2448
2021-12-31,San Benito,069,59416,8738,8320,207,8527,79
2021-12-31,San Bernardino,071,2135413,412110,386278,13596,399874,6051
2021-12-31,San Diego,073,3302833,469981,427087,28010,455097,4469
2021-12-31,San Francisco,075,870044,72240,64498,3190,67688,682
2021-12-31,San Joaquin,077,732212,111237,106640,6079,112719,1902
2021-12-31,San Luis Obispo,079,281455,34106,32342,1589,33931,365
2021-12-31,San Mateo,081,765935,69451,60504,1688,62192,581
2021-12-31,Santa Barbara,083,443738,52597,49555,1833,51388,568
2021-12-31,Santa Clara,085,1922200,178731,164547,2728,167275,1969
2021-12-31,Santa Cruz,087,273765,24496,22980,1240,24220,228
2021-12-31,Shasta,089,179085,23561,23161,3811,26972,435
2021-12-31,Sierra,091,2930,216,206,21,227,0
2021-12-31,Siskiyou,093,43540,3575,3474,1424,4898,61
2021-12-31,Solano,095,438530,52250,48957,1701,50658,379
2021-12-31,Sonoma,097,501317,49161,46040,778,46818,410
2021-12-31,Stanislaus,099,539301,85904,84367,9845,94212,1332
2021-12-31,Sutter,101,95872,14993,14741,438,15179,193
2021-12-31,Tehama,103,63373,9124,8944,1602,10546,139
2021-12-31,Trinity,105,12862,924,832,222,1054,17
2021-12-31,Tulare,107,460477,74047,71941,17344,89285,1160
2021-12-31,Tuolumne,109,53932,8276,8044,121,8165,91
2021-12-31,Ventura,111,848112,117304,107992,5833,113825,1211
2021-12-31,Yolo,113,214977,23110,21747,1523,23270,270
2021-12-31,Yuba,115,75493,11141,10844,426,11270,99
2021-12-30,Alameda,001,1643700,144324,133486,3929,137415,1528
2021-12-30,Alpine,003,1148,110,113,0,113,0
2021-12-30,Amador,005,37829,6033,5913,85,5998,70
2021-12-30,Butte,007,227075,23284,22469,4244,26713,341
2021-12-30,Calaveras,009,45235,4780,4668,70,4738,93
2021-12-30,Colusa,011,21464,2713,2659,724,3383,21
2021-12-30,Contra Costa,013,1133247,117204,109593,3138,112731,1073
2021-12-30,Del Norte,015,27424,3882,3841,60,3901,43
2021-12-30,El Dorado,017,186661,18510,17621,1940,19561,172
2021-12-30,Fresno,019,978130,154483,149927,13849,163776,2379
2021-12-30,Glenn,021,27897,3729,3663,1082,4745,39
2021-12-30,Humboldt,023,135768,10941,10381,862,11243,119
2021-12-30,Imperial,025,180216,38736,37672,4558,42230,800
2021-12-30,Inyo,027,18085,2883,2726,46,2772,49
2021-12-30,Kern,029,883053,139576,136123,26419,162542,1917
2021-12-30,Kings,031,150075,35144,34318,2114,36432,386
2021-12-30,Lake,033,64148,7192,7060,198,7258,117
2021-12-30,Lassen,035,31185,7145,7089,432,7521,55
2021-12-30,Los Angeles,037,10098052,1719901,1596123,71659,1667782,27371
2021-12-30,Madera,039,155013,25558,25002,2470,27472,320
2021-12-30,Marin,041,260295,21987,20475,918,21393,249
2021-12-30,Mariposa,043,17540,1583,1509,64,1573,6
2021-12-30,Mendocino,045,87422,8726,8422,724,9146,101
2021-12-30,Merced,047,269075,45552,44769,2276,47045,694
2021-12-30,Modoc,049,8938,609,601,212,813,6
2021-12-30,Mono,051,14174,2233,2101,27,2128,4
2021-12-30,Monterey,053,433212,53145,50251,3856,54107,643
2021-12-30,Napa,055,140530,15582,14439,254,14693,107
2021-12-30,Nevada,057,99092,10700,10299,383,10682,110
2021-12-30,Orange,059,3164182,365181,339526,22348,361874,5890
2021-12-30,Placer,061,380077,42707,40857,4424,45281,489
2021-12-30,Plumas,063,18699,2062,1994,55,2049,12
2021-12-30,Riverside,065,2383286,417064,397124,18457,415581,5501
2021-12-30,Sacramento,067,1510023,181648,173562,6167,179729,2448
2021-12-30,San Benito,069,59416,8692,8320,205,8525,79
2021-12-30,San Bernardino,071,2135413,409561,386278,13452,399730,6051
2021-12-30,San Diego,073,3302833,464837,427087,27499,454586,4469
2021-12-30,San Francisco,075,870044,71151,64498,3118,67616,682
2021-12-30,San Joaquin,077,732212,110643,106640,6035,112675,1902
2021-12-30,San Luis Obispo,079,281455,33987,32342,1576,33918,365
2021-12-30,San Mateo,081,765935,68407,60504,1559,62063,581
2021-12-30,Santa Barbara,083,443738,52119,49555,1814,51369,568
2021-12-30,Santa Clara,085,1922200,176453,164547,2604,167151,1969
2021-12-30,Santa Cruz,087,273765,24258,22980,1206,24186,228
2021-12-30,Shasta,089,179085,23508,23161,3805,26966,435
2021-12-30,Sierra,091,2930,216,206,21,227,0
2021-12-30,Siskiyou,093,43540,3566,3474,1422,4896,61
2021-12-30,Solano,095,438530,51901,48957,1654,50611,379
2021-12-30,Sonoma,097,501317,48825,46040,769,46809,410
2021-12-30,Stanislaus,099,539301,85590,84367,9790,94157,1332
2021-12-30,Sutter,101,95872,14931,14741,437,15178,193
2021-12-30,Tehama,103,63373,9096,8944,1596,10540,139
2021-12-30,Trinity,105,12862,921,832,222,1054,17
2021-12-30,Tulare,107,460477,73863,71941,17267,89208,1160
2021-12-30,Tuolumne,109,53932,8237,8044,121,8165,91
2021-12-30,Ventura,111,848112,116045,107992,5730,113722,1211
2021-12-30,Yolo,113,214977,22971,21747,1497,23244,270
2021-12-30,Yuba,115,75493,11094,10844,424,11268,99
2021-12-29,Alameda,001,1643700,141150,131586,3778,135364,1529
2021-12-29,Alpine,003,1148,110,113,0,113,0
2021-12-29,Amador,005,37829,6010,5905,82,5987,70
2021-12-29,Butte,007,227075,23141,22353,4206,26559,338
2021-12-29,Calaveras,009,45235,4752,4646,68,4714,93
2021-12-29,Colusa,011,21464,2703,2657,719,3376,21
2021-12-29,Contra Costa,013,1133247,115111,108165,3015,111180,1072
2021-12-29,Del Norte,015,27424,3868,3826,58,3884,43
2021-12-29,El Dorado,017,186661,18287,17489,1922,19411,172
2021-12-29,Fresno,019,978130,153355,149318,13738,163056,2364
2021-12-29,Glenn,021,27897,3719,3653,1080,4733,39
2021-12-29,Humboldt,023,135768,10832,10249,840,11089,119
2021-12-29,Imperial,025,180216,38500,37460,4491,41951,800
2021-12-29,Inyo,027,18085,2850,2703,46,2749,49
2021-12-29,Kern,029,883053,138773,135648,26032,161680,1913
2021-12-29,Kings,031,150075,35029,34216,2108,36324,386
2021-12-29,Lake,033,64148,7161,7048,196,7244,117
2021-12-29,Lassen,035,31185,7141,7085,431,7516,55
2021-12-29,Los Angeles,037,10098052,1689913,1576414,69943,1646357,27349
2021-12-29,Madera,039,155013,25454,24923,2459,27382,320
2021-12-29,Marin,041,260295,21631,20025,897,20922,249
2021-12-29,Mariposa,043,17540,1561,1507,64,1571,6
2021-12-29,Mendocino,045,87422,8667,8386,720,9106,99
2021-12-29,Merced,047,269075,45336,44548,2262,46810,693
2021-12-29,Modoc,049,8938,606,600,212,812,6
2021-12-29,Mono,051,14174,2209,2056,26,2082,4
2021-12-29,Monterey,053,433212,52736,50097,3751,53848,641
2021-12-29,Napa,055,140530,15258,14247,235,14482,107
2021-12-29,Nevada,057,99092,10608,10274,382,10656,110
2021-12-29,Orange,059,3164182,357644,334557,21673,356230,5887
2021-12-29,Placer,061,380077,42220,40545,4349,44894,489
2021-12-29,Plumas,063,18699,2050,1990,55,2045,12
2021-12-29,Riverside,065,2383286,411643,392989,18250,411239,5486
2021-12-29,Sacramento,067,1510023,179318,172145,6009,178154,2437
2021-12-29,San Benito,069,59416,8549,8239,204,8443,79
2021-12-29,San Bernardino,071,2135413,404163,382872,13242,396114,6049
2021-12-29,San Diego,073,3302833,454006,421045,26781,447826,4461
2021-12-29,San Francisco,075,870044,69451,63117,3047,66164,684
2021-12-29,San Joaquin,077,732212,109460,106063,5964,112027,1891
2021-12-29,San Luis Obispo,079,281455,33593,31936,1527,33463,365
2021-12-29,San Mateo,081,765935,66778,59478,1451,60929,581
2021-12-29,Santa Barbara,083,443738,51278,49003,1789,50792,568
2021-12-29,Santa Clara,085,1922200,173301,162008,2473,164481,1962
2021-12-29,Santa Cruz,087,273765,23979,22669,1174,23843,228
2021-12-29,Shasta,089,179085,23433,23083,3793,26876,435
2021-12-29,Sierra,091,2930,215,206,21,227,0
2021-12-29,Siskiyou,093,43540,3554,3472,1411,4883,61
2021-12-29,Solano,095,438530,51196,48562,1601,50163,379
2021-12-29,Sonoma,097,501317,48023,45479,747,46226,410
2021-12-29,Stanislaus,099,539301,85108,84083,9734,93817,1332
2021-12-29,Sutter,101,95872,14862,14688,435,15123,193
2021-12-29,Tehama,103,63373,9071,8914,1583,10497,138
2021-12-29,Trinity,105,12862,919,832,222,1054,17
2021-12-29,Tulare,107,460477,73572,71752,17151,88903,1160
2021-12-29,Tuolumne,109,53932,8184,8012,120,8132,91
2021-12-29,Ventura,111,848112,114103,106974,5552,112526,1207
2021-12-29,Yolo,113,214977,22732,21564,1466,23030,270
2021-12-29,Yuba,115,75493,11033,10808,420,11228,99
2021-12-28,Alameda,001,1643700,138051,130427,3622,134049,1522
2021-12-28,Alpine,003,1148,110,113,0,113,0
2021-12-28,Amador,005,37829,5990,5900,81,5981,70
2021-12-28,Butte,007,227075,22998,22285,4189,26474,338
2021-12-28,Calaveras,009,45235,4734,4641,67,4708,91
2021-12-28,Colusa,011,21464,2697,2653,717,3370,21
2021-12-28,Contra Costa,013,1133247,112810,107160,2901,110061,1072
2021-12-28,Del Norte,015,27424,3862,3815,58,3873,43
2021-12-28,El Dorado,017,186661,18063,17419,1912,19331,172
2021-12-28,Fresno,019,978130,152275,148987,13657,162644,2365
2021-12-28,Glenn,021,27897,3693,3639,1076,4715,39
2021-12-28,Humboldt,023,135768,10711,10198,816,11014,119
2021-12-28,Imperial,025,180216,38204,37223,4390,41613,800
2021-12-28,Inyo,027,18085,2792,2676,45,2721,48
2021-12-28,Kern,029,883053,138052,135346,25682,161028,1909
2021-12-28,Kings,031,150075,34893,34165,2093,36258,386
2021-12-28,Lake,033,64148,7142,7044,191,7235,116
2021-12-28,Lassen,035,31185,7132,7083,431,7514,55
2021-12-28,Los Angeles,037,10098052,1657676,1561791,68291,1630082,27323
2021-12-28,Madera,039,155013,25328,24865,2439,27304,320
2021-12-28,Marin,041,260295,21220,19739,867,20606,249
2021-12-28,Mariposa,043,17540,1550,1499,63,1562,6
2021-12-28,Mendocino,045,87422,8607,8366,712,9078,98
2021-12-28,Merced,047,269075,45096,44434,2252,46686,691
2021-12-28,Modoc,049,8938,606,599,211,810,6
2021-12-28,Mono,051,14174,2186,2045,24,2069,4
2021-12-28,Monterey,053,433212,52361,49973,3678,53651,639
2021-12-28,Napa,055,140530,14941,14131,208,14339,107
2021-12-28,Nevada,057,99092,10517,10250,379,10629,110
2021-12-28,Orange,059,3164182,349977,331279,20938,352217,5882
2021-12-28,Placer,061,380077,41751,40410,4279,44689,489
2021-12-28,Plumas,063,18699,2047,1989,55,2044,12
2021-12-28,Riverside,065,2383286,406401,390343,18007,408350,5470
2021-12-28,Sacramento,067,1510023,177035,171290,5880,177170,2426
2021-12-28,San Benito,069,59416,8406,8170,202,8372,79
2021-12-28,San Bernardino,071,2135413,398505,381316,13031,394347,6047
2021-12-28,San Diego,073,3302833,443315,417383,26223,443606,4450
2021-12-28,San Francisco,075,870044,67829,61745,2989,64734,682
2021-12-28,San Joaquin,077,732212,108408,105572,5920,111492,1884
2021-12-28,San Luis Obispo,079,281455,33133,31759,1511,33270,365
2021-12-28,San Mateo,081,765935,65265,58712,1363,60075,582
2021-12-28,Santa Barbara,083,443738,50633,48493,1769,50262,568
2021-12-28,Santa Clara,085,1922200,170164,160811,2378,163189,1962
2021-12-28,Santa Cruz,087,273765,23606,22513,1135,23648,228
2021-12-28,Shasta,089,179085,23363,23035,3788,26823,434
2021-12-28,Sierra,091,2930,212,206,21,227,0
2021-12-28,Siskiyou,093,43540,3545,3468,1406,4874,60
2021-12-28,Solano,095,438530,50281,48318,1547,49865,378
2021-12-28,Sonoma,097,501317,47163,45086,722,45808,410
2021-12-28,Stanislaus,099,539301,84628,83946,9674,93620,1331
2021-12-28,Sutter,101,95872,14813,14662,432,15094,193
2021-12-28,Tehama,103,63373,9054,8893,1581,10474,138
2021-12-28,Trinity,105,12862,917,831,221,1052,17
2021-12-28,Tulare,107,460477,73292,71630,17034,88664,1156
2021-12-28,Tuolumne,109,53932,8142,8006,120,8126,91
2021-12-28,Ventura,111,848112,111993,105883,5422,111305,1207
2021-12-28,Yolo,113,214977,22395,21320,1417,22737,270
2021-12-28,Yuba,115,75493,10977,10778,417,11195,99
2021-12-27,Alameda,001,1643700,135467,129910,3491,133401,1530
2021-12-27,Alpine,003,1148,110,113,0,113,0
2021-12-27,Amador,005,37829,5962,5891,81,5972,70
2021-12-27,Butte,007,227075,22862,22234,4164,26398,335
2021-12-27,Calaveras,009,45235,4708,4630,66,4696,91
2021-12-27,Colusa,011,21464,2686,2652,711,3363,21
2021-12-27,Contra Costa,013,1133247,110648,106692,2820,109512,1071
2021-12-27,Del Norte,015,27424,3853,3802,57,3859,43
2021-12-27,El Dorado,017,186661,17904,17361,1900,19261,172
2021-12-27,Fresno,019,978130,151317,148826,13576,162402,2364
2021-12-27,Glenn,021,27897,3685,3634,1070,4704,39
2021-12-27,Humboldt,023,135768,10598,10164,794,10958,119
2021-12-27,Imperial,025,180216,37963,37180,4296,41476,800
2021-12-27,Inyo,027,18085,2763,2662,43,2705,48
2021-12-27,Kern,029,883053,137401,135119,25380,160499,1907
2021-12-27,Kings,031,150075,34744,34126,2080,36206,382
2021-12-27,Lake,033,64148,7119,7037,181,7218,116
2021-12-27,Lassen,035,31185,7126,7080,431,7511,55
2021-12-27,Los Angeles,037,10098052,1621346,1554074,66544,1620618,27300
2021-12-27,Madera,039,155013,25208,24840,2420,27260,320
2021-12-27,Marin,041,260295,20831,19601,840,20441,249
2021-12-27,Mariposa,043,17540,1535,1495,63,1558,6
2021-12-27,Mendocino,045,87422,8540,8351,707,9058,98
2021-12-27,Merced,047,269075,44866,44383,2235,46618,690
2021-12-27,Modoc,049,8938,604,599,211,810,6
2021-12-27,Mono,051,14174,2123,2026,24,2050,4
2021-12-27,Monterey,053,433212,52060,49918,3627,53545,639
2021-12-27,Napa,055,140530,14671,14083,199,14282,107
2021-12-27,Nevada,057,99092,10448,10239,371,10610,110
2021-12-27,Orange,059,3164182,342498,329222,20136,349358,5875
2021-12-27,Placer,061,380077,41374,40263,4231,44494,489
2021-12-27,Plumas,063,18699,2045,1988,53,2041,12
2021-12-27,Riverside,065,2383286,401815,389096,17751,406847,5470
2021-12-27,Sacramento,067,1510023,175009,170858,5711,176569,2422
2021-12-27,San Benito,069,59416,8288,8133,198,8331,79
2021-12-27,San Bernardino,071,2135413,392720,380526,12836,393362,6047
2021-12-27,San Diego,073,3302833,433111,414968,25733,440701,4445
2021-12-27,San Francisco,075,870044,66087,60920,2924,63844,682
2021-12-27,San Joaquin,077,732212,107489,105413,5856,111269,1876
2021-12-27,San Luis Obispo,079,281455,32691,31671,1490,33161,365
2021-12-27,San Mateo,081,765935,63740,58397,1264,59661,581
2021-12-27,Santa Barbara,083,443738,49847,48209,1749,49958,568
2021-12-27,Santa Clara,085,1922200,167191,159904,2253,162157,1961
2021-12-27,Santa Cruz,087,273765,23319,22456,1117,23573,228
2021-12-27,Shasta,089,179085,23301,23015,3777,26792,432
2021-12-27,Sierra,091,2930,212,206,21,227,0
2021-12-27,Siskiyou,093,43540,3536,3466,1401,4867,60
2021-12-27,Solano,095,438530,49548,48172,1500,49672,378
2021-12-27,Sonoma,097,501317,46587,44990,704,45694,410
2021-12-27,Stanislaus,099,539301,84179,83833,9633,93466,1331
2021-12-27,Sutter,101,95872,14757,14642,427,15069,191
2021-12-27,Tehama,103,63373,9039,8887,1574,10461,136
2021-12-27,Trinity,105,12862,917,827,221,1048,17
2021-12-27,Tulare,107,460477,73027,71562,16939,88501,1146
2021-12-27,Tuolumne,109,53932,8104,7978,119,8097,91
2021-12-27,Ventura,111,848112,109905,105212,5287,110499,1206
2021-12-27,Yolo,113,214977,22102,21300,1383,22683,270
2021-12-27,Yuba,115,75493,10916,10759,416,11175,98
2021-12-26,Alameda,001,1643700,133401,127221,3417,130638,1525
2021-12-26,Alpine,003,1148,110,113,0,113,0
2021-12-26,Amador,005,37829,5946,5861,79,5940,70
2021-12-26,Butte,007,227075,22707,22087,4135,26222,330
2021-12-26,Calaveras,009,45235,4686,4591,66,4657,91
2021-12-26,Colusa,011,21464,2675,2647,705,3352,21
2021-12-26,Contra Costa,013,1133247,108885,105022,2721,107743,1071
2021-12-26,Del Norte,015,27424,3848,3795,57,3852,43
2021-12-26,El Dorado,017,186661,17749,17188,1892,19080,172
2021-12-26,Fresno,019,978130,150614,148027,13497,161524,2358
2021-12-26,Glenn,021,27897,3676,3611,1057,4668,39
2021-12-26,Humboldt,023,135768,10455,10052,771,10823,119
2021-12-26,Imperial,025,180216,37661,36878,4206,41084,800
2021-12-26,Inyo,027,18085,2739,2636,40,2676,47
2021-12-26,Kern,029,883053,136678,134591,25125,159716,1908
2021-12-26,Kings,031,150075,34591,34009,2074,36083,379
2021-12-26,Lake,033,64148,7097,7019,178,7197,116
2021-12-26,Lassen,035,31185,7120,7072,430,7502,55
2021-12-26,Los Angeles,037,10098052,1591495,1515469,64752,1580221,27257
2021-12-26,Madera,039,155013,25089,24741,2404,27145,320
2021-12-26,Marin,041,260295,20452,19085,781,19866,249
2021-12-26,Mariposa,043,17540,1529,1480,63,1543,6
2021-12-26,Mendocino,045,87422,8489,8314,705,9019,98
2021-12-26,Merced,047,269075,44615,44208,2223,46431,690
2021-12-26,Modoc,049,8938,603,597,209,806,6
2021-12-26,Mono,051,14174,2097,2000,24,2024,4
2021-12-26,Monterey,053,433212,51779,49709,3578,53287,638
2021-12-26,Napa,055,140530,14434,13809,194,14003,107
2021-12-26,Nevada,057,99092,10388,10153,364,10517,110
2021-12-26,Orange,059,3164182,336161,322991,19340,342331,5863
2021-12-26,Placer,061,380077,41023,39852,4161,44013,489
2021-12-26,Plumas,063,18699,2037,1987,52,2039,12
2021-12-26,Riverside,065,2383286,397627,384567,17582,402149,5470
2021-12-26,Sacramento,067,1510023,173285,169144,5565,174709,2418
2021-12-26,San Benito,069,59416,8199,7991,194,8185,79
2021-12-26,San Bernardino,071,2135413,388016,376052,12661,388713,6043
2021-12-26,San Diego,073,3302833,424121,406616,25240,431856,4442
2021-12-26,San Francisco,075,870044,64507,58229,2862,61091,682
2021-12-26,San Joaquin,077,732212,106675,104590,5803,110393,1872
2021-12-26,San Luis Obispo,079,281455,32251,31290,1472,32762,365
2021-12-26,San Mateo,081,765935,62339,56973,1217,58190,581
2021-12-26,Santa Barbara,083,443738,49170,47553,1719,49272,567
2021-12-26,Santa Clara,085,1922200,164489,156872,2121,158993,1967
2021-12-26,Santa Cruz,087,273765,23035,22176,1103,23279,228
2021-12-26,Shasta,089,179085,23218,22959,3765,26724,432
2021-12-26,Sierra,091,2930,212,202,21,223,0
2021-12-26,Siskiyou,093,43540,3528,3460,1392,4852,60
2021-12-26,Solano,095,438530,49046,47646,1463,49109,377
2021-12-26,Sonoma,097,501317,46090,44358,672,45030,408
2021-12-26,Stanislaus,099,539301,83807,83368,9591,92959,1331
2021-12-26,Sutter,101,95872,14692,14533,424,14957,191
2021-12-26,Tehama,103,63373,9006,8861,1571,10432,136
2021-12-26,Trinity,105,12862,917,826,220,1046,17
2021-12-26,Tulare,107,460477,72779,71292,16832,88124,1137
2021-12-26,Tuolumne,109,53932,8067,7919,119,8038,91
2021-12-26,Ventura,111,848112,108068,103498,5139,108637,1206
2021-12-26,Yolo,113,214977,21816,21084,1344,22428,270
2021-12-26,Yuba,115,75493,10865,10694,414,11108,98
2021-12-25,Alameda,001,1643700,132326,127221,3353,130574,1525
2021-12-25,Alpine,003,1148,110,113,0,113,0
2021-12-25,Amador,005,37829,5927,5861,79,5940,70
2021-12-25,Butte,007,227075,22609,22087,4119,26206,330
2021-12-25,Calaveras,009,45235,4657,4591,65,4656,91
2021-12-25,Colusa,011,21464,2670,2647,699,3346,21
2021-12-25,Contra Costa,013,1133247,108063,105022,2668,107690,1071
2021-12-25,Del Norte,015,27424,3841,3795,56,3851,43
2021-12-25,El Dorado,017,186661,17696,17188,1881,19069,172
2021-12-25,Fresno,019,978130,150301,148027,13449,161476,2358
2021-12-25,Glenn,021,27897,3665,3611,1053,4664,39
2021-12-25,Humboldt,023,135768,10374,10052,764,10816,119
2021-12-25,Imperial,025,180216,37539,36878,4184,41062,800
2021-12-25,Inyo,027,18085,2719,2636,40,2676,47
2021-12-25,Kern,029,883053,136331,134591,24999,159590,1908
2021-12-25,Kings,031,150075,34501,34009,2067,36076,379
2021-12-25,Lake,033,64148,7085,7019,176,7195,116
2021-12-25,Lassen,035,31185,7118,7072,430,7502,55
2021-12-25,Los Angeles,037,10098052,1578682,1515469,63434,1578903,27257
2021-12-25,Madera,039,155013,25039,24741,2398,27139,320
2021-12-25,Marin,041,260295,20110,19085,732,19817,249
2021-12-25,Mariposa,043,17540,1523,1480,63,1543,6
2021-12-25,Mendocino,045,87422,8451,8314,705,9019,98
2021-12-25,Merced,047,269075,44515,44208,2221,46429,690
2021-12-25,Modoc,049,8938,603,597,209,806,6
2021-12-25,Mono,051,14174,2080,2000,24,2024,4
2021-12-25,Monterey,053,433212,51612,49709,3544,53253,638
2021-12-25,Napa,055,140530,14319,13809,186,13995,107
2021-12-25,Nevada,057,99092,10359,10153,364,10517,110
2021-12-25,Orange,059,3164182,333291,322991,18771,341762,5863
2021-12-25,Placer,061,380077,40840,39852,4127,43979,489
2021-12-25,Plumas,063,18699,2035,1987,52,2039,12
2021-12-25,Riverside,065,2383286,395346,384567,17463,402030,5470
2021-12-25,Sacramento,067,1510023,172469,169144,5460,174604,2418
2021-12-25,San Benito,069,59416,8134,7991,194,8185,79
2021-12-25,San Bernardino,071,2135413,385812,376052,12529,388581,6043
2021-12-25,San Diego,073,3302833,420053,406616,24970,431586,4442
2021-12-25,San Francisco,075,870044,63477,58229,2826,61055,682
2021-12-25,San Joaquin,077,732212,106338,104590,5771,110361,1872
2021-12-25,San Luis Obispo,079,281455,32098,31290,1463,32753,365
2021-12-25,San Mateo,081,765935,61308,56973,1174,58147,581
2021-12-25,Santa Barbara,083,443738,48806,47553,1707,49260,567
2021-12-25,Santa Clara,085,1922200,163012,156872,2054,158926,1967
2021-12-25,Santa Cruz,087,273765,22875,22176,1097,23273,228
2021-12-25,Shasta,089,179085,23185,22959,3759,26718,432
2021-12-25,Sierra,091,2930,212,202,21,223,0
2021-12-25,Siskiyou,093,43540,3525,3460,1386,4846,60
2021-12-25,Solano,095,438530,48921,47646,1445,49091,377
2021-12-25,Sonoma,097,501317,45705,44358,646,45004,408
2021-12-25,Stanislaus,099,539301,83594,83368,9565,92933,1331
2021-12-25,Sutter,101,95872,14651,14533,422,14955,191
2021-12-25,Tehama,103,63373,8986,8861,1567,10428,136
2021-12-25,Trinity,105,12862,916,826,220,1046,17
2021-12-25,Tulare,107,460477,72643,71292,16755,88047,1137
2021-12-25,Tuolumne,109,53932,8036,7919,119,8038,91
2021-12-25,Ventura,111,848112,106895,103498,5033,108531,1206
2021-12-25,Yolo,113,214977,21706,21084,1323,22407,270
2021-12-25,Yuba,115,75493,10838,10694,413,11107,98
2021-12-24,Alameda,001,1643700,131712,127221,3337,130558,1525
2021-12-24,Alpine,003,1148,110,113,0,113,0
2021-12-24,Amador,005,37829,5919,5861,78,5939,70
2021-12-24,Butte,007,227075,22553,22087,4103,26190,330
2021-12-24,Calaveras,009,45235,4651,4591,65,4656,91
2021-12-24,Colusa,011,21464,2668,2647,698,3345,21
2021-12-24,Contra Costa,013,1133247,107747,105022,2637,107659,1071
2021-12-24,Del Norte,015,27424,3834,3795,56,3851,43
2021-12-24,El Dorado,017,186661,17643,17188,1876,19064,172
2021-12-24,Fresno,019,978130,150135,148027,13436,161463,2358
2021-12-24,Glenn,021,27897,3664,3611,1053,4664,39
2021-12-24,Humboldt,023,135768,10318,10052,759,10811,119
2021-12-24,Imperial,025,180216,37456,36878,4180,41058,800
2021-12-24,Inyo,027,18085,2699,2636,40,2676,47
2021-12-24,Kern,029,883053,136208,134591,24957,159548,1908
2021-12-24,Kings,031,150075,34433,34009,2066,36075,379
2021-12-24,Lake,033,64148,7081,7019,176,7195,116
2021-12-24,Lassen,035,31185,7115,7072,430,7502,55
2021-12-24,Los Angeles,037,10098052,1573816,1515469,62908,1578377,27257
2021-12-24,Madera,039,155013,25004,24741,2393,27134,320
2021-12-24,Marin,041,260295,19964,19085,701,19786,249
2021-12-24,Mariposa,043,17540,1521,1480,63,1543,6
2021-12-24,Mendocino,045,87422,8434,8314,705,9019,98
2021-12-24,Merced,047,269075,44465,44208,2219,46427,690
2021-12-24,Modoc,049,8938,603,597,209,806,6
2021-12-24,Mono,051,14174,2067,2000,24,2024,4
2021-12-24,Monterey,053,433212,51515,49709,3518,53227,638
2021-12-24,Napa,055,140530,14253,13809,182,13991,107
2021-12-24,Nevada,057,99092,10333,10153,362,10515,110
2021-12-24,Orange,059,3164182,332239,322991,18613,341604,5863
2021-12-24,Placer,061,380077,40720,39852,4111,43963,489
2021-12-24,Plumas,063,18699,2034,1987,52,2039,12
2021-12-24,Riverside,065,2383286,394349,384567,17373,401940,5470
2021-12-24,Sacramento,067,1510023,172153,169144,5425,174569,2418
2021-12-24,San Benito,069,59416,8125,7991,193,8184,79
2021-12-24,San Bernardino,071,2135413,384689,376052,12457,388509,6043
2021-12-24,San Diego,073,3302833,418929,406616,24843,431459,4442
2021-12-24,San Francisco,075,870044,62968,58229,2809,61038,682
2021-12-24,San Joaquin,077,732212,106143,104590,5763,110353,1872
2021-12-24,San Luis Obispo,079,281455,32036,31290,1453,32743,365
2021-12-24,San Mateo,081,765935,60876,56973,1151,58124,581
2021-12-24,Santa Barbara,083,443738,48601,47553,1700,49253,567
2021-12-24,Santa Clara,085,1922200,162188,156872,2020,158892,1967
2021-12-24,Santa Cruz,087,273765,22792,22176,1094,23270,228
2021-12-24,Shasta,089,179085,23151,22959,3755,26714,432
2021-12-24,Sierra,091,2930,211,202,21,223,0
2021-12-24,Siskiyou,093,43540,3520,3460,1382,4842,60
2021-12-24,Solano,095,438530,48869,47646,1443,49089,377
2021-12-24,Sonoma,097,501317,45539,44358,638,44996,408
2021-12-24,Stanislaus,099,539301,83482,83368,9542,92910,1331
2021-12-24,Sutter,101,95872,14631,14533,419,14952,191
2021-12-24,Tehama,103,63373,8977,8861,1564,10425,136
2021-12-24,Trinity,105,12862,914,826,220,1046,17
2021-12-24,Tulare,107,460477,72576,71292,16712,88004,1137
2021-12-24,Tuolumne,109,53932,8011,7919,119,8038,91
2021-12-24,Ventura,111,848112,106448,103498,4977,108475,1206
2021-12-24,Yolo,113,214977,21632,21084,1305,22389,270
2021-12-24,Yuba,115,75493,10815,10694,412,11106,98
2021-12-23,Alameda,001,1643700,131011,127221,3303,130524,1525
2021-12-23,Alpine,003,1148,110,113,0,113,0
2021-12-23,Amador,005,37829,5907,5861,76,5937,70
2021-12-23,Butte,007,227075,22501,22087,4092,26179,330
2021-12-23,Calaveras,009,45235,4640,4591,65,4656,91
2021-12-23,Colusa,011,21464,2662,2647,694,3341,21
2021-12-23,Contra Costa,013,1133247,107318,105022,2593,107615,1071
2021-12-23,Del Norte,015,27424,3831,3795,56,3851,43
2021-12-23,El Dorado,017,186661,17580,17188,1870,19058,172
2021-12-23,Fresno,019,978130,149930,148027,13417,161444,2358
2021-12-23,Glenn,021,27897,3660,3611,1053,4664,39
2021-12-23,Humboldt,023,135768,10265,10052,756,10808,119
2021-12-23,Imperial,025,180216,37382,36878,4153,41031,800
2021-12-23,Inyo,027,18085,2686,2636,40,2676,47
2021-12-23,Kern,029,883053,136058,134591,24861,159452,1908
2021-12-23,Kings,031,150075,34392,34009,2065,36074,379
2021-12-23,Lake,033,64148,7069,7019,174,7193,116
2021-12-23,Lassen,035,31185,7114,7072,430,7502,55
2021-12-23,Los Angeles,037,10098052,1564277,1515469,61821,1577290,27257
2021-12-23,Madera,039,155013,24971,24741,2389,27130,320
2021-12-23,Marin,041,260295,19830,19085,684,19769,249
2021-12-23,Mariposa,043,17540,1516,1480,63,1543,6
2021-12-23,Mendocino,045,87422,8425,8314,705,9019,98
2021-12-23,Merced,047,269075,44416,44208,2217,46425,690
2021-12-23,Modoc,049,8938,603,597,209,806,6
2021-12-23,Mono,051,14174,2046,2000,23,2023,4
2021-12-23,Monterey,053,433212,51393,49709,3497,53206,638
2021-12-23,Napa,055,140530,14172,13809,177,13986,107
2021-12-23,Nevada,057,99092,10309,10153,361,10514,110
2021-12-23,Orange,059,3164182,330548,322991,18283,341274,5863
2021-12-23,Placer,061,380077,40597,39852,4095,43947,489
2021-12-23,Plumas,063,18699,2034,1987,52,2039,12
2021-12-23,Riverside,065,2383286,393132,384567,17304,401871,5470
2021-12-23,Sacramento,067,1510023,171697,169144,5378,174522,2418
2021-12-23,San Benito,069,59416,8106,7991,191,8182,79
2021-12-23,San Bernardino,071,2135413,383520,376052,12352,388404,6043
2021-12-23,San Diego,073,3302833,417077,406616,24644,431260,4442
2021-12-23,San Francisco,075,870044,62239,58229,2781,61010,682
2021-12-23,San Joaquin,077,732212,105925,104590,5750,110340,1872
2021-12-23,San Luis Obispo,079,281455,31964,31290,1449,32739,365
2021-12-23,San Mateo,081,765935,60313,56973,1131,58104,581
2021-12-23,Santa Barbara,083,443738,48402,47553,1698,49251,567
2021-12-23,Santa Clara,085,1922200,161281,156872,1961,158833,1967
2021-12-23,Santa Cruz,087,273765,22677,22176,1082,23258,228
2021-12-23,Shasta,089,179085,23121,22959,3752,26711,432
2021-12-23,Sierra,091,2930,208,202,21,223,0
2021-12-23,Siskiyou,093,43540,3520,3460,1380,4840,60
2021-12-23,Solano,095,438530,48762,47646,1427,49073,377
2021-12-23,Sonoma,097,501317,45362,44358,637,44995,408
2021-12-23,Stanislaus,099,539301,83353,83368,9522,92890,1331
2021-12-23,Sutter,101,95872,14614,14533,418,14951,191
2021-12-23,Tehama,103,63373,8965,8861,1560,10421,136
2021-12-23,Trinity,105,12862,914,826,220,1046,17
2021-12-23,Tulare,107,460477,72501,71292,16669,87961,1137
2021-12-23,Tuolumne,109,53932,7993,7919,118,8037,91
2021-12-23,Ventura,111,848112,105912,103498,4911,108409,1206
2021-12-23,Yolo,113,214977,21560,21084,1287,22371,270
2021-12-23,Yuba,115,75493,10802,10694,412,11106,98
2021-12-22,Alameda,001,1643700,130088,126533,3221,129754,1522
2021-12-22,Alpine,003,1148,110,112,0,112,0
2021-12-22,Amador,005,37829,5894,5850,75,5925,70
2021-12-22,Butte,007,227075,22451,22070,4078,26148,330
2021-12-22,Calaveras,009,45235,4631,4580,65,4645,91
2021-12-22,Colusa,011,21464,2662,2645,691,3336,21
2021-12-22,Contra Costa,013,1133247,106681,104559,2551,107110,1070
2021-12-22,Del Norte,015,27424,3831,3794,56,3850,43
2021-12-22,El Dorado,017,186661,17518,17140,1861,19001,172
2021-12-22,Fresno,019,978130,149649,147838,13386,161224,2349
2021-12-22,Glenn,021,27897,3655,3604,1053,4657,39
2021-12-22,Humboldt,023,135768,10204,10022,751,10773,119
2021-12-22,Imperial,025,180216,37296,36755,4116,40871,798
2021-12-22,Inyo,027,18085,2668,2632,40,2672,47
2021-12-22,Kern,029,883053,135823,134433,24779,159212,1900
2021-12-22,Kings,031,150075,34342,33953,2058,36011,376
2021-12-22,Lake,033,64148,7062,7008,172,7180,116
2021-12-22,Lassen,035,31185,7109,7069,429,7498,55
2021-12-22,Los Angeles,037,10098052,1550732,1507110,60659,1567769,27234
2021-12-22,Madera,039,155013,24933,24702,2385,27087,320
2021-12-22,Marin,041,260295,19609,18927,661,19588,249
2021-12-22,Mariposa,043,17540,1509,1480,63,1543,6
2021-12-22,Mendocino,045,87422,8416,8299,705,9004,99
2021-12-22,Merced,047,269075,44345,44137,2215,46352,689
2021-12-22,Modoc,049,8938,603,595,209,804,6
2021-12-22,Mono,051,14174,2042,1979,23,2002,4
2021-12-22,Monterey,053,433212,51236,49650,3480,53130,639
2021-12-22,Napa,055,140530,14045,13746,167,13913,107
2021-12-22,Nevada,057,99092,10281,10101,356,10457,110
2021-12-22,Orange,059,3164182,328254,321765,17855,339620,5858
2021-12-22,Placer,061,380077,40414,39758,4058,43816,489
2021-12-22,Plumas,063,18699,2030,1986,52,2038,12
2021-12-22,Riverside,065,2383286,391301,383319,17191,400510,5472
2021-12-22,Sacramento,067,1510023,171038,168695,5318,174013,2422
2021-12-22,San Benito,069,59416,8054,7971,189,8160,79
2021-12-22,San Bernardino,071,2135413,381848,375044,12269,387313,6039
2021-12-22,San Diego,073,3302833,412957,404269,24315,428584,4434
2021-12-22,San Francisco,075,870044,61252,57520,2738,60258,682
2021-12-22,San Joaquin,077,732212,105655,104385,5736,110121,1870
2021-12-22,San Luis Obispo,079,281455,31823,31175,1429,32604,365
2021-12-22,San Mateo,081,765935,59629,56604,1101,57705,581
2021-12-22,Santa Barbara,083,443738,48146,47372,1682,49054,566
2021-12-22,Santa Clara,085,1922200,160161,156258,1920,158178,1954
2021-12-22,Santa Cruz,087,273765,22570,22075,1077,23152,228
2021-12-22,Shasta,089,179085,23092,22937,3747,26684,432
2021-12-22,Sierra,091,2930,208,202,21,223,0
2021-12-22,Siskiyou,093,43540,3517,3458,1377,4835,59
2021-12-22,Solano,095,438530,48533,47531,1414,48945,375
2021-12-22,Sonoma,097,501317,45087,44201,626,44827,408
2021-12-22,Stanislaus,099,539301,83212,83245,9502,92747,1331
2021-12-22,Sutter,101,95872,14578,14513,415,14928,191
2021-12-22,Tehama,103,63373,8952,8853,1557,10410,136
2021-12-22,Trinity,105,12862,914,826,220,1046,17
2021-12-22,Tulare,107,460477,72401,71226,16620,87846,1137
2021-12-22,Tuolumne,109,53932,7972,7903,118,8021,91
2021-12-22,Ventura,111,848112,105306,103089,4806,107895,1206
2021-12-22,Yolo,113,214977,21484,21012,1273,22285,270
2021-12-22,Yuba,115,75493,10785,10681,412,11093,98
2021-12-21,Alameda,001,1643700,129089,126007,3166,129173,1518
2021-12-21,Alpine,003,1148,110,112,0,112,0
2021-12-21,Amador,005,37829,5884,5845,75,5920,70
2021-12-21,Butte,007,227075,22388,22041,4064,26105,330
2021-12-21,Calaveras,009,45235,4618,4575,65,4640,91
2021-12-21,Colusa,011,21464,2660,2643,690,3333,21
2021-12-21,Contra Costa,013,1133247,106051,104255,2487,106742,1068
2021-12-21,Del Norte,015,27424,3830,3793,56,3849,43
2021-12-21,El Dorado,017,186661,17453,17098,1849,18947,172
2021-12-21,Fresno,019,978130,149362,147707,13351,161058,2341
2021-12-21,Glenn,021,27897,3641,3602,1053,4655,39
2021-12-21,Humboldt,023,135768,10140,9989,746,10735,118
2021-12-21,Imperial,025,180216,37198,36580,4075,40655,792
2021-12-21,Inyo,027,18085,2657,2627,40,2667,47
2021-12-21,Kern,029,883053,135614,134321,24674,158995,1892
2021-12-21,Kings,031,150075,34282,33914,2057,35971,376
2021-12-21,Lake,033,64148,7057,7004,170,7174,116
2021-12-21,Lassen,035,31185,7107,7069,429,7498,55
2021-12-21,Los Angeles,037,10098052,1536831,1501169,59636,1560805,27220
2021-12-21,Madera,039,155013,24896,24688,2378,27066,320
2021-12-21,Marin,041,260295,19439,18828,626,19454,249
2021-12-21,Mariposa,043,17540,1508,1480,62,1542,6
2021-12-21,Mendocino,045,87422,8400,8282,703,8985,97
2021-12-21,Merced,047,269075,44273,44096,2212,46308,688
2021-12-21,Modoc,049,8938,601,595,207,802,6
2021-12-21,Mono,051,14174,2023,1979,23,2002,4
2021-12-21,Monterey,053,433212,51145,49586,3463,53049,638
2021-12-21,Napa,055,140530,13944,13703,156,13859,107
2021-12-21,Nevada,057,99092,10252,10095,356,10451,110
2021-12-21,Orange,059,3164182,326130,320705,17407,338112,5855
2021-12-21,Placer,061,380077,40273,39649,4029,43678,487
2021-12-21,Plumas,063,18699,2030,1975,52,2027,12
2021-12-21,Riverside,065,2383286,389576,382415,17072,399487,5465
2021-12-21,Sacramento,067,1510023,170388,168422,5263,173685,2419
2021-12-21,San Benito,069,59416,8015,7950,186,8136,79
2021-12-21,San Bernardino,071,2135413,380215,374219,12161,386380,6026
2021-12-21,San Diego,073,3302833,409228,402386,23978,426364,4424
2021-12-21,San Francisco,075,870044,60292,56950,2705,59655,681
2021-12-21,San Joaquin,077,732212,105369,104238,5717,109955,1870
2021-12-21,San Luis Obispo,079,281455,31659,31103,1417,32520,365
2021-12-21,San Mateo,081,765935,59012,56381,1078,57459,581
2021-12-21,Santa Barbara,083,443738,47918,47194,1667,48861,564
2021-12-21,Santa Clara,085,1922200,159136,155769,1878,157647,1951
2021-12-21,Santa Cruz,087,273765,22453,22028,1067,23095,228
2021-12-21,Shasta,089,179085,23061,22920,3743,26663,429
2021-12-21,Sierra,091,2930,206,201,21,222,0
2021-12-21,Siskiyou,093,43540,3516,3455,1377,4832,59
2021-12-21,Solano,095,438530,48379,47474,1407,48881,372
2021-12-21,Sonoma,097,501317,44864,44051,616,44667,408
2021-12-21,Stanislaus,099,539301,83057,83167,9471,92638,1331
2021-12-21,Sutter,101,95872,14555,14492,414,14906,190
2021-12-21,Tehama,103,63373,8944,8849,1552,10401,136
2021-12-21,Trinity,105,12862,913,826,220,1046,17
2021-12-21,Tulare,107,460477,72308,71166,16579,87745,1137
2021-12-21,Tuolumne,109,53932,7948,7893,118,8011,91
2021-12-21,Ventura,111,848112,104687,102631,4693,107324,1205
2021-12-21,Yolo,113,214977,21375,20944,1269,22213,267
2021-12-21,Yuba,115,75493,10768,10668,412,11080,98
2021-12-20,Alameda,001,1643700,128157,125762,3098,128860,1515
2021-12-20,Alpine,003,1148,110,112,0,112,0
2021-12-20,Amador,005,37829,5870,5838,75,5913,70
2021-12-20,Butte,007,227075,22326,22030,4054,26084,329
2021-12-20,Calaveras,009,45235,4608,4569,65,4634,91
2021-12-20,Colusa,011,21464,2659,2644,690,3334,21
2021-12-20,Contra Costa,013,1133247,105517,104051,2440,106491,1068
2021-12-20,Del Norte,015,27424,3828,3792,56,3848,43
2021-12-20,El Dorado,017,186661,17392,17083,1841,18924,172
2021-12-20,Fresno,019,978130,149119,147605,13322,160927,2341
2021-12-20,Glenn,021,27897,3635,3597,1053,4650,39
2021-12-20,Humboldt,023,135768,10098,9973,742,10715,118
2021-12-20,Imperial,025,180216,37082,36532,4045,40577,792
2021-12-20,Inyo,027,18085,2654,2615,40,2655,47
2021-12-20,Kern,029,883053,135415,134203,24614,158817,1883
2021-12-20,Kings,031,150075,34240,33898,2056,35954,376
2021-12-20,Lake,033,64148,7052,6999,170,7169,116
2021-12-20,Lassen,035,31185,7105,7065,428,7493,55
2021-12-20,Los Angeles,037,10098052,1525356,1495251,58910,1554161,27188
2021-12-20,Madera,039,155013,24867,24668,2374,27042,313
2021-12-20,Marin,041,260295,19225,18747,608,19355,249
2021-12-20,Mariposa,043,17540,1499,1479,62,1541,6
2021-12-20,Mendocino,045,87422,8388,8264,701,8965,96
2021-12-20,Merced,047,269075,44216,44071,2207,46278,687
2021-12-20,Modoc,049,8938,601,595,204,799,6
2021-12-20,Mono,051,14174,2000,1973,23,1996,4
2021-12-20,Monterey,053,433212,51049,49556,3443,52999,636
2021-12-20,Napa,055,140530,13859,13672,146,13818,107
2021-12-20,Nevada,057,99092,10212,10079,355,10434,109
2021-12-20,Orange,059,3164182,324525,320235,17092,337327,5852
2021-12-20,Placer,061,380077,40143,39579,3999,43578,485
2021-12-20,Plumas,063,18699,2027,1971,50,2021,12
2021-12-20,Riverside,065,2383286,388126,381841,16982,398823,5452
2021-12-20,Sacramento,067,1510023,169818,168153,5223,173376,2414
2021-12-20,San Benito,069,59416,7971,7934,184,8118,79
2021-12-20,San Bernardino,071,2135413,378719,373881,12077,385958,6023
2021-12-20,San Diego,073,3302833,406014,401483,23738,425221,4412
2021-12-20,San Francisco,075,870044,59233,56661,2648,59309,681
2021-12-20,San Joaquin,077,732212,105126,104188,5708,109896,1865
2021-12-20,San Luis Obispo,079,281455,31546,31075,1409,32484,365
2021-12-20,San Mateo,081,765935,58464,56247,1059,57306,581
2021-12-20,Santa Barbara,083,443738,47708,47131,1662,48793,562
2021-12-20,Santa Clara,085,1922200,158176,155427,1830,157257,1950
2021-12-20,Santa Cruz,087,273765,22373,21989,1062,23051,227
2021-12-20,Shasta,089,179085,23040,22888,3738,26626,429
2021-12-20,Sierra,091,2930,205,201,21,222,0
2021-12-20,Siskiyou,093,43540,3515,3453,1375,4828,59
2021-12-20,Solano,095,438530,48251,47394,1399,48793,370
2021-12-20,Sonoma,097,501317,44673,43982,608,44590,408
2021-12-20,Stanislaus,099,539301,82932,83110,9442,92552,1331
2021-12-20,Sutter,101,95872,14532,14480,414,14894,190
2021-12-20,Tehama,103,63373,8936,8840,1549,10389,136
2021-12-20,Trinity,105,12862,913,826,220,1046,17
2021-12-20,Tulare,107,460477,72214,71124,16521,87645,1129
2021-12-20,Tuolumne,109,53932,7934,7867,114,7981,91
2021-12-20,Ventura,111,848112,104179,102452,4617,107069,1203
2021-12-20,Yolo,113,214977,21282,20903,1257,22160,267
2021-12-20,Yuba,115,75493,10752,10656,409,11065,97
2021-12-19,Alameda,001,1643700,127271,125464,3058,128522,1519
2021-12-19,Alpine,003,1148,110,112,0,112,0
2021-12-19,Amador,005,37829,5858,5832,74,5906,70
2021-12-19,Butte,007,227075,22271,22022,4046,26068,329
2021-12-19,Calaveras,009,45235,4592,4563,64,4627,91
2021-12-19,Colusa,011,21464,2659,2643,687,3330,21
2021-12-19,Contra Costa,013,1133247,105026,103906,2406,106312,1068
2021-12-19,Del Norte,015,27424,3824,3797,56,3853,43
2021-12-19,El Dorado,017,186661,17335,17067,1839,18906,172
2021-12-19,Fresno,019,978130,148878,147505,13297,160802,2341
2021-12-19,Glenn,021,27897,3631,3596,1052,4648,39
2021-12-19,Humboldt,023,135768,10056,9957,737,10694,118
2021-12-19,Imperial,025,180216,36953,36501,4002,40503,792
2021-12-19,Inyo,027,18085,2645,2613,40,2653,47
2021-12-19,Kern,029,883053,135216,134136,24546,158682,1883
2021-12-19,Kings,031,150075,34182,33874,2052,35926,378
2021-12-19,Lake,033,64148,7043,6999,167,7166,116
2021-12-19,Lassen,035,31185,7101,7065,428,7493,55
2021-12-19,Los Angeles,037,10098052,1516364,1495082,58308,1553390,27189
2021-12-19,Madera,039,155013,24843,24642,2368,27010,313
2021-12-19,Marin,041,260295,19049,18707,585,19292,249
2021-12-19,Mariposa,043,17540,1493,1475,62,1537,6
2021-12-19,Mendocino,045,87422,8371,8257,698,8955,96
2021-12-19,Merced,047,269075,44121,44045,2200,46245,687
2021-12-19,Modoc,049,8938,600,595,204,799,6
2021-12-19,Mono,051,14174,1989,1968,22,1990,4
2021-12-19,Monterey,053,433212,50948,49516,3422,52938,636
2021-12-19,Napa,055,140530,13786,13659,137,13796,107
2021-12-19,Nevada,057,99092,10176,10057,352,10409,109
2021-12-19,Orange,059,3164182,323119,319615,16866,336481,5852
2021-12-19,Placer,061,380077,40022,39525,3983,43508,485
2021-12-19,Plumas,063,18699,2024,1971,50,2021,12
2021-12-19,Riverside,065,2383286,386682,381305,16907,398212,5452
2021-12-19,Sacramento,067,1510023,169324,167933,5194,173127,2415
2021-12-19,San Benito,069,59416,7946,7929,183,8112,79
2021-12-19,San Bernardino,071,2135413,377414,373480,12039,385519,6023
2021-12-19,San Diego,073,3302833,403534,398197,23542,421739,4406
2021-12-19,San Francisco,075,870044,58355,56358,2592,58950,681
2021-12-19,San Joaquin,077,732212,104869,104125,5694,109819,1865
2021-12-19,San Luis Obispo,079,281455,31423,31035,1397,32432,366
2021-12-19,San Mateo,081,765935,57999,56132,1044,57176,581
2021-12-19,Santa Barbara,083,443738,47485,47070,1655,48725,562
2021-12-19,Santa Clara,085,1922200,157289,155049,1804,156853,1950
2021-12-19,Santa Cruz,087,273765,22274,21960,1057,23017,227
2021-12-19,Shasta,089,179085,23003,22875,3734,26609,429
2021-12-19,Sierra,091,2930,204,201,21,222,0
2021-12-19,Siskiyou,093,43540,3512,3452,1375,4827,59
2021-12-19,Solano,095,438530,48129,47341,1393,48734,370
2021-12-19,Sonoma,097,501317,44489,43944,606,44550,408
2021-12-19,Stanislaus,099,539301,82794,83040,9410,92450,1331
2021-12-19,Sutter,101,95872,14492,14475,413,14888,190
2021-12-19,Tehama,103,63373,8928,8840,1549,10389,136
2021-12-19,Trinity,105,12862,913,826,220,1046,17
2021-12-19,Tulare,107,460477,72121,71085,16479,87564,1129
2021-12-19,Tuolumne,109,53932,7917,7865,113,7978,91
2021-12-19,Ventura,111,848112,103599,102170,4552,106722,1203
2021-12-19,Yolo,113,214977,21201,20887,1238,22125,267
2021-12-19,Yuba,115,75493,10735,10646,407,11053,97
2021-12-18,Alameda,001,1643700,126867,124583,3033,127616,1512
2021-12-18,Alpine,003,1148,110,110,0,110,0
2021-12-18,Amador,005,37829,5852,5821,74,5895,69
2021-12-18,Butte,007,227075,22255,21956,4041,25997,328
2021-12-18,Calaveras,009,45235,4585,4534,64,4598,91
2021-12-18,Colusa,011,21464,2655,2635,685,3320,21
2021-12-18,Contra Costa,013,1133247,104811,103380,2392,105772,1065
2021-12-18,Del Norte,015,27424,3821,3791,56,3847,43
2021-12-18,El Dorado,017,186661,17307,16968,1836,18804,171
2021-12-18,Fresno,019,978130,148775,147038,13284,160322,2335
2021-12-18,Glenn,021,27897,3628,3590,1052,4642,39
2021-12-18,Humboldt,023,135768,10040,9889,737,10626,118
2021-12-18,Imperial,025,180216,36880,36280,3990,40270,790
2021-12-18,Inyo,027,18085,2639,2607,40,2647,47
2021-12-18,Kern,029,883053,135126,133754,24501,158255,1873
2021-12-18,Kings,031,150075,34149,33783,2048,35831,374
2021-12-18,Lake,033,64148,7042,6976,167,7143,115
2021-12-18,Lassen,035,31185,7099,7061,427,7488,55
2021-12-18,Los Angeles,037,10098052,1512274,1484840,57995,1542835,27135
2021-12-18,Madera,039,155013,24828,24575,2366,26941,313
2021-12-18,Marin,041,260295,18948,18537,573,19110,249
2021-12-18,Mariposa,043,17540,1492,1468,62,1530,6
2021-12-18,Mendocino,045,87422,8365,8219,698,8917,95
2021-12-18,Merced,047,269075,44086,43929,2199,46128,686
2021-12-18,Modoc,049,8938,598,595,204,799,6
2021-12-18,Mono,051,14174,1987,1956,22,1978,4
2021-12-18,Monterey,053,433212,50890,49343,3417,52760,635
2021-12-18,Napa,055,140530,13760,13581,135,13716,107
2021-12-18,Nevada,057,99092,10154,9991,350,10341,108
2021-12-18,Orange,059,3164182,322455,318149,16730,334879,5844
2021-12-18,Placer,061,380077,39921,39336,3969,43305,485
2021-12-18,Plumas,063,18699,2024,1964,50,2014,13
2021-12-18,Riverside,065,2383286,385984,379354,16866,396220,5439
2021-12-18,Sacramento,067,1510023,169088,167046,5175,172221,2404
2021-12-18,San Benito,069,59416,7931,7894,183,8077,79
2021-12-18,San Bernardino,071,2135413,376753,371658,12011,383669,6017
2021-12-18,San Diego,073,3302833,402569,397130,23490,420620,4399
2021-12-18,San Francisco,075,870044,57860,55562,2562,58124,679
2021-12-18,San Joaquin,077,732212,104782,103698,5684,109382,1858
2021-12-18,San Luis Obispo,079,281455,31381,30873,1391,32264,365
2021-12-18,San Mateo,081,765935,57759,55730,1039,56769,580
2021-12-18,Santa Barbara,083,443738,47389,46776,1653,48429,562
2021-12-18,Santa Clara,085,1922200,156833,154243,1791,156034,1946
2021-12-18,Santa Cruz,087,273765,22222,21805,1055,22860,225
2021-12-18,Shasta,089,179085,22982,22811,3734,26545,429
2021-12-18,Sierra,091,2930,204,199,21,220,0
2021-12-18,Siskiyou,093,43540,3510,3441,1374,4815,58
2021-12-18,Solano,095,438530,48083,47174,1391,48565,369
2021-12-18,Sonoma,097,501317,44379,43658,602,44260,407
2021-12-18,Stanislaus,099,539301,82712,82736,9398,92134,1330
2021-12-18,Sutter,101,95872,14474,14435,413,14848,190
2021-12-18,Tehama,103,63373,8922,8814,1548,10362,136
2021-12-18,Trinity,105,12862,913,823,220,1043,17
2021-12-18,Tulare,107,460477,72083,70922,16454,87376,1120
2021-12-18,Tuolumne,109,53932,7903,7834,113,7947,91
2021-12-18,Ventura,111,848112,103314,101612,4530,106142,1201
2021-12-18,Yolo,113,214977,21161,20793,1232,22025,267
2021-12-18,Yuba,115,75493,10724,10599,407,11006,96
2021-12-17,Alameda,001,1643700,126533,124583,3014,127597,1512
2021-12-17,Alpine,003,1148,110,110,0,110,0
2021-12-17,Amador,005,37829,5845,5821,74,5895,69
2021-12-17,Butte,007,227075,22234,21956,4034,25990,328
2021-12-17,Calaveras,009,45235,4581,4534,64,4598,91
2021-12-17,Colusa,011,21464,2654,2635,684,3319,21
2021-12-17,Contra Costa,013,1133247,104609,103380,2388,105768,1065
2021-12-17,Del Norte,015,27424,3820,3791,56,3847,43
2021-12-17,El Dorado,017,186661,17279,16968,1833,18801,171
2021-12-17,Fresno,019,978130,148672,147038,13284,160322,2335
2021-12-17,Glenn,021,27897,3621,3590,1052,4642,39
2021-12-17,Humboldt,023,135768,10020,9889,735,10624,118
2021-12-17,Imperial,025,180216,36817,36280,3972,40252,790
2021-12-17,Inyo,027,18085,2634,2607,40,2647,47
2021-12-17,Kern,029,883053,135035,133754,24460,158214,1873
2021-12-17,Kings,031,150075,34130,33783,2048,35831,374
2021-12-17,Lake,033,64148,7038,6976,167,7143,115
2021-12-17,Lassen,035,31185,7099,7061,426,7487,55
2021-12-17,Los Angeles,037,10098052,1508334,1484840,57755,1542595,27135
2021-12-17,Madera,039,155013,24812,24575,2361,26936,313
2021-12-17,Marin,041,260295,18872,18537,569,19106,249
2021-12-17,Mariposa,043,17540,1488,1468,62,1530,6
2021-12-17,Mendocino,045,87422,8354,8219,698,8917,95
2021-12-17,Merced,047,269075,44060,43929,2198,46127,686
2021-12-17,Modoc,049,8938,598,595,204,799,6
2021-12-17,Mono,051,14174,1984,1956,22,1978,4
2021-12-17,Monterey,053,433212,50832,49343,3412,52755,635
2021-12-17,Napa,055,140530,13733,13581,134,13715,107
2021-12-17,Nevada,057,99092,10143,9991,350,10341,108
2021-12-17,Orange,059,3164182,321892,318149,16662,334811,5844
2021-12-17,Placer,061,380077,39866,39336,3963,43299,485
2021-12-17,Plumas,063,18699,2023,1964,50,2014,13
2021-12-17,Riverside,065,2383286,385332,379354,16856,396210,5439
2021-12-17,Sacramento,067,1510023,168855,167046,5162,172208,2404
2021-12-17,San Benito,069,59416,7929,7894,183,8077,79
2021-12-17,San Bernardino,071,2135413,376198,371658,11994,383652,6017
2021-12-17,San Diego,073,3302833,401640,397130,23442,420572,4399
2021-12-17,San Francisco,075,870044,57533,55562,2532,58094,679
2021-12-17,San Joaquin,077,732212,104707,103698,5667,109365,1858
2021-12-17,San Luis Obispo,079,281455,31352,30873,1387,32260,365
2021-12-17,San Mateo,081,765935,57571,55730,1032,56762,580
2021-12-17,Santa Barbara,083,443738,47312,46776,1647,48423,562
2021-12-17,Santa Clara,085,1922200,156461,154243,1777,156020,1946
2021-12-17,Santa Cruz,087,273765,22175,21805,1051,22856,225
2021-12-17,Shasta,089,179085,22970,22811,3732,26543,429
2021-12-17,Sierra,091,2930,203,199,21,220,0
2021-12-17,Siskiyou,093,43540,3506,3441,1372,4813,58
2021-12-17,Solano,095,438530,48015,47174,1387,48561,369
2021-12-17,Sonoma,097,501317,44282,43658,599,44257,407
2021-12-17,Stanislaus,099,539301,82661,82736,9391,92127,1330
2021-12-17,Sutter,101,95872,14462,14435,411,14846,190
2021-12-17,Tehama,103,63373,8915,8814,1547,10361,136
2021-12-17,Trinity,105,12862,913,823,220,1043,17
2021-12-17,Tulare,107,460477,72041,70922,16424,87346,1120
2021-12-17,Tuolumne,109,53932,7891,7834,113,7947,91
2021-12-17,Ventura,111,848112,103064,101612,4518,106130,1201
2021-12-17,Yolo,113,214977,21128,20793,1227,22020,267
2021-12-17,Yuba,115,75493,10713,10599,405,11004,96
2021-12-16,Alameda,001,1643700,126158,124583,2999,127582,1512
2021-12-16,Alpine,003,1148,108,110,0,110,0
2021-12-16,Amador,005,37829,5837,5821,74,5895,69
2021-12-16,Butte,007,227075,22214,21956,4031,25987,328
2021-12-16,Calaveras,009,45235,4574,4534,64,4598,91
2021-12-16,Colusa,011,21464,2654,2635,684,3319,21
2021-12-16,Contra Costa,013,1133247,104386,103380,2378,105758,1065
2021-12-16,Del Norte,015,27424,3817,3791,56,3847,43
2021-12-16,El Dorado,017,186661,17244,16968,1828,18796,171
2021-12-16,Fresno,019,978130,148513,147038,13277,160315,2335
2021-12-16,Glenn,021,27897,3620,3590,1049,4639,39
2021-12-16,Humboldt,023,135768,9996,9889,725,10614,118
2021-12-16,Imperial,025,180216,36733,36280,3944,40224,790
2021-12-16,Inyo,027,18085,2630,2607,39,2646,47
2021-12-16,Kern,029,883053,134891,133754,24411,158165,1873
2021-12-16,Kings,031,150075,34106,33783,2047,35830,374
2021-12-16,Lake,033,64148,7034,6976,167,7143,115
2021-12-16,Lassen,035,31185,7096,7061,425,7486,55
2021-12-16,Los Angeles,037,10098052,1504119,1484840,57489,1542329,27135
2021-12-16,Madera,039,155013,24783,24575,2357,26932,313
2021-12-16,Marin,041,260295,18826,18537,562,19099,249
2021-12-16,Mariposa,043,17540,1486,1468,62,1530,6
2021-12-16,Mendocino,045,87422,8343,8219,693,8912,95
2021-12-16,Merced,047,269075,44021,43929,2197,46126,686
2021-12-16,Modoc,049,8938,598,595,204,799,6
2021-12-16,Mono,051,14174,1981,1956,22,1978,4
2021-12-16,Monterey,053,433212,50761,49343,3395,52738,635
2021-12-16,Napa,055,140530,13701,13581,134,13715,107
2021-12-16,Nevada,057,99092,10117,9991,350,10341,108
2021-12-16,Orange,059,3164182,321284,318149,16584,334733,5844
2021-12-16,Placer,061,380077,39789,39336,3958,43294,485
2021-12-16,Plumas,063,18699,2023,1964,50,2014,13
2021-12-16,Riverside,065,2383286,384525,379354,16842,396196,5439
2021-12-16,Sacramento,067,1510023,168572,167046,5138,172184,2404
2021-12-16,San Benito,069,59416,7922,7894,183,8077,79
2021-12-16,San Bernardino,071,2135413,375545,371658,11975,383633,6017
2021-12-16,San Diego,073,3302833,400471,397130,23376,420506,4399
2021-12-16,San Francisco,075,870044,57157,55562,2510,58072,679
2021-12-16,San Joaquin,077,732212,104583,103698,5660,109358,1858
2021-12-16,San Luis Obispo,079,281455,31282,30873,1381,32254,365
2021-12-16,San Mateo,081,765935,57371,55730,1029,56759,580
2021-12-16,Santa Barbara,083,443738,47191,46776,1643,48419,562
2021-12-16,Santa Clara,085,1922200,156130,154243,1767,156010,1946
2021-12-16,Santa Cruz,087,273765,22129,21805,1050,22855,225
2021-12-16,Shasta,089,179085,22940,22811,3730,26541,429
2021-12-16,Sierra,091,2930,203,199,21,220,0
2021-12-16,Siskiyou,093,43540,3505,3441,1368,4809,58
2021-12-16,Solano,095,438530,47947,47174,1380,48554,369
2021-12-16,Sonoma,097,501317,44183,43658,597,44255,407
2021-12-16,Stanislaus,099,539301,82574,82736,9377,92113,1330
2021-12-16,Sutter,101,95872,14448,14435,410,14845,190
2021-12-16,Tehama,103,63373,8908,8814,1546,10360,136
2021-12-16,Trinity,105,12862,913,823,220,1043,17
2021-12-16,Tulare,107,460477,71993,70922,16399,87321,1120
2021-12-16,Tuolumne,109,53932,7872,7834,113,7947,91
2021-12-16,Ventura,111,848112,102796,101612,4511,106123,1201
2021-12-16,Yolo,113,214977,21077,20793,1222,22015,267
2021-12-16,Yuba,115,75493,10697,10599,404,11003,96
2021-12-15,Alameda,001,1643700,125832,124342,2987,127329,1509
2021-12-15,Alpine,003,1148,108,109,0,109,0
2021-12-15,Amador,005,37829,5831,5810,74,5884,69
2021-12-15,Butte,007,227075,22190,21922,4030,25952,327
2021-12-15,Calaveras,009,45235,4568,4523,64,4587,89
2021-12-15,Colusa,011,21464,2653,2632,683,3315,21
2021-12-15,Contra Costa,013,1133247,104167,103236,2375,105611,1064
2021-12-15,Del Norte,015,27424,3816,3789,55,3844,43
2021-12-15,El Dorado,017,186661,17213,16936,1822,18758,171
2021-12-15,Fresno,019,978130,148385,146859,13263,160122,2319
2021-12-15,Glenn,021,27897,3620,3589,1049,4638,39
2021-12-15,Humboldt,023,135768,9976,9854,724,10578,118
2021-12-15,Imperial,025,180216,36653,36187,3900,40087,789
2021-12-15,Inyo,027,18085,2625,2606,39,2645,47
2021-12-15,Kern,029,883053,134752,133590,24365,157955,1866
2021-12-15,Kings,031,150075,34077,33716,2043,35759,374
2021-12-15,Lake,033,64148,7026,6968,166,7134,115
2021-12-15,Lassen,035,31185,7096,7062,425,7487,55
2021-12-15,Los Angeles,037,10098052,1500225,1482735,57295,1540030,27116
2021-12-15,Madera,039,155013,24765,24549,2351,26900,313
2021-12-15,Marin,041,260295,18767,18514,557,19071,249
2021-12-15,Mariposa,043,17540,1483,1463,62,1525,6
2021-12-15,Mendocino,045,87422,8338,8209,690,8899,95
2021-12-15,Merced,047,269075,43979,43890,2185,46075,685
2021-12-15,Modoc,049,8938,598,595,204,799,6
2021-12-15,Mono,051,14174,1977,1955,22,1977,4
2021-12-15,Monterey,053,433212,50706,49279,3377,52656,635
2021-12-15,Napa,055,140530,13672,13557,132,13689,107
2021-12-15,Nevada,057,99092,10096,9958,350,10308,107
2021-12-15,Orange,059,3164182,320703,317808,16542,334350,5838
2021-12-15,Placer,061,380077,39733,39264,3948,43212,485
2021-12-15,Plumas,063,18699,2019,1957,50,2007,12
2021-12-15,Riverside,065,2383286,383804,378769,16831,395600,5438
2021-12-15,Sacramento,067,1510023,168264,166793,5118,171911,2401
2021-12-15,San Benito,069,59416,7907,7877,183,8060,79
2021-12-15,San Bernardino,071,2135413,374992,371122,11942,383064,6013
2021-12-15,San Diego,073,3302833,399276,396546,23306,419852,4395
2021-12-15,San Francisco,075,870044,56838,55414,2492,57906,679
2021-12-15,San Joaquin,077,732212,104426,103579,5650,109229,1853
2021-12-15,San Luis Obispo,079,281455,31233,30784,1374,32158,365
2021-12-15,San Mateo,081,765935,57229,55657,1019,56676,580
2021-12-15,Santa Barbara,083,443738,47110,46681,1641,48322,562
2021-12-15,Santa Clara,085,1922200,155819,153928,1747,155675,1944
2021-12-15,Santa Cruz,087,273765,22089,21753,1043,22796,225
2021-12-15,Shasta,089,179085,22925,22778,3726,26504,427
2021-12-15,Sierra,091,2930,203,199,21,220,0
2021-12-15,Siskiyou,093,43540,3504,3434,1367,4801,58
2021-12-15,Solano,095,438530,47876,47098,1374,48472,367
2021-12-15,Sonoma,097,501317,44101,43580,592,44172,407
2021-12-15,Stanislaus,099,539301,82468,82628,9369,91997,1298
2021-12-15,Sutter,101,95872,14428,14428,409,14837,189
2021-12-15,Tehama,103,63373,8901,8806,1545,10351,136
2021-12-15,Trinity,105,12862,912,822,220,1042,17
2021-12-15,Tulare,107,460477,71942,70846,16370,87216,1120
2021-12-15,Tuolumne,109,53932,7863,7818,112,7930,91
2021-12-15,Ventura,111,848112,102581,101447,4505,105952,1199
2021-12-15,Yolo,113,214977,21049,20749,1217,21966,267
2021-12-15,Yuba,115,75493,10686,10587,403,10990,96
2021-12-14,Alameda,001,1643700,125503,124272,2975,127247,1506
2021-12-14,Alpine,003,1148,107,109,0,109,0
2021-12-14,Amador,005,37829,5825,5808,73,5881,69
2021-12-14,Butte,007,227075,22157,21901,4028,25929,326
2021-12-14,Calaveras,009,45235,4556,4517,64,4581,89
2021-12-14,Colusa,011,21464,2651,2628,683,3311,21
2021-12-14,Contra Costa,013,1133247,103983,103135,2371,105506,1064
2021-12-14,Del Norte,015,27424,3813,3788,55,3843,43
2021-12-14,El Dorado,017,186661,17178,16915,1820,18735,170
2021-12-14,Fresno,019,978130,148215,146756,13255,160011,2316
2021-12-14,Glenn,021,27897,3619,3589,1049,4638,39
2021-12-14,Humboldt,023,135768,9964,9836,716,10552,118
2021-12-14,Imperial,025,180216,36580,36049,3857,39906,789
2021-12-14,Inyo,027,18085,2624,2601,39,2640,46
2021-12-14,Kern,029,883053,134614,133498,24316,157814,1863
2021-12-14,Kings,031,150075,34040,33693,2040,35733,373
2021-12-14,Lake,033,64148,7017,6961,166,7127,115
2021-12-14,Lassen,035,31185,7095,7061,425,7486,55
2021-12-14,Los Angeles,037,10098052,1496562,1481131,57117,1538248,27099
2021-12-14,Madera,039,155013,24738,24535,2343,26878,313
2021-12-14,Marin,041,260295,18719,18491,555,19046,249
2021-12-14,Mariposa,043,17540,1480,1463,61,1524,6
2021-12-14,Mendocino,045,87422,8310,8206,688,8894,95
2021-12-14,Merced,047,269075,43933,43870,2183,46053,684
2021-12-14,Modoc,049,8938,597,595,204,799,6
2021-12-14,Mono,051,14174,1970,1955,22,1977,4
2021-12-14,Monterey,053,433212,50622,49237,3366,52603,635
2021-12-14,Napa,055,140530,13643,13528,132,13660,107
2021-12-14,Nevada,057,99092,10070,9956,349,10305,106
2021-12-14,Orange,059,3164182,320150,317465,16488,333953,5827
2021-12-14,Placer,061,380077,39658,39221,3943,43164,482
2021-12-14,Plumas,063,18699,2015,1950,48,1998,12
2021-12-14,Riverside,065,2383286,383113,378227,16814,395041,5427
2021-12-14,Sacramento,067,1510023,167954,166605,5095,171700,2394
2021-12-14,San Benito,069,59416,7888,7871,183,8054,79
2021-12-14,San Bernardino,071,2135413,374366,370604,11912,382516,6013
2021-12-14,San Diego,073,3302833,398137,395876,23255,419131,4393
2021-12-14,San Francisco,075,870044,56523,55278,2481,57759,679
2021-12-14,San Joaquin,077,732212,104280,103488,5633,109121,1848
2021-12-14,San Luis Obispo,079,281455,31173,30753,1370,32123,363
2021-12-14,San Mateo,081,765935,57065,55601,1012,56613,580
2021-12-14,Santa Barbara,083,443738,47008,46648,1637,48285,560
2021-12-14,Santa Clara,085,1922200,155496,153814,1734,155548,1945
2021-12-14,Santa Cruz,087,273765,22024,21737,1038,22775,225
2021-12-14,Shasta,089,179085,22898,22756,3725,26481,427
2021-12-14,Sierra,091,2930,201,199,21,220,0
2021-12-14,Siskiyou,093,43540,3499,3430,1366,4796,58
2021-12-14,Solano,095,438530,47829,47065,1368,48433,367
2021-12-14,Sonoma,097,501317,44018,43538,590,44128,407
2021-12-14,Stanislaus,099,539301,82382,82581,9353,91934,1293
2021-12-14,Sutter,101,95872,14416,14421,408,14829,189
2021-12-14,Tehama,103,63373,8897,8805,1545,10350,134
2021-12-14,Trinity,105,12862,912,821,220,1041,17
2021-12-14,Tulare,107,460477,71870,70803,16340,87143,1120
2021-12-14,Tuolumne,109,53932,7850,7815,112,7927,91
2021-12-14,Ventura,111,848112,102356,101343,4498,105841,1199
2021-12-14,Yolo,113,214977,21015,20734,1204,21938,267
2021-12-14,Yuba,115,75493,10669,10574,403,10977,92
2021-12-13,Alameda,001,1643700,125218,124174,2958,127132,1501
2021-12-13,Alpine,003,1148,107,109,0,109,0
2021-12-13,Amador,005,37829,5821,5797,73,5870,69
2021-12-13,Butte,007,227075,22133,21889,4024,25913,326
2021-12-13,Calaveras,009,45235,4549,4507,63,4570,89
2021-12-13,Colusa,011,21464,2649,2627,683,3310,21
2021-12-13,Contra Costa,013,1133247,103832,103041,2360,105401,1064
2021-12-13,Del Norte,015,27424,3809,3787,55,3842,42
2021-12-13,El Dorado,017,186661,17155,16896,1818,18714,170
2021-12-13,Fresno,019,978130,148064,146641,13245,159886,2312
2021-12-13,Glenn,021,27897,3614,3589,1047,4636,37
2021-12-13,Humboldt,023,135768,9935,9821,712,10533,118
2021-12-13,Imperial,025,180216,36496,35974,3836,39810,787
2021-12-13,Inyo,027,18085,2623,2592,39,2631,46
2021-12-13,Kern,029,883053,134488,133381,24263,157644,1863
2021-12-13,Kings,031,150075,33997,33680,2035,35715,372
2021-12-13,Lake,033,64148,7015,6958,164,7122,115
2021-12-13,Lassen,035,31185,7094,7057,425,7482,55
2021-12-13,Los Angeles,037,10098052,1493779,1480195,56954,1537149,27085
2021-12-13,Madera,039,155013,24709,24527,2338,26865,311
2021-12-13,Marin,041,260295,18659,18471,552,19023,249
2021-12-13,Mariposa,043,17540,1478,1462,61,1523,6
2021-12-13,Mendocino,045,87422,8297,8196,686,8882,95
2021-12-13,Merced,047,269075,43894,43848,2179,46027,682
2021-12-13,Modoc,049,8938,596,595,204,799,6
2021-12-13,Mono,051,14174,1963,1952,22,1974,4
2021-12-13,Monterey,053,433212,50570,49222,3347,52569,631
2021-12-13,Napa,055,140530,13630,13518,132,13650,107
2021-12-13,Nevada,057,99092,10051,9946,348,10294,106
2021-12-13,Orange,059,3164182,319680,317112,16435,333547,5824
2021-12-13,Placer,061,380077,39597,39168,3932,43100,481
2021-12-13,Plumas,063,18699,2011,1943,48,1991,12
2021-12-13,Riverside,065,2383286,382530,377728,16799,394527,5414
2021-12-13,Sacramento,067,1510023,167676,166439,5063,171502,2392
2021-12-13,San Benito,069,59416,7879,7856,183,8039,79
2021-12-13,San Bernardino,071,2135413,373790,370274,11905,382179,6011
2021-12-13,San Diego,073,3302833,397332,395266,23202,418468,4389
2021-12-13,San Francisco,075,870044,56253,55245,2468,57713,678
2021-12-13,San Joaquin,077,732212,104164,103449,5624,109073,1846
2021-12-13,San Luis Obispo,079,281455,31123,30746,1366,32112,363
2021-12-13,San Mateo,081,765935,56906,55569,1003,56572,580
2021-12-13,Santa Barbara,083,443738,46920,46608,1632,48240,560
2021-12-13,Santa Clara,085,1922200,155231,153672,1723,155395,1944
2021-12-13,Santa Cruz,087,273765,21969,21698,1035,22733,225
2021-12-13,Shasta,089,179085,22877,22731,3723,26454,426
2021-12-13,Sierra,091,2930,201,199,21,220,0
2021-12-13,Siskiyou,093,43540,3495,3426,1363,4789,57
2021-12-13,Solano,095,438530,47755,47045,1363,48408,365
2021-12-13,Sonoma,097,501317,43922,43492,588,44080,407
2021-12-13,Stanislaus,099,539301,82266,82507,9330,91837,1282
2021-12-13,Sutter,101,95872,14409,14408,408,14816,188
2021-12-13,Tehama,103,63373,8884,8800,1545,10345,134
2021-12-13,Trinity,105,12862,912,820,220,1040,17
2021-12-13,Tulare,107,460477,71812,70758,16316,87074,1114
2021-12-13,Tuolumne,109,53932,7839,7804,112,7916,91
2021-12-13,Ventura,111,848112,102131,101180,4487,105667,1197
2021-12-13,Yolo,113,214977,20966,20706,1199,21905,267
2021-12-13,Yuba,115,75493,10652,10570,403,10973,92
2021-12-12,Alameda,001,1643700,124932,124075,2946,127021,1503
2021-12-12,Alpine,003,1148,107,109,0,109,0
2021-12-12,Amador,005,37829,5813,5797,72,5869,69
2021-12-12,Butte,007,227075,22109,21874,4018,25892,326
2021-12-12,Calaveras,009,45235,4538,4501,63,4564,89
2021-12-12,Colusa,011,21464,2644,2627,680,3307,21
2021-12-12,Contra Costa,013,1133247,103645,102976,2358,105334,1065
2021-12-12,Del Norte,015,27424,3806,3793,55,3848,42
2021-12-12,El Dorado,017,186661,17119,16890,1810,18700,170
2021-12-12,Fresno,019,978130,147902,146518,13230,159748,2310
2021-12-12,Glenn,021,27897,3611,3589,1047,4636,37
2021-12-12,Humboldt,023,135768,9910,9804,705,10509,118
2021-12-12,Imperial,025,180216,36362,35926,3805,39731,787
2021-12-12,Inyo,027,18085,2618,2592,39,2631,46
2021-12-12,Kern,029,883053,134322,133314,24222,157536,1861
2021-12-12,Kings,031,150075,33946,33661,2033,35694,372
2021-12-12,Lake,033,64148,7008,6955,162,7117,115
2021-12-12,Lassen,035,31185,7093,7057,425,7482,55
2021-12-12,Los Angeles,037,10098052,1490868,1479054,56773,1535827,27074
2021-12-12,Madera,039,155013,24680,24493,2331,26824,311
2021-12-12,Marin,041,260295,18606,18451,548,18999,249
2021-12-12,Mariposa,043,17540,1477,1461,61,1522,6
2021-12-12,Mendocino,045,87422,8284,8190,685,8875,95
2021-12-12,Merced,047,269075,43860,43821,2172,45993,682
2021-12-12,Modoc,049,8938,596,595,203,798,6
2021-12-12,Mono,051,14174,1959,1947,22,1969,4
2021-12-12,Monterey,053,433212,50517,49192,3321,52513,631
2021-12-12,Napa,055,140530,13587,13508,130,13638,107
2021-12-12,Nevada,057,99092,10024,9938,347,10285,106
2021-12-12,Orange,059,3164182,319174,316918,16370,333288,5825
2021-12-12,Placer,061,380077,39532,39139,3926,43065,481
2021-12-12,Plumas,063,18699,2007,1942,46,1988,12
2021-12-12,Riverside,065,2383286,381854,377467,16774,394241,5414
2021-12-12,Sacramento,067,1510023,167409,166291,5042,171333,2392
2021-12-12,San Benito,069,59416,7859,7853,183,8036,79
2021-12-12,San Bernardino,071,2135413,373147,369977,11881,381858,6011
2021-12-12,San Diego,073,3302833,396437,393307,23164,416471,4378
2021-12-12,San Francisco,075,870044,55997,55180,2456,57636,678
2021-12-12,San Joaquin,077,732212,104025,103405,5614,109019,1846
2021-12-12,San Luis Obispo,079,281455,31070,30719,1364,32083,363
2021-12-12,San Mateo,081,765935,56789,55505,999,56504,580
2021-12-12,Santa Barbara,083,443738,46845,46586,1630,48216,560
2021-12-12,Santa Clara,085,1922200,154951,153452,1709,155161,1945
2021-12-12,Santa Cruz,087,273765,21920,21671,1033,22704,225
2021-12-12,Shasta,089,179085,22849,22732,3722,26454,426
2021-12-12,Sierra,091,2930,201,199,21,220,0
2021-12-12,Siskiyou,093,43540,3495,3424,1363,4787,57
2021-12-12,Solano,095,438530,47689,47021,1360,48381,365
2021-12-12,Sonoma,097,501317,43829,43424,585,44009,407
2021-12-12,Stanislaus,099,539301,82168,82460,9317,91777,1282
2021-12-12,Sutter,101,95872,14398,14396,408,14804,189
2021-12-12,Tehama,103,63373,8873,8796,1543,10339,134
2021-12-12,Trinity,105,12862,910,820,220,1040,17
2021-12-12,Tulare,107,460477,71735,70733,16274,87007,1115
2021-12-12,Tuolumne,109,53932,7822,7794,112,7906,91
2021-12-12,Ventura,111,848112,101938,101105,4473,105578,1197
2021-12-12,Yolo,113,214977,20916,20685,1188,21873,267
2021-12-12,Yuba,115,75493,10638,10565,400,10965,92
2021-12-11,Alameda,001,1643700,124795,123572,2944,126516,1496
2021-12-11,Alpine,003,1148,107,109,0,109,0
2021-12-11,Amador,005,37829,5808,5787,72,5859,69
2021-12-11,Butte,007,227075,22095,21819,4017,25836,326
2021-12-11,Calaveras,009,45235,4530,4469,62,4531,89
2021-12-11,Colusa,011,21464,2640,2619,679,3298,21
2021-12-11,Contra Costa,013,1133247,103559,102618,2356,104974,1061
2021-12-11,Del Norte,015,27424,3806,3778,55,3833,42
2021-12-11,El Dorado,017,186661,17099,16796,1809,18605,170
2021-12-11,Fresno,019,978130,147815,145988,13221,159209,2294
2021-12-11,Glenn,021,27897,3610,3585,1047,4632,37
2021-12-11,Humboldt,023,135768,9893,9721,702,10423,118
2021-12-11,Imperial,025,180216,36304,35635,3796,39431,782
2021-12-11,Inyo,027,18085,2613,2576,39,2615,46
2021-12-11,Kern,029,883053,134253,132852,24188,157040,1854
2021-12-11,Kings,031,150075,33933,33530,2031,35561,371
2021-12-11,Lake,033,64148,7007,6932,160,7092,114
2021-12-11,Lassen,035,31185,7092,7049,425,7474,55
2021-12-11,Los Angeles,037,10098052,1489655,1474030,56681,1530711,27031
2021-12-11,Madera,039,155013,24674,24417,2330,26747,311
2021-12-11,Marin,041,260295,18573,18339,545,18884,249
2021-12-11,Mariposa,043,17540,1476,1450,61,1511,6
2021-12-11,Mendocino,045,87422,8277,8130,685,8815,95
2021-12-11,Merced,047,269075,43841,43690,2171,45861,681
2021-12-11,Modoc,049,8938,596,594,203,797,6
2021-12-11,Mono,051,14174,1955,1926,22,1948,4
2021-12-11,Monterey,053,433212,50489,49008,3318,52326,631
2021-12-11,Napa,055,140530,13570,13459,130,13589,107
2021-12-11,Nevada,057,99092,10011,9880,347,10227,106
2021-12-11,Orange,059,3164182,318923,315759,16343,332102,5805
2021-12-11,Placer,061,380077,39474,38959,3919,42878,481
2021-12-11,Plumas,063,18699,2001,1934,46,1980,12
2021-12-11,Riverside,065,2383286,381434,375649,16759,392408,5408
2021-12-11,Sacramento,067,1510023,167278,165530,5035,170565,2386
2021-12-11,San Benito,069,59416,7845,7808,183,7991,79
2021-12-11,San Bernardino,071,2135413,372784,368145,11871,380016,6007
2021-12-11,San Diego,073,3302833,396014,392274,23126,415400,4374
2021-12-11,San Francisco,075,870044,55844,54869,2451,57320,678
2021-12-11,San Joaquin,077,732212,103964,103013,5610,108623,1842
2021-12-11,San Luis Obispo,079,281455,31048,30567,1360,31927,362
2021-12-11,San Mateo,081,765935,56710,55284,997,56281,580
2021-12-11,Santa Barbara,083,443738,46810,46309,1630,47939,559
2021-12-11,Santa Clara,085,1922200,154753,152846,1697,154543,1941
2021-12-11,Santa Cruz,087,273765,21896,21557,1033,22590,225
2021-12-11,Shasta,089,179085,22834,22660,3718,26378,419
2021-12-11,Sierra,091,2930,201,199,21,220,0
2021-12-11,Siskiyou,093,43540,3489,3418,1360,4778,57
2021-12-11,Solano,095,438530,47660,46891,1356,48247,365
2021-12-11,Sonoma,097,501317,43781,43227,585,43812,407
2021-12-11,Stanislaus,099,539301,82119,82133,9308,91441,1264
2021-12-11,Sutter,101,95872,14389,14354,408,14762,187
2021-12-11,Tehama,103,63373,8870,8776,1541,10317,134
2021-12-11,Trinity,105,12862,910,819,220,1039,17
2021-12-11,Tulare,107,460477,71691,70523,16264,86787,1103
2021-12-11,Tuolumne,109,53932,7813,7760,112,7872,91
2021-12-11,Ventura,111,848112,101863,100711,4466,105177,1195
2021-12-11,Yolo,113,214977,20897,20608,1184,21792,267
2021-12-11,Yuba,115,75493,10626,10519,399,10918,92
2021-12-10,Alameda,001,1643700,124670,123572,2937,126509,1496
2021-12-10,Alpine,003,1148,106,109,0,109,0
2021-12-10,Amador,005,37829,5801,5787,72,5859,69
2021-12-10,Butte,007,227075,22082,21819,4015,25834,326
2021-12-10,Calaveras,009,45235,4527,4469,62,4531,89
2021-12-10,Colusa,011,21464,2639,2619,679,3298,21
2021-12-10,Contra Costa,013,1133247,103463,102618,2355,104973,1061
2021-12-10,Del Norte,015,27424,3806,3778,55,3833,42
2021-12-10,El Dorado,017,186661,17086,16796,1809,18605,170
2021-12-10,Fresno,019,978130,147727,145988,13210,159198,2294
2021-12-10,Glenn,021,27897,3610,3585,1047,4632,37
2021-12-10,Humboldt,023,135768,9876,9721,700,10421,118
2021-12-10,Imperial,025,180216,36249,35635,3781,39416,782
2021-12-10,Inyo,027,18085,2610,2576,39,2615,46
2021-12-10,Kern,029,883053,134164,132852,24164,157016,1854
2021-12-10,Kings,031,150075,33918,33530,2029,35559,371
2021-12-10,Lake,033,64148,7000,6932,160,7092,114
2021-12-10,Lassen,035,31185,7091,7049,425,7474,55
2021-12-10,Los Angeles,037,10098052,1488568,1474030,56594,1530624,27031
2021-12-10,Madera,039,155013,24656,24417,2328,26745,311
2021-12-10,Marin,041,260295,18551,18339,545,18884,249
2021-12-10,Mariposa,043,17540,1473,1450,61,1511,6
2021-12-10,Mendocino,045,87422,8270,8130,684,8814,95
2021-12-10,Merced,047,269075,43823,43690,2169,45859,681
2021-12-10,Modoc,049,8938,596,594,203,797,6
2021-12-10,Mono,051,14174,1952,1926,22,1948,4
2021-12-10,Monterey,053,433212,50452,49008,3312,52320,631
2021-12-10,Napa,055,140530,13558,13459,129,13588,107
2021-12-10,Nevada,057,99092,10002,9880,347,10227,106
2021-12-10,Orange,059,3164182,318651,315759,16311,332070,5805
2021-12-10,Placer,061,380077,39431,38959,3916,42875,481
2021-12-10,Plumas,063,18699,1999,1934,46,1980,12
2021-12-10,Riverside,065,2383286,381027,375649,16749,392398,5408
2021-12-10,Sacramento,067,1510023,167125,165530,5033,170563,2386
2021-12-10,San Benito,069,59416,7841,7808,183,7991,79
2021-12-10,San Bernardino,071,2135413,372414,368145,11848,379993,6007
2021-12-10,San Diego,073,3302833,395534,392274,23112,415386,4374
2021-12-10,San Francisco,075,870044,55759,54869,2445,57314,678
2021-12-10,San Joaquin,077,732212,103909,103013,5606,108619,1842
2021-12-10,San Luis Obispo,079,281455,31038,30567,1357,31924,362
2021-12-10,San Mateo,081,765935,56653,55284,994,56278,580
2021-12-10,Santa Barbara,083,443738,46774,46309,1629,47938,559
2021-12-10,Santa Clara,085,1922200,154583,152846,1684,154530,1941
2021-12-10,Santa Cruz,087,273765,21876,21557,1032,22589,225
2021-12-10,Shasta,089,179085,22823,22660,3715,26375,419
2021-12-10,Sierra,091,2930,201,199,21,220,0
2021-12-10,Siskiyou,093,43540,3482,3418,1360,4778,57
2021-12-10,Solano,095,438530,47618,46891,1352,48243,365
2021-12-10,Sonoma,097,501317,43747,43227,584,43811,407
2021-12-10,Stanislaus,099,539301,82053,82133,9302,91435,1264
2021-12-10,Sutter,101,95872,14381,14354,408,14762,187
2021-12-10,Tehama,103,63373,8868,8776,1539,10315,134
2021-12-10,Trinity,105,12862,910,819,220,1039,17
2021-12-10,Tulare,107,460477,71662,70523,16240,86763,1103
2021-12-10,Tuolumne,109,53932,7807,7760,112,7872,91
2021-12-10,Ventura,111,848112,101759,100711,4463,105174,1195
2021-12-10,Yolo,113,214977,20883,20608,1182,21790,267
2021-12-10,Yuba,115,75493,10614,10519,398,10917,92
2021-12-09,Alameda,001,1643700,124525,123572,2932,126504,1496
2021-12-09,Alpine,003,1148,106,109,0,109,0
2021-12-09,Amador,005,37829,5798,5787,71,5858,69
2021-12-09,Butte,007,227075,22062,21819,4011,25830,326
2021-12-09,Calaveras,009,45235,4518,4469,62,4531,89
2021-12-09,Colusa,011,21464,2637,2619,679,3298,21
2021-12-09,Contra Costa,013,1133247,103344,102618,2349,104967,1061
2021-12-09,Del Norte,015,27424,3805,3778,55,3833,42
2021-12-09,El Dorado,017,186661,17058,16796,1804,18600,170
2021-12-09,Fresno,019,978130,147581,145988,13198,159186,2294
2021-12-09,Glenn,021,27897,3610,3585,1047,4632,37
2021-12-09,Humboldt,023,135768,9853,9721,699,10420,118
2021-12-09,Imperial,025,180216,36178,35635,3752,39387,782
2021-12-09,Inyo,027,18085,2608,2576,39,2615,46
2021-12-09,Kern,029,883053,134038,132852,24131,156983,1854
2021-12-09,Kings,031,150075,33891,33530,2026,35556,371
2021-12-09,Lake,033,64148,6992,6932,160,7092,114
2021-12-09,Lassen,035,31185,7089,7049,425,7474,55
2021-12-09,Los Angeles,037,10098052,1487029,1474030,56508,1530538,27031
2021-12-09,Madera,039,155013,24631,24417,2325,26742,311
2021-12-09,Marin,041,260295,18537,18339,543,18882,249
2021-12-09,Mariposa,043,17540,1472,1450,61,1511,6
2021-12-09,Mendocino,045,87422,8257,8130,681,8811,95
2021-12-09,Merced,047,269075,43785,43690,2157,45847,681
2021-12-09,Modoc,049,8938,596,594,203,797,6
2021-12-09,Mono,051,14174,1948,1926,22,1948,4
2021-12-09,Monterey,053,433212,50405,49008,3301,52309,631
2021-12-09,Napa,055,140530,13538,13459,125,13584,107
2021-12-09,Nevada,057,99092,9983,9880,347,10227,106
2021-12-09,Orange,059,3164182,318318,315759,16272,332031,5805
2021-12-09,Placer,061,380077,39387,38959,3903,42862,481
2021-12-09,Plumas,063,18699,1991,1934,46,1980,12
2021-12-09,Riverside,065,2383286,380477,375649,16733,392382,5408
2021-12-09,Sacramento,067,1510023,166904,165530,5018,170548,2386
2021-12-09,San Benito,069,59416,7829,7808,182,7990,79
2021-12-09,San Bernardino,071,2135413,371905,368145,11824,379969,6007
2021-12-09,San Diego,073,3302833,394887,392274,23082,415356,4374
2021-12-09,San Francisco,075,870044,55674,54869,2438,57307,678
2021-12-09,San Joaquin,077,732212,103817,103013,5600,108613,1842
2021-12-09,San Luis Obispo,079,281455,31010,30567,1355,31922,362
2021-12-09,San Mateo,081,765935,56565,55284,992,56276,580
2021-12-09,Santa Barbara,083,443738,46694,46309,1623,47932,559
2021-12-09,Santa Clara,085,1922200,154368,152846,1673,154519,1941
2021-12-09,Santa Cruz,087,273765,21848,21557,1032,22589,225
2021-12-09,Shasta,089,179085,22807,22660,3714,26374,419
2021-12-09,Sierra,091,2930,201,199,21,220,0
2021-12-09,Siskiyou,093,43540,3478,3418,1359,4777,57
2021-12-09,Solano,095,438530,47581,46891,1350,48241,365
2021-12-09,Sonoma,097,501317,43690,43227,583,43810,407
2021-12-09,Stanislaus,099,539301,81983,82133,9287,91420,1264
2021-12-09,Sutter,101,95872,14366,14354,408,14762,187
2021-12-09,Tehama,103,63373,8861,8776,1537,10313,134
2021-12-09,Trinity,105,12862,910,819,220,1039,17
2021-12-09,Tulare,107,460477,71606,70523,16211,86734,1103
2021-12-09,Tuolumne,109,53932,7796,7760,112,7872,91
2021-12-09,Ventura,111,848112,101614,100711,4451,105162,1195
2021-12-09,Yolo,113,214977,20860,20608,1174,21782,267
2021-12-09,Yuba,115,75493,10606,10519,395,10914,92
2021-12-08,Alameda,001,1643700,124375,123438,2923,126361,1496
2021-12-08,Alpine,003,1148,106,108,0,108,0
2021-12-08,Amador,005,37829,5793,5781,71,5852,69
2021-12-08,Butte,007,227075,22045,21780,4008,25788,326
2021-12-08,Calaveras,009,45235,4510,4455,62,4517,89
2021-12-08,Colusa,011,21464,2634,2619,678,3297,21
2021-12-08,Contra Costa,013,1133247,103215,102506,2349,104855,1058
2021-12-08,Del Norte,015,27424,3804,3767,55,3822,42
2021-12-08,El Dorado,017,186661,17026,16757,1804,18561,170
2021-12-08,Fresno,019,978130,147420,145830,13184,159014,2293
2021-12-08,Glenn,021,27897,3610,3584,1043,4627,37
2021-12-08,Humboldt,023,135768,9831,9704,697,10401,117
2021-12-08,Imperial,025,180216,36098,35537,3721,39258,782
2021-12-08,Inyo,027,18085,2605,2570,39,2609,46
2021-12-08,Kern,029,883053,133915,132709,24083,156792,1846
2021-12-08,Kings,031,150075,33856,33468,2025,35493,371
2021-12-08,Lake,033,64148,6986,6927,159,7086,114
2021-12-08,Lassen,035,31185,7088,7041,423,7464,55
2021-12-08,Los Angeles,037,10098052,1485481,1472410,56397,1528807,27018
2021-12-08,Madera,039,155013,24610,24396,2318,26714,311
2021-12-08,Marin,041,260295,18516,18305,540,18845,249
2021-12-08,Mariposa,043,17540,1469,1447,61,1508,6
2021-12-08,Mendocino,045,87422,8244,8118,680,8798,95
2021-12-08,Merced,047,269075,43753,43631,2150,45781,680
2021-12-08,Modoc,049,8938,596,594,203,797,6
2021-12-08,Mono,051,14174,1942,1924,22,1946,4
2021-12-08,Monterey,053,433212,50340,48957,3286,52243,631
2021-12-08,Napa,055,140530,13524,13421,125,13546,107
2021-12-08,Nevada,057,99092,9967,9862,347,10209,106
2021-12-08,Orange,059,3164182,317969,315421,16235,331656,5795
2021-12-08,Placer,061,380077,39336,38934,3899,42833,478
2021-12-08,Plumas,063,18699,1989,1924,46,1970,12
2021-12-08,Riverside,065,2383286,379964,375099,16710,391809,5404
2021-12-08,Sacramento,067,1510023,166650,165278,4991,170269,2373
2021-12-08,San Benito,069,59416,7820,7793,182,7975,79
2021-12-08,San Bernardino,071,2135413,371428,367516,11799,379315,6006
2021-12-08,San Diego,073,3302833,394238,391676,23050,414726,4369
2021-12-08,San Francisco,075,870044,55587,54792,2430,57222,677
2021-12-08,San Joaquin,077,732212,103715,102877,5591,108468,1841
2021-12-08,San Luis Obispo,079,281455,30962,30519,1350,31869,361
2021-12-08,San Mateo,081,765935,56498,55220,986,56206,580
2021-12-08,Santa Barbara,083,443738,46639,46250,1620,47870,558
2021-12-08,Santa Clara,085,1922200,154204,152674,1662,154336,1937
2021-12-08,Santa Cruz,087,273765,21802,21505,1030,22535,224
2021-12-08,Shasta,089,179085,22787,22616,3708,26324,419
2021-12-08,Sierra,091,2930,201,199,21,220,0
2021-12-08,Siskiyou,093,43540,3477,3415,1357,4772,57
2021-12-08,Solano,095,438530,47551,46837,1349,48186,365
2021-12-08,Sonoma,097,501317,43628,43179,582,43761,405
2021-12-08,Stanislaus,099,539301,81901,82038,9274,91312,1264
2021-12-08,Sutter,101,95872,14350,14336,406,14742,187
2021-12-08,Tehama,103,63373,8852,8768,1537,10305,133
2021-12-08,Trinity,105,12862,910,818,220,1038,17
2021-12-08,Tulare,107,460477,71543,70472,16186,86658,1102
2021-12-08,Tuolumne,109,53932,7783,7749,112,7861,91
2021-12-08,Ventura,111,848112,101485,100647,4448,105095,1194
2021-12-08,Yolo,113,214977,20834,20575,1168,21743,267
2021-12-08,Yuba,115,75493,10592,10499,392,10891,92
2021-12-07,Alameda,001,1643700,124200,123325,2915,126240,1497
2021-12-07,Alpine,003,1148,106,108,0,108,0
2021-12-07,Amador,005,37829,5790,5778,70,5848,69
2021-12-07,Butte,007,227075,22020,21761,4002,25763,324
2021-12-07,Calaveras,009,45235,4493,4445,62,4507,88
2021-12-07,Colusa,011,21464,2632,2619,678,3297,21
2021-12-07,Contra Costa,013,1133247,103096,102421,2341,104762,1058
2021-12-07,Del Norte,015,27424,3803,3766,55,3821,42
2021-12-07,El Dorado,017,186661,17000,16742,1801,18543,170
2021-12-07,Fresno,019,978130,147272,145715,13170,158885,2289
2021-12-07,Glenn,021,27897,3609,3579,1043,4622,36
2021-12-07,Humboldt,023,135768,9805,9693,692,10385,117
2021-12-07,Imperial,025,180216,36020,35502,3700,39202,778
2021-12-07,Inyo,027,18085,2602,2567,39,2606,46
2021-12-07,Kern,029,883053,133755,132564,24030,156594,1838
2021-12-07,Kings,031,150075,33824,33441,2022,35463,372
2021-12-07,Lake,033,64148,6981,6925,159,7084,113
2021-12-07,Lassen,035,31185,7086,7040,422,7462,55
2021-12-07,Los Angeles,037,10098052,1483701,1470904,56296,1527200,27007
2021-12-07,Madera,039,155013,24587,24367,2311,26678,311
2021-12-07,Marin,041,260295,18483,18284,534,18818,249
2021-12-07,Mariposa,043,17540,1467,1446,61,1507,6
2021-12-07,Mendocino,045,87422,8225,8107,680,8787,95
2021-12-07,Merced,047,269075,43712,43600,2143,45743,675
2021-12-07,Modoc,049,8938,596,594,202,796,6
2021-12-07,Mono,051,14174,1940,1921,22,1943,4
2021-12-07,Monterey,053,433212,50257,48880,3269,52149,631
2021-12-07,Napa,055,140530,13506,13409,125,13534,107
2021-12-07,Nevada,057,99092,9952,9858,346,10204,105
2021-12-07,Orange,059,3164182,317636,315138,16186,331324,5784
2021-12-07,Placer,061,380077,39260,38860,3895,42755,474
2021-12-07,Plumas,063,18699,1985,1915,46,1961,12
2021-12-07,Riverside,065,2383286,379431,374552,16694,391246,5397
2021-12-07,Sacramento,067,1510023,166403,165148,4977,170125,2375
2021-12-07,San Benito,069,59416,7803,7776,182,7958,78
2021-12-07,San Bernardino,071,2135413,370841,366981,11781,378762,6007
2021-12-07,San Diego,073,3302833,393395,391110,23012,414122,4357
2021-12-07,San Francisco,075,870044,55476,54729,2425,57154,676
2021-12-07,San Joaquin,077,732212,103597,102797,5579,108376,1839
2021-12-07,San Luis Obispo,079,281455,30922,30495,1348,31843,361
2021-12-07,San Mateo,081,765935,56406,55163,980,56143,580
2021-12-07,Santa Barbara,083,443738,46567,46205,1618,47823,556
2021-12-07,Santa Clara,085,1922200,154018,152465,1653,154118,1941
2021-12-07,Santa Cruz,087,273765,21755,21493,1030,22523,224
2021-12-07,Shasta,089,179085,22765,22594,3705,26299,418
2021-12-07,Sierra,091,2930,201,199,21,220,0
2021-12-07,Siskiyou,093,43540,3475,3412,1357,4769,57
2021-12-07,Solano,095,438530,47511,46812,1347,48159,365
2021-12-07,Sonoma,097,501317,43554,43154,581,43735,405
2021-12-07,Stanislaus,099,539301,81824,81980,9263,91243,1258
2021-12-07,Sutter,101,95872,14342,14322,405,14727,186
2021-12-07,Tehama,103,63373,8844,8765,1536,10301,133
2021-12-07,Trinity,105,12862,910,818,220,1038,17
2021-12-07,Tulare,107,460477,71487,70411,16158,86569,1103
2021-12-07,Tuolumne,109,53932,7775,7743,112,7855,91
2021-12-07,Ventura,111,848112,101388,100569,4438,105007,1194
2021-12-07,Yolo,113,214977,20808,20560,1165,21725,263
2021-12-07,Yuba,115,75493,10574,10491,391,10882,91
2021-12-06,Alameda,001,1643700,124035,123227,2912,126139,1496
2021-12-06,Alpine,003,1148,106,108,0,108,0
2021-12-06,Amador,005,37829,5783,5769,69,5838,67
2021-12-06,Butte,007,227075,22002,21732,3999,25731,321
2021-12-06,Calaveras,009,45235,4486,4443,62,4505,88
2021-12-06,Colusa,011,21464,2631,2615,674,3289,21
2021-12-06,Contra Costa,013,1133247,102975,102327,2337,104664,1058
2021-12-06,Del Norte,015,27424,3801,3744,55,3799,42
2021-12-06,El Dorado,017,186661,16975,16726,1799,18525,168
2021-12-06,Fresno,019,978130,147074,145539,13160,158699,2285
2021-12-06,Glenn,021,27897,3606,3577,1042,4619,36
2021-12-06,Humboldt,023,135768,9785,9671,685,10356,117
2021-12-06,Imperial,025,180216,35939,35453,3682,39135,778
2021-12-06,Inyo,027,18085,2596,2562,38,2600,46
2021-12-06,Kern,029,883053,133568,132366,23974,156340,1835
2021-12-06,Kings,031,150075,33791,33399,2017,35416,368
2021-12-06,Lake,033,64148,6977,6922,159,7081,113
2021-12-06,Lassen,035,31185,7081,7032,420,7452,51
2021-12-06,Los Angeles,037,10098052,1482038,1470059,56204,1526263,26993
2021-12-06,Madera,039,155013,24560,24334,2308,26642,307
2021-12-06,Marin,041,260295,18455,18252,532,18784,249
2021-12-06,Mariposa,043,17540,1464,1443,61,1504,6
2021-12-06,Mendocino,045,87422,8212,8079,676,8755,95
2021-12-06,Merced,047,269075,43672,43549,2133,45682,672
2021-12-06,Modoc,049,8938,596,593,202,795,6
2021-12-06,Mono,051,14174,1935,1913,22,1935,4
2021-12-06,Monterey,053,433212,50180,48831,3250,52081,626
2021-12-06,Napa,055,140530,13483,13387,123,13510,107
2021-12-06,Nevada,057,99092,9924,9847,345,10192,105
2021-12-06,Orange,059,3164182,317255,314859,16144,331003,5771
2021-12-06,Placer,061,380077,39202,38785,3890,42675,473
2021-12-06,Plumas,063,18699,1977,1913,46,1959,10
2021-12-06,Riverside,065,2383286,378906,374116,16680,390796,5388
2021-12-06,Sacramento,067,1510023,166126,164926,4956,169882,2367
2021-12-06,San Benito,069,59416,7787,7755,182,7937,78
2021-12-06,San Bernardino,071,2135413,370280,366606,11754,378360,5998
2021-12-06,San Diego,073,3302833,392549,390389,22967,413356,4352
2021-12-06,San Francisco,075,870044,55368,54659,2420,57079,674
2021-12-06,San Joaquin,077,732212,103470,102728,5572,108300,1837
2021-12-06,San Luis Obispo,079,281455,30885,30464,1346,31810,361
2021-12-06,San Mateo,081,765935,56332,55112,977,56089,580
2021-12-06,Santa Barbara,083,443738,46474,46146,1617,47763,556
2021-12-06,Santa Clara,085,1922200,153809,152310,1636,153946,1937
2021-12-06,Santa Cruz,087,273765,21720,21450,1027,22477,224
2021-12-06,Shasta,089,179085,22742,22556,3697,26253,416
2021-12-06,Sierra,091,2930,200,198,21,219,0
2021-12-06,Siskiyou,093,43540,3473,3409,1352,4761,57
2021-12-06,Solano,095,438530,47466,46748,1346,48094,360
2021-12-06,Sonoma,097,501317,43484,43114,573,43687,405
2021-12-06,Stanislaus,099,539301,81730,81889,9229,91118,1241
2021-12-06,Sutter,101,95872,14330,14319,405,14724,186
2021-12-06,Tehama,103,63373,8836,8760,1536,10296,133
2021-12-06,Trinity,105,12862,910,815,219,1034,17
2021-12-06,Tulare,107,460477,71410,70285,16119,86404,1101
2021-12-06,Tuolumne,109,53932,7761,7726,112,7838,91
2021-12-06,Ventura,111,848112,101286,100426,4430,104856,1194
2021-12-06,Yolo,113,214977,20784,20548,1164,21712,263
2021-12-06,Yuba,115,75493,10559,10480,386,10866,91
2021-12-05,Alameda,001,1643700,123850,123104,2905,126009,1496
2021-12-05,Alpine,003,1148,105,108,0,108,0
2021-12-05,Amador,005,37829,5780,5761,69,5830,67
2021-12-05,Butte,007,227075,21969,21720,3993,25713,320
2021-12-05,Calaveras,009,45235,4469,4434,62,4496,88
2021-12-05,Colusa,011,21464,2630,2615,673,3288,21
2021-12-05,Contra Costa,013,1133247,102843,102251,2327,104578,1058
2021-12-05,Del Norte,015,27424,3799,3751,55,3806,42
2021-12-05,El Dorado,017,186661,16937,16717,1794,18511,168
2021-12-05,Fresno,019,978130,146900,145452,13139,158591,2284
2021-12-05,Glenn,021,27897,3604,3577,1041,4618,36
2021-12-05,Humboldt,023,135768,9755,9662,682,10344,117
2021-12-05,Imperial,025,180216,35845,35422,3653,39075,778
2021-12-05,Inyo,027,18085,2589,2559,38,2597,46
2021-12-05,Kern,029,883053,133404,132286,23922,156208,1833
2021-12-05,Kings,031,150075,33728,33360,2017,35377,369
2021-12-05,Lake,033,64148,6972,6919,158,7077,113
2021-12-05,Lassen,035,31185,7079,7031,420,7451,51
2021-12-05,Los Angeles,037,10098052,1480190,1468937,56066,1525003,26991
2021-12-05,Madera,039,155013,24519,24311,2305,26616,307
2021-12-05,Marin,041,260295,18408,18216,524,18740,249
2021-12-05,Mariposa,043,17540,1461,1440,60,1500,6
2021-12-05,Mendocino,045,87422,8193,8069,670,8739,95
2021-12-05,Merced,047,269075,43627,43534,2124,45658,672
2021-12-05,Modoc,049,8938,596,593,202,795,6
2021-12-05,Mono,051,14174,1928,1907,22,1929,4
2021-12-05,Monterey,053,433212,50108,48813,3218,52031,626
2021-12-05,Napa,055,140530,13457,13382,120,13502,107
2021-12-05,Nevada,057,99092,9903,9827,345,10172,105
2021-12-05,Orange,059,3164182,316820,314560,16102,330662,5771
2021-12-05,Placer,061,380077,39144,38738,3881,42619,473
2021-12-05,Plumas,063,18699,1973,1913,45,1958,9
2021-12-05,Riverside,065,2383286,378249,373827,16650,390477,5388
2021-12-05,Sacramento,067,1510023,165821,164721,4938,169659,2367
2021-12-05,San Benito,069,59416,7770,7748,181,7929,78
2021-12-05,San Bernardino,071,2135413,369574,366282,11707,377989,5998
2021-12-05,San Diego,073,3302833,391754,387979,22918,410897,4351
2021-12-05,San Francisco,075,870044,55267,54603,2418,57021,674
2021-12-05,San Joaquin,077,732212,103329,102698,5567,108265,1837
2021-12-05,San Luis Obispo,079,281455,30815,30454,1343,31797,360
2021-12-05,San Mateo,081,765935,56243,55050,967,56017,580
2021-12-05,Santa Barbara,083,443738,46391,46097,1609,47706,555
2021-12-05,Santa Clara,085,1922200,153556,152114,1617,153731,1933
2021-12-05,Santa Cruz,087,273765,21670,21424,1027,22451,224
2021-12-05,Shasta,089,179085,22685,22550,3696,26246,416
2021-12-05,Sierra,091,2930,200,198,21,219,0
2021-12-05,Siskiyou,093,43540,3471,3409,1351,4760,57
2021-12-05,Solano,095,438530,47403,46715,1344,48059,360
2021-12-05,Sonoma,097,501317,43407,43038,568,43606,405
2021-12-05,Stanislaus,099,539301,81597,81847,9219,91066,1241
2021-12-05,Sutter,101,95872,14307,14303,400,14703,186
2021-12-05,Tehama,103,63373,8828,8755,1534,10289,133
2021-12-05,Trinity,105,12862,909,815,219,1034,17
2021-12-05,Tulare,107,460477,71329,70254,16071,86325,1102
2021-12-05,Tuolumne,109,53932,7748,7718,112,7830,91
2021-12-05,Ventura,111,848112,101150,100367,4417,104784,1194
2021-12-05,Yolo,113,214977,20742,20512,1162,21674,263
2021-12-05,Yuba,115,75493,10546,10467,379,10846,91
2021-12-04,Alameda,001,1643700,123737,122508,2901,125409,1494
2021-12-04,Alpine,003,1148,105,108,0,108,0
2021-12-04,Amador,005,37829,5777,5729,69,5798,67
2021-12-04,Butte,007,227075,21950,21638,3989,25627,318
2021-12-04,Calaveras,009,45235,4461,4392,61,4453,88
2021-12-04,Colusa,011,21464,2630,2600,671,3271,21
2021-12-04,Contra Costa,013,1133247,102771,101824,2321,104145,1056
2021-12-04,Del Norte,015,27424,3796,3726,55,3781,42
2021-12-04,El Dorado,017,186661,16928,16621,1793,18414,168
2021-12-04,Fresno,019,978130,146811,144734,13130,157864,2270
2021-12-04,Glenn,021,27897,3604,3559,1041,4600,36
2021-12-04,Humboldt,023,135768,9740,9596,678,10274,117
2021-12-04,Imperial,025,180216,35792,35206,3640,38846,776
2021-12-04,Inyo,027,18085,2584,2538,38,2576,46
2021-12-04,Kern,029,883053,133324,131771,23899,155670,1817
2021-12-04,Kings,031,150075,33704,33183,2016,35199,367
2021-12-04,Lake,033,64148,6963,6903,158,7061,113
2021-12-04,Lassen,035,31185,7078,7014,418,7432,51
2021-12-04,Los Angeles,037,10098052,1479314,1463270,55989,1519259,26952
2021-12-04,Madera,039,155013,24505,24188,2301,26489,307
2021-12-04,Marin,041,260295,18387,18075,523,18598,249
2021-12-04,Mariposa,043,17540,1457,1421,60,1481,6
2021-12-04,Mendocino,045,87422,8188,7981,670,8651,91
2021-12-04,Merced,047,269075,43600,43337,2122,45459,671
2021-12-04,Modoc,049,8938,596,591,202,793,6
2021-12-04,Mono,051,14174,1928,1883,22,1905,4
2021-12-04,Monterey,053,433212,50076,48682,3211,51893,626
2021-12-04,Napa,055,140530,13447,13327,119,13446,106
2021-12-04,Nevada,057,99092,9895,9752,345,10097,105
2021-12-04,Orange,059,3164182,316589,313112,16076,329188,5748
2021-12-04,Placer,061,380077,39104,38460,3875,42335,473
2021-12-04,Plumas,063,18699,1970,1903,45,1948,7
2021-12-04,Riverside,065,2383286,377890,371768,16644,388412,5381
2021-12-04,Sacramento,067,1510023,165677,163900,4930,168830,2365
2021-12-04,San Benito,069,59416,7744,7688,181,7869,78
2021-12-04,San Bernardino,071,2135413,369185,364154,11694,375848,5983
2021-12-04,San Diego,073,3302833,391274,386710,22888,409598,4350
2021-12-04,San Francisco,075,870044,55199,54286,2415,56701,674
2021-12-04,San Joaquin,077,732212,103275,102286,5565,107851,1835
2021-12-04,San Luis Obispo,079,281455,30794,30318,1339,31657,360
2021-12-04,San Mateo,081,765935,56194,54774,964,55738,579
2021-12-04,Santa Barbara,083,443738,46346,45774,1609,47383,555
2021-12-04,Santa Clara,085,1922200,153402,151275,1603,152878,1928
2021-12-04,Santa Cruz,087,273765,21644,21286,1026,22312,224
2021-12-04,Shasta,089,179085,22668,22418,3694,26112,414
2021-12-04,Sierra,091,2930,200,196,21,217,0
2021-12-04,Siskiyou,093,43540,3469,3398,1351,4749,57
2021-12-04,Solano,095,438530,47383,46529,1343,47872,360
2021-12-04,Sonoma,097,501317,43362,42778,565,43343,405
2021-12-04,Stanislaus,099,539301,81526,81462,9212,90674,1231
2021-12-04,Sutter,101,95872,14299,14258,399,14657,186
2021-12-04,Tehama,103,63373,8826,8742,1534,10276,131
2021-12-04,Trinity,105,12862,908,801,219,1020,17
2021-12-04,Tulare,107,460477,71291,70014,16043,86057,1100
2021-12-04,Tuolumne,109,53932,7743,7676,112,7788,91
2021-12-04,Ventura,111,848112,101059,99751,4413,104164,1192
2021-12-04,Yolo,113,214977,20719,20442,1160,21602,261
2021-12-04,Yuba,115,75493,10535,10418,378,10796,91
2021-12-03,Alameda,001,1643700,123644,122508,2891,125399,1494
2021-12-03,Alpine,003,1148,105,108,0,108,0
2021-12-03,Amador,005,37829,5772,5729,68,5797,67
2021-12-03,Butte,007,227075,21937,21638,3984,25622,318
2021-12-03,Calaveras,009,45235,4452,4392,61,4453,88
2021-12-03,Colusa,011,21464,2628,2600,671,3271,21
2021-12-03,Contra Costa,013,1133247,102698,101824,2315,104139,1056
2021-12-03,Del Norte,015,27424,3794,3726,55,3781,42
2021-12-03,El Dorado,017,186661,16898,16621,1791,18412,168
2021-12-03,Fresno,019,978130,146697,144734,13127,157861,2270
2021-12-03,Glenn,021,27897,3603,3559,1040,4599,36
2021-12-03,Humboldt,023,135768,9723,9596,676,10272,117
2021-12-03,Imperial,025,180216,35750,35206,3610,38816,776
2021-12-03,Inyo,027,18085,2577,2538,38,2576,46
2021-12-03,Kern,029,883053,133252,131771,23864,155635,1817
2021-12-03,Kings,031,150075,33677,33183,2016,35199,367
2021-12-03,Lake,033,64148,6963,6903,158,7061,113
2021-12-03,Lassen,035,31185,7076,7014,417,7431,51
2021-12-03,Los Angeles,037,10098052,1478370,1463270,55910,1519180,26952
2021-12-03,Madera,039,155013,24479,24188,2297,26485,307
2021-12-03,Marin,041,260295,18354,18075,519,18594,249
2021-12-03,Mariposa,043,17540,1455,1421,60,1481,6
2021-12-03,Mendocino,045,87422,8181,7981,670,8651,91
2021-12-03,Merced,047,269075,43577,43337,2119,45456,671
2021-12-03,Modoc,049,8938,596,591,202,793,6
2021-12-03,Mono,051,14174,1922,1883,22,1905,4
2021-12-03,Monterey,053,433212,50037,48682,3200,51882,626
2021-12-03,Napa,055,140530,13435,13327,119,13446,106
2021-12-03,Nevada,057,99092,9884,9752,345,10097,105
2021-12-03,Orange,059,3164182,316318,313112,16044,329156,5748
2021-12-03,Placer,061,380077,39067,38460,3868,42328,473
2021-12-03,Plumas,063,18699,1967,1903,45,1948,7
2021-12-03,Riverside,065,2383286,377497,371768,16638,388406,5381
2021-12-03,Sacramento,067,1510023,165497,163900,4916,168816,2365
2021-12-03,San Benito,069,59416,7737,7688,181,7869,78
2021-12-03,San Bernardino,071,2135413,368738,364154,11683,375837,5983
2021-12-03,San Diego,073,3302833,390798,386710,22864,409574,4350
2021-12-03,San Francisco,075,870044,55129,54286,2411,56697,674
2021-12-03,San Joaquin,077,732212,103219,102286,5564,107850,1835
2021-12-03,San Luis Obispo,079,281455,30768,30318,1336,31654,360
2021-12-03,San Mateo,081,765935,56129,54774,961,55735,579
2021-12-03,Santa Barbara,083,443738,46310,45774,1609,47383,555
2021-12-03,Santa Clara,085,1922200,153220,151275,1588,152863,1928
2021-12-03,Santa Cruz,087,273765,21617,21286,1026,22312,224
2021-12-03,Shasta,089,179085,22653,22418,3694,26112,414
2021-12-03,Sierra,091,2930,200,196,21,217,0
2021-12-03,Siskiyou,093,43540,3466,3398,1349,4747,57
2021-12-03,Solano,095,438530,47341,46529,1342,47871,360
2021-12-03,Sonoma,097,501317,43326,42778,563,43341,405
2021-12-03,Stanislaus,099,539301,81469,81462,9203,90665,1231
2021-12-03,Sutter,101,95872,14286,14258,397,14655,186
2021-12-03,Tehama,103,63373,8825,8742,1533,10275,131
2021-12-03,Trinity,105,12862,908,801,219,1020,17
2021-12-03,Tulare,107,460477,71252,70014,16012,86026,1100
2021-12-03,Tuolumne,109,53932,7734,7676,112,7788,91
2021-12-03,Ventura,111,848112,100973,99751,4406,104157,1192
2021-12-03,Yolo,113,214977,20702,20442,1159,21601,261
2021-12-03,Yuba,115,75493,10527,10418,378,10796,91
2021-12-02,Alameda,001,1643700,123486,122508,2883,125391,1494
2021-12-02,Alpine,003,1148,105,108,0,108,0
2021-12-02,Amador,005,37829,5767,5729,67,5796,67
2021-12-02,Butte,007,227075,21912,21638,3979,25617,318
2021-12-02,Calaveras,009,45235,4442,4392,60,4452,88
2021-12-02,Colusa,011,21464,2627,2600,671,3271,21
2021-12-02,Contra Costa,013,1133247,102584,101824,2311,104135,1056
2021-12-02,Del Norte,015,27424,3786,3726,55,3781,42
2021-12-02,El Dorado,017,186661,16877,16621,1789,18410,168
2021-12-02,Fresno,019,978130,146528,144734,13115,157849,2270
2021-12-02,Glenn,021,27897,3603,3559,1037,4596,36
2021-12-02,Humboldt,023,135768,9704,9596,675,10271,117
2021-12-02,Imperial,025,180216,35682,35206,3588,38794,776
2021-12-02,Inyo,027,18085,2572,2538,38,2576,46
2021-12-02,Kern,029,883053,133081,131771,23812,155583,1817
2021-12-02,Kings,031,150075,33624,33183,2014,35197,367
2021-12-02,Lake,033,64148,6959,6903,158,7061,113
2021-12-02,Lassen,035,31185,7072,7014,417,7431,51
2021-12-02,Los Angeles,037,10098052,1476847,1463270,55822,1519092,26952
2021-12-02,Madera,039,155013,24442,24188,2288,26476,307
2021-12-02,Marin,041,260295,18323,18075,515,18590,249
2021-12-02,Mariposa,043,17540,1453,1421,60,1481,6
2021-12-02,Mendocino,045,87422,8165,7981,669,8650,91
2021-12-02,Merced,047,269075,43531,43337,2114,45451,671
2021-12-02,Modoc,049,8938,595,591,202,793,6
2021-12-02,Mono,051,14174,1916,1883,22,1905,4
2021-12-02,Monterey,053,433212,49961,48682,3178,51860,626
2021-12-02,Napa,055,140530,13422,13327,119,13446,106
2021-12-02,Nevada,057,99092,9866,9752,344,10096,105
2021-12-02,Orange,059,3164182,315973,313112,16007,329119,5748
2021-12-02,Placer,061,380077,39001,38460,3863,42323,473
2021-12-02,Plumas,063,18699,1964,1903,45,1948,7
2021-12-02,Riverside,065,2383286,376971,371768,16628,388396,5381
2021-12-02,Sacramento,067,1510023,165269,163900,4906,168806,2365
2021-12-02,San Benito,069,59416,7717,7688,181,7869,78
2021-12-02,San Bernardino,071,2135413,368191,364154,11663,375817,5983
2021-12-02,San Diego,073,3302833,390157,386710,22809,409519,4350
2021-12-02,San Francisco,075,870044,55034,54286,2406,56692,674
2021-12-02,San Joaquin,077,732212,103105,102286,5559,107845,1835
2021-12-02,San Luis Obispo,079,281455,30734,30318,1329,31647,360
2021-12-02,San Mateo,081,765935,56048,54774,953,55727,579
2021-12-02,Santa Barbara,083,443738,46229,45774,1606,47380,555
2021-12-02,Santa Clara,085,1922200,152974,151275,1571,152846,1928
2021-12-02,Santa Cruz,087,273765,21566,21286,1025,22311,224
2021-12-02,Shasta,089,179085,22620,22418,3693,26111,414
2021-12-02,Sierra,091,2930,200,196,21,217,0
2021-12-02,Siskiyou,093,43540,3465,3398,1342,4740,57
2021-12-02,Solano,095,438530,47291,46529,1340,47869,360
2021-12-02,Sonoma,097,501317,43252,42778,563,43341,405
2021-12-02,Stanislaus,099,539301,81377,81462,9195,90657,1231
2021-12-02,Sutter,101,95872,14273,14258,394,14652,186
2021-12-02,Tehama,103,63373,8818,8742,1531,10273,131
2021-12-02,Trinity,105,12862,908,801,219,1020,17
2021-12-02,Tulare,107,460477,71165,70014,15962,85976,1100
2021-12-02,Tuolumne,109,53932,7719,7676,111,7787,91
2021-12-02,Ventura,111,848112,100848,99751,4404,104155,1192
2021-12-02,Yolo,113,214977,20678,20442,1155,21597,261
2021-12-02,Yuba,115,75493,10511,10418,375,10793,91
2021-12-01,Alameda,001,1643700,123335,122298,2873,125171,1492
2021-12-01,Alpine,003,1148,105,108,0,108,0
2021-12-01,Amador,005,37829,5760,5723,67,5790,67
2021-12-01,Butte,007,227075,21894,21600,3974,25574,318
2021-12-01,Calaveras,009,45235,4437,4371,60,4431,88
2021-12-01,Colusa,011,21464,2620,2595,669,3264,20
2021-12-01,Contra Costa,013,1133247,102476,101651,2301,103952,1048
2021-12-01,Del Norte,015,27424,3784,3722,55,3777,42
2021-12-01,El Dorado,017,186661,16856,16575,1787,18362,166
2021-12-01,Fresno,019,978130,146321,144507,13107,157614,2264
2021-12-01,Glenn,021,27897,3596,3556,1036,4592,36
2021-12-01,Humboldt,023,135768,9680,9573,670,10243,117
2021-12-01,Imperial,025,180216,35602,35085,3561,38646,776
2021-12-01,Inyo,027,18085,2568,2533,38,2571,46
2021-12-01,Kern,029,883053,132934,131580,23757,155337,1804
2021-12-01,Kings,031,150075,33574,33112,2013,35125,364
2021-12-01,Lake,033,64148,6951,6896,157,7053,112
2021-12-01,Lassen,035,31185,7067,7008,415,7423,51
2021-12-01,Los Angeles,037,10098052,1475256,1461394,55727,1517121,26928
2021-12-01,Madera,039,155013,24411,24134,2279,26413,307
2021-12-01,Marin,041,260295,18285,18038,509,18547,249
2021-12-01,Mariposa,043,17540,1449,1415,60,1475,6
2021-12-01,Mendocino,045,87422,8151,7966,664,8630,90
2021-12-01,Merced,047,269075,43475,43259,2093,45352,670
2021-12-01,Modoc,049,8938,595,576,202,778,5
2021-12-01,Mono,051,14174,1911,1876,22,1898,4
2021-12-01,Monterey,053,433212,49912,48611,3169,51780,626
2021-12-01,Napa,055,140530,13405,13319,116,13435,107
2021-12-01,Nevada,057,99092,9853,9706,344,10050,105
2021-12-01,Orange,059,3164182,315608,312772,15970,328742,5735
2021-12-01,Placer,061,380077,38946,38373,3857,42230,472
2021-12-01,Plumas,063,18699,1960,1893,45,1938,7
2021-12-01,Riverside,065,2383286,376446,371189,16611,387800,5369
2021-12-01,Sacramento,067,1510023,165056,163616,4889,168505,2360
2021-12-01,San Benito,069,59416,7703,7669,181,7850,78
2021-12-01,San Bernardino,071,2135413,367601,363368,11637,375005,5973
2021-12-01,San Diego,073,3302833,389360,386056,22753,408809,4346
2021-12-01,San Francisco,075,870044,54952,54199,2399,56598,672
2021-12-01,San Joaquin,077,732212,102997,102109,5558,107667,1834
2021-12-01,San Luis Obispo,079,281455,30692,30238,1325,31563,360
2021-12-01,San Mateo,081,765935,55967,54711,950,55661,579
2021-12-01,Santa Barbara,083,443738,46159,45681,1604,47285,554
2021-12-01,Santa Clara,085,1922200,152754,150961,1554,152515,1925
2021-12-01,Santa Cruz,087,273765,21537,21191,1024,22215,224
2021-12-01,Shasta,089,179085,22589,22375,3687,26062,410
2021-12-01,Sierra,091,2930,200,195,21,216,0
2021-12-01,Siskiyou,093,43540,3462,3391,1342,4733,55
2021-12-01,Solano,095,438530,47246,46485,1340,47825,360
2021-12-01,Sonoma,097,501317,43176,42713,562,43275,405
2021-12-01,Stanislaus,099,539301,81284,81330,9182,90512,1231
2021-12-01,Sutter,101,95872,14258,14229,393,14622,186
2021-12-01,Tehama,103,63373,8808,8728,1531,10259,130
2021-12-01,Trinity,105,12862,903,801,219,1020,17
2021-12-01,Tulare,107,460477,71089,69953,15922,85875,1098
2021-12-01,Tuolumne,109,53932,7711,7655,111,7766,91
2021-12-01,Ventura,111,848112,100742,99680,4393,104073,1191
2021-12-01,Yolo,113,214977,20650,20393,1155,21548,260
2021-12-01,Yuba,115,75493,10500,10401,375,10776,89
2021-11-30,Alameda,001,1643700,123164,122196,2864,125060,1489
2021-11-30,Alpine,003,1148,105,108,0,108,0
2021-11-30,Amador,005,37829,5752,5716,67,5783,66
2021-11-30,Butte,007,227075,21865,21565,3963,25528,318
2021-11-30,Calaveras,009,45235,4419,4360,60,4420,88
2021-11-30,Colusa,011,21464,2619,2592,669,3261,21
2021-11-30,Contra Costa,013,1133247,102340,101538,2294,103832,1046
2021-11-30,Del Norte,015,27424,3778,3718,55,3773,42
2021-11-30,El Dorado,017,186661,16828,16558,1781,18339,166
2021-11-30,Fresno,019,978130,146121,144384,13099,157483,2259
2021-11-30,Glenn,021,27897,3592,3555,1035,4590,36
2021-11-30,Humboldt,023,135768,9649,9539,664,10203,116
2021-11-30,Imperial,025,180216,35494,34999,3534,38533,773
2021-11-30,Inyo,027,18085,2559,2530,38,2568,46
2021-11-30,Kern,029,883053,132763,131451,23700,155151,1799
2021-11-30,Kings,031,150075,33522,33074,2009,35083,362
2021-11-30,Lake,033,64148,6945,6892,155,7047,110
2021-11-30,Lassen,035,31185,7063,7003,414,7417,51
2021-11-30,Los Angeles,037,10098052,1473453,1460177,55627,1515804,26913
2021-11-30,Madera,039,155013,24377,24108,2274,26382,307
2021-11-30,Marin,041,260295,18241,18010,507,18517,249
2021-11-30,Mariposa,043,17540,1443,1412,60,1472,6
2021-11-30,Mendocino,045,87422,8122,7960,658,8618,89
2021-11-30,Merced,047,269075,43407,43200,2085,45285,668
2021-11-30,Modoc,049,8938,594,576,202,778,5
2021-11-30,Mono,051,14174,1908,1873,22,1895,4
2021-11-30,Monterey,053,433212,49849,48581,3159,51740,626
2021-11-30,Napa,055,140530,13385,13308,116,13424,105
2021-11-30,Nevada,057,99092,9837,9699,343,10042,105
2021-11-30,Orange,059,3164182,315187,312451,15928,328379,5724
2021-11-30,Placer,061,380077,38843,38324,3849,42173,470
2021-11-30,Plumas,063,18699,1955,1887,44,1931,7
2021-11-30,Riverside,065,2383286,375760,370739,16586,387325,5358
2021-11-30,Sacramento,067,1510023,164776,163420,4867,168287,2353
2021-11-30,San Benito,069,59416,7681,7645,180,7825,78
2021-11-30,San Bernardino,071,2135413,366921,363006,11614,374620,5967
2021-11-30,San Diego,073,3302833,388432,385405,22706,408111,4340
2021-11-30,San Francisco,075,870044,54846,54147,2390,56537,672
2021-11-30,San Joaquin,077,732212,102871,101972,5550,107522,1834
2021-11-30,San Luis Obispo,079,281455,30667,30200,1323,31523,360
2021-11-30,San Mateo,081,765935,55862,54656,940,55596,579
2021-11-30,Santa Barbara,083,443738,46063,45628,1598,47226,553
2021-11-30,Santa Clara,085,1922200,152495,150799,1536,152335,1929
2021-11-30,Santa Cruz,087,273765,21479,21169,1020,22189,224
2021-11-30,Shasta,089,179085,22559,22347,3684,26031,401
2021-11-30,Sierra,091,2930,197,195,21,216,0
2021-11-30,Siskiyou,093,43540,3458,3385,1339,4724,55
2021-11-30,Solano,095,438530,47183,46434,1334,47768,358
2021-11-30,Sonoma,097,501317,43097,42663,560,43223,405
2021-11-30,Stanislaus,099,539301,81184,81276,9155,90431,1227
2021-11-30,Sutter,101,95872,14247,14210,390,14600,186
2021-11-30,Tehama,103,63373,8801,8727,1530,10257,130
2021-11-30,Trinity,105,12862,902,799,219,1018,17
2021-11-30,Tulare,107,460477,71002,69900,15877,85777,1099
2021-11-30,Tuolumne,109,53932,7696,7643,111,7754,91
2021-11-30,Ventura,111,848112,100588,99601,4382,103983,1191
2021-11-30,Yolo,113,214977,20608,20376,1149,21525,260
2021-11-30,Yuba,115,75493,10481,10398,370,10768,89
2021-11-29,Alameda,001,1643700,123007,122136,2855,124991,1489
2021-11-29,Alpine,003,1148,105,108,0,108,0
2021-11-29,Amador,005,37829,5745,5706,67,5773,66
2021-11-29,Butte,007,227075,21834,21544,3955,25499,314
2021-11-29,Calaveras,009,45235,4403,4353,60,4413,88
2021-11-29,Colusa,011,21464,2617,2585,666,3251,20
2021-11-29,Contra Costa,013,1133247,102191,101441,2286,103727,1046
2021-11-29,Del Norte,015,27424,3775,3704,55,3759,42
2021-11-29,El Dorado,017,186661,16810,16534,1776,18310,166
2021-11-29,Fresno,019,978130,145915,144282,13076,157358,2254
2021-11-29,Glenn,021,27897,3589,3555,1034,4589,36
2021-11-29,Humboldt,023,135768,9632,9514,657,10171,115
2021-11-29,Imperial,025,180216,35429,34960,3513,38473,773
2021-11-29,Inyo,027,18085,2554,2529,38,2567,46
2021-11-29,Kern,029,883053,132579,131362,23659,155021,1789
2021-11-29,Kings,031,150075,33469,33059,2005,35064,363
2021-11-29,Lake,033,64148,6933,6889,155,7044,110
2021-11-29,Lassen,035,31185,7060,7003,412,7415,51
2021-11-29,Los Angeles,037,10098052,1471607,1459446,55541,1514987,26889
2021-11-29,Madera,039,155013,24341,24069,2266,26335,307
2021-11-29,Marin,041,260295,18194,17980,502,18482,249
2021-11-29,Mariposa,043,17540,1435,1409,60,1469,6
2021-11-29,Mendocino,045,87422,8105,7954,654,8608,89
2021-11-29,Merced,047,269075,43333,43167,2077,45244,667
2021-11-29,Modoc,049,8938,593,569,202,771,5
2021-11-29,Mono,051,14174,1891,1859,22,1881,4
2021-11-29,Monterey,053,433212,49788,48548,3143,51691,626
2021-11-29,Napa,055,140530,13375,13304,116,13420,104
2021-11-29,Nevada,057,99092,9823,9689,343,10032,105
2021-11-29,Orange,059,3164182,314784,312203,15882,328085,5709
2021-11-29,Placer,061,380077,38778,38261,3844,42105,470
2021-11-29,Plumas,063,18699,1952,1884,44,1928,7
2021-11-29,Riverside,065,2383286,375222,370334,16575,386909,5358
2021-11-29,Sacramento,067,1510023,164529,163282,4835,168117,2342
2021-11-29,San Benito,069,59416,7662,7631,179,7810,77
2021-11-29,San Bernardino,071,2135413,366321,362694,11580,374274,5962
2021-11-29,San Diego,073,3302833,387544,384853,22672,407525,4335
2021-11-29,San Francisco,075,870044,54747,54125,2386,56511,669
2021-11-29,San Joaquin,077,732212,102732,101927,5543,107470,1834
2021-11-29,San Luis Obispo,079,281455,30633,30165,1319,31484,359
2021-11-29,San Mateo,081,765935,55759,54622,936,55558,579
2021-11-29,Santa Barbara,083,443738,45966,45576,1594,47170,549
2021-11-29,Santa Clara,085,1922200,152221,150620,1530,152150,1925
2021-11-29,Santa Cruz,087,273765,21441,21149,1019,22168,224
2021-11-29,Shasta,089,179085,22524,22315,3680,25995,399
2021-11-29,Sierra,091,2930,197,195,21,216,0
2021-11-29,Siskiyou,093,43540,3455,3374,1332,4706,55
2021-11-29,Solano,095,438530,47131,46412,1332,47744,357
2021-11-29,Sonoma,097,501317,43020,42624,557,43181,405
2021-11-29,Stanislaus,099,539301,81102,81227,9137,90364,1223
2021-11-29,Sutter,101,95872,14231,14204,387,14591,186
2021-11-29,Tehama,103,63373,8796,8720,1525,10245,130
2021-11-29,Trinity,105,12862,897,798,219,1017,17
2021-11-29,Tulare,107,460477,70922,69850,15843,85693,1096
2021-11-29,Tuolumne,109,53932,7683,7627,111,7738,90
2021-11-29,Ventura,111,848112,100468,99520,4373,103893,1190
2021-11-29,Yolo,113,214977,20563,20344,1147,21491,257
2021-11-29,Yuba,115,75493,10464,10395,369,10764,89
2021-11-28,Alameda,001,1643700,122788,122082,2849,124931,1491
2021-11-28,Alpine,003,1148,105,108,0,108,0
2021-11-28,Amador,005,37829,5735,5703,67,5770,66
2021-11-28,Butte,007,227075,21793,21530,3953,25483,313
2021-11-28,Calaveras,009,45235,4382,4350,60,4410,88
2021-11-28,Colusa,011,21464,2613,2586,665,3251,19
2021-11-28,Contra Costa,013,1133247,102018,101355,2276,103631,1046
2021-11-28,Del Norte,015,27424,3770,3703,55,3758,42
2021-11-28,El Dorado,017,186661,16769,16527,1775,18302,166
2021-11-28,Fresno,019,978130,145669,144164,13050,157214,2252
2021-11-28,Glenn,021,27897,3586,3547,1032,4579,36
2021-11-28,Humboldt,023,135768,9600,9499,653,10152,115
2021-11-28,Imperial,025,180216,35321,34929,3489,38418,773
2021-11-28,Inyo,027,18085,2547,2531,38,2569,46
2021-11-28,Kern,029,883053,132373,131279,23602,154881,1789
2021-11-28,Kings,031,150075,33396,33057,1999,35056,364
2021-11-28,Lake,033,64148,6923,6885,154,7039,110
2021-11-28,Lassen,035,31185,7051,7002,408,7410,51
2021-11-28,Los Angeles,037,10098052,1469436,1458646,55455,1514101,26878
2021-11-28,Madera,039,155013,24293,24055,2259,26314,307
2021-11-28,Marin,041,260295,18146,17962,498,18460,249
2021-11-28,Mariposa,043,17540,1431,1406,60,1466,6
2021-11-28,Mendocino,045,87422,8075,7943,649,8592,89
2021-11-28,Merced,047,269075,43267,43166,2062,45228,667
2021-11-28,Modoc,049,8938,592,569,202,771,5
2021-11-28,Mono,051,14174,1885,1841,22,1863,4
2021-11-28,Monterey,053,433212,49723,48537,3124,51661,626
2021-11-28,Napa,055,140530,13362,13303,116,13419,104
2021-11-28,Nevada,057,99092,9797,9684,342,10026,105
2021-11-28,Orange,059,3164182,314398,312028,15840,327868,5693
2021-11-28,Placer,061,380077,38696,38240,3825,42065,470
2021-11-28,Plumas,063,18699,1946,1884,43,1927,7
2021-11-28,Riverside,065,2383286,374561,370051,16553,386604,5358
2021-11-28,Sacramento,067,1510023,164172,163170,4812,167982,2335
2021-11-28,San Benito,069,59416,7643,7623,178,7801,77
2021-11-28,San Bernardino,071,2135413,365585,362407,11552,373959,5958
2021-11-28,San Diego,073,3302833,386655,383025,22608,405633,4325
2021-11-28,San Francisco,075,870044,54671,54082,2381,56463,669
2021-11-28,San Joaquin,077,732212,102551,101895,5526,107421,1834
2021-11-28,San Luis Obispo,079,281455,30570,30152,1315,31467,358
2021-11-28,San Mateo,081,765935,55665,54567,932,55499,579
2021-11-28,Santa Barbara,083,443738,45887,45551,1583,47134,549
2021-11-28,Santa Clara,085,1922200,151920,150436,1515,151951,1920
2021-11-28,Santa Cruz,087,273765,21370,21110,1018,22128,224
2021-11-28,Shasta,089,179085,22485,22316,3678,25994,400
2021-11-28,Sierra,091,2930,197,195,21,216,0
2021-11-28,Siskiyou,093,43540,3449,3372,1328,4700,55
2021-11-28,Solano,095,438530,47069,46385,1331,47716,356
2021-11-28,Sonoma,097,501317,42934,42583,554,43137,405
2021-11-28,Stanislaus,099,539301,80983,81181,9115,90296,1223
2021-11-28,Sutter,101,95872,14209,14192,381,14573,186
2021-11-28,Tehama,103,63373,8788,8720,1521,10241,130
2021-11-28,Trinity,105,12862,896,797,219,1016,17
2021-11-28,Tulare,107,460477,70825,69833,15791,85624,1095
2021-11-28,Tuolumne,109,53932,7662,7620,111,7731,90
2021-11-28,Ventura,111,848112,100312,99486,4362,103848,1190
2021-11-28,Yolo,113,214977,20521,20333,1146,21479,257
2021-11-28,Yuba,115,75493,10446,10391,367,10758,89
2021-11-27,Alameda,001,1643700,122690,121618,2846,124464,1477
2021-11-27,Alpine,003,1148,105,106,0,106,0
2021-11-27,Amador,005,37829,5734,5670,67,5737,66
2021-11-27,Butte,007,227075,21770,21384,3948,25332,309
2021-11-27,Calaveras,009,45235,4376,4294,60,4354,85
2021-11-27,Colusa,011,21464,2612,2568,663,3231,19
2021-11-27,Contra Costa,013,1133247,101933,100961,2275,103236,1045
2021-11-27,Del Norte,015,27424,3763,3661,55,3716,42
2021-11-27,El Dorado,017,186661,16735,16399,1774,18173,161
2021-11-27,Fresno,019,978130,145557,143386,13044,156430,2246
2021-11-27,Glenn,021,27897,3582,3532,1031,4563,36
2021-11-27,Humboldt,023,135768,9572,9399,651,10050,115
2021-11-27,Imperial,025,180216,35239,34611,3473,38084,769
2021-11-27,Inyo,027,18085,2544,2506,38,2544,45
2021-11-27,Kern,029,883053,132289,130245,23573,153818,1773
2021-11-27,Kings,031,150075,33374,32891,1996,34887,358
2021-11-27,Lake,033,64148,6920,6836,153,6989,110
2021-11-27,Lassen,035,31185,7049,6959,407,7366,47
2021-11-27,Los Angeles,037,10098052,1468430,1454495,55385,1509880,26817
2021-11-27,Madera,039,155013,24272,23880,2254,26134,296
2021-11-27,Marin,041,260295,18107,17857,493,18350,248
2021-11-27,Mariposa,043,17540,1429,1374,60,1434,6
2021-11-27,Mendocino,045,87422,8056,7871,649,8520,89
2021-11-27,Merced,047,269075,43232,42921,2059,44980,664
2021-11-27,Modoc,049,8938,590,551,202,753,5
2021-11-27,Mono,051,14174,1883,1810,22,1832,4
2021-11-27,Monterey,053,433212,49690,48400,3110,51510,625
2021-11-27,Napa,055,140530,13348,13256,116,13372,104
2021-11-27,Nevada,057,99092,9775,9584,341,9925,103
2021-11-27,Orange,059,3164182,314147,310809,15804,326613,5665
2021-11-27,Placer,061,380077,38635,38001,3819,41820,468
2021-11-27,Plumas,063,18699,1942,1860,43,1903,7
2021-11-27,Riverside,065,2383286,374203,367601,16546,384147,5306
2021-11-27,Sacramento,067,1510023,164014,162328,4809,167137,2335
2021-11-27,San Benito,069,59416,7627,7575,178,7753,77
2021-11-27,San Bernardino,071,2135413,365151,360033,11543,371576,5932
2021-11-27,San Diego,073,3302833,386160,382634,22582,405216,4319
2021-11-27,San Francisco,075,870044,54621,53830,2378,56208,669
2021-11-27,San Joaquin,077,732212,102484,101368,5523,106891,1833
2021-11-27,San Luis Obispo,079,281455,30535,29983,1311,31294,358
2021-11-27,San Mateo,081,765935,55608,54360,929,55289,577
2021-11-27,Santa Barbara,083,443738,45833,45318,1581,46899,548
2021-11-27,Santa Clara,085,1922200,151713,149700,1508,151208,1922
2021-11-27,Santa Cruz,087,273765,21330,20929,1015,21944,222
2021-11-27,Shasta,089,179085,22462,22151,3677,25828,396
2021-11-27,Sierra,091,2930,196,194,21,215,0
2021-11-27,Siskiyou,093,43540,3446,3336,1326,4662,54
2021-11-27,Solano,095,438530,47033,46163,1328,47491,356
2021-11-27,Sonoma,097,501317,42871,42368,554,42922,405
2021-11-27,Stanislaus,099,539301,80915,80782,9098,89880,1220
2021-11-27,Sutter,101,95872,14201,14127,380,14507,181
2021-11-27,Tehama,103,63373,8786,8675,1520,10195,129
2021-11-27,Trinity,105,12862,896,789,219,1008,17
2021-11-27,Tulare,107,460477,70773,69377,15775,85152,1082
2021-11-27,Tuolumne,109,53932,7649,7574,111,7685,90
2021-11-27,Ventura,111,848112,100239,99163,4355,103518,1188
2021-11-27,Yolo,113,214977,20500,20237,1137,21374,257
2021-11-27,Yuba,115,75493,10435,10335,367,10702,88
2021-11-26,Alameda,001,1643700,122579,121618,2844,124462,1477
2021-11-26,Alpine,003,1148,105,106,0,106,0
2021-11-26,Amador,005,37829,5730,5670,67,5737,66
2021-11-26,Butte,007,227075,21746,21384,3943,25327,309
2021-11-26,Calaveras,009,45235,4367,4294,60,4354,85
2021-11-26,Colusa,011,21464,2610,2568,662,3230,19
2021-11-26,Contra Costa,013,1133247,101845,100961,2271,103232,1045
2021-11-26,Del Norte,015,27424,3760,3661,55,3716,42
2021-11-26,El Dorado,017,186661,16718,16399,1771,18170,161
2021-11-26,Fresno,019,978130,145425,143386,13034,156420,2246
2021-11-26,Glenn,021,27897,3579,3532,1031,4563,36
2021-11-26,Humboldt,023,135768,9553,9399,647,10046,115
2021-11-26,Imperial,025,180216,35182,34611,3460,38071,769
2021-11-26,Inyo,027,18085,2544,2506,38,2544,45
2021-11-26,Kern,029,883053,132206,130245,23529,153774,1773
2021-11-26,Kings,031,150075,33350,32891,1994,34885,358
2021-11-26,Lake,033,64148,6918,6836,153,6989,110
2021-11-26,Lassen,035,31185,7043,6959,407,7366,47
2021-11-26,Los Angeles,037,10098052,1467582,1454495,55324,1509819,26817
2021-11-26,Madera,039,155013,24245,23880,2252,26132,296
2021-11-26,Marin,041,260295,18078,17857,493,18350,248
2021-11-26,Mariposa,043,17540,1423,1374,59,1433,6
2021-11-26,Mendocino,045,87422,8046,7871,649,8520,89
2021-11-26,Merced,047,269075,43202,42921,2055,44976,664
2021-11-26,Modoc,049,8938,588,551,202,753,5
2021-11-26,Mono,051,14174,1872,1810,22,1832,4
2021-11-26,Monterey,053,433212,49647,48400,3103,51503,625
2021-11-26,Napa,055,140530,13332,13256,116,13372,104
2021-11-26,Nevada,057,99092,9763,9584,341,9925,103
2021-11-26,Orange,059,3164182,313878,310809,15772,326581,5665
2021-11-26,Placer,061,380077,38590,38001,3811,41812,468
2021-11-26,Plumas,063,18699,1937,1860,43,1903,7
2021-11-26,Riverside,065,2383286,373802,367601,16539,384140,5306
2021-11-26,Sacramento,067,1510023,163901,162328,4804,167132,2335
2021-11-26,San Benito,069,59416,7619,7575,178,7753,77
2021-11-26,San Bernardino,071,2135413,364721,360033,11536,371569,5932
2021-11-26,San Diego,073,3302833,385615,382634,22570,405204,4319
2021-11-26,San Francisco,075,870044,54574,53830,2376,56206,669
2021-11-26,San Joaquin,077,732212,102427,101368,5522,106890,1833
2021-11-26,San Luis Obispo,079,281455,30493,29983,1308,31291,358
2021-11-26,San Mateo,081,765935,55544,54360,928,55288,577
2021-11-26,Santa Barbara,083,443738,45786,45318,1580,46898,548
2021-11-26,Santa Clara,085,1922200,151544,149700,1500,151200,1922
2021-11-26,Santa Cruz,087,273765,21290,20929,1015,21944,222
2021-11-26,Shasta,089,179085,22442,22151,3675,25826,396
2021-11-26,Sierra,091,2930,196,194,21,215,0
2021-11-26,Siskiyou,093,43540,3443,3336,1325,4661,54
2021-11-26,Solano,095,438530,46992,46163,1327,47490,356
2021-11-26,Sonoma,097,501317,42821,42368,552,42920,405
2021-11-26,Stanislaus,099,539301,80842,80782,9087,89869,1220
2021-11-26,Sutter,101,95872,14188,14127,379,14506,181
2021-11-26,Tehama,103,63373,8784,8675,1519,10194,129
2021-11-26,Trinity,105,12862,895,789,219,1008,17
2021-11-26,Tulare,107,460477,70727,69377,15743,85120,1082
2021-11-26,Tuolumne,109,53932,7639,7574,111,7685,90
2021-11-26,Ventura,111,848112,100159,99163,4350,103513,1188
2021-11-26,Yolo,113,214977,20481,20237,1130,21367,257
2021-11-26,Yuba,115,75493,10429,10335,367,10702,88
2021-11-25,Alameda,001,1643700,122471,121618,2839,124457,1477
2021-11-25,Alpine,003,1148,105,106,0,106,0
2021-11-25,Amador,005,37829,5722,5670,67,5737,66
2021-11-25,Butte,007,227075,21728,21384,3941,25325,309
2021-11-25,Calaveras,009,45235,4362,4294,60,4354,85
2021-11-25,Colusa,011,21464,2607,2568,660,3228,19
2021-11-25,Contra Costa,013,1133247,101741,100961,2268,103229,1045
2021-11-25,Del Norte,015,27424,3755,3661,55,3716,42
2021-11-25,El Dorado,017,186661,16699,16399,1771,18170,161
2021-11-25,Fresno,019,978130,145291,143386,13025,156411,2246
2021-11-25,Glenn,021,27897,3578,3532,1030,4562,36
2021-11-25,Humboldt,023,135768,9534,9399,644,10043,115
2021-11-25,Imperial,025,180216,35137,34611,3449,38060,769
2021-11-25,Inyo,027,18085,2542,2506,38,2544,45
2021-11-25,Kern,029,883053,132108,130245,23483,153728,1773
2021-11-25,Kings,031,150075,33322,32891,1993,34884,358
2021-11-25,Lake,033,64148,6911,6836,153,6989,110
2021-11-25,Lassen,035,31185,7041,6959,406,7365,47
2021-11-25,Los Angeles,037,10098052,1466613,1454495,55267,1509762,26817
2021-11-25,Madera,039,155013,24209,23880,2251,26131,296
2021-11-25,Marin,041,260295,18051,17857,487,18344,248
2021-11-25,Mariposa,043,17540,1420,1374,59,1433,6
2021-11-25,Mendocino,045,87422,8028,7871,649,8520,89
2021-11-25,Merced,047,269075,43163,42921,2049,44970,664
2021-11-25,Modoc,049,8938,587,551,202,753,5
2021-11-25,Mono,051,14174,1861,1810,22,1832,4
2021-11-25,Monterey,053,433212,49603,48400,3094,51494,625
2021-11-25,Napa,055,140530,13324,13256,116,13372,104
2021-11-25,Nevada,057,99092,9744,9584,338,9922,103
2021-11-25,Orange,059,3164182,313615,310809,15741,326550,5665
2021-11-25,Placer,061,380077,38544,38001,3805,41806,468
2021-11-25,Plumas,063,18699,1935,1860,43,1903,7
2021-11-25,Riverside,065,2383286,373387,367601,16532,384133,5306
2021-11-25,Sacramento,067,1510023,163722,162328,4798,167126,2335
2021-11-25,San Benito,069,59416,7612,7575,178,7753,77
2021-11-25,San Bernardino,071,2135413,364325,360033,11519,371552,5932
2021-11-25,San Diego,073,3302833,385173,382634,22551,405185,4319
2021-11-25,San Francisco,075,870044,54524,53830,2373,56203,669
2021-11-25,San Joaquin,077,732212,102344,101368,5518,106886,1833
2021-11-25,San Luis Obispo,079,281455,30463,29983,1306,31289,358
2021-11-25,San Mateo,081,765935,55495,54360,926,55286,577
2021-11-25,Santa Barbara,083,443738,45747,45318,1578,46896,548
2021-11-25,Santa Clara,085,1922200,151387,149700,1495,151195,1922
2021-11-25,Santa Cruz,087,273765,21257,20929,1015,21944,222
2021-11-25,Shasta,089,179085,22416,22151,3675,25826,396
2021-11-25,Sierra,091,2930,196,194,21,215,0
2021-11-25,Siskiyou,093,43540,3440,3336,1325,4661,54
2021-11-25,Solano,095,438530,46955,46163,1326,47489,356
2021-11-25,Sonoma,097,501317,42764,42368,548,42916,405
2021-11-25,Stanislaus,099,539301,80777,80782,9073,89855,1220
2021-11-25,Sutter,101,95872,14172,14127,378,14505,181
2021-11-25,Tehama,103,63373,8776,8675,1519,10194,129
2021-11-25,Trinity,105,12862,895,789,219,1008,17
2021-11-25,Tulare,107,460477,70659,69377,15717,85094,1082
2021-11-25,Tuolumne,109,53932,7627,7574,111,7685,90
2021-11-25,Ventura,111,848112,100093,99163,4347,103510,1188
2021-11-25,Yolo,113,214977,20451,20237,1126,21363,257
2021-11-25,Yuba,115,75493,10420,10335,366,10701,88
2021-11-24,Alameda,001,1643700,122408,121618,2835,124453,1477
2021-11-24,Alpine,003,1148,105,106,0,106,0
2021-11-24,Amador,005,37829,5712,5670,67,5737,66
2021-11-24,Butte,007,227075,21712,21384,3940,25324,309
2021-11-24,Calaveras,009,45235,4355,4294,60,4354,85
2021-11-24,Colusa,011,21464,2607,2568,659,3227,19
2021-11-24,Contra Costa,013,1133247,101702,100961,2265,103226,1045
2021-11-24,Del Norte,015,27424,3752,3661,55,3716,42
2021-11-24,El Dorado,017,186661,16688,16399,1770,18169,161
2021-11-24,Fresno,019,978130,145236,143386,13024,156410,2246
2021-11-24,Glenn,021,27897,3573,3532,1029,4561,36
2021-11-24,Humboldt,023,135768,9519,9399,644,10043,115
2021-11-24,Imperial,025,180216,35108,34611,3443,38054,769
2021-11-24,Inyo,027,18085,2539,2506,38,2544,45
2021-11-24,Kern,029,883053,132046,130245,23471,153716,1773
2021-11-24,Kings,031,150075,33308,32891,1992,34883,358
2021-11-24,Lake,033,64148,6907,6836,153,6989,110
2021-11-24,Lassen,035,31185,7041,6959,406,7365,47
2021-11-24,Los Angeles,037,10098052,1466128,1454495,55225,1509720,26817
2021-11-24,Madera,039,155013,24186,23880,2245,26125,296
2021-11-24,Marin,041,260295,18039,17857,485,18342,248
2021-11-24,Mariposa,043,17540,1420,1374,59,1433,6
2021-11-24,Mendocino,045,87422,8016,7871,649,8520,89
2021-11-24,Merced,047,269075,43131,42921,2046,44967,664
2021-11-24,Modoc,049,8938,587,551,202,753,5
2021-11-24,Mono,051,14174,1858,1810,22,1832,4
2021-11-24,Monterey,053,433212,49590,48400,3093,51493,625
2021-11-24,Napa,055,140530,13320,13256,116,13372,104
2021-11-24,Nevada,057,99092,9729,9584,338,9922,103
2021-11-24,Orange,059,3164182,313460,310809,15726,326535,5665
2021-11-24,Placer,061,380077,38511,38001,3803,41804,468
2021-11-24,Plumas,063,18699,1933,1860,43,1903,7
2021-11-24,Riverside,065,2383286,373208,367601,16526,384127,5306
2021-11-24,Sacramento,067,1510023,163651,162328,4798,167126,2335
2021-11-24,San Benito,069,59416,7610,7575,178,7753,77
2021-11-24,San Bernardino,071,2135413,364114,360033,11509,371542,5932
2021-11-24,San Diego,073,3302833,384915,382634,22538,405172,4319
2021-11-24,San Francisco,075,870044,54493,53830,2371,56201,669
2021-11-24,San Joaquin,077,732212,102303,101368,5515,106883,1833
2021-11-24,San Luis Obispo,079,281455,30444,29983,1306,31289,358
2021-11-24,San Mateo,081,765935,55465,54360,925,55285,577
2021-11-24,Santa Barbara,083,443738,45720,45318,1578,46896,548
2021-11-24,Santa Clara,085,1922200,151291,149700,1494,151194,1922
2021-11-24,Santa Cruz,087,273765,21234,20929,1014,21943,222
2021-11-24,Shasta,089,179085,22405,22151,3672,25823,396
2021-11-24,Sierra,091,2930,196,194,21,215,0
2021-11-24,Siskiyou,093,43540,3437,3336,1325,4661,54
2021-11-24,Solano,095,438530,46927,46163,1324,47487,356
2021-11-24,Sonoma,097,501317,42732,42368,546,42914,405
2021-11-24,Stanislaus,099,539301,80740,80782,9068,89850,1220
2021-11-24,Sutter,101,95872,14159,14127,376,14503,181
2021-11-24,Tehama,103,63373,8773,8675,1518,10193,129
2021-11-24,Trinity,105,12862,895,789,219,1008,17
2021-11-24,Tulare,107,460477,70635,69377,15698,85075,1082
2021-11-24,Tuolumne,109,53932,7623,7574,111,7685,90
2021-11-24,Ventura,111,848112,100058,99163,4343,103506,1188
2021-11-24,Yolo,113,214977,20443,20237,1125,21362,257
2021-11-24,Yuba,115,75493,10416,10335,365,10700,88
2021-11-23,Alameda,001,1643700,122289,121618,2828,124446,1477
2021-11-23,Alpine,003,1148,105,106,0,106,0
2021-11-23,Amador,005,37829,5705,5670,67,5737,66
2021-11-23,Butte,007,227075,21683,21384,3936,25320,309
2021-11-23,Calaveras,009,45235,4349,4294,59,4353,85
2021-11-23,Colusa,011,21464,2603,2568,657,3225,19
2021-11-23,Contra Costa,013,1133247,101595,100961,2263,103224,1045
2021-11-23,Del Norte,015,27424,3749,3661,55,3716,42
2021-11-23,El Dorado,017,186661,16657,16399,1767,18166,161
2021-11-23,Fresno,019,978130,145098,143386,13015,156401,2246
2021-11-23,Glenn,021,27897,3568,3532,1029,4561,36
2021-11-23,Humboldt,023,135768,9497,9399,641,10040,115
2021-11-23,Imperial,025,180216,35039,34611,3424,38035,769
2021-11-23,Inyo,027,18085,2535,2506,38,2544,45
2021-11-23,Kern,029,883053,131938,130245,23422,153667,1773
2021-11-23,Kings,031,150075,33266,32891,1991,34882,358
2021-11-23,Lake,033,64148,6902,6836,153,6989,110
2021-11-23,Lassen,035,31185,7038,6959,403,7362,47
2021-11-23,Los Angeles,037,10098052,1465120,1454495,55157,1509652,26817
2021-11-23,Madera,039,155013,24160,23880,2243,26123,296
2021-11-23,Marin,041,260295,18008,17857,482,18339,248
2021-11-23,Mariposa,043,17540,1417,1374,59,1433,6
2021-11-23,Mendocino,045,87422,7995,7871,646,8517,89
2021-11-23,Merced,047,269075,43093,42921,2045,44966,664
2021-11-23,Modoc,049,8938,585,551,202,753,5
2021-11-23,Mono,051,14174,1844,1810,22,1832,4
2021-11-23,Monterey,053,433212,49554,48400,3087,51487,625
2021-11-23,Napa,055,140530,13311,13256,116,13372,104
2021-11-23,Nevada,057,99092,9700,9584,337,9921,103
2021-11-23,Orange,059,3164182,313210,310809,15690,326499,5665
2021-11-23,Placer,061,380077,38452,38001,3786,41787,468
2021-11-23,Plumas,063,18699,1929,1860,43,1903,7
2021-11-23,Riverside,065,2383286,372825,367601,16513,384114,5306
2021-11-23,Sacramento,067,1510023,163464,162328,4787,167115,2335
2021-11-23,San Benito,069,59416,7601,7575,176,7751,77
2021-11-23,San Bernardino,071,2135413,363696,360033,11494,371527,5932
2021-11-23,San Diego,073,3302833,384431,382634,22515,405149,4319
2021-11-23,San Francisco,075,870044,54434,53830,2369,56199,669
2021-11-23,San Joaquin,077,732212,102194,101368,5504,106872,1833
2021-11-23,San Luis Obispo,079,281455,30409,29983,1303,31286,358
2021-11-23,San Mateo,081,765935,55415,54360,924,55284,577
2021-11-23,Santa Barbara,083,443738,45667,45318,1578,46896,548
2021-11-23,Santa Clara,085,1922200,151081,149700,1482,151182,1922
2021-11-23,Santa Cruz,087,273765,21196,20929,1014,21943,222
2021-11-23,Shasta,089,179085,22369,22151,3670,25821,396
2021-11-23,Sierra,091,2930,196,194,21,215,0
2021-11-23,Siskiyou,093,43540,3432,3336,1324,4660,54
2021-11-23,Solano,095,438530,46873,46163,1320,47483,356
2021-11-23,Sonoma,097,501317,42681,42368,543,42911,405
2021-11-23,Stanislaus,099,539301,80670,80782,9056,89838,1220
2021-11-23,Sutter,101,95872,14143,14127,375,14502,181
2021-11-23,Tehama,103,63373,8760,8675,1517,10192,129
2021-11-23,Trinity,105,12862,894,789,219,1008,17
2021-11-23,Tulare,107,460477,70588,69377,15668,85045,1082
2021-11-23,Tuolumne,109,53932,7611,7574,110,7684,90
2021-11-23,Ventura,111,848112,99975,99163,4337,103500,1188
2021-11-23,Yolo,113,214977,20422,20237,1117,21354,257
2021-11-23,Yuba,115,75493,10404,10335,365,10700,88
2021-11-22,Alameda,001,1643700,122176,121566,2826,124392,1475
2021-11-22,Alpine,003,1148,105,106,0,106,0
2021-11-22,Amador,005,37829,5692,5670,67,5737,66
2021-11-22,Butte,007,227075,21644,21363,3931,25294,305
2021-11-22,Calaveras,009,45235,4337,4294,59,4353,84
2021-11-22,Colusa,011,21464,2600,2565,657,3222,19
2021-11-22,Contra Costa,013,1133247,101507,100877,2258,103135,1045
2021-11-22,Del Norte,015,27424,3746,3659,55,3714,42
2021-11-22,El Dorado,017,186661,16634,16378,1764,18142,161
2021-11-22,Fresno,019,978130,144965,143290,13007,156297,2243
2021-11-22,Glenn,021,27897,3563,3530,1028,4558,36
2021-11-22,Humboldt,023,135768,9471,9389,636,10025,115
2021-11-22,Imperial,025,180216,34978,34562,3410,37972,766
2021-11-22,Inyo,027,18085,2529,2501,38,2539,44
2021-11-22,Kern,029,883053,131777,130091,23373,153464,1762
2021-11-22,Kings,031,150075,33229,32867,1986,34853,358
2021-11-22,Lake,033,64148,6897,6837,153,6990,110
2021-11-22,Lassen,035,31185,7036,6954,402,7356,47
2021-11-22,Los Angeles,037,10098052,1464056,1453945,55075,1509020,26800
2021-11-22,Madera,039,155013,24126,23872,2235,26107,296
2021-11-22,Marin,041,260295,17977,17842,480,18322,248
2021-11-22,Mariposa,043,17540,1413,1372,59,1431,6
2021-11-22,Mendocino,045,87422,7979,7859,645,8504,89
2021-11-22,Merced,047,269075,43042,42898,2034,44932,660
2021-11-22,Modoc,049,8938,584,551,202,753,5
2021-11-22,Mono,051,14174,1837,1809,22,1831,4
2021-11-22,Monterey,053,433212,49526,48374,3083,51457,611
2021-11-22,Napa,055,140530,13303,13255,115,13370,104
2021-11-22,Nevada,057,99092,9683,9575,335,9910,96
2021-11-22,Orange,059,3164182,312969,310654,15664,326318,5663
2021-11-22,Placer,061,380077,38407,37956,3778,41734,465
2021-11-22,Plumas,063,18699,1926,1858,43,1901,7
2021-11-22,Riverside,065,2383286,372388,367301,16504,383805,5283
2021-11-22,Sacramento,067,1510023,163272,162222,4778,167000,2328
2021-11-22,San Benito,069,59416,7581,7567,176,7743,77
2021-11-22,San Bernardino,071,2135413,363281,359851,11484,371335,5916
2021-11-22,San Diego,073,3302833,383936,382132,22491,404623,4317
2021-11-22,San Francisco,075,870044,54342,53778,2363,56141,669
2021-11-22,San Joaquin,077,732212,102069,101299,5499,106798,1833
2021-11-22,San Luis Obispo,079,281455,30383,29963,1300,31263,358
2021-11-22,San Mateo,081,765935,55358,54330,922,55252,577
2021-11-22,Santa Barbara,083,443738,45591,45279,1578,46857,546
2021-11-22,Santa Clara,085,1922200,150896,149541,1472,151013,1919
2021-11-22,Santa Cruz,087,273765,21155,20891,1014,21905,222
2021-11-22,Shasta,089,179085,22355,22116,3665,25781,393
2021-11-22,Sierra,091,2930,196,193,21,214,0
2021-11-22,Siskiyou,093,43540,3427,3336,1322,4658,54
2021-11-22,Solano,095,438530,46824,46153,1318,47471,356
2021-11-22,Sonoma,097,501317,42620,42344,542,42886,404
2021-11-22,Stanislaus,099,539301,80582,80718,9046,89764,1209
2021-11-22,Sutter,101,95872,14127,14125,373,14498,181
2021-11-22,Tehama,103,63373,8753,8669,1512,10181,127
2021-11-22,Trinity,105,12862,893,785,219,1004,17
2021-11-22,Tulare,107,460477,70527,69314,15632,84946,1075
2021-11-22,Tuolumne,109,53932,7596,7567,110,7677,90
2021-11-22,Ventura,111,848112,99909,99114,4334,103448,1186
2021-11-22,Yolo,113,214977,20399,20227,1115,21342,257
2021-11-22,Yuba,115,75493,10395,10332,364,10696,88
2021-11-21,Alameda,001,1643700,122045,121443,2822,124265,1475
2021-11-21,Alpine,003,1148,103,106,0,106,0
2021-11-21,Amador,005,37829,5687,5662,66,5728,66
2021-11-21,Butte,007,227075,21602,21342,3926,25268,306
2021-11-21,Calaveras,009,45235,4328,4287,59,4346,84
2021-11-21,Colusa,011,21464,2596,2562,656,3218,19
2021-11-21,Contra Costa,013,1133247,101405,100807,2251,103058,1045
2021-11-21,Del Norte,015,27424,3742,3659,55,3714,42
2021-11-21,El Dorado,017,186661,16607,16370,1758,18128,161
2021-11-21,Fresno,019,978130,144793,143203,12987,156190,2242
2021-11-21,Glenn,021,27897,3559,3529,1028,4557,36
2021-11-21,Humboldt,023,135768,9448,9378,635,10013,115
2021-11-21,Imperial,025,180216,34890,34527,3400,37927,766
2021-11-21,Inyo,027,18085,2522,2501,38,2539,44
2021-11-21,Kern,029,883053,131614,130020,23327,153347,1762
2021-11-21,Kings,031,150075,33191,32843,1982,34825,356
2021-11-21,Lake,033,64148,6890,6834,153,6987,110
2021-11-21,Lassen,035,31185,7027,6953,402,7355,47
2021-11-21,Los Angeles,037,10098052,1462988,1453181,55020,1508201,26793
2021-11-21,Madera,039,155013,24101,23856,2230,26086,296
2021-11-21,Marin,041,260295,17948,17829,477,18306,248
2021-11-21,Mariposa,043,17540,1412,1371,58,1429,6
2021-11-21,Mendocino,045,87422,7973,7846,642,8488,89
2021-11-21,Merced,047,269075,42987,42881,2031,44912,660
2021-11-21,Modoc,049,8938,580,551,202,753,5
2021-11-21,Mono,051,14174,1827,1799,21,1820,4
2021-11-21,Monterey,053,433212,49480,48358,3074,51432,611
2021-11-21,Napa,055,140530,13290,13250,115,13365,104
2021-11-21,Nevada,057,99092,9657,9556,334,9890,96
2021-11-21,Orange,059,3164182,312712,310477,15633,326110,5663
2021-11-21,Placer,061,380077,38325,37929,3777,41706,465
2021-11-21,Plumas,063,18699,1921,1858,43,1901,7
2021-11-21,Riverside,065,2383286,371896,367093,16496,383589,5283
2021-11-21,Sacramento,067,1510023,163055,162087,4768,166855,2327
2021-11-21,San Benito,069,59416,7567,7563,175,7738,77
2021-11-21,San Bernardino,071,2135413,362789,359621,11448,371069,5912
2021-11-21,San Diego,073,3302833,383405,380747,22466,403213,4317
2021-11-21,San Francisco,075,870044,54273,53741,2358,56099,669
2021-11-21,San Joaquin,077,732212,101963,101264,5486,106750,1833
2021-11-21,San Luis Obispo,079,281455,30345,29948,1300,31248,358
2021-11-21,San Mateo,081,765935,55306,54290,920,55210,577
2021-11-21,Santa Barbara,083,443738,45530,45237,1575,46812,546
2021-11-21,Santa Clara,085,1922200,150691,149387,1453,150840,1918
2021-11-21,Santa Cruz,087,273765,21111,20866,1012,21878,222
2021-11-21,Shasta,089,179085,22324,22112,3663,25775,393
2021-11-21,Sierra,091,2930,196,193,21,214,0
2021-11-21,Siskiyou,093,43540,3422,3333,1321,4654,54
2021-11-21,Solano,095,438530,46768,46122,1311,47433,356
2021-11-21,Sonoma,097,501317,42560,42298,541,42839,404
2021-11-21,Stanislaus,099,539301,80487,80687,9031,89718,1209
2021-11-21,Sutter,101,95872,14113,14111,373,14484,181
2021-11-21,Tehama,103,63373,8747,8669,1511,10180,127
2021-11-21,Trinity,105,12862,891,784,217,1001,17
2021-11-21,Tulare,107,460477,70444,69285,15593,84878,1075
2021-11-21,Tuolumne,109,53932,7588,7560,109,7669,90
2021-11-21,Ventura,111,848112,99818,99081,4331,103412,1186
2021-11-21,Yolo,113,214977,20371,20209,1112,21321,257
2021-11-21,Yuba,115,75493,10386,10326,364,10690,88
2021-11-20,Alameda,001,1643700,121952,121059,2816,123875,1473
2021-11-20,Alpine,003,1148,103,105,0,105,0
2021-11-20,Amador,005,37829,5681,5652,65,5717,66
2021-11-20,Butte,007,227075,21587,21265,3922,25187,300
2021-11-20,Calaveras,009,45235,4318,4268,59,4327,84
2021-11-20,Colusa,011,21464,2595,2549,655,3204,19
2021-11-20,Contra Costa,013,1133247,101328,100491,2247,102738,1043
2021-11-20,Del Norte,015,27424,3739,3637,55,3692,42
2021-11-20,El Dorado,017,186661,16586,16308,1756,18064,161
2021-11-20,Fresno,019,978130,144724,142579,12978,155557,2233
2021-11-20,Glenn,021,27897,3558,3526,1027,4553,35
2021-11-20,Humboldt,023,135768,9435,9302,633,9935,115
2021-11-20,Imperial,025,180216,34838,34312,3394,37706,766
2021-11-20,Inyo,027,18085,2521,2467,38,2505,44
2021-11-20,Kern,029,883053,131513,129488,23290,152778,1750
2021-11-20,Kings,031,150075,33181,32720,1982,34702,354
2021-11-20,Lake,033,64148,6887,6808,153,6961,110
2021-11-20,Lassen,035,31185,7026,6931,402,7333,47
2021-11-20,Los Angeles,037,10098052,1462368,1448963,54972,1503935,26741
2021-11-20,Madera,039,155013,24087,23720,2226,25946,296
2021-11-20,Marin,041,260295,17933,17774,477,18251,248
2021-11-20,Mariposa,043,17540,1411,1354,58,1412,6
2021-11-20,Mendocino,045,87422,7965,7773,642,8415,89
2021-11-20,Merced,047,269075,42961,42692,2031,44723,656
2021-11-20,Modoc,049,8938,579,550,202,752,5
2021-11-20,Mono,051,14174,1821,1767,21,1788,4
2021-11-20,Monterey,053,433212,49467,48260,3069,51329,609
2021-11-20,Napa,055,140530,13287,13184,115,13299,103
2021-11-20,Nevada,057,99092,9641,9480,334,9814,92
2021-11-20,Orange,059,3164182,312513,309672,15616,325288,5658
2021-11-20,Placer,061,380077,38285,37800,3772,41572,462
2021-11-20,Plumas,063,18699,1917,1841,43,1884,7
2021-11-20,Riverside,065,2383286,371623,365809,16484,382293,5265
2021-11-20,Sacramento,067,1510023,162951,161533,4764,166297,2316
2021-11-20,San Benito,069,59416,7563,7533,175,7708,77
2021-11-20,San Bernardino,071,2135413,362512,358322,11437,369759,5897
2021-11-20,San Diego,073,3302833,383079,380147,22440,402587,4311
2021-11-20,San Francisco,075,870044,54234,53525,2357,55882,669
2021-11-20,San Joaquin,077,732212,101913,100922,5481,106403,1832
2021-11-20,San Luis Obispo,079,281455,30331,29815,1299,31114,355
2021-11-20,San Mateo,081,765935,55272,54132,919,55051,577
2021-11-20,Santa Barbara,083,443738,45498,45074,1575,46649,544
2021-11-20,Santa Clara,085,1922200,150584,148829,1452,150281,1917
2021-11-20,Santa Cruz,087,273765,21093,20756,1012,21768,222
2021-11-20,Shasta,089,179085,22300,21968,3662,25630,383
2021-11-20,Sierra,091,2930,196,191,21,212,0
2021-11-20,Siskiyou,093,43540,3419,3313,1321,4634,54
2021-11-20,Solano,095,438530,46747,46006,1311,47317,356
2021-11-20,Sonoma,097,501317,42529,42151,541,42692,403
2021-11-20,Stanislaus,099,539301,80441,80412,9027,89439,1205
2021-11-20,Sutter,101,95872,14105,14074,373,14447,181
2021-11-20,Tehama,103,63373,8742,8648,1511,10159,125
2021-11-20,Trinity,105,12862,887,771,217,988,17
2021-11-20,Tulare,107,460477,70405,69074,15572,84646,1054
2021-11-20,Tuolumne,109,53932,7580,7511,109,7620,90
2021-11-20,Ventura,111,848112,99769,98893,4324,103217,1186
2021-11-20,Yolo,113,214977,20363,20139,1108,21247,257
2021-11-20,Yuba,115,75493,10380,10290,363,10653,88
2021-11-19,Alameda,001,1643700,121875,121059,2813,123872,1473
2021-11-19,Alpine,003,1148,103,105,0,105,0
2021-11-19,Amador,005,37829,5671,5652,65,5717,66
2021-11-19,Butte,007,227075,21564,21265,3916,25181,300
2021-11-19,Calaveras,009,45235,4311,4268,59,4327,84
2021-11-19,Colusa,011,21464,2593,2549,654,3203,19
2021-11-19,Contra Costa,013,1133247,101271,100491,2242,102733,1043
2021-11-19,Del Norte,015,27424,3734,3637,55,3692,42
2021-11-19,El Dorado,017,186661,16564,16308,1754,18062,161
2021-11-19,Fresno,019,978130,144607,142579,12969,155548,2233
2021-11-19,Glenn,021,27897,3557,3526,1026,4552,35
2021-11-19,Humboldt,023,135768,9422,9302,630,9932,115
2021-11-19,Imperial,025,180216,34801,34312,3387,37699,766
2021-11-19,Inyo,027,18085,2517,2467,38,2505,44
2021-11-19,Kern,029,883053,131410,129488,23247,152735,1750
2021-11-19,Kings,031,150075,33156,32720,1980,34700,354
2021-11-19,Lake,033,64148,6884,6808,153,6961,110
2021-11-19,Lassen,035,31185,7021,6931,401,7332,47
2021-11-19,Los Angeles,037,10098052,1461679,1448963,54918,1503881,26741
2021-11-19,Madera,039,155013,24066,23720,2221,25941,296
2021-11-19,Marin,041,260295,17915,17774,475,18249,248
2021-11-19,Mariposa,043,17540,1409,1354,58,1412,6
2021-11-19,Mendocino,045,87422,7945,7773,642,8415,89
2021-11-19,Merced,047,269075,42935,42692,2030,44722,656
2021-11-19,Modoc,049,8938,578,550,202,752,5
2021-11-19,Mono,051,14174,1810,1767,21,1788,4
2021-11-19,Monterey,053,433212,49445,48260,3069,51329,609
2021-11-19,Napa,055,140530,13277,13184,114,13298,103
2021-11-19,Nevada,057,99092,9628,9480,334,9814,92
2021-11-19,Orange,059,3164182,312359,309672,15591,325263,5658
2021-11-19,Placer,061,380077,38248,37800,3768,41568,462
2021-11-19,Plumas,063,18699,1913,1841,43,1884,7
2021-11-19,Riverside,065,2383286,371349,365809,16480,382289,5265
2021-11-19,Sacramento,067,1510023,162826,161533,4760,166293,2316
2021-11-19,San Benito,069,59416,7557,7533,173,7706,77
2021-11-19,San Bernardino,071,2135413,362188,358322,11428,369750,5897
2021-11-19,San Diego,073,3302833,382688,380147,22414,402561,4311
2021-11-19,San Francisco,075,870044,54196,53525,2357,55882,669
2021-11-19,San Joaquin,077,732212,101856,100922,5477,106399,1832
2021-11-19,San Luis Obispo,079,281455,30313,29815,1297,31112,355
2021-11-19,San Mateo,081,765935,55224,54132,915,55047,577
2021-11-19,Santa Barbara,083,443738,45461,45074,1575,46649,544
2021-11-19,Santa Clara,085,1922200,150435,148829,1449,150278,1917
2021-11-19,Santa Cruz,087,273765,21066,20756,1009,21765,222
2021-11-19,Shasta,089,179085,22288,21968,3661,25629,383
2021-11-19,Sierra,091,2930,196,191,21,212,0
2021-11-19,Siskiyou,093,43540,3416,3313,1321,4634,54
2021-11-19,Solano,095,438530,46717,46006,1307,47313,356
2021-11-19,Sonoma,097,501317,42496,42151,538,42689,403
2021-11-19,Stanislaus,099,539301,80384,80412,9018,89430,1205
2021-11-19,Sutter,101,95872,14103,14074,373,14447,181
2021-11-19,Tehama,103,63373,8739,8648,1511,10159,125
2021-11-19,Trinity,105,12862,885,771,217,988,17
2021-11-19,Tulare,107,460477,70364,69074,15546,84620,1054
2021-11-19,Tuolumne,109,53932,7569,7511,109,7620,90
2021-11-19,Ventura,111,848112,99704,98893,4321,103214,1186
2021-11-19,Yolo,113,214977,20352,20139,1106,21245,257
2021-11-19,Yuba,115,75493,10377,10290,363,10653,88
2021-11-18,Alameda,001,1643700,121750,121059,2806,123865,1473
2021-11-18,Alpine,003,1148,103,105,0,105,0
2021-11-18,Amador,005,37829,5669,5652,65,5717,66
2021-11-18,Butte,007,227075,21547,21265,3908,25173,300
2021-11-18,Calaveras,009,45235,4304,4268,58,4326,84
2021-11-18,Colusa,011,21464,2585,2549,654,3203,19
2021-11-18,Contra Costa,013,1133247,101169,100491,2234,102725,1043
2021-11-18,Del Norte,015,27424,3731,3637,55,3692,42
2021-11-18,El Dorado,017,186661,16544,16308,1751,18059,161
2021-11-18,Fresno,019,978130,144467,142579,12959,155538,2233
2021-11-18,Glenn,021,27897,3556,3526,1025,4551,35
2021-11-18,Humboldt,023,135768,9406,9302,625,9927,115
2021-11-18,Imperial,025,180216,34746,34312,3371,37683,766
2021-11-18,Inyo,027,18085,2509,2467,38,2505,44
2021-11-18,Kern,029,883053,131264,129488,23200,152688,1750
2021-11-18,Kings,031,150075,33119,32720,1977,34697,354
2021-11-18,Lake,033,64148,6879,6808,153,6961,110
2021-11-18,Lassen,035,31185,7018,6931,396,7327,47
2021-11-18,Los Angeles,037,10098052,1460688,1448963,54856,1503819,26741
2021-11-18,Madera,039,155013,24041,23720,2217,25937,296
2021-11-18,Marin,041,260295,17898,17774,471,18245,248
2021-11-18,Mariposa,043,17540,1406,1354,58,1412,6
2021-11-18,Mendocino,045,87422,7923,7773,633,8406,89
2021-11-18,Merced,047,269075,42878,42692,2028,44720,656
2021-11-18,Modoc,049,8938,566,550,202,752,5
2021-11-18,Mono,051,14174,1802,1767,21,1788,4
2021-11-18,Monterey,053,433212,49420,48260,3064,51324,609
2021-11-18,Napa,055,140530,13265,13184,113,13297,103
2021-11-18,Nevada,057,99092,9604,9480,334,9814,92
2021-11-18,Orange,059,3164182,312122,309672,15571,325243,5658
2021-11-18,Placer,061,380077,38205,37800,3757,41557,462
2021-11-18,Plumas,063,18699,1912,1841,43,1884,7
2021-11-18,Riverside,065,2383286,370976,365809,16467,382276,5265
2021-11-18,Sacramento,067,1510023,162598,161533,4745,166278,2316
2021-11-18,San Benito,069,59416,7547,7533,173,7706,77
2021-11-18,San Bernardino,071,2135413,361756,358322,11409,369731,5897
2021-11-18,San Diego,073,3302833,382190,380147,22398,402545,4311
2021-11-18,San Francisco,075,870044,54144,53525,2353,55878,669
2021-11-18,San Joaquin,077,732212,101763,100922,5468,106390,1832
2021-11-18,San Luis Obispo,079,281455,30283,29815,1296,31111,355
2021-11-18,San Mateo,081,765935,55165,54132,912,55044,577
2021-11-18,Santa Barbara,083,443738,45415,45074,1568,46642,544
2021-11-18,Santa Clara,085,1922200,150248,148829,1441,150270,1917
2021-11-18,Santa Cruz,087,273765,21015,20756,1008,21764,222
2021-11-18,Shasta,089,179085,22252,21968,3656,25624,383
2021-11-18,Sierra,091,2930,195,191,21,212,0
2021-11-18,Siskiyou,093,43540,3416,3313,1317,4630,54
2021-11-18,Solano,095,438530,46675,46006,1304,47310,356
2021-11-18,Sonoma,097,501317,42447,42151,536,42687,403
2021-11-18,Stanislaus,099,539301,80317,80412,9010,89422,1205
2021-11-18,Sutter,101,95872,14092,14074,372,14446,181
2021-11-18,Tehama,103,63373,8734,8648,1511,10159,125
2021-11-18,Trinity,105,12862,884,771,217,988,17
2021-11-18,Tulare,107,460477,70290,69074,15502,84576,1054
2021-11-18,Tuolumne,109,53932,7559,7511,109,7620,90
2021-11-18,Ventura,111,848112,99627,98893,4317,103210,1186
2021-11-18,Yolo,113,214977,20335,20139,1102,21241,257
2021-11-18,Yuba,115,75493,10371,10290,363,10653,88
2021-11-17,Alameda,001,1643700,121628,120913,2805,123718,1472
2021-11-17,Alpine,003,1148,103,105,0,105,0
2021-11-17,Amador,005,37829,5663,5646,65,5711,66
2021-11-17,Butte,007,227075,21521,21230,3905,25135,300
2021-11-17,Calaveras,009,45235,4297,4259,58,4317,84
2021-11-17,Colusa,011,21464,2582,2546,653,3199,19
2021-11-17,Contra Costa,013,1133247,101077,100387,2230,102617,1039
2021-11-17,Del Norte,015,27424,3728,3630,55,3685,42
2021-11-17,El Dorado,017,186661,16524,16269,1750,18019,161
2021-11-17,Fresno,019,978130,144285,142366,12946,155312,2230
2021-11-17,Glenn,021,27897,3554,3527,1023,4550,34
2021-11-17,Humboldt,023,135768,9395,9270,622,9892,115
2021-11-17,Imperial,025,180216,34690,34256,3350,37606,766
2021-11-17,Inyo,027,18085,2503,2457,38,2495,44
2021-11-17,Kern,029,883053,131091,129307,23158,152465,1743
2021-11-17,Kings,031,150075,33092,32669,1973,34642,352
2021-11-17,Lake,033,64148,6875,6795,152,6947,110
2021-11-17,Lassen,035,31185,7016,6918,396,7314,47
2021-11-17,Los Angeles,037,10098052,1459588,1447947,54790,1502737,26721
2021-11-17,Madera,039,155013,24008,23673,2215,25888,287
2021-11-17,Marin,041,260295,17878,17757,469,18226,248
2021-11-17,Mariposa,043,17540,1402,1353,58,1411,6
2021-11-17,Mendocino,045,87422,7915,7735,632,8367,89
2021-11-17,Merced,047,269075,42819,42612,2023,44635,654
2021-11-17,Modoc,049,8938,562,540,202,742,5
2021-11-17,Mono,051,14174,1798,1765,21,1786,5
2021-11-17,Monterey,053,433212,49372,48221,3053,51274,609
2021-11-17,Napa,055,140530,13242,13167,113,13280,103
2021-11-17,Nevada,057,99092,9591,9447,334,9781,92
2021-11-17,Orange,059,3164182,311875,309396,15537,324933,5651
2021-11-17,Placer,061,380077,38157,37725,3749,41474,460
2021-11-17,Plumas,063,18699,1907,1833,43,1876,7
2021-11-17,Riverside,065,2383286,370565,365406,16454,381860,5229
2021-11-17,Sacramento,067,1510023,162428,161269,4738,166007,2302
2021-11-17,San Benito,069,59416,7540,7524,173,7697,77
2021-11-17,San Bernardino,071,2135413,361392,357947,11392,369339,5893
2021-11-17,San Diego,073,3302833,381699,379769,22372,402141,4301
2021-11-17,San Francisco,075,870044,54089,53469,2350,55819,667
2021-11-17,San Joaquin,077,732212,101661,100764,5463,106227,1828
2021-11-17,San Luis Obispo,079,281455,30257,29731,1293,31024,354
2021-11-17,San Mateo,081,765935,55097,54092,909,55001,577
2021-11-17,Santa Barbara,083,443738,45377,45000,1568,46568,542
2021-11-17,Santa Clara,085,1922200,150084,148626,1433,150059,1915
2021-11-17,Santa Cruz,087,273765,20980,20700,1008,21708,222
2021-11-17,Shasta,089,179085,22219,21883,3654,25537,382
2021-11-17,Sierra,091,2930,194,189,21,210,0
2021-11-17,Siskiyou,093,43540,3412,3307,1314,4621,54
2021-11-17,Solano,095,438530,46642,45948,1303,47251,353
2021-11-17,Sonoma,097,501317,42401,42093,533,42626,403
2021-11-17,Stanislaus,099,539301,80228,80276,9000,89276,1199
2021-11-17,Sutter,101,95872,14078,14064,370,14434,181
2021-11-17,Tehama,103,63373,8724,8633,1508,10141,125
2021-11-17,Trinity,105,12862,883,765,217,982,17
2021-11-17,Tulare,107,460477,70219,68977,15475,84452,1047
2021-11-17,Tuolumne,109,53932,7542,7485,109,7594,90
2021-11-17,Ventura,111,848112,99565,98812,4311,103123,1183
2021-11-17,Yolo,113,214977,20316,20100,1099,21199,257
2021-11-17,Yuba,115,75493,10359,10275,359,10634,88
2021-11-16,Alameda,001,1643700,121519,120809,2801,123610,1467
2021-11-16,Alpine,003,1148,103,105,0,105,0
2021-11-16,Amador,005,37829,5657,5644,65,5709,66
2021-11-16,Butte,007,227075,21495,21208,3900,25108,297
2021-11-16,Calaveras,009,45235,4288,4249,58,4307,83
2021-11-16,Colusa,011,21464,2576,2538,653,3191,19
2021-11-16,Contra Costa,013,1133247,100956,100320,2227,102547,1038
2021-11-16,Del Norte,015,27424,3722,3630,55,3685,42
2021-11-16,El Dorado,017,186661,16499,16248,1748,17996,159
2021-11-16,Fresno,019,978130,144099,142200,12924,155124,2218
2021-11-16,Glenn,021,27897,3553,3527,1020,4547,34
2021-11-16,Humboldt,023,135768,9374,9252,618,9870,115
2021-11-16,Imperial,025,180216,34606,34177,3336,37513,766
2021-11-16,Inyo,027,18085,2496,2449,38,2487,42
2021-11-16,Kern,029,883053,130931,129136,23097,152233,1735
2021-11-16,Kings,031,150075,33039,32614,1966,34580,350
2021-11-16,Lake,033,64148,6870,6789,152,6941,110
2021-11-16,Lassen,035,31185,7006,6915,396,7311,47
2021-11-16,Los Angeles,037,10098052,1458412,1446815,54718,1501533,26703
2021-11-16,Madera,039,155013,23970,23642,2209,25851,287
2021-11-16,Marin,041,260295,17859,17736,468,18204,248
2021-11-16,Mariposa,043,17540,1394,1349,57,1406,6
2021-11-16,Mendocino,045,87422,7873,7723,628,8351,89
2021-11-16,Merced,047,269075,42782,42578,2016,44594,653
2021-11-16,Modoc,049,8938,561,539,201,740,5
2021-11-16,Mono,051,14174,1789,1767,21,1788,4
2021-11-16,Monterey,053,433212,49342,48195,3039,51234,609
2021-11-16,Napa,055,140530,13231,13151,113,13264,103
2021-11-16,Nevada,057,99092,9574,9435,333,9768,92
2021-11-16,Orange,059,3164182,311608,309170,15503,324673,5651
2021-11-16,Placer,061,380077,38115,37676,3743,41419,459
2021-11-16,Plumas,063,18699,1898,1832,43,1875,7
2021-11-16,Riverside,065,2383286,370143,365078,16432,381510,5208
2021-11-16,Sacramento,067,1510023,162248,161102,4726,165828,2299
2021-11-16,San Benito,069,59416,7526,7513,173,7686,77
2021-11-16,San Bernardino,071,2135413,360976,357528,11339,368867,5901
2021-11-16,San Diego,073,3302833,381144,379435,22345,401780,4287
2021-11-16,San Francisco,075,870044,54016,53415,2342,55757,667
2021-11-16,San Joaquin,077,732212,101521,100637,5448,106085,1807
2021-11-16,San Luis Obispo,079,281455,30225,29703,1290,30993,356
2021-11-16,San Mateo,081,765935,55035,54034,907,54941,577
2021-11-16,Santa Barbara,083,443738,45309,44932,1565,46497,539
2021-11-16,Santa Clara,085,1922200,149903,148452,1421,149873,1916
2021-11-16,Santa Cruz,087,273765,20935,20684,1006,21690,222
2021-11-16,Shasta,089,179085,22180,21853,3650,25503,379
2021-11-16,Sierra,091,2930,194,189,21,210,0
2021-11-16,Siskiyou,093,43540,3409,3304,1312,4616,54
2021-11-16,Solano,095,438530,46602,45908,1302,47210,351
2021-11-16,Sonoma,097,501317,42352,42056,532,42588,401
2021-11-16,Stanislaus,099,539301,80133,80214,8977,89191,1196
2021-11-16,Sutter,101,95872,14066,14058,369,14427,181
2021-11-16,Tehama,103,63373,8717,8621,1501,10122,125
2021-11-16,Trinity,105,12862,883,762,216,978,17
2021-11-16,Tulare,107,460477,70139,68881,15440,84321,1039
2021-11-16,Tuolumne,109,53932,7532,7478,109,7587,90
2021-11-16,Ventura,111,848112,99490,98731,4308,103039,1183
2021-11-16,Yolo,113,214977,20277,20077,1097,21174,257
2021-11-16,Yuba,115,75493,10351,10262,357,10619,85
2021-11-15,Alameda,001,1643700,121363,120731,2797,123528,1464
2021-11-15,Alpine,003,1148,103,105,0,105,0
2021-11-15,Amador,005,37829,5652,5637,65,5702,66
2021-11-15,Butte,007,227075,21471,21182,3895,25077,296
2021-11-15,Calaveras,009,45235,4274,4237,58,4295,83
2021-11-15,Colusa,011,21464,2569,2535,650,3185,19
2021-11-15,Contra Costa,013,1133247,100850,100251,2224,102475,1038
2021-11-15,Del Norte,015,27424,3717,3630,54,3684,42
2021-11-15,El Dorado,017,186661,16475,16236,1744,17980,159
2021-11-15,Fresno,019,978130,143877,142015,12902,154917,2210
2021-11-15,Glenn,021,27897,3551,3526,1020,4546,34
2021-11-15,Humboldt,023,135768,9352,9230,610,9840,115
2021-11-15,Imperial,025,180216,34533,34130,3320,37450,766
2021-11-15,Inyo,027,18085,2491,2442,38,2480,42
2021-11-15,Kern,029,883053,130722,128928,23026,151954,1730
2021-11-15,Kings,031,150075,33005,32584,1961,34545,348
2021-11-15,Lake,033,64148,6866,6784,152,6936,109
2021-11-15,Lassen,035,31185,6995,6915,394,7309,47
2021-11-15,Los Angeles,037,10098052,1457221,1446114,54655,1500769,26677
2021-11-15,Madera,039,155013,23932,23605,2198,25803,287
2021-11-15,Marin,041,260295,17842,17723,467,18190,248
2021-11-15,Mariposa,043,17540,1393,1347,55,1402,6
2021-11-15,Mendocino,045,87422,7853,7694,622,8316,89
2021-11-15,Merced,047,269075,42725,42552,2005,44557,648
2021-11-15,Modoc,049,8938,560,538,200,738,5
2021-11-15,Mono,051,14174,1784,1763,21,1784,4
2021-11-15,Monterey,053,433212,49310,48154,3033,51187,609
2021-11-15,Napa,055,140530,13223,13143,113,13256,103
2021-11-15,Nevada,057,99092,9545,9420,332,9752,92
2021-11-15,Orange,059,3164182,311331,308859,15478,324337,5646
2021-11-15,Placer,061,380077,38051,37610,3739,41349,452
2021-11-15,Plumas,063,18699,1891,1829,43,1872,7
2021-11-15,Riverside,065,2383286,369697,364750,16413,381163,5199
2021-11-15,Sacramento,067,1510023,162028,160937,4714,165651,2293
2021-11-15,San Benito,069,59416,7521,7511,172,7683,77
2021-11-15,San Bernardino,071,2135413,360551,357306,11320,368626,5898
2021-11-15,San Diego,073,3302833,380607,378845,22320,401165,4284
2021-11-15,San Francisco,075,870044,53949,53374,2339,55713,667
2021-11-15,San Joaquin,077,732212,101367,100587,5437,106024,1799
2021-11-15,San Luis Obispo,079,281455,30182,29669,1278,30947,351
2021-11-15,San Mateo,081,765935,54982,54010,905,54915,576
2021-11-15,Santa Barbara,083,443738,45253,44879,1559,46438,539
2021-11-15,Santa Clara,085,1922200,149686,148313,1414,149727,1914
2021-11-15,Santa Cruz,087,273765,20893,20630,1005,21635,223
2021-11-15,Shasta,089,179085,22135,21779,3645,25424,374
2021-11-15,Sierra,091,2930,194,189,21,210,0
2021-11-15,Siskiyou,093,43540,3402,3302,1310,4612,54
2021-11-15,Solano,095,438530,46563,45885,1297,47182,351
2021-11-15,Sonoma,097,501317,42301,42021,531,42552,401
2021-11-15,Stanislaus,099,539301,80048,80129,8963,89092,1174
2021-11-15,Sutter,101,95872,14053,14043,368,14411,181
2021-11-15,Tehama,103,63373,8711,8615,1500,10115,125
2021-11-15,Trinity,105,12862,881,757,214,971,17
2021-11-15,Tulare,107,460477,70052,68826,15395,84221,1039
2021-11-15,Tuolumne,109,53932,7521,7461,109,7570,90
2021-11-15,Ventura,111,848112,99406,98605,4303,102908,1183
2021-11-15,Yolo,113,214977,20247,20065,1092,21157,255
2021-11-15,Yuba,115,75493,10332,10254,353,10607,85
2021-11-14,Alameda,001,1643700,121189,120629,2793,123422,1461
2021-11-14,Alpine,003,1148,102,105,0,105,0
2021-11-14,Amador,005,37829,5645,5632,64,5696,66
2021-11-14,Butte,007,227075,21439,21146,3886,25032,296
2021-11-14,Calaveras,009,45235,4263,4222,58,4280,83
2021-11-14,Colusa,011,21464,2567,2532,647,3179,19
2021-11-14,Contra Costa,013,1133247,100742,100188,2222,102410,1038
2021-11-14,Del Norte,015,27424,3714,3629,54,3683,42
2021-11-14,El Dorado,017,186661,16433,16212,1739,17951,159
2021-11-14,Fresno,019,978130,143595,141869,12869,154738,2209
2021-11-14,Glenn,021,27897,3549,3521,1020,4541,34
2021-11-14,Humboldt,023,135768,9322,9215,600,9815,115
2021-11-14,Imperial,025,180216,34430,34078,3305,37383,766
2021-11-14,Inyo,027,18085,2479,2441,38,2479,42
2021-11-14,Kern,029,883053,130482,128842,22956,151798,1730
2021-11-14,Kings,031,150075,32948,32545,1954,34499,349
2021-11-14,Lake,033,64148,6858,6777,152,6929,109
2021-11-14,Lassen,035,31185,6985,6911,393,7304,47
2021-11-14,Los Angeles,037,10098052,1455853,1445284,54580,1499864,26667
2021-11-14,Madera,039,155013,23882,23566,2189,25755,287
2021-11-14,Marin,041,260295,17827,17712,467,18179,247
2021-11-14,Mariposa,043,17540,1383,1337,51,1388,6
2021-11-14,Mendocino,045,87422,7820,7684,617,8301,89
2021-11-14,Merced,047,269075,42635,42513,1999,44512,648
2021-11-14,Modoc,049,8938,558,538,200,738,5
2021-11-14,Mono,051,14174,1772,1760,21,1781,4
2021-11-14,Monterey,053,433212,49255,48135,3015,51150,609
2021-11-14,Napa,055,140530,13205,13132,113,13245,103
2021-11-14,Nevada,057,99092,9517,9408,332,9740,92
2021-11-14,Orange,059,3164182,311011,308699,15457,324156,5646
2021-11-14,Placer,061,380077,37971,37569,3729,41298,452
2021-11-14,Plumas,063,18699,1888,1829,42,1871,7
2021-11-14,Riverside,065,2383286,369199,364490,16396,380886,5199
2021-11-14,Sacramento,067,1510023,161791,160761,4697,165458,2295
2021-11-14,San Benito,069,59416,7510,7507,171,7678,77
2021-11-14,San Bernardino,071,2135413,359972,357014,11303,368317,5897
2021-11-14,San Diego,073,3302833,380010,377633,22289,399922,4280
2021-11-14,San Francisco,075,870044,53873,53338,2334,55672,667
2021-11-14,San Joaquin,077,732212,101239,100518,5432,105950,1799
2021-11-14,San Luis Obispo,079,281455,30101,29645,1274,30919,352
2021-11-14,San Mateo,081,765935,54929,53978,903,54881,576
2021-11-14,Santa Barbara,083,443738,45174,44842,1556,46398,539
2021-11-14,Santa Clara,085,1922200,149488,148152,1406,149558,1913
2021-11-14,Santa Cruz,087,273765,20839,20609,1003,21612,223
2021-11-14,Shasta,089,179085,22083,21771,3632,25403,373
2021-11-14,Sierra,091,2930,194,189,21,210,0
2021-11-14,Siskiyou,093,43540,3393,3302,1309,4611,54
2021-11-14,Solano,095,438530,46508,45860,1290,47150,351
2021-11-14,Sonoma,097,501317,42235,41974,529,42503,401
2021-11-14,Stanislaus,099,539301,79913,80076,8945,89021,1174
2021-11-14,Sutter,101,95872,14036,14031,363,14394,181
2021-11-14,Tehama,103,63373,8701,8607,1498,10105,125
2021-11-14,Trinity,105,12862,878,754,212,966,17
2021-11-14,Tulare,107,460477,69934,68772,15337,84109,1037
2021-11-14,Tuolumne,109,53932,7503,7439,108,7547,90
2021-11-14,Ventura,111,848112,99291,98550,4302,102852,1183
2021-11-14,Yolo,113,214977,20220,20040,1086,21126,255
2021-11-14,Yuba,115,75493,10325,10238,352,10590,85
2021-11-13,Alameda,001,1643700,121117,120407,2791,123198,1454
2021-11-13,Alpine,003,1148,102,105,0,105,0
2021-11-13,Amador,005,37829,5644,5614,64,5678,66
2021-11-13,Butte,007,227075,21418,21104,3883,24987,296
2021-11-13,Calaveras,009,45235,4252,4203,58,4261,83
2021-11-13,Colusa,011,21464,2565,2522,647,3169,19
2021-11-13,Contra Costa,013,1133247,100670,100004,2216,102220,1028
2021-11-13,Del Norte,015,27424,3714,3629,54,3683,42
2021-11-13,El Dorado,017,186661,16420,16163,1736,17899,159
2021-11-13,Fresno,019,978130,143488,141452,12855,154307,2205
2021-11-13,Glenn,021,27897,3549,3514,1019,4533,34
2021-11-13,Humboldt,023,135768,9306,9177,595,9772,115
2021-11-13,Imperial,025,180216,34380,33990,3288,37278,766
2021-11-13,Inyo,027,18085,2473,2436,38,2474,42
2021-11-13,Kern,029,883053,130380,128472,22912,151384,1719
2021-11-13,Kings,031,150075,32931,32452,1953,34405,347
2021-11-13,Lake,033,64148,6853,6769,152,6921,109
2021-11-13,Lassen,035,31185,6980,6897,393,7290,47
2021-11-13,Los Angeles,037,10098052,1455198,1443088,54540,1497628,26649
2021-11-13,Madera,039,155013,23851,23462,2184,25646,287
2021-11-13,Marin,041,260295,17814,17684,465,18149,247
2021-11-13,Mariposa,043,17540,1380,1323,51,1374,6
2021-11-13,Mendocino,045,87422,7801,7652,616,8268,89
2021-11-13,Merced,047,269075,42597,42411,1996,44407,644
2021-11-13,Modoc,049,8938,557,536,200,736,5
2021-11-13,Mono,051,14174,1768,1750,21,1771,4
2021-11-13,Monterey,053,433212,49229,48087,3013,51100,609
2021-11-13,Napa,055,140530,13197,13110,113,13223,103
2021-11-13,Nevada,057,99092,9497,9369,330,9699,92
2021-11-13,Orange,059,3164182,310845,308211,15429,323640,5641
2021-11-13,Placer,061,380077,37921,37453,3726,41179,445
2021-11-13,Plumas,063,18699,1885,1828,42,1870,8
2021-11-13,Riverside,065,2383286,368893,363801,16389,380190,5187
2021-11-13,Sacramento,067,1510023,161654,160397,4685,165082,2291
2021-11-13,San Benito,069,59416,7497,7491,170,7661,77
2021-11-13,San Bernardino,071,2135413,359719,356325,11296,367621,5873
2021-11-13,San Diego,073,3302833,379680,377633,22261,399894,4280
2021-11-13,San Francisco,075,870044,53841,53195,2333,55528,667
2021-11-13,San Joaquin,077,732212,101182,100263,5423,105686,1799
2021-11-13,San Luis Obispo,079,281455,30071,29589,1272,30861,351
2021-11-13,San Mateo,081,765935,54891,53853,902,54755,574
2021-11-13,Santa Barbara,083,443738,45141,44734,1556,46290,537
2021-11-13,Santa Clara,085,1922200,149368,147821,1401,149222,1905
2021-11-13,Santa Cruz,087,273765,20824,20565,1002,21567,223
2021-11-13,Shasta,089,179085,22052,21713,3628,25341,366
2021-11-13,Sierra,091,2930,193,188,21,209,0
2021-11-13,Siskiyou,093,43540,3384,3299,1308,4607,54
2021-11-13,Solano,095,438530,46479,45774,1286,47060,350
2021-11-13,Sonoma,097,501317,42201,41882,528,42410,399
2021-11-13,Stanislaus,099,539301,79838,79872,8931,88803,1174
2021-11-13,Sutter,101,95872,14026,14017,362,14379,181
2021-11-13,Tehama,103,63373,8695,8592,1494,10086,125
2021-11-13,Trinity,105,12862,877,749,212,961,17
2021-11-13,Tulare,107,460477,69869,68619,15314,83933,1033
2021-11-13,Tuolumne,109,53932,7485,7392,108,7500,90
2021-11-13,Ventura,111,848112,99233,98452,4299,102751,1183
2021-11-13,Yolo,113,214977,20206,20009,1081,21090,255
2021-11-13,Yuba,115,75493,10315,10218,350,10568,85
2021-11-12,Alameda,001,1643700,121033,120407,2788,123195,1454
2021-11-12,Alpine,003,1148,102,105,0,105,0
2021-11-12,Amador,005,37829,5640,5614,63,5677,66
2021-11-12,Butte,007,227075,21400,21104,3879,24983,296
2021-11-12,Calaveras,009,45235,4241,4203,58,4261,83
2021-11-12,Colusa,011,21464,2561,2522,646,3168,19
2021-11-12,Contra Costa,013,1133247,100616,100004,2215,102219,1028
2021-11-12,Del Norte,015,27424,3714,3629,54,3683,42
2021-11-12,El Dorado,017,186661,16401,16163,1735,17898,159
2021-11-12,Fresno,019,978130,143345,141452,12842,154294,2205
2021-11-12,Glenn,021,27897,3546,3514,1018,4532,34
2021-11-12,Humboldt,023,135768,9299,9177,593,9770,115
2021-11-12,Imperial,025,180216,34354,33990,3278,37268,766
2021-11-12,Inyo,027,18085,2469,2436,38,2474,42
2021-11-12,Kern,029,883053,130243,128472,22880,151352,1719
2021-11-12,Kings,031,150075,32905,32452,1951,34403,347
2021-11-12,Lake,033,64148,6849,6769,152,6921,109
2021-11-12,Lassen,035,31185,6976,6897,392,7289,47
2021-11-12,Los Angeles,037,10098052,1454471,1443088,54495,1497583,26649
2021-11-12,Madera,039,155013,23822,23462,2179,25641,287
2021-11-12,Marin,041,260295,17798,17684,464,18148,247
2021-11-12,Mariposa,043,17540,1373,1323,51,1374,6
2021-11-12,Mendocino,045,87422,7789,7652,613,8265,89
2021-11-12,Merced,047,269075,42568,42411,1994,44405,644
2021-11-12,Modoc,049,8938,556,536,200,736,5
2021-11-12,Mono,051,14174,1766,1750,21,1771,4
2021-11-12,Monterey,053,433212,49197,48087,3007,51094,609
2021-11-12,Napa,055,140530,13188,13110,113,13223,103
2021-11-12,Nevada,057,99092,9483,9369,329,9698,92
2021-11-12,Orange,059,3164182,310657,308211,15411,323622,5641
2021-11-12,Placer,061,380077,37882,37453,3723,41176,445
2021-11-12,Plumas,063,18699,1879,1828,42,1870,8
2021-11-12,Riverside,065,2383286,368626,363801,16385,380186,5187
2021-11-12,Sacramento,067,1510023,161495,160397,4680,165077,2291
2021-11-12,San Benito,069,59416,7497,7491,170,7661,77
2021-11-12,San Bernardino,071,2135413,359411,356325,11286,367611,5873
2021-11-12,San Diego,073,3302833,379313,377633,22239,399872,4280
2021-11-12,San Francisco,075,870044,53807,53195,2329,55524,667
2021-11-12,San Joaquin,077,732212,101137,100263,5417,105680,1799
2021-11-12,San Luis Obispo,079,281455,30042,29589,1271,30860,351
2021-11-12,San Mateo,081,765935,54841,53853,899,54752,574
2021-11-12,Santa Barbara,083,443738,45086,44734,1555,46289,537
2021-11-12,Santa Clara,085,1922200,149226,147821,1397,149218,1905
2021-11-12,Santa Cruz,087,273765,20796,20565,1000,21565,223
2021-11-12,Shasta,089,179085,22019,21713,3625,25338,366
2021-11-12,Sierra,091,2930,192,188,21,209,0
2021-11-12,Siskiyou,093,43540,3383,3299,1306,4605,54
2021-11-12,Solano,095,438530,46452,45774,1282,47056,350
2021-11-12,Sonoma,097,501317,42161,41882,528,42410,399
2021-11-12,Stanislaus,099,539301,79786,79872,8923,88795,1174
2021-11-12,Sutter,101,95872,14019,14017,362,14379,181
2021-11-12,Tehama,103,63373,8691,8592,1493,10085,125
2021-11-12,Trinity,105,12862,870,749,212,961,17
2021-11-12,Tulare,107,460477,69827,68619,15279,83898,1033
2021-11-12,Tuolumne,109,53932,7472,7392,107,7499,90
2021-11-12,Ventura,111,848112,99168,98452,4298,102750,1183
2021-11-12,Yolo,113,214977,20192,20009,1075,21084,255
2021-11-12,Yuba,115,75493,10306,10218,349,10567,85
2021-11-11,Alameda,001,1643700,120919,120147,2780,122927,1453
2021-11-11,Alpine,003,1148,102,105,0,105,0
2021-11-11,Amador,005,37829,5637,5603,62,5665,66
2021-11-11,Butte,007,227075,21357,21047,3872,24919,293
2021-11-11,Calaveras,009,45235,4223,4179,58,4237,83
2021-11-11,Colusa,011,21464,2553,2518,644,3162,19
2021-11-11,Contra Costa,013,1133247,100512,99808,2211,102019,1028
2021-11-11,Del Norte,015,27424,3712,3622,54,3676,42
2021-11-11,El Dorado,017,186661,16367,16085,1732,17817,159
2021-11-11,Fresno,019,978130,143140,140833,12808,153641,2202
2021-11-11,Glenn,021,27897,3544,3503,1017,4520,34
2021-11-11,Humboldt,023,135768,9276,9125,590,9715,115
2021-11-11,Imperial,025,180216,34285,33844,3256,37100,766
2021-11-11,Inyo,027,18085,2464,2428,38,2466,42
2021-11-11,Kern,029,883053,130058,128023,22817,150840,1709
2021-11-11,Kings,031,150075,32855,32318,1949,34267,345
2021-11-11,Lake,033,64148,6842,6745,152,6897,107
2021-11-11,Lassen,035,31185,6970,6875,392,7267,47
2021-11-11,Los Angeles,037,10098052,1453376,1440436,54438,1494874,26614
2021-11-11,Madera,039,155013,23774,23316,2171,25487,287
2021-11-11,Marin,041,260295,17788,17639,464,18103,247
2021-11-11,Mariposa,043,17540,1363,1317,51,1368,6
2021-11-11,Mendocino,045,87422,7774,7612,604,8216,89
2021-11-11,Merced,047,269075,42512,42292,1991,44283,643
2021-11-11,Modoc,049,8938,554,536,200,736,5
2021-11-11,Mono,051,14174,1762,1743,21,1764,4
2021-11-11,Monterey,053,433212,49162,48008,2995,51003,609
2021-11-11,Napa,055,140530,13180,13075,113,13188,103
2021-11-11,Nevada,057,99092,9461,9308,329,9637,92
2021-11-11,Orange,059,3164182,310383,307674,15374,323048,5633
2021-11-11,Placer,061,380077,37831,37333,3715,41048,440
2021-11-11,Plumas,063,18699,1875,1814,42,1856,7
2021-11-11,Riverside,065,2383286,368192,362930,16367,379297,5175
2021-11-11,Sacramento,067,1510023,161283,159962,4661,164623,2289
2021-11-11,San Benito,069,59416,7489,7473,170,7643,76
2021-11-11,San Bernardino,071,2135413,358981,355413,11273,366686,5849
2021-11-11,San Diego,073,3302833,378804,376428,22216,398644,4272
2021-11-11,San Francisco,075,870044,53748,53063,2328,55391,666
2021-11-11,San Joaquin,077,732212,101042,99937,5402,105339,1799
2021-11-11,San Luis Obispo,079,281455,29991,29532,1269,30801,351
2021-11-11,San Mateo,081,765935,54792,53722,894,54616,574
2021-11-11,Santa Barbara,083,443738,45028,44603,1552,46155,534
2021-11-11,Santa Clara,085,1922200,149044,147458,1391,148849,1901
2021-11-11,Santa Cruz,087,273765,20751,20479,1000,21479,222
2021-11-11,Shasta,089,179085,21972,21600,3623,25223,364
2021-11-11,Sierra,091,2930,191,186,21,207,0
2021-11-11,Siskiyou,093,43540,3377,3297,1305,4602,53
2021-11-11,Solano,095,438530,46415,45679,1281,46960,350
2021-11-11,Sonoma,097,501317,42124,41774,528,42302,395
2021-11-11,Stanislaus,099,539301,79704,79570,8907,88477,1166
2021-11-11,Sutter,101,95872,14005,13993,361,14354,181
2021-11-11,Tehama,103,63373,8679,8565,1491,10056,125
2021-11-11,Trinity,105,12862,869,748,212,960,17
2021-11-11,Tulare,107,460477,69734,68367,15243,83610,1028
2021-11-11,Tuolumne,109,53932,7459,7354,107,7461,90
2021-11-11,Ventura,111,848112,99090,98297,4291,102588,1182
2021-11-11,Yolo,113,214977,20165,19946,1073,21019,255
2021-11-11,Yuba,115,75493,10290,10191,349,10540,85
2021-11-10,Alameda,001,1643700,120810,120147,2771,122918,1453
2021-11-10,Alpine,003,1148,102,105,0,105,0
2021-11-10,Amador,005,37829,5631,5603,62,5665,66
2021-11-10,Butte,007,227075,21331,21047,3868,24915,293
2021-11-10,Calaveras,009,45235,4212,4179,58,4237,83
2021-11-10,Colusa,011,21464,2547,2518,644,3162,19
2021-11-10,Contra Costa,013,1133247,100429,99808,2207,102015,1028
2021-11-10,Del Norte,015,27424,3711,3622,54,3676,42
2021-11-10,El Dorado,017,186661,16351,16085,1731,17816,159
2021-11-10,Fresno,019,978130,142962,140833,12795,153628,2202
2021-11-10,Glenn,021,27897,3544,3503,1016,4519,34
2021-11-10,Humboldt,023,135768,9258,9125,590,9715,115
2021-11-10,Imperial,025,180216,34237,33844,3237,37081,766
2021-11-10,Inyo,027,18085,2457,2428,38,2466,42
2021-11-10,Kern,029,883053,129908,128023,22762,150785,1709
2021-11-10,Kings,031,150075,32822,32318,1947,34265,345
2021-11-10,Lake,033,64148,6832,6745,152,6897,107
2021-11-10,Lassen,035,31185,6965,6875,392,7267,47
2021-11-10,Los Angeles,037,10098052,1452428,1440436,54380,1494816,26614
2021-11-10,Madera,039,155013,23724,23316,2165,25481,287
2021-11-10,Marin,041,260295,17775,17639,462,18101,247
2021-11-10,Mariposa,043,17540,1357,1317,51,1368,6
2021-11-10,Mendocino,045,87422,7762,7612,603,8215,89
2021-11-10,Merced,047,269075,42477,42292,1989,44281,643
2021-11-10,Modoc,049,8938,553,536,199,735,5
2021-11-10,Mono,051,14174,1760,1743,21,1764,4
2021-11-10,Monterey,053,433212,49128,48008,2984,50992,609
2021-11-10,Napa,055,140530,13166,13075,112,13187,103
2021-11-10,Nevada,057,99092,9454,9308,327,9635,92
2021-11-10,Orange,059,3164182,310120,307674,15342,323016,5633
2021-11-10,Placer,061,380077,37785,37333,3708,41041,440
2021-11-10,Plumas,063,18699,1869,1814,41,1855,7
2021-11-10,Riverside,065,2383286,367811,362930,16361,379291,5175
2021-11-10,Sacramento,067,1510023,161128,159962,4651,164613,2289
2021-11-10,San Benito,069,59416,7481,7473,170,7643,76
2021-11-10,San Bernardino,071,2135413,358641,355413,11266,366679,5849
2021-11-10,San Diego,073,3302833,378400,376428,22194,398622,4272
2021-11-10,San Francisco,075,870044,53687,53063,2325,55388,666
2021-11-10,San Joaquin,077,732212,100936,99937,5397,105334,1799
2021-11-10,San Luis Obispo,079,281455,29960,29532,1268,30800,351
2021-11-10,San Mateo,081,765935,54739,53722,893,54615,574
2021-11-10,Santa Barbara,083,443738,44990,44603,1551,46154,534
2021-11-10,Santa Clara,085,1922200,148897,147458,1385,148843,1901
2021-11-10,Santa Cruz,087,273765,20724,20479,999,21478,222
2021-11-10,Shasta,089,179085,21936,21600,3621,25221,364
2021-11-10,Sierra,091,2930,190,186,21,207,0
2021-11-10,Siskiyou,093,43540,3375,3297,1305,4602,53
2021-11-10,Solano,095,438530,46385,45679,1279,46958,350
2021-11-10,Sonoma,097,501317,42073,41774,528,42302,395
2021-11-10,Stanislaus,099,539301,79602,79570,8891,88461,1166
2021-11-10,Sutter,101,95872,13997,13993,361,14354,181
2021-11-10,Tehama,103,63373,8667,8565,1485,10050,125
2021-11-10,Trinity,105,12862,865,748,211,959,17
2021-11-10,Tulare,107,460477,69674,68367,15204,83571,1028
2021-11-10,Tuolumne,109,53932,7435,7354,107,7461,90
2021-11-10,Ventura,111,848112,99019,98297,4291,102588,1182
2021-11-10,Yolo,113,214977,20146,19946,1072,21018,255
2021-11-10,Yuba,115,75493,10281,10191,349,10540,85
2021-11-09,Alameda,001,1643700,120673,120051,2762,122813,1450
2021-11-09,Alpine,003,1148,102,105,0,105,0
2021-11-09,Amador,005,37829,5625,5596,62,5658,66
2021-11-09,Butte,007,227075,21308,21022,3864,24886,291
2021-11-09,Calaveras,009,45235,4208,4174,58,4232,84
2021-11-09,Colusa,011,21464,2542,2517,643,3160,19
2021-11-09,Contra Costa,013,1133247,100334,99732,2199,101931,1028
2021-11-09,Del Norte,015,27424,3710,3620,54,3674,42
2021-11-09,El Dorado,017,186661,16313,16073,1726,17799,160
2021-11-09,Fresno,019,978130,142716,140666,12780,153446,2188
2021-11-09,Glenn,021,27897,3539,3499,1015,4514,34
2021-11-09,Humboldt,023,135768,9237,9112,585,9697,115
2021-11-09,Imperial,025,180216,34184,33751,3223,36974,766
2021-11-09,Inyo,027,18085,2453,2404,38,2442,42
2021-11-09,Kern,029,883053,129662,127901,22700,150601,1694
2021-11-09,Kings,031,150075,32755,32279,1943,34222,344
2021-11-09,Lake,033,64148,6823,6743,152,6895,106
2021-11-09,Lassen,035,31185,6953,6846,392,7238,47
2021-11-09,Los Angeles,037,10098052,1451166,1439125,54317,1493442,26581
2021-11-09,Madera,039,155013,23674,23285,2156,25441,287
2021-11-09,Marin,041,260295,17756,17630,460,18090,247
2021-11-09,Mariposa,043,17540,1349,1317,51,1368,5
2021-11-09,Mendocino,045,87422,7739,7598,597,8195,85
2021-11-09,Merced,047,269075,42436,42251,1983,44234,613
2021-11-09,Modoc,049,8938,552,536,197,733,5
2021-11-09,Mono,051,14174,1755,1738,21,1759,4
2021-11-09,Monterey,053,433212,49091,47975,2960,50935,609
2021-11-09,Napa,055,140530,13148,13051,112,13163,103
2021-11-09,Nevada,057,99092,9435,9288,327,9615,92
2021-11-09,Orange,059,3164182,309836,307412,15315,322727,5621
2021-11-09,Placer,061,380077,37730,37291,3691,40982,440
2021-11-09,Plumas,063,18699,1867,1802,41,1843,7
2021-11-09,Riverside,065,2383286,367345,362557,16347,378904,5160
2021-11-09,Sacramento,067,1510023,160886,159856,4642,164498,2286
2021-11-09,San Benito,069,59416,7471,7471,169,7640,76
2021-11-09,San Bernardino,071,2135413,358193,354972,11249,366221,5839
2021-11-09,San Diego,073,3302833,377905,375997,22168,398165,4272
2021-11-09,San Francisco,075,870044,53613,52996,2319,55315,666
2021-11-09,San Joaquin,077,732212,100762,99848,5384,105232,1794
2021-11-09,San Luis Obispo,079,281455,29918,29488,1267,30755,350
2021-11-09,San Mateo,081,765935,54692,53697,884,54581,574
2021-11-09,Santa Barbara,083,443738,44923,44579,1544,46123,533
2021-11-09,Santa Clara,085,1922200,148691,147281,1378,148659,1901
2021-11-09,Santa Cruz,087,273765,20690,20463,998,21461,222
2021-11-09,Shasta,089,179085,21881,21558,3616,25174,364
2021-11-09,Sierra,091,2930,190,186,21,207,0
2021-11-09,Siskiyou,093,43540,3373,3295,1303,4598,52
2021-11-09,Solano,095,438530,46330,45639,1278,46917,350
2021-11-09,Sonoma,097,501317,42016,41727,526,42253,395
2021-11-09,Stanislaus,099,539301,79496,79505,8874,88379,1165
2021-11-09,Sutter,101,95872,13982,13988,359,14347,180
2021-11-09,Tehama,103,63373,8649,8555,1483,10038,125
2021-11-09,Trinity,105,12862,864,746,211,957,17
2021-11-09,Tulare,107,460477,69568,68298,15164,83462,1024
2021-11-09,Tuolumne,109,53932,7415,7347,107,7454,90
2021-11-09,Ventura,111,848112,98941,98202,4286,102488,1182
2021-11-09,Yolo,113,214977,20122,19931,1068,20999,255
2021-11-09,Yuba,115,75493,10264,10175,343,10518,85
2021-11-08,Alameda,001,1643700,120530,119983,2756,122739,1447
2021-11-08,Alpine,003,1148,102,105,0,105,0
2021-11-08,Amador,005,37829,5619,5590,62,5652,66
2021-11-08,Butte,007,227075,21280,21000,3856,24856,288
2021-11-08,Calaveras,009,45235,4200,4166,58,4224,82
2021-11-08,Colusa,011,21464,2541,2514,642,3156,19
2021-11-08,Contra Costa,013,1133247,100230,99669,2195,101864,1028
2021-11-08,Del Norte,015,27424,3706,3619,54,3673,42
2021-11-08,El Dorado,017,186661,16294,16055,1721,17776,156
2021-11-08,Fresno,019,978130,142415,140466,12758,153224,2179
2021-11-08,Glenn,021,27897,3537,3496,1011,4507,34
2021-11-08,Humboldt,023,135768,9210,9095,575,9670,109
2021-11-08,Imperial,025,180216,34104,33690,3205,36895,766
2021-11-08,Inyo,027,18085,2446,2398,38,2436,41
2021-11-08,Kern,029,883053,129426,127722,22617,150339,1692
2021-11-08,Kings,031,150075,32709,32248,1942,34190,344
2021-11-08,Lake,033,64148,6817,6737,152,6889,106
2021-11-08,Lassen,035,31185,6946,6830,390,7220,46
2021-11-08,Los Angeles,037,10098052,1449822,1438322,54258,1492580,26575
2021-11-08,Madera,039,155013,23625,23253,2145,25398,287
2021-11-08,Marin,041,260295,17739,17617,457,18074,247
2021-11-08,Mariposa,043,17540,1341,1316,50,1366,5
2021-11-08,Mendocino,045,87422,7726,7581,591,8172,85
2021-11-08,Merced,047,269075,42366,42224,1973,44197,607
2021-11-08,Modoc,049,8938,551,529,197,726,5
2021-11-08,Mono,051,14174,1751,1739,21,1760,4
2021-11-08,Monterey,053,433212,49050,47942,2940,50882,602
2021-11-08,Napa,055,140530,13134,13045,112,13157,103
2021-11-08,Nevada,057,99092,9416,9278,325,9603,92
2021-11-08,Orange,059,3164182,309564,307156,15284,322440,5616
2021-11-08,Placer,061,380077,37676,37250,3688,40938,439
2021-11-08,Plumas,063,18699,1866,1788,40,1828,7
2021-11-08,Riverside,065,2383286,366890,362201,16333,378534,5152
2021-11-08,Sacramento,067,1510023,160670,159735,4622,164357,2275
2021-11-08,San Benito,069,59416,7469,7461,169,7630,75
2021-11-08,San Bernardino,071,2135413,357682,354741,11231,365972,5836
2021-11-08,San Diego,073,3302833,377343,375557,22121,397678,4259
2021-11-08,San Francisco,075,870044,53560,52942,2313,55255,666
2021-11-08,San Joaquin,077,732212,100646,99736,5382,105118,1794
2021-11-08,San Luis Obispo,079,281455,29866,29464,1262,30726,350
2021-11-08,San Mateo,081,765935,54619,53658,879,54537,574
2021-11-08,Santa Barbara,083,443738,44869,44548,1543,46091,532
2021-11-08,Santa Clara,085,1922200,148465,147183,1372,148555,1899
2021-11-08,Santa Cruz,087,273765,20661,20435,998,21433,222
2021-11-08,Shasta,089,179085,21834,21504,3610,25114,354
2021-11-08,Sierra,091,2930,190,183,21,204,0
2021-11-08,Siskiyou,093,43540,3369,3290,1292,4582,50
2021-11-08,Solano,095,438530,46289,45613,1274,46887,350
2021-11-08,Sonoma,097,501317,41948,41669,525,42194,395
2021-11-08,Stanislaus,099,539301,79344,79417,8860,88277,1150
2021-11-08,Sutter,101,95872,13974,13976,355,14331,180
2021-11-08,Tehama,103,63373,8640,8534,1483,10017,123
2021-11-08,Trinity,105,12862,864,743,210,953,13
2021-11-08,Tulare,107,460477,69451,68199,15126,83325,1020
2021-11-08,Tuolumne,109,53932,7396,7328,106,7434,90
2021-11-08,Ventura,111,848112,98848,98144,4284,102428,1182
2021-11-08,Yolo,113,214977,20084,19916,1063,20979,255
2021-11-08,Yuba,115,75493,10253,10172,340,10512,83
2021-11-07,Alameda,001,1643700,120373,119902,2750,122652,1444
2021-11-07,Alpine,003,1148,102,105,0,105,0
2021-11-07,Amador,005,37829,5611,5580,60,5640,66
2021-11-07,Butte,007,227075,21239,20969,3847,24816,288
2021-11-07,Calaveras,009,45235,4173,4158,57,4215,82
2021-11-07,Colusa,011,21464,2535,2511,640,3151,19
2021-11-07,Contra Costa,013,1133247,100119,99596,2186,101782,1028
2021-11-07,Del Norte,015,27424,3704,3617,54,3671,42
2021-11-07,El Dorado,017,186661,16257,16040,1718,17758,156
2021-11-07,Fresno,019,978130,142073,140263,12731,152994,2179
2021-11-07,Glenn,021,27897,3530,3493,1010,4503,34
2021-11-07,Humboldt,023,135768,9185,9074,571,9645,109
2021-11-07,Imperial,025,180216,34031,33674,3186,36860,766
2021-11-07,Inyo,027,18085,2433,2394,38,2432,41
2021-11-07,Kern,029,883053,129154,127583,22526,150109,1692
2021-11-07,Kings,031,150075,32618,32221,1939,34160,343
2021-11-07,Lake,033,64148,6801,6734,151,6885,106
2021-11-07,Lassen,035,31185,6938,6819,386,7205,46
2021-11-07,Los Angeles,037,10098052,1448328,1437314,54182,1491496,26573
2021-11-07,Madera,039,155013,23580,23225,2137,25362,287
2021-11-07,Marin,041,260295,17719,17594,456,18050,247
2021-11-07,Mariposa,043,17540,1339,1306,50,1356,5
2021-11-07,Mendocino,045,87422,7698,7567,587,8154,85
2021-11-07,Merced,047,269075,42288,42186,1942,44128,607
2021-11-07,Modoc,049,8938,548,528,196,724,5
2021-11-07,Mono,051,14174,1745,1739,21,1760,4
2021-11-07,Monterey,053,433212,48998,47924,2936,50860,602
2021-11-07,Napa,055,140530,13113,13041,112,13153,103
2021-11-07,Nevada,057,99092,9368,9254,325,9579,92
2021-11-07,Orange,059,3164182,309240,306954,15246,322200,5616
2021-11-07,Placer,061,380077,37600,37202,3673,40875,439
2021-11-07,Plumas,063,18699,1859,1787,39,1826,7
2021-11-07,Riverside,065,2383286,366353,361960,16313,378273,5152
2021-11-07,Sacramento,067,1510023,160438,159549,4605,164154,2277
2021-11-07,San Benito,069,59416,7456,7460,169,7629,75
2021-11-07,San Bernardino,071,2135413,357174,354488,11208,365696,5832
2021-11-07,San Diego,073,3302833,376762,375165,22088,397253,4250
2021-11-07,San Francisco,075,870044,53476,52868,2307,55175,666
2021-11-07,San Joaquin,077,732212,100461,99696,5376,105072,1794
2021-11-07,San Luis Obispo,079,281455,29816,29454,1258,30712,350
2021-11-07,San Mateo,081,765935,54560,53600,877,54477,574
2021-11-07,Santa Barbara,083,443738,44806,44501,1542,46043,532
2021-11-07,Santa Clara,085,1922200,148261,147054,1359,148413,1898
2021-11-07,Santa Cruz,087,273765,20603,20397,997,21394,222
2021-11-07,Shasta,089,179085,21786,21479,3604,25083,354
2021-11-07,Sierra,091,2930,188,183,21,204,0
2021-11-07,Siskiyou,093,43540,3363,3289,1290,4579,51
2021-11-07,Solano,095,438530,46234,45582,1267,46849,350
2021-11-07,Sonoma,097,501317,41898,41630,524,42154,395
2021-11-07,Stanislaus,099,539301,79189,79351,8838,88189,1150
2021-11-07,Sutter,101,95872,13961,13964,352,14316,180
2021-11-07,Tehama,103,63373,8615,8528,1481,10009,121
2021-11-07,Trinity,105,12862,863,742,209,951,13
2021-11-07,Tulare,107,460477,69298,68145,15084,83229,1020
2021-11-07,Tuolumne,109,53932,7378,7300,104,7404,90
2021-11-07,Ventura,111,848112,98757,98085,4282,102367,1182
2021-11-07,Yolo,113,214977,20064,19899,1058,20957,255
2021-11-07,Yuba,115,75493,10236,10162,335,10497,83
2021-11-06,Alameda,001,1643700,120309,119499,2747,122246,1436
2021-11-06,Alpine,003,1148,102,105,0,105,0
2021-11-06,Amador,005,37829,5605,5557,60,5617,66
2021-11-06,Butte,007,227075,21219,20796,3843,24639,288
2021-11-06,Calaveras,009,45235,4165,4105,57,4162,82
2021-11-06,Colusa,011,21464,2534,2501,639,3140,19
2021-11-06,Contra Costa,013,1133247,100064,99282,2184,101466,1025
2021-11-06,Del Norte,015,27424,3701,3607,54,3661,42
2021-11-06,El Dorado,017,186661,16240,15958,1718,17676,156
2021-11-06,Fresno,019,978130,141955,139249,12726,151975,2170
2021-11-06,Glenn,021,27897,3527,3479,1010,4489,33
2021-11-06,Humboldt,023,135768,9173,8972,567,9539,109
2021-11-06,Imperial,025,180216,33987,33471,3180,36651,766
2021-11-06,Inyo,027,18085,2427,2353,38,2391,41
2021-11-06,Kern,029,883053,129020,126848,22474,149322,1684
2021-11-06,Kings,031,150075,32585,32018,1934,33952,342
2021-11-06,Lake,033,64148,6799,6695,151,6846,106
2021-11-06,Lassen,035,31185,6933,6796,385,7181,46
2021-11-06,Los Angeles,037,10098052,1447557,1433081,54140,1487221,26533
2021-11-06,Madera,039,155013,23544,22994,2127,25121,287
2021-11-06,Marin,041,260295,17700,17520,453,17973,247
2021-11-06,Mariposa,043,17540,1337,1282,50,1332,5
2021-11-06,Mendocino,045,87422,7676,7486,587,8073,85
2021-11-06,Merced,047,269075,42264,41958,1934,43892,604
2021-11-06,Modoc,049,8938,547,523,196,719,5
2021-11-06,Mono,051,14174,1743,1725,21,1746,4
2021-11-06,Monterey,053,433212,48966,47830,2926,50756,602
2021-11-06,Napa,055,140530,13103,12950,112,13062,103
2021-11-06,Nevada,057,99092,9346,9169,324,9493,91
2021-11-06,Orange,059,3164182,309033,306049,15220,321269,5611
2021-11-06,Placer,061,380077,37559,36967,3670,40637,438
2021-11-06,Plumas,063,18699,1855,1755,38,1793,7
2021-11-06,Riverside,065,2383286,366035,360584,16305,376889,5138
2021-11-06,Sacramento,067,1510023,160345,158766,4600,163366,2263
2021-11-06,San Benito,069,59416,7449,7429,169,7598,75
2021-11-06,San Bernardino,071,2135413,356905,353142,11204,364346,5813
2021-11-06,San Diego,073,3302833,376426,373423,22070,395493,4246
2021-11-06,San Francisco,075,870044,53423,52556,2304,54860,666
2021-11-06,San Joaquin,077,732212,100403,99372,5375,104747,1782
2021-11-06,San Luis Obispo,079,281455,29788,29335,1254,30589,350
2021-11-06,San Mateo,081,765935,54525,53442,876,54318,574
2021-11-06,Santa Barbara,083,443738,44770,44301,1541,45842,532
2021-11-06,Santa Clara,085,1922200,148116,146519,1354,147873,1894
2021-11-06,Santa Cruz,087,273765,20584,20311,995,21306,222
2021-11-06,Shasta,089,179085,21767,21281,3599,24880,349
2021-11-06,Sierra,091,2930,188,181,21,202,0
2021-11-06,Siskiyou,093,43540,3363,3279,1288,4567,48
2021-11-06,Solano,095,438530,46204,45465,1266,46731,350
2021-11-06,Sonoma,097,501317,41848,41398,523,41921,395
2021-11-06,Stanislaus,099,539301,79121,78902,8830,87732,1193
2021-11-06,Sutter,101,95872,13957,13908,351,14259,180
2021-11-06,Tehama,103,63373,8604,8474,1479,9953,120
2021-11-06,Trinity,105,12862,860,732,209,941,11
2021-11-06,Tulare,107,460477,69248,67767,15055,82822,1010
2021-11-06,Tuolumne,109,53932,7366,7245,104,7349,90
2021-11-06,Ventura,111,848112,98690,97770,4277,102047,1180
2021-11-06,Yolo,113,214977,20047,19827,1054,20881,255
2021-11-06,Yuba,115,75493,10222,10107,335,10442,83
2021-11-05,Alameda,001,1643700,120225,119499,2745,122244,1436
2021-11-05,Alpine,003,1148,102,105,0,105,0
2021-11-05,Amador,005,37829,5600,5557,60,5617,66
2021-11-05,Butte,007,227075,21206,20796,3842,24638,288
2021-11-05,Calaveras,009,45235,4160,4105,57,4162,82
2021-11-05,Colusa,011,21464,2534,2501,638,3139,19
2021-11-05,Contra Costa,013,1133247,99999,99282,2182,101464,1025
2021-11-05,Del Norte,015,27424,3699,3607,54,3661,42
2021-11-05,El Dorado,017,186661,16223,15958,1712,17670,156
2021-11-05,Fresno,019,978130,141777,139249,12716,151965,2170
2021-11-05,Glenn,021,27897,3527,3479,1009,4488,33
2021-11-05,Humboldt,023,135768,9159,8972,567,9539,109
2021-11-05,Imperial,025,180216,33951,33471,3177,36648,766
2021-11-05,Inyo,027,18085,2419,2353,38,2391,41
2021-11-05,Kern,029,883053,128893,126848,22419,149267,1684
2021-11-05,Kings,031,150075,32561,32018,1933,33951,342
2021-11-05,Lake,033,64148,6793,6695,151,6846,106
2021-11-05,Lassen,035,31185,6929,6796,384,7180,46
2021-11-05,Los Angeles,037,10098052,1446735,1433081,54103,1487184,26533
2021-11-05,Madera,039,155013,23506,22994,2126,25120,287
2021-11-05,Marin,041,260295,17678,17520,452,17972,247
2021-11-05,Mariposa,043,17540,1334,1282,49,1331,5
2021-11-05,Mendocino,045,87422,7665,7486,586,8072,85
2021-11-05,Merced,047,269075,42238,41958,1925,43883,604
2021-11-05,Modoc,049,8938,547,523,196,719,5
2021-11-05,Mono,051,14174,1742,1725,21,1746,4
2021-11-05,Monterey,053,433212,48936,47830,2924,50754,602
2021-11-05,Napa,055,140530,13081,12950,112,13062,103
2021-11-05,Nevada,057,99092,9333,9169,324,9493,91
2021-11-05,Orange,059,3164182,308836,306049,15198,321247,5611
2021-11-05,Placer,061,380077,37532,36967,3661,40628,438
2021-11-05,Plumas,063,18699,1847,1755,38,1793,7
2021-11-05,Riverside,065,2383286,365694,360584,16295,376879,5138
2021-11-05,Sacramento,067,1510023,160223,158766,4594,163360,2263
2021-11-05,San Benito,069,59416,7447,7429,168,7597,75
2021-11-05,San Bernardino,071,2135413,356575,353142,11194,364336,5813
2021-11-05,San Diego,073,3302833,376073,373423,22058,395481,4246
2021-11-05,San Francisco,075,870044,53372,52556,2301,54857,666
2021-11-05,San Joaquin,077,732212,100350,99372,5366,104738,1782
2021-11-05,San Luis Obispo,079,281455,29765,29335,1254,30589,350
2021-11-05,San Mateo,081,765935,54483,53442,874,54316,574
2021-11-05,Santa Barbara,083,443738,44725,44301,1540,45841,532
2021-11-05,Santa Clara,085,1922200,147979,146519,1353,147872,1894
2021-11-05,Santa Cruz,087,273765,20560,20311,994,21305,222
2021-11-05,Shasta,089,179085,21735,21281,3594,24875,349
2021-11-05,Sierra,091,2930,188,181,21,202,0
2021-11-05,Siskiyou,093,43540,3358,3279,1287,4566,48
2021-11-05,Solano,095,438530,46159,45465,1264,46729,350
2021-11-05,Sonoma,097,501317,41808,41398,523,41921,395
2021-11-05,Stanislaus,099,539301,79063,78902,8818,87720,1193
2021-11-05,Sutter,101,95872,13949,13908,350,14258,180
2021-11-05,Tehama,103,63373,8597,8474,1478,9952,120
2021-11-05,Trinity,105,12862,860,732,209,941,11
2021-11-05,Tulare,107,460477,69176,67767,15018,82785,1010
2021-11-05,Tuolumne,109,53932,7349,7245,103,7348,90
2021-11-05,Ventura,111,848112,98650,97770,4274,102044,1180
2021-11-05,Yolo,113,214977,20036,19827,1053,20880,255
2021-11-05,Yuba,115,75493,10209,10107,333,10440,83
2021-11-04,Alameda,001,1643700,120108,119499,2739,122238,1436
2021-11-04,Alpine,003,1148,102,105,0,105,0
2021-11-04,Amador,005,37829,5592,5557,60,5617,66
2021-11-04,Butte,007,227075,21164,20796,3831,24627,288
2021-11-04,Calaveras,009,45235,4146,4105,55,4160,82
2021-11-04,Colusa,011,21464,2528,2501,637,3138,19
2021-11-04,Contra Costa,013,1133247,99908,99282,2177,101459,1025
2021-11-04,Del Norte,015,27424,3696,3607,54,3661,42
2021-11-04,El Dorado,017,186661,16197,15958,1708,17666,156
2021-11-04,Fresno,019,978130,141495,139249,12707,151956,2170
2021-11-04,Glenn,021,27897,3522,3479,1008,4487,33
2021-11-04,Humboldt,023,135768,9134,8972,564,9536,109
2021-11-04,Imperial,025,180216,33894,33471,3168,36639,766
2021-11-04,Inyo,027,18085,2411,2353,38,2391,41
2021-11-04,Kern,029,883053,128661,126848,22351,149199,1684
2021-11-04,Kings,031,150075,32482,32018,1924,33942,342
2021-11-04,Lake,033,64148,6783,6695,149,6844,106
2021-11-04,Lassen,035,31185,6919,6796,379,7175,46
2021-11-04,Los Angeles,037,10098052,1445416,1433081,54024,1487105,26533
2021-11-04,Madera,039,155013,23451,22994,2115,25109,287
2021-11-04,Marin,041,260295,17666,17520,450,17970,247
2021-11-04,Mariposa,043,17540,1327,1282,49,1331,5
2021-11-04,Mendocino,045,87422,7652,7486,580,8066,85
2021-11-04,Merced,047,269075,42184,41958,1921,43879,604
2021-11-04,Modoc,049,8938,546,523,196,719,5
2021-11-04,Mono,051,14174,1737,1725,21,1746,4
2021-11-04,Monterey,053,433212,48892,47830,2908,50738,602
2021-11-04,Napa,055,140530,13060,12950,112,13062,103
2021-11-04,Nevada,057,99092,9302,9169,323,9492,91
2021-11-04,Orange,059,3164182,308588,306049,15180,321229,5611
2021-11-04,Placer,061,380077,37460,36967,3652,40619,438
2021-11-04,Plumas,063,18699,1839,1755,34,1789,7
2021-11-04,Riverside,065,2383286,365296,360584,16286,376870,5138
2021-11-04,Sacramento,067,1510023,159989,158766,4574,163340,2263
2021-11-04,San Benito,069,59416,7441,7429,168,7597,75
2021-11-04,San Bernardino,071,2135413,356138,353142,11186,364328,5813
2021-11-04,San Diego,073,3302833,375604,373423,22037,395460,4246
2021-11-04,San Francisco,075,870044,53291,52556,2297,54853,666
2021-11-04,San Joaquin,077,732212,100243,99372,5354,104726,1782
2021-11-04,San Luis Obispo,079,281455,29741,29335,1248,30583,350
2021-11-04,San Mateo,081,765935,54424,53442,868,54310,574
2021-11-04,Santa Barbara,083,443738,44669,44301,1540,45841,532
2021-11-04,Santa Clara,085,1922200,147825,146519,1349,147868,1894
2021-11-04,Santa Cruz,087,273765,20525,20311,994,21305,222
2021-11-04,Shasta,089,179085,21677,21281,3588,24869,349
2021-11-04,Sierra,091,2930,186,181,21,202,0
2021-11-04,Siskiyou,093,43540,3354,3279,1280,4559,48
2021-11-04,Solano,095,438530,46117,45465,1263,46728,350
2021-11-04,Sonoma,097,501317,41748,41398,523,41921,395
2021-11-04,Stanislaus,099,539301,78925,78902,8810,87712,1193
2021-11-04,Sutter,101,95872,13938,13908,348,14256,180
2021-11-04,Tehama,103,63373,8588,8474,1474,9948,120
2021-11-04,Trinity,105,12862,859,732,209,941,11
2021-11-04,Tulare,107,460477,69061,67767,14972,82739,1010
2021-11-04,Tuolumne,109,53932,7327,7245,101,7346,90
2021-11-04,Ventura,111,848112,98562,97770,4271,102041,1180
2021-11-04,Yolo,113,214977,20011,19827,1048,20875,255
2021-11-04,Yuba,115,75493,10195,10107,331,10438,83
2021-11-03,Alameda,001,1643700,119967,119356,2735,122091,1428
2021-11-03,Alpine,003,1148,102,105,0,105,0
2021-11-03,Amador,005,37829,5586,5545,59,5604,66
2021-11-03,Butte,007,227075,21119,20769,3822,24591,284
2021-11-03,Calaveras,009,45235,4128,4087,54,4141,82
2021-11-03,Colusa,011,21464,2522,2499,637,3136,20
2021-11-03,Contra Costa,013,1133247,99809,99168,2172,101340,1025
2021-11-03,Del Norte,015,27424,3694,3600,53,3653,42
2021-11-03,El Dorado,017,186661,16170,15915,1704,17619,156
2021-11-03,Fresno,019,978130,141133,138873,12685,151558,2166
2021-11-03,Glenn,021,27897,3518,3470,1008,4478,33
2021-11-03,Humboldt,023,135768,9117,8949,559,9508,109
2021-11-03,Imperial,025,180216,33822,33402,3158,36560,766
2021-11-03,Inyo,027,18085,2390,2344,38,2382,41
2021-11-03,Kern,029,883053,128401,126523,22251,148774,1681
2021-11-03,Kings,031,150075,32428,31923,1917,33840,341
2021-11-03,Lake,033,64148,6767,6685,149,6834,106
2021-11-03,Lassen,035,31185,6902,6782,374,7156,46
2021-11-03,Los Angeles,037,10098052,1444063,1431209,53940,1485149,26517
2021-11-03,Madera,039,155013,23383,22893,2106,24999,287
2021-11-03,Marin,041,260295,17645,17491,446,17937,247
2021-11-03,Mariposa,043,17540,1317,1276,49,1325,5
2021-11-03,Mendocino,045,87422,7636,7457,572,8029,84
2021-11-03,Merced,047,269075,42123,41849,1911,43760,597
2021-11-03,Modoc,049,8938,546,521,194,715,5
2021-11-03,Mono,051,14174,1733,1719,21,1740,4
2021-11-03,Monterey,053,433212,48842,47794,2895,50689,601
2021-11-03,Napa,055,140530,13048,12937,111,13048,103
2021-11-03,Nevada,057,99092,9275,9131,322,9453,91
2021-11-03,Orange,059,3164182,308277,305661,15148,320809,5607
2021-11-03,Placer,061,380077,37390,36868,3647,40515,438
2021-11-03,Plumas,063,18699,1828,1739,33,1772,7
2021-11-03,Riverside,065,2383286,364838,360060,16282,376342,5131
2021-11-03,Sacramento,067,1510023,159765,158311,4564,162875,2259
2021-11-03,San Benito,069,59416,7433,7419,168,7587,75
2021-11-03,San Bernardino,071,2135413,355662,352225,11166,363391,5813
2021-11-03,San Diego,073,3302833,375104,372951,22014,394965,4241
2021-11-03,San Francisco,075,870044,53199,52493,2292,54785,663
2021-11-03,San Joaquin,077,732212,100131,99188,5344,104532,1776
2021-11-03,San Luis Obispo,079,281455,29699,29276,1242,30518,348
2021-11-03,San Mateo,081,765935,54360,53396,862,54258,571
2021-11-03,Santa Barbara,083,443738,44612,44220,1537,45757,531
2021-11-03,Santa Clara,085,1922200,147655,146259,1342,147601,1897
2021-11-03,Santa Cruz,087,273765,20490,20275,994,21269,222
2021-11-03,Shasta,089,179085,21619,21215,3581,24796,346
2021-11-03,Sierra,091,2930,184,180,21,201,0
2021-11-03,Siskiyou,093,43540,3350,3276,1278,4554,46
2021-11-03,Solano,095,438530,46090,45411,1261,46672,351
2021-11-03,Sonoma,097,501317,41671,41326,521,41847,395
2021-11-03,Stanislaus,099,539301,78794,78736,8794,87530,1193
2021-11-03,Sutter,101,95872,13925,13876,346,14222,179
2021-11-03,Tehama,103,63373,8576,8438,1474,9912,118
2021-11-03,Trinity,105,12862,858,730,209,939,11
2021-11-03,Tulare,107,460477,68933,67588,14931,82519,1007
2021-11-03,Tuolumne,109,53932,7309,7218,99,7317,90
2021-11-03,Ventura,111,848112,98454,97682,4267,101949,1178
2021-11-03,Yolo,113,214977,19993,19758,1040,20798,250
2021-11-03,Yuba,115,75493,10183,10092,331,10423,83
2021-11-02,Alameda,001,1643700,119822,119241,2729,121970,1425
2021-11-02,Alpine,003,1148,101,105,0,105,0
2021-11-02,Amador,005,37829,5581,5535,59,5594,66
2021-11-02,Butte,007,227075,21075,20744,3811,24555,282
2021-11-02,Calaveras,009,45235,4105,4075,54,4129,82
2021-11-02,Colusa,011,21464,2517,2497,636,3133,19
2021-11-02,Contra Costa,013,1133247,99705,99080,2160,101240,1025
2021-11-02,Del Norte,015,27424,3692,3596,53,3649,42
2021-11-02,El Dorado,017,186661,16141,15883,1704,17587,154
2021-11-02,Fresno,019,978130,140809,138644,12654,151298,2158
2021-11-02,Glenn,021,27897,3510,3469,1005,4474,33
2021-11-02,Humboldt,023,135768,9075,8937,558,9495,109
2021-11-02,Imperial,025,180216,33749,33371,3146,36517,766
2021-11-02,Inyo,027,18085,2383,2324,38,2362,41
2021-11-02,Kern,029,883053,128146,126311,22131,148442,1665
2021-11-02,Kings,031,150075,32369,31896,1912,33808,339
2021-11-02,Lake,033,64148,6762,6681,148,6829,106
2021-11-02,Lassen,035,31185,6890,6777,371,7148,45
2021-11-02,Los Angeles,037,10098052,1442617,1429601,53864,1483465,26496
2021-11-02,Madera,039,155013,23302,22837,2095,24932,287
2021-11-02,Marin,041,260295,17617,17482,446,17928,247
2021-11-02,Mariposa,043,17540,1306,1270,48,1318,5
2021-11-02,Mendocino,045,87422,7612,7447,560,8007,84
2021-11-02,Merced,047,269075,42056,41785,1903,43688,596
2021-11-02,Modoc,049,8938,543,520,193,713,5
2021-11-02,Mono,051,14174,1729,1718,21,1739,4
2021-11-02,Monterey,053,433212,48791,47775,2877,50652,599
2021-11-02,Napa,055,140530,13030,12930,111,13041,104
2021-11-02,Nevada,057,99092,9245,9122,321,9443,91
2021-11-02,Orange,059,3164182,307961,305369,15103,320472,5600
2021-11-02,Placer,061,380077,37318,36817,3632,40449,438
2021-11-02,Plumas,063,18699,1817,1721,33,1754,7
2021-11-02,Riverside,065,2383286,364384,359586,16263,375849,5116
2021-11-02,Sacramento,067,1510023,159509,158112,4542,162654,2250
2021-11-02,San Benito,069,59416,7417,7407,168,7575,75
2021-11-02,San Bernardino,071,2135413,355188,351832,11113,362945,5813
2021-11-02,San Diego,073,3302833,374519,372440,21984,394424,4232
2021-11-02,San Francisco,075,870044,53080,52450,2288,54738,663
2021-11-02,San Joaquin,077,732212,99997,99076,5333,104409,1772
2021-11-02,San Luis Obispo,079,281455,29666,29224,1238,30462,348
2021-11-02,San Mateo,081,765935,54288,53351,859,54210,571
2021-11-02,Santa Barbara,083,443738,44556,44177,1534,45711,531
2021-11-02,Santa Clara,085,1922200,147461,146115,1335,147450,1896
2021-11-02,Santa Cruz,087,273765,20457,20266,993,21259,222
2021-11-02,Shasta,089,179085,21545,21127,3571,24698,344
2021-11-02,Sierra,091,2930,184,180,20,200,0
2021-11-02,Siskiyou,093,43540,3348,3272,1275,4547,46
2021-11-02,Solano,095,438530,46050,45378,1255,46633,350
2021-11-02,Sonoma,097,501317,41590,41288,520,41808,395
2021-11-02,Stanislaus,099,539301,78639,78629,8774,87403,1193
2021-11-02,Sutter,101,95872,13905,13868,346,14214,179
2021-11-02,Tehama,103,63373,8560,8422,1471,9893,116
2021-11-02,Trinity,105,12862,858,729,209,938,11
2021-11-02,Tulare,107,460477,68808,67502,14883,82385,1002
2021-11-02,Tuolumne,109,53932,7288,7204,97,7301,90
2021-11-02,Ventura,111,848112,98349,97574,4263,101837,1178
2021-11-02,Yolo,113,214977,19963,19736,1038,20774,250
2021-11-02,Yuba,115,75493,10160,10080,329,10409,83
2021-11-01,Alameda,001,1643700,119683,119159,2726,121885,1421
2021-11-01,Alpine,003,1148,101,105,0,105,0
2021-11-01,Amador,005,37829,5579,5532,59,5591,64
2021-11-01,Butte,007,227075,21025,20710,3805,24515,281
2021-11-01,Calaveras,009,45235,4095,4059,53,4112,82
2021-11-01,Colusa,011,21464,2515,2494,633,3127,19
2021-11-01,Contra Costa,013,1133247,99581,99011,2152,101163,1025
2021-11-01,Del Norte,015,27424,3690,3594,53,3647,42
2021-11-01,El Dorado,017,186661,16117,15858,1699,17557,154
2021-11-01,Fresno,019,978130,140433,138421,12618,151039,2149
2021-11-01,Glenn,021,27897,3502,3461,1003,4464,33
2021-11-01,Humboldt,023,135768,9047,8929,555,9484,108
2021-11-01,Imperial,025,180216,33699,33342,3137,36479,766
2021-11-01,Inyo,027,18085,2371,2307,38,2345,41
2021-11-01,Kern,029,883053,127846,126092,22016,148108,1660
2021-11-01,Kings,031,150075,32316,31866,1908,33774,337
2021-11-01,Lake,033,64148,6751,6676,147,6823,106
2021-11-01,Lassen,035,31185,6875,6775,368,7143,42
2021-11-01,Los Angeles,037,10098052,1441234,1428891,53773,1482664,26483
2021-11-01,Madera,039,155013,23223,22801,2090,24891,283
2021-11-01,Marin,041,260295,17597,17460,445,17905,247
2021-11-01,Mariposa,043,17540,1298,1266,47,1313,5
2021-11-01,Mendocino,045,87422,7579,7422,542,7964,84
2021-11-01,Merced,047,269075,41965,41740,1901,43641,594
2021-11-01,Modoc,049,8938,538,520,191,711,5
2021-11-01,Mono,051,14174,1725,1714,21,1735,3
2021-11-01,Monterey,053,433212,48748,47756,2865,50621,597
2021-11-01,Napa,055,140530,13003,12916,110,13026,101
2021-11-01,Nevada,057,99092,9222,9108,320,9428,91
2021-11-01,Orange,059,3164182,307619,305192,15062,320254,5596
2021-11-01,Placer,061,380077,37235,36747,3620,40367,435
2021-11-01,Plumas,063,18699,1798,1719,33,1752,7
2021-11-01,Riverside,065,2383286,363882,359263,16241,375504,5115
2021-11-01,Sacramento,067,1510023,159237,157893,4519,162412,2239
2021-11-01,San Benito,069,59416,7407,7406,167,7573,73
2021-11-01,San Bernardino,071,2135413,354700,351620,11093,362713,5815
2021-11-01,San Diego,073,3302833,373954,372043,21966,394009,4232
2021-11-01,San Francisco,075,870044,52995,52418,2281,54699,661
2021-11-01,San Joaquin,077,732212,99834,98969,5326,104295,1772
2021-11-01,San Luis Obispo,079,281455,29622,29199,1233,30432,343
2021-11-01,San Mateo,081,765935,54221,53314,855,54169,571
2021-11-01,Santa Barbara,083,443738,44489,44146,1530,45676,529
2021-11-01,Santa Clara,085,1922200,147264,145978,1330,147308,1907
2021-11-01,Santa Cruz,087,273765,20422,20238,993,21231,221
2021-11-01,Shasta,089,179085,21492,21104,3564,24668,338
2021-11-01,Sierra,091,2930,184,180,20,200,0
2021-11-01,Siskiyou,093,43540,3341,3272,1270,4542,46
2021-11-01,Solano,095,438530,45996,45358,1255,46613,350
2021-11-01,Sonoma,097,501317,41517,41234,519,41753,395
2021-11-01,Stanislaus,099,539301,78509,78534,8759,87293,1193
2021-11-01,Sutter,101,95872,13881,13852,344,14196,179
2021-11-01,Tehama,103,63373,8532,8412,1468,9880,116
2021-11-01,Trinity,105,12862,856,727,209,936,11
2021-11-01,Tulare,107,460477,68665,67388,14831,82219,1002
2021-11-01,Tuolumne,109,53932,7272,7175,96,7271,90
2021-11-01,Ventura,111,848112,98259,97507,4261,101768,1178
2021-11-01,Yolo,113,214977,19943,19708,1031,20739,250
2021-11-01,Yuba,115,75493,10142,10066,327,10393,83
2021-10-31,Alameda,001,1643700,119538,119071,2723,121794,1419
2021-10-31,Alpine,003,1148,101,105,0,105,0
2021-10-31,Amador,005,37829,5568,5518,59,5577,64
2021-10-31,Butte,007,227075,20964,20689,3793,24482,281
2021-10-31,Calaveras,009,45235,4077,4052,52,4104,82
2021-10-31,Colusa,011,21464,2513,2493,630,3123,18
2021-10-31,Contra Costa,013,1133247,99453,98936,2150,101086,1025
2021-10-31,Del Norte,015,27424,3684,3591,53,3644,42
2021-10-31,El Dorado,017,186661,16071,15841,1696,17537,154
2021-10-31,Fresno,019,978130,140028,138165,12581,150746,2147
2021-10-31,Glenn,021,27897,3497,3459,1003,4462,33
2021-10-31,Humboldt,023,135768,8999,8919,549,9468,108
2021-10-31,Imperial,025,180216,33624,33334,3125,36459,766
2021-10-31,Inyo,027,18085,2352,2309,38,2347,41
2021-10-31,Kern,029,883053,127477,125917,21892,147809,1666
2021-10-31,Kings,031,150075,32230,31814,1896,33710,338
2021-10-31,Lake,033,64148,6740,6665,145,6810,106
2021-10-31,Lassen,035,31185,6860,6768,363,7131,42
2021-10-31,Los Angeles,037,10098052,1439683,1427933,53691,1481624,26474
2021-10-31,Madera,039,155013,23127,22744,2077,24821,283
2021-10-31,Marin,041,260295,17569,17443,444,17887,247
2021-10-31,Mariposa,043,17540,1292,1257,46,1303,5
2021-10-31,Mendocino,045,87422,7538,7403,525,7928,84
2021-10-31,Merced,047,269075,41872,41699,1881,43580,589
2021-10-31,Modoc,049,8938,532,517,188,705,5
2021-10-31,Mono,051,14174,1721,1711,21,1732,3
2021-10-31,Monterey,053,433212,48707,47744,2847,50591,596
2021-10-31,Napa,055,140530,12985,12906,108,13014,101
2021-10-31,Nevada,057,99092,9185,9084,315,9399,91
2021-10-31,Orange,059,3164182,307271,305032,14979,320011,5596
2021-10-31,Placer,061,380077,37138,36698,3607,40305,435
2021-10-31,Plumas,063,18699,1780,1716,33,1749,7
2021-10-31,Riverside,065,2383286,363303,359005,16227,375232,5104
2021-10-31,Sacramento,067,1510023,158885,157667,4506,162173,2243
2021-10-31,San Benito,069,59416,7398,7397,165,7562,73
2021-10-31,San Bernardino,071,2135413,354169,351411,11079,362490,5810
2021-10-31,San Diego,073,3302833,373401,371603,21935,393538,4218
2021-10-31,San Francisco,075,870044,52886,52370,2275,54645,661
2021-10-31,San Joaquin,077,732212,99671,98893,5311,104204,1772
2021-10-31,San Luis Obispo,079,281455,29569,29176,1232,30408,343
2021-10-31,San Mateo,081,765935,54162,53284,853,54137,571
2021-10-31,Santa Barbara,083,443738,44419,44113,1525,45638,529
2021-10-31,Santa Clara,085,1922200,147049,145829,1316,147145,1908
2021-10-31,Santa Cruz,087,273765,20387,20218,992,21210,221
2021-10-31,Shasta,089,179085,21409,21086,3552,24638,338
2021-10-31,Sierra,091,2930,184,180,20,200,0
2021-10-31,Siskiyou,093,43540,3335,3271,1269,4540,46
2021-10-31,Solano,095,438530,45948,45310,1248,46558,350
2021-10-31,Sonoma,097,501317,41447,41183,516,41699,395
2021-10-31,Stanislaus,099,539301,78320,78426,8742,87168,1193
2021-10-31,Sutter,101,95872,13862,13838,341,14179,179
2021-10-31,Tehama,103,63373,8501,8391,1464,9855,116
2021-10-31,Trinity,105,12862,856,724,209,933,11
2021-10-31,Tulare,107,460477,68470,67310,14743,82053,1002
2021-10-31,Tuolumne,109,53932,7243,7141,95,7236,90
2021-10-31,Ventura,111,848112,98137,97460,4256,101716,1178
2021-10-31,Yolo,113,214977,19899,19662,1025,20687,250
2021-10-31,Yuba,115,75493,10124,10051,317,10368,83
2021-10-30,Alameda,001,1643700,119478,118632,2720,121352,1419
2021-10-30,Alpine,003,1148,101,105,0,105,0
2021-10-30,Amador,005,37829,5559,5480,58,5538,64
2021-10-30,Butte,007,227075,20949,20516,3786,24302,277
2021-10-30,Calaveras,009,45235,4070,3992,52,4044,82
2021-10-30,Colusa,011,21464,2513,2484,629,3113,19
2021-10-30,Contra Costa,013,1133247,99391,98562,2149,100711,1024
2021-10-30,Del Norte,015,27424,3681,3574,53,3627,42
2021-10-30,El Dorado,017,186661,16055,15752,1692,17444,154
2021-10-30,Fresno,019,978130,139882,136901,12569,149470,2131
2021-10-30,Glenn,021,27897,3493,3442,1003,4445,33
2021-10-30,Humboldt,023,135768,8984,8871,547,9418,105
2021-10-30,Imperial,025,180216,33578,33156,3121,36277,766
2021-10-30,Inyo,027,18085,2349,2249,38,2287,41
2021-10-30,Kern,029,883053,127324,124892,21823,146715,1653
2021-10-30,Kings,031,150075,32196,31578,1892,33470,337
2021-10-30,Lake,033,64148,6735,6610,145,6755,106
2021-10-30,Lassen,035,31185,6854,6719,361,7080,42
2021-10-30,Los Angeles,037,10098052,1438961,1424257,53638,1477895,26625
2021-10-30,Madera,039,155013,23083,22524,2072,24596,283
2021-10-30,Marin,041,260295,17554,17380,442,17822,247
2021-10-30,Mariposa,043,17540,1289,1228,46,1274,5
2021-10-30,Mendocino,045,87422,7515,7338,523,7861,84
2021-10-30,Merced,047,269075,41832,41428,1879,43307,586
2021-10-30,Modoc,049,8938,530,513,187,700,5
2021-10-30,Mono,051,14174,1721,1684,21,1705,3
2021-10-30,Monterey,053,433212,48690,47649,2841,50490,588
2021-10-30,Napa,055,140530,12971,12863,107,12970,101
2021-10-30,Nevada,057,99092,9166,9015,315,9330,91
2021-10-30,Orange,059,3164182,307092,304120,14957,319077,5588
2021-10-30,Placer,061,380077,37092,36400,3601,40001,434
2021-10-30,Plumas,063,18699,1775,1695,33,1728,7
2021-10-30,Riverside,065,2383286,363001,357645,16219,373864,5088
2021-10-30,Sacramento,067,1510023,158727,157125,4497,161622,2233
2021-10-30,San Benito,069,59416,7391,7362,165,7527,71
2021-10-30,San Bernardino,071,2135413,353893,350076,11065,361141,5777
2021-10-30,San Diego,073,3302833,373038,370006,21913,391919,4213
2021-10-30,San Francisco,075,870044,52857,52161,2273,54434,661
2021-10-30,San Joaquin,077,732212,99615,98314,5310,103624,1768
2021-10-30,San Luis Obispo,079,281455,29537,29053,1229,30282,341
2021-10-30,San Mateo,081,765935,54123,53083,853,53936,571
2021-10-30,Santa Barbara,083,443738,44384,43972,1524,45496,528
2021-10-30,Santa Clara,085,1922200,146944,145262,1312,146574,1903
2021-10-30,Santa Cruz,087,273765,20369,20134,990,21124,221
2021-10-30,Shasta,089,179085,21365,20878,3546,24424,332
2021-10-30,Sierra,091,2930,184,175,20,195,0
2021-10-30,Siskiyou,093,43540,3334,3257,1266,4523,46
2021-10-30,Solano,095,438530,45927,45146,1246,46392,346
2021-10-30,Sonoma,097,501317,41408,40924,516,41440,393
2021-10-30,Stanislaus,099,539301,78250,77871,8735,86606,1191
2021-10-30,Sutter,101,95872,13848,13773,341,14114,178
2021-10-30,Tehama,103,63373,8490,8307,1459,9766,114
2021-10-30,Trinity,105,12862,854,708,208,916,11
2021-10-30,Tulare,107,460477,68399,66745,14699,81444,995
2021-10-30,Tuolumne,109,53932,7219,7050,94,7144,90
2021-10-30,Ventura,111,848112,98088,97182,4253,101435,1174
2021-10-30,Yolo,113,214977,19880,19568,1023,20591,250
2021-10-30,Yuba,115,75493,10113,9969,317,10286,82
2021-10-29,Alameda,001,1643700,119398,118632,2715,121347,1419
2021-10-29,Alpine,003,1148,101,105,0,105,0
2021-10-29,Amador,005,37829,5548,5480,58,5538,64
2021-10-29,Butte,007,227075,20925,20516,3775,24291,277
2021-10-29,Calaveras,009,45235,4063,3992,52,4044,82
2021-10-29,Colusa,011,21464,2513,2484,627,3111,19
2021-10-29,Contra Costa,013,1133247,99323,98562,2147,100709,1024
2021-10-29,Del Norte,015,27424,3674,3574,53,3627,42
2021-10-29,El Dorado,017,186661,16041,15752,1692,17444,154
2021-10-29,Fresno,019,978130,139668,136901,12555,149456,2131
2021-10-29,Glenn,021,27897,3492,3442,1002,4444,33
2021-10-29,Humboldt,023,135768,8979,8871,546,9417,105
2021-10-29,Imperial,025,180216,33551,33156,3118,36274,766
2021-10-29,Inyo,027,18085,2346,2249,38,2287,41
2021-10-29,Kern,029,883053,127147,124892,21733,146625,1653
2021-10-29,Kings,031,150075,32162,31578,1890,33468,337
2021-10-29,Lake,033,64148,6726,6610,142,6752,106
2021-10-29,Lassen,035,31185,6845,6719,358,7077,42
2021-10-29,Los Angeles,037,10098052,1438120,1424257,53594,1477851,26625
2021-10-29,Madera,039,155013,23031,22524,2067,24591,283
2021-10-29,Marin,041,260295,17538,17380,441,17821,247
2021-10-29,Mariposa,043,17540,1285,1228,46,1274,5
2021-10-29,Mendocino,045,87422,7507,7338,523,7861,84
2021-10-29,Merced,047,269075,41782,41428,1873,43301,586
2021-10-29,Modoc,049,8938,528,513,186,699,5
2021-10-29,Mono,051,14174,1719,1684,21,1705,3
2021-10-29,Monterey,053,433212,48667,47649,2841,50490,588
2021-10-29,Napa,055,140530,12950,12863,107,12970,101
2021-10-29,Nevada,057,99092,9154,9015,315,9330,91
2021-10-29,Orange,059,3164182,306868,304120,14937,319057,5588
2021-10-29,Placer,061,380077,37056,36400,3591,39991,434
2021-10-29,Plumas,063,18699,1769,1695,33,1728,7
2021-10-29,Riverside,065,2383286,362667,357645,16214,373859,5088
2021-10-29,Sacramento,067,1510023,158538,157125,4488,161613,2233
2021-10-29,San Benito,069,59416,7388,7362,165,7527,71
2021-10-29,San Bernardino,071,2135413,353593,350076,11054,361130,5777
2021-10-29,San Diego,073,3302833,372666,370006,21885,391891,4213
2021-10-29,San Francisco,075,870044,52797,52161,2267,54428,661
2021-10-29,San Joaquin,077,732212,99556,98314,5305,103619,1768
2021-10-29,San Luis Obispo,079,281455,29511,29053,1227,30280,341
2021-10-29,San Mateo,081,765935,54080,53083,851,53934,571
2021-10-29,Santa Barbara,083,443738,44344,43972,1521,45493,528
2021-10-29,Santa Clara,085,1922200,146830,145262,1305,146567,1903
2021-10-29,Santa Cruz,087,273765,20362,20134,989,21123,221
2021-10-29,Shasta,089,179085,21327,20878,3540,24418,332
2021-10-29,Sierra,091,2930,182,175,20,195,0
2021-10-29,Siskiyou,093,43540,3334,3257,1265,4522,46
2021-10-29,Solano,095,438530,45890,45146,1245,46391,346
2021-10-29,Sonoma,097,501317,41387,40924,516,41440,393
2021-10-29,Stanislaus,099,539301,78165,77871,8723,86594,1191
2021-10-29,Sutter,101,95872,13829,13773,341,14114,178
2021-10-29,Tehama,103,63373,8477,8307,1458,9765,114
2021-10-29,Trinity,105,12862,853,708,208,916,11
2021-10-29,Tulare,107,460477,68294,66745,14656,81401,995
2021-10-29,Tuolumne,109,53932,7206,7050,94,7144,90
2021-10-29,Ventura,111,848112,98033,97182,4249,101431,1174
2021-10-29,Yolo,113,214977,19861,19568,1018,20586,250
2021-10-29,Yuba,115,75493,10105,9969,313,10282,82
2021-10-28,Alameda,001,1643700,119277,118632,2708,121340,1419
2021-10-28,Alpine,003,1148,101,105,0,105,0
2021-10-28,Amador,005,37829,5535,5480,58,5538,64
2021-10-28,Butte,007,227075,20882,20516,3764,24280,277
2021-10-28,Calaveras,009,45235,4050,3992,52,4044,82
2021-10-28,Colusa,011,21464,2510,2484,626,3110,19
2021-10-28,Contra Costa,013,1133247,99193,98562,2143,100705,1024
2021-10-28,Del Norte,015,27424,3673,3574,53,3627,42
2021-10-28,El Dorado,017,186661,16015,15752,1689,17441,154
2021-10-28,Fresno,019,978130,139335,136901,12524,149425,2131
2021-10-28,Glenn,021,27897,3489,3442,1000,4442,33
2021-10-28,Humboldt,023,135768,8963,8871,541,9412,105
2021-10-28,Imperial,025,180216,33485,33156,3111,36267,766
2021-10-28,Inyo,027,18085,2329,2249,38,2287,41
2021-10-28,Kern,029,883053,126900,124892,21620,146512,1653
2021-10-28,Kings,031,150075,32093,31578,1885,33463,337
2021-10-28,Lake,033,64148,6716,6610,142,6752,106
2021-10-28,Lassen,035,31185,6835,6719,355,7074,42
2021-10-28,Los Angeles,037,10098052,1436982,1424257,53521,1477778,26625
2021-10-28,Madera,039,155013,22977,22524,2056,24580,283
2021-10-28,Marin,041,260295,17520,17380,440,17820,247
2021-10-28,Mariposa,043,17540,1281,1228,46,1274,5
2021-10-28,Mendocino,045,87422,7494,7338,512,7850,84
2021-10-28,Merced,047,269075,41697,41428,1863,43291,586
2021-10-28,Modoc,049,8938,527,513,186,699,5
2021-10-28,Mono,051,14174,1713,1684,21,1705,3
2021-10-28,Monterey,053,433212,48636,47649,2824,50473,588
2021-10-28,Napa,055,140530,12941,12863,106,12969,101
2021-10-28,Nevada,057,99092,9136,9015,315,9330,91
2021-10-28,Orange,059,3164182,306581,304120,14874,318994,5588
2021-10-28,Placer,061,380077,36977,36400,3582,39982,434
2021-10-28,Plumas,063,18699,1761,1695,33,1728,7
2021-10-28,Riverside,065,2383286,362229,357645,16191,373836,5088
2021-10-28,Sacramento,067,1510023,158272,157125,4477,161602,2233
2021-10-28,San Benito,069,59416,7380,7362,165,7527,71
2021-10-28,San Bernardino,071,2135413,353179,350076,11031,361107,5777
2021-10-28,San Diego,073,3302833,372210,370006,21862,391868,4213
2021-10-28,San Francisco,075,870044,52751,52161,2260,54421,661
2021-10-28,San Joaquin,077,732212,99428,98314,5304,103618,1768
2021-10-28,San Luis Obispo,079,281455,29482,29053,1224,30277,341
2021-10-28,San Mateo,081,765935,54035,53083,849,53932,571
2021-10-28,Santa Barbara,083,443738,44305,43972,1519,45491,528
2021-10-28,Santa Clara,085,1922200,146673,145262,1300,146562,1903
2021-10-28,Santa Cruz,087,273765,20338,20134,989,21123,221
2021-10-28,Shasta,089,179085,21253,20878,3533,24411,332
2021-10-28,Sierra,091,2930,181,175,20,195,0
2021-10-28,Siskiyou,093,43540,3333,3257,1265,4522,46
2021-10-28,Solano,095,438530,45851,45146,1244,46390,346
2021-10-28,Sonoma,097,501317,41319,40924,515,41439,393
2021-10-28,Stanislaus,099,539301,78012,77871,8707,86578,1191
2021-10-28,Sutter,101,95872,13816,13773,337,14110,178
2021-10-28,Tehama,103,63373,8440,8307,1455,9762,114
2021-10-28,Trinity,105,12862,850,708,208,916,11
2021-10-28,Tulare,107,460477,68155,66745,14600,81345,995
2021-10-28,Tuolumne,109,53932,7175,7050,94,7144,90
2021-10-28,Ventura,111,848112,97948,97182,4246,101428,1174
2021-10-28,Yolo,113,214977,19823,19568,1014,20582,250
2021-10-28,Yuba,115,75493,10076,9969,310,10279,82
2021-10-27,Alameda,001,1643700,119155,118487,2706,121193,1414
2021-10-27,Alpine,003,1148,101,105,0,105,0
2021-10-27,Amador,005,37829,5523,5470,57,5527,64
2021-10-27,Butte,007,227075,20837,20446,3749,24195,274
2021-10-27,Calaveras,009,45235,4032,3970,51,4021,82
2021-10-27,Colusa,011,21464,2509,2480,625,3105,18
2021-10-27,Contra Costa,013,1133247,99085,98442,2131,100573,1018
2021-10-27,Del Norte,015,27424,3666,3571,52,3623,42
2021-10-27,El Dorado,017,186661,15984,15723,1684,17407,154
2021-10-27,Fresno,019,978130,138953,136447,12490,148937,2128
2021-10-27,Glenn,021,27897,3487,3435,999,4434,33
2021-10-27,Humboldt,023,135768,8943,8851,539,9390,105
2021-10-27,Imperial,025,180216,33445,33068,3106,36174,766
2021-10-27,Inyo,027,18085,2309,2236,38,2274,41
2021-10-27,Kern,029,883053,126631,124557,21520,146077,1647
2021-10-27,Kings,031,150075,32027,31437,1879,33316,335
2021-10-27,Lake,033,64148,6690,6589,142,6731,105
2021-10-27,Lassen,035,31185,6822,6706,353,7059,42
2021-10-27,Los Angeles,037,10098052,1435754,1422615,53463,1476078,26604
2021-10-27,Madera,039,155013,22893,22413,2032,24445,283
2021-10-27,Marin,041,260295,17505,17362,440,17802,247
2021-10-27,Mariposa,043,17540,1268,1228,46,1274,5
2021-10-27,Mendocino,045,87422,7480,7321,505,7826,84
2021-10-27,Merced,047,269075,41600,41310,1849,43159,583
2021-10-27,Modoc,049,8938,523,513,186,699,5
2021-10-27,Mono,051,14174,1710,1682,21,1703,3
2021-10-27,Monterey,053,433212,48599,47610,2803,50413,588
2021-10-27,Napa,055,140530,12926,12856,106,12962,101
2021-10-27,Nevada,057,99092,9118,8987,314,9301,90
2021-10-27,Orange,059,3164182,306259,303825,14825,318650,5584
2021-10-27,Placer,061,380077,36912,36296,3575,39871,434
2021-10-27,Plumas,063,18699,1753,1686,33,1719,7
2021-10-27,Riverside,065,2383286,361799,357152,16183,373335,5081
2021-10-27,Sacramento,067,1510023,158004,156830,4456,161286,2230
2021-10-27,San Benito,069,59416,7373,7337,165,7502,71
2021-10-27,San Bernardino,071,2135413,352756,349624,11009,360633,5770
2021-10-27,San Diego,073,3302833,371653,369579,21838,391417,4207
2021-10-27,San Francisco,075,870044,52700,52108,2256,54364,655
2021-10-27,San Joaquin,077,732212,99270,98168,5289,103457,1753
2021-10-27,San Luis Obispo,079,281455,29443,29002,1222,30224,341
2021-10-27,San Mateo,081,765935,53980,53032,841,53873,571
2021-10-27,Santa Barbara,083,443738,44252,43901,1516,45417,527
2021-10-27,Santa Clara,085,1922200,146496,145081,1292,146373,1902
2021-10-27,Santa Cruz,087,273765,20311,20091,987,21078,221
2021-10-27,Shasta,089,179085,21177,20813,3525,24338,331
2021-10-27,Sierra,091,2930,180,176,20,196,0
2021-10-27,Siskiyou,093,43540,3330,3256,1261,4517,46
2021-10-27,Solano,095,438530,45806,45089,1237,46326,346
2021-10-27,Sonoma,097,501317,41243,40829,513,41342,393
2021-10-27,Stanislaus,099,539301,77852,77687,8692,86379,1191
2021-10-27,Sutter,101,95872,13802,13754,337,14091,177
2021-10-27,Tehama,103,63373,8418,8265,1453,9718,113
2021-10-27,Trinity,105,12862,850,706,207,913,11
2021-10-27,Tulare,107,460477,68001,66568,14544,81112,991
2021-10-27,Tuolumne,109,53932,7148,7009,93,7102,90
2021-10-27,Ventura,111,848112,97856,97108,4241,101349,1172
2021-10-27,Yolo,113,214977,19794,19517,1007,20524,250
2021-10-27,Yuba,115,75493,10055,9945,308,10253,82
2021-10-26,Alameda,001,1643700,119021,118360,2704,121064,1407
2021-10-26,Alpine,003,1148,101,105,0,105,0
2021-10-26,Amador,005,37829,5515,5465,56,5521,64
2021-10-26,Butte,007,227075,20778,20387,3732,24119,274
2021-10-26,Calaveras,009,45235,4021,3966,51,4017,81
2021-10-26,Colusa,011,21464,2507,2478,624,3102,18
2021-10-26,Contra Costa,013,1133247,98962,98352,2120,100472,1017
2021-10-26,Del Norte,015,27424,3661,3563,52,3615,42
2021-10-26,El Dorado,017,186661,15955,15690,1675,17365,153
2021-10-26,Fresno,019,978130,138504,136211,12445,148656,2122
2021-10-26,Glenn,021,27897,3472,3431,996,4427,33
2021-10-26,Humboldt,023,135768,8925,8830,533,9363,105
2021-10-26,Imperial,025,180216,33380,33012,3101,36113,766
2021-10-26,Inyo,027,18085,2294,2200,38,2238,41
2021-10-26,Kern,029,883053,126288,124351,21402,145753,1645
2021-10-26,Kings,031,150075,31960,31382,1872,33254,336
2021-10-26,Lake,033,64148,6680,6584,140,6724,105
2021-10-26,Lassen,035,31185,6801,6689,351,7040,42
2021-10-26,Los Angeles,037,10098052,1434412,1421795,53393,1475188,26599
2021-10-26,Madera,039,155013,22803,22363,2021,24384,283
2021-10-26,Marin,041,260295,17488,17354,439,17793,244
2021-10-26,Mariposa,043,17540,1263,1225,45,1270,5
2021-10-26,Mendocino,045,87422,7451,7308,489,7797,83
2021-10-26,Merced,047,269075,41522,41267,1842,43109,583
2021-10-26,Modoc,049,8938,523,513,186,699,5
2021-10-26,Mono,051,14174,1705,1680,21,1701,3
2021-10-26,Monterey,053,433212,48560,47572,2793,50365,588
2021-10-26,Napa,055,140530,12914,12849,106,12955,101
2021-10-26,Nevada,057,99092,9087,8971,313,9284,90
2021-10-26,Orange,059,3164182,305989,303533,14786,318319,5580
2021-10-26,Placer,061,380077,36815,36245,3569,39814,434
2021-10-26,Plumas,063,18699,1744,1645,33,1678,7
2021-10-26,Riverside,065,2383286,361309,356775,16173,372948,5068
2021-10-26,Sacramento,067,1510023,157703,156643,4439,161082,2228
2021-10-26,San Benito,069,59416,7350,7325,165,7490,71
2021-10-26,San Bernardino,071,2135413,352330,349346,10994,360340,5764
2021-10-26,San Diego,073,3302833,371137,369043,21808,390851,4198
2021-10-26,San Francisco,075,870044,52626,52063,2253,54316,655
2021-10-26,San Joaquin,077,732212,99091,98036,5274,103310,1748
2021-10-26,San Luis Obispo,079,281455,29404,28928,1216,30144,337
2021-10-26,San Mateo,081,765935,53908,52974,838,53812,571
2021-10-26,Santa Barbara,083,443738,44206,43835,1515,45350,525
2021-10-26,Santa Clara,085,1922200,146296,144932,1286,146218,1903
2021-10-26,Santa Cruz,087,273765,20280,20067,987,21054,221
2021-10-26,Shasta,089,179085,21116,20725,3507,24232,330
2021-10-26,Sierra,091,2930,180,169,20,189,0
2021-10-26,Siskiyou,093,43540,3324,3254,1259,4513,46
2021-10-26,Solano,095,438530,45750,45044,1236,46280,344
2021-10-26,Sonoma,097,501317,41161,40794,511,41305,393
2021-10-26,Stanislaus,099,539301,77678,77552,8667,86219,1157
2021-10-26,Sutter,101,95872,13773,13739,336,14075,176
2021-10-26,Tehama,103,63373,8390,8247,1448,9695,112
2021-10-26,Trinity,105,12862,846,705,207,912,11
2021-10-26,Tulare,107,460477,67841,66476,14487,80963,991
2021-10-26,Tuolumne,109,53932,7122,6995,91,7086,90
2021-10-26,Ventura,111,848112,97747,97014,4238,101252,1170
2021-10-26,Yolo,113,214977,19765,19490,1004,20494,248
2021-10-26,Yuba,115,75493,10037,9927,303,10230,82
2021-10-25,Alameda,001,1643700,118877,118319,2703,121022,1404
2021-10-25,Alpine,003,1148,101,105,0,105,0
2021-10-25,Amador,005,37829,5501,5455,56,5511,64
2021-10-25,Butte,007,227075,20705,20331,3724,24055,273
2021-10-25,Calaveras,009,45235,3991,3942,50,3992,82
2021-10-25,Colusa,011,21464,2505,2471,622,3093,18
2021-10-25,Contra Costa,013,1133247,98845,98267,2116,100383,1017
2021-10-25,Del Norte,015,27424,3654,3562,52,3614,42
2021-10-25,El Dorado,017,186661,15920,15663,1673,17336,149
2021-10-25,Fresno,019,978130,138070,135974,12410,148384,2112
2021-10-25,Glenn,021,27897,3469,3421,995,4416,33
2021-10-25,Humboldt,023,135768,8902,8825,528,9353,105
2021-10-25,Imperial,025,180216,33319,32968,3090,36058,766
2021-10-25,Inyo,027,18085,2276,2183,38,2221,41
2021-10-25,Kern,029,883053,125936,124078,21263,145341,1649
2021-10-25,Kings,031,150075,31871,31329,1863,33192,335
2021-10-25,Lake,033,64148,6667,6571,140,6711,105
2021-10-25,Lassen,035,31185,6790,6688,349,7037,42
2021-10-25,Los Angeles,037,10098052,1433057,1421061,53327,1474388,26579
2021-10-25,Madera,039,155013,22749,22325,2014,24339,281
2021-10-25,Marin,041,260295,17466,17334,437,17771,244
2021-10-25,Mariposa,043,17540,1249,1220,45,1265,5
2021-10-25,Mendocino,045,87422,7421,7296,485,7781,82
2021-10-25,Merced,047,269075,41454,41207,1815,43022,583
2021-10-25,Modoc,049,8938,521,512,184,696,5
2021-10-25,Mono,051,14174,1697,1677,21,1698,3
2021-10-25,Monterey,053,433212,48527,47547,2791,50338,587
2021-10-25,Napa,055,140530,12901,12841,106,12947,100
2021-10-25,Nevada,057,99092,9061,8958,313,9271,90
2021-10-25,Orange,059,3164182,305691,303279,14749,318028,5574
2021-10-25,Placer,061,380077,36707,36153,3559,39712,431
2021-10-25,Plumas,063,18699,1732,1641,33,1674,7
2021-10-25,Riverside,065,2383286,360882,356381,16158,372539,5056
2021-10-25,Sacramento,067,1510023,157399,156516,4416,160932,2235
2021-10-25,San Benito,069,59416,7337,7314,164,7478,71
2021-10-25,San Bernardino,071,2135413,351829,349075,10982,360057,5748
2021-10-25,San Diego,073,3302833,370568,368386,21780,390166,4196
2021-10-25,San Francisco,075,870044,52553,52041,2247,54288,649
2021-10-25,San Joaquin,077,732212,98889,97980,5265,103245,1740
2021-10-25,San Luis Obispo,079,281455,29356,28907,1211,30118,336
2021-10-25,San Mateo,081,765935,53847,52927,834,53761,571
2021-10-25,Santa Barbara,083,443738,44147,43775,1515,45290,525
2021-10-25,Santa Clara,085,1922200,146105,144895,1281,146176,1901
2021-10-25,Santa Cruz,087,273765,20251,20053,986,21039,221
2021-10-25,Shasta,089,179085,21044,20666,3500,24166,326
2021-10-25,Sierra,091,2930,180,168,20,188,0
2021-10-25,Siskiyou,093,43540,3320,3248,1254,4502,46
2021-10-25,Solano,095,438530,45689,45022,1234,46256,344
2021-10-25,Sonoma,097,501317,41088,40746,509,41255,393
2021-10-25,Stanislaus,099,539301,77486,77452,8639,86091,1145
2021-10-25,Sutter,101,95872,13760,13721,333,14054,176
2021-10-25,Tehama,103,63373,8363,8224,1444,9668,111
2021-10-25,Trinity,105,12862,841,699,206,905,11
2021-10-25,Tulare,107,460477,67646,66357,14425,80782,986
2021-10-25,Tuolumne,109,53932,7088,6952,90,7042,90
2021-10-25,Ventura,111,848112,97656,96932,4235,101167,1167
2021-10-25,Yolo,113,214977,19716,19457,1000,20457,248
2021-10-25,Yuba,115,75493,10021,9924,299,10223,82
2021-10-24,Alameda,001,1643700,118746,117816,2698,120514,1397
2021-10-24,Alpine,003,1148,101,105,0,105,0
2021-10-24,Amador,005,37829,5496,5412,56,5468,64
2021-10-24,Butte,007,227075,20632,20101,3712,23813,273
2021-10-24,Calaveras,009,45235,3972,3865,49,3914,81
2021-10-24,Colusa,011,21464,2501,2458,619,3077,18
2021-10-24,Contra Costa,013,1133247,98727,97855,2107,99962,1008
2021-10-24,Del Norte,015,27424,3650,3540,52,3592,42
2021-10-24,El Dorado,017,186661,15884,15540,1669,17209,149
2021-10-24,Fresno,019,978130,137633,134466,12361,146827,2094
2021-10-24,Glenn,021,27897,3462,3399,993,4392,33
2021-10-24,Humboldt,023,135768,8889,8753,522,9275,105
2021-10-24,Imperial,025,180216,33241,32777,3084,35861,766
2021-10-24,Inyo,027,18085,2244,2108,38,2146,41
2021-10-24,Kern,029,883053,125602,122939,21147,144086,1636
2021-10-24,Kings,031,150075,31742,30942,1848,32790,325
2021-10-24,Lake,033,64148,6644,6501,139,6640,105
2021-10-24,Lassen,035,31185,6773,6632,348,6980,27
2021-10-24,Los Angeles,037,10098052,1431622,1415919,53259,1469178,26527
2021-10-24,Madera,039,155013,22672,22062,2002,24064,281
2021-10-24,Marin,041,260295,17450,17264,436,17700,244
2021-10-24,Mariposa,043,17540,1246,1184,45,1229,5
2021-10-24,Mendocino,045,87422,7397,7220,475,7695,82
2021-10-24,Merced,047,269075,41333,40808,1809,42617,581
2021-10-24,Modoc,049,8938,520,507,184,691,5
2021-10-24,Mono,051,14174,1692,1655,21,1676,3
2021-10-24,Monterey,053,433212,48479,47456,2781,50237,586
2021-10-24,Napa,055,140530,12890,12789,106,12895,100
2021-10-24,Nevada,057,99092,9038,8861,310,9171,90
2021-10-24,Orange,059,3164182,305340,302237,14712,316949,5546
2021-10-24,Placer,061,380077,36603,35822,3545,39367,426
2021-10-24,Plumas,063,18699,1722,1623,32,1655,7
2021-10-24,Riverside,065,2383286,360408,354688,16138,370826,5041
2021-10-24,Sacramento,067,1510023,157058,155125,4393,159518,2232
2021-10-24,San Benito,069,59416,7317,7280,164,7444,71
2021-10-24,San Bernardino,071,2135413,351273,347681,10970,358651,5688
2021-10-24,San Diego,073,3302833,369985,366085,21749,387834,4183
2021-10-24,San Francisco,075,870044,52490,51820,2241,54061,649
2021-10-24,San Joaquin,077,732212,98716,97440,5259,102699,1721
2021-10-24,San Luis Obispo,079,281455,29295,28755,1204,29959,333
2021-10-24,San Mateo,081,765935,53775,52719,834,53553,571
2021-10-24,Santa Barbara,083,443738,44080,43552,1513,45065,523
2021-10-24,Santa Clara,085,1922200,145914,144276,1271,145547,1897
2021-10-24,Santa Cruz,087,273765,20213,19967,985,20952,221
2021-10-24,Shasta,089,179085,20945,20386,3494,23880,321
2021-10-24,Sierra,091,2930,180,168,20,188,0
2021-10-24,Siskiyou,093,43540,3313,3231,1250,4481,46
2021-10-24,Solano,095,438530,45639,44861,1229,46090,341
2021-10-24,Sonoma,097,501317,41005,40476,509,40985,393
2021-10-24,Stanislaus,099,539301,77295,76812,8628,85440,1145
2021-10-24,Sutter,101,95872,13733,13616,325,13941,175
2021-10-24,Tehama,103,63373,8315,8105,1433,9538,110
2021-10-24,Trinity,105,12862,837,696,204,900,11
2021-10-24,Tulare,107,460477,67474,65585,14354,79939,978
2021-10-24,Tuolumne,109,53932,7048,6840,88,6928,90
2021-10-24,Ventura,111,848112,97549,96664,4234,100898,1167
2021-10-24,Yolo,113,214977,19667,19280,998,20278,248
2021-10-24,Yuba,115,75493,9996,9838,298,10136,82
2021-10-23,Alameda,001,1643700,118658,117816,2693,120509,1397
2021-10-23,Alpine,003,1148,101,105,0,105,0
2021-10-23,Amador,005,37829,5489,5412,56,5468,64
2021-10-23,Butte,007,227075,20595,20101,3704,23805,273
2021-10-23,Calaveras,009,45235,3965,3865,48,3913,81
2021-10-23,Colusa,011,21464,2499,2458,618,3076,18
2021-10-23,Contra Costa,013,1133247,98675,97855,2103,99958,1008
2021-10-23,Del Norte,015,27424,3648,3540,52,3592,42
2021-10-23,El Dorado,017,186661,15858,15540,1667,17207,149
2021-10-23,Fresno,019,978130,137455,134466,12348,146814,2094
2021-10-23,Glenn,021,27897,3460,3399,992,4391,33
2021-10-23,Humboldt,023,135768,8875,8753,517,9270,105
2021-10-23,Imperial,025,180216,33194,32777,3080,35857,766
2021-10-23,Inyo,027,18085,2233,2108,38,2146,41
2021-10-23,Kern,029,883053,125442,122939,21060,143999,1636
2021-10-23,Kings,031,150075,31696,30942,1846,32788,325
2021-10-23,Lake,033,64148,6639,6501,139,6640,105
2021-10-23,Lassen,035,31185,6770,6632,346,6978,27
2021-10-23,Los Angeles,037,10098052,1430940,1415919,53205,1469124,26527
2021-10-23,Madera,039,155013,22623,22062,1994,24056,281
2021-10-23,Marin,041,260295,17433,17264,436,17700,244
2021-10-23,Mariposa,043,17540,1243,1184,44,1228,5
2021-10-23,Mendocino,045,87422,7390,7220,474,7694,82
2021-10-23,Merced,047,269075,41292,40808,1804,42612,581
2021-10-23,Modoc,049,8938,518,507,184,691,5
2021-10-23,Mono,051,14174,1686,1655,21,1676,3
2021-10-23,Monterey,053,433212,48462,47456,2777,50233,586
2021-10-23,Napa,055,140530,12885,12789,106,12895,100
2021-10-23,Nevada,057,99092,9027,8861,308,9169,90
2021-10-23,Orange,059,3164182,305154,302237,14697,316934,5546
2021-10-23,Placer,061,380077,36541,35822,3539,39361,426
2021-10-23,Plumas,063,18699,1721,1623,32,1655,7
2021-10-23,Riverside,065,2383286,360087,354688,16131,370819,5041
2021-10-23,Sacramento,067,1510023,156929,155125,4385,159510,2232
2021-10-23,San Benito,069,59416,7307,7280,164,7444,71
2021-10-23,San Bernardino,071,2135413,351003,347681,10962,358643,5688
2021-10-23,San Diego,073,3302833,369644,366085,21718,387803,4183
2021-10-23,San Francisco,075,870044,52454,51820,2240,54060,649
2021-10-23,San Joaquin,077,732212,98648,97440,5250,102690,1721
2021-10-23,San Luis Obispo,079,281455,29258,28755,1202,29957,333
2021-10-23,San Mateo,081,765935,53737,52719,833,53552,571
2021-10-23,Santa Barbara,083,443738,44049,43552,1511,45063,523
2021-10-23,Santa Clara,085,1922200,145806,144276,1267,145543,1897
2021-10-23,Santa Cruz,087,273765,20201,19967,985,20952,221
2021-10-23,Shasta,089,179085,20909,20386,3482,23868,321
2021-10-23,Sierra,091,2930,179,168,20,188,0
2021-10-23,Siskiyou,093,43540,3311,3231,1250,4481,46
2021-10-23,Solano,095,438530,45614,44861,1226,46087,341
2021-10-23,Sonoma,097,501317,40965,40476,509,40985,393
2021-10-23,Stanislaus,099,539301,77206,76812,8608,85420,1145
2021-10-23,Sutter,101,95872,13727,13616,324,13940,175
2021-10-23,Tehama,103,63373,8303,8105,1432,9537,110
2021-10-23,Trinity,105,12862,836,696,204,900,11
2021-10-23,Tulare,107,460477,67386,65585,14295,79880,978
2021-10-23,Tuolumne,109,53932,7027,6840,88,6928,90
2021-10-23,Ventura,111,848112,97488,96664,4234,100898,1167
2021-10-23,Yolo,113,214977,19650,19280,995,20275,248
2021-10-23,Yuba,115,75493,9988,9838,298,10136,82
2021-10-22,Alameda,001,1643700,118576,117816,2690,120506,1397
2021-10-22,Alpine,003,1148,101,105,0,105,0
2021-10-22,Amador,005,37829,5478,5412,56,5468,64
2021-10-22,Butte,007,227075,20563,20101,3700,23801,273
2021-10-22,Calaveras,009,45235,3957,3865,48,3913,81
2021-10-22,Colusa,011,21464,2496,2458,618,3076,18
2021-10-22,Contra Costa,013,1133247,98584,97855,2101,99956,1008
2021-10-22,Del Norte,015,27424,3644,3540,52,3592,42
2021-10-22,El Dorado,017,186661,15845,15540,1665,17205,149
2021-10-22,Fresno,019,978130,137240,134466,12326,146792,2094
2021-10-22,Glenn,021,27897,3450,3399,992,4391,33
2021-10-22,Humboldt,023,135768,8861,8753,516,9269,105
2021-10-22,Imperial,025,180216,33151,32777,3080,35857,766
2021-10-22,Inyo,027,18085,2220,2108,38,2146,41
2021-10-22,Kern,029,883053,125255,122939,20987,143926,1636
2021-10-22,Kings,031,150075,31661,30942,1845,32787,325
2021-10-22,Lake,033,64148,6629,6501,139,6640,105
2021-10-22,Lassen,035,31185,6763,6632,343,6975,27
2021-10-22,Los Angeles,037,10098052,1430177,1415919,53146,1469065,26527
2021-10-22,Madera,039,155013,22573,22062,1982,24044,281
2021-10-22,Marin,041,260295,17421,17264,436,17700,244
2021-10-22,Mariposa,043,17540,1240,1184,44,1228,5
2021-10-22,Mendocino,045,87422,7376,7220,473,7693,82
2021-10-22,Merced,047,269075,41255,40808,1797,42605,581
2021-10-22,Modoc,049,8938,518,507,184,691,5
2021-10-22,Mono,051,14174,1684,1655,21,1676,3
2021-10-22,Monterey,053,433212,48429,47456,2775,50231,586
2021-10-22,Napa,055,140530,12879,12789,106,12895,100
2021-10-22,Nevada,057,99092,9010,8861,307,9168,90
2021-10-22,Orange,059,3164182,304938,302237,14667,316904,5546
2021-10-22,Placer,061,380077,36513,35822,3530,39352,426
2021-10-22,Plumas,063,18699,1715,1623,32,1655,7
2021-10-22,Riverside,065,2383286,359776,354688,16126,370814,5041
2021-10-22,Sacramento,067,1510023,156742,155125,4376,159501,2232
2021-10-22,San Benito,069,59416,7302,7280,164,7444,71
2021-10-22,San Bernardino,071,2135413,350674,347681,10947,358628,5688
2021-10-22,San Diego,073,3302833,369246,366085,21700,387785,4183
2021-10-22,San Francisco,075,870044,52418,51820,2233,54053,649
2021-10-22,San Joaquin,077,732212,98589,97440,5247,102687,1721
2021-10-22,San Luis Obispo,079,281455,29228,28755,1202,29957,333
2021-10-22,San Mateo,081,765935,53686,52719,827,53546,571
2021-10-22,Santa Barbara,083,443738,44008,43552,1511,45063,523
2021-10-22,Santa Clara,085,1922200,145650,144276,1260,145536,1897
2021-10-22,Santa Cruz,087,273765,20179,19967,985,20952,221
2021-10-22,Shasta,089,179085,20876,20386,3479,23865,321
2021-10-22,Sierra,091,2930,178,168,19,187,0
2021-10-22,Siskiyou,093,43540,3309,3231,1247,4478,46
2021-10-22,Solano,095,438530,45579,44861,1222,46083,341
2021-10-22,Sonoma,097,501317,40908,40476,509,40985,393
2021-10-22,Stanislaus,099,539301,77103,76812,8591,85403,1145
2021-10-22,Sutter,101,95872,13712,13616,324,13940,175
2021-10-22,Tehama,103,63373,8281,8105,1427,9532,110
2021-10-22,Trinity,105,12862,835,696,204,900,11
2021-10-22,Tulare,107,460477,67300,65585,14242,79827,978
2021-10-22,Tuolumne,109,53932,6992,6840,88,6928,90
2021-10-22,Ventura,111,848112,97435,96664,4228,100892,1167
2021-10-22,Yolo,113,214977,19623,19280,993,20273,248
2021-10-22,Yuba,115,75493,9974,9838,296,10134,82
2021-10-21,Alameda,001,1643700,118461,117816,2685,120501,1397
2021-10-21,Alpine,003,1148,101,105,0,105,0
2021-10-21,Amador,005,37829,5470,5412,56,5468,64
2021-10-21,Butte,007,227075,20479,20101,3687,23788,273
2021-10-21,Calaveras,009,45235,3938,3865,48,3913,81
2021-10-21,Colusa,011,21464,2492,2458,614,3072,18
2021-10-21,Contra Costa,013,1133247,98467,97855,2096,99951,1008
2021-10-21,Del Norte,015,27424,3638,3540,51,3591,42
2021-10-21,El Dorado,017,186661,15816,15540,1658,17198,149
2021-10-21,Fresno,019,978130,136890,134466,12282,146748,2094
2021-10-21,Glenn,021,27897,3446,3399,989,4388,33
2021-10-21,Humboldt,023,135768,8847,8753,512,9265,105
2021-10-21,Imperial,025,180216,33096,32777,3076,35853,766
2021-10-21,Inyo,027,18085,2198,2108,38,2146,41
2021-10-21,Kern,029,883053,125007,122939,20878,143817,1636
2021-10-21,Kings,031,150075,31563,30942,1839,32781,325
2021-10-21,Lake,033,64148,6615,6501,138,6639,105
2021-10-21,Lassen,035,31185,6750,6632,339,6971,27
2021-10-21,Los Angeles,037,10098052,1429058,1415919,53097,1469016,26527
2021-10-21,Madera,039,155013,22515,22062,1972,24034,281
2021-10-21,Marin,041,260295,17403,17264,436,17700,244
2021-10-21,Mariposa,043,17540,1234,1184,43,1227,5
2021-10-21,Mendocino,045,87422,7358,7220,466,7686,82
2021-10-21,Merced,047,269075,41158,40808,1786,42594,581
2021-10-21,Modoc,049,8938,518,507,184,691,5
2021-10-21,Mono,051,14174,1675,1655,21,1676,3
2021-10-21,Monterey,053,433212,48395,47456,2764,50220,586
2021-10-21,Napa,055,140530,12867,12789,106,12895,100
2021-10-21,Nevada,057,99092,8985,8861,307,9168,90
2021-10-21,Orange,059,3164182,304666,302237,14631,316868,5546
2021-10-21,Placer,061,380077,36424,35822,3517,39339,426
2021-10-21,Plumas,063,18699,1701,1623,32,1655,7
2021-10-21,Riverside,065,2383286,359331,354688,16116,370804,5041
2021-10-21,Sacramento,067,1510023,156423,155125,4350,159475,2232
2021-10-21,San Benito,069,59416,7295,7280,162,7442,71
2021-10-21,San Bernardino,071,2135413,350296,347681,10913,358594,5688
2021-10-21,San Diego,073,3302833,368734,366085,21670,387755,4183
2021-10-21,San Francisco,075,870044,52363,51820,2232,54052,649
2021-10-21,San Joaquin,077,732212,98450,97440,5240,102680,1721
2021-10-21,San Luis Obispo,079,281455,29186,28755,1200,29955,333
2021-10-21,San Mateo,081,765935,53639,52719,826,53545,571
2021-10-21,Santa Barbara,083,443738,43942,43552,1509,45061,523
2021-10-21,Santa Clara,085,1922200,145479,144276,1256,145532,1897
2021-10-21,Santa Cruz,087,273765,20155,19967,983,20950,221
2021-10-21,Shasta,089,179085,20815,20386,3464,23850,321
2021-10-21,Sierra,091,2930,177,168,18,186,0
2021-10-21,Siskiyou,093,43540,3304,3231,1245,4476,46
2021-10-21,Solano,095,438530,45527,44861,1220,46081,341
2021-10-21,Sonoma,097,501317,40839,40476,507,40983,393
2021-10-21,Stanislaus,099,539301,76934,76812,8580,85392,1145
2021-10-21,Sutter,101,95872,13684,13616,320,13936,175
2021-10-21,Tehama,103,63373,8254,8105,1420,9525,110
2021-10-21,Trinity,105,12862,833,696,204,900,11
2021-10-21,Tulare,107,460477,67111,65585,14173,79758,978
2021-10-21,Tuolumne,109,53932,6954,6840,87,6927,90
2021-10-21,Ventura,111,848112,97344,96664,4226,100890,1167
2021-10-21,Yolo,113,214977,19576,19280,991,20271,248
2021-10-21,Yuba,115,75493,9950,9838,295,10133,82
2021-10-20,Alameda,001,1643700,118341,117654,2685,120339,1390
2021-10-20,Alpine,003,1148,101,103,0,103,0
2021-10-20,Amador,005,37829,5462,5379,56,5435,64
2021-10-20,Butte,007,227075,20425,20021,3671,23692,270
2021-10-20,Calaveras,009,45235,3918,3844,47,3891,81
2021-10-20,Colusa,011,21464,2488,2454,612,3066,18
2021-10-20,Contra Costa,013,1133247,98351,97721,2092,99813,1008
2021-10-20,Del Norte,015,27424,3634,3536,51,3587,42
2021-10-20,El Dorado,017,186661,15786,15502,1655,17157,149
2021-10-20,Fresno,019,978130,136488,134025,12245,146270,2084
2021-10-20,Glenn,021,27897,3438,3382,988,4370,33
2021-10-20,Humboldt,023,135768,8825,8727,510,9237,105
2021-10-20,Imperial,025,180216,33022,32705,3068,35773,766
2021-10-20,Inyo,027,18085,2178,2077,37,2114,40
2021-10-20,Kern,029,883053,124713,122630,20759,143389,1623
2021-10-20,Kings,031,150075,31486,30805,1829,32634,322
2021-10-20,Lake,033,64148,6593,6475,137,6612,104
2021-10-20,Lassen,035,31185,6735,6622,339,6961,27
2021-10-20,Los Angeles,037,10098052,1427940,1414931,53027,1467958,26506
2021-10-20,Madera,039,155013,22445,21983,1963,23946,281
2021-10-20,Marin,041,260295,17382,17250,434,17684,244
2021-10-20,Mariposa,043,17540,1227,1174,43,1217,5
2021-10-20,Mendocino,045,87422,7330,7189,463,7652,82
2021-10-20,Merced,047,269075,41077,40685,1770,42455,581
2021-10-20,Modoc,049,8938,518,504,184,688,5
2021-10-20,Mono,051,14174,1675,1653,21,1674,3
2021-10-20,Monterey,053,433212,48363,47430,2755,50185,587
2021-10-20,Napa,055,140530,12853,12773,105,12878,100
2021-10-20,Nevada,057,99092,8957,8836,307,9143,90
2021-10-20,Orange,059,3164182,304380,301957,14609,316566,5534
2021-10-20,Placer,061,380077,36335,35729,3508,39237,425
2021-10-20,Plumas,063,18699,1694,1604,32,1636,7
2021-10-20,Riverside,065,2383286,358887,354311,16099,370410,5030
2021-10-20,Sacramento,067,1510023,156124,154822,4327,159149,2222
2021-10-20,San Benito,069,59416,7292,7275,160,7435,71
2021-10-20,San Bernardino,071,2135413,349896,347217,10882,358099,5663
2021-10-20,San Diego,073,3302833,368225,365698,21651,387349,4178
2021-10-20,San Francisco,075,870044,52314,51755,2231,53986,646
2021-10-20,San Joaquin,077,732212,98305,97246,5232,102478,1721
2021-10-20,San Luis Obispo,079,281455,29141,28727,1196,29923,332
2021-10-20,San Mateo,081,765935,53568,52663,818,53481,571
2021-10-20,Santa Barbara,083,443738,43879,43489,1508,44997,523
2021-10-20,Santa Clara,085,1922200,145344,144124,1251,145375,1896
2021-10-20,Santa Cruz,087,273765,20142,19951,983,20934,219
2021-10-20,Shasta,089,179085,20753,20313,3437,23750,320
2021-10-20,Sierra,091,2930,177,168,18,186,0
2021-10-20,Siskiyou,093,43540,3304,3224,1239,4463,46
2021-10-20,Solano,095,438530,45495,44819,1218,46037,341
2021-10-20,Sonoma,097,501317,40792,40404,507,40911,393
2021-10-20,Stanislaus,099,539301,76784,76631,8561,85192,1145
2021-10-20,Sutter,101,95872,13660,13592,314,13906,175
2021-10-20,Tehama,103,63373,8223,8081,1409,9490,110
2021-10-20,Trinity,105,12862,833,693,203,896,11
2021-10-20,Tulare,107,460477,66936,65413,14129,79542,967
2021-10-20,Tuolumne,109,53932,6931,6803,87,6890,89
2021-10-20,Ventura,111,848112,97262,96610,4222,100832,1166
2021-10-20,Yolo,113,214977,19531,19236,989,20225,248
2021-10-20,Yuba,115,75493,9933,9808,292,10100,82
2021-10-19,Alameda,001,1643700,118220,117542,2679,120221,1383
2021-10-19,Alpine,003,1148,101,103,0,103,0
2021-10-19,Amador,005,37829,5446,5367,56,5423,64
2021-10-19,Butte,007,227075,20372,19974,3663,23637,268
2021-10-19,Calaveras,009,45235,3901,3826,46,3872,80
2021-10-19,Colusa,011,21464,2485,2447,610,3057,18
2021-10-19,Contra Costa,013,1133247,98260,97613,2087,99700,1004
2021-10-19,Del Norte,015,27424,3627,3531,51,3582,42
2021-10-19,El Dorado,017,186661,15761,15478,1650,17128,149
2021-10-19,Fresno,019,978130,136124,133813,12197,146010,2073
2021-10-19,Glenn,021,27897,3435,3380,986,4366,33
2021-10-19,Humboldt,023,135768,8801,8714,504,9218,105
2021-10-19,Imperial,025,180216,32956,32632,3064,35696,764
2021-10-19,Inyo,027,18085,2147,2045,37,2082,40
2021-10-19,Kern,029,883053,124396,122391,20635,143026,1613
2021-10-19,Kings,031,150075,31393,30757,1822,32579,322
2021-10-19,Lake,033,64148,6589,6465,137,6602,104
2021-10-19,Lassen,035,31185,6729,6612,335,6947,27
2021-10-19,Los Angeles,037,10098052,1426694,1413882,52953,1466835,26473
2021-10-19,Madera,039,155013,22382,21950,1955,23905,281
2021-10-19,Marin,041,260295,17368,17241,431,17672,244
2021-10-19,Mariposa,043,17540,1221,1171,41,1212,5
2021-10-19,Mendocino,045,87422,7315,7172,460,7632,82
2021-10-19,Merced,047,269075,40962,40628,1749,42377,580
2021-10-19,Modoc,049,8938,516,502,184,686,5
2021-10-19,Mono,051,14174,1671,1651,21,1672,3
2021-10-19,Monterey,053,433212,48326,47412,2744,50156,583
2021-10-19,Napa,055,140530,12846,12769,105,12874,100
2021-10-19,Nevada,057,99092,8936,8829,306,9135,90
2021-10-19,Orange,059,3164182,304123,301700,14576,316276,5527
2021-10-19,Placer,061,380077,36214,35663,3493,39156,422
2021-10-19,Plumas,063,18699,1676,1586,32,1618,8
2021-10-19,Riverside,065,2383286,358465,353891,16092,369983,5020
2021-10-19,Sacramento,067,1510023,155818,154570,4301,158871,2227
2021-10-19,San Benito,069,59416,7277,7264,160,7424,71
2021-10-19,San Bernardino,071,2135413,349495,346814,10853,357667,5627
2021-10-19,San Diego,073,3302833,367644,365285,21620,386905,4170
2021-10-19,San Francisco,075,870044,52251,51704,2229,53933,645
2021-10-19,San Joaquin,077,732212,98138,97105,5221,102326,1721
2021-10-19,San Luis Obispo,079,281455,29093,28670,1193,29863,332
2021-10-19,San Mateo,081,765935,53510,52617,816,53433,571
2021-10-19,Santa Barbara,083,443738,43812,43413,1507,44920,522
2021-10-19,Santa Clara,085,1922200,145171,143989,1244,145233,1898
2021-10-19,Santa Cruz,087,273765,20118,19895,981,20876,218
2021-10-19,Shasta,089,179085,20677,20209,3429,23638,319
2021-10-19,Sierra,091,2930,174,168,18,186,0
2021-10-19,Siskiyou,093,43540,3300,3216,1234,4450,46
2021-10-19,Solano,095,438530,45453,44782,1212,45994,341
2021-10-19,Sonoma,097,501317,40718,40379,506,40885,392
2021-10-19,Stanislaus,099,539301,76642,76526,8549,85075,1145
2021-10-19,Sutter,101,95872,13636,13569,313,13882,174
2021-10-19,Tehama,103,63373,8193,8057,1393,9450,108
2021-10-19,Trinity,105,12862,826,691,203,894,11
2021-10-19,Tulare,107,460477,66749,65253,14061,79314,958
2021-10-19,Tuolumne,109,53932,6902,6782,86,6868,89
2021-10-19,Ventura,111,848112,97186,96539,4217,100756,1166
2021-10-19,Yolo,113,214977,19486,19206,984,20190,248
2021-10-19,Yuba,115,75493,9915,9796,291,10087,82
2021-10-18,Alameda,001,1643700,118083,117506,2670,120176,1381
2021-10-18,Alpine,003,1148,101,103,0,103,0
2021-10-18,Amador,005,37829,5435,5345,56,5401,64
2021-10-18,Butte,007,227075,20321,19921,3652,23573,265
2021-10-18,Calaveras,009,45235,3876,3819,45,3864,80
2021-10-18,Colusa,011,21464,2484,2444,608,3052,18
2021-10-18,Contra Costa,013,1133247,98149,97585,2083,99668,995
2021-10-18,Del Norte,015,27424,3620,3529,51,3580,41
2021-10-18,El Dorado,017,186661,15731,15452,1648,17100,149
2021-10-18,Fresno,019,978130,135722,133688,12155,145843,2063
2021-10-18,Glenn,021,27897,3431,3370,982,4352,32
2021-10-18,Humboldt,023,135768,8782,8699,496,9195,104
2021-10-18,Imperial,025,180216,32865,32558,3064,35622,764
2021-10-18,Inyo,027,18085,2129,2020,37,2057,40
2021-10-18,Kern,029,883053,124097,122231,20541,142772,1605
2021-10-18,Kings,031,150075,31279,30698,1809,32507,320
2021-10-18,Lake,033,64148,6570,6455,133,6588,104
2021-10-18,Lassen,035,31185,6709,6607,332,6939,26
2021-10-18,Los Angeles,037,10098052,1425450,1413291,52877,1466168,26446
2021-10-18,Madera,039,155013,22328,21909,1942,23851,277
2021-10-18,Marin,041,260295,17348,17232,428,17660,244
2021-10-18,Mariposa,043,17540,1213,1160,41,1201,5
2021-10-18,Mendocino,045,87422,7296,7156,452,7608,82
2021-10-18,Merced,047,269075,40839,40573,1739,42312,579
2021-10-18,Modoc,049,8938,516,498,184,682,5
2021-10-18,Mono,051,14174,1665,1648,20,1668,3
2021-10-18,Monterey,053,433212,48304,47389,2739,50128,583
2021-10-18,Napa,055,140530,12831,12762,105,12867,100
2021-10-18,Nevada,057,99092,8917,8816,306,9122,90
2021-10-18,Orange,059,3164182,303784,301573,14541,316114,5524
2021-10-18,Placer,061,380077,36137,35598,3489,39087,420
2021-10-18,Plumas,063,18699,1668,1579,32,1611,6
2021-10-18,Riverside,065,2383286,358050,353699,16078,369777,5008
2021-10-18,Sacramento,067,1510023,155513,154428,4271,158699,2203
2021-10-18,San Benito,069,59416,7265,7253,160,7413,71
2021-10-18,San Bernardino,071,2135413,349075,346742,10839,357581,5606
2021-10-18,San Diego,073,3302833,367088,364948,21582,386530,4169
2021-10-18,San Francisco,075,870044,52188,51671,2223,53894,644
2021-10-18,San Joaquin,077,732212,97973,97041,5211,102252,1721
2021-10-18,San Luis Obispo,079,281455,29054,28644,1190,29834,331
2021-10-18,San Mateo,081,765935,53445,52594,815,53409,571
2021-10-18,Santa Barbara,083,443738,43753,43386,1505,44891,522
2021-10-18,Santa Clara,085,1922200,145016,143891,1236,145127,1895
2021-10-18,Santa Cruz,087,273765,20104,19876,979,20855,218
2021-10-18,Shasta,089,179085,20597,20146,3418,23564,313
2021-10-18,Sierra,091,2930,174,166,18,184,0
2021-10-18,Siskiyou,093,43540,3297,3210,1226,4436,42
2021-10-18,Solano,095,438530,45409,44758,1209,45967,339
2021-10-18,Sonoma,097,501317,40654,40349,503,40852,392
2021-10-18,Stanislaus,099,539301,76477,76466,8535,85001,1145
2021-10-18,Sutter,101,95872,13602,13557,311,13868,172
2021-10-18,Tehama,103,63373,8158,8042,1381,9423,107
2021-10-18,Trinity,105,12862,825,688,203,891,11
2021-10-18,Tulare,107,460477,66573,65171,13997,79168,958
2021-10-18,Tuolumne,109,53932,6873,6755,86,6841,89
2021-10-18,Ventura,111,848112,97091,96506,4214,100720,1165
2021-10-18,Yolo,113,214977,19448,19197,981,20178,248
2021-10-18,Yuba,115,75493,9888,9782,289,10071,82
2021-10-17,Alameda,001,1643700,117932,117423,2665,120088,1376
2021-10-17,Alpine,003,1148,101,103,0,103,0
2021-10-17,Amador,005,37829,5412,5341,56,5397,64
2021-10-17,Butte,007,227075,20237,19897,3642,23539,265
2021-10-17,Calaveras,009,45235,3860,3805,45,3850,80
2021-10-17,Colusa,011,21464,2479,2442,601,3043,18
2021-10-17,Contra Costa,013,1133247,98028,97485,2072,99557,995
2021-10-17,Del Norte,015,27424,3615,3526,51,3577,41
2021-10-17,El Dorado,017,186661,15673,15438,1641,17079,149
2021-10-17,Fresno,019,978130,135255,133429,12112,145541,2063
2021-10-17,Glenn,021,27897,3421,3364,977,4341,32
2021-10-17,Humboldt,023,135768,8762,8690,493,9183,104
2021-10-17,Imperial,025,180216,32782,32520,3057,35577,764
2021-10-17,Inyo,027,18085,2101,2000,37,2037,40
2021-10-17,Kern,029,883053,123747,122085,20443,142528,1603
2021-10-17,Kings,031,150075,31166,30636,1801,32437,315
2021-10-17,Lake,033,64148,6554,6437,133,6570,104
2021-10-17,Lassen,035,31185,6697,6605,328,6933,26
2021-10-17,Los Angeles,037,10098052,1424110,1412371,52802,1465173,26443
2021-10-17,Madera,039,155013,22266,21869,1931,23800,277
2021-10-17,Marin,041,260295,17326,17211,428,17639,243
2021-10-17,Mariposa,043,17540,1206,1150,41,1191,5
2021-10-17,Mendocino,045,87422,7267,7148,446,7594,82
2021-10-17,Merced,047,269075,40713,40531,1723,42254,579
2021-10-17,Modoc,049,8938,513,498,182,680,5
2021-10-17,Mono,051,14174,1663,1640,19,1659,3
2021-10-17,Monterey,053,433212,48263,47369,2729,50098,583
2021-10-17,Napa,055,140530,12816,12753,102,12855,100
2021-10-17,Nevada,057,99092,8900,8794,305,9099,90
2021-10-17,Orange,059,3164182,303469,301414,14508,315922,5524
2021-10-17,Placer,061,380077,36037,35559,3474,39033,420
2021-10-17,Plumas,063,18699,1644,1571,31,1602,6
2021-10-17,Riverside,065,2383286,357566,353500,16064,369564,5008
2021-10-17,Sacramento,067,1510023,155113,154080,4254,158334,2213
2021-10-17,San Benito,069,59416,7256,7250,159,7409,71
2021-10-17,San Bernardino,071,2135413,348641,346524,10819,357343,5597
2021-10-17,San Diego,073,3302833,366497,364675,21554,386229,4163
2021-10-17,San Francisco,075,870044,52116,51625,2214,53839,644
2021-10-17,San Joaquin,077,732212,97800,96950,5202,102152,1721
2021-10-17,San Luis Obispo,079,281455,29002,28604,1182,29786,331
2021-10-17,San Mateo,081,765935,53393,52541,811,53352,571
2021-10-17,Santa Barbara,083,443738,43690,43344,1504,44848,522
2021-10-17,Santa Clara,085,1922200,144839,143768,1227,144995,1895
2021-10-17,Santa Cruz,087,273765,20076,19861,977,20838,218
2021-10-17,Shasta,089,179085,20507,20116,3408,23524,312
2021-10-17,Sierra,091,2930,172,165,18,183,0
2021-10-17,Siskiyou,093,43540,3289,3204,1223,4427,42
2021-10-17,Solano,095,438530,45352,44722,1208,45930,340
2021-10-17,Sonoma,097,501317,40578,40306,502,40808,392
2021-10-17,Stanislaus,099,539301,76280,76354,8521,84875,1145
2021-10-17,Sutter,101,95872,13585,13543,309,13852,172
2021-10-17,Tehama,103,63373,8126,8015,1365,9380,107
2021-10-17,Trinity,105,12862,822,686,202,888,11
2021-10-17,Tulare,107,460477,66390,65057,13925,78982,958
2021-10-17,Tuolumne,109,53932,6839,6735,85,6820,89
2021-10-17,Ventura,111,848112,96991,96458,4211,100669,1165
2021-10-17,Yolo,113,214977,19406,19171,972,20143,248
2021-10-17,Yuba,115,75493,9862,9771,287,10058,82
2021-10-16,Alameda,001,1643700,117842,117027,2663,119690,1365
2021-10-16,Alpine,003,1148,100,102,0,102,0
2021-10-16,Amador,005,37829,5405,5310,56,5366,64
2021-10-16,Butte,007,227075,20206,19612,3633,23245,260
2021-10-16,Calaveras,009,45235,3853,3771,45,3816,80
2021-10-16,Colusa,011,21464,2475,2431,598,3029,18
2021-10-16,Contra Costa,013,1133247,97936,97107,2065,99172,982
2021-10-16,Del Norte,015,27424,3612,3516,51,3567,41
2021-10-16,El Dorado,017,186661,15652,15315,1639,16954,149
2021-10-16,Fresno,019,978130,135101,132433,12095,144528,2051
2021-10-16,Glenn,021,27897,3415,3331,977,4308,26
2021-10-16,Humboldt,023,135768,8750,8621,488,9109,104
2021-10-16,Imperial,025,180216,32767,32368,3055,35423,764
2021-10-16,Inyo,027,18085,2087,1932,37,1969,39
2021-10-16,Kern,029,883053,123591,121354,20362,141716,1590
2021-10-16,Kings,031,150075,31120,30418,1798,32216,314
2021-10-16,Lake,033,64148,6543,6378,133,6511,104
2021-10-16,Lassen,035,31185,6688,6559,324,6883,26
2021-10-16,Los Angeles,037,10098052,1423455,1409418,52748,1462166,26398
2021-10-16,Madera,039,155013,22222,21707,1927,23634,277
2021-10-16,Marin,041,260295,17316,17148,428,17576,243
2021-10-16,Mariposa,043,17540,1203,1096,41,1137,5
2021-10-16,Mendocino,045,87422,7256,7099,446,7545,82
2021-10-16,Merced,047,269075,40681,40265,1721,41986,577
2021-10-16,Modoc,049,8938,510,492,182,674,5
2021-10-16,Mono,051,14174,1659,1628,19,1647,3
2021-10-16,Monterey,053,433212,48246,47293,2721,50014,582
2021-10-16,Napa,055,140530,12805,12706,102,12808,100
2021-10-16,Nevada,057,99092,8880,8739,305,9044,90
2021-10-16,Orange,059,3164182,303293,300722,14483,315205,5509
2021-10-16,Placer,061,380077,35953,35343,3468,38811,412
2021-10-16,Plumas,063,18699,1639,1542,30,1572,6
2021-10-16,Riverside,065,2383286,357296,352435,16052,368487,4990
2021-10-16,Sacramento,067,1510023,154914,153264,4250,157514,2192
2021-10-16,San Benito,069,59416,7243,7210,158,7368,71
2021-10-16,San Bernardino,071,2135413,348434,345418,10811,356229,5566
2021-10-16,San Diego,073,3302833,366181,363109,21538,384647,4151
2021-10-16,San Francisco,075,870044,52069,51436,2210,53646,645
2021-10-16,San Joaquin,077,732212,97728,96507,5199,101706,1708
2021-10-16,San Luis Obispo,079,281455,28976,28460,1181,29641,329
2021-10-16,San Mateo,081,765935,53344,52399,810,53209,569
2021-10-16,Santa Barbara,083,443738,43654,43175,1503,44678,521
2021-10-16,Santa Clara,085,1922200,144739,143282,1219,144501,1890
2021-10-16,Santa Cruz,087,273765,20061,19794,976,20770,218
2021-10-16,Shasta,089,179085,20457,19932,3397,23329,309
2021-10-16,Sierra,091,2930,170,160,18,178,0
2021-10-16,Siskiyou,093,43540,3287,3173,1216,4389,42
2021-10-16,Solano,095,438530,45326,44585,1204,45789,334
2021-10-16,Sonoma,097,501317,40538,40195,502,40697,390
2021-10-16,Stanislaus,099,539301,76194,75868,8511,84379,1142
2021-10-16,Sutter,101,95872,13566,13471,308,13779,169
2021-10-16,Tehama,103,63373,8113,7907,1360,9267,104
2021-10-16,Trinity,105,12862,822,679,202,881,11
2021-10-16,Tulare,107,460477,66252,64489,13894,78383,951
2021-10-16,Tuolumne,109,53932,6807,6666,85,6751,89
2021-10-16,Ventura,111,848112,96959,96181,4206,100387,1164
2021-10-16,Yolo,113,214977,19379,19078,966,20044,247
2021-10-16,Yuba,115,75493,9838,9705,284,9989,82
2021-10-15,Alameda,001,1643700,117770,117027,2659,119686,1365
2021-10-15,Alpine,003,1148,100,102,0,102,0
2021-10-15,Amador,005,37829,5381,5310,56,5366,64
2021-10-15,Butte,007,227075,20170,19612,3626,23238,260
2021-10-15,Calaveras,009,45235,3847,3771,45,3816,80
2021-10-15,Colusa,011,21464,2473,2431,595,3026,18
2021-10-15,Contra Costa,013,1133247,97854,97107,2062,99169,982
2021-10-15,Del Norte,015,27424,3610,3516,51,3567,41
2021-10-15,El Dorado,017,186661,15632,15315,1634,16949,149
2021-10-15,Fresno,019,978130,134848,132433,12086,144519,2051
2021-10-15,Glenn,021,27897,3409,3331,976,4307,26
2021-10-15,Humboldt,023,135768,8741,8621,486,9107,104
2021-10-15,Imperial,025,180216,32720,32368,3051,35419,764
2021-10-15,Inyo,027,18085,2069,1932,37,1969,39
2021-10-15,Kern,029,883053,123455,121354,20288,141642,1590
2021-10-15,Kings,031,150075,31065,30418,1794,32212,314
2021-10-15,Lake,033,64148,6534,6378,133,6511,104
2021-10-15,Lassen,035,31185,6676,6559,323,6882,26
2021-10-15,Los Angeles,037,10098052,1422762,1409418,52700,1462118,26398
2021-10-15,Madera,039,155013,22178,21707,1919,23626,277
2021-10-15,Marin,041,260295,17305,17148,428,17576,243
2021-10-15,Mariposa,043,17540,1195,1096,41,1137,5
2021-10-15,Mendocino,045,87422,7241,7099,446,7545,82
2021-10-15,Merced,047,269075,40651,40265,1718,41983,577
2021-10-15,Modoc,049,8938,509,492,182,674,5
2021-10-15,Mono,051,14174,1656,1628,19,1647,3
2021-10-15,Monterey,053,433212,48224,47293,2719,50012,582
2021-10-15,Napa,055,140530,12801,12706,102,12808,100
2021-10-15,Nevada,057,99092,8865,8739,305,9044,90
2021-10-15,Orange,059,3164182,303124,300722,14465,315187,5509
2021-10-15,Placer,061,380077,35899,35343,3462,38805,412
2021-10-15,Plumas,063,18699,1631,1542,30,1572,6
2021-10-15,Riverside,065,2383286,357054,352435,16047,368482,4990
2021-10-15,Sacramento,067,1510023,154727,153264,4240,157504,2192
2021-10-15,San Benito,069,59416,7240,7210,158,7368,71
2021-10-15,San Bernardino,071,2135413,348202,345418,10808,356226,5566
2021-10-15,San Diego,073,3302833,365821,363109,21513,384622,4151
2021-10-15,San Francisco,075,870044,52029,51436,2203,53639,645
2021-10-15,San Joaquin,077,732212,97650,96507,5192,101699,1708
2021-10-15,San Luis Obispo,079,281455,28955,28460,1179,29639,329
2021-10-15,San Mateo,081,765935,53300,52399,809,53208,569
2021-10-15,Santa Barbara,083,443738,43616,43175,1503,44678,521
2021-10-15,Santa Clara,085,1922200,144617,143282,1211,144493,1890
2021-10-15,Santa Cruz,087,273765,20050,19794,976,20770,218
2021-10-15,Shasta,089,179085,20401,19932,3389,23321,309
2021-10-15,Sierra,091,2930,170,160,18,178,0
2021-10-15,Siskiyou,093,43540,3286,3173,1213,4386,42
2021-10-15,Solano,095,438530,45300,44585,1204,45789,334
2021-10-15,Sonoma,097,501317,40504,40195,501,40696,390
2021-10-15,Stanislaus,099,539301,76114,75868,8495,84363,1142
2021-10-15,Sutter,101,95872,13549,13471,306,13777,169
2021-10-15,Tehama,103,63373,8092,7907,1354,9261,104
2021-10-15,Trinity,105,12862,822,679,202,881,11
2021-10-15,Tulare,107,460477,66173,64489,13857,78346,951
2021-10-15,Tuolumne,109,53932,6784,6666,83,6749,89
2021-10-15,Ventura,111,848112,96917,96181,4203,100384,1164
2021-10-15,Yolo,113,214977,19364,19078,962,20040,247
2021-10-15,Yuba,115,75493,9828,9705,283,9988,82
2021-10-14,Alameda,001,1643700,117661,117027,2654,119681,1365
2021-10-14,Alpine,003,1148,100,102,0,102,0
2021-10-14,Amador,005,37829,5370,5310,56,5366,64
2021-10-14,Butte,007,227075,20118,19612,3620,23232,260
2021-10-14,Calaveras,009,45235,3834,3771,44,3815,80
2021-10-14,Colusa,011,21464,2471,2431,593,3024,18
2021-10-14,Contra Costa,013,1133247,97720,97107,2055,99162,982
2021-10-14,Del Norte,015,27424,3604,3516,51,3567,41
2021-10-14,El Dorado,017,186661,15594,15315,1631,16946,149
2021-10-14,Fresno,019,978130,134553,132433,12057,144490,2051
2021-10-14,Glenn,021,27897,3404,3331,975,4306,26
2021-10-14,Humboldt,023,135768,8724,8621,483,9104,104
2021-10-14,Imperial,025,180216,32657,32368,3044,35412,764
2021-10-14,Inyo,027,18085,2050,1932,37,1969,39
2021-10-14,Kern,029,883053,123183,121354,20189,141543,1590
2021-10-14,Kings,031,150075,31000,30418,1786,32204,314
2021-10-14,Lake,033,64148,6513,6378,132,6510,104
2021-10-14,Lassen,035,31185,6670,6559,322,6881,26
2021-10-14,Los Angeles,037,10098052,1421772,1409418,52648,1462066,26398
2021-10-14,Madera,039,155013,22113,21707,1913,23620,277
2021-10-14,Marin,041,260295,17300,17148,426,17574,243
2021-10-14,Mariposa,043,17540,1182,1096,40,1136,5
2021-10-14,Mendocino,045,87422,7227,7099,444,7543,82
2021-10-14,Merced,047,269075,40563,40265,1704,41969,577
2021-10-14,Modoc,049,8938,509,492,182,674,5
2021-10-14,Mono,051,14174,1649,1628,19,1647,3
2021-10-14,Monterey,053,433212,48198,47293,2714,50007,582
2021-10-14,Napa,055,140530,12786,12706,102,12808,100
2021-10-14,Nevada,057,99092,8838,8739,303,9042,90
2021-10-14,Orange,059,3164182,302916,300722,14448,315170,5509
2021-10-14,Placer,061,380077,35832,35343,3448,38791,412
2021-10-14,Plumas,063,18699,1616,1542,30,1572,6
2021-10-14,Riverside,065,2383286,356657,352435,16036,368471,4990
2021-10-14,Sacramento,067,1510023,154476,153264,4220,157484,2192
2021-10-14,San Benito,069,59416,7229,7210,158,7368,71
2021-10-14,San Bernardino,071,2135413,347845,345418,10801,356219,5566
2021-10-14,San Diego,073,3302833,365381,363109,21486,384595,4151
2021-10-14,San Francisco,075,870044,51972,51436,2199,53635,645
2021-10-14,San Joaquin,077,732212,97521,96507,5183,101690,1708
2021-10-14,San Luis Obispo,079,281455,28911,28460,1175,29635,329
2021-10-14,San Mateo,081,765935,53252,52399,808,53207,569
2021-10-14,Santa Barbara,083,443738,43560,43175,1498,44673,521
2021-10-14,Santa Clara,085,1922200,144476,143282,1205,144487,1890
2021-10-14,Santa Cruz,087,273765,20027,19794,976,20770,218
2021-10-14,Shasta,089,179085,20344,19932,3377,23309,309
2021-10-14,Sierra,091,2930,169,160,18,178,0
2021-10-14,Siskiyou,093,43540,3283,3173,1205,4378,42
2021-10-14,Solano,095,438530,45250,44585,1196,45781,334
2021-10-14,Sonoma,097,501317,40454,40195,498,40693,390
2021-10-14,Stanislaus,099,539301,75968,75868,8482,84350,1142
2021-10-14,Sutter,101,95872,13529,13471,305,13776,169
2021-10-14,Tehama,103,63373,8061,7907,1347,9254,104
2021-10-14,Trinity,105,12862,821,679,201,880,11
2021-10-14,Tulare,107,460477,65988,64489,13810,78299,951
2021-10-14,Tuolumne,109,53932,6752,6666,82,6748,89
2021-10-14,Ventura,111,848112,96849,96181,4197,100378,1164
2021-10-14,Yolo,113,214977,19331,19078,955,20033,247
2021-10-14,Yuba,115,75493,9814,9705,274,9979,82
2021-10-13,Alameda,001,1643700,117555,116914,2648,119562,1360
2021-10-13,Alpine,003,1148,100,102,0,102,0
2021-10-13,Amador,005,37829,5356,5305,56,5361,63
2021-10-13,Butte,007,227075,20043,19546,3615,23161,257
2021-10-13,Calaveras,009,45235,3813,3756,42,3798,79
2021-10-13,Colusa,011,21464,2464,2430,589,3019,18
2021-10-13,Contra Costa,013,1133247,97604,96975,2054,99029,969
2021-10-13,Del Norte,015,27424,3599,3512,51,3563,39
2021-10-13,El Dorado,017,186661,15570,15302,1626,16928,149
2021-10-13,Fresno,019,978130,134219,132055,12026,144081,2048
2021-10-13,Glenn,021,27897,3399,3327,971,4298,26
2021-10-13,Humboldt,023,135768,8713,8604,479,9083,102
2021-10-13,Imperial,025,180216,32597,32317,3042,35359,762
2021-10-13,Inyo,027,18085,2013,1907,37,1944,39
2021-10-13,Kern,029,883053,122939,120956,20097,141053,1586
2021-10-13,Kings,031,150075,30919,30246,1779,32025,312
2021-10-13,Lake,033,64148,6493,6371,132,6503,103
2021-10-13,Lassen,035,31185,6659,6535,316,6851,25
2021-10-13,Los Angeles,037,10098052,1420720,1408384,52592,1460976,26379
2021-10-13,Madera,039,155013,22060,21609,1899,23508,277
2021-10-13,Marin,041,260295,17276,17137,425,17562,243
2021-10-13,Mariposa,043,17540,1168,1090,40,1130,5
2021-10-13,Mendocino,045,87422,7211,7088,436,7524,82
2021-10-13,Merced,047,269075,40478,40164,1693,41857,577
2021-10-13,Modoc,049,8938,507,490,180,670,5
2021-10-13,Mono,051,14174,1649,1612,19,1631,3
2021-10-13,Monterey,053,433212,48179,47273,2707,49980,582
2021-10-13,Napa,055,140530,12775,12695,100,12795,100
2021-10-13,Nevada,057,99092,8816,8725,303,9028,90
2021-10-13,Orange,059,3164182,302708,300468,14432,314900,5503
2021-10-13,Placer,061,380077,35765,35254,3439,38693,412
2021-10-13,Plumas,063,18699,1602,1514,30,1544,6
2021-10-13,Riverside,065,2383286,356327,352044,16023,368067,4978
2021-10-13,Sacramento,067,1510023,154227,153141,4199,157340,2182
2021-10-13,San Benito,069,59416,7223,7196,157,7353,71
2021-10-13,San Bernardino,071,2135413,347521,344951,10784,355735,5562
2021-10-13,San Diego,073,3302833,364950,362564,21464,384028,4141
2021-10-13,San Francisco,075,870044,51929,51379,2195,53574,644
2021-10-13,San Joaquin,077,732212,97378,96343,5179,101522,1696
2021-10-13,San Luis Obispo,079,281455,28873,28397,1172,29569,330
2021-10-13,San Mateo,081,765935,53200,52352,804,53156,569
2021-10-13,Santa Barbara,083,443738,43508,43109,1498,44607,518
2021-10-13,Santa Clara,085,1922200,144338,143064,1204,144268,1886
2021-10-13,Santa Cruz,087,273765,20001,19763,975,20738,217
2021-10-13,Shasta,089,179085,20274,19802,3357,23159,307
2021-10-13,Sierra,091,2930,169,155,18,173,0
2021-10-13,Siskiyou,093,43540,3275,3173,1204,4377,42
2021-10-13,Solano,095,438530,45211,44558,1193,45751,334
2021-10-13,Sonoma,097,501317,40398,40122,498,40620,390
2021-10-13,Stanislaus,099,539301,75826,75698,8472,84170,1136
2021-10-13,Sutter,101,95872,13499,13458,303,13761,169
2021-10-13,Tehama,103,63373,8025,7849,1341,9190,103
2021-10-13,Trinity,105,12862,818,677,201,878,11
2021-10-13,Tulare,107,460477,65808,64297,13756,78053,945
2021-10-13,Tuolumne,109,53932,6738,6644,81,6725,89
2021-10-13,Ventura,111,848112,96775,96099,4191,100290,1162
2021-10-13,Yolo,113,214977,19303,19023,953,19976,247
2021-10-13,Yuba,115,75493,9789,9690,261,9951,80
2021-10-12,Alameda,001,1643700,117452,116813,2644,119457,1357
2021-10-12,Alpine,003,1148,100,102,0,102,0
2021-10-12,Amador,005,37829,5345,5301,56,5357,63
2021-10-12,Butte,007,227075,19971,19506,3604,23110,256
2021-10-12,Calaveras,009,45235,3798,3750,42,3792,75
2021-10-12,Colusa,011,21464,2461,2428,587,3015,18
2021-10-12,Contra Costa,013,1133247,97491,96894,2045,98939,960
2021-10-12,Del Norte,015,27424,3593,3511,51,3562,39
2021-10-12,El Dorado,017,186661,15536,15287,1624,16911,148
2021-10-12,Fresno,019,978130,133858,131848,11995,143843,2042
2021-10-12,Glenn,021,27897,3385,3321,970,4291,26
2021-10-12,Humboldt,023,135768,8686,8587,473,9060,102
2021-10-12,Imperial,025,180216,32545,32267,3040,35307,762
2021-10-12,Inyo,027,18085,1981,1889,37,1926,39
2021-10-12,Kern,029,883053,122652,120826,19988,140814,1580
2021-10-12,Kings,031,150075,30845,30200,1768,31968,312
2021-10-12,Lake,033,64148,6478,6372,130,6502,97
2021-10-12,Lassen,035,31185,6649,6526,315,6841,25
2021-10-12,Los Angeles,037,10098052,1419660,1407462,52546,1460008,26362
2021-10-12,Madera,039,155013,21989,21574,1886,23460,277
2021-10-12,Marin,041,260295,17253,17126,425,17551,242
2021-10-12,Mariposa,043,17540,1154,1088,40,1128,5
2021-10-12,Mendocino,045,87422,7182,7077,433,7510,82
2021-10-12,Merced,047,269075,40399,40113,1687,41800,567
2021-10-12,Modoc,049,8938,502,485,179,664,5
2021-10-12,Mono,051,14174,1647,1608,19,1627,3
2021-10-12,Monterey,053,433212,48148,47254,2699,49953,582
2021-10-12,Napa,055,140530,12761,12671,100,12771,97
2021-10-12,Nevada,057,99092,8804,8720,302,9022,89
2021-10-12,Orange,059,3164182,302453,300256,14406,314662,5499
2021-10-12,Placer,061,380077,35702,35214,3431,38645,404
2021-10-12,Plumas,063,18699,1588,1488,29,1517,6
2021-10-12,Riverside,065,2383286,356001,351771,16009,367780,4973
2021-10-12,Sacramento,067,1510023,153922,152935,4174,157109,2170
2021-10-12,San Benito,069,59416,7209,7193,157,7350,71
2021-10-12,San Bernardino,071,2135413,347210,344788,10774,355562,5563
2021-10-12,San Diego,073,3302833,364437,362256,21435,383691,4137
2021-10-12,San Francisco,075,870044,51865,51301,2194,53495,643
2021-10-12,San Joaquin,077,732212,97241,96237,5174,101411,1690
2021-10-12,San Luis Obispo,079,281455,28826,28379,1171,29550,327
2021-10-12,San Mateo,081,765935,53149,52328,803,53131,569
2021-10-12,Santa Barbara,083,443738,43447,43076,1498,44574,515
2021-10-12,Santa Clara,085,1922200,144185,142954,1202,144156,1882
2021-10-12,Santa Cruz,087,273765,19976,19757,975,20732,218
2021-10-12,Shasta,089,179085,20200,19731,3336,23067,304
2021-10-12,Sierra,091,2930,169,153,18,171,0
2021-10-12,Siskiyou,093,43540,3264,3166,1198,4364,42
2021-10-12,Solano,095,438530,45169,44516,1187,45703,329
2021-10-12,Sonoma,097,501317,40357,40105,497,40602,390
2021-10-12,Stanislaus,099,539301,75674,75589,8460,84049,1126
2021-10-12,Sutter,101,95872,13476,13436,299,13735,168
2021-10-12,Tehama,103,63373,7993,7820,1337,9157,103
2021-10-12,Trinity,105,12862,815,676,201,877,11
2021-10-12,Tulare,107,460477,65623,64216,13701,77917,944
2021-10-12,Tuolumne,109,53932,6721,6637,80,6717,89
2021-10-12,Ventura,111,848112,96674,96022,4186,100208,1160
2021-10-12,Yolo,113,214977,19276,18987,945,19932,247
2021-10-12,Yuba,115,75493,9774,9676,257,9933,70
2021-10-11,Alameda,001,1643700,117310,116759,2643,119402,1358
2021-10-11,Alpine,003,1148,100,102,0,102,0
2021-10-11,Amador,005,37829,5333,5286,56,5342,62
2021-10-11,Butte,007,227075,19912,19452,3599,23051,253
2021-10-11,Calaveras,009,45235,3777,3750,42,3792,75
2021-10-11,Colusa,011,21464,2457,2427,579,3006,18
2021-10-11,Contra Costa,013,1133247,97355,96832,2040,98872,960
2021-10-11,Del Norte,015,27424,3590,3510,47,3557,39
2021-10-11,El Dorado,017,186661,15507,15273,1620,16893,146
2021-10-11,Fresno,019,978130,133528,131703,11960,143663,2036
2021-10-11,Glenn,021,27897,3368,3308,968,4276,26
2021-10-11,Humboldt,023,135768,8661,8571,466,9037,101
2021-10-11,Imperial,025,180216,32495,32207,3034,35241,762
2021-10-11,Inyo,027,18085,1958,1862,36,1898,39
2021-10-11,Kern,029,883053,122416,120684,19893,140577,1575
2021-10-11,Kings,031,150075,30756,30180,1758,31938,309
2021-10-11,Lake,033,64148,6462,6361,126,6487,97
2021-10-11,Lassen,035,31185,6629,6499,312,6811,25
2021-10-11,Los Angeles,037,10098052,1418613,1406826,52495,1459321,26346
2021-10-11,Madera,039,155013,21931,21555,1869,23424,272
2021-10-11,Marin,041,260295,17235,17121,421,17542,242
2021-10-11,Mariposa,043,17540,1124,1083,39,1122,5
2021-10-11,Mendocino,045,87422,7166,7064,429,7493,82
2021-10-11,Merced,047,269075,40283,40064,1662,41726,566
2021-10-11,Modoc,049,8938,499,482,176,658,5
2021-10-11,Mono,051,14174,1637,1604,19,1623,3
2021-10-11,Monterey,053,433212,48119,47241,2692,49933,580
2021-10-11,Napa,055,140530,12738,12654,98,12752,96
2021-10-11,Nevada,057,99092,8784,8716,301,9017,90
2021-10-11,Orange,059,3164182,302223,299941,14376,314317,5499
2021-10-11,Placer,061,380077,35633,35173,3414,38587,404
2021-10-11,Plumas,063,18699,1570,1469,27,1496,6
2021-10-11,Riverside,065,2383286,355656,351444,16004,367448,4973
2021-10-11,Sacramento,067,1510023,153633,152681,4143,156824,2169
2021-10-11,San Benito,069,59416,7188,7184,155,7339,71
2021-10-11,San Bernardino,071,2135413,346826,344594,10766,355360,5549
2021-10-11,San Diego,073,3302833,363925,361712,21403,383115,4124
2021-10-11,San Francisco,075,870044,51794,51275,2191,53466,643
2021-10-11,San Joaquin,077,732212,97086,96152,5163,101315,1681
2021-10-11,San Luis Obispo,079,281455,28779,28355,1166,29521,327
2021-10-11,San Mateo,081,765935,53101,52298,803,53101,569
2021-10-11,Santa Barbara,083,443738,43400,43018,1497,44515,515
2021-10-11,Santa Clara,085,1922200,144024,142836,1198,144034,1882
2021-10-11,Santa Cruz,087,273765,19952,19745,974,20719,217
2021-10-11,Shasta,089,179085,20121,19662,3320,22982,295
2021-10-11,Sierra,091,2930,166,147,17,164,0
2021-10-11,Siskiyou,093,43540,3257,3159,1194,4353,42
2021-10-11,Solano,095,438530,45120,44474,1184,45658,329
2021-10-11,Sonoma,097,501317,40312,40067,497,40564,390
2021-10-11,Stanislaus,099,539301,75503,75478,8439,83917,1118
2021-10-11,Sutter,101,95872,13457,13427,297,13724,165
2021-10-11,Tehama,103,63373,7952,7795,1328,9123,102
2021-10-11,Trinity,105,12862,809,675,200,875,11
2021-10-11,Tulare,107,460477,65443,64094,13635,77729,942
2021-10-11,Tuolumne,109,53932,6683,6602,80,6682,89
2021-10-11,Ventura,111,848112,96577,95876,4179,100055,1160
2021-10-11,Yolo,113,214977,19229,18977,942,19919,247
2021-10-11,Yuba,115,75493,9757,9657,245,9902,69
2021-10-10,Alameda,001,1643700,117191,116679,2639,119318,1358
2021-10-10,Alpine,003,1148,100,102,0,102,0
2021-10-10,Amador,005,37829,5319,5278,56,5334,62
2021-10-10,Butte,007,227075,19847,19430,3584,23014,253
2021-10-10,Calaveras,009,45235,3765,3747,42,3789,75
2021-10-10,Colusa,011,21464,2456,2425,578,3003,18
2021-10-10,Contra Costa,013,1133247,97256,96760,2034,98794,960
2021-10-10,Del Norte,015,27424,3586,3507,47,3554,39
2021-10-10,El Dorado,017,186661,15477,15250,1614,16864,146
2021-10-10,Fresno,019,978130,133198,131434,11929,143363,2035
2021-10-10,Glenn,021,27897,3363,3297,966,4263,26
2021-10-10,Humboldt,023,135768,8639,8554,462,9016,101
2021-10-10,Imperial,025,180216,32420,32167,3033,35200,762
2021-10-10,Inyo,027,18085,1937,1857,36,1893,39
2021-10-10,Kern,029,883053,122090,120552,19790,140342,1573
2021-10-10,Kings,031,150075,30667,30122,1748,31870,308
2021-10-10,Lake,033,64148,6446,6349,125,6474,97
2021-10-10,Lassen,035,31185,6609,6495,311,6806,26
2021-10-10,Los Angeles,037,10098052,1417425,1406034,52420,1458454,26338
2021-10-10,Madera,039,155013,21885,21486,1860,23346,272
2021-10-10,Marin,041,260295,17218,17112,421,17533,242
2021-10-10,Mariposa,043,17540,1121,1074,39,1113,5
2021-10-10,Mendocino,045,87422,7151,7060,421,7481,81
2021-10-10,Merced,047,269075,40200,40036,1643,41679,566
2021-10-10,Modoc,049,8938,499,482,176,658,5
2021-10-10,Mono,051,14174,1636,1596,19,1615,3
2021-10-10,Monterey,053,433212,48089,47228,2691,49919,580
2021-10-10,Napa,055,140530,12715,12641,98,12739,96
2021-10-10,Nevada,057,99092,8772,8689,301,8990,90
2021-10-10,Orange,059,3164182,301961,299787,14348,314135,5499
2021-10-10,Placer,061,380077,35540,35128,3402,38530,404
2021-10-10,Plumas,063,18699,1554,1468,25,1493,6
2021-10-10,Riverside,065,2383286,355282,351248,15986,367234,4973
2021-10-10,Sacramento,067,1510023,153366,152405,4126,156531,2178
2021-10-10,San Benito,069,59416,7183,7180,154,7334,71
2021-10-10,San Bernardino,071,2135413,346515,344423,10758,355181,5551
2021-10-10,San Diego,073,3302833,363409,361038,21356,382394,4113
2021-10-10,San Francisco,075,870044,51747,51216,2189,53405,643
2021-10-10,San Joaquin,077,732212,96915,96084,5149,101233,1681
2021-10-10,San Luis Obispo,079,281455,28735,28343,1166,29509,326
2021-10-10,San Mateo,081,765935,53059,52273,802,53075,569
2021-10-10,Santa Barbara,083,443738,43353,42987,1496,44483,515
2021-10-10,Santa Clara,085,1922200,143859,142768,1191,143959,1881
2021-10-10,Santa Cruz,087,273765,19932,19727,974,20701,217
2021-10-10,Shasta,089,179085,20033,19635,3311,22946,296
2021-10-10,Sierra,091,2930,164,147,17,164,0
2021-10-10,Siskiyou,093,43540,3243,3155,1187,4342,42
2021-10-10,Solano,095,438530,45064,44431,1184,45615,329
2021-10-10,Sonoma,097,501317,40260,40027,497,40524,390
2021-10-10,Stanislaus,099,539301,75325,75403,8425,83828,1118
2021-10-10,Sutter,101,95872,13433,13412,292,13704,165
2021-10-10,Tehama,103,63373,7914,7764,1319,9083,102
2021-10-10,Trinity,105,12862,808,669,199,868,11
2021-10-10,Tulare,107,460477,65271,63930,13586,77516,940
2021-10-10,Tuolumne,109,53932,6659,6580,79,6659,89
2021-10-10,Ventura,111,848112,96488,95829,4179,100008,1160
2021-10-10,Yolo,113,214977,19197,18952,937,19889,247
2021-10-10,Yuba,115,75493,9741,9641,240,9881,69
2021-10-09,Alameda,001,1643700,117093,116253,2637,118890,1356
2021-10-09,Alpine,003,1148,99,102,0,102,0
2021-10-09,Amador,005,37829,5317,5237,55,5292,62
2021-10-09,Butte,007,227075,19816,19277,3580,22857,250
2021-10-09,Calaveras,009,45235,3761,3716,42,3758,75
2021-10-09,Colusa,011,21464,2452,2419,577,2996,18
2021-10-09,Contra Costa,013,1133247,97187,96378,2028,98406,958
2021-10-09,Del Norte,015,27424,3585,3495,47,3542,39
2021-10-09,El Dorado,017,186661,15459,15153,1611,16764,144
2021-10-09,Fresno,019,978130,133066,130508,11911,142419,2018
2021-10-09,Glenn,021,27897,3359,3277,964,4241,26
2021-10-09,Humboldt,023,135768,8625,8448,460,8908,97
2021-10-09,Imperial,025,180216,32386,31989,3031,35020,760
2021-10-09,Inyo,027,18085,1928,1808,36,1844,39
2021-10-09,Kern,029,883053,121949,119795,19763,139558,1559
2021-10-09,Kings,031,150075,30618,29894,1746,31640,308
2021-10-09,Lake,033,64148,6427,6283,124,6407,97
2021-10-09,Lassen,035,31185,6604,6442,310,6752,25
2021-10-09,Los Angeles,037,10098052,1416837,1402810,52383,1455193,26280
2021-10-09,Madera,039,155013,21852,21313,1846,23159,271
2021-10-09,Marin,041,260295,17213,17049,419,17468,242
2021-10-09,Mariposa,043,17540,1114,1042,38,1080,5
2021-10-09,Mendocino,045,87422,7144,7011,420,7431,82
2021-10-09,Merced,047,269075,40157,39784,1643,41427,565
2021-10-09,Modoc,049,8938,497,477,175,652,5
2021-10-09,Mono,051,14174,1633,1577,19,1596,3
2021-10-09,Monterey,053,433212,48077,47168,2688,49856,577
2021-10-09,Napa,055,140530,12711,12586,98,12684,96
2021-10-09,Nevada,057,99092,8761,8613,300,8913,90
2021-10-09,Orange,059,3164182,301780,299089,14329,313418,5457
2021-10-09,Placer,061,380077,35502,34877,3395,38272,393
2021-10-09,Plumas,063,18699,1543,1418,25,1443,6
2021-10-09,Riverside,065,2383286,355030,350082,15970,366052,4965
2021-10-09,Sacramento,067,1510023,153156,151566,4113,155679,2160
2021-10-09,San Benito,069,59416,7175,7123,154,7277,71
2021-10-09,San Bernardino,071,2135413,346329,343452,10754,354206,5556
2021-10-09,San Diego,073,3302833,363103,359909,21351,381260,4111
2021-10-09,San Francisco,075,870044,51699,50960,2182,53142,643
2021-10-09,San Joaquin,077,732212,96849,95606,5144,100750,1669
2021-10-09,San Luis Obispo,079,281455,28718,28197,1164,29361,324
2021-10-09,San Mateo,081,765935,53028,52121,801,52922,569
2021-10-09,Santa Barbara,083,443738,43326,42735,1496,44231,514
2021-10-09,Santa Clara,085,1922200,143735,142298,1185,143483,1873
2021-10-09,Santa Cruz,087,273765,19922,19635,973,20608,217
2021-10-09,Shasta,089,179085,19982,19437,3306,22743,290
2021-10-09,Sierra,091,2930,161,141,17,158,0
2021-10-09,Siskiyou,093,43540,3242,3124,1186,4310,42
2021-10-09,Solano,095,438530,45047,44265,1183,45448,329
2021-10-09,Sonoma,097,501317,40216,39848,497,40345,387
2021-10-09,Stanislaus,099,539301,75235,74899,8414,83313,1114
2021-10-09,Sutter,101,95872,13424,13314,290,13604,165
2021-10-09,Tehama,103,63373,7903,7670,1314,8984,99
2021-10-09,Trinity,105,12862,807,660,199,859,11
2021-10-09,Tulare,107,460477,65163,63398,13565,76963,932
2021-10-09,Tuolumne,109,53932,6640,6521,79,6600,89
2021-10-09,Ventura,111,848112,96434,95542,4176,99718,1158
2021-10-09,Yolo,113,214977,19175,18850,935,19785,247
2021-10-09,Yuba,115,75493,9729,9551,239,9790,69
2021-10-08,Alameda,001,1643700,117012,116253,2634,118887,1356
2021-10-08,Alpine,003,1148,99,102,0,102,0
2021-10-08,Amador,005,37829,5304,5237,55,5292,62
2021-10-08,Butte,007,227075,19787,19277,3576,22853,250
2021-10-08,Calaveras,009,45235,3756,3716,42,3758,75
2021-10-08,Colusa,011,21464,2450,2419,577,2996,18
2021-10-08,Contra Costa,013,1133247,97143,96378,2023,98401,958
2021-10-08,Del Norte,015,27424,3584,3495,47,3542,39
2021-10-08,El Dorado,017,186661,15439,15153,1607,16760,144
2021-10-08,Fresno,019,978130,132870,130508,11890,142398,2018
2021-10-08,Glenn,021,27897,3351,3277,962,4239,26
2021-10-08,Humboldt,023,135768,8614,8448,457,8905,97
2021-10-08,Imperial,025,180216,32357,31989,3027,35016,760
2021-10-08,Inyo,027,18085,1910,1808,36,1844,39
2021-10-08,Kern,029,883053,121812,119795,19721,139516,1559
2021-10-08,Kings,031,150075,30524,29894,1745,31639,308
2021-10-08,Lake,033,64148,6419,6283,124,6407,97
2021-10-08,Lassen,035,31185,6590,6442,307,6749,25
2021-10-08,Los Angeles,037,10098052,1416177,1402810,52347,1455157,26280
2021-10-08,Madera,039,155013,21793,21313,1839,23152,271
2021-10-08,Marin,041,260295,17202,17049,418,17467,242
2021-10-08,Mariposa,043,17540,1107,1042,36,1078,5
2021-10-08,Mendocino,045,87422,7131,7011,420,7431,82
2021-10-08,Merced,047,269075,40125,39784,1640,41424,565
2021-10-08,Modoc,049,8938,495,477,175,652,5
2021-10-08,Mono,051,14174,1630,1577,19,1596,3
2021-10-08,Monterey,053,433212,48050,47168,2686,49854,577
2021-10-08,Napa,055,140530,12695,12586,98,12684,96
2021-10-08,Nevada,057,99092,8748,8613,300,8913,90
2021-10-08,Orange,059,3164182,301633,299089,14309,313398,5457
2021-10-08,Placer,061,380077,35464,34877,3388,38265,393
2021-10-08,Plumas,063,18699,1531,1418,25,1443,6
2021-10-08,Riverside,065,2383286,354761,350082,15959,366041,4965
2021-10-08,Sacramento,067,1510023,152991,151566,4099,155665,2160
2021-10-08,San Benito,069,59416,7171,7123,152,7275,71
2021-10-08,San Bernardino,071,2135413,346119,343452,10746,354198,5556
2021-10-08,San Diego,073,3302833,362777,359909,21332,381241,4111
2021-10-08,San Francisco,075,870044,51652,50960,2175,53135,643
2021-10-08,San Joaquin,077,732212,96781,95606,5138,100744,1669
2021-10-08,San Luis Obispo,079,281455,28691,28197,1163,29360,324
2021-10-08,San Mateo,081,765935,53000,52121,801,52922,569
2021-10-08,Santa Barbara,083,443738,43291,42735,1495,44230,514
2021-10-08,Santa Clara,085,1922200,143622,142298,1180,143478,1873
2021-10-08,Santa Cruz,087,273765,19907,19635,973,20608,217
2021-10-08,Shasta,089,179085,19940,19437,3300,22737,290
2021-10-08,Sierra,091,2930,159,141,15,156,0
2021-10-08,Siskiyou,093,43540,3234,3124,1185,4309,42
2021-10-08,Solano,095,438530,45008,44265,1183,45448,329
2021-10-08,Sonoma,097,501317,40180,39848,497,40345,387
2021-10-08,Stanislaus,099,539301,75166,74899,8405,83304,1114
2021-10-08,Sutter,101,95872,13410,13314,288,13602,165
2021-10-08,Tehama,103,63373,7886,7670,1312,8982,99
2021-10-08,Trinity,105,12862,806,660,199,859,11
2021-10-08,Tulare,107,460477,65045,63398,13533,76931,932
2021-10-08,Tuolumne,109,53932,6617,6521,79,6600,89
2021-10-08,Ventura,111,848112,96383,95542,4170,99712,1158
2021-10-08,Yolo,113,214977,19162,18850,931,19781,247
2021-10-08,Yuba,115,75493,9709,9551,238,9789,69
2021-10-07,Alameda,001,1643700,116892,116253,2633,118886,1356
2021-10-07,Alpine,003,1148,99,102,0,102,0
2021-10-07,Amador,005,37829,5297,5237,55,5292,62
2021-10-07,Butte,007,227075,19738,19277,3565,22842,250
2021-10-07,Calaveras,009,45235,3744,3716,42,3758,75
2021-10-07,Colusa,011,21464,2447,2419,571,2990,18
2021-10-07,Contra Costa,013,1133247,97020,96378,2020,98398,958
2021-10-07,Del Norte,015,27424,3581,3495,47,3542,39
2021-10-07,El Dorado,017,186661,15402,15153,1603,16756,144
2021-10-07,Fresno,019,978130,132596,130508,11866,142374,2018
2021-10-07,Glenn,021,27897,3344,3277,960,4237,26
2021-10-07,Humboldt,023,135768,8588,8448,454,8902,97
2021-10-07,Imperial,025,180216,32286,31989,3014,35003,760
2021-10-07,Inyo,027,18085,1891,1808,36,1844,39
2021-10-07,Kern,029,883053,121581,119795,19656,139451,1559
2021-10-07,Kings,031,150075,30459,29894,1739,31633,308
2021-10-07,Lake,033,64148,6408,6283,124,6407,97
2021-10-07,Lassen,035,31185,6572,6442,305,6747,25
2021-10-07,Los Angeles,037,10098052,1415221,1402810,52303,1455113,26280
2021-10-07,Madera,039,155013,21720,21313,1825,23138,271
2021-10-07,Marin,041,260295,17184,17049,418,17467,242
2021-10-07,Mariposa,043,17540,1099,1042,36,1078,5
2021-10-07,Mendocino,045,87422,7121,7011,416,7427,82
2021-10-07,Merced,047,269075,40058,39784,1623,41407,565
2021-10-07,Modoc,049,8938,492,477,174,651,5
2021-10-07,Mono,051,14174,1622,1577,19,1596,3
2021-10-07,Monterey,053,433212,48025,47168,2677,49845,577
2021-10-07,Napa,055,140530,12680,12586,98,12684,96
2021-10-07,Nevada,057,99092,8720,8613,300,8913,90
2021-10-07,Orange,059,3164182,301407,299089,14295,313384,5457
2021-10-07,Placer,061,380077,35402,34877,3381,38258,393
2021-10-07,Plumas,063,18699,1514,1418,25,1443,6
2021-10-07,Riverside,065,2383286,354429,350082,15947,366029,4965
2021-10-07,Sacramento,067,1510023,152709,151566,4072,155638,2160
2021-10-07,San Benito,069,59416,7155,7123,150,7273,71
2021-10-07,San Bernardino,071,2135413,345845,343452,10738,354190,5556
2021-10-07,San Diego,073,3302833,362382,359909,21311,381220,4111
2021-10-07,San Francisco,075,870044,51581,50960,2172,53132,643
2021-10-07,San Joaquin,077,732212,96627,95606,5130,100736,1669
2021-10-07,San Luis Obispo,079,281455,28640,28197,1161,29358,324
2021-10-07,San Mateo,081,765935,52960,52121,800,52921,569
2021-10-07,Santa Barbara,083,443738,43223,42735,1489,44224,514
2021-10-07,Santa Clara,085,1922200,143473,142298,1174,143472,1873
2021-10-07,Santa Cruz,087,273765,19887,19635,972,20607,217
2021-10-07,Shasta,089,179085,19851,19437,3285,22722,290
2021-10-07,Sierra,091,2930,158,141,15,156,0
2021-10-07,Siskiyou,093,43540,3230,3124,1180,4304,42
2021-10-07,Solano,095,438530,44963,44265,1179,45444,329
2021-10-07,Sonoma,097,501317,40143,39848,495,40343,387
2021-10-07,Stanislaus,099,539301,75004,74899,8380,83279,1114
2021-10-07,Sutter,101,95872,13388,13314,285,13599,165
2021-10-07,Tehama,103,63373,7853,7670,1306,8976,99
2021-10-07,Trinity,105,12862,804,660,199,859,11
2021-10-07,Tulare,107,460477,64878,63398,13497,76895,932
2021-10-07,Tuolumne,109,53932,6595,6521,79,6600,89
2021-10-07,Ventura,111,848112,96310,95542,4167,99709,1158
2021-10-07,Yolo,113,214977,19129,18850,927,19777,247
2021-10-07,Yuba,115,75493,9683,9551,231,9782,69
2021-10-06,Alameda,001,1643700,116755,116058,2627,118685,1353
2021-10-06,Alpine,003,1148,99,102,0,102,0
2021-10-06,Amador,005,37829,5294,5205,55,5260,62
2021-10-06,Butte,007,227075,19676,19208,3558,22766,247
2021-10-06,Calaveras,009,45235,3735,3669,42,3711,75
2021-10-06,Colusa,011,21464,2445,2414,564,2978,18
2021-10-06,Contra Costa,013,1133247,96895,96184,2016,98200,953
2021-10-06,Del Norte,015,27424,3578,3490,44,3534,39
2021-10-06,El Dorado,017,186661,15376,15078,1600,16678,140
2021-10-06,Fresno,019,978130,132306,130074,11841,141915,2008
2021-10-06,Glenn,021,27897,3335,3270,958,4228,26
2021-10-06,Humboldt,023,135768,8573,8416,448,8864,94
2021-10-06,Imperial,025,180216,32233,31930,3004,34934,760
2021-10-06,Inyo,027,18085,1876,1806,36,1842,39
2021-10-06,Kern,029,883053,121324,119491,19565,139056,1552
2021-10-06,Kings,031,150075,30393,29785,1731,31516,308
2021-10-06,Lake,033,64148,6394,6271,124,6395,97
2021-10-06,Lassen,035,31185,6556,6429,304,6733,25
2021-10-06,Los Angeles,037,10098052,1414265,1401675,52254,1453929,26252
2021-10-06,Madera,039,155013,21665,21230,1815,23045,269
2021-10-06,Marin,041,260295,17175,17042,415,17457,242
2021-10-06,Mariposa,043,17540,1092,1036,36,1072,5
2021-10-06,Mendocino,045,87422,7112,6986,414,7400,81
2021-10-06,Merced,047,269075,39983,39666,1611,41277,563
2021-10-06,Modoc,049,8938,492,477,172,649,5
2021-10-06,Mono,051,14174,1610,1568,19,1587,3
2021-10-06,Monterey,053,433212,47992,47136,2672,49808,577
2021-10-06,Napa,055,140530,12656,12552,97,12649,96
2021-10-06,Nevada,057,99092,8704,8582,299,8881,90
2021-10-06,Orange,059,3164182,301169,298785,14283,313068,5448
2021-10-06,Placer,061,380077,35351,34764,3375,38139,390
2021-10-06,Plumas,063,18699,1491,1383,25,1408,6
2021-10-06,Riverside,065,2383286,354073,349645,15926,365571,4953
2021-10-06,Sacramento,067,1510023,152456,151164,4041,155205,2141
2021-10-06,San Benito,069,59416,7140,7108,150,7258,69
2021-10-06,San Bernardino,071,2135413,345555,343022,10731,353753,5551
2021-10-06,San Diego,073,3302833,361890,359564,21283,380847,4104
2021-10-06,San Francisco,075,870044,51518,50894,2169,53063,641
2021-10-06,San Joaquin,077,732212,96493,95418,5118,100536,1658
2021-10-06,San Luis Obispo,079,281455,28590,28170,1155,29325,323
2021-10-06,San Mateo,081,765935,52910,52056,795,52851,569
2021-10-06,Santa Barbara,083,443738,43140,42687,1487,44174,513
2021-10-06,Santa Clara,085,1922200,143322,142124,1169,143293,1872
2021-10-06,Santa Cruz,087,273765,19858,19604,970,20574,217
2021-10-06,Shasta,089,179085,19776,19325,3272,22597,287
2021-10-06,Sierra,091,2930,156,138,15,153,0
2021-10-06,Siskiyou,093,43540,3220,3116,1173,4289,42
2021-10-06,Solano,095,438530,44929,44185,1178,45363,328
2021-10-06,Sonoma,097,501317,40093,39787,494,40281,383
2021-10-06,Stanislaus,099,539301,74862,74699,8367,83066,1114
2021-10-06,Sutter,101,95872,13367,13284,283,13567,164
2021-10-06,Tehama,103,63373,7817,7629,1298,8927,99
2021-10-06,Trinity,105,12862,801,656,199,855,11
2021-10-06,Tulare,107,460477,64699,63198,13441,76639,926
2021-10-06,Tuolumne,109,53932,6570,6486,79,6565,89
2021-10-06,Ventura,111,848112,96219,95449,4159,99608,1158
2021-10-06,Yolo,113,214977,19097,18815,923,19738,247
2021-10-06,Yuba,115,75493,9659,9520,230,9750,69
2021-10-05,Alameda,001,1643700,116611,115968,2622,118590,1350
2021-10-05,Alpine,003,1148,99,102,0,102,0
2021-10-05,Amador,005,37829,5273,5194,54,5248,61
2021-10-05,Butte,007,227075,19627,19137,3543,22680,246
2021-10-05,Calaveras,009,45235,3719,3657,42,3699,73
2021-10-05,Colusa,011,21464,2438,2414,563,2977,18
2021-10-05,Contra Costa,013,1133247,96778,96108,2011,98119,941
2021-10-05,Del Norte,015,27424,3576,3485,43,3528,39
2021-10-05,El Dorado,017,186661,15337,15052,1597,16649,140
2021-10-05,Fresno,019,978130,131965,129957,11805,141762,1987
2021-10-05,Glenn,021,27897,3325,3270,954,4224,26
2021-10-05,Humboldt,023,135768,8542,8398,444,8842,94
2021-10-05,Imperial,025,180216,32186,31909,2999,34908,759
2021-10-05,Inyo,027,18085,1859,1800,36,1836,39
2021-10-05,Kern,029,883053,121059,119260,19465,138725,1540
2021-10-05,Kings,031,150075,30318,29749,1726,31475,301
2021-10-05,Lake,033,64148,6373,6264,123,6387,97
2021-10-05,Lassen,035,31185,6537,6417,302,6719,25
2021-10-05,Los Angeles,037,10098052,1413123,1400300,52200,1452500,26223
2021-10-05,Madera,039,155013,21607,21183,1803,22986,269
2021-10-05,Marin,041,260295,17163,17024,415,17439,242
2021-10-05,Mariposa,043,17540,1073,1033,33,1066,5
2021-10-05,Mendocino,045,87422,7096,6972,407,7379,79
2021-10-05,Merced,047,269075,39917,39608,1603,41211,562
2021-10-05,Modoc,049,8938,488,475,171,646,5
2021-10-05,Mono,051,14174,1602,1565,19,1584,3
2021-10-05,Monterey,053,433212,47975,47087,2662,49749,573
2021-10-05,Napa,055,140530,12632,12533,97,12630,96
2021-10-05,Nevada,057,99092,8674,8576,299,8875,90
2021-10-05,Orange,059,3164182,300892,298589,14251,312840,5441
2021-10-05,Placer,061,380077,35271,34728,3368,38096,382
2021-10-05,Plumas,063,18699,1466,1357,25,1382,6
2021-10-05,Riverside,065,2383286,353713,349365,15911,365276,4942
2021-10-05,Sacramento,067,1510023,152182,151111,4013,155124,2126
2021-10-05,San Benito,069,59416,7122,7103,148,7251,69
2021-10-05,San Bernardino,071,2135413,345228,342711,10724,353435,5557
2021-10-05,San Diego,073,3302833,361315,359194,21256,380450,4092
2021-10-05,San Francisco,075,870044,51421,50826,2166,52992,641
2021-10-05,San Joaquin,077,732212,96340,95276,5092,100368,1651
2021-10-05,San Luis Obispo,079,281455,28546,28113,1153,29266,324
2021-10-05,San Mateo,081,765935,52863,52008,795,52803,569
2021-10-05,Santa Barbara,083,443738,43062,42595,1483,44078,511
2021-10-05,Santa Clara,085,1922200,143162,141971,1162,143133,1873
2021-10-05,Santa Cruz,087,273765,19816,19582,970,20552,216
2021-10-05,Shasta,089,179085,19702,19285,3259,22544,286
2021-10-05,Sierra,091,2930,152,136,15,151,0
2021-10-05,Siskiyou,093,43540,3206,3107,1173,4280,42
2021-10-05,Solano,095,438530,44858,44149,1177,45326,325
2021-10-05,Sonoma,097,501317,40038,39756,489,40245,383
2021-10-05,Stanislaus,099,539301,74700,74599,8350,82949,1114
2021-10-05,Sutter,101,95872,13339,13270,282,13552,164
2021-10-05,Tehama,103,63373,7787,7607,1289,8896,98
2021-10-05,Trinity,105,12862,798,655,199,854,11
2021-10-05,Tulare,107,460477,64492,63093,13388,76481,920
2021-10-05,Tuolumne,109,53932,6555,6473,78,6551,89
2021-10-05,Ventura,111,848112,96113,95351,4158,99509,1155
2021-10-05,Yolo,113,214977,19060,18782,917,19699,245
2021-10-05,Yuba,115,75493,9627,9504,227,9731,69
2021-10-04,Alameda,001,1643700,116449,115845,2619,118464,1347
2021-10-04,Alpine,003,1148,99,102,0,102,0
2021-10-04,Amador,005,37829,5263,5163,53,5216,61
2021-10-04,Butte,007,227075,19549,19081,3532,22613,245
2021-10-04,Calaveras,009,45235,3710,3641,42,3683,73
2021-10-04,Colusa,011,21464,2437,2414,561,2975,18
2021-10-04,Contra Costa,013,1133247,96637,95958,2006,97964,937
2021-10-04,Del Norte,015,27424,3574,3485,39,3524,39
2021-10-04,El Dorado,017,186661,15290,15031,1590,16621,138
2021-10-04,Fresno,019,978130,131655,129665,11775,141440,1978
2021-10-04,Glenn,021,27897,3318,3270,951,4221,26
2021-10-04,Humboldt,023,135768,8510,8355,437,8792,94
2021-10-04,Imperial,025,180216,32137,31866,2992,34858,757
2021-10-04,Inyo,027,18085,1847,1792,34,1826,39
2021-10-04,Kern,029,883053,120768,118984,19345,138329,1531
2021-10-04,Kings,031,150075,30225,29702,1723,31425,303
2021-10-04,Lake,033,64148,6360,6248,123,6371,97
2021-10-04,Lassen,035,31185,6520,6405,302,6707,25
2021-10-04,Los Angeles,037,10098052,1412005,1399604,52142,1451746,26186
2021-10-04,Madera,039,155013,21543,21126,1791,22917,266
2021-10-04,Marin,041,260295,17147,17008,414,17422,242
2021-10-04,Mariposa,043,17540,1061,1024,33,1057,5
2021-10-04,Mendocino,045,87422,7078,6947,404,7351,79
2021-10-04,Merced,047,269075,39801,39565,1587,41152,558
2021-10-04,Modoc,049,8938,485,473,171,644,5
2021-10-04,Mono,051,14174,1594,1561,19,1580,3
2021-10-04,Monterey,053,433212,47954,47058,2655,49713,571
2021-10-04,Napa,055,140530,12608,12506,97,12603,96
2021-10-04,Nevada,057,99092,8654,8563,299,8862,90
2021-10-04,Orange,059,3164182,300596,298165,14219,312384,5438
2021-10-04,Placer,061,380077,35189,34630,3341,37971,379
2021-10-04,Plumas,063,18699,1444,1329,25,1354,6
2021-10-04,Riverside,065,2383286,353333,348828,15901,364729,4923
2021-10-04,Sacramento,067,1510023,151859,150887,3986,154873,2115
2021-10-04,San Benito,069,59416,7109,7099,148,7247,69
2021-10-04,San Bernardino,071,2135413,344868,342418,10712,353130,5551
2021-10-04,San Diego,073,3302833,360749,358525,21225,379750,4090
2021-10-04,San Francisco,075,870044,51326,50798,2162,52960,638
2021-10-04,San Joaquin,077,732212,96143,95198,5072,100270,1649
2021-10-04,San Luis Obispo,079,281455,28501,28090,1147,29237,323
2021-10-04,San Mateo,081,765935,52803,51958,794,52752,569
2021-10-04,Santa Barbara,083,443738,42977,42585,1482,44067,511
2021-10-04,Santa Clara,085,1922200,143017,141840,1156,142996,1869
2021-10-04,Santa Cruz,087,273765,19787,19559,969,20528,216
2021-10-04,Shasta,089,179085,19595,19170,3245,22415,279
2021-10-04,Sierra,091,2930,145,136,14,150,0
2021-10-04,Siskiyou,093,43540,3197,3103,1158,4261,42
2021-10-04,Solano,095,438530,44799,44092,1173,45265,322
2021-10-04,Sonoma,097,501317,39972,39720,489,40209,381
2021-10-04,Stanislaus,099,539301,74549,74444,8331,82775,1106
2021-10-04,Sutter,101,95872,13310,13261,281,13542,164
2021-10-04,Tehama,103,63373,7746,7585,1283,8868,95
2021-10-04,Trinity,105,12862,797,649,198,847,11
2021-10-04,Tulare,107,460477,64305,62957,13320,76277,920
2021-10-04,Tuolumne,109,53932,6529,6442,78,6520,89
2021-10-04,Ventura,111,848112,96021,95170,4152,99322,1153
2021-10-04,Yolo,113,214977,19016,18761,913,19674,242
2021-10-04,Yuba,115,75493,9588,9481,225,9706,68
2021-10-03,Alameda,001,1643700,116307,115751,2609,118360,1349
2021-10-03,Alpine,003,1148,99,102,0,102,0
2021-10-03,Amador,005,37829,5245,5160,51,5211,61
2021-10-03,Butte,007,227075,19476,19066,3515,22581,245
2021-10-03,Calaveras,009,45235,3693,3632,42,3674,73
2021-10-03,Colusa,011,21464,2436,2413,558,2971,18
2021-10-03,Contra Costa,013,1133247,96505,95890,1999,97889,937
2021-10-03,Del Norte,015,27424,3568,3483,38,3521,39
2021-10-03,El Dorado,017,186661,15231,15014,1583,16597,139
2021-10-03,Fresno,019,978130,131274,129365,11734,141099,1978
2021-10-03,Glenn,021,27897,3311,3266,943,4209,26
2021-10-03,Humboldt,023,135768,8465,8352,433,8785,94
2021-10-03,Imperial,025,180216,32070,31844,2984,34828,757
2021-10-03,Inyo,027,18085,1826,1788,34,1822,39
2021-10-03,Kern,029,883053,120463,118851,19223,138074,1535
2021-10-03,Kings,031,150075,30126,29623,1716,31339,300
2021-10-03,Lake,033,64148,6334,6239,123,6362,97
2021-10-03,Lassen,035,31185,6498,6400,300,6700,25
2021-10-03,Los Angeles,037,10098052,1410744,1398790,52088,1450878,26179
2021-10-03,Madera,039,155013,21471,21066,1781,22847,266
2021-10-03,Marin,041,260295,17124,16995,409,17404,242
2021-10-03,Mariposa,043,17540,1054,1011,33,1044,5
2021-10-03,Mendocino,045,87422,7058,6939,396,7335,79
2021-10-03,Merced,047,269075,39694,39516,1567,41083,558
2021-10-03,Modoc,049,8938,484,472,170,642,5
2021-10-03,Mono,051,14174,1590,1554,19,1573,3
2021-10-03,Monterey,053,433212,47929,47049,2644,49693,571
2021-10-03,Napa,055,140530,12580,12489,95,12584,96
2021-10-03,Nevada,057,99092,8619,8545,299,8844,90
2021-10-03,Orange,059,3164182,300314,298027,14199,312226,5447
2021-10-03,Placer,061,380077,35051,34596,3325,37921,379
2021-10-03,Plumas,063,18699,1416,1328,25,1353,6
2021-10-03,Riverside,065,2383286,352902,348593,15881,364474,4924
2021-10-03,Sacramento,067,1510023,151571,150664,3957,154621,2120
2021-10-03,San Benito,069,59416,7100,7095,148,7243,69
2021-10-03,San Bernardino,071,2135413,344453,342302,10705,353007,5555
2021-10-03,San Diego,073,3302833,360169,358153,21193,379346,4081
2021-10-03,San Francisco,075,870044,51238,50733,2159,52892,638
2021-10-03,San Joaquin,077,732212,95954,95133,5064,100197,1649
2021-10-03,San Luis Obispo,079,281455,28434,28065,1142,29207,325
2021-10-03,San Mateo,081,765935,52736,51923,793,52716,569
2021-10-03,Santa Barbara,083,443738,42881,42550,1474,44024,511
2021-10-03,Santa Clara,085,1922200,142847,141737,1148,142885,1869
2021-10-03,Santa Cruz,087,273765,19747,19548,967,20515,216
2021-10-03,Shasta,089,179085,19490,19132,3217,22349,279
2021-10-03,Sierra,091,2930,142,136,14,150,0
2021-10-03,Siskiyou,093,43540,3184,3096,1148,4244,42
2021-10-03,Solano,095,438530,44735,44051,1170,45221,322
2021-10-03,Sonoma,097,501317,39906,39679,489,40168,381
2021-10-03,Stanislaus,099,539301,74361,74366,8313,82679,1106
2021-10-03,Sutter,101,95872,13295,13248,277,13525,164
2021-10-03,Tehama,103,63373,7703,7564,1278,8842,94
2021-10-03,Trinity,105,12862,793,647,196,843,11
2021-10-03,Tulare,107,460477,64101,62860,13248,76108,924
2021-10-03,Tuolumne,109,53932,6500,6430,76,6506,89
2021-10-03,Ventura,111,848112,95916,95108,4149,99257,1153
2021-10-03,Yolo,113,214977,18987,18720,905,19625,242
2021-10-03,Yuba,115,75493,9571,9462,224,9686,68
2021-10-02,Alameda,001,1643700,116199,115185,2605,117790,1343
2021-10-02,Alpine,003,1148,99,102,0,102,0
2021-10-02,Amador,005,37829,5236,5105,51,5156,61
2021-10-02,Butte,007,227075,19446,18911,3508,22419,243
2021-10-02,Calaveras,009,45235,3686,3585,42,3627,72
2021-10-02,Colusa,011,21464,2435,2403,556,2959,18
2021-10-02,Contra Costa,013,1133247,96434,95369,1995,97364,933
2021-10-02,Del Norte,015,27424,3563,3468,38,3506,39
2021-10-02,El Dorado,017,186661,15205,14887,1582,16469,136
2021-10-02,Fresno,019,978130,131103,128450,11721,140171,1964
2021-10-02,Glenn,021,27897,3306,3234,943,4177,26
2021-10-02,Humboldt,023,135768,8446,8244,433,8677,94
2021-10-02,Imperial,025,180216,32035,31674,2981,34655,757
2021-10-02,Inyo,027,18085,1817,1746,34,1780,39
2021-10-02,Kern,029,883053,120330,117962,19142,137104,1524
2021-10-02,Kings,031,150075,30077,29339,1712,31051,301
2021-10-02,Lake,033,64148,6325,6191,123,6314,97
2021-10-02,Lassen,035,31185,6493,6360,300,6660,25
2021-10-02,Los Angeles,037,10098052,1410133,1395070,52052,1447122,26126
2021-10-02,Madera,039,155013,21446,20931,1772,22703,266
2021-10-02,Marin,041,260295,17119,16936,406,17342,242
2021-10-02,Mariposa,043,17540,1052,967,33,1000,5
2021-10-02,Mendocino,045,87422,7048,6869,396,7265,78
2021-10-02,Merced,047,269075,39667,39196,1563,40759,552
2021-10-02,Modoc,049,8938,482,468,170,638,5
2021-10-02,Mono,051,14174,1588,1540,19,1559,3
2021-10-02,Monterey,053,433212,47874,46964,2643,49607,571
2021-10-02,Napa,055,140530,12569,12433,95,12528,96
2021-10-02,Nevada,057,99092,8608,8474,298,8772,87
2021-10-02,Orange,059,3164182,300149,297307,14179,311486,5435
2021-10-02,Placer,061,380077,34985,34377,3316,37693,381
2021-10-02,Plumas,063,18699,1405,1298,25,1323,6
2021-10-02,Riverside,065,2383286,352661,347227,15870,363097,4895
2021-10-02,Sacramento,067,1510023,151398,149897,3949,153846,2099
2021-10-02,San Benito,069,59416,7093,7055,148,7203,69
2021-10-02,San Bernardino,071,2135413,344266,341212,10653,351865,5540
2021-10-02,San Diego,073,3302833,359852,356454,21171,377625,4078
2021-10-02,San Francisco,075,870044,51189,50393,2154,52547,634
2021-10-02,San Joaquin,077,732212,95889,94599,5058,99657,1646
2021-10-02,San Luis Obispo,079,281455,28410,27915,1142,29057,323
2021-10-02,San Mateo,081,765935,52695,51767,789,52556,573
2021-10-02,Santa Barbara,083,443738,42841,42423,1474,43897,508
2021-10-02,Santa Clara,085,1922200,142733,141231,1144,142375,1862
2021-10-02,Santa Cruz,087,273765,19730,19461,966,20427,214
2021-10-02,Shasta,089,179085,19444,18912,3211,22123,270
2021-10-02,Sierra,091,2930,141,131,14,145,0
2021-10-02,Siskiyou,093,43540,3183,3053,1145,4198,42
2021-10-02,Solano,095,438530,44690,43800,1169,44969,321
2021-10-02,Sonoma,097,501317,39872,39497,488,39985,382
2021-10-02,Stanislaus,099,539301,74275,73859,8300,82159,1099
2021-10-02,Sutter,101,95872,13286,13160,276,13436,160
2021-10-02,Tehama,103,63373,7688,7453,1278,8731,93
2021-10-02,Trinity,105,12862,790,625,196,821,10
2021-10-02,Tulare,107,460477,64025,62247,13222,75469,908
2021-10-02,Tuolumne,109,53932,6486,6369,76,6445,89
2021-10-02,Ventura,111,848112,95844,94854,4144,98998,1148
2021-10-02,Yolo,113,214977,18962,18640,901,19541,242
2021-10-02,Yuba,115,75493,9552,9370,223,9593,66
2021-10-01,Alameda,001,1643700,116122,115185,2599,117784,1343
2021-10-01,Alpine,003,1148,99,102,0,102,0
2021-10-01,Amador,005,37829,5216,5105,51,5156,61
2021-10-01,Butte,007,227075,19405,18911,3501,22412,243
2021-10-01,Calaveras,009,45235,3676,3585,42,3627,72
2021-10-01,Colusa,011,21464,2433,2403,556,2959,18
2021-10-01,Contra Costa,013,1133247,96338,95369,1991,97360,933
2021-10-01,Del Norte,015,27424,3560,3468,37,3505,39
2021-10-01,El Dorado,017,186661,15188,14887,1578,16465,136
2021-10-01,Fresno,019,978130,130915,128450,11711,140161,1964
2021-10-01,Glenn,021,27897,3304,3234,942,4176,26
2021-10-01,Humboldt,023,135768,8429,8244,433,8677,94
2021-10-01,Imperial,025,180216,32016,31674,2972,34646,757
2021-10-01,Inyo,027,18085,1808,1746,34,1780,39
2021-10-01,Kern,029,883053,120177,117962,19086,137048,1524
2021-10-01,Kings,031,150075,30043,29339,1707,31046,301
2021-10-01,Lake,033,64148,6315,6191,123,6314,97
2021-10-01,Lassen,035,31185,6482,6360,299,6659,25
2021-10-01,Los Angeles,037,10098052,1409369,1395070,52008,1447078,26126
2021-10-01,Madera,039,155013,21396,20931,1763,22694,266
2021-10-01,Marin,041,260295,17104,16936,405,17341,242
2021-10-01,Mariposa,043,17540,1045,967,33,1000,5
2021-10-01,Mendocino,045,87422,7036,6869,396,7265,78
2021-10-01,Merced,047,269075,39623,39196,1554,40750,552
2021-10-01,Modoc,049,8938,481,468,170,638,5
2021-10-01,Mono,051,14174,1585,1540,19,1559,3
2021-10-01,Monterey,053,433212,47853,46964,2640,49604,571
2021-10-01,Napa,055,140530,12559,12433,94,12527,96
2021-10-01,Nevada,057,99092,8594,8474,297,8771,87
2021-10-01,Orange,059,3164182,299965,297307,14159,311466,5435
2021-10-01,Placer,061,380077,34951,34377,3312,37689,381
2021-10-01,Plumas,063,18699,1396,1298,25,1323,6
2021-10-01,Riverside,065,2383286,352368,347227,15863,363090,4895
2021-10-01,Sacramento,067,1510023,151246,149897,3938,153835,2099
2021-10-01,San Benito,069,59416,7091,7055,146,7201,69
2021-10-01,San Bernardino,071,2135413,344066,341212,10650,351862,5540
2021-10-01,San Diego,073,3302833,359492,356454,21150,377604,4078
2021-10-01,San Francisco,075,870044,51148,50393,2153,52546,634
2021-10-01,San Joaquin,077,732212,95819,94599,5054,99653,1646
2021-10-01,San Luis Obispo,079,281455,28386,27915,1139,29054,323
2021-10-01,San Mateo,081,765935,52655,51767,786,52553,573
2021-10-01,Santa Barbara,083,443738,42805,42423,1474,43897,508
2021-10-01,Santa Clara,085,1922200,142640,141231,1139,142370,1862
2021-10-01,Santa Cruz,087,273765,19710,19461,965,20426,214
2021-10-01,Shasta,089,179085,19390,18912,3204,22116,270
2021-10-01,Sierra,091,2930,141,131,14,145,0
2021-10-01,Siskiyou,093,43540,3182,3053,1142,4195,42
2021-10-01,Solano,095,438530,44638,43800,1163,44963,321
2021-10-01,Sonoma,097,501317,39840,39497,487,39984,382
2021-10-01,Stanislaus,099,539301,74191,73859,8289,82148,1099
2021-10-01,Sutter,101,95872,13270,13160,274,13434,160
2021-10-01,Tehama,103,63373,7676,7453,1276,8729,93
2021-10-01,Trinity,105,12862,788,625,196,821,10
2021-10-01,Tulare,107,460477,63922,62247,13187,75434,908
2021-10-01,Tuolumne,109,53932,6469,6369,76,6445,89
2021-10-01,Ventura,111,848112,95777,94854,4139,98993,1148
2021-10-01,Yolo,113,214977,18938,18640,899,19539,242
2021-10-01,Yuba,115,75493,9530,9370,223,9593,66
2021-09-30,Alameda,001,1643700,115976,115185,2596,117781,1343
2021-09-30,Alpine,003,1148,99,102,0,102,0
2021-09-30,Amador,005,37829,5204,5105,51,5156,61
2021-09-30,Butte,007,227075,19356,18911,3492,22403,243
2021-09-30,Calaveras,009,45235,3662,3585,42,3627,72
2021-09-30,Colusa,011,21464,2430,2403,555,2958,18
2021-09-30,Contra Costa,013,1133247,96233,95369,1986,97355,933
2021-09-30,Del Norte,015,27424,3556,3468,34,3502,39
2021-09-30,El Dorado,017,186661,15162,14887,1570,16457,136
2021-09-30,Fresno,019,978130,130639,128450,11677,140127,1964
2021-09-30,Glenn,021,27897,3294,3234,940,4174,26
2021-09-30,Humboldt,023,135768,8397,8244,427,8671,94
2021-09-30,Imperial,025,180216,31964,31674,2970,34644,757
2021-09-30,Inyo,027,18085,1798,1746,34,1780,39
2021-09-30,Kern,029,883053,119933,117962,19005,136967,1524
2021-09-30,Kings,031,150075,29953,29339,1703,31042,301
2021-09-30,Lake,033,64148,6297,6191,123,6314,97
2021-09-30,Lassen,035,31185,6468,6360,299,6659,25
2021-09-30,Los Angeles,037,10098052,1408161,1395070,51948,1447018,26126
2021-09-30,Madera,039,155013,21313,20931,1748,22679,266
2021-09-30,Marin,041,260295,17084,16936,404,17340,242
2021-09-30,Mariposa,043,17540,1023,967,33,1000,5
2021-09-30,Mendocino,045,87422,7027,6869,387,7256,78
2021-09-30,Merced,047,269075,39527,39196,1550,40746,552
2021-09-30,Modoc,049,8938,481,468,169,637,5
2021-09-30,Mono,051,14174,1577,1540,19,1559,3
2021-09-30,Monterey,053,433212,47823,46964,2629,49593,571
2021-09-30,Napa,055,140530,12539,12433,94,12527,96
2021-09-30,Nevada,057,99092,8577,8474,296,8770,87
2021-09-30,Orange,059,3164182,299693,297307,14121,311428,5435
2021-09-30,Placer,061,380077,34897,34377,3292,37669,381
2021-09-30,Plumas,063,18699,1378,1298,25,1323,6
2021-09-30,Riverside,065,2383286,351934,347227,15842,363069,4895
2021-09-30,Sacramento,067,1510023,150985,149897,3912,153809,2099
2021-09-30,San Benito,069,59416,7085,7055,146,7201,69
2021-09-30,San Bernardino,071,2135413,343754,341212,10636,351848,5540
2021-09-30,San Diego,073,3302833,359011,356454,21124,377578,4078
2021-09-30,San Francisco,075,870044,51071,50393,2149,52542,634
2021-09-30,San Joaquin,077,732212,95689,94599,5046,99645,1646
2021-09-30,San Luis Obispo,079,281455,28338,27915,1135,29050,323
2021-09-30,San Mateo,081,765935,52606,51767,783,52550,573
2021-09-30,Santa Barbara,083,443738,42747,42423,1473,43896,508
2021-09-30,Santa Clara,085,1922200,142490,141231,1136,142367,1862
2021-09-30,Santa Cruz,087,273765,19670,19461,964,20425,214
2021-09-30,Shasta,089,179085,19328,18912,3189,22101,270
2021-09-30,Sierra,091,2930,140,131,14,145,0
2021-09-30,Siskiyou,093,43540,3174,3053,1137,4190,42
2021-09-30,Solano,095,438530,44584,43800,1160,44960,321
2021-09-30,Sonoma,097,501317,39791,39497,487,39984,382
2021-09-30,Stanislaus,099,539301,74031,73859,8270,82129,1099
2021-09-30,Sutter,101,95872,13249,13160,274,13434,160
2021-09-30,Tehama,103,63373,7639,7453,1264,8717,93
2021-09-30,Trinity,105,12862,784,625,196,821,10
2021-09-30,Tulare,107,460477,63746,62247,13130,75377,908
2021-09-30,Tuolumne,109,53932,6446,6369,76,6445,89
2021-09-30,Ventura,111,848112,95672,94854,4132,98986,1148
2021-09-30,Yolo,113,214977,18899,18640,896,19536,242
2021-09-30,Yuba,115,75493,9507,9370,222,9592,66
2021-09-29,Alameda,001,1643700,115832,114998,2593,117591,1339
2021-09-29,Alpine,003,1148,99,101,0,101,0
2021-09-29,Amador,005,37829,5182,5058,51,5109,61
2021-09-29,Butte,007,227075,19302,18835,3485,22320,242
2021-09-29,Calaveras,009,45235,3645,3553,41,3594,72
2021-09-29,Colusa,011,21464,2428,2401,555,2956,18
2021-09-29,Contra Costa,013,1133247,96119,95213,1978,97191,929
2021-09-29,Del Norte,015,27424,3550,3467,34,3501,39
2021-09-29,El Dorado,017,186661,15128,14834,1563,16397,136
2021-09-29,Fresno,019,978130,130339,128068,11656,139724,1957
2021-09-29,Glenn,021,27897,3289,3213,938,4151,26
2021-09-29,Humboldt,023,135768,8373,8203,426,8629,94
2021-09-29,Imperial,025,180216,31898,31600,2965,34565,757
2021-09-29,Inyo,027,18085,1788,1740,33,1773,39
2021-09-29,Kern,029,883053,119698,117605,18929,136534,1513
2021-09-29,Kings,031,150075,29871,29195,1688,30883,299
2021-09-29,Lake,033,64148,6277,6164,123,6287,97
2021-09-29,Lassen,035,31185,6454,6347,299,6646,25
2021-09-29,Los Angeles,037,10098052,1406942,1393617,51878,1445495,26098
2021-09-29,Madera,039,155013,21269,20818,1732,22550,266
2021-09-29,Marin,041,260295,17066,16921,402,17323,242
2021-09-29,Mariposa,043,17540,1008,963,33,996,5
2021-09-29,Mendocino,045,87422,7015,6821,379,7200,78
2021-09-29,Merced,047,269075,39433,39026,1539,40565,552
2021-09-29,Modoc,049,8938,479,468,169,637,5
2021-09-29,Mono,051,14174,1575,1527,19,1546,3
2021-09-29,Monterey,053,433212,47785,46917,2615,49532,571
2021-09-29,Napa,055,140530,12519,12416,91,12507,96
2021-09-29,Nevada,057,99092,8564,8434,296,8730,87
2021-09-29,Orange,059,3164182,299425,296936,14085,311021,5429
2021-09-29,Placer,061,380077,34833,34271,3270,37541,379
2021-09-29,Plumas,063,18699,1359,1289,25,1314,6
2021-09-29,Riverside,065,2383286,351500,346558,15829,362387,4886
2021-09-29,Sacramento,067,1510023,150734,149686,3902,153588,2099
2021-09-29,San Benito,069,59416,7074,7039,146,7185,69
2021-09-29,San Bernardino,071,2135413,343434,340672,10622,351294,5539
2021-09-29,San Diego,073,3302833,358524,355899,21094,376993,4066
2021-09-29,San Francisco,075,870044,50987,50286,2145,52431,629
2021-09-29,San Joaquin,077,732212,95531,94356,5024,99380,1645
2021-09-29,San Luis Obispo,079,281455,28292,27800,1129,28929,323
2021-09-29,San Mateo,081,765935,52546,51673,781,52454,573
2021-09-29,Santa Barbara,083,443738,42675,42328,1470,43798,507
2021-09-29,Santa Clara,085,1922200,142355,141036,1130,142166,1861
2021-09-29,Santa Cruz,087,273765,19652,19425,963,20388,214
2021-09-29,Shasta,089,179085,19262,18805,3178,21983,271
2021-09-29,Sierra,091,2930,136,130,14,144,0
2021-09-29,Siskiyou,093,43540,3161,3043,1130,4173,42
2021-09-29,Solano,095,438530,44528,43724,1153,44877,321
2021-09-29,Sonoma,097,501317,39730,39426,485,39911,370
2021-09-29,Stanislaus,099,539301,73900,73634,8259,81893,1096
2021-09-29,Sutter,101,95872,13222,13135,271,13406,155
2021-09-29,Tehama,103,63373,7609,7409,1249,8658,88
2021-09-29,Trinity,105,12862,780,616,196,812,10
2021-09-29,Tulare,107,460477,63572,62046,13071,75117,908
2021-09-29,Tuolumne,109,53932,6429,6336,76,6412,89
2021-09-29,Ventura,111,848112,95582,94753,4128,98881,1144
2021-09-29,Yolo,113,214977,18866,18587,891,19478,239
2021-09-29,Yuba,115,75493,9476,9351,218,9569,66
2021-09-28,Alameda,001,1643700,115674,114869,2587,117456,1333
2021-09-28,Alpine,003,1148,99,101,0,101,0
2021-09-28,Amador,005,37829,5160,5049,51,5100,61
2021-09-28,Butte,007,227075,19253,18764,3470,22234,241
2021-09-28,Calaveras,009,45235,3625,3530,41,3571,72
2021-09-28,Colusa,011,21464,2425,2399,553,2952,18
2021-09-28,Contra Costa,013,1133247,95978,95115,1973,97088,929
2021-09-28,Del Norte,015,27424,3547,3462,34,3496,39
2021-09-28,El Dorado,017,186661,15082,14793,1559,16352,133
2021-09-28,Fresno,019,978130,129994,127877,11622,139499,1948
2021-09-28,Glenn,021,27897,3284,3205,937,4142,26
2021-09-28,Humboldt,023,135768,8332,8159,423,8582,91
2021-09-28,Imperial,025,180216,31853,31543,2961,34504,757
2021-09-28,Inyo,027,18085,1774,1708,32,1740,39
2021-09-28,Kern,029,883053,119429,117420,18834,136254,1506
2021-09-28,Kings,031,150075,29769,29141,1680,30821,295
2021-09-28,Lake,033,64148,6262,6155,123,6278,95
2021-09-28,Lassen,035,31185,6448,6340,295,6635,25
2021-09-28,Los Angeles,037,10098052,1405653,1392445,51810,1444255,26068
2021-09-28,Madera,039,155013,21215,20764,1717,22481,266
2021-09-28,Marin,041,260295,17047,16887,400,17287,242
2021-09-28,Mariposa,043,17540,1003,952,33,985,5
2021-09-28,Mendocino,045,87422,6993,6804,377,7181,78
2021-09-28,Merced,047,269075,39347,38953,1526,40479,551
2021-09-28,Modoc,049,8938,478,467,169,636,5
2021-09-28,Mono,051,14174,1565,1527,19,1546,3
2021-09-28,Monterey,053,433212,47748,46859,2606,49465,571
2021-09-28,Napa,055,140530,12502,12388,90,12478,96
2021-09-28,Nevada,057,99092,8541,8409,295,8704,84
2021-09-28,Orange,059,3164182,299172,296596,14056,310652,5421
2021-09-28,Placer,061,380077,34768,34187,3252,37439,370
2021-09-28,Plumas,063,18699,1350,1276,25,1301,6
2021-09-28,Riverside,065,2383286,351041,346096,15808,361904,4874
2021-09-28,Sacramento,067,1510023,150444,149310,3880,153190,2086
2021-09-28,San Benito,069,59416,7057,7028,145,7173,69
2021-09-28,San Bernardino,071,2135413,343087,340342,10605,350947,5540
2021-09-28,San Diego,073,3302833,357977,355373,21062,376435,4054
2021-09-28,San Francisco,075,870044,50886,50234,2144,52378,627
2021-09-28,San Joaquin,077,732212,95377,94194,5011,99205,1639
2021-09-28,San Luis Obispo,079,281455,28258,27755,1124,28879,321
2021-09-28,San Mateo,081,765935,52501,51620,781,52401,571
2021-09-28,Santa Barbara,083,443738,42602,42226,1469,43695,506
2021-09-28,Santa Clara,085,1922200,142194,140886,1121,142007,1858
2021-09-28,Santa Cruz,087,273765,19611,19324,962,20286,214
2021-09-28,Shasta,089,179085,19201,18701,3164,21865,267
2021-09-28,Sierra,091,2930,135,130,13,143,0
2021-09-28,Siskiyou,093,43540,3149,3032,1127,4159,42
2021-09-28,Solano,095,438530,44455,43652,1150,44802,316
2021-09-28,Sonoma,097,501317,39683,39395,484,39879,370
2021-09-28,Stanislaus,099,539301,73729,73528,8247,81775,1094
2021-09-28,Sutter,101,95872,13203,13102,267,13369,155
2021-09-28,Tehama,103,63373,7591,7382,1234,8616,88
2021-09-28,Trinity,105,12862,777,613,196,809,10
2021-09-28,Tulare,107,460477,63411,61916,13013,74929,905
2021-09-28,Tuolumne,109,53932,6403,6308,76,6384,89
2021-09-28,Ventura,111,848112,95456,94632,4125,98757,1143
2021-09-28,Yolo,113,214977,18840,18564,887,19451,239
2021-09-28,Yuba,115,75493,9457,9323,217,9540,66
2021-09-27,Alameda,001,1643700,115480,114731,2578,117309,1327
2021-09-27,Alpine,003,1148,99,101,0,101,0
2021-09-27,Amador,005,37829,5146,5017,51,5068,59
2021-09-27,Butte,007,227075,19193,18687,3453,22140,239
2021-09-27,Calaveras,009,45235,3605,3514,40,3554,70
2021-09-27,Colusa,011,21464,2424,2393,552,2945,18
2021-09-27,Contra Costa,013,1133247,95847,94979,1964,96943,924
2021-09-27,Del Norte,015,27424,3545,3468,32,3500,37
2021-09-27,El Dorado,017,186661,15043,14764,1552,16316,132
2021-09-27,Fresno,019,978130,129674,127475,11589,139064,1942
2021-09-27,Glenn,021,27897,3271,3189,933,4122,26
2021-09-27,Humboldt,023,135768,8292,8118,423,8541,91
2021-09-27,Imperial,025,180216,31790,31491,2954,34445,756
2021-09-27,Inyo,027,18085,1762,1698,32,1730,39
2021-09-27,Kern,029,883053,119154,117064,18739,135803,1503
2021-09-27,Kings,031,150075,29671,28998,1668,30666,297
2021-09-27,Lake,033,64148,6242,6126,122,6248,95
2021-09-27,Lassen,035,31185,6433,6327,291,6618,25
2021-09-27,Los Angeles,037,10098052,1404316,1391538,51742,1443280,26040
2021-09-27,Madera,039,155013,21150,20691,1709,22400,262
2021-09-27,Marin,041,260295,17026,16861,399,17260,242
2021-09-27,Mariposa,043,17540,993,931,33,964,5
2021-09-27,Mendocino,045,87422,6967,6761,370,7131,74
2021-09-27,Merced,047,269075,39247,38840,1520,40360,548
2021-09-27,Modoc,049,8938,477,465,167,632,5
2021-09-27,Mono,051,14174,1553,1525,19,1544,3
2021-09-27,Monterey,053,433212,47705,46811,2595,49406,571
2021-09-27,Napa,055,140530,12478,12354,89,12443,95
2021-09-27,Nevada,057,99092,8517,8379,292,8671,84
2021-09-27,Orange,059,3164182,298866,296334,14026,310360,5409
2021-09-27,Placer,061,380077,34681,34087,3247,37334,370
2021-09-27,Plumas,063,18699,1340,1269,25,1294,6
2021-09-27,Riverside,065,2383286,350599,345529,15798,361327,4864
2021-09-27,Sacramento,067,1510023,150127,149096,3858,152954,2076
2021-09-27,San Benito,069,59416,7040,7017,145,7162,67
2021-09-27,San Bernardino,071,2135413,342673,339952,10581,350533,5544
2021-09-27,San Diego,073,3302833,357325,354755,21037,375792,4054
2021-09-27,San Francisco,075,870044,50802,50157,2141,52298,622
2021-09-27,San Joaquin,077,732212,95193,94085,5008,99093,1633
2021-09-27,San Luis Obispo,079,281455,28203,27674,1121,28795,320
2021-09-27,San Mateo,081,765935,52425,51552,781,52333,571
2021-09-27,Santa Barbara,083,443738,42535,42012,1465,43477,505
2021-09-27,Santa Clara,085,1922200,142013,140802,1111,141913,1853
2021-09-27,Santa Cruz,087,273765,19587,19292,961,20253,214
2021-09-27,Shasta,089,179085,19120,18599,3137,21736,267
2021-09-27,Sierra,091,2930,135,128,13,141,0
2021-09-27,Siskiyou,093,43540,3137,3015,1122,4137,42
2021-09-27,Solano,095,438530,44380,43582,1144,44726,314
2021-09-27,Sonoma,097,501317,39629,39347,484,39831,370
2021-09-27,Stanislaus,099,539301,73575,73370,8227,81597,1091
2021-09-27,Sutter,101,95872,13172,13082,264,13346,155
2021-09-27,Tehama,103,63373,7551,7345,1225,8570,88
2021-09-27,Trinity,105,12862,766,605,195,800,9
2021-09-27,Tulare,107,460477,63212,61708,12942,74650,904
2021-09-27,Tuolumne,109,53932,6382,6264,76,6340,89
2021-09-27,Ventura,111,848112,95331,94477,4121,98598,1138
2021-09-27,Yolo,113,214977,18806,18524,886,19410,239
2021-09-27,Yuba,115,75493,9420,9292,213,9505,64
2021-09-26,Alameda,001,1643700,115285,114601,2571,117172,1326
2021-09-26,Alpine,003,1148,99,101,0,101,0
2021-09-26,Amador,005,37829,5114,5001,50,5051,59
2021-09-26,Butte,007,227075,19118,18634,3435,22069,238
2021-09-26,Calaveras,009,45235,3583,3505,40,3545,70
2021-09-26,Colusa,011,21464,2419,2392,550,2942,18
2021-09-26,Contra Costa,013,1133247,95672,94877,1951,96828,924
2021-09-26,Del Norte,015,27424,3540,3466,31,3497,37
2021-09-26,El Dorado,017,186661,15001,14738,1544,16282,132
2021-09-26,Fresno,019,978130,129317,127235,11543,138778,1939
2021-09-26,Glenn,021,27897,3263,3182,929,4111,26
2021-09-26,Humboldt,023,135768,8257,8098,422,8520,91
2021-09-26,Imperial,025,180216,31730,31462,2953,34415,756
2021-09-26,Inyo,027,18085,1747,1685,32,1717,39
2021-09-26,Kern,029,883053,118816,116927,18630,135557,1502
2021-09-26,Kings,031,150075,29570,28930,1657,30587,293
2021-09-26,Lake,033,64148,6225,6113,122,6235,95
2021-09-26,Lassen,035,31185,6423,6319,286,6605,25
2021-09-26,Los Angeles,037,10098052,1402827,1390577,51673,1442250,26035
2021-09-26,Madera,039,155013,21075,20629,1690,22319,262
2021-09-26,Marin,041,260295,17003,16860,399,17259,242
2021-09-26,Mariposa,043,17540,987,929,33,962,5
2021-09-26,Mendocino,045,87422,6933,6744,355,7099,74
2021-09-26,Merced,047,269075,39086,38717,1512,40229,548
2021-09-26,Modoc,049,8938,477,465,166,631,5
2021-09-26,Mono,051,14174,1549,1516,19,1535,3
2021-09-26,Monterey,053,433212,47658,46792,2582,49374,571
2021-09-26,Napa,055,140530,12454,12340,88,12428,95
2021-09-26,Nevada,057,99092,8486,8356,287,8643,84
2021-09-26,Orange,059,3164182,298527,296085,13993,310078,5409
2021-09-26,Placer,061,380077,34587,34043,3238,37281,370
2021-09-26,Plumas,063,18699,1322,1268,25,1293,6
2021-09-26,Riverside,065,2383286,350067,345257,15784,361041,4864
2021-09-26,Sacramento,067,1510023,149721,148745,3839,152584,2071
2021-09-26,San Benito,069,59416,7023,7012,144,7156,67
2021-09-26,San Bernardino,071,2135413,342216,339771,10567,350338,5545
2021-09-26,San Diego,073,3302833,356703,354414,20996,375410,4051
2021-09-26,San Francisco,075,870044,50676,50092,2132,52224,622
2021-09-26,San Joaquin,077,732212,94990,93935,4994,98929,1633
2021-09-26,San Luis Obispo,079,281455,28129,27624,1116,28740,319
2021-09-26,San Mateo,081,765935,52356,51496,779,52275,571
2021-09-26,Santa Barbara,083,443738,42449,41946,1462,43408,505
2021-09-26,Santa Clara,085,1922200,141812,140667,1108,141775,1852
2021-09-26,Santa Cruz,087,273765,19562,19279,961,20240,214
2021-09-26,Shasta,089,179085,19011,18566,3114,21680,266
2021-09-26,Sierra,091,2930,135,128,13,141,0
2021-09-26,Siskiyou,093,43540,3123,2998,1112,4110,42
2021-09-26,Solano,095,438530,44313,43537,1143,44680,314
2021-09-26,Sonoma,097,501317,39570,39302,484,39786,370
2021-09-26,Stanislaus,099,539301,73375,73243,8199,81442,1091
2021-09-26,Sutter,101,95872,13135,13045,263,13308,155
2021-09-26,Tehama,103,63373,7494,7323,1214,8537,88
2021-09-26,Trinity,105,12862,763,591,195,786,9
2021-09-26,Tulare,107,460477,62991,61560,12865,74425,904
2021-09-26,Tuolumne,109,53932,6354,6236,74,6310,89
2021-09-26,Ventura,111,848112,95217,94391,4114,98505,1138
2021-09-26,Yolo,113,214977,18769,18496,878,19374,239
2021-09-26,Yuba,115,75493,9393,9275,213,9488,64
2021-09-25,Alameda,001,1643700,115206,114014,2568,116582,1324
2021-09-25,Alpine,003,1148,99,101,0,101,0
2021-09-25,Amador,005,37829,5100,4934,50,4984,59
2021-09-25,Butte,007,227075,19089,18396,3427,21823,236
2021-09-25,Calaveras,009,45235,3580,3461,40,3501,70
2021-09-25,Colusa,011,21464,2416,2387,548,2935,16
2021-09-25,Contra Costa,013,1133247,95601,94337,1947,96284,924
2021-09-25,Del Norte,015,27424,3539,3404,31,3435,35
2021-09-25,El Dorado,017,186661,14978,14641,1540,16181,130
2021-09-25,Fresno,019,978130,129172,126299,11527,137826,1927
2021-09-25,Glenn,021,27897,3258,3144,928,4072,25
2021-09-25,Humboldt,023,135768,8238,8014,420,8434,88
2021-09-25,Imperial,025,180216,31703,31280,2953,34233,755
2021-09-25,Inyo,027,18085,1739,1657,32,1689,39
2021-09-25,Kern,029,883053,118661,116021,18563,134584,1485
2021-09-25,Kings,031,150075,29519,28636,1654,30290,293
2021-09-25,Lake,033,64148,6220,6046,120,6166,92
2021-09-25,Lassen,035,31185,6411,6248,285,6533,25
2021-09-25,Los Angeles,037,10098052,1402117,1386417,51631,1438048,25964
2021-09-25,Madera,039,155013,21050,20432,1684,22116,262
2021-09-25,Marin,041,260295,16994,16802,397,17199,242
2021-09-25,Mariposa,043,17540,982,906,33,939,5
2021-09-25,Mendocino,045,87422,6914,6657,354,7011,74
2021-09-25,Merced,047,269075,39040,38393,1510,39903,546
2021-09-25,Modoc,049,8938,477,460,166,626,5
2021-09-25,Mono,051,14174,1546,1501,19,1520,3
2021-09-25,Monterey,053,433212,47628,46653,2580,49233,567
2021-09-25,Napa,055,140530,12434,12266,88,12354,95
2021-09-25,Nevada,057,99092,8469,8285,287,8572,84
2021-09-25,Orange,059,3164182,298354,294514,13976,308490,5374
2021-09-25,Placer,061,380077,34523,33764,3236,37000,367
2021-09-25,Plumas,063,18699,1318,1238,25,1263,6
2021-09-25,Riverside,065,2383286,349744,343463,15776,359239,4843
2021-09-25,Sacramento,067,1510023,149546,147728,3831,151559,2049
2021-09-25,San Benito,069,59416,7018,6965,144,7109,67
2021-09-25,San Bernardino,071,2135413,341979,338413,10554,348967,5540
2021-09-25,San Diego,073,3302833,356358,352017,20970,372987,4039
2021-09-25,San Francisco,075,870044,50632,49840,2131,51971,615
2021-09-25,San Joaquin,077,732212,94904,93273,4992,98265,1628
2021-09-25,San Luis Obispo,079,281455,28091,27447,1112,28559,318
2021-09-25,San Mateo,081,765935,52292,51266,777,52043,568
2021-09-25,Santa Barbara,083,443738,42391,41728,1462,43190,505
2021-09-25,Santa Clara,085,1922200,141706,140023,1106,141129,1844
2021-09-25,Santa Cruz,087,273765,19546,19200,959,20159,214
2021-09-25,Shasta,089,179085,18960,18256,3105,21361,262
2021-09-25,Sierra,091,2930,134,127,13,140,0
2021-09-25,Siskiyou,093,43540,3116,2956,1102,4058,41
2021-09-25,Solano,095,438530,44272,43331,1140,44471,312
2021-09-25,Sonoma,097,501317,39529,39112,484,39596,369
2021-09-25,Stanislaus,099,539301,73265,72628,8185,80813,1091
2021-09-25,Sutter,101,95872,13117,12976,260,13236,154
2021-09-25,Tehama,103,63373,7478,7200,1212,8412,86
2021-09-25,Trinity,105,12862,763,576,195,771,9
2021-09-25,Tulare,107,460477,62909,60909,12822,73731,898
2021-09-25,Tuolumne,109,53932,6342,6168,74,6242,89
2021-09-25,Ventura,111,848112,95150,94059,4110,98169,1129
2021-09-25,Yolo,113,214977,18747,18393,877,19270,239
2021-09-25,Yuba,115,75493,9373,9191,213,9404,61
2021-09-24,Alameda,001,1643700,115101,114014,2564,116578,1324
2021-09-24,Alpine,003,1148,99,101,0,101,0
2021-09-24,Amador,005,37829,5070,4934,50,4984,59
2021-09-24,Butte,007,227075,19037,18396,3416,21812,236
2021-09-24,Calaveras,009,45235,3573,3461,39,3500,70
2021-09-24,Colusa,011,21464,2413,2387,547,2934,16
2021-09-24,Contra Costa,013,1133247,95491,94337,1943,96280,924
2021-09-24,Del Norte,015,27424,3536,3404,31,3435,35
2021-09-24,El Dorado,017,186661,14960,14641,1538,16179,130
2021-09-24,Fresno,019,978130,128974,126299,11515,137814,1927
2021-09-24,Glenn,021,27897,3250,3144,928,4072,25
2021-09-24,Humboldt,023,135768,8219,8014,417,8431,88
2021-09-24,Imperial,025,180216,31665,31280,2951,34231,755
2021-09-24,Inyo,027,18085,1730,1657,32,1689,39
2021-09-24,Kern,029,883053,118525,116021,18497,134518,1485
2021-09-24,Kings,031,150075,29478,28636,1650,30286,293
2021-09-24,Lake,033,64148,6212,6046,120,6166,92
2021-09-24,Lassen,035,31185,6403,6248,284,6532,25
2021-09-24,Los Angeles,037,10098052,1401231,1386417,51589,1438006,25964
2021-09-24,Madera,039,155013,21019,20432,1675,22107,262
2021-09-24,Marin,041,260295,16980,16802,396,17198,242
2021-09-24,Mariposa,043,17540,970,906,33,939,5
2021-09-24,Mendocino,045,87422,6901,6657,354,7011,74
2021-09-24,Merced,047,269075,38996,38393,1510,39903,546
2021-09-24,Modoc,049,8938,477,460,165,625,5
2021-09-24,Mono,051,14174,1541,1501,19,1520,3
2021-09-24,Monterey,053,433212,47607,46653,2572,49225,567
2021-09-24,Napa,055,140530,12415,12266,88,12354,95
2021-09-24,Nevada,057,99092,8455,8285,284,8569,84
2021-09-24,Orange,059,3164182,298147,294514,13958,308472,5374
2021-09-24,Placer,061,380077,34468,33764,3224,36988,367
2021-09-24,Plumas,063,18699,1314,1238,25,1263,6
2021-09-24,Riverside,065,2383286,349410,343463,15769,359232,4843
2021-09-24,Sacramento,067,1510023,149361,147728,3827,151555,2049
2021-09-24,San Benito,069,59416,7012,6965,144,7109,67
2021-09-24,San Bernardino,071,2135413,341711,338413,10544,348957,5540
2021-09-24,San Diego,073,3302833,356007,352017,20955,372972,4039
2021-09-24,San Francisco,075,870044,50568,49840,2124,51964,615
2021-09-24,San Joaquin,077,732212,94791,93273,4990,98263,1628
2021-09-24,San Luis Obispo,079,281455,28060,27447,1107,28554,318
2021-09-24,San Mateo,081,765935,52232,51266,776,52042,568
2021-09-24,Santa Barbara,083,443738,42351,41728,1461,43189,505
2021-09-24,Santa Clara,085,1922200,141594,140023,1105,141128,1844
2021-09-24,Santa Cruz,087,273765,19523,19200,958,20158,214
2021-09-24,Shasta,089,179085,18906,18256,3091,21347,262
2021-09-24,Sierra,091,2930,133,127,13,140,0
2021-09-24,Siskiyou,093,43540,3107,2956,1096,4052,41
2021-09-24,Solano,095,438530,44235,43331,1138,44469,312
2021-09-24,Sonoma,097,501317,39496,39112,484,39596,369
2021-09-24,Stanislaus,099,539301,73149,72628,8170,80798,1091
2021-09-24,Sutter,101,95872,13098,12976,259,13235,154
2021-09-24,Tehama,103,63373,7466,7200,1207,8407,86
2021-09-24,Trinity,105,12862,760,576,195,771,9
2021-09-24,Tulare,107,460477,62818,60909,12780,73689,898
2021-09-24,Tuolumne,109,53932,6313,6168,74,6242,89
2021-09-24,Ventura,111,848112,95072,94059,4103,98162,1129
2021-09-24,Yolo,113,214977,18715,18393,873,19266,239
2021-09-24,Yuba,115,75493,9354,9191,213,9404,61
2021-09-23,Alameda,001,1643700,114943,114014,2558,116572,1324
2021-09-23,Alpine,003,1148,99,101,0,101,0
2021-09-23,Amador,005,37829,5057,4934,50,4984,59
2021-09-23,Butte,007,227075,18975,18396,3391,21787,236
2021-09-23,Calaveras,009,45235,3552,3461,39,3500,70
2021-09-23,Colusa,011,21464,2411,2387,544,2931,16
2021-09-23,Contra Costa,013,1133247,95350,94337,1936,96273,924
2021-09-23,Del Norte,015,27424,3527,3404,30,3434,35
2021-09-23,El Dorado,017,186661,14934,14641,1532,16173,130
2021-09-23,Fresno,019,978130,128677,126299,11496,137795,1927
2021-09-23,Glenn,021,27897,3236,3144,925,4069,25
2021-09-23,Humboldt,023,135768,8194,8014,415,8429,88
2021-09-23,Imperial,025,180216,31629,31280,2951,34231,755
2021-09-23,Inyo,027,18085,1716,1657,32,1689,39
2021-09-23,Kern,029,883053,118267,116021,18417,134438,1485
2021-09-23,Kings,031,150075,29374,28636,1641,30277,293
2021-09-23,Lake,033,64148,6202,6046,120,6166,92
2021-09-23,Lassen,035,31185,6394,6248,279,6527,25
2021-09-23,Los Angeles,037,10098052,1400036,1386417,51525,1437942,25964
2021-09-23,Madera,039,155013,20935,20432,1671,22103,262
2021-09-23,Marin,041,260295,16965,16802,393,17195,242
2021-09-23,Mariposa,043,17540,957,906,33,939,5
2021-09-23,Mendocino,045,87422,6878,6657,349,7006,74
2021-09-23,Merced,047,269075,38892,38393,1503,39896,546
2021-09-23,Modoc,049,8938,476,460,165,625,5
2021-09-23,Mono,051,14174,1538,1501,19,1520,3
2021-09-23,Monterey,053,433212,47558,46653,2561,49214,567
2021-09-23,Napa,055,140530,12398,12266,88,12354,95
2021-09-23,Nevada,057,99092,8428,8285,284,8569,84
2021-09-23,Orange,059,3164182,297850,294514,13934,308448,5374
2021-09-23,Placer,061,380077,34392,33764,3218,36982,367
2021-09-23,Plumas,063,18699,1297,1238,24,1262,6
2021-09-23,Riverside,065,2383286,348957,343463,15762,359225,4843
2021-09-23,Sacramento,067,1510023,149038,147728,3808,151536,2049
2021-09-23,San Benito,069,59416,7001,6965,144,7109,67
2021-09-23,San Bernardino,071,2135413,341346,338413,10529,348942,5540
2021-09-23,San Diego,073,3302833,355551,352017,20916,372933,4039
2021-09-23,San Francisco,075,870044,50495,49840,2122,51962,615
2021-09-23,San Joaquin,077,732212,94618,93273,4975,98248,1628
2021-09-23,San Luis Obispo,079,281455,28017,27447,1105,28552,318
2021-09-23,San Mateo,081,765935,52157,51266,775,52041,568
2021-09-23,Santa Barbara,083,443738,42273,41728,1458,43186,505
2021-09-23,Santa Clara,085,1922200,141442,140023,1098,141121,1844
2021-09-23,Santa Cruz,087,273765,19492,19200,958,20158,214
2021-09-23,Shasta,089,179085,18826,18256,3074,21330,262
2021-09-23,Sierra,091,2930,133,127,13,140,0
2021-09-23,Siskiyou,093,43540,3103,2956,1085,4041,41
2021-09-23,Solano,095,438530,44167,43331,1135,44466,312
2021-09-23,Sonoma,097,501317,39437,39112,481,39593,369
2021-09-23,Stanislaus,099,539301,72992,72628,8138,80766,1091
2021-09-23,Sutter,101,95872,13069,12976,259,13235,154
2021-09-23,Tehama,103,63373,7425,7200,1202,8402,86
2021-09-23,Trinity,105,12862,746,576,194,770,9
2021-09-23,Tulare,107,460477,62641,60909,12726,73635,898
2021-09-23,Tuolumne,109,53932,6288,6168,73,6241,89
2021-09-23,Ventura,111,848112,94968,94059,4096,98155,1129
2021-09-23,Yolo,113,214977,18684,18393,868,19261,239
2021-09-23,Yuba,115,75493,9325,9191,212,9403,61
2021-09-22,Alameda,001,1643700,114787,113862,2554,116416,1322
2021-09-22,Alpine,003,1148,99,100,0,100,0
2021-09-22,Amador,005,37829,5041,4915,50,4965,59
2021-09-22,Butte,007,227075,18914,18337,3373,21710,235
2021-09-22,Calaveras,009,45235,3536,3448,39,3487,70
2021-09-22,Colusa,011,21464,2406,2384,543,2927,16
2021-09-22,Contra Costa,013,1133247,95164,94209,1927,96136,924
2021-09-22,Del Norte,015,27424,3516,3386,29,3415,35
2021-09-22,El Dorado,017,186661,14898,14605,1526,16131,127
2021-09-22,Fresno,019,978130,128421,126006,11481,137487,1908
2021-09-22,Glenn,021,27897,3229,3138,924,4062,25
2021-09-22,Humboldt,023,135768,8172,7998,407,8405,80
2021-09-22,Imperial,025,180216,31577,31243,2944,34187,755
2021-09-22,Inyo,027,18085,1706,1651,32,1683,39
2021-09-22,Kern,029,883053,118026,115757,18295,134052,1477
2021-09-22,Kings,031,150075,29289,28589,1635,30224,292
2021-09-22,Lake,033,64148,6190,6035,120,6155,93
2021-09-22,Lassen,035,31185,6374,6209,275,6484,25
2021-09-22,Los Angeles,037,10098052,1398713,1384719,51470,1436189,25930
2021-09-22,Madera,039,155013,20878,20382,1661,22043,262
2021-09-22,Marin,041,260295,16954,16782,390,17172,242
2021-09-22,Mariposa,043,17540,951,901,33,934,5
2021-09-22,Mendocino,045,87422,6851,6624,343,6967,70
2021-09-22,Merced,047,269075,38759,38305,1501,39806,541
2021-09-22,Modoc,049,8938,473,458,165,623,5
2021-09-22,Mono,051,14174,1529,1496,18,1514,3
2021-09-22,Monterey,053,433212,47507,46615,2554,49169,566
2021-09-22,Napa,055,140530,12375,12248,87,12335,95
2021-09-22,Nevada,057,99092,8405,8273,281,8554,84
2021-09-22,Orange,059,3164182,297574,294214,13917,308131,5366
2021-09-22,Placer,061,380077,34304,33661,3205,36866,367
2021-09-22,Plumas,063,18699,1284,1230,24,1254,6
2021-09-22,Riverside,065,2383286,348422,342946,15737,358683,4830
2021-09-22,Sacramento,067,1510023,148733,147533,3779,151312,2043
2021-09-22,San Benito,069,59416,6990,6961,142,7103,67
2021-09-22,San Bernardino,071,2135413,340953,337938,10520,348458,5528
2021-09-22,San Diego,073,3302833,355100,351132,20892,372024,4027
2021-09-22,San Francisco,075,870044,50410,49734,2117,51851,610
2021-09-22,San Joaquin,077,732212,94386,93010,4951,97961,1626
2021-09-22,San Luis Obispo,079,281455,27967,27398,1101,28499,315
2021-09-22,San Mateo,081,765935,52084,51197,771,51968,568
2021-09-22,Santa Barbara,083,443738,42210,41678,1457,43135,504
2021-09-22,Santa Clara,085,1922200,141278,139803,1091,140894,1844
2021-09-22,Santa Cruz,087,273765,19454,19177,958,20135,214
2021-09-22,Shasta,089,179085,18736,18153,3063,21216,260
2021-09-22,Sierra,091,2930,133,127,13,140,0
2021-09-22,Siskiyou,093,43540,3086,2947,1075,4022,41
2021-09-22,Solano,095,438530,44102,43269,1134,44403,312
2021-09-22,Sonoma,097,501317,39384,39063,480,39543,369
2021-09-22,Stanislaus,099,539301,72827,72355,8119,80474,1091
2021-09-22,Sutter,101,95872,13049,12960,256,13216,153
2021-09-22,Tehama,103,63373,7398,7173,1199,8372,86
2021-09-22,Trinity,105,12862,745,572,194,766,9
2021-09-22,Tulare,107,460477,62430,60776,12657,73433,896
2021-09-22,Tuolumne,109,53932,6267,6155,72,6227,89
2021-09-22,Ventura,111,848112,94863,93978,4091,98069,1122
2021-09-22,Yolo,113,214977,18645,18342,861,19203,239
2021-09-22,Yuba,115,75493,9296,9169,207,9376,61
2021-09-21,Alameda,001,1643700,114633,113765,2554,116319,1321
2021-09-21,Alpine,003,1148,99,100,0,100,0
2021-09-21,Amador,005,37829,5019,4897,50,4947,59
2021-09-21,Butte,007,227075,18818,18229,3334,21563,232
2021-09-21,Calaveras,009,45235,3519,3437,39,3476,70
2021-09-21,Colusa,011,21464,2403,2378,542,2920,16
2021-09-21,Contra Costa,013,1133247,94970,94101,1913,96014,924
2021-09-21,Del Norte,015,27424,3504,3378,29,3407,34
2021-09-21,El Dorado,017,186661,14868,14578,1519,16097,127
2021-09-21,Fresno,019,978130,128070,125789,11454,137243,1892
2021-09-21,Glenn,021,27897,3222,3134,920,4054,25
2021-09-21,Humboldt,023,135768,8140,7955,402,8357,80
2021-09-21,Imperial,025,180216,31521,31185,2942,34127,755
2021-09-21,Inyo,027,18085,1696,1646,32,1678,39
2021-09-21,Kern,029,883053,117733,115534,18182,133716,1467
2021-09-21,Kings,031,150075,29201,28545,1627,30172,291
2021-09-21,Lake,033,64148,6167,6013,120,6133,90
2021-09-21,Lassen,035,31185,6356,6159,271,6430,25
2021-09-21,Los Angeles,037,10098052,1397257,1383277,51415,1434692,25893
2021-09-21,Madera,039,155013,20818,20317,1651,21968,262
2021-09-21,Marin,041,260295,16939,16748,389,17137,242
2021-09-21,Mariposa,043,17540,946,894,32,926,5
2021-09-21,Mendocino,045,87422,6813,6580,332,6912,68
2021-09-21,Merced,047,269075,38637,38225,1497,39722,539
2021-09-21,Modoc,049,8938,470,458,165,623,5
2021-09-21,Mono,051,14174,1527,1495,17,1512,3
2021-09-21,Monterey,053,433212,47439,46583,2542,49125,565
2021-09-21,Napa,055,140530,12354,12238,87,12325,95
2021-09-21,Nevada,057,99092,8378,8259,273,8532,84
2021-09-21,Orange,059,3164182,297243,293898,13887,307785,5357
2021-09-21,Placer,061,380077,34203,33609,3194,36803,365
2021-09-21,Plumas,063,18699,1277,1225,24,1249,5
2021-09-21,Riverside,065,2383286,347862,342460,15713,358173,4817
2021-09-21,Sacramento,067,1510023,148352,147378,3751,151129,2027
2021-09-21,San Benito,069,59416,6979,6950,141,7091,67
2021-09-21,San Bernardino,071,2135413,340516,337387,10503,347890,5520
2021-09-21,San Diego,073,3302833,354494,350265,20866,371131,4021
2021-09-21,San Francisco,075,870044,50313,49653,2113,51766,609
2021-09-21,San Joaquin,077,732212,94152,92762,4940,97702,1621
2021-09-21,San Luis Obispo,079,281455,27908,27318,1097,28415,314
2021-09-21,San Mateo,081,765935,52015,51136,771,51907,568
2021-09-21,Santa Barbara,083,443738,42141,41644,1453,43097,503
2021-09-21,Santa Clara,085,1922200,141061,139657,1087,140744,1843
2021-09-21,Santa Cruz,087,273765,19424,19140,957,20097,212
2021-09-21,Shasta,089,179085,18608,18027,3039,21066,258
2021-09-21,Sierra,091,2930,133,127,13,140,0
2021-09-21,Siskiyou,093,43540,3072,2927,1061,3988,36
2021-09-21,Solano,095,438530,44026,43220,1134,44354,311
2021-09-21,Sonoma,097,501317,39331,39042,480,39522,369
2021-09-21,Stanislaus,099,539301,72643,72211,8099,80310,1091
2021-09-21,Sutter,101,95872,13026,12930,253,13183,153
2021-09-21,Tehama,103,63373,7352,7151,1195,8346,85
2021-09-21,Trinity,105,12862,734,572,192,764,9
2021-09-21,Tulare,107,460477,62215,60607,12596,73203,896
2021-09-21,Tuolumne,109,53932,6235,6139,72,6211,89
2021-09-21,Ventura,111,848112,94758,93818,4083,97901,1120
2021-09-21,Yolo,113,214977,18609,18313,858,19171,239
2021-09-21,Yuba,115,75493,9268,9135,207,9342,61
2021-09-20,Alameda,001,1643700,114452,113637,2550,116187,1320
2021-09-20,Alpine,003,1148,99,100,0,100,0
2021-09-20,Amador,005,37829,5001,4883,49,4932,59
2021-09-20,Butte,007,227075,18736,18135,3319,21454,231
2021-09-20,Calaveras,009,45235,3497,3395,38,3433,66
2021-09-20,Colusa,011,21464,2401,2376,539,2915,16
2021-09-20,Contra Costa,013,1133247,94820,93919,1907,95826,924
2021-09-20,Del Norte,015,27424,3496,3374,28,3402,34
2021-09-20,El Dorado,017,186661,14835,14545,1507,16052,127
2021-09-20,Fresno,019,978130,127657,125287,11428,136715,1889
2021-09-20,Glenn,021,27897,3211,3112,917,4029,25
2021-09-20,Humboldt,023,135768,8104,7938,397,8335,80
2021-09-20,Imperial,025,180216,31438,31146,2941,34087,755
2021-09-20,Inyo,027,18085,1688,1641,31,1672,39
2021-09-20,Kern,029,883053,117394,115271,18051,133322,1459
2021-09-20,Kings,031,150075,29114,28471,1621,30092,285
2021-09-20,Lake,033,64148,6152,5984,119,6103,87
2021-09-20,Lassen,035,31185,6326,6132,271,6403,25
2021-09-20,Los Angeles,037,10098052,1395734,1382206,51335,1433541,25858
2021-09-20,Madera,039,155013,20765,20203,1644,21847,257
2021-09-20,Marin,041,260295,16914,16732,387,17119,242
2021-09-20,Mariposa,043,17540,935,887,32,919,5
2021-09-20,Mendocino,045,87422,6779,6568,327,6895,67
2021-09-20,Merced,047,269075,38526,38144,1486,39630,536
2021-09-20,Modoc,049,8938,469,457,163,620,5
2021-09-20,Mono,051,14174,1521,1480,17,1497,3
2021-09-20,Monterey,053,433212,47397,46506,2524,49030,565
2021-09-20,Napa,055,140530,12329,12209,86,12295,95
2021-09-20,Nevada,057,99092,8358,8228,271,8499,84
2021-09-20,Orange,059,3164182,296899,293642,13860,307502,5354
2021-09-20,Placer,061,380077,34113,33531,3179,36710,364
2021-09-20,Plumas,063,18699,1272,1211,24,1235,5
2021-09-20,Riverside,065,2383286,347362,341961,15700,357661,4802
2021-09-20,Sacramento,067,1510023,147979,147016,3718,150734,2016
2021-09-20,San Benito,069,59416,6970,6947,140,7087,67
2021-09-20,San Bernardino,071,2135413,340119,337059,10487,347546,5507
2021-09-20,San Diego,073,3302833,353822,349579,20829,370408,4009
2021-09-20,San Francisco,075,870044,50206,49559,2112,51671,605
2021-09-20,San Joaquin,077,732212,93909,92614,4927,97541,1615
2021-09-20,San Luis Obispo,079,281455,27832,27259,1089,28348,313
2021-09-20,San Mateo,081,765935,51928,51100,768,51868,567
2021-09-20,Santa Barbara,083,443738,42042,41589,1449,43038,500
2021-09-20,Santa Clara,085,1922200,140861,139578,1085,140663,1841
2021-09-20,Santa Cruz,087,273765,19392,19121,957,20078,211
2021-09-20,Shasta,089,179085,18509,17893,3009,20902,258
2021-09-20,Sierra,091,2930,131,126,13,139,0
2021-09-20,Siskiyou,093,43540,3050,2902,1048,3950,35
2021-09-20,Solano,095,438530,43958,43152,1126,44278,312
2021-09-20,Sonoma,097,501317,39285,38991,480,39471,369
2021-09-20,Stanislaus,099,539301,72444,72031,8080,80111,1091
2021-09-20,Sutter,101,95872,12990,12896,248,13144,153
2021-09-20,Tehama,103,63373,7320,7121,1183,8304,84
2021-09-20,Trinity,105,12862,728,568,191,759,7
2021-09-20,Tulare,107,460477,62013,60302,12543,72845,896
2021-09-20,Tuolumne,109,53932,6209,6113,72,6185,89
2021-09-20,Ventura,111,848112,94645,93700,4077,97777,1120
2021-09-20,Yolo,113,214977,18563,18287,856,19143,239
2021-09-20,Yuba,115,75493,9233,9107,205,9312,61
2021-09-19,Alameda,001,1643700,114238,113446,2545,115991,1320
2021-09-19,Alpine,003,1148,99,100,0,100,0
2021-09-19,Amador,005,37829,4961,4875,48,4923,59
2021-09-19,Butte,007,227075,18642,18063,3290,21353,230
2021-09-19,Calaveras,009,45235,3473,3390,35,3425,66
2021-09-19,Colusa,011,21464,2399,2375,537,2912,16
2021-09-19,Contra Costa,013,1133247,94634,93788,1897,95685,924
2021-09-19,Del Norte,015,27424,3470,3344,27,3371,34
2021-09-19,El Dorado,017,186661,14782,14512,1501,16013,127
2021-09-19,Fresno,019,978130,127252,124985,11383,136368,1888
2021-09-19,Glenn,021,27897,3202,3102,914,4016,25
2021-09-19,Humboldt,023,135768,8059,7914,395,8309,80
2021-09-19,Imperial,025,180216,31369,31122,2938,34060,755
2021-09-19,Inyo,027,18085,1679,1639,31,1670,39
2021-09-19,Kern,029,883053,117082,115074,17945,133019,1459
2021-09-19,Kings,031,150075,28987,28416,1612,30028,284
2021-09-19,Lake,033,64148,6121,5962,119,6081,87
2021-09-19,Lassen,035,31185,6306,6129,265,6394,25
2021-09-19,Los Angeles,037,10098052,1393756,1381200,51240,1432440,25852
2021-09-19,Madera,039,155013,20687,20161,1634,21795,257
2021-09-19,Marin,041,260295,16885,16711,385,17096,242
2021-09-19,Mariposa,043,17540,927,881,32,913,5
2021-09-19,Mendocino,045,87422,6734,6538,321,6859,67
2021-09-19,Merced,047,269075,38369,38068,1477,39545,535
2021-09-19,Modoc,049,8938,466,457,161,618,5
2021-09-19,Mono,051,14174,1516,1480,17,1497,3
2021-09-19,Monterey,053,433212,47342,46486,2521,49007,565
2021-09-19,Napa,055,140530,12308,12190,84,12274,95
2021-09-19,Nevada,057,99092,8330,8203,269,8472,84
2021-09-19,Orange,059,3164182,296531,293258,13838,307096,5354
2021-09-19,Placer,061,380077,34000,33406,3161,36567,364
2021-09-19,Plumas,063,18699,1264,1211,24,1235,5
2021-09-19,Riverside,065,2383286,346769,341566,15691,357257,4804
2021-09-19,Sacramento,067,1510023,147619,146603,3674,150277,2012
2021-09-19,San Benito,069,59416,6951,6942,140,7082,67
2021-09-19,San Bernardino,071,2135413,339628,336688,10476,347164,5506
2021-09-19,San Diego,073,3302833,353119,349225,20792,370017,4006
2021-09-19,San Francisco,075,870044,50099,49458,2103,51561,605
2021-09-19,San Joaquin,077,732212,93613,92467,4916,97383,1615
2021-09-19,San Luis Obispo,079,281455,27731,27208,1080,28288,313
2021-09-19,San Mateo,081,765935,51830,51028,767,51795,567
2021-09-19,Santa Barbara,083,443738,41936,41512,1449,42961,500
2021-09-19,Santa Clara,085,1922200,140674,139410,1080,140490,1841
2021-09-19,Santa Cruz,087,273765,19353,19096,957,20053,211
2021-09-19,Shasta,089,179085,18395,17813,2974,20787,258
2021-09-19,Sierra,091,2930,130,126,13,139,0
2021-09-19,Siskiyou,093,43540,3024,2882,1039,3921,35
2021-09-19,Solano,095,438530,43869,43056,1121,44177,312
2021-09-19,Sonoma,097,501317,39213,38956,476,39432,369
2021-09-19,Stanislaus,099,539301,72199,71830,8055,79885,1091
2021-09-19,Sutter,101,95872,12963,12868,241,13109,153
2021-09-19,Tehama,103,63373,7266,7081,1174,8255,84
2021-09-19,Trinity,105,12862,717,562,189,751,7
2021-09-19,Tulare,107,460477,61752,60160,12450,72610,896
2021-09-19,Tuolumne,109,53932,6168,6097,72,6169,89
2021-09-19,Ventura,111,848112,94483,93491,4068,97559,1120
2021-09-19,Yolo,113,214977,18514,18238,850,19088,239
2021-09-19,Yuba,115,75493,9207,9087,204,9291,61
2021-09-18,Alameda,001,1643700,114138,113300,2544,115844,1320
2021-09-18,Alpine,003,1148,99,100,0,100,0
2021-09-18,Amador,005,37829,4951,4850,48,4898,59
2021-09-18,Butte,007,227075,18604,17961,3274,21235,230
2021-09-18,Calaveras,009,45235,3468,3361,34,3395,66
2021-09-18,Colusa,011,21464,2399,2373,536,2909,16
2021-09-18,Contra Costa,013,1133247,94544,93656,1893,95549,924
2021-09-18,Del Norte,015,27424,3462,3326,25,3351,34
2021-09-18,El Dorado,017,186661,14759,14472,1498,15970,127
2021-09-18,Fresno,019,978130,127110,124771,11365,136136,1889
2021-09-18,Glenn,021,27897,3193,3086,911,3997,25
2021-09-18,Humboldt,023,135768,8045,7881,394,8275,80
2021-09-18,Imperial,025,180216,31345,31096,2937,34033,755
2021-09-18,Inyo,027,18085,1673,1636,31,1667,39
2021-09-18,Kern,029,883053,116927,114781,17881,132662,1459
2021-09-18,Kings,031,150075,28939,28330,1607,29937,285
2021-09-18,Lake,033,64148,6104,5936,119,6055,87
2021-09-18,Lassen,035,31185,6296,6121,263,6384,25
2021-09-18,Los Angeles,037,10098052,1392996,1379880,51190,1431070,25849
2021-09-18,Madera,039,155013,20643,20126,1624,21750,257
2021-09-18,Marin,041,260295,16868,16685,384,17069,242
2021-09-18,Mariposa,043,17540,924,871,32,903,5
2021-09-18,Mendocino,045,87422,6713,6523,321,6844,67
2021-09-18,Merced,047,269075,38333,37977,1471,39448,535
2021-09-18,Modoc,049,8938,466,457,160,617,5
2021-09-18,Mono,051,14174,1513,1480,17,1497,3
2021-09-18,Monterey,053,433212,47304,46466,2518,48984,565
2021-09-18,Napa,055,140530,12296,12168,84,12252,95
2021-09-18,Nevada,057,99092,8313,8183,269,8452,84
2021-09-18,Orange,059,3164182,296337,293005,13824,306829,5354
2021-09-18,Placer,061,380077,33928,33309,3158,36467,364
2021-09-18,Plumas,063,18699,1263,1204,24,1228,5
2021-09-18,Riverside,065,2383286,346385,341136,15677,356813,4802
2021-09-18,Sacramento,067,1510023,147437,146162,3665,149827,2016
2021-09-18,San Benito,069,59416,6947,6937,140,7077,67
2021-09-18,San Bernardino,071,2135413,339356,336380,10463,346843,5501
2021-09-18,San Diego,073,3302833,352728,348848,20779,369627,4006
2021-09-18,San Francisco,075,870044,50036,49359,2098,51457,605
2021-09-18,San Joaquin,077,732212,93502,92242,4904,97146,1615
2021-09-18,San Luis Obispo,079,281455,27694,27181,1077,28258,313
2021-09-18,San Mateo,081,765935,51780,50961,765,51726,567
2021-09-18,Santa Barbara,083,443738,41871,41465,1449,42914,500
2021-09-18,Santa Clara,085,1922200,140554,139233,1077,140310,1841
2021-09-18,Santa Cruz,087,273765,19333,19079,957,20036,211
2021-09-18,Shasta,089,179085,18332,17777,2958,20735,258
2021-09-18,Sierra,091,2930,129,125,13,138,0
2021-09-18,Siskiyou,093,43540,3021,2875,1033,3908,35
2021-09-18,Solano,095,438530,43829,42966,1118,44084,312
2021-09-18,Sonoma,097,501317,39178,38891,474,39365,369
2021-09-18,Stanislaus,099,539301,72054,71587,8033,79620,1091
2021-09-18,Sutter,101,95872,12949,12829,241,13070,153
2021-09-18,Tehama,103,63373,7252,7055,1167,8222,84
2021-09-18,Trinity,105,12862,715,561,189,750,7
2021-09-18,Tulare,107,460477,61676,60003,12400,72403,896
2021-09-18,Tuolumne,109,53932,6153,6069,72,6141,89
2021-09-18,Ventura,111,848112,94415,93424,4063,97487,1120
2021-09-18,Yolo,113,214977,18487,18213,845,19058,239
2021-09-18,Yuba,115,75493,9193,9061,203,9264,61
2021-09-17,Alameda,001,1643700,114012,113070,2542,115612,1320
2021-09-17,Alpine,003,1148,99,99,0,99,0
2021-09-17,Amador,005,37829,4935,4835,47,4882,58
2021-09-17,Butte,007,227075,18552,17870,3265,21135,230
2021-09-17,Calaveras,009,45235,3456,3338,33,3371,66
2021-09-17,Colusa,011,21464,2398,2369,531,2900,16
2021-09-17,Contra Costa,013,1133247,94442,93485,1890,95375,924
2021-09-17,Del Norte,015,27424,3457,3311,23,3334,34
2021-09-17,El Dorado,017,186661,14740,14421,1496,15917,127
2021-09-17,Fresno,019,978130,126891,124296,11349,135645,1882
2021-09-17,Glenn,021,27897,3176,3072,907,3979,25
2021-09-17,Humboldt,023,135768,8024,7850,394,8244,80
2021-09-17,Imperial,025,180216,31319,31031,2936,33967,755
2021-09-17,Inyo,027,18085,1665,1634,31,1665,39
2021-09-17,Kern,029,883053,116736,114303,17784,132087,1456
2021-09-17,Kings,031,150075,28874,28240,1605,29845,281
2021-09-17,Lake,033,64148,6091,5915,119,6034,87
2021-09-17,Lassen,035,31185,6281,6080,261,6341,25
2021-09-17,Los Angeles,037,10098052,1392017,1377905,51124,1429029,25820
2021-09-17,Madera,039,155013,20592,20040,1612,21652,257
2021-09-17,Marin,041,260295,16855,16658,382,17040,242
2021-09-17,Mariposa,043,17540,922,869,32,901,5
2021-09-17,Mendocino,045,87422,6694,6498,321,6819,67
2021-09-17,Merced,047,269075,38286,37803,1469,39272,533
2021-09-17,Modoc,049,8938,466,456,160,616,5
2021-09-17,Mono,051,14174,1509,1457,17,1474,3
2021-09-17,Monterey,053,433212,47281,46421,2517,48938,564
2021-09-17,Napa,055,140530,12275,12153,84,12237,95
2021-09-17,Nevada,057,99092,8298,8157,269,8426,84
2021-09-17,Orange,059,3164182,296118,292685,13806,306491,5346
2021-09-17,Placer,061,380077,33868,33188,3148,36336,362
2021-09-17,Plumas,063,18699,1254,1192,23,1215,5
2021-09-17,Riverside,065,2383286,345985,340445,15666,356111,4792
2021-09-17,Sacramento,067,1510023,147238,145985,3654,149639,1999
2021-09-17,San Benito,069,59416,6944,6929,140,7069,67
2021-09-17,San Bernardino,071,2135413,338998,335810,10456,346266,5488
2021-09-17,San Diego,073,3302833,352304,348098,20762,368860,4002
2021-09-17,San Francisco,075,870044,49984,49249,2093,51342,605
2021-09-17,San Joaquin,077,732212,93364,91977,4893,96870,1610
2021-09-17,San Luis Obispo,079,281455,27660,27102,1066,28168,311
2021-09-17,San Mateo,081,765935,51727,50854,764,51618,564
2021-09-17,Santa Barbara,083,443738,41808,41354,1448,42802,498
2021-09-17,Santa Clara,085,1922200,140405,138939,1076,140015,1838
2021-09-17,Santa Cruz,087,273765,19309,19039,957,19996,211
2021-09-17,Shasta,089,179085,18262,17617,2945,20562,254
2021-09-17,Sierra,091,2930,129,124,13,137,0
2021-09-17,Siskiyou,093,43540,3006,2852,1033,3885,35
2021-09-17,Solano,095,438530,43766,42898,1114,44012,312
2021-09-17,Sonoma,097,501317,39141,38808,473,39281,369
2021-09-17,Stanislaus,099,539301,71947,71408,8015,79423,1091
2021-09-17,Sutter,101,95872,12933,12799,238,13037,153
2021-09-17,Tehama,103,63373,7229,7020,1155,8175,84
2021-09-17,Trinity,105,12862,710,556,188,744,7
2021-09-17,Tulare,107,460477,61561,59689,12365,72054,895
2021-09-17,Tuolumne,109,53932,6134,6047,72,6119,89
2021-09-17,Ventura,111,848112,94303,93273,4061,97334,1116
2021-09-17,Yolo,113,214977,18456,18177,841,19018,239
2021-09-17,Yuba,115,75493,9166,9019,202,9221,61
2021-09-16,Alameda,001,1643700,113835,112770,2539,115309,1318
2021-09-16,Alpine,003,1148,99,99,0,99,0
2021-09-16,Amador,005,37829,4915,4819,47,4866,58
2021-09-16,Butte,007,227075,18477,17750,3249,20999,230
2021-09-16,Calaveras,009,45235,3425,3313,33,3346,66
2021-09-16,Colusa,011,21464,2396,2363,529,2892,16
2021-09-16,Contra Costa,013,1133247,94270,93213,1882,95095,917
2021-09-16,Del Norte,015,27424,3439,3285,23,3308,34
2021-09-16,El Dorado,017,186661,14699,14372,1488,15860,127
2021-09-16,Fresno,019,978130,126534,123853,11308,135161,1868
2021-09-16,Glenn,021,27897,3166,3068,905,3973,24
2021-09-16,Humboldt,023,135768,7990,7809,386,8195,80
2021-09-16,Imperial,025,180216,31276,30966,2928,33894,753
2021-09-16,Inyo,027,18085,1663,1623,31,1654,39
2021-09-16,Kern,029,883053,116464,113828,17717,131545,1448
2021-09-16,Kings,031,150075,28788,28114,1597,29711,280
2021-09-16,Lake,033,64148,6067,5890,116,6006,87
2021-09-16,Lassen,035,31185,6246,6028,256,6284,25
2021-09-16,Los Angeles,037,10098052,1390624,1376277,51059,1427336,25796
2021-09-16,Madera,039,155013,20514,19974,1607,21581,257
2021-09-16,Marin,041,260295,16828,16625,381,17006,242
2021-09-16,Mariposa,043,17540,916,849,32,881,6
2021-09-16,Mendocino,045,87422,6656,6445,310,6755,67
2021-09-16,Merced,047,269075,38179,37675,1467,39142,532
2021-09-16,Modoc,049,8938,464,455,160,615,5
2021-09-16,Mono,051,14174,1503,1449,17,1466,3
2021-09-16,Monterey,053,433212,47227,46342,2511,48853,562
2021-09-16,Napa,055,140530,12250,12115,80,12195,95
2021-09-16,Nevada,057,99092,8271,8121,268,8389,84
2021-09-16,Orange,059,3164182,295772,292183,13786,305969,5340
2021-09-16,Placer,061,380077,33772,33037,3128,36165,354
2021-09-16,Plumas,063,18699,1245,1178,23,1201,5
2021-09-16,Riverside,065,2383286,345455,339770,15652,355422,4786
2021-09-16,Sacramento,067,1510023,146882,145754,3622,149376,1996
2021-09-16,San Benito,069,59416,6932,6913,139,7052,67
2021-09-16,San Bernardino,071,2135413,338573,335129,10449,345578,5474
2021-09-16,San Diego,073,3302833,351690,347472,20723,368195,3994
2021-09-16,San Francisco,075,870044,49898,49133,2085,51218,605
2021-09-16,San Joaquin,077,732212,93126,91650,4850,96500,1608
2021-09-16,San Luis Obispo,079,281455,27587,27044,1062,28106,310
2021-09-16,San Mateo,081,765935,51650,50773,762,51535,564
2021-09-16,Santa Barbara,083,443738,41742,41272,1445,42717,497
2021-09-16,Santa Clara,085,1922200,140251,138685,1072,139757,1835
2021-09-16,Santa Cruz,087,273765,19282,19011,957,19968,211
2021-09-16,Shasta,089,179085,18137,17438,2912,20350,251
2021-09-16,Sierra,091,2930,129,123,13,136,0
2021-09-16,Siskiyou,093,43540,2986,2819,1026,3845,35
2021-09-16,Solano,095,438530,43694,42792,1105,43897,312
2021-09-16,Sonoma,097,501317,39078,38707,472,39179,369
2021-09-16,Stanislaus,099,539301,71714,71105,7999,79104,1091
2021-09-16,Sutter,101,95872,12889,12729,233,12962,152
2021-09-16,Tehama,103,63373,7189,6953,1144,8097,83
2021-09-16,Trinity,105,12862,707,547,187,734,7
2021-09-16,Tulare,107,460477,61339,59459,12292,71751,894
2021-09-16,Tuolumne,109,53932,6114,5999,71,6070,89
2021-09-16,Ventura,111,848112,94163,93087,4057,97144,1110
2021-09-16,Yolo,113,214977,18424,18135,839,18974,239
2021-09-16,Yuba,115,75493,9132,8981,199,9180,61
2021-09-15,Alameda,001,1643700,113670,112498,2532,115030,1317
2021-09-15,Alpine,003,1148,99,99,0,99,0
2021-09-15,Amador,005,37829,4907,4792,47,4839,58
2021-09-15,Butte,007,227075,18379,17664,3229,20893,228
2021-09-15,Calaveras,009,45235,3396,3293,31,3324,66
2021-09-15,Colusa,011,21464,2394,2352,526,2878,16
2021-09-15,Contra Costa,013,1133247,94089,92989,1871,94860,913
2021-09-15,Del Norte,015,27424,3426,3271,21,3292,34
2021-09-15,El Dorado,017,186661,14673,14309,1478,15787,127
2021-09-15,Fresno,019,978130,126155,123370,11252,134622,1867
2021-09-15,Glenn,021,27897,3154,3051,900,3951,20
2021-09-15,Humboldt,023,135768,7955,7754,381,8135,52
2021-09-15,Imperial,025,180216,31221,30891,2923,33814,753
2021-09-15,Inyo,027,18085,1659,1614,31,1645,39
2021-09-15,Kern,029,883053,116117,113546,17619,131165,1434
2021-09-15,Kings,031,150075,28709,27991,1589,29580,279
2021-09-15,Lake,033,64148,6035,5852,115,5967,85
2021-09-15,Lassen,035,31185,6186,6018,251,6269,25
2021-09-15,Los Angeles,037,10098052,1389123,1374307,50990,1425297,25767
2021-09-15,Madera,039,155013,20439,19880,1600,21480,257
2021-09-15,Marin,041,260295,16793,16592,376,16968,242
2021-09-15,Mariposa,043,17540,904,843,32,875,5
2021-09-15,Mendocino,045,87422,6626,6399,305,6704,66
2021-09-15,Merced,047,269075,38071,37508,1465,38973,529
2021-09-15,Modoc,049,8938,464,454,160,614,5
2021-09-15,Mono,051,14174,1497,1445,17,1462,3
2021-09-15,Monterey,053,433212,47156,46317,2500,48817,562
2021-09-15,Napa,055,140530,12229,12082,80,12162,95
2021-09-15,Nevada,057,99092,8249,8081,265,8346,84
2021-09-15,Orange,059,3164182,295448,291834,13767,305601,5328
2021-09-15,Placer,061,380077,33660,32860,3107,35967,352
2021-09-15,Plumas,063,18699,1240,1164,22,1186,5
2021-09-15,Riverside,065,2383286,344872,339077,15628,354705,4769
2021-09-15,Sacramento,067,1510023,146456,145202,3591,148793,1981
2021-09-15,San Benito,069,59416,6929,6902,139,7041,67
2021-09-15,San Bernardino,071,2135413,338110,334556,10435,344991,5470
2021-09-15,San Diego,073,3302833,351071,346933,20695,367628,3983
2021-09-15,San Francisco,075,870044,49787,48999,2080,51079,605
2021-09-15,San Joaquin,077,732212,92850,91322,4810,96132,1607
2021-09-15,San Luis Obispo,079,281455,27504,26943,1056,27999,306
2021-09-15,San Mateo,081,765935,51568,50691,759,51450,564
2021-09-15,Santa Barbara,083,443738,41639,41077,1440,42517,497
2021-09-15,Santa Clara,085,1922200,140077,138410,1067,139477,1833
2021-09-15,Santa Cruz,087,273765,19244,18984,955,19939,210
2021-09-15,Shasta,089,179085,18026,17317,2891,20208,250
2021-09-15,Sierra,091,2930,129,123,13,136,0
2021-09-15,Siskiyou,093,43540,2966,2804,996,3800,35
2021-09-15,Solano,095,438530,43622,42682,1100,43782,312
2021-09-15,Sonoma,097,501317,39020,38629,472,39101,369
2021-09-15,Stanislaus,099,539301,71490,70852,7977,78829,1091
2021-09-15,Sutter,101,95872,12856,12699,228,12927,151
2021-09-15,Tehama,103,63373,7148,6894,1135,8029,79
2021-09-15,Trinity,105,12862,705,541,185,726,7
2021-09-15,Tulare,107,460477,61080,59149,12231,71380,890
2021-09-15,Tuolumne,109,53932,6088,5969,71,6040,89
2021-09-15,Ventura,111,848112,94020,92960,4050,97010,1109
2021-09-15,Yolo,113,214977,18390,18064,833,18897,239
2021-09-15,Yuba,115,75493,9098,8953,199,9152,61
2021-09-14,Alameda,001,1643700,113463,112329,2529,114858,1316
2021-09-14,Alpine,003,1148,99,98,0,98,0
2021-09-14,Amador,005,37829,4887,4790,47,4837,57
2021-09-14,Butte,007,227075,18245,17516,3205,20721,226
2021-09-14,Calaveras,009,45235,3376,3280,28,3308,66
2021-09-14,Colusa,011,21464,2390,2344,523,2867,16
2021-09-14,Contra Costa,013,1133247,93891,92822,1863,94685,908
2021-09-14,Del Norte,015,27424,3410,3252,21,3273,32
2021-09-14,El Dorado,017,186661,14620,14247,1470,15717,123
2021-09-14,Fresno,019,978130,125680,123151,11200,134351,1856
2021-09-14,Glenn,021,27897,3137,3045,896,3941,20
2021-09-14,Humboldt,023,135768,7921,7717,376,8093,52
2021-09-14,Imperial,025,180216,31172,30845,2920,33765,752
2021-09-14,Inyo,027,18085,1650,1605,30,1635,39
2021-09-14,Kern,029,883053,115734,113250,17496,130746,1428
2021-09-14,Kings,031,150075,28633,27955,1581,29536,278
2021-09-14,Lake,033,64148,6003,5845,115,5960,83
2021-09-14,Lassen,035,31185,6172,5977,246,6223,25
2021-09-14,Los Angeles,037,10098052,1387286,1372831,50908,1423739,25729
2021-09-14,Madera,039,155013,20357,19800,1589,21389,254
2021-09-14,Marin,041,260295,16765,16584,374,16958,242
2021-09-14,Mariposa,043,17540,893,834,31,865,5
2021-09-14,Mendocino,045,87422,6590,6372,294,6666,65
2021-09-14,Merced,047,269075,37921,37430,1461,38891,526
2021-09-14,Modoc,049,8938,463,453,160,613,5
2021-09-14,Mono,051,14174,1493,1440,17,1457,4
2021-09-14,Monterey,053,433212,47115,46224,2489,48713,558
2021-09-14,Napa,055,140530,12196,12070,79,12149,91
2021-09-14,Nevada,057,99092,8215,8056,265,8321,83
2021-09-14,Orange,059,3164182,295055,291423,13743,305166,5319
2021-09-14,Placer,061,380077,33528,32735,3087,35822,350
2021-09-14,Plumas,063,18699,1225,1148,22,1170,5
2021-09-14,Riverside,065,2383286,344231,338534,15597,354131,4748
2021-09-14,Sacramento,067,1510023,146071,145051,3543,148594,1977
2021-09-14,San Benito,069,59416,6919,6887,139,7026,64
2021-09-14,San Bernardino,071,2135413,337612,333968,10410,344378,5465
2021-09-14,San Diego,073,3302833,350411,346204,20644,366848,3966
2021-09-14,San Francisco,075,870044,49653,48998,2078,51076,603
2021-09-14,San Joaquin,077,732212,92611,91128,4801,95929,1596
2021-09-14,San Luis Obispo,079,281455,27431,26845,1051,27896,304
2021-09-14,San Mateo,081,765935,51471,50602,756,51358,564
2021-09-14,Santa Barbara,083,443738,41543,40783,1431,42214,495
2021-09-14,Santa Clara,085,1922200,139842,138321,1064,139385,1828
2021-09-14,Santa Cruz,087,273765,19204,18965,953,19918,210
2021-09-14,Shasta,089,179085,17895,17152,2870,20022,246
2021-09-14,Sierra,091,2930,129,123,13,136,0
2021-09-14,Siskiyou,093,43540,2942,2756,979,3735,35
2021-09-14,Solano,095,438530,43539,42599,1097,43696,307
2021-09-14,Sonoma,097,501317,38951,38595,468,39063,369
2021-09-14,Stanislaus,099,539301,71230,70697,7949,78646,1091
2021-09-14,Sutter,101,95872,12814,12670,221,12891,149
2021-09-14,Tehama,103,63373,7094,6859,1127,7986,80
2021-09-14,Trinity,105,12862,699,538,184,722,7
2021-09-14,Tulare,107,460477,60827,58961,12160,71121,888
2021-09-14,Tuolumne,109,53932,6067,5951,69,6020,89
2021-09-14,Ventura,111,848112,93835,92841,4033,96874,1107
2021-09-14,Yolo,113,214977,18346,18039,828,18867,239
2021-09-14,Yuba,115,75493,9062,8928,199,9127,61
2021-09-13,Alameda,001,1643700,113249,112159,2524,114683,1309
2021-09-13,Alpine,003,1148,98,98,0,98,0
2021-09-13,Amador,005,37829,4869,4761,47,4808,56
2021-09-13,Butte,007,227075,18120,17393,3177,20570,225
2021-09-13,Calaveras,009,45235,3350,3253,27,3280,65
2021-09-13,Colusa,011,21464,2381,2346,519,2865,16
2021-09-13,Contra Costa,013,1133247,93646,92658,1858,94516,908
2021-09-13,Del Norte,015,27424,3374,3232,21,3253,28
2021-09-13,El Dorado,017,186661,14559,14194,1462,15656,119
2021-09-13,Fresno,019,978130,125213,122650,11134,133784,1853
2021-09-13,Glenn,021,27897,3123,3026,890,3916,20
2021-09-13,Humboldt,023,135768,7889,7659,373,8032,52
2021-09-13,Imperial,025,180216,31119,30802,2917,33719,751
2021-09-13,Inyo,027,18085,1643,1602,30,1632,39
2021-09-13,Kern,029,883053,115351,112930,17374,130304,1424
2021-09-13,Kings,031,150075,28523,27858,1569,29427,275
2021-09-13,Lake,033,64148,5981,5809,115,5924,82
2021-09-13,Lassen,035,31185,6137,5953,245,6198,25
2021-09-13,Los Angeles,037,10098052,1385422,1371423,50841,1422264,25703
2021-09-13,Madera,039,155013,20287,19735,1574,21309,252
2021-09-13,Marin,041,260295,16729,16557,373,16930,242
2021-09-13,Mariposa,043,17540,879,825,31,856,5
2021-09-13,Mendocino,045,87422,6555,6323,285,6608,61
2021-09-13,Merced,047,269075,37771,37291,1456,38747,521
2021-09-13,Modoc,049,8938,462,451,160,611,5
2021-09-13,Mono,051,14174,1487,1435,17,1452,3
2021-09-13,Monterey,053,433212,47024,46188,2476,48664,558
2021-09-13,Napa,055,140530,12178,12039,79,12118,91
2021-09-13,Nevada,057,99092,8189,8021,263,8284,83
2021-09-13,Orange,059,3164182,294623,291128,13722,304850,5312
2021-09-13,Placer,061,380077,33363,32617,3070,35687,343
2021-09-13,Plumas,063,18699,1216,1142,22,1164,5
2021-09-13,Riverside,065,2383286,343586,337876,15579,353455,4731
2021-09-13,Sacramento,067,1510023,145584,144537,3510,148047,1956
2021-09-13,San Benito,069,59416,6904,6867,138,7005,64
2021-09-13,San Bernardino,071,2135413,337121,333613,10385,343998,5441
2021-09-13,San Diego,073,3302833,349624,345647,20592,366239,3961
2021-09-13,San Francisco,075,870044,49524,48914,2072,50986,603
2021-09-13,San Joaquin,077,732212,92326,90966,4783,95749,1581
2021-09-13,San Luis Obispo,079,281455,27334,26805,1048,27853,300
2021-09-13,San Mateo,081,765935,51379,50525,751,51276,564
2021-09-13,Santa Barbara,083,443738,41424,40661,1424,42085,494
2021-09-13,Santa Clara,085,1922200,139597,138152,1059,139211,1820
2021-09-13,Santa Cruz,087,273765,19164,18917,952,19869,210
2021-09-13,Shasta,089,179085,17765,17033,2830,19863,243
2021-09-13,Sierra,091,2930,129,123,13,136,0
2021-09-13,Siskiyou,093,43540,2927,2745,967,3712,35
2021-09-13,Solano,095,438530,43435,42501,1094,43595,306
2021-09-13,Sonoma,097,501317,38884,38513,465,38978,368
2021-09-13,Stanislaus,099,539301,70976,70477,7913,78390,1091
2021-09-13,Sutter,101,95872,12756,12624,217,12841,145
2021-09-13,Tehama,103,63373,7031,6803,1115,7918,79
2021-09-13,Trinity,105,12862,697,533,182,715,7
2021-09-13,Tulare,107,460477,60544,58768,12100,70868,887
2021-09-13,Tuolumne,109,53932,6036,5909,69,5978,89
2021-09-13,Ventura,111,848112,93673,92679,4026,96705,1107
2021-09-13,Yolo,113,214977,18301,17974,822,18796,239
2021-09-13,Yuba,115,75493,9017,8884,198,9082,61
2021-09-12,Alameda,001,1643700,112986,111961,2521,114482,1309
2021-09-12,Alpine,003,1148,98,98,0,98,0
2021-09-12,Amador,005,37829,4848,4752,47,4799,56
2021-09-12,Butte,007,227075,17975,17257,3129,20386,221
2021-09-12,Calaveras,009,45235,3319,3236,23,3259,65
2021-09-12,Colusa,011,21464,2378,2344,518,2862,16
2021-09-12,Contra Costa,013,1133247,93378,92498,1846,94344,908
2021-09-12,Del Norte,015,27424,3339,3200,21,3221,28
2021-09-12,El Dorado,017,186661,14486,14167,1446,15613,119
2021-09-12,Fresno,019,978130,124695,122407,11077,133484,1853
2021-09-12,Glenn,021,27897,3106,3016,884,3900,20
2021-09-12,Humboldt,023,135768,7819,7636,362,7998,52
2021-09-12,Imperial,025,180216,31056,30790,2912,33702,751
2021-09-12,Inyo,027,18085,1633,1596,30,1626,39
2021-09-12,Kern,029,883053,114939,112602,17215,129817,1424
2021-09-12,Kings,031,150075,28412,27764,1552,29316,274
2021-09-12,Lake,033,64148,5941,5781,113,5894,82
2021-09-12,Lassen,035,31185,6100,5943,236,6179,25
2021-09-12,Los Angeles,037,10098052,1383365,1365968,50768,1416736,25630
2021-09-12,Madera,039,155013,20200,19691,1562,21253,252
2021-09-12,Marin,041,260295,16706,16526,373,16899,242
2021-09-12,Mariposa,043,17540,868,811,29,840,5
2021-09-12,Mendocino,045,87422,6515,6283,276,6559,61
2021-09-12,Merced,047,269075,37599,37172,1445,38617,521
2021-09-12,Modoc,049,8938,462,451,159,610,5
2021-09-12,Mono,051,14174,1480,1431,17,1448,3
2021-09-12,Monterey,053,433212,46925,46167,2466,48633,558
2021-09-12,Napa,055,140530,12148,12011,79,12090,91
2021-09-12,Nevada,057,99092,8149,7987,262,8249,83
2021-09-12,Orange,059,3164182,294159,290718,13701,304419,5312
2021-09-12,Placer,061,380077,33214,32520,3048,35568,343
2021-09-12,Plumas,063,18699,1197,1138,22,1160,5
2021-09-12,Riverside,065,2383286,342902,337332,15545,352877,4731
2021-09-12,Sacramento,067,1510023,145078,144030,3471,147501,1959
2021-09-12,San Benito,069,59416,6885,6852,137,6989,64
2021-09-12,San Bernardino,071,2135413,336508,333049,10372,343421,5439
2021-09-12,San Diego,073,3302833,348814,345058,20516,365574,3942
2021-09-12,San Francisco,075,870044,49413,48819,2065,50884,603
2021-09-12,San Joaquin,077,732212,91997,90730,4775,95505,1581
2021-09-12,San Luis Obispo,079,281455,27215,26729,1035,27764,299
2021-09-12,San Mateo,081,765935,51269,50432,747,51179,564
2021-09-12,Santa Barbara,083,443738,41312,40600,1417,42017,494
2021-09-12,Santa Clara,085,1922200,139340,137899,1056,138955,1820
2021-09-12,Santa Cruz,087,273765,19131,18892,951,19843,210
2021-09-12,Shasta,089,179085,17600,16957,2772,19729,243
2021-09-12,Sierra,091,2930,129,123,13,136,0
2021-09-12,Siskiyou,093,43540,2899,2730,952,3682,35
2021-09-12,Solano,095,438530,43329,42409,1091,43500,306
2021-09-12,Sonoma,097,501317,38804,38456,463,38919,368
2021-09-12,Stanislaus,099,539301,70677,70184,7874,78058,1091
2021-09-12,Sutter,101,95872,12714,12589,211,12800,145
2021-09-12,Tehama,103,63373,6967,6732,1103,7835,79
2021-09-12,Trinity,105,12862,693,529,180,709,7
2021-09-12,Tulare,107,460477,60191,58582,12040,70622,887
2021-09-12,Tuolumne,109,53932,6003,5888,69,5957,89
2021-09-12,Ventura,111,848112,93546,92496,4020,96516,1107
2021-09-12,Yolo,113,214977,18235,17943,814,18757,239
2021-09-12,Yuba,115,75493,8982,8842,198,9040,61
2021-09-11,Alameda,001,1643700,112862,111715,2519,114234,1309
2021-09-11,Alpine,003,1148,98,98,0,98,0
2021-09-11,Amador,005,37829,4835,4728,46,4774,56
2021-09-11,Butte,007,227075,17892,17218,3102,20320,221
2021-09-11,Calaveras,009,45235,3311,3208,22,3230,65
2021-09-11,Colusa,011,21464,2377,2338,515,2853,16
2021-09-11,Contra Costa,013,1133247,93259,92269,1842,94111,908
2021-09-11,Del Norte,015,27424,3323,3184,21,3205,28
2021-09-11,El Dorado,017,186661,14467,14117,1439,15556,119
2021-09-11,Fresno,019,978130,124516,122224,11052,133276,1853
2021-09-11,Glenn,021,27897,3096,3007,881,3888,20
2021-09-11,Humboldt,023,135768,7797,7615,359,7974,52
2021-09-11,Imperial,025,180216,31031,30760,2909,33669,751
2021-09-11,Inyo,027,18085,1630,1590,30,1620,39
2021-09-11,Kern,029,883053,114689,112205,17101,129306,1424
2021-09-11,Kings,031,150075,28363,27631,1546,29177,275
2021-09-11,Lake,033,64148,5920,5761,113,5874,82
2021-09-11,Lassen,035,31185,6085,5930,232,6162,25
2021-09-11,Los Angeles,037,10098052,1382394,1365831,50704,1416535,25630
2021-09-11,Madera,039,155013,20147,19648,1557,21205,252
2021-09-11,Marin,041,260295,16678,16496,372,16868,242
2021-09-11,Mariposa,043,17540,863,799,29,828,5
2021-09-11,Mendocino,045,87422,6491,6257,276,6533,61
2021-09-11,Merced,047,269075,37545,37042,1442,38484,521
2021-09-11,Modoc,049,8938,462,449,159,608,5
2021-09-11,Mono,051,14174,1474,1431,17,1448,3
2021-09-11,Monterey,053,433212,46888,46140,2463,48603,558
2021-09-11,Napa,055,140530,12125,11991,79,12070,91
2021-09-11,Nevada,057,99092,8134,7967,262,8229,83
2021-09-11,Orange,059,3164182,293857,290429,13685,304114,5306
2021-09-11,Placer,061,380077,33131,32414,3037,35451,344
2021-09-11,Plumas,063,18699,1190,1112,22,1134,5
2021-09-11,Riverside,065,2383286,342464,336585,15532,352117,4731
2021-09-11,Sacramento,067,1510023,144777,143557,3459,147016,1955
2021-09-11,San Benito,069,59416,6872,6844,137,6981,64
2021-09-11,San Bernardino,071,2135413,336165,332512,10358,342870,5430
2021-09-11,San Diego,073,3302833,348330,344355,20492,364847,3942
2021-09-11,San Francisco,075,870044,49358,48660,2060,50720,603
2021-09-11,San Joaquin,077,732212,91854,90482,4768,95250,1581
2021-09-11,San Luis Obispo,079,281455,27169,26651,1034,27685,299
2021-09-11,San Mateo,081,765935,51197,50341,746,51087,564
2021-09-11,Santa Barbara,083,443738,41239,40451,1417,41868,494
2021-09-11,Santa Clara,085,1922200,139188,137659,1053,138712,1820
2021-09-11,Santa Cruz,087,273765,19102,18865,951,19816,210
2021-09-11,Shasta,089,179085,17506,16877,2752,19629,243
2021-09-11,Sierra,091,2930,129,123,13,136,0
2021-09-11,Siskiyou,093,43540,2882,2717,949,3666,35
2021-09-11,Solano,095,438530,43278,42344,1088,43432,306
2021-09-11,Sonoma,097,501317,38757,38399,461,38860,368
2021-09-11,Stanislaus,099,539301,70552,69974,7861,77835,1091
2021-09-11,Sutter,101,95872,12688,12538,208,12746,145
2021-09-11,Tehama,103,63373,6946,6703,1095,7798,79
2021-09-11,Trinity,105,12862,686,526,180,706,7
2021-09-11,Tulare,107,460477,60079,58321,11994,70315,889
2021-09-11,Tuolumne,109,53932,5984,5879,66,5945,89
2021-09-11,Ventura,111,848112,93464,92328,4015,96343,1107
2021-09-11,Yolo,113,214977,18211,17906,810,18716,239
2021-09-11,Yuba,115,75493,8957,8813,198,9011,61
2021-09-10,Alameda,001,1643700,112671,111386,2518,113904,1306
2021-09-10,Alpine,003,1148,97,97,0,97,0
2021-09-10,Amador,005,37829,4823,4706,46,4752,56
2021-09-10,Butte,007,227075,17817,17051,3084,20135,222
2021-09-10,Calaveras,009,45235,3303,3183,22,3205,65
2021-09-10,Colusa,011,21464,2373,2327,512,2839,16
2021-09-10,Contra Costa,013,1133247,93136,92024,1840,93864,908
2021-09-10,Del Norte,015,27424,3308,3128,20,3148,28
2021-09-10,El Dorado,017,186661,14437,14051,1435,15486,119
2021-09-10,Fresno,019,978130,124193,121659,11023,132682,1846
2021-09-10,Glenn,021,27897,3089,2977,880,3857,20
2021-09-10,Humboldt,023,135768,7765,7543,355,7898,52
2021-09-10,Imperial,025,180216,31008,30716,2907,33623,751
2021-09-10,Inyo,027,18085,1626,1590,30,1620,39
2021-09-10,Kern,029,883053,114435,111832,16985,128817,1419
2021-09-10,Kings,031,150075,28289,27473,1539,29012,274
2021-09-10,Lake,033,64148,5904,5713,111,5824,79
2021-09-10,Lassen,035,31185,6077,5914,229,6143,25
2021-09-10,Los Angeles,037,10098052,1381191,1365709,50638,1416347,25630
2021-09-10,Madera,039,155013,20101,19520,1550,21070,252
2021-09-10,Marin,041,260295,16658,16458,369,16827,242
2021-09-10,Mariposa,043,17540,858,795,29,824,5
2021-09-10,Mendocino,045,87422,6459,6184,275,6459,61
2021-09-10,Merced,047,269075,37493,36884,1441,38325,521
2021-09-10,Modoc,049,8938,462,448,159,607,5
2021-09-10,Mono,051,14174,1469,1422,17,1439,3
2021-09-10,Monterey,053,433212,46844,46084,2461,48545,557
2021-09-10,Napa,055,140530,12100,11948,79,12027,90
2021-09-10,Nevada,057,99092,8116,7932,261,8193,83
2021-09-10,Orange,059,3164182,293549,290022,13675,303697,5302
2021-09-10,Placer,061,380077,33029,32264,3024,35288,343
2021-09-10,Plumas,063,18699,1182,1111,22,1133,5
2021-09-10,Riverside,065,2383286,341991,335988,15525,351513,4720
2021-09-10,Sacramento,067,1510023,144434,143244,3451,146695,1950
2021-09-10,San Benito,069,59416,6868,6824,137,6961,64
2021-09-10,San Bernardino,071,2135413,335746,331894,10349,342243,5422
2021-09-10,San Diego,073,3302833,347783,343173,20455,363628,3941
2021-09-10,San Francisco,075,870044,49279,48518,2053,50571,602
2021-09-10,San Joaquin,077,732212,91674,90208,4762,94970,1573
2021-09-10,San Luis Obispo,079,281455,27136,26526,1032,27558,299
2021-09-10,San Mateo,081,765935,51130,50251,745,50996,564
2021-09-10,Santa Barbara,083,443738,41186,40321,1414,41735,492
2021-09-10,Santa Clara,085,1922200,139004,137337,1052,138389,1817
2021-09-10,Santa Cruz,087,273765,19083,18785,950,19735,210
2021-09-10,Shasta,089,179085,17412,16667,2724,19391,242
2021-09-10,Sierra,091,2930,129,117,13,130,0
2021-09-10,Siskiyou,093,43540,2870,2702,945,3647,35
2021-09-10,Solano,095,438530,43204,42230,1081,43311,305
2021-09-10,Sonoma,097,501317,38699,38271,460,38731,368
2021-09-10,Stanislaus,099,539301,70396,69617,7837,77454,1091
2021-09-10,Sutter,101,95872,12654,12468,208,12676,145
2021-09-10,Tehama,103,63373,6913,6652,1089,7741,77
2021-09-10,Trinity,105,12862,682,524,180,704,7
2021-09-10,Tulare,107,460477,59931,57930,11947,69877,883
2021-09-10,Tuolumne,109,53932,5965,5842,66,5908,89
2021-09-10,Ventura,111,848112,93367,92145,4011,96156,1104
2021-09-10,Yolo,113,214977,18186,17825,805,18630,239
2021-09-10,Yuba,115,75493,8938,8760,197,8957,62
2021-09-09,Alameda,001,1643700,112453,111014,2514,113528,1306
2021-09-09,Alpine,003,1148,97,94,0,94,0
2021-09-09,Amador,005,37829,4802,4698,45,4743,56
2021-09-09,Butte,007,227075,17670,16874,3057,19931,221
2021-09-09,Calaveras,009,45235,3269,3165,22,3187,65
2021-09-09,Colusa,011,21464,2366,2321,511,2832,16
2021-09-09,Contra Costa,013,1133247,92926,91687,1835,93522,904
2021-09-09,Del Norte,015,27424,3285,3102,20,3122,28
2021-09-09,El Dorado,017,186661,14380,13970,1425,15395,119
2021-09-09,Fresno,019,978130,123717,121040,10977,132017,1838
2021-09-09,Glenn,021,27897,3077,2947,876,3823,20
2021-09-09,Humboldt,023,135768,7715,7471,349,7820,52
2021-09-09,Imperial,025,180216,30970,30661,2904,33565,751
2021-09-09,Inyo,027,18085,1619,1586,30,1616,39
2021-09-09,Kern,029,883053,114088,111390,16829,128219,1414
2021-09-09,Kings,031,150075,28188,27282,1528,28810,273
2021-09-09,Lake,033,64148,5880,5638,109,5747,79
2021-09-09,Lassen,035,31185,6027,5860,223,6083,25
2021-09-09,Los Angeles,037,10098052,1379324,1363735,50564,1414299,25583
2021-09-09,Madera,039,155013,20028,19401,1537,20938,252
2021-09-09,Marin,041,260295,16635,16416,366,16782,242
2021-09-09,Mariposa,043,17540,845,779,28,807,5
2021-09-09,Mendocino,045,87422,6425,6089,266,6355,61
2021-09-09,Merced,047,269075,37339,36634,1428,38062,516
2021-09-09,Modoc,049,8938,462,448,159,607,5
2021-09-09,Mono,051,14174,1459,1420,17,1437,3
2021-09-09,Monterey,053,433212,46790,45991,2450,48441,556
2021-09-09,Napa,055,140530,12068,11878,79,11957,90
2021-09-09,Nevada,057,99092,8078,7855,261,8116,82
2021-09-09,Orange,059,3164182,293140,289109,13644,302753,5299
2021-09-09,Placer,061,380077,32911,32048,3009,35057,342
2021-09-09,Plumas,063,18699,1171,1098,22,1120,5
2021-09-09,Riverside,065,2383286,341352,334774,15507,350281,4701
2021-09-09,Sacramento,067,1510023,143954,142728,3406,146134,1929
2021-09-09,San Benito,069,59416,6858,6820,136,6956,64
2021-09-09,San Bernardino,071,2135413,335177,331040,10336,341376,5417
2021-09-09,San Diego,073,3302833,347069,342149,20398,362547,3929
2021-09-09,San Francisco,075,870044,49165,48404,2044,50448,597
2021-09-09,San Joaquin,077,732212,91401,89874,4744,94618,1570
2021-09-09,San Luis Obispo,079,281455,27054,26472,1029,27501,296
2021-09-09,San Mateo,081,765935,51009,50143,742,50885,561
2021-09-09,Santa Barbara,083,443738,41080,40180,1410,41590,490
2021-09-09,Santa Clara,085,1922200,138781,137017,1047,138064,1816
2021-09-09,Santa Cruz,087,273765,19037,18728,950,19678,210
2021-09-09,Shasta,089,179085,17266,16401,2683,19084,238
2021-09-09,Sierra,091,2930,129,115,13,128,0
2021-09-09,Siskiyou,093,43540,2847,2683,931,3614,35
2021-09-09,Solano,095,438530,43088,42081,1077,43158,303
2021-09-09,Sonoma,097,501317,38631,38171,459,38630,360
2021-09-09,Stanislaus,099,539301,70117,69178,7805,76983,1074
2021-09-09,Sutter,101,95872,12599,12396,206,12602,144
2021-09-09,Tehama,103,63373,6859,6554,1084,7638,75
2021-09-09,Trinity,105,12862,676,523,178,701,6
2021-09-09,Tulare,107,460477,59689,57564,11888,69452,879
2021-09-09,Tuolumne,109,53932,5937,5802,65,5867,89
2021-09-09,Ventura,111,848112,93222,91610,4002,95612,1098
2021-09-09,Yolo,113,214977,18128,17724,802,18526,239
2021-09-09,Yuba,115,75493,8893,8707,194,8901,55
2021-09-08,Alameda,001,1643700,112206,110781,2511,113292,1305
2021-09-08,Alpine,003,1148,97,94,0,94,0
2021-09-08,Amador,005,37829,4790,4693,45,4738,56
2021-09-08,Butte,007,227075,17535,16775,3038,19813,220
2021-09-08,Calaveras,009,45235,3251,3157,22,3179,63
2021-09-08,Colusa,011,21464,2364,2308,511,2819,16
2021-09-08,Contra Costa,013,1133247,92646,91471,1830,93301,900
2021-09-08,Del Norte,015,27424,3262,3085,20,3105,25
2021-09-08,El Dorado,017,186661,14300,13928,1405,15333,119
2021-09-08,Fresno,019,978130,123219,120644,10914,131558,1831
2021-09-08,Glenn,021,27897,3062,2942,867,3809,20
2021-09-08,Humboldt,023,135768,7671,7438,341,7779,52
2021-09-08,Imperial,025,180216,30937,30609,2891,33500,751
2021-09-08,Inyo,027,18085,1608,1580,30,1610,39
2021-09-08,Kern,029,883053,113690,110933,16691,127624,1409
2021-09-08,Kings,031,150075,28059,27235,1514,28749,267
2021-09-08,Lake,033,64148,5849,5618,107,5725,79
2021-09-08,Lassen,035,31185,6009,5848,216,6064,25
2021-09-08,Los Angeles,037,10098052,1377257,1362029,50475,1412504,25533
2021-09-08,Madera,039,155013,19968,19352,1524,20876,252
2021-09-08,Marin,041,260295,16607,16386,365,16751,242
2021-09-08,Mariposa,043,17540,833,777,27,804,5
2021-09-08,Mendocino,045,87422,6381,6069,257,6326,61
2021-09-08,Merced,047,269075,37178,36500,1416,37916,516
2021-09-08,Modoc,049,8938,462,448,159,607,5
2021-09-08,Mono,051,14174,1453,1418,17,1435,3
2021-09-08,Monterey,053,433212,46741,45959,2444,48403,554
2021-09-08,Napa,055,140530,12033,11842,77,11919,90
2021-09-08,Nevada,057,99092,8043,7843,260,8103,82
2021-09-08,Orange,059,3164182,292731,288511,13621,302132,5290
2021-09-08,Placer,061,380077,32774,31852,2992,34844,337
2021-09-08,Plumas,063,18699,1164,1072,22,1094,5
2021-09-08,Riverside,065,2383286,340593,334037,15482,349519,4683
2021-09-08,Sacramento,067,1510023,143475,142448,3358,145806,1921
2021-09-08,San Benito,069,59416,6840,6800,136,6936,64
2021-09-08,San Bernardino,071,2135413,334574,330279,10319,340598,5411
2021-09-08,San Diego,073,3302833,346152,341437,20347,361784,3926
2021-09-08,San Francisco,075,870044,49027,48263,2040,50303,589
2021-09-08,San Joaquin,077,732212,91121,89631,4720,94351,1561
2021-09-08,San Luis Obispo,079,281455,26960,26303,1024,27327,294
2021-09-08,San Mateo,081,765935,50904,50051,742,50793,561
2021-09-08,Santa Barbara,083,443738,40968,40000,1406,41406,490
2021-09-08,Santa Clara,085,1922200,138548,136836,1043,137879,1810
2021-09-08,Santa Cruz,087,273765,19000,18699,950,19649,210
2021-09-08,Shasta,089,179085,17111,16227,2636,18863,234
2021-09-08,Sierra,091,2930,129,113,13,126,0
2021-09-08,Siskiyou,093,43540,2814,2643,920,3563,35
2021-09-08,Solano,095,438530,42996,41971,1074,43045,302
2021-09-08,Sonoma,097,501317,38547,38075,458,38533,360
2021-09-08,Stanislaus,099,539301,69886,68945,7766,76711,1074
2021-09-08,Sutter,101,95872,12534,12349,203,12552,144
2021-09-08,Tehama,103,63373,6792,6520,1067,7587,75
2021-09-08,Trinity,105,12862,673,520,174,694,6
2021-09-08,Tulare,107,460477,59365,57425,11833,69258,876
2021-09-08,Tuolumne,109,53932,5905,5783,63,5846,89
2021-09-08,Ventura,111,848112,93070,91345,3984,95329,1096
2021-09-08,Yolo,113,214977,18047,17680,797,18477,239
2021-09-08,Yuba,115,75493,8851,8675,192,8867,55
2021-09-07,Alameda,001,1643700,111906,110550,2504,113054,1301
2021-09-07,Alpine,003,1148,96,94,0,94,0
2021-09-07,Amador,005,37829,4763,4679,45,4724,53
2021-09-07,Butte,007,227075,17379,16723,3001,19724,220
2021-09-07,Calaveras,009,45235,3210,3140,20,3160,63
2021-09-07,Colusa,011,21464,2354,2306,509,2815,16
2021-09-07,Contra Costa,013,1133247,92382,91167,1824,92991,891
2021-09-07,Del Norte,015,27424,3248,3081,20,3101,24
2021-09-07,El Dorado,017,186661,14228,13892,1390,15282,119
2021-09-07,Fresno,019,978130,122661,120268,10821,131089,1828
2021-09-07,Glenn,021,27897,3050,2937,861,3798,20
2021-09-07,Humboldt,023,135768,7611,7397,324,7721,52
2021-09-07,Imperial,025,180216,30897,30584,2883,33467,751
2021-09-07,Inyo,027,18085,1602,1579,29,1608,39
2021-09-07,Kern,029,883053,113258,110674,16533,127207,1408
2021-09-07,Kings,031,150075,27935,27169,1496,28665,267
2021-09-07,Lake,033,64148,5806,5597,99,5696,78
2021-09-07,Lassen,035,31185,5991,5842,210,6052,21
2021-09-07,Los Angeles,037,10098052,1375027,1360407,50383,1410790,25486
2021-09-07,Madera,039,155013,19881,19316,1516,20832,249
2021-09-07,Marin,041,260295,16568,16363,365,16728,242
2021-09-07,Mariposa,043,17540,817,771,27,798,5
2021-09-07,Mendocino,045,87422,6321,6036,247,6283,61
2021-09-07,Merced,047,269075,37004,36400,1410,37810,513
2021-09-07,Modoc,049,8938,460,449,159,608,5
2021-09-07,Mono,051,14174,1444,1416,17,1433,3
2021-09-07,Monterey,053,433212,46658,45911,2432,48343,543
2021-09-07,Napa,055,140530,11992,11814,77,11891,90
2021-09-07,Nevada,057,99092,8016,7829,260,8089,82
2021-09-07,Orange,059,3164182,292302,288225,13590,301815,5274
2021-09-07,Placer,061,380077,32621,31710,2964,34674,337
2021-09-07,Plumas,063,18699,1149,1071,22,1093,5
2021-09-07,Riverside,065,2383286,339806,333390,15463,348853,4666
2021-09-07,Sacramento,067,1510023,142937,142364,3313,145677,1905
2021-09-07,San Benito,069,59416,6822,6786,136,6922,64
2021-09-07,San Bernardino,071,2135413,333827,329962,10294,340256,5407
2021-09-07,San Diego,073,3302833,345154,340709,20281,360990,3922
2021-09-07,San Francisco,075,870044,48887,48175,2035,50210,589
2021-09-07,San Joaquin,077,732212,90785,89468,4706,94174,1548
2021-09-07,San Luis Obispo,079,281455,26843,26253,1015,27268,287
2021-09-07,San Mateo,081,765935,50809,49913,741,50654,561
2021-09-07,Santa Barbara,083,443738,40842,39957,1401,41358,489
2021-09-07,Santa Clara,085,1922200,138260,136631,1038,137669,1807
2021-09-07,Santa Cruz,087,273765,18951,18669,948,19617,210
2021-09-07,Shasta,089,179085,16955,16096,2584,18680,226
2021-09-07,Sierra,091,2930,129,111,13,124,0
2021-09-07,Siskiyou,093,43540,2788,2607,903,3510,34
2021-09-07,Solano,095,438530,42866,41862,1070,42932,300
2021-09-07,Sonoma,097,501317,38463,38013,456,38469,358
2021-09-07,Stanislaus,099,539301,69615,68831,7739,76570,1074
2021-09-07,Sutter,101,95872,12460,12310,197,12507,138
2021-09-07,Tehama,103,63373,6740,6482,1047,7529,74
2021-09-07,Trinity,105,12862,667,517,174,691,6
2021-09-07,Tulare,107,460477,59015,57228,11755,68983,874
2021-09-07,Tuolumne,109,53932,5868,5759,63,5822,88
2021-09-07,Ventura,111,848112,92859,91246,3974,95220,1093
2021-09-07,Yolo,113,214977,17978,17653,792,18445,235
2021-09-07,Yuba,115,75493,8808,8642,187,8829,55
2021-09-06,Alameda,001,1643700,111595,110357,2496,112853,1301
2021-09-06,Alpine,003,1148,94,94,0,94,0
2021-09-06,Amador,005,37829,4747,4648,44,4692,53
2021-09-06,Butte,007,227075,17187,16588,2958,19546,218
2021-09-06,Calaveras,009,45235,3188,3122,20,3142,63
2021-09-06,Colusa,011,21464,2347,2306,505,2811,16
2021-09-06,Contra Costa,013,1133247,92086,90971,1814,92785,891
2021-09-06,Del Norte,015,27424,3207,3037,19,3056,24
2021-09-06,El Dorado,017,186661,14159,13848,1374,15222,119
2021-09-06,Fresno,019,978130,122089,119738,10746,130484,1828
2021-09-06,Glenn,021,27897,3021,2912,853,3765,20
2021-09-06,Humboldt,023,135768,7535,7320,306,7626,52
2021-09-06,Imperial,025,180216,30834,30576,2877,33453,751
2021-09-06,Inyo,027,18085,1593,1578,17,1595,39
2021-09-06,Kern,029,883053,112744,110347,16345,126692,1408
2021-09-06,Kings,031,150075,27792,27094,1481,28575,264
2021-09-06,Lake,033,64148,5742,5548,92,5640,78
2021-09-06,Lassen,035,31185,5965,5822,200,6022,21
2021-09-06,Los Angeles,037,10098052,1372652,1359348,50268,1409616,25477
2021-09-06,Madera,039,155013,19778,19191,1493,20684,249
2021-09-06,Marin,041,260295,16528,16356,365,16721,242
2021-09-06,Mariposa,043,17540,805,764,27,791,5
2021-09-06,Mendocino,045,87422,6251,5984,234,6218,61
2021-09-06,Merced,047,269075,36790,36300,1396,37696,513
2021-09-06,Modoc,049,8938,457,449,159,608,5
2021-09-06,Mono,051,14174,1440,1416,17,1433,3
2021-09-06,Monterey,053,433212,46564,45833,2416,48249,541
2021-09-06,Napa,055,140530,11949,11792,76,11868,90
2021-09-06,Nevada,057,99092,7968,7748,258,8006,82
2021-09-06,Orange,059,3164182,291808,287948,13539,301487,5274
2021-09-06,Placer,061,380077,32444,31595,2926,34521,337
2021-09-06,Plumas,063,18699,1128,1068,19,1087,5
2021-09-06,Riverside,065,2383286,338990,333052,15443,348495,4666
2021-09-06,Sacramento,067,1510023,142302,141730,3245,144975,1905
2021-09-06,San Benito,069,59416,6799,6777,133,6910,64
2021-09-06,San Bernardino,071,2135413,332943,329693,10264,339957,5398
2021-09-06,San Diego,073,3302833,344155,340222,20184,360406,3922
2021-09-06,San Francisco,075,870044,48752,48120,2030,50150,589
2021-09-06,San Joaquin,077,732212,90441,89293,4680,93973,1548
2021-09-06,San Luis Obispo,079,281455,26714,26183,1011,27194,286
2021-09-06,San Mateo,081,765935,50679,49859,739,50598,561
2021-09-06,Santa Barbara,083,443738,40711,39876,1392,41268,489
2021-09-06,Santa Clara,085,1922200,137968,136458,1036,137494,1807
2021-09-06,Santa Cruz,087,273765,18902,18615,945,19560,210
2021-09-06,Shasta,089,179085,16774,15985,2530,18515,226
2021-09-06,Sierra,091,2930,129,109,13,122,0
2021-09-06,Siskiyou,093,43540,2744,2595,869,3464,34
2021-09-06,Solano,095,438530,42718,41774,1064,42838,300
2021-09-06,Sonoma,097,501317,38342,37929,455,38384,358
2021-09-06,Stanislaus,099,539301,69273,68596,7695,76291,1074
2021-09-06,Sutter,101,95872,12398,12238,188,12426,138
2021-09-06,Tehama,103,63373,6678,6413,1020,7433,74
2021-09-06,Trinity,105,12862,664,515,172,687,6
2021-09-06,Tulare,107,460477,58656,57068,11675,68743,874
2021-09-06,Tuolumne,109,53932,5832,5697,63,5760,88
2021-09-06,Ventura,111,848112,92682,91132,3962,95094,1093
2021-09-06,Yolo,113,214977,17892,17576,787,18363,235
2021-09-06,Yuba,115,75493,8758,8584,183,8767,55
2021-09-05,Alameda,001,1643700,111402,110173,2493,112666,1301
2021-09-05,Alpine,003,1148,94,94,0,94,0
2021-09-05,Amador,005,37829,4735,4642,44,4686,53
2021-09-05,Butte,007,227075,17097,16504,2930,19434,218
2021-09-05,Calaveras,009,45235,3182,3106,20,3126,63
2021-09-05,Colusa,011,21464,2339,2305,503,2808,16
2021-09-05,Contra Costa,013,1133247,91901,90862,1809,92671,891
2021-09-05,Del Norte,015,27424,3187,3023,19,3042,24
2021-09-05,El Dorado,017,186661,14130,13827,1361,15188,119
2021-09-05,Fresno,019,978130,121790,119384,10705,130089,1828
2021-09-05,Glenn,021,27897,3007,2899,851,3750,20
2021-09-05,Humboldt,023,135768,7502,7312,303,7615,52
2021-09-05,Imperial,025,180216,30805,30548,2875,33423,751
2021-09-05,Inyo,027,18085,1590,1572,17,1589,39
2021-09-05,Kern,029,883053,112444,110073,16186,126259,1408
2021-09-05,Kings,031,150075,27715,26989,1477,28466,264
2021-09-05,Lake,033,64148,5722,5525,92,5617,78
2021-09-05,Lassen,035,31185,5943,5820,196,6016,21
2021-09-05,Los Angeles,037,10098052,1371357,1357748,50199,1407947,25465
2021-09-05,Madera,039,155013,19737,19155,1482,20637,249
2021-09-05,Marin,041,260295,16509,16342,364,16706,242
2021-09-05,Mariposa,043,17540,801,761,27,788,5
2021-09-05,Mendocino,045,87422,6217,5965,234,6199,61
2021-09-05,Merced,047,269075,36715,36243,1394,37637,513
2021-09-05,Modoc,049,8938,457,447,159,606,5
2021-09-05,Mono,051,14174,1440,1416,17,1433,3
2021-09-05,Monterey,053,433212,46536,45795,2407,48202,540
2021-09-05,Napa,055,140530,11924,11770,76,11846,90
2021-09-05,Nevada,057,99092,7946,7722,257,7979,82
2021-09-05,Orange,059,3164182,291520,287614,13522,301136,5274
2021-09-05,Placer,061,380077,32316,31487,2912,34399,337
2021-09-05,Plumas,063,18699,1121,1067,19,1086,5
2021-09-05,Riverside,065,2383286,338535,332604,15431,348035,4654
2021-09-05,Sacramento,067,1510023,141865,141276,3228,144504,1905
2021-09-05,San Benito,069,59416,6798,6764,133,6897,64
2021-09-05,San Bernardino,071,2135413,332559,329062,10249,339311,5392
2021-09-05,San Diego,073,3302833,343603,339427,20143,359570,3914
2021-09-05,San Francisco,075,870044,48674,48035,2026,50061,589
2021-09-05,San Joaquin,077,732212,90275,89121,4663,93784,1548
2021-09-05,San Luis Obispo,079,281455,26664,26098,1010,27108,285
2021-09-05,San Mateo,081,765935,50611,49809,735,50544,561
2021-09-05,Santa Barbara,083,443738,40644,39762,1390,41152,489
2021-09-05,Santa Clara,085,1922200,137758,136146,1034,137180,1807
2021-09-05,Santa Cruz,087,273765,18882,18588,943,19531,210
2021-09-05,Shasta,089,179085,16691,15960,2504,18464,226
2021-09-05,Sierra,091,2930,128,109,13,122,0
2021-09-05,Siskiyou,093,43540,2727,2585,855,3440,34
2021-09-05,Solano,095,438530,42623,41687,1059,42746,300
2021-09-05,Sonoma,097,501317,38257,37881,454,38335,358
2021-09-05,Stanislaus,099,539301,69134,68434,7671,76105,1074
2021-09-05,Sutter,101,95872,12368,12179,182,12361,138
2021-09-05,Tehama,103,63373,6651,6400,1014,7414,74
2021-09-05,Trinity,105,12862,658,505,171,676,6
2021-09-05,Tulare,107,460477,58486,56915,11631,68546,874
2021-09-05,Tuolumne,109,53932,5820,5688,63,5751,88
2021-09-05,Ventura,111,848112,92546,91004,3958,94962,1093
2021-09-05,Yolo,113,214977,17855,17557,782,18339,235
2021-09-05,Yuba,115,75493,8731,8521,181,8702,55
2021-09-04,Alameda,001,1643700,111279,109944,2486,112430,1301
2021-09-04,Alpine,003,1148,94,94,0,94,0
2021-09-04,Amador,005,37829,4717,4637,43,4680,53
2021-09-04,Butte,007,227075,17039,16403,2915,19318,218
2021-09-04,Calaveras,009,45235,3170,3087,19,3106,63
2021-09-04,Colusa,011,21464,2337,2301,503,2804,16
2021-09-04,Contra Costa,013,1133247,91784,90623,1806,92429,891
2021-09-04,Del Norte,015,27424,3176,2984,19,3003,24
2021-09-04,El Dorado,017,186661,14104,13782,1353,15135,119
2021-09-04,Fresno,019,978130,121594,119033,10684,129717,1828
2021-09-04,Glenn,021,27897,2997,2878,845,3723,20
2021-09-04,Humboldt,023,135768,7471,7298,297,7595,52
2021-09-04,Imperial,025,180216,30782,30526,2873,33399,751
2021-09-04,Inyo,027,18085,1588,1571,17,1588,39
2021-09-04,Kern,029,883053,112201,109751,16056,125807,1408
2021-09-04,Kings,031,150075,27628,26896,1471,28367,263
2021-09-04,Lake,033,64148,5704,5507,92,5599,78
2021-09-04,Lassen,035,31185,5928,5814,188,6002,21
2021-09-04,Los Angeles,037,10098052,1370403,1355634,50140,1405774,25454
2021-09-04,Madera,039,155013,19704,19112,1475,20587,249
2021-09-04,Marin,041,260295,16493,16319,363,16682,242
2021-09-04,Mariposa,043,17540,796,759,27,786,5
2021-09-04,Mendocino,045,87422,6181,5933,234,6167,61
2021-09-04,Merced,047,269075,36671,36083,1389,37472,513
2021-09-04,Modoc,049,8938,457,447,159,606,5
2021-09-04,Mono,051,14174,1437,1417,17,1434,3
2021-09-04,Monterey,053,433212,46505,45756,2403,48159,540
2021-09-04,Napa,055,140530,11899,11760,74,11834,90
2021-09-04,Nevada,057,99092,7931,7691,256,7947,82
2021-09-04,Orange,059,3164182,291257,287244,13501,300745,5274
2021-09-04,Placer,061,380077,32212,31374,2895,34269,337
2021-09-04,Plumas,063,18699,1113,1067,19,1086,5
2021-09-04,Riverside,065,2383286,338065,331958,15419,347377,4654
2021-09-04,Sacramento,067,1510023,141572,140735,3220,143955,1896
2021-09-04,San Benito,069,59416,6789,6758,133,6891,64
2021-09-04,San Bernardino,071,2135413,332227,328425,10235,338660,5393
2021-09-04,San Diego,073,3302833,343168,338748,20121,358869,3914
2021-09-04,San Francisco,075,870044,48599,47937,2018,49955,589
2021-09-04,San Joaquin,077,732212,90159,88846,4655,93501,1548
2021-09-04,San Luis Obispo,079,281455,26632,26020,1010,27030,285
2021-09-04,San Mateo,081,765935,50557,49721,735,50456,560
2021-09-04,Santa Barbara,083,443738,40578,39667,1388,41055,489
2021-09-04,Santa Clara,085,1922200,137573,135845,1031,136876,1806
2021-09-04,Santa Cruz,087,273765,18864,18579,939,19518,210
2021-09-04,Shasta,089,179085,16614,15924,2478,18402,226
2021-09-04,Sierra,091,2930,126,108,13,121,0
2021-09-04,Siskiyou,093,43540,2701,2563,844,3407,34
2021-09-04,Solano,095,438530,42550,41614,1057,42671,300
2021-09-04,Sonoma,097,501317,38224,37809,454,38263,358
2021-09-04,Stanislaus,099,539301,68987,68210,7646,75856,1074
2021-09-04,Sutter,101,95872,12327,12137,181,12318,138
2021-09-04,Tehama,103,63373,6626,6367,996,7363,74
2021-09-04,Trinity,105,12862,656,497,171,668,6
2021-09-04,Tulare,107,460477,58378,56719,11588,68307,874
2021-09-04,Tuolumne,109,53932,5801,5667,61,5728,88
2021-09-04,Ventura,111,848112,92411,90904,3955,94859,1090
2021-09-04,Yolo,113,214977,17819,17522,778,18300,235
2021-09-04,Yuba,115,75493,8702,8475,180,8655,55
2021-09-03,Alameda,001,1643700,111118,109636,2483,112119,1301
2021-09-03,Alpine,003,1148,94,94,0,94,0
2021-09-03,Amador,005,37829,4695,4614,43,4657,53
2021-09-03,Butte,007,227075,16948,16259,2889,19148,215
2021-09-03,Calaveras,009,45235,3160,3069,19,3088,63
2021-09-03,Colusa,011,21464,2332,2295,502,2797,16
2021-09-03,Contra Costa,013,1133247,91632,90299,1803,92102,886
2021-09-03,Del Norte,015,27424,3148,2943,18,2961,24
2021-09-03,El Dorado,017,186661,14071,13710,1348,15058,119
2021-09-03,Fresno,019,978130,121259,118508,10662,129170,1822
2021-09-03,Glenn,021,27897,2988,2867,838,3705,20
2021-09-03,Humboldt,023,135768,7446,7194,292,7486,52
2021-09-03,Imperial,025,180216,30759,30475,2868,33343,751
2021-09-03,Inyo,027,18085,1583,1567,17,1584,39
2021-09-03,Kern,029,883053,111985,109296,15945,125241,1407
2021-09-03,Kings,031,150075,27544,26753,1468,28221,263
2021-09-03,Lake,033,64148,5684,5479,90,5569,78
2021-09-03,Lassen,035,31185,5911,5789,184,5973,21
2021-09-03,Los Angeles,037,10098052,1369072,1351185,50074,1401259,25384
2021-09-03,Madera,039,155013,19619,19021,1469,20490,247
2021-09-03,Marin,041,260295,16471,16293,362,16655,242
2021-09-03,Mariposa,043,17540,789,753,25,778,5
2021-09-03,Mendocino,045,87422,6146,5891,234,6125,61
2021-09-03,Merced,047,269075,36617,35941,1380,37321,512
2021-09-03,Modoc,049,8938,457,445,159,604,5
2021-09-03,Mono,051,14174,1436,1410,17,1427,3
2021-09-03,Monterey,053,433212,46467,45707,2399,48106,540
2021-09-03,Napa,055,140530,11878,11733,74,11807,89
2021-09-03,Nevada,057,99092,7897,7632,256,7888,82
2021-09-03,Orange,059,3164182,290940,286818,13474,300292,5253
2021-09-03,Placer,061,380077,32105,31238,2871,34109,335
2021-09-03,Plumas,063,18699,1102,1057,19,1076,5
2021-09-03,Riverside,065,2383286,337533,331011,15403,346414,4653
2021-09-03,Sacramento,067,1510023,141208,139982,3202,143184,1886
2021-09-03,San Benito,069,59416,6783,6746,133,6879,64
2021-09-03,San Bernardino,071,2135413,331811,327599,10224,337823,5381
2021-09-03,San Diego,073,3302833,342548,337627,20088,357715,3911
2021-09-03,San Francisco,075,870044,48523,47822,2012,49834,589
2021-09-03,San Joaquin,077,732212,90006,88366,4647,93013,1540
2021-09-03,San Luis Obispo,079,281455,26556,25917,1008,26925,283
2021-09-03,San Mateo,081,765935,50462,49617,733,50350,560
2021-09-03,Santa Barbara,083,443738,40511,39507,1385,40892,489
2021-09-03,Santa Clara,085,1922200,137371,135522,1027,136549,1801
2021-09-03,Santa Cruz,087,273765,18839,18532,939,19471,210
2021-09-03,Shasta,089,179085,16539,15778,2454,18232,226
2021-09-03,Sierra,091,2930,124,105,13,118,0
2021-09-03,Siskiyou,093,43540,2689,2529,831,3360,34
2021-09-03,Solano,095,438530,42454,41457,1054,42511,300
2021-09-03,Sonoma,097,501317,38161,37699,454,38153,358
2021-09-03,Stanislaus,099,539301,68812,67887,7620,75507,1074
2021-09-03,Sutter,101,95872,12288,12073,180,12253,139
2021-09-03,Tehama,103,63373,6587,6334,989,7323,72
2021-09-03,Trinity,105,12862,654,490,167,657,6
2021-09-03,Tulare,107,460477,58252,56401,11536,67937,872
2021-09-03,Tuolumne,109,53932,5759,5630,61,5691,88
2021-09-03,Ventura,111,848112,92277,90742,3951,94693,1088
2021-09-03,Yolo,113,214977,17796,17446,773,18219,235
2021-09-03,Yuba,115,75493,8671,8412,180,8592,55
2021-09-02,Alameda,001,1643700,110858,109377,2480,111857,1301
2021-09-02,Alpine,003,1148,93,92,0,92,0
2021-09-02,Amador,005,37829,4679,4606,43,4649,53
2021-09-02,Butte,007,227075,16821,16154,2871,19025,215
2021-09-02,Calaveras,009,45235,3147,3042,19,3061,62
2021-09-02,Colusa,011,21464,2328,2290,502,2792,16
2021-09-02,Contra Costa,013,1133247,91450,90038,1792,91830,886
2021-09-02,Del Norte,015,27424,3117,2891,18,2909,24
2021-09-02,El Dorado,017,186661,14012,13641,1323,14964,119
2021-09-02,Fresno,019,978130,120771,117974,10608,128582,1804
2021-09-02,Glenn,021,27897,2972,2855,832,3687,20
2021-09-02,Humboldt,023,135768,7399,7141,281,7422,52
2021-09-02,Imperial,025,180216,30715,30449,2863,33312,751
2021-09-02,Inyo,027,18085,1578,1564,16,1580,39
2021-09-02,Kern,029,883053,111573,108930,15801,124731,1404
2021-09-02,Kings,031,150075,27451,26638,1458,28096,263
2021-09-02,Lake,033,64148,5654,5432,86,5518,78
2021-09-02,Lassen,035,31185,5897,5747,177,5924,21
2021-09-02,Los Angeles,037,10098052,1367216,1351105,49981,1401086,25382
2021-09-02,Madera,039,155013,19528,18937,1451,20388,247
2021-09-02,Marin,041,260295,16458,16244,360,16604,242
2021-09-02,Mariposa,043,17540,782,745,22,767,5
2021-09-02,Mendocino,045,87422,6104,5848,231,6079,61
2021-09-02,Merced,047,269075,36454,35820,1373,37193,508
2021-09-02,Modoc,049,8938,457,437,159,596,5
2021-09-02,Mono,051,14174,1436,1409,17,1426,3
2021-09-02,Monterey,053,433212,46401,45648,2384,48032,539
2021-09-02,Napa,055,140530,11849,11684,74,11758,88
2021-09-02,Nevada,057,99092,7845,7575,255,7830,82
2021-09-02,Orange,059,3164182,290480,286326,13440,299766,5240
2021-09-02,Placer,061,380077,31968,31067,2842,33909,330
2021-09-02,Plumas,063,18699,1091,1045,18,1063,5
2021-09-02,Riverside,065,2383286,336818,330190,15379,345569,4644
2021-09-02,Sacramento,067,1510023,140627,139274,3163,142437,1882
2021-09-02,San Benito,069,59416,6778,6734,132,6866,64
2021-09-02,San Bernardino,071,2135413,331205,326940,10151,337091,5369
2021-09-02,San Diego,073,3302833,341590,336382,20035,356417,3909
2021-09-02,San Francisco,075,870044,48415,47674,2008,49682,587
2021-09-02,San Joaquin,077,732212,89722,88056,4623,92679,1540
2021-09-02,San Luis Obispo,079,281455,26470,25851,1003,26854,283
2021-09-02,San Mateo,081,765935,50361,49490,731,50221,558
2021-09-02,Santa Barbara,083,443738,40421,39386,1372,40758,486
2021-09-02,Santa Clara,085,1922200,137070,135216,1021,136237,1799
2021-09-02,Santa Cruz,087,273765,18805,18473,936,19409,210
2021-09-02,Shasta,089,179085,16401,15670,2425,18095,224
2021-09-02,Sierra,091,2930,124,105,13,118,0
2021-09-02,Siskiyou,093,43540,2668,2513,803,3316,34
2021-09-02,Solano,095,438530,42348,41293,1051,42344,294
2021-09-02,Sonoma,097,501317,38080,37558,454,38012,352
2021-09-02,Stanislaus,099,539301,68571,67576,7600,75176,1074
2021-09-02,Sutter,101,95872,12219,11995,176,12171,138
2021-09-02,Tehama,103,63373,6529,6265,970,7235,72
2021-09-02,Trinity,105,12862,650,484,165,649,6
2021-09-02,Tulare,107,460477,58022,56105,11485,67590,872
2021-09-02,Tuolumne,109,53932,5703,5578,61,5639,88
2021-09-02,Ventura,111,848112,92094,90610,3946,94556,1084
2021-09-02,Yolo,113,214977,17726,17357,762,18119,235
2021-09-02,Yuba,115,75493,8611,8363,180,8543,55
2021-09-01,Alameda,001,1643700,110591,109075,2475,111550,1299
2021-09-01,Alpine,003,1148,93,92,0,92,0
2021-09-01,Amador,005,37829,4663,4599,42,4641,53
2021-09-01,Butte,007,227075,16706,16046,2843,18889,215
2021-09-01,Calaveras,009,45235,3135,3023,19,3042,59
2021-09-01,Colusa,011,21464,2323,2281,501,2782,16
2021-09-01,Contra Costa,013,1133247,91215,89834,1785,91619,877
2021-09-01,Del Norte,015,27424,3084,2860,18,2878,24
2021-09-01,El Dorado,017,186661,13956,13577,1294,14871,119
2021-09-01,Fresno,019,978130,120280,117492,10539,128031,1800
2021-09-01,Glenn,021,27897,2947,2846,824,3670,20
2021-09-01,Humboldt,023,135768,7352,7090,274,7364,52
2021-09-01,Imperial,025,180216,30677,30393,2858,33251,750
2021-09-01,Inyo,027,18085,1574,1561,15,1576,39
2021-09-01,Kern,029,883053,111142,108449,15663,124112,1400
2021-09-01,Kings,031,150075,27338,26443,1447,27890,263
2021-09-01,Lake,033,64148,5613,5396,81,5477,77
2021-09-01,Lassen,035,31185,5875,5731,173,5904,21
2021-09-01,Los Angeles,037,10098052,1364952,1348589,49878,1398467,25341
2021-09-01,Madera,039,155013,19450,18852,1436,20288,247
2021-09-01,Marin,041,260295,16436,16224,355,16579,240
2021-09-01,Mariposa,043,17540,774,735,22,757,5
2021-09-01,Mendocino,045,87422,6061,5821,226,6047,59
2021-09-01,Merced,047,269075,36277,35686,1363,37049,500
2021-09-01,Modoc,049,8938,451,436,157,593,5
2021-09-01,Mono,051,14174,1436,1400,17,1417,3
2021-09-01,Monterey,053,433212,46321,45590,2369,47959,539
2021-09-01,Napa,055,140530,11816,11653,74,11727,88
2021-09-01,Nevada,057,99092,7792,7508,254,7762,82
2021-09-01,Orange,059,3164182,290005,285840,13403,299243,5233
2021-09-01,Placer,061,380077,31813,30902,2828,33730,330
2021-09-01,Plumas,063,18699,1083,1033,18,1051,5
2021-09-01,Riverside,065,2383286,336002,329388,15349,344737,4634
2021-09-01,Sacramento,067,1510023,140019,138499,3118,141617,1875
2021-09-01,San Benito,069,59416,6761,6716,132,6848,64
2021-09-01,San Bernardino,071,2135413,330556,326250,10122,336372,5364
2021-09-01,San Diego,073,3302833,340568,335302,19979,355281,3908
2021-09-01,San Francisco,075,870044,48307,47538,2001,49539,584
2021-09-01,San Joaquin,077,732212,89400,87640,4600,92240,1540
2021-09-01,San Luis Obispo,079,281455,26374,25691,998,26689,283
2021-09-01,San Mateo,081,765935,50241,49394,725,50119,558
2021-09-01,Santa Barbara,083,443738,40303,39263,1356,40619,483
2021-09-01,Santa Clara,085,1922200,136802,134855,1015,135870,1796
2021-09-01,Santa Cruz,087,273765,18758,18453,934,19387,210
2021-09-01,Shasta,089,179085,16269,15552,2385,17937,221
2021-09-01,Sierra,091,2930,123,98,13,111,0
2021-09-01,Siskiyou,093,43540,2638,2482,783,3265,34
2021-09-01,Solano,095,438530,42197,41194,1045,42239,293
2021-09-01,Sonoma,097,501317,37986,37454,453,37907,352
2021-09-01,Stanislaus,099,539301,68286,67287,7569,74856,1075
2021-09-01,Sutter,101,95872,12155,11945,169,12114,136
2021-09-01,Tehama,103,63373,6495,6228,953,7181,72
2021-09-01,Trinity,105,12862,649,482,162,644,5
2021-09-01,Tulare,107,460477,57739,55768,11448,67216,870
2021-09-01,Tuolumne,109,53932,5664,5553,61,5614,88
2021-09-01,Ventura,111,848112,91879,90471,3930,94401,1089
2021-09-01,Yolo,113,214977,17670,17264,756,18020,235
2021-09-01,Yuba,115,75493,8549,8308,180,8488,55
2021-08-31,Alameda,001,1643700,110295,108837,2469,111306,1297
2021-08-31,Alpine,003,1148,91,92,0,92,0
2021-08-31,Amador,005,37829,4642,4555,42,4597,53
2021-08-31,Butte,007,227075,16564,15896,2802,18698,216
2021-08-31,Calaveras,009,45235,3095,3008,19,3027,59
2021-08-31,Colusa,011,21464,2321,2275,499,2774,16
2021-08-31,Contra Costa,013,1133247,90920,89546,1773,91319,871
2021-08-31,Del Norte,015,27424,3048,2830,18,2848,19
2021-08-31,El Dorado,017,186661,13885,13539,1276,14815,119
2021-08-31,Fresno,019,978130,119704,117155,10460,127615,1801
2021-08-31,Glenn,021,27897,2931,2829,814,3643,20
2021-08-31,Humboldt,023,135768,7277,7030,261,7291,52
2021-08-31,Imperial,025,180216,30640,30348,2850,33198,750
2021-08-31,Inyo,027,18085,1570,1550,15,1565,39
2021-08-31,Kern,029,883053,110640,108151,15484,123635,1393
2021-08-31,Kings,031,150075,27196,26405,1433,27838,260
2021-08-31,Lake,033,64148,5569,5359,80,5439,74
2021-08-31,Lassen,035,31185,5849,5702,170,5872,21
2021-08-31,Los Angeles,037,10098052,1362361,1346686,49800,1396486,25303
2021-08-31,Madera,039,155013,19360,18811,1419,20230,247
2021-08-31,Marin,041,260295,16407,16215,352,16567,240
2021-08-31,Mariposa,043,17540,766,732,22,754,5
2021-08-31,Mendocino,045,87422,6019,5777,225,6002,59
2021-08-31,Merced,047,269075,36107,35512,1358,36870,498
2021-08-31,Modoc,049,8938,450,436,157,593,5
2021-08-31,Mono,051,14174,1424,1398,17,1415,3
2021-08-31,Monterey,053,433212,46237,45550,2356,47906,539
2021-08-31,Napa,055,140530,11769,11618,74,11692,88
2021-08-31,Nevada,057,99092,7726,7460,254,7714,82
2021-08-31,Orange,059,3164182,289407,285310,13371,298681,5229
2021-08-31,Placer,061,380077,31623,30745,2791,33536,325
2021-08-31,Plumas,063,18699,1079,1018,17,1035,5
2021-08-31,Riverside,065,2383286,335028,328556,15316,343872,4627
2021-08-31,Sacramento,067,1510023,139335,137879,3086,140965,1863
2021-08-31,San Benito,069,59416,6749,6694,130,6824,64
2021-08-31,San Bernardino,071,2135413,329808,325446,10102,335548,5350
2021-08-31,San Diego,073,3302833,339315,334377,19921,354298,3888
2021-08-31,San Francisco,075,870044,48156,47440,1990,49430,581
2021-08-31,San Joaquin,077,732212,88955,87365,4585,91950,1540
2021-08-31,San Luis Obispo,079,281455,26251,25518,994,26512,282
2021-08-31,San Mateo,081,765935,50129,49299,725,50024,556
2021-08-31,Santa Barbara,083,443738,40152,39091,1350,40441,481
2021-08-31,Santa Clara,085,1922200,136451,134637,1008,135645,1793
2021-08-31,Santa Cruz,087,273765,18720,18419,931,19350,210
2021-08-31,Shasta,089,179085,16117,15368,2358,17726,220
2021-08-31,Sierra,091,2930,120,95,13,108,0
2021-08-31,Siskiyou,093,43540,2618,2435,767,3202,33
2021-08-31,Solano,095,438530,42058,41067,1039,42106,289
2021-08-31,Sonoma,097,501317,37890,37379,452,37831,352
2021-08-31,Stanislaus,099,539301,67932,67004,7534,74538,1075
2021-08-31,Sutter,101,95872,12090,11901,165,12066,136
2021-08-31,Tehama,103,63373,6434,6169,922,7091,72
2021-08-31,Trinity,105,12862,643,480,162,642,3
2021-08-31,Tulare,107,460477,57405,55567,11378,66945,870
2021-08-31,Tuolumne,109,53932,5628,5516,61,5577,88
2021-08-31,Ventura,111,848112,91660,90292,3918,94210,1081
2021-08-31,Yolo,113,214977,17589,17205,748,17953,234
2021-08-31,Yuba,115,75493,8495,8253,180,8433,54
2021-08-30,Alameda,001,1643700,109972,107734,2458,110192,1296
2021-08-30,Alpine,003,1148,91,92,0,92,0
2021-08-30,Amador,005,37829,4631,4507,42,4549,53
2021-08-30,Butte,007,227075,16413,15719,2768,18487,214
2021-08-30,Calaveras,009,45235,3080,2975,19,2994,59
2021-08-30,Colusa,011,21464,2312,2271,496,2767,16
2021-08-30,Contra Costa,013,1133247,90660,87679,1763,89442,872
2021-08-30,Del Norte,015,27424,3006,2796,17,2813,11
2021-08-30,El Dorado,017,186661,13816,13217,1259,14476,119
2021-08-30,Fresno,019,978130,119132,115867,10388,126255,1790
2021-08-30,Glenn,021,27897,2920,2804,808,3612,20
2021-08-30,Humboldt,023,135768,7223,6930,255,7185,52
2021-08-30,Imperial,025,180216,30602,30311,2845,33156,750
2021-08-30,Inyo,027,18085,1565,1544,15,1559,39
2021-08-30,Kern,029,883053,110161,107615,15322,122937,1389
2021-08-30,Kings,031,150075,27080,26236,1418,27654,259
2021-08-30,Lake,033,64148,5534,5323,77,5400,74
2021-08-30,Lassen,035,31185,5827,5667,164,5831,21
2021-08-30,Los Angeles,037,10098052,1359900,1344949,49715,1394664,25269
2021-08-30,Madera,039,155013,19278,18622,1399,20021,247
2021-08-30,Marin,041,260295,16376,16160,352,16512,240
2021-08-30,Mariposa,043,17540,760,715,21,736,5
2021-08-30,Mendocino,045,87422,5985,5721,221,5942,55
2021-08-30,Merced,047,269075,35979,35335,1354,36689,497
2021-08-30,Modoc,049,8938,448,436,156,592,5
2021-08-30,Mono,051,14174,1423,1390,17,1407,3
2021-08-30,Monterey,053,433212,46175,45463,2339,47802,539
2021-08-30,Napa,055,140530,11720,11579,72,11651,87
2021-08-30,Nevada,057,99092,7667,7356,251,7607,82
2021-08-30,Orange,059,3164182,288826,284750,13322,298072,5223
2021-08-30,Placer,061,380077,31458,29825,2768,32593,319
2021-08-30,Plumas,063,18699,1062,998,17,1015,5
2021-08-30,Riverside,065,2383286,334132,327593,15285,342878,4623
2021-08-30,Sacramento,067,1510023,138677,134571,3040,137611,1847
2021-08-30,San Benito,069,59416,6740,6663,130,6793,64
2021-08-30,San Bernardino,071,2135413,329130,324870,10072,334942,5348
2021-08-30,San Diego,073,3302833,338044,333011,19841,352852,3885
2021-08-30,San Francisco,075,870044,48017,46966,1977,48943,581
2021-08-30,San Joaquin,077,732212,88624,86203,4564,90767,1528
2021-08-30,San Luis Obispo,079,281455,26126,25422,987,26409,280
2021-08-30,San Mateo,081,765935,50003,48839,719,49558,554
2021-08-30,Santa Barbara,083,443738,40000,38998,1345,40343,481
2021-08-30,Santa Clara,085,1922200,136130,133281,1001,134282,1789
2021-08-30,Santa Cruz,087,273765,18666,18326,927,19253,210
2021-08-30,Shasta,089,179085,15988,15238,2319,17557,217
2021-08-30,Sierra,091,2930,118,91,13,104,0
2021-08-30,Siskiyou,093,43540,2605,2411,756,3167,33
2021-08-30,Solano,095,438530,41897,39986,1035,41021,290
2021-08-30,Sonoma,097,501317,37784,36764,452,37216,352
2021-08-30,Stanislaus,099,539301,67593,66173,7503,73676,1074
2021-08-30,Sutter,101,95872,12020,11791,158,11949,136
2021-08-30,Tehama,103,63373,6355,6085,898,6983,71
2021-08-30,Trinity,105,12862,632,468,159,627,3
2021-08-30,Tulare,107,460477,57093,55140,11303,66443,870
2021-08-30,Tuolumne,109,53932,5582,5492,61,5553,74
2021-08-30,Ventura,111,848112,91444,90149,3906,94055,1082
2021-08-30,Yolo,113,214977,17527,17071,744,17815,231
2021-08-30,Yuba,115,75493,8421,8129,179,8308,54
2021-08-29,Alameda,001,1643700,109634,107494,2447,109941,1296
2021-08-29,Alpine,003,1148,91,92,0,92,0
2021-08-29,Amador,005,37829,4617,4501,42,4543,53
2021-08-29,Butte,007,227075,16243,15602,2731,18333,214
2021-08-29,Calaveras,009,45235,3048,2970,19,2989,59
2021-08-29,Colusa,011,21464,2305,2260,490,2750,16
2021-08-29,Contra Costa,013,1133247,90364,87439,1758,89197,872
2021-08-29,Del Norte,015,27424,2963,2752,17,2769,11
2021-08-29,El Dorado,017,186661,13760,13166,1248,14414,119
2021-08-29,Fresno,019,978130,118535,115502,10319,125821,1790
2021-08-29,Glenn,021,27897,2902,2778,801,3579,20
2021-08-29,Humboldt,023,135768,7179,6922,240,7162,52
2021-08-29,Imperial,025,180216,30541,30293,2834,33127,750
2021-08-29,Inyo,027,18085,1555,1543,14,1557,39
2021-08-29,Kern,029,883053,109710,107324,15152,122476,1389
2021-08-29,Kings,031,150075,26926,26143,1404,27547,259
2021-08-29,Lake,033,64148,5494,5293,67,5360,74
2021-08-29,Lassen,035,31185,5804,5666,160,5826,21
2021-08-29,Los Angeles,037,10098052,1357151,1342541,49604,1392145,25263
2021-08-29,Madera,039,155013,19191,18594,1383,19977,247
2021-08-29,Marin,041,260295,16345,16134,350,16484,240
2021-08-29,Mariposa,043,17540,754,709,19,728,5
2021-08-29,Mendocino,045,87422,5927,5689,208,5897,55
2021-08-29,Merced,047,269075,35740,35250,1342,36592,497
2021-08-29,Modoc,049,8938,445,436,156,592,5
2021-08-29,Mono,051,14174,1416,1387,17,1404,3
2021-08-29,Monterey,053,433212,46069,45424,2316,47740,539
2021-08-29,Napa,055,140530,11689,11552,72,11624,87
2021-08-29,Nevada,057,99092,7610,7294,250,7544,82
2021-08-29,Orange,059,3164182,288197,284432,13280,297712,5223
2021-08-29,Placer,061,380077,31286,29674,2727,32401,319
2021-08-29,Plumas,063,18699,1051,996,17,1013,5
2021-08-29,Riverside,065,2383286,333275,326987,15264,342251,4623
2021-08-29,Sacramento,067,1510023,137924,133981,2991,136972,1843
2021-08-29,San Benito,069,59416,6715,6646,130,6776,64
2021-08-29,San Bernardino,071,2135413,328345,324266,10038,334304,5347
2021-08-29,San Diego,073,3302833,336938,332014,19745,351759,3880
2021-08-29,San Francisco,075,870044,47882,46885,1965,48850,581
2021-08-29,San Joaquin,077,732212,88175,85922,4544,90466,1528
2021-08-29,San Luis Obispo,079,281455,25928,25288,979,26267,280
2021-08-29,San Mateo,081,765935,49890,48737,714,49451,554
2021-08-29,Santa Barbara,083,443738,39834,38900,1341,40241,481
2021-08-29,Santa Clara,085,1922200,135777,132979,995,133974,1789
2021-08-29,Santa Cruz,087,273765,18619,18285,925,19210,210
2021-08-29,Shasta,089,179085,15834,15198,2292,17490,217
2021-08-29,Sierra,091,2930,116,91,13,104,0
2021-08-29,Siskiyou,093,43540,2558,2407,736,3143,33
2021-08-29,Solano,095,438530,41743,39887,1028,40915,290
2021-08-29,Sonoma,097,501317,37649,36650,448,37098,352
2021-08-29,Stanislaus,099,539301,67248,65956,7467,73423,1074
2021-08-29,Sutter,101,95872,11961,11719,151,11870,136
2021-08-29,Tehama,103,63373,6284,6040,875,6915,71
2021-08-29,Trinity,105,12862,629,468,156,624,3
2021-08-29,Tulare,107,460477,56760,54974,11219,66193,870
2021-08-29,Tuolumne,109,53932,5557,5478,60,5538,74
2021-08-29,Ventura,111,848112,91186,90114,3897,94011,1082
2021-08-29,Yolo,113,214977,17427,17015,731,17746,231
2021-08-29,Yuba,115,75493,8357,8042,179,8221,54
2021-08-28,Alameda,001,1643700,109469,107007,2438,109445,1296
2021-08-28,Alpine,003,1148,91,92,0,92,0
2021-08-28,Amador,005,37829,4598,4484,41,4525,53
2021-08-28,Butte,007,227075,16183,15487,2703,18190,214
2021-08-28,Calaveras,009,45235,3038,2926,19,2945,59
2021-08-28,Colusa,011,21464,2301,2252,488,2740,16
2021-08-28,Contra Costa,013,1133247,90152,86938,1755,88693,872
2021-08-28,Del Norte,015,27424,2936,2734,16,2750,11
2021-08-28,El Dorado,017,186661,13721,13089,1242,14331,119
2021-08-28,Fresno,019,978130,118294,115079,10288,125367,1792
2021-08-28,Glenn,021,27897,2893,2773,794,3567,20
2021-08-28,Humboldt,023,135768,7144,6887,235,7122,52
2021-08-28,Imperial,025,180216,30514,30260,2831,33091,750
2021-08-28,Inyo,027,18085,1553,1539,14,1553,39
2021-08-28,Kern,029,883053,109472,107012,15012,122024,1389
2021-08-28,Kings,031,150075,26859,26059,1401,27460,257
2021-08-28,Lake,033,64148,5471,5267,63,5330,74
2021-08-28,Lassen,035,31185,5789,5665,159,5824,21
2021-08-28,Los Angeles,037,10098052,1355939,1337097,49532,1386629,25234
2021-08-28,Madera,039,155013,19140,18553,1369,19922,247
2021-08-28,Marin,041,260295,16330,16106,350,16456,240
2021-08-28,Mariposa,043,17540,752,704,19,723,5
2021-08-28,Mendocino,045,87422,5902,5658,208,5866,55
2021-08-28,Merced,047,269075,35688,35108,1339,36447,497
2021-08-28,Modoc,049,8938,445,436,155,591,5
2021-08-28,Mono,051,14174,1413,1385,17,1402,3
2021-08-28,Monterey,053,433212,46027,45394,2311,47705,539
2021-08-28,Napa,055,140530,11666,11512,71,11583,88
2021-08-28,Nevada,057,99092,7586,7238,248,7486,82
2021-08-28,Orange,059,3164182,287839,283953,13232,297185,5222
2021-08-28,Placer,061,380077,31177,29428,2714,32142,319
2021-08-28,Plumas,063,18699,1044,991,17,1008,5
2021-08-28,Riverside,065,2383286,332687,326222,15254,341476,4623
2021-08-28,Sacramento,067,1510023,137533,132985,2975,135960,1844
2021-08-28,San Benito,069,59416,6708,6636,130,6766,64
2021-08-28,San Bernardino,071,2135413,327897,323672,10030,333702,5348
2021-08-28,San Diego,073,3302833,336354,331330,19709,351039,3880
2021-08-28,San Francisco,075,870044,47810,46654,1958,48612,581
2021-08-28,San Joaquin,077,732212,88006,85481,4535,90016,1527
2021-08-28,San Luis Obispo,079,281455,25861,25138,974,26112,280
2021-08-28,San Mateo,081,765935,49816,48575,710,49285,554
2021-08-28,Santa Barbara,083,443738,39763,38780,1341,40121,481
2021-08-28,Santa Clara,085,1922200,135570,132488,993,133481,1789
2021-08-28,Santa Cruz,087,273765,18601,18240,922,19162,210
2021-08-28,Shasta,089,179085,15731,15147,2274,17421,217
2021-08-28,Sierra,091,2930,112,91,13,104,0
2021-08-28,Siskiyou,093,43540,2550,2402,725,3127,33
2021-08-28,Solano,095,438530,41694,39610,1027,40637,290
2021-08-28,Sonoma,097,501317,37576,36466,446,36912,352
2021-08-28,Stanislaus,099,539301,67090,65670,7450,73120,1074
2021-08-28,Sutter,101,95872,11940,11669,150,11819,136
2021-08-28,Tehama,103,63373,6259,6004,864,6868,71
2021-08-28,Trinity,105,12862,625,463,155,618,3
2021-08-28,Tulare,107,460477,56630,54746,11177,65923,870
2021-08-28,Tuolumne,109,53932,5541,5469,60,5529,74
2021-08-28,Ventura,111,848112,91068,89934,3895,93829,1081
2021-08-28,Yolo,113,214977,17391,16907,724,17631,231
2021-08-28,Yuba,115,75493,8326,7985,178,8163,55
2021-08-27,Alameda,001,1643700,109258,106622,2436,109058,1296
2021-08-27,Alpine,003,1148,91,92,0,92,0
2021-08-27,Amador,005,37829,4582,4458,40,4498,53
2021-08-27,Butte,007,227075,16103,15277,2682,17959,214
2021-08-27,Calaveras,009,45235,3024,2903,19,2922,59
2021-08-27,Colusa,011,21464,2295,2240,486,2726,16
2021-08-27,Contra Costa,013,1133247,89954,86386,1752,88138,872
2021-08-27,Del Norte,015,27424,2904,2695,16,2711,11
2021-08-27,El Dorado,017,186661,13682,12968,1238,14206,119
2021-08-27,Fresno,019,978130,117860,114481,10266,124747,1774
2021-08-27,Glenn,021,27897,2875,2754,785,3539,20
2021-08-27,Humboldt,023,135768,7111,6782,232,7014,52
2021-08-27,Imperial,025,180216,30494,30201,2829,33030,750
2021-08-27,Inyo,027,18085,1552,1529,14,1543,39
2021-08-27,Kern,029,883053,109178,106570,14902,121472,1385
2021-08-27,Kings,031,150075,26780,25957,1399,27356,257
2021-08-27,Lake,033,64148,5446,5228,62,5290,74
2021-08-27,Lassen,035,31185,5773,5646,154,5800,21
2021-08-27,Los Angeles,037,10098052,1354412,1337006,49469,1386475,25230
2021-08-27,Madera,039,155013,19084,18476,1356,19832,247
2021-08-27,Marin,041,260295,16314,16055,348,16403,240
2021-08-27,Mariposa,043,17540,746,690,19,709,5
2021-08-27,Mendocino,045,87422,5871,5602,207,5809,55
2021-08-27,Merced,047,269075,35634,34906,1330,36236,495
2021-08-27,Modoc,049,8938,445,434,155,589,5
2021-08-27,Mono,051,14174,1408,1385,17,1402,3
2021-08-27,Monterey,053,433212,45978,45337,2303,47640,539
2021-08-27,Napa,055,140530,11632,11460,71,11531,87
2021-08-27,Nevada,057,99092,7546,7169,246,7415,82
2021-08-27,Orange,059,3164182,287478,283407,13193,296600,5206
2021-08-27,Placer,061,380077,31047,29157,2695,31852,320
2021-08-27,Plumas,063,18699,1038,984,17,1001,5
2021-08-27,Riverside,065,2383286,332169,325379,15239,340618,4622
2021-08-27,Sacramento,067,1510023,137098,131921,2962,134883,1838
2021-08-27,San Benito,069,59416,6702,6622,130,6752,64
2021-08-27,San Bernardino,071,2135413,327372,322893,10012,332905,5342
2021-08-27,San Diego,073,3302833,335573,330162,19655,349817,3877
2021-08-27,San Francisco,075,870044,47734,46456,1940,48396,581
2021-08-27,San Joaquin,077,732212,87823,84949,4516,89465,1524
2021-08-27,San Luis Obispo,079,281455,25812,24952,971,25923,280
2021-08-27,San Mateo,081,765935,49741,48424,706,49130,553
2021-08-27,Santa Barbara,083,443738,39671,38675,1339,40014,480
2021-08-27,Santa Clara,085,1922200,135340,132011,990,133001,1783
2021-08-27,Santa Cruz,087,273765,18562,18163,918,19081,210
2021-08-27,Shasta,089,179085,15651,14996,2258,17254,217
2021-08-27,Sierra,091,2930,111,91,13,104,0
2021-08-27,Siskiyou,093,43540,2535,2358,711,3069,33
2021-08-27,Solano,095,438530,41580,39347,1023,40370,287
2021-08-27,Sonoma,097,501317,37504,36326,445,36771,342
2021-08-27,Stanislaus,099,539301,66881,65167,7413,72580,1061
2021-08-27,Sutter,101,95872,11894,11590,148,11738,135
2021-08-27,Tehama,103,63373,6227,5964,849,6813,71
2021-08-27,Trinity,105,12862,625,458,154,612,3
2021-08-27,Tulare,107,460477,56495,54443,11132,65575,870
2021-08-27,Tuolumne,109,53932,5509,5438,60,5498,74
2021-08-27,Ventura,111,848112,90939,89774,3891,93665,1076
2021-08-27,Yolo,113,214977,17348,16805,719,17524,231
2021-08-27,Yuba,115,75493,8269,7926,178,8104,54
2021-08-26,Alameda,001,1643700,108987,106146,2427,108573,1296
2021-08-26,Alpine,003,1148,91,92,0,92,0
2021-08-26,Amador,005,37829,4567,4442,39,4481,53
2021-08-26,Butte,007,227075,15968,15159,2644,17803,214
2021-08-26,Calaveras,009,45235,3013,2873,19,2892,59
2021-08-26,Colusa,011,21464,2288,2234,482,2716,16
2021-08-26,Contra Costa,013,1133247,89594,85808,1746,87554,866
2021-08-26,Del Norte,015,27424,2868,2625,16,2641,8
2021-08-26,El Dorado,017,186661,13613,12863,1224,14087,118
2021-08-26,Fresno,019,978130,117359,113854,10213,124067,1770
2021-08-26,Glenn,021,27897,2857,2740,776,3516,20
2021-08-26,Humboldt,023,135768,7053,6695,222,6917,53
2021-08-26,Imperial,025,180216,30445,30121,2822,32943,748
2021-08-26,Inyo,027,18085,1542,1521,13,1534,39
2021-08-26,Kern,029,883053,108750,106051,14760,120811,1380
2021-08-26,Kings,031,150075,26657,25838,1391,27229,260
2021-08-26,Lake,033,64148,5400,5196,59,5255,74
2021-08-26,Lassen,035,31185,5761,5626,152,5778,21
2021-08-26,Los Angeles,037,10098052,1352136,1334372,49376,1383748,25199
2021-08-26,Madera,039,155013,19014,18393,1343,19736,247
2021-08-26,Marin,041,260295,16285,15983,345,16328,240
2021-08-26,Mariposa,043,17540,736,677,19,696,5
2021-08-26,Mendocino,045,87422,5833,5533,202,5735,55
2021-08-26,Merced,047,269075,35467,34755,1309,36064,495
2021-08-26,Modoc,049,8938,445,433,155,588,5
2021-08-26,Mono,051,14174,1404,1385,17,1402,3
2021-08-26,Monterey,053,433212,45905,45265,2292,47557,539
2021-08-26,Napa,055,140530,11610,11394,70,11464,87
2021-08-26,Nevada,057,99092,7488,7086,243,7329,80
2021-08-26,Orange,059,3164182,286986,282814,13169,295983,5200
2021-08-26,Placer,061,380077,30877,28898,2669,31567,319
2021-08-26,Plumas,063,18699,1031,971,16,987,5
2021-08-26,Riverside,065,2383286,331378,324486,15219,339705,4615
2021-08-26,Sacramento,067,1510023,136564,130977,2921,133898,1827
2021-08-26,San Benito,069,59416,6692,6604,130,6734,64
2021-08-26,San Bernardino,071,2135413,326716,322100,9989,332089,5339
2021-08-26,San Diego,073,3302833,334546,328276,19589,347865,3869
2021-08-26,San Francisco,075,870044,47607,46288,1935,48223,581
2021-08-26,San Joaquin,077,732212,87445,84429,4495,88924,1513
2021-08-26,San Luis Obispo,079,281455,25662,24831,964,25795,278
2021-08-26,San Mateo,081,765935,49613,48263,704,48967,553
2021-08-26,Santa Barbara,083,443738,39587,38566,1338,39904,479
2021-08-26,Santa Clara,085,1922200,135015,131443,986,132429,1782
2021-08-26,Santa Cruz,087,273765,18502,18072,916,18988,210
2021-08-26,Shasta,089,179085,15529,14891,2230,17121,217
2021-08-26,Sierra,091,2930,109,90,13,103,0
2021-08-26,Siskiyou,093,43540,2513,2342,698,3040,33
2021-08-26,Solano,095,438530,41431,39027,1015,40042,286
2021-08-26,Sonoma,097,501317,37415,36102,445,36547,337
2021-08-26,Stanislaus,099,539301,66582,64785,7372,72157,1061
2021-08-26,Sutter,101,95872,11834,11499,145,11644,135
2021-08-26,Tehama,103,63373,6169,5913,836,6749,68
2021-08-26,Trinity,105,12862,620,450,152,602,3
2021-08-26,Tulare,107,460477,56238,54157,11086,65243,870
2021-08-26,Tuolumne,109,53932,5489,5387,60,5447,74
2021-08-26,Ventura,111,848112,90753,89595,3882,93477,1080
2021-08-26,Yolo,113,214977,17283,16727,708,17435,231
2021-08-26,Yuba,115,75493,8196,7834,176,8010,54
2021-08-25,Alameda,001,1643700,108663,105636,2420,108056,1296
2021-08-25,Alpine,003,1148,91,92,0,92,0
2021-08-25,Amador,005,37829,4552,4415,39,4454,53
2021-08-25,Butte,007,227075,15860,15039,2603,17642,214
2021-08-25,Calaveras,009,45235,2994,2851,19,2870,59
2021-08-25,Colusa,011,21464,2281,2227,473,2700,16
2021-08-25,Contra Costa,013,1133247,89210,85322,1740,87062,863
2021-08-25,Del Norte,015,27424,2823,2573,16,2589,8
2021-08-25,El Dorado,017,186661,13553,12787,1209,13996,118
2021-08-25,Fresno,019,978130,116818,113384,10171,123555,1761
2021-08-25,Glenn,021,27897,2839,2728,761,3489,20
2021-08-25,Humboldt,023,135768,6984,6653,213,6866,52
2021-08-25,Imperial,025,180216,30408,30085,2816,32901,748
2021-08-25,Inyo,027,18085,1538,1518,13,1531,39
2021-08-25,Kern,029,883053,108319,105687,14605,120292,1379
2021-08-25,Kings,031,150075,26550,25676,1385,27061,258
2021-08-25,Lake,033,64148,5370,5163,56,5219,74
2021-08-25,Lassen,035,31185,5744,5583,151,5734,21
2021-08-25,Los Angeles,037,10098052,1349537,1331400,49278,1380678,25170
2021-08-25,Madera,039,155013,18950,18311,1321,19632,247
2021-08-25,Marin,041,260295,16263,15938,339,16277,240
2021-08-25,Mariposa,043,17540,730,676,19,695,5
2021-08-25,Mendocino,045,87422,5799,5486,196,5682,53
2021-08-25,Merced,047,269075,35335,34600,1296,35896,492
2021-08-25,Modoc,049,8938,445,433,155,588,5
2021-08-25,Mono,051,14174,1400,1382,17,1399,3
2021-08-25,Monterey,053,433212,45831,45196,2277,47473,539
2021-08-25,Napa,055,140530,11576,11348,69,11417,87
2021-08-25,Nevada,057,99092,7422,7000,242,7242,77
2021-08-25,Orange,059,3164182,286460,282061,13135,295196,5193
2021-08-25,Placer,061,380077,30701,28740,2637,31377,319
2021-08-25,Plumas,063,18699,1016,962,16,978,5
2021-08-25,Riverside,065,2383286,330534,323548,15197,338745,4610
2021-08-25,Sacramento,067,1510023,135884,130046,2883,132929,1827
2021-08-25,San Benito,069,59416,6671,6587,129,6716,64
2021-08-25,San Bernardino,071,2135413,326023,321228,9968,331196,5337
2021-08-25,San Diego,073,3302833,333278,327166,19504,346670,3859
2021-08-25,San Francisco,075,870044,47458,46107,1930,48037,578
2021-08-25,San Joaquin,077,732212,87060,84002,4479,88481,1510
2021-08-25,San Luis Obispo,079,281455,25470,24607,960,25567,276
2021-08-25,San Mateo,081,765935,49490,48153,701,48854,553
2021-08-25,Santa Barbara,083,443738,39458,38450,1338,39788,479
2021-08-25,Santa Clara,085,1922200,134647,130995,984,131979,1783
2021-08-25,Santa Cruz,087,273765,18442,17987,913,18900,210
2021-08-25,Shasta,089,179085,15402,14752,2198,16950,217
2021-08-25,Sierra,091,2930,106,90,13,103,0
2021-08-25,Siskiyou,093,43540,2468,2322,680,3002,33
2021-08-25,Solano,095,438530,41259,38848,1003,39851,286
2021-08-25,Sonoma,097,501317,37291,35986,442,36428,336
2021-08-25,Stanislaus,099,539301,66300,64441,7340,71781,1061
2021-08-25,Sutter,101,95872,11766,11451,141,11592,134
2021-08-25,Tehama,103,63373,6110,5861,819,6680,68
2021-08-25,Trinity,105,12862,614,450,151,601,3
2021-08-25,Tulare,107,460477,55954,53877,11016,64893,866
2021-08-25,Tuolumne,109,53932,5463,5354,60,5414,74
2021-08-25,Ventura,111,848112,90569,89379,3868,93247,1068
2021-08-25,Yolo,113,214977,17218,16667,698,17365,231
2021-08-25,Yuba,115,75493,8130,7771,175,7946,54
2021-08-24,Alameda,001,1643700,108350,105319,2408,107727,1296
2021-08-24,Alpine,003,1148,91,92,0,92,0
2021-08-24,Amador,005,37829,4533,4380,39,4419,50
2021-08-24,Butte,007,227075,15706,14964,2570,17534,214
2021-08-24,Calaveras,009,45235,2955,2811,19,2830,59
2021-08-24,Colusa,011,21464,2273,2221,468,2689,16
2021-08-24,Contra Costa,013,1133247,88847,84963,1735,86698,857
2021-08-24,Del Norte,015,27424,2796,2543,16,2559,8
2021-08-24,El Dorado,017,186661,13476,12732,1194,13926,118
2021-08-24,Fresno,019,978130,116212,113024,10109,123133,1761
2021-08-24,Glenn,021,27897,2824,2717,754,3471,20
2021-08-24,Humboldt,023,135768,6921,6585,200,6785,52
2021-08-24,Imperial,025,180216,30347,30045,2811,32856,748
2021-08-24,Inyo,027,18085,1533,1512,13,1525,39
2021-08-24,Kern,029,883053,107855,105399,14441,119840,1375
2021-08-24,Kings,031,150075,26429,25629,1370,26999,258
2021-08-24,Lake,033,64148,5335,5135,56,5191,72
2021-08-24,Lassen,035,31185,5728,5576,149,5725,21
2021-08-24,Los Angeles,037,10098052,1346672,1328777,49171,1377948,25135
2021-08-24,Madera,039,155013,18874,18251,1304,19555,247
2021-08-24,Marin,041,260295,16227,15900,335,16235,240
2021-08-24,Mariposa,043,17540,723,670,19,689,5
2021-08-24,Mendocino,045,87422,5756,5416,189,5605,52
2021-08-24,Merced,047,269075,35167,34490,1285,35775,491
2021-08-24,Modoc,049,8938,445,432,155,587,5
2021-08-24,Mono,051,14174,1398,1382,17,1399,3
2021-08-24,Monterey,053,433212,45765,45126,2260,47386,539
2021-08-24,Napa,055,140530,11543,11299,68,11367,85
2021-08-24,Nevada,057,99092,7352,6981,240,7221,77
2021-08-24,Orange,059,3164182,285860,281461,13111,294572,5187
2021-08-24,Placer,061,380077,30496,28618,2598,31216,318
2021-08-24,Plumas,063,18699,1006,953,16,969,5
2021-08-24,Riverside,065,2383286,329661,322620,15168,337788,4605
2021-08-24,Sacramento,067,1510023,135200,129542,2837,132379,1812
2021-08-24,San Benito,069,59416,6658,6576,129,6705,64
2021-08-24,San Bernardino,071,2135413,325268,320300,9938,330238,5328
2021-08-24,San Diego,073,3302833,331835,325823,19395,345218,3851
2021-08-24,San Francisco,075,870044,47283,46010,1920,47930,574
2021-08-24,San Joaquin,077,732212,86620,83684,4442,88126,1508
2021-08-24,San Luis Obispo,079,281455,25293,24443,949,25392,274
2021-08-24,San Mateo,081,765935,49341,48050,699,48749,553
2021-08-24,Santa Barbara,083,443738,39327,38307,1337,39644,478
2021-08-24,Santa Clara,085,1922200,134223,130763,980,131743,1779
2021-08-24,Santa Cruz,087,273765,18367,17928,907,18835,209
2021-08-24,Shasta,089,179085,15294,14664,2167,16831,217
2021-08-24,Sierra,091,2930,103,90,13,103,0
2021-08-24,Siskiyou,093,43540,2446,2294,665,2959,33
2021-08-24,Solano,095,438530,41050,38724,991,39715,283
2021-08-24,Sonoma,097,501317,37163,35849,440,36289,336
2021-08-24,Stanislaus,099,539301,65971,64195,7286,71481,1058
2021-08-24,Sutter,101,95872,11699,11384,138,11522,134
2021-08-24,Tehama,103,63373,6064,5826,805,6631,67
2021-08-24,Trinity,105,12862,603,446,143,589,3
2021-08-24,Tulare,107,460477,55603,53702,10926,64628,856
2021-08-24,Tuolumne,109,53932,5432,5287,60,5347,74
2021-08-24,Ventura,111,848112,90385,89167,3857,93024,1068
2021-08-24,Yolo,113,214977,17140,16492,685,17177,231
2021-08-24,Yuba,115,75493,8047,7723,173,7896,54
2021-08-23,Alameda,001,1643700,107939,104922,2395,107317,1294
2021-08-23,Alpine,003,1148,91,91,0,91,0
2021-08-23,Amador,005,37829,4519,4369,39,4408,50
2021-08-23,Butte,007,227075,15560,14847,2532,17379,211
2021-08-23,Calaveras,009,45235,2928,2803,19,2822,59
2021-08-23,Colusa,011,21464,2269,2206,465,2671,16
2021-08-23,Contra Costa,013,1133247,88468,84651,1728,86379,857
2021-08-23,Del Norte,015,27424,2750,2499,16,2515,8
2021-08-23,El Dorado,017,186661,13373,12684,1172,13856,118
2021-08-23,Fresno,019,978130,115650,112445,10059,122504,1759
2021-08-23,Glenn,021,27897,2808,2696,744,3440,20
2021-08-23,Humboldt,023,135768,6848,6498,186,6684,52
2021-08-23,Imperial,025,180216,30296,30011,2808,32819,748
2021-08-23,Inyo,027,18085,1526,1509,13,1522,39
2021-08-23,Kern,029,883053,107400,104995,14287,119282,1375
2021-08-23,Kings,031,150075,26298,25465,1364,26829,257
2021-08-23,Lake,033,64148,5295,5099,54,5153,69
2021-08-23,Lassen,035,31185,5716,5562,149,5711,21
2021-08-23,Los Angeles,037,10098052,1343702,1326412,49041,1375453,25096
2021-08-23,Madera,039,155013,18788,18155,1289,19444,246
2021-08-23,Marin,041,260295,16179,15856,331,16187,240
2021-08-23,Mariposa,043,17540,712,645,19,664,5
2021-08-23,Mendocino,045,87422,5689,5374,182,5556,51
2021-08-23,Merced,047,269075,34985,34322,1280,35602,488
2021-08-23,Modoc,049,8938,442,431,154,585,6
2021-08-23,Mono,051,14174,1394,1384,17,1401,3
2021-08-23,Monterey,053,433212,45665,45047,2250,47297,538
2021-08-23,Napa,055,140530,11505,11257,68,11325,85
2021-08-23,Nevada,057,99092,7271,6930,238,7168,77
2021-08-23,Orange,059,3164182,285228,280891,13078,293969,5181
2021-08-23,Placer,061,380077,30296,28540,2560,31100,314
2021-08-23,Plumas,063,18699,998,934,16,950,5
2021-08-23,Riverside,065,2383286,328748,321650,15142,336792,4598
2021-08-23,Sacramento,067,1510023,134412,128969,2770,131739,1807
2021-08-23,San Benito,069,59416,6640,6562,127,6689,64
2021-08-23,San Bernardino,071,2135413,324464,319577,9899,329476,5324
2021-08-23,San Diego,073,3302833,330402,324536,19272,343808,3848
2021-08-23,San Francisco,075,870044,47128,45945,1911,47856,573
2021-08-23,San Joaquin,077,732212,86188,83466,4410,87876,1499
2021-08-23,San Luis Obispo,079,281455,25111,24317,947,25264,274
2021-08-23,San Mateo,081,765935,49203,47935,696,48631,553
2021-08-23,Santa Barbara,083,443738,39148,38181,1335,39516,478
2021-08-23,Santa Clara,085,1922200,133823,130489,976,131465,1778
2021-08-23,Santa Cruz,087,273765,18310,17871,906,18777,209
2021-08-23,Shasta,089,179085,15167,14537,2129,16666,216
2021-08-23,Sierra,091,2930,103,90,13,103,0
2021-08-23,Siskiyou,093,43540,2425,2274,644,2918,33
2021-08-23,Solano,095,438530,40896,38612,982,39594,283
2021-08-23,Sonoma,097,501317,37043,35769,439,36208,336
2021-08-23,Stanislaus,099,539301,65636,63922,7247,71169,1058
2021-08-23,Sutter,101,95872,11610,11314,130,11444,133
2021-08-23,Tehama,103,63373,6010,5805,789,6594,67
2021-08-23,Trinity,105,12862,600,435,140,575,3
2021-08-23,Tulare,107,460477,55296,53370,10854,64224,856
2021-08-23,Tuolumne,109,53932,5390,5240,60,5300,73
2021-08-23,Ventura,111,848112,90167,88960,3845,92805,1063
2021-08-23,Yolo,113,214977,17052,16445,671,17116,226
2021-08-23,Yuba,115,75493,7976,7653,171,7824,54
2021-08-22,Alameda,001,1643700,107491,104539,2368,106907,1294
2021-08-22,Alpine,003,1148,91,91,0,91,0
2021-08-22,Amador,005,37829,4489,4349,39,4388,50
2021-08-22,Butte,007,227075,15420,14791,2498,17289,211
2021-08-22,Calaveras,009,45235,2890,2771,19,2790,59
2021-08-22,Colusa,011,21464,2262,2201,459,2660,16
2021-08-22,Contra Costa,013,1133247,87927,84371,1715,86086,857
2021-08-22,Del Norte,015,27424,2690,2455,16,2471,8
2021-08-22,El Dorado,017,186661,13269,12629,1152,13781,118
2021-08-22,Fresno,019,978130,115051,112057,9991,122048,1759
2021-08-22,Glenn,021,27897,2781,2678,731,3409,20
2021-08-22,Humboldt,023,135768,6770,6483,168,6651,52
2021-08-22,Imperial,025,180216,30238,29993,2803,32796,748
2021-08-22,Inyo,027,18085,1520,1505,13,1518,39
2021-08-22,Kern,029,883053,106874,104691,14135,118826,1375
2021-08-22,Kings,031,150075,26140,25391,1347,26738,257
2021-08-22,Lake,033,64148,5250,5069,51,5120,69
2021-08-22,Lassen,035,31185,5684,5556,145,5701,21
2021-08-22,Los Angeles,037,10098052,1340382,1324151,48911,1373062,25089
2021-08-22,Madera,039,155013,18669,18120,1275,19395,246
2021-08-22,Marin,041,260295,16127,15822,323,16145,240
2021-08-22,Mariposa,043,17540,702,638,17,655,5
2021-08-22,Mendocino,045,87422,5630,5336,182,5518,51
2021-08-22,Merced,047,269075,34782,34234,1267,35501,488
2021-08-22,Modoc,049,8938,440,431,154,585,6
2021-08-22,Mono,051,14174,1392,1378,17,1395,3
2021-08-22,Monterey,053,433212,45566,45017,2236,47253,538
2021-08-22,Napa,055,140530,11460,11231,68,11299,85
2021-08-22,Nevada,057,99092,7197,6864,236,7100,77
2021-08-22,Orange,059,3164182,284534,280390,13034,293424,5181
2021-08-22,Placer,061,380077,30088,28395,2524,30919,314
2021-08-22,Plumas,063,18699,980,923,15,938,5
2021-08-22,Riverside,065,2383286,327727,320836,15095,335931,4594
2021-08-22,Sacramento,067,1510023,133637,128231,2730,130961,1802
2021-08-22,San Benito,069,59416,6624,6550,127,6677,64
2021-08-22,San Bernardino,071,2135413,323494,318839,9864,328703,5324
2021-08-22,San Diego,073,3302833,329080,323591,19166,342757,3848
2021-08-22,San Francisco,075,870044,46962,45831,1902,47733,573
2021-08-22,San Joaquin,077,732212,85729,83121,4375,87496,1498
2021-08-22,San Luis Obispo,079,281455,24905,24250,940,25190,274
2021-08-22,San Mateo,081,765935,49027,47821,691,48512,553
2021-08-22,Santa Barbara,083,443738,38967,38099,1327,39426,478
2021-08-22,Santa Clara,085,1922200,133406,130189,969,131158,1778
2021-08-22,Santa Cruz,087,273765,18252,17823,901,18724,209
2021-08-22,Shasta,089,179085,15030,14478,2093,16571,216
2021-08-22,Sierra,091,2930,103,87,13,100,0
2021-08-22,Siskiyou,093,43540,2396,2261,626,2887,33
2021-08-22,Solano,095,438530,40698,38489,969,39458,283
2021-08-22,Sonoma,097,501317,36887,35676,437,36113,336
2021-08-22,Stanislaus,099,539301,65283,63683,7157,70840,1058
2021-08-22,Sutter,101,95872,11528,11251,126,11377,133
2021-08-22,Tehama,103,63373,5964,5791,770,6561,67
2021-08-22,Trinity,105,12862,593,433,138,571,3
2021-08-22,Tulare,107,460477,54977,53220,10771,63991,856
2021-08-22,Tuolumne,109,53932,5348,5214,60,5274,73
2021-08-22,Ventura,111,848112,89958,88791,3828,92619,1063
2021-08-22,Yolo,113,214977,16949,16374,663,17037,226
2021-08-22,Yuba,115,75493,7903,7626,170,7796,54
2021-08-21,Alameda,001,1643700,107288,104281,2361,106642,1294
2021-08-21,Alpine,003,1148,91,91,0,91,0
2021-08-21,Amador,005,37829,4479,4338,38,4376,50
2021-08-21,Butte,007,227075,15352,14714,2479,17193,211
2021-08-21,Calaveras,009,45235,2874,2744,19,2763,59
2021-08-21,Colusa,011,21464,2256,2192,455,2647,16
2021-08-21,Contra Costa,013,1133247,87668,84136,1707,85843,857
2021-08-21,Del Norte,015,27424,2667,2409,16,2425,8
2021-08-21,El Dorado,017,186661,13225,12590,1148,13738,118
2021-08-21,Fresno,019,978130,114851,111765,9979,121744,1759
2021-08-21,Glenn,021,27897,2768,2654,723,3377,20
2021-08-21,Humboldt,023,135768,6732,6446,163,6609,52
2021-08-21,Imperial,025,180216,30195,29976,2800,32776,748
2021-08-21,Inyo,027,18085,1517,1500,13,1513,39
2021-08-21,Kern,029,883053,106619,104443,14012,118455,1375
2021-08-21,Kings,031,150075,26069,25313,1342,26655,257
2021-08-21,Lake,033,64148,5230,5055,49,5104,69
2021-08-21,Lassen,035,31185,5670,5553,145,5698,21
2021-08-21,Los Angeles,037,10098052,1339085,1321308,48819,1370127,25080
2021-08-21,Madera,039,155013,18631,18067,1269,19336,246
2021-08-21,Marin,041,260295,16093,15775,321,16096,240
2021-08-21,Mariposa,043,17540,692,634,17,651,5
2021-08-21,Mendocino,045,87422,5584,5307,181,5488,51
2021-08-21,Merced,047,269075,34677,34148,1262,35410,488
2021-08-21,Modoc,049,8938,440,430,154,584,6
2021-08-21,Mono,051,14174,1392,1378,17,1395,3
2021-08-21,Monterey,053,433212,45519,44969,2229,47198,538
2021-08-21,Napa,055,140530,11425,11211,68,11279,85
2021-08-21,Nevada,057,99092,7153,6810,235,7045,77
2021-08-21,Orange,059,3164182,284082,279855,13000,292855,5181
2021-08-21,Placer,061,380077,29950,28289,2500,30789,314
2021-08-21,Plumas,063,18699,976,916,14,930,5
2021-08-21,Riverside,065,2383286,327147,320086,15082,335168,4594
2021-08-21,Sacramento,067,1510023,133142,127751,2719,130470,1809
2021-08-21,San Benito,069,59416,6614,6542,126,6668,64
2021-08-21,San Bernardino,071,2135413,323045,318293,9843,328136,5324
2021-08-21,San Diego,073,3302833,328424,322620,19117,341737,3848
2021-08-21,San Francisco,075,870044,46860,45637,1895,47532,573
2021-08-21,San Joaquin,077,732212,85512,82825,4361,87186,1498
2021-08-21,San Luis Obispo,079,281455,24847,24169,940,25109,273
2021-08-21,San Mateo,081,765935,48932,47685,691,48376,553
2021-08-21,Santa Barbara,083,443738,38885,37951,1323,39274,478
2021-08-21,Santa Clara,085,1922200,133141,129911,965,130876,1778
2021-08-21,Santa Cruz,087,273765,18215,17763,896,18659,209
2021-08-21,Shasta,089,179085,14956,14417,2079,16496,217
2021-08-21,Sierra,091,2930,98,85,13,98,0
2021-08-21,Siskiyou,093,43540,2382,2246,615,2861,33
2021-08-21,Solano,095,438530,40587,38423,959,39382,281
2021-08-21,Sonoma,097,501317,36800,35582,436,36018,336
2021-08-21,Stanislaus,099,539301,65101,63512,7140,70652,1058
2021-08-21,Sutter,101,95872,11483,11204,124,11328,133
2021-08-21,Tehama,103,63373,5939,5757,763,6520,67
2021-08-21,Trinity,105,12862,588,431,136,567,3
2021-08-21,Tulare,107,460477,54833,53045,10728,63773,857
2021-08-21,Tuolumne,109,53932,5317,5193,60,5253,73
2021-08-21,Ventura,111,848112,89813,88558,3813,92371,1063
2021-08-21,Yolo,113,214977,16902,16322,657,16979,226
2021-08-21,Yuba,115,75493,7857,7580,169,7749,54
2021-08-20,Alameda,001,1643700,107049,103812,2353,106165,1294
2021-08-20,Alpine,003,1148,91,91,0,91,0
2021-08-20,Amador,005,37829,4453,4323,38,4361,50
2021-08-20,Butte,007,227075,15279,14617,2457,17074,211
2021-08-20,Calaveras,009,45235,2854,2717,19,2736,59
2021-08-20,Colusa,011,21464,2251,2178,453,2631,16
2021-08-20,Contra Costa,013,1133247,87393,83721,1700,85421,857
2021-08-20,Del Norte,015,27424,2635,2316,16,2332,8
2021-08-20,El Dorado,017,186661,13187,12495,1140,13635,118
2021-08-20,Fresno,019,978130,114494,111315,9945,121260,1759
2021-08-20,Glenn,021,27897,2761,2642,713,3355,20
2021-08-20,Humboldt,023,135768,6680,6349,158,6507,52
2021-08-20,Imperial,025,180216,30172,29934,2800,32734,747
2021-08-20,Inyo,027,18085,1511,1495,13,1508,39
2021-08-20,Kern,029,883053,106335,104048,13886,117934,1373
2021-08-20,Kings,031,150075,26003,25241,1340,26581,256
2021-08-20,Lake,033,64148,5215,5024,46,5070,69
2021-08-20,Lassen,035,31185,5650,5539,145,5684,21
2021-08-20,Los Angeles,037,10098052,1337208,1317541,48718,1366259,25049
2021-08-20,Madera,039,155013,18582,18018,1254,19272,246
2021-08-20,Marin,041,260295,16075,15727,317,16044,240
2021-08-20,Mariposa,043,17540,687,630,17,647,5
2021-08-20,Mendocino,045,87422,5538,5241,180,5421,51
2021-08-20,Merced,047,269075,34613,34035,1252,35287,486
2021-08-20,Modoc,049,8938,440,429,154,583,6
2021-08-20,Mono,051,14174,1391,1368,17,1385,3
2021-08-20,Monterey,053,433212,45481,44890,2223,47113,538
2021-08-20,Napa,055,140530,11393,11152,68,11220,83
2021-08-20,Nevada,057,99092,7111,6753,229,6982,77
2021-08-20,Orange,059,3164182,283637,279193,12979,292172,5179
2021-08-20,Placer,061,380077,29855,28156,2471,30627,313
2021-08-20,Plumas,063,18699,966,908,14,922,5
2021-08-20,Riverside,065,2383286,326451,319072,15051,334123,4594
2021-08-20,Sacramento,067,1510023,132666,127226,2702,129928,1797
2021-08-20,San Benito,069,59416,6600,6508,126,6634,64
2021-08-20,San Bernardino,071,2135413,322432,317372,9814,327186,5322
2021-08-20,San Diego,073,3302833,327515,321102,19047,340149,3846
2021-08-20,San Francisco,075,870044,46763,45432,1880,47312,573
2021-08-20,San Joaquin,077,732212,85281,82419,4343,86762,1496
2021-08-20,San Luis Obispo,079,281455,24769,23986,936,24922,273
2021-08-20,San Mateo,081,765935,48819,47561,688,48249,551
2021-08-20,Santa Barbara,083,443738,38800,37794,1318,39112,477
2021-08-20,Santa Clara,085,1922200,132858,129510,960,130470,1774
2021-08-20,Santa Cruz,087,273765,18175,17701,893,18594,209
2021-08-20,Shasta,089,179085,14876,14277,2061,16338,215
2021-08-20,Sierra,091,2930,97,83,13,96,0
2021-08-20,Siskiyou,093,43540,2366,2226,610,2836,33
2021-08-20,Solano,095,438530,40446,38214,948,39162,277
2021-08-20,Sonoma,097,501317,36732,35416,435,35851,336
2021-08-20,Stanislaus,099,539301,64912,63219,7116,70335,1047
2021-08-20,Sutter,101,95872,11427,11136,123,11259,133
2021-08-20,Tehama,103,63373,5923,5730,751,6481,66
2021-08-20,Trinity,105,12862,588,422,135,557,3
2021-08-20,Tulare,107,460477,54703,52855,10685,63540,856
2021-08-20,Tuolumne,109,53932,5293,5153,59,5212,73
2021-08-20,Ventura,111,848112,89645,88285,3810,92095,1061
2021-08-20,Yolo,113,214977,16847,16236,651,16887,225
2021-08-20,Yuba,115,75493,7816,7523,169,7692,54
2021-08-19,Alameda,001,1643700,106598,103276,2331,105607,1294
2021-08-19,Alpine,003,1148,91,91,0,91,0
2021-08-19,Amador,005,37829,4446,4317,38,4355,50
2021-08-19,Butte,007,227075,15145,14518,2429,16947,211
2021-08-19,Calaveras,009,45235,2832,2673,19,2692,59
2021-08-19,Colusa,011,21464,2242,2167,448,2615,16
2021-08-19,Contra Costa,013,1133247,86955,83296,1687,84983,852
2021-08-19,Del Norte,015,27424,2585,2257,16,2273,8
2021-08-19,El Dorado,017,186661,13101,12410,1121,13531,118
2021-08-19,Fresno,019,978130,114056,110947,9891,120838,1759
2021-08-19,Glenn,021,27897,2743,2629,706,3335,20
2021-08-19,Humboldt,023,135768,6619,6246,152,6398,52
2021-08-19,Imperial,025,180216,30126,29865,2795,32660,747
2021-08-19,Inyo,027,18085,1504,1494,13,1507,39
2021-08-19,Kern,029,883053,105939,103731,13745,117476,1371
2021-08-19,Kings,031,150075,25872,25128,1328,26456,256
2021-08-19,Lake,033,64148,5183,4991,42,5033,69
2021-08-19,Lassen,035,31185,5632,5520,144,5664,21
2021-08-19,Los Angeles,037,10098052,1334223,1314453,48577,1363030,25020
2021-08-19,Madera,039,155013,18520,17947,1239,19186,246
2021-08-19,Marin,041,260295,16042,15672,314,15986,240
2021-08-19,Mariposa,043,17540,672,618,17,635,5
2021-08-19,Mendocino,045,87422,5505,5167,177,5344,51
2021-08-19,Merced,047,269075,34478,33851,1239,35090,486
2021-08-19,Modoc,049,8938,440,427,154,581,6
2021-08-19,Mono,051,14174,1387,1349,17,1366,3
2021-08-19,Monterey,053,433212,45408,44821,2213,47034,538
2021-08-19,Napa,055,140530,11341,11104,68,11172,83
2021-08-19,Nevada,057,99092,7047,6695,227,6922,77
2021-08-19,Orange,059,3164182,283000,278562,12928,291490,5172
2021-08-19,Placer,061,380077,29675,27953,2454,30407,313
2021-08-19,Plumas,063,18699,953,896,14,910,5
2021-08-19,Riverside,065,2383286,325423,318056,15022,333078,4589
2021-08-19,Sacramento,067,1510023,131962,126720,2667,129387,1801
2021-08-19,San Benito,069,59416,6583,6493,125,6618,64
2021-08-19,San Bernardino,071,2135413,321609,316398,9791,326189,5318
2021-08-19,San Diego,073,3302833,326264,319582,18949,338531,3839
2021-08-19,San Francisco,075,870044,46600,45220,1867,47087,571
2021-08-19,San Joaquin,077,732212,84835,82047,4294,86341,1491
2021-08-19,San Luis Obispo,079,281455,24631,23878,929,24807,271
2021-08-19,San Mateo,081,765935,48687,47431,687,48118,551
2021-08-19,Santa Barbara,083,443738,38655,37693,1315,39008,477
2021-08-19,Santa Clara,085,1922200,132468,129133,953,130086,1774
2021-08-19,Santa Cruz,087,273765,18112,17644,886,18530,209
2021-08-19,Shasta,089,179085,14752,14200,2038,16238,214
2021-08-19,Sierra,091,2930,93,83,13,96,0
2021-08-19,Siskiyou,093,43540,2351,2218,598,2816,33
2021-08-19,Solano,095,438530,40288,38025,937,38962,273
2021-08-19,Sonoma,097,501317,36644,35233,434,35667,336
2021-08-19,Stanislaus,099,539301,64568,62928,7072,70000,1047
2021-08-19,Sutter,101,95872,11342,11057,122,11179,133
2021-08-19,Tehama,103,63373,5887,5683,725,6408,66
2021-08-19,Trinity,105,12862,584,414,133,547,3
2021-08-19,Tulare,107,460477,54471,52685,10622,63307,856
2021-08-19,Tuolumne,109,53932,5257,5112,58,5170,64
2021-08-19,Ventura,111,848112,89442,88073,3796,91869,1060
2021-08-19,Yolo,113,214977,16762,16153,643,16796,225
2021-08-19,Yuba,115,75493,7763,7458,168,7626,51
2021-08-18,Alameda,001,1643700,106190,102696,2309,105005,1294
2021-08-18,Alpine,003,1148,90,91,0,91,0
2021-08-18,Amador,005,37829,4430,4279,37,4316,50
2021-08-18,Butte,007,227075,15035,14426,2401,16827,208
2021-08-18,Calaveras,009,45235,2795,2643,18,2661,59
2021-08-18,Colusa,011,21464,2234,2160,444,2604,16
2021-08-18,Contra Costa,013,1133247,86456,82767,1681,84448,851
2021-08-18,Del Norte,015,27424,2528,2219,16,2235,8
2021-08-18,El Dorado,017,186661,13011,12306,1107,13413,118
2021-08-18,Fresno,019,978130,113601,110523,9830,120353,1759
2021-08-18,Glenn,021,27897,2710,2623,698,3321,20
2021-08-18,Humboldt,023,135768,6548,6195,147,6342,52
2021-08-18,Imperial,025,180216,30093,29821,2793,32614,746
2021-08-18,Inyo,027,18085,1501,1494,13,1507,39
2021-08-18,Kern,029,883053,105592,103440,13651,117091,1370
2021-08-18,Kings,031,150075,25763,24984,1320,26304,256
2021-08-18,Lake,033,64148,5142,4957,41,4998,69
2021-08-18,Lassen,035,31185,5613,5506,143,5649,21
2021-08-18,Los Angeles,037,10098052,1331070,1311477,48445,1359922,24984
2021-08-18,Madera,039,155013,18461,17871,1226,19097,246
2021-08-18,Marin,041,260295,16004,15610,311,15921,240
2021-08-18,Mariposa,043,17540,659,615,16,631,5
2021-08-18,Mendocino,045,87422,5454,5129,175,5304,51
2021-08-18,Merced,047,269075,34314,33708,1228,34936,484
2021-08-18,Modoc,049,8938,440,427,153,580,6
2021-08-18,Mono,051,14174,1384,1344,17,1361,3
2021-08-18,Monterey,053,433212,45324,44735,2196,46931,532
2021-08-18,Napa,055,140530,11302,11060,67,11127,83
2021-08-18,Nevada,057,99092,6981,6633,227,6860,76
2021-08-18,Orange,059,3164182,282363,277795,12876,290671,5168
2021-08-18,Placer,061,380077,29448,27741,2426,30167,312
2021-08-18,Plumas,063,18699,944,874,14,888,5
2021-08-18,Riverside,065,2383286,324425,317107,14989,332096,4585
2021-08-18,Sacramento,067,1510023,131200,125599,2635,128234,1781
2021-08-18,San Benito,069,59416,6572,6481,124,6605,64
2021-08-18,San Bernardino,071,2135413,320810,315477,9772,325249,5304
2021-08-18,San Diego,073,3302833,324924,318152,18883,337035,3834
2021-08-18,San Francisco,075,870044,46398,44957,1858,46815,568
2021-08-18,San Joaquin,077,732212,84383,81601,4263,85864,1491
2021-08-18,San Luis Obispo,079,281455,24481,23726,916,24642,270
2021-08-18,San Mateo,081,765935,48523,47255,686,47941,551
2021-08-18,Santa Barbara,083,443738,38524,37599,1309,38908,475
2021-08-18,Santa Clara,085,1922200,132104,128563,950,129513,1773
2021-08-18,Santa Cruz,087,273765,18057,17566,882,18448,209
2021-08-18,Shasta,089,179085,14653,14087,2019,16106,213
2021-08-18,Sierra,091,2930,92,83,13,96,0
2021-08-18,Siskiyou,093,43540,2322,2204,586,2790,33
2021-08-18,Solano,095,438530,40082,37812,922,38734,271
2021-08-18,Sonoma,097,501317,36500,35063,433,35496,333
2021-08-18,Stanislaus,099,539301,64237,62613,7029,69642,1047
2021-08-18,Sutter,101,95872,11270,11004,117,11121,130
2021-08-18,Tehama,103,63373,5852,5653,715,6368,66
2021-08-18,Trinity,105,12862,577,409,130,539,3
2021-08-18,Tulare,107,460477,54231,52486,10553,63039,856
2021-08-18,Tuolumne,109,53932,5221,5081,56,5137,64
2021-08-18,Ventura,111,848112,89210,87835,3786,91621,1055
2021-08-18,Yolo,113,214977,16679,16047,625,16672,225
2021-08-18,Yuba,115,75493,7698,7391,168,7559,51
2021-08-17,Alameda,001,1643700,105790,102379,2294,104673,1290
2021-08-17,Alpine,003,1148,90,91,0,91,0
2021-08-17,Amador,005,37829,4401,4266,37,4303,50
2021-08-17,Butte,007,227075,14928,14357,2366,16723,206
2021-08-17,Calaveras,009,45235,2761,2624,18,2642,59
2021-08-17,Colusa,011,21464,2225,2156,440,2596,16
2021-08-17,Contra Costa,013,1133247,86009,82482,1670,84152,848
2021-08-17,Del Norte,015,27424,2474,2188,16,2204,8
2021-08-17,El Dorado,017,186661,12924,12242,1094,13336,118
2021-08-17,Fresno,019,978130,113117,110263,9767,120030,1755
2021-08-17,Glenn,021,27897,2696,2608,689,3297,20
2021-08-17,Humboldt,023,135768,6468,6155,145,6300,52
2021-08-17,Imperial,025,180216,30042,29768,2789,32557,746
2021-08-17,Inyo,027,18085,1498,1492,13,1505,39
2021-08-17,Kern,029,883053,105198,103048,13529,116577,1367
2021-08-17,Kings,031,150075,25657,24930,1309,26239,254
2021-08-17,Lake,033,64148,5099,4930,35,4965,68
2021-08-17,Lassen,035,31185,5596,5499,141,5640,21
2021-08-17,Los Angeles,037,10098052,1327505,1307999,48314,1356313,24952
2021-08-17,Madera,039,155013,18387,17838,1208,19046,246
2021-08-17,Marin,041,260295,15948,15570,311,15881,240
2021-08-17,Mariposa,043,17540,651,609,15,624,5
2021-08-17,Mendocino,045,87422,5399,5097,175,5272,51
2021-08-17,Merced,047,269075,34164,33508,1218,34726,482
2021-08-17,Modoc,049,8938,437,424,151,575,6
2021-08-17,Mono,051,14174,1379,1341,17,1358,3
2021-08-17,Monterey,053,433212,45240,44672,2186,46858,528
2021-08-17,Napa,055,140530,11261,11007,66,11073,83
2021-08-17,Nevada,057,99092,6906,6605,225,6830,75
2021-08-17,Orange,059,3164182,281717,277121,12840,289961,5164
2021-08-17,Placer,061,380077,29233,27634,2397,30031,312
2021-08-17,Plumas,063,18699,932,860,14,874,5
2021-08-17,Riverside,065,2383286,323413,316051,14946,330997,4582
2021-08-17,Sacramento,067,1510023,130406,125151,2593,127744,1774
2021-08-17,San Benito,069,59416,6553,6470,124,6594,64
2021-08-17,San Bernardino,071,2135413,319871,314402,9732,324134,5302
2021-08-17,San Diego,073,3302833,323314,317058,18785,335843,3824
2021-08-17,San Francisco,075,870044,46198,44820,1852,46672,567
2021-08-17,San Joaquin,077,732212,83915,81300,4230,85530,1489
2021-08-17,San Luis Obispo,079,281455,24325,23556,913,24469,268
2021-08-17,San Mateo,081,765935,48368,47127,681,47808,551
2021-08-17,Santa Barbara,083,443738,38365,37478,1302,38780,475
2021-08-17,Santa Clara,085,1922200,131701,128354,944,129298,1773
2021-08-17,Santa Cruz,087,273765,17972,17528,881,18409,209
2021-08-17,Shasta,089,179085,14522,14012,2000,16012,214
2021-08-17,Sierra,091,2930,91,82,13,95,0
2021-08-17,Siskiyou,093,43540,2306,2183,573,2756,33
2021-08-17,Solano,095,438530,39853,37662,909,38571,269
2021-08-17,Sonoma,097,501317,36352,34943,429,35372,333
2021-08-17,Stanislaus,099,539301,63896,62385,6970,69355,1047
2021-08-17,Sutter,101,95872,11198,10973,117,11090,130
2021-08-17,Tehama,103,63373,5818,5612,693,6305,66
2021-08-17,Trinity,105,12862,572,406,128,534,3
2021-08-17,Tulare,107,460477,53963,52362,10488,62850,856
2021-08-17,Tuolumne,109,53932,5178,5042,55,5097,64
2021-08-17,Ventura,111,848112,88972,87601,3765,91366,1053
2021-08-17,Yolo,113,214977,16590,15975,611,16586,225
2021-08-17,Yuba,115,75493,7627,7355,168,7523,51
2021-08-16,Alameda,001,1643700,105291,102052,2285,104337,1287
2021-08-16,Alpine,003,1148,90,91,0,91,0
2021-08-16,Amador,005,37829,4391,4235,37,4272,50
2021-08-16,Butte,007,227075,14809,14283,2331,16614,206
2021-08-16,Calaveras,009,45235,2701,2609,17,2626,57
2021-08-16,Colusa,011,21464,2214,2147,436,2583,16
2021-08-16,Contra Costa,013,1133247,85467,82070,1660,83730,848
2021-08-16,Del Norte,015,27424,2397,2125,16,2141,8
2021-08-16,El Dorado,017,186661,12823,12139,1081,13220,118
2021-08-16,Fresno,019,978130,112619,109623,9715,119338,1753
2021-08-16,Glenn,021,27897,2677,2593,683,3276,20
2021-08-16,Humboldt,023,135768,6397,6064,124,6188,52
2021-08-16,Imperial,025,180216,30001,29737,2775,32512,746
2021-08-16,Inyo,027,18085,1495,1490,13,1503,39
2021-08-16,Kern,029,883053,104823,102690,13413,116103,1367
2021-08-16,Kings,031,150075,25554,24817,1300,26117,254
2021-08-16,Lake,033,64148,5072,4898,34,4932,68
2021-08-16,Lassen,035,31185,5580,5481,133,5614,21
2021-08-16,Los Angeles,037,10098052,1324125,1305330,48172,1353502,24923
2021-08-16,Madera,039,155013,18312,17756,1187,18943,246
2021-08-16,Marin,041,260295,15889,15497,310,15807,239
2021-08-16,Mariposa,043,17540,634,597,15,612,5
2021-08-16,Mendocino,045,87422,5343,5037,173,5210,49
2021-08-16,Merced,047,269075,33963,33364,1205,34569,481
2021-08-16,Modoc,049,8938,435,421,150,571,5
2021-08-16,Mono,051,14174,1374,1339,17,1356,3
2021-08-16,Monterey,053,433212,45161,44595,2174,46769,527
2021-08-16,Napa,055,140530,11232,10946,66,11012,83
2021-08-16,Nevada,057,99092,6851,6535,224,6759,74
2021-08-16,Orange,059,3164182,280923,275985,12794,288779,5161
2021-08-16,Placer,061,380077,29050,27384,2365,29749,306
2021-08-16,Plumas,063,18699,921,851,14,865,5
2021-08-16,Riverside,065,2383286,322322,314774,14909,329683,4582
2021-08-16,Sacramento,067,1510023,129595,124554,2550,127104,1762
2021-08-16,San Benito,069,59416,6529,6452,124,6576,64
2021-08-16,San Bernardino,071,2135413,318905,313617,9705,323322,5301
2021-08-16,San Diego,073,3302833,321715,315348,18645,333993,3824
2021-08-16,San Francisco,075,870044,45994,44681,1845,46526,567
2021-08-16,San Joaquin,077,732212,83412,81087,4203,85290,1488
2021-08-16,San Luis Obispo,079,281455,24175,23452,905,24357,265
2021-08-16,San Mateo,081,765935,48185,47024,675,47699,548
2021-08-16,Santa Barbara,083,443738,38194,37358,1297,38655,475
2021-08-16,Santa Clara,085,1922200,131237,127978,940,128918,1773
2021-08-16,Santa Cruz,087,273765,17908,17491,875,18366,209
2021-08-16,Shasta,089,179085,14433,13862,1984,15846,211
2021-08-16,Sierra,091,2930,88,82,13,95,0
2021-08-16,Siskiyou,093,43540,2289,2169,553,2722,33
2021-08-16,Solano,095,438530,39572,37436,897,38333,263
2021-08-16,Sonoma,097,501317,36184,34844,427,35271,333
2021-08-16,Stanislaus,099,539301,63557,62033,6918,68951,1039
2021-08-16,Sutter,101,95872,11129,10902,116,11018,130
2021-08-16,Tehama,103,63373,5755,5565,688,6253,66
2021-08-16,Trinity,105,12862,566,400,127,527,3
2021-08-16,Tulare,107,460477,53720,52162,10420,62582,856
2021-08-16,Tuolumne,109,53932,5139,4984,54,5038,64
2021-08-16,Ventura,111,848112,88727,86954,3747,90701,1052
2021-08-16,Yolo,113,214977,16489,15922,603,16525,225
2021-08-16,Yuba,115,75493,7543,7314,167,7481,51
2021-08-15,Alameda,001,1643700,104803,101660,2268,103928,1287
2021-08-15,Alpine,003,1148,90,91,0,91,0
2021-08-15,Amador,005,37829,4363,4231,37,4268,49
2021-08-15,Butte,007,227075,14684,14263,2308,16571,206
2021-08-15,Calaveras,009,45235,2659,2599,17,2616,57
2021-08-15,Colusa,011,21464,2202,2140,426,2566,16
2021-08-15,Contra Costa,013,1133247,84984,81781,1645,83426,848
2021-08-15,Del Norte,015,27424,2330,2060,16,2076,8
2021-08-15,El Dorado,017,186661,12688,12057,1064,13121,118
2021-08-15,Fresno,019,978130,112140,109382,9649,119031,1753
2021-08-15,Glenn,021,27897,2654,2592,671,3263,20
2021-08-15,Humboldt,023,135768,6323,6024,118,6142,52
2021-08-15,Imperial,025,180216,29935,29711,2771,32482,746
2021-08-15,Inyo,027,18085,1494,1489,13,1502,39
2021-08-15,Kern,029,883053,104379,102524,13301,115825,1367
2021-08-15,Kings,031,150075,25409,24736,1290,26026,254
2021-08-15,Lake,033,64148,5013,4886,33,4919,68
2021-08-15,Lassen,035,31185,5563,5482,132,5614,21
2021-08-15,Los Angeles,037,10098052,1320588,1302882,48002,1350884,24918
2021-08-15,Madera,039,155013,18224,17714,1171,18885,246
2021-08-15,Marin,041,260295,15830,15461,308,15769,239
2021-08-15,Mariposa,043,17540,627,591,14,605,5
2021-08-15,Mendocino,045,87422,5286,5022,167,5189,49
2021-08-15,Merced,047,269075,33719,33305,1194,34499,481
2021-08-15,Modoc,049,8938,433,421,150,571,5
2021-08-15,Mono,051,14174,1370,1334,17,1351,3
2021-08-15,Monterey,053,433212,45039,44567,2153,46720,527
2021-08-15,Napa,055,140530,11177,10919,66,10985,83
2021-08-15,Nevada,057,99092,6766,6486,224,6710,74
2021-08-15,Orange,059,3164182,280152,275447,12754,288201,5161
2021-08-15,Placer,061,380077,28828,27220,2317,29537,306
2021-08-15,Plumas,063,18699,909,850,14,864,5
2021-08-15,Riverside,065,2383286,321184,314133,14882,329015,4582
2021-08-15,Sacramento,067,1510023,128779,123924,2518,126442,1761
2021-08-15,San Benito,069,59416,6511,6446,123,6569,64
2021-08-15,San Bernardino,071,2135413,317832,313120,9674,322794,5301
2021-08-15,San Diego,073,3302833,320243,314247,18518,332765,3824
2021-08-15,San Francisco,075,870044,45771,44531,1830,46361,567
2021-08-15,San Joaquin,077,732212,82925,80832,4164,84996,1488
2021-08-15,San Luis Obispo,079,281455,23979,23404,895,24299,265
2021-08-15,San Mateo,081,765935,47998,46897,669,47566,548
2021-08-15,Santa Barbara,083,443738,38022,37276,1290,38566,475
2021-08-15,Santa Clara,085,1922200,130804,127715,934,128649,1773
2021-08-15,Santa Cruz,087,273765,17838,17440,868,18308,209
2021-08-15,Shasta,089,179085,14330,13835,1959,15794,211
2021-08-15,Sierra,091,2930,87,82,12,94,0
2021-08-15,Siskiyou,093,43540,2268,2169,539,2708,33
2021-08-15,Solano,095,438530,39316,37320,886,38206,263
2021-08-15,Sonoma,097,501317,35988,34706,419,35125,333
2021-08-15,Stanislaus,099,539301,63188,61795,6841,68636,1039
2021-08-15,Sutter,101,95872,11038,10863,116,10979,130
2021-08-15,Tehama,103,63373,5706,5550,682,6232,66
2021-08-15,Trinity,105,12862,562,400,126,526,3
2021-08-15,Tulare,107,460477,53464,52046,10361,62407,856
2021-08-15,Tuolumne,109,53932,5101,4934,52,4986,64
2021-08-15,Ventura,111,848112,88422,86797,3733,90530,1052
2021-08-15,Yolo,113,214977,16392,15873,593,16466,225
2021-08-15,Yuba,115,75493,7466,7265,166,7431,51
2021-08-14,Alameda,001,1643700,104586,101305,2264,103569,1287
2021-08-14,Alpine,003,1148,90,91,0,91,0
2021-08-14,Amador,005,37829,4345,4206,37,4243,49
2021-08-14,Butte,007,227075,14648,14192,2292,16484,206
2021-08-14,Calaveras,009,45235,2652,2579,17,2596,57
2021-08-14,Colusa,011,21464,2191,2134,422,2556,16
2021-08-14,Contra Costa,013,1133247,84736,81458,1637,83095,848
2021-08-14,Del Norte,015,27424,2303,2015,16,2031,8
2021-08-14,El Dorado,017,186661,12652,12019,1056,13075,118
2021-08-14,Fresno,019,978130,111978,109056,9619,118675,1753
2021-08-14,Glenn,021,27897,2643,2583,668,3251,20
2021-08-14,Humboldt,023,135768,6270,5998,115,6113,52
2021-08-14,Imperial,025,180216,29908,29671,2771,32442,746
2021-08-14,Inyo,027,18085,1492,1487,13,1500,39
2021-08-14,Kern,029,883053,104184,102306,13205,115511,1367
2021-08-14,Kings,031,150075,25311,24647,1282,25929,254
2021-08-14,Lake,033,64148,4996,4850,32,4882,68
2021-08-14,Lassen,035,31185,5556,5475,131,5606,21
2021-08-14,Los Angeles,037,10098052,1318819,1299346,47863,1347209,24911
2021-08-14,Madera,039,155013,18177,17691,1166,18857,246
2021-08-14,Marin,041,260295,15796,15441,308,15749,239
2021-08-14,Mariposa,043,17540,623,584,14,598,5
2021-08-14,Mendocino,045,87422,5250,4977,164,5141,49
2021-08-14,Merced,047,269075,33655,33234,1188,34422,481
2021-08-14,Modoc,049,8938,433,421,150,571,5
2021-08-14,Mono,051,14174,1365,1332,17,1349,3
2021-08-14,Monterey,053,433212,44994,44514,2150,46664,527
2021-08-14,Napa,055,140530,11147,10878,65,10943,83
2021-08-14,Nevada,057,99092,6731,6419,223,6642,74
2021-08-14,Orange,059,3164182,279718,274732,12727,287459,5161
2021-08-14,Placer,061,380077,28682,27115,2293,29408,306
2021-08-14,Plumas,063,18699,899,849,14,863,5
2021-08-14,Riverside,065,2383286,320468,313264,14861,328125,4582
2021-08-14,Sacramento,067,1510023,128285,123438,2500,125938,1758
2021-08-14,San Benito,069,59416,6498,6428,123,6551,64
2021-08-14,San Bernardino,071,2135413,317281,312142,9653,321795,5301
2021-08-14,San Diego,073,3302833,319572,313589,18450,332039,3824
2021-08-14,San Francisco,075,870044,45642,44353,1811,46164,567
2021-08-14,San Joaquin,077,732212,82709,80585,4149,84734,1488
2021-08-14,San Luis Obispo,079,281455,23918,23328,892,24220,265
2021-08-14,San Mateo,081,765935,47879,46792,665,47457,548
2021-08-14,Santa Barbara,083,443738,37928,37118,1288,38406,475
2021-08-14,Santa Clara,085,1922200,130525,127432,931,128363,1772
2021-08-14,Santa Cruz,087,273765,17799,17384,867,18251,209
2021-08-14,Shasta,089,179085,14255,13813,1938,15751,211
2021-08-14,Sierra,091,2930,86,81,12,93,0
2021-08-14,Siskiyou,093,43540,2258,2160,529,2689,33
2021-08-14,Solano,095,438530,39229,37237,874,38111,263
2021-08-14,Sonoma,097,501317,35865,34606,417,35023,333
2021-08-14,Stanislaus,099,539301,63013,61564,6797,68361,1039
2021-08-14,Sutter,101,95872,10993,10808,115,10923,130
2021-08-14,Tehama,103,63373,5682,5530,678,6208,66
2021-08-14,Trinity,105,12862,556,399,126,525,3
2021-08-14,Tulare,107,460477,53328,51951,10316,62267,856
2021-08-14,Tuolumne,109,53932,5066,4924,52,4976,64
2021-08-14,Ventura,111,848112,88266,86569,3713,90282,1052
2021-08-14,Yolo,113,214977,16347,15815,584,16399,225
2021-08-14,Yuba,115,75493,7417,7223,166,7389,51
2021-08-13,Alameda,001,1643700,104290,100930,2256,103186,1284
2021-08-13,Alpine,003,1148,90,91,0,91,0
2021-08-13,Amador,005,37829,4317,4169,37,4206,49
2021-08-13,Butte,007,227075,14578,14100,2276,16376,206
2021-08-13,Calaveras,009,45235,2646,2564,17,2581,57
2021-08-13,Colusa,011,21464,2184,2123,417,2540,16
2021-08-13,Contra Costa,013,1133247,84425,81046,1630,82676,848
2021-08-13,Del Norte,015,27424,2262,1973,16,1989,8
2021-08-13,El Dorado,017,186661,12612,11951,1044,12995,118
2021-08-13,Fresno,019,978130,111686,108638,9596,118234,1753
2021-08-13,Glenn,021,27897,2632,2574,665,3239,20
2021-08-13,Humboldt,023,135768,6223,5882,112,5994,52
2021-08-13,Imperial,025,180216,29881,29654,2770,32424,745
2021-08-13,Inyo,027,18085,1491,1484,13,1497,39
2021-08-13,Kern,029,883053,103975,102029,13096,115125,1364
2021-08-13,Kings,031,150075,25226,24531,1275,25806,253
2021-08-13,Lake,033,64148,4973,4811,31,4842,68
2021-08-13,Lassen,035,31185,5548,5455,130,5585,21
2021-08-13,Los Angeles,037,10098052,1316497,1295406,47726,1343132,24891
2021-08-13,Madera,039,155013,18128,17614,1157,18771,246
2021-08-13,Marin,041,260295,15765,15380,308,15688,239
2021-08-13,Mariposa,043,17540,617,577,14,591,5
2021-08-13,Mendocino,045,87422,5197,4924,162,5086,49
2021-08-13,Merced,047,269075,33608,33111,1182,34293,480
2021-08-13,Modoc,049,8938,432,421,149,570,5
2021-08-13,Mono,051,14174,1362,1331,17,1348,3
2021-08-13,Monterey,053,433212,44934,44450,2148,46598,527
2021-08-13,Napa,055,140530,11111,10830,65,10895,83
2021-08-13,Nevada,057,99092,6690,6356,222,6578,74
2021-08-13,Orange,059,3164182,279224,274004,12678,286682,5159
2021-08-13,Placer,061,380077,28581,26987,2266,29253,306
2021-08-13,Plumas,063,18699,885,842,14,856,5
2021-08-13,Riverside,065,2383286,319729,312408,14836,327244,4581
2021-08-13,Sacramento,067,1510023,127815,122868,2475,125343,1758
2021-08-13,San Benito,069,59416,6492,6422,121,6543,64
2021-08-13,San Bernardino,071,2135413,316613,311378,9634,321012,5301
2021-08-13,San Diego,073,3302833,318526,312293,18371,330664,3821
2021-08-13,San Francisco,075,870044,45506,44196,1788,45984,567
2021-08-13,San Joaquin,077,732212,82492,80232,4133,84365,1481
2021-08-13,San Luis Obispo,079,281455,23855,23226,889,24115,265
2021-08-13,San Mateo,081,765935,47760,46660,664,47324,548
2021-08-13,Santa Barbara,083,443738,37843,37023,1284,38307,474
2021-08-13,Santa Clara,085,1922200,130238,126958,925,127883,1769
2021-08-13,Santa Cruz,087,273765,17759,17332,860,18192,209
2021-08-13,Shasta,089,179085,14192,13698,1924,15622,211
2021-08-13,Sierra,091,2930,85,81,12,93,0
2021-08-13,Siskiyou,093,43540,2249,2147,525,2672,33
2021-08-13,Solano,095,438530,39095,37104,866,37970,264
2021-08-13,Sonoma,097,501317,35760,34464,417,34881,333
2021-08-13,Stanislaus,099,539301,62841,61294,6756,68050,1039
2021-08-13,Sutter,101,95872,10949,10751,114,10865,130
2021-08-13,Tehama,103,63373,5658,5496,676,6172,66
2021-08-13,Trinity,105,12862,552,392,126,518,3
2021-08-13,Tulare,107,460477,53224,51770,10243,62013,856
2021-08-13,Tuolumne,109,53932,5033,4899,51,4950,64
2021-08-13,Ventura,111,848112,88108,86368,3700,90068,1052
2021-08-13,Yolo,113,214977,16293,15761,574,16335,225
2021-08-13,Yuba,115,75493,7379,7184,166,7350,51
2021-08-12,Alameda,001,1643700,103799,100472,2243,102715,1284
2021-08-12,Alpine,003,1148,90,91,0,91,0
2021-08-12,Amador,005,37829,4287,4161,36,4197,49
2021-08-12,Butte,007,227075,14508,14006,2258,16264,206
2021-08-12,Calaveras,009,45235,2630,2531,17,2548,57
2021-08-12,Colusa,011,21464,2179,2111,416,2527,17
2021-08-12,Contra Costa,013,1133247,83943,80738,1615,82353,846
2021-08-12,Del Norte,015,27424,2190,1923,16,1939,8
2021-08-12,El Dorado,017,186661,12498,11880,1035,12915,118
2021-08-12,Fresno,019,978130,111264,108193,9528,117721,1753
2021-08-12,Glenn,021,27897,2624,2559,653,3212,20
2021-08-12,Humboldt,023,135768,6154,5845,108,5953,52
2021-08-12,Imperial,025,180216,29825,29585,2764,32349,745
2021-08-12,Inyo,027,18085,1489,1483,13,1496,39
2021-08-12,Kern,029,883053,103686,101698,13017,114715,1364
2021-08-12,Kings,031,150075,25126,24423,1267,25690,252
2021-08-12,Lake,033,64148,4947,4774,31,4805,68
2021-08-12,Lassen,035,31185,5526,5428,129,5557,21
2021-08-12,Los Angeles,037,10098052,1313306,1291875,47591,1339466,24874
2021-08-12,Madera,039,155013,18064,17564,1145,18709,246
2021-08-12,Marin,041,260295,15716,15277,305,15582,239
2021-08-12,Mariposa,043,17540,608,568,13,581,5
2021-08-12,Mendocino,045,87422,5167,4873,156,5029,49
2021-08-12,Merced,047,269075,33484,32960,1175,34135,480
2021-08-12,Modoc,049,8938,431,423,149,572,5
2021-08-12,Mono,051,14174,1357,1325,17,1342,3
2021-08-12,Monterey,053,433212,44858,44383,2133,46516,527
2021-08-12,Napa,055,140530,11062,10780,64,10844,83
2021-08-12,Nevada,057,99092,6629,6283,222,6505,74
2021-08-12,Orange,059,3164182,278546,273167,12620,285787,5158
2021-08-12,Placer,061,380077,28382,26856,2243,29099,306
2021-08-12,Plumas,063,18699,877,829,14,843,5
2021-08-12,Riverside,065,2383286,318720,311304,14804,326108,4575
2021-08-12,Sacramento,067,1510023,127044,122222,2445,124667,1758
2021-08-12,San Benito,069,59416,6475,6398,119,6517,64
2021-08-12,San Bernardino,071,2135413,315738,310420,9604,320024,5297
2021-08-12,San Diego,073,3302833,317156,310596,18282,328878,3821
2021-08-12,San Francisco,075,870044,45299,43774,1775,45549,564
2021-08-12,San Joaquin,077,732212,82097,79945,4110,84055,1479
2021-08-12,San Luis Obispo,079,281455,23755,23101,876,23977,264
2021-08-12,San Mateo,081,765935,47616,46435,661,47096,548
2021-08-12,Santa Barbara,083,443738,37706,36881,1276,38157,473
2021-08-12,Santa Clara,085,1922200,129789,126614,919,127533,1769
2021-08-12,Santa Cruz,087,273765,17695,17261,859,18120,209
2021-08-12,Shasta,089,179085,14106,13621,1897,15518,211
2021-08-12,Sierra,091,2930,85,81,12,93,0
2021-08-12,Siskiyou,093,43540,2242,2134,516,2650,33
2021-08-12,Solano,095,438530,38866,36980,857,37837,262
2021-08-12,Sonoma,097,501317,35612,34299,414,34713,333
2021-08-12,Stanislaus,099,539301,62576,61026,6697,67723,1039
2021-08-12,Sutter,101,95872,10888,10695,112,10807,130
2021-08-12,Tehama,103,63373,5628,5462,667,6129,66
2021-08-12,Trinity,105,12862,548,386,125,511,3
2021-08-12,Tulare,107,460477,53079,51632,10194,61826,856
2021-08-12,Tuolumne,109,53932,4986,4845,49,4894,64
2021-08-12,Ventura,111,848112,87871,86106,3676,89782,1052
2021-08-12,Yolo,113,214977,16221,15686,560,16246,224
2021-08-12,Yuba,115,75493,7331,7128,165,7293,51
2021-08-11,Alameda,001,1643700,103288,100040,2240,102280,1281
2021-08-11,Alpine,003,1148,90,91,0,91,0
2021-08-11,Amador,005,37829,4263,4127,36,4163,49
2021-08-11,Butte,007,227075,14407,13905,2233,16138,206
2021-08-11,Calaveras,009,45235,2608,2505,17,2522,57
2021-08-11,Colusa,011,21464,2169,2101,414,2515,16
2021-08-11,Contra Costa,013,1133247,83443,80275,1597,81872,843
2021-08-11,Del Norte,015,27424,2131,1893,16,1909,8
2021-08-11,El Dorado,017,186661,12387,11799,1023,12822,119
2021-08-11,Fresno,019,978130,110810,107773,9482,117255,1751
2021-08-11,Glenn,021,27897,2615,2547,643,3190,20
2021-08-11,Humboldt,023,135768,6107,5765,107,5872,52
2021-08-11,Imperial,025,180216,29782,29565,2760,32325,745
2021-08-11,Inyo,027,18085,1489,1483,13,1496,39
2021-08-11,Kern,029,883053,103372,101448,12910,114358,1363
2021-08-11,Kings,031,150075,25013,24304,1258,25562,250
2021-08-11,Lake,033,64148,4910,4713,30,4743,68
2021-08-11,Lassen,035,31185,5517,5408,127,5535,21
2021-08-11,Los Angeles,037,10098052,1309978,1288238,47405,1335643,24851
2021-08-11,Madera,039,155013,18014,17511,1134,18645,245
2021-08-11,Marin,041,260295,15667,15235,305,15540,239
2021-08-11,Mariposa,043,17540,598,554,12,566,5
2021-08-11,Mendocino,045,87422,5098,4796,147,4943,49
2021-08-11,Merced,047,269075,33351,32802,1171,33973,479
2021-08-11,Modoc,049,8938,431,421,149,570,5
2021-08-11,Mono,051,14174,1352,1320,17,1337,3
2021-08-11,Monterey,053,433212,44759,44314,2115,46429,527
2021-08-11,Napa,055,140530,11021,10732,64,10796,83
2021-08-11,Nevada,057,99092,6576,6172,219,6391,74
2021-08-11,Orange,059,3164182,277689,272212,12575,284787,5155
2021-08-11,Placer,061,380077,28170,26687,2217,28904,305
2021-08-11,Plumas,063,18699,868,824,14,838,5
2021-08-11,Riverside,065,2383286,317727,310265,14769,325034,4570
2021-08-11,Sacramento,067,1510023,126251,121603,2406,124009,1757
2021-08-11,San Benito,069,59416,6462,6381,119,6500,64
2021-08-11,San Bernardino,071,2135413,314846,309498,9585,319083,5296
2021-08-11,San Diego,073,3302833,315686,309406,18178,327584,3818
2021-08-11,San Francisco,075,870044,45074,43555,1767,45322,564
2021-08-11,San Joaquin,077,732212,81690,79641,4084,83725,1478
2021-08-11,San Luis Obispo,079,281455,23651,22920,869,23789,264
2021-08-11,San Mateo,081,765935,47448,46300,658,46958,548
2021-08-11,Santa Barbara,083,443738,37543,36699,1268,37967,472
2021-08-11,Santa Clara,085,1922200,129308,126301,911,127212,1769
2021-08-11,Santa Cruz,087,273765,17630,17191,856,18047,209
2021-08-11,Shasta,089,179085,14032,13546,1882,15428,211
2021-08-11,Sierra,091,2930,84,81,12,93,0
2021-08-11,Siskiyou,093,43540,2228,2124,509,2633,33
2021-08-11,Solano,095,438530,38631,36862,843,37705,262
2021-08-11,Sonoma,097,501317,35433,34188,409,34597,333
2021-08-11,Stanislaus,099,539301,62245,60767,6667,67434,1037
2021-08-11,Sutter,101,95872,10816,10628,112,10740,130
2021-08-11,Tehama,103,63373,5599,5410,651,6061,66
2021-08-11,Trinity,105,12862,546,385,125,510,3
2021-08-11,Tulare,107,460477,52911,51464,10149,61613,854
2021-08-11,Tuolumne,109,53932,4954,4794,49,4843,64
2021-08-11,Ventura,111,848112,87619,85863,3655,89518,1051
2021-08-11,Yolo,113,214977,16146,15593,544,16137,218
2021-08-11,Yuba,115,75493,7272,7063,164,7227,53
2021-08-10,Alameda,001,1643700,102814,99771,2233,102004,1281
2021-08-10,Alpine,003,1148,90,91,0,91,0
2021-08-10,Amador,005,37829,4247,4093,36,4129,49
2021-08-10,Butte,007,227075,14323,13853,2212,16065,205
2021-08-10,Calaveras,009,45235,2584,2491,15,2506,57
2021-08-10,Colusa,011,21464,2156,2088,405,2493,16
2021-08-10,Contra Costa,013,1133247,82899,80018,1587,81605,840
2021-08-10,Del Norte,015,27424,2087,1870,16,1886,8
2021-08-10,El Dorado,017,186661,12286,11734,1011,12745,117
2021-08-10,Fresno,019,978130,110354,107616,9427,117043,1747
2021-08-10,Glenn,021,27897,2602,2538,633,3171,20
2021-08-10,Humboldt,023,135768,6053,5718,104,5822,52
2021-08-10,Imperial,025,180216,29747,29522,2753,32275,745
2021-08-10,Inyo,027,18085,1489,1482,13,1495,39
2021-08-10,Kern,029,883053,103044,101254,12814,114068,1359
2021-08-10,Kings,031,150075,24887,24252,1242,25494,251
2021-08-10,Lake,033,64148,4869,4700,30,4730,67
2021-08-10,Lassen,035,31185,5499,5401,127,5528,21
2021-08-10,Los Angeles,037,10098052,1306223,1285140,47240,1332380,24821
2021-08-10,Madera,039,155013,17941,17481,1124,18605,245
2021-08-10,Marin,041,260295,15620,15194,305,15499,239
2021-08-10,Mariposa,043,17540,585,550,12,562,5
2021-08-10,Mendocino,045,87422,5053,4775,143,4918,49
2021-08-10,Merced,047,269075,33204,32721,1162,33883,477
2021-08-10,Modoc,049,8938,430,421,149,570,5
2021-08-10,Mono,051,14174,1347,1320,17,1337,3
2021-08-10,Monterey,053,433212,44697,44259,2100,46359,527
2021-08-10,Napa,055,140530,10965,10703,63,10766,83
2021-08-10,Nevada,057,99092,6511,6151,218,6369,73
2021-08-10,Orange,059,3164182,276809,271688,12528,284216,5155
2021-08-10,Placer,061,380077,27951,26561,2175,28736,305
2021-08-10,Plumas,063,18699,859,816,14,830,5
2021-08-10,Riverside,065,2383286,316612,309529,14743,324272,4564
2021-08-10,Sacramento,067,1510023,125398,121159,2376,123535,1755
2021-08-10,San Benito,069,59416,6448,6371,119,6490,64
2021-08-10,San Bernardino,071,2135413,313921,308672,9567,318239,5295
2021-08-10,San Diego,073,3302833,314044,308288,18086,326374,3815
2021-08-10,San Francisco,075,870044,44820,43389,1752,45141,564
2021-08-10,San Joaquin,077,732212,81292,79391,4066,83457,1478
2021-08-10,San Luis Obispo,079,281455,23525,22776,867,23643,264
2021-08-10,San Mateo,081,765935,47276,46184,656,46840,548
2021-08-10,Santa Barbara,083,443738,37378,36574,1261,37835,472
2021-08-10,Santa Clara,085,1922200,128845,126019,904,126923,1770
2021-08-10,Santa Cruz,087,273765,17547,17142,854,17996,209
2021-08-10,Shasta,089,179085,13954,13461,1859,15320,211
2021-08-10,Sierra,091,2930,84,76,12,88,0
2021-08-10,Siskiyou,093,43540,2219,2088,502,2590,33
2021-08-10,Solano,095,438530,38385,36767,832,37599,262
2021-08-10,Sonoma,097,501317,35288,34054,406,34460,333
2021-08-10,Stanislaus,099,539301,61900,60605,6630,67235,1037
2021-08-10,Sutter,101,95872,10751,10569,112,10681,130
2021-08-10,Tehama,103,63373,5570,5392,646,6038,66
2021-08-10,Trinity,105,12862,546,384,125,509,3
2021-08-10,Tulare,107,460477,52746,51390,10097,61487,854
2021-08-10,Tuolumne,109,53932,4925,4780,47,4827,64
2021-08-10,Ventura,111,848112,87329,85714,3634,89348,1051
2021-08-10,Yolo,113,214977,16059,15568,534,16102,218
2021-08-10,Yuba,115,75493,7223,7028,164,7192,50
2021-08-09,Alameda,001,1643700,102260,99496,2229,101725,1276
2021-08-09,Alpine,003,1148,90,91,0,91,0
2021-08-09,Amador,005,37829,4221,4078,36,4114,48
2021-08-09,Butte,007,227075,14224,13813,2183,15996,205
2021-08-09,Calaveras,009,45235,2559,2472,15,2487,57
2021-08-09,Colusa,011,21464,2146,2075,398,2473,16
2021-08-09,Contra Costa,013,1133247,82356,79740,1575,81315,840
2021-08-09,Del Norte,015,27424,2019,1848,16,1864,8
2021-08-09,El Dorado,017,186661,12179,11672,998,12670,117
2021-08-09,Fresno,019,978130,109860,107310,9389,116699,1747
2021-08-09,Glenn,021,27897,2591,2532,621,3153,20
2021-08-09,Humboldt,023,135768,5962,5632,102,5734,52
2021-08-09,Imperial,025,180216,29702,29512,2749,32261,745
2021-08-09,Inyo,027,18085,1489,1481,13,1494,39
2021-08-09,Kern,029,883053,102732,101069,12728,113797,1359
2021-08-09,Kings,031,150075,24780,24155,1228,25383,250
2021-08-09,Lake,033,64148,4834,4670,28,4698,66
2021-08-09,Lassen,035,31185,5477,5393,126,5519,21
2021-08-09,Los Angeles,037,10098052,1302212,1282891,47035,1329926,24798
2021-08-09,Madera,039,155013,17882,17429,1104,18533,245
2021-08-09,Marin,041,260295,15567,15154,304,15458,239
2021-08-09,Mariposa,043,17540,572,545,12,557,5
2021-08-09,Mendocino,045,87422,5002,4732,135,4867,49
2021-08-09,Merced,047,269075,33058,32666,1155,33821,477
2021-08-09,Modoc,049,8938,430,419,149,568,5
2021-08-09,Mono,051,14174,1344,1337,17,1354,3
2021-08-09,Monterey,053,433212,44625,44190,2085,46275,527
2021-08-09,Napa,055,140530,10918,10679,63,10742,83
2021-08-09,Nevada,057,99092,6439,6088,217,6305,73
2021-08-09,Orange,059,3164182,275769,271036,12473,283509,5153
2021-08-09,Placer,061,380077,27728,26457,2144,28601,305
2021-08-09,Plumas,063,18699,842,803,14,817,5
2021-08-09,Riverside,065,2383286,315536,308678,14725,323403,4562
2021-08-09,Sacramento,067,1510023,124563,120812,2351,123163,1748
2021-08-09,San Benito,069,59416,6428,6359,117,6476,63
2021-08-09,San Bernardino,071,2135413,312936,308038,9544,317582,5295
2021-08-09,San Diego,073,3302833,312384,306855,17987,324842,3811
2021-08-09,San Francisco,075,870044,44574,43261,1736,44997,564
2021-08-09,San Joaquin,077,732212,80910,79198,4048,83246,1469
2021-08-09,San Luis Obispo,079,281455,23386,22695,858,23553,264
2021-08-09,San Mateo,081,765935,47104,46040,653,46693,548
2021-08-09,Santa Barbara,083,443738,37194,36474,1253,37727,470
2021-08-09,Santa Clara,085,1922200,128342,125791,895,126686,2187
2021-08-09,Santa Cruz,087,273765,17485,17082,854,17936,209
2021-08-09,Shasta,089,179085,13837,13397,1848,15245,210
2021-08-09,Sierra,091,2930,83,75,12,87,0
2021-08-09,Siskiyou,093,43540,2207,2047,487,2534,32
2021-08-09,Solano,095,438530,38109,36653,830,37483,262
2021-08-09,Sonoma,097,501317,35107,33933,404,34337,333
2021-08-09,Stanislaus,099,539301,61621,60410,6581,66991,1037
2021-08-09,Sutter,101,95872,10702,10525,109,10634,129
2021-08-09,Tehama,103,63373,5528,5373,645,6018,66
2021-08-09,Trinity,105,12862,544,378,123,501,3
2021-08-09,Tulare,107,460477,52585,51274,10035,61309,854
2021-08-09,Tuolumne,109,53932,4883,4745,47,4792,64
2021-08-09,Ventura,111,848112,87057,85514,3623,89137,1047
2021-08-09,Yolo,113,214977,15981,15521,513,16034,218
2021-08-09,Yuba,115,75493,7164,6994,164,7158,50
2021-08-08,Alameda,001,1643700,101707,99135,2223,101358,1276
2021-08-08,Alpine,003,1148,90,91,0,91,0
2021-08-08,Amador,005,37829,4187,4057,35,4092,48
2021-08-08,Butte,007,227075,14142,13791,2163,15954,205
2021-08-08,Calaveras,009,45235,2526,2462,15,2477,57
2021-08-08,Colusa,011,21464,2129,2070,391,2461,16
2021-08-08,Contra Costa,013,1133247,81832,79454,1568,81022,840
2021-08-08,Del Norte,015,27424,1973,1810,16,1826,8
2021-08-08,El Dorado,017,186661,12058,11631,987,12618,117
2021-08-08,Fresno,019,978130,109417,107078,9352,116430,1747
2021-08-08,Glenn,021,27897,2583,2527,614,3141,20
2021-08-08,Humboldt,023,135768,5873,5571,102,5673,52
2021-08-08,Imperial,025,180216,29678,29485,2739,32224,745
2021-08-08,Inyo,027,18085,1489,1481,13,1494,39
2021-08-08,Kern,029,883053,102412,100909,12616,113525,1359
2021-08-08,Kings,031,150075,24666,24095,1219,25314,250
2021-08-08,Lake,033,64148,4784,4636,27,4663,66
2021-08-08,Lassen,035,31185,5462,5391,125,5516,21
2021-08-08,Los Angeles,037,10098052,1297960,1279982,46851,1326833,24793
2021-08-08,Madera,039,155013,17803,17398,1087,18485,245
2021-08-08,Marin,041,260295,15514,15124,302,15426,239
2021-08-08,Mariposa,043,17540,568,538,12,550,5
2021-08-08,Mendocino,045,87422,4940,4702,122,4824,49
2021-08-08,Merced,047,269075,32911,32634,1146,33780,477
2021-08-08,Modoc,049,8938,429,419,148,567,5
2021-08-08,Mono,051,14174,1340,1336,17,1353,3
2021-08-08,Monterey,053,433212,44555,44171,2074,46245,527
2021-08-08,Napa,055,140530,10882,10668,63,10731,83
2021-08-08,Nevada,057,99092,6355,6009,215,6224,73
2021-08-08,Orange,059,3164182,274856,270532,12431,282963,5153
2021-08-08,Placer,061,380077,27519,26332,2103,28435,305
2021-08-08,Plumas,063,18699,833,803,14,817,5
2021-08-08,Riverside,065,2383286,314415,308042,14702,322744,4562
2021-08-08,Sacramento,067,1510023,123735,120109,2339,122448,1744
2021-08-08,San Benito,069,59416,6411,6350,116,6466,63
2021-08-08,San Bernardino,071,2135413,311790,307378,9515,316893,5295
2021-08-08,San Diego,073,3302833,311042,305983,17889,323872,3811
2021-08-08,San Francisco,075,870044,44314,43098,1713,44811,564
2021-08-08,San Joaquin,077,732212,80461,79002,4032,83034,1469
2021-08-08,San Luis Obispo,079,281455,23212,22668,850,23518,263
2021-08-08,San Mateo,081,765935,46914,45927,650,46577,548
2021-08-08,Santa Barbara,083,443738,37017,36417,1246,37663,470
2021-08-08,Santa Clara,085,1922200,127891,125553,890,126443,2187
2021-08-08,Santa Cruz,087,273765,17414,17035,849,17884,209
2021-08-08,Shasta,089,179085,13752,13381,1837,15218,210
2021-08-08,Sierra,091,2930,83,74,12,86,0
2021-08-08,Siskiyou,093,43540,2191,2041,482,2523,32
2021-08-08,Solano,095,438530,37857,36551,826,37377,262
2021-08-08,Sonoma,097,501317,34863,33805,403,34208,333
2021-08-08,Stanislaus,099,539301,61293,60269,6536,66805,1037
2021-08-08,Sutter,101,95872,10642,10481,108,10589,129
2021-08-08,Tehama,103,63373,5491,5359,642,6001,66
2021-08-08,Trinity,105,12862,539,378,123,501,3
2021-08-08,Tulare,107,460477,52406,51220,9976,61196,854
2021-08-08,Tuolumne,109,53932,4844,4731,47,4778,64
2021-08-08,Ventura,111,848112,86766,85382,3613,88995,1047
2021-08-08,Yolo,113,214977,15889,15477,506,15983,218
2021-08-08,Yuba,115,75493,7125,6967,164,7131,50
2021-08-07,Alameda,001,1643700,101457,98812,2217,101029,1276
2021-08-07,Alpine,003,1148,90,91,0,91,0
2021-08-07,Amador,005,37829,4170,4041,34,4075,48
2021-08-07,Butte,007,227075,14090,13714,2151,15865,205
2021-08-07,Calaveras,009,45235,2516,2446,15,2461,57
2021-08-07,Colusa,011,21464,2124,2067,382,2449,16
2021-08-07,Contra Costa,013,1133247,81536,79168,1565,80733,840
2021-08-07,Del Norte,015,27424,1941,1791,16,1807,8
2021-08-07,El Dorado,017,186661,12010,11575,980,12555,117
2021-08-07,Fresno,019,978130,109214,106861,9326,116187,1747
2021-08-07,Glenn,021,27897,2575,2515,613,3128,20
2021-08-07,Humboldt,023,135768,5823,5510,99,5609,52
2021-08-07,Imperial,025,180216,29659,29470,2739,32209,745
2021-08-07,Inyo,027,18085,1487,1476,13,1489,39
2021-08-07,Kern,029,883053,102254,100693,12561,113254,1359
2021-08-07,Kings,031,150075,24605,24048,1213,25261,250
2021-08-07,Lake,033,64148,4763,4613,27,4640,66
2021-08-07,Lassen,035,31185,5458,5386,125,5511,21
2021-08-07,Los Angeles,037,10098052,1295923,1276853,46704,1323557,24786
2021-08-07,Madera,039,155013,17768,17366,1083,18449,245
2021-08-07,Marin,041,260295,15480,15085,301,15386,239
2021-08-07,Mariposa,043,17540,565,530,12,542,5
2021-08-07,Mendocino,045,87422,4904,4690,120,4810,49
2021-08-07,Merced,047,269075,32847,32569,1143,33712,477
2021-08-07,Modoc,049,8938,429,419,148,567,5
2021-08-07,Mono,051,14174,1337,1329,17,1346,3
2021-08-07,Monterey,053,433212,44503,44124,2069,46193,527
2021-08-07,Napa,055,140530,10861,10658,62,10720,83
2021-08-07,Nevada,057,99092,6305,5967,213,6180,73
2021-08-07,Orange,059,3164182,274263,269900,12401,282301,5153
2021-08-07,Placer,061,380077,27330,26244,2095,28339,305
2021-08-07,Plumas,063,18699,828,801,14,815,5
2021-08-07,Riverside,065,2383286,313743,307326,14695,322021,4562
2021-08-07,Sacramento,067,1510023,123234,119636,2335,121971,1744
2021-08-07,San Benito,069,59416,6401,6332,116,6448,63
2021-08-07,San Bernardino,071,2135413,311202,306663,9498,316161,5295
2021-08-07,San Diego,073,3302833,310287,304974,17854,322828,3811
2021-08-07,San Francisco,075,870044,44143,42926,1695,44621,564
2021-08-07,San Joaquin,077,732212,80297,78769,4018,82787,1469
2021-08-07,San Luis Obispo,079,281455,23143,22579,849,23428,263
2021-08-07,San Mateo,081,765935,46786,45804,648,46452,548
2021-08-07,Santa Barbara,083,443738,36921,36303,1240,37543,470
2021-08-07,Santa Clara,085,1922200,127620,125196,885,126081,2188
2021-08-07,Santa Cruz,087,273765,17371,16994,847,17841,209
2021-08-07,Shasta,089,179085,13696,13361,1830,15191,210
2021-08-07,Sierra,091,2930,83,74,12,86,0
2021-08-07,Siskiyou,093,43540,2179,2039,480,2519,32
2021-08-07,Solano,095,438530,37741,36458,818,37276,262
2021-08-07,Sonoma,097,501317,34741,33716,403,34119,333
2021-08-07,Stanislaus,099,539301,61122,60093,6506,66599,1037
2021-08-07,Sutter,101,95872,10605,10447,108,10555,129
2021-08-07,Tehama,103,63373,5480,5343,637,5980,66
2021-08-07,Trinity,105,12862,535,377,122,499,3
2021-08-07,Tulare,107,460477,52319,51133,9938,61071,854
2021-08-07,Tuolumne,109,53932,4814,4721,47,4768,64
2021-08-07,Ventura,111,848112,86586,85232,3599,88831,1047
2021-08-07,Yolo,113,214977,15845,15423,499,15922,218
2021-08-07,Yuba,115,75493,7100,6937,162,7099,50
2021-08-06,Alameda,001,1643700,101128,98487,2211,100698,1275
2021-08-06,Alpine,003,1148,90,91,0,91,0
2021-08-06,Amador,005,37829,4149,4002,34,4036,48
2021-08-06,Butte,007,227075,14040,13626,2136,15762,205
2021-08-06,Calaveras,009,45235,2505,2419,15,2434,57
2021-08-06,Colusa,011,21464,2117,2045,376,2421,16
2021-08-06,Contra Costa,013,1133247,81241,78796,1560,80356,840
2021-08-06,Del Norte,015,27424,1914,1755,15,1770,8
2021-08-06,El Dorado,017,186661,11960,11498,968,12466,117
2021-08-06,Fresno,019,978130,108949,106542,9299,115841,1747
2021-08-06,Glenn,021,27897,2560,2504,610,3114,20
2021-08-06,Humboldt,023,135768,5772,5421,96,5517,52
2021-08-06,Imperial,025,180216,29648,29404,2735,32139,745
2021-08-06,Inyo,027,18085,1484,1471,13,1484,39
2021-08-06,Kern,029,883053,102077,100427,12476,112903,1359
2021-08-06,Kings,031,150075,24550,23974,1209,25183,250
2021-08-06,Lake,033,64148,4740,4557,27,4584,66
2021-08-06,Lassen,035,31185,5436,5368,125,5493,21
2021-08-06,Los Angeles,037,10098052,1293433,1273081,46552,1319633,24772
2021-08-06,Madera,039,155013,17729,17324,1074,18398,245
2021-08-06,Marin,041,260295,15447,15051,301,15352,239
2021-08-06,Mariposa,043,17540,556,511,12,523,5
2021-08-06,Mendocino,045,87422,4862,4649,119,4768,49
2021-08-06,Merced,047,269075,32787,32456,1140,33596,477
2021-08-06,Modoc,049,8938,429,419,148,567,5
2021-08-06,Mono,051,14174,1336,1328,17,1345,3
2021-08-06,Monterey,053,433212,44435,44058,2056,46114,527
2021-08-06,Napa,055,140530,10834,10620,62,10682,83
2021-08-06,Nevada,057,99092,6249,5874,213,6087,73
2021-08-06,Orange,059,3164182,273698,269077,12384,281461,5151
2021-08-06,Placer,061,380077,27207,26086,2074,28160,305
2021-08-06,Plumas,063,18699,819,795,14,809,5
2021-08-06,Riverside,065,2383286,313033,306304,14684,320988,4562
2021-08-06,Sacramento,067,1510023,122742,119169,2316,121485,1740
2021-08-06,San Benito,069,59416,6384,6315,116,6431,63
2021-08-06,San Bernardino,071,2135413,310502,305806,9489,315295,5286
2021-08-06,San Diego,073,3302833,309248,303691,17805,321496,3810
2021-08-06,San Francisco,075,870044,43986,42659,1677,44336,565
2021-08-06,San Joaquin,077,732212,80147,78405,4006,82411,1469
2021-08-06,San Luis Obispo,079,281455,23075,22472,844,23316,263
2021-08-06,San Mateo,081,765935,46634,45665,643,46308,548
2021-08-06,Santa Barbara,083,443738,36832,36208,1236,37444,470
2021-08-06,Santa Clara,085,1922200,127330,124767,880,125647,2185
2021-08-06,Santa Cruz,087,273765,17327,16924,843,17767,207
2021-08-06,Shasta,089,179085,13630,13284,1824,15108,210
2021-08-06,Sierra,091,2930,83,73,12,85,0
2021-08-06,Siskiyou,093,43540,2169,2030,476,2506,32
2021-08-06,Solano,095,438530,37631,36351,809,37160,262
2021-08-06,Sonoma,097,501317,34655,33594,402,33996,333
2021-08-06,Stanislaus,099,539301,60984,59854,6485,66339,1037
2021-08-06,Sutter,101,95872,10562,10391,108,10499,128
2021-08-06,Tehama,103,63373,5456,5325,635,5960,66
2021-08-06,Trinity,105,12862,534,371,121,492,3
2021-08-06,Tulare,107,460477,52218,51018,9891,60909,854
2021-08-06,Tuolumne,109,53932,4787,4674,47,4721,64
2021-08-06,Ventura,111,848112,86415,85046,3587,88633,1047
2021-08-06,Yolo,113,214977,15792,15299,494,15793,218
2021-08-06,Yuba,115,75493,7077,6904,162,7066,50
2021-08-05,Alameda,001,1643700,100642,98052,2206,100258,1275
2021-08-05,Alpine,003,1148,90,91,0,91,0
2021-08-05,Amador,005,37829,4129,3992,34,4026,48
2021-08-05,Butte,007,227075,13979,13564,2113,15677,206
2021-08-05,Calaveras,009,45235,2486,2397,15,2412,57
2021-08-05,Colusa,011,21464,2105,2036,372,2408,16
2021-08-05,Contra Costa,013,1133247,80814,78514,1553,80067,840
2021-08-05,Del Norte,015,27424,1887,1731,15,1746,8
2021-08-05,El Dorado,017,186661,11875,11408,957,12365,117
2021-08-05,Fresno,019,978130,108578,106219,9263,115482,1747
2021-08-05,Glenn,021,27897,2554,2494,607,3101,20
2021-08-05,Humboldt,023,135768,5698,5328,95,5423,52
2021-08-05,Imperial,025,180216,29617,29383,2731,32114,745
2021-08-05,Inyo,027,18085,1480,1468,13,1481,38
2021-08-05,Kern,029,883053,101855,100091,12391,112482,1358
2021-08-05,Kings,031,150075,24466,23906,1204,25110,249
2021-08-05,Lake,033,64148,4701,4490,25,4515,66
2021-08-05,Lassen,035,31185,5428,5344,125,5469,21
2021-08-05,Los Angeles,037,10098052,1290214,1269445,46420,1315865,24756
2021-08-05,Madera,039,155013,17688,17301,1066,18367,245
2021-08-05,Marin,041,260295,15403,15005,297,15302,239
2021-08-05,Mariposa,043,17540,545,504,11,515,5
2021-08-05,Mendocino,045,87422,4819,4597,110,4707,49
2021-08-05,Merced,047,269075,32720,32381,1129,33510,477
2021-08-05,Modoc,049,8938,428,418,148,566,5
2021-08-05,Mono,051,14174,1328,1309,17,1326,3
2021-08-05,Monterey,053,433212,44378,43992,2038,46030,527
2021-08-05,Napa,055,140530,10798,10591,60,10651,83
2021-08-05,Nevada,057,99092,6167,5778,210,5988,73
2021-08-05,Orange,059,3164182,272917,268329,12358,280687,5149
2021-08-05,Placer,061,380077,27007,25965,2047,28012,305
2021-08-05,Plumas,063,18699,810,787,14,801,5
2021-08-05,Riverside,065,2383286,312116,305415,14658,320073,4562
2021-08-05,Sacramento,067,1510023,122033,118590,2303,120893,1739
2021-08-05,San Benito,069,59416,6366,6305,116,6421,63
2021-08-05,San Bernardino,071,2135413,309666,304956,9468,314424,5284
2021-08-05,San Diego,073,3302833,307976,302220,17723,319943,3806
2021-08-05,San Francisco,075,870044,43775,42301,1668,43969,564
2021-08-05,San Joaquin,077,732212,79785,78151,3988,82139,1468
2021-08-05,San Luis Obispo,079,281455,22960,22362,838,23200,263
2021-08-05,San Mateo,081,765935,46461,45554,641,46195,548
2021-08-05,Santa Barbara,083,443738,36725,36112,1233,37345,470
2021-08-05,Santa Clara,085,1922200,126997,124490,880,125370,2185
2021-08-05,Santa Cruz,087,273765,17283,16867,840,17707,207
2021-08-05,Shasta,089,179085,13572,13217,1816,15033,210
2021-08-05,Sierra,091,2930,78,73,12,85,0
2021-08-05,Siskiyou,093,43540,2148,2024,467,2491,32
2021-08-05,Solano,095,438530,37450,36250,802,37052,262
2021-08-05,Sonoma,097,501317,34520,33455,401,33856,330
2021-08-05,Stanislaus,099,539301,60762,59692,6446,66138,1037
2021-08-05,Sutter,101,95872,10507,10349,108,10457,127
2021-08-05,Tehama,103,63373,5438,5305,632,5937,66
2021-08-05,Trinity,105,12862,528,367,121,488,3
2021-08-05,Tulare,107,460477,52101,50889,9837,60726,854
2021-08-05,Tuolumne,109,53932,4757,4619,47,4666,64
2021-08-05,Ventura,111,848112,86164,84837,3573,88410,1047
2021-08-05,Yolo,113,214977,15725,15250,484,15734,218
2021-08-05,Yuba,115,75493,7034,6872,160,7032,50
2021-08-04,Alameda,001,1643700,100140,97477,2195,99672,1274
2021-08-04,Alpine,003,1148,90,91,0,91,0
2021-08-04,Amador,005,37829,4099,3962,33,3995,48
2021-08-04,Butte,007,227075,13911,13509,2096,15605,205
2021-08-04,Calaveras,009,45235,2461,2374,15,2389,57
2021-08-04,Colusa,011,21464,2093,2025,366,2391,16
2021-08-04,Contra Costa,013,1133247,80297,77966,1548,79514,840
2021-08-04,Del Norte,015,27424,1864,1701,15,1716,8
2021-08-04,El Dorado,017,186661,11795,11319,946,12265,117
2021-08-04,Fresno,019,978130,108210,105899,9224,115123,1747
2021-08-04,Glenn,021,27897,2546,2487,605,3092,20
2021-08-04,Humboldt,023,135768,5622,5271,94,5365,52
2021-08-04,Imperial,025,180216,29569,29375,2729,32104,745
2021-08-04,Inyo,027,18085,1479,1465,13,1478,38
2021-08-04,Kern,029,883053,101605,99868,12308,112176,1358
2021-08-04,Kings,031,150075,24394,23840,1196,25036,250
2021-08-04,Lake,033,64148,4671,4423,20,4443,65
2021-08-04,Lassen,035,31185,5420,5340,125,5465,21
2021-08-04,Los Angeles,037,10098052,1286721,1265788,46261,1312049,24737
2021-08-04,Madera,039,155013,17653,17251,1059,18310,245
2021-08-04,Marin,041,260295,15356,14950,295,15245,239
2021-08-04,Mariposa,043,17540,530,497,11,508,5
2021-08-04,Mendocino,045,87422,4795,4560,106,4666,49
2021-08-04,Merced,047,269075,32582,32274,1124,33398,476
2021-08-04,Modoc,049,8938,428,416,148,564,5
2021-08-04,Mono,051,14174,1324,1307,17,1324,3
2021-08-04,Monterey,053,433212,44313,43926,2027,45953,526
2021-08-04,Napa,055,140530,10761,10544,60,10604,82
2021-08-04,Nevada,057,99092,6103,5702,209,5911,73
2021-08-04,Orange,059,3164182,272043,267199,12321,279520,5146
2021-08-04,Placer,061,380077,26790,25688,2027,27715,305
2021-08-04,Plumas,063,18699,804,784,14,798,5
2021-08-04,Riverside,065,2383286,311191,304272,14633,318905,4562
2021-08-04,Sacramento,067,1510023,121276,117882,2277,120159,1736
2021-08-04,San Benito,069,59416,6351,6300,116,6416,63
2021-08-04,San Bernardino,071,2135413,308810,304164,9449,313613,5285
2021-08-04,San Diego,073,3302833,306463,301100,17656,318756,3805
2021-08-04,San Francisco,075,870044,43520,41913,1656,43569,562
2021-08-04,San Joaquin,077,732212,79428,77846,3976,81822,1466
2021-08-04,San Luis Obispo,079,281455,22851,22245,832,23077,262
2021-08-04,San Mateo,081,765935,46289,45392,640,46032,548
2021-08-04,Santa Barbara,083,443738,36596,36013,1225,37238,470
2021-08-04,Santa Clara,085,1922200,126606,124127,873,125000,2183
2021-08-04,Santa Cruz,087,273765,17221,16820,833,17653,208
2021-08-04,Shasta,089,179085,13521,13134,1805,14939,211
2021-08-04,Sierra,091,2930,78,73,12,85,0
2021-08-04,Siskiyou,093,43540,2128,2010,463,2473,32
2021-08-04,Solano,095,438530,37249,36025,793,36818,262
2021-08-04,Sonoma,097,501317,34348,33311,399,33710,330
2021-08-04,Stanislaus,099,539301,60536,59396,6408,65804,1037
2021-08-04,Sutter,101,95872,10470,10294,108,10402,127
2021-08-04,Tehama,103,63373,5412,5281,626,5907,66
2021-08-04,Trinity,105,12862,526,362,118,480,3
2021-08-04,Tulare,107,460477,51991,50797,9793,60590,855
2021-08-04,Tuolumne,109,53932,4732,4584,47,4631,64
2021-08-04,Ventura,111,848112,85906,84406,3551,87957,1047
2021-08-04,Yolo,113,214977,15645,15189,471,15660,215
2021-08-04,Yuba,115,75493,6994,6827,159,6986,50
2021-08-03,Alameda,001,1643700,99693,97275,2190,99465,1270
2021-08-03,Alpine,003,1148,90,91,0,91,0
2021-08-03,Amador,005,37829,4063,3953,33,3986,48
2021-08-03,Butte,007,227075,13843,13468,2081,15549,205
2021-08-03,Calaveras,009,45235,2439,2356,15,2371,57
2021-08-03,Colusa,011,21464,2080,2023,360,2383,16
2021-08-03,Contra Costa,013,1133247,79815,77739,1541,79280,836
2021-08-03,Del Norte,015,27424,1832,1691,14,1705,8
2021-08-03,El Dorado,017,186661,11703,11255,936,12191,117
2021-08-03,Fresno,019,978130,107848,105732,9193,114925,1746
2021-08-03,Glenn,021,27897,2539,2481,599,3080,20
2021-08-03,Humboldt,023,135768,5557,5199,89,5288,52
2021-08-03,Imperial,025,180216,29547,29333,2722,32055,745
2021-08-03,Inyo,027,18085,1476,1459,13,1472,38
2021-08-03,Kern,029,883053,101343,99708,12229,111937,1358
2021-08-03,Kings,031,150075,24306,23780,1189,24969,249
2021-08-03,Lake,033,64148,4615,4408,16,4424,66
2021-08-03,Lassen,035,31185,5410,5341,125,5466,21
2021-08-03,Los Angeles,037,10098052,1282978,1262678,46083,1308761,24721
2021-08-03,Madera,039,155013,17612,17220,1044,18264,245
2021-08-03,Marin,041,260295,15307,14906,292,15198,243
2021-08-03,Mariposa,043,17540,519,495,11,506,5
2021-08-03,Mendocino,045,87422,4746,4546,105,4651,49
2021-08-03,Merced,047,269075,32499,32197,1122,33319,476
2021-08-03,Modoc,049,8938,428,416,148,564,5
2021-08-03,Mono,051,14174,1319,1303,17,1320,3
2021-08-03,Monterey,053,433212,44250,43872,2014,45886,525
2021-08-03,Napa,055,140530,10718,10527,59,10586,82
2021-08-03,Nevada,057,99092,6022,5685,208,5893,73
2021-08-03,Orange,059,3164182,271304,266649,12291,278940,5146
2021-08-03,Placer,061,380077,26589,25624,2003,27627,305
2021-08-03,Plumas,063,18699,797,779,14,793,5
2021-08-03,Riverside,065,2383286,310267,303499,14606,318105,4562
2021-08-03,Sacramento,067,1510023,120531,117591,2257,119848,1732
2021-08-03,San Benito,069,59416,6336,6284,115,6399,63
2021-08-03,San Bernardino,071,2135413,307889,303386,9431,312817,5265
2021-08-03,San Diego,073,3302833,305024,300189,17546,317735,3803
2021-08-03,San Francisco,075,870044,43238,41758,1636,43394,562
2021-08-03,San Joaquin,077,732212,79079,77615,3955,81570,1461
2021-08-03,San Luis Obispo,079,281455,22711,22166,825,22991,264
2021-08-03,San Mateo,081,765935,46097,45255,635,45890,548
2021-08-03,Santa Barbara,083,443738,36477,35912,1219,37131,469
2021-08-03,Santa Clara,085,1922200,126185,123914,867,124781,2183
2021-08-03,Santa Cruz,087,273765,17155,16778,830,17608,207
2021-08-03,Shasta,089,179085,13446,13091,1794,14885,211
2021-08-03,Sierra,091,2930,78,72,12,84,0
2021-08-03,Siskiyou,093,43540,2117,1998,458,2456,32
2021-08-03,Solano,095,438530,37029,35953,781,36734,261
2021-08-03,Sonoma,097,501317,34167,33243,398,33641,330
2021-08-03,Stanislaus,099,539301,60314,59282,6389,65671,1037
2021-08-03,Sutter,101,95872,10430,10263,107,10370,127
2021-08-03,Tehama,103,63373,5386,5269,621,5890,66
2021-08-03,Trinity,105,12862,523,361,115,476,3
2021-08-03,Tulare,107,460477,51896,50729,9747,60476,854
2021-08-03,Tuolumne,109,53932,4697,4563,47,4610,64
2021-08-03,Ventura,111,848112,85662,84270,3530,87800,1046
2021-08-03,Yolo,113,214977,15553,15149,456,15605,215
2021-08-03,Yuba,115,75493,6957,6781,157,6938,50
2021-08-02,Alameda,001,1643700,99135,96954,2186,99140,1270
2021-08-02,Alpine,003,1148,90,91,0,91,0
2021-08-02,Amador,005,37829,4043,3927,33,3960,48
2021-08-02,Butte,007,227075,13763,13442,2062,15504,205
2021-08-02,Calaveras,009,45235,2414,2347,15,2362,57
2021-08-02,Colusa,011,21464,2068,2019,357,2376,16
2021-08-02,Contra Costa,013,1133247,79306,77516,1527,79043,836
2021-08-02,Del Norte,015,27424,1802,1653,14,1667,8
2021-08-02,El Dorado,017,186661,11600,11226,922,12148,116
2021-08-02,Fresno,019,978130,107502,105471,9156,114627,1744
2021-08-02,Glenn,021,27897,2531,2477,596,3073,20
2021-08-02,Humboldt,023,135768,5474,5161,87,5248,52
2021-08-02,Imperial,025,180216,29514,29302,2719,32021,743
2021-08-02,Inyo,027,18085,1470,1455,13,1468,38
2021-08-02,Kern,029,883053,101088,99556,12138,111694,1357
2021-08-02,Kings,031,150075,24236,23722,1183,24905,249
2021-08-02,Lake,033,64148,4572,4375,16,4391,66
2021-08-02,Lassen,035,31185,5387,5338,123,5461,21
2021-08-02,Los Angeles,037,10098052,1279259,1260807,45875,1306682,24705
2021-08-02,Madera,039,155013,17568,17158,1031,18189,245
2021-08-02,Marin,041,260295,15264,14859,291,15150,239
2021-08-02,Mariposa,043,17540,510,490,11,501,5
2021-08-02,Mendocino,045,87422,4706,4512,102,4614,49
2021-08-02,Merced,047,269075,32401,32163,1115,33278,474
2021-08-02,Modoc,049,8938,428,415,148,563,5
2021-08-02,Mono,051,14174,1312,1296,17,1313,3
2021-08-02,Monterey,053,433212,44190,43842,2006,45848,525
2021-08-02,Napa,055,140530,10675,10490,56,10546,82
2021-08-02,Nevada,057,99092,5951,5611,207,5818,73
2021-08-02,Orange,059,3164182,270390,266050,12246,278296,5146
2021-08-02,Placer,061,380077,26442,25516,1969,27485,306
2021-08-02,Plumas,063,18699,790,762,14,776,5
2021-08-02,Riverside,065,2383286,309329,302756,14591,317347,4562
2021-08-02,Sacramento,067,1510023,119834,117183,2237,119420,1728
2021-08-02,San Benito,069,59416,6317,6276,114,6390,63
2021-08-02,San Bernardino,071,2135413,307013,303000,9398,312398,5253
2021-08-02,San Diego,073,3302833,303544,299021,17466,316487,3798
2021-08-02,San Francisco,075,870044,42952,41553,1613,43166,562
2021-08-02,San Joaquin,077,732212,78736,77447,3930,81377,1461
2021-08-02,San Luis Obispo,079,281455,22617,22093,818,22911,261
2021-08-02,San Mateo,081,765935,45920,45154,623,45777,548
2021-08-02,Santa Barbara,083,443738,36339,35851,1213,37064,469
2021-08-02,Santa Clara,085,1922200,125715,123655,859,124514,2183
2021-08-02,Santa Cruz,087,273765,17097,16746,826,17572,207
2021-08-02,Shasta,089,179085,13384,13049,1780,14829,212
2021-08-02,Sierra,091,2930,78,71,12,83,0
2021-08-02,Siskiyou,093,43540,2106,1992,444,2436,31
2021-08-02,Solano,095,438530,36781,35852,768,36620,260
2021-08-02,Sonoma,097,501317,33941,33132,393,33525,330
2021-08-02,Stanislaus,099,539301,60095,59160,6362,65522,1037
2021-08-02,Sutter,101,95872,10384,10220,107,10327,127
2021-08-02,Tehama,103,63373,5362,5260,617,5877,66
2021-08-02,Trinity,105,12862,518,359,114,473,3
2021-08-02,Tulare,107,460477,51795,50640,9675,60315,854
2021-08-02,Tuolumne,109,53932,4630,4524,47,4571,64
2021-08-02,Ventura,111,848112,85477,84143,3507,87650,1044
2021-08-02,Yolo,113,214977,15455,15072,439,15511,215
2021-08-02,Yuba,115,75493,6915,6743,154,6897,50
2021-08-01,Alameda,001,1643700,98602,96775,2180,98955,1270
2021-08-01,Alpine,003,1148,90,91,0,91,0
2021-08-01,Amador,005,37829,4005,3923,33,3956,48
2021-08-01,Butte,007,227075,13685,13406,2045,15451,205
2021-08-01,Calaveras,009,45235,2390,2341,15,2356,57
2021-08-01,Colusa,011,21464,2057,2014,355,2369,16
2021-08-01,Contra Costa,013,1133247,78871,77360,1520,78880,836
2021-08-01,Del Norte,015,27424,1770,1642,14,1656,8
2021-08-01,El Dorado,017,186661,11500,11189,911,12100,116
2021-08-01,Fresno,019,978130,107176,105339,9111,114450,1744
2021-08-01,Glenn,021,27897,2525,2476,593,3069,20
2021-08-01,Humboldt,023,135768,5397,5118,83,5201,52
2021-08-01,Imperial,025,180216,29479,29297,2715,32012,743
2021-08-01,Inyo,027,18085,1468,1454,13,1467,38
2021-08-01,Kern,029,883053,100810,99396,12063,111459,1357
2021-08-01,Kings,031,150075,24149,23700,1178,24878,249
2021-08-01,Lake,033,64148,4493,4356,16,4372,66
2021-08-01,Lassen,035,31185,5374,5336,121,5457,21
2021-08-01,Los Angeles,037,10098052,1275569,1258461,45650,1304111,24700
2021-08-01,Madera,039,155013,17512,17146,1026,18172,245
2021-08-01,Marin,041,260295,15187,14844,290,15134,239
2021-08-01,Mariposa,043,17540,503,482,11,493,5
2021-08-01,Mendocino,045,87422,4660,4476,98,4574,49
2021-08-01,Merced,047,269075,32310,32144,1109,33253,474
2021-08-01,Modoc,049,8938,426,413,148,561,5
2021-08-01,Mono,051,14174,1309,1294,17,1311,3
2021-08-01,Monterey,053,433212,44143,43808,1993,45801,525
2021-08-01,Napa,055,140530,10627,10473,54,10527,82
2021-08-01,Nevada,057,99092,5864,5561,206,5767,73
2021-08-01,Orange,059,3164182,269576,265467,12203,277670,5146
2021-08-01,Placer,061,380077,26227,25464,1939,27403,306
2021-08-01,Plumas,063,18699,784,761,14,775,5
2021-08-01,Riverside,065,2383286,308396,302256,14573,316829,4562
2021-08-01,Sacramento,067,1510023,119099,116923,2223,119146,1727
2021-08-01,San Benito,069,59416,6300,6271,114,6385,63
2021-08-01,San Bernardino,071,2135413,306079,302542,9387,311929,5248
2021-08-01,San Diego,073,3302833,302358,298002,17401,315403,3798
2021-08-01,San Francisco,075,870044,42615,41432,1600,43032,562
2021-08-01,San Joaquin,077,732212,78369,77338,3905,81243,1461
2021-08-01,San Luis Obispo,079,281455,22515,22083,813,22896,261
2021-08-01,San Mateo,081,765935,45738,45036,616,45652,548
2021-08-01,Santa Barbara,083,443738,36215,35809,1209,37018,469
2021-08-01,Santa Clara,085,1922200,125303,123511,851,124362,2183
2021-08-01,Santa Cruz,087,273765,17018,16709,819,17528,207
2021-08-01,Shasta,089,179085,13313,13036,1771,14807,212
2021-08-01,Sierra,091,2930,76,71,12,83,0
2021-08-01,Siskiyou,093,43540,2100,1989,438,2427,31
2021-08-01,Solano,095,438530,36546,35800,759,36559,260
2021-08-01,Sonoma,097,501317,33749,33076,390,33466,330
2021-08-01,Stanislaus,099,539301,59858,59078,6330,65408,1037
2021-08-01,Sutter,101,95872,10329,10198,104,10302,127
2021-08-01,Tehama,103,63373,5345,5252,613,5865,66
2021-08-01,Trinity,105,12862,515,359,113,472,3
2021-08-01,Tulare,107,460477,51638,50600,9614,60214,854
2021-08-01,Tuolumne,109,53932,4592,4489,47,4536,64
2021-08-01,Ventura,111,848112,85247,84040,3492,87532,1044
2021-08-01,Yolo,113,214977,15383,15042,429,15471,215
2021-08-01,Yuba,115,75493,6878,6721,153,6874,50
2021-07-31,Alameda,001,1643700,98270,95279,2175,97454,1265
2021-07-31,Alpine,003,1148,90,89,0,89,0
2021-07-31,Amador,005,37829,3985,3877,33,3910,48
2021-07-31,Butte,007,227075,13651,13235,2025,15260,205
2021-07-31,Calaveras,009,45235,2381,2294,15,2309,57
2021-07-31,Colusa,011,21464,2051,2006,353,2359,16
2021-07-31,Contra Costa,013,1133247,78592,75866,1518,77384,832
2021-07-31,Del Norte,015,27424,1744,1576,14,1590,8
2021-07-31,El Dorado,017,186661,11447,11017,905,11922,116
2021-07-31,Fresno,019,978130,107017,104639,9098,113737,1744
2021-07-31,Glenn,021,27897,2520,2465,588,3053,20
2021-07-31,Humboldt,023,135768,5342,4978,82,5060,52
2021-07-31,Imperial,025,180216,29462,29164,2712,31876,743
2021-07-31,Inyo,027,18085,1465,1442,13,1455,38
2021-07-31,Kern,029,883053,100645,98903,12004,110907,1357
2021-07-31,Kings,031,150075,24096,23548,1173,24721,248
2021-07-31,Lake,033,64148,4468,4238,16,4254,66
2021-07-31,Lassen,035,31185,5367,5320,121,5441,21
2021-07-31,Los Angeles,037,10098052,1273367,1248545,45508,1294053,24691
2021-07-31,Madera,039,155013,17479,17058,1020,18078,245
2021-07-31,Marin,041,260295,15143,14701,289,14990,239
2021-07-31,Mariposa,043,17540,494,470,11,481,5
2021-07-31,Mendocino,045,87422,4635,4400,95,4495,49
2021-07-31,Merced,047,269075,32262,31959,1104,33063,474
2021-07-31,Modoc,049,8938,426,413,148,561,5
2021-07-31,Mono,051,14174,1307,1287,17,1304,3
2021-07-31,Monterey,053,433212,44103,43720,1983,45703,525
2021-07-31,Napa,055,140530,10607,10401,53,10454,82
2021-07-31,Nevada,057,99092,5825,5373,205,5578,72
2021-07-31,Orange,059,3164182,269002,263446,12185,275631,5144
2021-07-31,Placer,061,380077,26094,25104,1932,27036,306
2021-07-31,Plumas,063,18699,781,743,14,757,5
2021-07-31,Riverside,065,2383286,307780,300315,14563,314878,4554
2021-07-31,Sacramento,067,1510023,118687,115259,2217,117476,1720
2021-07-31,San Benito,069,59416,6289,6251,114,6365,63
2021-07-31,San Bernardino,071,2135413,305505,300726,9384,310110,5240
2021-07-31,San Diego,073,3302833,301685,295054,17355,312409,3798
2021-07-31,San Francisco,075,870044,42387,40412,1580,41992,562
2021-07-31,San Joaquin,077,732212,78204,76575,3892,80467,1443
2021-07-31,San Luis Obispo,079,281455,22461,21922,811,22733,260
2021-07-31,San Mateo,081,765935,45581,44622,611,45233,548
2021-07-31,Santa Barbara,083,443738,36134,35531,1208,36739,467
2021-07-31,Santa Clara,085,1922200,125048,122614,849,123463,2099
2021-07-31,Santa Cruz,087,273765,16979,16576,818,17394,207
2021-07-31,Shasta,089,179085,13276,12918,1763,14681,212
2021-07-31,Sierra,091,2930,76,68,12,80,0
2021-07-31,Siskiyou,093,43540,2091,1976,432,2408,31
2021-07-31,Solano,095,438530,36445,35340,752,36092,263
2021-07-31,Sonoma,097,501317,33623,32601,390,32991,329
2021-07-31,Stanislaus,099,539301,59699,58586,6308,64894,1035
2021-07-31,Sutter,101,95872,10295,10068,103,10171,127
2021-07-31,Tehama,103,63373,5330,5216,610,5826,66
2021-07-31,Trinity,105,12862,514,354,112,466,3
2021-07-31,Tulare,107,460477,51549,50409,9561,59970,854
2021-07-31,Tuolumne,109,53932,4553,4362,47,4409,64
2021-07-31,Ventura,111,848112,85086,83509,3476,86985,1044
2021-07-31,Yolo,113,214977,15335,14863,418,15281,215
2021-07-31,Yuba,115,75493,6855,6615,149,6764,50
2021-07-30,Alameda,001,1643700,97936,95279,2171,97450,1265
2021-07-30,Alpine,003,1148,90,89,0,89,0
2021-07-30,Amador,005,37829,3962,3877,33,3910,48
2021-07-30,Butte,007,227075,13596,13235,2012,15247,205
2021-07-30,Calaveras,009,45235,2371,2294,15,2309,57
2021-07-30,Colusa,011,21464,2047,2006,351,2357,16
2021-07-30,Contra Costa,013,1133247,78348,75866,1514,77380,832
2021-07-30,Del Norte,015,27424,1726,1576,14,1590,8
2021-07-30,El Dorado,017,186661,11413,11017,899,11916,116
2021-07-30,Fresno,019,978130,106823,104639,9086,113725,1744
2021-07-30,Glenn,021,27897,2515,2465,587,3052,20
2021-07-30,Humboldt,023,135768,5279,4978,79,5057,52
2021-07-30,Imperial,025,180216,29448,29164,2709,31873,743
2021-07-30,Inyo,027,18085,1464,1442,13,1455,38
2021-07-30,Kern,029,883053,100521,98903,11957,110860,1357
2021-07-30,Kings,031,150075,24056,23548,1169,24717,248
2021-07-30,Lake,033,64148,4440,4238,16,4254,66
2021-07-30,Lassen,035,31185,5363,5320,121,5441,21
2021-07-30,Los Angeles,037,10098052,1271037,1248545,45358,1293903,24691
2021-07-30,Madera,039,155013,17437,17058,1017,18075,245
2021-07-30,Marin,041,260295,15109,14701,289,14990,239
2021-07-30,Mariposa,043,17540,490,470,11,481,5
2021-07-30,Mendocino,045,87422,4605,4400,94,4494,49
2021-07-30,Merced,047,269075,32221,31959,1100,33059,474
2021-07-30,Modoc,049,8938,424,413,148,561,5
2021-07-30,Mono,051,14174,1302,1287,17,1304,3
2021-07-30,Monterey,053,433212,44069,43720,1974,45694,525
2021-07-30,Napa,055,140530,10585,10401,52,10453,82
2021-07-30,Nevada,057,99092,5768,5373,205,5578,72
2021-07-30,Orange,059,3164182,268377,263446,12159,275605,5144
2021-07-30,Placer,061,380077,26005,25104,1914,27018,306
2021-07-30,Plumas,063,18699,776,743,14,757,5
2021-07-30,Riverside,065,2383286,307143,300315,14553,314868,4554
2021-07-30,Sacramento,067,1510023,118236,115259,2213,117472,1720
2021-07-30,San Benito,069,59416,6282,6251,114,6365,63
2021-07-30,San Bernardino,071,2135413,304992,300726,9377,310103,5240
2021-07-30,San Diego,073,3302833,300911,295054,17297,312351,3798
2021-07-30,San Francisco,075,870044,42174,40412,1566,41978,562
2021-07-30,San Joaquin,077,732212,78050,76575,3887,80462,1443
2021-07-30,San Luis Obispo,079,281455,22423,21922,807,22729,260
2021-07-30,San Mateo,081,765935,45456,44622,598,45220,548
2021-07-30,Santa Barbara,083,443738,36065,35531,1202,36733,467
2021-07-30,Santa Clara,085,1922200,124825,122614,847,123461,2099
2021-07-30,Santa Cruz,087,273765,16953,16576,816,17392,207
2021-07-30,Shasta,089,179085,13231,12918,1763,14681,212
2021-07-30,Sierra,091,2930,75,68,12,80,0
2021-07-30,Siskiyou,093,43540,2082,1976,431,2407,31
2021-07-30,Solano,095,438530,36354,35340,736,36076,263
2021-07-30,Sonoma,097,501317,33528,32601,390,32991,329
2021-07-30,Stanislaus,099,539301,59555,58586,6288,64874,1035
2021-07-30,Sutter,101,95872,10260,10068,103,10171,127
2021-07-30,Tehama,103,63373,5319,5216,610,5826,66
2021-07-30,Trinity,105,12862,514,354,112,466,3
2021-07-30,Tulare,107,460477,51506,50409,9526,59935,854
2021-07-30,Tuolumne,109,53932,4535,4362,47,4409,64
2021-07-30,Ventura,111,848112,84922,83509,3461,86970,1044
2021-07-30,Yolo,113,214977,15274,14863,414,15277,215
2021-07-30,Yuba,115,75493,6819,6615,148,6763,50
2021-07-29,Alameda,001,1643700,97519,95279,2165,97444,1265
2021-07-29,Alpine,003,1148,90,89,0,89,0
2021-07-29,Amador,005,37829,3943,3877,33,3910,48
2021-07-29,Butte,007,227075,13547,13235,2004,15239,205
2021-07-29,Calaveras,009,45235,2356,2294,15,2309,57
2021-07-29,Colusa,011,21464,2040,2006,351,2357,16
2021-07-29,Contra Costa,013,1133247,77909,75866,1512,77378,832
2021-07-29,Del Norte,015,27424,1702,1576,14,1590,8
2021-07-29,El Dorado,017,186661,11349,11017,887,11904,116
2021-07-29,Fresno,019,978130,106558,104639,9060,113699,1744
2021-07-29,Glenn,021,27897,2505,2465,586,3051,20
2021-07-29,Humboldt,023,135768,5219,4978,77,5055,52
2021-07-29,Imperial,025,180216,29403,29164,2707,31871,743
2021-07-29,Inyo,027,18085,1460,1442,13,1455,38
2021-07-29,Kern,029,883053,100314,98903,11880,110783,1357
2021-07-29,Kings,031,150075,24010,23548,1165,24713,248
2021-07-29,Lake,033,64148,4405,4238,16,4254,66
2021-07-29,Lassen,035,31185,5355,5320,118,5438,21
2021-07-29,Los Angeles,037,10098052,1267941,1248545,45176,1293721,24691
2021-07-29,Madera,039,155013,17390,17058,1013,18071,245
2021-07-29,Marin,041,260295,15066,14701,289,14990,239
2021-07-29,Mariposa,043,17540,486,470,11,481,5
2021-07-29,Mendocino,045,87422,4582,4400,92,4492,49
2021-07-29,Merced,047,269075,32166,31959,1100,33059,474
2021-07-29,Modoc,049,8938,424,413,148,561,5
2021-07-29,Mono,051,14174,1300,1287,17,1304,3
2021-07-29,Monterey,053,433212,44020,43720,1964,45684,525
2021-07-29,Napa,055,140530,10553,10401,50,10451,82
2021-07-29,Nevada,057,99092,5716,5373,204,5577,72
2021-07-29,Orange,059,3164182,267665,263446,12127,275573,5144
2021-07-29,Placer,061,380077,25882,25104,1899,27003,306
2021-07-29,Plumas,063,18699,768,743,14,757,5
2021-07-29,Riverside,065,2383286,306438,300315,14529,314844,4554
2021-07-29,Sacramento,067,1510023,117680,115259,2200,117459,1720
2021-07-29,San Benito,069,59416,6271,6251,114,6365,63
2021-07-29,San Bernardino,071,2135413,304355,300726,9368,310094,5240
2021-07-29,San Diego,073,3302833,299854,295054,17229,312283,3798
2021-07-29,San Francisco,075,870044,41926,40412,1545,41957,562
2021-07-29,San Joaquin,077,732212,77795,76575,3879,80454,1443
2021-07-29,San Luis Obispo,079,281455,22368,21922,805,22727,260
2021-07-29,San Mateo,081,765935,45329,44622,588,45210,548
2021-07-29,Santa Barbara,083,443738,35979,35531,1201,36732,467
2021-07-29,Santa Clara,085,1922200,124528,122614,844,123458,2099
2021-07-29,Santa Cruz,087,273765,16900,16576,814,17390,207
2021-07-29,Shasta,089,179085,13177,12918,1754,14672,212
2021-07-29,Sierra,091,2930,75,68,12,80,0
2021-07-29,Siskiyou,093,43540,2077,1976,429,2405,31
2021-07-29,Solano,095,438530,36194,35340,726,36066,263
2021-07-29,Sonoma,097,501317,33354,32601,388,32989,329
2021-07-29,Stanislaus,099,539301,59383,58586,6273,64859,1035
2021-07-29,Sutter,101,95872,10214,10068,102,10170,127
2021-07-29,Tehama,103,63373,5307,5216,604,5820,66
2021-07-29,Trinity,105,12862,512,354,111,465,3
2021-07-29,Tulare,107,460477,51416,50409,9486,59895,854
2021-07-29,Tuolumne,109,53932,4495,4362,46,4408,64
2021-07-29,Ventura,111,848112,84756,83509,3454,86963,1044
2021-07-29,Yolo,113,214977,15206,14863,400,15263,215
2021-07-29,Yuba,115,75493,6770,6615,145,6760,50
2021-07-28,Alameda,001,1643700,97056,94965,2158,97123,1262
2021-07-28,Alpine,003,1148,90,89,0,89,0
2021-07-28,Amador,005,37829,3929,3870,33,3903,48
2021-07-28,Butte,007,227075,13490,13184,1991,15175,205
2021-07-28,Calaveras,009,45235,2335,2289,15,2304,57
2021-07-28,Colusa,011,21464,2037,2001,350,2351,16
2021-07-28,Contra Costa,013,1133247,77420,75487,1504,76991,832
2021-07-28,Del Norte,015,27424,1669,1545,14,1559,8
2021-07-28,El Dorado,017,186661,11299,10967,878,11845,116
2021-07-28,Fresno,019,978130,106310,104458,9040,113498,1744
2021-07-28,Glenn,021,27897,2502,2464,583,3047,20
2021-07-28,Humboldt,023,135768,5168,4946,76,5022,52
2021-07-28,Imperial,025,180216,29356,29096,2707,31803,743
2021-07-28,Inyo,027,18085,1454,1439,12,1451,38
2021-07-28,Kern,029,883053,100158,98781,11834,110615,1352
2021-07-28,Kings,031,150075,23946,23503,1155,24658,248
2021-07-28,Lake,033,64148,4359,4191,15,4206,65
2021-07-28,Lassen,035,31185,5347,5318,118,5436,21
2021-07-28,Los Angeles,037,10098052,1264766,1245485,44990,1290475,24673
2021-07-28,Madera,039,155013,17349,17024,1007,18031,245
2021-07-28,Marin,041,260295,15011,14652,289,14941,239
2021-07-28,Mariposa,043,17540,479,469,11,480,5
2021-07-28,Mendocino,045,87422,4554,4377,92,4469,49
2021-07-28,Merced,047,269075,32110,31886,1096,32982,474
2021-07-28,Modoc,049,8938,422,413,148,561,5
2021-07-28,Mono,051,14174,1299,1286,17,1303,3
2021-07-28,Monterey,053,433212,43973,43668,1955,45623,524
2021-07-28,Napa,055,140530,10513,10376,48,10424,82
2021-07-28,Nevada,057,99092,5662,5320,204,5524,72
2021-07-28,Orange,059,3164182,266873,262735,12098,274833,5143
2021-07-28,Placer,061,380077,25735,24978,1884,26862,306
2021-07-28,Plumas,063,18699,763,754,14,768,5
2021-07-28,Riverside,065,2383286,305671,299611,14510,314121,4554
2021-07-28,Sacramento,067,1510023,117029,114665,2181,116846,1714
2021-07-28,San Benito,069,59416,6260,6236,114,6350,63
2021-07-28,San Bernardino,071,2135413,303733,300121,9356,309477,5236
2021-07-28,San Diego,073,3302833,298580,294176,17156,311332,3798
2021-07-28,San Francisco,075,870044,41622,40144,1519,41663,561
2021-07-28,San Joaquin,077,732212,77544,76312,3849,80161,1443
2021-07-28,San Luis Obispo,079,281455,22309,21865,804,22669,260
2021-07-28,San Mateo,081,765935,45179,44477,579,45056,547
2021-07-28,Santa Barbara,083,443738,35904,35431,1196,36627,467
2021-07-28,Santa Clara,085,1922200,124266,122345,842,123187,2099
2021-07-28,Santa Cruz,087,273765,16862,16551,813,17364,207
2021-07-28,Shasta,089,179085,13132,12882,1744,14626,212
2021-07-28,Sierra,091,2930,71,67,12,79,0
2021-07-28,Siskiyou,093,43540,2068,1971,426,2397,31
2021-07-28,Solano,095,438530,36020,35204,719,35923,262
2021-07-28,Sonoma,097,501317,33211,32434,385,32819,328
2021-07-28,Stanislaus,099,539301,59186,58427,6257,64684,1035
2021-07-28,Sutter,101,95872,10182,10033,101,10134,126
2021-07-28,Tehama,103,63373,5295,5209,601,5810,66
2021-07-28,Trinity,105,12862,511,352,111,463,3
2021-07-28,Tulare,107,460477,51328,50363,9439,59802,854
2021-07-28,Tuolumne,109,53932,4456,4313,46,4359,64
2021-07-28,Ventura,111,848112,84560,83360,3438,86798,1043
2021-07-28,Yolo,113,214977,15134,14801,391,15192,215
2021-07-28,Yuba,115,75493,6737,6591,144,6735,51
2021-07-27,Alameda,001,1643700,96652,94682,2150,96832,1256
2021-07-27,Alpine,003,1148,90,89,0,89,0
2021-07-27,Amador,005,37829,3913,3861,33,3894,48
2021-07-27,Butte,007,227075,13442,13127,1980,15107,205
2021-07-27,Calaveras,009,45235,2324,2280,15,2295,57
2021-07-27,Colusa,011,21464,2028,1999,349,2348,16
2021-07-27,Contra Costa,013,1133247,76935,75227,1500,76727,830
2021-07-27,Del Norte,015,27424,1649,1538,14,1552,8
2021-07-27,El Dorado,017,186661,11239,10941,868,11809,116
2021-07-27,Fresno,019,978130,106017,104288,9017,113305,1746
2021-07-27,Glenn,021,27897,2494,2460,581,3041,20
2021-07-27,Humboldt,023,135768,5114,4925,75,5000,52
2021-07-27,Imperial,025,180216,29311,29048,2706,31754,743
2021-07-27,Inyo,027,18085,1452,1430,12,1442,38
2021-07-27,Kern,029,883053,99988,98724,11779,110503,1352
2021-07-27,Kings,031,150075,23889,23463,1145,24608,248
2021-07-27,Lake,033,64148,4320,4157,15,4172,65
2021-07-27,Lassen,035,31185,5341,5315,118,5433,21
2021-07-27,Los Angeles,037,10098052,1261301,1243336,44783,1288119,24658
2021-07-27,Madera,039,155013,17296,16998,1001,17999,245
2021-07-27,Marin,041,260295,14963,14631,286,14917,239
2021-07-27,Mariposa,043,17540,476,468,11,479,5
2021-07-27,Mendocino,045,87422,4531,4371,92,4463,49
2021-07-27,Merced,047,269075,32043,31825,1093,32918,473
2021-07-27,Modoc,049,8938,421,413,148,561,5
2021-07-27,Mono,051,14174,1295,1288,17,1305,3
2021-07-27,Monterey,053,433212,43933,43646,1944,45590,523
2021-07-27,Napa,055,140530,10483,10354,48,10402,82
2021-07-27,Nevada,057,99092,5585,5305,202,5507,72
2021-07-27,Orange,059,3164182,266130,262193,12072,274265,5143
2021-07-27,Placer,061,380077,25576,24916,1858,26774,306
2021-07-27,Plumas,063,18699,760,752,14,766,5
2021-07-27,Riverside,065,2383286,304942,299160,14491,313651,4554
2021-07-27,Sacramento,067,1510023,116426,114413,2172,116585,1710
2021-07-27,San Benito,069,59416,6251,6229,114,6343,63
2021-07-27,San Bernardino,071,2135413,303048,299593,9334,308927,5236
2021-07-27,San Diego,073,3302833,297491,293408,17077,310485,3798
2021-07-27,San Francisco,075,870044,41266,39939,1501,41440,561
2021-07-27,San Joaquin,077,732212,77281,76166,3830,79996,1442
2021-07-27,San Luis Obispo,079,281455,22254,21803,795,22598,260
2021-07-27,San Mateo,081,765935,45028,44378,576,44954,547
2021-07-27,Santa Barbara,083,443738,35809,35355,1194,36549,467
2021-07-27,Santa Clara,085,1922200,123972,122154,840,122994,2099
2021-07-27,Santa Cruz,087,273765,16816,16523,812,17335,207
2021-07-27,Shasta,089,179085,13082,12846,1731,14577,212
2021-07-27,Sierra,091,2930,71,65,12,77,0
2021-07-27,Siskiyou,093,43540,2063,1964,423,2387,31
2021-07-27,Solano,095,438530,35888,35093,709,35802,261
2021-07-27,Sonoma,097,501317,33067,32367,383,32750,328
2021-07-27,Stanislaus,099,539301,59018,58333,6229,64562,1033
2021-07-27,Sutter,101,95872,10141,9998,101,10099,115
2021-07-27,Tehama,103,63373,5274,5192,599,5791,66
2021-07-27,Trinity,105,12862,510,351,111,462,3
2021-07-27,Tulare,107,460477,51262,50324,9408,59732,854
2021-07-27,Tuolumne,109,53932,4404,4282,46,4328,64
2021-07-27,Ventura,111,848112,84352,83189,3426,86615,1043
2021-07-27,Yolo,113,214977,15060,14759,385,15144,215
2021-07-27,Yuba,115,75493,6715,6564,142,6706,51
2021-07-26,Alameda,001,1643700,96205,94436,2146,96582,1259
2021-07-26,Alpine,003,1148,90,89,0,89,0
2021-07-26,Amador,005,37829,3903,3854,33,3887,48
2021-07-26,Butte,007,227075,13387,13082,1969,15051,203
2021-07-26,Calaveras,009,45235,2318,2276,15,2291,57
2021-07-26,Colusa,011,21464,2021,1996,347,2343,16
2021-07-26,Contra Costa,013,1133247,76438,74854,1493,76347,830
2021-07-26,Del Norte,015,27424,1628,1530,14,1544,8
2021-07-26,El Dorado,017,186661,11175,10899,865,11764,116
2021-07-26,Fresno,019,978130,105813,104143,8994,113137,1742
2021-07-26,Glenn,021,27897,2492,2461,580,3041,20
2021-07-26,Humboldt,023,135768,5075,4906,73,4979,52
2021-07-26,Imperial,025,180216,29271,29034,2706,31740,743
2021-07-26,Inyo,027,18085,1447,1429,12,1441,38
2021-07-26,Kern,029,883053,99822,98633,11714,110347,1351
2021-07-26,Kings,031,150075,23840,23426,1141,24567,247
2021-07-26,Lake,033,64148,4299,4133,15,4148,65
2021-07-26,Lassen,035,31185,5337,5314,118,5432,21
2021-07-26,Los Angeles,037,10098052,1257955,1241527,44611,1286138,24647
2021-07-26,Madera,039,155013,17268,16971,994,17965,245
2021-07-26,Marin,041,260295,14906,14579,285,14864,239
2021-07-26,Mariposa,043,17540,475,467,11,478,5
2021-07-26,Mendocino,045,87422,4510,4354,92,4446,49
2021-07-26,Merced,047,269075,31952,31774,1089,32863,473
2021-07-26,Modoc,049,8938,421,413,148,561,5
2021-07-26,Mono,051,14174,1294,1286,17,1303,3
2021-07-26,Monterey,053,433212,43890,43595,1932,45527,521
2021-07-26,Napa,055,140530,10460,10332,48,10380,82
2021-07-26,Nevada,057,99092,5499,5280,202,5482,72
2021-07-26,Orange,059,3164182,265491,261803,12052,273855,5142
2021-07-26,Placer,061,380077,25440,24842,1837,26679,304
2021-07-26,Plumas,063,18699,756,750,14,764,5
2021-07-26,Riverside,065,2383286,304250,298626,14477,313103,4553
2021-07-26,Sacramento,067,1510023,115827,113986,2156,116142,1705
2021-07-26,San Benito,069,59416,6245,6222,114,6336,63
2021-07-26,San Bernardino,071,2135413,302434,299238,9321,308559,5237
2021-07-26,San Diego,073,3302833,296383,292688,16995,309683,3793
2021-07-26,San Francisco,075,870044,40905,39800,1475,41275,561
2021-07-26,San Joaquin,077,732212,77046,76033,3826,79859,1440
2021-07-26,San Luis Obispo,079,281455,22205,21752,792,22544,260
2021-07-26,San Mateo,081,765935,44880,44297,568,44865,547
2021-07-26,Santa Barbara,083,443738,35736,35311,1182,36493,467
2021-07-26,Santa Clara,085,1922200,123663,121978,831,122809,2099
2021-07-26,Santa Cruz,087,273765,16776,16493,809,17302,207
2021-07-26,Shasta,089,179085,13033,12819,1720,14539,211
2021-07-26,Sierra,091,2930,70,65,12,77,0
2021-07-26,Siskiyou,093,43540,2060,1962,421,2383,31
2021-07-26,Solano,095,438530,35733,34990,702,35692,259
2021-07-26,Sonoma,097,501317,32931,32283,381,32664,328
2021-07-26,Stanislaus,099,539301,58873,58219,6210,64429,1033
2021-07-26,Sutter,101,95872,10101,9963,98,10061,115
2021-07-26,Tehama,103,63373,5264,5183,595,5778,66
2021-07-26,Trinity,105,12862,510,351,110,461,3
2021-07-26,Tulare,107,460477,51196,50265,9379,59644,854
2021-07-26,Tuolumne,109,53932,4374,4271,46,4317,64
2021-07-26,Ventura,111,848112,84179,83072,3411,86483,1041
2021-07-26,Yolo,113,214977,14999,14727,373,15100,215
2021-07-26,Yuba,115,75493,6681,6538,140,6678,51
2021-07-25,Alameda,001,1643700,95712,94146,2140,96286,1259
2021-07-25,Alpine,003,1148,88,89,0,89,0
2021-07-25,Amador,005,37829,3888,3848,33,3881,48
2021-07-25,Butte,007,227075,13348,13074,1959,15033,203
2021-07-25,Calaveras,009,45235,2308,2275,15,2290,57
2021-07-25,Colusa,011,21464,2012,1996,343,2339,16
2021-07-25,Contra Costa,013,1133247,75953,74634,1479,76113,830
2021-07-25,Del Norte,015,27424,1607,1526,14,1540,8
2021-07-25,El Dorado,017,186661,11118,10878,861,11739,116
2021-07-25,Fresno,019,978130,105572,104019,8978,112997,1742
2021-07-25,Glenn,021,27897,2483,2461,578,3039,20
2021-07-25,Humboldt,023,135768,5016,4892,72,4964,52
2021-07-25,Imperial,025,180216,29235,29037,2706,31743,743
2021-07-25,Inyo,027,18085,1442,1427,12,1439,38
2021-07-25,Kern,029,883053,99650,98503,11643,110146,1351
2021-07-25,Kings,031,150075,23786,23396,1137,24533,247
2021-07-25,Lake,033,64148,4246,4109,14,4123,65
2021-07-25,Lassen,035,31185,5332,5314,118,5432,21
2021-07-25,Los Angeles,037,10098052,1254535,1239596,44417,1284013,24643
2021-07-25,Madera,039,155013,17231,16947,987,17934,245
2021-07-25,Marin,041,260295,14856,14558,282,14840,239
2021-07-25,Mariposa,043,17540,472,465,11,476,5
2021-07-25,Mendocino,045,87422,4481,4335,90,4425,49
2021-07-25,Merced,047,269075,31879,31760,1087,32847,473
2021-07-25,Modoc,049,8938,421,413,148,561,5
2021-07-25,Mono,051,14174,1291,1286,17,1303,3
2021-07-25,Monterey,053,433212,43852,43590,1924,45514,521
2021-07-25,Napa,055,140530,10424,10316,47,10363,82
2021-07-25,Nevada,057,99092,5434,5256,199,5455,72
2021-07-25,Orange,059,3164182,264783,261351,12029,273380,5142
2021-07-25,Placer,061,380077,25318,24755,1816,26571,304
2021-07-25,Plumas,063,18699,754,750,14,764,5
2021-07-25,Riverside,065,2383286,303486,298181,14460,312641,4553
2021-07-25,Sacramento,067,1510023,115277,113611,2141,115752,1704
2021-07-25,San Benito,069,59416,6238,6217,114,6331,63
2021-07-25,San Bernardino,071,2135413,301774,298982,9314,308296,5237
2021-07-25,San Diego,073,3302833,295321,290626,16921,307547,3793
2021-07-25,San Francisco,075,870044,40555,39663,1450,41113,561
2021-07-25,San Joaquin,077,732212,76790,75926,3807,79733,1440
2021-07-25,San Luis Obispo,079,281455,22132,21741,789,22530,260
2021-07-25,San Mateo,081,765935,44718,44189,562,44751,547
2021-07-25,Santa Barbara,083,443738,35656,35261,1179,36440,467
2021-07-25,Santa Clara,085,1922200,123333,121800,826,122626,2099
2021-07-25,Santa Cruz,087,273765,16729,16474,808,17282,207
2021-07-25,Shasta,089,179085,12986,12815,1715,14530,211
2021-07-25,Sierra,091,2930,70,65,12,77,0
2021-07-25,Siskiyou,093,43540,2052,1963,418,2381,31
2021-07-25,Solano,095,438530,35541,34863,699,35562,259
2021-07-25,Sonoma,097,501317,32806,32202,378,32580,328
2021-07-25,Stanislaus,099,539301,58707,58154,6205,64359,1033
2021-07-25,Sutter,101,95872,10048,9937,96,10033,115
2021-07-25,Tehama,103,63373,5248,5181,594,5775,66
2021-07-25,Trinity,105,12862,508,351,108,459,3
2021-07-25,Tulare,107,460477,51121,50221,9341,59562,854
2021-07-25,Tuolumne,109,53932,4323,4267,46,4313,64
2021-07-25,Ventura,111,848112,83965,82986,3388,86374,1041
2021-07-25,Yolo,113,214977,14938,14693,359,15052,215
2021-07-25,Yuba,115,75493,6648,6519,140,6659,51
2021-07-24,Alameda,001,1643700,95431,93170,2136,95306,1259
2021-07-24,Alpine,003,1148,88,89,0,89,0
2021-07-24,Amador,005,37829,3879,3816,33,3849,48
2021-07-24,Butte,007,227075,13319,12982,1957,14939,203
2021-07-24,Calaveras,009,45235,2303,2267,15,2282,57
2021-07-24,Colusa,011,21464,2011,1992,341,2333,16
2021-07-24,Contra Costa,013,1133247,75725,73682,1476,75158,830
2021-07-24,Del Norte,015,27424,1596,1497,14,1511,8
2021-07-24,El Dorado,017,186661,11084,10773,858,11631,116
2021-07-24,Fresno,019,978130,105454,103637,8968,112605,1736
2021-07-24,Glenn,021,27897,2481,2457,578,3035,20
2021-07-24,Humboldt,023,135768,4981,4780,71,4851,52
2021-07-24,Imperial,025,180216,29215,28996,2706,31702,742
2021-07-24,Inyo,027,18085,1439,1424,12,1436,38
2021-07-24,Kern,029,883053,99572,98261,11621,109882,1350
2021-07-24,Kings,031,150075,23755,23304,1134,24438,246
2021-07-24,Lake,033,64148,4223,3963,14,3977,64
2021-07-24,Lassen,035,31185,5331,5311,118,5429,21
2021-07-24,Los Angeles,037,10098052,1252759,1232164,44288,1276452,24623
2021-07-24,Madera,039,155013,17207,16885,985,17870,245
2021-07-24,Marin,041,260295,14817,14454,282,14736,238
2021-07-24,Mariposa,043,17540,472,453,11,464,5
2021-07-24,Mendocino,045,87422,4456,4293,90,4383,49
2021-07-24,Merced,047,269075,31857,31661,1086,32747,473
2021-07-24,Modoc,049,8938,421,413,148,561,5
2021-07-24,Mono,051,14174,1289,1284,17,1301,3
2021-07-24,Monterey,053,433212,43827,43525,1917,45442,521
2021-07-24,Napa,055,140530,10408,10230,47,10277,81
2021-07-24,Nevada,057,99092,5402,5183,199,5382,72
2021-07-24,Orange,059,3164182,264318,259973,12017,271990,5141
2021-07-24,Placer,061,380077,25235,24530,1811,26341,303
2021-07-24,Plumas,063,18699,753,737,14,751,4
2021-07-24,Riverside,065,2383286,303018,296912,14450,311362,4552
2021-07-24,Sacramento,067,1510023,114963,112438,2137,114575,1698
2021-07-24,San Benito,069,59416,6234,6200,113,6313,63
2021-07-24,San Bernardino,071,2135413,301382,297899,9305,307204,5236
2021-07-24,San Diego,073,3302833,294855,289368,16893,306261,3788
2021-07-24,San Francisco,075,870044,40381,38954,1434,40388,561
2021-07-24,San Joaquin,077,732212,76662,75461,3796,79257,1436
2021-07-24,San Luis Obispo,079,281455,22101,21616,787,22403,260
2021-07-24,San Mateo,081,765935,44601,43880,556,44436,542
2021-07-24,Santa Barbara,083,443738,35597,35071,1175,36246,465
2021-07-24,Santa Clara,085,1922200,123121,121092,825,121917,2099
2021-07-24,Santa Cruz,087,273765,16706,16416,808,17224,207
2021-07-24,Shasta,089,179085,12958,12759,1712,14471,211
2021-07-24,Sierra,091,2930,69,64,12,76,0
2021-07-24,Siskiyou,093,43540,2052,1951,418,2369,31
2021-07-24,Solano,095,438530,35449,34499,690,35189,259
2021-07-24,Sonoma,097,501317,32681,31928,376,32304,327
2021-07-24,Stanislaus,099,539301,58615,57879,6195,64074,1030
2021-07-24,Sutter,101,95872,10021,9890,96,9986,115
2021-07-24,Tehama,103,63373,5241,5166,592,5758,65
2021-07-24,Trinity,105,12862,508,345,108,453,3
2021-07-24,Tulare,107,460477,51078,50104,9324,59428,854
2021-07-24,Tuolumne,109,53932,4297,4216,46,4262,64
2021-07-24,Ventura,111,848112,83838,82687,3372,86059,1041
2021-07-24,Yolo,113,214977,14900,14557,355,14912,214
2021-07-24,Yuba,115,75493,6629,6449,140,6589,51
2021-07-23,Alameda,001,1643700,95178,93170,2132,95302,1259
2021-07-23,Alpine,003,1148,88,89,0,89,0
2021-07-23,Amador,005,37829,3872,3816,33,3849,48
2021-07-23,Butte,007,227075,13290,12982,1949,14931,203
2021-07-23,Calaveras,009,45235,2293,2267,15,2282,57
2021-07-23,Colusa,011,21464,2010,1992,341,2333,16
2021-07-23,Contra Costa,013,1133247,75465,73682,1467,75149,830
2021-07-23,Del Norte,015,27424,1588,1497,14,1511,8
2021-07-23,El Dorado,017,186661,11055,10773,854,11627,116
2021-07-23,Fresno,019,978130,105322,103637,8958,112595,1736
2021-07-23,Glenn,021,27897,2479,2457,575,3032,20
2021-07-23,Humboldt,023,135768,4959,4780,68,4848,52
2021-07-23,Imperial,025,180216,29203,28996,2706,31702,742
2021-07-23,Inyo,027,18085,1436,1424,12,1436,38
2021-07-23,Kern,029,883053,99490,98261,11596,109857,1350
2021-07-23,Kings,031,150075,23724,23304,1131,24435,246
2021-07-23,Lake,033,64148,4194,3963,14,3977,64
2021-07-23,Lassen,035,31185,5329,5311,118,5429,21
2021-07-23,Los Angeles,037,10098052,1250818,1232164,44179,1276343,24623
2021-07-23,Madera,039,155013,17177,16885,980,17865,245
2021-07-23,Marin,041,260295,14780,14454,280,14734,238
2021-07-23,Mariposa,043,17540,469,453,11,464,5
2021-07-23,Mendocino,045,87422,4443,4293,90,4383,49
2021-07-23,Merced,047,269075,31832,31661,1086,32747,473
2021-07-23,Modoc,049,8938,421,413,148,561,5
2021-07-23,Mono,051,14174,1288,1284,17,1301,3
2021-07-23,Monterey,053,433212,43801,43525,1917,45442,521
2021-07-23,Napa,055,140530,10387,10230,47,10277,81
2021-07-23,Nevada,057,99092,5358,5183,199,5382,72
2021-07-23,Orange,059,3164182,263868,259973,11994,271967,5141
2021-07-23,Placer,061,380077,25155,24530,1795,26325,303
2021-07-23,Plumas,063,18699,751,737,14,751,4
2021-07-23,Riverside,065,2383286,302553,296912,14438,311350,4552
2021-07-23,Sacramento,067,1510023,114609,112438,2135,114573,1698
2021-07-23,San Benito,069,59416,6228,6200,113,6313,63
2021-07-23,San Bernardino,071,2135413,301000,297899,9296,307195,5236
2021-07-23,San Diego,073,3302833,294247,289368,16845,306213,3788
2021-07-23,San Francisco,075,870044,40195,38954,1422,40376,561
2021-07-23,San Joaquin,077,732212,76558,75461,3781,79242,1436
2021-07-23,San Luis Obispo,079,281455,22062,21616,787,22403,260
2021-07-23,San Mateo,081,765935,44497,43880,552,44432,542
2021-07-23,Santa Barbara,083,443738,35532,35071,1174,36245,465
2021-07-23,Santa Clara,085,1922200,122902,121092,822,121914,2099
2021-07-23,Santa Cruz,087,273765,16681,16416,808,17224,207
2021-07-23,Shasta,089,179085,12931,12759,1709,14468,211
2021-07-23,Sierra,091,2930,69,64,12,76,0
2021-07-23,Siskiyou,093,43540,2050,1951,418,2369,31
2021-07-23,Solano,095,438530,35357,34499,686,35185,259
2021-07-23,Sonoma,097,501317,32586,31928,375,32303,327
2021-07-23,Stanislaus,099,539301,58539,57879,6186,64065,1030
2021-07-23,Sutter,101,95872,9992,9890,96,9986,115
2021-07-23,Tehama,103,63373,5232,5166,592,5758,65
2021-07-23,Trinity,105,12862,507,345,107,452,3
2021-07-23,Tulare,107,460477,51032,50104,9303,59407,854
2021-07-23,Tuolumne,109,53932,4275,4216,46,4262,64
2021-07-23,Ventura,111,848112,83676,82687,3354,86041,1041
2021-07-23,Yolo,113,214977,14863,14557,348,14905,214
2021-07-23,Yuba,115,75493,6603,6449,139,6588,51
2021-07-22,Alameda,001,1643700,94824,93170,2128,95298,1259
2021-07-22,Alpine,003,1148,88,89,0,89,0
2021-07-22,Amador,005,37829,3863,3816,33,3849,48
2021-07-22,Butte,007,227075,13256,12982,1940,14922,203
2021-07-22,Calaveras,009,45235,2283,2267,15,2282,57
2021-07-22,Colusa,011,21464,2008,1992,338,2330,16
2021-07-22,Contra Costa,013,1133247,75126,73682,1462,75144,830
2021-07-22,Del Norte,015,27424,1571,1497,14,1511,8
2021-07-22,El Dorado,017,186661,11019,10773,846,11619,116
2021-07-22,Fresno,019,978130,105193,103637,8948,112585,1736
2021-07-22,Glenn,021,27897,2475,2457,575,3032,20
2021-07-22,Humboldt,023,135768,4928,4780,66,4846,52
2021-07-22,Imperial,025,180216,29173,28996,2706,31702,742
2021-07-22,Inyo,027,18085,1434,1424,12,1436,38
2021-07-22,Kern,029,883053,99375,98261,11555,109816,1350
2021-07-22,Kings,031,150075,23685,23304,1129,24433,246
2021-07-22,Lake,033,64148,4143,3963,14,3977,64
2021-07-22,Lassen,035,31185,5326,5311,118,5429,21
2021-07-22,Los Angeles,037,10098052,1248385,1232164,43997,1276161,24623
2021-07-22,Madera,039,155013,17142,16885,978,17863,245
2021-07-22,Marin,041,260295,14739,14454,279,14733,238
2021-07-22,Mariposa,043,17540,462,453,11,464,5
2021-07-22,Mendocino,045,87422,4430,4293,89,4382,49
2021-07-22,Merced,047,269075,31790,31661,1085,32746,473
2021-07-22,Modoc,049,8938,421,413,148,561,5
2021-07-22,Mono,051,14174,1287,1284,17,1301,3
2021-07-22,Monterey,053,433212,43773,43525,1911,45436,521
2021-07-22,Napa,055,140530,10369,10230,47,10277,81
2021-07-22,Nevada,057,99092,5332,5183,198,5381,72
2021-07-22,Orange,059,3164182,263315,259973,11985,271958,5141
2021-07-22,Placer,061,380077,25061,24530,1784,26314,303
2021-07-22,Plumas,063,18699,750,737,14,751,4
2021-07-22,Riverside,065,2383286,302045,296912,14417,311329,4552
2021-07-22,Sacramento,067,1510023,114171,112438,2126,114564,1698
2021-07-22,San Benito,069,59416,6221,6200,113,6313,63
2021-07-22,San Bernardino,071,2135413,300597,297899,9281,307180,5236
2021-07-22,San Diego,073,3302833,293517,289368,16785,306153,3788
2021-07-22,San Francisco,075,870044,39982,38954,1410,40364,561
2021-07-22,San Joaquin,077,732212,76415,75461,3769,79230,1436
2021-07-22,San Luis Obispo,079,281455,22024,21616,783,22399,260
2021-07-22,San Mateo,081,765935,44385,43880,547,44427,542
2021-07-22,Santa Barbara,083,443738,35466,35071,1172,36243,465
2021-07-22,Santa Clara,085,1922200,122661,121092,819,121911,2099
2021-07-22,Santa Cruz,087,273765,16644,16416,807,17223,207
2021-07-22,Shasta,089,179085,12907,12759,1705,14464,211
2021-07-22,Sierra,091,2930,67,64,12,76,0
2021-07-22,Siskiyou,093,43540,2047,1951,418,2369,31
2021-07-22,Solano,095,438530,35211,34499,679,35178,259
2021-07-22,Sonoma,097,501317,32476,31928,373,32301,327
2021-07-22,Stanislaus,099,539301,58411,57879,6174,64053,1030
2021-07-22,Sutter,101,95872,9971,9890,96,9986,115
2021-07-22,Tehama,103,63373,5226,5166,592,5758,65
2021-07-22,Trinity,105,12862,507,345,107,452,3
2021-07-22,Tulare,107,460477,50989,50104,9275,59379,854
2021-07-22,Tuolumne,109,53932,4263,4216,46,4262,64
2021-07-22,Ventura,111,848112,83542,82687,3341,86028,1041
2021-07-22,Yolo,113,214977,14825,14557,348,14905,214
2021-07-22,Yuba,115,75493,6572,6449,136,6585,51
2021-07-21,Alameda,001,1643700,94504,92840,2125,94965,1256
2021-07-21,Alpine,003,1148,88,89,0,89,0
2021-07-21,Amador,005,37829,3850,3813,33,3846,48
2021-07-21,Butte,007,227075,13215,12939,1935,14874,203
2021-07-21,Calaveras,009,45235,2279,2257,15,2272,57
2021-07-21,Colusa,011,21464,2004,1988,337,2325,16
2021-07-21,Contra Costa,013,1133247,74862,73320,1453,74773,827
2021-07-21,Del Norte,015,27424,1561,1492,14,1506,8
2021-07-21,El Dorado,017,186661,10982,10742,842,11584,116
2021-07-21,Fresno,019,978130,105045,103504,8939,112443,1736
2021-07-21,Glenn,021,27897,2473,2455,574,3029,20
2021-07-21,Humboldt,023,135768,4896,4763,64,4827,52
2021-07-21,Imperial,025,180216,29161,28964,2703,31667,742
2021-07-21,Inyo,027,18085,1434,1423,12,1435,38
2021-07-21,Kern,029,883053,99257,98152,11514,109666,1350
2021-07-21,Kings,031,150075,23657,23270,1125,24395,246
2021-07-21,Lake,033,64148,4077,3896,14,3910,64
2021-07-21,Lassen,035,31185,5323,5310,118,5428,21
2021-07-21,Los Angeles,037,10098052,1245873,1229598,43859,1273457,24609
2021-07-21,Madera,039,155013,17118,16858,976,17834,245
2021-07-21,Marin,041,260295,14690,14427,279,14706,238
2021-07-21,Mariposa,043,17540,458,449,11,460,5
2021-07-21,Mendocino,045,87422,4412,4274,89,4363,49
2021-07-21,Merced,047,269075,31751,31607,1081,32688,473
2021-07-21,Modoc,049,8938,421,413,148,561,5
2021-07-21,Mono,051,14174,1284,1282,17,1299,3
2021-07-21,Monterey,053,433212,43743,43502,1908,45410,515
2021-07-21,Napa,055,140530,10343,10209,47,10256,81
2021-07-21,Nevada,057,99092,5297,5152,198,5350,72
2021-07-21,Orange,059,3164182,262762,259615,11955,271570,5139
2021-07-21,Placer,061,380077,24952,24441,1773,26214,303
2021-07-21,Plumas,063,18699,750,736,14,750,4
2021-07-21,Riverside,065,2383286,301532,296419,14400,310819,4552
2021-07-21,Sacramento,067,1510023,113749,112043,2115,114158,1696
2021-07-21,San Benito,069,59416,6211,6196,113,6309,63
2021-07-21,San Bernardino,071,2135413,300142,297519,9273,306792,5230
2021-07-21,San Diego,073,3302833,292668,288682,16722,305404,3787
2021-07-21,San Francisco,075,870044,39757,38699,1405,40104,559
2021-07-21,San Joaquin,077,732212,76226,75288,3757,79045,1434
2021-07-21,San Luis Obispo,079,281455,21987,21579,780,22359,260
2021-07-21,San Mateo,081,765935,44293,43755,543,44298,542
2021-07-21,Santa Barbara,083,443738,35407,34998,1156,36154,465
2021-07-21,Santa Clara,085,1922200,122451,120838,817,121655,2099
2021-07-21,Santa Cruz,087,273765,16610,16407,807,17214,207
2021-07-21,Shasta,089,179085,12874,12751,1702,14453,211
2021-07-21,Sierra,091,2930,67,64,12,76,0
2021-07-21,Siskiyou,093,43540,2045,1943,416,2359,31
2021-07-21,Solano,095,438530,35053,34374,674,35048,258
2021-07-21,Sonoma,097,501317,32360,31789,373,32162,327
2021-07-21,Stanislaus,099,539301,58309,57774,6164,63938,1028
2021-07-21,Sutter,101,95872,9947,9862,96,9958,113
2021-07-21,Tehama,103,63373,5222,5161,592,5753,65
2021-07-21,Trinity,105,12862,505,345,106,451,3
2021-07-21,Tulare,107,460477,50929,50066,9250,59316,854
2021-07-21,Tuolumne,109,53932,4226,4156,46,4202,64
2021-07-21,Ventura,111,848112,83420,82573,3329,85902,1041
2021-07-21,Yolo,113,214977,14783,14525,347,14872,213
2021-07-21,Yuba,115,75493,6544,6425,136,6561,52
2021-07-20,Alameda,001,1643700,94132,92625,2111,94736,1256
2021-07-20,Alpine,003,1148,88,89,0,89,0
2021-07-20,Amador,005,37829,3839,3807,33,3840,48
2021-07-20,Butte,007,227075,13178,12916,1930,14846,203
2021-07-20,Calaveras,009,45235,2276,2249,15,2264,57
2021-07-20,Colusa,011,21464,2004,1985,337,2322,16
2021-07-20,Contra Costa,013,1133247,74578,73143,1435,74578,825
2021-07-20,Del Norte,015,27424,1551,1490,14,1504,8
2021-07-20,El Dorado,017,186661,10942,10727,838,11565,116
2021-07-20,Fresno,019,978130,104910,103438,8920,112358,1736
2021-07-20,Glenn,021,27897,2473,2453,574,3027,20
2021-07-20,Humboldt,023,135768,4851,4735,62,4797,52
2021-07-20,Imperial,025,180216,29141,28933,2703,31636,742
2021-07-20,Inyo,027,18085,1430,1420,12,1432,36
2021-07-20,Kern,029,883053,99144,98082,11486,109568,1350
2021-07-20,Kings,031,150075,23616,23254,1120,24374,246
2021-07-20,Lake,033,64148,4052,3871,14,3885,64
2021-07-20,Lassen,035,31185,5323,5306,118,5424,21
2021-07-20,Los Angeles,037,10098052,1243077,1227404,43694,1271098,24603
2021-07-20,Madera,039,155013,17097,16856,972,17828,245
2021-07-20,Marin,041,260295,14654,14396,276,14672,234
2021-07-20,Mariposa,043,17540,456,448,11,459,5
2021-07-20,Mendocino,045,87422,4395,4259,89,4348,49
2021-07-20,Merced,047,269075,31712,31578,1074,32652,473
2021-07-20,Modoc,049,8938,421,413,148,561,5
2021-07-20,Mono,051,14174,1280,1281,17,1298,3
2021-07-20,Monterey,053,433212,43712,43481,1905,45386,515
2021-07-20,Napa,055,140530,10320,10191,47,10238,81
2021-07-20,Nevada,057,99092,5278,5148,197,5345,72
2021-07-20,Orange,059,3164182,262205,259303,11925,271228,5139
2021-07-20,Placer,061,380077,24860,24408,1751,26159,303
2021-07-20,Plumas,063,18699,748,736,14,750,4
2021-07-20,Riverside,065,2383286,300997,296118,14386,310504,4543
2021-07-20,Sacramento,067,1510023,113309,111796,2085,113881,1695
2021-07-20,San Benito,069,59416,6204,6196,113,6309,63
2021-07-20,San Bernardino,071,2135413,299733,297222,9248,306470,5231
2021-07-20,San Diego,073,3302833,291742,288209,16626,304835,3786
2021-07-20,San Francisco,075,870044,39499,38536,1394,39930,558
2021-07-20,San Joaquin,077,732212,76054,75198,3744,78942,1433
2021-07-20,San Luis Obispo,079,281455,21941,21556,779,22335,259
2021-07-20,San Mateo,081,765935,44174,43670,542,44212,542
2021-07-20,Santa Barbara,083,443738,35337,34935,1150,36085,462
2021-07-20,Santa Clara,085,1922200,122194,120704,814,121518,2098
2021-07-20,Santa Cruz,087,273765,16581,16399,807,17206,207
2021-07-20,Shasta,089,179085,12848,12734,1698,14432,211
2021-07-20,Sierra,091,2930,67,64,12,76,0
2021-07-20,Siskiyou,093,43540,2041,1931,415,2346,31
2021-07-20,Solano,095,438530,34918,34337,667,35004,258
2021-07-20,Sonoma,097,501317,32241,31763,372,32135,326
2021-07-20,Stanislaus,099,539301,58194,57706,6159,63865,1028
2021-07-20,Sutter,101,95872,9920,9854,93,9947,114
2021-07-20,Tehama,103,63373,5220,5153,592,5745,65
2021-07-20,Trinity,105,12862,503,344,105,449,3
2021-07-20,Tulare,107,460477,50887,50047,9233,59280,854
2021-07-20,Tuolumne,109,53932,4207,4156,46,4202,64
2021-07-20,Ventura,111,848112,83267,82504,3314,85818,1041
2021-07-20,Yolo,113,214977,14718,14495,344,14839,213
2021-07-20,Yuba,115,75493,6519,6393,133,6526,52
2021-07-19,Alameda,001,1643700,93758,92357,2095,94452,1256
2021-07-19,Alpine,003,1148,88,89,0,89,0
2021-07-19,Amador,005,37829,3835,3802,33,3835,48
2021-07-19,Butte,007,227075,13134,12901,1925,14826,202
2021-07-19,Calaveras,009,45235,2272,2245,15,2260,57
2021-07-19,Colusa,011,21464,2002,1981,337,2318,16
2021-07-19,Contra Costa,013,1133247,74266,72935,1415,74350,825
2021-07-19,Del Norte,015,27424,1538,1484,14,1498,8
2021-07-19,El Dorado,017,186661,10912,10703,830,11533,114
2021-07-19,Fresno,019,978130,104780,103350,8907,112257,1731
2021-07-19,Glenn,021,27897,2473,2452,573,3025,20
2021-07-19,Humboldt,023,135768,4821,4719,60,4779,52
2021-07-19,Imperial,025,180216,29114,28888,2702,31590,742
2021-07-19,Inyo,027,18085,1429,1417,12,1429,36
2021-07-19,Kern,029,883053,99030,97999,11453,109452,1349
2021-07-19,Kings,031,150075,23586,23221,1114,24335,246
2021-07-19,Lake,033,64148,4016,3848,14,3862,64
2021-07-19,Lassen,035,31185,5322,5305,118,5423,21
2021-07-19,Los Angeles,037,10098052,1240475,1225946,43504,1269450,24600
2021-07-19,Madera,039,155013,17074,16846,969,17815,244
2021-07-19,Marin,041,260295,14619,14369,273,14642,234
2021-07-19,Mariposa,043,17540,450,447,11,458,5
2021-07-19,Mendocino,045,87422,4377,4251,89,4340,49
2021-07-19,Merced,047,269075,31648,31565,1067,32632,472
2021-07-19,Modoc,049,8938,420,413,148,561,5
2021-07-19,Mono,051,14174,1278,1280,17,1297,3
2021-07-19,Monterey,053,433212,43688,43436,1904,45340,515
2021-07-19,Napa,055,140530,10295,10180,45,10225,81
2021-07-19,Nevada,057,99092,5250,5133,196,5329,72
2021-07-19,Orange,059,3164182,261682,258927,11893,270820,5138
2021-07-19,Placer,061,380077,24761,24359,1729,26088,303
2021-07-19,Plumas,063,18699,748,730,14,744,4
2021-07-19,Riverside,065,2383286,300507,295736,14348,310084,4543
2021-07-19,Sacramento,067,1510023,112945,111470,2061,113531,1696
2021-07-19,San Benito,069,59416,6201,6193,113,6306,63
2021-07-19,San Bernardino,071,2135413,299359,296929,9229,306158,5235
2021-07-19,San Diego,073,3302833,290842,287695,16521,304216,3786
2021-07-19,San Francisco,075,870044,39226,38463,1381,39844,560
2021-07-19,San Joaquin,077,732212,75889,75086,3739,78825,1431
2021-07-19,San Luis Obispo,079,281455,21896,21531,775,22306,259
2021-07-19,San Mateo,081,765935,44032,43563,533,44096,542
2021-07-19,Santa Barbara,083,443738,35265,34904,1148,36052,461
2021-07-19,Santa Clara,085,1922200,121936,120554,813,121367,2098
2021-07-19,Santa Cruz,087,273765,16565,16387,807,17194,207
2021-07-19,Shasta,089,179085,12830,12723,1696,14419,209
2021-07-19,Sierra,091,2930,66,64,12,76,0
2021-07-19,Siskiyou,093,43540,2036,1927,413,2340,31
2021-07-19,Solano,095,438530,34743,34262,656,34918,261
2021-07-19,Sonoma,097,501317,32120,31713,371,32084,325
2021-07-19,Stanislaus,099,539301,58093,57644,6149,63793,1027
2021-07-19,Sutter,101,95872,9904,9834,93,9927,114
2021-07-19,Tehama,103,63373,5214,5152,590,5742,65
2021-07-19,Trinity,105,12862,503,344,104,448,3
2021-07-19,Tulare,107,460477,50840,49994,9217,59211,855
2021-07-19,Tuolumne,109,53932,4197,4151,46,4197,64
2021-07-19,Ventura,111,848112,83171,82409,3292,85701,1041
2021-07-19,Yolo,113,214977,14686,14439,342,14781,213
2021-07-19,Yuba,115,75493,6495,6370,133,6503,52
2021-07-18,Alameda,001,1643700,93398,92162,2083,94245,1256
2021-07-18,Alpine,003,1148,88,89,0,89,0
2021-07-18,Amador,005,37829,3824,3799,33,3832,48
2021-07-18,Butte,007,227075,13091,12888,1920,14808,202
2021-07-18,Calaveras,009,45235,2269,2243,15,2258,57
2021-07-18,Colusa,011,21464,2002,1981,336,2317,16
2021-07-18,Contra Costa,013,1133247,73950,72849,1397,74246,825
2021-07-18,Del Norte,015,27424,1529,1482,14,1496,8
2021-07-18,El Dorado,017,186661,10875,10687,822,11509,114
2021-07-18,Fresno,019,978130,104626,103298,8889,112187,1731
2021-07-18,Glenn,021,27897,2472,2452,572,3024,20
2021-07-18,Humboldt,023,135768,4785,4714,60,4774,52
2021-07-18,Imperial,025,180216,29077,28877,2701,31578,742
2021-07-18,Inyo,027,18085,1425,1417,12,1429,36
2021-07-18,Kern,029,883053,98904,97963,11411,109374,1349
2021-07-18,Kings,031,150075,23565,23203,1110,24313,246
2021-07-18,Lake,033,64148,3980,3825,14,3839,64
2021-07-18,Lassen,035,31185,5322,5305,118,5423,21
2021-07-18,Los Angeles,037,10098052,1237789,1224691,43314,1268005,24598
2021-07-18,Madera,039,155013,17049,16838,965,17803,244
2021-07-18,Marin,041,260295,14583,14358,271,14629,234
2021-07-18,Mariposa,043,17540,449,447,11,458,5
2021-07-18,Mendocino,045,87422,4356,4246,89,4335,49
2021-07-18,Merced,047,269075,31617,31537,1065,32602,471
2021-07-18,Modoc,049,8938,420,413,148,561,5
2021-07-18,Mono,051,14174,1277,1280,17,1297,3
2021-07-18,Monterey,053,433212,43670,43422,1894,45316,515
2021-07-18,Napa,055,140530,10278,10174,42,10216,81
2021-07-18,Nevada,057,99092,5224,5124,196,5320,72
2021-07-18,Orange,059,3164182,261198,258724,11865,270589,5138
2021-07-18,Placer,061,380077,24694,24313,1702,26015,303
2021-07-18,Plumas,063,18699,748,730,14,744,4
2021-07-18,Riverside,065,2383286,300015,295522,14306,309828,4543
2021-07-18,Sacramento,067,1510023,112514,111255,2028,113283,1696
2021-07-18,San Benito,069,59416,6193,6191,113,6304,63
2021-07-18,San Bernardino,071,2135413,298885,296739,9214,305953,5233
2021-07-18,San Diego,073,3302833,290026,286287,16437,302724,3786
2021-07-18,San Francisco,075,870044,38991,38367,1370,39737,560
2021-07-18,San Joaquin,077,732212,75712,74997,3726,78723,1431
2021-07-18,San Luis Obispo,079,281455,21861,21527,772,22299,259
2021-07-18,San Mateo,081,765935,43919,43506,527,44033,542
2021-07-18,Santa Barbara,083,443738,35200,34880,1146,36026,461
2021-07-18,Santa Clara,085,1922200,121722,120438,806,121244,2098
2021-07-18,Santa Cruz,087,273765,16533,16372,806,17178,207
2021-07-18,Shasta,089,179085,12805,12714,1692,14406,209
2021-07-18,Sierra,091,2930,66,64,12,76,0
2021-07-18,Siskiyou,093,43540,2030,1927,408,2335,31
2021-07-18,Solano,095,438530,34615,34215,652,34867,261
2021-07-18,Sonoma,097,501317,32015,31675,370,32045,325
2021-07-18,Stanislaus,099,539301,57982,57600,6124,63724,1028
2021-07-18,Sutter,101,95872,9872,9826,93,9919,114
2021-07-18,Tehama,103,63373,5211,5150,589,5739,65
2021-07-18,Trinity,105,12862,503,344,104,448,3
2021-07-18,Tulare,107,460477,50787,49985,9194,59179,855
2021-07-18,Tuolumne,109,53932,4179,4149,46,4195,64
2021-07-18,Ventura,111,848112,83057,82361,3268,85629,1041
2021-07-18,Yolo,113,214977,14627,14425,336,14761,213
2021-07-18,Yuba,115,75493,6454,6357,133,6490,52
2021-07-17,Alameda,001,1643700,93181,91346,2072,93418,1255
2021-07-17,Alpine,003,1148,88,89,0,89,0
2021-07-17,Amador,005,37829,3815,3785,33,3818,48
2021-07-17,Butte,007,227075,13076,12824,1916,14740,202
2021-07-17,Calaveras,009,45235,2263,2237,15,2252,57
2021-07-17,Colusa,011,21464,1999,1976,336,2312,16
2021-07-17,Contra Costa,013,1133247,73768,72254,1384,73638,824
2021-07-17,Del Norte,015,27424,1521,1475,14,1489,8
2021-07-17,El Dorado,017,186661,10848,10622,818,11440,114
2021-07-17,Fresno,019,978130,104553,103055,8875,111930,1730
2021-07-17,Glenn,021,27897,2471,2451,572,3023,20
2021-07-17,Humboldt,023,135768,4772,4654,59,4713,52
2021-07-17,Imperial,025,180216,29061,28840,2701,31541,742
2021-07-17,Inyo,027,18085,1425,1416,12,1428,36
2021-07-17,Kern,029,883053,98847,97796,11375,109171,1348
2021-07-17,Kings,031,150075,23545,23163,1109,24272,246
2021-07-17,Lake,033,64148,3955,3760,14,3774,64
2021-07-17,Lassen,035,31185,5322,5302,118,5420,21
2021-07-17,Los Angeles,037,10098052,1236254,1219733,43172,1262905,24582
2021-07-17,Madera,039,155013,17041,16804,965,17769,240
2021-07-17,Marin,041,260295,14565,14297,269,14566,234
2021-07-17,Mariposa,043,17540,449,445,11,456,5
2021-07-17,Mendocino,045,87422,4344,4209,89,4298,49
2021-07-17,Merced,047,269075,31596,31451,1061,32512,471
2021-07-17,Modoc,049,8938,420,412,148,560,5
2021-07-17,Mono,051,14174,1275,1277,17,1294,3
2021-07-17,Monterey,053,433212,43647,43367,1889,45256,515
2021-07-17,Napa,055,140530,10262,10129,42,10171,81
2021-07-17,Nevada,057,99092,5209,5066,196,5262,72
2021-07-17,Orange,059,3164182,260891,257805,11826,269631,5136
2021-07-17,Placer,061,380077,24627,24169,1688,25857,303
2021-07-17,Plumas,063,18699,743,721,14,735,4
2021-07-17,Riverside,065,2383286,299708,294751,14274,309025,4542
2021-07-17,Sacramento,067,1510023,112279,110432,2008,112440,1694
2021-07-17,San Benito,069,59416,6187,6181,113,6294,63
2021-07-17,San Bernardino,071,2135413,298648,296048,9195,305243,5218
2021-07-17,San Diego,073,3302833,289619,285698,16369,302067,3786
2021-07-17,San Francisco,075,870044,38870,37978,1367,39345,560
2021-07-17,San Joaquin,077,732212,75625,74695,3720,78415,1430
2021-07-17,San Luis Obispo,079,281455,21834,21462,772,22234,258
2021-07-17,San Mateo,081,765935,43848,43324,526,43850,542
2021-07-17,Santa Barbara,083,443738,35159,34769,1143,35912,461
2021-07-17,Santa Clara,085,1922200,121550,119980,803,120783,2097
2021-07-17,Santa Cruz,087,273765,16526,16337,806,17143,207
2021-07-17,Shasta,089,179085,12790,12683,1687,14370,210
2021-07-17,Sierra,091,2930,66,62,12,74,0
2021-07-17,Siskiyou,093,43540,2025,1922,405,2327,29
2021-07-17,Solano,095,438530,34550,34015,644,34659,263
2021-07-17,Sonoma,097,501317,31947,31536,369,31905,322
2021-07-17,Stanislaus,099,539301,57905,57400,6110,63510,1028
2021-07-17,Sutter,101,95872,9862,9778,93,9871,114
2021-07-17,Tehama,103,63373,5208,5145,589,5734,64
2021-07-17,Trinity,105,12862,502,341,104,445,3
2021-07-17,Tulare,107,460477,50766,49937,9182,59119,854
2021-07-17,Tuolumne,109,53932,4169,4131,46,4177,64
2021-07-17,Ventura,111,848112,82988,82125,3257,85382,1041
2021-07-17,Yolo,113,214977,14595,14356,329,14685,213
2021-07-17,Yuba,115,75493,6443,6309,133,6442,52
2021-07-16,Alameda,001,1643700,92939,91346,2061,93407,1255
2021-07-16,Alpine,003,1148,88,89,0,89,0
2021-07-16,Amador,005,37829,3812,3785,33,3818,48
2021-07-16,Butte,007,227075,13051,12824,1913,14737,202
2021-07-16,Calaveras,009,45235,2262,2237,15,2252,57
2021-07-16,Colusa,011,21464,1997,1976,335,2311,16
2021-07-16,Contra Costa,013,1133247,73579,72254,1380,73634,824
2021-07-16,Del Norte,015,27424,1519,1475,14,1489,8
2021-07-16,El Dorado,017,186661,10829,10622,817,11439,114
2021-07-16,Fresno,019,978130,104501,103055,8855,111910,1730
2021-07-16,Glenn,021,27897,2471,2451,572,3023,20
2021-07-16,Humboldt,023,135768,4750,4654,59,4713,52
2021-07-16,Imperial,025,180216,29049,28840,2701,31541,742
2021-07-16,Inyo,027,18085,1423,1416,12,1428,36
2021-07-16,Kern,029,883053,98785,97796,11335,109131,1348
2021-07-16,Kings,031,150075,23520,23163,1108,24271,246
2021-07-16,Lake,033,64148,3928,3760,14,3774,64
2021-07-16,Lassen,035,31185,5321,5302,118,5420,21
2021-07-16,Los Angeles,037,10098052,1234752,1219733,43027,1262760,24582
2021-07-16,Madera,039,155013,17023,16804,965,17769,240
2021-07-16,Marin,041,260295,14541,14297,266,14563,234
2021-07-16,Mariposa,043,17540,449,445,11,456,5
2021-07-16,Mendocino,045,87422,4335,4209,88,4297,49
2021-07-16,Merced,047,269075,31574,31451,1059,32510,471
2021-07-16,Modoc,049,8938,420,412,148,560,5
2021-07-16,Mono,051,14174,1274,1277,17,1294,3
2021-07-16,Monterey,053,433212,43625,43367,1888,45255,515
2021-07-16,Napa,055,140530,10238,10129,41,10170,81
2021-07-16,Nevada,057,99092,5199,5066,196,5262,72
2021-07-16,Orange,059,3164182,260618,257805,11785,269590,5136
2021-07-16,Placer,061,380077,24574,24169,1683,25852,303
2021-07-16,Plumas,063,18699,742,721,14,735,4
2021-07-16,Riverside,065,2383286,299432,294751,14248,308999,4542
2021-07-16,Sacramento,067,1510023,112062,110432,1995,112427,1694
2021-07-16,San Benito,069,59416,6185,6181,113,6294,63
2021-07-16,San Bernardino,071,2135413,298371,296048,9178,305226,5218
2021-07-16,San Diego,073,3302833,289177,285698,16322,302020,3786
2021-07-16,San Francisco,075,870044,38753,37978,1362,39340,560
2021-07-16,San Joaquin,077,732212,75531,74695,3717,78412,1430
2021-07-16,San Luis Obispo,079,281455,21817,21462,772,22234,258
2021-07-16,San Mateo,081,765935,43795,43324,525,43849,542
2021-07-16,Santa Barbara,083,443738,35121,34769,1143,35912,461
2021-07-16,Santa Clara,085,1922200,121403,119980,796,120776,2097
2021-07-16,Santa Cruz,087,273765,16513,16337,806,17143,207
2021-07-16,Shasta,089,179085,12780,12683,1686,14369,210
2021-07-16,Sierra,091,2930,66,62,12,74,0
2021-07-16,Siskiyou,093,43540,2023,1922,403,2325,29
2021-07-16,Solano,095,438530,34483,34015,636,34651,263
2021-07-16,Sonoma,097,501317,31895,31536,366,31902,322
2021-07-16,Stanislaus,099,539301,57855,57400,6100,63500,1028
2021-07-16,Sutter,101,95872,9850,9778,93,9871,114
2021-07-16,Tehama,103,63373,5206,5145,589,5734,64
2021-07-16,Trinity,105,12862,502,341,103,444,3
2021-07-16,Tulare,107,460477,50742,49937,9172,59109,854
2021-07-16,Tuolumne,109,53932,4163,4131,46,4177,64
2021-07-16,Ventura,111,848112,82923,82125,3250,85375,1041
2021-07-16,Yolo,113,214977,14569,14356,326,14682,213
2021-07-16,Yuba,115,75493,6421,6309,132,6441,52
2021-07-15,Alameda,001,1643700,92641,91346,2051,93397,1255
2021-07-15,Alpine,003,1148,88,89,0,89,0
2021-07-15,Amador,005,37829,3809,3785,33,3818,48
2021-07-15,Butte,007,227075,13025,12824,1911,14735,202
2021-07-15,Calaveras,009,45235,2259,2237,15,2252,57
2021-07-15,Colusa,011,21464,1996,1976,334,2310,16
2021-07-15,Contra Costa,013,1133247,73366,72254,1373,73627,824
2021-07-15,Del Norte,015,27424,1516,1475,14,1489,8
2021-07-15,El Dorado,017,186661,10802,10622,815,11437,114
2021-07-15,Fresno,019,978130,104404,103055,8835,111890,1730
2021-07-15,Glenn,021,27897,2471,2451,572,3023,20
2021-07-15,Humboldt,023,135768,4732,4654,58,4712,52
2021-07-15,Imperial,025,180216,29026,28840,2701,31541,742
2021-07-15,Inyo,027,18085,1423,1416,12,1428,36
2021-07-15,Kern,029,883053,98715,97796,11307,109103,1348
2021-07-15,Kings,031,150075,23482,23163,1105,24268,246
2021-07-15,Lake,033,64148,3889,3760,14,3774,64
2021-07-15,Lassen,035,31185,5320,5302,118,5420,21
2021-07-15,Los Angeles,037,10098052,1232767,1219733,42869,1262602,24582
2021-07-15,Madera,039,155013,17001,16804,961,17765,240
2021-07-15,Marin,041,260295,14516,14297,266,14563,234
2021-07-15,Mariposa,043,17540,449,445,11,456,5
2021-07-15,Mendocino,045,87422,4327,4209,87,4296,49
2021-07-15,Merced,047,269075,31544,31451,1059,32510,471
2021-07-15,Modoc,049,8938,420,412,148,560,5
2021-07-15,Mono,051,14174,1274,1277,17,1294,3
2021-07-15,Monterey,053,433212,43596,43367,1885,45252,515
2021-07-15,Napa,055,140530,10213,10129,40,10169,81
2021-07-15,Nevada,057,99092,5182,5066,195,5261,72
2021-07-15,Orange,059,3164182,260267,257805,11754,269559,5136
2021-07-15,Placer,061,380077,24514,24169,1666,25835,303
2021-07-15,Plumas,063,18699,741,721,14,735,4
2021-07-15,Riverside,065,2383286,299111,294751,14233,308984,4542
2021-07-15,Sacramento,067,1510023,111758,110432,1978,112410,1694
2021-07-15,San Benito,069,59416,6183,6181,113,6294,63
2021-07-15,San Bernardino,071,2135413,298064,296048,9164,305212,5218
2021-07-15,San Diego,073,3302833,288539,285698,16244,301942,3786
2021-07-15,San Francisco,075,870044,38601,37978,1354,39332,560
2021-07-15,San Joaquin,077,732212,75414,74695,3712,78407,1430
2021-07-15,San Luis Obispo,079,281455,21785,21462,772,22234,258
2021-07-15,San Mateo,081,765935,43691,43324,520,43844,542
2021-07-15,Santa Barbara,083,443738,35065,34769,1142,35911,461
2021-07-15,Santa Clara,085,1922200,121281,119980,793,120773,2097
2021-07-15,Santa Cruz,087,273765,16500,16337,806,17143,207
2021-07-15,Shasta,089,179085,12772,12683,1682,14365,210
2021-07-15,Sierra,091,2930,66,62,12,74,0
2021-07-15,Siskiyou,093,43540,2022,1922,403,2325,29
2021-07-15,Solano,095,438530,34408,34015,630,34645,263
2021-07-15,Sonoma,097,501317,31834,31536,366,31902,322
2021-07-15,Stanislaus,099,539301,57786,57400,6087,63487,1028
2021-07-15,Sutter,101,95872,9830,9778,92,9870,114
2021-07-15,Tehama,103,63373,5200,5145,588,5733,64
2021-07-15,Trinity,105,12862,502,341,103,444,3
2021-07-15,Tulare,107,460477,50722,49937,9155,59092,854
2021-07-15,Tuolumne,109,53932,4151,4131,46,4177,64
2021-07-15,Ventura,111,848112,82847,82125,3245,85370,1041
2021-07-15,Yolo,113,214977,14542,14356,325,14681,213
2021-07-15,Yuba,115,75493,6406,6309,131,6440,52
2021-07-14,Alameda,001,1643700,92381,91092,2034,93126,1255
2021-07-14,Alpine,003,1148,88,89,0,89,0
2021-07-14,Amador,005,37829,3801,3784,33,3817,48
2021-07-14,Butte,007,227075,12998,12813,1904,14717,202
2021-07-14,Calaveras,009,45235,2252,2234,15,2249,57
2021-07-14,Colusa,011,21464,1993,1974,334,2308,16
2021-07-14,Contra Costa,013,1133247,73138,72091,1361,73452,823
2021-07-14,Del Norte,015,27424,1515,1472,14,1486,8
2021-07-14,El Dorado,017,186661,10776,10598,812,11410,114
2021-07-14,Fresno,019,978130,104324,102966,8824,111790,1728
2021-07-14,Glenn,021,27897,2471,2449,572,3021,20
2021-07-14,Humboldt,023,135768,4709,4644,56,4700,52
2021-07-14,Imperial,025,180216,28997,28822,2701,31523,742
2021-07-14,Inyo,027,18085,1422,1415,12,1427,36
2021-07-14,Kern,029,883053,98651,97736,11282,109018,1346
2021-07-14,Kings,031,150075,23469,23142,1105,24247,246
2021-07-14,Lake,033,64148,3856,3739,14,3753,63
2021-07-14,Lassen,035,31185,5319,5298,118,5416,21
2021-07-14,Los Angeles,037,10098052,1230751,1218265,42728,1260993,24578
2021-07-14,Madera,039,155013,16989,16786,959,17745,240
2021-07-14,Marin,041,260295,14482,14269,264,14533,233
2021-07-14,Mariposa,043,17540,447,445,11,456,5
2021-07-14,Mendocino,045,87422,4314,4193,87,4280,49
2021-07-14,Merced,047,269075,31507,31412,1056,32468,471
2021-07-14,Modoc,049,8938,420,412,148,560,4
2021-07-14,Mono,051,14174,1274,1278,17,1295,3
2021-07-14,Monterey,053,433212,43572,43347,1883,45230,504
2021-07-14,Napa,055,140530,10191,10121,40,10161,81
2021-07-14,Nevada,057,99092,5162,5058,195,5253,72
2021-07-14,Orange,059,3164182,259950,257558,11724,269282,5137
2021-07-14,Placer,061,380077,24461,24125,1654,25779,303
2021-07-14,Plumas,063,18699,734,719,14,733,4
2021-07-14,Riverside,065,2383286,298787,294511,14217,308728,4542
2021-07-14,Sacramento,067,1510023,111430,110193,1954,112147,1688
2021-07-14,San Benito,069,59416,6180,6177,113,6290,63
2021-07-14,San Bernardino,071,2135413,297764,295820,9149,304969,5193
2021-07-14,San Diego,073,3302833,287967,285269,16164,301433,3786
2021-07-14,San Francisco,075,870044,38462,37836,1349,39185,559
2021-07-14,San Joaquin,077,732212,75322,74599,3703,78302,1416
2021-07-14,San Luis Obispo,079,281455,21763,21444,770,22214,258
2021-07-14,San Mateo,081,765935,43592,43249,516,43765,542
2021-07-14,Santa Barbara,083,443738,35023,34719,1140,35859,461
2021-07-14,Santa Clara,085,1922200,121131,119844,790,120634,2098
2021-07-14,Santa Cruz,087,273765,16488,16326,806,17132,207
2021-07-14,Shasta,089,179085,12752,12669,1679,14348,209
2021-07-14,Sierra,091,2930,66,62,12,74,0
2021-07-14,Siskiyou,093,43540,2015,1922,400,2322,29
2021-07-14,Solano,095,438530,34335,33948,630,34578,268
2021-07-14,Sonoma,097,501317,31782,31470,366,31836,322
2021-07-14,Stanislaus,099,539301,57711,57340,6075,63415,1028
2021-07-14,Sutter,101,95872,9808,9766,92,9858,114
2021-07-14,Tehama,103,63373,5198,5142,588,5730,64
2021-07-14,Trinity,105,12862,502,341,103,444,3
2021-07-14,Tulare,107,460477,50705,49908,9141,59049,853
2021-07-14,Tuolumne,109,53932,4148,4128,45,4173,64
2021-07-14,Ventura,111,848112,82753,82041,3234,85275,1040
2021-07-14,Yolo,113,214977,14509,14332,322,14654,213
2021-07-14,Yuba,115,75493,6388,6294,131,6425,52
2021-07-13,Alameda,001,1643700,92116,90874,2024,92898,1255
2021-07-13,Alpine,003,1148,88,89,0,89,0
2021-07-13,Amador,005,37829,3794,3783,33,3816,48
2021-07-13,Butte,007,227075,12984,12802,1903,14705,202
2021-07-13,Calaveras,009,45235,2248,2230,15,2245,57
2021-07-13,Colusa,011,21464,1991,1972,331,2303,16
2021-07-13,Contra Costa,013,1133247,72913,71963,1352,73315,823
2021-07-13,Del Norte,015,27424,1511,1471,14,1485,8
2021-07-13,El Dorado,017,186661,10759,10581,810,11391,114
2021-07-13,Fresno,019,978130,104249,102909,8814,111723,1727
2021-07-13,Glenn,021,27897,2469,2448,572,3020,20
2021-07-13,Humboldt,023,135768,4694,4634,56,4690,51
2021-07-13,Imperial,025,180216,28986,28792,2701,31493,741
2021-07-13,Inyo,027,18085,1421,1415,12,1427,36
2021-07-13,Kern,029,883053,98562,97698,11243,108941,1346
2021-07-13,Kings,031,150075,23451,23132,1105,24237,246
2021-07-13,Lake,033,64148,3829,3719,13,3732,63
2021-07-13,Lassen,035,31185,5317,5292,118,5410,21
2021-07-13,Los Angeles,037,10098052,1228901,1217184,42558,1259742,24569
2021-07-13,Madera,039,155013,16979,16773,955,17728,240
2021-07-13,Marin,041,260295,14453,14254,263,14517,233
2021-07-13,Mariposa,043,17540,446,443,11,454,5
2021-07-13,Mendocino,045,87422,4307,4185,87,4272,49
2021-07-13,Merced,047,269075,31486,31379,1053,32432,471
2021-07-13,Modoc,049,8938,420,411,148,559,4
2021-07-13,Mono,051,14174,1273,1277,17,1294,3
2021-07-13,Monterey,053,433212,43554,43333,1879,45212,504
2021-07-13,Napa,055,140530,10170,10118,40,10158,81
2021-07-13,Nevada,057,99092,5137,5053,195,5248,72
2021-07-13,Orange,059,3164182,259620,257339,11696,269035,5136
2021-07-13,Placer,061,380077,24415,24091,1641,25732,303
2021-07-13,Plumas,063,18699,733,716,14,730,4
2021-07-13,Riverside,065,2383286,298464,294302,14190,308492,4541
2021-07-13,Sacramento,067,1510023,111120,109990,1931,111921,1687
2021-07-13,San Benito,069,59416,6178,6173,113,6286,63
2021-07-13,San Bernardino,071,2135413,297487,295596,9127,304723,5183
2021-07-13,San Diego,073,3302833,287419,284997,16085,301082,3785
2021-07-13,San Francisco,075,870044,38318,37725,1343,39068,559
2021-07-13,San Joaquin,077,732212,75206,74500,3700,78200,1417
2021-07-13,San Luis Obispo,079,281455,21737,21423,767,22190,258
2021-07-13,San Mateo,081,765935,43523,43180,515,43695,542
2021-07-13,Santa Barbara,083,443738,34974,34679,1137,35816,461
2021-07-13,Santa Clara,085,1922200,120978,119727,786,120513,2098
2021-07-13,Santa Cruz,087,273765,16479,16315,804,17119,207
2021-07-13,Shasta,089,179085,12739,12659,1672,14331,209
2021-07-13,Sierra,091,2930,66,62,12,74,0
2021-07-13,Siskiyou,093,43540,2014,1916,398,2314,29
2021-07-13,Solano,095,438530,34270,33918,624,34542,268
2021-07-13,Sonoma,097,501317,31723,31431,366,31797,322
2021-07-13,Stanislaus,099,539301,57641,57282,6060,63342,1028
2021-07-13,Sutter,101,95872,9790,9752,91,9843,114
2021-07-13,Tehama,103,63373,5191,5144,588,5732,64
2021-07-13,Trinity,105,12862,502,341,102,443,3
2021-07-13,Tulare,107,460477,50680,49891,9125,59016,853
2021-07-13,Tuolumne,109,53932,4140,4122,44,4166,64
2021-07-13,Ventura,111,848112,82668,81982,3209,85191,1040
2021-07-13,Yolo,113,214977,14481,14320,315,14635,213
2021-07-13,Yuba,115,75493,6371,6279,131,6410,52
2021-07-12,Alameda,001,1643700,91856,90720,2017,92737,1254
2021-07-12,Alpine,003,1148,88,89,0,89,0
2021-07-12,Amador,005,37829,3787,3781,33,3814,47
2021-07-12,Butte,007,227075,12964,12796,1901,14697,202
2021-07-12,Calaveras,009,45235,2246,2228,15,2243,57
2021-07-12,Colusa,011,21464,1987,1971,330,2301,16
2021-07-12,Contra Costa,013,1133247,72711,71833,1347,73180,823
2021-07-12,Del Norte,015,27424,1508,1469,14,1483,8
2021-07-12,El Dorado,017,186661,10730,10569,808,11377,114
2021-07-12,Fresno,019,978130,104155,102853,8802,111655,1728
2021-07-12,Glenn,021,27897,2469,2446,572,3018,20
2021-07-12,Humboldt,023,135768,4678,4621,56,4677,51
2021-07-12,Imperial,025,180216,28956,28789,2701,31490,741
2021-07-12,Inyo,027,18085,1421,1415,12,1427,36
2021-07-12,Kern,029,883053,98493,97660,11218,108878,1346
2021-07-12,Kings,031,150075,23431,23124,1103,24227,246
2021-07-12,Lake,033,64148,3808,3706,13,3719,63
2021-07-12,Lassen,035,31185,5316,5292,118,5410,21
2021-07-12,Los Angeles,037,10098052,1227104,1216230,42425,1258655,24559
2021-07-12,Madera,039,155013,16968,16772,955,17727,240
2021-07-12,Marin,041,260295,14428,14238,262,14500,233
2021-07-12,Mariposa,043,17540,446,442,11,453,5
2021-07-12,Mendocino,045,87422,4296,4175,87,4262,49
2021-07-12,Merced,047,269075,31455,31374,1052,32426,471
2021-07-12,Modoc,049,8938,419,411,148,559,4
2021-07-12,Mono,051,14174,1271,1275,17,1292,3
2021-07-12,Monterey,053,433212,43533,43315,1875,45190,504
2021-07-12,Napa,055,140530,10152,10104,39,10143,81
2021-07-12,Nevada,057,99092,5114,5046,195,5241,72
2021-07-12,Orange,059,3164182,259267,257171,11673,268844,5136
2021-07-12,Placer,061,380077,24364,24052,1635,25687,302
2021-07-12,Plumas,063,18699,733,716,14,730,4
2021-07-12,Riverside,065,2383286,298156,294108,14161,308269,4541
2021-07-12,Sacramento,067,1510023,110905,109849,1905,111754,1685
2021-07-12,San Benito,069,59416,6175,6166,113,6279,63
2021-07-12,San Bernardino,071,2135413,297215,295447,9112,304559,5171
2021-07-12,San Diego,073,3302833,286950,284648,16009,300657,3785
2021-07-12,San Francisco,075,870044,38172,37656,1340,38996,559
2021-07-12,San Joaquin,077,732212,75112,74424,3690,78114,1415
2021-07-12,San Luis Obispo,079,281455,21718,21408,766,22174,258
2021-07-12,San Mateo,081,765935,43429,43138,508,43646,542
2021-07-12,Santa Barbara,083,443738,34931,34664,1135,35799,461
2021-07-12,Santa Clara,085,1922200,120813,119634,783,120417,2098
2021-07-12,Santa Cruz,087,273765,16454,16310,803,17113,207
2021-07-12,Shasta,089,179085,12732,12648,1669,14317,208
2021-07-12,Sierra,091,2930,66,62,12,74,0
2021-07-12,Siskiyou,093,43540,2009,1916,393,2309,29
2021-07-12,Solano,095,438530,34180,33859,615,34474,268
2021-07-12,Sonoma,097,501317,31675,31377,365,31742,322
2021-07-12,Stanislaus,099,539301,57572,57243,6053,63296,1028
2021-07-12,Sutter,101,95872,9773,9736,90,9826,114
2021-07-12,Tehama,103,63373,5186,5138,587,5725,63
2021-07-12,Trinity,105,12862,498,340,100,440,3
2021-07-12,Tulare,107,460477,50652,49882,9112,58994,853
2021-07-12,Tuolumne,109,53932,4136,4116,44,4160,64
2021-07-12,Ventura,111,848112,82567,81919,3188,85107,1040
2021-07-12,Yolo,113,214977,14453,14303,311,14614,213
2021-07-12,Yuba,115,75493,6356,6266,131,6397,52
2021-07-11,Alameda,001,1643700,91526,90597,2005,92602,1254
2021-07-11,Alpine,003,1148,88,89,0,89,0
2021-07-11,Amador,005,37829,3785,3779,33,3812,47
2021-07-11,Butte,007,227075,12942,12794,1895,14689,202
2021-07-11,Calaveras,009,45235,2244,2226,14,2240,57
2021-07-11,Colusa,011,21464,1986,1971,329,2300,16
2021-07-11,Contra Costa,013,1133247,72501,71744,1340,73084,823
2021-07-11,Del Norte,015,27424,1504,1467,13,1480,8
2021-07-11,El Dorado,017,186661,10701,10554,806,11360,114
2021-07-11,Fresno,019,978130,104060,102813,8782,111595,1728
2021-07-11,Glenn,021,27897,2468,2446,572,3018,20
2021-07-11,Humboldt,023,135768,4665,4611,55,4666,51
2021-07-11,Imperial,025,180216,28938,28787,2700,31487,741
2021-07-11,Inyo,027,18085,1419,1415,12,1427,36
2021-07-11,Kern,029,883053,98420,97637,11202,108839,1346
2021-07-11,Kings,031,150075,23400,23116,1100,24216,246
2021-07-11,Lake,033,64148,3777,3699,13,3712,63
2021-07-11,Lassen,035,31185,5313,5291,118,5409,21
2021-07-11,Los Angeles,037,10098052,1225349,1215182,42269,1257451,24558
2021-07-11,Madera,039,155013,16949,16766,954,17720,240
2021-07-11,Marin,041,260295,14402,14231,262,14493,233
2021-07-11,Mariposa,043,17540,445,442,11,453,5
2021-07-11,Mendocino,045,87422,4276,4167,87,4254,49
2021-07-11,Merced,047,269075,31431,31366,1047,32413,471
2021-07-11,Modoc,049,8938,418,411,148,559,4
2021-07-11,Mono,051,14174,1271,1275,17,1292,3
2021-07-11,Monterey,053,433212,43514,43307,1871,45178,504
2021-07-11,Napa,055,140530,10148,10100,39,10139,81
2021-07-11,Nevada,057,99092,5103,5035,194,5229,72
2021-07-11,Orange,059,3164182,258954,257009,11645,268654,5136
2021-07-11,Placer,061,380077,24307,24017,1623,25640,302
2021-07-11,Plumas,063,18699,733,716,14,730,4
2021-07-11,Riverside,065,2383286,297892,293969,14143,308112,4541
2021-07-11,Sacramento,067,1510023,110626,109696,1895,111591,1685
2021-07-11,San Benito,069,59416,6170,6163,113,6276,63
2021-07-11,San Bernardino,071,2135413,296908,295342,9087,304429,5167
2021-07-11,San Diego,073,3302833,286536,283819,15923,299742,3784
2021-07-11,San Francisco,075,870044,38044,37596,1334,38930,559
2021-07-11,San Joaquin,077,732212,74995,74376,3673,78049,1415
2021-07-11,San Luis Obispo,079,281455,21685,21403,765,22168,258
2021-07-11,San Mateo,081,765935,43350,43107,502,43609,542
2021-07-11,Santa Barbara,083,443738,34884,34646,1135,35781,461
2021-07-11,Santa Clara,085,1922200,120659,119549,782,120331,2098
2021-07-11,Santa Cruz,087,273765,16438,16303,803,17106,207
2021-07-11,Shasta,089,179085,12715,12647,1667,14314,208
2021-07-11,Sierra,091,2930,66,62,12,74,0
2021-07-11,Siskiyou,093,43540,2005,1915,391,2306,29
2021-07-11,Solano,095,438530,34098,33837,611,34448,268
2021-07-11,Sonoma,097,501317,31593,31352,365,31717,322
2021-07-11,Stanislaus,099,539301,57506,57230,6042,63272,1028
2021-07-11,Sutter,101,95872,9759,9728,90,9818,114
2021-07-11,Tehama,103,63373,5183,5138,587,5725,63
2021-07-11,Trinity,105,12862,497,340,100,440,3
2021-07-11,Tulare,107,460477,50627,49877,9094,58971,853
2021-07-11,Tuolumne,109,53932,4130,4116,44,4160,64
2021-07-11,Ventura,111,848112,82494,81875,3168,85043,1040
2021-07-11,Yolo,113,214977,14428,14285,305,14590,213
2021-07-11,Yuba,115,75493,6345,6260,131,6391,52
2021-07-10,Alameda,001,1643700,91375,90090,2001,92091,1252
2021-07-10,Alpine,003,1148,88,89,0,89,0
2021-07-10,Amador,005,37829,3779,3773,33,3806,47
2021-07-10,Butte,007,227075,12931,12764,1892,14656,202
2021-07-10,Calaveras,009,45235,2243,2214,14,2228,57
2021-07-10,Colusa,011,21464,1984,1969,329,2298,16
2021-07-10,Contra Costa,013,1133247,72401,71376,1339,72715,821
2021-07-10,Del Norte,015,27424,1502,1451,13,1464,8
2021-07-10,El Dorado,017,186661,10684,10508,803,11311,114
2021-07-10,Fresno,019,978130,104027,102675,8775,111450,1730
2021-07-10,Glenn,021,27897,2465,2440,571,3011,20
2021-07-10,Humboldt,023,135768,4656,4574,55,4629,51
2021-07-10,Imperial,025,180216,28925,28729,2700,31429,741
2021-07-10,Inyo,027,18085,1418,1415,12,1427,36
2021-07-10,Kern,029,883053,98380,97538,11185,108723,1346
2021-07-10,Kings,031,150075,23393,23090,1099,24189,246
2021-07-10,Lake,033,64148,3760,3667,13,3680,63
2021-07-10,Lassen,035,31185,5313,5290,118,5408,21
2021-07-10,Los Angeles,037,10098052,1224322,1212043,42167,1254210,24542
2021-07-10,Madera,039,155013,16943,16744,951,17695,241
2021-07-10,Marin,041,260295,14388,14194,262,14456,233
2021-07-10,Mariposa,043,17540,445,442,11,453,5
2021-07-10,Mendocino,045,87422,4269,4153,86,4239,49
2021-07-10,Merced,047,269075,31418,31328,1047,32375,470
2021-07-10,Modoc,049,8938,418,410,148,558,4
2021-07-10,Mono,051,14174,1271,1275,17,1292,3
2021-07-10,Monterey,053,433212,43500,43251,1869,45120,499
2021-07-10,Napa,055,140530,10136,10077,39,10116,81
2021-07-10,Nevada,057,99092,5094,5000,194,5194,72
2021-07-10,Orange,059,3164182,258776,256438,11629,268067,5135
2021-07-10,Placer,061,380077,24278,23916,1613,25529,302
2021-07-10,Plumas,063,18699,732,717,14,731,4
2021-07-10,Riverside,065,2383286,297702,293474,14130,307604,4541
2021-07-10,Sacramento,067,1510023,110477,109091,1890,110981,1682
2021-07-10,San Benito,069,59416,6165,6141,113,6254,63
2021-07-10,San Bernardino,071,2135413,296720,294932,9075,304007,5117
2021-07-10,San Diego,073,3302833,286246,283577,15870,299447,3783
2021-07-10,San Francisco,075,870044,37961,37338,1331,38669,559
2021-07-10,San Joaquin,077,732212,74938,74150,3667,77817,1412
2021-07-10,San Luis Obispo,079,281455,21674,21375,764,22139,258
2021-07-10,San Mateo,081,765935,43298,42948,500,43448,542
2021-07-10,Santa Barbara,083,443738,34857,34595,1135,35730,460
2021-07-10,Santa Clara,085,1922200,120556,119330,779,120109,2094
2021-07-10,Santa Cruz,087,273765,16431,16286,803,17089,207
2021-07-10,Shasta,089,179085,12702,12623,1662,14285,206
2021-07-10,Sierra,091,2930,66,61,12,73,0
2021-07-10,Siskiyou,093,43540,2003,1909,388,2297,29
2021-07-10,Solano,095,438530,34056,33678,605,34283,268
2021-07-10,Sonoma,097,501317,31542,31231,365,31596,317
2021-07-10,Stanislaus,099,539301,57470,57104,6032,63136,1026
2021-07-10,Sutter,101,95872,9747,9692,90,9782,114
2021-07-10,Tehama,103,63373,5180,5131,587,5718,63
2021-07-10,Trinity,105,12862,497,341,100,441,3
2021-07-10,Tulare,107,460477,50617,49850,9088,58938,853
2021-07-10,Tuolumne,109,53932,4128,4114,44,4158,64
2021-07-10,Ventura,111,848112,82449,81713,3150,84863,1039
2021-07-10,Yolo,113,214977,14407,14250,302,14552,213
2021-07-10,Yuba,115,75493,6335,6238,131,6369,52
2021-07-09,Alameda,001,1643700,91215,90090,1996,92086,1252
2021-07-09,Alpine,003,1148,88,89,0,89,0
2021-07-09,Amador,005,37829,3778,3773,33,3806,47
2021-07-09,Butte,007,227075,12920,12764,1890,14654,202
2021-07-09,Calaveras,009,45235,2241,2214,14,2228,57
2021-07-09,Colusa,011,21464,1983,1969,329,2298,16
2021-07-09,Contra Costa,013,1133247,72276,71376,1337,72713,821
2021-07-09,Del Norte,015,27424,1497,1451,13,1464,8
2021-07-09,El Dorado,017,186661,10669,10508,802,11310,114
2021-07-09,Fresno,019,978130,103971,102675,8768,111443,1730
2021-07-09,Glenn,021,27897,2464,2440,569,3009,20
2021-07-09,Humboldt,023,135768,4637,4574,55,4629,51
2021-07-09,Imperial,025,180216,28917,28729,2699,31428,741
2021-07-09,Inyo,027,18085,1417,1415,12,1427,36
2021-07-09,Kern,029,883053,98342,97538,11173,108711,1346
2021-07-09,Kings,031,150075,23382,23090,1098,24188,246
2021-07-09,Lake,033,64148,3746,3667,13,3680,63
2021-07-09,Lassen,035,31185,5311,5290,117,5407,21
2021-07-09,Los Angeles,037,10098052,1223318,1212043,42096,1254139,24542
2021-07-09,Madera,039,155013,16933,16744,950,17694,241
2021-07-09,Marin,041,260295,14367,14194,261,14455,233
2021-07-09,Mariposa,043,17540,445,442,11,453,5
2021-07-09,Mendocino,045,87422,4262,4153,86,4239,49
2021-07-09,Merced,047,269075,31403,31328,1047,32375,470
2021-07-09,Modoc,049,8938,418,410,148,558,4
2021-07-09,Mono,051,14174,1271,1275,17,1292,3
2021-07-09,Monterey,053,433212,43491,43251,1869,45120,499
2021-07-09,Napa,055,140530,10129,10077,39,10116,81
2021-07-09,Nevada,057,99092,5085,5000,194,5194,72
2021-07-09,Orange,059,3164182,258571,256438,11615,268053,5135
2021-07-09,Placer,061,380077,24256,23916,1607,25523,302
2021-07-09,Plumas,063,18699,730,717,14,731,4
2021-07-09,Riverside,065,2383286,297516,293474,14117,307591,4541
2021-07-09,Sacramento,067,1510023,110323,109091,1881,110972,1682
2021-07-09,San Benito,069,59416,6163,6141,113,6254,63
2021-07-09,San Bernardino,071,2135413,296568,294932,9068,304000,5117
2021-07-09,San Diego,073,3302833,285957,283577,15822,299399,3783
2021-07-09,San Francisco,075,870044,37881,37338,1324,38662,559
2021-07-09,San Joaquin,077,732212,74864,74150,3660,77810,1412
2021-07-09,San Luis Obispo,079,281455,21662,21375,764,22139,258
2021-07-09,San Mateo,081,765935,43254,42948,496,43444,542
2021-07-09,Santa Barbara,083,443738,34836,34595,1134,35729,460
2021-07-09,Santa Clara,085,1922200,120446,119330,779,120109,2094
2021-07-09,Santa Cruz,087,273765,16428,16286,803,17089,207
2021-07-09,Shasta,089,179085,12696,12623,1657,14280,206
2021-07-09,Sierra,091,2930,66,61,12,73,0
2021-07-09,Siskiyou,093,43540,2001,1909,387,2296,29
2021-07-09,Solano,095,438530,34020,33678,601,34279,268
2021-07-09,Sonoma,097,501317,31506,31231,365,31596,317
2021-07-09,Stanislaus,099,539301,57441,57104,6030,63134,1026
2021-07-09,Sutter,101,95872,9738,9692,90,9782,114
2021-07-09,Tehama,103,63373,5178,5131,587,5718,63
2021-07-09,Trinity,105,12862,496,341,97,438,3
2021-07-09,Tulare,107,460477,50604,49850,9082,58932,853
2021-07-09,Tuolumne,109,53932,4124,4114,44,4158,64
2021-07-09,Ventura,111,848112,82394,81713,3141,84854,1039
2021-07-09,Yolo,113,214977,14392,14250,298,14548,213
2021-07-09,Yuba,115,75493,6322,6238,131,6369,52
2021-07-08,Alameda,001,1643700,91008,90090,1993,92083,1252
2021-07-08,Alpine,003,1148,88,89,0,89,0
2021-07-08,Amador,005,37829,3776,3773,33,3806,47
2021-07-08,Butte,007,227075,12907,12764,1887,14651,202
2021-07-08,Calaveras,009,45235,2238,2214,13,2227,57
2021-07-08,Colusa,011,21464,1983,1969,329,2298,16
2021-07-08,Contra Costa,013,1133247,72148,71376,1332,72708,821
2021-07-08,Del Norte,015,27424,1495,1451,13,1464,8
2021-07-08,El Dorado,017,186661,10652,10508,795,11303,114
2021-07-08,Fresno,019,978130,103909,102675,8757,111432,1730
2021-07-08,Glenn,021,27897,2464,2440,569,3009,20
2021-07-08,Humboldt,023,135768,4621,4574,54,4628,51
2021-07-08,Imperial,025,180216,28905,28729,2698,31427,741
2021-07-08,Inyo,027,18085,1417,1415,12,1427,36
2021-07-08,Kern,029,883053,98294,97538,11158,108696,1346
2021-07-08,Kings,031,150075,23373,23090,1098,24188,246
2021-07-08,Lake,033,64148,3732,3667,13,3680,63
2021-07-08,Lassen,035,31185,5308,5290,117,5407,21
2021-07-08,Los Angeles,037,10098052,1222105,1212043,42001,1254044,24542
2021-07-08,Madera,039,155013,16917,16744,950,17694,241
2021-07-08,Marin,041,260295,14353,14194,261,14455,233
2021-07-08,Mariposa,043,17540,444,442,11,453,5
2021-07-08,Mendocino,045,87422,4259,4153,86,4239,49
2021-07-08,Merced,047,269075,31389,31328,1045,32373,470
2021-07-08,Modoc,049,8938,418,410,148,558,4
2021-07-08,Mono,051,14174,1271,1275,17,1292,3
2021-07-08,Monterey,053,433212,43471,43251,1863,45114,499
2021-07-08,Napa,055,140530,10125,10077,39,10116,81
2021-07-08,Nevada,057,99092,5079,5000,194,5194,72
2021-07-08,Orange,059,3164182,258376,256438,11593,268031,5135
2021-07-08,Placer,061,380077,24217,23916,1599,25515,302
2021-07-08,Plumas,063,18699,729,717,14,731,4
2021-07-08,Riverside,065,2383286,297315,293474,14101,307575,4541
2021-07-08,Sacramento,067,1510023,110101,109091,1876,110967,1682
2021-07-08,San Benito,069,59416,6160,6141,113,6254,63
2021-07-08,San Bernardino,071,2135413,296393,294932,9059,303991,5117
2021-07-08,San Diego,073,3302833,285630,283577,15774,299351,3783
2021-07-08,San Francisco,075,870044,37801,37338,1320,38658,559
2021-07-08,San Joaquin,077,732212,74776,74150,3647,77797,1412
2021-07-08,San Luis Obispo,079,281455,21650,21375,761,22136,258
2021-07-08,San Mateo,081,765935,43203,42948,495,43443,542
2021-07-08,Santa Barbara,083,443738,34809,34595,1132,35727,460
2021-07-08,Santa Clara,085,1922200,120353,119330,778,120108,2094
2021-07-08,Santa Cruz,087,273765,16422,16286,803,17089,207
2021-07-08,Shasta,089,179085,12690,12623,1653,14276,206
2021-07-08,Sierra,091,2930,66,61,12,73,0
2021-07-08,Siskiyou,093,43540,1996,1909,384,2293,29
2021-07-08,Solano,095,438530,33965,33678,595,34273,268
2021-07-08,Sonoma,097,501317,31475,31231,364,31595,317
2021-07-08,Stanislaus,099,539301,57414,57104,6026,63130,1026
2021-07-08,Sutter,101,95872,9724,9692,88,9780,114
2021-07-08,Tehama,103,63373,5175,5131,586,5717,63
2021-07-08,Trinity,105,12862,496,341,97,438,3
2021-07-08,Tulare,107,460477,50586,49850,9075,58925,853
2021-07-08,Tuolumne,109,53932,4122,4114,44,4158,64
2021-07-08,Ventura,111,848112,82330,81713,3125,84838,1039
2021-07-08,Yolo,113,214977,14372,14250,296,14546,213
2021-07-08,Yuba,115,75493,6314,6238,131,6369,52
2021-07-07,Alameda,001,1643700,90823,89995,1987,91982,1253
2021-07-07,Alpine,003,1148,88,89,0,89,0
2021-07-07,Amador,005,37829,3771,3770,33,3803,47
2021-07-07,Butte,007,227075,12894,12750,1882,14632,202
2021-07-07,Calaveras,009,45235,2231,2212,13,2225,57
2021-07-07,Colusa,011,21464,1979,1969,329,2298,16
2021-07-07,Contra Costa,013,1133247,72001,71308,1330,72638,821
2021-07-07,Del Norte,015,27424,1490,1446,13,1459,8
2021-07-07,El Dorado,017,186661,10632,10494,793,11287,114
2021-07-07,Fresno,019,978130,103859,102639,8750,111389,1729
2021-07-07,Glenn,021,27897,2464,2441,569,3010,20
2021-07-07,Humboldt,023,135768,4607,4566,54,4620,51
2021-07-07,Imperial,025,180216,28898,28701,2698,31399,740
2021-07-07,Inyo,027,18085,1416,1415,12,1427,36
2021-07-07,Kern,029,883053,98250,97507,11143,108650,1348
2021-07-07,Kings,031,150075,23360,23085,1095,24180,245
2021-07-07,Lake,033,64148,3713,3660,13,3673,63
2021-07-07,Lassen,035,31185,5308,5286,117,5403,21
2021-07-07,Los Angeles,037,10098052,1220925,1211316,41897,1253213,24531
2021-07-07,Madera,039,155013,16906,16733,948,17681,241
2021-07-07,Marin,041,260295,14334,14183,260,14443,233
2021-07-07,Mariposa,043,17540,442,442,11,453,5
2021-07-07,Mendocino,045,87422,4250,4145,86,4231,49
2021-07-07,Merced,047,269075,31374,31317,1045,32362,470
2021-07-07,Modoc,049,8938,418,410,148,558,4
2021-07-07,Mono,051,14174,1270,1274,17,1291,3
2021-07-07,Monterey,053,433212,43447,43233,1861,45094,494
2021-07-07,Napa,055,140530,10114,10078,39,10117,81
2021-07-07,Nevada,057,99092,5072,4996,194,5190,72
2021-07-07,Orange,059,3164182,258150,256301,11572,267873,5132
2021-07-07,Placer,061,380077,24181,23901,1589,25490,302
2021-07-07,Plumas,063,18699,729,710,14,724,4
2021-07-07,Riverside,065,2383286,297101,293331,14091,307422,4538
2021-07-07,Sacramento,067,1510023,109911,108954,1868,110822,1682
2021-07-07,San Benito,069,59416,6155,6137,113,6250,63
2021-07-07,San Bernardino,071,2135413,296224,294787,9052,303839,5087
2021-07-07,San Diego,073,3302833,285310,283377,15734,299111,3782
2021-07-07,San Francisco,075,870044,37709,37284,1317,38601,558
2021-07-07,San Joaquin,077,732212,74700,74095,3632,77727,1410
2021-07-07,San Luis Obispo,079,281455,21641,21360,759,22119,258
2021-07-07,San Mateo,081,765935,43149,42908,492,43400,542
2021-07-07,Santa Barbara,083,443738,34783,34582,1132,35714,460
2021-07-07,Santa Clara,085,1922200,120255,119250,777,120027,2094
2021-07-07,Santa Cruz,087,273765,16413,16279,802,17081,207
2021-07-07,Shasta,089,179085,12682,12613,1650,14263,206
2021-07-07,Sierra,091,2930,66,60,12,72,0
2021-07-07,Siskiyou,093,43540,1990,1908,380,2288,29
2021-07-07,Solano,095,438530,33916,33659,588,34247,268
2021-07-07,Sonoma,097,501317,31429,31172,364,31536,316
2021-07-07,Stanislaus,099,539301,57382,57102,6021,63123,1028
2021-07-07,Sutter,101,95872,9714,9683,88,9771,114
2021-07-07,Tehama,103,63373,5174,5129,586,5715,63
2021-07-07,Trinity,105,12862,496,341,97,438,3
2021-07-07,Tulare,107,460477,50582,49835,9066,58901,853
2021-07-07,Tuolumne,109,53932,4118,4115,43,4158,64
2021-07-07,Ventura,111,848112,82286,81608,3111,84719,1036
2021-07-07,Yolo,113,214977,14361,14236,293,14529,213
2021-07-07,Yuba,115,75493,6298,6233,131,6364,51
2021-07-06,Alameda,001,1643700,90626,89918,1979,91897,1253
2021-07-06,Alpine,003,1148,88,89,0,89,0
2021-07-06,Amador,005,37829,3770,3768,32,3800,47
2021-07-06,Butte,007,227075,12881,12744,1879,14623,201
2021-07-06,Calaveras,009,45235,2231,2211,13,2224,55
2021-07-06,Colusa,011,21464,1978,1967,326,2293,16
2021-07-06,Contra Costa,013,1133247,71872,71262,1327,72589,820
2021-07-06,Del Norte,015,27424,1486,1445,13,1458,8
2021-07-06,El Dorado,017,186661,10614,10484,791,11275,113
2021-07-06,Fresno,019,978130,103807,102616,8738,111354,1727
2021-07-06,Glenn,021,27897,2463,2438,569,3007,20
2021-07-06,Humboldt,023,135768,4593,4565,53,4618,49
2021-07-06,Imperial,025,180216,28883,28693,2696,31389,739
2021-07-06,Inyo,027,18085,1416,1412,12,1424,36
2021-07-06,Kern,029,883053,98208,97491,11132,108623,1346
2021-07-06,Kings,031,150075,23352,23077,1094,24171,245
2021-07-06,Lake,033,64148,3703,3659,13,3672,63
2021-07-06,Lassen,035,31185,5307,5288,116,5404,21
2021-07-06,Los Angeles,037,10098052,1219708,1210965,41798,1252763,24525
2021-07-06,Madera,039,155013,16894,16730,948,17678,241
2021-07-06,Marin,041,260295,14320,14181,260,14441,233
2021-07-06,Mariposa,043,17540,442,442,11,453,5
2021-07-06,Mendocino,045,87422,4243,4143,86,4229,49
2021-07-06,Merced,047,269075,31357,31317,1044,32361,470
2021-07-06,Modoc,049,8938,418,411,148,559,4
2021-07-06,Mono,051,14174,1269,1274,17,1291,3
2021-07-06,Monterey,053,433212,43425,43224,1859,45083,494
2021-07-06,Napa,055,140530,10103,10081,39,10120,81
2021-07-06,Nevada,057,99092,5063,4988,194,5182,72
2021-07-06,Orange,059,3164182,257906,256227,11555,267782,5129
2021-07-06,Placer,061,380077,24140,23876,1583,25459,302
2021-07-06,Plumas,063,18699,728,708,14,722,4
2021-07-06,Riverside,065,2383286,296899,293227,14073,307300,4539
2021-07-06,Sacramento,067,1510023,109700,108850,1860,110710,1679
2021-07-06,San Benito,069,59416,6151,6137,113,6250,63
2021-07-06,San Bernardino,071,2135413,296045,294712,9039,303751,5056
2021-07-06,San Diego,073,3302833,284952,283278,15675,298953,3782
2021-07-06,San Francisco,075,870044,37594,37251,1316,38567,558
2021-07-06,San Joaquin,077,732212,74630,74019,3620,77639,1410
2021-07-06,San Luis Obispo,079,281455,21624,21354,757,22111,257
2021-07-06,San Mateo,081,765935,43074,42895,492,43387,541
2021-07-06,Santa Barbara,083,443738,34764,34572,1131,35703,460
2021-07-06,Santa Clara,085,1922200,120137,119194,774,119968,2095
2021-07-06,Santa Cruz,087,273765,16408,16274,801,17075,207
2021-07-06,Shasta,089,179085,12672,12606,1648,14254,205
2021-07-06,Sierra,091,2930,65,60,12,72,0
2021-07-06,Siskiyou,093,43540,1987,1905,376,2281,29
2021-07-06,Solano,095,438530,33865,33619,585,34204,268
2021-07-06,Sonoma,097,501317,31366,31130,363,31493,316
2021-07-06,Stanislaus,099,539301,57333,57120,6010,63130,1029
2021-07-06,Sutter,101,95872,9705,9674,87,9761,114
2021-07-06,Tehama,103,63373,5171,5126,585,5711,63
2021-07-06,Trinity,105,12862,496,341,97,438,3
2021-07-06,Tulare,107,460477,50567,49826,9056,58882,853
2021-07-06,Tuolumne,109,53932,4116,4113,43,4156,64
2021-07-06,Ventura,111,848112,82246,81534,3086,84620,1033
2021-07-06,Yolo,113,214977,14339,14227,290,14517,213
2021-07-06,Yuba,115,75493,6287,6231,131,6362,51
2021-07-05,Alameda,001,1643700,90448,89892,1974,91866,1253
2021-07-05,Alpine,003,1148,88,89,0,89,0
2021-07-05,Amador,005,37829,3768,3768,32,3800,47
2021-07-05,Butte,007,227075,12873,12740,1870,14610,201
2021-07-05,Calaveras,009,45235,2229,2211,13,2224,55
2021-07-05,Colusa,011,21464,1976,1966,325,2291,16
2021-07-05,Contra Costa,013,1133247,71744,71235,1327,72562,820
2021-07-05,Del Norte,015,27424,1482,1446,13,1459,8
2021-07-05,El Dorado,017,186661,10589,10481,791,11272,113
2021-07-05,Fresno,019,978130,103748,102592,8723,111315,1727
2021-07-05,Glenn,021,27897,2460,2438,568,3006,20
2021-07-05,Humboldt,023,135768,4579,4563,53,4616,49
2021-07-05,Imperial,025,180216,28864,28689,2696,31385,739
2021-07-05,Inyo,027,18085,1416,1412,12,1424,36
2021-07-05,Kern,029,883053,98160,97479,11111,108590,1346
2021-07-05,Kings,031,150075,23344,23065,1091,24156,245
2021-07-05,Lake,033,64148,3685,3645,13,3658,63
2021-07-05,Lassen,035,31185,5304,5288,115,5403,21
2021-07-05,Los Angeles,037,10098052,1218512,1210653,41696,1252349,24522
2021-07-05,Madera,039,155013,16883,16722,947,17669,241
2021-07-05,Marin,041,260295,14299,14178,260,14438,233
2021-07-05,Mariposa,043,17540,442,441,11,452,5
2021-07-05,Mendocino,045,87422,4238,4139,86,4225,49
2021-07-05,Merced,047,269075,31337,31312,1044,32356,470
2021-07-05,Modoc,049,8938,418,410,148,558,4
2021-07-05,Mono,051,14174,1269,1273,17,1290,3
2021-07-05,Monterey,053,433212,43404,43218,1854,45072,494
2021-07-05,Napa,055,140530,10097,10074,39,10113,81
2021-07-05,Nevada,057,99092,5045,4980,193,5173,72
2021-07-05,Orange,059,3164182,257705,256173,11537,267710,5129
2021-07-05,Placer,061,380077,24093,23867,1575,25442,302
2021-07-05,Plumas,063,18699,727,708,14,722,4
2021-07-05,Riverside,065,2383286,296708,293193,14061,307254,4539
2021-07-05,Sacramento,067,1510023,109518,108758,1851,110609,1679
2021-07-05,San Benito,069,59416,6144,6137,113,6250,63
2021-07-05,San Bernardino,071,2135413,295883,294647,9033,303680,5037
2021-07-05,San Diego,073,3302833,284589,282834,15631,298465,3782
2021-07-05,San Francisco,075,870044,37507,37237,1311,38548,558
2021-07-05,San Joaquin,077,732212,74560,73999,3615,77614,1410
2021-07-05,San Luis Obispo,079,281455,21611,21351,756,22107,257
2021-07-05,San Mateo,081,765935,43022,42876,489,43365,541
2021-07-05,Santa Barbara,083,443738,34744,34569,1131,35700,460
2021-07-05,Santa Clara,085,1922200,120031,119184,772,119956,2095
2021-07-05,Santa Cruz,087,273765,16399,16273,800,17073,208
2021-07-05,Shasta,089,179085,12663,12603,1646,14249,205
2021-07-05,Sierra,091,2930,65,60,12,72,0
2021-07-05,Siskiyou,093,43540,1985,1904,375,2279,29
2021-07-05,Solano,095,438530,33795,33612,579,34191,268
2021-07-05,Sonoma,097,501317,31313,31116,363,31479,316
2021-07-05,Stanislaus,099,539301,57303,57109,5999,63108,1029
2021-07-05,Sutter,101,95872,9693,9667,87,9754,114
2021-07-05,Tehama,103,63373,5170,5125,585,5710,63
2021-07-05,Trinity,105,12862,495,341,96,437,3
2021-07-05,Tulare,107,460477,50549,49818,9053,58871,853
2021-07-05,Tuolumne,109,53932,4112,4112,43,4155,64
2021-07-05,Ventura,111,848112,82195,81519,3067,84586,1033
2021-07-05,Yolo,113,214977,14319,14225,282,14507,213
2021-07-05,Yuba,115,75493,6279,6223,131,6354,51
2021-07-04,Alameda,001,1643700,90284,89683,1971,91654,1253
2021-07-04,Alpine,003,1148,88,89,0,89,0
2021-07-04,Amador,005,37829,3767,3758,32,3790,46
2021-07-04,Butte,007,227075,12863,12684,1870,14554,201
2021-07-04,Calaveras,009,45235,2225,2200,13,2213,55
2021-07-04,Colusa,011,21464,1976,1969,325,2294,15
2021-07-04,Contra Costa,013,1133247,71638,70941,1322,72263,818
2021-07-04,Del Norte,015,27424,1479,1439,13,1452,8
2021-07-04,El Dorado,017,186661,10580,10433,790,11223,113
2021-07-04,Fresno,019,978130,103702,102512,8708,111220,1727
2021-07-04,Glenn,021,27897,2458,2442,567,3009,20
2021-07-04,Humboldt,023,135768,4571,4530,53,4583,49
2021-07-04,Imperial,025,180216,28858,28661,2696,31357,739
2021-07-04,Inyo,027,18085,1416,1412,12,1424,35
2021-07-04,Kern,029,883053,98141,97421,11102,108523,1347
2021-07-04,Kings,031,150075,23336,23051,1091,24142,245
2021-07-04,Lake,033,64148,3675,3623,13,3636,62
2021-07-04,Lassen,035,31185,5303,5277,115,5392,20
2021-07-04,Los Angeles,037,10098052,1217651,1208705,41611,1250316,24506
2021-07-04,Madera,039,155013,16871,16696,946,17642,240
2021-07-04,Marin,041,260295,14284,14143,260,14403,233
2021-07-04,Mariposa,043,17540,442,441,11,452,5
2021-07-04,Mendocino,045,87422,4228,4122,86,4208,49
2021-07-04,Merced,047,269075,31326,31297,1044,32341,469
2021-07-04,Modoc,049,8938,418,410,148,558,4
2021-07-04,Mono,051,14174,1269,1275,17,1292,3
2021-07-04,Monterey,053,433212,43388,43212,1853,45065,492
2021-07-04,Napa,055,140530,10089,10045,38,10083,81
2021-07-04,Nevada,057,99092,5035,4966,193,5159,72
2021-07-04,Orange,059,3164182,257530,255823,11517,267340,5126
2021-07-04,Placer,061,380077,24056,23764,1569,25333,299
2021-07-04,Plumas,063,18699,727,707,14,721,4
2021-07-04,Riverside,065,2383286,296548,293260,14055,307315,4536
2021-07-04,Sacramento,067,1510023,109348,108257,1845,110102,1676
2021-07-04,San Benito,069,59416,6137,6108,113,6221,63
2021-07-04,San Bernardino,071,2135413,295716,294294,9026,303320,5003
2021-07-04,San Diego,073,3302833,284364,282692,15594,298286,3780
2021-07-04,San Francisco,075,870044,37448,37107,1305,38412,558
2021-07-04,San Joaquin,077,732212,74494,73841,3607,77448,1409
2021-07-04,San Luis Obispo,079,281455,21605,21330,755,22085,256
2021-07-04,San Mateo,081,765935,42988,42691,489,43180,541
2021-07-04,Santa Barbara,083,443738,34721,34526,1130,35656,456
2021-07-04,Santa Clara,085,1922200,119941,118966,771,119737,2090
2021-07-04,Santa Cruz,087,273765,16388,16254,800,17054,208
2021-07-04,Shasta,089,179085,12659,12582,1645,14227,204
2021-07-04,Sierra,091,2930,64,60,12,72,0
2021-07-04,Siskiyou,093,43540,1981,1899,374,2273,29
2021-07-04,Solano,095,438530,33754,33486,577,34063,268
2021-07-04,Sonoma,097,501317,31283,31000,363,31363,316
2021-07-04,Stanislaus,099,539301,57288,57018,5993,63011,1018
2021-07-04,Sutter,101,95872,9682,9644,87,9731,114
2021-07-04,Tehama,103,63373,5166,5124,585,5709,63
2021-07-04,Trinity,105,12862,494,341,96,437,3
2021-07-04,Tulare,107,460477,50539,49789,9050,58839,853
2021-07-04,Tuolumne,109,53932,4104,4113,43,4156,64
2021-07-04,Ventura,111,848112,82137,81425,3056,84481,1033
2021-07-04,Yolo,113,214977,14298,14188,279,14467,213
2021-07-04,Yuba,115,75493,6271,6197,131,6328,51
2021-07-03,Alameda,001,1643700,90197,89683,1963,91646,1253
2021-07-03,Alpine,003,1148,88,89,0,89,0
2021-07-03,Amador,005,37829,3767,3758,32,3790,46
2021-07-03,Butte,007,227075,12859,12684,1869,14553,201
2021-07-03,Calaveras,009,45235,2223,2200,13,2213,55
2021-07-03,Colusa,011,21464,1975,1969,325,2294,15
2021-07-03,Contra Costa,013,1133247,71578,70941,1319,72260,818
2021-07-03,Del Norte,015,27424,1476,1439,13,1452,8
2021-07-03,El Dorado,017,186661,10574,10433,788,11221,113
2021-07-03,Fresno,019,978130,103678,102512,8699,111211,1727
2021-07-03,Glenn,021,27897,2458,2442,567,3009,20
2021-07-03,Humboldt,023,135768,4566,4530,53,4583,49
2021-07-03,Imperial,025,180216,28848,28661,2696,31357,739
2021-07-03,Inyo,027,18085,1416,1412,12,1424,35
2021-07-03,Kern,029,883053,98121,97421,11094,108515,1347
2021-07-03,Kings,031,150075,23336,23051,1090,24141,245
2021-07-03,Lake,033,64148,3665,3623,13,3636,62
2021-07-03,Lassen,035,31185,5302,5277,115,5392,20
2021-07-03,Los Angeles,037,10098052,1217222,1208705,41580,1250285,24506
2021-07-03,Madera,039,155013,16862,16696,943,17639,240
2021-07-03,Marin,041,260295,14280,14143,260,14403,233
2021-07-03,Mariposa,043,17540,442,441,11,452,5
2021-07-03,Mendocino,045,87422,4227,4122,86,4208,49
2021-07-03,Merced,047,269075,31313,31297,1043,32340,469
2021-07-03,Modoc,049,8938,417,410,148,558,4
2021-07-03,Mono,051,14174,1268,1275,17,1292,3
2021-07-03,Monterey,053,433212,43376,43212,1851,45063,492
2021-07-03,Napa,055,140530,10084,10045,38,10083,81
2021-07-03,Nevada,057,99092,5021,4966,193,5159,72
2021-07-03,Orange,059,3164182,257446,255823,11510,267333,5126
2021-07-03,Placer,061,380077,24037,23764,1566,25330,299
2021-07-03,Plumas,063,18699,727,707,14,721,4
2021-07-03,Riverside,065,2383286,296456,293260,14051,307311,4536
2021-07-03,Sacramento,067,1510023,109274,108257,1842,110099,1676
2021-07-03,San Benito,069,59416,6130,6108,113,6221,63
2021-07-03,San Bernardino,071,2135413,295626,294294,9023,303317,5003
2021-07-03,San Diego,073,3302833,284233,282692,15575,298267,3780
2021-07-03,San Francisco,075,870044,37407,37107,1302,38409,558
2021-07-03,San Joaquin,077,732212,74458,73841,3602,77443,1409
2021-07-03,San Luis Obispo,079,281455,21593,21330,755,22085,256
2021-07-03,San Mateo,081,765935,42963,42691,488,43179,541
2021-07-03,Santa Barbara,083,443738,34712,34526,1129,35655,456
2021-07-03,Santa Clara,085,1922200,119894,118966,771,119737,2090
2021-07-03,Santa Cruz,087,273765,16381,16254,800,17054,208
2021-07-03,Shasta,089,179085,12655,12582,1643,14225,204
2021-07-03,Sierra,091,2930,64,60,12,72,0
2021-07-03,Siskiyou,093,43540,1980,1899,373,2272,29
2021-07-03,Solano,095,438530,33710,33486,577,34063,268
2021-07-03,Sonoma,097,501317,31249,31000,363,31363,316
2021-07-03,Stanislaus,099,539301,57277,57018,5986,63004,1018
2021-07-03,Sutter,101,95872,9672,9644,87,9731,114
2021-07-03,Tehama,103,63373,5164,5124,585,5709,63
2021-07-03,Trinity,105,12862,494,341,96,437,3
2021-07-03,Tulare,107,460477,50533,49789,9044,58833,853
2021-07-03,Tuolumne,109,53932,4103,4113,43,4156,64
2021-07-03,Ventura,111,848112,82107,81425,3048,84473,1033
2021-07-03,Yolo,113,214977,14288,14188,276,14464,213
2021-07-03,Yuba,115,75493,6265,6197,131,6328,51
2021-07-02,Alameda,001,1643700,90114,89683,1962,91645,1253
2021-07-02,Alpine,003,1148,88,89,0,89,0
2021-07-02,Amador,005,37829,3765,3758,32,3790,46
2021-07-02,Butte,007,227075,12852,12684,1869,14553,201
2021-07-02,Calaveras,009,45235,2221,2200,13,2213,55
2021-07-02,Colusa,011,21464,1974,1969,324,2293,15
2021-07-02,Contra Costa,013,1133247,71508,70941,1315,72256,818
2021-07-02,Del Norte,015,27424,1476,1439,13,1452,8
2021-07-02,El Dorado,017,186661,10566,10433,788,11221,113
2021-07-02,Fresno,019,978130,103650,102512,8693,111205,1727
2021-07-02,Glenn,021,27897,2457,2442,566,3008,20
2021-07-02,Humboldt,023,135768,4563,4530,52,4582,49
2021-07-02,Imperial,025,180216,28842,28661,2695,31356,739
2021-07-02,Inyo,027,18085,1416,1412,12,1424,35
2021-07-02,Kern,029,883053,98103,97421,11086,108507,1347
2021-07-02,Kings,031,150075,23326,23051,1090,24141,245
2021-07-02,Lake,033,64148,3659,3623,13,3636,62
2021-07-02,Lassen,035,31185,5302,5277,115,5392,20
2021-07-02,Los Angeles,037,10098052,1216749,1208705,41543,1250248,24506
2021-07-02,Madera,039,155013,16853,16696,942,17638,240
2021-07-02,Marin,041,260295,14276,14143,260,14403,233
2021-07-02,Mariposa,043,17540,442,441,11,452,5
2021-07-02,Mendocino,045,87422,4223,4122,85,4207,49
2021-07-02,Merced,047,269075,31304,31297,1043,32340,469
2021-07-02,Modoc,049,8938,417,410,148,558,4
2021-07-02,Mono,051,14174,1267,1275,17,1292,3
2021-07-02,Monterey,053,433212,43368,43212,1850,45062,492
2021-07-02,Napa,055,140530,10079,10045,38,10083,81
2021-07-02,Nevada,057,99092,5012,4966,193,5159,72
2021-07-02,Orange,059,3164182,257335,255823,11503,267326,5126
2021-07-02,Placer,061,380077,24020,23764,1559,25323,299
2021-07-02,Plumas,063,18699,727,707,14,721,4
2021-07-02,Riverside,065,2383286,296358,293260,14046,307306,4536
2021-07-02,Sacramento,067,1510023,109196,108257,1841,110098,1676
2021-07-02,San Benito,069,59416,6127,6108,113,6221,63
2021-07-02,San Bernardino,071,2135413,295539,294294,9021,303315,5003
2021-07-02,San Diego,073,3302833,284088,282692,15549,298241,3780
2021-07-02,San Francisco,075,870044,37359,37107,1300,38407,558
2021-07-02,San Joaquin,077,732212,74426,73841,3596,77437,1409
2021-07-02,San Luis Obispo,079,281455,21587,21330,754,22084,256
2021-07-02,San Mateo,081,765935,42927,42691,488,43179,541
2021-07-02,Santa Barbara,083,443738,34702,34526,1129,35655,456
2021-07-02,Santa Clara,085,1922200,119816,118966,771,119737,2090
2021-07-02,Santa Cruz,087,273765,16377,16254,800,17054,208
2021-07-02,Shasta,089,179085,12651,12582,1643,14225,204
2021-07-02,Sierra,091,2930,63,60,12,72,0
2021-07-02,Siskiyou,093,43540,1977,1899,372,2271,29
2021-07-02,Solano,095,438530,33685,33486,577,34063,268
2021-07-02,Sonoma,097,501317,31226,31000,363,31363,316
2021-07-02,Stanislaus,099,539301,57260,57018,5985,63003,1018
2021-07-02,Sutter,101,95872,9668,9644,87,9731,114
2021-07-02,Tehama,103,63373,5162,5124,583,5707,63
2021-07-02,Trinity,105,12862,494,341,96,437,3
2021-07-02,Tulare,107,460477,50523,49789,9036,58825,853
2021-07-02,Tuolumne,109,53932,4100,4113,43,4156,64
2021-07-02,Ventura,111,848112,82064,81425,3040,84465,1033
2021-07-02,Yolo,113,214977,14272,14188,274,14462,213
2021-07-02,Yuba,115,75493,6257,6197,131,6328,51
2021-07-01,Alameda,001,1643700,90014,89683,1960,91643,1253
2021-07-01,Alpine,003,1148,88,89,0,89,0
2021-07-01,Amador,005,37829,3764,3758,32,3790,46
2021-07-01,Butte,007,227075,12840,12684,1867,14551,201
2021-07-01,Calaveras,009,45235,2219,2200,13,2213,55
2021-07-01,Colusa,011,21464,1974,1969,322,2291,15
2021-07-01,Contra Costa,013,1133247,71436,70941,1315,72256,818
2021-07-01,Del Norte,015,27424,1475,1439,13,1452,8
2021-07-01,El Dorado,017,186661,10554,10433,788,11221,113
2021-07-01,Fresno,019,978130,103611,102512,8688,111200,1727
2021-07-01,Glenn,021,27897,2457,2442,566,3008,20
2021-07-01,Humboldt,023,135768,4561,4530,52,4582,49
2021-07-01,Imperial,025,180216,28825,28661,2695,31356,739
2021-07-01,Inyo,027,18085,1416,1412,12,1424,35
2021-07-01,Kern,029,883053,98077,97421,11076,108497,1347
2021-07-01,Kings,031,150075,23312,23051,1090,24141,245
2021-07-01,Lake,033,64148,3656,3623,13,3636,62
2021-07-01,Lassen,035,31185,5300,5277,115,5392,20
2021-07-01,Los Angeles,037,10098052,1216145,1208705,41488,1250193,24506
2021-07-01,Madera,039,155013,16844,16696,941,17637,240
2021-07-01,Marin,041,260295,14272,14143,260,14403,233
2021-07-01,Mariposa,043,17540,442,441,11,452,5
2021-07-01,Mendocino,045,87422,4219,4122,84,4206,49
2021-07-01,Merced,047,269075,31298,31297,1043,32340,469
2021-07-01,Modoc,049,8938,417,410,148,558,4
2021-07-01,Mono,051,14174,1266,1275,17,1292,3
2021-07-01,Monterey,053,433212,43360,43212,1847,45059,492
2021-07-01,Napa,055,140530,10072,10045,38,10083,81
2021-07-01,Nevada,057,99092,5007,4966,193,5159,72
2021-07-01,Orange,059,3164182,257214,255823,11484,267307,5126
2021-07-01,Placer,061,380077,24001,23764,1556,25320,299
2021-07-01,Plumas,063,18699,724,707,12,719,4
2021-07-01,Riverside,065,2383286,296249,293260,14038,307298,4536
2021-07-01,Sacramento,067,1510023,109070,108257,1834,110091,1676
2021-07-01,San Benito,069,59416,6123,6108,113,6221,63
2021-07-01,San Bernardino,071,2135413,295418,294294,9016,303310,5003
2021-07-01,San Diego,073,3302833,283910,282692,15512,298204,3780
2021-07-01,San Francisco,075,870044,37323,37107,1298,38405,558
2021-07-01,San Joaquin,077,732212,74375,73841,3592,77433,1409
2021-07-01,San Luis Obispo,079,281455,21572,21330,753,22083,256
2021-07-01,San Mateo,081,765935,42899,42691,487,43178,541
2021-07-01,Santa Barbara,083,443738,34689,34526,1129,35655,456
2021-07-01,Santa Clara,085,1922200,119767,118966,771,119737,2090
2021-07-01,Santa Cruz,087,273765,16372,16254,800,17054,208
2021-07-01,Shasta,089,179085,12643,12582,1642,14224,204
2021-07-01,Sierra,091,2930,63,60,12,72,0
2021-07-01,Siskiyou,093,43540,1977,1899,372,2271,29
2021-07-01,Solano,095,438530,33644,33486,576,34062,268
2021-07-01,Sonoma,097,501317,31182,31000,363,31363,316
2021-07-01,Stanislaus,099,539301,57242,57018,5981,62999,1018
2021-07-01,Sutter,101,95872,9659,9644,87,9731,114
2021-07-01,Tehama,103,63373,5162,5124,582,5706,63
2021-07-01,Trinity,105,12862,494,341,96,437,3
2021-07-01,Tulare,107,460477,50514,49789,9029,58818,853
2021-07-01,Tuolumne,109,53932,4093,4113,43,4156,64
2021-07-01,Ventura,111,848112,82033,81425,3030,84455,1033
2021-07-01,Yolo,113,214977,14256,14188,272,14460,213
2021-07-01,Yuba,115,75493,6250,6197,131,6328,51
2021-06-30,Alameda,001,1643700,89935,89597,1956,91553,1256
2021-06-30,Alpine,003,1148,88,89,0,89,0
2021-06-30,Amador,005,37829,3762,3756,32,3788,46
2021-06-30,Butte,007,227075,12833,12676,1858,14534,201
2021-06-30,Calaveras,009,45235,2213,2198,13,2211,55
2021-06-30,Colusa,011,21464,1972,1967,319,2286,15
2021-06-30,Contra Costa,013,1133247,71371,70869,1312,72181,818
2021-06-30,Del Norte,015,27424,1470,1435,13,1448,8
2021-06-30,El Dorado,017,186661,10534,10420,788,11208,113
2021-06-30,Fresno,019,978130,103574,102490,8685,111175,1727
2021-06-30,Glenn,021,27897,2455,2440,566,3006,20
2021-06-30,Humboldt,023,135768,4545,4522,50,4572,49
2021-06-30,Imperial,025,180216,28817,28651,2695,31346,739
2021-06-30,Inyo,027,18085,1416,1409,12,1421,35
2021-06-30,Kern,029,883053,98036,97267,11064,108331,1348
2021-06-30,Kings,031,150075,23307,23038,1089,24127,245
2021-06-30,Lake,033,64148,3643,3601,13,3614,56
2021-06-30,Lassen,035,31185,5295,5269,115,5384,20
2021-06-30,Los Angeles,037,10098052,1215471,1208246,41443,1249689,24499
2021-06-30,Madera,039,155013,16836,16688,939,17627,240
2021-06-30,Marin,041,260295,14263,14133,259,14392,232
2021-06-30,Mariposa,043,17540,441,441,11,452,5
2021-06-30,Mendocino,045,87422,4209,4115,84,4199,49
2021-06-30,Merced,047,269075,31288,31286,1043,32329,469
2021-06-30,Modoc,049,8938,417,410,148,558,4
2021-06-30,Mono,051,14174,1266,1275,17,1292,3
2021-06-30,Monterey,053,433212,43355,43209,1845,45054,492
2021-06-30,Napa,055,140530,10064,10039,38,10077,81
2021-06-30,Nevada,057,99092,4996,4958,193,5151,72
2021-06-30,Orange,059,3164182,257087,255764,11474,267238,5125
2021-06-30,Placer,061,380077,23977,23721,1553,25274,299
2021-06-30,Plumas,063,18699,724,705,12,717,4
2021-06-30,Riverside,065,2383286,296135,293280,14030,307310,4535
2021-06-30,Sacramento,067,1510023,108931,108137,1830,109967,1676
2021-06-30,San Benito,069,59416,6119,6105,113,6218,63
2021-06-30,San Bernardino,071,2135413,295258,294211,9011,303222,4975
2021-06-30,San Diego,073,3302833,283774,282583,15484,298067,3780
2021-06-30,San Francisco,075,870044,37274,37065,1293,38358,558
2021-06-30,San Joaquin,077,732212,74313,73777,3591,77368,1409
2021-06-30,San Luis Obispo,079,281455,21559,21326,752,22078,256
2021-06-30,San Mateo,081,765935,42862,42599,486,43085,537
2021-06-30,Santa Barbara,083,443738,34673,34521,1129,35650,456
2021-06-30,Santa Clara,085,1922200,119720,118930,768,119698,2090
2021-06-30,Santa Cruz,087,273765,16366,16250,800,17050,208
2021-06-30,Shasta,089,179085,12637,12564,1642,14206,204
2021-06-30,Sierra,091,2930,63,60,12,72,0
2021-06-30,Siskiyou,093,43540,1975,1900,369,2269,29
2021-06-30,Solano,095,438530,33605,33453,574,34027,268
2021-06-30,Sonoma,097,501317,31152,30947,363,31310,316
2021-06-30,Stanislaus,099,539301,57225,56997,5980,62977,1018
2021-06-30,Sutter,101,95872,9649,9638,87,9725,114
2021-06-30,Tehama,103,63373,5160,5124,582,5706,63
2021-06-30,Trinity,105,12862,494,341,96,437,3
2021-06-30,Tulare,107,460477,50503,49764,9018,58782,853
2021-06-30,Tuolumne,109,53932,4090,4112,43,4155,64
2021-06-30,Ventura,111,848112,81990,81392,3025,84417,1032
2021-06-30,Yolo,113,214977,14250,14178,269,14447,213
2021-06-30,Yuba,115,75493,6243,6191,131,6322,51
2021-06-29,Alameda,001,1643700,89828,89519,1954,91473,1257
2021-06-29,Alpine,003,1148,88,89,0,89,0
2021-06-29,Amador,005,37829,3758,3754,32,3786,46
2021-06-29,Butte,007,227075,12825,12669,1858,14527,201
2021-06-29,Calaveras,009,45235,2207,2198,13,2211,55
2021-06-29,Colusa,011,21464,1970,1967,319,2286,15
2021-06-29,Contra Costa,013,1133247,71297,70775,1311,72086,817
2021-06-29,Del Norte,015,27424,1469,1435,13,1448,8
2021-06-29,El Dorado,017,186661,10521,10403,784,11187,113
2021-06-29,Fresno,019,978130,103541,102464,8682,111146,1725
2021-06-29,Glenn,021,27897,2454,2439,566,3005,20
2021-06-29,Humboldt,023,135768,4541,4514,49,4563,49
2021-06-29,Imperial,025,180216,28808,28645,2694,31339,737
2021-06-29,Inyo,027,18085,1416,1408,12,1420,35
2021-06-29,Kern,029,883053,98015,97173,11058,108231,1347
2021-06-29,Kings,031,150075,23298,23035,1088,24123,245
2021-06-29,Lake,033,64148,3637,3594,13,3607,56
2021-06-29,Lassen,035,31185,5288,5268,115,5383,20
2021-06-29,Los Angeles,037,10098052,1214856,1207895,41415,1249310,24498
2021-06-29,Madera,039,155013,16832,16680,938,17618,240
2021-06-29,Marin,041,260295,14251,14127,259,14386,232
2021-06-29,Mariposa,043,17540,441,441,11,452,5
2021-06-29,Mendocino,045,87422,4205,4107,83,4190,49
2021-06-29,Merced,047,269075,31276,31277,1043,32320,469
2021-06-29,Modoc,049,8938,416,408,148,556,3
2021-06-29,Mono,051,14174,1266,1275,17,1292,3
2021-06-29,Monterey,053,433212,43345,43196,1843,45039,471
2021-06-29,Napa,055,140530,10058,10033,38,10071,81
2021-06-29,Nevada,057,99092,4989,4952,193,5145,72
2021-06-29,Orange,059,3164182,256987,255686,11459,267145,5124
2021-06-29,Placer,061,380077,23957,23693,1551,25244,299
2021-06-29,Plumas,063,18699,724,704,12,716,4
2021-06-29,Riverside,065,2383286,296036,292962,14023,306985,4524
2021-06-29,Sacramento,067,1510023,108779,108067,1827,109894,1677
2021-06-29,San Benito,069,59416,6108,6099,113,6212,63
2021-06-29,San Bernardino,071,2135413,295146,294118,9010,303128,4940
2021-06-29,San Diego,073,3302833,283618,282499,15457,297956,3780
2021-06-29,San Francisco,075,870044,37236,37041,1290,38331,558
2021-06-29,San Joaquin,077,732212,74265,73724,3588,77312,1409
2021-06-29,San Luis Obispo,079,281455,21549,21324,751,22075,256
2021-06-29,San Mateo,081,765935,42828,42540,486,43026,540
2021-06-29,Santa Barbara,083,443738,34663,34507,1128,35635,455
2021-06-29,Santa Clara,085,1922200,119666,118893,767,119660,2090
2021-06-29,Santa Cruz,087,273765,16360,16249,800,17049,208
2021-06-29,Shasta,089,179085,12625,12564,1641,14205,204
2021-06-29,Sierra,091,2930,63,59,12,71,0
2021-06-29,Siskiyou,093,43540,1972,1897,365,2262,29
2021-06-29,Solano,095,438530,33572,33440,572,34012,268
2021-06-29,Sonoma,097,501317,31110,30950,361,31311,316
2021-06-29,Stanislaus,099,539301,57204,56980,5973,62953,1018
2021-06-29,Sutter,101,95872,9638,9634,87,9721,114
2021-06-29,Tehama,103,63373,5160,5124,582,5706,63
2021-06-29,Trinity,105,12862,494,341,96,437,3
2021-06-29,Tulare,107,460477,50490,49751,9013,58764,852
2021-06-29,Tuolumne,109,53932,4088,4111,43,4154,64
2021-06-29,Ventura,111,848112,81952,81363,3019,84382,1032
2021-06-29,Yolo,113,214977,14238,14171,268,14439,213
2021-06-29,Yuba,115,75493,6233,6188,131,6319,51
2021-06-28,Alameda,001,1643700,89734,89638,1951,91589,1259
2021-06-28,Alpine,003,1148,88,89,0,89,0
2021-06-28,Amador,005,37829,3757,3753,32,3785,46
2021-06-28,Butte,007,227075,12816,12697,1856,14553,198
2021-06-28,Calaveras,009,45235,2204,2203,13,2216,55
2021-06-28,Colusa,011,21464,1968,1974,319,2293,15
2021-06-28,Contra Costa,013,1133247,71223,70807,1309,72116,816
2021-06-28,Del Norte,015,27424,1469,1436,13,1449,8
2021-06-28,El Dorado,017,186661,10511,10422,780,11202,115
2021-06-28,Fresno,019,978130,103510,103121,8680,111801,1727
2021-06-28,Glenn,021,27897,2454,2439,566,3005,20
2021-06-28,Humboldt,023,135768,4534,4520,48,4568,49
2021-06-28,Imperial,025,180216,28800,28981,2693,31674,741
2021-06-28,Inyo,027,18085,1413,1407,12,1419,35
2021-06-28,Kern,029,883053,97996,97252,11053,108305,1348
2021-06-28,Kings,031,150075,23292,23134,1088,24222,246
2021-06-28,Lake,033,64148,3629,3591,13,3604,56
2021-06-28,Lassen,035,31185,5286,5268,115,5383,20
2021-06-28,Los Angeles,037,10098052,1214337,1207714,41380,1249094,24496
2021-06-28,Madera,039,155013,16821,16683,937,17620,240
2021-06-28,Marin,041,260295,14236,14186,259,14445,232
2021-06-28,Mariposa,043,17540,441,440,11,451,5
2021-06-28,Mendocino,045,87422,4196,4102,82,4184,49
2021-06-28,Merced,047,269075,31264,31277,1043,32320,469
2021-06-28,Modoc,049,8938,416,411,147,558,3
2021-06-28,Mono,051,14174,1266,1276,17,1293,3
2021-06-28,Monterey,053,433212,43341,43202,1842,45044,462
2021-06-28,Napa,055,140530,10049,10050,37,10087,81
2021-06-28,Nevada,057,99092,4985,4951,193,5144,72
2021-06-28,Orange,059,3164182,256897,255755,11445,267200,5123
2021-06-28,Placer,061,380077,23937,23756,1547,25303,299
2021-06-28,Plumas,063,18699,722,704,12,716,4
2021-06-28,Riverside,065,2383286,295910,292647,14011,306658,4507
2021-06-28,Sacramento,067,1510023,108647,108342,1822,110164,1675
2021-06-28,San Benito,069,59416,6106,6101,113,6214,63
2021-06-28,San Bernardino,071,2135413,295045,294151,9005,303156,4928
2021-06-28,San Diego,073,3302833,283454,282417,15428,297845,3780
2021-06-28,San Francisco,075,870044,37200,37372,1288,38660,559
2021-06-28,San Joaquin,077,732212,74218,73973,3585,77558,1411
2021-06-28,San Luis Obispo,079,281455,21545,21340,750,22090,256
2021-06-28,San Mateo,081,765935,42794,42927,485,43412,540
2021-06-28,Santa Barbara,083,443738,34656,34534,1126,35660,455
2021-06-28,Santa Clara,085,1922200,119602,120377,766,121143,2103
2021-06-28,Santa Cruz,087,273765,16355,16245,800,17045,208
2021-06-28,Shasta,089,179085,12621,12642,1639,14281,203
2021-06-28,Sierra,091,2930,63,58,12,70,0
2021-06-28,Siskiyou,093,43540,1971,1896,365,2261,29
2021-06-28,Solano,095,438530,33536,33524,570,34094,267
2021-06-28,Sonoma,097,501317,31073,31137,360,31497,315
2021-06-28,Stanislaus,099,539301,57186,57047,5969,63016,1018
2021-06-28,Sutter,101,95872,9634,9682,87,9769,114
2021-06-28,Tehama,103,63373,5158,5122,582,5704,63
2021-06-28,Trinity,105,12862,494,341,96,437,3
2021-06-28,Tulare,107,460477,50480,49751,9009,58760,850
2021-06-28,Tuolumne,109,53932,4080,4121,43,4164,64
2021-06-28,Ventura,111,848112,81895,81393,3014,84407,1032
2021-06-28,Yolo,113,214977,14229,14199,265,14464,213
2021-06-28,Yuba,115,75493,6228,6207,131,6338,51
2021-06-27,Alameda,001,1643700,89647,89611,1947,91558,1259
2021-06-27,Alpine,003,1148,88,89,0,89,0
2021-06-27,Amador,005,37829,3756,3752,32,3784,46
2021-06-27,Butte,007,227075,12807,12696,1855,14551,198
2021-06-27,Calaveras,009,45235,2203,2203,13,2216,55
2021-06-27,Colusa,011,21464,1968,1974,319,2293,15
2021-06-27,Contra Costa,013,1133247,71137,70762,1305,72067,816
2021-06-27,Del Norte,015,27424,1466,1436,13,1449,8
2021-06-27,El Dorado,017,186661,10499,10418,777,11195,115
2021-06-27,Fresno,019,978130,103481,103110,8678,111788,1727
2021-06-27,Glenn,021,27897,2453,2439,565,3004,20
2021-06-27,Humboldt,023,135768,4522,4513,45,4558,49
2021-06-27,Imperial,025,180216,28786,28987,2693,31680,741
2021-06-27,Inyo,027,18085,1413,1407,12,1419,35
2021-06-27,Kern,029,883053,97970,97249,11046,108295,1348
2021-06-27,Kings,031,150075,23282,23132,1088,24220,246
2021-06-27,Lake,033,64148,3622,3581,13,3594,56
2021-06-27,Lassen,035,31185,5285,5265,115,5380,20
2021-06-27,Los Angeles,037,10098052,1213785,1207461,41340,1248801,24493
2021-06-27,Madera,039,155013,16813,16680,937,17617,240
2021-06-27,Marin,041,260295,14227,14182,259,14441,232
2021-06-27,Mariposa,043,17540,441,440,11,451,5
2021-06-27,Mendocino,045,87422,4189,4100,82,4182,49
2021-06-27,Merced,047,269075,31252,31266,1043,32309,469
2021-06-27,Modoc,049,8938,416,411,147,558,3
2021-06-27,Mono,051,14174,1266,1279,17,1296,3
2021-06-27,Monterey,053,433212,43328,43199,1842,45041,462
2021-06-27,Napa,055,140530,10043,10046,37,10083,81
2021-06-27,Nevada,057,99092,4979,4946,193,5139,72
2021-06-27,Orange,059,3164182,256783,255710,11434,267144,5123
2021-06-27,Placer,061,380077,23904,23731,1544,25275,299
2021-06-27,Plumas,063,18699,722,704,12,716,4
2021-06-27,Riverside,065,2383286,295808,292641,14005,306646,4507
2021-06-27,Sacramento,067,1510023,108512,108279,1818,110097,1675
2021-06-27,San Benito,069,59416,6100,6101,113,6214,63
2021-06-27,San Bernardino,071,2135413,294932,294115,9003,303118,4927
2021-06-27,San Diego,073,3302833,283314,282359,15402,297761,3780
2021-06-27,San Francisco,075,870044,37163,37360,1287,38647,559
2021-06-27,San Joaquin,077,732212,74182,73960,3583,77543,1411
2021-06-27,San Luis Obispo,079,281455,21538,21340,749,22089,256
2021-06-27,San Mateo,081,765935,42765,42925,482,43407,539
2021-06-27,Santa Barbara,083,443738,34642,34533,1124,35657,455
2021-06-27,Santa Clara,085,1922200,119551,120352,765,121117,2103
2021-06-27,Santa Cruz,087,273765,16346,16241,800,17041,208
2021-06-27,Shasta,089,179085,12615,12640,1638,14278,203
2021-06-27,Sierra,091,2930,63,58,12,70,0
2021-06-27,Siskiyou,093,43540,1969,1896,364,2260,29
2021-06-27,Solano,095,438530,33508,33516,570,34086,267
2021-06-27,Sonoma,097,501317,31035,31129,360,31489,315
2021-06-27,Stanislaus,099,539301,57146,57021,5966,62987,1018
2021-06-27,Sutter,101,95872,9628,9678,87,9765,114
2021-06-27,Tehama,103,63373,5154,5122,582,5704,63
2021-06-27,Trinity,105,12862,494,341,95,436,3
2021-06-27,Tulare,107,460477,50467,49749,9002,58751,850
2021-06-27,Tuolumne,109,53932,4078,4121,43,4164,64
2021-06-27,Ventura,111,848112,81861,81361,3005,84366,1032
2021-06-27,Yolo,113,214977,14214,14194,261,14455,213
2021-06-27,Yuba,115,75493,6222,6205,131,6336,51
2021-06-26,Alameda,001,1643700,89590,89560,1945,91505,1259
2021-06-26,Alpine,003,1148,88,89,0,89,0
2021-06-26,Amador,005,37829,3756,3748,32,3780,46
2021-06-26,Butte,007,227075,12803,12693,1852,14545,198
2021-06-26,Calaveras,009,45235,2201,2202,13,2215,55
2021-06-26,Colusa,011,21464,1968,1973,319,2292,15
2021-06-26,Contra Costa,013,1133247,71094,70712,1304,72016,816
2021-06-26,Del Norte,015,27424,1465,1432,13,1445,8
2021-06-26,El Dorado,017,186661,10491,10414,775,11189,115
2021-06-26,Fresno,019,978130,103461,103091,8676,111767,1727
2021-06-26,Glenn,021,27897,2451,2441,565,3006,20
2021-06-26,Humboldt,023,135768,4519,4509,45,4554,49
2021-06-26,Imperial,025,180216,28782,28970,2693,31663,741
2021-06-26,Inyo,027,18085,1413,1407,12,1419,35
2021-06-26,Kern,029,883053,97944,97239,11037,108276,1348
2021-06-26,Kings,031,150075,23278,23128,1087,24215,246
2021-06-26,Lake,033,64148,3611,3576,13,3589,56
2021-06-26,Lassen,035,31185,5282,5263,115,5378,20
2021-06-26,Los Angeles,037,10098052,1213480,1207198,41308,1248506,24490
2021-06-26,Madera,039,155013,16806,16679,936,17615,240
2021-06-26,Marin,041,260295,14218,14180,259,14439,232
2021-06-26,Mariposa,043,17540,441,440,11,451,5
2021-06-26,Mendocino,045,87422,4187,4096,82,4178,49
2021-06-26,Merced,047,269075,31246,31259,1042,32301,469
2021-06-26,Modoc,049,8938,416,411,147,558,3
2021-06-26,Mono,051,14174,1266,1279,17,1296,3
2021-06-26,Monterey,053,433212,43325,43192,1842,45034,462
2021-06-26,Napa,055,140530,10036,10043,37,10080,81
2021-06-26,Nevada,057,99092,4974,4939,193,5132,72
2021-06-26,Orange,059,3164182,256704,255640,11427,267067,5123
2021-06-26,Placer,061,380077,23890,23702,1542,25244,299
2021-06-26,Plumas,063,18699,722,704,12,716,4
2021-06-26,Riverside,065,2383286,295750,292480,13999,306479,4505
2021-06-26,Sacramento,067,1510023,108441,108179,1816,109995,1675
2021-06-26,San Benito,069,59416,6096,6100,113,6213,63
2021-06-26,San Bernardino,071,2135413,294838,294034,8999,303033,4928
2021-06-26,San Diego,073,3302833,283229,282263,15384,297647,3780
2021-06-26,San Francisco,075,870044,37131,37348,1286,38634,559
2021-06-26,San Joaquin,077,732212,74153,73928,3582,77510,1411
2021-06-26,San Luis Obispo,079,281455,21537,21330,748,22078,256
2021-06-26,San Mateo,081,765935,42745,42898,482,43380,539
2021-06-26,Santa Barbara,083,443738,34633,34525,1124,35649,455
2021-06-26,Santa Clara,085,1922200,119518,120321,765,121086,2103
2021-06-26,Santa Cruz,087,273765,16343,16239,800,17039,208
2021-06-26,Shasta,089,179085,12611,12635,1634,14269,203
2021-06-26,Sierra,091,2930,63,58,12,70,0
2021-06-26,Siskiyou,093,43540,1968,1896,363,2259,29
2021-06-26,Solano,095,438530,33490,33489,568,34057,267
2021-06-26,Sonoma,097,501317,31009,31088,360,31448,315
2021-06-26,Stanislaus,099,539301,57130,57006,5963,62969,1018
2021-06-26,Sutter,101,95872,9627,9669,87,9756,114
2021-06-26,Tehama,103,63373,5154,5119,582,5701,63
2021-06-26,Trinity,105,12862,494,341,95,436,3
2021-06-26,Tulare,107,460477,50461,49745,9002,58747,850
2021-06-26,Tuolumne,109,53932,4078,4121,43,4164,64
2021-06-26,Ventura,111,848112,81837,81352,3004,84356,1032
2021-06-26,Yolo,113,214977,14206,14184,261,14445,213
2021-06-26,Yuba,115,75493,6219,6200,131,6331,51
2021-06-25,Alameda,001,1643700,89522,89453,1943,91396,1271
2021-06-25,Alpine,003,1148,88,89,0,89,0
2021-06-25,Amador,005,37829,3755,3746,32,3778,46
2021-06-25,Butte,007,227075,12798,12682,1849,14531,198
2021-06-25,Calaveras,009,45235,2200,2201,13,2214,55
2021-06-25,Colusa,011,21464,1968,1972,319,2291,15
2021-06-25,Contra Costa,013,1133247,71058,70659,1304,71963,815
2021-06-25,Del Norte,015,27424,1465,1426,13,1439,8
2021-06-25,El Dorado,017,186661,10483,10406,772,11178,115
2021-06-25,Fresno,019,978130,103443,103073,8672,111745,1727
2021-06-25,Glenn,021,27897,2451,2441,565,3006,20
2021-06-25,Humboldt,023,135768,4513,4503,43,4546,49
2021-06-25,Imperial,025,180216,28779,28968,2693,31661,740
2021-06-25,Inyo,027,18085,1412,1406,12,1418,35
2021-06-25,Kern,029,883053,97925,97182,11033,108215,1347
2021-06-25,Kings,031,150075,23272,23118,1087,24205,246
2021-06-25,Lake,033,64148,3605,3571,13,3584,56
2021-06-25,Lassen,035,31185,5281,5259,115,5374,20
2021-06-25,Los Angeles,037,10098052,1213197,1206909,41291,1248200,24483
2021-06-25,Madera,039,155013,16803,16670,936,17606,240
2021-06-25,Marin,041,260295,14215,14179,259,14438,232
2021-06-25,Mariposa,043,17540,441,440,11,451,5
2021-06-25,Mendocino,045,87422,4184,4089,82,4171,49
2021-06-25,Merced,047,269075,31238,31256,1042,32298,467
2021-06-25,Modoc,049,8938,416,411,147,558,3
2021-06-25,Mono,051,14174,1266,1279,17,1296,3
2021-06-25,Monterey,053,433212,43320,43184,1841,45025,462
2021-06-25,Napa,055,140530,10031,10037,37,10074,81
2021-06-25,Nevada,057,99092,4971,4932,193,5125,72
2021-06-25,Orange,059,3164182,256633,255574,11425,266999,5119
2021-06-25,Placer,061,380077,23871,23672,1541,25213,299
2021-06-25,Plumas,063,18699,722,702,11,713,4
2021-06-25,Riverside,065,2383286,295682,291663,13992,305655,4490
2021-06-25,Sacramento,067,1510023,108369,108034,1813,109847,1673
2021-06-25,San Benito,069,59416,6092,6098,113,6211,63
2021-06-25,San Bernardino,071,2135413,294783,293941,8997,302938,4911
2021-06-25,San Diego,073,3302833,283169,282157,15371,297528,3779
2021-06-25,San Francisco,075,870044,37108,37338,1285,38623,559
2021-06-25,San Joaquin,077,732212,74120,73860,3580,77440,1410
2021-06-25,San Luis Obispo,079,281455,21534,21325,747,22072,256
2021-06-25,San Mateo,081,765935,42727,42849,482,43331,537
2021-06-25,Santa Barbara,083,443738,34624,34518,1123,35641,454
2021-06-25,Santa Clara,085,1922200,119498,120272,765,121037,2103
2021-06-25,Santa Cruz,087,273765,16340,16230,798,17028,208
2021-06-25,Shasta,089,179085,12601,12633,1633,14266,202
2021-06-25,Sierra,091,2930,63,58,12,70,0
2021-06-25,Siskiyou,093,43540,1967,1894,363,2257,29
2021-06-25,Solano,095,438530,33470,33449,568,34017,267
2021-06-25,Sonoma,097,501317,30986,31043,360,31403,314
2021-06-25,Stanislaus,099,539301,57114,56973,5956,62929,1018
2021-06-25,Sutter,101,95872,9620,9664,87,9751,114
2021-06-25,Tehama,103,63373,5153,5119,582,5701,63
2021-06-25,Trinity,105,12862,494,338,95,433,3
2021-06-25,Tulare,107,460477,50454,49731,8999,58730,850
2021-06-25,Tuolumne,109,53932,4077,4121,43,4164,64
2021-06-25,Ventura,111,848112,81808,81342,2998,84340,1032
2021-06-25,Yolo,113,214977,14200,14172,261,14433,213
2021-06-25,Yuba,115,75493,6215,6195,131,6326,51
2021-06-24,Alameda,001,1643700,89450,89358,1940,91298,1268
2021-06-24,Alpine,003,1148,88,89,0,89,0
2021-06-24,Amador,005,37829,3751,3745,32,3777,46
2021-06-24,Butte,007,227075,12792,12673,1847,14520,198
2021-06-24,Calaveras,009,45235,2197,2202,13,2215,55
2021-06-24,Colusa,011,21464,1967,1972,319,2291,15
2021-06-24,Contra Costa,013,1133247,70999,70590,1304,71894,813
2021-06-24,Del Norte,015,27424,1464,1421,13,1434,8
2021-06-24,El Dorado,017,186661,10476,10402,772,11174,115
2021-06-24,Fresno,019,978130,103423,103061,8670,111731,1727
2021-06-24,Glenn,021,27897,2450,2439,565,3004,20
2021-06-24,Humboldt,023,135768,4508,4493,43,4536,49
2021-06-24,Imperial,025,180216,28776,28981,2693,31674,740
2021-06-24,Inyo,027,18085,1411,1406,12,1418,35
2021-06-24,Kern,029,883053,97906,97129,11020,108149,1346
2021-06-24,Kings,031,150075,23268,23114,1086,24200,246
2021-06-24,Lake,033,64148,3599,3571,13,3584,56
2021-06-24,Lassen,035,31185,5280,5258,115,5373,20
2021-06-24,Los Angeles,037,10098052,1212873,1206590,41267,1247857,24480
2021-06-24,Madera,039,155013,16792,16662,935,17597,240
2021-06-24,Marin,041,260295,14211,14180,259,14439,232
2021-06-24,Mariposa,043,17540,441,440,11,451,5
2021-06-24,Mendocino,045,87422,4176,4085,82,4167,49
2021-06-24,Merced,047,269075,31228,31248,1041,32289,466
2021-06-24,Modoc,049,8938,416,411,147,558,3
2021-06-24,Mono,051,14174,1266,1276,17,1293,3
2021-06-24,Monterey,053,433212,43313,43180,1841,45021,451
2021-06-24,Napa,055,140530,10029,10036,37,10073,80
2021-06-24,Nevada,057,99092,4969,4927,193,5120,72
2021-06-24,Orange,059,3164182,256569,255520,11417,266937,5117
2021-06-24,Placer,061,380077,23846,23659,1539,25198,299
2021-06-24,Plumas,063,18699,721,702,11,713,4
2021-06-24,Riverside,065,2383286,295602,291067,13981,305048,4473
2021-06-24,Sacramento,067,1510023,108281,107965,1811,109776,1672
2021-06-24,San Benito,069,59416,6089,6098,113,6211,63
2021-06-24,San Bernardino,071,2135413,294712,293895,8992,302887,4898
2021-06-24,San Diego,073,3302833,283065,282053,15358,297411,3778
2021-06-24,San Francisco,075,870044,37086,37320,1283,38603,559
2021-06-24,San Joaquin,077,732212,74072,73814,3580,77394,1408
2021-06-24,San Luis Obispo,079,281455,21528,21326,747,22073,256
2021-06-24,San Mateo,081,765935,42701,42814,481,43295,542
2021-06-24,Santa Barbara,083,443738,34618,34512,1122,35634,454
2021-06-24,Santa Clara,085,1922200,119467,120274,764,121038,2103
2021-06-24,Santa Cruz,087,273765,16339,16227,798,17025,208
2021-06-24,Shasta,089,179085,12596,12629,1629,14258,202
2021-06-24,Sierra,091,2930,63,58,12,70,0
2021-06-24,Siskiyou,093,43540,1967,1892,363,2255,28
2021-06-24,Solano,095,438530,33447,33432,566,33998,267
2021-06-24,Sonoma,097,501317,30957,31020,360,31380,314
2021-06-24,Stanislaus,099,539301,57088,56946,5956,62902,1018
2021-06-24,Sutter,101,95872,9613,9660,87,9747,113
2021-06-24,Tehama,103,63373,5150,5115,582,5697,63
2021-06-24,Trinity,105,12862,493,338,95,433,3
2021-06-24,Tulare,107,460477,50443,49730,8997,58727,850
2021-06-24,Tuolumne,109,53932,4075,4120,43,4163,64
2021-06-24,Ventura,111,848112,81780,81332,2997,84329,1032
2021-06-24,Yolo,113,214977,14191,14169,258,14427,213
2021-06-24,Yuba,115,75493,6210,6195,131,6326,51
2021-06-23,Alameda,001,1643700,89378,89338,1939,91277,1266
2021-06-23,Alpine,003,1148,88,88,0,88,0
2021-06-23,Amador,005,37829,3749,3743,32,3775,46
2021-06-23,Butte,007,227075,12785,12666,1847,14513,198
2021-06-23,Calaveras,009,45235,2196,2199,13,2212,55
2021-06-23,Colusa,011,21464,1966,1972,319,2291,15
2021-06-23,Contra Costa,013,1133247,70934,70526,1303,71829,813
2021-06-23,Del Norte,015,27424,1460,1418,13,1431,8
2021-06-23,El Dorado,017,186661,10466,10395,769,11164,115
2021-06-23,Fresno,019,978130,103394,103020,8668,111688,1724
2021-06-23,Glenn,021,27897,2450,2437,564,3001,20
2021-06-23,Humboldt,023,135768,4499,4490,43,4533,48
2021-06-23,Imperial,025,180216,28769,28908,2693,31601,740
2021-06-23,Inyo,027,18085,1411,1406,12,1418,35
2021-06-23,Kern,029,883053,97878,97078,11007,108085,1345
2021-06-23,Kings,031,150075,23261,23105,1084,24189,245
2021-06-23,Lake,033,64148,3590,3566,13,3579,53
2021-06-23,Lassen,035,31185,5277,5257,115,5372,20
2021-06-23,Los Angeles,037,10098052,1212536,1206358,41257,1247615,24472
2021-06-23,Madera,039,155013,16785,16660,935,17595,240
2021-06-23,Marin,041,260295,14205,14177,259,14436,230
2021-06-23,Mariposa,043,17540,441,439,11,450,5
2021-06-23,Mendocino,045,87422,4172,4078,82,4160,49
2021-06-23,Merced,047,269075,31219,31260,1041,32301,465
2021-06-23,Modoc,049,8938,414,407,147,554,3
2021-06-23,Mono,051,14174,1266,1279,17,1296,3
2021-06-23,Monterey,053,433212,43304,43166,1841,45007,439
2021-06-23,Napa,055,140530,10020,10032,37,10069,80
2021-06-23,Nevada,057,99092,4966,4924,193,5117,72
2021-06-23,Orange,059,3164182,256503,255479,11409,266888,5116
2021-06-23,Placer,061,380077,23817,23630,1534,25164,299
2021-06-23,Plumas,063,18699,720,701,11,712,4
2021-06-23,Riverside,065,2383286,295519,290343,13979,304322,4462
2021-06-23,Sacramento,067,1510023,108189,107868,1806,109674,1671
2021-06-23,San Benito,069,59416,6085,6097,113,6210,63
2021-06-23,San Bernardino,071,2135413,294633,293816,8987,302803,4886
2021-06-23,San Diego,073,3302833,282965,281937,15337,297274,3777
2021-06-23,San Francisco,075,870044,37062,37304,1281,38585,559
2021-06-23,San Joaquin,077,732212,74033,73764,3578,77342,1405
2021-06-23,San Luis Obispo,079,281455,21524,21323,746,22069,257
2021-06-23,San Mateo,081,765935,42685,42756,481,43237,542
2021-06-23,Santa Barbara,083,443738,34608,34505,1122,35627,454
2021-06-23,Santa Clara,085,1922200,119438,120233,764,120997,2098
2021-06-23,Santa Cruz,087,273765,16335,16215,798,17013,209
2021-06-23,Shasta,089,179085,12589,12604,1627,14231,202
2021-06-23,Sierra,091,2930,63,57,12,69,0
2021-06-23,Siskiyou,093,43540,1965,1892,363,2255,28
2021-06-23,Solano,095,438530,33403,33408,566,33974,267
2021-06-23,Sonoma,097,501317,30917,30959,358,31317,314
2021-06-23,Stanislaus,099,539301,57058,56926,5955,62881,1017
2021-06-23,Sutter,101,95872,9607,9653,87,9740,113
2021-06-23,Tehama,103,63373,5150,5119,581,5700,63
2021-06-23,Trinity,105,12862,493,338,95,433,3
2021-06-23,Tulare,107,460477,50436,49711,8994,58705,850
2021-06-23,Tuolumne,109,53932,4072,4120,43,4163,64
2021-06-23,Ventura,111,848112,81757,81312,2994,84306,1032
2021-06-23,Yolo,113,214977,14181,14161,258,14419,212
2021-06-23,Yuba,115,75493,6207,6190,131,6321,51
2021-06-22,Alameda,001,1643700,89311,89308,1939,91247,1263
2021-06-22,Alpine,003,1148,88,88,0,88,0
2021-06-22,Amador,005,37829,3746,3743,32,3775,46
2021-06-22,Butte,007,227075,12781,12662,1844,14506,198
2021-06-22,Calaveras,009,45235,2195,2198,13,2211,55
2021-06-22,Colusa,011,21464,1965,1971,319,2290,15
2021-06-22,Contra Costa,013,1133247,70878,70480,1302,71782,813
2021-06-22,Del Norte,015,27424,1457,1417,13,1430,8
2021-06-22,El Dorado,017,186661,10461,10380,768,11148,113
2021-06-22,Fresno,019,978130,103375,102996,8664,111660,1724
2021-06-22,Glenn,021,27897,2449,2435,562,2997,19
2021-06-22,Humboldt,023,135768,4489,4483,43,4526,42
2021-06-22,Imperial,025,180216,28764,28880,2693,31573,740
2021-06-22,Inyo,027,18085,1411,1405,12,1417,35
2021-06-22,Kern,029,883053,97865,97013,11003,108016,1342
2021-06-22,Kings,031,150075,23253,23098,1083,24181,245
2021-06-22,Lake,033,64148,3588,3564,13,3577,45
2021-06-22,Lassen,035,31185,5272,5254,115,5369,20
2021-06-22,Los Angeles,037,10098052,1212220,1206146,41245,1247391,24461
2021-06-22,Madera,039,155013,16780,16652,935,17587,240
2021-06-22,Marin,041,260295,14203,14174,259,14433,230
2021-06-22,Mariposa,043,17540,441,439,11,450,5
2021-06-22,Mendocino,045,87422,4166,4072,82,4154,49
2021-06-22,Merced,047,269075,31208,31267,1041,32308,464
2021-06-22,Modoc,049,8938,412,405,146,551,3
2021-06-22,Mono,051,14174,1266,1277,17,1294,3
2021-06-22,Monterey,053,433212,43301,43162,1840,45002,427
2021-06-22,Napa,055,140530,10016,10029,37,10066,80
2021-06-22,Nevada,057,99092,4960,4923,193,5116,72
2021-06-22,Orange,059,3164182,256434,255452,11398,266850,5114
2021-06-22,Placer,061,380077,23795,23603,1534,25137,299
2021-06-22,Plumas,063,18699,720,697,11,708,4
2021-06-22,Riverside,065,2383286,295458,289839,13975,303814,4456
2021-06-22,Sacramento,067,1510023,108088,107801,1801,109602,1670
2021-06-22,San Benito,069,59416,6084,6098,113,6211,63
2021-06-22,San Bernardino,071,2135413,294558,293770,8981,302751,4873
2021-06-22,San Diego,073,3302833,282861,281867,15314,297181,3771
2021-06-22,San Francisco,075,870044,37048,37287,1281,38568,556
2021-06-22,San Joaquin,077,732212,74003,73723,3576,77299,1405
2021-06-22,San Luis Obispo,079,281455,21521,21321,745,22066,257
2021-06-22,San Mateo,081,765935,42671,42725,476,43201,542
2021-06-22,Santa Barbara,083,443738,34597,34500,1121,35621,454
2021-06-22,Santa Clara,085,1922200,119406,120194,764,120958,2095
2021-06-22,Santa Cruz,087,273765,16330,16218,798,17016,209
2021-06-22,Shasta,089,179085,12578,12616,1624,14240,202
2021-06-22,Sierra,091,2930,62,57,12,69,0
2021-06-22,Siskiyou,093,43540,1965,1892,363,2255,28
2021-06-22,Solano,095,438530,33385,33397,565,33962,267
2021-06-22,Sonoma,097,501317,30877,30933,358,31291,314
2021-06-22,Stanislaus,099,539301,57042,56915,5953,62868,1017
2021-06-22,Sutter,101,95872,9600,9649,87,9736,113
2021-06-22,Tehama,103,63373,5148,5118,580,5698,63
2021-06-22,Trinity,105,12862,491,337,95,432,3
2021-06-22,Tulare,107,460477,50427,49706,8989,58695,850
2021-06-22,Tuolumne,109,53932,4070,4119,43,4162,64
2021-06-22,Ventura,111,848112,81743,81300,2993,84293,1032
2021-06-22,Yolo,113,214977,14176,14157,256,14413,212
2021-06-22,Yuba,115,75493,6203,6181,131,6312,51
2021-06-21,Alameda,001,1643700,89255,89281,1938,91219,1262
2021-06-21,Alpine,003,1148,88,88,0,88,0
2021-06-21,Amador,005,37829,3740,3742,32,3774,46
2021-06-21,Butte,007,227075,12775,12668,1842,14510,195
2021-06-21,Calaveras,009,45235,2193,2194,13,2207,55
2021-06-21,Colusa,011,21464,1964,1970,318,2288,15
2021-06-21,Contra Costa,013,1133247,70807,70439,1301,71740,813
2021-06-21,Del Norte,015,27424,1453,1416,13,1429,8
2021-06-21,El Dorado,017,186661,10455,10375,767,11142,113
2021-06-21,Fresno,019,978130,103355,102971,8661,111632,1724
2021-06-21,Glenn,021,27897,2448,2433,562,2995,19
2021-06-21,Humboldt,023,135768,4480,4478,42,4520,42
2021-06-21,Imperial,025,180216,28760,28855,2693,31548,740
2021-06-21,Inyo,027,18085,1410,1405,12,1417,35
2021-06-21,Kern,029,883053,97836,96995,10995,107990,1342
2021-06-21,Kings,031,150075,23246,23091,1080,24171,245
2021-06-21,Lake,033,64148,3582,3563,13,3576,45
2021-06-21,Lassen,035,31185,5270,5233,115,5348,19
2021-06-21,Los Angeles,037,10098052,1211925,1205994,41223,1247217,24459
2021-06-21,Madera,039,155013,16771,16647,935,17582,240
2021-06-21,Marin,041,260295,14199,14173,259,14432,230
2021-06-21,Mariposa,043,17540,441,439,11,450,5
2021-06-21,Mendocino,045,87422,4163,4085,82,4167,49
2021-06-21,Merced,047,269075,31198,31264,1040,32304,465
2021-06-21,Modoc,049,8938,412,405,146,551,3
2021-06-21,Mono,051,14174,1266,1277,17,1294,3
2021-06-21,Monterey,053,433212,43298,43157,1840,44997,427
2021-06-21,Napa,055,140530,10011,10028,37,10065,80
2021-06-21,Nevada,057,99092,4956,4921,193,5114,72
2021-06-21,Orange,059,3164182,256361,255400,11391,266791,5113
2021-06-21,Placer,061,380077,23771,23577,1534,25111,298
2021-06-21,Plumas,063,18699,718,697,11,708,4
2021-06-21,Riverside,065,2383286,295382,289797,13970,303767,4456
2021-06-21,Sacramento,067,1510023,107977,107757,1800,109557,1669
2021-06-21,San Benito,069,59416,6080,6098,113,6211,63
2021-06-21,San Bernardino,071,2135413,294471,293736,8977,302713,4850
2021-06-21,San Diego,073,3302833,282756,281811,15294,297105,3771
2021-06-21,San Francisco,075,870044,37032,37275,1280,38555,556
2021-06-21,San Joaquin,077,732212,73962,73687,3575,77262,1405
2021-06-21,San Luis Obispo,079,281455,21512,21316,745,22061,257
2021-06-21,San Mateo,081,765935,42655,42685,475,43160,542
2021-06-21,Santa Barbara,083,443738,34592,34492,1121,35613,455
2021-06-21,Santa Clara,085,1922200,119373,120192,763,120955,2093
2021-06-21,Santa Cruz,087,273765,16328,16212,798,17010,208
2021-06-21,Shasta,089,179085,12565,12617,1621,14238,201
2021-06-21,Sierra,091,2930,62,57,12,69,0
2021-06-21,Siskiyou,093,43540,1965,1892,363,2255,27
2021-06-21,Solano,095,438530,33362,33383,564,33947,266
2021-06-21,Sonoma,097,501317,30854,30912,358,31270,314
2021-06-21,Stanislaus,099,539301,57012,56891,5948,62839,1017
2021-06-21,Sutter,101,95872,9597,9649,87,9736,113
2021-06-21,Tehama,103,63373,5148,5115,579,5694,63
2021-06-21,Trinity,105,12862,491,337,95,432,3
2021-06-21,Tulare,107,460477,50416,49689,8985,58674,849
2021-06-21,Tuolumne,109,53932,4066,4119,43,4162,63
2021-06-21,Ventura,111,848112,81715,81291,2989,84280,1031
2021-06-21,Yolo,113,214977,14170,14165,256,14421,212
2021-06-21,Yuba,115,75493,6202,6172,131,6303,51
2021-06-20,Alameda,001,1643700,89190,89255,1937,91192,1263
2021-06-20,Alpine,003,1148,88,88,0,88,0
2021-06-20,Amador,005,37829,3737,3740,32,3772,46
2021-06-20,Butte,007,227075,12768,12668,1841,14509,194
2021-06-20,Calaveras,009,45235,2192,2193,13,2206,55
2021-06-20,Colusa,011,21464,1964,1970,318,2288,15
2021-06-20,Contra Costa,013,1133247,70750,70401,1299,71700,813
2021-06-20,Del Norte,015,27424,1449,1416,13,1429,8
2021-06-20,El Dorado,017,186661,10441,10372,764,11136,113
2021-06-20,Fresno,019,978130,103314,102947,8658,111605,1724
2021-06-20,Glenn,021,27897,2448,2434,562,2996,19
2021-06-20,Humboldt,023,135768,4474,4472,42,4514,42
2021-06-20,Imperial,025,180216,28751,28855,2693,31548,740
2021-06-20,Inyo,027,18085,1409,1405,12,1417,35
2021-06-20,Kern,029,883053,97815,96985,10984,107969,1342
2021-06-20,Kings,031,150075,23241,23088,1078,24166,245
2021-06-20,Lake,033,64148,3580,3563,13,3576,45
2021-06-20,Lassen,035,31185,5267,5230,115,5345,19
2021-06-20,Los Angeles,037,10098052,1211620,1205874,41215,1247089,24456
2021-06-20,Madera,039,155013,16763,16638,933,17571,240
2021-06-20,Marin,041,260295,14196,14166,259,14425,230
2021-06-20,Mariposa,043,17540,439,439,11,450,5
2021-06-20,Mendocino,045,87422,4156,4080,82,4162,49
2021-06-20,Merced,047,269075,31185,31265,1040,32305,465
2021-06-20,Modoc,049,8938,412,405,146,551,3
2021-06-20,Mono,051,14174,1266,1275,17,1292,3
2021-06-20,Monterey,053,433212,43289,43156,1839,44995,427
2021-06-20,Napa,055,140530,10004,10026,36,10062,80
2021-06-20,Nevada,057,99092,4949,4919,193,5112,72
2021-06-20,Orange,059,3164182,256297,255377,11380,266757,5113
2021-06-20,Placer,061,380077,23737,23562,1530,25092,298
2021-06-20,Plumas,063,18699,717,697,11,708,4
2021-06-20,Riverside,065,2383286,295303,289770,13959,303729,4456
2021-06-20,Sacramento,067,1510023,107866,107700,1797,109497,1669
2021-06-20,San Benito,069,59416,6080,6098,113,6211,63
2021-06-20,San Bernardino,071,2135413,294371,293713,8973,302686,4845
2021-06-20,San Diego,073,3302833,282650,281750,15272,297022,3771
2021-06-20,San Francisco,075,870044,37009,37269,1280,38549,556
2021-06-20,San Joaquin,077,732212,73917,73676,3566,77242,1405
2021-06-20,San Luis Obispo,079,281455,21510,21313,745,22058,257
2021-06-20,San Mateo,081,765935,42626,42681,475,43156,542
2021-06-20,Santa Barbara,083,443738,34583,34487,1121,35608,455
2021-06-20,Santa Clara,085,1922200,119338,120163,763,120926,2093
2021-06-20,Santa Cruz,087,273765,16322,16210,798,17008,208
2021-06-20,Shasta,089,179085,12560,12617,1619,14236,201
2021-06-20,Sierra,091,2930,62,57,12,69,0
2021-06-20,Siskiyou,093,43540,1964,1891,363,2254,27
2021-06-20,Solano,095,438530,33340,33361,562,33923,266
2021-06-20,Sonoma,097,501317,30807,30884,355,31239,314
2021-06-20,Stanislaus,099,539301,56979,56868,5947,62815,1017
2021-06-20,Sutter,101,95872,9594,9645,87,9732,113
2021-06-20,Tehama,103,63373,5144,5115,579,5694,63
2021-06-20,Trinity,105,12862,491,337,95,432,3
2021-06-20,Tulare,107,460477,50407,49685,8983,58668,849
2021-06-20,Tuolumne,109,53932,4063,4117,43,4160,63
2021-06-20,Ventura,111,848112,81699,81282,2987,84269,1031
2021-06-20,Yolo,113,214977,14163,14160,256,14416,212
2021-06-20,Yuba,115,75493,6195,6167,131,6298,51
2021-06-19,Alameda,001,1643700,89155,89202,1937,91139,1263
2021-06-19,Alpine,003,1148,88,88,0,88,0
2021-06-19,Amador,005,37829,3735,3739,32,3771,46
2021-06-19,Butte,007,227075,12764,12659,1841,14500,194
2021-06-19,Calaveras,009,45235,2192,2192,13,2205,55
2021-06-19,Colusa,011,21464,1964,1969,318,2287,15
2021-06-19,Contra Costa,013,1133247,70719,70334,1298,71632,813
2021-06-19,Del Norte,015,27424,1448,1416,13,1429,8
2021-06-19,El Dorado,017,186661,10440,10363,763,11126,113
2021-06-19,Fresno,019,978130,103301,102922,8657,111579,1724
2021-06-19,Glenn,021,27897,2447,2434,561,2995,19
2021-06-19,Humboldt,023,135768,4463,4463,42,4505,42
2021-06-19,Imperial,025,180216,28750,28813,2693,31506,740
2021-06-19,Inyo,027,18085,1409,1405,12,1417,35
2021-06-19,Kern,029,883053,97799,96966,10980,107946,1342
2021-06-19,Kings,031,150075,23238,23086,1078,24164,245
2021-06-19,Lake,033,64148,3576,3563,13,3576,45
2021-06-19,Lassen,035,31185,5266,5225,115,5340,19
2021-06-19,Los Angeles,037,10098052,1211417,1205602,41199,1246801,24454
2021-06-19,Madera,039,155013,16761,16632,933,17565,240
2021-06-19,Marin,041,260295,14188,14152,259,14411,230
2021-06-19,Mariposa,043,17540,439,439,11,450,5
2021-06-19,Mendocino,045,87422,4151,4077,82,4159,49
2021-06-19,Merced,047,269075,31183,31256,1040,32296,465
2021-06-19,Modoc,049,8938,411,402,146,548,3
2021-06-19,Mono,051,14174,1266,1275,17,1292,3
2021-06-19,Monterey,053,433212,43283,43153,1839,44992,427
2021-06-19,Napa,055,140530,10000,10025,36,10061,80
2021-06-19,Nevada,057,99092,4944,4910,193,5103,72
2021-06-19,Orange,059,3164182,256250,255329,11377,266706,5112
2021-06-19,Placer,061,380077,23721,23537,1527,25064,298
2021-06-19,Plumas,063,18699,716,697,11,708,4
2021-06-19,Riverside,065,2383286,295257,289720,13959,303679,4456
2021-06-19,Sacramento,067,1510023,107820,107631,1794,109425,1669
2021-06-19,San Benito,069,59416,6079,6098,113,6211,63
2021-06-19,San Bernardino,071,2135413,294328,293673,8971,302644,4844
2021-06-19,San Diego,073,3302833,282590,281682,15258,296940,3771
2021-06-19,San Francisco,075,870044,36996,37256,1280,38536,556
2021-06-19,San Joaquin,077,732212,73901,73652,3562,77214,1405
2021-06-19,San Luis Obispo,079,281455,21508,21308,743,22051,257
2021-06-19,San Mateo,081,765935,42608,42646,473,43119,542
2021-06-19,Santa Barbara,083,443738,34581,34472,1121,35593,455
2021-06-19,Santa Clara,085,1922200,119315,120110,762,120872,2093
2021-06-19,Santa Cruz,087,273765,16317,16206,798,17004,208
2021-06-19,Shasta,089,179085,12558,12615,1618,14233,201
2021-06-19,Sierra,091,2930,62,57,12,69,0
2021-06-19,Siskiyou,093,43540,1964,1891,363,2254,27
2021-06-19,Solano,095,438530,33330,33341,561,33902,266
2021-06-19,Sonoma,097,501317,30766,30841,355,31196,314
2021-06-19,Stanislaus,099,539301,56960,56847,5944,62791,1017
2021-06-19,Sutter,101,95872,9591,9645,87,9732,113
2021-06-19,Tehama,103,63373,5143,5115,579,5694,63
2021-06-19,Trinity,105,12862,491,337,95,432,3
2021-06-19,Tulare,107,460477,50400,49681,8978,58659,849
2021-06-19,Tuolumne,109,53932,4063,4117,43,4160,63
2021-06-19,Ventura,111,848112,81686,81270,2986,84256,1031
2021-06-19,Yolo,113,214977,14159,14156,255,14411,212
2021-06-19,Yuba,115,75493,6194,6157,131,6288,51
2021-06-18,Alameda,001,1643700,89118,89123,1937,91060,1263
2021-06-18,Alpine,003,1148,88,88,0,88,0
2021-06-18,Amador,005,37829,3735,3739,32,3771,46
2021-06-18,Butte,007,227075,12761,12653,1838,14491,194
2021-06-18,Calaveras,009,45235,2192,2191,13,2204,55
2021-06-18,Colusa,011,21464,1963,1969,318,2287,15
2021-06-18,Contra Costa,013,1133247,70677,70271,1296,71567,813
2021-06-18,Del Norte,015,27424,1448,1415,13,1428,8
2021-06-18,El Dorado,017,186661,10437,10348,761,11109,113
2021-06-18,Fresno,019,978130,103285,102894,8655,111549,1722
2021-06-18,Glenn,021,27897,2446,2430,561,2991,19
2021-06-18,Humboldt,023,135768,4455,4450,42,4492,42
2021-06-18,Imperial,025,180216,28748,28809,2693,31502,740
2021-06-18,Inyo,027,18085,1409,1405,12,1417,35
2021-06-18,Kern,029,883053,97788,96948,10974,107922,1341
2021-06-18,Kings,031,150075,23233,23082,1078,24160,245
2021-06-18,Lake,033,64148,3572,3563,13,3576,45
2021-06-18,Lassen,035,31185,5265,5224,115,5339,19
2021-06-18,Los Angeles,037,10098052,1211251,1205472,41182,1246654,24451
2021-06-18,Madera,039,155013,16755,16625,933,17558,241
2021-06-18,Marin,041,260295,14185,14147,259,14406,230
2021-06-18,Mariposa,043,17540,439,439,11,450,5
2021-06-18,Mendocino,045,87422,4146,4068,82,4150,49
2021-06-18,Merced,047,269075,31181,31262,1040,32302,464
2021-06-18,Modoc,049,8938,411,402,146,548,3
2021-06-18,Mono,051,14174,1265,1275,16,1291,3
2021-06-18,Monterey,053,433212,43280,43148,1839,44987,427
2021-06-18,Napa,055,140530,9996,10021,36,10057,80
2021-06-18,Nevada,057,99092,4936,4903,193,5096,72
2021-06-18,Orange,059,3164182,256213,255274,11374,266648,5108
2021-06-18,Placer,061,380077,23713,23500,1524,25024,298
2021-06-18,Plumas,063,18699,716,697,11,708,4
2021-06-18,Riverside,065,2383286,295209,289676,13958,303634,4457
2021-06-18,Sacramento,067,1510023,107772,107570,1794,109364,1669
2021-06-18,San Benito,069,59416,6078,6097,113,6210,63
2021-06-18,San Bernardino,071,2135413,294283,293629,8967,302596,4826
2021-06-18,San Diego,073,3302833,282514,281608,15247,296855,3771
2021-06-18,San Francisco,075,870044,36987,37246,1280,38526,556
2021-06-18,San Joaquin,077,732212,73883,73623,3560,77183,1403
2021-06-18,San Luis Obispo,079,281455,21504,21301,742,22043,257
2021-06-18,San Mateo,081,765935,42597,42630,472,43102,542
2021-06-18,Santa Barbara,083,443738,34571,34469,1121,35590,455
2021-06-18,Santa Clara,085,1922200,119294,120081,760,120841,2093
2021-06-18,Santa Cruz,087,273765,16313,16202,798,17000,208
2021-06-18,Shasta,089,179085,12554,12607,1616,14223,201
2021-06-18,Sierra,091,2930,61,57,12,69,0
2021-06-18,Siskiyou,093,43540,1964,1890,363,2253,27
2021-06-18,Solano,095,438530,33316,33323,561,33884,266
2021-06-18,Sonoma,097,501317,30748,30816,354,31170,313
2021-06-18,Stanislaus,099,539301,56945,56803,5942,62745,1012
2021-06-18,Sutter,101,95872,9588,9643,87,9730,113
2021-06-18,Tehama,103,63373,5141,5114,579,5693,63
2021-06-18,Trinity,105,12862,491,337,94,431,3
2021-06-18,Tulare,107,460477,50398,49664,8971,58635,849
2021-06-18,Tuolumne,109,53932,4060,4116,43,4159,63
2021-06-18,Ventura,111,848112,81676,81256,2981,84237,1031
2021-06-18,Yolo,113,214977,14156,14148,253,14401,212
2021-06-18,Yuba,115,75493,6188,6150,131,6281,51
2021-06-17,Alameda,001,1643700,89071,89087,1937,91024,1262
2021-06-17,Alpine,003,1148,88,88,0,88,0
2021-06-17,Amador,005,37829,3733,3731,32,3763,46
2021-06-17,Butte,007,227075,12751,12644,1837,14481,194
2021-06-17,Calaveras,009,45235,2191,2189,13,2202,55
2021-06-17,Colusa,011,21464,1962,1969,318,2287,15
2021-06-17,Contra Costa,013,1133247,70638,70190,1292,71482,810
2021-06-17,Del Norte,015,27424,1446,1413,13,1426,8
2021-06-17,El Dorado,017,186661,10427,10341,761,11102,113
2021-06-17,Fresno,019,978130,103259,102867,8651,111518,1722
2021-06-17,Glenn,021,27897,2446,2430,561,2991,19
2021-06-17,Humboldt,023,135768,4446,4438,42,4480,42
2021-06-17,Imperial,025,180216,28740,28801,2693,31494,741
2021-06-17,Inyo,027,18085,1409,1405,12,1417,35
2021-06-17,Kern,029,883053,97773,96840,10968,107808,1340
2021-06-17,Kings,031,150075,23229,23078,1077,24155,245
2021-06-17,Lake,033,64148,3569,3563,9,3572,45
2021-06-17,Lassen,035,31185,5261,5223,115,5338,19
2021-06-17,Los Angeles,037,10098052,1211036,1205301,41155,1246456,24444
2021-06-17,Madera,039,155013,16750,16618,933,17551,241
2021-06-17,Marin,041,260295,14185,14141,259,14400,229
2021-06-17,Mariposa,043,17540,439,439,11,450,5
2021-06-17,Mendocino,045,87422,4139,4054,82,4136,49
2021-06-17,Merced,047,269075,31176,31262,1040,32302,464
2021-06-17,Modoc,049,8938,410,401,146,547,3
2021-06-17,Mono,051,14174,1264,1275,16,1291,3
2021-06-17,Monterey,053,433212,43272,43140,1839,44979,416
2021-06-17,Napa,055,140530,9996,10014,36,10050,80
2021-06-17,Nevada,057,99092,4932,4898,193,5091,72
2021-06-17,Orange,059,3164182,256167,255240,11363,266603,5109
2021-06-17,Placer,061,380077,23697,23461,1522,24983,298
2021-06-17,Plumas,063,18699,715,697,11,708,4
2021-06-17,Riverside,065,2383286,295155,289627,13956,303583,4458
2021-06-17,Sacramento,067,1510023,107708,107492,1792,109284,1666
2021-06-17,San Benito,069,59416,6078,6097,113,6210,63
2021-06-17,San Bernardino,071,2135413,294242,293560,8967,302527,4811
2021-06-17,San Diego,073,3302833,282438,281531,15233,296764,3771
2021-06-17,San Francisco,075,870044,36976,37243,1279,38522,556
2021-06-17,San Joaquin,077,732212,73860,73560,3555,77115,1403
2021-06-17,San Luis Obispo,079,281455,21502,21297,742,22039,257
2021-06-17,San Mateo,081,765935,42591,42615,472,43087,542
2021-06-17,Santa Barbara,083,443738,34565,34466,1121,35587,453
2021-06-17,Santa Clara,085,1922200,119269,120032,759,120791,2093
2021-06-17,Santa Cruz,087,273765,16309,16197,798,16995,208
2021-06-17,Shasta,089,179085,12546,12597,1616,14213,201
2021-06-17,Sierra,091,2930,61,56,12,68,0
2021-06-17,Siskiyou,093,43540,1963,1889,363,2252,27
2021-06-17,Solano,095,438530,33295,33296,560,33856,266
2021-06-17,Sonoma,097,501317,30718,30793,354,31147,323
2021-06-17,Stanislaus,099,539301,56914,56752,5937,62689,1012
2021-06-17,Sutter,101,95872,9585,9629,87,9716,113
2021-06-17,Tehama,103,63373,5140,5112,577,5689,63
2021-06-17,Trinity,105,12862,490,337,94,431,3
2021-06-17,Tulare,107,460477,50393,49649,8963,58612,849
2021-06-17,Tuolumne,109,53932,4059,4116,43,4159,63
2021-06-17,Ventura,111,848112,81667,81248,2978,84226,1030
2021-06-17,Yolo,113,214977,14148,14141,253,14394,212
2021-06-17,Yuba,115,75493,6179,6140,131,6271,51
2021-06-16,Alameda,001,1643700,89022,89045,1936,90981,1265
2021-06-16,Alpine,003,1148,88,88,0,88,0
2021-06-16,Amador,005,37829,3732,3730,32,3762,46
2021-06-16,Butte,007,227075,12749,12635,1835,14470,194
2021-06-16,Calaveras,009,45235,2189,2188,13,2201,55
2021-06-16,Colusa,011,21464,1962,1967,318,2285,15
2021-06-16,Contra Costa,013,1133247,70586,70136,1291,71427,810
2021-06-16,Del Norte,015,27424,1443,1413,13,1426,8
2021-06-16,El Dorado,017,186661,10421,10334,760,11094,113
2021-06-16,Fresno,019,978130,103228,102842,8647,111489,1722
2021-06-16,Glenn,021,27897,2446,2430,561,2991,19
2021-06-16,Humboldt,023,135768,4437,4427,41,4468,42
2021-06-16,Imperial,025,180216,28737,28796,2693,31489,741
2021-06-16,Inyo,027,18085,1408,1405,12,1417,35
2021-06-16,Kern,029,883053,97751,96789,10961,107750,1339
2021-06-16,Kings,031,150075,23228,23072,1076,24148,245
2021-06-16,Lake,033,64148,3569,3562,9,3571,45
2021-06-16,Lassen,035,31185,5258,5216,115,5331,19
2021-06-16,Los Angeles,037,10098052,1210813,1205102,41145,1246247,24439
2021-06-16,Madera,039,155013,16746,16603,933,17536,240
2021-06-16,Marin,041,260295,14183,14137,259,14396,229
2021-06-16,Mariposa,043,17540,439,437,11,448,5
2021-06-16,Mendocino,045,87422,4131,4041,82,4123,49
2021-06-16,Merced,047,269075,31168,31250,1040,32290,463
2021-06-16,Modoc,049,8938,409,383,145,528,3
2021-06-16,Mono,051,14174,1264,1275,16,1291,3
2021-06-16,Monterey,053,433212,43269,43122,1839,44961,416
2021-06-16,Napa,055,140530,9992,10011,36,10047,80
2021-06-16,Nevada,057,99092,4927,4894,193,5087,72
2021-06-16,Orange,059,3164182,256113,255188,11355,266543,5109
2021-06-16,Placer,061,380077,23687,23425,1518,24943,298
2021-06-16,Plumas,063,18699,715,697,11,708,4
2021-06-16,Riverside,065,2383286,295094,289539,13954,303493,4457
2021-06-16,Sacramento,067,1510023,107638,107422,1788,109210,1665
2021-06-16,San Benito,069,59416,6078,6090,113,6203,63
2021-06-16,San Bernardino,071,2135413,294193,293499,8965,302464,4797
2021-06-16,San Diego,073,3302833,282359,281423,15220,296643,3770
2021-06-16,San Francisco,075,870044,36963,37222,1277,38499,555
2021-06-16,San Joaquin,077,732212,73822,73530,3551,77081,1399
2021-06-16,San Luis Obispo,079,281455,21497,21294,742,22036,257
2021-06-16,San Mateo,081,765935,42575,42601,472,43073,542
2021-06-16,Santa Barbara,083,443738,34559,34459,1121,35580,460
2021-06-16,Santa Clara,085,1922200,119237,119982,759,120741,2087
2021-06-16,Santa Cruz,087,273765,16306,16187,798,16985,208
2021-06-16,Shasta,089,179085,12541,12592,1615,14207,200
2021-06-16,Sierra,091,2930,61,56,12,68,0
2021-06-16,Siskiyou,093,43540,1962,1886,363,2249,26
2021-06-16,Solano,095,438530,33267,33276,560,33836,266
2021-06-16,Sonoma,097,501317,30682,30741,354,31095,323
2021-06-16,Stanislaus,099,539301,56883,56738,5935,62673,984
2021-06-16,Sutter,101,95872,9581,9620,87,9707,113
2021-06-16,Tehama,103,63373,5138,5106,577,5683,63
2021-06-16,Trinity,105,12862,489,332,94,426,3
2021-06-16,Tulare,107,460477,50388,49578,8959,58537,849
2021-06-16,Tuolumne,109,53932,4059,4110,43,4153,63
2021-06-16,Ventura,111,848112,81653,81229,2976,84205,1029
2021-06-16,Yolo,113,214977,14139,14135,252,14387,212
2021-06-16,Yuba,115,75493,6169,6134,131,6265,51
2021-06-15,Alameda,001,1643700,88980,89008,1936,90944,1262
2021-06-15,Alpine,003,1148,88,88,0,88,0
2021-06-15,Amador,005,37829,3729,3723,32,3755,46
2021-06-15,Butte,007,227075,12741,12620,1834,14454,194
2021-06-15,Calaveras,009,45235,2188,2188,13,2201,55
2021-06-15,Colusa,011,21464,1962,1967,316,2283,15
2021-06-15,Contra Costa,013,1133247,70524,70101,1291,71392,810
2021-06-15,Del Norte,015,27424,1442,1411,13,1424,8
2021-06-15,El Dorado,017,186661,10412,10330,760,11090,113
2021-06-15,Fresno,019,978130,103196,102828,8646,111474,1722
2021-06-15,Glenn,021,27897,2445,2426,561,2987,19
2021-06-15,Humboldt,023,135768,4428,4414,40,4454,42
2021-06-15,Imperial,025,180216,28731,28789,2693,31482,741
2021-06-15,Inyo,027,18085,1408,1405,12,1417,35
2021-06-15,Kern,029,883053,97723,96782,10953,107735,1338
2021-06-15,Kings,031,150075,23222,23070,1074,24144,245
2021-06-15,Lake,033,64148,3568,3559,9,3568,45
2021-06-15,Lassen,035,31185,5257,5211,115,5326,19
2021-06-15,Los Angeles,037,10098052,1210588,1204926,41137,1246063,24435
2021-06-15,Madera,039,155013,16739,16600,932,17532,240
2021-06-15,Marin,041,260295,14175,14135,259,14394,229
2021-06-15,Mariposa,043,17540,439,437,11,448,5
2021-06-15,Mendocino,045,87422,4124,4034,82,4116,49
2021-06-15,Merced,047,269075,31162,31244,1040,32284,461
2021-06-15,Modoc,049,8938,408,383,145,528,3
2021-06-15,Mono,051,14174,1264,1275,16,1291,3
2021-06-15,Monterey,053,433212,43263,43118,1839,44957,416
2021-06-15,Napa,055,140530,9990,10010,36,10046,80
2021-06-15,Nevada,057,99092,4924,4888,193,5081,72
2021-06-15,Orange,059,3164182,256072,255127,11346,266473,5105
2021-06-15,Placer,061,380077,23665,23396,1517,24913,298
2021-06-15,Plumas,063,18699,714,697,11,708,4
2021-06-15,Riverside,065,2383286,295034,289508,13950,303458,4455
2021-06-15,Sacramento,067,1510023,107563,107370,1782,109152,1662
2021-06-15,San Benito,069,59416,6077,6089,113,6202,63
2021-06-15,San Bernardino,071,2135413,294143,293463,8959,302422,4790
2021-06-15,San Diego,073,3302833,282275,281375,15205,296580,3770
2021-06-15,San Francisco,075,870044,36954,37210,1276,38486,555
2021-06-15,San Joaquin,077,732212,73782,73494,3546,77040,1399
2021-06-15,San Luis Obispo,079,281455,21492,21293,741,22034,257
2021-06-15,San Mateo,081,765935,42562,42593,472,43065,543
2021-06-15,Santa Barbara,083,443738,34554,34451,1121,35572,460
2021-06-15,Santa Clara,085,1922200,119199,119963,759,120722,2086
2021-06-15,Santa Cruz,087,273765,16300,16180,797,16977,208
2021-06-15,Shasta,089,179085,12535,12583,1615,14198,201
2021-06-15,Sierra,091,2930,60,55,12,67,0
2021-06-15,Siskiyou,093,43540,1961,1887,363,2250,26
2021-06-15,Solano,095,438530,33248,33264,560,33824,266
2021-06-15,Sonoma,097,501317,30643,30707,353,31060,323
2021-06-15,Stanislaus,099,539301,56855,56724,5932,62656,979
2021-06-15,Sutter,101,95872,9572,9616,87,9703,113
2021-06-15,Tehama,103,63373,5136,5102,577,5679,63
2021-06-15,Trinity,105,12862,488,332,93,425,3
2021-06-15,Tulare,107,460477,50382,49561,8956,58517,848
2021-06-15,Tuolumne,109,53932,4059,4111,43,4154,63
2021-06-15,Ventura,111,848112,81642,81215,2973,84188,1029
2021-06-15,Yolo,113,214977,14135,14127,250,14377,212
2021-06-15,Yuba,115,75493,6158,6130,131,6261,51
2021-06-14,Alameda,001,1643700,88932,88966,1936,90902,1264
2021-06-14,Alpine,003,1148,88,88,0,88,0
2021-06-14,Amador,005,37829,3728,3722,32,3754,46
2021-06-14,Butte,007,227075,12730,12613,1830,14443,194
2021-06-14,Calaveras,009,45235,2187,2190,13,2203,55
2021-06-14,Colusa,011,21464,1961,1966,316,2282,15
2021-06-14,Contra Costa,013,1133247,70471,70069,1289,71358,810
2021-06-14,Del Norte,015,27424,1442,1411,13,1424,8
2021-06-14,El Dorado,017,186661,10403,10327,758,11085,113
2021-06-14,Fresno,019,978130,103174,102812,8644,111456,1719
2021-06-14,Glenn,021,27897,2445,2426,561,2987,19
2021-06-14,Humboldt,023,135768,4420,4407,39,4446,42
2021-06-14,Imperial,025,180216,28719,28836,2693,31529,741
2021-06-14,Inyo,027,18085,1407,1405,12,1417,35
2021-06-14,Kern,029,883053,97703,96760,10943,107703,1337
2021-06-14,Kings,031,150075,23219,23071,1073,24144,245
2021-06-14,Lake,033,64148,3567,3557,9,3566,45
2021-06-14,Lassen,035,31185,5254,5209,114,5323,19
2021-06-14,Los Angeles,037,10098052,1210346,1204748,41127,1245875,24434
2021-06-14,Madera,039,155013,16733,16597,931,17528,240
2021-06-14,Marin,041,260295,14173,14133,259,14392,229
2021-06-14,Mariposa,043,17540,438,437,11,448,5
2021-06-14,Mendocino,045,87422,4118,4028,82,4110,49
2021-06-14,Merced,047,269075,31153,31241,1039,32280,461
2021-06-14,Modoc,049,8938,399,382,143,525,3
2021-06-14,Mono,051,14174,1264,1275,16,1291,3
2021-06-14,Monterey,053,433212,43260,43110,1839,44949,415
2021-06-14,Napa,055,140530,9986,10000,36,10036,80
2021-06-14,Nevada,057,99092,4917,4885,193,5078,72
2021-06-14,Orange,059,3164182,256034,255069,11342,266411,5103
2021-06-14,Placer,061,380077,23640,23379,1516,24895,298
2021-06-14,Plumas,063,18699,714,696,11,707,4
2021-06-14,Riverside,065,2383286,294980,289476,13950,303426,4453
2021-06-14,Sacramento,067,1510023,107509,107334,1777,109111,1661
2021-06-14,San Benito,069,59416,6077,6087,113,6200,63
2021-06-14,San Bernardino,071,2135413,294087,293446,8955,302401,4790
2021-06-14,San Diego,073,3302833,282169,281314,15185,296499,3770
2021-06-14,San Francisco,075,870044,36942,37206,1276,38482,555
2021-06-14,San Joaquin,077,732212,73753,73453,3546,76999,1398
2021-06-14,San Luis Obispo,079,281455,21490,21302,741,22043,256
2021-06-14,San Mateo,081,765935,42549,42619,471,43090,543
2021-06-14,Santa Barbara,083,443738,34551,34449,1121,35570,460
2021-06-14,Santa Clara,085,1922200,119168,119957,758,120715,2085
2021-06-14,Santa Cruz,087,273765,16297,16175,797,16972,208
2021-06-14,Shasta,089,179085,12524,12561,1612,14173,201
2021-06-14,Sierra,091,2930,59,55,12,67,0
2021-06-14,Siskiyou,093,43540,1961,1886,363,2249,26
2021-06-14,Solano,095,438530,33231,33243,559,33802,266
2021-06-14,Sonoma,097,501317,30611,30679,352,31031,323
2021-06-14,Stanislaus,099,539301,56818,56689,5929,62618,975
2021-06-14,Sutter,101,95872,9569,9607,87,9694,112
2021-06-14,Tehama,103,63373,5134,5102,577,5679,63
2021-06-14,Trinity,105,12862,488,332,93,425,3
2021-06-14,Tulare,107,460477,50377,49538,8953,58491,848
2021-06-14,Tuolumne,109,53932,4056,4108,43,4151,63
2021-06-14,Ventura,111,848112,81632,81209,2973,84182,1028
2021-06-14,Yolo,113,214977,14127,14123,250,14373,212
2021-06-14,Yuba,115,75493,6151,6127,131,6258,50
2021-06-13,Alameda,001,1643700,88875,88947,1935,90882,1264
2021-06-13,Alpine,003,1148,87,88,0,88,0
2021-06-13,Amador,005,37829,3724,3721,32,3753,46
2021-06-13,Butte,007,227075,12719,12586,1827,14413,194
2021-06-13,Calaveras,009,45235,2187,2189,13,2202,55
2021-06-13,Colusa,011,21464,1961,1965,315,2280,15
2021-06-13,Contra Costa,013,1133247,70417,70040,1287,71327,810
2021-06-13,Del Norte,015,27424,1440,1412,13,1425,8
2021-06-13,El Dorado,017,186661,10394,10324,758,11082,113
2021-06-13,Fresno,019,978130,103144,102795,8639,111434,1719
2021-06-13,Glenn,021,27897,2444,2425,559,2984,19
2021-06-13,Humboldt,023,135768,4407,4401,39,4440,42
2021-06-13,Imperial,025,180216,28710,28800,2693,31493,741
2021-06-13,Inyo,027,18085,1407,1405,12,1417,35
2021-06-13,Kern,029,883053,97679,96743,10931,107674,1337
2021-06-13,Kings,031,150075,23214,23069,1072,24141,245
2021-06-13,Lake,033,64148,3567,3556,9,3565,45
2021-06-13,Lassen,035,31185,5249,5209,114,5323,19
2021-06-13,Los Angeles,037,10098052,1210079,1204614,41115,1245729,24433
2021-06-13,Madera,039,155013,16719,16590,931,17521,240
2021-06-13,Marin,041,260295,14167,14126,259,14385,229
2021-06-13,Mariposa,043,17540,438,434,11,445,5
2021-06-13,Mendocino,045,87422,4111,4026,82,4108,49
2021-06-13,Merced,047,269075,31147,31240,1038,32278,461
2021-06-13,Modoc,049,8938,397,382,141,523,3
2021-06-13,Mono,051,14174,1264,1275,16,1291,3
2021-06-13,Monterey,053,433212,43252,43108,1839,44947,415
2021-06-13,Napa,055,140530,9980,9995,36,10031,80
2021-06-13,Nevada,057,99092,4912,4883,193,5076,72
2021-06-13,Orange,059,3164182,255979,255043,11339,266382,5103
2021-06-13,Placer,061,380077,23614,23365,1514,24879,295
2021-06-13,Plumas,063,18699,713,696,11,707,4
2021-06-13,Riverside,065,2383286,294913,289447,13947,303394,4453
2021-06-13,Sacramento,067,1510023,107433,107289,1774,109063,1658
2021-06-13,San Benito,069,59416,6077,6086,113,6199,63
2021-06-13,San Bernardino,071,2135413,294035,293416,8950,302366,4788
2021-06-13,San Diego,073,3302833,282090,281268,15169,296437,3770
2021-06-13,San Francisco,075,870044,36930,37197,1276,38473,555
2021-06-13,San Joaquin,077,732212,73718,73438,3544,76982,1398
2021-06-13,San Luis Obispo,079,281455,21484,21298,740,22038,256
2021-06-13,San Mateo,081,765935,42536,42611,471,43082,542
2021-06-13,Santa Barbara,083,443738,34540,34449,1120,35569,460
2021-06-13,Santa Clara,085,1922200,119144,119946,758,120704,2085
2021-06-13,Santa Cruz,087,273765,16290,16172,797,16969,208
2021-06-13,Shasta,089,179085,12515,12560,1611,14171,201
2021-06-13,Sierra,091,2930,59,55,12,67,0
2021-06-13,Siskiyou,093,43540,1960,1885,363,2248,26
2021-06-13,Solano,095,438530,33210,33234,559,33793,266
2021-06-13,Sonoma,097,501317,30576,30663,350,31013,323
2021-06-13,Stanislaus,099,539301,56792,56671,5926,62597,975
2021-06-13,Sutter,101,95872,9562,9603,87,9690,112
2021-06-13,Tehama,103,63373,5132,5100,577,5677,63
2021-06-13,Trinity,105,12862,487,332,93,425,3
2021-06-13,Tulare,107,460477,50368,49537,8948,58485,848
2021-06-13,Tuolumne,109,53932,4054,4107,42,4149,63
2021-06-13,Ventura,111,848112,81618,81201,2973,84174,1028
2021-06-13,Yolo,113,214977,14118,14120,248,14368,212
2021-06-13,Yuba,115,75493,6144,6125,131,6256,50
2021-06-12,Alameda,001,1643700,88847,88901,1935,90836,1271
2021-06-12,Alpine,003,1148,87,88,0,88,0
2021-06-12,Amador,005,37829,3723,3721,32,3753,46
2021-06-12,Butte,007,227075,12715,12576,1827,14403,194
2021-06-12,Calaveras,009,45235,2187,2189,13,2202,55
2021-06-12,Colusa,011,21464,1961,1965,315,2280,15
2021-06-12,Contra Costa,013,1133247,70386,69989,1285,71274,810
2021-06-12,Del Norte,015,27424,1440,1412,13,1425,8
2021-06-12,El Dorado,017,186661,10389,10320,757,11077,113
2021-06-12,Fresno,019,978130,103134,102783,8638,111421,1720
2021-06-12,Glenn,021,27897,2442,2425,559,2984,19
2021-06-12,Humboldt,023,135768,4399,4396,39,4435,42
2021-06-12,Imperial,025,180216,28707,28799,2693,31492,741
2021-06-12,Inyo,027,18085,1407,1405,12,1417,35
2021-06-12,Kern,029,883053,97664,96731,10927,107658,1337
2021-06-12,Kings,031,150075,23212,23067,1072,24139,245
2021-06-12,Lake,033,64148,3566,3552,9,3561,45
2021-06-12,Lassen,035,31185,5249,5208,114,5322,19
2021-06-12,Los Angeles,037,10098052,1209938,1204439,41109,1245548,24434
2021-06-12,Madera,039,155013,16715,16586,931,17517,240
2021-06-12,Marin,041,260295,14164,14121,259,14380,229
2021-06-12,Mariposa,043,17540,438,434,11,445,5
2021-06-12,Mendocino,045,87422,4108,4024,82,4106,49
2021-06-12,Merced,047,269075,31144,31236,1038,32274,461
2021-06-12,Modoc,049,8938,396,382,141,523,3
2021-06-12,Mono,051,14174,1264,1275,16,1291,3
2021-06-12,Monterey,053,433212,43247,43103,1839,44942,415
2021-06-12,Napa,055,140530,9976,9986,36,10022,80
2021-06-12,Nevada,057,99092,4906,4878,193,5071,72
2021-06-12,Orange,059,3164182,255946,255004,11337,266341,5103
2021-06-12,Placer,061,380077,23595,23345,1514,24859,295
2021-06-12,Plumas,063,18699,713,696,11,707,4
2021-06-12,Riverside,065,2383286,294871,289413,13944,303357,4453
2021-06-12,Sacramento,067,1510023,107374,107199,1771,108970,1658
2021-06-12,San Benito,069,59416,6075,6083,113,6196,63
2021-06-12,San Bernardino,071,2135413,294000,293375,8948,302323,4788
2021-06-12,San Diego,073,3302833,282033,281203,15160,296363,3770
2021-06-12,San Francisco,075,870044,36920,37189,1276,38465,555
2021-06-12,San Joaquin,077,732212,73699,73413,3543,76956,1398
2021-06-12,San Luis Obispo,079,281455,21481,21293,740,22033,256
2021-06-12,San Mateo,081,765935,42530,42604,471,43075,542
2021-06-12,Santa Barbara,083,443738,34535,34450,1120,35570,460
2021-06-12,Santa Clara,085,1922200,119104,119894,758,120652,2085
2021-06-12,Santa Cruz,087,273765,16282,16170,797,16967,208
2021-06-12,Shasta,089,179085,12512,12556,1610,14166,201
2021-06-12,Sierra,091,2930,59,55,12,67,0
2021-06-12,Siskiyou,093,43540,1959,1884,363,2247,25
2021-06-12,Solano,095,438530,33201,33219,559,33778,266
2021-06-12,Sonoma,097,501317,30547,30647,350,30997,323
2021-06-12,Stanislaus,099,539301,56775,56649,5925,62574,974
2021-06-12,Sutter,101,95872,9558,9603,87,9690,112
2021-06-12,Tehama,103,63373,5132,5099,576,5675,63
2021-06-12,Trinity,105,12862,487,332,93,425,3
2021-06-12,Tulare,107,460477,50363,49533,8941,58474,848
2021-06-12,Tuolumne,109,53932,4053,4105,42,4147,63
2021-06-12,Ventura,111,848112,81606,81197,2973,84170,1028
2021-06-12,Yolo,113,214977,14115,14118,247,14365,212
2021-06-12,Yuba,115,75493,6139,6120,131,6251,50
2021-06-11,Alameda,001,1643700,88819,88844,1935,90779,1278
2021-06-11,Alpine,003,1148,87,88,0,88,0
2021-06-11,Amador,005,37829,3722,3710,32,3742,46
2021-06-11,Butte,007,227075,12711,12576,1825,14401,194
2021-06-11,Calaveras,009,45235,2187,2188,13,2201,55
2021-06-11,Colusa,011,21464,1960,1964,315,2279,15
2021-06-11,Contra Costa,013,1133247,70353,69940,1283,71223,808
2021-06-11,Del Norte,015,27424,1440,1409,13,1422,8
2021-06-11,El Dorado,017,186661,10386,10316,757,11073,113
2021-06-11,Fresno,019,978130,103115,102770,8637,111407,1720
2021-06-11,Glenn,021,27897,2442,2425,559,2984,19
2021-06-11,Humboldt,023,135768,4395,4389,39,4428,42
2021-06-11,Imperial,025,180216,28702,28793,2693,31486,741
2021-06-11,Inyo,027,18085,1407,1405,12,1417,35
2021-06-11,Kern,029,883053,97652,96718,10924,107642,1340
2021-06-11,Kings,031,150075,23208,23069,1071,24140,245
2021-06-11,Lake,033,64148,3565,3550,9,3559,45
2021-06-11,Lassen,035,31185,5248,5204,114,5318,18
2021-06-11,Los Angeles,037,10098052,1209788,1204259,41094,1245353,24434
2021-06-11,Madera,039,155013,16712,16582,931,17513,240
2021-06-11,Marin,041,260295,14161,14116,259,14375,229
2021-06-11,Mariposa,043,17540,438,434,11,445,5
2021-06-11,Mendocino,045,87422,4105,4022,82,4104,49
2021-06-11,Merced,047,269075,31139,31231,1038,32269,461
2021-06-11,Modoc,049,8938,396,382,140,522,3
2021-06-11,Mono,051,14174,1264,1274,16,1290,3
2021-06-11,Monterey,053,433212,43243,43097,1839,44936,415
2021-06-11,Napa,055,140530,9973,9977,36,10013,80
2021-06-11,Nevada,057,99092,4904,4873,193,5066,72
2021-06-11,Orange,059,3164182,255912,254975,11334,266309,5101
2021-06-11,Placer,061,380077,23590,23330,1514,24844,294
2021-06-11,Plumas,063,18699,713,696,11,707,4
2021-06-11,Riverside,065,2383286,294833,289376,13939,303315,4451
2021-06-11,Sacramento,067,1510023,107314,107119,1770,108889,1659
2021-06-11,San Benito,069,59416,6074,6082,113,6195,63
2021-06-11,San Bernardino,071,2135413,293964,293335,8944,302279,4788
2021-06-11,San Diego,073,3302833,281993,281144,15153,296297,3768
2021-06-11,San Francisco,075,870044,36916,37177,1276,38453,555
2021-06-11,San Joaquin,077,732212,73682,73347,3540,76887,1397
2021-06-11,San Luis Obispo,079,281455,21480,21288,740,22028,256
2021-06-11,San Mateo,081,765935,42516,42585,471,43056,542
2021-06-11,Santa Barbara,083,443738,34532,34438,1120,35558,460
2021-06-11,Santa Clara,085,1922200,119084,119860,758,120618,2083
2021-06-11,Santa Cruz,087,273765,16274,16164,797,16961,208
2021-06-11,Shasta,089,179085,12504,12550,1608,14158,201
2021-06-11,Sierra,091,2930,59,55,12,67,0
2021-06-11,Siskiyou,093,43540,1958,1882,363,2245,25
2021-06-11,Solano,095,438530,33181,33179,558,33737,266
2021-06-11,Sonoma,097,501317,30529,30624,350,30974,323
2021-06-11,Stanislaus,099,539301,56749,56617,5921,62538,974
2021-06-11,Sutter,101,95872,9555,9600,86,9686,112
2021-06-11,Tehama,103,63373,5131,5099,576,5675,63
2021-06-11,Trinity,105,12862,487,331,93,424,3
2021-06-11,Tulare,107,460477,50357,49516,8940,58456,848
2021-06-11,Tuolumne,109,53932,4050,4104,42,4146,63
2021-06-11,Ventura,111,848112,81596,81189,2973,84162,1026
2021-06-11,Yolo,113,214977,14108,14111,243,14354,212
2021-06-11,Yuba,115,75493,6135,6113,131,6244,50
2021-06-10,Alameda,001,1643700,88775,88806,1934,90740,1275
2021-06-10,Alpine,003,1148,87,88,0,88,0
2021-06-10,Amador,005,37829,3718,3709,32,3741,46
2021-06-10,Butte,007,227075,12694,12565,1825,14390,194
2021-06-10,Calaveras,009,45235,2186,2188,13,2201,55
2021-06-10,Colusa,011,21464,1958,1964,315,2279,15
2021-06-10,Contra Costa,013,1133247,70299,69876,1283,71159,807
2021-06-10,Del Norte,015,27424,1440,1405,13,1418,8
2021-06-10,El Dorado,017,186661,10379,10314,753,11067,113
2021-06-10,Fresno,019,978130,103089,102724,8636,111360,1717
2021-06-10,Glenn,021,27897,2442,2425,559,2984,19
2021-06-10,Humboldt,023,135768,4387,4384,39,4423,42
2021-06-10,Imperial,025,180216,28696,28779,2693,31472,739
2021-06-10,Inyo,027,18085,1407,1405,12,1417,35
2021-06-10,Kern,029,883053,97638,96706,10919,107625,1336
2021-06-10,Kings,031,150075,23207,23067,1071,24138,245
2021-06-10,Lake,033,64148,3560,3550,9,3559,45
2021-06-10,Lassen,035,31185,5246,5201,114,5315,18
2021-06-10,Los Angeles,037,10098052,1209623,1204110,41078,1245188,24440
2021-06-10,Madera,039,155013,16705,16581,930,17511,240
2021-06-10,Marin,041,260295,14158,14118,259,14377,229
2021-06-10,Mariposa,043,17540,436,434,11,445,5
2021-06-10,Mendocino,045,87422,4100,4016,82,4098,48
2021-06-10,Merced,047,269075,31131,31231,1035,32266,461
2021-06-10,Modoc,049,8938,395,381,140,521,3
2021-06-10,Mono,051,14174,1263,1274,16,1290,3
2021-06-10,Monterey,053,433212,43237,43090,1839,44929,415
2021-06-10,Napa,055,140530,9972,9974,36,10010,80
2021-06-10,Nevada,057,99092,4899,4866,193,5059,72
2021-06-10,Orange,059,3164182,255882,254950,11327,266277,5097
2021-06-10,Placer,061,380077,23577,23296,1514,24810,293
2021-06-10,Plumas,063,18699,713,696,11,707,4
2021-06-10,Riverside,065,2383286,294791,289335,13934,303269,4450
2021-06-10,Sacramento,067,1510023,107252,107049,1770,108819,1658
2021-06-10,San Benito,069,59416,6074,6079,113,6192,63
2021-06-10,San Bernardino,071,2135413,293923,293281,8941,302222,4782
2021-06-10,San Diego,073,3302833,281935,281052,15136,296188,3766
2021-06-10,San Francisco,075,870044,36906,37159,1274,38433,552
2021-06-10,San Joaquin,077,732212,73648,73276,3539,76815,1393
2021-06-10,San Luis Obispo,079,281455,21477,21280,740,22020,256
2021-06-10,San Mateo,081,765935,42509,42562,471,43033,666
2021-06-10,Santa Barbara,083,443738,34528,34434,1120,35554,460
2021-06-10,Santa Clara,085,1922200,119049,119832,757,120589,2075
2021-06-10,Santa Cruz,087,273765,16273,16159,797,16956,208
2021-06-10,Shasta,089,179085,12494,12536,1608,14144,201
2021-06-10,Sierra,091,2930,58,55,12,67,0
2021-06-10,Siskiyou,093,43540,1958,1881,363,2244,25
2021-06-10,Solano,095,438530,33164,33150,557,33707,265
2021-06-10,Sonoma,097,501317,30493,30571,348,30919,323
2021-06-10,Stanislaus,099,539301,56728,56588,5917,62505,974
2021-06-10,Sutter,101,95872,9548,9594,86,9680,112
2021-06-10,Tehama,103,63373,5131,5096,576,5672,63
2021-06-10,Trinity,105,12862,487,331,93,424,3
2021-06-10,Tulare,107,460477,50349,49503,8940,58443,848
2021-06-10,Tuolumne,109,53932,4050,4100,42,4142,63
2021-06-10,Ventura,111,848112,81585,81172,2972,84144,1026
2021-06-10,Yolo,113,214977,14105,14107,243,14350,212
2021-06-10,Yuba,115,75493,6131,6112,131,6243,50
2021-06-09,Alameda,001,1643700,88732,88762,1933,90695,1271
2021-06-09,Alpine,003,1148,87,88,0,88,0
2021-06-09,Amador,005,37829,3714,3706,32,3738,46
2021-06-09,Butte,007,227075,12688,12555,1823,14378,194
2021-06-09,Calaveras,009,45235,2184,2184,13,2197,55
2021-06-09,Colusa,011,21464,1958,1962,314,2276,15
2021-06-09,Contra Costa,013,1133247,70262,69829,1282,71111,803
2021-06-09,Del Norte,015,27424,1436,1403,13,1416,8
2021-06-09,El Dorado,017,186661,10376,10312,752,11064,113
2021-06-09,Fresno,019,978130,103069,102690,8632,111322,1717
2021-06-09,Glenn,021,27897,2441,2424,559,2983,19
2021-06-09,Humboldt,023,135768,4382,4379,38,4417,42
2021-06-09,Imperial,025,180216,28693,28754,2693,31447,739
2021-06-09,Inyo,027,18085,1407,1405,12,1417,35
2021-06-09,Kern,029,883053,97624,96697,10910,107607,1328
2021-06-09,Kings,031,150075,23205,23061,1071,24132,245
2021-06-09,Lake,033,64148,3557,3541,9,3550,45
2021-06-09,Lassen,035,31185,5245,5200,114,5314,18
2021-06-09,Los Angeles,037,10098052,1209435,1203955,41065,1245020,24432
2021-06-09,Madera,039,155013,16700,16580,930,17510,240
2021-06-09,Marin,041,260295,14153,14114,259,14373,229
2021-06-09,Mariposa,043,17540,436,434,11,445,5
2021-06-09,Mendocino,045,87422,4094,4008,82,4090,47
2021-06-09,Merced,047,269075,31127,31225,1035,32260,461
2021-06-09,Modoc,049,8938,393,377,139,516,3
2021-06-09,Mono,051,14174,1263,1274,16,1290,3
2021-06-09,Monterey,053,433212,43230,43082,1839,44921,415
2021-06-09,Napa,055,140530,9966,9971,36,10007,80
2021-06-09,Nevada,057,99092,4889,4863,192,5055,72
2021-06-09,Orange,059,3164182,255838,254893,11322,266215,5080
2021-06-09,Placer,061,380077,23558,23237,1514,24751,293
2021-06-09,Plumas,063,18699,712,697,11,708,4
2021-06-09,Riverside,065,2383286,294745,289299,13932,303231,4450
2021-06-09,Sacramento,067,1510023,107189,106971,1767,108738,1657
2021-06-09,San Benito,069,59416,6071,6078,113,6191,63
2021-06-09,San Bernardino,071,2135413,293881,293222,8941,302163,4782
2021-06-09,San Diego,073,3302833,281871,280941,15124,296065,3765
2021-06-09,San Francisco,075,870044,36893,37143,1273,38416,552
2021-06-09,San Joaquin,077,732212,73622,73232,3539,76771,1392
2021-06-09,San Luis Obispo,079,281455,21476,21259,740,21999,256
2021-06-09,San Mateo,081,765935,42493,42502,470,42972,666
2021-06-09,Santa Barbara,083,443738,34517,34422,1120,35542,460
2021-06-09,Santa Clara,085,1922200,119011,119793,756,120549,2068
2021-06-09,Santa Cruz,087,273765,16270,16155,797,16952,208
2021-06-09,Shasta,089,179085,12484,12521,1606,14127,201
2021-06-09,Sierra,091,2930,57,55,12,67,0
2021-06-09,Siskiyou,093,43540,1957,1871,363,2234,25
2021-06-09,Solano,095,438530,33148,33137,556,33693,264
2021-06-09,Sonoma,097,501317,30471,30540,348,30888,323
2021-06-09,Stanislaus,099,539301,56708,56560,5914,62474,974
2021-06-09,Sutter,101,95872,9539,9586,85,9671,111
2021-06-09,Tehama,103,63373,5130,5093,576,5669,63
2021-06-09,Trinity,105,12862,486,331,93,424,3
2021-06-09,Tulare,107,460477,50345,49496,8938,58434,847
2021-06-09,Tuolumne,109,53932,4047,4100,42,4142,63
2021-06-09,Ventura,111,848112,81575,81154,2971,84125,1026
2021-06-09,Yolo,113,214977,14103,14102,242,14344,212
2021-06-09,Yuba,115,75493,6127,6109,131,6240,50
2021-06-08,Alameda,001,1643700,88684,88731,1933,90664,1267
2021-06-08,Alpine,003,1148,87,88,0,88,0
2021-06-08,Amador,005,37829,3713,3704,32,3736,46
2021-06-08,Butte,007,227075,12682,12540,1821,14361,194
2021-06-08,Calaveras,009,45235,2183,2181,13,2194,55
2021-06-08,Colusa,011,21464,1958,1961,314,2275,15
2021-06-08,Contra Costa,013,1133247,70214,69762,1281,71043,803
2021-06-08,Del Norte,015,27424,1434,1402,13,1415,8
2021-06-08,El Dorado,017,186661,10371,10306,750,11056,113
2021-06-08,Fresno,019,978130,103044,102680,8630,111310,1717
2021-06-08,Glenn,021,27897,2440,2423,559,2982,19
2021-06-08,Humboldt,023,135768,4377,4363,38,4401,42
2021-06-08,Imperial,025,180216,28684,28752,2693,31445,738
2021-06-08,Inyo,027,18085,1407,1405,12,1417,35
2021-06-08,Kern,029,883053,97605,96671,10903,107574,1325
2021-06-08,Kings,031,150075,23204,23036,1071,24107,245
2021-06-08,Lake,033,64148,3556,3540,9,3549,45
2021-06-08,Lassen,035,31185,5245,5200,114,5314,18
2021-06-08,Los Angeles,037,10098052,1209237,1203794,41053,1244847,24426
2021-06-08,Madera,039,155013,16694,16579,929,17508,240
2021-06-08,Marin,041,260295,14151,14111,258,14369,229
2021-06-08,Mariposa,043,17540,436,434,11,445,5
2021-06-08,Mendocino,045,87422,4087,4002,82,4084,47
2021-06-08,Merced,047,269075,31119,31225,1035,32260,461
2021-06-08,Modoc,049,8938,387,377,138,515,3
2021-06-08,Mono,051,14174,1263,1274,16,1290,3
2021-06-08,Monterey,053,433212,43224,43078,1838,44916,415
2021-06-08,Napa,055,140530,9962,9962,36,9998,80
2021-06-08,Nevada,057,99092,4884,4861,192,5053,72
2021-06-08,Orange,059,3164182,255796,254852,11315,266167,5078
2021-06-08,Placer,061,380077,23540,23209,1510,24719,293
2021-06-08,Plumas,063,18699,712,692,11,703,4
2021-06-08,Riverside,065,2383286,294709,289268,13924,303192,4452
2021-06-08,Sacramento,067,1510023,107127,106901,1764,108665,1654
2021-06-08,San Benito,069,59416,6069,6076,113,6189,63
2021-06-08,San Bernardino,071,2135413,293832,293186,8937,302123,4778
2021-06-08,San Diego,073,3302833,281808,280879,15115,295994,3764
2021-06-08,San Francisco,075,870044,36878,37134,1272,38406,552
2021-06-08,San Joaquin,077,732212,73578,73186,3534,76720,1390
2021-06-08,San Luis Obispo,079,281455,21470,21251,739,21990,255
2021-06-08,San Mateo,081,765935,42480,42488,470,42958,663
2021-06-08,Santa Barbara,083,443738,34513,34418,1120,35538,459
2021-06-08,Santa Clara,085,1922200,118990,119770,755,120525,2068
2021-06-08,Santa Cruz,087,273765,16267,16160,797,16957,208
2021-06-08,Shasta,089,179085,12469,12498,1606,14104,201
2021-06-08,Sierra,091,2930,57,55,12,67,0
2021-06-08,Siskiyou,093,43540,1955,1870,361,2231,21
2021-06-08,Solano,095,438530,33127,33130,556,33686,259
2021-06-08,Sonoma,097,501317,30445,30523,346,30869,323
2021-06-08,Stanislaus,099,539301,56681,56548,5912,62460,973
2021-06-08,Sutter,101,95872,9536,9581,85,9666,111
2021-06-08,Tehama,103,63373,5127,5093,576,5669,63
2021-06-08,Trinity,105,12862,486,330,92,422,3
2021-06-08,Tulare,107,460477,50333,49485,8934,58419,847
2021-06-08,Tuolumne,109,53932,4043,4099,42,4141,63
2021-06-08,Ventura,111,848112,81559,81142,2970,84112,1026
2021-06-08,Yolo,113,214977,14098,14099,241,14340,212
2021-06-08,Yuba,115,75493,6125,6103,131,6234,50
2021-06-07,Alameda,001,1643700,88627,88688,1933,90621,1267
2021-06-07,Alpine,003,1148,87,88,0,88,0
2021-06-07,Amador,005,37829,3703,3697,32,3729,46
2021-06-07,Butte,007,227075,12675,12533,1820,14353,194
2021-06-07,Calaveras,009,45235,2182,2181,13,2194,55
2021-06-07,Colusa,011,21464,1957,1960,314,2274,15
2021-06-07,Contra Costa,013,1133247,70157,69718,1280,70998,817
2021-06-07,Del Norte,015,27424,1434,1401,13,1414,8
2021-06-07,El Dorado,017,186661,10366,10305,750,11055,113
2021-06-07,Fresno,019,978130,103013,102659,8622,111281,1717
2021-06-07,Glenn,021,27897,2440,2423,559,2982,19
2021-06-07,Humboldt,023,135768,4369,4354,38,4392,42
2021-06-07,Imperial,025,180216,28682,28754,2693,31447,738
2021-06-07,Inyo,027,18085,1407,1404,12,1416,35
2021-06-07,Kern,029,883053,97589,96645,10896,107541,1324
2021-06-07,Kings,031,150075,23200,23023,1071,24094,244
2021-06-07,Lake,033,64148,3554,3540,9,3549,45
2021-06-07,Lassen,035,31185,5240,5198,114,5312,18
2021-06-07,Los Angeles,037,10098052,1209012,1203664,41039,1244703,24413
2021-06-07,Madera,039,155013,16687,16572,929,17501,240
2021-06-07,Marin,041,260295,14147,14108,257,14365,229
2021-06-07,Mariposa,043,17540,436,434,11,445,5
2021-06-07,Mendocino,045,87422,4081,3998,82,4080,47
2021-06-07,Merced,047,269075,31107,31212,1034,32246,459
2021-06-07,Modoc,049,8938,386,375,135,510,3
2021-06-07,Mono,051,14174,1263,1275,16,1291,3
2021-06-07,Monterey,053,433212,43217,43077,1838,44915,415
2021-06-07,Napa,055,140530,9954,9962,36,9998,80
2021-06-07,Nevada,057,99092,4882,4860,192,5052,72
2021-06-07,Orange,059,3164182,255756,254808,11307,266115,5073
2021-06-07,Placer,061,380077,23521,23176,1508,24684,293
2021-06-07,Plumas,063,18699,712,692,11,703,4
2021-06-07,Riverside,065,2383286,294666,289232,13920,303152,4451
2021-06-07,Sacramento,067,1510023,107051,106841,1761,108602,1655
2021-06-07,San Benito,069,59416,6068,6074,113,6187,63
2021-06-07,San Bernardino,071,2135413,293794,293129,8936,302065,4775
2021-06-07,San Diego,073,3302833,281726,280808,15102,295910,3764
2021-06-07,San Francisco,075,870044,36862,37122,1272,38394,552
2021-06-07,San Joaquin,077,732212,73533,73130,3527,76657,1388
2021-06-07,San Luis Obispo,079,281455,21457,21252,739,21991,255
2021-06-07,San Mateo,081,765935,42464,42479,470,42949,664
2021-06-07,Santa Barbara,083,443738,34507,34407,1120,35527,459
2021-06-07,Santa Clara,085,1922200,118958,119743,755,120498,2066
2021-06-07,Santa Cruz,087,273765,16266,16159,797,16956,208
2021-06-07,Shasta,089,179085,12455,12483,1601,14084,200
2021-06-07,Sierra,091,2930,57,55,12,67,0
2021-06-07,Siskiyou,093,43540,1955,1869,361,2230,21
2021-06-07,Solano,095,438530,33105,33124,555,33679,258
2021-06-07,Sonoma,097,501317,30409,30504,345,30849,323
2021-06-07,Stanislaus,099,539301,56648,56521,5910,62431,972
2021-06-07,Sutter,101,95872,9532,9571,85,9656,111
2021-06-07,Tehama,103,63373,5123,5092,574,5666,63
2021-06-07,Trinity,105,12862,486,329,92,421,3
2021-06-07,Tulare,107,460477,50327,49471,8934,58405,847
2021-06-07,Tuolumne,109,53932,4042,4098,42,4140,63
2021-06-07,Ventura,111,848112,81542,81137,2968,84105,1025
2021-06-07,Yolo,113,214977,14093,14097,240,14337,211
2021-06-07,Yuba,115,75493,6123,6099,128,6227,49
2021-06-06,Alameda,001,1643700,88589,88636,1932,90568,1267
2021-06-06,Alpine,003,1148,87,88,0,88,0
2021-06-06,Amador,005,37829,3700,3696,32,3728,46
2021-06-06,Butte,007,227075,12664,12527,1819,14346,194
2021-06-06,Calaveras,009,45235,2181,2181,13,2194,55
2021-06-06,Colusa,011,21464,1955,1959,314,2273,15
2021-06-06,Contra Costa,013,1133247,70092,69659,1278,70937,817
2021-06-06,Del Norte,015,27424,1429,1401,13,1414,8
2021-06-06,El Dorado,017,186661,10359,10294,750,11044,113
2021-06-06,Fresno,019,978130,102980,102642,8619,111261,1717
2021-06-06,Glenn,021,27897,2439,2423,559,2982,19
2021-06-06,Humboldt,023,135768,4358,4353,38,4391,42
2021-06-06,Imperial,025,180216,28676,28762,2693,31455,738
2021-06-06,Inyo,027,18085,1406,1404,12,1416,35
2021-06-06,Kern,029,883053,97571,96623,10889,107512,1324
2021-06-06,Kings,031,150075,23194,23021,1071,24092,244
2021-06-06,Lake,033,64148,3554,3535,9,3544,45
2021-06-06,Lassen,035,31185,5238,5191,114,5305,18
2021-06-06,Los Angeles,037,10098052,1208813,1203539,41025,1244564,24410
2021-06-06,Madera,039,155013,16680,16567,929,17496,240
2021-06-06,Marin,041,260295,14141,14106,256,14362,229
2021-06-06,Mariposa,043,17540,435,435,11,446,5
2021-06-06,Mendocino,045,87422,4077,3993,82,4075,47
2021-06-06,Merced,047,269075,31101,31215,1033,32248,459
2021-06-06,Modoc,049,8938,386,375,134,509,3
2021-06-06,Mono,051,14174,1263,1275,16,1291,3
2021-06-06,Monterey,053,433212,43212,43078,1838,44916,415
2021-06-06,Napa,055,140530,9948,9963,36,9999,80
2021-06-06,Nevada,057,99092,4875,4854,191,5045,72
2021-06-06,Orange,059,3164182,255720,254782,11302,266084,5073
2021-06-06,Placer,061,380077,23496,23156,1505,24661,293
2021-06-06,Plumas,063,18699,712,692,11,703,4
2021-06-06,Riverside,065,2383286,294627,289201,13914,303115,4451
2021-06-06,Sacramento,067,1510023,106965,106749,1760,108509,1655
2021-06-06,San Benito,069,59416,6062,6074,113,6187,63
2021-06-06,San Bernardino,071,2135413,293738,293117,8927,302044,4773
2021-06-06,San Diego,073,3302833,281646,280743,15085,295828,3764
2021-06-06,San Francisco,075,870044,36849,37118,1270,38388,552
2021-06-06,San Joaquin,077,732212,73501,73105,3523,76628,1388
2021-06-06,San Luis Obispo,079,281455,21454,21246,739,21985,255
2021-06-06,San Mateo,081,765935,42447,42457,470,42927,664
2021-06-06,Santa Barbara,083,443738,34503,34403,1119,35522,459
2021-06-06,Santa Clara,085,1922200,118936,119711,755,120466,2066
2021-06-06,Santa Cruz,087,273765,16265,16158,797,16955,208
2021-06-06,Shasta,089,179085,12440,12478,1598,14076,200
2021-06-06,Sierra,091,2930,57,55,12,67,0
2021-06-06,Siskiyou,093,43540,1952,1869,361,2230,21
2021-06-06,Solano,095,438530,33078,33093,555,33648,258
2021-06-06,Sonoma,097,501317,30378,30478,344,30822,323
2021-06-06,Stanislaus,099,539301,56612,56486,5906,62392,972
2021-06-06,Sutter,101,95872,9525,9567,85,9652,111
2021-06-06,Tehama,103,63373,5113,5092,572,5664,63
2021-06-06,Trinity,105,12862,486,328,92,420,3
2021-06-06,Tulare,107,460477,50319,49466,8929,58395,847
2021-06-06,Tuolumne,109,53932,4039,4097,42,4139,63
2021-06-06,Ventura,111,848112,81531,81130,2965,84095,1025
2021-06-06,Yolo,113,214977,14085,14089,239,14328,210
2021-06-06,Yuba,115,75493,6115,6096,128,6224,49
2021-06-05,Alameda,001,1643700,88556,88612,1932,90544,1268
2021-06-05,Alpine,003,1148,87,88,0,88,0
2021-06-05,Amador,005,37829,3700,3694,32,3726,46
2021-06-05,Butte,007,227075,12658,12514,1818,14332,194
2021-06-05,Calaveras,009,45235,2181,2181,13,2194,55
2021-06-05,Colusa,011,21464,1955,1959,314,2273,15
2021-06-05,Contra Costa,013,1133247,70063,69601,1278,70879,817
2021-06-05,Del Norte,015,27424,1429,1400,13,1413,8
2021-06-05,El Dorado,017,186661,10357,10288,749,11037,113
2021-06-05,Fresno,019,978130,102971,102626,8619,111245,1717
2021-06-05,Glenn,021,27897,2438,2423,559,2982,19
2021-06-05,Humboldt,023,135768,4353,4346,38,4384,42
2021-06-05,Imperial,025,180216,28673,28764,2693,31457,738
2021-06-05,Inyo,027,18085,1406,1405,12,1417,35
2021-06-05,Kern,029,883053,97558,96597,10885,107482,1324
2021-06-05,Kings,031,150075,23191,23017,1071,24088,244
2021-06-05,Lake,033,64148,3551,3534,9,3543,45
2021-06-05,Lassen,035,31185,5237,5191,114,5305,18
2021-06-05,Los Angeles,037,10098052,1208684,1203338,41014,1244352,24411
2021-06-05,Madera,039,155013,16676,16563,929,17492,240
2021-06-05,Marin,041,260295,14139,14101,256,14357,229
2021-06-05,Mariposa,043,17540,435,435,11,446,5
2021-06-05,Mendocino,045,87422,4074,3989,82,4071,47
2021-06-05,Merced,047,269075,31099,31212,1032,32244,459
2021-06-05,Modoc,049,8938,386,375,133,508,3
2021-06-05,Mono,051,14174,1263,1274,16,1290,3
2021-06-05,Monterey,053,433212,43208,43071,1837,44908,415
2021-06-05,Napa,055,140530,9943,9960,36,9996,80
2021-06-05,Nevada,057,99092,4873,4849,191,5040,72
2021-06-05,Orange,059,3164182,255696,254752,11299,266051,5069
2021-06-05,Placer,061,380077,23480,23133,1505,24638,293
2021-06-05,Plumas,063,18699,712,692,11,703,4
2021-06-05,Riverside,065,2383286,294592,289157,13910,303067,4451
2021-06-05,Sacramento,067,1510023,106913,106688,1758,108446,1655
2021-06-05,San Benito,069,59416,6060,6074,113,6187,63
2021-06-05,San Bernardino,071,2135413,293705,293081,8926,302007,4772
2021-06-05,San Diego,073,3302833,281605,280676,15072,295748,3764
2021-06-05,San Francisco,075,870044,36840,37111,1270,38381,552
2021-06-05,San Joaquin,077,732212,73485,73078,3517,76595,1388
2021-06-05,San Luis Obispo,079,281455,21451,21236,739,21975,255
2021-06-05,San Mateo,081,765935,42437,42433,470,42903,664
2021-06-05,Santa Barbara,083,443738,34500,34399,1118,35517,459
2021-06-05,Santa Clara,085,1922200,118914,119676,753,120429,2066
2021-06-05,Santa Cruz,087,273765,16265,16154,797,16951,208
2021-06-05,Shasta,089,179085,12430,12472,1597,14069,200
2021-06-05,Sierra,091,2930,57,55,12,67,0
2021-06-05,Siskiyou,093,43540,1952,1867,361,2228,21
2021-06-05,Solano,095,438530,33063,33074,555,33629,257
2021-06-05,Sonoma,097,501317,30351,30450,342,30792,323
2021-06-05,Stanislaus,099,539301,56604,56463,5904,62367,973
2021-06-05,Sutter,101,95872,9522,9559,85,9644,111
2021-06-05,Tehama,103,63373,5112,5092,571,5663,63
2021-06-05,Trinity,105,12862,486,328,92,420,3
2021-06-05,Tulare,107,460477,50313,49463,8929,58392,847
2021-06-05,Tuolumne,109,53932,4037,4098,42,4140,63
2021-06-05,Ventura,111,848112,81522,81119,2963,84082,1025
2021-06-05,Yolo,113,214977,14083,14088,239,14327,210
2021-06-05,Yuba,115,75493,6114,6087,128,6215,49
2021-06-04,Alameda,001,1643700,88529,88585,1929,90514,1263
2021-06-04,Alpine,003,1148,87,88,0,88,0
2021-06-04,Amador,005,37829,3700,3690,32,3722,46
2021-06-04,Butte,007,227075,12647,12494,1815,14309,193
2021-06-04,Calaveras,009,45235,2181,2179,13,2192,55
2021-06-04,Colusa,011,21464,1955,1959,314,2273,15
2021-06-04,Contra Costa,013,1133247,70028,69540,1275,70815,816
2021-06-04,Del Norte,015,27424,1429,1398,13,1411,8
2021-06-04,El Dorado,017,186661,10353,10284,747,11031,112
2021-06-04,Fresno,019,978130,102955,102601,8619,111220,1712
2021-06-04,Glenn,021,27897,2438,2423,558,2981,19
2021-06-04,Humboldt,023,135768,4348,4327,38,4365,42
2021-06-04,Imperial,025,180216,28669,28753,2693,31446,738
2021-06-04,Inyo,027,18085,1406,1404,12,1416,35
2021-06-04,Kern,029,883053,97540,96573,10883,107456,1327
2021-06-04,Kings,031,150075,23190,23002,1071,24073,244
2021-06-04,Lake,033,64148,3549,3528,9,3537,45
2021-06-04,Lassen,035,31185,5237,5180,114,5294,18
2021-06-04,Los Angeles,037,10098052,1208563,1203106,41005,1244111,24400
2021-06-04,Madera,039,155013,16674,16557,929,17486,240
2021-06-04,Marin,041,260295,14138,14099,255,14354,229
2021-06-04,Mariposa,043,17540,435,435,11,446,5
2021-06-04,Mendocino,045,87422,4065,3983,82,4065,47
2021-06-04,Merced,047,269075,31094,31204,1031,32235,459
2021-06-04,Modoc,049,8938,384,375,133,508,3
2021-06-04,Mono,051,14174,1263,1275,16,1291,3
2021-06-04,Monterey,053,433212,43204,43068,1837,44905,415
2021-06-04,Napa,055,140530,9939,9958,36,9994,80
2021-06-04,Nevada,057,99092,4869,4844,191,5035,72
2021-06-04,Orange,059,3164182,255659,254730,11295,266025,5059
2021-06-04,Placer,061,380077,23464,23110,1504,24614,293
2021-06-04,Plumas,063,18699,712,691,11,702,4
2021-06-04,Riverside,065,2383286,294566,289098,13906,303004,4452
2021-06-04,Sacramento,067,1510023,106859,106616,1757,108373,1654
2021-06-04,San Benito,069,59416,6058,6073,113,6186,63
2021-06-04,San Bernardino,071,2135413,293681,293056,8924,301980,4768
2021-06-04,San Diego,073,3302833,281562,280556,15065,295621,3763
2021-06-04,San Francisco,075,870044,36835,37079,1269,38348,551
2021-06-04,San Joaquin,077,732212,73466,73039,3515,76554,1388
2021-06-04,San Luis Obispo,079,281455,21448,21234,738,21972,255
2021-06-04,San Mateo,081,765935,42425,42413,470,42883,478
2021-06-04,Santa Barbara,083,443738,34494,34402,1117,35519,459
2021-06-04,Santa Clara,085,1922200,118884,119619,753,120372,2065
2021-06-04,Santa Cruz,087,273765,16262,16150,797,16947,207
2021-06-04,Shasta,089,179085,12424,12458,1592,14050,200
2021-06-04,Sierra,091,2930,57,55,12,67,0
2021-06-04,Siskiyou,093,43540,1951,1865,361,2226,21
2021-06-04,Solano,095,438530,33052,33058,555,33613,256
2021-06-04,Sonoma,097,501317,30330,30411,342,30753,323
2021-06-04,Stanislaus,099,539301,56589,56442,5902,62344,973
2021-06-04,Sutter,101,95872,9517,9554,85,9639,111
2021-06-04,Tehama,103,63373,5107,5090,571,5661,63
2021-06-04,Trinity,105,12862,486,328,92,420,3
2021-06-04,Tulare,107,460477,50304,49452,8927,58379,847
2021-06-04,Tuolumne,109,53932,4036,4095,42,4137,63
2021-06-04,Ventura,111,848112,81515,81104,2961,84065,1023
2021-06-04,Yolo,113,214977,14081,14083,239,14322,210
2021-06-04,Yuba,115,75493,6111,6084,128,6212,49
2021-06-03,Alameda,001,1643700,88491,88555,1926,90481,1257
2021-06-03,Alpine,003,1148,87,88,0,88,0
2021-06-03,Amador,005,37829,3692,3688,32,3720,46
2021-06-03,Butte,007,227075,12643,12478,1814,14292,193
2021-06-03,Calaveras,009,45235,2181,2179,13,2192,55
2021-06-03,Colusa,011,21464,1955,1957,314,2271,15
2021-06-03,Contra Costa,013,1133247,69974,69500,1270,70770,816
2021-06-03,Del Norte,015,27424,1427,1397,13,1410,8
2021-06-03,El Dorado,017,186661,10347,10284,744,11028,112
2021-06-03,Fresno,019,978130,102938,102566,8619,111185,1709
2021-06-03,Glenn,021,27897,2438,2421,558,2979,19
2021-06-03,Humboldt,023,135768,4340,4314,38,4352,42
2021-06-03,Imperial,025,180216,28658,28737,2693,31430,738
2021-06-03,Inyo,027,18085,1406,1404,12,1416,35
2021-06-03,Kern,029,883053,97513,96507,10869,107376,1326
2021-06-03,Kings,031,150075,23186,22982,1071,24053,244
2021-06-03,Lake,033,64148,3547,3526,9,3535,45
2021-06-03,Lassen,035,31185,5228,5177,114,5291,12
2021-06-03,Los Angeles,037,10098052,1208392,1202923,40997,1243920,24386
2021-06-03,Madera,039,155013,16667,16554,929,17483,240
2021-06-03,Marin,041,260295,14133,14095,255,14350,230
2021-06-03,Mariposa,043,17540,435,435,11,446,5
2021-06-03,Mendocino,045,87422,4058,3978,82,4060,47
2021-06-03,Merced,047,269075,31091,31199,1031,32230,459
2021-06-03,Modoc,049,8938,383,376,132,508,3
2021-06-03,Mono,051,14174,1263,1275,16,1291,3
2021-06-03,Monterey,053,433212,43201,43063,1837,44900,415
2021-06-03,Napa,055,140530,9932,9957,36,9993,81
2021-06-03,Nevada,057,99092,4865,4837,191,5028,72
2021-06-03,Orange,059,3164182,255631,254676,11285,265961,5056
2021-06-03,Placer,061,380077,23455,23100,1503,24603,293
2021-06-03,Plumas,063,18699,712,691,11,702,4
2021-06-03,Riverside,065,2383286,294511,289035,13902,302937,4447
2021-06-03,Sacramento,067,1510023,106780,106526,1755,108281,1654
2021-06-03,San Benito,069,59416,6058,6073,113,6186,63
2021-06-03,San Bernardino,071,2135413,293650,293021,8924,301945,4762
2021-06-03,San Diego,073,3302833,281498,280430,15055,295485,3761
2021-06-03,San Francisco,075,870044,36829,37072,1269,38341,551
2021-06-03,San Joaquin,077,732212,73438,72989,3511,76500,1388
2021-06-03,San Luis Obispo,079,281455,21443,21224,738,21962,255
2021-06-03,San Mateo,081,765935,42412,42396,470,42866,467
2021-06-03,Santa Barbara,083,443738,34491,34391,1117,35508,459
2021-06-03,Santa Clara,085,1922200,118862,119592,751,120343,2058
2021-06-03,Santa Cruz,087,273765,16260,16144,797,16941,207
2021-06-03,Shasta,089,179085,12409,12441,1589,14030,199
2021-06-03,Sierra,091,2930,57,55,12,67,0
2021-06-03,Siskiyou,093,43540,1951,1862,360,2222,21
2021-06-03,Solano,095,438530,33038,33019,555,33574,256
2021-06-03,Sonoma,097,501317,30308,30383,341,30724,322
2021-06-03,Stanislaus,099,539301,56570,56401,5896,62297,973
2021-06-03,Sutter,101,95872,9508,9539,85,9624,111
2021-06-03,Tehama,103,63373,5107,5087,571,5658,63
2021-06-03,Trinity,105,12862,486,328,92,420,3
2021-06-03,Tulare,107,460477,50301,49442,8923,58365,848
2021-06-03,Tuolumne,109,53932,4034,4095,42,4137,63
2021-06-03,Ventura,111,848112,81503,81078,2959,84037,1023
2021-06-03,Yolo,113,214977,14077,14078,237,14315,210
2021-06-03,Yuba,115,75493,6104,6077,128,6205,49
2021-06-02,Alameda,001,1643700,88446,88525,1924,90449,1254
2021-06-02,Alpine,003,1148,87,88,0,88,0
2021-06-02,Amador,005,37829,3690,3687,32,3719,46
2021-06-02,Butte,007,227075,12623,12432,1811,14243,193
2021-06-02,Calaveras,009,45235,2178,2174,13,2187,55
2021-06-02,Colusa,011,21464,1954,1957,314,2271,15
2021-06-02,Contra Costa,013,1133247,69923,69455,1268,70723,814
2021-06-02,Del Norte,015,27424,1425,1395,13,1408,8
2021-06-02,El Dorado,017,186661,10343,10275,744,11019,110
2021-06-02,Fresno,019,978130,102914,102547,8616,111163,1707
2021-06-02,Glenn,021,27897,2438,2421,558,2979,19
2021-06-02,Humboldt,023,135768,4325,4302,38,4340,42
2021-06-02,Imperial,025,180216,28652,28737,2692,31429,738
2021-06-02,Inyo,027,18085,1405,1403,12,1415,35
2021-06-02,Kern,029,883053,97486,96481,10862,107343,1326
2021-06-02,Kings,031,150075,23184,22981,1070,24051,244
2021-06-02,Lake,033,64148,3542,3522,9,3531,45
2021-06-02,Lassen,035,31185,5227,5177,114,5291,6
2021-06-02,Los Angeles,037,10098052,1208187,1202760,40988,1243748,24375
2021-06-02,Madera,039,155013,16659,16550,929,17479,240
2021-06-02,Marin,041,260295,14131,14091,254,14345,229
2021-06-02,Mariposa,043,17540,435,434,11,445,5
2021-06-02,Mendocino,045,87422,4052,3970,82,4052,47
2021-06-02,Merced,047,269075,31078,31195,1030,32225,458
2021-06-02,Modoc,049,8938,382,375,131,506,3
2021-06-02,Mono,051,14174,1263,1275,16,1291,3
2021-06-02,Monterey,053,433212,43199,43056,1837,44893,380
2021-06-02,Napa,055,140530,9931,9953,36,9989,82
2021-06-02,Nevada,057,99092,4862,4833,191,5024,72
2021-06-02,Orange,059,3164182,255582,254637,11278,265915,5055
2021-06-02,Placer,061,380077,23434,23058,1501,24559,293
2021-06-02,Plumas,063,18699,712,690,11,701,4
2021-06-02,Riverside,065,2383286,294453,289012,13892,302904,4445
2021-06-02,Sacramento,067,1510023,106715,106435,1749,108184,1649
2021-06-02,San Benito,069,59416,6057,6073,113,6186,63
2021-06-02,San Bernardino,071,2135413,293602,293004,8919,301923,4760
2021-06-02,San Diego,073,3302833,281418,280347,15034,295381,3760
2021-06-02,San Francisco,075,870044,36809,37050,1268,38318,550
2021-06-02,San Joaquin,077,732212,73407,72893,3508,76401,1387
2021-06-02,San Luis Obispo,079,281455,21436,21214,737,21951,255
2021-06-02,San Mateo,081,765935,42402,42383,469,42852,464
2021-06-02,Santa Barbara,083,443738,34484,34381,1117,35498,456
2021-06-02,Santa Clara,085,1922200,118834,119553,750,120303,2058
2021-06-02,Santa Cruz,087,273765,16257,16144,797,16941,207
2021-06-02,Shasta,089,179085,12391,12426,1584,14010,199
2021-06-02,Sierra,091,2930,57,55,12,67,0
2021-06-02,Siskiyou,093,43540,1951,1861,358,2219,21
2021-06-02,Solano,095,438530,33026,33007,554,33561,256
2021-06-02,Sonoma,097,501317,30289,30359,336,30695,322
2021-06-02,Stanislaus,099,539301,56551,56377,5891,62268,973
2021-06-02,Sutter,101,95872,9505,9533,85,9618,111
2021-06-02,Tehama,103,63373,5104,5081,571,5652,63
2021-06-02,Trinity,105,12862,484,328,92,420,3
2021-06-02,Tulare,107,460477,50293,49434,8919,58353,846
2021-06-02,Tuolumne,109,53932,4033,4095,42,4137,63
2021-06-02,Ventura,111,848112,81478,81033,2959,83992,1020
2021-06-02,Yolo,113,214977,14074,14074,236,14310,210
2021-06-02,Yuba,115,75493,6098,6072,128,6200,48
2021-06-01,Alameda,001,1643700,88411,88472,1922,90394,1253
2021-06-01,Alpine,003,1148,87,88,0,88,0
2021-06-01,Amador,005,37829,3688,3687,32,3719,46
2021-06-01,Butte,007,227075,12609,12427,1810,14237,193
2021-06-01,Calaveras,009,45235,2176,2173,13,2186,55
2021-06-01,Colusa,011,21464,1953,1955,313,2268,15
2021-06-01,Contra Costa,013,1133247,69865,69404,1268,70672,813
2021-06-01,Del Norte,015,27424,1424,1394,13,1407,8
2021-06-01,El Dorado,017,186661,10337,10271,744,11015,110
2021-06-01,Fresno,019,978130,102890,102534,8613,111147,1706
2021-06-01,Glenn,021,27897,2438,2422,558,2980,18
2021-06-01,Humboldt,023,135768,4315,4299,38,4337,42
2021-06-01,Imperial,025,180216,28648,28722,2690,31412,736
2021-06-01,Inyo,027,18085,1405,1403,12,1415,35
2021-06-01,Kern,029,883053,97459,96477,10854,107331,1319
2021-06-01,Kings,031,150075,23180,22977,1070,24047,244
2021-06-01,Lake,033,64148,3541,3523,9,3532,45
2021-06-01,Lassen,035,31185,5220,5172,114,5286,6
2021-06-01,Los Angeles,037,10098052,1207950,1202673,40974,1243647,24367
2021-06-01,Madera,039,155013,16650,16549,928,17477,240
2021-06-01,Marin,041,260295,14129,14081,254,14335,229
2021-06-01,Mariposa,043,17540,435,431,11,442,5
2021-06-01,Mendocino,045,87422,4045,3966,82,4048,47
2021-06-01,Merced,047,269075,31068,31195,1030,32225,456
2021-06-01,Modoc,049,8938,380,375,131,506,3
2021-06-01,Mono,051,14174,1263,1275,16,1291,3
2021-06-01,Monterey,053,433212,43193,43051,1837,44888,379
2021-06-01,Napa,055,140530,9929,9949,36,9985,82
2021-06-01,Nevada,057,99092,4857,4825,191,5016,72
2021-06-01,Orange,059,3164182,255546,254603,11270,265873,5051
2021-06-01,Placer,061,380077,23404,23021,1499,24520,293
2021-06-01,Plumas,063,18699,711,690,11,701,4
2021-06-01,Riverside,065,2383286,294400,288996,13886,302882,4442
2021-06-01,Sacramento,067,1510023,106643,106330,1747,108077,1644
2021-06-01,San Benito,069,59416,6056,6073,112,6185,63
2021-06-01,San Bernardino,071,2135413,293577,292990,8918,301908,4758
2021-06-01,San Diego,073,3302833,281314,280305,15017,295322,3756
2021-06-01,San Francisco,075,870044,36793,37031,1268,38299,550
2021-06-01,San Joaquin,077,732212,73375,72858,3507,76365,1383
2021-06-01,San Luis Obispo,079,281455,21431,21217,737,21954,256
2021-06-01,San Mateo,081,765935,42386,42383,468,42851,462
2021-06-01,Santa Barbara,083,443738,34480,34374,1117,35491,456
2021-06-01,Santa Clara,085,1922200,118806,119528,750,120278,2057
2021-06-01,Santa Cruz,087,273765,16253,16143,796,16939,207
2021-06-01,Shasta,089,179085,12382,12409,1579,13988,199
2021-06-01,Sierra,091,2930,57,55,12,67,0
2021-06-01,Siskiyou,093,43540,1944,1860,357,2217,21
2021-06-01,Solano,095,438530,33001,32974,553,33527,256
2021-06-01,Sonoma,097,501317,30250,30324,335,30659,322
2021-06-01,Stanislaus,099,539301,56535,56348,5889,62237,973
2021-06-01,Sutter,101,95872,9498,9528,85,9613,111
2021-06-01,Tehama,103,63373,5102,5079,571,5650,63
2021-06-01,Trinity,105,12862,483,328,91,419,3
2021-06-01,Tulare,107,460477,50285,49419,8915,58334,845
2021-06-01,Tuolumne,109,53932,4033,4094,42,4136,63
2021-06-01,Ventura,111,848112,81462,81018,2958,83976,1021
2021-06-01,Yolo,113,214977,14068,14067,236,14303,210
2021-06-01,Yuba,115,75493,6094,6067,128,6195,48
2021-05-31,Alameda,001,1643700,88375,88458,1918,90376,1253
2021-05-31,Alpine,003,1148,87,88,0,88,0
2021-05-31,Amador,005,37829,3682,3687,32,3719,46
2021-05-31,Butte,007,227075,12596,12429,1810,14239,193
2021-05-31,Calaveras,009,45235,2175,2171,13,2184,55
2021-05-31,Colusa,011,21464,1953,1956,312,2268,15
2021-05-31,Contra Costa,013,1133247,69828,69390,1267,70657,813
2021-05-31,Del Norte,015,27424,1421,1394,13,1407,8
2021-05-31,El Dorado,017,186661,10331,10271,742,11013,110
2021-05-31,Fresno,019,978130,102853,102507,8613,111120,1706
2021-05-31,Glenn,021,27897,2437,2422,557,2979,18
2021-05-31,Humboldt,023,135768,4303,4295,38,4333,42
2021-05-31,Imperial,025,180216,28642,28732,2687,31419,736
2021-05-31,Inyo,027,18085,1404,1403,12,1415,35
2021-05-31,Kern,029,883053,97423,96457,10845,107302,1319
2021-05-31,Kings,031,150075,23176,22977,1070,24047,244
2021-05-31,Lake,033,64148,3536,3523,9,3532,45
2021-05-31,Lassen,035,31185,5218,5172,113,5285,6
2021-05-31,Los Angeles,037,10098052,1207707,1202567,40965,1243532,24364
2021-05-31,Madera,039,155013,16649,16543,927,17470,240
2021-05-31,Marin,041,260295,14127,14080,254,14334,229
2021-05-31,Mariposa,043,17540,435,430,11,441,5
2021-05-31,Mendocino,045,87422,4035,3961,82,4043,47
2021-05-31,Merced,047,269075,31063,31194,1030,32224,456
2021-05-31,Modoc,049,8938,379,374,131,505,3
2021-05-31,Mono,051,14174,1263,1275,16,1291,3
2021-05-31,Monterey,053,433212,43189,43051,1837,44888,379
2021-05-31,Napa,055,140530,9922,9948,36,9984,82
2021-05-31,Nevada,057,99092,4847,4823,190,5013,72
2021-05-31,Orange,059,3164182,255518,254572,11262,265834,5051
2021-05-31,Placer,061,380077,23377,23019,1495,24514,293
2021-05-31,Plumas,063,18699,710,690,11,701,4
2021-05-31,Riverside,065,2383286,294343,288970,13874,302844,4442
2021-05-31,Sacramento,067,1510023,106546,106278,1742,108020,1644
2021-05-31,San Benito,069,59416,6056,6072,112,6184,63
2021-05-31,San Bernardino,071,2135413,293529,292973,8917,301890,4758
2021-05-31,San Diego,073,3302833,281210,280254,15005,295259,3756
2021-05-31,San Francisco,075,870044,36778,37022,1267,38289,550
2021-05-31,San Joaquin,077,732212,73326,72856,3501,76357,1383
2021-05-31,San Luis Obispo,079,281455,21423,21215,737,21952,256
2021-05-31,San Mateo,081,765935,42370,42389,468,42857,442
2021-05-31,Santa Barbara,083,443738,34467,34369,1115,35484,456
2021-05-31,Santa Clara,085,1922200,118762,119515,750,120265,2057
2021-05-31,Santa Cruz,087,273765,16250,16139,796,16935,207
2021-05-31,Shasta,089,179085,12366,12408,1576,13984,199
2021-05-31,Sierra,091,2930,57,55,12,67,0
2021-05-31,Siskiyou,093,43540,1943,1856,356,2212,21
2021-05-31,Solano,095,438530,32951,32973,553,33526,256
2021-05-31,Sonoma,097,501317,30207,30314,335,30649,322
2021-05-31,Stanislaus,099,539301,56494,56335,5886,62221,973
2021-05-31,Sutter,101,95872,9479,9523,85,9608,111
2021-05-31,Tehama,103,63373,5099,5076,570,5646,63
2021-05-31,Trinity,105,12862,483,328,91,419,3
2021-05-31,Tulare,107,460477,50274,49404,8910,58314,845
2021-05-31,Tuolumne,109,53932,4031,4095,42,4137,63
2021-05-31,Ventura,111,848112,81447,81017,2955,83972,1021
2021-05-31,Yolo,113,214977,14064,14064,236,14300,210
2021-05-31,Yuba,115,75493,6088,6063,125,6188,48
2021-05-30,Alameda,001,1643700,88352,88429,1918,90347,1253
2021-05-30,Alpine,003,1148,87,88,0,88,0
2021-05-30,Amador,005,37829,3678,3685,32,3717,46
2021-05-30,Butte,007,227075,12586,12427,1808,14235,190
2021-05-30,Calaveras,009,45235,2171,2166,13,2179,55
2021-05-30,Colusa,011,21464,1953,1954,312,2266,15
2021-05-30,Contra Costa,013,1133247,69794,69381,1265,70646,813
2021-05-30,Del Norte,015,27424,1420,1393,13,1406,8
2021-05-30,El Dorado,017,186661,10328,10271,742,11013,110
2021-05-30,Fresno,019,978130,102836,102499,8609,111108,1706
2021-05-30,Glenn,021,27897,2437,2422,556,2978,18
2021-05-30,Humboldt,023,135768,4295,4291,38,4329,42
2021-05-30,Imperial,025,180216,28638,28732,2686,31418,736
2021-05-30,Inyo,027,18085,1404,1403,12,1415,35
2021-05-30,Kern,029,883053,97407,96443,10842,107285,1319
2021-05-30,Kings,031,150075,23175,22974,1070,24044,244
2021-05-30,Lake,033,64148,3536,3517,9,3526,45
2021-05-30,Lassen,035,31185,5216,5171,113,5284,6
2021-05-30,Los Angeles,037,10098052,1207592,1202425,40958,1243383,24360
2021-05-30,Madera,039,155013,16645,16538,927,17465,240
2021-05-30,Marin,041,260295,14123,14083,253,14336,229
2021-05-30,Mariposa,043,17540,435,430,11,441,5
2021-05-30,Mendocino,045,87422,4028,3955,82,4037,47
2021-05-30,Merced,047,269075,31059,31189,1029,32218,456
2021-05-30,Modoc,049,8938,379,374,131,505,3
2021-05-30,Mono,051,14174,1263,1275,16,1291,3
2021-05-30,Monterey,053,433212,43186,43049,1837,44886,379
2021-05-30,Napa,055,140530,9921,9948,36,9984,82
2021-05-30,Nevada,057,99092,4841,4818,190,5008,72
2021-05-30,Orange,059,3164182,255495,254559,11261,265820,5051
2021-05-30,Placer,061,380077,23371,23016,1495,24511,293
2021-05-30,Plumas,063,18699,708,690,11,701,4
2021-05-30,Riverside,065,2383286,294322,288961,13872,302833,4442
2021-05-30,Sacramento,067,1510023,106500,106252,1740,107992,1644
2021-05-30,San Benito,069,59416,6056,6072,112,6184,63
2021-05-30,San Bernardino,071,2135413,293503,292981,8916,301897,4758
2021-05-30,San Diego,073,3302833,281154,280209,15000,295209,3756
2021-05-30,San Francisco,075,870044,36759,37016,1267,38283,550
2021-05-30,San Joaquin,077,732212,73309,72853,3500,76353,1383
2021-05-30,San Luis Obispo,079,281455,21414,21211,736,21947,256
2021-05-30,San Mateo,081,765935,42362,42386,468,42854,439
2021-05-30,Santa Barbara,083,443738,34463,34369,1115,35484,456
2021-05-30,Santa Clara,085,1922200,118740,119510,746,120256,2057
2021-05-30,Santa Cruz,087,273765,16248,16140,796,16936,207
2021-05-30,Shasta,089,179085,12364,12408,1573,13981,199
2021-05-30,Sierra,091,2930,57,55,12,67,0
2021-05-30,Siskiyou,093,43540,1943,1856,356,2212,21
2021-05-30,Solano,095,438530,32940,32952,552,33504,256
2021-05-30,Sonoma,097,501317,30190,30310,334,30644,322
2021-05-30,Stanislaus,099,539301,56483,56323,5885,62208,973
2021-05-30,Sutter,101,95872,9478,9519,84,9603,111
2021-05-30,Tehama,103,63373,5099,5073,570,5643,63
2021-05-30,Trinity,105,12862,483,328,91,419,3
2021-05-30,Tulare,107,460477,50267,49397,8902,58299,845
2021-05-30,Tuolumne,109,53932,4031,4094,42,4136,63
2021-05-30,Ventura,111,848112,81443,81012,2954,83966,1021
2021-05-30,Yolo,113,214977,14059,14059,235,14294,210
2021-05-30,Yuba,115,75493,6081,6063,124,6187,48
2021-05-29,Alameda,001,1643700,88329,88433,1916,90349,1253
2021-05-29,Alpine,003,1148,87,88,0,88,0
2021-05-29,Amador,005,37829,3677,3683,32,3715,46
2021-05-29,Butte,007,227075,12580,12425,1808,14233,190
2021-05-29,Calaveras,009,45235,2170,2166,13,2179,55
2021-05-29,Colusa,011,21464,1950,1954,312,2266,15
2021-05-29,Contra Costa,013,1133247,69761,69351,1265,70616,813
2021-05-29,Del Norte,015,27424,1420,1391,13,1404,8
2021-05-29,El Dorado,017,186661,10327,10269,740,11009,110
2021-05-29,Fresno,019,978130,102824,102470,8606,111076,1706
2021-05-29,Glenn,021,27897,2437,2422,555,2977,18
2021-05-29,Humboldt,023,135768,4289,4283,38,4321,42
2021-05-29,Imperial,025,180216,28635,28729,2685,31414,736
2021-05-29,Inyo,027,18085,1404,1404,12,1416,35
2021-05-29,Kern,029,883053,97396,96424,10829,107253,1319
2021-05-29,Kings,031,150075,23174,22970,1069,24039,244
2021-05-29,Lake,033,64148,3536,3515,9,3524,45
2021-05-29,Lassen,035,31185,5216,5171,113,5284,6
2021-05-29,Los Angeles,037,10098052,1207469,1202264,40955,1243219,24359
2021-05-29,Madera,039,155013,16643,16535,927,17462,240
2021-05-29,Marin,041,260295,14119,14071,252,14323,229
2021-05-29,Mariposa,043,17540,434,428,11,439,5
2021-05-29,Mendocino,045,87422,4022,3952,82,4034,47
2021-05-29,Merced,047,269075,31047,31187,1029,32216,456
2021-05-29,Modoc,049,8938,379,374,131,505,3
2021-05-29,Mono,051,14174,1263,1275,16,1291,3
2021-05-29,Monterey,053,433212,43184,43042,1837,44879,379
2021-05-29,Napa,055,140530,9918,9948,36,9984,82
2021-05-29,Nevada,057,99092,4840,4816,190,5006,72
2021-05-29,Orange,059,3164182,255473,254537,11251,265788,5049
2021-05-29,Placer,061,380077,23356,23009,1494,24503,293
2021-05-29,Plumas,063,18699,708,689,11,700,4
2021-05-29,Riverside,065,2383286,294302,288908,13871,302779,4442
2021-05-29,Sacramento,067,1510023,106470,106218,1739,107957,1643
2021-05-29,San Benito,069,59416,6055,6072,112,6184,63
2021-05-29,San Bernardino,071,2135413,293471,292961,8915,301876,4757
2021-05-29,San Diego,073,3302833,281095,280151,14995,295146,3756
2021-05-29,San Francisco,075,870044,36750,37008,1267,38275,550
2021-05-29,San Joaquin,077,732212,73293,72827,3498,76325,1383
2021-05-29,San Luis Obispo,079,281455,21412,21201,736,21937,256
2021-05-29,San Mateo,081,765935,42354,42375,467,42842,439
2021-05-29,Santa Barbara,083,443738,34459,34367,1115,35482,456
2021-05-29,Santa Clara,085,1922200,118716,119498,745,120243,2056
2021-05-29,Santa Cruz,087,273765,16247,16137,796,16933,207
2021-05-29,Shasta,089,179085,12356,12401,1572,13973,199
2021-05-29,Sierra,091,2930,57,55,12,67,0
2021-05-29,Siskiyou,093,43540,1938,1856,356,2212,21
2021-05-29,Solano,095,438530,32931,32917,552,33469,256
2021-05-29,Sonoma,097,501317,30167,30298,333,30631,322
2021-05-29,Stanislaus,099,539301,56465,56305,5883,62188,974
2021-05-29,Sutter,101,95872,9474,9516,84,9600,111
2021-05-29,Tehama,103,63373,5098,5070,570,5640,63
2021-05-29,Trinity,105,12862,483,328,91,419,3
2021-05-29,Tulare,107,460477,50257,49392,8898,58290,845
2021-05-29,Tuolumne,109,53932,4031,4093,42,4135,63
2021-05-29,Ventura,111,848112,81435,81008,2954,83962,1021
2021-05-29,Yolo,113,214977,14058,14055,235,14290,210
2021-05-29,Yuba,115,75493,6081,6059,124,6183,48
2021-05-28,Alameda,001,1643700,88305,88391,1912,90303,1261
2021-05-28,Alpine,003,1148,87,88,0,88,0
2021-05-28,Amador,005,37829,3677,3680,32,3712,46
2021-05-28,Butte,007,227075,12577,12407,1807,14214,190
2021-05-28,Calaveras,009,45235,2169,2165,13,2178,55
2021-05-28,Colusa,011,21464,1950,1954,310,2264,15
2021-05-28,Contra Costa,013,1133247,69725,69290,1264,70554,813
2021-05-28,Del Norte,015,27424,1419,1390,13,1403,8
2021-05-28,El Dorado,017,186661,10324,10265,740,11005,110
2021-05-28,Fresno,019,978130,102809,102437,8606,111043,1705
2021-05-28,Glenn,021,27897,2437,2419,555,2974,18
2021-05-28,Humboldt,023,135768,4282,4265,38,4303,42
2021-05-28,Imperial,025,180216,28632,28722,2685,31407,736
2021-05-28,Inyo,027,18085,1404,1404,12,1416,35
2021-05-28,Kern,029,883053,97379,96396,10821,107217,1320
2021-05-28,Kings,031,150075,23172,22962,1069,24031,244
2021-05-28,Lake,033,64148,3534,3515,9,3524,45
2021-05-28,Lassen,035,31185,5216,5169,113,5282,6
2021-05-28,Los Angeles,037,10098052,1207358,1202103,40945,1243048,24357
2021-05-28,Madera,039,155013,16641,16530,927,17457,240
2021-05-28,Marin,041,260295,14118,14063,251,14314,229
2021-05-28,Mariposa,043,17540,434,428,11,439,5
2021-05-28,Mendocino,045,87422,4017,3947,82,4029,47
2021-05-28,Merced,047,269075,31044,31176,1029,32205,455
2021-05-28,Modoc,049,8938,379,374,131,505,3
2021-05-28,Mono,051,14174,1263,1274,16,1290,3
2021-05-28,Monterey,053,433212,43183,43036,1837,44873,379
2021-05-28,Napa,055,140530,9918,9941,36,9977,82
2021-05-28,Nevada,057,99092,4838,4813,190,5003,71
2021-05-28,Orange,059,3164182,255453,254494,11249,265743,5047
2021-05-28,Placer,061,380077,23346,22987,1492,24479,293
2021-05-28,Plumas,063,18699,706,688,11,699,4
2021-05-28,Riverside,065,2383286,294280,288872,13869,302741,4442
2021-05-28,Sacramento,067,1510023,106414,106131,1737,107868,1642
2021-05-28,San Benito,069,59416,6055,6074,112,6186,63
2021-05-28,San Bernardino,071,2135413,293448,292905,8915,301820,4757
2021-05-28,San Diego,073,3302833,281032,280043,14984,295027,3756
2021-05-28,San Francisco,075,870044,36744,36987,1267,38254,546
2021-05-28,San Joaquin,077,732212,73263,72793,3496,76289,1383
2021-05-28,San Luis Obispo,079,281455,21407,21190,734,21924,256
2021-05-28,San Mateo,081,765935,42348,42364,467,42831,439
2021-05-28,Santa Barbara,083,443738,34458,34371,1115,35486,455
2021-05-28,Santa Clara,085,1922200,118692,119462,745,120207,2056
2021-05-28,Santa Cruz,087,273765,16246,16129,796,16925,207
2021-05-28,Shasta,089,179085,12347,12383,1570,13953,198
2021-05-28,Sierra,091,2930,57,54,12,66,0
2021-05-28,Siskiyou,093,43540,1936,1850,356,2206,19
2021-05-28,Solano,095,438530,32916,32892,552,33444,256
2021-05-28,Sonoma,097,501317,30148,30270,333,30603,321
2021-05-28,Stanislaus,099,539301,56447,56278,5880,62158,974
2021-05-28,Sutter,101,95872,9470,9511,84,9595,111
2021-05-28,Tehama,103,63373,5092,5064,570,5634,63
2021-05-28,Trinity,105,12862,483,328,91,419,3
2021-05-28,Tulare,107,460477,50252,49375,8889,58264,846
2021-05-28,Tuolumne,109,53932,4031,4090,42,4132,63
2021-05-28,Ventura,111,848112,81424,80985,2953,83938,1021
2021-05-28,Yolo,113,214977,14055,14050,234,14284,210
2021-05-28,Yuba,115,75493,6079,6050,123,6173,48
2021-05-27,Alameda,001,1643700,88270,88342,1912,90254,1274
2021-05-27,Alpine,003,1148,87,88,0,88,0
2021-05-27,Amador,005,37829,3674,3680,32,3712,46
2021-05-27,Butte,007,227075,12572,12401,1806,14207,190
2021-05-27,Calaveras,009,45235,2168,2163,13,2176,55
2021-05-27,Colusa,011,21464,1947,1952,310,2262,15
2021-05-27,Contra Costa,013,1133247,69683,69245,1262,70507,813
2021-05-27,Del Norte,015,27424,1419,1388,13,1401,8
2021-05-27,El Dorado,017,186661,10323,10248,740,10988,112
2021-05-27,Fresno,019,978130,102793,102413,8603,111016,1704
2021-05-27,Glenn,021,27897,2437,2415,555,2970,18
2021-05-27,Humboldt,023,135768,4274,4260,38,4298,42
2021-05-27,Imperial,025,180216,28621,28728,2685,31413,736
2021-05-27,Inyo,027,18085,1404,1404,12,1416,35
2021-05-27,Kern,029,883053,97363,96364,10813,107177,1322
2021-05-27,Kings,031,150075,23169,22953,1069,24022,245
2021-05-27,Lake,033,64148,3529,3509,9,3518,45
2021-05-27,Lassen,035,31185,5215,5170,112,5282,6
2021-05-27,Los Angeles,037,10098052,1207189,1201927,40932,1242859,24348
2021-05-27,Madera,039,155013,16632,16527,927,17454,240
2021-05-27,Marin,041,260295,14114,14061,251,14312,229
2021-05-27,Mariposa,043,17540,432,427,11,438,5
2021-05-27,Mendocino,045,87422,4011,3945,82,4027,47
2021-05-27,Merced,047,269075,31032,31161,1029,32190,455
2021-05-27,Modoc,049,8938,378,374,131,505,3
2021-05-27,Mono,051,14174,1263,1276,16,1292,3
2021-05-27,Monterey,053,433212,43177,43032,1837,44869,379
2021-05-27,Napa,055,140530,9917,9934,36,9970,82
2021-05-27,Nevada,057,99092,4834,4807,188,4995,71
2021-05-27,Orange,059,3164182,255416,254438,11245,265683,5059
2021-05-27,Placer,061,380077,23337,22966,1492,24458,293
2021-05-27,Plumas,063,18699,706,687,11,698,4
2021-05-27,Riverside,065,2383286,294244,288835,13864,302699,4443
2021-05-27,Sacramento,067,1510023,106339,106015,1735,107750,1642
2021-05-27,San Benito,069,59416,6054,6074,112,6186,63
2021-05-27,San Bernardino,071,2135413,293412,292755,8913,301668,4756
2021-05-27,San Diego,073,3302833,280958,279960,14970,294930,3756
2021-05-27,San Francisco,075,870044,36738,36980,1264,38244,546
2021-05-27,San Joaquin,077,732212,73231,72714,3493,76207,1388
2021-05-27,San Luis Obispo,079,281455,21402,21171,734,21905,256
2021-05-27,San Mateo,081,765935,42339,42345,467,42812,436
2021-05-27,Santa Barbara,083,443738,34453,34355,1115,35470,456
2021-05-27,Santa Clara,085,1922200,118671,119452,745,120197,2053
2021-05-27,Santa Cruz,087,273765,16244,16134,796,16930,207
2021-05-27,Shasta,089,179085,12337,12380,1570,13950,202
2021-05-27,Sierra,091,2930,57,54,12,66,0
2021-05-27,Siskiyou,093,43540,1933,1846,356,2202,18
2021-05-27,Solano,095,438530,32875,32855,551,33406,257
2021-05-27,Sonoma,097,501317,30121,30253,329,30582,321
2021-05-27,Stanislaus,099,539301,56422,56207,5879,62086,974
2021-05-27,Sutter,101,95872,9466,9501,84,9585,111
2021-05-27,Tehama,103,63373,5089,5064,569,5633,63
2021-05-27,Trinity,105,12862,483,328,91,419,3
2021-05-27,Tulare,107,460477,50238,49366,8880,58246,840
2021-05-27,Tuolumne,109,53932,4030,4090,42,4132,66
2021-05-27,Ventura,111,848112,81411,80965,2950,83915,1023
2021-05-27,Yolo,113,214977,14052,14036,234,14270,213
2021-05-27,Yuba,115,75493,6074,6040,122,6162,48
2021-05-26,Alameda,001,1643700,88241,88297,1912,90209,1266
2021-05-26,Alpine,003,1148,87,88,0,88,0
2021-05-26,Amador,005,37829,3674,3679,32,3711,46
2021-05-26,Butte,007,227075,12563,12332,1805,14137,190
2021-05-26,Calaveras,009,45235,2167,2154,13,2167,55
2021-05-26,Colusa,011,21464,1946,1952,310,2262,15
2021-05-26,Contra Costa,013,1133247,69646,69210,1262,70472,812
2021-05-26,Del Norte,015,27424,1419,1386,12,1398,8
2021-05-26,El Dorado,017,186661,10319,10242,739,10981,112
2021-05-26,Fresno,019,978130,102760,102374,8598,110972,1702
2021-05-26,Glenn,021,27897,2436,2415,555,2970,18
2021-05-26,Humboldt,023,135768,4269,4246,38,4284,42
2021-05-26,Imperial,025,180216,28616,28712,2683,31395,734
2021-05-26,Inyo,027,18085,1404,1403,12,1415,36
2021-05-26,Kern,029,883053,97338,96343,10806,107149,1320
2021-05-26,Kings,031,150075,23165,22950,1068,24018,245
2021-05-26,Lake,033,64148,3528,3508,9,3517,45
2021-05-26,Lassen,035,31185,5214,5164,112,5276,6
2021-05-26,Los Angeles,037,10098052,1207021,1198100,40916,1239016,24221
2021-05-26,Madera,039,155013,16629,16520,927,17447,240
2021-05-26,Marin,041,260295,14111,14061,250,14311,227
2021-05-26,Mariposa,043,17540,432,427,11,438,5
2021-05-26,Mendocino,045,87422,4005,3938,82,4020,47
2021-05-26,Merced,047,269075,31023,31139,1029,32168,455
2021-05-26,Modoc,049,8938,378,371,130,501,3
2021-05-26,Mono,051,14174,1263,1274,16,1290,3
2021-05-26,Monterey,053,433212,43171,43018,1836,44854,379
2021-05-26,Napa,055,140530,9910,9932,34,9966,82
2021-05-26,Nevada,057,99092,4829,4803,188,4991,70
2021-05-26,Orange,059,3164182,255380,254368,11242,265610,5058
2021-05-26,Placer,061,380077,23313,22940,1492,24432,293
2021-05-26,Plumas,063,18699,705,685,11,696,4
2021-05-26,Riverside,065,2383286,294198,288782,13857,302639,4443
2021-05-26,Sacramento,067,1510023,106253,105919,1731,107650,1637
2021-05-26,San Benito,069,59416,6054,6074,112,6186,63
2021-05-26,San Bernardino,071,2135413,293377,292662,8912,301574,4755
2021-05-26,San Diego,073,3302833,280883,279859,14960,294819,3755
2021-05-26,San Francisco,075,870044,36726,36954,1264,38218,546
2021-05-26,San Joaquin,077,732212,73189,72681,3490,76171,1388
2021-05-26,San Luis Obispo,079,281455,21396,21163,734,21897,256
2021-05-26,San Mateo,081,765935,42331,42331,467,42798,436
2021-05-26,Santa Barbara,083,443738,34444,34348,1115,35463,459
2021-05-26,Santa Clara,085,1922200,118644,119421,744,120165,2031
2021-05-26,Santa Cruz,087,273765,16243,16139,796,16935,207
2021-05-26,Shasta,089,179085,12322,12357,1567,13924,202
2021-05-26,Sierra,091,2930,57,54,12,66,0
2021-05-26,Siskiyou,093,43540,1931,1847,354,2201,18
2021-05-26,Solano,095,438530,32839,32831,551,33382,257
2021-05-26,Sonoma,097,501317,30094,30230,329,30559,321
2021-05-26,Stanislaus,099,539301,56400,56193,5877,62070,974
2021-05-26,Sutter,101,95872,9461,9495,84,9579,112
2021-05-26,Tehama,103,63373,5088,5054,566,5620,63
2021-05-26,Trinity,105,12862,483,328,91,419,3
2021-05-26,Tulare,107,460477,50231,49352,8876,58228,839
2021-05-26,Tuolumne,109,53932,4026,4088,41,4129,66
2021-05-26,Ventura,111,848112,81388,80944,2948,83892,1023
2021-05-26,Yolo,113,214977,14049,14025,234,14259,213
2021-05-26,Yuba,115,75493,6069,6036,122,6158,49
2021-05-25,Alameda,001,1643700,88210,88237,1912,90149,1263
2021-05-25,Alpine,003,1148,87,88,0,88,0
2021-05-25,Amador,005,37829,3669,3676,32,3708,46
2021-05-25,Butte,007,227075,12552,12295,1804,14099,189
2021-05-25,Calaveras,009,45235,2165,2148,13,2161,55
2021-05-25,Colusa,011,21464,1945,1949,310,2259,15
2021-05-25,Contra Costa,013,1133247,69594,69167,1257,70424,809
2021-05-25,Del Norte,015,27424,1419,1385,12,1397,8
2021-05-25,El Dorado,017,186661,10312,10240,738,10978,112
2021-05-25,Fresno,019,978130,102739,102329,8596,110925,1701
2021-05-25,Glenn,021,27897,2435,2414,554,2968,17
2021-05-25,Humboldt,023,135768,4262,4231,36,4267,42
2021-05-25,Imperial,025,180216,28609,28586,2683,31269,735
2021-05-25,Inyo,027,18085,1404,1402,12,1414,36
2021-05-25,Kern,029,883053,97307,96319,10792,107111,1319
2021-05-25,Kings,031,150075,23158,22944,1068,24012,245
2021-05-25,Lake,033,64148,3527,3508,9,3517,44
2021-05-25,Lassen,035,31185,5210,5164,112,5276,6
2021-05-25,Los Angeles,037,10098052,1206835,1197940,40898,1238838,24212
2021-05-25,Madera,039,155013,16624,16519,926,17445,240
2021-05-25,Marin,041,260295,14105,14053,250,14303,227
2021-05-25,Mariposa,043,17540,431,427,11,438,5
2021-05-25,Mendocino,045,87422,4000,3928,82,4010,47
2021-05-25,Merced,047,269075,31002,31132,1029,32161,455
2021-05-25,Modoc,049,8938,377,367,130,497,3
2021-05-25,Mono,051,14174,1263,1274,16,1290,3
2021-05-25,Monterey,053,433212,43167,43012,1835,44847,379
2021-05-25,Napa,055,140530,9908,9926,34,9960,82
2021-05-25,Nevada,057,99092,4823,4795,188,4983,70
2021-05-25,Orange,059,3164182,255351,254321,11241,265562,5057
2021-05-25,Placer,061,380077,23302,22920,1490,24410,292
2021-05-25,Plumas,063,18699,705,684,11,695,4
2021-05-25,Riverside,065,2383286,294159,288725,13854,302579,4443
2021-05-25,Sacramento,067,1510023,106172,105828,1728,107556,1633
2021-05-25,San Benito,069,59416,6054,6073,112,6185,63
2021-05-25,San Bernardino,071,2135413,293317,292485,8911,301396,4755
2021-05-25,San Diego,073,3302833,280801,279786,14955,294741,3753
2021-05-25,San Francisco,075,870044,36703,36939,1264,38203,546
2021-05-25,San Joaquin,077,732212,73147,72628,3487,76115,1387
2021-05-25,San Luis Obispo,079,281455,21393,21153,734,21887,256
2021-05-25,San Mateo,081,765935,42321,42268,467,42735,435
2021-05-25,Santa Barbara,083,443738,34441,34337,1115,35452,459
2021-05-25,Santa Clara,085,1922200,118620,119393,743,120136,2032
2021-05-25,Santa Cruz,087,273765,16238,16141,796,16937,207
2021-05-25,Shasta,089,179085,12313,12328,1565,13893,202
2021-05-25,Sierra,091,2930,56,54,12,66,0
2021-05-25,Siskiyou,093,43540,1930,1845,353,2198,18
2021-05-25,Solano,095,438530,32820,32817,550,33367,256
2021-05-25,Sonoma,097,501317,30065,30207,328,30535,321
2021-05-25,Stanislaus,099,539301,56364,56168,5874,62042,974
2021-05-25,Sutter,101,95872,9457,9495,84,9579,112
2021-05-25,Tehama,103,63373,5086,5048,565,5613,63
2021-05-25,Trinity,105,12862,483,328,90,418,3
2021-05-25,Tulare,107,460477,50221,49326,8868,58194,838
2021-05-25,Tuolumne,109,53932,4026,4084,41,4125,66
2021-05-25,Ventura,111,848112,81370,80905,2948,83853,1022
2021-05-25,Yolo,113,214977,14041,14018,232,14250,213
2021-05-25,Yuba,115,75493,6062,6028,122,6150,49
2021-05-24,Alameda,001,1643700,88170,88182,1911,90093,1263
2021-05-24,Alpine,003,1148,87,88,0,88,0
2021-05-24,Amador,005,37829,3667,3675,32,3707,46
2021-05-24,Butte,007,227075,12539,12279,1801,14080,189
2021-05-24,Calaveras,009,45235,2163,2146,13,2159,54
2021-05-24,Colusa,011,21464,1945,1949,310,2259,15
2021-05-24,Contra Costa,013,1133247,69553,69107,1253,70360,809
2021-05-24,Del Norte,015,27424,1418,1384,12,1396,8
2021-05-24,El Dorado,017,186661,10302,10227,737,10964,112
2021-05-24,Fresno,019,978130,102697,102289,8595,110884,1698
2021-05-24,Glenn,021,27897,2435,2413,554,2967,17
2021-05-24,Humboldt,023,135768,4255,4225,36,4261,42
2021-05-24,Imperial,025,180216,28607,28575,2683,31258,735
2021-05-24,Inyo,027,18085,1404,1402,12,1414,36
2021-05-24,Kern,029,883053,97280,96296,10787,107083,1319
2021-05-24,Kings,031,150075,23154,22940,1068,24008,246
2021-05-24,Lake,033,64148,3525,3506,9,3515,43
2021-05-24,Lassen,035,31185,5206,5163,112,5275,6
2021-05-24,Los Angeles,037,10098052,1206663,1197782,40884,1238666,24201
2021-05-24,Madera,039,155013,16620,16513,925,17438,239
2021-05-24,Marin,041,260295,14103,14051,250,14301,227
2021-05-24,Mariposa,043,17540,430,427,11,438,5
2021-05-24,Mendocino,045,87422,3998,3919,82,4001,47
2021-05-24,Merced,047,269075,30992,31128,1028,32156,455
2021-05-24,Modoc,049,8938,377,366,129,495,3
2021-05-24,Mono,051,14174,1263,1270,16,1286,3
2021-05-24,Monterey,053,433212,43162,43005,1834,44839,379
2021-05-24,Napa,055,140530,9908,9924,34,9958,82
2021-05-24,Nevada,057,99092,4820,4790,188,4978,70
2021-05-24,Orange,059,3164182,255317,254287,11231,265518,5056
2021-05-24,Placer,061,380077,23283,22895,1489,24384,292
2021-05-24,Plumas,063,18699,704,683,11,694,4
2021-05-24,Riverside,065,2383286,294102,288669,13844,302513,4442
2021-05-24,Sacramento,067,1510023,106057,105716,1727,107443,1632
2021-05-24,San Benito,069,59416,6054,6072,112,6184,63
2021-05-24,San Bernardino,071,2135413,293277,292343,8910,301253,4747
2021-05-24,San Diego,073,3302833,280693,279715,14945,294660,3749
2021-05-24,San Francisco,075,870044,36683,36934,1262,38196,547
2021-05-24,San Joaquin,077,732212,73115,72586,3487,76073,1371
2021-05-24,San Luis Obispo,079,281455,21375,21146,733,21879,256
2021-05-24,San Mateo,081,765935,42311,42249,467,42716,433
2021-05-24,Santa Barbara,083,443738,34436,34322,1115,35437,459
2021-05-24,Santa Clara,085,1922200,118588,119358,743,120101,2030
2021-05-24,Santa Cruz,087,273765,16232,16135,796,16931,207
2021-05-24,Shasta,089,179085,12296,12315,1562,13877,201
2021-05-24,Sierra,091,2930,56,54,12,66,0
2021-05-24,Siskiyou,093,43540,1927,1840,353,2193,17
2021-05-24,Solano,095,438530,32795,32792,549,33341,254
2021-05-24,Sonoma,097,501317,30050,30187,328,30515,321
2021-05-24,Stanislaus,099,539301,56330,56128,5870,61998,974
2021-05-24,Sutter,101,95872,9451,9486,84,9570,113
2021-05-24,Tehama,103,63373,5083,5043,563,5606,63
2021-05-24,Trinity,105,12862,483,328,90,418,3
2021-05-24,Tulare,107,460477,50214,49318,8864,58182,838
2021-05-24,Tuolumne,109,53932,4026,4083,41,4124,65
2021-05-24,Ventura,111,848112,81357,80876,2946,83822,1022
2021-05-24,Yolo,113,214977,14024,14012,230,14242,213
2021-05-24,Yuba,115,75493,6053,6022,122,6144,49
2021-05-23,Alameda,001,1643700,88107,88157,1908,90065,1263
2021-05-23,Alpine,003,1148,87,88,0,88,0
2021-05-23,Amador,005,37829,3666,3673,32,3705,46
2021-05-23,Butte,007,227075,12525,12271,1800,14071,189
2021-05-23,Calaveras,009,45235,2155,2144,13,2157,54
2021-05-23,Colusa,011,21464,1945,1949,308,2257,15
2021-05-23,Contra Costa,013,1133247,69509,69075,1251,70326,809
2021-05-23,Del Norte,015,27424,1414,1383,12,1395,8
2021-05-23,El Dorado,017,186661,10296,10222,737,10959,112
2021-05-23,Fresno,019,978130,102652,102270,8590,110860,1698
2021-05-23,Glenn,021,27897,2433,2413,554,2967,17
2021-05-23,Humboldt,023,135768,4238,4216,36,4252,42
2021-05-23,Imperial,025,180216,28601,28569,2682,31251,735
2021-05-23,Inyo,027,18085,1404,1402,12,1414,36
2021-05-23,Kern,029,883053,97256,96282,10779,107061,1319
2021-05-23,Kings,031,150075,23141,22939,1066,24005,246
2021-05-23,Lake,033,64148,3522,3504,9,3513,43
2021-05-23,Lassen,035,31185,5202,5163,111,5274,6
2021-05-23,Los Angeles,037,10098052,1206474,1197633,40873,1238506,24197
2021-05-23,Madera,039,155013,16614,16504,925,17429,239
2021-05-23,Marin,041,260295,14094,14048,249,14297,227
2021-05-23,Mariposa,043,17540,430,427,11,438,5
2021-05-23,Mendocino,045,87422,3992,3913,81,3994,47
2021-05-23,Merced,047,269075,30983,31118,1028,32146,455
2021-05-23,Modoc,049,8938,373,366,129,495,3
2021-05-23,Mono,051,14174,1262,1270,16,1286,3
2021-05-23,Monterey,053,433212,43152,43003,1834,44837,379
2021-05-23,Napa,055,140530,9904,9923,34,9957,82
2021-05-23,Nevada,057,99092,4810,4790,188,4978,70
2021-05-23,Orange,059,3164182,255279,254277,11225,265502,5050
2021-05-23,Placer,061,380077,23263,22888,1489,24377,292
2021-05-23,Plumas,063,18699,703,683,11,694,4
2021-05-23,Riverside,065,2383286,294034,288641,13840,302481,4442
2021-05-23,Sacramento,067,1510023,105941,105663,1724,107387,1632
2021-05-23,San Benito,069,59416,6053,6072,112,6184,63
2021-05-23,San Bernardino,071,2135413,293226,292327,8909,301236,4747
2021-05-23,San Diego,073,3302833,280603,279690,14934,294624,3751
2021-05-23,San Francisco,075,870044,36672,36927,1261,38188,547
2021-05-23,San Joaquin,077,732212,73066,72571,3485,76056,1371
2021-05-23,San Luis Obispo,079,281455,21365,21141,732,21873,256
2021-05-23,San Mateo,081,765935,42294,42248,467,42715,433
2021-05-23,Santa Barbara,083,443738,34429,34319,1115,35434,459
2021-05-23,Santa Clara,085,1922200,118564,119333,743,120076,2030
2021-05-23,Santa Cruz,087,273765,16229,16130,796,16926,207
2021-05-23,Shasta,089,179085,12279,12313,1558,13871,201
2021-05-23,Sierra,091,2930,56,54,12,66,0
2021-05-23,Siskiyou,093,43540,1922,1826,346,2172,17
2021-05-23,Solano,095,438530,32777,32780,548,33328,254
2021-05-23,Sonoma,097,501317,30021,30168,327,30495,321
2021-05-23,Stanislaus,099,539301,56281,56104,5867,61971,974
2021-05-23,Sutter,101,95872,9442,9479,84,9563,113
2021-05-23,Tehama,103,63373,5076,5041,561,5602,63
2021-05-23,Trinity,105,12862,483,328,90,418,3
2021-05-23,Tulare,107,460477,50200,49310,8860,58170,838
2021-05-23,Tuolumne,109,53932,4023,4081,41,4122,65
2021-05-23,Ventura,111,848112,81327,80872,2945,83817,1022
2021-05-23,Yolo,113,214977,14012,14004,227,14231,213
2021-05-23,Yuba,115,75493,6048,6017,122,6139,49
2021-05-22,Alameda,001,1643700,88080,88101,1908,90009,1263
2021-05-22,Alpine,003,1148,87,88,0,88,0
2021-05-22,Amador,005,37829,3665,3672,32,3704,46
2021-05-22,Butte,007,227075,12513,12265,1799,14064,189
2021-05-22,Calaveras,009,45235,2151,2141,13,2154,54
2021-05-22,Colusa,011,21464,1941,1949,307,2256,15
2021-05-22,Contra Costa,013,1133247,69476,69004,1250,70254,809
2021-05-22,Del Norte,015,27424,1413,1381,12,1393,8
2021-05-22,El Dorado,017,186661,10291,10215,736,10951,112
2021-05-22,Fresno,019,978130,102638,102238,8588,110826,1698
2021-05-22,Glenn,021,27897,2433,2412,554,2966,17
2021-05-22,Humboldt,023,135768,4229,4194,35,4229,42
2021-05-22,Imperial,025,180216,28592,28574,2682,31256,735
2021-05-22,Inyo,027,18085,1404,1402,12,1414,36
2021-05-22,Kern,029,883053,97244,96260,10772,107032,1319
2021-05-22,Kings,031,150075,23141,22936,1066,24002,246
2021-05-22,Lake,033,64148,3519,3502,9,3511,43
2021-05-22,Lassen,035,31185,5202,5163,111,5274,6
2021-05-22,Los Angeles,037,10098052,1206365,1197454,40865,1238319,24192
2021-05-22,Madera,039,155013,16611,16503,925,17428,239
2021-05-22,Marin,041,260295,14091,14043,249,14292,227
2021-05-22,Mariposa,043,17540,430,427,11,438,5
2021-05-22,Mendocino,045,87422,3986,3908,81,3989,47
2021-05-22,Merced,047,269075,30973,31099,1028,32127,455
2021-05-22,Modoc,049,8938,373,366,129,495,3
2021-05-22,Mono,051,14174,1260,1270,16,1286,3
2021-05-22,Monterey,053,433212,43146,42998,1834,44832,379
2021-05-22,Napa,055,140530,9902,9918,34,9952,82
2021-05-22,Nevada,057,99092,4803,4787,187,4974,70
2021-05-22,Orange,059,3164182,255258,254238,11220,265458,5048
2021-05-22,Placer,061,380077,23249,22865,1488,24353,292
2021-05-22,Plumas,063,18699,702,683,11,694,4
2021-05-22,Riverside,065,2383286,294002,288580,13839,302419,4442
2021-05-22,Sacramento,067,1510023,105866,105551,1721,107272,1632
2021-05-22,San Benito,069,59416,6053,6071,112,6183,63
2021-05-22,San Bernardino,071,2135413,293201,292292,8909,301201,4747
2021-05-22,San Diego,073,3302833,280544,279614,14926,294540,3751
2021-05-22,San Francisco,075,870044,36662,36906,1259,38165,547
2021-05-22,San Joaquin,077,732212,73044,72528,3482,76010,1371
2021-05-22,San Luis Obispo,079,281455,21357,21134,731,21865,256
2021-05-22,San Mateo,081,765935,42284,42218,467,42685,433
2021-05-22,Santa Barbara,083,443738,34425,34313,1114,35427,459
2021-05-22,Santa Clara,085,1922200,118540,119292,743,120035,2030
2021-05-22,Santa Cruz,087,273765,16229,16125,796,16921,207
2021-05-22,Shasta,089,179085,12272,12307,1555,13862,201
2021-05-22,Sierra,091,2930,56,54,12,66,0
2021-05-22,Siskiyou,093,43540,1921,1824,345,2169,17
2021-05-22,Solano,095,438530,32764,32753,548,33301,254
2021-05-22,Sonoma,097,501317,30009,30154,327,30481,321
2021-05-22,Stanislaus,099,539301,56258,56069,5866,61935,974
2021-05-22,Sutter,101,95872,9437,9476,84,9560,113
2021-05-22,Tehama,103,63373,5075,5036,561,5597,63
2021-05-22,Trinity,105,12862,483,328,90,418,3
2021-05-22,Tulare,107,460477,50195,49299,8855,58154,838
2021-05-22,Tuolumne,109,53932,4023,4078,41,4119,65
2021-05-22,Ventura,111,848112,81323,80859,2945,83804,1022
2021-05-22,Yolo,113,214977,14010,13997,227,14224,213
2021-05-22,Yuba,115,75493,6045,6010,122,6132,49
2021-05-21,Alameda,001,1643700,88054,88041,1907,89948,1263
2021-05-21,Alpine,003,1148,87,88,0,88,0
2021-05-21,Amador,005,37829,3662,3672,32,3704,46
2021-05-21,Butte,007,227075,12507,12236,1797,14033,188
2021-05-21,Calaveras,009,45235,2149,2138,13,2151,54
2021-05-21,Colusa,011,21464,1941,1947,307,2254,15
2021-05-21,Contra Costa,013,1133247,69433,68965,1249,70214,810
2021-05-21,Del Norte,015,27424,1412,1376,12,1388,8
2021-05-21,El Dorado,017,186661,10287,10204,736,10940,112
2021-05-21,Fresno,019,978130,102610,102189,8586,110775,1698
2021-05-21,Glenn,021,27897,2432,2408,554,2962,17
2021-05-21,Humboldt,023,135768,4222,4175,35,4210,42
2021-05-21,Imperial,025,180216,28585,28572,2681,31253,732
2021-05-21,Inyo,027,18085,1404,1402,12,1414,36
2021-05-21,Kern,029,883053,97230,96233,10765,106998,1318
2021-05-21,Kings,031,150075,23141,22927,1066,23993,246
2021-05-21,Lake,033,64148,3517,3500,9,3509,43
2021-05-21,Lassen,035,31185,5201,5161,111,5272,6
2021-05-21,Los Angeles,037,10098052,1206247,1197263,40857,1238120,24180
2021-05-21,Madera,039,155013,16610,16500,924,17424,238
2021-05-21,Marin,041,260295,14086,14042,249,14291,227
2021-05-21,Mariposa,043,17540,429,427,11,438,5
2021-05-21,Mendocino,045,87422,3981,3897,81,3978,47
2021-05-21,Merced,047,269075,30965,31076,1028,32104,455
2021-05-21,Modoc,049,8938,373,365,129,494,3
2021-05-21,Mono,051,14174,1260,1269,16,1285,3
2021-05-21,Monterey,053,433212,43144,42995,1834,44829,379
2021-05-21,Napa,055,140530,9898,9913,34,9947,82
2021-05-21,Nevada,057,99092,4802,4779,187,4966,70
2021-05-21,Orange,059,3164182,255238,254171,11218,265389,5042
2021-05-21,Placer,061,380077,23240,22853,1488,24341,292
2021-05-21,Plumas,063,18699,702,683,10,693,4
2021-05-21,Riverside,065,2383286,293975,288499,13832,302331,4442
2021-05-21,Sacramento,067,1510023,105799,105476,1718,107194,1632
2021-05-21,San Benito,069,59416,6053,6068,112,6180,63
2021-05-21,San Bernardino,071,2135413,293169,292205,8907,301112,4744
2021-05-21,San Diego,073,3302833,280471,279554,14916,294470,3748
2021-05-21,San Francisco,075,870044,36657,36879,1259,38138,546
2021-05-21,San Joaquin,077,732212,73024,72467,3480,75947,1371
2021-05-21,San Luis Obispo,079,281455,21351,21128,728,21856,256
2021-05-21,San Mateo,081,765935,42271,42163,466,42629,432
2021-05-21,Santa Barbara,083,443738,34420,34302,1114,35416,459
2021-05-21,Santa Clara,085,1922200,118513,119247,743,119990,2029
2021-05-21,Santa Cruz,087,273765,16225,16120,796,16916,207
2021-05-21,Shasta,089,179085,12255,12289,1553,13842,201
2021-05-21,Sierra,091,2930,56,54,12,66,0
2021-05-21,Siskiyou,093,43540,1920,1815,345,2160,16
2021-05-21,Solano,095,438530,32749,32742,548,33290,254
2021-05-21,Sonoma,097,501317,29996,30126,327,30453,321
2021-05-21,Stanislaus,099,539301,56229,56036,5864,61900,975
2021-05-21,Sutter,101,95872,9435,9470,84,9554,113
2021-05-21,Tehama,103,63373,5069,5030,561,5591,63
2021-05-21,Trinity,105,12862,483,329,89,418,3
2021-05-21,Tulare,107,460477,50190,49271,8853,58124,838
2021-05-21,Tuolumne,109,53932,4021,4079,41,4120,65
2021-05-21,Ventura,111,848112,81315,80821,2942,83763,1021
2021-05-21,Yolo,113,214977,14004,13983,227,14210,213
2021-05-21,Yuba,115,75493,6039,6006,122,6128,49
2021-05-20,Alameda,001,1643700,88010,87975,1906,89881,1264
2021-05-20,Alpine,003,1148,87,88,0,88,0
2021-05-20,Amador,005,37829,3661,3671,32,3703,46
2021-05-20,Butte,007,227075,12500,12220,1794,14014,188
2021-05-20,Calaveras,009,45235,2145,2138,13,2151,54
2021-05-20,Colusa,011,21464,1940,1946,305,2251,15
2021-05-20,Contra Costa,013,1133247,69388,68913,1247,70160,809
2021-05-20,Del Norte,015,27424,1412,1373,12,1385,8
2021-05-20,El Dorado,017,186661,10277,10188,736,10924,112
2021-05-20,Fresno,019,978130,102588,102135,8584,110719,1696
2021-05-20,Glenn,021,27897,2429,2406,554,2960,17
2021-05-20,Humboldt,023,135768,4205,4162,34,4196,42
2021-05-20,Imperial,025,180216,28580,28551,2681,31232,732
2021-05-20,Inyo,027,18085,1404,1402,12,1414,36
2021-05-20,Kern,029,883053,97209,96204,10758,106962,1317
2021-05-20,Kings,031,150075,23139,22922,1066,23988,246
2021-05-20,Lake,033,64148,3514,3500,9,3509,43
2021-05-20,Lassen,035,31185,5199,5160,110,5270,6
2021-05-20,Los Angeles,037,10098052,1206091,1197073,40847,1237920,24168
2021-05-20,Madera,039,155013,16604,16499,922,17421,238
2021-05-20,Marin,041,260295,14082,14036,248,14284,227
2021-05-20,Mariposa,043,17540,429,426,11,437,5
2021-05-20,Mendocino,045,87422,3974,3897,81,3978,47
2021-05-20,Merced,047,269075,30952,31046,1027,32073,454
2021-05-20,Modoc,049,8938,373,365,129,494,3
2021-05-20,Mono,051,14174,1259,1269,16,1285,3
2021-05-20,Monterey,053,433212,43138,42984,1833,44817,379
2021-05-20,Napa,055,140530,9895,9913,34,9947,82
2021-05-20,Nevada,057,99092,4801,4775,187,4962,70
2021-05-20,Orange,059,3164182,255195,254127,11215,265342,5038
2021-05-20,Placer,061,380077,23227,22823,1487,24310,292
2021-05-20,Plumas,063,18699,700,682,10,692,4
2021-05-20,Riverside,065,2383286,293927,288453,13827,302280,4442
2021-05-20,Sacramento,067,1510023,105703,105414,1715,107129,1629
2021-05-20,San Benito,069,59416,6052,6067,112,6179,63
2021-05-20,San Bernardino,071,2135413,293123,292153,8906,301059,4728
2021-05-20,San Diego,073,3302833,280383,279490,14904,294394,3749
2021-05-20,San Francisco,075,870044,36648,36860,1259,38119,546
2021-05-20,San Joaquin,077,732212,72986,72388,3478,75866,1371
2021-05-20,San Luis Obispo,079,281455,21339,21095,726,21821,256
2021-05-20,San Mateo,081,765935,42257,42152,464,42616,432
2021-05-20,Santa Barbara,083,443738,34416,34293,1114,35407,459
2021-05-20,Santa Clara,085,1922200,118492,119222,743,119965,2029
2021-05-20,Santa Cruz,087,273765,16220,16119,796,16915,207
2021-05-20,Shasta,089,179085,12242,12266,1550,13816,200
2021-05-20,Sierra,091,2930,56,54,12,66,0
2021-05-20,Siskiyou,093,43540,1913,1811,344,2155,16
2021-05-20,Solano,095,438530,32734,32725,548,33273,253
2021-05-20,Sonoma,097,501317,29979,30107,326,30433,321
2021-05-20,Stanislaus,099,539301,56204,55979,5862,61841,970
2021-05-20,Sutter,101,95872,9431,9467,84,9551,113
2021-05-20,Tehama,103,63373,5067,5029,561,5590,63
2021-05-20,Trinity,105,12862,483,329,88,417,3
2021-05-20,Tulare,107,460477,50179,49217,8850,58067,837
2021-05-20,Tuolumne,109,53932,4020,4077,41,4118,65
2021-05-20,Ventura,111,848112,81304,80800,2942,83742,1019
2021-05-20,Yolo,113,214977,13999,13973,227,14200,211
2021-05-20,Yuba,115,75493,6030,6002,122,6124,49
2021-05-19,Alameda,001,1643700,87971,87889,1905,89794,1260
2021-05-19,Alpine,003,1148,87,88,0,88,0
2021-05-19,Amador,005,37829,3661,3669,32,3701,46
2021-05-19,Butte,007,227075,12489,12198,1794,13992,188
2021-05-19,Calaveras,009,45235,2141,2132,13,2145,54
2021-05-19,Colusa,011,21464,1940,1945,303,2248,15
2021-05-19,Contra Costa,013,1133247,69341,68836,1247,70083,808
2021-05-19,Del Norte,015,27424,1410,1371,12,1383,8
2021-05-19,El Dorado,017,186661,10272,10179,735,10914,112
2021-05-19,Fresno,019,978130,102558,102085,8581,110666,1693
2021-05-19,Glenn,021,27897,2429,2404,554,2958,17
2021-05-19,Humboldt,023,135768,4195,4143,34,4177,42
2021-05-19,Imperial,025,180216,28571,28550,2681,31231,732
2021-05-19,Inyo,027,18085,1404,1402,12,1414,36
2021-05-19,Kern,029,883053,97180,96173,10751,106924,1316
2021-05-19,Kings,031,150075,23133,22919,1066,23985,246
2021-05-19,Lake,033,64148,3514,3497,9,3506,43
2021-05-19,Lassen,035,31185,5198,5157,110,5267,6
2021-05-19,Los Angeles,037,10098052,1205894,1196856,40833,1237689,24143
2021-05-19,Madera,039,155013,16601,16496,922,17418,238
2021-05-19,Marin,041,260295,14078,14033,246,14279,227
2021-05-19,Mariposa,043,17540,429,425,11,436,5
2021-05-19,Mendocino,045,87422,3970,3886,81,3967,47
2021-05-19,Merced,047,269075,30936,31044,1027,32071,452
2021-05-19,Modoc,049,8938,373,364,126,490,3
2021-05-19,Mono,051,14174,1259,1266,16,1282,3
2021-05-19,Monterey,053,433212,43133,42973,1832,44805,379
2021-05-19,Napa,055,140530,9892,9906,34,9940,82
2021-05-19,Nevada,057,99092,4799,4769,187,4956,70
2021-05-19,Orange,059,3164182,255158,254087,11205,265292,5035
2021-05-19,Placer,061,380077,23208,22784,1482,24266,291
2021-05-19,Plumas,063,18699,700,682,10,692,4
2021-05-19,Riverside,065,2383286,293880,288398,13825,302223,4442
2021-05-19,Sacramento,067,1510023,105625,105225,1714,106939,1629
2021-05-19,San Benito,069,59416,6051,6064,112,6176,63
2021-05-19,San Bernardino,071,2135413,293079,292078,8903,300981,4725
2021-05-19,San Diego,073,3302833,280298,279345,14883,294228,3746
2021-05-19,San Francisco,075,870044,36635,36835,1258,38093,546
2021-05-19,San Joaquin,077,732212,72943,72338,3473,75811,1369
2021-05-19,San Luis Obispo,079,281455,21331,21085,725,21810,256
2021-05-19,San Mateo,081,765935,42250,42126,464,42590,429
2021-05-19,Santa Barbara,083,443738,34408,34292,1114,35406,459
2021-05-19,Santa Clara,085,1922200,118452,119176,742,119918,2015
2021-05-19,Santa Cruz,087,273765,16216,16121,795,16916,207
2021-05-19,Shasta,089,179085,12224,12233,1547,13780,200
2021-05-19,Sierra,091,2930,56,54,12,66,0
2021-05-19,Siskiyou,093,43540,1910,1803,343,2146,16
2021-05-19,Solano,095,438530,32707,32678,546,33224,253
2021-05-19,Sonoma,097,501317,29964,30080,326,30406,321
2021-05-19,Stanislaus,099,539301,56185,55912,5857,61769,967
2021-05-19,Sutter,101,95872,9424,9459,83,9542,113
2021-05-19,Tehama,103,63373,5058,5026,557,5583,63
2021-05-19,Trinity,105,12862,483,329,88,417,3
2021-05-19,Tulare,107,460477,50166,49163,8845,58008,837
2021-05-19,Tuolumne,109,53932,4020,4074,41,4115,64
2021-05-19,Ventura,111,848112,81289,80747,2941,83688,1019
2021-05-19,Yolo,113,214977,13992,13961,226,14187,211
2021-05-19,Yuba,115,75493,6026,5993,122,6115,49
2021-05-18,Alameda,001,1643700,87897,87816,1905,89721,1254
2021-05-18,Alpine,003,1148,87,88,0,88,0
2021-05-18,Amador,005,37829,3661,3669,32,3701,46
2021-05-18,Butte,007,227075,12476,12164,1791,13955,191
2021-05-18,Calaveras,009,45235,2137,2131,13,2144,54
2021-05-18,Colusa,011,21464,1940,1943,303,2246,14
2021-05-18,Contra Costa,013,1133247,69284,68750,1246,69996,808
2021-05-18,Del Norte,015,27424,1407,1371,12,1383,8
2021-05-18,El Dorado,017,186661,10261,10169,734,10903,112
2021-05-18,Fresno,019,978130,102522,102056,8578,110634,1690
2021-05-18,Glenn,021,27897,2423,2403,553,2956,17
2021-05-18,Humboldt,023,135768,4177,4132,34,4166,42
2021-05-18,Imperial,025,180216,28566,28538,2679,31217,730
2021-05-18,Inyo,027,18085,1404,1401,12,1413,36
2021-05-18,Kern,029,883053,97147,96128,10737,106865,1315
2021-05-18,Kings,031,150075,23127,22916,1066,23982,247
2021-05-18,Lake,033,64148,3512,3495,9,3504,43
2021-05-18,Lassen,035,31185,5197,5157,109,5266,6
2021-05-18,Los Angeles,037,10098052,1205714,1196668,40822,1237490,24133
2021-05-18,Madera,039,155013,16591,16491,921,17412,238
2021-05-18,Marin,041,260295,14075,14026,246,14272,227
2021-05-18,Mariposa,043,17540,429,424,11,435,5
2021-05-18,Mendocino,045,87422,3958,3877,80,3957,47
2021-05-18,Merced,047,269075,30917,31036,1027,32063,452
2021-05-18,Modoc,049,8938,372,364,125,489,3
2021-05-18,Mono,051,14174,1258,1265,16,1281,3
2021-05-18,Monterey,053,433212,43127,43001,1832,44833,379
2021-05-18,Napa,055,140530,9892,9905,34,9939,82
2021-05-18,Nevada,057,99092,4792,4762,187,4949,70
2021-05-18,Orange,059,3164182,255117,254041,11195,265236,5031
2021-05-18,Placer,061,380077,23175,22726,1478,24204,291
2021-05-18,Plumas,063,18699,700,682,10,692,4
2021-05-18,Riverside,065,2383286,293825,288354,13818,302172,4438
2021-05-18,Sacramento,067,1510023,105523,105083,1712,106795,1629
2021-05-18,San Benito,069,59416,6050,6065,112,6177,63
2021-05-18,San Bernardino,071,2135413,293021,292014,8898,300912,4722
2021-05-18,San Diego,073,3302833,280190,279254,14874,294128,3742
2021-05-18,San Francisco,075,870044,36615,36818,1258,38076,546
2021-05-18,San Joaquin,077,732212,72896,72282,3469,75751,1368
2021-05-18,San Luis Obispo,079,281455,21321,21080,723,21803,256
2021-05-18,San Mateo,081,765935,42238,42099,463,42562,428
2021-05-18,Santa Barbara,083,443738,34399,34278,1114,35392,459
2021-05-18,Santa Clara,085,1922200,118425,119171,742,119913,2014
2021-05-18,Santa Cruz,087,273765,16208,16137,795,16932,207
2021-05-18,Shasta,089,179085,12206,12197,1541,13738,200
2021-05-18,Sierra,091,2930,56,54,12,66,0
2021-05-18,Siskiyou,093,43540,1909,1799,343,2142,16
2021-05-18,Solano,095,438530,32682,32644,546,33190,253
2021-05-18,Sonoma,097,501317,29944,30054,325,30379,321
2021-05-18,Stanislaus,099,539301,56150,55860,5857,61717,959
2021-05-18,Sutter,101,95872,9416,9453,83,9536,113
2021-05-18,Tehama,103,63373,5052,5020,555,5575,63
2021-05-18,Trinity,105,12862,483,329,87,416,3
2021-05-18,Tulare,107,460477,50158,49142,8840,57982,836
2021-05-18,Tuolumne,109,53932,4018,4073,41,4114,64
2021-05-18,Ventura,111,848112,81273,80726,2939,83665,1017
2021-05-18,Yolo,113,214977,13985,13951,225,14176,211
2021-05-18,Yuba,115,75493,6022,5989,122,6111,49
2021-05-17,Alameda,001,1643700,87844,87766,1902,89668,1253
2021-05-17,Alpine,003,1148,87,88,0,88,0
2021-05-17,Amador,005,37829,3658,3668,32,3700,46
2021-05-17,Butte,007,227075,12468,12144,1791,13935,192
2021-05-17,Calaveras,009,45235,2137,2131,13,2144,53
2021-05-17,Colusa,011,21464,1940,1943,303,2246,14
2021-05-17,Contra Costa,013,1133247,69229,68720,1245,69965,805
2021-05-17,Del Norte,015,27424,1402,1369,12,1381,8
2021-05-17,El Dorado,017,186661,10244,10163,734,10897,112
2021-05-17,Fresno,019,978130,102478,102013,8570,110583,1690
2021-05-17,Glenn,021,27897,2423,2401,553,2954,17
2021-05-17,Humboldt,023,135768,4166,4112,34,4146,42
2021-05-17,Imperial,025,180216,28560,28533,2677,31210,729
2021-05-17,Inyo,027,18085,1404,1401,12,1413,36
2021-05-17,Kern,029,883053,97118,96095,10720,106815,1315
2021-05-17,Kings,031,150075,23124,22918,1066,23984,246
2021-05-17,Lake,033,64148,3507,3489,9,3498,43
2021-05-17,Lassen,035,31185,5194,5156,108,5264,6
2021-05-17,Los Angeles,037,10098052,1205533,1196556,40816,1237372,24123
2021-05-17,Madera,039,155013,16584,16486,921,17407,238
2021-05-17,Marin,041,260295,14069,14021,246,14267,227
2021-05-17,Mariposa,043,17540,428,423,11,434,5
2021-05-17,Mendocino,045,87422,3949,3868,80,3948,46
2021-05-17,Merced,047,269075,30902,31031,1027,32058,450
2021-05-17,Modoc,049,8938,371,362,125,487,3
2021-05-17,Mono,051,14174,1254,1265,16,1281,3
2021-05-17,Monterey,053,433212,43120,42995,1832,44827,379
2021-05-17,Napa,055,140530,9891,9894,34,9928,82
2021-05-17,Nevada,057,99092,4788,4761,186,4947,70
2021-05-17,Orange,059,3164182,255070,253993,11188,265181,5031
2021-05-17,Placer,061,380077,23152,22706,1471,24177,289
2021-05-17,Plumas,063,18699,700,682,10,692,4
2021-05-17,Riverside,065,2383286,293756,288304,13814,302118,4433
2021-05-17,Sacramento,067,1510023,105415,105035,1710,106745,1629
2021-05-17,San Benito,069,59416,6047,6067,112,6179,63
2021-05-17,San Bernardino,071,2135413,292971,291989,8890,300879,4724
2021-05-17,San Diego,073,3302833,280058,279146,14852,293998,3742
2021-05-17,San Francisco,075,870044,36603,36816,1256,38072,546
2021-05-17,San Joaquin,077,732212,72858,72234,3466,75700,1359
2021-05-17,San Luis Obispo,079,281455,21312,21079,721,21800,256
2021-05-17,San Mateo,081,765935,42210,42083,463,42546,428
2021-05-17,Santa Barbara,083,443738,34392,34275,1114,35389,459
2021-05-17,Santa Clara,085,1922200,118388,119116,740,119856,2015
2021-05-17,Santa Cruz,087,273765,16205,16151,795,16946,206
2021-05-17,Shasta,089,179085,12184,12163,1540,13703,200
2021-05-17,Sierra,091,2930,56,54,12,66,0
2021-05-17,Siskiyou,093,43540,1900,1795,340,2135,15
2021-05-17,Solano,095,438530,32664,32627,545,33172,253
2021-05-17,Sonoma,097,501317,29921,30043,324,30367,321
2021-05-17,Stanislaus,099,539301,56104,55839,5850,61689,951
2021-05-17,Sutter,101,95872,9409,9447,83,9530,113
2021-05-17,Tehama,103,63373,5048,5016,554,5570,63
2021-05-17,Trinity,105,12862,483,328,87,415,3
2021-05-17,Tulare,107,460477,50136,49107,8835,57942,836
2021-05-17,Tuolumne,109,53932,4018,4071,41,4112,64
2021-05-17,Ventura,111,848112,81253,80699,2939,83638,1017
2021-05-17,Yolo,113,214977,13978,13941,225,14166,211
2021-05-17,Yuba,115,75493,6014,5987,122,6109,49
2021-05-16,Alameda,001,1643700,87780,87743,1902,89645,1253
2021-05-16,Alpine,003,1148,87,88,0,88,0
2021-05-16,Amador,005,37829,3657,3667,32,3699,46
2021-05-16,Butte,007,227075,12454,12140,1790,13930,192
2021-05-16,Calaveras,009,45235,2135,2129,13,2142,53
2021-05-16,Colusa,011,21464,1938,1943,303,2246,14
2021-05-16,Contra Costa,013,1133247,69161,68694,1243,69937,805
2021-05-16,Del Norte,015,27424,1399,1365,12,1377,8
2021-05-16,El Dorado,017,186661,10228,10159,733,10892,112
2021-05-16,Fresno,019,978130,102434,101987,8564,110551,1690
2021-05-16,Glenn,021,27897,2423,2401,552,2953,17
2021-05-16,Humboldt,023,135768,4152,4104,34,4138,42
2021-05-16,Imperial,025,180216,28549,28516,2676,31192,729
2021-05-16,Inyo,027,18085,1404,1401,12,1413,36
2021-05-16,Kern,029,883053,97085,96083,10700,106783,1315
2021-05-16,Kings,031,150075,23120,22918,1063,23981,246
2021-05-16,Lake,033,64148,3504,3489,9,3498,43
2021-05-16,Lassen,035,31185,5193,5156,108,5264,6
2021-05-16,Los Angeles,037,10098052,1205308,1196397,40800,1237197,24120
2021-05-16,Madera,039,155013,16579,16483,918,17401,238
2021-05-16,Marin,041,260295,14066,14015,246,14261,227
2021-05-16,Mariposa,043,17540,428,423,11,434,5
2021-05-16,Mendocino,045,87422,3939,3863,80,3943,46
2021-05-16,Merced,047,269075,30881,31023,1025,32048,450
2021-05-16,Modoc,049,8938,371,362,125,487,3
2021-05-16,Mono,051,14174,1254,1265,16,1281,3
2021-05-16,Monterey,053,433212,43115,42991,1832,44823,379
2021-05-16,Napa,055,140530,9888,9891,34,9925,82
2021-05-16,Nevada,057,99092,4784,4755,186,4941,70
2021-05-16,Orange,059,3164182,255038,253962,11185,265147,5031
2021-05-16,Placer,061,380077,23120,22696,1465,24161,289
2021-05-16,Plumas,063,18699,699,682,10,692,4
2021-05-16,Riverside,065,2383286,293680,288259,13806,302065,4433
2021-05-16,Sacramento,067,1510023,105301,105013,1708,106721,1628
2021-05-16,San Benito,069,59416,6046,6067,111,6178,63
2021-05-16,San Bernardino,071,2135413,292899,291940,8888,300828,4724
2021-05-16,San Diego,073,3302833,279940,279099,14839,293938,3742
2021-05-16,San Francisco,075,870044,36580,36808,1255,38063,546
2021-05-16,San Joaquin,077,732212,72809,72218,3461,75679,1359
2021-05-16,San Luis Obispo,079,281455,21304,21072,720,21792,256
2021-05-16,San Mateo,081,765935,42199,42063,462,42525,428
2021-05-16,Santa Barbara,083,443738,34385,34270,1114,35384,459
2021-05-16,Santa Clara,085,1922200,118359,119098,739,119837,2015
2021-05-16,Santa Cruz,087,273765,16203,16143,795,16938,206
2021-05-16,Shasta,089,179085,12168,12156,1536,13692,200
2021-05-16,Sierra,091,2930,56,54,12,66,0
2021-05-16,Siskiyou,093,43540,1896,1790,339,2129,15
2021-05-16,Solano,095,438530,32631,32619,543,33162,253
2021-05-16,Sonoma,097,501317,29902,30033,324,30357,321
2021-05-16,Stanislaus,099,539301,56054,55814,5839,61653,951
2021-05-16,Sutter,101,95872,9402,9445,83,9528,113
2021-05-16,Tehama,103,63373,5044,5013,553,5566,63
2021-05-16,Trinity,105,12862,483,328,87,415,3
2021-05-16,Tulare,107,460477,50119,49091,8832,57923,837
2021-05-16,Tuolumne,109,53932,4014,4070,41,4111,64
2021-05-16,Ventura,111,848112,81222,80689,2939,83628,1017
2021-05-16,Yolo,113,214977,13963,13938,225,14163,211
2021-05-16,Yuba,115,75493,6011,5987,122,6109,49
2021-05-15,Alameda,001,1643700,87754,87677,1901,89578,1252
2021-05-15,Alpine,003,1148,87,88,0,88,0
2021-05-15,Amador,005,37829,3657,3666,32,3698,46
2021-05-15,Butte,007,227075,12447,12095,1789,13884,192
2021-05-15,Calaveras,009,45235,2134,2126,13,2139,53
2021-05-15,Colusa,011,21464,1938,1941,301,2242,14
2021-05-15,Contra Costa,013,1133247,69115,68658,1243,69901,805
2021-05-15,Del Norte,015,27424,1394,1359,12,1371,8
2021-05-15,El Dorado,017,186661,10216,10156,732,10888,112
2021-05-15,Fresno,019,978130,102397,101957,8562,110519,1690
2021-05-15,Glenn,021,27897,2423,2400,552,2952,17
2021-05-15,Humboldt,023,135768,4142,4080,34,4114,42
2021-05-15,Imperial,025,180216,28546,28504,2675,31179,729
2021-05-15,Inyo,027,18085,1404,1402,12,1414,36
2021-05-15,Kern,029,883053,97071,96061,10686,106747,1315
2021-05-15,Kings,031,150075,23119,22913,1063,23976,246
2021-05-15,Lake,033,64148,3503,3485,9,3494,43
2021-05-15,Lassen,035,31185,5190,5156,107,5263,6
2021-05-15,Los Angeles,037,10098052,1205185,1196255,40787,1237042,24115
2021-05-15,Madera,039,155013,16576,16482,918,17400,238
2021-05-15,Marin,041,260295,14062,14012,246,14258,227
2021-05-15,Mariposa,043,17540,428,423,11,434,5
2021-05-15,Mendocino,045,87422,3936,3861,80,3941,46
2021-05-15,Merced,047,269075,30860,31012,1025,32037,450
2021-05-15,Modoc,049,8938,371,362,125,487,3
2021-05-15,Mono,051,14174,1254,1265,16,1281,3
2021-05-15,Monterey,053,433212,43111,42982,1832,44814,379
2021-05-15,Napa,055,140530,9885,9887,34,9921,82
2021-05-15,Nevada,057,99092,4783,4755,186,4941,70
2021-05-15,Orange,059,3164182,255011,253919,11178,265097,5030
2021-05-15,Placer,061,380077,23099,22688,1465,24153,289
2021-05-15,Plumas,063,18699,699,681,10,691,4
2021-05-15,Riverside,065,2383286,293638,288203,13801,302004,4433
2021-05-15,Sacramento,067,1510023,105229,104929,1705,106634,1628
2021-05-15,San Benito,069,59416,6046,6066,111,6177,63
2021-05-15,San Bernardino,071,2135413,292857,291892,8886,300778,4724
2021-05-15,San Diego,073,3302833,279869,278991,14824,293815,3737
2021-05-15,San Francisco,075,870044,36564,36795,1253,38048,546
2021-05-15,San Joaquin,077,732212,72783,72197,3459,75656,1359
2021-05-15,San Luis Obispo,079,281455,21301,21061,719,21780,256
2021-05-15,San Mateo,081,765935,42183,42059,462,42521,428
2021-05-15,Santa Barbara,083,443738,34377,34259,1114,35373,459
2021-05-15,Santa Clara,085,1922200,118338,119060,739,119799,2016
2021-05-15,Santa Cruz,087,273765,16199,16137,795,16932,206
2021-05-15,Shasta,089,179085,12156,12152,1533,13685,200
2021-05-15,Sierra,091,2930,56,54,12,66,0
2021-05-15,Siskiyou,093,43540,1890,1788,337,2125,15
2021-05-15,Solano,095,438530,32622,32604,542,33146,253
2021-05-15,Sonoma,097,501317,29883,30020,324,30344,321
2021-05-15,Stanislaus,099,539301,56023,55795,5832,61627,952
2021-05-15,Sutter,101,95872,9400,9436,83,9519,113
2021-05-15,Tehama,103,63373,5040,5012,552,5564,63
2021-05-15,Trinity,105,12862,483,328,87,415,3
2021-05-15,Tulare,107,460477,50109,49080,8828,57908,837
2021-05-15,Tuolumne,109,53932,4012,4064,41,4105,63
2021-05-15,Ventura,111,848112,81211,80662,2939,83601,1017
2021-05-15,Yolo,113,214977,13956,13932,224,14156,211
2021-05-15,Yuba,115,75493,6008,5979,121,6100,49
2021-05-14,Alameda,001,1643700,87720,87621,1899,89520,1249
2021-05-14,Alpine,003,1148,87,88,0,88,0
2021-05-14,Amador,005,37829,3657,3665,32,3697,46
2021-05-14,Butte,007,227075,12438,12076,1786,13862,192
2021-05-14,Calaveras,009,45235,2130,2121,13,2134,53
2021-05-14,Colusa,011,21464,1937,1940,300,2240,14
2021-05-14,Contra Costa,013,1133247,69073,68589,1241,69830,806
2021-05-14,Del Norte,015,27424,1394,1355,12,1367,8
2021-05-14,El Dorado,017,186661,10209,10143,731,10874,113
2021-05-14,Fresno,019,978130,102368,101917,8556,110473,1688
2021-05-14,Glenn,021,27897,2422,2398,552,2950,17
2021-05-14,Humboldt,023,135768,4135,4050,34,4084,37
2021-05-14,Imperial,025,180216,28539,28485,2674,31159,728
2021-05-14,Inyo,027,18085,1404,1400,12,1412,36
2021-05-14,Kern,029,883053,97041,96033,10677,106710,1311
2021-05-14,Kings,031,150075,23118,22910,1063,23973,246
2021-05-14,Lake,033,64148,3499,3483,9,3492,43
2021-05-14,Lassen,035,31185,5190,5154,107,5261,6
2021-05-14,Los Angeles,037,10098052,1205050,1196038,40782,1236820,24101
2021-05-14,Madera,039,155013,16573,16474,918,17392,238
2021-05-14,Marin,041,260295,14058,14010,246,14256,227
2021-05-14,Mariposa,043,17540,428,422,11,433,5
2021-05-14,Mendocino,045,87422,3934,3855,80,3935,46
2021-05-14,Merced,047,269075,30850,31010,1025,32035,450
2021-05-14,Modoc,049,8938,371,362,125,487,3
2021-05-14,Mono,051,14174,1253,1265,16,1281,3
2021-05-14,Monterey,053,433212,43106,42973,1832,44805,380
2021-05-14,Napa,055,140530,9882,9883,34,9917,82
2021-05-14,Nevada,057,99092,4778,4745,186,4931,70
2021-05-14,Orange,059,3164182,254977,253855,11171,265026,5028
2021-05-14,Placer,061,380077,23080,22660,1459,24119,287
2021-05-14,Plumas,063,18699,698,680,10,690,4
2021-05-14,Riverside,065,2383286,293588,288140,13798,301938,4433
2021-05-14,Sacramento,067,1510023,105140,104828,1704,106532,1627
2021-05-14,San Benito,069,59416,6046,6064,111,6175,63
2021-05-14,San Bernardino,071,2135413,292809,291834,8886,300720,4721
2021-05-14,San Diego,073,3302833,279796,278853,14813,293666,3732
2021-05-14,San Francisco,075,870044,36555,36771,1249,38020,545
2021-05-14,San Joaquin,077,732212,72751,72160,3452,75612,1359
2021-05-14,San Luis Obispo,079,281455,21297,21051,719,21770,256
2021-05-14,San Mateo,081,765935,42173,42041,462,42503,428
2021-05-14,Santa Barbara,083,443738,34367,34243,1114,35357,456
2021-05-14,Santa Clara,085,1922200,118309,119006,739,119745,2014
2021-05-14,Santa Cruz,087,273765,16194,16130,795,16925,207
2021-05-14,Shasta,089,179085,12150,12130,1528,13658,200
2021-05-14,Sierra,091,2930,56,54,12,66,0
2021-05-14,Siskiyou,093,43540,1883,1779,336,2115,14
2021-05-14,Solano,095,438530,32602,32585,541,33126,252
2021-05-14,Sonoma,097,501317,29864,30007,324,30331,321
2021-05-14,Stanislaus,099,539301,55990,55752,5826,61578,950
2021-05-14,Sutter,101,95872,9391,9433,81,9514,113
2021-05-14,Tehama,103,63373,5033,5005,552,5557,63
2021-05-14,Trinity,105,12862,483,328,87,415,3
2021-05-14,Tulare,107,460477,50092,49060,8823,57883,836
2021-05-14,Tuolumne,109,53932,4012,4060,41,4101,63
2021-05-14,Ventura,111,848112,81197,80628,2939,83567,1014
2021-05-14,Yolo,113,214977,13951,13922,220,14142,210
2021-05-14,Yuba,115,75493,6004,5970,121,6091,47
2021-05-13,Alameda,001,1643700,87677,87557,1898,89455,1250
2021-05-13,Alpine,003,1148,87,88,0,88,0
2021-05-13,Amador,005,37829,3657,3662,32,3694,46
2021-05-13,Butte,007,227075,12423,12051,1785,13836,196
2021-05-13,Calaveras,009,45235,2128,2120,13,2133,53
2021-05-13,Colusa,011,21464,1936,1939,296,2235,14
2021-05-13,Contra Costa,013,1133247,69025,68522,1240,69762,806
2021-05-13,Del Norte,015,27424,1392,1354,12,1366,8
2021-05-13,El Dorado,017,186661,10206,10133,731,10864,112
2021-05-13,Fresno,019,978130,102339,101862,8555,110417,1687
2021-05-13,Glenn,021,27897,2421,2395,552,2947,17
2021-05-13,Humboldt,023,135768,4117,4027,34,4061,37
2021-05-13,Imperial,025,180216,28524,28468,2672,31140,729
2021-05-13,Inyo,027,18085,1404,1400,12,1412,36
2021-05-13,Kern,029,883053,97017,95996,10659,106655,1311
2021-05-13,Kings,031,150075,23117,22904,1063,23967,246
2021-05-13,Lake,033,64148,3498,3479,9,3488,43
2021-05-13,Lassen,035,31185,5190,5152,106,5258,6
2021-05-13,Los Angeles,037,10098052,1204861,1195504,40768,1236272,24083
2021-05-13,Madera,039,155013,16565,16467,918,17385,238
2021-05-13,Marin,041,260295,14053,14004,244,14248,227
2021-05-13,Mariposa,043,17540,428,422,11,433,5
2021-05-13,Mendocino,045,87422,3930,3846,80,3926,46
2021-05-13,Merced,047,269075,30843,30989,1024,32013,450
2021-05-13,Modoc,049,8938,371,362,125,487,3
2021-05-13,Mono,051,14174,1253,1265,16,1281,3
2021-05-13,Monterey,053,433212,43091,42966,1832,44798,380
2021-05-13,Napa,055,140530,9875,9877,34,9911,82
2021-05-13,Nevada,057,99092,4774,4743,185,4928,70
2021-05-13,Orange,059,3164182,254932,253778,11169,264947,5026
2021-05-13,Placer,061,380077,23053,22668,1452,24120,288
2021-05-13,Plumas,063,18699,698,680,10,690,4
2021-05-13,Riverside,065,2383286,293522,288067,13793,301860,4433
2021-05-13,Sacramento,067,1510023,105054,104711,1702,106413,1626
2021-05-13,San Benito,069,59416,6044,6062,111,6173,63
2021-05-13,San Bernardino,071,2135413,292743,291765,8886,300651,4722
2021-05-13,San Diego,073,3302833,279682,278592,14796,293388,3729
2021-05-13,San Francisco,075,870044,36531,36741,1247,37988,544
2021-05-13,San Joaquin,077,732212,72709,72096,3448,75544,1357
2021-05-13,San Luis Obispo,079,281455,21282,21043,718,21761,255
2021-05-13,San Mateo,081,765935,42156,42059,462,42521,426
2021-05-13,Santa Barbara,083,443738,34355,34242,1114,35356,456
2021-05-13,Santa Clara,085,1922200,118282,118952,739,119691,2013
2021-05-13,Santa Cruz,087,273765,16188,16129,795,16924,208
2021-05-13,Shasta,089,179085,12130,12111,1524,13635,200
2021-05-13,Sierra,091,2930,56,54,12,66,0
2021-05-13,Siskiyou,093,43540,1876,1769,333,2102,14
2021-05-13,Solano,095,438530,32589,32548,539,33087,252
2021-05-13,Sonoma,097,501317,29839,29991,324,30315,321
2021-05-13,Stanislaus,099,539301,55953,55678,5820,61498,949
2021-05-13,Sutter,101,95872,9386,9431,80,9511,112
2021-05-13,Tehama,103,63373,5028,4997,552,5549,63
2021-05-13,Trinity,105,12862,482,327,86,413,3
2021-05-13,Tulare,107,460477,50066,49032,8815,57847,837
2021-05-13,Tuolumne,109,53932,4011,4059,41,4100,63
2021-05-13,Ventura,111,848112,81167,80615,2938,83553,1012
2021-05-13,Yolo,113,214977,13942,13914,218,14132,210
2021-05-13,Yuba,115,75493,5995,5962,121,6083,47
2021-05-12,Alameda,001,1643700,87645,87482,1896,89378,1261
2021-05-12,Alpine,003,1148,87,88,0,88,0
2021-05-12,Amador,005,37829,3657,3658,32,3690,46
2021-05-12,Butte,007,227075,12413,12026,1785,13811,199
2021-05-12,Calaveras,009,45235,2125,2119,13,2132,53
2021-05-12,Colusa,011,21464,1934,1939,295,2234,14
2021-05-12,Contra Costa,013,1133247,68966,68462,1234,69696,805
2021-05-12,Del Norte,015,27424,1390,1352,12,1364,8
2021-05-12,El Dorado,017,186661,10196,10123,731,10854,112
2021-05-12,Fresno,019,978130,102290,101838,8544,110382,1688
2021-05-12,Glenn,021,27897,2418,2391,552,2943,17
2021-05-12,Humboldt,023,135768,4089,3982,34,4016,37
2021-05-12,Imperial,025,180216,28506,28443,2669,31112,726
2021-05-12,Inyo,027,18085,1404,1400,12,1412,36
2021-05-12,Kern,029,883053,96981,95955,10652,106607,1310
2021-05-12,Kings,031,150075,23115,22896,1063,23959,246
2021-05-12,Lake,033,64148,3496,3476,9,3485,43
2021-05-12,Lassen,035,31185,5188,5151,106,5257,6
2021-05-12,Los Angeles,037,10098052,1204678,1195318,40751,1236069,24067
2021-05-12,Madera,039,155013,16558,16462,917,17379,238
2021-05-12,Marin,041,260295,14048,13997,244,14241,227
2021-05-12,Mariposa,043,17540,428,422,11,433,5
2021-05-12,Mendocino,045,87422,3920,3836,80,3916,46
2021-05-12,Merced,047,269075,30827,30941,1024,31965,450
2021-05-12,Modoc,049,8938,370,362,125,487,3
2021-05-12,Mono,051,14174,1253,1265,16,1281,3
2021-05-12,Monterey,053,433212,43079,42950,1831,44781,380
2021-05-12,Napa,055,140530,9869,9870,34,9904,82
2021-05-12,Nevada,057,99092,4770,4738,185,4923,70
2021-05-12,Orange,059,3164182,254881,253587,11165,264752,5024
2021-05-12,Placer,061,380077,23035,22652,1445,24097,288
2021-05-12,Plumas,063,18699,698,681,10,691,4
2021-05-12,Riverside,065,2383286,293452,287830,13789,301619,4431
2021-05-12,Sacramento,067,1510023,104959,104592,1700,106292,1621
2021-05-12,San Benito,069,59416,6044,6062,111,6173,63
2021-05-12,San Bernardino,071,2135413,292694,291505,8881,300386,4715
2021-05-12,San Diego,073,3302833,279578,278402,14775,293177,3729
2021-05-12,San Francisco,075,870044,36511,36720,1246,37966,544
2021-05-12,San Joaquin,077,732212,72655,72043,3444,75487,1356
2021-05-12,San Luis Obispo,079,281455,21272,21021,718,21739,255
2021-05-12,San Mateo,081,765935,42147,42038,461,42499,426
2021-05-12,Santa Barbara,083,443738,34347,34218,1114,35332,456
2021-05-12,Santa Clara,085,1922200,118238,118897,739,119636,2005
2021-05-12,Santa Cruz,087,273765,16182,16123,795,16918,207
2021-05-12,Shasta,089,179085,12110,12092,1522,13614,200
2021-05-12,Sierra,091,2930,56,54,12,66,0
2021-05-12,Siskiyou,093,43540,1872,1760,332,2092,13
2021-05-12,Solano,095,438530,32565,32519,539,33058,252
2021-05-12,Sonoma,097,501317,29827,29976,324,30300,320
2021-05-12,Stanislaus,099,539301,55913,55632,5813,61445,919
2021-05-12,Sutter,101,95872,9383,9427,80,9507,112
2021-05-12,Tehama,103,63373,5023,4989,552,5541,62
2021-05-12,Trinity,105,12862,482,327,86,413,3
2021-05-12,Tulare,107,460477,50050,49001,8807,57808,838
2021-05-12,Tuolumne,109,53932,4010,4056,41,4097,63
2021-05-12,Ventura,111,848112,81148,80577,2938,83515,1010
2021-05-12,Yolo,113,214977,13934,13910,217,14127,210
2021-05-12,Yuba,115,75493,5992,5956,121,6077,47
2021-05-11,Alameda,001,1643700,87579,87413,1892,89305,1290
2021-05-11,Alpine,003,1148,87,88,0,88,0
2021-05-11,Amador,005,37829,3655,3657,32,3689,46
2021-05-11,Butte,007,227075,12398,12008,1782,13790,199
2021-05-11,Calaveras,009,45235,2125,2118,13,2131,52
2021-05-11,Colusa,011,21464,1933,1939,295,2234,14
2021-05-11,Contra Costa,013,1133247,68906,68406,1233,69639,806
2021-05-11,Del Norte,015,27424,1388,1347,12,1359,8
2021-05-11,El Dorado,017,186661,10190,10108,730,10838,112
2021-05-11,Fresno,019,978130,102244,101792,8539,110331,1686
2021-05-11,Glenn,021,27897,2417,2387,551,2938,17
2021-05-11,Humboldt,023,135768,4068,3964,33,3997,37
2021-05-11,Imperial,025,180216,28498,28413,2665,31078,722
2021-05-11,Inyo,027,18085,1403,1402,12,1414,36
2021-05-11,Kern,029,883053,96953,95938,10639,106577,1310
2021-05-11,Kings,031,150075,23107,22887,1063,23950,246
2021-05-11,Lake,033,64148,3496,3473,9,3482,43
2021-05-11,Lassen,035,31185,5186,5148,106,5254,6
2021-05-11,Los Angeles,037,10098052,1204441,1195100,40734,1235834,24048
2021-05-11,Madera,039,155013,16554,16459,916,17375,238
2021-05-11,Marin,041,260295,14041,13987,244,14231,227
2021-05-11,Mariposa,043,17540,428,421,11,432,5
2021-05-11,Mendocino,045,87422,3912,3821,80,3901,46
2021-05-11,Merced,047,269075,30818,30893,1024,31917,449
2021-05-11,Modoc,049,8938,370,362,124,486,3
2021-05-11,Mono,051,14174,1253,1265,16,1281,3
2021-05-11,Monterey,053,433212,43071,42934,1830,44764,380
2021-05-11,Napa,055,140530,9862,9870,34,9904,81
2021-05-11,Nevada,057,99092,4766,4737,185,4922,70
2021-05-11,Orange,059,3164182,254818,253545,11158,264703,5017
2021-05-11,Placer,061,380077,23013,22615,1441,24056,287
2021-05-11,Plumas,063,18699,696,679,10,689,4
2021-05-11,Riverside,065,2383286,293390,287757,13784,301541,4429
2021-05-11,Sacramento,067,1510023,104860,104496,1697,106193,1616
2021-05-11,San Benito,069,59416,6041,6058,111,6169,63
2021-05-11,San Bernardino,071,2135413,292634,291421,8879,300300,4707
2021-05-11,San Diego,073,3302833,279443,278308,14756,293064,3725
2021-05-11,San Francisco,075,870044,36491,36707,1246,37953,543
2021-05-11,San Joaquin,077,732212,72607,71999,3441,75440,1356
2021-05-11,San Luis Obispo,079,281455,21265,21008,716,21724,255
2021-05-11,San Mateo,081,765935,42128,41985,460,42445,425
2021-05-11,Santa Barbara,083,443738,34337,34207,1114,35321,456
2021-05-11,Santa Clara,085,1922200,118191,118857,738,119595,2005
2021-05-11,Santa Cruz,087,273765,16178,16113,795,16908,206
2021-05-11,Shasta,089,179085,12087,12050,1516,13566,200
2021-05-11,Sierra,091,2930,56,54,12,66,0
2021-05-11,Siskiyou,093,43540,1862,1756,330,2086,13
2021-05-11,Solano,095,438530,32547,32499,537,33036,250
2021-05-11,Sonoma,097,501317,29812,29966,324,30290,318
2021-05-11,Stanislaus,099,539301,55866,55589,5809,61398,909
2021-05-11,Sutter,101,95872,9376,9417,80,9497,112
2021-05-11,Tehama,103,63373,5019,4985,551,5536,62
2021-05-11,Trinity,105,12862,482,327,85,412,3
2021-05-11,Tulare,107,460477,50023,48974,8793,57767,837
2021-05-11,Tuolumne,109,53932,4009,4056,41,4097,63
2021-05-11,Ventura,111,848112,81124,80544,2935,83479,1008
2021-05-11,Yolo,113,214977,13921,13902,214,14116,210
2021-05-11,Yuba,115,75493,5983,5950,121,6071,46
2021-05-10,Alameda,001,1643700,87508,87366,1891,89257,1284
2021-05-10,Alpine,003,1148,87,88,0,88,0
2021-05-10,Amador,005,37829,3654,3657,32,3689,46
2021-05-10,Butte,007,227075,12382,11993,1778,13771,199
2021-05-10,Calaveras,009,45235,2118,2118,13,2131,52
2021-05-10,Colusa,011,21464,1933,1939,295,2234,14
2021-05-10,Contra Costa,013,1133247,68842,68357,1233,69590,806
2021-05-10,Del Norte,015,27424,1385,1339,12,1351,8
2021-05-10,El Dorado,017,186661,10176,10093,730,10823,113
2021-05-10,Fresno,019,978130,102212,101755,8532,110287,1682
2021-05-10,Glenn,021,27897,2416,2384,550,2934,17
2021-05-10,Humboldt,023,135768,4038,3961,33,3994,36
2021-05-10,Imperial,025,180216,28484,28397,2661,31058,722
2021-05-10,Inyo,027,18085,1403,1401,12,1413,36
2021-05-10,Kern,029,883053,96910,95920,10625,106545,1310
2021-05-10,Kings,031,150075,23096,22884,1062,23946,246
2021-05-10,Lake,033,64148,3488,3471,9,3480,43
2021-05-10,Lassen,035,31185,5182,5148,106,5254,5
2021-05-10,Los Angeles,037,10098052,1204174,1194976,40719,1235695,24030
2021-05-10,Madera,039,155013,16544,16450,916,17366,238
2021-05-10,Marin,041,260295,14038,13981,244,14225,228
2021-05-10,Mariposa,043,17540,427,420,11,431,5
2021-05-10,Mendocino,045,87422,3906,3818,80,3898,46
2021-05-10,Merced,047,269075,30808,30880,1024,31904,448
2021-05-10,Modoc,049,8938,370,361,124,485,3
2021-05-10,Mono,051,14174,1253,1265,16,1281,3
2021-05-10,Monterey,053,433212,43065,42927,1825,44752,380
2021-05-10,Napa,055,140530,9860,9860,34,9894,81
2021-05-10,Nevada,057,99092,4759,4735,185,4920,70
2021-05-10,Orange,059,3164182,254765,253484,11152,264636,5008
2021-05-10,Placer,061,380077,22991,22590,1438,24028,286
2021-05-10,Plumas,063,18699,695,679,10,689,4
2021-05-10,Riverside,065,2383286,293321,287689,13778,301467,4427
2021-05-10,Sacramento,067,1510023,104747,104378,1692,106070,1613
2021-05-10,San Benito,069,59416,6040,6058,111,6169,63
2021-05-10,San Bernardino,071,2135413,292583,291360,8878,300238,4707
2021-05-10,San Diego,073,3302833,279279,278183,14729,292912,3725
2021-05-10,San Francisco,075,870044,36472,36683,1246,37929,543
2021-05-10,San Joaquin,077,732212,72571,71954,3427,75381,1356
2021-05-10,San Luis Obispo,079,281455,21247,20993,715,21708,256
2021-05-10,San Mateo,081,765935,42111,41926,460,42386,424
2021-05-10,Santa Barbara,083,443738,34329,34201,1114,35315,456
2021-05-10,Santa Clara,085,1922200,118132,118822,738,119560,2003
2021-05-10,Santa Cruz,087,273765,16173,16114,795,16909,206
2021-05-10,Shasta,089,179085,12073,12036,1512,13548,200
2021-05-10,Sierra,091,2930,56,54,12,66,0
2021-05-10,Siskiyou,093,43540,1852,1752,328,2080,13
2021-05-10,Solano,095,438530,32527,32466,535,33001,250
2021-05-10,Sonoma,097,501317,29797,29955,323,30278,318
2021-05-10,Stanislaus,099,539301,55791,55541,5803,61344,898
2021-05-10,Sutter,101,95872,9370,9412,80,9492,111
2021-05-10,Tehama,103,63373,5015,4980,551,5531,62
2021-05-10,Trinity,105,12862,482,327,83,410,3
2021-05-10,Tulare,107,460477,50000,48956,8787,57743,837
2021-05-10,Tuolumne,109,53932,4005,4054,40,4094,63
2021-05-10,Ventura,111,848112,81108,80501,2934,83435,1008
2021-05-10,Yolo,113,214977,13909,13898,212,14110,209
2021-05-10,Yuba,115,75493,5981,5942,121,6063,46
2021-05-09,Alameda,001,1643700,87437,87292,1888,89180,1284
2021-05-09,Alpine,003,1148,87,88,0,88,0
2021-05-09,Amador,005,37829,3652,3655,32,3687,46
2021-05-09,Butte,007,227075,12364,11985,1774,13759,199
2021-05-09,Calaveras,009,45235,2117,2116,13,2129,52
2021-05-09,Colusa,011,21464,1932,1940,295,2235,14
2021-05-09,Contra Costa,013,1133247,68779,68302,1231,69533,806
2021-05-09,Del Norte,015,27424,1378,1338,12,1350,8
2021-05-09,El Dorado,017,186661,10162,10089,726,10815,113
2021-05-09,Fresno,019,978130,102174,101729,8523,110252,1682
2021-05-09,Glenn,021,27897,2409,2382,547,2929,17
2021-05-09,Humboldt,023,135768,4018,3950,33,3983,36
2021-05-09,Imperial,025,180216,28461,28388,2653,31041,722
2021-05-09,Inyo,027,18085,1403,1401,11,1412,36
2021-05-09,Kern,029,883053,96882,95903,10615,106518,1310
2021-05-09,Kings,031,150075,23087,22878,1062,23940,246
2021-05-09,Lake,033,64148,3484,3471,9,3480,43
2021-05-09,Lassen,035,31185,5180,5147,106,5253,5
2021-05-09,Los Angeles,037,10098052,1203916,1194820,40704,1235524,24026
2021-05-09,Madera,039,155013,16535,16444,910,17354,238
2021-05-09,Marin,041,260295,14027,13979,243,14222,228
2021-05-09,Mariposa,043,17540,424,420,11,431,5
2021-05-09,Mendocino,045,87422,3896,3814,80,3894,46
2021-05-09,Merced,047,269075,30785,30883,1024,31907,448
2021-05-09,Modoc,049,8938,370,360,124,484,3
2021-05-09,Mono,051,14174,1253,1264,16,1280,3
2021-05-09,Monterey,053,433212,43047,42918,1825,44743,380
2021-05-09,Napa,055,140530,9849,9857,34,9891,81
2021-05-09,Nevada,057,99092,4752,4727,185,4912,70
2021-05-09,Orange,059,3164182,254711,253451,11144,264595,5008
2021-05-09,Placer,061,380077,22965,22566,1435,24001,286
2021-05-09,Plumas,063,18699,694,679,10,689,4
2021-05-09,Riverside,065,2383286,293241,287644,13772,301416,4427
2021-05-09,Sacramento,067,1510023,104598,104309,1686,105995,1612
2021-05-09,San Benito,069,59416,6038,6056,111,6167,63
2021-05-09,San Bernardino,071,2135413,292500,291337,8872,300209,4707
2021-05-09,San Diego,073,3302833,279112,277950,14707,292657,3725
2021-05-09,San Francisco,075,870044,36446,36669,1244,37913,543
2021-05-09,San Joaquin,077,732212,72525,71927,3426,75353,1356
2021-05-09,San Luis Obispo,079,281455,21236,20999,715,21714,256
2021-05-09,San Mateo,081,765935,42082,41903,460,42363,424
2021-05-09,Santa Barbara,083,443738,34316,34196,1113,35309,456
2021-05-09,Santa Clara,085,1922200,118078,118798,737,119535,2003
2021-05-09,Santa Cruz,087,273765,16167,16094,795,16889,206
2021-05-09,Shasta,089,179085,12043,12034,1507,13541,200
2021-05-09,Sierra,091,2930,56,54,12,66,0
2021-05-09,Siskiyou,093,43540,1845,1741,325,2066,13
2021-05-09,Solano,095,438530,32488,32434,533,32967,250
2021-05-09,Sonoma,097,501317,29783,29953,322,30275,318
2021-05-09,Stanislaus,099,539301,55725,55511,5799,61310,898
2021-05-09,Sutter,101,95872,9364,9413,80,9493,111
2021-05-09,Tehama,103,63373,5010,4979,551,5530,62
2021-05-09,Trinity,105,12862,482,327,83,410,3
2021-05-09,Tulare,107,460477,49973,48948,8782,57730,837
2021-05-09,Tuolumne,109,53932,4003,4053,40,4093,63
2021-05-09,Ventura,111,848112,81093,80487,2933,83420,1008
2021-05-09,Yolo,113,214977,13899,13897,211,14108,209
2021-05-09,Yuba,115,75493,5975,5934,121,6055,46
2021-05-08,Alameda,001,1643700,87395,87213,1884,89097,1284
2021-05-08,Alpine,003,1148,87,88,0,88,0
2021-05-08,Amador,005,37829,3650,3652,32,3684,46
2021-05-08,Butte,007,227075,12352,11962,1773,13735,199
2021-05-08,Calaveras,009,45235,2116,2114,13,2127,52
2021-05-08,Colusa,011,21464,1932,1939,295,2234,14
2021-05-08,Contra Costa,013,1133247,68746,68223,1229,69452,803
2021-05-08,Del Norte,015,27424,1375,1335,12,1347,8
2021-05-08,El Dorado,017,186661,10148,10079,726,10805,113
2021-05-08,Fresno,019,978130,102138,101676,8518,110194,1682
2021-05-08,Glenn,021,27897,2407,2382,545,2927,17
2021-05-08,Humboldt,023,135768,4002,3939,33,3972,36
2021-05-08,Imperial,025,180216,28453,28373,2653,31026,721
2021-05-08,Inyo,027,18085,1403,1402,11,1413,36
2021-05-08,Kern,029,883053,96857,95880,10602,106482,1310
2021-05-08,Kings,031,150075,23084,22872,1061,23933,246
2021-05-08,Lake,033,64148,3483,3470,9,3479,43
2021-05-08,Lassen,035,31185,5179,5145,106,5251,5
2021-05-08,Los Angeles,037,10098052,1203762,1194584,40688,1235272,24022
2021-05-08,Madera,039,155013,16531,16442,910,17352,238
2021-05-08,Marin,041,260295,14024,13974,242,14216,228
2021-05-08,Mariposa,043,17540,424,420,11,431,5
2021-05-08,Mendocino,045,87422,3891,3810,79,3889,46
2021-05-08,Merced,047,269075,30776,30876,1024,31900,448
2021-05-08,Modoc,049,8938,370,360,123,483,3
2021-05-08,Mono,051,14174,1253,1262,16,1278,3
2021-05-08,Monterey,053,433212,43042,42914,1824,44738,380
2021-05-08,Napa,055,140530,9842,9853,34,9887,81
2021-05-08,Nevada,057,99092,4749,4716,185,4901,70
2021-05-08,Orange,059,3164182,254677,253412,11140,264552,5006
2021-05-08,Placer,061,380077,22947,22547,1433,23980,286
2021-05-08,Plumas,063,18699,693,679,10,689,4
2021-05-08,Riverside,065,2383286,293198,287574,13770,301344,4427
2021-05-08,Sacramento,067,1510023,104513,104208,1683,105891,1610
2021-05-08,San Benito,069,59416,6037,6048,111,6159,63
2021-05-08,San Bernardino,071,2135413,292457,291296,8872,300168,4707
2021-05-08,San Diego,073,3302833,279029,277760,14689,292449,3725
2021-05-08,San Francisco,075,870044,36423,36642,1244,37886,543
2021-05-08,San Joaquin,077,732212,72496,71869,3417,75286,1356
2021-05-08,San Luis Obispo,079,281455,21225,20992,715,21707,256
2021-05-08,San Mateo,081,765935,42071,41871,460,42331,424
2021-05-08,Santa Barbara,083,443738,34303,34185,1113,35298,456
2021-05-08,Santa Clara,085,1922200,118047,118751,737,119488,2003
2021-05-08,Santa Cruz,087,273765,16164,16089,795,16884,206
2021-05-08,Shasta,089,179085,12033,12030,1503,13533,200
2021-05-08,Sierra,091,2930,56,54,12,66,0
2021-05-08,Siskiyou,093,43540,1844,1741,321,2062,13
2021-05-08,Solano,095,438530,32464,32395,531,32926,249
2021-05-08,Sonoma,097,501317,29770,29942,322,30264,318
2021-05-08,Stanislaus,099,539301,55694,55467,5795,61262,898
2021-05-08,Sutter,101,95872,9361,9413,80,9493,111
2021-05-08,Tehama,103,63373,5008,4977,551,5528,62
2021-05-08,Trinity,105,12862,482,327,83,410,3
2021-05-08,Tulare,107,460477,49959,48929,8772,57701,837
2021-05-08,Tuolumne,109,53932,4002,4050,40,4090,63
2021-05-08,Ventura,111,848112,81082,80481,2930,83411,1008
2021-05-08,Yolo,113,214977,13896,13894,210,14104,209
2021-05-08,Yuba,115,75493,5967,5928,121,6049,46
2021-05-07,Alameda,001,1643700,87342,87128,1884,89012,1280
2021-05-07,Alpine,003,1148,87,88,0,88,0
2021-05-07,Amador,005,37829,3647,3651,32,3683,46
2021-05-07,Butte,007,227075,12331,11943,1770,13713,199
2021-05-07,Calaveras,009,45235,2114,2114,13,2127,52
2021-05-07,Colusa,011,21464,1932,1937,295,2232,14
2021-05-07,Contra Costa,013,1133247,68699,68156,1227,69383,804
2021-05-07,Del Norte,015,27424,1370,1329,12,1341,8
2021-05-07,El Dorado,017,186661,10135,10065,724,10789,112
2021-05-07,Fresno,019,978130,102105,101625,8517,110142,1684
2021-05-07,Glenn,021,27897,2404,2381,544,2925,17
2021-05-07,Humboldt,023,135768,3987,3919,33,3952,36
2021-05-07,Imperial,025,180216,28445,28352,2653,31005,721
2021-05-07,Inyo,027,18085,1403,1402,11,1413,36
2021-05-07,Kern,029,883053,96844,95839,10590,106429,1308
2021-05-07,Kings,031,150075,23083,22857,1060,23917,246
2021-05-07,Lake,033,64148,3481,3467,9,3476,43
2021-05-07,Lassen,035,31185,5178,5144,105,5249,5
2021-05-07,Los Angeles,037,10098052,1203582,1194294,40681,1234975,24008
2021-05-07,Madera,039,155013,16526,16439,910,17349,238
2021-05-07,Marin,041,260295,14020,13968,242,14210,228
2021-05-07,Mariposa,043,17540,423,419,11,430,5
2021-05-07,Mendocino,045,87422,3885,3805,79,3884,46
2021-05-07,Merced,047,269075,30773,30862,1024,31886,446
2021-05-07,Modoc,049,8938,370,360,123,483,3
2021-05-07,Mono,051,14174,1252,1261,16,1277,3
2021-05-07,Monterey,053,433212,43036,42909,1822,44731,380
2021-05-07,Napa,055,140530,9841,9849,34,9883,81
2021-05-07,Nevada,057,99092,4745,4704,185,4889,70
2021-05-07,Orange,059,3164182,254637,253338,11132,264470,5000
2021-05-07,Placer,061,380077,22927,22524,1431,23955,286
2021-05-07,Plumas,063,18699,693,678,10,688,4
2021-05-07,Riverside,065,2383286,293140,287479,13769,301248,4426
2021-05-07,Sacramento,067,1510023,104441,104068,1678,105746,1609
2021-05-07,San Benito,069,59416,6036,6048,111,6159,63
2021-05-07,San Bernardino,071,2135413,292415,291185,8867,300052,4697
2021-05-07,San Diego,073,3302833,278943,277534,14673,292207,3718
2021-05-07,San Francisco,075,870044,36410,36616,1243,37859,543
2021-05-07,San Joaquin,077,732212,72456,71804,3415,75219,1351
2021-05-07,San Luis Obispo,079,281455,21218,20979,715,21694,256
2021-05-07,San Mateo,081,765935,42056,41844,460,42304,424
2021-05-07,Santa Barbara,083,443738,34293,34166,1113,35279,453
2021-05-07,Santa Clara,085,1922200,118014,118691,736,119427,2002
2021-05-07,Santa Cruz,087,273765,16161,16074,795,16869,206
2021-05-07,Shasta,089,179085,12011,12005,1501,13506,200
2021-05-07,Sierra,091,2930,56,54,12,66,0
2021-05-07,Siskiyou,093,43540,1841,1723,321,2044,13
2021-05-07,Solano,095,438530,32436,32352,529,32881,249
2021-05-07,Sonoma,097,501317,29752,29925,320,30245,318
2021-05-07,Stanislaus,099,539301,55653,55407,5790,61197,896
2021-05-07,Sutter,101,95872,9361,9407,80,9487,111
2021-05-07,Tehama,103,63373,5001,4974,551,5525,57
2021-05-07,Trinity,105,12862,482,327,83,410,3
2021-05-07,Tulare,107,460477,49942,48913,8767,57680,837
2021-05-07,Tuolumne,109,53932,4000,4048,40,4088,63
2021-05-07,Ventura,111,848112,81058,80444,2930,83374,1008
2021-05-07,Yolo,113,214977,13890,13875,209,14084,209
2021-05-07,Yuba,115,75493,5957,5910,121,6031,46
2021-05-06,Alameda,001,1643700,87266,87028,1881,88909,1278
2021-05-06,Alpine,003,1148,87,88,0,88,0
2021-05-06,Amador,005,37829,3645,3650,32,3682,46
2021-05-06,Butte,007,227075,12311,11929,1765,13694,198
2021-05-06,Calaveras,009,45235,2114,2111,13,2124,52
2021-05-06,Colusa,011,21464,1932,1935,295,2230,14
2021-05-06,Contra Costa,013,1133247,68644,68076,1224,69300,802
2021-05-06,Del Norte,015,27424,1362,1324,12,1336,6
2021-05-06,El Dorado,017,186661,10128,10048,724,10772,112
2021-05-06,Fresno,019,978130,102061,101536,8513,110049,1680
2021-05-06,Glenn,021,27897,2403,2380,543,2923,17
2021-05-06,Humboldt,023,135768,3962,3898,33,3931,36
2021-05-06,Imperial,025,180216,28434,28311,2652,30963,720
2021-05-06,Inyo,027,18085,1403,1401,11,1412,36
2021-05-06,Kern,029,883053,96819,95801,10573,106374,1307
2021-05-06,Kings,031,150075,23076,22848,1059,23907,246
2021-05-06,Lake,033,64148,3480,3465,9,3474,43
2021-05-06,Lassen,035,31185,5177,5143,105,5248,1
2021-05-06,Los Angeles,037,10098052,1203340,1193954,40665,1234619,23991
2021-05-06,Madera,039,155013,16518,16430,910,17340,238
2021-05-06,Marin,041,260295,14016,13956,242,14198,228
2021-05-06,Mariposa,043,17540,422,419,11,430,5
2021-05-06,Mendocino,045,87422,3874,3802,79,3881,46
2021-05-06,Merced,047,269075,30758,30863,1023,31886,444
2021-05-06,Modoc,049,8938,370,360,123,483,3
2021-05-06,Mono,051,14174,1250,1261,16,1277,3
2021-05-06,Monterey,053,433212,43021,42899,1822,44721,379
2021-05-06,Napa,055,140530,9835,9843,34,9877,81
2021-05-06,Nevada,057,99092,4744,4687,185,4872,70
2021-05-06,Orange,059,3164182,254569,253286,11126,264412,4991
2021-05-06,Placer,061,380077,22905,22493,1431,23924,286
2021-05-06,Plumas,063,18699,693,678,10,688,4
2021-05-06,Riverside,065,2383286,293067,287399,13764,301163,4422
2021-05-06,Sacramento,067,1510023,104325,103956,1675,105631,1609
2021-05-06,San Benito,069,59416,6035,6045,111,6156,63
2021-05-06,San Bernardino,071,2135413,292345,291085,8866,299951,4683
2021-05-06,San Diego,073,3302833,278816,277324,14650,291974,3716
2021-05-06,San Francisco,075,870044,36395,36599,1243,37842,543
2021-05-06,San Joaquin,077,732212,72401,71729,3412,75141,1350
2021-05-06,San Luis Obispo,079,281455,21206,20965,713,21678,256
2021-05-06,San Mateo,081,765935,42037,41802,459,42261,424
2021-05-06,Santa Barbara,083,443738,34280,34152,1113,35265,453
2021-05-06,Santa Clara,085,1922200,117973,118591,736,119327,2001
2021-05-06,Santa Cruz,087,273765,16154,16050,795,16845,206
2021-05-06,Shasta,089,179085,11989,11983,1495,13478,199
2021-05-06,Sierra,091,2930,56,54,12,66,0
2021-05-06,Siskiyou,093,43540,1831,1711,320,2031,12
2021-05-06,Solano,095,438530,32410,32320,521,32841,249
2021-05-06,Sonoma,097,501317,29744,29911,320,30231,318
2021-05-06,Stanislaus,099,539301,55597,55323,5785,61108,834
2021-05-06,Sutter,101,95872,9355,9396,80,9476,111
2021-05-06,Tehama,103,63373,4996,4970,551,5521,53
2021-05-06,Trinity,105,12862,482,327,83,410,3
2021-05-06,Tulare,107,460477,49917,48890,8752,57642,836
2021-05-06,Tuolumne,109,53932,3996,4047,40,4087,63
2021-05-06,Ventura,111,848112,81027,80411,2927,83338,1005
2021-05-06,Yolo,113,214977,13882,13871,206,14077,209
2021-05-06,Yuba,115,75493,5945,5901,121,6022,46
2021-05-05,Alameda,001,1643700,87204,86950,1879,88829,1278
2021-05-05,Alpine,003,1148,87,88,0,88,0
2021-05-05,Amador,005,37829,3642,3650,32,3682,46
2021-05-05,Butte,007,227075,12293,11907,1762,13669,198
2021-05-05,Calaveras,009,45235,2110,2103,13,2116,52
2021-05-05,Colusa,011,21464,1931,1933,295,2228,14
2021-05-05,Contra Costa,013,1133247,68579,67997,1220,69217,803
2021-05-05,Del Norte,015,27424,1359,1317,12,1329,6
2021-05-05,El Dorado,017,186661,10117,10020,723,10743,111
2021-05-05,Fresno,019,978130,102012,101491,8504,109995,1680
2021-05-05,Glenn,021,27897,2400,2380,542,2922,17
2021-05-05,Humboldt,023,135768,3943,3886,32,3918,36
2021-05-05,Imperial,025,180216,28393,28295,2645,30940,720
2021-05-05,Inyo,027,18085,1402,1401,11,1412,36
2021-05-05,Kern,029,883053,96775,95753,10569,106322,1304
2021-05-05,Kings,031,150075,23070,22840,1058,23898,246
2021-05-05,Lake,033,64148,3477,3458,9,3467,43
2021-05-05,Lassen,035,31185,5177,5143,104,5247,1
2021-05-05,Los Angeles,037,10098052,1203073,1193608,40651,1234259,23977
2021-05-05,Madera,039,155013,16516,16423,910,17333,235
2021-05-05,Marin,041,260295,14008,13950,241,14191,228
2021-05-05,Mariposa,043,17540,422,418,11,429,5
2021-05-05,Mendocino,045,87422,3870,3799,79,3878,46
2021-05-05,Merced,047,269075,30737,30844,1023,31867,444
2021-05-05,Modoc,049,8938,369,361,122,483,3
2021-05-05,Mono,051,14174,1250,1260,16,1276,3
2021-05-05,Monterey,053,433212,43008,42870,1819,44689,379
2021-05-05,Napa,055,140530,9829,9833,34,9867,81
2021-05-05,Nevada,057,99092,4741,4666,185,4851,70
2021-05-05,Orange,059,3164182,254511,253237,11121,264358,4978
2021-05-05,Placer,061,380077,22873,22362,1427,23789,287
2021-05-05,Plumas,063,18699,693,677,10,687,4
2021-05-05,Riverside,065,2383286,292972,287353,13755,301108,4414
2021-05-05,Sacramento,067,1510023,104237,103476,1670,105146,1607
2021-05-05,San Benito,069,59416,6026,6046,111,6157,63
2021-05-05,San Bernardino,071,2135413,292270,291008,8862,299870,4677
2021-05-05,San Diego,073,3302833,278679,277098,14631,291729,3716
2021-05-05,San Francisco,075,870044,36381,36577,1242,37819,543
2021-05-05,San Joaquin,077,732212,72348,71638,3409,75047,1345
2021-05-05,San Luis Obispo,079,281455,21198,20958,713,21671,256
2021-05-05,San Mateo,081,765935,42008,41755,458,42213,415
2021-05-05,Santa Barbara,083,443738,34265,34139,1112,35251,453
2021-05-05,Santa Clara,085,1922200,117943,118482,733,119215,1992
2021-05-05,Santa Cruz,087,273765,16148,16013,795,16808,207
2021-05-05,Shasta,089,179085,11973,11939,1491,13430,200
2021-05-05,Sierra,091,2930,56,54,12,66,0
2021-05-05,Siskiyou,093,43540,1814,1706,312,2018,11
2021-05-05,Solano,095,438530,32375,32250,519,32769,249
2021-05-05,Sonoma,097,501317,29731,29879,320,30199,318
2021-05-05,Stanislaus,099,539301,55540,55231,5783,61014,807
2021-05-05,Sutter,101,95872,9349,9387,80,9467,111
2021-05-05,Tehama,103,63373,4992,4968,551,5519,53
2021-05-05,Trinity,105,12862,482,326,83,409,3
2021-05-05,Tulare,107,460477,49893,48875,8745,57620,835
2021-05-05,Tuolumne,109,53932,3993,4040,40,4080,63
2021-05-05,Ventura,111,848112,80999,80372,2923,83295,1005
2021-05-05,Yolo,113,214977,13878,13846,204,14050,209
2021-05-05,Yuba,115,75493,5935,5895,120,6015,44
2021-05-04,Alameda,001,1643700,87112,86894,1879,88773,1277
2021-05-04,Alpine,003,1148,87,88,0,88,0
2021-05-04,Amador,005,37829,3642,3650,32,3682,46
2021-05-04,Butte,007,227075,12269,11883,1761,13644,198
2021-05-04,Calaveras,009,45235,2106,2100,13,2113,52
2021-05-04,Colusa,011,21464,1930,1933,295,2228,14
2021-05-04,Contra Costa,013,1133247,68499,67931,1218,69149,799
2021-05-04,Del Norte,015,27424,1359,1314,12,1326,6
2021-05-04,El Dorado,017,186661,10106,10009,719,10728,110
2021-05-04,Fresno,019,978130,101957,101451,8497,109948,1677
2021-05-04,Glenn,021,27897,2397,2379,539,2918,17
2021-05-04,Humboldt,023,135768,3917,3877,32,3909,36
2021-05-04,Imperial,025,180216,28373,28276,2642,30918,720
2021-05-04,Inyo,027,18085,1402,1399,11,1410,36
2021-05-04,Kern,029,883053,96739,95720,10551,106271,1301
2021-05-04,Kings,031,150075,23056,22822,1055,23877,246
2021-05-04,Lake,033,64148,3476,3454,9,3463,43
2021-05-04,Lassen,035,31185,5176,5142,104,5246,1
2021-05-04,Los Angeles,037,10098052,1202783,1193453,40638,1234091,23957
2021-05-04,Madera,039,155013,16515,16418,910,17328,235
2021-05-04,Marin,041,260295,14000,13935,241,14176,228
2021-05-04,Mariposa,043,17540,422,418,11,429,5
2021-05-04,Mendocino,045,87422,3865,3794,79,3873,46
2021-05-04,Merced,047,269075,30720,30829,1023,31852,444
2021-05-04,Modoc,049,8938,368,360,121,481,3
2021-05-04,Mono,051,14174,1250,1260,16,1276,3
2021-05-04,Monterey,053,433212,42996,42845,1818,44663,380
2021-05-04,Napa,055,140530,9820,9824,34,9858,81
2021-05-04,Nevada,057,99092,4734,4656,185,4841,70
2021-05-04,Orange,059,3164182,254443,253177,11113,264290,4977
2021-05-04,Placer,061,380077,22845,22326,1424,23750,287
2021-05-04,Plumas,063,18699,692,675,10,685,4
2021-05-04,Riverside,065,2383286,292888,287285,13748,301033,4411
2021-05-04,Sacramento,067,1510023,104108,103383,1665,105048,1604
2021-05-04,San Benito,069,59416,6025,6039,111,6150,63
2021-05-04,San Bernardino,071,2135413,292193,290934,8855,299789,4668
2021-05-04,San Diego,073,3302833,278512,276879,14614,291493,3713
2021-05-04,San Francisco,075,870044,36364,36550,1242,37792,541
2021-05-04,San Joaquin,077,732212,72287,71582,3404,74986,1342
2021-05-04,San Luis Obispo,079,281455,21192,20923,711,21634,255
2021-05-04,San Mateo,081,765935,41982,41708,458,42166,415
2021-05-04,Santa Barbara,083,443738,34250,34131,1111,35242,453
2021-05-04,Santa Clara,085,1922200,117880,118431,732,119163,1988
2021-05-04,Santa Cruz,087,273765,16142,16005,795,16800,207
2021-05-04,Shasta,089,179085,11953,11923,1485,13408,198
2021-05-04,Sierra,091,2930,56,54,12,66,0
2021-05-04,Siskiyou,093,43540,1807,1694,310,2004,11
2021-05-04,Solano,095,438530,32334,32220,517,32737,249
2021-05-04,Sonoma,097,501317,29711,29867,319,30186,318
2021-05-04,Stanislaus,099,539301,55484,55165,5780,60945,807
2021-05-04,Sutter,101,95872,9344,9375,80,9455,111
2021-05-04,Tehama,103,63373,4989,4959,550,5509,53
2021-05-04,Trinity,105,12862,482,326,83,409,3
2021-05-04,Tulare,107,460477,49866,48857,8737,57594,835
2021-05-04,Tuolumne,109,53932,3991,4041,40,4081,61
2021-05-04,Ventura,111,848112,80970,80351,2921,83272,1005
2021-05-04,Yolo,113,214977,13865,13820,202,14022,208
2021-05-04,Yuba,115,75493,5929,5891,120,6011,44
2021-05-03,Alameda,001,1643700,87036,86845,1874,88719,1272
2021-05-03,Alpine,003,1148,87,88,0,88,0
2021-05-03,Amador,005,37829,3642,3651,32,3683,46
2021-05-03,Butte,007,227075,12259,11864,1758,13622,198
2021-05-03,Calaveras,009,45235,2104,2099,13,2112,50
2021-05-03,Colusa,011,21464,1929,1931,293,2224,14
2021-05-03,Contra Costa,013,1133247,68440,67895,1214,69109,799
2021-05-03,Del Norte,015,27424,1354,1306,11,1317,6
2021-05-03,El Dorado,017,186661,10088,9984,714,10698,110
2021-05-03,Fresno,019,978130,101901,101405,8486,109891,1678
2021-05-03,Glenn,021,27897,2397,2375,538,2913,17
2021-05-03,Humboldt,023,135768,3902,3865,32,3897,36
2021-05-03,Imperial,025,180216,28351,28280,2639,30919,720
2021-05-03,Inyo,027,18085,1401,1398,11,1409,36
2021-05-03,Kern,029,883053,96702,95693,10540,106233,1299
2021-05-03,Kings,031,150075,23047,22821,1055,23876,246
2021-05-03,Lake,033,64148,3474,3446,9,3455,43
2021-05-03,Lassen,035,31185,5175,5142,104,5246,1
2021-05-03,Los Angeles,037,10098052,1202515,1193261,40612,1233873,23942
2021-05-03,Madera,039,155013,16510,16414,909,17323,235
2021-05-03,Marin,041,260295,13994,13927,241,14168,228
2021-05-03,Mariposa,043,17540,422,418,11,429,5
2021-05-03,Mendocino,045,87422,3858,3792,79,3871,46
2021-05-03,Merced,047,269075,30709,30814,1021,31835,444
2021-05-03,Modoc,049,8938,368,360,121,481,3
2021-05-03,Mono,051,14174,1250,1259,16,1275,3
2021-05-03,Monterey,053,433212,42984,42837,1816,44653,380
2021-05-03,Napa,055,140530,9815,9815,34,9849,81
2021-05-03,Nevada,057,99092,4726,4650,185,4835,70
2021-05-03,Orange,059,3164182,254384,253107,11104,264211,4968
2021-05-03,Placer,061,380077,22814,22289,1418,23707,287
2021-05-03,Plumas,063,18699,691,675,10,685,4
2021-05-03,Riverside,065,2383286,292814,287233,13747,300980,4412
2021-05-03,Sacramento,067,1510023,103955,103303,1655,104958,1602
2021-05-03,San Benito,069,59416,6024,6038,111,6149,63
2021-05-03,San Bernardino,071,2135413,292125,290886,8852,299738,4659
2021-05-03,San Diego,073,3302833,278349,276693,14589,291282,3712
2021-05-03,San Francisco,075,870044,36338,36538,1242,37780,541
2021-05-03,San Joaquin,077,732212,72237,71504,3401,74905,1325
2021-05-03,San Luis Obispo,079,281455,21176,20915,708,21623,254
2021-05-03,San Mateo,081,765935,41959,41689,457,42146,413
2021-05-03,Santa Barbara,083,443738,34238,34119,1111,35230,453
2021-05-03,Santa Clara,085,1922200,117826,118373,731,119104,1988
2021-05-03,Santa Cruz,087,273765,16139,16000,795,16795,207
2021-05-03,Shasta,089,179085,11930,11890,1480,13370,197
2021-05-03,Sierra,091,2930,56,54,12,66,0
2021-05-03,Siskiyou,093,43540,1801,1683,304,1987,11
2021-05-03,Solano,095,438530,32293,32201,516,32717,249
2021-05-03,Sonoma,097,501317,29699,29855,316,30171,318
2021-05-03,Stanislaus,099,539301,55418,55116,5771,60887,774
2021-05-03,Sutter,101,95872,9332,9370,80,9450,111
2021-05-03,Tehama,103,63373,4981,4952,550,5502,53
2021-05-03,Trinity,105,12862,482,326,83,409,3
2021-05-03,Tulare,107,460477,49848,48844,8727,57571,835
2021-05-03,Tuolumne,109,53932,3990,4038,40,4078,61
2021-05-03,Ventura,111,848112,80948,80291,2921,83212,1005
2021-05-03,Yolo,113,214977,13852,13809,200,14009,208
2021-05-03,Yuba,115,75493,5924,5880,120,6000,44
2021-05-02,Alameda,001,1643700,86951,86784,1872,88656,1272
2021-05-02,Alpine,003,1148,87,88,0,88,0
2021-05-02,Amador,005,37829,3642,3650,32,3682,46
2021-05-02,Butte,007,227075,12235,11859,1756,13615,198
2021-05-02,Calaveras,009,45235,2100,2098,13,2111,50
2021-05-02,Colusa,011,21464,1928,1931,292,2223,14
2021-05-02,Contra Costa,013,1133247,68355,67843,1212,69055,800
2021-05-02,Del Norte,015,27424,1347,1305,11,1316,6
2021-05-02,El Dorado,017,186661,10073,9962,713,10675,110
2021-05-02,Fresno,019,978130,101829,101372,8475,109847,1678
2021-05-02,Glenn,021,27897,2396,2374,536,2910,17
2021-05-02,Humboldt,023,135768,3890,3858,31,3889,36
2021-05-02,Imperial,025,180216,28317,28275,2630,30905,721
2021-05-02,Inyo,027,18085,1399,1398,11,1409,36
2021-05-02,Kern,029,883053,96644,95668,10533,106201,1299
2021-05-02,Kings,031,150075,23029,22816,1054,23870,246
2021-05-02,Lake,033,64148,3472,3443,9,3452,43
2021-05-02,Lassen,035,31185,5174,5142,103,5245,1
2021-05-02,Los Angeles,037,10098052,1202163,1193056,40591,1233647,23943
2021-05-02,Madera,039,155013,16504,16410,909,17319,235
2021-05-02,Marin,041,260295,13984,13917,241,14158,228
2021-05-02,Mariposa,043,17540,422,419,11,430,5
2021-05-02,Mendocino,045,87422,3853,3787,79,3866,46
2021-05-02,Merced,047,269075,30689,30793,1017,31810,444
2021-05-02,Modoc,049,8938,367,360,121,481,3
2021-05-02,Mono,051,14174,1249,1259,16,1275,3
2021-05-02,Monterey,053,433212,42970,42837,1815,44652,380
2021-05-02,Napa,055,140530,9811,9805,34,9839,81
2021-05-02,Nevada,057,99092,4710,4635,185,4820,70
2021-05-02,Orange,059,3164182,254310,253025,11090,264115,4968
2021-05-02,Placer,061,380077,22785,22264,1415,23679,287
2021-05-02,Plumas,063,18699,691,675,10,685,4
2021-05-02,Riverside,065,2383286,292714,287197,13737,300934,4412
2021-05-02,Sacramento,067,1510023,103815,103153,1648,104801,1602
2021-05-02,San Benito,069,59416,6019,6037,111,6148,63
2021-05-02,San Bernardino,071,2135413,292026,290859,8850,299709,4655
2021-05-02,San Diego,073,3302833,278153,276521,14562,291083,3712
2021-05-02,San Francisco,075,870044,36312,36522,1242,37764,541
2021-05-02,San Joaquin,077,732212,72173,71447,3395,74842,1325
2021-05-02,San Luis Obispo,079,281455,21155,20910,707,21617,254
2021-05-02,San Mateo,081,765935,41943,41656,456,42112,412
2021-05-02,Santa Barbara,083,443738,34224,34106,1111,35217,453
2021-05-02,Santa Clara,085,1922200,117752,118321,731,119052,1988
2021-05-02,Santa Cruz,087,273765,16134,15995,794,16789,207
2021-05-02,Shasta,089,179085,11914,11885,1472,13357,197
2021-05-02,Sierra,091,2930,56,54,12,66,0
2021-05-02,Siskiyou,093,43540,1790,1661,303,1964,11
2021-05-02,Solano,095,438530,32254,32151,512,32663,249
2021-05-02,Sonoma,097,501317,29677,29842,316,30158,318
2021-05-02,Stanislaus,099,539301,55344,55057,5764,60821,774
2021-05-02,Sutter,101,95872,9326,9363,80,9443,111
2021-05-02,Tehama,103,63373,4976,4950,548,5498,53
2021-05-02,Trinity,105,12862,482,326,83,409,3
2021-05-02,Tulare,107,460477,49830,48834,8719,57553,835
2021-05-02,Tuolumne,109,53932,3987,4038,40,4078,61
2021-05-02,Ventura,111,848112,80910,80284,2920,83204,1005
2021-05-02,Yolo,113,214977,13840,13799,199,13998,208
2021-05-02,Yuba,115,75493,5914,5879,120,5999,44
2021-05-01,Alameda,001,1643700,86908,86704,1869,88573,1270
2021-05-01,Alpine,003,1148,87,88,0,88,0
2021-05-01,Amador,005,37829,3642,3650,32,3682,46
2021-05-01,Butte,007,227075,12221,11845,1751,13596,198
2021-05-01,Calaveras,009,45235,2098,2096,13,2109,50
2021-05-01,Colusa,011,21464,1927,1931,292,2223,14
2021-05-01,Contra Costa,013,1133247,68303,67779,1209,68988,800
2021-05-01,Del Norte,015,27424,1346,1292,11,1303,6
2021-05-01,El Dorado,017,186661,10059,9944,711,10655,110
2021-05-01,Fresno,019,978130,101784,101326,8469,109795,1678
2021-05-01,Glenn,021,27897,2393,2369,535,2904,17
2021-05-01,Humboldt,023,135768,3876,3845,31,3876,36
2021-05-01,Imperial,025,180216,28310,28262,2630,30892,721
2021-05-01,Inyo,027,18085,1399,1397,11,1408,36
2021-05-01,Kern,029,883053,96617,95645,10522,106167,1299
2021-05-01,Kings,031,150075,23026,22797,1053,23850,246
2021-05-01,Lake,033,64148,3470,3441,9,3450,43
2021-05-01,Lassen,035,31185,5172,5142,103,5245,1
2021-05-01,Los Angeles,037,10098052,1201993,1192781,40577,1233358,23946
2021-05-01,Madera,039,155013,16500,16408,909,17317,235
2021-05-01,Marin,041,260295,13977,13902,241,14143,228
2021-05-01,Mariposa,043,17540,422,418,11,429,5
2021-05-01,Mendocino,045,87422,3851,3782,79,3861,46
2021-05-01,Merced,047,269075,30672,30771,1016,31787,444
2021-05-01,Modoc,049,8938,367,361,121,482,3
2021-05-01,Mono,051,14174,1249,1258,16,1274,3
2021-05-01,Monterey,053,433212,42964,42828,1815,44643,379
2021-05-01,Napa,055,140530,9808,9800,34,9834,81
2021-05-01,Nevada,057,99092,4705,4625,185,4810,70
2021-05-01,Orange,059,3164182,254267,252969,11080,264049,4964
2021-05-01,Placer,061,380077,22759,22240,1413,23653,287
2021-05-01,Plumas,063,18699,690,675,10,685,4
2021-05-01,Riverside,065,2383286,292675,287129,13735,300864,4412
2021-05-01,Sacramento,067,1510023,103734,103043,1647,104690,1602
2021-05-01,San Benito,069,59416,6016,6030,111,6141,63
2021-05-01,San Bernardino,071,2135413,291983,290802,8849,299651,4652
2021-05-01,San Diego,073,3302833,278029,276367,14541,290908,3706
2021-05-01,San Francisco,075,870044,36297,36496,1242,37738,541
2021-05-01,San Joaquin,077,732212,72124,71389,3393,74782,1325
2021-05-01,San Luis Obispo,079,281455,21150,20896,707,21603,254
2021-05-01,San Mateo,081,765935,41914,41617,455,42072,411
2021-05-01,Santa Barbara,083,443738,34219,34085,1110,35195,453
2021-05-01,Santa Clara,085,1922200,117700,118265,729,118994,1988
2021-05-01,Santa Cruz,087,273765,16131,15984,794,16778,207
2021-05-01,Shasta,089,179085,11894,11878,1465,13343,197
2021-05-01,Sierra,091,2930,56,53,12,65,0
2021-05-01,Siskiyou,093,43540,1782,1653,302,1955,11
2021-05-01,Solano,095,438530,32224,32124,504,32628,249
2021-05-01,Sonoma,097,501317,29674,29835,316,30151,318
2021-05-01,Stanislaus,099,539301,55309,55005,5758,60763,774
2021-05-01,Sutter,101,95872,9323,9358,80,9438,110
2021-05-01,Tehama,103,63373,4975,4950,547,5497,53
2021-05-01,Trinity,105,12862,482,326,82,408,3
2021-05-01,Tulare,107,460477,49823,48818,8713,57531,835
2021-05-01,Tuolumne,109,53932,3981,4035,40,4075,61
2021-05-01,Ventura,111,848112,80892,80268,2920,83188,1005
2021-05-01,Yolo,113,214977,13833,13784,197,13981,208
2021-05-01,Yuba,115,75493,5912,5875,120,5995,44
2021-04-30,Alameda,001,1643700,86847,86602,1866,88468,1268
2021-04-30,Alpine,003,1148,87,88,0,88,0
2021-04-30,Amador,005,37829,3640,3650,32,3682,46
2021-04-30,Butte,007,227075,12202,11812,1747,13559,197
2021-04-30,Calaveras,009,45235,2097,2087,13,2100,50
2021-04-30,Colusa,011,21464,1927,1931,291,2222,14
2021-04-30,Contra Costa,013,1133247,68255,67684,1206,68890,800
2021-04-30,Del Norte,015,27424,1334,1276,11,1287,6
2021-04-30,El Dorado,017,186661,10045,9906,711,10617,110
2021-04-30,Fresno,019,978130,101738,101263,8465,109728,1670
2021-04-30,Glenn,021,27897,2392,2369,535,2904,17
2021-04-30,Humboldt,023,135768,3863,3834,31,3865,36
2021-04-30,Imperial,025,180216,28301,28244,2627,30871,721
2021-04-30,Inyo,027,18085,1399,1397,11,1408,36
2021-04-30,Kern,029,883053,96600,95605,10518,106123,1298
2021-04-30,Kings,031,150075,23023,22793,1052,23845,246
2021-04-30,Lake,033,64148,3466,3440,9,3449,43
2021-04-30,Lassen,035,31185,5171,5140,103,5243,1
2021-04-30,Los Angeles,037,10098052,1201781,1192393,40564,1232957,23919
2021-04-30,Madera,039,155013,16494,16395,909,17304,235
2021-04-30,Marin,041,260295,13969,13895,239,14134,228
2021-04-30,Mariposa,043,17540,422,417,11,428,5
2021-04-30,Mendocino,045,87422,3847,3777,79,3856,46
2021-04-30,Merced,047,269075,30659,30740,1015,31755,444
2021-04-30,Modoc,049,8938,366,360,121,481,3
2021-04-30,Mono,051,14174,1249,1258,16,1274,3
2021-04-30,Monterey,053,433212,42950,42810,1814,44624,379
2021-04-30,Napa,055,140530,9804,9792,34,9826,81
2021-04-30,Nevada,057,99092,4697,4608,185,4793,70
2021-04-30,Orange,059,3164182,254210,252883,11074,263957,4956
2021-04-30,Placer,061,380077,22740,22190,1409,23599,287
2021-04-30,Plumas,063,18699,690,677,10,687,4
2021-04-30,Riverside,065,2383286,292617,287030,13728,300758,4412
2021-04-30,Sacramento,067,1510023,103633,102864,1643,104507,1596
2021-04-30,San Benito,069,59416,6012,6024,110,6134,63
2021-04-30,San Bernardino,071,2135413,291923,290704,8848,299552,4640
2021-04-30,San Diego,073,3302833,277933,276157,14530,290687,3702
2021-04-30,San Francisco,075,870044,36286,36453,1241,37694,538
2021-04-30,San Joaquin,077,732212,72072,71311,3390,74701,1306
2021-04-30,San Luis Obispo,079,281455,21144,20884,707,21591,255
2021-04-30,San Mateo,081,765935,41900,41583,454,42037,380
2021-04-30,Santa Barbara,083,443738,34206,34061,1110,35171,451
2021-04-30,Santa Clara,085,1922200,117642,118170,725,118895,1988
2021-04-30,Santa Cruz,087,273765,16126,15975,794,16769,207
2021-04-30,Shasta,089,179085,11873,11848,1462,13310,197
2021-04-30,Sierra,091,2930,56,53,12,65,0
2021-04-30,Siskiyou,093,43540,1771,1628,299,1927,11
2021-04-30,Solano,095,438530,32192,32050,501,32551,249
2021-04-30,Sonoma,097,501317,29664,29816,314,30130,318
2021-04-30,Stanislaus,099,539301,55258,54938,5755,60693,774
2021-04-30,Sutter,101,95872,9321,9353,80,9433,110
2021-04-30,Tehama,103,63373,4972,4944,547,5491,53
2021-04-30,Trinity,105,12862,482,326,82,408,3
2021-04-30,Tulare,107,460477,49813,48797,8697,57494,836
2021-04-30,Tuolumne,109,53932,3980,4033,40,4073,61
2021-04-30,Ventura,111,848112,80852,80232,2915,83147,1004
2021-04-30,Yolo,113,214977,13821,13756,197,13953,208
2021-04-30,Yuba,115,75493,5904,5870,120,5990,44
2021-04-29,Alameda,001,1643700,86780,86490,1865,88355,1263
2021-04-29,Alpine,003,1148,87,88,0,88,0
2021-04-29,Amador,005,37829,3640,3649,32,3681,46
2021-04-29,Butte,007,227075,12187,11787,1745,13532,196
2021-04-29,Calaveras,009,45235,2094,2082,13,2095,50
2021-04-29,Colusa,011,21464,1927,1929,291,2220,14
2021-04-29,Contra Costa,013,1133247,68200,67606,1203,68809,795
2021-04-29,Del Norte,015,27424,1330,1271,11,1282,6
2021-04-29,El Dorado,017,186661,10025,9884,708,10592,107
2021-04-29,Fresno,019,978130,101684,101189,8454,109643,1667
2021-04-29,Glenn,021,27897,2389,2369,535,2904,17
2021-04-29,Humboldt,023,135768,3849,3815,31,3846,36
2021-04-29,Imperial,025,180216,28289,28235,2626,30861,720
2021-04-29,Inyo,027,18085,1399,1396,11,1407,36
2021-04-29,Kern,029,883053,96567,95547,10514,106061,1295
2021-04-29,Kings,031,150075,23013,22777,1047,23824,245
2021-04-29,Lake,033,64148,3458,3438,9,3447,43
2021-04-29,Lassen,035,31185,5171,5140,103,5243,1
2021-04-29,Los Angeles,037,10098052,1201503,1192068,40543,1232611,23899
2021-04-29,Madera,039,155013,16489,16383,908,17291,235
2021-04-29,Marin,041,260295,13965,13884,231,14115,228
2021-04-29,Mariposa,043,17540,421,416,11,427,5
2021-04-29,Mendocino,045,87422,3841,3774,79,3853,46
2021-04-29,Merced,047,269075,30640,30706,1014,31720,444
2021-04-29,Modoc,049,8938,366,360,121,481,3
2021-04-29,Mono,051,14174,1246,1259,16,1275,3
2021-04-29,Monterey,053,433212,42933,42797,1813,44610,379
2021-04-29,Napa,055,140530,9790,9789,34,9823,81
2021-04-29,Nevada,057,99092,4686,4590,185,4775,70
2021-04-29,Orange,059,3164182,254140,252823,11059,263882,4934
2021-04-29,Placer,061,380077,22715,22161,1407,23568,286
2021-04-29,Plumas,063,18699,689,676,10,686,4
2021-04-29,Riverside,065,2383286,292549,286947,13726,300673,4409
2021-04-29,Sacramento,067,1510023,103500,102686,1634,104320,1593
2021-04-29,San Benito,069,59416,6011,6023,110,6133,63
2021-04-29,San Bernardino,071,2135413,291851,290606,8843,299449,4609
2021-04-29,San Diego,073,3302833,277782,275961,14513,290474,3700
2021-04-29,San Francisco,075,870044,36261,36412,1241,37653,537
2021-04-29,San Joaquin,077,732212,72006,71225,3385,74610,1301
2021-04-29,San Luis Obispo,079,281455,21133,20876,707,21583,255
2021-04-29,San Mateo,081,765935,41872,41538,453,41991,358
2021-04-29,Santa Barbara,083,443738,34190,34039,1108,35147,448
2021-04-29,Santa Clara,085,1922200,117587,118082,722,118804,1984
2021-04-29,Santa Cruz,087,273765,16120,15961,794,16755,205
2021-04-29,Shasta,089,179085,11842,11836,1454,13290,193
2021-04-29,Sierra,091,2930,56,53,12,65,0
2021-04-29,Siskiyou,093,43540,1762,1615,296,1911,11
2021-04-29,Solano,095,438530,32151,32002,497,32499,248
2021-04-29,Sonoma,097,501317,29649,29785,311,30096,318
2021-04-29,Stanislaus,099,539301,55191,54836,5750,60586,774
2021-04-29,Sutter,101,95872,9314,9346,80,9426,110
2021-04-29,Tehama,103,63373,4964,4939,547,5486,53
2021-04-29,Trinity,105,12862,482,326,82,408,3
2021-04-29,Tulare,107,460477,49795,48785,8686,57471,832
2021-04-29,Tuolumne,109,53932,3979,4030,40,4070,58
2021-04-29,Ventura,111,848112,80818,80188,2913,83101,1002
2021-04-29,Yolo,113,214977,13801,13745,196,13941,205
2021-04-29,Yuba,115,75493,5894,5865,120,5985,44
2021-04-28,Alameda,001,1643700,86708,86390,1861,88251,1260
2021-04-28,Alpine,003,1148,87,88,0,88,0
2021-04-28,Amador,005,37829,3640,3646,32,3678,46
2021-04-28,Butte,007,227075,12167,11762,1740,13502,196
2021-04-28,Calaveras,009,45235,2090,2078,12,2090,50
2021-04-28,Colusa,011,21464,1924,1927,290,2217,14
2021-04-28,Contra Costa,013,1133247,68140,67539,1201,68740,795
2021-04-28,Del Norte,015,27424,1322,1267,11,1278,6
2021-04-28,El Dorado,017,186661,10000,9873,708,10581,107
2021-04-28,Fresno,019,978130,101637,101161,8444,109605,1666
2021-04-28,Glenn,021,27897,2386,2368,535,2903,17
2021-04-28,Humboldt,023,135768,3833,3796,31,3827,36
2021-04-28,Imperial,025,180216,28275,28177,2625,30802,720
2021-04-28,Inyo,027,18085,1399,1396,10,1406,36
2021-04-28,Kern,029,883053,96538,95494,10505,105999,1295
2021-04-28,Kings,031,150075,23001,22767,1045,23812,245
2021-04-28,Lake,033,64148,3455,3433,9,3442,43
2021-04-28,Lassen,035,31185,5171,5138,103,5241,1
2021-04-28,Los Angeles,037,10098052,1201201,1191729,40516,1232245,23858
2021-04-28,Madera,039,155013,16485,16372,908,17280,235
2021-04-28,Marin,041,260295,13954,13866,231,14097,227
2021-04-28,Mariposa,043,17540,418,415,11,426,5
2021-04-28,Mendocino,045,87422,3835,3770,77,3847,46
2021-04-28,Merced,047,269075,30622,30649,1014,31663,443
2021-04-28,Modoc,049,8938,366,360,121,481,3
2021-04-28,Mono,051,14174,1246,1258,16,1274,3
2021-04-28,Monterey,053,433212,42928,42776,1813,44589,379
2021-04-28,Napa,055,140530,9779,9777,34,9811,81
2021-04-28,Nevada,057,99092,4666,4570,185,4755,70
2021-04-28,Orange,059,3164182,254060,252747,11047,263794,4931
2021-04-28,Placer,061,380077,22688,22115,1406,23521,285
2021-04-28,Plumas,063,18699,689,676,10,686,4
2021-04-28,Riverside,065,2383286,292493,286868,13720,300588,4407
2021-04-28,Sacramento,067,1510023,103378,102613,1630,104243,1591
2021-04-28,San Benito,069,59416,6009,6021,110,6131,63
2021-04-28,San Bernardino,071,2135413,291772,290548,8833,299381,4582
2021-04-28,San Diego,073,3302833,277628,275821,14499,290320,3698
2021-04-28,San Francisco,075,870044,36231,36382,1240,37622,534
2021-04-28,San Joaquin,077,732212,71926,71171,3377,74548,1301
2021-04-28,San Luis Obispo,079,281455,21125,20851,707,21558,255
2021-04-28,San Mateo,081,765935,41847,41498,451,41949,358
2021-04-28,Santa Barbara,083,443738,34176,34003,1108,35111,448
2021-04-28,Santa Clara,085,1922200,117518,117997,720,118717,1969
2021-04-28,Santa Cruz,087,273765,16116,15943,793,16736,205
2021-04-28,Shasta,089,179085,11826,11815,1447,13262,192
2021-04-28,Sierra,091,2930,56,51,12,63,0
2021-04-28,Siskiyou,093,43540,1749,1603,293,1896,11
2021-04-28,Solano,095,438530,32119,31982,492,32474,248
2021-04-28,Sonoma,097,501317,29635,29773,307,30080,318
2021-04-28,Stanislaus,099,539301,55136,54745,5747,60492,774
2021-04-28,Sutter,101,95872,9309,9343,80,9423,110
2021-04-28,Tehama,103,63373,4959,4930,546,5476,53
2021-04-28,Trinity,105,12862,482,326,82,408,3
2021-04-28,Tulare,107,460477,49777,48754,8671,57425,832
2021-04-28,Tuolumne,109,53932,3976,4029,40,4069,58
2021-04-28,Ventura,111,848112,80783,80172,2911,83083,1000
2021-04-28,Yolo,113,214977,13787,13721,195,13916,205
2021-04-28,Yuba,115,75493,5888,5857,120,5977,44
2021-04-27,Alameda,001,1643700,86618,86301,1855,88156,1260
2021-04-27,Alpine,003,1148,87,88,0,88,0
2021-04-27,Amador,005,37829,3640,3645,32,3677,46
2021-04-27,Butte,007,227075,12142,11738,1734,13472,196
2021-04-27,Calaveras,009,45235,2088,2076,12,2088,50
2021-04-27,Colusa,011,21464,1923,1926,290,2216,14
2021-04-27,Contra Costa,013,1133247,68071,67470,1197,68667,791
2021-04-27,Del Norte,015,27424,1310,1266,11,1277,6
2021-04-27,El Dorado,017,186661,9971,9866,705,10571,106
2021-04-27,Fresno,019,978130,101572,101138,8434,109572,1663
2021-04-27,Glenn,021,27897,2386,2368,535,2903,17
2021-04-27,Humboldt,023,135768,3821,3780,31,3811,35
2021-04-27,Imperial,025,180216,28259,28149,2619,30768,720
2021-04-27,Inyo,027,18085,1399,1396,10,1406,36
2021-04-27,Kern,029,883053,96481,95466,10495,105961,1295
2021-04-27,Kings,031,150075,22986,22759,1043,23802,244
2021-04-27,Lake,033,64148,3454,3431,9,3440,43
2021-04-27,Lassen,035,31185,5171,5137,103,5240,1
2021-04-27,Los Angeles,037,10098052,1200878,1191504,40486,1231990,23825
2021-04-27,Madera,039,155013,16478,16365,908,17273,235
2021-04-27,Marin,041,260295,13932,13855,231,14086,227
2021-04-27,Mariposa,043,17540,417,413,11,424,5
2021-04-27,Mendocino,045,87422,3831,3765,77,3842,46
2021-04-27,Merced,047,269075,30581,30620,1014,31634,443
2021-04-27,Modoc,049,8938,365,360,121,481,3
2021-04-27,Mono,051,14174,1246,1257,16,1273,3
2021-04-27,Monterey,053,433212,42910,42752,1810,44562,379
2021-04-27,Napa,055,140530,9772,9774,32,9806,81
2021-04-27,Nevada,057,99092,4651,4557,185,4742,70
2021-04-27,Orange,059,3164182,253990,252667,11042,263709,4925
2021-04-27,Placer,061,380077,22659,22050,1402,23452,285
2021-04-27,Plumas,063,18699,688,675,10,685,4
2021-04-27,Riverside,065,2383286,292417,286820,13716,300536,4405
2021-04-27,Sacramento,067,1510023,103249,102595,1620,104215,1589
2021-04-27,San Benito,069,59416,6004,6016,110,6126,63
2021-04-27,San Bernardino,071,2135413,291704,290461,8828,299289,4575
2021-04-27,San Diego,073,3302833,277471,275685,14479,290164,3692
2021-04-27,San Francisco,075,870044,36203,36358,1239,37597,533
2021-04-27,San Joaquin,077,732212,71873,71104,3371,74475,1301
2021-04-27,San Luis Obispo,079,281455,21118,20841,707,21548,255
2021-04-27,San Mateo,081,765935,41812,41474,450,41924,358
2021-04-27,Santa Barbara,083,443738,34152,33973,1107,35080,448
2021-04-27,Santa Clara,085,1922200,117468,117945,719,118664,1969
2021-04-27,Santa Cruz,087,273765,16109,15905,792,16697,205
2021-04-27,Shasta,089,179085,11798,11802,1440,13242,192
2021-04-27,Sierra,091,2930,56,51,12,63,0
2021-04-27,Siskiyou,093,43540,1734,1597,292,1889,11
2021-04-27,Solano,095,438530,32071,31964,491,32455,248
2021-04-27,Sonoma,097,501317,29617,29761,306,30067,318
2021-04-27,Stanislaus,099,539301,55066,54695,5739,60434,752
2021-04-27,Sutter,101,95872,9304,9342,80,9422,110
2021-04-27,Tehama,103,63373,4956,4922,542,5464,53
2021-04-27,Trinity,105,12862,482,326,82,408,3
2021-04-27,Tulare,107,460477,49761,48744,8662,57406,832
2021-04-27,Tuolumne,109,53932,3973,4028,40,4068,58
2021-04-27,Ventura,111,848112,80754,80152,2909,83061,1000
2021-04-27,Yolo,113,214977,13774,13697,193,13890,205
2021-04-27,Yuba,115,75493,5888,5853,120,5973,44
2021-04-26,Alameda,001,1643700,86524,86230,1852,88082,1256
2021-04-26,Alpine,003,1148,87,88,0,88,0
2021-04-26,Amador,005,37829,3639,3645,32,3677,46
2021-04-26,Butte,007,227075,12118,11720,1730,13450,196
2021-04-26,Calaveras,009,45235,2082,2074,12,2086,50
2021-04-26,Colusa,011,21464,1923,1925,289,2214,14
2021-04-26,Contra Costa,013,1133247,68004,67392,1193,68585,789
2021-04-26,Del Norte,015,27424,1301,1263,11,1274,6
2021-04-26,El Dorado,017,186661,9950,9849,704,10553,106
2021-04-26,Fresno,019,978130,101517,101099,8421,109520,1662
2021-04-26,Glenn,021,27897,2384,2367,535,2902,17
2021-04-26,Humboldt,023,135768,3811,3764,30,3794,35
2021-04-26,Imperial,025,180216,28246,28148,2616,30764,720
2021-04-26,Inyo,027,18085,1398,1396,10,1406,36
2021-04-26,Kern,029,883053,96454,95429,10489,105918,1295
2021-04-26,Kings,031,150075,22983,22756,1040,23796,244
2021-04-26,Lake,033,64148,3449,3428,9,3437,43
2021-04-26,Lassen,035,31185,5171,5138,103,5241,1
2021-04-26,Los Angeles,037,10098052,1200549,1191253,40467,1231720,23802
2021-04-26,Madera,039,155013,16466,16353,907,17260,231
2021-04-26,Marin,041,260295,13917,13849,231,14080,227
2021-04-26,Mariposa,043,17540,416,410,11,421,5
2021-04-26,Mendocino,045,87422,3829,3757,76,3833,46
2021-04-26,Merced,047,269075,30564,30611,1011,31622,443
2021-04-26,Modoc,049,8938,365,360,121,481,3
2021-04-26,Mono,051,14174,1246,1258,16,1274,3
2021-04-26,Monterey,053,433212,42894,42740,1809,44549,379
2021-04-26,Napa,055,140530,9760,9769,32,9801,79
2021-04-26,Nevada,057,99092,4630,4548,185,4733,70
2021-04-26,Orange,059,3164182,253906,252592,11032,263624,4919
2021-04-26,Placer,061,380077,22631,22032,1397,23429,285
2021-04-26,Plumas,063,18699,688,670,10,680,4
2021-04-26,Riverside,065,2383286,292355,286724,13708,300432,4401
2021-04-26,Sacramento,067,1510023,103077,102459,1608,104067,1587
2021-04-26,San Benito,069,59416,6002,6013,110,6123,63
2021-04-26,San Bernardino,071,2135413,291652,290394,8827,299221,4572
2021-04-26,San Diego,073,3302833,277296,275541,14451,289992,3692
2021-04-26,San Francisco,075,870044,36175,36330,1238,37568,532
2021-04-26,San Joaquin,077,732212,71807,71050,3363,74413,1301
2021-04-26,San Luis Obispo,079,281455,21110,20830,706,21536,255
2021-04-26,San Mateo,081,765935,41782,41457,450,41907,357
2021-04-26,Santa Barbara,083,443738,34121,33948,1107,35055,448
2021-04-26,Santa Clara,085,1922200,117368,117874,716,118590,1968
2021-04-26,Santa Cruz,087,273765,16100,15877,792,16669,205
2021-04-26,Shasta,089,179085,11781,11787,1434,13221,192
2021-04-26,Sierra,091,2930,55,51,12,63,0
2021-04-26,Siskiyou,093,43540,1724,1592,289,1881,11
2021-04-26,Solano,095,438530,32026,31913,489,32402,247
2021-04-26,Sonoma,097,501317,29594,29755,304,30059,318
2021-04-26,Stanislaus,099,539301,54976,54638,5733,60371,744
2021-04-26,Sutter,101,95872,9299,9328,80,9408,110
2021-04-26,Tehama,103,63373,4951,4920,539,5459,53
2021-04-26,Trinity,105,12862,482,326,82,408,3
2021-04-26,Tulare,107,460477,49741,48735,8653,57388,831
2021-04-26,Tuolumne,109,53932,3972,4024,40,4064,58
2021-04-26,Ventura,111,848112,80729,80137,2906,83043,999
2021-04-26,Yolo,113,214977,13754,13684,190,13874,205
2021-04-26,Yuba,115,75493,5886,5851,120,5971,44
2021-04-25,Alameda,001,1643700,86423,86162,1846,88008,1256
2021-04-25,Alpine,003,1148,87,87,0,87,0
2021-04-25,Amador,005,37829,3638,3643,32,3675,46
2021-04-25,Butte,007,227075,12089,11709,1723,13432,196
2021-04-25,Calaveras,009,45235,2077,2072,11,2083,50
2021-04-25,Colusa,011,21464,1922,1924,289,2213,14
2021-04-25,Contra Costa,013,1133247,67912,67316,1192,68508,789
2021-04-25,Del Norte,015,27424,1295,1259,11,1270,6
2021-04-25,El Dorado,017,186661,9933,9837,702,10539,106
2021-04-25,Fresno,019,978130,101458,101061,8409,109470,1662
2021-04-25,Glenn,021,27897,2384,2366,535,2901,17
2021-04-25,Humboldt,023,135768,3798,3751,30,3781,35
2021-04-25,Imperial,025,180216,28220,28136,2614,30750,720
2021-04-25,Inyo,027,18085,1398,1396,10,1406,36
2021-04-25,Kern,029,883053,96388,95398,10477,105875,1295
2021-04-25,Kings,031,150075,22969,22755,1038,23793,244
2021-04-25,Lake,033,64148,3447,3427,9,3436,43
2021-04-25,Lassen,035,31185,5169,5138,103,5241,1
2021-04-25,Los Angeles,037,10098052,1200213,1190970,40447,1231417,23799
2021-04-25,Madera,039,155013,16454,16346,907,17253,231
2021-04-25,Marin,041,260295,13908,13852,231,14083,227
2021-04-25,Mariposa,043,17540,416,410,11,421,5
2021-04-25,Mendocino,045,87422,3822,3757,76,3833,46
2021-04-25,Merced,047,269075,30530,30586,1010,31596,443
2021-04-25,Modoc,049,8938,365,360,121,481,3
2021-04-25,Mono,051,14174,1246,1257,16,1273,3
2021-04-25,Monterey,053,433212,42881,42737,1807,44544,379
2021-04-25,Napa,055,140530,9755,9762,32,9794,79
2021-04-25,Nevada,057,99092,4618,4536,185,4721,70
2021-04-25,Orange,059,3164182,253830,252531,11026,263557,4919
2021-04-25,Placer,061,380077,22585,22011,1389,23400,285
2021-04-25,Plumas,063,18699,687,670,10,680,4
2021-04-25,Riverside,065,2383286,292261,286651,13702,300353,4401
2021-04-25,Sacramento,067,1510023,102909,102319,1598,103917,1587
2021-04-25,San Benito,069,59416,6000,6014,109,6123,63
2021-04-25,San Bernardino,071,2135413,291577,290357,8819,299176,4571
2021-04-25,San Diego,073,3302833,277083,275412,14418,289830,3692
2021-04-25,San Francisco,075,870044,36144,36310,1238,37548,532
2021-04-25,San Joaquin,077,732212,71712,70987,3353,74340,1301
2021-04-25,San Luis Obispo,079,281455,21091,20820,704,21524,255
2021-04-25,San Mateo,081,765935,41747,41465,449,41914,356
2021-04-25,Santa Barbara,083,443738,34095,33931,1107,35038,448
2021-04-25,Santa Clara,085,1922200,117289,117778,714,118492,1968
2021-04-25,Santa Cruz,087,273765,16094,15868,790,16658,205
2021-04-25,Shasta,089,179085,11758,11784,1429,13213,192
2021-04-25,Sierra,091,2930,55,51,12,63,0
2021-04-25,Siskiyou,093,43540,1713,1580,287,1867,11
2021-04-25,Solano,095,438530,31979,31864,481,32345,247
2021-04-25,Sonoma,097,501317,29576,29756,304,30060,318
2021-04-25,Stanislaus,099,539301,54880,54543,5725,60268,744
2021-04-25,Sutter,101,95872,9293,9326,80,9406,110
2021-04-25,Tehama,103,63373,4947,4916,537,5453,53
2021-04-25,Trinity,105,12862,482,326,82,408,3
2021-04-25,Tulare,107,460477,49725,48728,8640,57368,831
2021-04-25,Tuolumne,109,53932,3969,4022,40,4062,58
2021-04-25,Ventura,111,848112,80705,80110,2906,83016,999
2021-04-25,Yolo,113,214977,13729,13667,188,13855,205
2021-04-25,Yuba,115,75493,5883,5849,119,5968,44
2021-04-24,Alameda,001,1643700,86368,86016,1844,87860,1257
2021-04-24,Alpine,003,1148,87,86,0,86,0
2021-04-24,Amador,005,37829,3637,3640,32,3672,46
2021-04-24,Butte,007,227075,12073,11678,1721,13399,196
2021-04-24,Calaveras,009,45235,2073,2067,11,2078,50
2021-04-24,Colusa,011,21464,1921,1921,289,2210,14
2021-04-24,Contra Costa,013,1133247,67841,67222,1190,68412,789
2021-04-24,Del Norte,015,27424,1290,1255,11,1266,6
2021-04-24,El Dorado,017,186661,9922,9814,701,10515,106
2021-04-24,Fresno,019,978130,101427,100991,8403,109394,1662
2021-04-24,Glenn,021,27897,2384,2363,535,2898,17
2021-04-24,Humboldt,023,135768,3784,3722,30,3752,35
2021-04-24,Imperial,025,180216,28213,28124,2613,30737,720
2021-04-24,Inyo,027,18085,1397,1396,10,1406,36
2021-04-24,Kern,029,883053,96369,95365,10467,105832,1295
2021-04-24,Kings,031,150075,22966,22749,1038,23787,244
2021-04-24,Lake,033,64148,3446,3426,9,3435,43
2021-04-24,Lassen,035,31185,5168,5137,103,5240,1
2021-04-24,Los Angeles,037,10098052,1199981,1190603,40431,1231034,23802
2021-04-24,Madera,039,155013,16451,16338,907,17245,231
2021-04-24,Marin,041,260295,13900,13847,231,14078,227
2021-04-24,Mariposa,043,17540,416,409,11,420,5
2021-04-24,Mendocino,045,87422,3820,3754,74,3828,46
2021-04-24,Merced,047,269075,30510,30559,1010,31569,443
2021-04-24,Modoc,049,8938,365,360,121,481,3
2021-04-24,Mono,051,14174,1246,1256,16,1272,3
2021-04-24,Monterey,053,433212,42869,42727,1806,44533,379
2021-04-24,Napa,055,140530,9749,9756,32,9788,79
2021-04-24,Nevada,057,99092,4611,4522,185,4707,70
2021-04-24,Orange,059,3164182,253786,252441,11020,263461,4910
2021-04-24,Placer,061,380077,22572,21983,1388,23371,285
2021-04-24,Plumas,063,18699,686,670,10,680,4
2021-04-24,Riverside,065,2383286,292193,286552,13698,300250,4400
2021-04-24,Sacramento,067,1510023,102826,102179,1591,103770,1587
2021-04-24,San Benito,069,59416,5998,6007,109,6116,63
2021-04-24,San Bernardino,071,2135413,291528,290264,8818,299082,4568
2021-04-24,San Diego,073,3302833,276980,275252,14398,289650,3688
2021-04-24,San Francisco,075,870044,36115,36285,1234,37519,532
2021-04-24,San Joaquin,077,732212,71669,70911,3350,74261,1301
2021-04-24,San Luis Obispo,079,281455,21081,20797,703,21500,255
2021-04-24,San Mateo,081,765935,41734,41424,447,41871,355
2021-04-24,Santa Barbara,083,443738,34080,33911,1106,35017,448
2021-04-24,Santa Clara,085,1922200,117234,117674,712,118386,1968
2021-04-24,Santa Cruz,087,273765,16086,15840,790,16630,205
2021-04-24,Shasta,089,179085,11740,11770,1426,13196,192
2021-04-24,Sierra,091,2930,55,51,12,63,0
2021-04-24,Siskiyou,093,43540,1703,1574,286,1860,11
2021-04-24,Solano,095,438530,31956,31821,478,32299,247
2021-04-24,Sonoma,097,501317,29574,29739,304,30043,318
2021-04-24,Stanislaus,099,539301,54831,54455,5722,60177,744
2021-04-24,Sutter,101,95872,9290,9316,80,9396,110
2021-04-24,Tehama,103,63373,4942,4907,537,5444,53
2021-04-24,Trinity,105,12862,482,326,82,408,3
2021-04-24,Tulare,107,460477,49714,48705,8630,57335,830
2021-04-24,Tuolumne,109,53932,3965,4020,40,4060,58
2021-04-24,Ventura,111,848112,80692,80097,2904,83001,999
2021-04-24,Yolo,113,214977,13718,13653,188,13841,205
2021-04-24,Yuba,115,75493,5881,5837,119,5956,44
2021-04-23,Alameda,001,1643700,86294,85935,1841,87776,1256
2021-04-23,Alpine,003,1148,86,86,0,86,0
2021-04-23,Amador,005,37829,3636,3637,32,3669,46
2021-04-23,Butte,007,227075,12052,11672,1716,13388,196
2021-04-23,Calaveras,009,45235,2070,2064,11,2075,50
2021-04-23,Colusa,011,21464,1920,1921,289,2210,14
2021-04-23,Contra Costa,013,1133247,67787,67164,1188,68352,785
2021-04-23,Del Norte,015,27424,1289,1254,11,1265,6
2021-04-23,El Dorado,017,186661,9904,9788,698,10486,106
2021-04-23,Fresno,019,978130,101386,100928,8397,109325,1662
2021-04-23,Glenn,021,27897,2384,2361,534,2895,17
2021-04-23,Humboldt,023,135768,3774,3698,30,3728,35
2021-04-23,Imperial,025,180216,28198,28108,2612,30720,720
2021-04-23,Inyo,027,18085,1397,1395,10,1405,36
2021-04-23,Kern,029,883053,96344,95330,10461,105791,1295
2021-04-23,Kings,031,150075,22963,22735,1038,23773,244
2021-04-23,Lake,033,64148,3444,3425,9,3434,43
2021-04-23,Lassen,035,31185,5168,5141,103,5244,1
2021-04-23,Los Angeles,037,10098052,1199711,1190264,40407,1230671,23785
2021-04-23,Madera,039,155013,16442,16328,907,17235,231
2021-04-23,Marin,041,260295,13895,13838,231,14069,227
2021-04-23,Mariposa,043,17540,415,405,11,416,5
2021-04-23,Mendocino,045,87422,3818,3745,73,3818,46
2021-04-23,Merced,047,269075,30493,30530,1009,31539,443
2021-04-23,Modoc,049,8938,365,360,121,481,3
2021-04-23,Mono,051,14174,1244,1256,16,1272,3
2021-04-23,Monterey,053,433212,42863,42722,1806,44528,377
2021-04-23,Napa,055,140530,9744,9752,32,9784,79
2021-04-23,Nevada,057,99092,4602,4510,185,4695,70
2021-04-23,Orange,059,3164182,253742,252399,11013,263412,4904
2021-04-23,Placer,061,380077,22549,21959,1387,23346,282
2021-04-23,Plumas,063,18699,685,670,10,680,4
2021-04-23,Riverside,065,2383286,292134,286456,13693,300149,4399
2021-04-23,Sacramento,067,1510023,102739,102041,1588,103629,1586
2021-04-23,San Benito,069,59416,5996,6005,109,6114,63
2021-04-23,San Bernardino,071,2135413,291477,290189,8817,299006,4568
2021-04-23,San Diego,073,3302833,276841,275097,14375,289472,3684
2021-04-23,San Francisco,075,870044,36099,36252,1233,37485,532
2021-04-23,San Joaquin,077,732212,71613,70840,3347,74187,1295
2021-04-23,San Luis Obispo,079,281455,21072,20781,702,21483,255
2021-04-23,San Mateo,081,765935,41708,41386,447,41833,355
2021-04-23,Santa Barbara,083,443738,34070,33895,1104,34999,447
2021-04-23,Santa Clara,085,1922200,117172,117593,711,118304,1965
2021-04-23,Santa Cruz,087,273765,16079,15802,790,16592,205
2021-04-23,Shasta,089,179085,11733,11759,1425,13184,192
2021-04-23,Sierra,091,2930,55,51,12,63,0
2021-04-23,Siskiyou,093,43540,1691,1567,285,1852,11
2021-04-23,Solano,095,438530,31924,31784,474,32258,247
2021-04-23,Sonoma,097,501317,29560,29727,304,30031,318
2021-04-23,Stanislaus,099,539301,54769,54391,5714,60105,744
2021-04-23,Sutter,101,95872,9288,9312,80,9392,110
2021-04-23,Tehama,103,63373,4939,4906,537,5443,53
2021-04-23,Trinity,105,12862,482,326,82,408,3
2021-04-23,Tulare,107,460477,49697,48694,8623,57317,829
2021-04-23,Tuolumne,109,53932,3964,4020,40,4060,58
2021-04-23,Ventura,111,848112,80673,80095,2904,82999,996
2021-04-23,Yolo,113,214977,13707,13647,187,13834,205
2021-04-23,Yuba,115,75493,5878,5828,119,5947,44
2021-04-22,Alameda,001,1643700,86204,85829,1840,87669,1253
2021-04-22,Alpine,003,1148,86,86,0,86,0
2021-04-22,Amador,005,37829,3635,3633,32,3665,46
2021-04-22,Butte,007,227075,12038,11656,1713,13369,196
2021-04-22,Calaveras,009,45235,2068,2059,11,2070,50
2021-04-22,Colusa,011,21464,1918,1920,287,2207,14
2021-04-22,Contra Costa,013,1133247,67715,67029,1184,68213,782
2021-04-22,Del Norte,015,27424,1284,1252,11,1263,6
2021-04-22,El Dorado,017,186661,9892,9773,695,10468,106
2021-04-22,Fresno,019,978130,101341,100864,8386,109250,1657
2021-04-22,Glenn,021,27897,2383,2361,534,2895,17
2021-04-22,Humboldt,023,135768,3765,3680,30,3710,35
2021-04-22,Imperial,025,180216,28177,28096,2609,30705,720
2021-04-22,Inyo,027,18085,1396,1394,10,1404,36
2021-04-22,Kern,029,883053,96301,95292,10446,105738,1299
2021-04-22,Kings,031,150075,22953,22725,1038,23763,243
2021-04-22,Lake,033,64148,3442,3423,9,3432,43
2021-04-22,Lassen,035,31185,5168,5155,103,5258,1
2021-04-22,Los Angeles,037,10098052,1199389,1189878,40386,1230264,23762
2021-04-22,Madera,039,155013,16423,16316,907,17223,231
2021-04-22,Marin,041,260295,13887,13832,231,14063,227
2021-04-22,Mariposa,043,17540,414,403,11,414,5
2021-04-22,Mendocino,045,87422,3812,3729,73,3802,46
2021-04-22,Merced,047,269075,30458,30490,1008,31498,443
2021-04-22,Modoc,049,8938,365,360,121,481,3
2021-04-22,Mono,051,14174,1244,1254,16,1270,3
2021-04-22,Monterey,053,433212,42856,42708,1804,44512,377
2021-04-22,Napa,055,140530,9734,9734,32,9766,79
2021-04-22,Nevada,057,99092,4592,4504,183,4687,70
2021-04-22,Orange,059,3164182,253669,252307,11000,263307,4898
2021-04-22,Placer,061,380077,22518,21916,1383,23299,282
2021-04-22,Plumas,063,18699,684,670,10,680,4
2021-04-22,Riverside,065,2383286,292035,286362,13684,300046,4398
2021-04-22,Sacramento,067,1510023,102590,101870,1579,103449,1585
2021-04-22,San Benito,069,59416,5992,5998,109,6107,63
2021-04-22,San Bernardino,071,2135413,291408,290125,8808,298933,4571
2021-04-22,San Diego,073,3302833,276675,275913,14353,290266,3684
2021-04-22,San Francisco,075,870044,36076,36218,1230,37448,532
2021-04-22,San Joaquin,077,732212,71554,70751,3340,74091,1295
2021-04-22,San Luis Obispo,079,281455,21058,20761,702,21463,255
2021-04-22,San Mateo,081,765935,41682,41345,445,41790,355
2021-04-22,Santa Barbara,083,443738,34047,33870,1103,34973,446
2021-04-22,Santa Clara,085,1922200,117084,117457,707,118164,1954
2021-04-22,Santa Cruz,087,273765,16076,15737,789,16526,205
2021-04-22,Shasta,089,179085,11718,11738,1423,13161,192
2021-04-22,Sierra,091,2930,55,51,12,63,0
2021-04-22,Siskiyou,093,43540,1687,1564,284,1848,11
2021-04-22,Solano,095,438530,31878,31731,471,32202,247
2021-04-22,Sonoma,097,501317,29545,29705,300,30005,318
2021-04-22,Stanislaus,099,539301,54696,54313,5708,60021,744
2021-04-22,Sutter,101,95872,9284,9302,80,9382,110
2021-04-22,Tehama,103,63373,4933,4896,533,5429,53
2021-04-22,Trinity,105,12862,482,326,82,408,3
2021-04-22,Tulare,107,460477,49677,48669,8614,57283,828
2021-04-22,Tuolumne,109,53932,3960,4020,40,4060,58
2021-04-22,Ventura,111,848112,80647,80073,2902,82975,996
2021-04-22,Yolo,113,214977,13686,13616,187,13803,205
2021-04-22,Yuba,115,75493,5868,5825,119,5944,44
2021-04-21,Alameda,001,1643700,86125,85762,1838,87600,1249
2021-04-21,Alpine,003,1148,86,86,0,86,0
2021-04-21,Amador,005,37829,3632,3632,32,3664,46
2021-04-21,Butte,007,227075,12018,11643,1711,13354,196
2021-04-21,Calaveras,009,45235,2060,2057,11,2068,50
2021-04-21,Colusa,011,21464,1916,1920,286,2206,14
2021-04-21,Contra Costa,013,1133247,67649,66981,1183,68164,782
2021-04-21,Del Norte,015,27424,1280,1252,11,1263,6
2021-04-21,El Dorado,017,186661,9875,9760,692,10452,106
2021-04-21,Fresno,019,978130,101285,100838,8380,109218,1654
2021-04-21,Glenn,021,27897,2382,2361,534,2895,17
2021-04-21,Humboldt,023,135768,3746,3642,30,3672,35
2021-04-21,Imperial,025,180216,28165,28052,2608,30660,719
2021-04-21,Inyo,027,18085,1396,1392,10,1402,36
2021-04-21,Kern,029,883053,96255,95257,10436,105693,1297
2021-04-21,Kings,031,150075,22946,22713,1037,23750,243
2021-04-21,Lake,033,64148,3439,3421,9,3430,43
2021-04-21,Lassen,035,31185,5167,5156,103,5259,1
2021-04-21,Los Angeles,037,10098052,1199047,1189530,40367,1229897,23729
2021-04-21,Madera,039,155013,16418,16309,907,17216,231
2021-04-21,Marin,041,260295,13872,13822,231,14053,227
2021-04-21,Mariposa,043,17540,413,402,11,413,5
2021-04-21,Mendocino,045,87422,3810,3729,73,3802,46
2021-04-21,Merced,047,269075,30438,30471,1006,31477,442
2021-04-21,Modoc,049,8938,365,360,121,481,3
2021-04-21,Mono,051,14174,1244,1254,16,1270,3
2021-04-21,Monterey,053,433212,42841,42699,1802,44501,377
2021-04-21,Napa,055,140530,9728,9727,32,9759,79
2021-04-21,Nevada,057,99092,4578,4499,183,4682,70
2021-04-21,Orange,059,3164182,253593,252243,10987,263230,4889
2021-04-21,Placer,061,380077,22487,21896,1378,23274,282
2021-04-21,Plumas,063,18699,684,670,10,680,4
2021-04-21,Riverside,065,2383286,291941,286299,13677,299976,4388
2021-04-21,Sacramento,067,1510023,102461,101803,1573,103376,1579
2021-04-21,San Benito,069,59416,5989,5998,109,6107,63
2021-04-21,San Bernardino,071,2135413,291332,290049,8806,298855,4572
2021-04-21,San Diego,073,3302833,276466,275632,14315,289947,3681
2021-04-21,San Francisco,075,870044,36056,36194,1229,37423,529
2021-04-21,San Joaquin,077,732212,71499,70687,3330,74017,1295
2021-04-21,San Luis Obispo,079,281455,21043,20724,701,21425,255
2021-04-21,San Mateo,081,765935,41651,41318,444,41762,355
2021-04-21,Santa Barbara,083,443738,34028,33830,1102,34932,445
2021-04-21,Santa Clara,085,1922200,117006,117318,701,118019,1946
2021-04-21,Santa Cruz,087,273765,16067,15698,789,16487,204
2021-04-21,Shasta,089,179085,11699,11722,1421,13143,192
2021-04-21,Sierra,091,2930,55,51,12,63,0
2021-04-21,Siskiyou,093,43540,1680,1557,284,1841,11
2021-04-21,Solano,095,438530,31839,31712,470,32182,244
2021-04-21,Sonoma,097,501317,29533,29697,299,29996,318
2021-04-21,Stanislaus,099,539301,54635,54290,5702,59992,742
2021-04-21,Sutter,101,95872,9276,9297,80,9377,110
2021-04-21,Tehama,103,63373,4926,4893,532,5425,53
2021-04-21,Trinity,105,12862,482,326,82,408,3
2021-04-21,Tulare,107,460477,49662,48653,8601,57254,828
2021-04-21,Tuolumne,109,53932,3957,4019,40,4059,58
2021-04-21,Ventura,111,848112,80615,80039,2899,82938,996
2021-04-21,Yolo,113,214977,13666,13606,186,13792,200
2021-04-21,Yuba,115,75493,5861,5822,118,5940,44
2021-04-20,Alameda,001,1643700,86030,85652,1836,87488,1248
2021-04-20,Alpine,003,1148,85,85,0,85,0
2021-04-20,Amador,005,37829,3631,3631,32,3663,46
2021-04-20,Butte,007,227075,11999,11619,1709,13328,196
2021-04-20,Calaveras,009,45235,2059,2053,11,2064,50
2021-04-20,Colusa,011,21464,1916,1915,285,2200,14
2021-04-20,Contra Costa,013,1133247,67565,66889,1180,68069,782
2021-04-20,Del Norte,015,27424,1279,1250,11,1261,6
2021-04-20,El Dorado,017,186661,9847,9743,690,10433,106
2021-04-20,Fresno,019,978130,101227,100768,8370,109138,1650
2021-04-20,Glenn,021,27897,2380,2359,533,2892,17
2021-04-20,Humboldt,023,135768,3728,3612,30,3642,35
2021-04-20,Imperial,025,180216,28146,28024,2604,30628,719
2021-04-20,Inyo,027,18085,1396,1393,10,1403,36
2021-04-20,Kern,029,883053,96219,95223,10420,105643,1295
2021-04-20,Kings,031,150075,22940,22693,1034,23727,243
2021-04-20,Lake,033,64148,3437,3418,9,3427,43
2021-04-20,Lassen,035,31185,5167,5155,103,5258,1
2021-04-20,Los Angeles,037,10098052,1198699,1189256,40337,1229593,23694
2021-04-20,Madera,039,155013,16412,16301,907,17208,231
2021-04-20,Marin,041,260295,13858,13807,231,14038,227
2021-04-20,Mariposa,043,17540,412,402,11,413,5
2021-04-20,Mendocino,045,87422,3809,3726,73,3799,46
2021-04-20,Merced,047,269075,30411,30439,1005,31444,441
2021-04-20,Modoc,049,8938,365,359,121,480,3
2021-04-20,Mono,051,14174,1243,1254,16,1270,3
2021-04-20,Monterey,053,433212,42830,42663,1800,44463,363
2021-04-20,Napa,055,140530,9724,9711,32,9743,79
2021-04-20,Nevada,057,99092,4560,4485,183,4668,70
2021-04-20,Orange,059,3164182,253503,252134,10975,263109,4887
2021-04-20,Placer,061,380077,22453,21846,1374,23220,282
2021-04-20,Plumas,063,18699,683,670,10,680,4
2021-04-20,Riverside,065,2383286,291844,286194,13672,299866,4388
2021-04-20,Sacramento,067,1510023,102323,101629,1565,103194,1574
2021-04-20,San Benito,069,59416,5986,5988,109,6097,63
2021-04-20,San Bernardino,071,2135413,291251,289905,8804,298709,4569
2021-04-20,San Diego,073,3302833,276235,275369,14282,289651,3674
2021-04-20,San Francisco,075,870044,36037,36117,1228,37345,529
2021-04-20,San Joaquin,077,732212,71426,70590,3321,73911,1289
2021-04-20,San Luis Obispo,079,281455,21020,20691,693,21384,254
2021-04-20,San Mateo,081,765935,41620,41251,444,41695,355
2021-04-20,Santa Barbara,083,443738,34009,33803,1102,34905,445
2021-04-20,Santa Clara,085,1922200,116908,117228,697,117925,1944
2021-04-20,Santa Cruz,087,273765,16055,15647,789,16436,204
2021-04-20,Shasta,089,179085,11683,11677,1418,13095,189
2021-04-20,Sierra,091,2930,55,51,12,63,0
2021-04-20,Siskiyou,093,43540,1672,1551,283,1834,10
2021-04-20,Solano,095,438530,31784,31673,466,32139,243
2021-04-20,Sonoma,097,501317,29524,29676,297,29973,311
2021-04-20,Stanislaus,099,539301,54570,54236,5689,59925,735
2021-04-20,Sutter,101,95872,9272,9279,80,9359,109
2021-04-20,Tehama,103,63373,4921,4887,531,5418,52
2021-04-20,Trinity,105,12862,482,326,82,408,3
2021-04-20,Tulare,107,460477,49640,48650,8593,57243,831
2021-04-20,Tuolumne,109,53932,3957,4014,40,4054,58
2021-04-20,Ventura,111,848112,80587,80018,2897,82915,995
2021-04-20,Yolo,113,214977,13646,13581,185,13766,200
2021-04-20,Yuba,115,75493,5851,5814,118,5932,44
2021-04-19,Alameda,001,1643700,85912,85583,1832,87415,1247
2021-04-19,Alpine,003,1148,85,85,0,85,0
2021-04-19,Amador,005,37829,3630,3629,32,3661,46
2021-04-19,Butte,007,227075,11981,11601,1704,13305,196
2021-04-19,Calaveras,009,45235,2057,2050,11,2061,50
2021-04-19,Colusa,011,21464,1916,1913,284,2197,14
2021-04-19,Contra Costa,013,1133247,67487,66833,1178,68011,782
2021-04-19,Del Norte,015,27424,1277,1247,11,1258,6
2021-04-19,El Dorado,017,186661,9831,9726,685,10411,106
2021-04-19,Fresno,019,978130,101159,100702,8358,109060,1646
2021-04-19,Glenn,021,27897,2380,2358,532,2890,17
2021-04-19,Humboldt,023,135768,3708,3602,28,3630,35
2021-04-19,Imperial,025,180216,28125,27995,2604,30599,719
2021-04-19,Inyo,027,18085,1396,1392,10,1402,36
2021-04-19,Kern,029,883053,96189,95162,10405,105567,1290
2021-04-19,Kings,031,150075,22925,22688,1034,23722,243
2021-04-19,Lake,033,64148,3436,3416,9,3425,43
2021-04-19,Lassen,035,31185,5166,5156,103,5259,1
2021-04-19,Los Angeles,037,10098052,1198319,1188945,40313,1229258,23666
2021-04-19,Madera,039,155013,16401,16289,906,17195,231
2021-04-19,Marin,041,260295,13847,13804,230,14034,226
2021-04-19,Mariposa,043,17540,411,401,11,412,5
2021-04-19,Mendocino,045,87422,3807,3722,73,3795,46
2021-04-19,Merced,047,269075,30382,30422,1004,31426,441
2021-04-19,Modoc,049,8938,365,359,121,480,3
2021-04-19,Mono,051,14174,1242,1254,16,1270,3
2021-04-19,Monterey,053,433212,42817,42642,1795,44437,356
2021-04-19,Napa,055,140530,9716,9680,32,9712,79
2021-04-19,Nevada,057,99092,4544,4477,183,4660,70
2021-04-19,Orange,059,3164182,253385,252013,10960,262973,4883
2021-04-19,Placer,061,380077,22430,21814,1370,23184,282
2021-04-19,Plumas,063,18699,683,665,10,675,4
2021-04-19,Riverside,065,2383286,291749,286087,13662,299749,4371
2021-04-19,Sacramento,067,1510023,102187,101482,1555,103037,1572
2021-04-19,San Benito,069,59416,5978,5989,109,6098,63
2021-04-19,San Bernardino,071,2135413,291166,289738,8798,298536,4561
2021-04-19,San Diego,073,3302833,275987,275113,14249,289362,3674
2021-04-19,San Francisco,075,870044,36000,36094,1226,37320,529
2021-04-19,San Joaquin,077,732212,71346,70514,3315,73829,1289
2021-04-19,San Luis Obispo,079,281455,20994,20669,687,21356,254
2021-04-19,San Mateo,081,765935,41587,41226,443,41669,355
2021-04-19,Santa Barbara,083,443738,33995,33786,1102,34888,446
2021-04-19,Santa Clara,085,1922200,116797,117099,693,117792,1944
2021-04-19,Santa Cruz,087,273765,16043,15600,789,16389,204
2021-04-19,Shasta,089,179085,11668,11662,1410,13072,189
2021-04-19,Sierra,091,2930,55,51,12,63,0
2021-04-19,Siskiyou,093,43540,1662,1544,283,1827,10
2021-04-19,Solano,095,438530,31745,31643,461,32104,239
2021-04-19,Sonoma,097,501317,29505,29667,297,29964,311
2021-04-19,Stanislaus,099,539301,54494,54179,5685,59864,728
2021-04-19,Sutter,101,95872,9261,9269,80,9349,109
2021-04-19,Tehama,103,63373,4915,4878,531,5409,52
2021-04-19,Trinity,105,12862,482,326,81,407,3
2021-04-19,Tulare,107,460477,49624,48630,8580,57210,831
2021-04-19,Tuolumne,109,53932,3956,4010,40,4050,58
2021-04-19,Ventura,111,848112,80561,80000,2895,82895,996
2021-04-19,Yolo,113,214977,13634,13572,182,13754,200
2021-04-19,Yuba,115,75493,5844,5804,117,5921,44
2021-04-18,Alameda,001,1643700,85797,85481,1824,87305,1247
2021-04-18,Alpine,003,1148,85,85,0,85,0
2021-04-18,Amador,005,37829,3627,3627,32,3659,46
2021-04-18,Butte,007,227075,11963,11591,1699,13290,196
2021-04-18,Calaveras,009,45235,2051,2047,11,2058,50
2021-04-18,Colusa,011,21464,1912,1912,283,2195,14
2021-04-18,Contra Costa,013,1133247,67384,66750,1174,67924,782
2021-04-18,Del Norte,015,27424,1277,1240,11,1251,6
2021-04-18,El Dorado,017,186661,9808,9710,683,10393,106
2021-04-18,Fresno,019,978130,101101,100621,8352,108973,1646
2021-04-18,Glenn,021,27897,2375,2358,532,2890,17
2021-04-18,Humboldt,023,135768,3680,3590,28,3618,35
2021-04-18,Imperial,025,180216,28110,27991,2599,30590,719
2021-04-18,Inyo,027,18085,1395,1392,10,1402,36
2021-04-18,Kern,029,883053,96153,95129,10390,105519,1290
2021-04-18,Kings,031,150075,22916,22685,1034,23719,243
2021-04-18,Lake,033,64148,3435,3413,9,3422,43
2021-04-18,Lassen,035,31185,5163,5156,103,5259,1
2021-04-18,Los Angeles,037,10098052,1197859,1188620,40290,1228910,23648
2021-04-18,Madera,039,155013,16390,16277,905,17182,231
2021-04-18,Marin,041,260295,13840,13801,229,14030,226
2021-04-18,Mariposa,043,17540,410,400,10,410,5
2021-04-18,Mendocino,045,87422,3804,3722,73,3795,46
2021-04-18,Merced,047,269075,30345,30405,1003,31408,441
2021-04-18,Modoc,049,8938,365,359,121,480,3
2021-04-18,Mono,051,14174,1242,1254,16,1270,3
2021-04-18,Monterey,053,433212,42805,42638,1794,44432,356
2021-04-18,Napa,055,140530,9700,9674,32,9706,79
2021-04-18,Nevada,057,99092,4529,4464,183,4647,70
2021-04-18,Orange,059,3164182,253271,251940,10953,262893,4883
2021-04-18,Placer,061,380077,22387,21783,1365,23148,282
2021-04-18,Plumas,063,18699,682,665,10,675,4
2021-04-18,Riverside,065,2383286,291659,286043,13658,299701,4371
2021-04-18,Sacramento,067,1510023,102012,101354,1549,102903,1572
2021-04-18,San Benito,069,59416,5976,5989,109,6098,63
2021-04-18,San Bernardino,071,2135413,291073,289691,8789,298480,4556
2021-04-18,San Diego,073,3302833,275708,274961,14214,289175,3674
2021-04-18,San Francisco,075,870044,35963,36073,1222,37295,525
2021-04-18,San Joaquin,077,732212,71265,70466,3306,73772,1289
2021-04-18,San Luis Obispo,079,281455,20972,20656,681,21337,254
2021-04-18,San Mateo,081,765935,41558,41201,442,41643,352
2021-04-18,Santa Barbara,083,443738,33960,33769,1101,34870,446
2021-04-18,Santa Clara,085,1922200,116630,116996,688,117684,1944
2021-04-18,Santa Cruz,087,273765,16033,15580,788,16368,204
2021-04-18,Shasta,089,179085,11647,11658,1407,13065,189
2021-04-18,Sierra,091,2930,55,51,12,63,0
2021-04-18,Siskiyou,093,43540,1651,1538,282,1820,10
2021-04-18,Solano,095,438530,31695,31606,460,32066,239
2021-04-18,Sonoma,097,501317,29489,29660,295,29955,311
2021-04-18,Stanislaus,099,539301,54412,54132,5679,59811,728
2021-04-18,Sutter,101,95872,9247,9261,80,9341,109
2021-04-18,Tehama,103,63373,4906,4877,530,5407,52
2021-04-18,Trinity,105,12862,482,326,81,407,3
2021-04-18,Tulare,107,460477,49611,48618,8575,57193,829
2021-04-18,Tuolumne,109,53932,3955,4008,39,4047,58
2021-04-18,Ventura,111,848112,80530,79984,2892,82876,996
2021-04-18,Yolo,113,214977,13622,13562,180,13742,200
2021-04-18,Yuba,115,75493,5837,5804,117,5921,44
2021-04-17,Alameda,001,1643700,85722,85367,1822,87189,1247
2021-04-17,Alpine,003,1148,85,85,0,85,0
2021-04-17,Amador,005,37829,3625,3625,32,3657,46
2021-04-17,Butte,007,227075,11943,11573,1695,13268,196
2021-04-17,Calaveras,009,45235,2049,2045,11,2056,50
2021-04-17,Colusa,011,21464,1912,1912,283,2195,14
2021-04-17,Contra Costa,013,1133247,67336,66657,1166,67823,782
2021-04-17,Del Norte,015,27424,1277,1238,11,1249,6
2021-04-17,El Dorado,017,186661,9793,9692,680,10372,106
2021-04-17,Fresno,019,978130,101068,100562,8347,108909,1646
2021-04-17,Glenn,021,27897,2375,2357,532,2889,17
2021-04-17,Humboldt,023,135768,3656,3579,28,3607,35
2021-04-17,Imperial,025,180216,28099,27987,2599,30586,719
2021-04-17,Inyo,027,18085,1392,1392,10,1402,36
2021-04-17,Kern,029,883053,96135,95102,10386,105488,1290
2021-04-17,Kings,031,150075,22911,22678,1033,23711,243
2021-04-17,Lake,033,64148,3434,3409,9,3418,43
2021-04-17,Lassen,035,31185,5163,5154,103,5257,1
2021-04-17,Los Angeles,037,10098052,1197601,1188262,40258,1228520,23653
2021-04-17,Madera,039,155013,16386,16260,904,17164,231
2021-04-17,Marin,041,260295,13836,13797,229,14026,226
2021-04-17,Mariposa,043,17540,409,398,10,408,5
2021-04-17,Mendocino,045,87422,3801,3721,73,3794,46
2021-04-17,Merced,047,269075,30329,30392,1002,31394,441
2021-04-17,Modoc,049,8938,365,357,121,478,3
2021-04-17,Mono,051,14174,1242,1253,16,1269,3
2021-04-17,Monterey,053,433212,42796,42630,1792,44422,356
2021-04-17,Napa,055,140530,9696,9666,32,9698,79
2021-04-17,Nevada,057,99092,4521,4457,183,4640,70
2021-04-17,Orange,059,3164182,253202,251873,10941,262814,4878
2021-04-17,Placer,061,380077,22364,21736,1360,23096,282
2021-04-17,Plumas,063,18699,681,666,10,676,4
2021-04-17,Riverside,065,2383286,291590,285963,13650,299613,4371
2021-04-17,Sacramento,067,1510023,101902,101172,1538,102710,1572
2021-04-17,San Benito,069,59416,5970,5986,109,6095,63
2021-04-17,San Bernardino,071,2135413,291018,289624,8786,298410,4555
2021-04-17,San Diego,073,3302833,275561,274812,14180,288992,3674
2021-04-17,San Francisco,075,870044,35941,36032,1219,37251,523
2021-04-17,San Joaquin,077,732212,71225,70372,3296,73668,1288
2021-04-17,San Luis Obispo,079,281455,20959,20642,678,21320,254
2021-04-17,San Mateo,081,765935,41535,41157,442,41599,352
2021-04-17,Santa Barbara,083,443738,33929,33738,1099,34837,446
2021-04-17,Santa Clara,085,1922200,116538,116887,686,117573,1944
2021-04-17,Santa Cruz,087,273765,16027,15571,788,16359,204
2021-04-17,Shasta,089,179085,11632,11647,1406,13053,189
2021-04-17,Sierra,091,2930,55,51,12,63,0
2021-04-17,Siskiyou,093,43540,1646,1539,279,1818,10
2021-04-17,Solano,095,438530,31664,31541,457,31998,239
2021-04-17,Sonoma,097,501317,29482,29637,295,29932,311
2021-04-17,Stanislaus,099,539301,54375,54058,5674,59732,728
2021-04-17,Sutter,101,95872,9241,9252,80,9332,109
2021-04-17,Tehama,103,63373,4900,4875,529,5404,52
2021-04-17,Trinity,105,12862,482,326,81,407,3
2021-04-17,Tulare,107,460477,49599,48603,8571,57174,829
2021-04-17,Tuolumne,109,53932,3953,4005,39,4044,58
2021-04-17,Ventura,111,848112,80509,79964,2892,82856,996
2021-04-17,Yolo,113,214977,13612,13580,180,13760,200
2021-04-17,Yuba,115,75493,5832,5802,116,5918,44
2021-04-16,Alameda,001,1643700,85643,85243,1820,87063,1245
2021-04-16,Alpine,003,1148,85,85,0,85,0
2021-04-16,Amador,005,37829,3620,3621,32,3653,46
2021-04-16,Butte,007,227075,11931,11549,1693,13242,196
2021-04-16,Calaveras,009,45235,2047,2042,11,2053,50
2021-04-16,Colusa,011,21464,1910,1911,283,2194,14
2021-04-16,Contra Costa,013,1133247,67282,66569,1163,67732,782
2021-04-16,Del Norte,015,27424,1276,1237,11,1248,6
2021-04-16,El Dorado,017,186661,9773,9665,676,10341,106
2021-04-16,Fresno,019,978130,101018,100500,8341,108841,1643
2021-04-16,Glenn,021,27897,2375,2355,532,2887,17
2021-04-16,Humboldt,023,135768,3635,3570,27,3597,35
2021-04-16,Imperial,025,180216,28089,27962,2599,30561,719
2021-04-16,Inyo,027,18085,1392,1392,10,1402,36
2021-04-16,Kern,029,883053,96106,95066,10383,105449,1288
2021-04-16,Kings,031,150075,22907,22667,1032,23699,243
2021-04-16,Lake,033,64148,3428,3406,9,3415,43
2021-04-16,Lassen,035,31185,5162,5155,103,5258,1
2021-04-16,Los Angeles,037,10098052,1197300,1187818,40222,1228040,23627
2021-04-16,Madera,039,155013,16380,16250,903,17153,231
2021-04-16,Marin,041,260295,13833,13788,229,14017,226
2021-04-16,Mariposa,043,17540,408,396,9,405,5
2021-04-16,Mendocino,045,87422,3799,3719,73,3792,46
2021-04-16,Merced,047,269075,30314,30355,1002,31357,438
2021-04-16,Modoc,049,8938,365,355,121,476,3
2021-04-16,Mono,051,14174,1242,1253,16,1269,3
2021-04-16,Monterey,053,433212,42785,42620,1789,44409,351
2021-04-16,Napa,055,140530,9688,9653,32,9685,79
2021-04-16,Nevada,057,99092,4512,4443,183,4626,70
2021-04-16,Orange,059,3164182,253138,251770,10932,262702,4873
2021-04-16,Placer,061,380077,22337,21680,1356,23036,282
2021-04-16,Plumas,063,18699,680,665,10,675,4
2021-04-16,Riverside,065,2383286,291513,285818,13648,299466,4369
2021-04-16,Sacramento,067,1510023,101805,100993,1533,102526,1572
2021-04-16,San Benito,069,59416,5968,5982,109,6091,63
2021-04-16,San Bernardino,071,2135413,290971,289424,8785,298209,4550
2021-04-16,San Diego,073,3302833,275407,274567,14162,288729,3662
2021-04-16,San Francisco,075,870044,35916,35993,1216,37209,517
2021-04-16,San Joaquin,077,732212,71158,70280,3288,73568,1288
2021-04-16,San Luis Obispo,079,281455,20947,20623,677,21300,253
2021-04-16,San Mateo,081,765935,41506,41107,441,41548,352
2021-04-16,Santa Barbara,083,443738,33911,33703,1099,34802,446
2021-04-16,Santa Clara,085,1922200,116438,116693,683,117376,1941
2021-04-16,Santa Cruz,087,273765,16025,15539,788,16327,204
2021-04-16,Shasta,089,179085,11620,11623,1405,13028,189
2021-04-16,Sierra,091,2930,55,51,12,63,0
2021-04-16,Siskiyou,093,43540,1642,1530,277,1807,10
2021-04-16,Solano,095,438530,31625,31470,454,31924,239
2021-04-16,Sonoma,097,501317,29471,29617,295,29912,311
2021-04-16,Stanislaus,099,539301,54327,53983,5672,59655,728
2021-04-16,Sutter,101,95872,9235,9247,80,9327,109
2021-04-16,Tehama,103,63373,4899,4866,529,5395,52
2021-04-16,Trinity,105,12862,482,326,81,407,3
2021-04-16,Tulare,107,460477,49587,48583,8567,57150,830
2021-04-16,Tuolumne,109,53932,3950,4005,39,4044,58
2021-04-16,Ventura,111,848112,80484,79942,2887,82829,994
2021-04-16,Yolo,113,214977,13599,13559,178,13737,198
2021-04-16,Yuba,115,75493,5829,5795,115,5910,44
2021-04-15,Alameda,001,1643700,85536,85089,1818,86907,1246
2021-04-15,Alpine,003,1148,85,85,0,85,0
2021-04-15,Amador,005,37829,3619,3616,32,3648,46
2021-04-15,Butte,007,227075,11916,11529,1689,13218,196
2021-04-15,Calaveras,009,45235,2046,2039,11,2050,50
2021-04-15,Colusa,011,21464,1908,1909,282,2191,14
2021-04-15,Contra Costa,013,1133247,67209,66480,1159,67639,781
2021-04-15,Del Norte,015,27424,1269,1235,11,1246,6
2021-04-15,El Dorado,017,186661,9759,9639,674,10313,106
2021-04-15,Fresno,019,978130,100956,100431,8335,108766,1642
2021-04-15,Glenn,021,27897,2375,2354,532,2886,17
2021-04-15,Humboldt,023,135768,3614,3561,27,3588,35
2021-04-15,Imperial,025,180216,28061,27920,2596,30516,718
2021-04-15,Inyo,027,18085,1392,1393,10,1403,36
2021-04-15,Kern,029,883053,96073,94989,10370,105359,1289
2021-04-15,Kings,031,150075,22893,22648,1032,23680,242
2021-04-15,Lake,033,64148,3427,3399,9,3408,43
2021-04-15,Lassen,035,31185,5161,5152,103,5255,1
2021-04-15,Los Angeles,037,10098052,1196895,1187274,40186,1227460,23598
2021-04-15,Madera,039,155013,16365,16234,903,17137,231
2021-04-15,Marin,041,260295,13829,13783,228,14011,226
2021-04-15,Mariposa,043,17540,406,395,9,404,5
2021-04-15,Mendocino,045,87422,3798,3714,73,3787,46
2021-04-15,Merced,047,269075,30288,30325,1001,31326,437
2021-04-15,Modoc,049,8938,365,355,121,476,3
2021-04-15,Mono,051,14174,1241,1253,16,1269,3
2021-04-15,Monterey,053,433212,42775,42604,1787,44391,347
2021-04-15,Napa,055,140530,9680,9645,32,9677,79
2021-04-15,Nevada,057,99092,4500,4434,182,4616,70
2021-04-15,Orange,059,3164182,253043,251679,10920,262599,4857
2021-04-15,Placer,061,380077,22306,21614,1349,22963,281
2021-04-15,Plumas,063,18699,678,665,10,675,4
2021-04-15,Riverside,065,2383286,291409,285698,13641,299339,4363
2021-04-15,Sacramento,067,1510023,101675,100782,1519,102301,1570
2021-04-15,San Benito,069,59416,5965,5969,108,6077,63
2021-04-15,San Bernardino,071,2135413,290881,289288,8778,298066,4544
2021-04-15,San Diego,073,3302833,275160,274250,14103,288353,3653
2021-04-15,San Francisco,075,870044,35897,35947,1214,37161,510
2021-04-15,San Joaquin,077,732212,71077,70189,3280,73469,1288
2021-04-15,San Luis Obispo,079,281455,20931,20591,674,21265,253
2021-04-15,San Mateo,081,765935,41467,41050,440,41490,352
2021-04-15,Santa Barbara,083,443738,33893,33672,1095,34767,446
2021-04-15,Santa Clara,085,1922200,116332,116602,679,117281,1927
2021-04-15,Santa Cruz,087,273765,16015,15509,788,16297,203
2021-04-15,Shasta,089,179085,11606,11597,1401,12998,191
2021-04-15,Sierra,091,2930,55,51,12,63,0
2021-04-15,Siskiyou,093,43540,1636,1524,276,1800,10
2021-04-15,Solano,095,438530,31587,31394,453,31847,239
2021-04-15,Sonoma,097,501317,29457,29587,295,29882,311
2021-04-15,Stanislaus,099,539301,54273,53918,5663,59581,728
2021-04-15,Sutter,101,95872,9228,9237,80,9317,109
2021-04-15,Tehama,103,63373,4898,4854,528,5382,52
2021-04-15,Trinity,105,12862,482,326,81,407,3
2021-04-15,Tulare,107,460477,49566,48556,8567,57123,829
2021-04-15,Tuolumne,109,53932,3950,4003,39,4042,57
2021-04-15,Ventura,111,848112,80465,79917,2885,82802,989
2021-04-15,Yolo,113,214977,13580,13547,176,13723,198
2021-04-15,Yuba,115,75493,5826,5788,115,5903,44
2021-04-14,Alameda,001,1643700,85439,85009,1817,86826,1247
2021-04-14,Alpine,003,1148,85,85,0,85,0
2021-04-14,Amador,005,37829,3618,3613,32,3645,46
2021-04-14,Butte,007,227075,11903,11513,1688,13201,196
2021-04-14,Calaveras,009,45235,2045,2037,11,2048,50
2021-04-14,Colusa,011,21464,1908,1905,282,2187,14
2021-04-14,Contra Costa,013,1133247,67123,66400,1153,67553,781
2021-04-14,Del Norte,015,27424,1269,1228,11,1239,6
2021-04-14,El Dorado,017,186661,9744,9625,669,10294,106
2021-04-14,Fresno,019,978130,100899,100376,8322,108698,1640
2021-04-14,Glenn,021,27897,2375,2353,532,2885,17
2021-04-14,Humboldt,023,135768,3592,3551,26,3577,35
2021-04-14,Imperial,025,180216,28039,27907,2594,30501,718
2021-04-14,Inyo,027,18085,1392,1392,10,1402,36
2021-04-14,Kern,029,883053,96048,94947,10363,105310,1287
2021-04-14,Kings,031,150075,22884,22641,1030,23671,243
2021-04-14,Lake,033,64148,3422,3396,9,3405,43
2021-04-14,Lassen,035,31185,5160,5151,103,5254,1
2021-04-14,Los Angeles,037,10098052,1196496,1186821,40141,1226962,23579
2021-04-14,Madera,039,155013,16356,16218,903,17121,231
2021-04-14,Marin,041,260295,13827,13768,227,13995,226
2021-04-14,Mariposa,043,17540,405,394,9,403,5
2021-04-14,Mendocino,045,87422,3793,3711,73,3784,46
2021-04-14,Merced,047,269075,30272,30296,999,31295,436
2021-04-14,Modoc,049,8938,365,355,121,476,3
2021-04-14,Mono,051,14174,1240,1252,16,1268,3
2021-04-14,Monterey,053,433212,42759,42595,1783,44378,347
2021-04-14,Napa,055,140530,9669,9643,32,9675,79
2021-04-14,Nevada,057,99092,4493,4421,182,4603,70
2021-04-14,Orange,059,3164182,252938,251568,10901,262469,4849
2021-04-14,Placer,061,380077,22273,21575,1348,22923,280
2021-04-14,Plumas,063,18699,678,665,10,675,4
2021-04-14,Riverside,065,2383286,291299,285583,13635,299218,4358
2021-04-14,Sacramento,067,1510023,101500,100645,1505,102150,1570
2021-04-14,San Benito,069,59416,5963,5960,108,6068,62
2021-04-14,San Bernardino,071,2135413,290813,289078,8776,297854,4523
2021-04-14,San Diego,073,3302833,274949,273969,14074,288043,3648
2021-04-14,San Francisco,075,870044,35859,35898,1213,37111,510
2021-04-14,San Joaquin,077,732212,71007,70095,3274,73369,1288
2021-04-14,San Luis Obispo,079,281455,20908,20561,664,21225,253
2021-04-14,San Mateo,081,765935,41427,40982,437,41419,352
2021-04-14,Santa Barbara,083,443738,33864,33650,1095,34745,445
2021-04-14,Santa Clara,085,1922200,116215,116488,676,117164,1922
2021-04-14,Santa Cruz,087,273765,16005,15481,788,16269,203
2021-04-14,Shasta,089,179085,11580,11581,1399,12980,190
2021-04-14,Sierra,091,2930,55,51,12,63,0
2021-04-14,Siskiyou,093,43540,1628,1518,275,1793,10
2021-04-14,Solano,095,438530,31534,31357,446,31803,239
2021-04-14,Sonoma,097,501317,29449,29572,293,29865,311
2021-04-14,Stanislaus,099,539301,54202,53836,5654,59490,727
2021-04-14,Sutter,101,95872,9220,9230,80,9310,106
2021-04-14,Tehama,103,63373,4892,4853,527,5380,52
2021-04-14,Trinity,105,12862,482,326,81,407,3
2021-04-14,Tulare,107,460477,49540,48527,8564,57091,827
2021-04-14,Tuolumne,109,53932,3949,3997,39,4036,57
2021-04-14,Ventura,111,848112,80429,79891,2883,82774,986
2021-04-14,Yolo,113,214977,13564,13530,174,13704,198
2021-04-14,Yuba,115,75493,5824,5778,115,5893,44
2021-04-13,Alameda,001,1643700,85333,84921,1814,86735,1239
2021-04-13,Alpine,003,1148,85,85,0,85,0
2021-04-13,Amador,005,37829,3615,3609,32,3641,46
2021-04-13,Butte,007,227075,11885,11497,1685,13182,196
2021-04-13,Calaveras,009,45235,2043,2035,11,2046,50
2021-04-13,Colusa,011,21464,1906,1905,280,2185,14
2021-04-13,Contra Costa,013,1133247,67035,66304,1153,67457,778
2021-04-13,Del Norte,015,27424,1264,1221,11,1232,6
2021-04-13,El Dorado,017,186661,9718,9609,666,10275,106
2021-04-13,Fresno,019,978130,100818,100357,8316,108673,1636
2021-04-13,Glenn,021,27897,2374,2351,532,2883,17
2021-04-13,Humboldt,023,135768,3575,3540,26,3566,35
2021-04-13,Imperial,025,180216,28020,27887,2586,30473,718
2021-04-13,Inyo,027,18085,1392,1391,10,1401,36
2021-04-13,Kern,029,883053,96004,94908,10351,105259,1285
2021-04-13,Kings,031,150075,22868,22636,1029,23665,243
2021-04-13,Lake,033,64148,3419,3390,9,3399,43
2021-04-13,Lassen,035,31185,5159,5147,103,5250,1
2021-04-13,Los Angeles,037,10098052,1196042,1186482,40100,1226582,23526
2021-04-13,Madera,039,155013,16346,16207,901,17108,231
2021-04-13,Marin,041,260295,13819,13760,226,13986,224
2021-04-13,Mariposa,043,17540,404,394,6,400,5
2021-04-13,Mendocino,045,87422,3787,3702,73,3775,46
2021-04-13,Merced,047,269075,30242,30276,996,31272,435
2021-04-13,Modoc,049,8938,365,355,121,476,3
2021-04-13,Mono,051,14174,1240,1251,16,1267,3
2021-04-13,Monterey,053,433212,42748,42577,1783,44360,347
2021-04-13,Napa,055,140530,9659,9627,32,9659,79
2021-04-13,Nevada,057,99092,4481,4415,182,4597,69
2021-04-13,Orange,059,3164182,252843,251491,10884,262375,4836
2021-04-13,Placer,061,380077,22236,21534,1345,22879,280
2021-04-13,Plumas,063,18699,677,665,10,675,4
2021-04-13,Riverside,065,2383286,291180,285505,13629,299134,4348
2021-04-13,Sacramento,067,1510023,101325,100551,1500,102051,1569
2021-04-13,San Benito,069,59416,5960,5946,108,6054,62
2021-04-13,San Bernardino,071,2135413,290697,288929,8770,297699,4521
2021-04-13,San Diego,073,3302833,274695,273709,14039,287748,3623
2021-04-13,San Francisco,075,870044,35823,35869,1209,37078,506
2021-04-13,San Joaquin,077,732212,70899,70034,3266,73300,1288
2021-04-13,San Luis Obispo,079,281455,20881,20536,654,21190,253
2021-04-13,San Mateo,081,765935,41382,40955,437,41392,353
2021-04-13,Santa Barbara,083,443738,33841,33613,1092,34705,444
2021-04-13,Santa Clara,085,1922200,116086,116363,675,117038,1923
2021-04-13,Santa Cruz,087,273765,15998,15449,788,16237,203
2021-04-13,Shasta,089,179085,11560,11536,1396,12932,189
2021-04-13,Sierra,091,2930,55,51,12,63,0
2021-04-13,Siskiyou,093,43540,1620,1511,272,1783,10
2021-04-13,Solano,095,438530,31485,31335,442,31777,239
2021-04-13,Sonoma,097,501317,29441,29544,292,29836,311
2021-04-13,Stanislaus,099,539301,54130,53797,5645,59442,722
2021-04-13,Sutter,101,95872,9216,9226,80,9306,106
2021-04-13,Tehama,103,63373,4885,4850,524,5374,52
2021-04-13,Trinity,105,12862,482,326,81,407,3
2021-04-13,Tulare,107,460477,49527,48511,8561,57072,825
2021-04-13,Tuolumne,109,53932,3947,3995,39,4034,57
2021-04-13,Ventura,111,848112,80397,79854,2881,82735,986
2021-04-13,Yolo,113,214977,13552,13516,173,13689,198
2021-04-13,Yuba,115,75493,5815,5776,115,5891,44
2021-04-12,Alameda,001,1643700,85231,84817,1813,86630,1238
2021-04-12,Alpine,003,1148,85,85,0,85,0
2021-04-12,Amador,005,37829,3614,3607,32,3639,46
2021-04-12,Butte,007,227075,11870,11488,1681,13169,193
2021-04-12,Calaveras,009,45235,2039,2033,11,2044,50
2021-04-12,Colusa,011,21464,1904,1904,278,2182,14
2021-04-12,Contra Costa,013,1133247,66955,66176,1153,67329,777
2021-04-12,Del Norte,015,27424,1261,1216,11,1227,6
2021-04-12,El Dorado,017,186661,9701,9588,664,10252,106
2021-04-12,Fresno,019,978130,100757,100277,8293,108570,1633
2021-04-12,Glenn,021,27897,2373,2349,532,2881,17
2021-04-12,Humboldt,023,135768,3561,3533,25,3558,35
2021-04-12,Imperial,025,180216,27990,27851,2582,30433,717
2021-04-12,Inyo,027,18085,1392,1390,10,1400,36
2021-04-12,Kern,029,883053,95967,94861,10341,105202,1283
2021-04-12,Kings,031,150075,22860,22621,1028,23649,241
2021-04-12,Lake,033,64148,3415,3380,9,3389,43
2021-04-12,Lassen,035,31185,5158,5147,103,5250,1
2021-04-12,Los Angeles,037,10098052,1195538,1186145,40063,1226208,23505
2021-04-12,Madera,039,155013,16334,16174,899,17073,231
2021-04-12,Marin,041,260295,13806,13751,224,13975,224
2021-04-12,Mariposa,043,17540,403,394,6,400,5
2021-04-12,Mendocino,045,87422,3786,3699,73,3772,46
2021-04-12,Merced,047,269075,30211,30261,993,31254,435
2021-04-12,Modoc,049,8938,363,352,121,473,3
2021-04-12,Mono,051,14174,1240,1251,16,1267,3
2021-04-12,Monterey,053,433212,42734,42555,1781,44336,346
2021-04-12,Napa,055,140530,9645,9603,32,9635,80
2021-04-12,Nevada,057,99092,4470,4408,182,4590,69
2021-04-12,Orange,059,3164182,252757,251350,10863,262213,4826
2021-04-12,Placer,061,380077,22185,21475,1342,22817,278
2021-04-12,Plumas,063,18699,675,666,10,676,4
2021-04-12,Riverside,065,2383286,291069,285361,13623,298984,4336
2021-04-12,Sacramento,067,1510023,101151,100394,1495,101889,1566
2021-04-12,San Benito,069,59416,5952,5942,107,6049,62
2021-04-12,San Bernardino,071,2135413,290590,288736,8758,297494,4493
2021-04-12,San Diego,073,3302833,274434,273431,14010,287441,3621
2021-04-12,San Francisco,075,870044,35789,35841,1208,37049,506
2021-04-12,San Joaquin,077,732212,70827,69968,3259,73227,1288
2021-04-12,San Luis Obispo,079,281455,20836,20515,641,21156,253
2021-04-12,San Mateo,081,765935,41340,40920,433,41353,353
2021-04-12,Santa Barbara,083,443738,33809,33606,1092,34698,444
2021-04-12,Santa Clara,085,1922200,115958,116252,673,116925,1923
2021-04-12,Santa Cruz,087,273765,15978,15406,788,16194,203
2021-04-12,Shasta,089,179085,11543,11509,1392,12901,189
2021-04-12,Sierra,091,2930,55,51,12,63,0
2021-04-12,Siskiyou,093,43540,1609,1511,269,1780,7
2021-04-12,Solano,095,438530,31443,31305,439,31744,238
2021-04-12,Sonoma,097,501317,29413,29500,292,29792,310
2021-04-12,Stanislaus,099,539301,54064,53722,5638,59360,707
2021-04-12,Sutter,101,95872,9205,9221,80,9301,106
2021-04-12,Tehama,103,63373,4876,4834,520,5354,52
2021-04-12,Trinity,105,12862,482,324,81,405,3
2021-04-12,Tulare,107,460477,49507,48495,8551,57046,824
2021-04-12,Tuolumne,109,53932,3943,3993,39,4032,57
2021-04-12,Ventura,111,848112,80364,79818,2879,82697,985
2021-04-12,Yolo,113,214977,13538,13510,172,13682,198
2021-04-12,Yuba,115,75493,5809,5773,115,5888,43
2021-04-11,Alameda,001,1643700,85094,84756,1808,86564,1238
2021-04-11,Alpine,003,1148,85,85,0,85,0
2021-04-11,Amador,005,37829,3612,3605,32,3637,46
2021-04-11,Butte,007,227075,11836,11487,1677,13164,193
2021-04-11,Calaveras,009,45235,2035,2036,11,2047,50
2021-04-11,Colusa,011,21464,1903,1904,277,2181,14
2021-04-11,Contra Costa,013,1133247,66846,66107,1151,67258,777
2021-04-11,Del Norte,015,27424,1255,1214,11,1225,6
2021-04-11,El Dorado,017,186661,9687,9575,661,10236,106
2021-04-11,Fresno,019,978130,100689,100230,8283,108513,1633
2021-04-11,Glenn,021,27897,2368,2348,532,2880,17
2021-04-11,Humboldt,023,135768,3551,3523,25,3548,35
2021-04-11,Imperial,025,180216,27966,27841,2580,30421,717
2021-04-11,Inyo,027,18085,1392,1390,10,1400,36
2021-04-11,Kern,029,883053,95906,94830,10333,105163,1283
2021-04-11,Kings,031,150075,22851,22618,1025,23643,241
2021-04-11,Lake,033,64148,3411,3377,9,3386,43
2021-04-11,Lassen,035,31185,5154,5147,103,5250,1
2021-04-11,Los Angeles,037,10098052,1195026,1185757,40021,1225778,23503
2021-04-11,Madera,039,155013,16315,16166,898,17064,231
2021-04-11,Marin,041,260295,13799,13741,223,13964,226
2021-04-11,Mariposa,043,17540,403,394,6,400,5
2021-04-11,Mendocino,045,87422,3784,3696,73,3769,46
2021-04-11,Merced,047,269075,30173,30249,992,31241,435
2021-04-11,Modoc,049,8938,362,352,119,471,3
2021-04-11,Mono,051,14174,1239,1250,16,1266,3
2021-04-11,Monterey,053,433212,42728,42547,1774,44321,346
2021-04-11,Napa,055,140530,9634,9592,32,9624,80
2021-04-11,Nevada,057,99092,4456,4394,182,4576,69
2021-04-11,Orange,059,3164182,252630,251233,10852,262085,4826
2021-04-11,Placer,061,380077,22128,21458,1337,22795,278
2021-04-11,Plumas,063,18699,675,666,10,676,4
2021-04-11,Riverside,065,2383286,290935,285269,13613,298882,4336
2021-04-11,Sacramento,067,1510023,100981,100296,1483,101779,1566
2021-04-11,San Benito,069,59416,5944,5941,106,6047,62
2021-04-11,San Bernardino,071,2135413,290483,288686,8752,297438,4492
2021-04-11,San Diego,073,3302833,274136,273287,13951,287238,3621
2021-04-11,San Francisco,075,870044,35753,35815,1205,37020,498
2021-04-11,San Joaquin,077,732212,70741,69939,3248,73187,1288
2021-04-11,San Luis Obispo,079,281455,20810,20501,638,21139,253
2021-04-11,San Mateo,081,765935,41282,40901,432,41333,353
2021-04-11,Santa Barbara,083,443738,33774,33591,1091,34682,444
2021-04-11,Santa Clara,085,1922200,115822,116161,670,116831,1923
2021-04-11,Santa Cruz,087,273765,15966,15382,788,16170,203
2021-04-11,Shasta,089,179085,11499,11504,1391,12895,189
2021-04-11,Sierra,091,2930,55,51,12,63,0
2021-04-11,Siskiyou,093,43540,1602,1509,266,1775,7
2021-04-11,Solano,095,438530,31390,31268,435,31703,238
2021-04-11,Sonoma,097,501317,29387,29496,288,29784,310
2021-04-11,Stanislaus,099,539301,53981,53683,5629,59312,707
2021-04-11,Sutter,101,95872,9196,9222,80,9302,106
2021-04-11,Tehama,103,63373,4873,4832,519,5351,52
2021-04-11,Trinity,105,12862,482,324,81,405,3
2021-04-11,Tulare,107,460477,49493,48479,8544,57023,824
2021-04-11,Tuolumne,109,53932,3941,3993,39,4032,57
2021-04-11,Ventura,111,848112,80316,79800,2874,82674,985
2021-04-11,Yolo,113,214977,13518,13496,170,13666,198
2021-04-11,Yuba,115,75493,5799,5768,115,5883,43
2021-04-10,Alameda,001,1643700,85030,84626,1808,86434,1238
2021-04-10,Alpine,003,1148,85,85,0,85,0
2021-04-10,Amador,005,37829,3610,3603,32,3635,46
2021-04-10,Butte,007,227075,11825,11482,1676,13158,193
2021-04-10,Calaveras,009,45235,2033,2032,11,2043,50
2021-04-10,Colusa,011,21464,1903,1902,277,2179,14
2021-04-10,Contra Costa,013,1133247,66785,66001,1148,67149,778
2021-04-10,Del Norte,015,27424,1252,1212,11,1223,6
2021-04-10,El Dorado,017,186661,9675,9549,658,10207,106
2021-04-10,Fresno,019,978130,100656,100135,8276,108411,1633
2021-04-10,Glenn,021,27897,2368,2343,532,2875,17
2021-04-10,Humboldt,023,135768,3541,3508,25,3533,35
2021-04-10,Imperial,025,180216,27952,27816,2580,30396,717
2021-04-10,Inyo,027,18085,1392,1387,10,1397,36
2021-04-10,Kern,029,883053,95892,94802,10327,105129,1284
2021-04-10,Kings,031,150075,22847,22614,1023,23637,241
2021-04-10,Lake,033,64148,3406,3368,9,3377,43
2021-04-10,Lassen,035,31185,5154,5146,102,5248,1
2021-04-10,Los Angeles,037,10098052,1194751,1185246,40004,1225250,23493
2021-04-10,Madera,039,155013,16307,16143,897,17040,231
2021-04-10,Marin,041,260295,13794,13731,223,13954,226
2021-04-10,Mariposa,043,17540,400,393,6,399,5
2021-04-10,Mendocino,045,87422,3782,3696,73,3769,46
2021-04-10,Merced,047,269075,30153,30225,991,31216,435
2021-04-10,Modoc,049,8938,362,352,119,471,3
2021-04-10,Mono,051,14174,1239,1249,16,1265,3
2021-04-10,Monterey,053,433212,42717,42527,1773,44300,346
2021-04-10,Napa,055,140530,9627,9569,32,9601,79
2021-04-10,Nevada,057,99092,4449,4379,182,4561,69
2021-04-10,Orange,059,3164182,252537,251139,10846,261985,4818
2021-04-10,Placer,061,380077,22097,21402,1331,22733,278
2021-04-10,Plumas,063,18699,675,666,10,676,4
2021-04-10,Riverside,065,2383286,290855,285082,13605,298687,4336
2021-04-10,Sacramento,067,1510023,100878,100048,1481,101529,1566
2021-04-10,San Benito,069,59416,5933,5932,105,6037,62
2021-04-10,San Bernardino,071,2135413,290419,288590,8745,297335,4489
2021-04-10,San Diego,073,3302833,273920,273058,13931,286989,3613
2021-04-10,San Francisco,075,870044,35723,35774,1202,36976,498
2021-04-10,San Joaquin,077,732212,70706,69852,3238,73090,1288
2021-04-10,San Luis Obispo,079,281455,20794,20461,637,21098,253
2021-04-10,San Mateo,081,765935,41249,40878,432,41310,350
2021-04-10,Santa Barbara,083,443738,33746,33541,1089,34630,444
2021-04-10,Santa Clara,085,1922200,115726,116015,669,116684,1923
2021-04-10,Santa Cruz,087,273765,15960,15360,788,16148,203
2021-04-10,Shasta,089,179085,11490,11492,1388,12880,189
2021-04-10,Sierra,091,2930,55,51,12,63,0
2021-04-10,Siskiyou,093,43540,1599,1512,266,1778,7
2021-04-10,Solano,095,438530,31356,31218,431,31649,238
2021-04-10,Sonoma,097,501317,29372,29469,288,29757,310
2021-04-10,Stanislaus,099,539301,53946,53596,5623,59219,707
2021-04-10,Sutter,101,95872,9194,9214,80,9294,106
2021-04-10,Tehama,103,63373,4871,4820,517,5337,52
2021-04-10,Trinity,105,12862,482,324,81,405,3
2021-04-10,Tulare,107,460477,49484,48470,8538,57008,824
2021-04-10,Tuolumne,109,53932,3938,3991,39,4030,57
2021-04-10,Ventura,111,848112,80288,79758,2872,82630,985
2021-04-10,Yolo,113,214977,13510,13494,169,13663,198
2021-04-10,Yuba,115,75493,5796,5757,114,5871,43
2021-04-09,Alameda,001,1643700,84963,84404,1800,86204,1237
2021-04-09,Alpine,003,1148,85,85,0,85,0
2021-04-09,Amador,005,37829,3609,3600,32,3632,46
2021-04-09,Butte,007,227075,11815,11454,1675,13129,193
2021-04-09,Calaveras,009,45235,2032,2028,11,2039,50
2021-04-09,Colusa,011,21464,1903,1898,277,2175,14
2021-04-09,Contra Costa,013,1133247,66692,65857,1142,66999,777
2021-04-09,Del Norte,015,27424,1251,1207,11,1218,6
2021-04-09,El Dorado,017,186661,9653,9528,654,10182,106
2021-04-09,Fresno,019,978130,100622,100027,8271,108298,1630
2021-04-09,Glenn,021,27897,2368,2337,532,2869,17
2021-04-09,Humboldt,023,135768,3532,3496,25,3521,35
2021-04-09,Imperial,025,180216,27937,27764,2578,30342,717
2021-04-09,Inyo,027,18085,1391,1386,10,1396,36
2021-04-09,Kern,029,883053,95854,94675,10325,105000,1282
2021-04-09,Kings,031,150075,22838,22595,1020,23615,242
2021-04-09,Lake,033,64148,3402,3362,9,3371,43
2021-04-09,Lassen,035,31185,5154,5140,102,5242,1
2021-04-09,Los Angeles,037,10098052,1194382,1184501,39976,1224477,23458
2021-04-09,Madera,039,155013,16304,16118,897,17015,231
2021-04-09,Marin,041,260295,13787,13721,223,13944,226
2021-04-09,Mariposa,043,17540,400,393,6,399,5
2021-04-09,Mendocino,045,87422,3780,3693,73,3766,46
2021-04-09,Merced,047,269075,30124,30179,990,31169,435
2021-04-09,Modoc,049,8938,361,352,119,471,3
2021-04-09,Mono,051,14174,1239,1247,16,1263,3
2021-04-09,Monterey,053,433212,42708,42481,1769,44250,344
2021-04-09,Napa,055,140530,9608,9574,32,9606,80
2021-04-09,Nevada,057,99092,4441,4373,182,4555,69
2021-04-09,Orange,059,3164182,252463,250852,10841,261693,4813
2021-04-09,Placer,061,380077,22066,21327,1323,22650,278
2021-04-09,Plumas,063,18699,674,666,10,676,4
2021-04-09,Riverside,065,2383286,290772,284562,13599,298161,4325
2021-04-09,Sacramento,067,1510023,100723,99722,1475,101197,1564
2021-04-09,San Benito,069,59416,5928,5925,104,6029,62
2021-04-09,San Bernardino,071,2135413,290350,288000,8742,296742,4467
2021-04-09,San Diego,073,3302833,273722,272697,13889,286586,3600
2021-04-09,San Francisco,075,870044,35682,35716,1197,36913,497
2021-04-09,San Joaquin,077,732212,70642,69675,3226,72901,1281
2021-04-09,San Luis Obispo,079,281455,20779,20427,637,21064,252
2021-04-09,San Mateo,081,765935,41213,40800,431,41231,350
2021-04-09,Santa Barbara,083,443738,33723,33424,1086,34510,444
2021-04-09,Santa Clara,085,1922200,115642,115749,667,116416,1923
2021-04-09,Santa Cruz,087,273765,15955,15331,788,16119,203
2021-04-09,Shasta,089,179085,11480,11478,1385,12863,188
2021-04-09,Sierra,091,2930,55,51,12,63,0
2021-04-09,Siskiyou,093,43540,1596,1510,265,1775,7
2021-04-09,Solano,095,438530,31323,31166,426,31592,238
2021-04-09,Sonoma,097,501317,29359,29433,288,29721,310
2021-04-09,Stanislaus,099,539301,53891,53504,5614,59118,705
2021-04-09,Sutter,101,95872,9187,9201,80,9281,106
2021-04-09,Tehama,103,63373,4865,4806,517,5323,52
2021-04-09,Trinity,105,12862,481,324,81,405,3
2021-04-09,Tulare,107,460477,49480,48430,8532,56962,824
2021-04-09,Tuolumne,109,53932,3937,3986,39,4025,57
2021-04-09,Ventura,111,848112,80260,79698,2872,82570,987
2021-04-09,Yolo,113,214977,13498,13478,167,13645,198
2021-04-09,Yuba,115,75493,5789,5754,114,5868,43
2021-04-08,Alameda,001,1643700,84857,84213,1797,86010,1232
2021-04-08,Alpine,003,1148,85,85,0,85,0
2021-04-08,Amador,005,37829,3605,3595,32,3627,46
2021-04-08,Butte,007,227075,11804,11414,1674,13088,193
2021-04-08,Calaveras,009,45235,2030,2027,11,2038,50
2021-04-08,Colusa,011,21464,1902,1897,277,2174,14
2021-04-08,Contra Costa,013,1133247,66582,65706,1139,66845,775
2021-04-08,Del Norte,015,27424,1245,1201,11,1212,6
2021-04-08,El Dorado,017,186661,9637,9513,649,10162,106
2021-04-08,Fresno,019,978130,100559,99935,8264,108199,1627
2021-04-08,Glenn,021,27897,2367,2337,532,2869,17
2021-04-08,Humboldt,023,135768,3522,3486,25,3511,35
2021-04-08,Imperial,025,180216,27909,27744,2575,30319,713
2021-04-08,Inyo,027,18085,1390,1386,10,1396,36
2021-04-08,Kern,029,883053,95808,94493,10312,104805,1281
2021-04-08,Kings,031,150075,22831,22589,1018,23607,243
2021-04-08,Lake,033,64148,3395,3360,9,3369,43
2021-04-08,Lassen,035,31185,5153,5136,102,5238,1
2021-04-08,Los Angeles,037,10098052,1193883,1184443,39938,1224381,23416
2021-04-08,Madera,039,155013,16292,16103,897,17000,231
2021-04-08,Marin,041,260295,13780,13704,223,13927,226
2021-04-08,Mariposa,043,17540,399,393,6,399,5
2021-04-08,Mendocino,045,87422,3778,3690,73,3763,45
2021-04-08,Merced,047,269075,30102,30163,990,31153,430
2021-04-08,Modoc,049,8938,361,352,119,471,3
2021-04-08,Mono,051,14174,1237,1247,16,1263,3
2021-04-08,Monterey,053,433212,42686,42437,1764,44201,342
2021-04-08,Napa,055,140530,9591,9569,32,9601,80
2021-04-08,Nevada,057,99092,4430,4367,182,4549,69
2021-04-08,Orange,059,3164182,252353,250529,10826,261355,4797
2021-04-08,Placer,061,380077,22024,21258,1314,22572,277
2021-04-08,Plumas,063,18699,674,665,10,675,4
2021-04-08,Riverside,065,2383286,290658,283853,13594,297447,4296
2021-04-08,Sacramento,067,1510023,100583,99319,1464,100783,1561
2021-04-08,San Benito,069,59416,5925,5914,102,6016,62
2021-04-08,San Bernardino,071,2135413,290253,287190,8739,295929,4445
2021-04-08,San Diego,073,3302833,273492,272495,13853,286348,3592
2021-04-08,San Francisco,075,870044,35659,35657,1196,36853,494
2021-04-08,San Joaquin,077,732212,70570,69479,3220,72699,1279
2021-04-08,San Luis Obispo,079,281455,20760,20402,635,21037,252
2021-04-08,San Mateo,081,765935,41173,40749,431,41180,350
2021-04-08,Santa Barbara,083,443738,33699,33309,1085,34394,444
2021-04-08,Santa Clara,085,1922200,115536,115487,666,116153,1905
2021-04-08,Santa Cruz,087,273765,15948,15296,788,16084,203
2021-04-08,Shasta,089,179085,11470,11466,1381,12847,186
2021-04-08,Sierra,091,2930,55,51,12,63,0
2021-04-08,Siskiyou,093,43540,1593,1511,265,1776,7
2021-04-08,Solano,095,438530,31274,31120,426,31546,238
2021-04-08,Sonoma,097,501317,29339,29410,287,29697,310
2021-04-08,Stanislaus,099,539301,53813,53401,5604,59005,706
2021-04-08,Sutter,101,95872,9183,9195,80,9275,106
2021-04-08,Tehama,103,63373,4861,4802,517,5319,52
2021-04-08,Trinity,105,12862,481,324,81,405,3
2021-04-08,Tulare,107,460477,49467,48409,8522,56931,821
2021-04-08,Tuolumne,109,53932,3937,3986,39,4025,57
2021-04-08,Ventura,111,848112,80223,79626,2868,82494,986
2021-04-08,Yolo,113,214977,13489,13468,166,13634,198
2021-04-08,Yuba,115,75493,5785,5743,114,5857,43
2021-04-07,Alameda,001,1643700,84773,84130,1795,85925,1224
2021-04-07,Alpine,003,1148,85,85,0,85,0
2021-04-07,Amador,005,37829,3602,3590,32,3622,46
2021-04-07,Butte,007,227075,11800,11405,1671,13076,193
2021-04-07,Calaveras,009,45235,2029,2022,11,2033,50
2021-04-07,Colusa,011,21464,1898,1894,276,2170,14
2021-04-07,Contra Costa,013,1133247,66496,65619,1138,66757,775
2021-04-07,Del Norte,015,27424,1243,1198,11,1209,6
2021-04-07,El Dorado,017,186661,9616,9500,643,10143,106
2021-04-07,Fresno,019,978130,100494,99865,8253,108118,1627
2021-04-07,Glenn,021,27897,2365,2337,531,2868,17
2021-04-07,Humboldt,023,135768,3509,3484,25,3509,35
2021-04-07,Imperial,025,180216,27885,27704,2569,30273,713
2021-04-07,Inyo,027,18085,1389,1386,10,1396,36
2021-04-07,Kern,029,883053,95772,94456,10297,104753,1275
2021-04-07,Kings,031,150075,22829,22589,1018,23607,243
2021-04-07,Lake,033,64148,3393,3358,9,3367,43
2021-04-07,Lassen,035,31185,5153,5137,102,5239,1
2021-04-07,Los Angeles,037,10098052,1193442,1183862,39918,1223780,23372
2021-04-07,Madera,039,155013,16273,16090,896,16986,231
2021-04-07,Marin,041,260295,13769,13688,222,13910,225
2021-04-07,Mariposa,043,17540,398,391,6,397,5
2021-04-07,Mendocino,045,87422,3777,3691,73,3764,45
2021-04-07,Merced,047,269075,30079,30132,986,31118,430
2021-04-07,Modoc,049,8938,361,351,119,470,3
2021-04-07,Mono,051,14174,1237,1246,16,1262,3
2021-04-07,Monterey,053,433212,42668,42427,1763,44190,341
2021-04-07,Napa,055,140530,9577,9556,32,9588,80
2021-04-07,Nevada,057,99092,4424,4364,182,4546,69
2021-04-07,Orange,059,3164182,252228,250378,10804,261182,4778
2021-04-07,Placer,061,380077,21980,21227,1306,22533,276
2021-04-07,Plumas,063,18699,674,665,10,675,4
2021-04-07,Riverside,065,2383286,290538,283749,13584,297333,4285
2021-04-07,Sacramento,067,1510023,100415,99202,1458,100660,1544
2021-04-07,San Benito,069,59416,5920,5912,101,6013,62
2021-04-07,San Bernardino,071,2135413,290134,286978,8734,295712,4433
2021-04-07,San Diego,073,3302833,273266,272195,13824,286019,3588
2021-04-07,San Francisco,075,870044,35619,35618,1192,36810,493
2021-04-07,San Joaquin,077,732212,70500,69375,3215,72590,1278
2021-04-07,San Luis Obispo,079,281455,20734,20373,632,21005,252
2021-04-07,San Mateo,081,765935,41129,40693,431,41124,350
2021-04-07,Santa Barbara,083,443738,33673,33289,1082,34371,444
2021-04-07,Santa Clara,085,1922200,115404,115311,664,115975,1900
2021-04-07,Santa Cruz,087,273765,15937,15275,788,16063,203
2021-04-07,Shasta,089,179085,11458,11456,1377,12833,184
2021-04-07,Sierra,091,2930,55,51,12,63,0
2021-04-07,Siskiyou,093,43540,1587,1512,264,1776,7
2021-04-07,Solano,095,438530,31223,31097,425,31522,238
2021-04-07,Sonoma,097,501317,29321,29394,286,29680,310
2021-04-07,Stanislaus,099,539301,53745,53344,5594,58938,686
2021-04-07,Sutter,101,95872,9180,9188,80,9268,106
2021-04-07,Tehama,103,63373,4853,4802,515,5317,52
2021-04-07,Trinity,105,12862,481,322,81,403,3
2021-04-07,Tulare,107,460477,49452,48386,8512,56898,820
2021-04-07,Tuolumne,109,53932,3935,3982,39,4021,57
2021-04-07,Ventura,111,848112,80189,79595,2866,82461,986
2021-04-07,Yolo,113,214977,13474,13450,164,13614,198
2021-04-07,Yuba,115,75493,5781,5737,114,5851,43
2021-04-06,Alameda,001,1643700,84660,84091,1792,85883,1223
2021-04-06,Alpine,003,1148,85,85,0,85,0
2021-04-06,Amador,005,37829,3601,3587,32,3619,45
2021-04-06,Butte,007,227075,11785,11396,1669,13065,193
2021-04-06,Calaveras,009,45235,2025,2021,11,2032,50
2021-04-06,Colusa,011,21464,1896,1894,274,2168,14
2021-04-06,Contra Costa,013,1133247,66418,65575,1137,66712,774
2021-04-06,Del Norte,015,27424,1238,1197,11,1208,6
2021-04-06,El Dorado,017,186661,9586,9489,641,10130,106
2021-04-06,Fresno,019,978130,100430,99814,8247,108061,1626
2021-04-06,Glenn,021,27897,2364,2335,530,2865,17
2021-04-06,Humboldt,023,135768,3500,3477,25,3502,35
2021-04-06,Imperial,025,180216,27851,27661,2560,30221,713
2021-04-06,Inyo,027,18085,1389,1379,10,1389,36
2021-04-06,Kern,029,883053,95728,94422,10291,104713,1259
2021-04-06,Kings,031,150075,22823,22587,1018,23605,240
2021-04-06,Lake,033,64148,3390,3358,9,3367,43
2021-04-06,Lassen,035,31185,5151,5137,102,5239,1
2021-04-06,Los Angeles,037,10098052,1192931,1183499,39879,1223378,23323
2021-04-06,Madera,039,155013,16253,16085,891,16976,230
2021-04-06,Marin,041,260295,13760,13675,218,13893,224
2021-04-06,Mariposa,043,17540,398,390,6,396,5
2021-04-06,Mendocino,045,87422,3775,3686,73,3759,45
2021-04-06,Merced,047,269075,30050,30100,981,31081,430
2021-04-06,Modoc,049,8938,360,351,119,470,3
2021-04-06,Mono,051,14174,1237,1246,16,1262,3
2021-04-06,Monterey,053,433212,42659,42412,1762,44174,341
2021-04-06,Napa,055,140530,9558,9509,32,9541,78
2021-04-06,Nevada,057,99092,4414,4356,180,4536,69
2021-04-06,Orange,059,3164182,252119,250304,10791,261095,4771
2021-04-06,Placer,061,380077,21932,21184,1304,22488,276
2021-04-06,Plumas,063,18699,674,665,10,675,4
2021-04-06,Riverside,065,2383286,290357,283622,13573,297195,4264
2021-04-06,Sacramento,067,1510023,100207,99110,1452,100562,1537
2021-04-06,San Benito,069,59416,5911,5907,101,6008,62
2021-04-06,San Bernardino,071,2135413,290021,286792,8724,295516,4428
2021-04-06,San Diego,073,3302833,273004,271867,13796,285663,3585
2021-04-06,San Francisco,075,870044,35576,35572,1192,36764,488
2021-04-06,San Joaquin,077,732212,70417,69316,3203,72519,1278
2021-04-06,San Luis Obispo,079,281455,20712,20350,629,20979,252
2021-04-06,San Mateo,081,765935,41081,40649,430,41079,350
2021-04-06,Santa Barbara,083,443738,33655,33257,1081,34338,443
2021-04-06,Santa Clara,085,1922200,115233,115184,663,115847,1900
2021-04-06,Santa Cruz,087,273765,15927,15252,788,16040,203
2021-04-06,Shasta,089,179085,11437,11443,1375,12818,184
2021-04-06,Sierra,091,2930,55,51,12,63,0
2021-04-06,Siskiyou,093,43540,1583,1510,263,1773,7
2021-04-06,Solano,095,438530,31176,31078,424,31502,237
2021-04-06,Sonoma,097,501317,29296,29386,284,29670,311
2021-04-06,Stanislaus,099,539301,53688,53304,5588,58892,686
2021-04-06,Sutter,101,95872,9170,9179,80,9259,106
2021-04-06,Tehama,103,63373,4844,4798,515,5313,52
2021-04-06,Trinity,105,12862,481,321,81,402,3
2021-04-06,Tulare,107,460477,49409,48372,8508,56880,819
2021-04-06,Tuolumne,109,53932,3935,3981,39,4020,57
2021-04-06,Ventura,111,848112,80152,79556,2864,82420,983
2021-04-06,Yolo,113,214977,13461,13443,163,13606,198
2021-04-06,Yuba,115,75493,5777,5733,113,5846,43
2021-04-05,Alameda,001,1643700,84544,84007,1788,85795,1219
2021-04-05,Alpine,003,1148,85,85,0,85,0
2021-04-05,Amador,005,37829,3598,3584,32,3616,45
2021-04-05,Butte,007,227075,11770,11384,1669,13053,193
2021-04-05,Calaveras,009,45235,2023,2019,11,2030,50
2021-04-05,Colusa,011,21464,1896,1894,273,2167,14
2021-04-05,Contra Costa,013,1133247,66352,65457,1135,66592,774
2021-04-05,Del Norte,015,27424,1236,1189,11,1200,6
2021-04-05,El Dorado,017,186661,9571,9463,641,10104,106
2021-04-05,Fresno,019,978130,100342,99755,8239,107994,1622
2021-04-05,Glenn,021,27897,2363,2335,530,2865,17
2021-04-05,Humboldt,023,135768,3491,3475,25,3500,35
2021-04-05,Imperial,025,180216,27819,27604,2555,30159,710
2021-04-05,Inyo,027,18085,1386,1377,10,1387,36
2021-04-05,Kern,029,883053,95673,94401,10266,104667,1249
2021-04-05,Kings,031,150075,22819,22580,1018,23598,239
2021-04-05,Lake,033,64148,3382,3359,9,3368,43
2021-04-05,Lassen,035,31185,5151,5138,101,5239,1
2021-04-05,Los Angeles,037,10098052,1192397,1183200,39829,1223029,23302
2021-04-05,Madera,039,155013,16239,16065,890,16955,230
2021-04-05,Marin,041,260295,13746,13666,214,13880,221
2021-04-05,Mariposa,043,17540,398,390,6,396,5
2021-04-05,Mendocino,045,87422,3773,3687,73,3760,45
2021-04-05,Merced,047,269075,30024,30068,979,31047,427
2021-04-05,Modoc,049,8938,358,346,119,465,3
2021-04-05,Mono,051,14174,1237,1246,16,1262,3
2021-04-05,Monterey,053,433212,42646,42396,1758,44154,341
2021-04-05,Napa,055,140530,9535,9492,32,9524,78
2021-04-05,Nevada,057,99092,4403,4346,180,4526,69
2021-04-05,Orange,059,3164182,252004,250177,10767,260944,4759
2021-04-05,Placer,061,380077,21886,21133,1297,22430,276
2021-04-05,Plumas,063,18699,674,666,10,676,4
2021-04-05,Riverside,065,2383286,290220,283549,13561,297110,4237
2021-04-05,Sacramento,067,1510023,100045,98908,1444,100352,1533
2021-04-05,San Benito,069,59416,5905,5904,101,6005,61
2021-04-05,San Bernardino,071,2135413,289911,286597,8721,295318,4425
2021-04-05,San Diego,073,3302833,272755,271655,13755,285410,3583
2021-04-05,San Francisco,075,870044,35545,35538,1192,36730,488
2021-04-05,San Joaquin,077,732212,70328,69214,3194,72408,1268
2021-04-05,San Luis Obispo,079,281455,20675,20333,629,20962,252
2021-04-05,San Mateo,081,765935,41037,40609,429,41038,350
2021-04-05,Santa Barbara,083,443738,33620,33235,1081,34316,443
2021-04-05,Santa Clara,085,1922200,115066,115091,660,115751,1893
2021-04-05,Santa Cruz,087,273765,15920,15228,788,16016,201
2021-04-05,Shasta,089,179085,11416,11435,1372,12807,184
2021-04-05,Sierra,091,2930,55,50,12,62,0
2021-04-05,Siskiyou,093,43540,1580,1509,261,1770,7
2021-04-05,Solano,095,438530,31135,31026,422,31448,237
2021-04-05,Sonoma,097,501317,29264,29361,282,29643,311
2021-04-05,Stanislaus,099,539301,53608,53238,5585,58823,686
2021-04-05,Sutter,101,95872,9163,9169,80,9249,106
2021-04-05,Tehama,103,63373,4838,4794,515,5309,52
2021-04-05,Trinity,105,12862,480,321,81,402,3
2021-04-05,Tulare,107,460477,49397,48356,8501,56857,818
2021-04-05,Tuolumne,109,53932,3934,3980,39,4019,57
2021-04-05,Ventura,111,848112,80121,79549,2861,82410,983
2021-04-05,Yolo,113,214977,13447,13427,162,13589,198
2021-04-05,Yuba,115,75493,5772,5728,112,5840,43
2021-04-04,Alameda,001,1643700,84426,83951,1784,85735,1219
2021-04-04,Alpine,003,1148,85,85,0,85,0
2021-04-04,Amador,005,37829,3592,3582,32,3614,45
2021-04-04,Butte,007,227075,11755,11375,1668,13043,193
2021-04-04,Calaveras,009,45235,2019,2020,11,2031,50
2021-04-04,Colusa,011,21464,1895,1893,273,2166,14
2021-04-04,Contra Costa,013,1133247,66246,65408,1130,66538,774
2021-04-04,Del Norte,015,27424,1228,1186,11,1197,6
2021-04-04,El Dorado,017,186661,9552,9455,638,10093,106
2021-04-04,Fresno,019,978130,100268,99702,8227,107929,1622
2021-04-04,Glenn,021,27897,2360,2335,529,2864,17
2021-04-04,Humboldt,023,135768,3480,3472,25,3497,35
2021-04-04,Imperial,025,180216,27763,27588,2553,30141,710
2021-04-04,Inyo,027,18085,1382,1377,10,1387,36
2021-04-04,Kern,029,883053,95629,94388,10245,104633,1247
2021-04-04,Kings,031,150075,22817,22580,1017,23597,239
2021-04-04,Lake,033,64148,3376,3355,8,3363,43
2021-04-04,Lassen,035,31185,5149,5138,101,5239,1
2021-04-04,Los Angeles,037,10098052,1191853,1182872,39785,1222657,23301
2021-04-04,Madera,039,155013,16213,16052,886,16938,230
2021-04-04,Marin,041,260295,13733,13663,213,13876,221
2021-04-04,Mariposa,043,17540,398,390,6,396,5
2021-04-04,Mendocino,045,87422,3770,3684,73,3757,45
2021-04-04,Merced,047,269075,29981,30048,976,31024,427
2021-04-04,Modoc,049,8938,358,346,119,465,3
2021-04-04,Mono,051,14174,1236,1245,16,1261,3
2021-04-04,Monterey,053,433212,42629,42391,1757,44148,341
2021-04-04,Napa,055,140530,9523,9486,32,9518,78
2021-04-04,Nevada,057,99092,4391,4337,180,4517,69
2021-04-04,Orange,059,3164182,251870,250117,10751,260868,4759
2021-04-04,Placer,061,380077,21839,21104,1279,22383,276
2021-04-04,Plumas,063,18699,674,666,10,676,4
2021-04-04,Riverside,065,2383286,290094,283537,13557,297094,4237
2021-04-04,Sacramento,067,1510023,99846,98821,1435,100256,1531
2021-04-04,San Benito,069,59416,5895,5901,97,5998,61
2021-04-04,San Bernardino,071,2135413,289771,286561,8713,295274,4423
2021-04-04,San Diego,073,3302833,272443,271528,13714,285242,3583
2021-04-04,San Francisco,075,870044,35491,35525,1189,36714,488
2021-04-04,San Joaquin,077,732212,70227,69147,3182,72329,1268
2021-04-04,San Luis Obispo,079,281455,20643,20328,621,20949,252
2021-04-04,San Mateo,081,765935,40994,40587,427,41014,350
2021-04-04,Santa Barbara,083,443738,33584,33213,1081,34294,443
2021-04-04,Santa Clara,085,1922200,114900,114976,653,115629,1893
2021-04-04,Santa Cruz,087,273765,15911,15219,788,16007,201
2021-04-04,Shasta,089,179085,11390,11433,1371,12804,184
2021-04-04,Sierra,091,2930,55,50,12,62,0
2021-04-04,Siskiyou,093,43540,1577,1509,257,1766,7
2021-04-04,Solano,095,438530,31088,31002,420,31422,237
2021-04-04,Sonoma,097,501317,29232,29340,280,29620,311
2021-04-04,Stanislaus,099,539301,53515,53181,5577,58758,686
2021-04-04,Sutter,101,95872,9156,9164,80,9244,106
2021-04-04,Tehama,103,63373,4826,4792,514,5306,52
2021-04-04,Trinity,105,12862,478,321,81,402,3
2021-04-04,Tulare,107,460477,49383,48343,8493,56836,818
2021-04-04,Tuolumne,109,53932,3926,3980,39,4019,57
2021-04-04,Ventura,111,848112,80078,79526,2859,82385,983
2021-04-04,Yolo,113,214977,13426,13425,161,13586,198
2021-04-04,Yuba,115,75493,5765,5722,112,5834,43
2021-04-03,Alameda,001,1643700,84359,83861,1782,85643,1218
2021-04-03,Alpine,003,1148,85,85,0,85,0
2021-04-03,Amador,005,37829,3589,3577,32,3609,45
2021-04-03,Butte,007,227075,11751,11359,1664,13023,193
2021-04-03,Calaveras,009,45235,2017,2019,11,2030,50
2021-04-03,Colusa,011,21464,1895,1891,273,2164,14
2021-04-03,Contra Costa,013,1133247,66174,65338,1130,66468,774
2021-04-03,Del Norte,015,27424,1223,1183,11,1194,6
2021-04-03,El Dorado,017,186661,9543,9448,637,10085,106
2021-04-03,Fresno,019,978130,100211,99602,8221,107823,1622
2021-04-03,Glenn,021,27897,2359,2334,528,2862,17
2021-04-03,Humboldt,023,135768,3478,3467,25,3492,35
2021-04-03,Imperial,025,180216,27747,27572,2550,30122,710
2021-04-03,Inyo,027,18085,1381,1376,10,1386,36
2021-04-03,Kern,029,883053,95603,94369,10229,104598,1243
2021-04-03,Kings,031,150075,22815,22580,1017,23597,239
2021-04-03,Lake,033,64148,3375,3350,8,3358,43
2021-04-03,Lassen,035,31185,5148,5136,101,5237,1
2021-04-03,Los Angeles,037,10098052,1191546,1182402,39768,1222170,23301
2021-04-03,Madera,039,155013,16204,16051,884,16935,230
2021-04-03,Marin,041,260295,13725,13658,212,13870,221
2021-04-03,Mariposa,043,17540,398,390,5,395,5
2021-04-03,Mendocino,045,87422,3769,3684,73,3757,45
2021-04-03,Merced,047,269075,29966,30031,976,31007,427
2021-04-03,Modoc,049,8938,358,346,119,465,3
2021-04-03,Mono,051,14174,1236,1245,16,1261,3
2021-04-03,Monterey,053,433212,42616,42376,1755,44131,341
2021-04-03,Napa,055,140530,9514,9473,32,9505,78
2021-04-03,Nevada,057,99092,4387,4323,180,4503,69
2021-04-03,Orange,059,3164182,251790,249982,10733,260715,4755
2021-04-03,Placer,061,380077,21808,21060,1275,22335,276
2021-04-03,Plumas,063,18699,674,666,10,676,4
2021-04-03,Riverside,065,2383286,290016,283423,13554,296977,4237
2021-04-03,Sacramento,067,1510023,99738,98660,1429,100089,1531
2021-04-03,San Benito,069,59416,5892,5893,96,5989,61
2021-04-03,San Bernardino,071,2135413,289705,286473,8707,295180,4422
2021-04-03,San Diego,073,3302833,272274,271335,13697,285032,3571
2021-04-03,San Francisco,075,870044,35472,35488,1187,36675,489
2021-04-03,San Joaquin,077,732212,70186,69100,3166,72266,1268
2021-04-03,San Luis Obispo,079,281455,20624,20301,621,20922,252
2021-04-03,San Mateo,081,765935,40969,40560,427,40987,350
2021-04-03,Santa Barbara,083,443738,33558,33172,1080,34252,443
2021-04-03,Santa Clara,085,1922200,114792,114865,651,115516,1893
2021-04-03,Santa Cruz,087,273765,15904,15205,788,15993,201
2021-04-03,Shasta,089,179085,11382,11418,1371,12789,184
2021-04-03,Sierra,091,2930,55,50,12,62,0
2021-04-03,Siskiyou,093,43540,1576,1509,257,1766,7
2021-04-03,Solano,095,438530,31067,30970,417,31387,237
2021-04-03,Sonoma,097,501317,29216,29315,279,29594,311
2021-04-03,Stanislaus,099,539301,53480,53137,5571,58708,686
2021-04-03,Sutter,101,95872,9150,9158,80,9238,106
2021-04-03,Tehama,103,63373,4818,4788,514,5302,52
2021-04-03,Trinity,105,12862,478,321,81,402,3
2021-04-03,Tulare,107,460477,49373,48327,8489,56816,818
2021-04-03,Tuolumne,109,53932,3926,3980,39,4019,57
2021-04-03,Ventura,111,848112,80057,79489,2857,82346,983
2021-04-03,Yolo,113,214977,13420,13414,161,13575,198
2021-04-03,Yuba,115,75493,5759,5716,112,5828,43
2021-04-02,Alameda,001,1643700,84286,83776,1779,85555,1217
2021-04-02,Alpine,003,1148,85,85,0,85,0
2021-04-02,Amador,005,37829,3585,3573,31,3604,45
2021-04-02,Butte,007,227075,11743,11350,1664,13014,193
2021-04-02,Calaveras,009,45235,2015,2010,11,2021,50
2021-04-02,Colusa,011,21464,1895,1891,273,2164,14
2021-04-02,Contra Costa,013,1133247,66110,65299,1129,66428,774
2021-04-02,Del Norte,015,27424,1220,1174,11,1185,6
2021-04-02,El Dorado,017,186661,9530,9437,634,10071,106
2021-04-02,Fresno,019,978130,100157,99551,8210,107761,1620
2021-04-02,Glenn,021,27897,2359,2331,528,2859,17
2021-04-02,Humboldt,023,135768,3474,3465,25,3490,35
2021-04-02,Imperial,025,180216,27735,27553,2544,30097,710
2021-04-02,Inyo,027,18085,1381,1377,10,1387,36
2021-04-02,Kern,029,883053,95585,94348,10226,104574,1233
2021-04-02,Kings,031,150075,22815,22571,1014,23585,239
2021-04-02,Lake,033,64148,3373,3348,8,3356,43
2021-04-02,Lassen,035,31185,5148,5134,101,5235,1
2021-04-02,Los Angeles,037,10098052,1191235,1181682,39747,1221429,23264
2021-04-02,Madera,039,155013,16195,16036,883,16919,230
2021-04-02,Marin,041,260295,13717,13649,212,13861,221
2021-04-02,Mariposa,043,17540,396,390,5,395,5
2021-04-02,Mendocino,045,87422,3766,3682,73,3755,45
2021-04-02,Merced,047,269075,29941,29998,976,30974,426
2021-04-02,Modoc,049,8938,355,346,119,465,3
2021-04-02,Mono,051,14174,1236,1246,16,1262,3
2021-04-02,Monterey,053,433212,42606,42359,1752,44111,341
2021-04-02,Napa,055,140530,9499,9453,32,9485,78
2021-04-02,Nevada,057,99092,4383,4323,180,4503,69
2021-04-02,Orange,059,3164182,251694,249891,10721,260612,4748
2021-04-02,Placer,061,380077,21772,21035,1269,22304,275
2021-04-02,Plumas,063,18699,674,666,10,676,4
2021-04-02,Riverside,065,2383286,289930,283328,13545,296873,4213
2021-04-02,Sacramento,067,1510023,99631,98648,1422,100070,1527
2021-04-02,San Benito,069,59416,5890,5888,94,5982,61
2021-04-02,San Bernardino,071,2135413,289632,286308,8703,295011,4417
2021-04-02,San Diego,073,3302833,272087,271036,13671,284707,3568
2021-04-02,San Francisco,075,870044,35437,35451,1185,36636,488
2021-04-02,San Joaquin,077,732212,70121,68996,3151,72147,1268
2021-04-02,San Luis Obispo,079,281455,20607,20271,620,20891,252
2021-04-02,San Mateo,081,765935,40927,40514,427,40941,350
2021-04-02,Santa Barbara,083,443738,33530,33145,1080,34225,443
2021-04-02,Santa Clara,085,1922200,114681,114777,649,115426,1882
2021-04-02,Santa Cruz,087,273765,15896,15216,788,16004,202
2021-04-02,Shasta,089,179085,11377,11377,1364,12741,181
2021-04-02,Sierra,091,2930,55,50,12,62,0
2021-04-02,Siskiyou,093,43540,1576,1508,256,1764,7
2021-04-02,Solano,095,438530,31038,30951,414,31365,237
2021-04-02,Sonoma,097,501317,29195,29288,278,29566,311
2021-04-02,Stanislaus,099,539301,53435,53073,5565,58638,687
2021-04-02,Sutter,101,95872,9142,9131,80,9211,106
2021-04-02,Tehama,103,63373,4811,4775,513,5288,52
2021-04-02,Trinity,105,12862,478,320,81,401,3
2021-04-02,Tulare,107,460477,49367,48306,8483,56789,818
2021-04-02,Tuolumne,109,53932,3923,3980,39,4019,57
2021-04-02,Ventura,111,848112,80030,79434,2855,82289,982
2021-04-02,Yolo,113,214977,13410,13381,161,13542,197
2021-04-02,Yuba,115,75493,5755,5709,112,5821,44
2021-04-01,Alameda,001,1643700,84207,83574,1774,85348,1216
2021-04-01,Alpine,003,1148,85,85,0,85,0
2021-04-01,Amador,005,37829,3581,3558,31,3589,45
2021-04-01,Butte,007,227075,11725,11328,1662,12990,193
2021-04-01,Calaveras,009,45235,2012,2006,11,2017,50
2021-04-01,Colusa,011,21464,1892,1890,273,2163,14
2021-04-01,Contra Costa,013,1133247,66050,65176,1127,66303,771
2021-04-01,Del Norte,015,27424,1215,1138,11,1149,6
2021-04-01,El Dorado,017,186661,9521,9393,630,10023,106
2021-04-01,Fresno,019,978130,100104,99317,8202,107519,1616
2021-04-01,Glenn,021,27897,2359,2322,527,2849,17
2021-04-01,Humboldt,023,135768,3470,3464,25,3489,35
2021-04-01,Imperial,025,180216,27705,27520,2539,30059,710
2021-04-01,Inyo,027,18085,1380,1374,10,1384,36
2021-04-01,Kern,029,883053,95549,94244,10214,104458,1233
2021-04-01,Kings,031,150075,22808,22560,1013,23573,239
2021-04-01,Lake,033,64148,3368,3337,8,3345,43
2021-04-01,Lassen,035,31185,5147,5132,101,5233,1
2021-04-01,Los Angeles,037,10098052,1190741,1181101,39718,1220819,23220
2021-04-01,Madera,039,155013,16179,16023,883,16906,230
2021-04-01,Marin,041,260295,13707,13635,212,13847,221
2021-04-01,Mariposa,043,17540,394,389,5,394,5
2021-04-01,Mendocino,045,87422,3766,3680,73,3753,45
2021-04-01,Merced,047,269075,29908,29820,976,30796,425
2021-04-01,Modoc,049,8938,354,346,119,465,3
2021-04-01,Mono,051,14174,1236,1245,16,1261,3
2021-04-01,Monterey,053,433212,42598,42324,1750,44074,339
2021-04-01,Napa,055,140530,9487,9410,32,9442,78
2021-04-01,Nevada,057,99092,4373,4288,179,4467,68
2021-04-01,Orange,059,3164182,251574,249617,10704,260321,4742
2021-04-01,Placer,061,380077,21733,20909,1257,22166,274
2021-04-01,Plumas,063,18699,674,664,10,674,4
2021-04-01,Riverside,065,2383286,289825,283128,13542,296670,4193
2021-04-01,Sacramento,067,1510023,99487,97952,1409,99361,1521
2021-04-01,San Benito,069,59416,5882,5878,93,5971,61
2021-04-01,San Bernardino,071,2135413,289515,286086,8694,294780,4404
2021-04-01,San Diego,073,3302833,271864,270540,13641,284181,3555
2021-04-01,San Francisco,075,870044,35416,35386,1182,36568,488
2021-04-01,San Joaquin,077,732212,70039,68802,3143,71945,1262
2021-04-01,San Luis Obispo,079,281455,20578,20235,619,20854,252
2021-04-01,San Mateo,081,765935,40886,40454,427,40881,350
2021-04-01,Santa Barbara,083,443738,33483,33096,1075,34171,443
2021-04-01,Santa Clara,085,1922200,114568,114606,648,115254,1874
2021-04-01,Santa Cruz,087,273765,15881,15271,788,16059,202
2021-04-01,Shasta,089,179085,11362,11355,1359,12714,181
2021-04-01,Sierra,091,2930,55,50,12,62,0
2021-04-01,Siskiyou,093,43540,1574,1507,255,1762,7
2021-04-01,Solano,095,438530,31005,30850,411,31261,237
2021-04-01,Sonoma,097,501317,29164,29241,271,29512,311
2021-04-01,Stanislaus,099,539301,53372,52825,5559,58384,687
2021-04-01,Sutter,101,95872,9130,9105,80,9185,106
2021-04-01,Tehama,103,63373,4805,4764,510,5274,52
2021-04-01,Trinity,105,12862,478,319,81,400,3
2021-04-01,Tulare,107,460477,49344,48279,8473,56752,817
2021-04-01,Tuolumne,109,53932,3921,3978,39,4017,57
2021-04-01,Ventura,111,848112,80006,79369,2854,82223,977
2021-04-01,Yolo,113,214977,13397,13342,161,13503,197
2021-04-01,Yuba,115,75493,5750,5694,112,5806,44
2021-03-31,Alameda,001,1643700,84126,83475,1769,85244,1215
2021-03-31,Alpine,003,1148,85,85,0,85,0
2021-03-31,Amador,005,37829,3578,3556,31,3587,45
2021-03-31,Butte,007,227075,11715,11321,1659,12980,193
2021-03-31,Calaveras,009,45235,2010,2005,11,2016,50
2021-03-31,Colusa,011,21464,1892,1890,273,2163,14
2021-03-31,Contra Costa,013,1133247,65965,65109,1126,66235,769
2021-03-31,Del Norte,015,27424,1206,1129,11,1140,6
2021-03-31,El Dorado,017,186661,9504,9390,630,10020,106
2021-03-31,Fresno,019,978130,100011,99240,8186,107426,1616
2021-03-31,Glenn,021,27897,2355,2318,525,2843,17
2021-03-31,Humboldt,023,135768,3464,3460,25,3485,35
2021-03-31,Imperial,025,180216,27685,27506,2538,30044,710
2021-03-31,Inyo,027,18085,1377,1373,9,1382,35
2021-03-31,Kern,029,883053,95506,94205,10205,104410,1229
2021-03-31,Kings,031,150075,22805,22540,1013,23553,239
2021-03-31,Lake,033,64148,3364,3332,8,3340,43
2021-03-31,Lassen,035,31185,5143,5132,101,5233,1
2021-03-31,Los Angeles,037,10098052,1190271,1180538,39679,1220217,23171
2021-03-31,Madera,039,155013,16165,16015,882,16897,229
2021-03-31,Marin,041,260295,13696,13624,212,13836,221
2021-03-31,Mariposa,043,17540,394,389,5,394,5
2021-03-31,Mendocino,045,87422,3760,3675,73,3748,45
2021-03-31,Merced,047,269075,29879,29780,976,30756,423
2021-03-31,Modoc,049,8938,354,346,119,465,3
2021-03-31,Mono,051,14174,1236,1245,16,1261,3
2021-03-31,Monterey,053,433212,42581,42309,1748,44057,338
2021-03-31,Napa,055,140530,9469,9401,32,9433,78
2021-03-31,Nevada,057,99092,4367,4283,179,4462,68
2021-03-31,Orange,059,3164182,251463,249518,10689,260207,4731
2021-03-31,Placer,061,380077,21683,20885,1250,22135,271
2021-03-31,Plumas,063,18699,673,663,10,673,4
2021-03-31,Riverside,065,2383286,289723,283006,13532,296538,4171
2021-03-31,Sacramento,067,1510023,99312,97760,1402,99162,1519
2021-03-31,San Benito,069,59416,5872,5875,93,5968,61
2021-03-31,San Bernardino,071,2135413,289421,285916,8691,294607,4356
2021-03-31,San Diego,073,3302833,271632,270288,13606,283894,3555
2021-03-31,San Francisco,075,870044,35371,35347,1181,36528,474
2021-03-31,San Joaquin,077,732212,69950,68685,3127,71812,1259
2021-03-31,San Luis Obispo,079,281455,20556,20215,618,20833,251
2021-03-31,San Mateo,081,765935,40856,40423,427,40850,350
2021-03-31,Santa Barbara,083,443738,33451,33052,1073,34125,443
2021-03-31,Santa Clara,085,1922200,114441,114499,648,115147,1874
2021-03-31,Santa Cruz,087,273765,15868,15295,787,16082,201
2021-03-31,Shasta,089,179085,11350,11327,1351,12678,179
2021-03-31,Sierra,091,2930,55,50,12,62,0
2021-03-31,Siskiyou,093,43540,1573,1505,255,1760,7
2021-03-31,Solano,095,438530,30959,30824,410,31234,235
2021-03-31,Sonoma,097,501317,29137,29216,271,29487,311
2021-03-31,Stanislaus,099,539301,53304,52782,5547,58329,687
2021-03-31,Sutter,101,95872,9119,9111,80,9191,106
2021-03-31,Tehama,103,63373,4800,4762,508,5270,52
2021-03-31,Trinity,105,12862,478,319,81,400,3
2021-03-31,Tulare,107,460477,49324,48261,8457,56718,816
2021-03-31,Tuolumne,109,53932,3920,3976,39,4015,57
2021-03-31,Ventura,111,848112,79974,79326,2850,82176,969
2021-03-31,Yolo,113,214977,13380,13359,160,13519,197
2021-03-31,Yuba,115,75493,5743,5686,112,5798,44
2021-03-30,Alameda,001,1643700,84026,83395,1766,85161,1211
2021-03-30,Alpine,003,1148,85,85,0,85,0
2021-03-30,Amador,005,37829,3575,3551,31,3582,45
2021-03-30,Butte,007,227075,11703,11296,1656,12952,193
2021-03-30,Calaveras,009,45235,2006,1997,11,2008,50
2021-03-30,Colusa,011,21464,1891,1890,272,2162,14
2021-03-30,Contra Costa,013,1133247,65876,65041,1124,66165,767
2021-03-30,Del Norte,015,27424,1198,1118,10,1128,6
2021-03-30,El Dorado,017,186661,9485,9381,627,10008,105
2021-03-30,Fresno,019,978130,99946,99156,8173,107329,1609
2021-03-30,Glenn,021,27897,2355,2310,524,2834,17
2021-03-30,Humboldt,023,135768,3462,3461,25,3486,35
2021-03-30,Imperial,025,180216,27657,27471,2536,30007,706
2021-03-30,Inyo,027,18085,1377,1374,9,1383,35
2021-03-30,Kern,029,883053,95464,94151,10196,104347,1221
2021-03-30,Kings,031,150075,22801,22530,1011,23541,238
2021-03-30,Lake,033,64148,3358,3330,8,3338,43
2021-03-30,Lassen,035,31185,5143,5132,101,5233,1
2021-03-30,Los Angeles,037,10098052,1189775,1180044,39657,1219701,23136
2021-03-30,Madera,039,155013,16155,16003,878,16881,229
2021-03-30,Marin,041,260295,13687,13611,204,13815,221
2021-03-30,Mariposa,043,17540,394,388,5,393,5
2021-03-30,Mendocino,045,87422,3758,3670,73,3743,45
2021-03-30,Merced,047,269075,29842,29731,976,30707,423
2021-03-30,Modoc,049,8938,353,346,119,465,3
2021-03-30,Mono,051,14174,1235,1245,16,1261,3
2021-03-30,Monterey,053,433212,42555,42308,1746,44054,338
2021-03-30,Napa,055,140530,9454,9391,32,9423,78
2021-03-30,Nevada,057,99092,4355,4266,178,4444,68
2021-03-30,Orange,059,3164182,251334,249412,10662,260074,4727
2021-03-30,Placer,061,380077,21643,20866,1244,22110,271
2021-03-30,Plumas,063,18699,673,661,10,671,4
2021-03-30,Riverside,065,2383286,289598,282930,13523,296453,4154
2021-03-30,Sacramento,067,1510023,99175,97718,1399,99117,1516
2021-03-30,San Benito,069,59416,5866,5870,93,5963,61
2021-03-30,San Bernardino,071,2135413,289313,285758,8682,294440,4343
2021-03-30,San Diego,073,3302833,271393,269998,13568,283566,3555
2021-03-30,San Francisco,075,870044,35321,35325,1180,36505,474
2021-03-30,San Joaquin,077,732212,69862,68613,3117,71730,1232
2021-03-30,San Luis Obispo,079,281455,20536,20194,618,20812,251
2021-03-30,San Mateo,081,765935,40812,40377,427,40804,349
2021-03-30,Santa Barbara,083,443738,33426,33016,1073,34089,441
2021-03-30,Santa Clara,085,1922200,114319,114413,647,115060,1873
2021-03-30,Santa Cruz,087,273765,15862,15278,787,16065,201
2021-03-30,Shasta,089,179085,11342,11316,1350,12666,184
2021-03-30,Sierra,091,2930,55,50,12,62,0
2021-03-30,Siskiyou,093,43540,1572,1501,255,1756,7
2021-03-30,Solano,095,438530,30929,30802,409,31211,232
2021-03-30,Sonoma,097,501317,29105,29198,271,29469,311
2021-03-30,Stanislaus,099,539301,53226,52690,5539,58229,677
2021-03-30,Sutter,101,95872,9115,9107,79,9186,106
2021-03-30,Tehama,103,63373,4791,4748,507,5255,52
2021-03-30,Trinity,105,12862,478,316,81,397,3
2021-03-30,Tulare,107,460477,49309,48249,8448,56697,815
2021-03-30,Tuolumne,109,53932,3915,3972,39,4011,57
2021-03-30,Ventura,111,848112,79930,79282,2847,82129,958
2021-03-30,Yolo,113,214977,13367,13353,160,13513,195
2021-03-30,Yuba,115,75493,5732,5679,106,5785,42
2021-03-29,Alameda,001,1643700,83924,83338,1764,85102,1211
2021-03-29,Alpine,003,1148,85,85,0,85,0
2021-03-29,Amador,005,37829,3569,3549,31,3580,45
2021-03-29,Butte,007,227075,11694,11291,1653,12944,191
2021-03-29,Calaveras,009,45235,2004,1998,11,2009,50
2021-03-29,Colusa,011,21464,1891,1889,271,2160,14
2021-03-29,Contra Costa,013,1133247,65807,64971,1123,66094,767
2021-03-29,Del Norte,015,27424,1193,1116,9,1125,6
2021-03-29,El Dorado,017,186661,9465,9374,622,9996,105
2021-03-29,Fresno,019,978130,99863,99085,8158,107243,1606
2021-03-29,Glenn,021,27897,2348,2310,524,2834,17
2021-03-29,Humboldt,023,135768,3457,3459,25,3484,34
2021-03-29,Imperial,025,180216,27636,27442,2534,29976,704
2021-03-29,Inyo,027,18085,1377,1372,9,1381,35
2021-03-29,Kern,029,883053,95417,94098,10177,104275,1220
2021-03-29,Kings,031,150075,22789,22522,1010,23532,238
2021-03-29,Lake,033,64148,3355,3325,8,3333,43
2021-03-29,Lassen,035,31185,5143,5131,101,5232,1
2021-03-29,Los Angeles,037,10098052,1189279,1179736,39617,1219353,23108
2021-03-29,Madera,039,155013,16135,15987,876,16863,210
2021-03-29,Marin,041,260295,13675,13600,201,13801,220
2021-03-29,Mariposa,043,17540,393,388,5,393,5
2021-03-29,Mendocino,045,87422,3755,3667,73,3740,45
2021-03-29,Merced,047,269075,29818,29699,976,30675,422
2021-03-29,Modoc,049,8938,352,344,119,463,3
2021-03-29,Mono,051,14174,1234,1243,16,1259,3
2021-03-29,Monterey,053,433212,42539,42305,1741,44046,337
2021-03-29,Napa,055,140530,9438,9379,32,9411,78
2021-03-29,Nevada,057,99092,4348,4258,178,4436,68
2021-03-29,Orange,059,3164182,251222,249295,10650,259945,4713
2021-03-29,Placer,061,380077,21608,20827,1237,22064,267
2021-03-29,Plumas,063,18699,672,660,10,670,4
2021-03-29,Riverside,065,2383286,289495,282867,13522,296389,4133
2021-03-29,Sacramento,067,1510023,98981,97577,1391,98968,1514
2021-03-29,San Benito,069,59416,5859,5865,93,5958,61
2021-03-29,San Bernardino,071,2135413,289216,285615,8678,294293,4335
2021-03-29,San Diego,073,3302833,271127,269771,13542,283313,3547
2021-03-29,San Francisco,075,870044,35286,35291,1177,36468,474
2021-03-29,San Joaquin,077,732212,69776,68537,3104,71641,1211
2021-03-29,San Luis Obispo,079,281455,20501,20176,617,20793,250
2021-03-29,San Mateo,081,765935,40770,40357,426,40783,348
2021-03-29,Santa Barbara,083,443738,33392,32983,1072,34055,439
2021-03-29,Santa Clara,085,1922200,114211,114335,642,114977,1871
2021-03-29,Santa Cruz,087,273765,15851,15249,786,16035,201
2021-03-29,Shasta,089,179085,11324,11313,1348,12661,183
2021-03-29,Sierra,091,2930,55,50,12,62,0
2021-03-29,Siskiyou,093,43540,1570,1497,255,1752,6
2021-03-29,Solano,095,438530,30890,30762,407,31169,232
2021-03-29,Sonoma,097,501317,29082,29184,268,29452,310
2021-03-29,Stanislaus,099,539301,53143,52614,5532,58146,677
2021-03-29,Sutter,101,95872,9108,9105,79,9184,106
2021-03-29,Tehama,103,63373,4783,4742,506,5248,52
2021-03-29,Trinity,105,12862,478,314,81,395,3
2021-03-29,Tulare,107,460477,49281,48226,8437,56663,815
2021-03-29,Tuolumne,109,53932,3913,3969,39,4008,57
2021-03-29,Ventura,111,848112,79888,79252,2847,82099,956
2021-03-29,Yolo,113,214977,13348,13346,160,13506,195
2021-03-29,Yuba,115,75493,5725,5671,105,5776,42
2021-03-28,Alameda,001,1643700,83803,83239,1762,85001,1212
2021-03-28,Alpine,003,1148,85,85,0,85,0
2021-03-28,Amador,005,37829,3565,3541,31,3572,45
2021-03-28,Butte,007,227075,11681,11285,1651,12936,191
2021-03-28,Calaveras,009,45235,2002,1995,11,2006,50
2021-03-28,Colusa,011,21464,1890,1889,271,2160,14
2021-03-28,Contra Costa,013,1133247,65733,64878,1119,65997,767
2021-03-28,Del Norte,015,27424,1186,1107,7,1114,6
2021-03-28,El Dorado,017,186661,9450,9371,620,9991,105
2021-03-28,Fresno,019,978130,99781,99004,8146,107150,1606
2021-03-28,Glenn,021,27897,2344,2309,522,2831,17
2021-03-28,Humboldt,023,135768,3454,3452,24,3476,34
2021-03-28,Imperial,025,180216,27609,27426,2531,29957,704
2021-03-28,Inyo,027,18085,1376,1372,9,1381,35
2021-03-28,Kern,029,883053,95372,94084,10166,104250,1219
2021-03-28,Kings,031,150075,22784,22514,1007,23521,238
2021-03-28,Lake,033,64148,3350,3320,8,3328,43
2021-03-28,Lassen,035,31185,5143,5131,100,5231,1
2021-03-28,Los Angeles,037,10098052,1188726,1179316,39559,1218875,23101
2021-03-28,Madera,039,155013,16120,15973,875,16848,210
2021-03-28,Marin,041,260295,13662,13594,199,13793,221
2021-03-28,Mariposa,043,17540,393,388,5,393,5
2021-03-28,Mendocino,045,87422,3753,3666,73,3739,45
2021-03-28,Merced,047,269075,29761,29679,976,30655,422
2021-03-28,Modoc,049,8938,352,344,119,463,3
2021-03-28,Mono,051,14174,1233,1242,16,1258,3
2021-03-28,Monterey,053,433212,42516,42294,1737,44031,337
2021-03-28,Napa,055,140530,9424,9368,32,9400,78
2021-03-28,Nevada,057,99092,4334,4239,178,4417,68
2021-03-28,Orange,059,3164182,251067,249238,10640,259878,4713
2021-03-28,Placer,061,380077,21564,20796,1231,22027,267
2021-03-28,Plumas,063,18699,670,657,10,667,4
2021-03-28,Riverside,065,2383286,289381,282811,13514,296325,4132
2021-03-28,Sacramento,067,1510023,98807,97425,1385,98810,1514
2021-03-28,San Benito,069,59416,5854,5862,93,5955,61
2021-03-28,San Bernardino,071,2135413,289096,285570,8670,294240,4332
2021-03-28,San Diego,073,3302833,270851,269476,13513,282989,3547
2021-03-28,San Francisco,075,870044,35240,35286,1173,36459,474
2021-03-28,San Joaquin,077,732212,69651,68459,3085,71544,1211
2021-03-28,San Luis Obispo,079,281455,20466,20172,614,20786,250
2021-03-28,San Mateo,081,765935,40725,40305,426,40731,348
2021-03-28,Santa Barbara,083,443738,33350,32953,1071,34024,439
2021-03-28,Santa Clara,085,1922200,114111,114232,638,114870,1871
2021-03-28,Santa Cruz,087,273765,15836,15238,785,16023,201
2021-03-28,Shasta,089,179085,11298,11308,1337,12645,183
2021-03-28,Sierra,091,2930,55,50,12,62,0
2021-03-28,Siskiyou,093,43540,1570,1497,254,1751,6
2021-03-28,Solano,095,438530,30853,30719,405,31124,232
2021-03-28,Sonoma,097,501317,29046,29161,266,29427,310
2021-03-28,Stanislaus,099,539301,53055,52567,5519,58086,678
2021-03-28,Sutter,101,95872,9099,9094,79,9173,106
2021-03-28,Tehama,103,63373,4773,4740,504,5244,52
2021-03-28,Trinity,105,12862,476,314,80,394,3
2021-03-28,Tulare,107,460477,49252,48218,8431,56649,815
2021-03-28,Tuolumne,109,53932,3910,3969,38,4007,57
2021-03-28,Ventura,111,848112,79837,79222,2842,82064,956
2021-03-28,Yolo,113,214977,13331,13325,159,13484,194
2021-03-28,Yuba,115,75493,5721,5662,105,5767,42
2021-03-27,Alameda,001,1643700,83732,83169,1758,84927,1211
2021-03-27,Alpine,003,1148,85,85,0,85,0
2021-03-27,Amador,005,37829,3560,3538,31,3569,45
2021-03-27,Butte,007,227075,11674,11278,1650,12928,191
2021-03-27,Calaveras,009,45235,1999,1992,11,2003,50
2021-03-27,Colusa,011,21464,1890,1889,271,2160,14
2021-03-27,Contra Costa,013,1133247,65663,64804,1116,65920,767
2021-03-27,Del Norte,015,27424,1176,1104,7,1111,6
2021-03-27,El Dorado,017,186661,9436,9367,620,9987,105
2021-03-27,Fresno,019,978130,99728,98901,8140,107041,1606
2021-03-27,Glenn,021,27897,2343,2308,522,2830,17
2021-03-27,Humboldt,023,135768,3449,3442,24,3466,34
2021-03-27,Imperial,025,180216,27597,27406,2528,29934,704
2021-03-27,Inyo,027,18085,1374,1372,9,1381,35
2021-03-27,Kern,029,883053,95352,94041,10155,104196,1217
2021-03-27,Kings,031,150075,22781,22502,1007,23509,238
2021-03-27,Lake,033,64148,3348,3317,8,3325,43
2021-03-27,Lassen,035,31185,5143,5129,100,5229,1
2021-03-27,Los Angeles,037,10098052,1188412,1178831,39533,1218364,23103
2021-03-27,Madera,039,155013,16113,15968,873,16841,210
2021-03-27,Marin,041,260295,13657,13579,199,13778,222
2021-03-27,Mariposa,043,17540,393,386,5,391,5
2021-03-27,Mendocino,045,87422,3751,3666,73,3739,45
2021-03-27,Merced,047,269075,29728,29647,974,30621,422
2021-03-27,Modoc,049,8938,352,344,119,463,3
2021-03-27,Mono,051,14174,1231,1241,16,1257,3
2021-03-27,Monterey,053,433212,42506,42271,1737,44008,337
2021-03-27,Napa,055,140530,9412,9360,32,9392,78
2021-03-27,Nevada,057,99092,4324,4231,178,4409,68
2021-03-27,Orange,059,3164182,250974,249160,10624,259784,4698
2021-03-27,Placer,061,380077,21544,20717,1224,21941,267
2021-03-27,Plumas,063,18699,669,655,10,665,4
2021-03-27,Riverside,065,2383286,289319,282707,13506,296213,4132
2021-03-27,Sacramento,067,1510023,98717,97247,1383,98630,1513
2021-03-27,San Benito,069,59416,5852,5862,91,5953,61
2021-03-27,San Bernardino,071,2135413,289034,285480,8669,294149,4325
2021-03-27,San Diego,073,3302833,270680,269271,13491,282762,3540
2021-03-27,San Francisco,075,870044,35217,35244,1171,36415,474
2021-03-27,San Joaquin,077,732212,69591,68365,3077,71442,1211
2021-03-27,San Luis Obispo,079,281455,20455,20153,611,20764,250
2021-03-27,San Mateo,081,765935,40702,40264,426,40690,348
2021-03-27,Santa Barbara,083,443738,33327,32921,1071,33992,439
2021-03-27,Santa Clara,085,1922200,114015,114124,636,114760,1871
2021-03-27,Santa Cruz,087,273765,15830,15215,785,16000,201
2021-03-27,Shasta,089,179085,11287,11288,1335,12623,183
2021-03-27,Sierra,091,2930,55,50,12,62,0
2021-03-27,Siskiyou,093,43540,1570,1497,254,1751,6
2021-03-27,Solano,095,438530,30825,30669,404,31073,232
2021-03-27,Sonoma,097,501317,29031,29133,264,29397,310
2021-03-27,Stanislaus,099,539301,52990,52497,5511,58008,678
2021-03-27,Sutter,101,95872,9092,9093,79,9172,106
2021-03-27,Tehama,103,63373,4767,4738,502,5240,52
2021-03-27,Trinity,105,12862,476,313,80,393,3
2021-03-27,Tulare,107,460477,49236,48203,8424,56627,813
2021-03-27,Tuolumne,109,53932,3907,3968,38,4006,57
2021-03-27,Ventura,111,848112,79810,79184,2840,82024,956
2021-03-27,Yolo,113,214977,13326,13317,158,13475,194
2021-03-27,Yuba,115,75493,5719,5657,105,5762,42
2021-03-26,Alameda,001,1643700,83670,83043,1756,84799,1208
2021-03-26,Alpine,003,1148,85,85,0,85,0
2021-03-26,Amador,005,37829,3555,3532,31,3563,45
2021-03-26,Butte,007,227075,11663,11278,1650,12928,191
2021-03-26,Calaveras,009,45235,1996,1989,11,2000,50
2021-03-26,Colusa,011,21464,1890,1889,271,2160,14
2021-03-26,Contra Costa,013,1133247,65603,64699,1113,65812,761
2021-03-26,Del Norte,015,27424,1173,1101,7,1108,6
2021-03-26,El Dorado,017,186661,9431,9353,620,9973,105
2021-03-26,Fresno,019,978130,99666,98731,8130,106861,1601
2021-03-26,Glenn,021,27897,2343,2307,521,2828,17
2021-03-26,Humboldt,023,135768,3447,3431,24,3455,34
2021-03-26,Imperial,025,180216,27573,27374,2528,29902,701
2021-03-26,Inyo,027,18085,1373,1369,9,1378,35
2021-03-26,Kern,029,883053,95326,93949,10149,104098,1211
2021-03-26,Kings,031,150075,22773,22493,1005,23498,239
2021-03-26,Lake,033,64148,3347,3314,8,3322,43
2021-03-26,Lassen,035,31185,5142,5131,100,5231,1
2021-03-26,Los Angeles,037,10098052,1188076,1178213,39520,1217733,23080
2021-03-26,Madera,039,155013,16103,15952,873,16825,210
2021-03-26,Marin,041,260295,13651,13553,194,13747,221
2021-03-26,Mariposa,043,17540,393,386,5,391,5
2021-03-26,Mendocino,045,87422,3750,3664,73,3737,45
2021-03-26,Merced,047,269075,29705,29613,973,30586,419
2021-03-26,Modoc,049,8938,352,344,119,463,3
2021-03-26,Mono,051,14174,1230,1236,16,1252,3
2021-03-26,Monterey,053,433212,42493,42241,1733,43974,338
2021-03-26,Napa,055,140530,9402,9349,32,9381,78
2021-03-26,Nevada,057,99092,4304,4222,178,4400,83
2021-03-26,Orange,059,3164182,250911,248995,10610,259605,4671
2021-03-26,Placer,061,380077,21518,20679,1223,21902,259
2021-03-26,Plumas,063,18699,668,654,10,664,4
2021-03-26,Riverside,065,2383286,289241,282602,13500,296102,4109
2021-03-26,Sacramento,067,1510023,98617,97040,1378,98418,1509
2021-03-26,San Benito,069,59416,5849,5855,91,5946,61
2021-03-26,San Bernardino,071,2135413,288978,285313,8667,293980,4288
2021-03-26,San Diego,073,3302833,270502,269045,13465,282510,3525
2021-03-26,San Francisco,075,870044,35191,35186,1171,36357,472
2021-03-26,San Joaquin,077,732212,69528,68249,3073,71322,1202
2021-03-26,San Luis Obispo,079,281455,20442,20118,611,20729,250
2021-03-26,San Mateo,081,765935,40667,40199,426,40625,348
2021-03-26,Santa Barbara,083,443738,33297,32895,1070,33965,439
2021-03-26,Santa Clara,085,1922200,113917,113959,635,114594,1868
2021-03-26,Santa Cruz,087,273765,15815,15199,784,15983,201
2021-03-26,Shasta,089,179085,11278,11276,1329,12605,182
2021-03-26,Sierra,091,2930,55,50,12,62,0
2021-03-26,Siskiyou,093,43540,1570,1493,253,1746,6
2021-03-26,Solano,095,438530,30800,30640,404,31044,205
2021-03-26,Sonoma,097,501317,29015,29101,261,29362,310
2021-03-26,Stanislaus,099,539301,52922,52420,5507,57927,678
2021-03-26,Sutter,101,95872,9089,9082,79,9161,104
2021-03-26,Tehama,103,63373,4766,4722,501,5223,51
2021-03-26,Trinity,105,12862,476,311,80,391,3
2021-03-26,Tulare,107,460477,49221,48179,8417,56596,813
2021-03-26,Tuolumne,109,53932,3906,3965,38,4003,57
2021-03-26,Ventura,111,848112,79776,79122,2838,81960,953
2021-03-26,Yolo,113,214977,13319,13299,156,13455,194
2021-03-26,Yuba,115,75493,5709,5653,105,5758,42
2021-03-25,Alameda,001,1643700,83575,82945,1754,84699,1206
2021-03-25,Alpine,003,1148,85,84,0,84,0
2021-03-25,Amador,005,37829,3553,3530,31,3561,45
2021-03-25,Butte,007,227075,11653,11270,1650,12920,188
2021-03-25,Calaveras,009,45235,1995,1982,11,1993,50
2021-03-25,Colusa,011,21464,1890,1888,271,2159,14
2021-03-25,Contra Costa,013,1133247,65536,64606,1110,65716,757
2021-03-25,Del Norte,015,27424,1167,1095,7,1102,6
2021-03-25,El Dorado,017,186661,9421,9331,620,9951,105
2021-03-25,Fresno,019,978130,99548,98602,8117,106719,1593
2021-03-25,Glenn,021,27897,2342,2302,520,2822,17
2021-03-25,Humboldt,023,135768,3442,3423,24,3447,34
2021-03-25,Imperial,025,180216,27557,27352,2527,29879,699
2021-03-25,Inyo,027,18085,1373,1369,9,1378,35
2021-03-25,Kern,029,883053,95294,93857,10144,104001,1206
2021-03-25,Kings,031,150075,22763,22472,1005,23477,237
2021-03-25,Lake,033,64148,3342,3312,8,3320,43
2021-03-25,Lassen,035,31185,5142,5129,100,5229,1
2021-03-25,Los Angeles,037,10098052,1187640,1177490,39485,1216975,23051
2021-03-25,Madera,039,155013,16084,15937,871,16808,210
2021-03-25,Marin,041,260295,13641,13538,191,13729,219
2021-03-25,Mariposa,043,17540,393,386,5,391,5
2021-03-25,Mendocino,045,87422,3749,3664,73,3737,45
2021-03-25,Merced,047,269075,29671,29576,966,30542,416
2021-03-25,Modoc,049,8938,352,343,119,462,3
2021-03-25,Mono,051,14174,1230,1235,16,1251,3
2021-03-25,Monterey,053,433212,42472,42220,1728,43948,336
2021-03-25,Napa,055,140530,9383,9321,32,9353,78
2021-03-25,Nevada,057,99092,4286,4202,176,4378,84
2021-03-25,Orange,059,3164182,250795,248871,10590,259461,4655
2021-03-25,Placer,061,380077,21477,20639,1216,21855,252
2021-03-25,Plumas,063,18699,668,654,10,664,4
2021-03-25,Riverside,065,2383286,289144,282492,13489,295981,4078
2021-03-25,Sacramento,067,1510023,98472,96823,1376,98199,1505
2021-03-25,San Benito,069,59416,5846,5850,91,5941,61
2021-03-25,San Bernardino,071,2135413,288897,285134,8662,293796,4222
2021-03-25,San Diego,073,3302833,270274,268623,13434,282057,3520
2021-03-25,San Francisco,075,870044,35151,35154,1169,36323,468
2021-03-25,San Joaquin,077,732212,69431,68089,3035,71124,1196
2021-03-25,San Luis Obispo,079,281455,20424,20076,611,20687,250
2021-03-25,San Mateo,081,765935,40627,40147,426,40573,348
2021-03-25,Santa Barbara,083,443738,33270,32857,1070,33927,439
2021-03-25,Santa Clara,085,1922200,113813,113877,633,114510,1868
2021-03-25,Santa Cruz,087,273765,15794,15170,784,15954,201
2021-03-25,Shasta,089,179085,11261,11262,1326,12588,181
2021-03-25,Sierra,091,2930,55,50,12,62,0
2021-03-25,Siskiyou,093,43540,1568,1491,252,1743,6
2021-03-25,Solano,095,438530,30739,30583,402,30985,193
2021-03-25,Sonoma,097,501317,28981,29060,257,29317,310
2021-03-25,Stanislaus,099,539301,52855,52321,5500,57821,678
2021-03-25,Sutter,101,95872,9080,9069,79,9148,104
2021-03-25,Tehama,103,63373,4764,4719,500,5219,52
2021-03-25,Trinity,105,12862,476,310,80,390,3
2021-03-25,Tulare,107,460477,49194,48148,8405,56553,811
2021-03-25,Tuolumne,109,53932,3905,3962,38,4000,57
2021-03-25,Ventura,111,848112,79735,79045,2834,81879,952
2021-03-25,Yolo,113,214977,13313,13287,156,13443,194
2021-03-25,Yuba,115,75493,5703,5647,99,5746,42
2021-03-24,Alameda,001,1643700,83481,82871,1751,84622,1199
2021-03-24,Alpine,003,1148,85,84,0,84,0
2021-03-24,Amador,005,37829,3547,3529,31,3560,45
2021-03-24,Butte,007,227075,11643,11252,1646,12898,187
2021-03-24,Calaveras,009,45235,1992,1975,11,1986,50
2021-03-24,Colusa,011,21464,1890,1886,271,2157,14
2021-03-24,Contra Costa,013,1133247,65456,64539,1109,65648,755
2021-03-24,Del Norte,015,27424,1162,1087,7,1094,6
2021-03-24,El Dorado,017,186661,9415,9319,619,9938,105
2021-03-24,Fresno,019,978130,99458,98437,8102,106539,1585
2021-03-24,Glenn,021,27897,2341,2297,519,2816,17
2021-03-24,Humboldt,023,135768,3439,3414,24,3438,34
2021-03-24,Imperial,025,180216,27548,27325,2527,29852,699
2021-03-24,Inyo,027,18085,1373,1368,9,1377,35
2021-03-24,Kern,029,883053,95246,93800,10135,103935,1198
2021-03-24,Kings,031,150075,22748,22456,1003,23459,237
2021-03-24,Lake,033,64148,3338,3307,8,3315,43
2021-03-24,Lassen,035,31185,5140,5130,99,5229,1
2021-03-24,Los Angeles,037,10098052,1187154,1177015,39452,1216467,22993
2021-03-24,Madera,039,155013,16075,15918,870,16788,210
2021-03-24,Marin,041,260295,13627,13526,189,13715,219
2021-03-24,Mariposa,043,17540,393,384,5,389,5
2021-03-24,Mendocino,045,87422,3746,3660,73,3733,45
2021-03-24,Merced,047,269075,29630,29525,966,30491,415
2021-03-24,Modoc,049,8938,351,341,119,460,3
2021-03-24,Mono,051,14174,1229,1243,16,1259,3
2021-03-24,Monterey,053,433212,42450,42201,1725,43926,335
2021-03-24,Napa,055,140530,9363,9310,32,9342,78
2021-03-24,Nevada,057,99092,4271,4191,175,4366,85
2021-03-24,Orange,059,3164182,250681,248775,10572,259347,4638
2021-03-24,Placer,061,380077,21447,20606,1208,21814,250
2021-03-24,Plumas,063,18699,666,652,10,662,4
2021-03-24,Riverside,065,2383286,289060,282410,13486,295896,4058
2021-03-24,Sacramento,067,1510023,98297,96628,1365,97993,1500
2021-03-24,San Benito,069,59416,5845,5847,91,5938,61
2021-03-24,San Bernardino,071,2135413,288810,284983,8660,293643,4170
2021-03-24,San Diego,073,3302833,270060,268413,13406,281819,3509
2021-03-24,San Francisco,075,870044,35123,35103,1166,36269,462
2021-03-24,San Joaquin,077,732212,69360,67978,3023,71001,1196
2021-03-24,San Luis Obispo,079,281455,20394,20021,610,20631,250
2021-03-24,San Mateo,081,765935,40577,40083,426,40509,348
2021-03-24,Santa Barbara,083,443738,33242,32810,1070,33880,438
2021-03-24,Santa Clara,085,1922200,113697,113757,630,114387,1851
2021-03-24,Santa Cruz,087,273765,15780,15138,783,15921,202
2021-03-24,Shasta,089,179085,11242,11243,1324,12567,181
2021-03-24,Sierra,091,2930,55,50,12,62,0
2021-03-24,Siskiyou,093,43540,1566,1490,252,1742,6
2021-03-24,Solano,095,438530,30702,30552,401,30953,178
2021-03-24,Sonoma,097,501317,28961,29034,253,29287,310
2021-03-24,Stanislaus,099,539301,52779,52259,5491,57750,677
2021-03-24,Sutter,101,95872,9064,9049,79,9128,104
2021-03-24,Tehama,103,63373,4758,4719,499,5218,49
2021-03-24,Trinity,105,12862,475,310,80,390,3
2021-03-24,Tulare,107,460477,49183,48109,8392,56501,808
2021-03-24,Tuolumne,109,53932,3904,3961,38,3999,57
2021-03-24,Ventura,111,848112,79683,78993,2827,81820,944
2021-03-24,Yolo,113,214977,13301,13269,156,13425,194
2021-03-24,Yuba,115,75493,5697,5634,96,5730,42
2021-03-23,Alameda,001,1643700,83378,82799,1747,84546,1190
2021-03-23,Alpine,003,1148,85,84,0,84,0
2021-03-23,Amador,005,37829,3541,3524,31,3555,45
2021-03-23,Butte,007,227075,11631,11227,1645,12872,187
2021-03-23,Calaveras,009,45235,1990,1971,11,1982,50
2021-03-23,Colusa,011,21464,1888,1885,270,2155,14
2021-03-23,Contra Costa,013,1133247,65357,64491,1108,65599,750
2021-03-23,Del Norte,015,27424,1157,1082,7,1089,6
2021-03-23,El Dorado,017,186661,9405,9318,616,9934,105
2021-03-23,Fresno,019,978130,99344,98362,8078,106440,1575
2021-03-23,Glenn,021,27897,2336,2293,517,2810,17
2021-03-23,Humboldt,023,135768,3430,3405,24,3429,34
2021-03-23,Imperial,025,180216,27540,27320,2527,29847,699
2021-03-23,Inyo,027,18085,1371,1364,9,1373,35
2021-03-23,Kern,029,883053,95139,93728,10128,103856,1191
2021-03-23,Kings,031,150075,22737,22439,1001,23440,237
2021-03-23,Lake,033,64148,3336,3294,8,3302,43
2021-03-23,Lassen,035,31185,5140,5130,99,5229,1
2021-03-23,Los Angeles,037,10098052,1186634,1176572,39414,1215986,22904
2021-03-23,Madera,039,155013,16059,15908,869,16777,210
2021-03-23,Marin,041,260295,13604,13514,187,13701,221
2021-03-23,Mariposa,043,17540,392,384,5,389,5
2021-03-23,Mendocino,045,87422,3744,3652,73,3725,45
2021-03-23,Merced,047,269075,29597,29485,966,30451,415
2021-03-23,Modoc,049,8938,350,342,119,461,3
2021-03-23,Mono,051,14174,1228,1263,16,1279,3
2021-03-23,Monterey,053,433212,42439,42180,1723,43903,335
2021-03-23,Napa,055,140530,9338,9299,32,9331,78
2021-03-23,Nevada,057,99092,4252,4179,174,4353,89
2021-03-23,Orange,059,3164182,250555,248661,10554,259215,4626
2021-03-23,Placer,061,380077,21412,20567,1204,21771,248
2021-03-23,Plumas,063,18699,666,652,10,662,4
2021-03-23,Riverside,065,2383286,288960,282317,13480,295797,4035
2021-03-23,Sacramento,067,1510023,98105,96521,1361,97882,1496
2021-03-23,San Benito,069,59416,5840,5845,90,5935,61
2021-03-23,San Bernardino,071,2135413,288725,284875,8652,293527,4134
2021-03-23,San Diego,073,3302833,269815,268156,13374,281530,3498
2021-03-23,San Francisco,075,870044,35065,35071,1161,36232,462
2021-03-23,San Joaquin,077,732212,69264,67903,3005,70908,1182
2021-03-23,San Luis Obispo,079,281455,20354,20009,609,20618,250
2021-03-23,San Mateo,081,765935,40521,40032,425,40457,348
2021-03-23,Santa Barbara,083,443738,33204,32771,1069,33840,438
2021-03-23,Santa Clara,085,1922200,113581,113645,627,114272,1848
2021-03-23,Santa Cruz,087,273765,15765,15106,783,15889,201
2021-03-23,Shasta,089,179085,11229,11234,1323,12557,175
2021-03-23,Sierra,091,2930,55,50,12,62,0
2021-03-23,Siskiyou,093,43540,1561,1485,250,1735,6
2021-03-23,Solano,095,438530,30661,30524,400,30924,178
2021-03-23,Sonoma,097,501317,28924,29020,252,29272,310
2021-03-23,Stanislaus,099,539301,52680,52148,5484,57632,677
2021-03-23,Sutter,101,95872,9056,9039,79,9118,104
2021-03-23,Tehama,103,63373,4749,4707,498,5205,46
2021-03-23,Trinity,105,12862,475,310,80,390,3
2021-03-23,Tulare,107,460477,49156,48095,8376,56471,808
2021-03-23,Tuolumne,109,53932,3901,3957,38,3995,57
2021-03-23,Ventura,111,848112,79622,78930,2824,81754,932
2021-03-23,Yolo,113,214977,13290,13255,156,13411,194
2021-03-23,Yuba,115,75493,5692,5628,96,5724,42
2021-03-22,Alameda,001,1643700,83285,82748,1741,84489,1189
2021-03-22,Alpine,003,1148,84,83,0,83,0
2021-03-22,Amador,005,37829,3533,3522,31,3553,44
2021-03-22,Butte,007,227075,11622,11211,1643,12854,185
2021-03-22,Calaveras,009,45235,1986,1963,11,1974,49
2021-03-22,Colusa,011,21464,1886,1885,270,2155,13
2021-03-22,Contra Costa,013,1133247,65262,64432,1106,65538,740
2021-03-22,Del Norte,015,27424,1151,1082,7,1089,6
2021-03-22,El Dorado,017,186661,9389,9310,612,9922,105
2021-03-22,Fresno,019,978130,99246,98276,8066,106342,1556
2021-03-22,Glenn,021,27897,2328,2291,517,2808,17
2021-03-22,Humboldt,023,135768,3425,3403,24,3427,34
2021-03-22,Imperial,025,180216,27525,27302,2524,29826,699
2021-03-22,Inyo,027,18085,1368,1363,9,1372,35
2021-03-22,Kern,029,883053,95068,93675,10112,103787,1178
2021-03-22,Kings,031,150075,22724,22433,996,23429,236
2021-03-22,Lake,033,64148,3335,3290,8,3298,43
2021-03-22,Lassen,035,31185,5138,5129,99,5228,1
2021-03-22,Los Angeles,037,10098052,1186117,1176205,39384,1215589,22843
2021-03-22,Madera,039,155013,16044,15904,869,16773,210
2021-03-22,Marin,041,260295,13595,13501,186,13687,221
2021-03-22,Mariposa,043,17540,391,381,5,386,5
2021-03-22,Mendocino,045,87422,3742,3653,73,3726,45
2021-03-22,Merced,047,269075,29554,29468,963,30431,413
2021-03-22,Modoc,049,8938,348,342,119,461,3
2021-03-22,Mono,051,14174,1223,1263,16,1279,3
2021-03-22,Monterey,053,433212,42423,42161,1721,43882,335
2021-03-22,Napa,055,140530,9327,9288,32,9320,77
2021-03-22,Nevada,057,99092,4242,4174,170,4344,89
2021-03-22,Orange,059,3164182,250404,248517,10520,259037,4599
2021-03-22,Placer,061,380077,21377,20543,1199,21742,242
2021-03-22,Plumas,063,18699,666,652,10,662,4
2021-03-22,Riverside,065,2383286,288860,282242,13469,295711,4009
2021-03-22,Sacramento,067,1510023,97927,96385,1352,97737,1493
2021-03-22,San Benito,069,59416,5837,5844,89,5933,61
2021-03-22,San Bernardino,071,2135413,288637,284771,8640,293411,4107
2021-03-22,San Diego,073,3302833,269603,267913,13354,281267,3494
2021-03-22,San Francisco,075,870044,35023,35040,1157,36197,462
2021-03-22,San Joaquin,077,732212,69172,67815,2988,70803,1182
2021-03-22,San Luis Obispo,079,281455,20330,20000,608,20608,250
2021-03-22,San Mateo,081,765935,40470,40024,424,40448,348
2021-03-22,Santa Barbara,083,443738,33160,32756,1067,33823,437
2021-03-22,Santa Clara,085,1922200,113461,113575,627,114202,1845
2021-03-22,Santa Cruz,087,273765,15753,15077,782,15859,201
2021-03-22,Shasta,089,179085,11215,11218,1322,12540,150
2021-03-22,Sierra,091,2930,55,50,12,62,0
2021-03-22,Siskiyou,093,43540,1560,1487,249,1736,5
2021-03-22,Solano,095,438530,30621,30490,396,30886,171
2021-03-22,Sonoma,097,501317,28895,29010,248,29258,310
2021-03-22,Stanislaus,099,539301,52596,52083,5479,57562,677
2021-03-22,Sutter,101,95872,9043,9024,79,9103,104
2021-03-22,Tehama,103,63373,4741,4704,498,5202,45
2021-03-22,Trinity,105,12862,475,310,80,390,3
2021-03-22,Tulare,107,460477,49141,48074,8356,56430,807
2021-03-22,Tuolumne,109,53932,3898,3954,38,3992,57
2021-03-22,Ventura,111,848112,79576,78890,2821,81711,927
2021-03-22,Yolo,113,214977,13278,13243,155,13398,190
2021-03-22,Yuba,115,75493,5681,5627,94,5721,42
2021-03-21,Alameda,001,1643700,83195,82684,1738,84422,1187
2021-03-21,Alpine,003,1148,84,83,0,83,0
2021-03-21,Amador,005,37829,3529,3519,31,3550,44
2021-03-21,Butte,007,227075,11606,11208,1638,12846,185
2021-03-21,Calaveras,009,45235,1980,1962,11,1973,49
2021-03-21,Colusa,011,21464,1886,1885,270,2155,13
2021-03-21,Contra Costa,013,1133247,65180,64382,1102,65484,740
2021-03-21,Del Norte,015,27424,1136,1076,7,1083,6
2021-03-21,El Dorado,017,186661,9379,9302,607,9909,105
2021-03-21,Fresno,019,978130,99132,98211,8043,106254,1556
2021-03-21,Glenn,021,27897,2325,2288,516,2804,17
2021-03-21,Humboldt,023,135768,3420,3402,24,3426,34
2021-03-21,Imperial,025,180216,27508,27267,2519,29786,699
2021-03-21,Inyo,027,18085,1368,1363,9,1372,35
2021-03-21,Kern,029,883053,95002,93649,10103,103752,1170
2021-03-21,Kings,031,150075,22707,22422,996,23418,236
2021-03-21,Lake,033,64148,3331,3286,8,3294,43
2021-03-21,Lassen,035,31185,5138,5129,99,5228,1
2021-03-21,Los Angeles,037,10098052,1185581,1175684,39337,1215021,22834
2021-03-21,Madera,039,155013,16024,15895,867,16762,210
2021-03-21,Marin,041,260295,13579,13495,185,13680,220
2021-03-21,Mariposa,043,17540,391,381,5,386,5
2021-03-21,Mendocino,045,87422,3739,3651,73,3724,45
2021-03-21,Merced,047,269075,29494,29446,957,30403,413
2021-03-21,Modoc,049,8938,348,341,119,460,3
2021-03-21,Mono,051,14174,1218,1263,16,1279,3
2021-03-21,Monterey,053,433212,42398,42153,1718,43871,335
2021-03-21,Napa,055,140530,9307,9282,32,9314,77
2021-03-21,Nevada,057,99092,4229,4169,170,4339,89
2021-03-21,Orange,059,3164182,250271,248442,10493,258935,4598
2021-03-21,Placer,061,380077,21341,20520,1191,21711,242
2021-03-21,Plumas,063,18699,666,653,10,663,4
2021-03-21,Riverside,065,2383286,288753,282187,13458,295645,4009
2021-03-21,Sacramento,067,1510023,97733,96269,1345,97614,1489
2021-03-21,San Benito,069,59416,5831,5842,89,5931,61
2021-03-21,San Bernardino,071,2135413,288547,284732,8634,293366,4094
2021-03-21,San Diego,073,3302833,269343,267724,13328,281052,3494
2021-03-21,San Francisco,075,870044,34976,35012,1151,36163,460
2021-03-21,San Joaquin,077,732212,69050,67729,2970,70699,1182
2021-03-21,San Luis Obispo,079,281455,20298,19979,606,20585,250
2021-03-21,San Mateo,081,765935,40425,39988,423,40411,344
2021-03-21,Santa Barbara,083,443738,33121,32743,1066,33809,437
2021-03-21,Santa Clara,085,1922200,113332,113487,624,114111,1840
2021-03-21,Santa Cruz,087,273765,15746,15064,782,15846,199
2021-03-21,Shasta,089,179085,11195,11215,1321,12536,150
2021-03-21,Sierra,091,2930,55,50,12,62,0
2021-03-21,Siskiyou,093,43540,1560,1486,248,1734,5
2021-03-21,Solano,095,438530,30581,30474,393,30867,171
2021-03-21,Sonoma,097,501317,28866,28986,247,29233,310
2021-03-21,Stanislaus,099,539301,52506,52014,5477,57491,677
2021-03-21,Sutter,101,95872,9030,9021,79,9100,104
2021-03-21,Tehama,103,63373,4737,4701,498,5199,45
2021-03-21,Trinity,105,12862,473,310,80,390,3
2021-03-21,Tulare,107,460477,49125,48060,8344,56404,807
2021-03-21,Tuolumne,109,53932,3896,3953,38,3991,57
2021-03-21,Ventura,111,848112,79513,78863,2816,81679,927
2021-03-21,Yolo,113,214977,13256,13235,155,13390,190
2021-03-21,Yuba,115,75493,5671,5624,94,5718,42
2021-03-20,Alameda,001,1643700,83127,82614,1736,84350,1178
2021-03-20,Alpine,003,1148,84,83,0,83,0
2021-03-20,Amador,005,37829,3527,3518,31,3549,44
2021-03-20,Butte,007,227075,11600,11199,1636,12835,185
2021-03-20,Calaveras,009,45235,1976,1961,11,1972,49
2021-03-20,Colusa,011,21464,1886,1883,270,2153,12
2021-03-20,Contra Costa,013,1133247,65120,64313,1102,65415,713
2021-03-20,Del Norte,015,27424,1135,1075,7,1082,6
2021-03-20,El Dorado,017,186661,9373,9290,607,9897,105
2021-03-20,Fresno,019,978130,99072,98112,8036,106148,1532
2021-03-20,Glenn,021,27897,2324,2288,514,2802,17
2021-03-20,Humboldt,023,135768,3413,3399,24,3423,33
2021-03-20,Imperial,025,180216,27502,27239,2517,29756,695
2021-03-20,Inyo,027,18085,1368,1362,9,1371,35
2021-03-20,Kern,029,883053,94973,93606,10099,103705,1155
2021-03-20,Kings,031,150075,22702,22415,995,23410,236
2021-03-20,Lake,033,64148,3327,3280,8,3288,43
2021-03-20,Lassen,035,31185,5138,5128,99,5227,1
2021-03-20,Los Angeles,037,10098052,1185282,1175290,39313,1214603,22810
2021-03-20,Madera,039,155013,16016,15891,866,16757,210
2021-03-20,Marin,041,260295,13567,13470,181,13651,220
2021-03-20,Mariposa,043,17540,390,381,5,386,5
2021-03-20,Mendocino,045,87422,3738,3639,73,3712,43
2021-03-20,Merced,047,269075,29463,29411,954,30365,412
2021-03-20,Modoc,049,8938,347,341,119,460,3
2021-03-20,Mono,051,14174,1218,1256,16,1272,3
2021-03-20,Monterey,053,433212,42389,42146,1717,43863,334
2021-03-20,Napa,055,140530,9299,9274,32,9306,77
2021-03-20,Nevada,057,99092,4218,4164,169,4333,89
2021-03-20,Orange,059,3164182,250190,248348,10482,258830,4522
2021-03-20,Placer,061,380077,21318,20505,1189,21694,242
2021-03-20,Plumas,063,18699,663,652,10,662,4
2021-03-20,Riverside,065,2383286,288678,282081,13454,295535,4000
2021-03-20,Sacramento,067,1510023,97622,96126,1342,97468,1488
2021-03-20,San Benito,069,59416,5827,5840,89,5929,61
2021-03-20,San Bernardino,071,2135413,288481,284690,8630,293320,3965
2021-03-20,San Diego,073,3302833,269172,267532,13321,280853,3493
2021-03-20,San Francisco,075,870044,34954,34968,1144,36112,453
2021-03-20,San Joaquin,077,732212,69009,67662,2963,70625,1161
2021-03-20,San Luis Obispo,079,281455,20282,19951,600,20551,250
2021-03-20,San Mateo,081,765935,40391,39958,422,40380,344
2021-03-20,Santa Barbara,083,443738,33096,32723,1065,33788,434
2021-03-20,Santa Clara,085,1922200,113240,113384,623,114007,1799
2021-03-20,Santa Cruz,087,273765,15730,15053,782,15835,199
2021-03-20,Shasta,089,179085,11189,11211,1321,12532,147
2021-03-20,Sierra,091,2930,55,50,12,62,0
2021-03-20,Siskiyou,093,43540,1560,1483,248,1731,5
2021-03-20,Solano,095,438530,30551,30439,393,30832,170
2021-03-20,Sonoma,097,501317,28851,28962,247,29209,309
2021-03-20,Stanislaus,099,539301,52450,51925,5470,57395,673
2021-03-20,Sutter,101,95872,9022,9014,79,9093,103
2021-03-20,Tehama,103,63373,4732,4696,496,5192,33
2021-03-20,Trinity,105,12862,472,310,80,390,3
2021-03-20,Tulare,107,460477,49110,48030,8327,56357,804
2021-03-20,Tuolumne,109,53932,3893,3950,38,3988,57
2021-03-20,Ventura,111,848112,79478,78818,2814,81632,922
2021-03-20,Yolo,113,214977,13252,13226,155,13381,190
2021-03-20,Yuba,115,75493,5668,5621,93,5714,42
2021-03-19,Alameda,001,1643700,83055,82499,1735,84234,1187
2021-03-19,Alpine,003,1148,83,82,0,82,0
2021-03-19,Amador,005,37829,3524,3515,31,3546,44
2021-03-19,Butte,007,227075,11592,11191,1633,12824,185
2021-03-19,Calaveras,009,45235,1975,1957,11,1968,49
2021-03-19,Colusa,011,21464,1885,1883,270,2153,12
2021-03-19,Contra Costa,013,1133247,65061,64195,1099,65294,737
2021-03-19,Del Norte,015,27424,1129,1071,5,1076,6
2021-03-19,El Dorado,017,186661,9364,9274,607,9881,105
2021-03-19,Fresno,019,978130,98988,97969,8023,105992,1527
2021-03-19,Glenn,021,27897,2324,2282,514,2796,17
2021-03-19,Humboldt,023,135768,3404,3388,24,3412,33
2021-03-19,Imperial,025,180216,27490,27218,2514,29732,695
2021-03-19,Inyo,027,18085,1366,1356,9,1365,35
2021-03-19,Kern,029,883053,94940,93534,10086,103620,1152
2021-03-19,Kings,031,150075,22693,22369,992,23361,235
2021-03-19,Lake,033,64148,3321,3262,8,3270,43
2021-03-19,Lassen,035,31185,5138,5126,99,5225,1
2021-03-19,Los Angeles,037,10098052,1184942,1174818,39296,1214114,22752
2021-03-19,Madera,039,155013,16009,15877,865,16742,210
2021-03-19,Marin,041,260295,13555,13441,181,13622,220
2021-03-19,Mariposa,043,17540,389,380,5,385,5
2021-03-19,Mendocino,045,87422,3737,3639,73,3712,45
2021-03-19,Merced,047,269075,29436,29376,952,30328,412
2021-03-19,Modoc,049,8938,347,341,119,460,3
2021-03-19,Mono,051,14174,1216,1244,16,1260,3
2021-03-19,Monterey,053,433212,42380,42125,1715,43840,335
2021-03-19,Napa,055,140530,9287,9256,32,9288,77
2021-03-19,Nevada,057,99092,4207,4156,169,4325,88
2021-03-19,Orange,059,3164182,250090,248146,10473,258619,4501
2021-03-19,Placer,061,380077,21300,20451,1187,21638,242
2021-03-19,Plumas,063,18699,663,650,10,660,4
2021-03-19,Riverside,065,2383286,288595,281937,13449,295386,3989
2021-03-19,Sacramento,067,1510023,97519,95934,1339,97273,1486
2021-03-19,San Benito,069,59416,5827,5845,89,5934,61
2021-03-19,San Bernardino,071,2135413,288410,284501,8628,293129,4017
2021-03-19,San Diego,073,3302833,269037,267173,13311,280484,3491
2021-03-19,San Francisco,075,870044,34909,34936,1141,36077,461
2021-03-19,San Joaquin,077,732212,68939,67515,2949,70464,1180
2021-03-19,San Luis Obispo,079,281455,20262,19913,598,20511,249
2021-03-19,San Mateo,081,765935,40367,39893,422,40315,344
2021-03-19,Santa Barbara,083,443738,33066,32685,1064,33749,435
2021-03-19,Santa Clara,085,1922200,113165,113232,622,113854,1797
2021-03-19,Santa Cruz,087,273765,15723,15026,782,15808,199
2021-03-19,Shasta,089,179085,11182,11104,1319,12423,103
2021-03-19,Sierra,091,2930,54,49,12,61,0
2021-03-19,Siskiyou,093,43540,1560,1480,247,1727,5
2021-03-19,Solano,095,438530,30521,30395,391,30786,172
2021-03-19,Sonoma,097,501317,28830,28932,245,29177,292
2021-03-19,Stanislaus,099,539301,52392,51755,5467,57222,679
2021-03-19,Sutter,101,95872,9020,9005,79,9084,103
2021-03-19,Tehama,103,63373,4725,4685,496,5181,33
2021-03-19,Trinity,105,12862,472,310,80,390,3
2021-03-19,Tulare,107,460477,49087,47989,8304,56293,805
2021-03-19,Tuolumne,109,53932,3890,3946,38,3984,57
2021-03-19,Ventura,111,848112,79445,78753,2810,81563,920
2021-03-19,Yolo,113,214977,13244,13197,155,13352,189
2021-03-19,Yuba,115,75493,5665,5615,92,5707,42
2021-03-18,Alameda,001,1643700,82975,82419,1732,84151,1189
2021-03-18,Alpine,003,1148,83,82,0,82,0
2021-03-18,Amador,005,37829,3520,3513,31,3544,44
2021-03-18,Butte,007,227075,11581,11179,1631,12810,185
2021-03-18,Calaveras,009,45235,1973,1954,11,1965,49
2021-03-18,Colusa,011,21464,1885,1882,270,2152,12
2021-03-18,Contra Costa,013,1133247,64988,64103,1096,65199,739
2021-03-18,Del Norte,015,27424,1120,1059,5,1064,6
2021-03-18,El Dorado,017,186661,9351,9261,606,9867,105
2021-03-18,Fresno,019,978130,98891,97856,8008,105864,1527
2021-03-18,Glenn,021,27897,2320,2275,513,2788,17
2021-03-18,Humboldt,023,135768,3396,3381,24,3405,34
2021-03-18,Imperial,025,180216,27475,27190,2509,29699,695
2021-03-18,Inyo,027,18085,1363,1354,9,1363,35
2021-03-18,Kern,029,883053,94883,93458,10072,103530,1158
2021-03-18,Kings,031,150075,22686,22354,991,23345,235
2021-03-18,Lake,033,64148,3318,3260,8,3268,43
2021-03-18,Lassen,035,31185,5137,5126,99,5225,1
2021-03-18,Los Angeles,037,10098052,1184509,1174205,39267,1213472,22689
2021-03-18,Madera,039,155013,15997,15860,862,16722,211
2021-03-18,Marin,041,260295,13537,13435,180,13615,219
2021-03-18,Mariposa,043,17540,387,380,5,385,5
2021-03-18,Mendocino,045,87422,3727,3630,73,3703,45
2021-03-18,Merced,047,269075,29401,29317,952,30269,410
2021-03-18,Modoc,049,8938,347,341,119,460,3
2021-03-18,Mono,051,14174,1212,1215,15,1230,3
2021-03-18,Monterey,053,433212,42368,42105,1715,43820,335
2021-03-18,Napa,055,140530,9278,9243,32,9275,77
2021-03-18,Nevada,057,99092,4200,4154,169,4323,74
2021-03-18,Orange,059,3164182,249987,248050,10460,258510,4514
2021-03-18,Placer,061,380077,21268,20421,1184,21605,243
2021-03-18,Plumas,063,18699,661,648,10,658,4
2021-03-18,Riverside,065,2383286,288514,281789,13442,295231,3957
2021-03-18,Sacramento,067,1510023,97371,95819,1335,97154,1481
2021-03-18,San Benito,069,59416,5825,5842,89,5931,61
2021-03-18,San Bernardino,071,2135413,288327,284294,8598,292892,4076
2021-03-18,San Diego,073,3302833,268884,266752,13301,280053,3478
2021-03-18,San Francisco,075,870044,34870,34904,1140,36044,461
2021-03-18,San Joaquin,077,732212,68839,67301,2937,70238,1169
2021-03-18,San Luis Obispo,079,281455,20233,19894,597,20491,249
2021-03-18,San Mateo,081,765935,40326,39874,422,40296,344
2021-03-18,Santa Barbara,083,443738,33025,32640,1064,33704,434
2021-03-18,Santa Clara,085,1922200,113048,113119,618,113737,1808
2021-03-18,Santa Cruz,087,273765,15713,14998,782,15780,198
2021-03-18,Shasta,089,179085,11168,11059,1317,12376,100
2021-03-18,Sierra,091,2930,54,49,12,61,0
2021-03-18,Siskiyou,093,43540,1557,1480,246,1726,5
2021-03-18,Solano,095,438530,30479,30352,388,30740,172
2021-03-18,Sonoma,097,501317,28809,28915,243,29158,292
2021-03-18,Stanislaus,099,539301,52320,51615,5463,57078,682
2021-03-18,Sutter,101,95872,9008,8999,79,9078,103
2021-03-18,Tehama,103,63373,4719,4683,495,5178,35
2021-03-18,Trinity,105,12862,472,310,80,390,3
2021-03-18,Tulare,107,460477,49068,47964,8289,56253,805
2021-03-18,Tuolumne,109,53932,3889,3942,38,3980,57
2021-03-18,Ventura,111,848112,79385,78697,2810,81507,918
2021-03-18,Yolo,113,214977,13231,13183,155,13338,191
2021-03-18,Yuba,115,75493,5661,5612,92,5704,42
2021-03-17,Alameda,001,1643700,82899,82353,1727,84080,1185
2021-03-17,Alpine,003,1148,83,82,0,82,0
2021-03-17,Amador,005,37829,3518,3511,31,3542,44
2021-03-17,Butte,007,227075,11572,11170,1629,12799,185
2021-03-17,Calaveras,009,45235,1970,1946,11,1957,49
2021-03-17,Colusa,011,21464,1884,1882,270,2152,12
2021-03-17,Contra Costa,013,1133247,64919,64026,1095,65121,737
2021-03-17,Del Norte,015,27424,1116,1053,5,1058,6
2021-03-17,El Dorado,017,186661,9341,9252,606,9858,105
2021-03-17,Fresno,019,978130,98780,97727,7990,105717,1507
2021-03-17,Glenn,021,27897,2313,2269,512,2781,17
2021-03-17,Humboldt,023,135768,3388,3365,24,3389,33
2021-03-17,Imperial,025,180216,27458,27168,2506,29674,691
2021-03-17,Inyo,027,18085,1361,1351,9,1360,35
2021-03-17,Kern,029,883053,94827,93392,10059,103451,1149
2021-03-17,Kings,031,150075,22670,22336,990,23326,233
2021-03-17,Lake,033,64148,3311,3251,8,3259,43
2021-03-17,Lassen,035,31185,5136,5125,99,5224,1
2021-03-17,Los Angeles,037,10098052,1184055,1173416,39234,1212650,22602
2021-03-17,Madera,039,155013,15990,15835,862,16697,214
2021-03-17,Marin,041,260295,13520,13428,179,13607,218
2021-03-17,Mariposa,043,17540,387,379,5,384,5
2021-03-17,Mendocino,045,87422,3723,3625,73,3698,44
2021-03-17,Merced,047,269075,29373,29250,948,30198,408
2021-03-17,Modoc,049,8938,347,341,119,460,3
2021-03-17,Mono,051,14174,1210,1212,15,1227,3
2021-03-17,Monterey,053,433212,42350,42061,1712,43773,334
2021-03-17,Napa,055,140530,9263,9219,32,9251,76
2021-03-17,Nevada,057,99092,4190,4145,169,4314,74
2021-03-17,Orange,059,3164182,249868,247943,10432,258375,4502
2021-03-17,Placer,061,380077,21240,20369,1183,21552,243
2021-03-17,Plumas,063,18699,660,645,10,655,4
2021-03-17,Riverside,065,2383286,288399,281649,13434,295083,3925
2021-03-17,Sacramento,067,1510023,97243,95650,1330,96980,1477
2021-03-17,San Benito,069,59416,5822,5841,89,5930,61
2021-03-17,San Bernardino,071,2135413,288210,284170,8593,292763,4049
2021-03-17,San Diego,073,3302833,268673,266313,13283,279596,3470
2021-03-17,San Francisco,075,870044,34835,34873,1139,36012,457
2021-03-17,San Joaquin,077,732212,68754,67093,2921,70014,1164
2021-03-17,San Luis Obispo,079,281455,20210,19858,593,20451,249
2021-03-17,San Mateo,081,765935,40296,39838,421,40259,344
2021-03-17,Santa Barbara,083,443738,33003,32585,1063,33648,433
2021-03-17,Santa Clara,085,1922200,112955,112983,617,113600,1805
2021-03-17,Santa Cruz,087,273765,15705,14967,782,15749,199
2021-03-17,Shasta,089,179085,11163,11045,1314,12359,100
2021-03-17,Sierra,091,2930,54,49,12,61,0
2021-03-17,Siskiyou,093,43540,1556,1479,245,1724,5
2021-03-17,Solano,095,438530,30453,30320,386,30706,171
2021-03-17,Sonoma,097,501317,28785,28877,242,29119,292
2021-03-17,Stanislaus,099,539301,52245,51524,5456,56980,682
2021-03-17,Sutter,101,95872,8998,8982,79,9061,103
2021-03-17,Tehama,103,63373,4714,4670,495,5165,34
2021-03-17,Trinity,105,12862,472,308,80,388,3
2021-03-17,Tulare,107,460477,49048,47929,8279,56208,805
2021-03-17,Tuolumne,109,53932,3886,3938,38,3976,57
2021-03-17,Ventura,111,848112,79329,78648,2807,81455,916
2021-03-17,Yolo,113,214977,13214,13169,155,13324,190
2021-03-17,Yuba,115,75493,5658,5603,92,5695,42
2021-03-16,Alameda,001,1643700,82787,82259,1725,83984,1177
2021-03-16,Alpine,003,1148,83,82,0,82,0
2021-03-16,Amador,005,37829,3516,3510,31,3541,44
2021-03-16,Butte,007,227075,11560,11154,1628,12782,184
2021-03-16,Calaveras,009,45235,1965,1945,11,1956,49
2021-03-16,Colusa,011,21464,1883,1882,270,2152,12
2021-03-16,Contra Costa,013,1133247,64836,63951,1092,65043,736
2021-03-16,Del Norte,015,27424,1108,1048,5,1053,6
2021-03-16,El Dorado,017,186661,9326,9249,606,9855,105
2021-03-16,Fresno,019,978130,98642,97638,7970,105608,1498
2021-03-16,Glenn,021,27897,2305,2267,508,2775,17
2021-03-16,Humboldt,023,135768,3384,3351,24,3375,33
2021-03-16,Imperial,025,180216,27447,27143,2503,29646,689
2021-03-16,Inyo,027,18085,1360,1346,9,1355,35
2021-03-16,Kern,029,883053,94761,93340,10044,103384,1144
2021-03-16,Kings,031,150075,22634,22320,989,23309,233
2021-03-16,Lake,033,64148,3303,3246,8,3254,43
2021-03-16,Lassen,035,31185,5135,5126,99,5225,1
2021-03-16,Los Angeles,037,10098052,1183522,1172676,39196,1211872,22527
2021-03-16,Madera,039,155013,15974,15822,860,16682,214
2021-03-16,Marin,041,260295,13502,13419,179,13598,218
2021-03-16,Mariposa,043,17540,384,379,5,384,5
2021-03-16,Mendocino,045,87422,3718,3623,73,3696,44
2021-03-16,Merced,047,269075,29320,29198,947,30145,407
2021-03-16,Modoc,049,8938,347,341,119,460,3
2021-03-16,Mono,051,14174,1209,1207,15,1222,3
2021-03-16,Monterey,053,433212,42331,42023,1712,43735,334
2021-03-16,Napa,055,140530,9253,9209,32,9241,75
2021-03-16,Nevada,057,99092,4181,4132,168,4300,67
2021-03-16,Orange,059,3164182,249729,247843,10413,258256,4479
2021-03-16,Placer,061,380077,21208,20339,1179,21518,240
2021-03-16,Plumas,063,18699,659,643,10,653,4
2021-03-16,Riverside,065,2383286,288285,281540,13422,294962,3893
2021-03-16,Sacramento,067,1510023,97100,95522,1326,96848,1466
2021-03-16,San Benito,069,59416,5817,5831,89,5920,61
2021-03-16,San Bernardino,071,2135413,288080,283980,8586,292566,4032
2021-03-16,San Diego,073,3302833,268441,265903,13270,279173,3462
2021-03-16,San Francisco,075,870044,34806,34833,1134,35967,456
2021-03-16,San Joaquin,077,732212,68652,66856,2909,69765,1163
2021-03-16,San Luis Obispo,079,281455,20180,19832,591,20423,248
2021-03-16,San Mateo,081,765935,40262,39806,419,40225,344
2021-03-16,Santa Barbara,083,443738,32971,32556,1062,33618,433
2021-03-16,Santa Clara,085,1922200,112837,112845,614,113459,1797
2021-03-16,Santa Cruz,087,273765,15699,14926,782,15708,199
2021-03-16,Shasta,089,179085,11147,11035,1312,12347,100
2021-03-16,Sierra,091,2930,53,49,12,61,0
2021-03-16,Siskiyou,093,43540,1553,1477,245,1722,5
2021-03-16,Solano,095,438530,30419,30298,384,30682,171
2021-03-16,Sonoma,097,501317,28752,28850,240,29090,291
2021-03-16,Stanislaus,099,539301,52165,51410,5449,56859,683
2021-03-16,Sutter,101,95872,8990,8970,79,9049,102
2021-03-16,Tehama,103,63373,4711,4660,494,5154,34
2021-03-16,Trinity,105,12862,472,308,79,387,3
2021-03-16,Tulare,107,460477,49000,47895,8271,56166,803
2021-03-16,Tuolumne,109,53932,3883,3938,38,3976,57
2021-03-16,Ventura,111,848112,79263,78671,2800,81471,916
2021-03-16,Yolo,113,214977,13199,13162,155,13317,190
2021-03-16,Yuba,115,75493,5655,5596,91,5687,42
2021-03-15,Alameda,001,1643700,82698,82159,1725,83884,1167
2021-03-15,Alpine,003,1148,83,82,0,82,0
2021-03-15,Amador,005,37829,3515,3506,31,3537,44
2021-03-15,Butte,007,227075,11547,11141,1624,12765,185
2021-03-15,Calaveras,009,45235,1964,1941,11,1952,49
2021-03-15,Colusa,011,21464,1883,1883,270,2153,12
2021-03-15,Contra Costa,013,1133247,64774,63847,1091,64938,732
2021-03-15,Del Norte,015,27424,1105,1048,5,1053,6
2021-03-15,El Dorado,017,186661,9320,9235,606,9841,103
2021-03-15,Fresno,019,978130,98515,97520,7955,105475,1496
2021-03-15,Glenn,021,27897,2300,2261,505,2766,15
2021-03-15,Humboldt,023,135768,3378,3337,24,3361,32
2021-03-15,Imperial,025,180216,27427,27122,2500,29622,684
2021-03-15,Inyo,027,18085,1360,1346,9,1355,35
2021-03-15,Kern,029,883053,94701,93266,10037,103303,1141
2021-03-15,Kings,031,150075,22617,22294,983,23277,233
2021-03-15,Lake,033,64148,3291,3237,8,3245,43
2021-03-15,Lassen,035,31185,5135,5125,99,5224,1
2021-03-15,Los Angeles,037,10098052,1182951,1172445,39164,1211609,22477
2021-03-15,Madera,039,155013,15963,15806,858,16664,214
2021-03-15,Marin,041,260295,13496,13408,178,13586,218
2021-03-15,Mariposa,043,17540,384,376,5,381,5
2021-03-15,Mendocino,045,87422,3714,3615,73,3688,44
2021-03-15,Merced,047,269075,29282,29169,945,30114,407
2021-03-15,Modoc,049,8938,347,340,119,459,3
2021-03-15,Mono,051,14174,1208,1206,15,1221,3
2021-03-15,Monterey,053,433212,42303,42011,1709,43720,333
2021-03-15,Napa,055,140530,9242,9196,32,9228,75
2021-03-15,Nevada,057,99092,4176,4123,167,4290,66
2021-03-15,Orange,059,3164182,249616,247697,10394,258091,4481
2021-03-15,Placer,061,380077,21185,20308,1179,21487,238
2021-03-15,Plumas,063,18699,659,642,10,652,4
2021-03-15,Riverside,065,2383286,288133,281367,13412,294779,3856
2021-03-15,Sacramento,067,1510023,96947,95414,1320,96734,1463
2021-03-15,San Benito,069,59416,5814,5831,89,5920,61
2021-03-15,San Bernardino,071,2135413,287989,283815,8578,292393,4004
2021-03-15,San Diego,073,3302833,268192,265646,13254,278900,3452
2021-03-15,San Francisco,075,870044,34771,34820,1130,35950,456
2021-03-15,San Joaquin,077,732212,68548,66622,2897,69519,1140
2021-03-15,San Luis Obispo,079,281455,20149,19813,587,20400,247
2021-03-15,San Mateo,081,765935,40208,39765,419,40184,344
2021-03-15,Santa Barbara,083,443738,32948,32529,1059,33588,431
2021-03-15,Santa Clara,085,1922200,112736,112729,612,113341,1798
2021-03-15,Santa Cruz,087,273765,15693,14899,781,15680,200
2021-03-15,Shasta,089,179085,11131,11019,1307,12326,92
2021-03-15,Sierra,091,2930,53,49,12,61,0
2021-03-15,Siskiyou,093,43540,1553,1475,245,1720,5
2021-03-15,Solano,095,438530,30390,30258,383,30641,171
2021-03-15,Sonoma,097,501317,28734,28814,237,29051,285
2021-03-15,Stanislaus,099,539301,52087,51357,5442,56799,683
2021-03-15,Sutter,101,95872,8984,8962,79,9041,102
2021-03-15,Tehama,103,63373,4696,4650,493,5143,34
2021-03-15,Trinity,105,12862,472,308,79,387,3
2021-03-15,Tulare,107,460477,48970,47857,8256,56113,800
2021-03-15,Tuolumne,109,53932,3881,3937,37,3974,57
2021-03-15,Ventura,111,848112,79207,78626,2799,81425,910
2021-03-15,Yolo,113,214977,13180,13131,155,13286,190
2021-03-15,Yuba,115,75493,5650,5585,90,5675,42
2021-03-14,Alameda,001,1643700,82615,82116,1722,83838,1168
2021-03-14,Alpine,003,1148,83,82,0,82,0
2021-03-14,Amador,005,37829,3510,3504,31,3535,44
2021-03-14,Butte,007,227075,11534,11140,1620,12760,185
2021-03-14,Calaveras,009,45235,1960,1939,11,1950,49
2021-03-14,Colusa,011,21464,1883,1883,270,2153,12
2021-03-14,Contra Costa,013,1133247,64670,63808,1090,64898,731
2021-03-14,Del Norte,015,27424,1091,1048,5,1053,6
2021-03-14,El Dorado,017,186661,9310,9231,606,9837,103
2021-03-14,Fresno,019,978130,98407,97461,7937,105398,1496
2021-03-14,Glenn,021,27897,2295,2260,502,2762,15
2021-03-14,Humboldt,023,135768,3364,3335,24,3359,32
2021-03-14,Imperial,025,180216,27412,27122,2495,29617,685
2021-03-14,Inyo,027,18085,1356,1346,9,1355,35
2021-03-14,Kern,029,883053,94618,93252,10019,103271,1141
2021-03-14,Kings,031,150075,22598,22292,981,23273,232
2021-03-14,Lake,033,64148,3286,3237,8,3245,43
2021-03-14,Lassen,035,31185,5133,5125,99,5224,1
2021-03-14,Los Angeles,037,10098052,1182376,1172100,39132,1211232,22476
2021-03-14,Madera,039,155013,15938,15804,858,16662,214
2021-03-14,Marin,041,260295,13480,13405,176,13581,218
2021-03-14,Mariposa,043,17540,382,376,5,381,5
2021-03-14,Mendocino,045,87422,3709,3613,73,3686,44
2021-03-14,Merced,047,269075,29214,29149,941,30090,407
2021-03-14,Modoc,049,8938,347,340,119,459,3
2021-03-14,Mono,051,14174,1202,1206,15,1221,3
2021-03-14,Monterey,053,433212,42279,42007,1706,43713,333
2021-03-14,Napa,055,140530,9224,9194,32,9226,75
2021-03-14,Nevada,057,99092,4170,4122,165,4287,66
2021-03-14,Orange,059,3164182,249482,247656,10374,258030,4460
2021-03-14,Placer,061,380077,21150,20288,1171,21459,238
2021-03-14,Plumas,063,18699,657,642,10,652,4
2021-03-14,Riverside,065,2383286,287975,281332,13404,294736,3845
2021-03-14,Sacramento,067,1510023,96769,95343,1315,96658,1462
2021-03-14,San Benito,069,59416,5805,5829,89,5918,61
2021-03-14,San Bernardino,071,2135413,287866,283791,8567,292358,3996
2021-03-14,San Diego,073,3302833,267957,265468,13241,278709,3452
2021-03-14,San Francisco,075,870044,34732,34810,1127,35937,455
2021-03-14,San Joaquin,077,732212,68420,66563,2880,69443,1140
2021-03-14,San Luis Obispo,079,281455,20121,19806,585,20391,247
2021-03-14,San Mateo,081,765935,40169,39744,419,40163,342
2021-03-14,Santa Barbara,083,443738,32904,32514,1057,33571,431
2021-03-14,Santa Clara,085,1922200,112608,112648,611,113259,1796
2021-03-14,Santa Cruz,087,273765,15677,14887,779,15666,200
2021-03-14,Shasta,089,179085,11115,11019,1300,12319,92
2021-03-14,Sierra,091,2930,53,49,12,61,0
2021-03-14,Siskiyou,093,43540,1550,1473,245,1718,5
2021-03-14,Solano,095,438530,30358,30230,378,30608,171
2021-03-14,Sonoma,097,501317,28699,28798,233,29031,284
2021-03-14,Stanislaus,099,539301,51967,51306,5434,56740,690
2021-03-14,Sutter,101,95872,8968,8958,79,9037,102
2021-03-14,Tehama,103,63373,4689,4650,492,5142,34
2021-03-14,Trinity,105,12862,471,308,78,386,3
2021-03-14,Tulare,107,460477,48937,47845,8235,56080,800
2021-03-14,Tuolumne,109,53932,3879,3937,37,3974,57
2021-03-14,Ventura,111,848112,79159,78611,2793,81404,910
2021-03-14,Yolo,113,214977,13157,13128,152,13280,189
2021-03-14,Yuba,115,75493,5640,5583,90,5673,42
2021-03-13,Alameda,001,1643700,82555,82010,1722,83732,1168
2021-03-13,Alpine,003,1148,83,82,0,82,0
2021-03-13,Amador,005,37829,3507,3504,31,3535,44
2021-03-13,Butte,007,227075,11525,11131,1619,12750,185
2021-03-13,Calaveras,009,45235,1959,1939,11,1950,49
2021-03-13,Colusa,011,21464,1883,1882,270,2152,12
2021-03-13,Contra Costa,013,1133247,64609,63689,1090,64779,731
2021-03-13,Del Norte,015,27424,1087,1041,5,1046,6
2021-03-13,El Dorado,017,186661,9302,9221,606,9827,103
2021-03-13,Fresno,019,978130,98348,97324,7917,105241,1495
2021-03-13,Glenn,021,27897,2294,2260,501,2761,15
2021-03-13,Humboldt,023,135768,3357,3325,24,3349,32
2021-03-13,Imperial,025,180216,27406,27099,2491,29590,677
2021-03-13,Inyo,027,18085,1355,1344,9,1353,35
2021-03-13,Kern,029,883053,94579,93197,10013,103210,1140
2021-03-13,Kings,031,150075,22582,22265,980,23245,232
2021-03-13,Lake,033,64148,3279,3234,7,3241,43
2021-03-13,Lassen,035,31185,5133,5125,99,5224,1
2021-03-13,Los Angeles,037,10098052,1182058,1171505,39090,1210595,22451
2021-03-13,Madera,039,155013,15926,15780,858,16638,214
2021-03-13,Marin,041,260295,13474,13391,174,13565,218
2021-03-13,Mariposa,043,17540,381,376,5,381,5
2021-03-13,Mendocino,045,87422,3705,3611,73,3684,44
2021-03-13,Merced,047,269075,29183,29106,941,30047,406
2021-03-13,Modoc,049,8938,347,340,118,458,3
2021-03-13,Mono,051,14174,1202,1207,15,1222,3
2021-03-13,Monterey,053,433212,42269,41989,1704,43693,332
2021-03-13,Napa,055,140530,9218,9190,32,9222,75
2021-03-13,Nevada,057,99092,4163,4111,164,4275,66
2021-03-13,Orange,059,3164182,249401,247514,10358,257872,4423
2021-03-13,Placer,061,380077,21129,20238,1168,21406,239
2021-03-13,Plumas,063,18699,655,642,10,652,4
2021-03-13,Riverside,065,2383286,287883,281191,13396,294587,3848
2021-03-13,Sacramento,067,1510023,96683,95192,1313,96505,1461
2021-03-13,San Benito,069,59416,5802,5823,89,5912,61
2021-03-13,San Bernardino,071,2135413,287812,283727,8561,292288,3972
2021-03-13,San Diego,073,3302833,267802,265270,13227,278497,3444
2021-03-13,San Francisco,075,870044,34715,34784,1118,35902,455
2021-03-13,San Joaquin,077,732212,68364,66480,2858,69338,1141
2021-03-13,San Luis Obispo,079,281455,20103,19789,584,20373,247
2021-03-13,San Mateo,081,765935,40142,39689,418,40107,341
2021-03-13,Santa Barbara,083,443738,32879,32486,1056,33542,431
2021-03-13,Santa Clara,085,1922200,112523,112531,610,113141,1790
2021-03-13,Santa Cruz,087,273765,15670,14875,779,15654,199
2021-03-13,Shasta,089,179085,11107,11021,1297,12318,108
2021-03-13,Sierra,091,2930,52,49,12,61,0
2021-03-13,Siskiyou,093,43540,1548,1470,245,1715,5
2021-03-13,Solano,095,438530,30341,30198,378,30576,171
2021-03-13,Sonoma,097,501317,28679,28762,229,28991,285
2021-03-13,Stanislaus,099,539301,51916,51257,5430,56687,695
2021-03-13,Sutter,101,95872,8961,8948,79,9027,102
2021-03-13,Tehama,103,63373,4687,4647,492,5139,33
2021-03-13,Trinity,105,12862,471,306,78,384,3
2021-03-13,Tulare,107,460477,48911,47818,8227,56045,798
2021-03-13,Tuolumne,109,53932,3876,3937,37,3974,57
2021-03-13,Ventura,111,848112,79107,78693,2793,81486,906
2021-03-13,Yolo,113,214977,13148,13087,152,13239,189
2021-03-13,Yuba,115,75493,5639,5577,90,5667,42
2021-03-12,Alameda,001,1643700,82478,81898,1721,83619,1164
2021-03-12,Alpine,003,1148,83,82,0,82,0
2021-03-12,Amador,005,37829,3504,3503,31,3534,44
2021-03-12,Butte,007,227075,11515,11126,1617,12743,184
2021-03-12,Calaveras,009,45235,1959,1916,11,1927,49
2021-03-12,Colusa,011,21464,1883,1883,270,2153,12
2021-03-12,Contra Costa,013,1133247,64533,63583,1090,64673,728
2021-03-12,Del Norte,015,27424,1081,1033,5,1038,6
2021-03-12,El Dorado,017,186661,9293,9219,606,9825,103
2021-03-12,Fresno,019,978130,98251,97185,7906,105091,1489
2021-03-12,Glenn,021,27897,2293,2258,500,2758,15
2021-03-12,Humboldt,023,135768,3352,3315,24,3339,32
2021-03-12,Imperial,025,180216,27395,27071,2489,29560,677
2021-03-12,Inyo,027,18085,1353,1339,9,1348,35
2021-03-12,Kern,029,883053,94545,93142,9997,103139,1132
2021-03-12,Kings,031,150075,22563,22233,980,23213,232
2021-03-12,Lake,033,64148,3273,3226,6,3232,43
2021-03-12,Lassen,035,31185,5133,5125,98,5223,1
2021-03-12,Los Angeles,037,10098052,1181663,1170860,39073,1209933,22409
2021-03-12,Madera,039,155013,15914,15761,855,16616,214
2021-03-12,Marin,041,260295,13467,13375,174,13549,218
2021-03-12,Mariposa,043,17540,379,376,5,381,5
2021-03-12,Mendocino,045,87422,3702,3605,73,3678,43
2021-03-12,Merced,047,269075,29152,29064,941,30005,403
2021-03-12,Modoc,049,8938,347,340,118,458,3
2021-03-12,Mono,051,14174,1201,1206,15,1221,3
2021-03-12,Monterey,053,433212,42255,41964,1699,43663,329
2021-03-12,Napa,055,140530,9209,9180,32,9212,75
2021-03-12,Nevada,057,99092,4153,4101,164,4265,66
2021-03-12,Orange,059,3164182,249309,247388,10347,257735,4401
2021-03-12,Placer,061,380077,21096,20210,1163,21373,239
2021-03-12,Plumas,063,18699,654,641,10,651,4
2021-03-12,Riverside,065,2383286,287784,281037,13389,294426,3854
2021-03-12,Sacramento,067,1510023,96559,95061,1307,96368,1460
2021-03-12,San Benito,069,59416,5799,5817,89,5906,61
2021-03-12,San Bernardino,071,2135413,287756,283558,8556,292114,3917
2021-03-12,San Diego,073,3302833,267639,264886,13219,278105,3434
2021-03-12,San Francisco,075,870044,34694,34758,1115,35873,452
2021-03-12,San Joaquin,077,732212,68293,66482,2849,69331,1144
2021-03-12,San Luis Obispo,079,281455,20090,19769,582,20351,247
2021-03-12,San Mateo,081,765935,40106,39638,416,40054,341
2021-03-12,Santa Barbara,083,443738,32856,32457,1053,33510,429
2021-03-12,Santa Clara,085,1922200,112428,112396,609,113005,1766
2021-03-12,Santa Cruz,087,273765,15658,14846,777,15623,195
2021-03-12,Shasta,089,179085,11098,11143,1295,12438,153
2021-03-12,Sierra,091,2930,52,49,12,61,0
2021-03-12,Siskiyou,093,43540,1548,1468,244,1712,5
2021-03-12,Solano,095,438530,30322,30180,377,30557,171
2021-03-12,Sonoma,097,501317,28652,28714,229,28943,285
2021-03-12,Stanislaus,099,539301,51857,51146,5424,56570,701
2021-03-12,Sutter,101,95872,8955,8940,79,9019,101
2021-03-12,Tehama,103,63373,4683,4638,491,5129,33
2021-03-12,Trinity,105,12862,470,306,78,384,3
2021-03-12,Tulare,107,460477,48886,47772,8221,55993,798
2021-03-12,Tuolumne,109,53932,3875,3936,37,3973,57
2021-03-12,Ventura,111,848112,79061,78698,2789,81487,899
2021-03-12,Yolo,113,214977,13138,13061,145,13206,189
2021-03-12,Yuba,115,75493,5632,5563,89,5652,42
2021-03-11,Alameda,001,1643700,82387,81809,1716,83525,1164
2021-03-11,Alpine,003,1148,83,78,0,78,0
2021-03-11,Amador,005,37829,3503,3498,31,3529,42
2021-03-11,Butte,007,227075,11504,11110,1615,12725,185
2021-03-11,Calaveras,009,45235,1956,1915,11,1926,49
2021-03-11,Colusa,011,21464,1883,1883,270,2153,12
2021-03-11,Contra Costa,013,1133247,64460,63469,1088,64557,728
2021-03-11,Del Norte,015,27424,1076,1027,5,1032,6
2021-03-11,El Dorado,017,186661,9279,9211,606,9817,101
2021-03-11,Fresno,019,978130,98135,97026,7877,104903,1481
2021-03-11,Glenn,021,27897,2290,2255,500,2755,15
2021-03-11,Humboldt,023,135768,3335,3302,24,3326,32
2021-03-11,Imperial,025,180216,27388,27045,2486,29531,675
2021-03-11,Inyo,027,18085,1348,1335,9,1344,35
2021-03-11,Kern,029,883053,94489,93052,9958,103010,1121
2021-03-11,Kings,031,150075,22548,22183,977,23160,230
2021-03-11,Lake,033,64148,3269,3214,6,3220,42
2021-03-11,Lassen,035,31185,5132,5124,98,5222,1
2021-03-11,Los Angeles,037,10098052,1181132,1170111,39042,1209153,22316
2021-03-11,Madera,039,155013,15903,15725,853,16578,214
2021-03-11,Marin,041,260295,13455,13356,173,13529,217
2021-03-11,Mariposa,043,17540,379,376,5,381,5
2021-03-11,Mendocino,045,87422,3695,3604,73,3677,42
2021-03-11,Merced,047,269075,29104,29001,940,29941,401
2021-03-11,Modoc,049,8938,347,340,118,458,3
2021-03-11,Mono,051,14174,1200,1206,15,1221,3
2021-03-11,Monterey,053,433212,42232,41936,1693,43629,329
2021-03-11,Napa,055,140530,9196,9173,32,9205,75
2021-03-11,Nevada,057,99092,4141,4085,162,4247,66
2021-03-11,Orange,059,3164182,249171,247217,10329,257546,4373
2021-03-11,Placer,061,380077,21054,20178,1159,21337,239
2021-03-11,Plumas,063,18699,653,640,10,650,4
2021-03-11,Riverside,065,2383286,287614,280881,13376,294257,3842
2021-03-11,Sacramento,067,1510023,96418,94912,1304,96216,1455
2021-03-11,San Benito,069,59416,5796,5816,89,5905,61
2021-03-11,San Bernardino,071,2135413,287659,283312,8550,291862,3869
2021-03-11,San Diego,073,3302833,267474,264524,13203,277727,3422
2021-03-11,San Francisco,075,870044,34658,34722,1109,35831,452
2021-03-11,San Joaquin,077,732212,68181,66522,2841,69363,1157
2021-03-11,San Luis Obispo,079,281455,20065,19748,581,20329,247
2021-03-11,San Mateo,081,765935,40069,39590,415,40005,341
2021-03-11,Santa Barbara,083,443738,32828,32408,1048,33456,430
2021-03-11,Santa Clara,085,1922200,112299,112246,606,112852,1765
2021-03-11,Santa Cruz,087,273765,15646,14812,776,15588,193
2021-03-11,Shasta,089,179085,11088,11139,1290,12429,158
2021-03-11,Sierra,091,2930,52,48,12,60,0
2021-03-11,Siskiyou,093,43540,1545,1466,243,1709,5
2021-03-11,Solano,095,438530,30294,30138,376,30514,171
2021-03-11,Sonoma,097,501317,28623,28677,229,28906,285
2021-03-11,Stanislaus,099,539301,51772,51038,5416,56454,707
2021-03-11,Sutter,101,95872,8949,8933,79,9012,101
2021-03-11,Tehama,103,63373,4675,4632,491,5123,33
2021-03-11,Trinity,105,12862,469,304,77,381,3
2021-03-11,Tulare,107,460477,48849,47709,8210,55919,797
2021-03-11,Tuolumne,109,53932,3873,3934,37,3971,57
2021-03-11,Ventura,111,848112,79011,78697,2785,81482,889
2021-03-11,Yolo,113,214977,13120,13041,144,13185,190
2021-03-11,Yuba,115,75493,5628,5553,89,5642,42
2021-03-10,Alameda,001,1643700,82281,81701,1711,83412,1160
2021-03-10,Alpine,003,1148,82,78,0,78,0
2021-03-10,Amador,005,37829,3501,3496,31,3527,42
2021-03-10,Butte,007,227075,11494,11096,1615,12711,185
2021-03-10,Calaveras,009,45235,1950,1913,11,1924,48
2021-03-10,Colusa,011,21464,1883,1882,270,2152,12
2021-03-10,Contra Costa,013,1133247,64360,63372,1084,64456,725
2021-03-10,Del Norte,015,27424,1074,1020,5,1025,5
2021-03-10,El Dorado,017,186661,9266,9203,606,9809,100
2021-03-10,Fresno,019,978130,98028,96866,7861,104727,1471
2021-03-10,Glenn,021,27897,2287,2253,498,2751,15
2021-03-10,Humboldt,023,135768,3325,3296,23,3319,32
2021-03-10,Imperial,025,180216,27373,27051,2486,29537,675
2021-03-10,Inyo,027,18085,1348,1328,9,1337,35
2021-03-10,Kern,029,883053,94423,92965,9937,102902,1102
2021-03-10,Kings,031,150075,22529,22166,976,23142,226
2021-03-10,Lake,033,64148,3259,3207,6,3213,42
2021-03-10,Lassen,035,31185,5132,5120,98,5218,1
2021-03-10,Los Angeles,037,10098052,1180587,1169079,39015,1208094,22199
2021-03-10,Madera,039,155013,15882,15705,850,16555,212
2021-03-10,Marin,041,260295,13445,13348,172,13520,216
2021-03-10,Mariposa,043,17540,379,376,5,381,5
2021-03-10,Mendocino,045,87422,3690,3602,73,3675,42
2021-03-10,Merced,047,269075,29066,28927,937,29864,401
2021-03-10,Modoc,049,8938,346,338,118,456,3
2021-03-10,Mono,051,14174,1196,1204,15,1219,3
2021-03-10,Monterey,053,433212,42210,41920,1689,43609,329
2021-03-10,Napa,055,140530,9187,9165,32,9197,75
2021-03-10,Nevada,057,99092,4137,4074,162,4236,66
2021-03-10,Orange,059,3164182,249023,247075,10314,257389,4342
2021-03-10,Placer,061,380077,21020,20144,1153,21297,239
2021-03-10,Plumas,063,18699,652,639,10,649,4
2021-03-10,Riverside,065,2383286,287473,280708,13362,294070,3822
2021-03-10,Sacramento,067,1510023,96288,94796,1298,96094,1452
2021-03-10,San Benito,069,59416,5787,5811,89,5900,61
2021-03-10,San Bernardino,071,2135413,287566,283140,8544,291684,3841
2021-03-10,San Diego,073,3302833,267252,264094,13191,277285,3413
2021-03-10,San Francisco,075,870044,34623,34688,1101,35789,450
2021-03-10,San Joaquin,077,732212,68079,66483,2824,69307,1156
2021-03-10,San Luis Obispo,079,281455,20041,19710,577,20287,247
2021-03-10,San Mateo,081,765935,40045,39571,415,39986,338
2021-03-10,Santa Barbara,083,443738,32801,32356,1045,33401,429
2021-03-10,Santa Clara,085,1922200,112190,112103,602,112705,1759
2021-03-10,Santa Cruz,087,273765,15631,14790,775,15565,192
2021-03-10,Shasta,089,179085,11078,11125,1287,12412,155
2021-03-10,Sierra,091,2930,52,48,12,60,0
2021-03-10,Siskiyou,093,43540,1543,1458,243,1701,5
2021-03-10,Solano,095,438530,30264,30111,375,30486,170
2021-03-10,Sonoma,097,501317,28588,28638,228,28866,286
2021-03-10,Stanislaus,099,539301,51685,50968,5397,56365,706
2021-03-10,Sutter,101,95872,8938,8918,79,8997,101
2021-03-10,Tehama,103,63373,4664,4623,490,5113,33
2021-03-10,Trinity,105,12862,469,304,77,381,3
2021-03-10,Tulare,107,460477,48801,47659,8192,55851,793
2021-03-10,Tuolumne,109,53932,3872,3931,37,3968,57
2021-03-10,Ventura,111,848112,78934,78609,2783,81392,878
2021-03-10,Yolo,113,214977,13096,13021,144,13165,189
2021-03-10,Yuba,115,75493,5615,5545,88,5633,42
2021-03-09,Alameda,001,1643700,82195,81618,1711,83329,1151
2021-03-09,Alpine,003,1148,82,78,0,78,0
2021-03-09,Amador,005,37829,3499,3494,31,3525,42
2021-03-09,Butte,007,227075,11481,11092,1614,12706,185
2021-03-09,Calaveras,009,45235,1948,1913,11,1924,48
2021-03-09,Colusa,011,21464,1883,1880,270,2150,11
2021-03-09,Contra Costa,013,1133247,64270,63314,1082,64396,723
2021-03-09,Del Norte,015,27424,1066,1017,5,1022,5
2021-03-09,El Dorado,017,186661,9258,9198,606,9804,98
2021-03-09,Fresno,019,978130,97909,96744,7835,104579,1463
2021-03-09,Glenn,021,27897,2283,2251,496,2747,15
2021-03-09,Humboldt,023,135768,3313,3288,22,3310,32
2021-03-09,Imperial,025,180216,27363,27045,2482,29527,675
2021-03-09,Inyo,027,18085,1346,1324,9,1333,35
2021-03-09,Kern,029,883053,94344,92924,9919,102843,1088
2021-03-09,Kings,031,150075,22504,22143,974,23117,226
2021-03-09,Lake,033,64148,3253,3202,6,3208,42
2021-03-09,Lassen,035,31185,5132,5120,98,5218,1
2021-03-09,Los Angeles,037,10098052,1179990,1167967,38982,1206949,22080
2021-03-09,Madera,039,155013,15871,15701,848,16549,211
2021-03-09,Marin,041,260295,13427,13335,170,13505,214
2021-03-09,Mariposa,043,17540,379,376,5,381,5
2021-03-09,Mendocino,045,87422,3686,3595,73,3668,42
2021-03-09,Merced,047,269075,29006,28876,934,29810,399
2021-03-09,Modoc,049,8938,346,338,117,455,3
2021-03-09,Mono,051,14174,1195,1203,15,1218,3
2021-03-09,Monterey,053,433212,42191,41894,1681,43575,329
2021-03-09,Napa,055,140530,9173,9155,32,9187,75
2021-03-09,Nevada,057,99092,4129,4062,162,4224,66
2021-03-09,Orange,059,3164182,248881,246989,10295,257284,4310
2021-03-09,Placer,061,380077,20978,20122,1148,21270,239
2021-03-09,Plumas,063,18699,649,639,10,649,4
2021-03-09,Riverside,065,2383286,287338,280562,13358,293920,3821
2021-03-09,Sacramento,067,1510023,96121,94720,1292,96012,1442
2021-03-09,San Benito,069,59416,5783,5800,89,5889,61
2021-03-09,San Bernardino,071,2135413,287451,282971,8538,291509,3823
2021-03-09,San Diego,073,3302833,267020,263745,13170,276915,3405
2021-03-09,San Francisco,075,870044,34592,34654,1097,35751,450
2021-03-09,San Joaquin,077,732212,67951,66383,2814,69197,1150
2021-03-09,San Luis Obispo,079,281455,20024,19672,570,20242,245
2021-03-09,San Mateo,081,765935,39998,39535,413,39948,336
2021-03-09,Santa Barbara,083,443738,32760,32314,1043,33357,428
2021-03-09,Santa Clara,085,1922200,112079,111963,597,112560,1756
2021-03-09,Santa Cruz,087,273765,15609,14764,774,15538,188
2021-03-09,Shasta,089,179085,11071,11113,1282,12395,155
2021-03-09,Sierra,091,2930,52,48,12,60,0
2021-03-09,Siskiyou,093,43540,1539,1447,241,1688,5
2021-03-09,Solano,095,438530,30228,30090,373,30463,169
2021-03-09,Sonoma,097,501317,28538,28601,225,28826,284
2021-03-09,Stanislaus,099,539301,51587,50884,5388,56272,703
2021-03-09,Sutter,101,95872,8925,8914,79,8993,101
2021-03-09,Tehama,103,63373,4659,4620,490,5110,33
2021-03-09,Trinity,105,12862,469,304,77,381,3
2021-03-09,Tulare,107,460477,48774,47637,8173,55810,792
2021-03-09,Tuolumne,109,53932,3870,3929,37,3966,56
2021-03-09,Ventura,111,848112,78871,78526,2781,81307,863
2021-03-09,Yolo,113,214977,13084,13015,142,13157,189
2021-03-09,Yuba,115,75493,5608,5539,88,5627,42
2021-03-08,Alameda,001,1643700,82084,81543,1710,83253,1142
2021-03-08,Alpine,003,1148,82,78,0,78,0
2021-03-08,Amador,005,37829,3496,3490,31,3521,42
2021-03-08,Butte,007,227075,11468,11082,1613,12695,185
2021-03-08,Calaveras,009,45235,1944,1909,11,1920,48
2021-03-08,Colusa,011,21464,1883,1877,270,2147,11
2021-03-08,Contra Costa,013,1133247,64174,63240,1082,64322,719
2021-03-08,Del Norte,015,27424,1061,1012,5,1017,5
2021-03-08,El Dorado,017,186661,9255,9188,605,9793,97
2021-03-08,Fresno,019,978130,97811,96665,7814,104479,1442
2021-03-08,Glenn,021,27897,2282,2249,496,2745,15
2021-03-08,Humboldt,023,135768,3299,3278,22,3300,31
2021-03-08,Imperial,025,180216,27355,27033,2479,29512,663
2021-03-08,Inyo,027,18085,1344,1320,9,1329,35
2021-03-08,Kern,029,883053,94278,92857,9898,102755,1087
2021-03-08,Kings,031,150075,22483,22130,972,23102,226
2021-03-08,Lake,033,64148,3241,3195,6,3201,42
2021-03-08,Lassen,035,31185,5132,5119,98,5217,1
2021-03-08,Los Angeles,037,10098052,1179370,1163409,38950,1202359,21868
2021-03-08,Madera,039,155013,15861,15691,846,16537,211
2021-03-08,Marin,041,260295,13407,13328,168,13496,214
2021-03-08,Mariposa,043,17540,379,376,5,381,5
2021-03-08,Mendocino,045,87422,3684,3590,72,3662,42
2021-03-08,Merced,047,269075,28946,28841,933,29774,398
2021-03-08,Modoc,049,8938,346,338,117,455,3
2021-03-08,Mono,051,14174,1194,1200,15,1215,3
2021-03-08,Monterey,053,433212,42170,41863,1680,43543,328
2021-03-08,Napa,055,140530,9170,9146,32,9178,75
2021-03-08,Nevada,057,99092,4121,4059,162,4221,66
2021-03-08,Orange,059,3164182,248708,246900,10263,257163,4243
2021-03-08,Placer,061,380077,20943,20102,1137,21239,239
2021-03-08,Plumas,063,18699,648,635,10,645,4
2021-03-08,Riverside,065,2383286,287186,280463,13348,293811,3783
2021-03-08,Sacramento,067,1510023,95951,94654,1287,95941,1438
2021-03-08,San Benito,069,59416,5780,5797,89,5886,61
2021-03-08,San Bernardino,071,2135413,287341,282894,8531,291425,3811
2021-03-08,San Diego,073,3302833,266779,263272,13155,276427,3390
2021-03-08,San Francisco,075,870044,34566,34634,1093,35727,446
2021-03-08,San Joaquin,077,732212,67835,66307,2805,69112,1139
2021-03-08,San Luis Obispo,079,281455,19981,19656,567,20223,245
2021-03-08,San Mateo,081,765935,39949,39492,411,39903,335
2021-03-08,Santa Barbara,083,443738,32728,32293,1043,33336,427
2021-03-08,Santa Clara,085,1922200,111951,111882,595,112477,1756
2021-03-08,Santa Cruz,087,273765,15589,14729,774,15503,188
2021-03-08,Shasta,089,179085,11063,11088,1277,12365,155
2021-03-08,Sierra,091,2930,52,48,12,60,0
2021-03-08,Siskiyou,093,43540,1538,1440,241,1681,5
2021-03-08,Solano,095,438530,30188,30068,371,30439,169
2021-03-08,Sonoma,097,501317,28494,28571,224,28795,284
2021-03-08,Stanislaus,099,539301,51508,50825,5383,56208,690
2021-03-08,Sutter,101,95872,8922,8905,79,8984,100
2021-03-08,Tehama,103,63373,4655,4615,490,5105,33
2021-03-08,Trinity,105,12862,468,302,77,379,3
2021-03-08,Tulare,107,460477,48733,47587,8148,55735,791
2021-03-08,Tuolumne,109,53932,3869,3921,37,3958,56
2021-03-08,Ventura,111,848112,78798,78526,2773,81299,852
2021-03-08,Yolo,113,214977,13061,13000,142,13142,189
2021-03-08,Yuba,115,75493,5598,5530,88,5618,42
2021-03-07,Alameda,001,1643700,81964,81413,1709,83122,1145
2021-03-07,Alpine,003,1148,82,78,0,78,0
2021-03-07,Amador,005,37829,3493,3489,31,3520,42
2021-03-07,Butte,007,227075,11452,11075,1612,12687,185
2021-03-07,Calaveras,009,45235,1940,1906,11,1917,48
2021-03-07,Colusa,011,21464,1883,1876,270,2146,11
2021-03-07,Contra Costa,013,1133247,64075,63148,1080,64228,719
2021-03-07,Del Norte,015,27424,1056,1010,5,1015,5
2021-03-07,El Dorado,017,186661,9252,9184,604,9788,97
2021-03-07,Fresno,019,978130,97633,96549,7792,104341,1442
2021-03-07,Glenn,021,27897,2280,2244,496,2740,15
2021-03-07,Humboldt,023,135768,3289,3274,22,3296,31
2021-03-07,Imperial,025,180216,27346,27019,2477,29496,658
2021-03-07,Inyo,027,18085,1341,1320,9,1329,35
2021-03-07,Kern,029,883053,94191,92746,9868,102614,1086
2021-03-07,Kings,031,150075,22461,22103,972,23075,224
2021-03-07,Lake,033,64148,3235,3192,6,3198,42
2021-03-07,Lassen,035,31185,5131,5119,98,5217,1
2021-03-07,Los Angeles,037,10098052,1178644,1162749,38915,1201664,21857
2021-03-07,Madera,039,155013,15842,15675,846,16521,211
2021-03-07,Marin,041,260295,13399,13313,166,13479,214
2021-03-07,Mariposa,043,17540,378,376,5,381,5
2021-03-07,Mendocino,045,87422,3680,3581,72,3653,42
2021-03-07,Merced,047,269075,28872,28829,929,29758,399
2021-03-07,Modoc,049,8938,346,338,117,455,3
2021-03-07,Mono,051,14174,1192,1199,15,1214,3
2021-03-07,Monterey,053,433212,42149,41858,1677,43535,328
2021-03-07,Napa,055,140530,9160,9137,32,9169,75
2021-03-07,Nevada,057,99092,4107,4052,161,4213,66
2021-03-07,Orange,059,3164182,248516,246771,10235,257006,4218
2021-03-07,Placer,061,380077,20902,20070,1133,21203,239
2021-03-07,Plumas,063,18699,647,635,10,645,4
2021-03-07,Riverside,065,2383286,287037,280379,13339,293718,3779
2021-03-07,Sacramento,067,1510023,95774,94513,1280,95793,1437
2021-03-07,San Benito,069,59416,5773,5795,89,5884,61
2021-03-07,San Bernardino,071,2135413,287190,282860,8526,291386,3810
2021-03-07,San Diego,073,3302833,266498,262965,13131,276096,3390
2021-03-07,San Francisco,075,870044,34532,34594,1088,35682,445
2021-03-07,San Joaquin,077,732212,67699,66252,2792,69044,1139
2021-03-07,San Luis Obispo,079,281455,19944,19614,565,20179,245
2021-03-07,San Mateo,081,765935,39909,39436,408,39844,329
2021-03-07,Santa Barbara,083,443738,32682,32218,1042,33260,425
2021-03-07,Santa Clara,085,1922200,111806,111745,591,112336,1752
2021-03-07,Santa Cruz,087,273765,15567,14715,773,15488,189
2021-03-07,Shasta,089,179085,11050,11083,1269,12352,156
2021-03-07,Sierra,091,2930,51,48,12,60,0
2021-03-07,Siskiyou,093,43540,1537,1435,237,1672,5
2021-03-07,Solano,095,438530,30151,30027,371,30398,169
2021-03-07,Sonoma,097,501317,28445,28533,222,28755,284
2021-03-07,Stanislaus,099,539301,51376,50783,5367,56150,699
2021-03-07,Sutter,101,95872,8912,8900,79,8979,100
2021-03-07,Tehama,103,63373,4648,4614,489,5103,33
2021-03-07,Trinity,105,12862,468,302,77,379,3
2021-03-07,Tulare,107,460477,48674,47569,8117,55686,790
2021-03-07,Tuolumne,109,53932,3868,3922,36,3958,56
2021-03-07,Ventura,111,848112,78706,78487,2771,81258,851
2021-03-07,Yolo,113,214977,13042,12988,142,13130,189
2021-03-07,Yuba,115,75493,5593,5516,88,5604,42
2021-03-06,Alameda,001,1643700,81907,81310,1708,83018,1143
2021-03-06,Alpine,003,1148,82,78,0,78,0
2021-03-06,Amador,005,37829,3489,3487,31,3518,42
2021-03-06,Butte,007,227075,11447,11065,1611,12676,185
2021-03-06,Calaveras,009,45235,1936,1904,11,1915,48
2021-03-06,Colusa,011,21464,1881,1874,270,2144,11
2021-03-06,Contra Costa,013,1133247,64014,63040,1076,64116,719
2021-03-06,Del Norte,015,27424,1051,1000,5,1005,5
2021-03-06,El Dorado,017,186661,9248,9166,604,9770,97
2021-03-06,Fresno,019,978130,97538,96366,7781,104147,1440
2021-03-06,Glenn,021,27897,2280,2241,496,2737,15
2021-03-06,Humboldt,023,135768,3279,3260,22,3282,31
2021-03-06,Imperial,025,180216,27341,27009,2472,29481,658
2021-03-06,Inyo,027,18085,1338,1312,9,1321,35
2021-03-06,Kern,029,883053,94145,92684,9848,102532,1082
2021-03-06,Kings,031,150075,22446,22094,972,23066,224
2021-03-06,Lake,033,64148,3233,3189,6,3195,42
2021-03-06,Lassen,035,31185,5131,5119,98,5217,1
2021-03-06,Los Angeles,037,10098052,1178204,1161745,38887,1200632,21843
2021-03-06,Madera,039,155013,15833,15646,845,16491,211
2021-03-06,Marin,041,260295,13390,13289,166,13455,213
2021-03-06,Mariposa,043,17540,378,376,5,381,5
2021-03-06,Mendocino,045,87422,3678,3579,72,3651,42
2021-03-06,Merced,047,269075,28830,28771,929,29700,399
2021-03-06,Modoc,049,8938,345,338,117,455,3
2021-03-06,Mono,051,14174,1191,1198,15,1213,3
2021-03-06,Monterey,053,433212,42144,41838,1674,43512,327
2021-03-06,Napa,055,140530,9152,9129,32,9161,75
2021-03-06,Nevada,057,99092,4101,4044,161,4205,66
2021-03-06,Orange,059,3164182,248423,246634,10221,256855,4165
2021-03-06,Placer,061,380077,20879,20030,1131,21161,239
2021-03-06,Plumas,063,18699,647,634,10,644,4
2021-03-06,Riverside,065,2383286,286944,280225,13331,293556,3781
2021-03-06,Sacramento,067,1510023,95686,94332,1271,95603,1436
2021-03-06,San Benito,069,59416,5768,5793,89,5882,61
2021-03-06,San Bernardino,071,2135413,287106,282737,8524,291261,3791
2021-03-06,San Diego,073,3302833,266311,262778,13114,275892,3385
2021-03-06,San Francisco,075,870044,34501,34560,1084,35644,435
2021-03-06,San Joaquin,077,732212,67625,66162,2782,68944,1138
2021-03-06,San Luis Obispo,079,281455,19924,19592,563,20155,245
2021-03-06,San Mateo,081,765935,39884,39384,408,39792,329
2021-03-06,Santa Barbara,083,443738,32652,32176,1042,33218,424
2021-03-06,Santa Clara,085,1922200,111711,111570,588,112158,1749
2021-03-06,Santa Cruz,087,273765,15556,14701,773,15474,188
2021-03-06,Shasta,089,179085,11041,11076,1267,12343,158
2021-03-06,Sierra,091,2930,51,48,12,60,0
2021-03-06,Siskiyou,093,43540,1535,1432,237,1669,5
2021-03-06,Solano,095,438530,30122,30000,370,30370,169
2021-03-06,Sonoma,097,501317,28422,28484,220,28704,284
2021-03-06,Stanislaus,099,539301,51306,50691,5361,56052,711
2021-03-06,Sutter,101,95872,8906,8887,79,8966,100
2021-03-06,Tehama,103,63373,4646,4610,486,5096,33
2021-03-06,Trinity,105,12862,468,302,77,379,3
2021-03-06,Tulare,107,460477,48642,47515,8089,55604,789
2021-03-06,Tuolumne,109,53932,3866,3920,36,3956,56
2021-03-06,Ventura,111,848112,78650,78439,2770,81209,848
2021-03-06,Yolo,113,214977,13036,12951,141,13092,189
2021-03-06,Yuba,115,75493,5584,5504,88,5592,42
2021-03-05,Alameda,001,1643700,81820,81215,1707,82922,1141
2021-03-05,Alpine,003,1148,82,78,0,78,0
2021-03-05,Amador,005,37829,3488,3484,31,3515,42
2021-03-05,Butte,007,227075,11436,11050,1610,12660,185
2021-03-05,Calaveras,009,45235,1933,1902,11,1913,48
2021-03-05,Colusa,011,21464,1881,1874,270,2144,11
2021-03-05,Contra Costa,013,1133247,63934,62886,1073,63959,711
2021-03-05,Del Norte,015,27424,1047,995,5,1000,5
2021-03-05,El Dorado,017,186661,9243,9150,603,9753,97
2021-03-05,Fresno,019,978130,97430,96184,7762,103946,1432
2021-03-05,Glenn,021,27897,2277,2241,495,2736,15
2021-03-05,Humboldt,023,135768,3272,3234,22,3256,31
2021-03-05,Imperial,025,180216,27331,26970,2463,29433,651
2021-03-05,Inyo,027,18085,1334,1309,9,1318,35
2021-03-05,Kern,029,883053,94105,92601,9835,102436,1076
2021-03-05,Kings,031,150075,22428,22063,971,23034,224
2021-03-05,Lake,033,64148,3231,3185,6,3191,42
2021-03-05,Lassen,035,31185,5131,5117,96,5213,1
2021-03-05,Los Angeles,037,10098052,1177713,1160688,38858,1199546,21745
2021-03-05,Madera,039,155013,15823,15624,843,16467,211
2021-03-05,Marin,041,260295,13378,13275,165,13440,215
2021-03-05,Mariposa,043,17540,378,375,5,380,4
2021-03-05,Mendocino,045,87422,3675,3577,72,3649,42
2021-03-05,Merced,047,269075,28797,28734,928,29662,399
2021-03-05,Modoc,049,8938,345,337,117,454,3
2021-03-05,Mono,051,14174,1190,1197,15,1212,3
2021-03-05,Monterey,053,433212,42131,41802,1674,43476,325
2021-03-05,Napa,055,140530,9144,9109,32,9141,75
2021-03-05,Nevada,057,99092,4098,4033,161,4194,66
2021-03-05,Orange,059,3164182,248310,246489,10208,256697,4108
2021-03-05,Placer,061,380077,20853,19973,1127,21100,239
2021-03-05,Plumas,063,18699,647,635,10,645,4
2021-03-05,Riverside,065,2383286,286833,280075,13326,293401,3781
2021-03-05,Sacramento,067,1510023,95590,94182,1264,95446,1430
2021-03-05,San Benito,069,59416,5765,5790,89,5879,61
2021-03-05,San Bernardino,071,2135413,287013,282640,8520,291160,3774
2021-03-05,San Diego,073,3302833,266078,262357,13097,275454,3371
2021-03-05,San Francisco,075,870044,34461,34526,1080,35606,430
2021-03-05,San Joaquin,077,732212,67545,66041,2773,68814,1133
2021-03-05,San Luis Obispo,079,281455,19903,19557,561,20118,244
2021-03-05,San Mateo,081,765935,39852,39305,408,39713,326
2021-03-05,Santa Barbara,083,443738,32615,32139,1037,33176,424
2021-03-05,Santa Clara,085,1922200,111616,111384,588,111972,1745
2021-03-05,Santa Cruz,087,273765,15545,14694,773,15467,188
2021-03-05,Shasta,089,179085,11029,11062,1261,12323,148
2021-03-05,Sierra,091,2930,51,48,12,60,0
2021-03-05,Siskiyou,093,43540,1530,1429,236,1665,5
2021-03-05,Solano,095,438530,30105,29951,368,30319,168
2021-03-05,Sonoma,097,501317,28396,28417,220,28637,279
2021-03-05,Stanislaus,099,539301,51255,50606,5351,55957,721
2021-03-05,Sutter,101,95872,8899,8876,79,8955,100
2021-03-05,Tehama,103,63373,4637,4606,486,5092,33
2021-03-05,Trinity,105,12862,468,302,77,379,3
2021-03-05,Tulare,107,460477,48613,47469,8070,55539,789
2021-03-05,Tuolumne,109,53932,3864,3917,36,3953,56
2021-03-05,Ventura,111,848112,78583,78368,2769,81137,839
2021-03-05,Yolo,113,214977,13024,12920,140,13060,188
2021-03-05,Yuba,115,75493,5572,5496,88,5584,42
2021-03-04,Alameda,001,1643700,81711,81115,1707,82822,1136
2021-03-04,Alpine,003,1148,82,78,0,78,0
2021-03-04,Amador,005,37829,3487,3480,31,3511,42
2021-03-04,Butte,007,227075,11429,11033,1609,12642,185
2021-03-04,Calaveras,009,45235,1932,1896,11,1907,48
2021-03-04,Colusa,011,21464,1879,1873,265,2138,11
2021-03-04,Contra Costa,013,1133247,63834,62789,1071,63860,708
2021-03-04,Del Norte,015,27424,1039,989,5,994,5
2021-03-04,El Dorado,017,186661,9228,9133,603,9736,97
2021-03-04,Fresno,019,978130,97266,96023,7743,103766,1422
2021-03-04,Glenn,021,27897,2270,2236,494,2730,15
2021-03-04,Humboldt,023,135768,3258,3212,22,3234,31
2021-03-04,Imperial,025,180216,27318,26946,2460,29406,646
2021-03-04,Inyo,027,18085,1331,1300,9,1309,35
2021-03-04,Kern,029,883053,94016,92525,9816,102341,1070
2021-03-04,Kings,031,150075,22402,22025,968,22993,224
2021-03-04,Lake,033,64148,3223,3181,6,3187,42
2021-03-04,Lassen,035,31185,5131,5116,96,5212,1
2021-03-04,Los Angeles,037,10098052,1177101,1159405,38808,1198213,21610
2021-03-04,Madera,039,155013,15788,15596,840,16436,208
2021-03-04,Marin,041,260295,13362,13240,162,13402,215
2021-03-04,Mariposa,043,17540,378,376,5,381,4
2021-03-04,Mendocino,045,87422,3672,3569,72,3641,42
2021-03-04,Merced,047,269075,28746,28671,926,29597,396
2021-03-04,Modoc,049,8938,344,336,117,453,3
2021-03-04,Mono,051,14174,1190,1197,15,1212,3
2021-03-04,Monterey,053,433212,42111,41771,1672,43443,325
2021-03-04,Napa,055,140530,9136,9094,32,9126,74
2021-03-04,Nevada,057,99092,4088,4020,161,4181,66
2021-03-04,Orange,059,3164182,248153,246354,10191,256545,4096
2021-03-04,Placer,061,380077,20821,19900,1121,21021,239
2021-03-04,Plumas,063,18699,647,634,10,644,4
2021-03-04,Riverside,065,2383286,286703,279871,13313,293184,3766
2021-03-04,Sacramento,067,1510023,95455,93982,1261,95243,1426
2021-03-04,San Benito,069,59416,5765,5781,89,5870,61
2021-03-04,San Bernardino,071,2135413,286883,282407,8516,290923,3757
2021-03-04,San Diego,073,3302833,265817,261858,13053,274911,3359
2021-03-04,San Francisco,075,870044,34426,34480,1077,35557,426
2021-03-04,San Joaquin,077,732212,67451,65931,2764,68695,1129
2021-03-04,San Luis Obispo,079,281455,19866,19520,559,20079,243
2021-03-04,San Mateo,081,765935,39808,39225,407,39632,322
2021-03-04,Santa Barbara,083,443738,32578,32090,1036,33126,423
2021-03-04,Santa Clara,085,1922200,111482,111194,586,111780,1723
2021-03-04,Santa Cruz,087,273765,15526,14669,773,15442,186
2021-03-04,Shasta,089,179085,11026,11050,1252,12302,150
2021-03-04,Sierra,091,2930,51,48,12,60,0
2021-03-04,Siskiyou,093,43540,1523,1427,236,1663,5
2021-03-04,Solano,095,438530,30078,29905,367,30272,168
2021-03-04,Sonoma,097,501317,28341,28379,219,28598,279
2021-03-04,Stanislaus,099,539301,51168,50521,5343,55864,731
2021-03-04,Sutter,101,95872,8887,8849,79,8928,100
2021-03-04,Tehama,103,63373,4629,4604,486,5090,33
2021-03-04,Trinity,105,12862,468,302,77,379,3
2021-03-04,Tulare,107,460477,48568,47398,8045,55443,784
2021-03-04,Tuolumne,109,53932,3858,3916,36,3952,56
2021-03-04,Ventura,111,848112,78493,78184,2766,80950,831
2021-03-04,Yolo,113,214977,13004,12895,140,13035,189
2021-03-04,Yuba,115,75493,5560,5483,88,5571,41
2021-03-03,Alameda,001,1643700,81591,80972,1706,82678,1127
2021-03-03,Alpine,003,1148,82,77,0,77,0
2021-03-03,Amador,005,37829,3485,3478,30,3508,42
2021-03-03,Butte,007,227075,11421,11014,1608,12622,184
2021-03-03,Calaveras,009,45235,1931,1893,11,1904,48
2021-03-03,Colusa,011,21464,1878,1873,265,2138,11
2021-03-03,Contra Costa,013,1133247,63736,62668,1068,63736,708
2021-03-03,Del Norte,015,27424,1036,988,5,993,5
2021-03-03,El Dorado,017,186661,9218,9121,603,9724,97
2021-03-03,Fresno,019,978130,97122,95893,7726,103619,1415
2021-03-03,Glenn,021,27897,2270,2233,494,2727,15
2021-03-03,Humboldt,023,135768,3247,3196,22,3218,30
2021-03-03,Imperial,025,180216,27302,26939,2456,29395,640
2021-03-03,Inyo,027,18085,1323,1294,9,1303,35
2021-03-03,Kern,029,883053,93940,92434,9799,102233,1063
2021-03-03,Kings,031,150075,22386,22009,967,22976,223
2021-03-03,Lake,033,64148,3216,3175,6,3181,40
2021-03-03,Lassen,035,31185,5131,5115,96,5211,1
2021-03-03,Los Angeles,037,10098052,1176461,1157911,38769,1196680,21500
2021-03-03,Madera,039,155013,15769,15553,834,16387,203
2021-03-03,Marin,041,260295,13348,13216,162,13378,214
2021-03-03,Mariposa,043,17540,377,376,5,381,4
2021-03-03,Mendocino,045,87422,3664,3564,72,3636,42
2021-03-03,Merced,047,269075,28694,28625,926,29551,393
2021-03-03,Modoc,049,8938,344,333,116,449,3
2021-03-03,Mono,051,14174,1190,1191,15,1206,3
2021-03-03,Monterey,053,433212,42079,41731,1669,43400,325
2021-03-03,Napa,055,140530,9128,9090,32,9122,72
2021-03-03,Nevada,057,99092,4078,4009,161,4170,66
2021-03-03,Orange,059,3164182,248008,246120,10177,256297,4072
2021-03-03,Placer,061,380077,20795,19851,1118,20969,239
2021-03-03,Plumas,063,18699,646,631,10,641,4
2021-03-03,Riverside,065,2383286,286570,279626,13307,292933,3735
2021-03-03,Sacramento,067,1510023,95294,93819,1253,95072,1419
2021-03-03,San Benito,069,59416,5764,5774,89,5863,61
2021-03-03,San Bernardino,071,2135413,286742,282138,8510,290648,3664
2021-03-03,San Diego,073,3302833,265553,261350,13022,274372,3342
2021-03-03,San Francisco,075,870044,34394,34443,1074,35517,426
2021-03-03,San Joaquin,077,732212,67338,65855,2757,68612,1115
2021-03-03,San Luis Obispo,079,281455,19840,19479,556,20035,241
2021-03-03,San Mateo,081,765935,39762,39189,406,39595,319
2021-03-03,Santa Barbara,083,443738,32540,32027,1036,33063,421
2021-03-03,Santa Clara,085,1922200,111328,110991,584,111575,1720
2021-03-03,Santa Cruz,087,273765,15515,14645,773,15418,185
2021-03-03,Shasta,089,179085,11016,11023,1245,12268,150
2021-03-03,Sierra,091,2930,51,48,12,60,0
2021-03-03,Siskiyou,093,43540,1521,1424,236,1660,5
2021-03-03,Solano,095,438530,30042,29866,366,30232,167
2021-03-03,Sonoma,097,501317,28302,28307,218,28525,279
2021-03-03,Stanislaus,099,539301,51090,50438,5336,55774,730
2021-03-03,Sutter,101,95872,8879,8840,79,8919,99
2021-03-03,Tehama,103,63373,4627,4601,486,5087,32
2021-03-03,Trinity,105,12862,468,302,77,379,3
2021-03-03,Tulare,107,460477,48517,47348,8016,55364,778
2021-03-03,Tuolumne,109,53932,3856,3914,35,3949,56
2021-03-03,Ventura,111,848112,78409,78057,2761,80818,822
2021-03-03,Yolo,113,214977,12991,12890,140,13030,189
2021-03-03,Yuba,115,75493,5547,5479,88,5567,41
2021-03-02,Alameda,001,1643700,81469,80904,1704,82608,1116
2021-03-02,Alpine,003,1148,82,77,0,77,0
2021-03-02,Amador,005,37829,3483,3474,30,3504,42
2021-03-02,Butte,007,227075,11411,11007,1605,12612,182
2021-03-02,Calaveras,009,45235,1923,1890,11,1901,48
2021-03-02,Colusa,011,21464,1878,1872,264,2136,11
2021-03-02,Contra Costa,013,1133247,63625,62557,1064,63621,694
2021-03-02,Del Norte,015,27424,1029,983,5,988,5
2021-03-02,El Dorado,017,186661,9210,9116,603,9719,98
2021-03-02,Fresno,019,978130,96976,95785,7700,103485,1410
2021-03-02,Glenn,021,27897,2264,2232,493,2725,15
2021-03-02,Humboldt,023,135768,3228,3184,22,3206,30
2021-03-02,Imperial,025,180216,27292,26926,2454,29380,637
2021-03-02,Inyo,027,18085,1319,1292,9,1301,35
2021-03-02,Kern,029,883053,93834,92313,9772,102085,1046
2021-03-02,Kings,031,150075,22334,21999,964,22963,217
2021-03-02,Lake,033,64148,3210,3169,6,3175,40
2021-03-02,Lassen,035,31185,5126,5115,95,5210,1
2021-03-02,Los Angeles,037,10098052,1175822,1156826,38724,1195550,21395
2021-03-02,Madera,039,155013,15749,15523,831,16354,194
2021-03-02,Marin,041,260295,13325,13186,161,13347,214
2021-03-02,Mariposa,043,17540,377,376,5,381,4
2021-03-02,Mendocino,045,87422,3661,3562,71,3633,41
2021-03-02,Merced,047,269075,28637,28598,926,29524,389
2021-03-02,Modoc,049,8938,344,332,116,448,3
2021-03-02,Mono,051,14174,1189,1191,15,1206,3
2021-03-02,Monterey,053,433212,42052,41716,1669,43385,325
2021-03-02,Napa,055,140530,9117,9080,32,9112,71
2021-03-02,Nevada,057,99092,4069,3983,160,4143,66
2021-03-02,Orange,059,3164182,247863,246004,10159,256163,4037
2021-03-02,Placer,061,380077,20742,19828,1115,20943,239
2021-03-02,Plumas,063,18699,643,628,10,638,4
2021-03-02,Riverside,065,2383286,286397,279486,13299,292785,3721
2021-03-02,Sacramento,067,1510023,95127,93690,1252,94942,1411
2021-03-02,San Benito,069,59416,5757,5770,89,5859,60
2021-03-02,San Bernardino,071,2135413,286608,281919,8504,290423,3604
2021-03-02,San Diego,073,3302833,265309,260998,13000,273998,3317
2021-03-02,San Francisco,075,870044,34354,34387,1070,35457,424
2021-03-02,San Joaquin,077,732212,67230,65769,2740,68509,1111
2021-03-02,San Luis Obispo,079,281455,19808,19452,556,20008,241
2021-03-02,San Mateo,081,765935,39710,39148,405,39553,317
2021-03-02,Santa Barbara,083,443738,32491,31964,1032,32996,416
2021-03-02,Santa Clara,085,1922200,111149,110832,583,111415,1706
2021-03-02,Santa Cruz,087,273765,15501,14611,771,15382,185
2021-03-02,Shasta,089,179085,11002,11012,1234,12246,149
2021-03-02,Sierra,091,2930,51,48,12,60,0
2021-03-02,Siskiyou,093,43540,1517,1412,234,1646,5
2021-03-02,Solano,095,438530,30009,29827,364,30191,167
2021-03-02,Sonoma,097,501317,28247,28261,218,28479,279
2021-03-02,Stanislaus,099,539301,51003,50359,5324,55683,724
2021-03-02,Sutter,101,95872,8870,8832,79,8911,99
2021-03-02,Tehama,103,63373,4623,4597,485,5082,32
2021-03-02,Trinity,105,12862,468,301,77,378,3
2021-03-02,Tulare,107,460477,48454,47326,7996,55322,783
2021-03-02,Tuolumne,109,53932,3852,3908,35,3943,53
2021-03-02,Ventura,111,848112,78316,77952,2757,80709,780
2021-03-02,Yolo,113,214977,12975,12867,140,13007,189
2021-03-02,Yuba,115,75493,5539,5475,88,5563,41
2021-03-01,Alameda,001,1643700,81342,80805,1702,82507,1105
2021-03-01,Alpine,003,1148,80,77,0,77,0
2021-03-01,Amador,005,37829,3480,3469,30,3499,42
2021-03-01,Butte,007,227075,11396,10981,1601,12582,180
2021-03-01,Calaveras,009,45235,1918,1885,11,1896,46
2021-03-01,Colusa,011,21464,1877,1871,264,2135,11
2021-03-01,Contra Costa,013,1133247,63517,62458,1063,63521,694
2021-03-01,Del Norte,015,27424,1024,982,5,987,5
2021-03-01,El Dorado,017,186661,9186,9085,603,9688,98
2021-03-01,Fresno,019,978130,96838,95677,7677,103354,1405
2021-03-01,Glenn,021,27897,2259,2232,492,2724,15
2021-03-01,Humboldt,023,135768,3209,3179,22,3201,30
2021-03-01,Imperial,025,180216,27282,26913,2446,29359,636
2021-03-01,Inyo,027,18085,1316,1285,9,1294,35
2021-03-01,Kern,029,883053,93745,92219,9746,101965,1041
2021-03-01,Kings,031,150075,22317,21988,958,22946,217
2021-03-01,Lake,033,64148,3205,3164,6,3170,40
2021-03-01,Lassen,035,31185,5124,5111,95,5206,1
2021-03-01,Los Angeles,037,10098052,1175165,1155984,38682,1194666,21293
2021-03-01,Madera,039,155013,15720,15505,821,16326,194
2021-03-01,Marin,041,260295,13297,13161,160,13321,214
2021-03-01,Mariposa,043,17540,377,375,5,380,4
2021-03-01,Mendocino,045,87422,3654,3561,71,3632,41
2021-03-01,Merced,047,269075,28592,28575,922,29497,385
2021-03-01,Modoc,049,8938,341,331,115,446,3
2021-03-01,Mono,051,14174,1188,1192,15,1207,3
2021-03-01,Monterey,053,433212,42027,41697,1667,43364,324
2021-03-01,Napa,055,140530,9108,9056,32,9088,70
2021-03-01,Nevada,057,99092,4050,3979,160,4139,66
2021-03-01,Orange,059,3164182,247668,245852,10145,255997,3976
2021-03-01,Placer,061,380077,20703,19803,1112,20915,239
2021-03-01,Plumas,063,18699,643,628,10,638,4
2021-03-01,Riverside,065,2383286,286180,279323,13292,292615,3680
2021-03-01,Sacramento,067,1510023,94982,93546,1250,94796,1401
2021-03-01,San Benito,069,59416,5752,5772,89,5861,57
2021-03-01,San Bernardino,071,2135413,286464,281685,8500,290185,3603
2021-03-01,San Diego,073,3302833,264992,260622,12967,273589,3303
2021-03-01,San Francisco,075,870044,34310,34318,1062,35380,424
2021-03-01,San Joaquin,077,732212,67121,65699,2730,68429,1097
2021-03-01,San Luis Obispo,079,281455,19786,19429,554,19983,239
2021-03-01,San Mateo,081,765935,39658,39096,405,39501,314
2021-03-01,Santa Barbara,083,443738,32448,31909,1031,32940,413
2021-03-01,Santa Clara,085,1922200,110990,110684,580,111264,1704
2021-03-01,Santa Cruz,087,273765,15482,14575,770,15345,185
2021-03-01,Shasta,089,179085,10990,10990,1231,12221,149
2021-03-01,Sierra,091,2930,51,48,12,60,0
2021-03-01,Siskiyou,093,43540,1513,1408,232,1640,5
2021-03-01,Solano,095,438530,29966,29779,363,30142,166
2021-03-01,Sonoma,097,501317,28199,28222,216,28438,278
2021-03-01,Stanislaus,099,539301,50928,50293,5318,55611,722
2021-03-01,Sutter,101,95872,8859,8825,79,8904,99
2021-03-01,Tehama,103,63373,4617,4595,485,5080,32
2021-03-01,Trinity,105,12862,468,298,76,374,3
2021-03-01,Tulare,107,460477,48416,47275,7963,55238,781
2021-03-01,Tuolumne,109,53932,3849,3907,35,3942,53
2021-03-01,Ventura,111,848112,78235,77849,2756,80605,775
2021-03-01,Yolo,113,214977,12958,12854,138,12992,188
2021-03-01,Yuba,115,75493,5527,5466,88,5554,41
2021-02-28,Alameda,001,1643700,81221,80727,1700,82427,1105
2021-02-28,Alpine,003,1148,80,77,0,77,0
2021-02-28,Amador,005,37829,3475,3466,29,3495,42
2021-02-28,Butte,007,227075,11381,10970,1601,12571,180
2021-02-28,Calaveras,009,45235,1914,1881,11,1892,46
2021-02-28,Colusa,011,21464,1877,1871,263,2134,11
2021-02-28,Contra Costa,013,1133247,63390,62386,1058,63444,694
2021-02-28,Del Norte,015,27424,1022,981,5,986,5
2021-02-28,El Dorado,017,186661,9175,9082,603,9685,98
2021-02-28,Fresno,019,978130,96656,95548,7643,103191,1405
2021-02-28,Glenn,021,27897,2257,2230,490,2720,15
2021-02-28,Humboldt,023,135768,3186,3179,22,3201,30
2021-02-28,Imperial,025,180216,27256,26909,2442,29351,636
2021-02-28,Inyo,027,18085,1311,1282,9,1291,35
2021-02-28,Kern,029,883053,93630,92169,9726,101895,1012
2021-02-28,Kings,031,150075,22296,21967,957,22924,217
2021-02-28,Lake,033,64148,3200,3164,6,3170,40
2021-02-28,Lassen,035,31185,5123,5106,95,5201,1
2021-02-28,Los Angeles,037,10098052,1174377,1155141,38620,1193761,21261
2021-02-28,Madera,039,155013,15678,15496,818,16314,199
2021-02-28,Marin,041,260295,13274,13152,158,13310,214
2021-02-28,Mariposa,043,17540,377,374,5,379,4
2021-02-28,Mendocino,045,87422,3648,3558,71,3629,41
2021-02-28,Merced,047,269075,28529,28546,921,29467,384
2021-02-28,Modoc,049,8938,341,331,115,446,3
2021-02-28,Mono,051,14174,1185,1192,15,1207,3
2021-02-28,Monterey,053,433212,41995,41683,1665,43348,323
2021-02-28,Napa,055,140530,9089,9053,32,9085,70
2021-02-28,Nevada,057,99092,4037,3972,160,4132,66
2021-02-28,Orange,059,3164182,247470,245706,10138,255844,3970
2021-02-28,Placer,061,380077,20657,19775,1110,20885,239
2021-02-28,Plumas,063,18699,643,628,10,638,4
2021-02-28,Riverside,065,2383286,285947,279214,13281,292495,3661
2021-02-28,Sacramento,067,1510023,94798,93463,1245,94708,1398
2021-02-28,San Benito,069,59416,5741,5772,89,5861,57
2021-02-28,San Bernardino,071,2135413,286323,281620,8488,290108,3595
2021-02-28,San Diego,073,3302833,264695,260353,12933,273286,3303
2021-02-28,San Francisco,075,870044,34268,34291,1056,35347,417
2021-02-28,San Joaquin,077,732212,67013,65662,2721,68383,1097
2021-02-28,San Luis Obispo,079,281455,19750,19422,552,19974,237
2021-02-28,San Mateo,081,765935,39605,39059,404,39463,314
2021-02-28,Santa Barbara,083,443738,32396,31877,1031,32908,413
2021-02-28,Santa Clara,085,1922200,110791,110556,577,111133,1704
2021-02-28,Santa Cruz,087,273765,15453,14571,767,15338,185
2021-02-28,Shasta,089,179085,10969,10990,1227,12217,149
2021-02-28,Sierra,091,2930,51,48,12,60,0
2021-02-28,Siskiyou,093,43540,1505,1408,232,1640,5
2021-02-28,Solano,095,438530,29911,29758,357,30115,166
2021-02-28,Sonoma,097,501317,28136,28193,215,28408,279
2021-02-28,Stanislaus,099,539301,50837,50228,5306,55534,728
2021-02-28,Sutter,101,95872,8844,8825,79,8904,99
2021-02-28,Tehama,103,63373,4612,4590,485,5075,32
2021-02-28,Trinity,105,12862,468,298,76,374,3
2021-02-28,Tulare,107,460477,48354,47258,7932,55190,780
2021-02-28,Tuolumne,109,53932,3844,3905,35,3940,53
2021-02-28,Ventura,111,848112,78123,77749,2753,80502,775
2021-02-28,Yolo,113,214977,12935,12851,138,12989,188
2021-02-28,Yuba,115,75493,5517,5461,88,5549,41
2021-02-27,Alameda,001,1643700,81148,80565,1698,82263,1108
2021-02-27,Alpine,003,1148,80,77,0,77,0
2021-02-27,Amador,005,37829,3473,3463,29,3492,42
2021-02-27,Butte,007,227075,11369,10962,1601,12563,180
2021-02-27,Calaveras,009,45235,1909,1875,11,1886,46
2021-02-27,Colusa,011,21464,1876,1869,263,2132,11
2021-02-27,Contra Costa,013,1133247,63320,62248,1055,63303,693
2021-02-27,Del Norte,015,27424,1020,978,5,983,5
2021-02-27,El Dorado,017,186661,9171,9072,603,9675,98
2021-02-27,Fresno,019,978130,96579,95393,7632,103025,1400
2021-02-27,Glenn,021,27897,2256,2225,489,2714,15
2021-02-27,Humboldt,023,135768,3180,3167,22,3189,30
2021-02-27,Imperial,025,180216,27248,26903,2440,29343,633
2021-02-27,Inyo,027,18085,1308,1275,9,1284,35
2021-02-27,Kern,029,883053,93569,92053,9711,101764,996
2021-02-27,Kings,031,150075,22286,21955,954,22909,216
2021-02-27,Lake,033,64148,3197,3156,6,3162,40
2021-02-27,Lassen,035,31185,5123,5106,95,5201,1
2021-02-27,Los Angeles,037,10098052,1173875,1154275,38593,1192868,21158
2021-02-27,Madera,039,155013,15661,15467,817,16284,199
2021-02-27,Marin,041,260295,13250,13134,158,13292,214
2021-02-27,Mariposa,043,17540,377,374,5,379,4
2021-02-27,Mendocino,045,87422,3645,3555,71,3626,41
2021-02-27,Merced,047,269075,28487,28501,913,29414,384
2021-02-27,Modoc,049,8938,341,331,114,445,3
2021-02-27,Mono,051,14174,1183,1191,15,1206,3
2021-02-27,Monterey,053,433212,41986,41665,1664,43329,322
2021-02-27,Napa,055,140530,9078,9038,32,9070,71
2021-02-27,Nevada,057,99092,4031,3960,160,4120,66
2021-02-27,Orange,059,3164182,247343,245542,10127,255669,3960
2021-02-27,Placer,061,380077,20621,19726,1107,20833,239
2021-02-27,Plumas,063,18699,643,628,10,638,4
2021-02-27,Riverside,065,2383286,285837,279048,13271,292319,3663
2021-02-27,Sacramento,067,1510023,94715,93281,1235,94516,1396
2021-02-27,San Benito,069,59416,5740,5767,88,5855,57
2021-02-27,San Bernardino,071,2135413,286244,281471,8483,289954,3527
2021-02-27,San Diego,073,3302833,264505,260091,12895,272986,3284
2021-02-27,San Francisco,075,870044,34234,34260,1053,35313,413
2021-02-27,San Joaquin,077,732212,66967,65578,2719,68297,1100
2021-02-27,San Luis Obispo,079,281455,19729,19411,551,19962,237
2021-02-27,San Mateo,081,765935,39564,38998,403,39401,313
2021-02-27,Santa Barbara,083,443738,32362,31805,1030,32835,411
2021-02-27,Santa Clara,085,1922200,110643,110361,575,110936,1703
2021-02-27,Santa Cruz,087,273765,15444,14552,766,15318,185
2021-02-27,Shasta,089,179085,10963,10985,1223,12208,149
2021-02-27,Sierra,091,2930,51,48,12,60,0
2021-02-27,Siskiyou,093,43540,1503,1407,231,1638,5
2021-02-27,Solano,095,438530,29883,29718,356,30074,165
2021-02-27,Sonoma,097,501317,28092,28141,210,28351,281
2021-02-27,Stanislaus,099,539301,50782,50147,5296,55443,733
2021-02-27,Sutter,101,95872,8839,8820,79,8899,99
2021-02-27,Tehama,103,63373,4607,4584,484,5068,32
2021-02-27,Trinity,105,12862,468,298,76,374,3
2021-02-27,Tulare,107,460477,48317,47209,7906,55115,770
2021-02-27,Tuolumne,109,53932,3841,3899,35,3934,53
2021-02-27,Ventura,111,848112,78050,77623,2750,80373,771
2021-02-27,Yolo,113,214977,12923,12834,138,12972,188
2021-02-27,Yuba,115,75493,5514,5450,88,5538,39
2021-02-26,Alameda,001,1643700,81053,80387,1693,82080,1106
2021-02-26,Alpine,003,1148,80,77,0,77,0
2021-02-26,Amador,005,37829,3467,3457,29,3486,42
2021-02-26,Butte,007,227075,11359,10941,1601,12542,180
2021-02-26,Calaveras,009,45235,1907,1873,11,1884,46
2021-02-26,Colusa,011,21464,1876,1865,263,2128,11
2021-02-26,Contra Costa,013,1133247,63238,62114,1055,63169,685
2021-02-26,Del Norte,015,27424,1016,968,5,973,5
2021-02-26,El Dorado,017,186661,9166,9038,601,9639,98
2021-02-26,Fresno,019,978130,96477,95202,7624,102826,1391
2021-02-26,Glenn,021,27897,2253,2220,489,2709,15
2021-02-26,Humboldt,023,135768,3174,3152,22,3174,30
2021-02-26,Imperial,025,180216,27241,26888,2438,29326,631
2021-02-26,Inyo,027,18085,1306,1271,9,1280,34
2021-02-26,Kern,029,883053,93490,91884,9695,101579,997
2021-02-26,Kings,031,150075,22270,21917,951,22868,216
2021-02-26,Lake,033,64148,3192,3153,6,3159,40
2021-02-26,Lassen,035,31185,5123,5102,95,5197,1
2021-02-26,Los Angeles,037,10098052,1173297,1153131,38533,1191664,21070
2021-02-26,Madera,039,155013,15645,15436,815,16251,199
2021-02-26,Marin,041,260295,13237,13091,158,13249,214
2021-02-26,Mariposa,043,17540,377,375,5,380,4
2021-02-26,Mendocino,045,87422,3640,3549,71,3620,41
2021-02-26,Merced,047,269075,28453,28455,912,29367,382
2021-02-26,Modoc,049,8938,340,330,114,444,3
2021-02-26,Mono,051,14174,1181,1191,15,1206,3
2021-02-26,Monterey,053,433212,41960,41607,1663,43270,322
2021-02-26,Napa,055,140530,9072,9014,32,9046,70
2021-02-26,Nevada,057,99092,4020,3952,160,4112,66
2021-02-26,Orange,059,3164182,247204,245278,10117,255395,3918
2021-02-26,Placer,061,380077,20595,19712,1101,20813,239
2021-02-26,Plumas,063,18699,643,628,10,638,4
2021-02-26,Riverside,065,2383286,285693,278772,13265,292037,3653
2021-02-26,Sacramento,067,1510023,94592,93180,1232,94412,1390
2021-02-26,San Benito,069,59416,5739,5759,88,5847,57
2021-02-26,San Bernardino,071,2135413,286144,281132,8481,289613,3461
2021-02-26,San Diego,073,3302833,264277,259641,12874,272515,3271
2021-02-26,San Francisco,075,870044,34204,34213,1050,35263,413
2021-02-26,San Joaquin,077,732212,66886,65492,2713,68205,1070
2021-02-26,San Luis Obispo,079,281455,19713,19359,549,19908,234
2021-02-26,San Mateo,081,765935,39519,38922,403,39325,313
2021-02-26,Santa Barbara,083,443738,32318,31724,1029,32753,410
2021-02-26,Santa Clara,085,1922200,110511,110168,573,110741,1700
2021-02-26,Santa Cruz,087,273765,15432,14528,765,15293,185
2021-02-26,Shasta,089,179085,10956,10972,1214,12186,149
2021-02-26,Sierra,091,2930,51,47,12,59,0
2021-02-26,Siskiyou,093,43540,1503,1401,230,1631,5
2021-02-26,Solano,095,438530,29849,29651,355,30006,165
2021-02-26,Sonoma,097,501317,28063,28063,209,28272,280
2021-02-26,Stanislaus,099,539301,50726,50054,5288,55342,737
2021-02-26,Sutter,101,95872,8830,8806,79,8885,99
2021-02-26,Tehama,103,63373,4605,4581,484,5065,32
2021-02-26,Trinity,105,12862,467,298,76,374,3
2021-02-26,Tulare,107,460477,48282,47135,7877,55012,770
2021-02-26,Tuolumne,109,53932,3840,3896,35,3931,53
2021-02-26,Ventura,111,848112,77950,77534,2746,80280,765
2021-02-26,Yolo,113,214977,12916,12816,138,12954,188
2021-02-26,Yuba,115,75493,5509,5438,88,5526,39
2021-02-25,Alameda,001,1643700,80932,80181,1692,81873,1093
2021-02-25,Alpine,003,1148,80,77,0,77,0
2021-02-25,Amador,005,37829,3464,3448,29,3477,41
2021-02-25,Butte,007,227075,11338,10922,1596,12518,178
2021-02-25,Calaveras,009,45235,1899,1868,11,1879,46
2021-02-25,Colusa,011,21464,1873,1863,262,2125,11
2021-02-25,Contra Costa,013,1133247,63136,61910,1055,62965,686
2021-02-25,Del Norte,015,27424,1006,966,5,971,5
2021-02-25,El Dorado,017,186661,9150,9012,601,9613,98
2021-02-25,Fresno,019,978130,96333,95015,7603,102618,1377
2021-02-25,Glenn,021,27897,2250,2219,488,2707,15
2021-02-25,Humboldt,023,135768,3167,3129,22,3151,30
2021-02-25,Imperial,025,180216,27234,26855,2434,29289,628
2021-02-25,Inyo,027,18085,1300,1264,9,1273,33
2021-02-25,Kern,029,883053,93374,91735,9670,101405,992
2021-02-25,Kings,031,150075,22261,21900,948,22848,216
2021-02-25,Lake,033,64148,3183,3141,6,3147,40
2021-02-25,Lassen,035,31185,5122,5097,94,5191,1
2021-02-25,Los Angeles,037,10098052,1172550,1151846,38475,1190321,20931
2021-02-25,Madera,039,155013,15610,15414,811,16225,194
2021-02-25,Marin,041,260295,13214,13067,158,13225,214
2021-02-25,Mariposa,043,17540,377,375,5,380,4
2021-02-25,Mendocino,045,87422,3635,3542,71,3613,41
2021-02-25,Merced,047,269075,28404,28383,910,29293,382
2021-02-25,Modoc,049,8938,340,329,114,443,3
2021-02-25,Mono,051,14174,1180,1190,15,1205,3
2021-02-25,Monterey,053,433212,41935,41564,1658,43222,321
2021-02-25,Napa,055,140530,9046,8998,32,9030,70
2021-02-25,Nevada,057,99092,4003,3940,159,4099,66
2021-02-25,Orange,059,3164182,247031,245000,10107,255107,3882
2021-02-25,Placer,061,380077,20556,19661,1099,20760,239
2021-02-25,Plumas,063,18699,643,626,10,636,4
2021-02-25,Riverside,065,2383286,285505,278544,13245,291789,3646
2021-02-25,Sacramento,067,1510023,94434,92961,1220,94181,1386
2021-02-25,San Benito,069,59416,5734,5752,88,5840,58
2021-02-25,San Bernardino,071,2135413,286008,280946,8473,289419,3409
2021-02-25,San Diego,073,3302833,263983,258979,12844,271823,3260
2021-02-25,San Francisco,075,870044,34161,34138,1048,35186,408
2021-02-25,San Joaquin,077,732212,66802,65389,2701,68090,1047
2021-02-25,San Luis Obispo,079,281455,19692,19335,547,19882,234
2021-02-25,San Mateo,081,765935,39472,38872,403,39275,300
2021-02-25,Santa Barbara,083,443738,32241,31631,1028,32659,408
2021-02-25,Santa Clara,085,1922200,110346,109923,572,110495,1677
2021-02-25,Santa Cruz,087,273765,15413,14492,764,15256,185
2021-02-25,Shasta,089,179085,10944,10947,1209,12156,148
2021-02-25,Sierra,091,2930,51,47,12,59,0
2021-02-25,Siskiyou,093,43540,1498,1390,227,1617,4
2021-02-25,Solano,095,438530,29817,29616,355,29971,161
2021-02-25,Sonoma,097,501317,28009,28004,206,28210,278
2021-02-25,Stanislaus,099,539301,50635,49964,5278,55242,738
2021-02-25,Sutter,101,95872,8816,8789,78,8867,99
2021-02-25,Tehama,103,63373,4602,4578,482,5060,32
2021-02-25,Trinity,105,12862,467,297,76,373,3
2021-02-25,Tulare,107,460477,48232,47052,7851,54903,765
2021-02-25,Tuolumne,109,53932,3837,3894,35,3929,53
2021-02-25,Ventura,111,848112,77842,77395,2740,80135,751
2021-02-25,Yolo,113,214977,12899,12787,138,12925,188
2021-02-25,Yuba,115,75493,5502,5429,88,5517,39
2021-02-24,Alameda,001,1643700,80812,80070,1688,81758,1082
2021-02-24,Alpine,003,1148,79,77,0,77,0
2021-02-24,Amador,005,37829,3459,3444,29,3473,41
2021-02-24,Butte,007,227075,11325,10915,1592,12507,178
2021-02-24,Calaveras,009,45235,1895,1864,11,1875,31
2021-02-24,Colusa,011,21464,1871,1863,262,2125,11
2021-02-24,Contra Costa,013,1133247,63028,61776,1055,62831,663
2021-02-24,Del Norte,015,27424,1005,960,4,964,5
2021-02-24,El Dorado,017,186661,9137,8993,601,9594,98
2021-02-24,Fresno,019,978130,96185,94794,7587,102381,1369
2021-02-24,Glenn,021,27897,2249,2210,488,2698,14
2021-02-24,Humboldt,023,135768,3155,3123,22,3145,29
2021-02-24,Imperial,025,180216,27221,26843,2429,29272,596
2021-02-24,Inyo,027,18085,1295,1253,9,1262,32
2021-02-24,Kern,029,883053,93241,91525,9654,101179,992
2021-02-24,Kings,031,150075,22236,21871,946,22817,216
2021-02-24,Lake,033,64148,3176,3134,6,3140,40
2021-02-24,Lassen,035,31185,5118,5095,93,5188,1
2021-02-24,Los Angeles,037,10098052,1171787,1150322,38436,1188758,20817
2021-02-24,Madera,039,155013,15583,15390,811,16201,194
2021-02-24,Marin,041,260295,13191,13044,157,13201,214
2021-02-24,Mariposa,043,17540,377,374,5,379,4
2021-02-24,Mendocino,045,87422,3628,3540,71,3611,41
2021-02-24,Merced,047,269075,28366,28295,906,29201,383
2021-02-24,Modoc,049,8938,339,329,114,443,3
2021-02-24,Mono,051,14174,1178,1189,15,1204,3
2021-02-24,Monterey,053,433212,41910,41495,1656,43151,320
2021-02-24,Napa,055,140530,9029,8976,31,9007,70
2021-02-24,Nevada,057,99092,3993,3927,159,4086,66
2021-02-24,Orange,059,3164182,246813,244743,10094,254837,3835
2021-02-24,Placer,061,380077,20517,19648,1093,20741,239
2021-02-24,Plumas,063,18699,641,626,10,636,4
2021-02-24,Riverside,065,2383286,285277,278293,13236,291529,3603
2021-02-24,Sacramento,067,1510023,94280,92742,1215,93957,1375
2021-02-24,San Benito,069,59416,5733,5743,88,5831,57
2021-02-24,San Bernardino,071,2135413,285856,280583,8469,289052,3360
2021-02-24,San Diego,073,3302833,263687,258460,12828,271288,3230
2021-02-24,San Francisco,075,870044,34115,34061,1045,35106,406
2021-02-24,San Joaquin,077,732212,66692,65274,2699,67973,1019
2021-02-24,San Luis Obispo,079,281455,19669,19309,545,19854,233
2021-02-24,San Mateo,081,765935,39435,38763,403,39166,300
2021-02-24,Santa Barbara,083,443738,32189,31563,1025,32588,405
2021-02-24,Santa Clara,085,1922200,110198,109671,571,110242,1674
2021-02-24,Santa Cruz,087,273765,15392,14458,764,15222,185
2021-02-24,Shasta,089,179085,10931,10922,1206,12128,148
2021-02-24,Sierra,091,2930,51,47,12,59,0
2021-02-24,Siskiyou,093,43540,1491,1385,223,1608,4
2021-02-24,Solano,095,438530,29777,29577,353,29930,158
2021-02-24,Sonoma,097,501317,27945,27954,202,28156,278
2021-02-24,Stanislaus,099,539301,50564,49851,5271,55122,732
2021-02-24,Sutter,101,95872,8806,8778,78,8856,99
2021-02-24,Tehama,103,63373,4599,4566,482,5048,31
2021-02-24,Trinity,105,12862,467,294,75,369,3
2021-02-24,Tulare,107,460477,48176,46976,7823,54799,759
2021-02-24,Tuolumne,109,53932,3834,3887,35,3922,53
2021-02-24,Ventura,111,848112,77734,77238,2739,79977,718
2021-02-24,Yolo,113,214977,12886,12760,138,12898,188
2021-02-24,Yuba,115,75493,5491,5425,86,5511,39
2021-02-23,Alameda,001,1643700,80674,79948,1686,81634,1070
2021-02-23,Alpine,003,1148,78,77,0,77,0
2021-02-23,Amador,005,37829,3457,3440,29,3469,41
2021-02-23,Butte,007,227075,11309,10887,1589,12476,176
2021-02-23,Calaveras,009,45235,1894,1863,11,1874,21
2021-02-23,Colusa,011,21464,1868,1862,262,2124,11
2021-02-23,Contra Costa,013,1133247,62894,61613,1052,62665,661
2021-02-23,Del Norte,015,27424,1003,953,4,957,3
2021-02-23,El Dorado,017,186661,9124,8969,601,9570,96
2021-02-23,Fresno,019,978130,96024,94741,7573,102314,1356
2021-02-23,Glenn,021,27897,2247,2209,488,2697,14
2021-02-23,Humboldt,023,135768,3138,3108,22,3130,29
2021-02-23,Imperial,025,180216,27201,26816,2424,29240,591
2021-02-23,Inyo,027,18085,1291,1250,9,1259,32
2021-02-23,Kern,029,883053,93102,91390,9626,101016,982
2021-02-23,Kings,031,150075,22221,21839,942,22781,216
2021-02-23,Lake,033,64148,3168,3121,6,3127,40
2021-02-23,Lassen,035,31185,5115,5092,93,5185,1
2021-02-23,Los Angeles,037,10098052,1170913,1148965,38383,1187348,19887
2021-02-23,Madera,039,155013,15569,15352,805,16157,193
2021-02-23,Marin,041,260295,13171,13015,156,13171,214
2021-02-23,Mariposa,043,17540,377,374,5,379,4
2021-02-23,Mendocino,045,87422,3626,3540,70,3610,41
2021-02-23,Merced,047,269075,28286,28209,899,29108,381
2021-02-23,Modoc,049,8938,338,328,113,441,3
2021-02-23,Mono,051,14174,1178,1189,15,1204,3
2021-02-23,Monterey,053,433212,41871,41439,1651,43090,317
2021-02-23,Napa,055,140530,9017,8967,31,8998,70
2021-02-23,Nevada,057,99092,3985,3912,159,4071,66
2021-02-23,Orange,059,3164182,246615,244566,10076,254642,3843
2021-02-23,Placer,061,380077,20492,19608,1089,20697,238
2021-02-23,Plumas,063,18699,640,626,10,636,4
2021-02-23,Riverside,065,2383286,285040,278075,13222,291297,3599
2021-02-23,Sacramento,067,1510023,94123,92632,1209,93841,1370
2021-02-23,San Benito,069,59416,5727,5731,87,5818,57
2021-02-23,San Bernardino,071,2135413,285668,280279,8464,288743,3283
2021-02-23,San Diego,073,3302833,263310,257802,12798,270600,3218
2021-02-23,San Francisco,075,870044,34067,33994,1044,35038,405
2021-02-23,San Joaquin,077,732212,66592,65141,2692,67833,1004
2021-02-23,San Luis Obispo,079,281455,19640,19233,544,19777,230
2021-02-23,San Mateo,081,765935,39374,38662,403,39065,299
2021-02-23,Santa Barbara,083,443738,32134,31483,1024,32507,402
2021-02-23,Santa Clara,085,1922200,110001,109449,568,110017,1661
2021-02-23,Santa Cruz,087,273765,15363,14435,762,15197,178
2021-02-23,Shasta,089,179085,10919,10903,1202,12105,146
2021-02-23,Sierra,091,2930,51,47,12,59,0
2021-02-23,Siskiyou,093,43540,1486,1380,221,1601,4
2021-02-23,Solano,095,438530,29737,29545,350,29895,154
2021-02-23,Sonoma,097,501317,27902,27882,199,28081,278
2021-02-23,Stanislaus,099,539301,50486,49749,5255,55004,722
2021-02-23,Sutter,101,95872,8793,8766,78,8844,98
2021-02-23,Tehama,103,63373,4593,4556,481,5037,30
2021-02-23,Trinity,105,12862,467,292,74,366,3
2021-02-23,Tulare,107,460477,48098,46937,7790,54727,757
2021-02-23,Tuolumne,109,53932,3830,3864,35,3899,53
2021-02-23,Ventura,111,848112,77618,77093,2730,79823,689
2021-02-23,Yolo,113,214977,12857,12729,138,12867,188
2021-02-23,Yuba,115,75493,5478,5417,85,5502,38
2021-02-22,Alameda,001,1643700,80523,79796,1682,81478,1062
2021-02-22,Alpine,003,1148,78,77,0,77,0
2021-02-22,Amador,005,37829,3452,3438,29,3467,39
2021-02-22,Butte,007,227075,11296,10855,1584,12439,176
2021-02-22,Calaveras,009,45235,1892,1862,11,1873,21
2021-02-22,Colusa,011,21464,1868,1860,262,2122,11
2021-02-22,Contra Costa,013,1133247,62766,61478,1051,62529,661
2021-02-22,Del Norte,015,27424,1002,948,4,952,3
2021-02-22,El Dorado,017,186661,9107,8940,601,9541,96
2021-02-22,Fresno,019,978130,95862,94584,7556,102140,1351
2021-02-22,Glenn,021,27897,2242,2207,486,2693,14
2021-02-22,Humboldt,023,135768,3126,3095,22,3117,29
2021-02-22,Imperial,025,180216,27179,26778,2417,29195,590
2021-02-22,Inyo,027,18085,1286,1248,9,1257,32
2021-02-22,Kern,029,883053,92985,91201,9604,100805,982
2021-02-22,Kings,031,150075,22198,21801,939,22740,214
2021-02-22,Lake,033,64148,3162,3107,6,3113,40
2021-02-22,Lassen,035,31185,5115,5088,92,5180,1
2021-02-22,Los Angeles,037,10098052,1170043,1147541,38326,1185867,19730
2021-02-22,Madera,039,155013,15544,15325,801,16126,193
2021-02-22,Marin,041,260295,13146,12991,153,13144,213
2021-02-22,Mariposa,043,17540,376,374,5,379,4
2021-02-22,Mendocino,045,87422,3620,3535,70,3605,41
2021-02-22,Merced,047,269075,28223,28166,896,29062,379
2021-02-22,Modoc,049,8938,338,329,113,442,3
2021-02-22,Mono,051,14174,1174,1189,15,1204,3
2021-02-22,Monterey,053,433212,41826,41397,1645,43042,311
2021-02-22,Napa,055,140530,8990,8950,31,8981,69
2021-02-22,Nevada,057,99092,3976,3900,157,4057,66
2021-02-22,Orange,059,3164182,246379,244118,10058,254176,3843
2021-02-22,Placer,061,380077,20455,19587,1081,20668,238
2021-02-22,Plumas,063,18699,640,625,10,635,4
2021-02-22,Riverside,065,2383286,284777,277730,13214,290944,3567
2021-02-22,Sacramento,067,1510023,93956,92476,1199,93675,1359
2021-02-22,San Benito,069,59416,5725,5723,87,5810,57
2021-02-22,San Bernardino,071,2135413,285489,279984,8451,288435,3259
2021-02-22,San Diego,073,3302833,262900,257348,12765,270113,3189
2021-02-22,San Francisco,075,870044,34007,33947,1039,34986,405
2021-02-22,San Joaquin,077,732212,66496,65060,2679,67739,1001
2021-02-22,San Luis Obispo,079,281455,19603,19198,542,19740,229
2021-02-22,San Mateo,081,765935,39317,38542,400,38942,282
2021-02-22,Santa Barbara,083,443738,32068,31421,1021,32442,399
2021-02-22,Santa Clara,085,1922200,109792,109213,557,109770,1655
2021-02-22,Santa Cruz,087,273765,15337,14417,762,15179,176
2021-02-22,Shasta,089,179085,10904,10872,1197,12069,145
2021-02-22,Sierra,091,2930,51,47,12,59,0
2021-02-22,Siskiyou,093,43540,1480,1373,220,1593,4
2021-02-22,Solano,095,438530,29698,29508,349,29857,150
2021-02-22,Sonoma,097,501317,27857,27845,198,28043,278
2021-02-22,Stanislaus,099,539301,50384,49630,5237,54867,722
2021-02-22,Sutter,101,95872,8785,8698,78,8776,98
2021-02-22,Tehama,103,63373,4590,4550,480,5030,30
2021-02-22,Trinity,105,12862,467,287,73,360,3
2021-02-22,Tulare,107,460477,48036,46879,7758,54637,751
2021-02-22,Tuolumne,109,53932,3826,3856,35,3891,53
2021-02-22,Ventura,111,848112,77490,76947,2725,79672,677
2021-02-22,Yolo,113,214977,12830,12689,138,12827,183
2021-02-22,Yuba,115,75493,5475,5404,84,5488,38
2021-02-21,Alameda,001,1643700,80330,79649,1677,81326,1061
2021-02-21,Alpine,003,1148,78,77,0,77,0
2021-02-21,Amador,005,37829,3444,3435,29,3464,39
2021-02-21,Butte,007,227075,11278,10855,1582,12437,176
2021-02-21,Calaveras,009,45235,1891,1860,11,1871,21
2021-02-21,Colusa,011,21464,1867,1860,258,2118,11
2021-02-21,Contra Costa,013,1133247,62611,61364,1048,62412,661
2021-02-21,Del Norte,015,27424,996,942,4,946,3
2021-02-21,El Dorado,017,186661,9089,8927,600,9527,96
2021-02-21,Fresno,019,978130,95720,94374,7540,101914,1349
2021-02-21,Glenn,021,27897,2240,2201,484,2685,14
2021-02-21,Humboldt,023,135768,3114,3096,22,3118,29
2021-02-21,Imperial,025,180216,27165,26779,2415,29194,590
2021-02-21,Inyo,027,18085,1280,1232,9,1241,32
2021-02-21,Kern,029,883053,92860,91141,9566,100707,980
2021-02-21,Kings,031,150075,22162,21784,937,22721,213
2021-02-21,Lake,033,64148,3154,3100,6,3106,40
2021-02-21,Lassen,035,31185,5107,5077,92,5169,1
2021-02-21,Los Angeles,037,10098052,1169003,1146756,38280,1185036,19711
2021-02-21,Madera,039,155013,15511,15298,798,16096,192
2021-02-21,Marin,041,260295,13117,12968,153,13121,212
2021-02-21,Mariposa,043,17540,376,373,5,378,4
2021-02-21,Mendocino,045,87422,3615,3535,70,3605,41
2021-02-21,Merced,047,269075,28149,28106,881,28987,379
2021-02-21,Modoc,049,8938,335,329,113,442,3
2021-02-21,Mono,051,14174,1174,1189,15,1204,3
2021-02-21,Monterey,053,433212,41770,41373,1638,43011,309
2021-02-21,Napa,055,140530,8976,8929,31,8960,69
2021-02-21,Nevada,057,99092,3963,3895,157,4052,66
2021-02-21,Orange,059,3164182,246082,243985,10041,254026,3801
2021-02-21,Placer,061,380077,20419,19553,1077,20630,238
2021-02-21,Plumas,063,18699,640,625,10,635,4
2021-02-21,Riverside,065,2383286,284544,277555,13201,290756,3564
2021-02-21,Sacramento,067,1510023,93746,92288,1188,93476,1354
2021-02-21,San Benito,069,59416,5715,5716,84,5800,57
2021-02-21,San Bernardino,071,2135413,285265,279870,8437,288307,3247
2021-02-21,San Diego,073,3302833,262466,257027,12719,269746,3190
2021-02-21,San Francisco,075,870044,33943,33891,1035,34926,405
2021-02-21,San Joaquin,077,732212,66357,64997,2667,67664,1001
2021-02-21,San Luis Obispo,079,281455,19570,19178,540,19718,229
2021-02-21,San Mateo,081,765935,39255,38448,396,38844,282
2021-02-21,Santa Barbara,083,443738,32006,31374,1018,32392,399
2021-02-21,Santa Clara,085,1922200,109566,108992,549,109541,1654
2021-02-21,Santa Cruz,087,273765,15314,14401,761,15162,176
2021-02-21,Shasta,089,179085,10890,10867,1192,12059,145
2021-02-21,Sierra,091,2930,51,47,12,59,0
2021-02-21,Siskiyou,093,43540,1474,1371,220,1591,4
2021-02-21,Solano,095,438530,29643,29471,348,29819,150
2021-02-21,Sonoma,097,501317,27793,27793,191,27984,278
2021-02-21,Stanislaus,099,539301,50271,49527,5223,54750,726
2021-02-21,Sutter,101,95872,8768,8687,77,8764,97
2021-02-21,Tehama,103,63373,4581,4547,480,5027,30
2021-02-21,Trinity,105,12862,465,286,73,359,3
2021-02-21,Tulare,107,460477,47968,46830,7723,54553,749
2021-02-21,Tuolumne,109,53932,3812,3828,35,3863,53
2021-02-21,Ventura,111,848112,77341,76862,2712,79574,677
2021-02-21,Yolo,113,214977,12799,12670,137,12807,183
2021-02-21,Yuba,115,75493,5467,5396,83,5479,38
2021-02-20,Alameda,001,1643700,80239,79496,1672,81168,1055
2021-02-20,Alpine,003,1148,78,77,0,77,0
2021-02-20,Amador,005,37829,3442,3432,29,3461,39
2021-02-20,Butte,007,227075,11270,10838,1581,12419,176
2021-02-20,Calaveras,009,45235,1890,1858,11,1869,21
2021-02-20,Colusa,011,21464,1866,1858,258,2116,11
2021-02-20,Contra Costa,013,1133247,62527,61205,1046,62251,663
2021-02-20,Del Norte,015,27424,992,937,4,941,3
2021-02-20,El Dorado,017,186661,9079,8911,600,9511,96
2021-02-20,Fresno,019,978130,95636,94234,7520,101754,1341
2021-02-20,Glenn,021,27897,2236,2199,483,2682,14
2021-02-20,Humboldt,023,135768,3106,3073,22,3095,29
2021-02-20,Imperial,025,180216,27155,26771,2415,29186,590
2021-02-20,Inyo,027,18085,1276,1226,9,1235,32
2021-02-20,Kern,029,883053,92789,91025,9534,100559,968
2021-02-20,Kings,031,150075,22144,21773,936,22709,212
2021-02-20,Lake,033,64148,3147,3089,6,3095,40
2021-02-20,Lassen,035,31185,5105,5067,92,5159,1
2021-02-20,Los Angeles,037,10098052,1168434,1145594,38239,1183833,19630
2021-02-20,Madera,039,155013,15491,15274,797,16071,191
2021-02-20,Marin,041,260295,13096,12945,151,13096,211
2021-02-20,Mariposa,043,17540,376,372,5,377,4
2021-02-20,Mendocino,045,87422,3613,3533,70,3603,40
2021-02-20,Merced,047,269075,28106,28066,878,28944,379
2021-02-20,Modoc,049,8938,335,328,113,441,3
2021-02-20,Mono,051,14174,1173,1187,15,1202,3
2021-02-20,Monterey,053,433212,41748,41313,1636,42949,309
2021-02-20,Napa,055,140530,8967,8910,31,8941,69
2021-02-20,Nevada,057,99092,3953,3887,156,4043,66
2021-02-20,Orange,059,3164182,245913,243761,10027,253788,3755
2021-02-20,Placer,061,380077,20378,19509,1073,20582,236
2021-02-20,Plumas,063,18699,640,626,10,636,4
2021-02-20,Riverside,065,2383286,284390,277267,13192,290459,3559
2021-02-20,Sacramento,067,1510023,93623,92057,1186,93243,1352
2021-02-20,San Benito,069,59416,5704,5709,84,5793,57
2021-02-20,San Bernardino,071,2135413,285163,279608,8432,288040,3203
2021-02-20,San Diego,073,3302833,262224,256510,12690,269200,3188
2021-02-20,San Francisco,075,870044,33901,33820,1027,34847,399
2021-02-20,San Joaquin,077,732212,66287,64916,2662,67578,1001
2021-02-20,San Luis Obispo,079,281455,19546,19138,539,19677,229
2021-02-20,San Mateo,081,765935,39211,38371,395,38766,282
2021-02-20,Santa Barbara,083,443738,31972,31289,1017,32306,396
2021-02-20,Santa Clara,085,1922200,109388,108728,546,109274,1649
2021-02-20,Santa Cruz,087,273765,15303,14378,759,15137,176
2021-02-20,Shasta,089,179085,10876,10850,1187,12037,146
2021-02-20,Sierra,091,2930,51,47,12,59,0
2021-02-20,Siskiyou,093,43540,1471,1366,220,1586,4
2021-02-20,Solano,095,438530,29629,29440,346,29786,150
2021-02-20,Sonoma,097,501317,27764,27703,189,27892,278
2021-02-20,Stanislaus,099,539301,50220,49445,5209,54654,733
2021-02-20,Sutter,101,95872,8762,8681,77,8758,97
2021-02-20,Tehama,103,63373,4576,4545,480,5025,30
2021-02-20,Trinity,105,12862,464,285,72,357,3
2021-02-20,Tulare,107,460477,47932,46769,7701,54470,739
2021-02-20,Tuolumne,109,53932,3807,3823,35,3858,53
2021-02-20,Ventura,111,848112,77246,76757,2709,79466,671
2021-02-20,Yolo,113,214977,12785,12639,137,12776,183
2021-02-20,Yuba,115,75493,5464,5386,83,5469,38
2021-02-19,Alameda,001,1643700,80137,79318,1668,80986,1047
2021-02-19,Alpine,003,1148,78,77,0,77,0
2021-02-19,Amador,005,37829,3438,3427,29,3456,39
2021-02-19,Butte,007,227075,11256,10823,1574,12397,176
2021-02-19,Calaveras,009,45235,1889,1856,11,1867,21
2021-02-19,Colusa,011,21464,1866,1858,258,2116,11
2021-02-19,Contra Costa,013,1133247,62415,61017,1043,62060,651
2021-02-19,Del Norte,015,27424,987,932,4,936,2
2021-02-19,El Dorado,017,186661,9070,8882,599,9481,96
2021-02-19,Fresno,019,978130,95506,93973,7504,101477,1330
2021-02-19,Glenn,021,27897,2231,2199,482,2681,14
2021-02-19,Humboldt,023,135768,3094,3037,22,3059,29
2021-02-19,Imperial,025,180216,27149,26751,2412,29163,589
2021-02-19,Inyo,027,18085,1271,1212,9,1221,32
2021-02-19,Kern,029,883053,92720,90807,9494,100301,963
2021-02-19,Kings,031,150075,22130,21724,934,22658,211
2021-02-19,Lake,033,64148,3141,3078,6,3084,40
2021-02-19,Lassen,035,31185,5104,5057,92,5149,1
2021-02-19,Los Angeles,037,10098052,1167684,1143828,38199,1182027,19498
2021-02-19,Madera,039,155013,15474,15222,795,16017,188
2021-02-19,Marin,041,260295,13078,12919,150,13069,210
2021-02-19,Mariposa,043,17540,376,371,5,376,4
2021-02-19,Mendocino,045,87422,3611,3526,70,3596,39
2021-02-19,Merced,047,269075,28076,27985,875,28860,376
2021-02-19,Modoc,049,8938,335,328,113,441,3
2021-02-19,Mono,051,14174,1173,1186,15,1201,3
2021-02-19,Monterey,053,433212,41721,41209,1632,42841,309
2021-02-19,Napa,055,140530,8954,8899,31,8930,69
2021-02-19,Nevada,057,99092,3947,3863,156,4019,66
2021-02-19,Orange,059,3164182,245737,243397,10015,253412,3715
2021-02-19,Placer,061,380077,20356,19457,1073,20530,236
2021-02-19,Plumas,063,18699,638,624,10,634,4
2021-02-19,Riverside,065,2383286,284221,276941,13175,290116,3541
2021-02-19,Sacramento,067,1510023,93503,91815,1182,92997,1351
2021-02-19,San Benito,069,59416,5699,5699,84,5783,57
2021-02-19,San Bernardino,071,2135413,285027,279209,8427,287636,3117
2021-02-19,San Diego,073,3302833,261933,255799,12667,268466,3169
2021-02-19,San Francisco,075,870044,33853,33746,1021,34767,387
2021-02-19,San Joaquin,077,732212,66211,64774,2654,67428,988
2021-02-19,San Luis Obispo,079,281455,19515,19061,537,19598,230
2021-02-19,San Mateo,081,765935,39153,38256,393,38649,282
2021-02-19,Santa Barbara,083,443738,31908,31204,1016,32220,392
2021-02-19,Santa Clara,085,1922200,109176,108400,544,108944,1634
2021-02-19,Santa Cruz,087,273765,15288,14354,759,15113,176
2021-02-19,Shasta,089,179085,10865,10833,1184,12017,140
2021-02-19,Sierra,091,2930,51,47,12,59,0
2021-02-19,Siskiyou,093,43540,1467,1363,218,1581,4
2021-02-19,Solano,095,438530,29604,29383,345,29728,150
2021-02-19,Sonoma,097,501317,27717,27595,187,27782,280
2021-02-19,Stanislaus,099,539301,50158,49282,5193,54475,739
2021-02-19,Sutter,101,95872,8752,8665,77,8742,96
2021-02-19,Tehama,103,63373,4574,4535,480,5015,30
2021-02-19,Trinity,105,12862,462,282,70,352,3
2021-02-19,Tulare,107,460477,47887,46662,7676,54338,736
2021-02-19,Tuolumne,109,53932,3800,3817,35,3852,52
2021-02-19,Ventura,111,848112,77167,76582,2706,79288,667
2021-02-19,Yolo,113,214977,12769,12606,137,12743,183
2021-02-19,Yuba,115,75493,5454,5376,83,5459,38
2021-02-18,Alameda,001,1643700,80003,79111,1661,80772,1012
2021-02-18,Alpine,003,1148,78,77,0,77,0
2021-02-18,Amador,005,37829,3434,3417,28,3445,38
2021-02-18,Butte,007,227075,11238,10791,1572,12363,175
2021-02-18,Calaveras,009,45235,1884,1873,11,1884,21
2021-02-18,Colusa,011,21464,1864,1856,256,2112,11
2021-02-18,Contra Costa,013,1133247,62301,60868,1041,61909,640
2021-02-18,Del Norte,015,27424,982,929,4,933,2
2021-02-18,El Dorado,017,186661,9055,8850,598,9448,94
2021-02-18,Fresno,019,978130,95336,93734,7479,101213,1323
2021-02-18,Glenn,021,27897,2225,2195,482,2677,14
2021-02-18,Humboldt,023,135768,3082,3023,22,3045,29
2021-02-18,Imperial,025,180216,27123,26731,2405,29136,591
2021-02-18,Inyo,027,18085,1267,1213,8,1221,32
2021-02-18,Kern,029,883053,92566,90655,9464,100119,961
2021-02-18,Kings,031,150075,22106,21648,933,22581,211
2021-02-18,Lake,033,64148,3136,3066,6,3072,40
2021-02-18,Lassen,035,31185,5095,5052,92,5144,1
2021-02-18,Los Angeles,037,10098052,1166730,1141930,38136,1180066,19358
2021-02-18,Madera,039,155013,15452,15175,790,15965,188
2021-02-18,Marin,041,260295,13065,12895,149,13044,209
2021-02-18,Mariposa,043,17540,375,369,5,374,4
2021-02-18,Mendocino,045,87422,3608,3519,69,3588,39
2021-02-18,Merced,047,269075,28027,27870,869,28739,372
2021-02-18,Modoc,049,8938,333,327,112,439,3
2021-02-18,Mono,051,14174,1173,1182,15,1197,3
2021-02-18,Monterey,053,433212,41663,41091,1623,42714,307
2021-02-18,Napa,055,140530,8937,8877,31,8908,68
2021-02-18,Nevada,057,99092,3938,3836,155,3991,66
2021-02-18,Orange,059,3164182,245514,243098,9998,253096,3673
2021-02-18,Placer,061,380077,20329,19429,1072,20501,232
2021-02-18,Plumas,063,18699,638,624,10,634,4
2021-02-18,Riverside,065,2383286,283933,276595,13154,289749,3510
2021-02-18,Sacramento,067,1510023,93341,91476,1176,92652,1334
2021-02-18,San Benito,069,59416,5696,5697,83,5780,58
2021-02-18,San Bernardino,071,2135413,284817,278887,8413,287300,3066
2021-02-18,San Diego,073,3302833,261578,254987,12644,267631,3135
2021-02-18,San Francisco,075,870044,33795,33650,1018,34668,386
2021-02-18,San Joaquin,077,732212,66128,64634,2644,67278,982
2021-02-18,San Luis Obispo,079,281455,19473,18987,534,19521,230
2021-02-18,San Mateo,081,765935,39091,38185,389,38574,282
2021-02-18,Santa Barbara,083,443738,31830,31054,1009,32063,387
2021-02-18,Santa Clara,085,1922200,108951,108210,541,108751,1605
2021-02-18,Santa Cruz,087,273765,15262,14314,759,15073,176
2021-02-18,Shasta,089,179085,10847,10811,1181,11992,139
2021-02-18,Sierra,091,2930,50,47,12,59,0
2021-02-18,Siskiyou,093,43540,1462,1359,217,1576,4
2021-02-18,Solano,095,438530,29578,29349,344,29693,150
2021-02-18,Sonoma,097,501317,27650,27512,186,27698,281
2021-02-18,Stanislaus,099,539301,50058,49150,5176,54326,738
2021-02-18,Sutter,101,95872,8744,8654,77,8731,96
2021-02-18,Tehama,103,63373,4571,4528,480,5008,30
2021-02-18,Trinity,105,12862,461,282,70,352,3
2021-02-18,Tulare,107,460477,47824,46591,7637,54228,728
2021-02-18,Tuolumne,109,53932,3763,3811,35,3846,52
2021-02-18,Ventura,111,848112,77035,76442,2698,79140,659
2021-02-18,Yolo,113,214977,12743,12549,137,12686,183
2021-02-18,Yuba,115,75493,5437,5358,83,5441,38
2021-02-17,Alameda,001,1643700,79841,78895,1659,80554,1002
2021-02-17,Alpine,003,1148,78,77,0,77,0
2021-02-17,Amador,005,37829,3430,3415,28,3443,38
2021-02-17,Butte,007,227075,11220,10770,1568,12338,174
2021-02-17,Calaveras,009,45235,1884,1876,11,1887,21
2021-02-17,Colusa,011,21464,1861,1854,256,2110,10
2021-02-17,Contra Costa,013,1133247,62163,60723,1038,61761,635
2021-02-17,Del Norte,015,27424,975,920,4,924,2
2021-02-17,El Dorado,017,186661,9044,8847,598,9445,94
2021-02-17,Fresno,019,978130,95197,93555,7452,101007,1307
2021-02-17,Glenn,021,27897,2224,2189,481,2670,14
2021-02-17,Humboldt,023,135768,3067,3006,22,3028,29
2021-02-17,Imperial,025,180216,27109,26726,2401,29127,580
2021-02-17,Inyo,027,18085,1259,1197,8,1205,32
2021-02-17,Kern,029,883053,92448,90454,9420,99874,962
2021-02-17,Kings,031,150075,22068,21617,929,22546,211
2021-02-17,Lake,033,64148,3126,3057,2,3059,38
2021-02-17,Lassen,035,31185,5090,5052,91,5143,1
2021-02-17,Los Angeles,037,10098052,1165673,1139786,38073,1177859,19213
2021-02-17,Madera,039,155013,15427,15135,781,15916,177
2021-02-17,Marin,041,260295,13040,12881,149,13030,207
2021-02-17,Mariposa,043,17540,375,368,4,372,4
2021-02-17,Mendocino,045,87422,3606,3494,68,3562,39
2021-02-17,Merced,047,269075,27972,27824,860,28684,372
2021-02-17,Modoc,049,8938,333,327,112,439,3
2021-02-17,Mono,051,14174,1173,1180,15,1195,3
2021-02-17,Monterey,053,433212,41608,41014,1612,42626,304
2021-02-17,Napa,055,140530,8923,8865,31,8896,68
2021-02-17,Nevada,057,99092,3919,3822,152,3974,52
2021-02-17,Orange,059,3164182,245252,242716,9965,252681,3626
2021-02-17,Placer,061,380077,20295,19405,1068,20473,230
2021-02-17,Plumas,063,18699,637,623,10,633,4
2021-02-17,Riverside,065,2383286,283644,276289,13133,289422,3491
2021-02-17,Sacramento,067,1510023,93182,91309,1169,92478,1326
2021-02-17,San Benito,069,59416,5690,5661,83,5744,57
2021-02-17,San Bernardino,071,2135413,284614,278461,8393,286854,3020
2021-02-17,San Diego,073,3302833,261200,254177,12623,266800,3099
2021-02-17,San Francisco,075,870044,33719,33558,1013,34571,379
2021-02-17,San Joaquin,077,732212,66022,64556,2638,67194,979
2021-02-17,San Luis Obispo,079,281455,19428,18964,534,19498,230
2021-02-17,San Mateo,081,765935,39027,38124,389,38513,282
2021-02-17,Santa Barbara,083,443738,31762,30927,1008,31935,384
2021-02-17,Santa Clara,085,1922200,108719,107949,539,108488,1592
2021-02-17,Santa Cruz,087,273765,15229,14268,756,15024,174
2021-02-17,Shasta,089,179085,10827,10770,1180,11950,139
2021-02-17,Sierra,091,2930,50,47,12,59,0
2021-02-17,Siskiyou,093,43540,1456,1352,214,1566,4
2021-02-17,Solano,095,438530,29521,29288,344,29632,149
2021-02-17,Sonoma,097,501317,27578,27408,181,27589,281
2021-02-17,Stanislaus,099,539301,49945,49050,5160,54210,730
2021-02-17,Sutter,101,95872,8734,8681,77,8758,95
2021-02-17,Tehama,103,63373,4568,4511,480,4991,30
2021-02-17,Trinity,105,12862,461,277,68,345,3
2021-02-17,Tulare,107,460477,47759,46495,7612,54107,726
2021-02-17,Tuolumne,109,53932,3754,3806,35,3841,49
2021-02-17,Ventura,111,848112,76913,76234,2692,78926,646
2021-02-17,Yolo,113,214977,12724,12506,135,12641,182
2021-02-17,Yuba,115,75493,5428,5345,83,5428,38
2021-02-16,Alameda,001,1643700,79671,78756,1656,80412,997
2021-02-16,Alpine,003,1148,78,76,0,76,0
2021-02-16,Amador,005,37829,3423,3413,28,3441,39
2021-02-16,Butte,007,227075,11194,10748,1565,12313,164
2021-02-16,Calaveras,009,45235,1882,1872,11,1883,21
2021-02-16,Colusa,011,21464,1858,1852,254,2106,10
2021-02-16,Contra Costa,013,1133247,62012,60564,1033,61597,631
2021-02-16,Del Norte,015,27424,967,913,4,917,2
2021-02-16,El Dorado,017,186661,9034,8836,596,9432,94
2021-02-16,Fresno,019,978130,95032,93363,7422,100785,1293
2021-02-16,Glenn,021,27897,2220,2189,477,2666,14
2021-02-16,Humboldt,023,135768,3044,2994,21,3015,29
2021-02-16,Imperial,025,180216,27096,26711,2397,29108,580
2021-02-16,Inyo,027,18085,1251,1191,8,1199,32
2021-02-16,Kern,029,883053,92316,90267,9390,99657,959
2021-02-16,Kings,031,150075,22022,21583,925,22508,206
2021-02-16,Lake,033,64148,3119,3041,2,3043,38
2021-02-16,Lassen,035,31185,5078,5047,91,5138,1
2021-02-16,Los Angeles,037,10098052,1164420,1138262,38012,1176274,19044
2021-02-16,Madera,039,155013,15389,15120,776,15896,172
2021-02-16,Marin,041,260295,13012,12832,149,12981,205
2021-02-16,Mariposa,043,17540,375,367,4,371,4
2021-02-16,Mendocino,045,87422,3602,3489,68,3557,39
2021-02-16,Merced,047,269075,27891,27724,854,28578,368
2021-02-16,Modoc,049,8938,333,326,112,438,3
2021-02-16,Mono,051,14174,1173,1180,15,1195,3
2021-02-16,Monterey,053,433212,41532,40962,1603,42565,303
2021-02-16,Napa,055,140530,8910,8854,31,8885,66
2021-02-16,Nevada,057,99092,3906,3774,151,3925,47
2021-02-16,Orange,059,3164182,244930,242382,9949,252331,3612
2021-02-16,Placer,061,380077,20262,19367,1065,20432,230
2021-02-16,Plumas,063,18699,637,619,10,629,4
2021-02-16,Riverside,065,2383286,283340,275954,13111,289065,3471
2021-02-16,Sacramento,067,1510023,92928,91246,1163,92409,1305
2021-02-16,San Benito,069,59416,5682,5659,82,5741,56
2021-02-16,San Bernardino,071,2135413,284390,277947,8384,286331,2978
2021-02-16,San Diego,073,3302833,260735,253638,12584,266222,3042
2021-02-16,San Francisco,075,870044,33648,33491,1008,34499,373
2021-02-16,San Joaquin,077,732212,65892,64448,2635,67083,979
2021-02-16,San Luis Obispo,079,281455,19383,18925,531,19456,229
2021-02-16,San Mateo,081,765935,38968,38041,387,38428,277
2021-02-16,Santa Barbara,083,443738,31688,30865,1005,31870,378
2021-02-16,Santa Clara,085,1922200,108467,107754,536,108290,1591
2021-02-16,Santa Cruz,087,273765,15209,14256,755,15011,174
2021-02-16,Shasta,089,179085,10812,10736,1178,11914,139
2021-02-16,Sierra,091,2930,50,47,12,59,0
2021-02-16,Siskiyou,093,43540,1452,1351,214,1565,4
2021-02-16,Solano,095,438530,29483,29246,343,29589,148
2021-02-16,Sonoma,097,501317,27519,27380,175,27555,279
2021-02-16,Stanislaus,099,539301,49821,48927,5146,54073,716
2021-02-16,Sutter,101,95872,8711,8671,77,8748,95
2021-02-16,Tehama,103,63373,4559,4501,478,4979,30
2021-02-16,Trinity,105,12862,457,275,68,343,3
2021-02-16,Tulare,107,460477,47695,46444,7569,54013,716
2021-02-16,Tuolumne,109,53932,3752,3796,35,3831,49
2021-02-16,Ventura,111,848112,76771,76043,2689,78732,631
2021-02-16,Yolo,113,214977,12695,12457,135,12592,175
2021-02-16,Yuba,115,75493,5421,5332,82,5414,38
2021-02-15,Alameda,001,1643700,79475,78647,1645,80292,996
2021-02-15,Alpine,003,1148,78,76,0,76,0
2021-02-15,Amador,005,37829,3419,3409,28,3437,39
2021-02-15,Butte,007,227075,11176,10723,1561,12284,155
2021-02-15,Calaveras,009,45235,1878,1871,11,1882,21
2021-02-15,Colusa,011,21464,1858,1849,250,2099,10
2021-02-15,Contra Costa,013,1133247,61841,60444,1028,61472,631
2021-02-15,Del Norte,015,27424,963,913,4,917,2
2021-02-15,El Dorado,017,186661,9017,8816,596,9412,94
2021-02-15,Fresno,019,978130,94833,93231,7383,100614,1288
2021-02-15,Glenn,021,27897,2218,2185,476,2661,14
2021-02-15,Humboldt,023,135768,3037,2997,21,3018,29
2021-02-15,Imperial,025,180216,27076,26700,2394,29094,580
2021-02-15,Inyo,027,18085,1232,1184,8,1192,32
2021-02-15,Kern,029,883053,92172,90181,9360,99541,959
2021-02-15,Kings,031,150075,21977,21574,921,22495,205
2021-02-15,Lake,033,64148,3105,3030,1,3031,38
2021-02-15,Lassen,035,31185,5076,5047,90,5137,1
2021-02-15,Los Angeles,037,10098052,1163032,1137164,37950,1175114,18925
2021-02-15,Madera,039,155013,15358,15108,774,15882,106
2021-02-15,Marin,041,260295,12991,12810,146,12956,203
2021-02-15,Mariposa,043,17540,373,367,4,371,4
2021-02-15,Mendocino,045,87422,3590,3481,68,3549,39
2021-02-15,Merced,047,269075,27817,27656,847,28503,368
2021-02-15,Modoc,049,8938,333,326,112,438,3
2021-02-15,Mono,051,14174,1170,1178,15,1193,3
2021-02-15,Monterey,053,433212,41468,40911,1591,42502,302
2021-02-15,Napa,055,140530,8896,8837,31,8868,57
2021-02-15,Nevada,057,99092,3889,3767,150,3917,47
2021-02-15,Orange,059,3164182,244611,242176,9921,252097,3586
2021-02-15,Placer,061,380077,20236,19361,1064,20425,230
2021-02-15,Plumas,063,18699,637,620,10,630,4
2021-02-15,Riverside,065,2383286,282987,275771,13092,288863,3468
2021-02-15,Sacramento,067,1510023,92601,91091,1158,92249,1304
2021-02-15,San Benito,069,59416,5676,5649,82,5731,56
2021-02-15,San Bernardino,071,2135413,284139,277869,8376,286245,2945
2021-02-15,San Diego,073,3302833,260222,252940,12553,265493,3037
2021-02-15,San Francisco,075,870044,33575,33454,1002,34456,373
2021-02-15,San Joaquin,077,732212,65727,64382,2628,67010,979
2021-02-15,San Luis Obispo,079,281455,19330,18891,529,19420,227
2021-02-15,San Mateo,081,765935,38889,37969,384,38353,277
2021-02-15,Santa Barbara,083,443738,31585,30810,1002,31812,378
2021-02-15,Santa Clara,085,1922200,108237,107630,534,108164,1588
2021-02-15,Santa Cruz,087,273765,15177,14239,752,14991,175
2021-02-15,Shasta,089,179085,10792,10730,1173,11903,139
2021-02-15,Sierra,091,2930,50,47,12,59,0
2021-02-15,Siskiyou,093,43540,1444,1345,213,1558,4
2021-02-15,Solano,095,438530,29428,29225,343,29568,148
2021-02-15,Sonoma,097,501317,27435,27359,171,27530,276
2021-02-15,Stanislaus,099,539301,49694,48808,5133,53941,716
2021-02-15,Sutter,101,95872,8696,8652,77,8729,95
2021-02-15,Tehama,103,63373,4550,4492,477,4969,30
2021-02-15,Trinity,105,12862,456,274,68,342,3
2021-02-15,Tulare,107,460477,47624,46344,7530,53874,715
2021-02-15,Tuolumne,109,53932,3742,3794,35,3829,49
2021-02-15,Ventura,111,848112,76616,75889,2686,78575,629
2021-02-15,Yolo,113,214977,12660,12412,134,12546,175
2021-02-15,Yuba,115,75493,5404,5320,81,5401,38
2021-02-14,Alameda,001,1643700,79324,78442,1644,80086,995
2021-02-14,Alpine,003,1148,78,76,0,76,0
2021-02-14,Amador,005,37829,3414,3398,28,3426,39
2021-02-14,Butte,007,227075,11152,10717,1558,12275,155
2021-02-14,Calaveras,009,45235,1874,1866,11,1877,21
2021-02-14,Colusa,011,21464,1854,1845,247,2092,10
2021-02-14,Contra Costa,013,1133247,61691,60272,1025,61297,631
2021-02-14,Del Norte,015,27424,959,911,4,915,2
2021-02-14,El Dorado,017,186661,8986,8790,595,9385,94
2021-02-14,Fresno,019,978130,94662,93065,7360,100425,1287
2021-02-14,Glenn,021,27897,2215,2184,476,2660,14
2021-02-14,Humboldt,023,135768,3024,2992,21,3013,29
2021-02-14,Imperial,025,180216,27069,26696,2393,29089,580
2021-02-14,Inyo,027,18085,1226,1177,8,1185,32
2021-02-14,Kern,029,883053,92012,90038,9307,99345,959
2021-02-14,Kings,031,150075,21951,21538,919,22457,205
2021-02-14,Lake,033,64148,3094,3030,1,3031,38
2021-02-14,Lassen,035,31185,5072,5037,90,5127,1
2021-02-14,Los Angeles,037,10098052,1161685,1135450,37868,1173318,18898
2021-02-14,Madera,039,155013,15326,15089,770,15859,106
2021-02-14,Marin,041,260295,12967,12784,146,12930,201
2021-02-14,Mariposa,043,17540,373,365,4,369,4
2021-02-14,Mendocino,045,87422,3584,3475,68,3543,39
2021-02-14,Merced,047,269075,27735,27601,842,28443,368
2021-02-14,Modoc,049,8938,333,326,112,438,3
2021-02-14,Mono,051,14174,1169,1180,15,1195,3
2021-02-14,Monterey,053,433212,41417,40842,1586,42428,302
2021-02-14,Napa,055,140530,8876,8826,31,8857,57
2021-02-14,Nevada,057,99092,3873,3761,150,3911,47
2021-02-14,Orange,059,3164182,244298,241859,9903,251762,3564
2021-02-14,Placer,061,380077,20197,19313,1059,20372,230
2021-02-14,Plumas,063,18699,636,620,10,630,4
2021-02-14,Riverside,065,2383286,282656,275518,13073,288591,3471
2021-02-14,Sacramento,067,1510023,92394,90856,1154,92010,1304
2021-02-14,San Benito,069,59416,5667,5641,81,5722,56
2021-02-14,San Bernardino,071,2135413,283833,277664,8356,286020,2929
2021-02-14,San Diego,073,3302833,259730,252247,12506,264753,3037
2021-02-14,San Francisco,075,870044,33501,33374,994,34368,372
2021-02-14,San Joaquin,077,732212,65629,64243,2614,66857,979
2021-02-14,San Luis Obispo,079,281455,19292,18868,526,19394,225
2021-02-14,San Mateo,081,765935,38804,37859,384,38243,277
2021-02-14,Santa Barbara,083,443738,31493,30744,998,31742,377
2021-02-14,Santa Clara,085,1922200,108038,107412,530,107942,1582
2021-02-14,Santa Cruz,087,273765,15149,14225,747,14972,175
2021-02-14,Shasta,089,179085,10760,10720,1169,11889,139
2021-02-14,Sierra,091,2930,50,47,12,59,0
2021-02-14,Siskiyou,093,43540,1440,1340,213,1553,4
2021-02-14,Solano,095,438530,29386,29150,340,29490,148
2021-02-14,Sonoma,097,501317,27360,27266,169,27435,276
2021-02-14,Stanislaus,099,539301,49584,48672,5118,53790,716
2021-02-14,Sutter,101,95872,8673,8642,77,8719,95
2021-02-14,Tehama,103,63373,4544,4490,474,4964,30
2021-02-14,Trinity,105,12862,456,272,68,340,3
2021-02-14,Tulare,107,460477,47539,46263,7481,53744,715
2021-02-14,Tuolumne,109,53932,3741,3764,35,3799,49
2021-02-14,Ventura,111,848112,76447,75742,2675,78417,629
2021-02-14,Yolo,113,214977,12631,12399,133,12532,175
2021-02-14,Yuba,115,75493,5394,5314,81,5395,38
2021-02-13,Alameda,001,1643700,79202,78246,1641,79887,995
2021-02-13,Alpine,003,1148,78,76,0,76,0
2021-02-13,Amador,005,37829,3411,3387,28,3415,38
2021-02-13,Butte,007,227075,11136,10699,1556,12255,155
2021-02-13,Calaveras,009,45235,1871,1863,11,1874,21
2021-02-13,Colusa,011,21464,1854,1837,247,2084,10
2021-02-13,Contra Costa,013,1133247,61570,60100,1025,61125,629
2021-02-13,Del Norte,015,27424,957,908,4,912,2
2021-02-13,El Dorado,017,186661,8974,8758,594,9352,93
2021-02-13,Fresno,019,978130,94548,92807,7338,100145,1287
2021-02-13,Glenn,021,27897,2214,2182,474,2656,14
2021-02-13,Humboldt,023,135768,3011,2974,20,2994,29
2021-02-13,Imperial,025,180216,27062,26680,2391,29071,580
2021-02-13,Inyo,027,18085,1222,1168,8,1176,32
2021-02-13,Kern,029,883053,91923,89915,9281,99196,957
2021-02-13,Kings,031,150075,21936,21513,917,22430,205
2021-02-13,Lake,033,64148,3085,3025,1,3026,37
2021-02-13,Lassen,035,31185,5069,5028,90,5118,1
2021-02-13,Los Angeles,037,10098052,1160827,1133752,37821,1171573,18822
2021-02-13,Madera,039,155013,15317,15053,766,15819,106
2021-02-13,Marin,041,260295,12943,12757,146,12903,201
2021-02-13,Mariposa,043,17540,373,365,4,369,4
2021-02-13,Mendocino,045,87422,3574,3466,68,3534,38
2021-02-13,Merced,047,269075,27691,27541,839,28380,368
2021-02-13,Modoc,049,8938,333,325,112,437,3
2021-02-13,Mono,051,14174,1169,1176,15,1191,3
2021-02-13,Monterey,053,433212,41385,40731,1585,42316,301
2021-02-13,Napa,055,140530,8867,8809,31,8840,57
2021-02-13,Nevada,057,99092,3864,3742,149,3891,47
2021-02-13,Orange,059,3164182,244092,241545,9884,251429,3520
2021-02-13,Placer,061,380077,20177,19214,1059,20273,230
2021-02-13,Plumas,063,18699,636,616,10,626,4
2021-02-13,Riverside,065,2383286,282427,275276,13064,288340,3462
2021-02-13,Sacramento,067,1510023,92227,90401,1151,91552,1302
2021-02-13,San Benito,069,59416,5650,5633,81,5714,56
2021-02-13,San Bernardino,071,2135413,283681,277405,8343,285748,2899
2021-02-13,San Diego,073,3302833,259398,251679,12494,264173,3009
2021-02-13,San Francisco,075,870044,33451,33291,984,34275,364
2021-02-13,San Joaquin,077,732212,65560,64105,2604,66709,977
2021-02-13,San Luis Obispo,079,281455,19264,18803,520,19323,225
2021-02-13,San Mateo,081,765935,38751,37745,384,38129,277
2021-02-13,Santa Barbara,083,443738,31441,30594,997,31591,374
2021-02-13,Santa Clara,085,1922200,107849,107125,526,107651,1570
2021-02-13,Santa Cruz,087,273765,15122,14198,746,14944,173
2021-02-13,Shasta,089,179085,10747,10713,1164,11877,139
2021-02-13,Sierra,091,2930,50,47,12,59,0
2021-02-13,Siskiyou,093,43540,1437,1336,213,1549,4
2021-02-13,Solano,095,438530,29350,29084,340,29424,148
2021-02-13,Sonoma,097,501317,27312,27157,167,27324,276
2021-02-13,Stanislaus,099,539301,49513,48568,5112,53680,697
2021-02-13,Sutter,101,95872,8661,8626,77,8703,94
2021-02-13,Tehama,103,63373,4534,4484,473,4957,30
2021-02-13,Trinity,105,12862,455,272,67,339,3
2021-02-13,Tulare,107,460477,47488,46162,7450,53612,709
2021-02-13,Tuolumne,109,53932,3740,3752,35,3787,49
2021-02-13,Ventura,111,848112,76307,75481,2669,78150,618
2021-02-13,Yolo,113,214977,12618,12374,132,12506,175
2021-02-13,Yuba,115,75493,5386,5289,81,5370,38
2021-02-12,Alameda,001,1643700,79053,77958,1635,79593,974
2021-02-12,Alpine,003,1148,78,76,0,76,0
2021-02-12,Amador,005,37829,3407,3381,28,3409,38
2021-02-12,Butte,007,227075,11123,10655,1549,12204,155
2021-02-12,Calaveras,009,45235,1868,1860,11,1871,21
2021-02-12,Colusa,011,21464,1854,1836,247,2083,10
2021-02-12,Contra Costa,013,1133247,61420,59878,1021,60899,620
2021-02-12,Del Norte,015,27424,947,901,4,905,2
2021-02-12,El Dorado,017,186661,8958,8725,591,9316,92
2021-02-12,Fresno,019,978130,94394,92520,7318,99838,1273
2021-02-12,Glenn,021,27897,2211,2175,474,2649,14
2021-02-12,Humboldt,023,135768,3003,2961,20,2981,29
2021-02-12,Imperial,025,180216,27054,26646,2388,29034,585
2021-02-12,Inyo,027,18085,1216,1156,8,1164,32
2021-02-12,Kern,029,883053,91809,89532,9249,98781,949
2021-02-12,Kings,031,150075,21904,21462,912,22374,202
2021-02-12,Lake,033,64148,3080,3012,1,3013,36
2021-02-12,Lassen,035,31185,5067,5015,90,5105,1
2021-02-12,Los Angeles,037,10098052,1159618,1131185,37752,1168937,18637
2021-02-12,Madera,039,155013,15290,15022,763,15785,106
2021-02-12,Marin,041,260295,12917,12720,146,12866,200
2021-02-12,Mariposa,043,17540,372,365,4,369,4
2021-02-12,Mendocino,045,87422,3572,3447,68,3515,38
2021-02-12,Merced,047,269075,27640,27453,836,28289,367
2021-02-12,Modoc,049,8938,333,324,112,436,3
2021-02-12,Mono,051,14174,1168,1172,15,1187,3
2021-02-12,Monterey,053,433212,41337,40633,1576,42209,297
2021-02-12,Napa,055,140530,8855,8785,31,8816,55
2021-02-12,Nevada,057,99092,3859,3728,149,3877,47
2021-02-12,Orange,059,3164182,243853,241075,9869,250944,3505
2021-02-12,Placer,061,380077,20135,19174,1054,20228,230
2021-02-12,Plumas,063,18699,635,614,10,624,4
2021-02-12,Riverside,065,2383286,282149,274792,13049,287841,3438
2021-02-12,Sacramento,067,1510023,92025,90252,1150,91402,1295
2021-02-12,San Benito,069,59416,5634,5622,80,5702,56
2021-02-12,San Bernardino,071,2135413,283491,276890,8332,285222,2827
2021-02-12,San Diego,073,3302833,259010,250788,12468,263256,2979
2021-02-12,San Francisco,075,870044,33391,33179,980,34159,359
2021-02-12,San Joaquin,077,732212,65464,63966,2596,66562,975
2021-02-12,San Luis Obispo,079,281455,19223,18687,519,19206,224
2021-02-12,San Mateo,081,765935,38679,37560,384,37944,254
2021-02-12,Santa Barbara,083,443738,31370,30454,992,31446,372
2021-02-12,Santa Clara,085,1922200,107677,106759,523,107282,1543
2021-02-12,Santa Cruz,087,273765,15102,14147,746,14893,170
2021-02-12,Shasta,089,179085,10729,10693,1154,11847,142
2021-02-12,Sierra,091,2930,49,45,12,57,0
2021-02-12,Siskiyou,093,43540,1433,1324,210,1534,4
2021-02-12,Solano,095,438530,29318,28996,337,29333,147
2021-02-12,Sonoma,097,501317,27257,27064,163,27227,275
2021-02-12,Stanislaus,099,539301,49425,48418,5090,53508,697
2021-02-12,Sutter,101,95872,8648,8609,77,8686,93
2021-02-12,Tehama,103,63373,4527,4470,472,4942,27
2021-02-12,Trinity,105,12862,455,269,67,336,3
2021-02-12,Tulare,107,460477,47410,46016,7424,53440,710
2021-02-12,Tuolumne,109,53932,3737,3736,34,3770,49
2021-02-12,Ventura,111,848112,76137,75210,2663,77873,605
2021-02-12,Yolo,113,214977,12597,12340,132,12472,175
2021-02-12,Yuba,115,75493,5378,5274,81,5355,38
2021-02-11,Alameda,001,1643700,78824,77564,1630,79194,960
2021-02-11,Alpine,003,1148,77,76,0,76,0
2021-02-11,Amador,005,37829,3403,3368,28,3396,35
2021-02-11,Butte,007,227075,11100,10624,1548,12172,155
2021-02-11,Calaveras,009,45235,1865,1856,11,1867,21
2021-02-11,Colusa,011,21464,1849,1823,245,2068,10
2021-02-11,Contra Costa,013,1133247,61253,59633,1017,60650,605
2021-02-11,Del Norte,015,27424,942,894,4,898,2
2021-02-11,El Dorado,017,186661,8937,8698,591,9289,92
2021-02-11,Fresno,019,978130,94241,92168,7295,99463,1255
2021-02-11,Glenn,021,27897,2206,2166,473,2639,14
2021-02-11,Humboldt,023,135768,2990,2954,19,2973,29
2021-02-11,Imperial,025,180216,27030,26545,2386,28931,578
2021-02-11,Inyo,027,18085,1207,1144,8,1152,32
2021-02-11,Kern,029,883053,91618,89224,9206,98430,941
2021-02-11,Kings,031,150075,21874,21373,909,22282,202
2021-02-11,Lake,033,64148,3070,3002,1,3003,36
2021-02-11,Lassen,035,31185,5056,5004,87,5091,1
2021-02-11,Los Angeles,037,10098052,1157989,1128437,37684,1166121,18500
2021-02-11,Madera,039,155013,15269,14984,761,15745,106
2021-02-11,Marin,041,260295,12880,12682,146,12828,200
2021-02-11,Mariposa,043,17540,372,361,4,365,4
2021-02-11,Mendocino,045,87422,3565,3420,68,3488,38
2021-02-11,Merced,047,269075,27574,27325,832,28157,363
2021-02-11,Modoc,049,8938,332,317,112,429,3
2021-02-11,Mono,051,14174,1164,1173,15,1188,3
2021-02-11,Monterey,053,433212,41231,40469,1570,42039,295
2021-02-11,Napa,055,140530,8834,8777,31,8808,55
2021-02-11,Nevada,057,99092,3843,3720,149,3869,47
2021-02-11,Orange,059,3164182,243486,240590,9845,250435,3476
2021-02-11,Placer,061,380077,20095,19118,1053,20171,224
2021-02-11,Plumas,063,18699,634,592,10,602,4
2021-02-11,Riverside,065,2383286,281783,274313,13034,287347,3394
2021-02-11,Sacramento,067,1510023,91782,89988,1144,91132,1286
2021-02-11,San Benito,069,59416,5625,5609,80,5689,56
2021-02-11,San Bernardino,071,2135413,283192,276349,8318,284667,2774
2021-02-11,San Diego,073,3302833,258457,249971,12434,262405,2955
2021-02-11,San Francisco,075,870044,33307,33076,971,34047,356
2021-02-11,San Joaquin,077,732212,65296,63719,2586,66305,971
2021-02-11,San Luis Obispo,079,281455,19158,18615,515,19130,219
2021-02-11,San Mateo,081,765935,38588,37439,382,37821,253
2021-02-11,Santa Barbara,083,443738,31272,30375,987,31362,370
2021-02-11,Santa Clara,085,1922200,107417,106392,518,106910,1507
2021-02-11,Santa Cruz,087,273765,15079,14088,741,14829,165
2021-02-11,Shasta,089,179085,10705,10672,1150,11822,140
2021-02-11,Sierra,091,2930,49,45,12,57,0
2021-02-11,Siskiyou,093,43540,1418,1320,210,1530,4
2021-02-11,Solano,095,438530,29265,28885,337,29222,138
2021-02-11,Sonoma,097,501317,27172,26971,160,27131,272
2021-02-11,Stanislaus,099,539301,49280,48205,5078,53283,697
2021-02-11,Sutter,101,95872,8634,8590,76,8666,93
2021-02-11,Tehama,103,63373,4521,4463,472,4935,26
2021-02-11,Trinity,105,12862,455,269,67,336,3
2021-02-11,Tulare,107,460477,47315,45897,7384,53281,706
2021-02-11,Tuolumne,109,53932,3700,3716,34,3750,48
2021-02-11,Ventura,111,848112,75935,74959,2654,77613,590
2021-02-11,Yolo,113,214977,12573,12303,132,12435,173
2021-02-11,Yuba,115,75493,5364,5261,80,5341,38
2021-02-10,Alameda,001,1643700,78621,77344,1629,78973,944
2021-02-10,Alpine,003,1148,77,76,0,76,0
2021-02-10,Amador,005,37829,3391,3348,28,3376,35
2021-02-10,Butte,007,227075,11072,10594,1547,12141,155
2021-02-10,Calaveras,009,45235,1863,1850,11,1861,21
2021-02-10,Colusa,011,21464,1842,1815,243,2058,10
2021-02-10,Contra Costa,013,1133247,61078,59488,1015,60503,590
2021-02-10,Del Norte,015,27424,936,888,4,892,2
2021-02-10,El Dorado,017,186661,8906,8682,587,9269,87
2021-02-10,Fresno,019,978130,94066,91876,7270,99146,1247
2021-02-10,Glenn,021,27897,2202,2160,471,2631,14
2021-02-10,Humboldt,023,135768,2982,2924,19,2943,29
2021-02-10,Imperial,025,180216,26992,26522,2383,28905,578
2021-02-10,Inyo,027,18085,1195,1138,8,1146,30
2021-02-10,Kern,029,883053,91412,88933,9152,98085,926
2021-02-10,Kings,031,150075,21831,21294,907,22201,197
2021-02-10,Lake,033,64148,3057,2975,1,2976,36
2021-02-10,Lassen,035,31185,5052,4993,87,5080,1
2021-02-10,Los Angeles,037,10098052,1156242,1125437,37556,1162993,18338
2021-02-10,Madera,039,155013,15230,14925,759,15684,105
2021-02-10,Marin,041,260295,12843,12651,146,12797,199
2021-02-10,Mariposa,043,17540,370,360,4,364,4
2021-02-10,Mendocino,045,87422,3550,3395,68,3463,38
2021-02-10,Merced,047,269075,27491,27246,821,28067,359
2021-02-10,Modoc,049,8938,331,315,110,425,3
2021-02-10,Mono,051,14174,1159,1170,15,1185,3
2021-02-10,Monterey,053,433212,41154,40366,1556,41922,288
2021-02-10,Napa,055,140530,8815,8769,31,8800,55
2021-02-10,Nevada,057,99092,3828,3693,147,3840,47
2021-02-10,Orange,059,3164182,243069,239974,9814,249788,3439
2021-02-10,Placer,061,380077,20056,19062,1048,20110,220
2021-02-10,Plumas,063,18699,631,589,10,599,2
2021-02-10,Riverside,065,2383286,281356,273721,13024,286745,3374
2021-02-10,Sacramento,067,1510023,91531,89653,1140,90793,1275
2021-02-10,San Benito,069,59416,5611,5591,80,5671,55
2021-02-10,San Bernardino,071,2135413,282837,275616,8302,283918,2696
2021-02-10,San Diego,073,3302833,257875,248858,12396,261254,2904
2021-02-10,San Francisco,075,870044,33224,32955,968,33923,351
2021-02-10,San Joaquin,077,732212,65154,63484,2572,66056,954
2021-02-10,San Luis Obispo,079,281455,19079,18549,513,19062,216
2021-02-10,San Mateo,081,765935,38498,37323,382,37705,245
2021-02-10,Santa Barbara,083,443738,31181,30216,982,31198,359
2021-02-10,Santa Clara,085,1922200,107177,106048,515,106563,1489
2021-02-10,Santa Cruz,087,273765,15043,14007,739,14746,165
2021-02-10,Shasta,089,179085,10682,10645,1147,11792,142
2021-02-10,Sierra,091,2930,49,45,12,57,0
2021-02-10,Siskiyou,093,43540,1413,1314,209,1523,4
2021-02-10,Solano,095,438530,29190,28835,335,29170,137
2021-02-10,Sonoma,097,501317,27076,26881,158,27039,271
2021-02-10,Stanislaus,099,539301,49163,48016,5062,53078,696
2021-02-10,Sutter,101,95872,8617,8571,76,8647,93
2021-02-10,Tehama,103,63373,4513,4445,472,4917,23
2021-02-10,Trinity,105,12862,452,268,67,335,3
2021-02-10,Tulare,107,460477,47198,45782,7346,53128,696
2021-02-10,Tuolumne,109,53932,3692,3691,34,3725,48
2021-02-10,Ventura,111,848112,75707,74651,2637,77288,580
2021-02-10,Yolo,113,214977,12549,12276,132,12408,174
2021-02-10,Yuba,115,75493,5346,5241,80,5321,38
2021-02-09,Alameda,001,1643700,78357,77018,1625,78643,936
2021-02-09,Alpine,003,1148,77,76,0,76,0
2021-02-09,Amador,005,37829,3383,3347,28,3375,35
2021-02-09,Butte,007,227075,11046,10563,1544,12107,153
2021-02-09,Calaveras,009,45235,1859,1847,11,1858,21
2021-02-09,Colusa,011,21464,1833,1812,238,2050,10
2021-02-09,Contra Costa,013,1133247,60889,59307,1009,60316,583
2021-02-09,Del Norte,015,27424,930,886,4,890,2
2021-02-09,El Dorado,017,186661,8879,8663,585,9248,87
2021-02-09,Fresno,019,978130,93824,91730,7242,98972,1211
2021-02-09,Glenn,021,27897,2198,2156,471,2627,14
2021-02-09,Humboldt,023,135768,2974,2904,19,2923,29
2021-02-09,Imperial,025,180216,26961,26509,2380,28889,568
2021-02-09,Inyo,027,18085,1187,1137,8,1145,30
2021-02-09,Kern,029,883053,91160,88684,9106,97790,920
2021-02-09,Kings,031,150075,21789,21275,905,22180,196
2021-02-09,Lake,033,64148,3046,2955,1,2956,36
2021-02-09,Lassen,035,31185,5045,4983,87,5070,1
2021-02-09,Los Angeles,037,10098052,1154264,1122745,37473,1160218,18198
2021-02-09,Madera,039,155013,15210,14912,756,15668,105
2021-02-09,Marin,041,260295,12810,12623,145,12768,197
2021-02-09,Mariposa,043,17540,368,355,4,359,4
2021-02-09,Mendocino,045,87422,3532,3369,68,3437,38
2021-02-09,Merced,047,269075,27393,27166,816,27982,354
2021-02-09,Modoc,049,8938,330,316,110,426,3
2021-02-09,Mono,051,14174,1158,1167,15,1182,3
2021-02-09,Monterey,053,433212,41046,40279,1543,41822,285
2021-02-09,Napa,055,140530,8802,8749,31,8780,55
2021-02-09,Nevada,057,99092,3812,3687,147,3834,44
2021-02-09,Orange,059,3164182,242657,239169,9783,248952,3406
2021-02-09,Placer,061,380077,19991,19008,1041,20049,220
2021-02-09,Plumas,063,18699,631,584,10,594,2
2021-02-09,Riverside,065,2383286,280862,273465,13007,286472,3334
2021-02-09,Sacramento,067,1510023,91221,89378,1139,90517,1265
2021-02-09,San Benito,069,59416,5599,5566,79,5645,54
2021-02-09,San Bernardino,071,2135413,282464,274998,8289,283287,2613
2021-02-09,San Diego,073,3302833,257217,248048,12353,260401,2853
2021-02-09,San Francisco,075,870044,33145,32782,958,33740,349
2021-02-09,San Joaquin,077,732212,64979,63341,2567,65908,937
2021-02-09,San Luis Obispo,079,281455,19020,18489,512,19001,216
2021-02-09,San Mateo,081,765935,38367,37227,381,37608,235
2021-02-09,Santa Barbara,083,443738,31069,30118,976,31094,351
2021-02-09,Santa Clara,085,1922200,106871,105762,512,106274,1463
2021-02-09,Santa Cruz,087,273765,14992,13958,734,14692,162
2021-02-09,Shasta,089,179085,10654,10595,1145,11740,139
2021-02-09,Sierra,091,2930,49,44,12,56,0
2021-02-09,Siskiyou,093,43540,1405,1306,207,1513,4
2021-02-09,Solano,095,438530,29111,28769,332,29101,131
2021-02-09,Sonoma,097,501317,26986,26826,156,26982,267
2021-02-09,Stanislaus,099,539301,49003,47906,5047,52953,679
2021-02-09,Sutter,101,95872,8601,8541,76,8617,92
2021-02-09,Tehama,103,63373,4506,4416,471,4887,22
2021-02-09,Trinity,105,12862,452,266,67,333,3
2021-02-09,Tulare,107,460477,47064,45704,7294,52998,686
2021-02-09,Tuolumne,109,53932,3673,3673,34,3707,48
2021-02-09,Ventura,111,848112,75455,74333,2629,76962,567
2021-02-09,Yolo,113,214977,12507,12220,132,12352,174
2021-02-09,Yuba,115,75493,5337,5235,80,5315,35
2021-02-08,Alameda,001,1643700,78094,76735,1620,78355,924
2021-02-08,Alpine,003,1148,77,73,0,73,0
2021-02-08,Amador,005,37829,3376,3344,27,3371,33
2021-02-08,Butte,007,227075,11024,10524,1540,12064,152
2021-02-08,Calaveras,009,45235,1858,1840,11,1851,21
2021-02-08,Colusa,011,21464,1825,1802,234,2036,10
2021-02-08,Contra Costa,013,1133247,60679,59039,1007,60046,567
2021-02-08,Del Norte,015,27424,927,885,4,889,2
2021-02-08,El Dorado,017,186661,8847,8627,582,9209,86
2021-02-08,Fresno,019,978130,93611,91430,7216,98646,1207
2021-02-08,Glenn,021,27897,2194,2148,469,2617,14
2021-02-08,Humboldt,023,135768,2966,2902,19,2921,29
2021-02-08,Imperial,025,180216,26939,26526,2378,28904,567
2021-02-08,Inyo,027,18085,1174,1126,8,1134,30
2021-02-08,Kern,029,883053,90943,88380,9046,97426,920
2021-02-08,Kings,031,150075,21727,21232,902,22134,195
2021-02-08,Lake,033,64148,3027,2949,1,2950,36
2021-02-08,Lassen,035,31185,5032,4976,87,5063,1
2021-02-08,Los Angeles,037,10098052,1152166,1120179,37353,1157532,17977
2021-02-08,Madera,039,155013,15174,14887,749,15636,93
2021-02-08,Marin,041,260295,12780,12591,145,12736,194
2021-02-08,Mariposa,043,17540,368,355,4,359,4
2021-02-08,Mendocino,045,87422,3518,3355,68,3423,38
2021-02-08,Merced,047,269075,27310,27082,811,27893,346
2021-02-08,Modoc,049,8938,328,318,110,428,3
2021-02-08,Mono,051,14174,1158,1165,15,1180,3
2021-02-08,Monterey,053,433212,40926,40186,1524,41710,283
2021-02-08,Napa,055,140530,8787,8719,31,8750,55
2021-02-08,Nevada,057,99092,3800,3671,147,3818,44
2021-02-08,Orange,059,3164182,242190,238715,9760,248475,3361
2021-02-08,Placer,061,380077,19949,18944,1035,19979,211
2021-02-08,Plumas,063,18699,630,584,10,594,2
2021-02-08,Riverside,065,2383286,280294,272904,12981,285885,3301
2021-02-08,Sacramento,067,1510023,90935,89267,1136,90403,1247
2021-02-08,San Benito,069,59416,5594,5553,78,5631,52
2021-02-08,San Bernardino,071,2135413,282061,274661,8283,282944,2587
2021-02-08,San Diego,073,3302833,256474,247259,12312,259571,2821
2021-02-08,San Francisco,075,870044,33051,32679,950,33629,348
2021-02-08,San Joaquin,077,732212,64818,63148,2557,65705,929
2021-02-08,San Luis Obispo,079,281455,18963,18421,507,18928,214
2021-02-08,San Mateo,081,765935,38258,37084,381,37465,232
2021-02-08,Santa Barbara,083,443738,30954,29978,969,30947,340
2021-02-08,Santa Clara,085,1922200,106548,105413,504,105917,1456
2021-02-08,Santa Cruz,087,273765,14953,13921,728,14649,161
2021-02-08,Shasta,089,179085,10627,10574,1139,11713,137
2021-02-08,Sierra,091,2930,49,44,12,56,0
2021-02-08,Siskiyou,093,43540,1402,1303,207,1510,4
2021-02-08,Solano,095,438530,29045,28644,330,28974,130
2021-02-08,Sonoma,097,501317,26895,26760,155,26915,259
2021-02-08,Stanislaus,099,539301,48848,47704,5019,52723,679
2021-02-08,Sutter,101,95872,8582,8526,76,8602,92
2021-02-08,Tehama,103,63373,4496,4403,468,4871,22
2021-02-08,Trinity,105,12862,450,266,67,333,3
2021-02-08,Tulare,107,460477,46956,45617,7254,52871,673
2021-02-08,Tuolumne,109,53932,3665,3647,34,3681,48
2021-02-08,Ventura,111,848112,75198,74068,2624,76692,565
2021-02-08,Yolo,113,214977,12475,12169,131,12300,162
2021-02-08,Yuba,115,75493,5321,5215,80,5295,35
2021-02-07,Alameda,001,1643700,77792,76500,1612,78112,924
2021-02-07,Alpine,003,1148,74,72,0,72,0
2021-02-07,Amador,005,37829,3355,3343,27,3370,33
2021-02-07,Butte,007,227075,10992,10513,1532,12045,152
2021-02-07,Calaveras,009,45235,1854,1837,11,1848,21
2021-02-07,Colusa,011,21464,1814,1795,232,2027,10
2021-02-07,Contra Costa,013,1133247,60436,58836,1002,59838,566
2021-02-07,Del Norte,015,27424,923,881,4,885,2
2021-02-07,El Dorado,017,186661,8818,8596,580,9176,86
2021-02-07,Fresno,019,978130,93381,91184,7178,98362,1207
2021-02-07,Glenn,021,27897,2190,2141,464,2605,14
2021-02-07,Humboldt,023,135768,2945,2895,19,2914,28
2021-02-07,Imperial,025,180216,26912,26518,2373,28891,567
2021-02-07,Inyo,027,18085,1163,1124,8,1132,27
2021-02-07,Kern,029,883053,90696,88146,8988,97134,920
2021-02-07,Kings,031,150075,21666,21180,899,22079,192
2021-02-07,Lake,033,64148,3012,2940,1,2941,36
2021-02-07,Lassen,035,31185,5021,4973,87,5060,1
2021-02-07,Los Angeles,037,10098052,1149409,1117551,37226,1154777,17889
2021-02-07,Madera,039,155013,15140,14850,745,15595,93
2021-02-07,Marin,041,260295,12747,12571,143,12714,194
2021-02-07,Mariposa,043,17540,367,355,4,359,4
2021-02-07,Mendocino,045,87422,3501,3348,68,3416,38
2021-02-07,Merced,047,269075,27198,26977,799,27776,346
2021-02-07,Modoc,049,8938,328,317,106,423,3
2021-02-07,Mono,051,14174,1155,1165,15,1180,3
2021-02-07,Monterey,053,433212,40790,40113,1505,41618,283
2021-02-07,Napa,055,140530,8764,8701,31,8732,55
2021-02-07,Nevada,057,99092,3789,3643,147,3790,44
2021-02-07,Orange,059,3164182,241592,238155,9727,247882,3336
2021-02-07,Placer,061,380077,19902,18903,1022,19925,211
2021-02-07,Plumas,063,18699,630,584,10,594,2
2021-02-07,Riverside,065,2383286,279766,272301,12960,285261,3267
2021-02-07,Sacramento,067,1510023,90602,88919,1129,90048,1246
2021-02-07,San Benito,069,59416,5575,5548,77,5625,52
2021-02-07,San Bernardino,071,2135413,281468,274316,8258,282574,2587
2021-02-07,San Diego,073,3302833,255688,246561,12248,258809,2821
2021-02-07,San Francisco,075,870044,32931,32609,938,33547,348
2021-02-07,San Joaquin,077,732212,64544,63051,2543,65594,929
2021-02-07,San Luis Obispo,079,281455,18891,18349,500,18849,214
2021-02-07,San Mateo,081,765935,38124,36984,379,37363,232
2021-02-07,Santa Barbara,083,443738,30814,29815,958,30773,340
2021-02-07,Santa Clara,085,1922200,106209,105118,494,105612,1450
2021-02-07,Santa Cruz,087,273765,14899,13887,723,14610,161
2021-02-07,Shasta,089,179085,10607,10570,1131,11701,137
2021-02-07,Sierra,091,2930,49,43,12,55,0
2021-02-07,Siskiyou,093,43540,1395,1295,205,1500,4
2021-02-07,Solano,095,438530,28934,28567,329,28896,130
2021-02-07,Sonoma,097,501317,26788,26684,151,26835,257
2021-02-07,Stanislaus,099,539301,48658,47551,4987,52538,679
2021-02-07,Sutter,101,95872,8554,8515,76,8591,92
2021-02-07,Tehama,103,63373,4480,4396,467,4863,22
2021-02-07,Trinity,105,12862,447,264,65,329,3
2021-02-07,Tulare,107,460477,46834,45520,7176,52696,671
2021-02-07,Tuolumne,109,53932,3641,3619,33,3652,48
2021-02-07,Ventura,111,848112,74887,73759,2612,76371,561
2021-02-07,Yolo,113,214977,12430,12135,131,12266,162
2021-02-07,Yuba,115,75493,5306,5198,78,5276,35
2021-02-06,Alameda,001,1643700,77638,76170,1601,77771,922
2021-02-06,Alpine,003,1148,74,72,0,72,0
2021-02-06,Amador,005,37829,3349,3306,27,3333,33
2021-02-06,Butte,007,227075,10975,10480,1528,12008,150
2021-02-06,Calaveras,009,45235,1852,1832,11,1843,21
2021-02-06,Colusa,011,21464,1812,1791,231,2022,10
2021-02-06,Contra Costa,013,1133247,60289,58567,996,59563,566
2021-02-06,Del Norte,015,27424,919,879,4,883,2
2021-02-06,El Dorado,017,186661,8811,8575,576,9151,86
2021-02-06,Fresno,019,978130,93268,90944,7157,98101,1207
2021-02-06,Glenn,021,27897,2188,2136,463,2599,14
2021-02-06,Humboldt,023,135768,2934,2880,19,2899,28
2021-02-06,Imperial,025,180216,26900,26514,2372,28886,567
2021-02-06,Inyo,027,18085,1160,1113,8,1121,27
2021-02-06,Kern,029,883053,90542,87919,8942,96861,912
2021-02-06,Kings,031,150075,21636,21156,899,22055,190
2021-02-06,Lake,033,64148,3007,2920,1,2921,34
2021-02-06,Lassen,035,31185,5017,4964,86,5050,1
2021-02-06,Los Angeles,037,10098052,1148052,1114718,37129,1151847,17793
2021-02-06,Madera,039,155013,15119,14807,743,15550,93
2021-02-06,Marin,041,260295,12727,12531,143,12674,194
2021-02-06,Mariposa,043,17540,366,355,3,358,4
2021-02-06,Mendocino,045,87422,3483,3316,67,3383,38
2021-02-06,Merced,047,269075,27112,26881,791,27672,346
2021-02-06,Modoc,049,8938,328,313,106,419,3
2021-02-06,Mono,051,14174,1154,1159,15,1174,3
2021-02-06,Monterey,053,433212,40732,39995,1497,41492,282
2021-02-06,Napa,055,140530,8751,8639,31,8670,55
2021-02-06,Nevada,057,99092,3777,3624,147,3771,43
2021-02-06,Orange,059,3164182,241229,237391,9693,247084,3293
2021-02-06,Placer,061,380077,19865,18836,1019,19855,211
2021-02-06,Plumas,063,18699,630,584,10,594,2
2021-02-06,Riverside,065,2383286,279397,271741,12941,284682,3243
2021-02-06,Sacramento,067,1510023,90385,88532,1119,89651,1237
2021-02-06,San Benito,069,59416,5557,5516,77,5593,52
2021-02-06,San Bernardino,071,2135413,281159,273718,8236,281954,2564
2021-02-06,San Diego,073,3302833,255192,245331,12213,257544,2812
2021-02-06,San Francisco,075,870044,32857,32437,928,33365,346
2021-02-06,San Joaquin,077,732212,64465,62840,2532,65372,906
2021-02-06,San Luis Obispo,079,281455,18849,18284,496,18780,214
2021-02-06,San Mateo,081,765935,38056,36824,376,37200,232
2021-02-06,Santa Barbara,083,443738,30738,29645,956,30601,337
2021-02-06,Santa Clara,085,1922200,105987,104639,489,105128,1439
2021-02-06,Santa Cruz,087,273765,14868,13845,719,14564,161
2021-02-06,Shasta,089,179085,10596,10561,1129,11690,137
2021-02-06,Sierra,091,2930,49,43,12,55,0
2021-02-06,Siskiyou,093,43540,1392,1289,204,1493,4
2021-02-06,Solano,095,438530,28898,28446,328,28774,129
2021-02-06,Sonoma,097,501317,26751,26564,149,26713,257
2021-02-06,Stanislaus,099,539301,48562,47325,4972,52297,679
2021-02-06,Sutter,101,95872,8546,8485,76,8561,92
2021-02-06,Tehama,103,63373,4470,4380,466,4846,22
2021-02-06,Trinity,105,12862,447,263,65,328,3
2021-02-06,Tulare,107,460477,46766,45349,7131,52480,664
2021-02-06,Tuolumne,109,53932,3634,3612,33,3645,48
2021-02-06,Ventura,111,848112,74707,73431,2606,76037,552
2021-02-06,Yolo,113,214977,12407,12061,131,12192,161
2021-02-06,Yuba,115,75493,5296,5177,77,5254,35
2021-02-05,Alameda,001,1643700,77409,75716,1599,77315,916
2021-02-05,Alpine,003,1148,74,72,0,72,0
2021-02-05,Amador,005,37829,3344,3299,26,3325,33
2021-02-05,Butte,007,227075,10956,10421,1521,11942,150
2021-02-05,Calaveras,009,45235,1848,1818,11,1829,21
2021-02-05,Colusa,011,21464,1808,1785,231,2016,10
2021-02-05,Contra Costa,013,1133247,60128,58195,994,59189,560
2021-02-05,Del Norte,015,27424,918,874,4,878,2
2021-02-05,El Dorado,017,186661,8791,8527,574,9101,86
2021-02-05,Fresno,019,978130,93066,90513,7136,97649,1194
2021-02-05,Glenn,021,27897,2185,2122,458,2580,14
2021-02-05,Humboldt,023,135768,2924,2857,19,2876,28
2021-02-05,Imperial,025,180216,26881,26474,2371,28845,557
2021-02-05,Inyo,027,18085,1156,1104,8,1112,27
2021-02-05,Kern,029,883053,90373,87470,8876,96346,906
2021-02-05,Kings,031,150075,21598,21021,896,21917,190
2021-02-05,Lake,033,64148,2995,2906,1,2907,33
2021-02-05,Lassen,035,31185,5013,4936,86,5022,1
2021-02-05,Los Angeles,037,10098052,1145953,1110384,36997,1147381,17608
2021-02-05,Madera,039,155013,15085,14752,738,15490,95
2021-02-05,Marin,041,260295,12692,12479,143,12622,193
2021-02-05,Mariposa,043,17540,366,352,3,355,4
2021-02-05,Mendocino,045,87422,3469,3272,67,3339,38
2021-02-05,Merced,047,269075,27052,26760,790,27550,345
2021-02-05,Modoc,049,8938,328,312,106,418,3
2021-02-05,Mono,051,14174,1153,1157,15,1172,3
2021-02-05,Monterey,053,433212,40665,39840,1486,41326,281
2021-02-05,Napa,055,140530,8737,8598,31,8629,55
2021-02-05,Nevada,057,99092,3774,3607,147,3754,43
2021-02-05,Orange,059,3164182,240802,236335,9666,246001,3260
2021-02-05,Placer,061,380077,19829,18756,1017,19773,211
2021-02-05,Plumas,063,18699,628,578,10,588,2
2021-02-05,Riverside,065,2383286,278983,270666,12922,283588,3235
2021-02-05,Sacramento,067,1510023,90205,87992,1112,89104,1231
2021-02-05,San Benito,069,59416,5546,5502,77,5579,51
2021-02-05,San Bernardino,071,2135413,280814,272938,8219,281157,2495
2021-02-05,San Diego,073,3302833,254616,244066,12178,256244,2777
2021-02-05,San Francisco,075,870044,32767,32229,917,33146,337
2021-02-05,San Joaquin,077,732212,64316,62565,2524,65089,902
2021-02-05,San Luis Obispo,079,281455,18788,18152,492,18644,213
2021-02-05,San Mateo,081,765935,37973,36582,375,36957,227
2021-02-05,Santa Barbara,083,443738,30641,29455,943,30398,334
2021-02-05,Santa Clara,085,1922200,105739,104112,487,104599,1421
2021-02-05,Santa Cruz,087,273765,14847,13776,717,14493,161
2021-02-05,Shasta,089,179085,10580,10507,1122,11629,136
2021-02-05,Sierra,091,2930,49,42,12,54,0
2021-02-05,Siskiyou,093,43540,1385,1276,202,1478,4
2021-02-05,Solano,095,438530,28848,28283,328,28611,127
2021-02-05,Sonoma,097,501317,26682,26423,146,26569,252
2021-02-05,Stanislaus,099,539301,48417,47024,4954,51978,678
2021-02-05,Sutter,101,95872,8526,8443,76,8519,92
2021-02-05,Tehama,103,63373,4461,4355,465,4820,22
2021-02-05,Trinity,105,12862,446,260,65,325,3
2021-02-05,Tulare,107,460477,46690,45138,7083,52221,663
2021-02-05,Tuolumne,109,53932,3608,3595,33,3628,45
2021-02-05,Ventura,111,848112,74462,72953,2594,75547,546
2021-02-05,Yolo,113,214977,12388,12025,128,12153,162
2021-02-05,Yuba,115,75493,5279,5145,77,5222,35
2021-02-04,Alameda,001,1643700,77124,75422,1593,77015,899
2021-02-04,Alpine,003,1148,73,72,0,72,0
2021-02-04,Amador,005,37829,3341,3288,26,3314,33
2021-02-04,Butte,007,227075,10923,10386,1513,11899,147
2021-02-04,Calaveras,009,45235,1846,1808,11,1819,21
2021-02-04,Colusa,011,21464,1804,1777,229,2006,10
2021-02-04,Contra Costa,013,1133247,59941,57991,990,58981,550
2021-02-04,Del Norte,015,27424,912,870,4,874,2
2021-02-04,El Dorado,017,186661,8765,8490,571,9061,86
2021-02-04,Fresno,019,978130,92851,90126,7109,97235,1114
2021-02-04,Glenn,021,27897,2180,2102,457,2559,14
2021-02-04,Humboldt,023,135768,2914,2827,19,2846,28
2021-02-04,Imperial,025,180216,26836,26411,2369,28780,556
2021-02-04,Inyo,027,18085,1144,1084,8,1092,27
2021-02-04,Kern,029,883053,90099,87156,8799,95955,898
2021-02-04,Kings,031,150075,21548,20918,890,21808,187
2021-02-04,Lake,033,64148,2983,2882,1,2883,34
2021-02-04,Lassen,035,31185,5010,4927,86,5013,1
2021-02-04,Los Angeles,037,10098052,1143154,1106323,36873,1143196,17396
2021-02-04,Madera,039,155013,15055,14706,735,15441,95
2021-02-04,Marin,041,260295,12656,12431,143,12574,192
2021-02-04,Mariposa,043,17540,366,348,3,351,4
2021-02-04,Mendocino,045,87422,3451,3240,65,3305,38
2021-02-04,Merced,047,269075,26958,26629,787,27416,345
2021-02-04,Modoc,049,8938,328,309,106,415,3
2021-02-04,Mono,051,14174,1151,1153,15,1168,3
2021-02-04,Monterey,053,433212,40554,39619,1469,41088,279
2021-02-04,Napa,055,140530,8708,8573,31,8604,55
2021-02-04,Nevada,057,99092,3754,3590,146,3736,37
2021-02-04,Orange,059,3164182,240159,235677,9624,245301,3238
2021-02-04,Placer,061,380077,19769,18711,1008,19719,210
2021-02-04,Plumas,063,18699,625,562,10,572,2
2021-02-04,Riverside,065,2383286,278219,269851,12883,282734,3230
2021-02-04,Sacramento,067,1510023,89904,87658,1102,88760,1222
2021-02-04,San Benito,069,59416,5532,5488,76,5564,51
2021-02-04,San Bernardino,071,2135413,280265,272223,8199,280422,2409
2021-02-04,San Diego,073,3302833,253828,242613,12112,254725,2738
2021-02-04,San Francisco,075,870044,32653,32116,908,33024,326
2021-02-04,San Joaquin,077,732212,64091,62374,2516,64890,883
2021-02-04,San Luis Obispo,079,281455,18721,18058,490,18548,211
2021-02-04,San Mateo,081,765935,37852,36437,372,36809,226
2021-02-04,Santa Barbara,083,443738,30506,29344,926,30270,322
2021-02-04,Santa Clara,085,1922200,105396,103781,484,104265,1404
2021-02-04,Santa Cruz,087,273765,14814,13713,709,14422,156
2021-02-04,Shasta,089,179085,10554,10466,1117,11583,131
2021-02-04,Sierra,091,2930,49,42,12,54,0
2021-02-04,Siskiyou,093,43540,1376,1273,202,1475,4
2021-02-04,Solano,095,438530,28745,28192,327,28519,120
2021-02-04,Sonoma,097,501317,26600,26276,143,26419,249
2021-02-04,Stanislaus,099,539301,48256,46822,4935,51757,678
2021-02-04,Sutter,101,95872,8506,8401,76,8477,92
2021-02-04,Tehama,103,63373,4444,4327,464,4791,21
2021-02-04,Trinity,105,12862,445,260,64,324,3
2021-02-04,Tulare,107,460477,46563,44983,7025,52008,656
2021-02-04,Tuolumne,109,53932,3568,3585,33,3618,45
2021-02-04,Ventura,111,848112,74130,72595,2581,75176,537
2021-02-04,Yolo,113,214977,12354,11982,127,12109,161
2021-02-04,Yuba,115,75493,5253,5135,77,5212,34
2021-02-03,Alameda,001,1643700,76800,74968,1589,76557,880
2021-02-03,Alpine,003,1148,73,72,0,72,0
2021-02-03,Amador,005,37829,3337,3281,26,3307,33
2021-02-03,Butte,007,227075,10891,10355,1506,11861,144
2021-02-03,Calaveras,009,45235,1831,1799,11,1810,21
2021-02-03,Colusa,011,21464,1799,1773,228,2001,10
2021-02-03,Contra Costa,013,1133247,59701,57762,978,58740,537
2021-02-03,Del Norte,015,27424,907,869,4,873,2
2021-02-03,El Dorado,017,186661,8744,8428,570,8998,86
2021-02-03,Fresno,019,978130,92630,89748,7070,96818,1015
2021-02-03,Glenn,021,27897,2170,2098,456,2554,14
2021-02-03,Humboldt,023,135768,2904,2800,19,2819,27
2021-02-03,Imperial,025,180216,26800,26363,2363,28726,547
2021-02-03,Inyo,027,18085,1134,1071,8,1079,27
2021-02-03,Kern,029,883053,89856,86771,8758,95529,877
2021-02-03,Kings,031,150075,21487,20831,888,21719,172
2021-02-03,Lake,033,64148,2965,2869,1,2870,33
2021-02-03,Lassen,035,31185,4998,4910,86,4996,1
2021-02-03,Los Angeles,037,10098052,1140071,1101890,36752,1138642,17163
2021-02-03,Madera,039,155013,15015,14605,733,15338,94
2021-02-03,Marin,041,260295,12621,12406,143,12549,190
2021-02-03,Mariposa,043,17540,365,347,3,350,4
2021-02-03,Mendocino,045,87422,3425,3236,64,3300,38
2021-02-03,Merced,047,269075,26843,26520,783,27303,343
2021-02-03,Modoc,049,8938,327,308,106,414,3
2021-02-03,Mono,051,14174,1144,1146,15,1161,3
2021-02-03,Monterey,053,433212,40427,39500,1452,40952,279
2021-02-03,Napa,055,140530,8673,8534,31,8565,54
2021-02-03,Nevada,057,99092,3740,3572,146,3718,35
2021-02-03,Orange,059,3164182,239415,234738,9592,244330,3189
2021-02-03,Placer,061,380077,19714,18646,1006,19652,210
2021-02-03,Plumas,063,18699,625,559,10,569,2
2021-02-03,Riverside,065,2383286,277478,269019,12853,281872,3195
2021-02-03,Sacramento,067,1510023,89581,87415,1098,88513,1212
2021-02-03,San Benito,069,59416,5514,5463,73,5536,51
2021-02-03,San Bernardino,071,2135413,279779,271477,8176,279653,2308
2021-02-03,San Diego,073,3302833,252926,241015,12066,253081,2683
2021-02-03,San Francisco,075,870044,32523,31983,903,32886,325
2021-02-03,San Joaquin,077,732212,63863,61976,2506,64482,880
2021-02-03,San Luis Obispo,079,281455,18643,17922,487,18409,206
2021-02-03,San Mateo,081,765935,37714,36227,368,36595,225
2021-02-03,Santa Barbara,083,443738,30357,29121,917,30038,315
2021-02-03,Santa Clara,085,1922200,105080,103278,482,103760,1364
2021-02-03,Santa Cruz,087,273765,14759,13611,703,14314,154
2021-02-03,Shasta,089,179085,10511,10422,1112,11534,130
2021-02-03,Sierra,091,2930,49,42,12,54,0
2021-02-03,Siskiyou,093,43540,1365,1268,201,1469,4
2021-02-03,Solano,095,438530,28623,28057,327,28384,119
2021-02-03,Sonoma,097,501317,26516,26155,142,26297,248
2021-02-03,Stanislaus,099,539301,48080,46598,4916,51514,662
2021-02-03,Sutter,101,95872,8481,8379,76,8455,90
2021-02-03,Tehama,103,63373,4426,4309,461,4770,21
2021-02-03,Trinity,105,12862,445,260,63,323,3
2021-02-03,Tulare,107,460477,46392,44838,6969,51807,640
2021-02-03,Tuolumne,109,53932,3557,3568,33,3601,45
2021-02-03,Ventura,111,848112,73793,72124,2571,74695,526
2021-02-03,Yolo,113,214977,12329,11933,127,12060,161
2021-02-03,Yuba,115,75493,5235,5124,77,5201,34
2021-02-02,Alameda,001,1643700,76455,74642,1577,76219,869
2021-02-02,Alpine,003,1148,73,72,0,72,0
2021-02-02,Amador,005,37829,3306,3275,26,3301,33
2021-02-02,Butte,007,227075,10865,10307,1497,11804,141
2021-02-02,Calaveras,009,45235,1822,1786,11,1797,21
2021-02-02,Colusa,011,21464,1791,1769,223,1992,9
2021-02-02,Contra Costa,013,1133247,59422,57551,975,58526,536
2021-02-02,Del Norte,015,27424,901,868,4,872,2
2021-02-02,El Dorado,017,186661,8704,8405,570,8975,84
2021-02-02,Fresno,019,978130,92329,89542,7035,96577,1009
2021-02-02,Glenn,021,27897,2158,2090,453,2543,14
2021-02-02,Humboldt,023,135768,2892,2784,19,2803,25
2021-02-02,Imperial,025,180216,26747,26317,2357,28674,535
2021-02-02,Inyo,027,18085,1131,1074,8,1082,27
2021-02-02,Kern,029,883053,89553,86485,8682,95167,867
2021-02-02,Kings,031,150075,21409,20785,880,21665,172
2021-02-02,Lake,033,64148,2945,2857,1,2858,33
2021-02-02,Lassen,035,31185,4991,4908,86,4994,1
2021-02-02,Los Angeles,037,10098052,1136686,1097573,36590,1134163,16913
2021-02-02,Madera,039,155013,14964,14595,728,15323,94
2021-02-02,Marin,041,260295,12592,12367,143,12510,189
2021-02-02,Mariposa,043,17540,362,345,3,348,4
2021-02-02,Mendocino,045,87422,3392,3210,64,3274,38
2021-02-02,Merced,047,269075,26746,26427,777,27204,340
2021-02-02,Modoc,049,8938,322,306,106,412,3
2021-02-02,Mono,051,14174,1142,1147,15,1162,3
2021-02-02,Monterey,053,433212,40292,39371,1438,40809,278
2021-02-02,Napa,055,140530,8644,8505,31,8536,53
2021-02-02,Nevada,057,99092,3725,3548,146,3694,20
2021-02-02,Orange,059,3164182,238613,233783,9557,243340,3152
2021-02-02,Placer,061,380077,19656,18615,1002,19617,205
2021-02-02,Plumas,063,18699,625,560,10,570,2
2021-02-02,Riverside,065,2383286,276619,267901,12819,280720,3169
2021-02-02,Sacramento,067,1510023,89291,87107,1087,88194,1202
2021-02-02,San Benito,069,59416,5500,5444,72,5516,50
2021-02-02,San Bernardino,071,2135413,279101,270486,8147,278633,2244
2021-02-02,San Diego,073,3302833,251887,240047,11979,252026,2629
2021-02-02,San Francisco,075,870044,32369,31788,893,32681,324
2021-02-02,San Joaquin,077,732212,63642,61708,2493,64201,878
2021-02-02,San Luis Obispo,079,281455,18549,17811,485,18296,201
2021-02-02,San Mateo,081,765935,37550,36004,362,36366,225
2021-02-02,Santa Barbara,083,443738,30186,28951,910,29861,304
2021-02-02,Santa Clara,085,1922200,104615,102872,477,103349,1349
2021-02-02,Santa Cruz,087,273765,14700,13572,699,14271,150
2021-02-02,Shasta,089,179085,10485,10371,1102,11473,128
2021-02-02,Sierra,091,2930,49,42,12,54,0
2021-02-02,Siskiyou,093,43540,1358,1252,198,1450,4
2021-02-02,Solano,095,438530,28527,27963,323,28286,118
2021-02-02,Sonoma,097,501317,26400,26054,142,26196,247
2021-02-02,Stanislaus,099,539301,47861,46306,4884,51190,641
2021-02-02,Sutter,101,95872,8458,8340,76,8416,89
2021-02-02,Tehama,103,63373,4412,4289,460,4749,21
2021-02-02,Trinity,105,12862,445,260,63,323,3
2021-02-02,Tulare,107,460477,46236,44720,6904,51624,625
2021-02-02,Tuolumne,109,53932,3545,3548,33,3581,39
2021-02-02,Ventura,111,848112,73376,71557,2561,74118,514
2021-02-02,Yolo,113,214977,12284,11886,126,12012,158
2021-02-02,Yuba,115,75493,5217,5111,76,5187,34
2021-02-01,Alameda,001,1643700,76100,74374,1572,75946,858
2021-02-01,Alpine,003,1148,73,72,0,72,0
2021-02-01,Amador,005,37829,3295,3234,26,3260,32
2021-02-01,Butte,007,227075,10821,10263,1493,11756,141
2021-02-01,Calaveras,009,45235,1815,1785,11,1796,21
2021-02-01,Colusa,011,21464,1786,1763,214,1977,9
2021-02-01,Contra Costa,013,1133247,59179,57324,974,58298,531
2021-02-01,Del Norte,015,27424,897,865,4,869,2
2021-02-01,El Dorado,017,186661,8665,8337,570,8907,83
2021-02-01,Fresno,019,978130,91997,89272,7000,96272,994
2021-02-01,Glenn,021,27897,2142,2086,445,2531,14
2021-02-01,Humboldt,023,135768,2871,2773,18,2791,25
2021-02-01,Imperial,025,180216,26703,26224,2355,28579,530
2021-02-01,Inyo,027,18085,1121,1072,8,1080,27
2021-02-01,Kern,029,883053,89156,86170,8614,94784,862
2021-02-01,Kings,031,150075,21318,20746,872,21618,172
2021-02-01,Lake,033,64148,2929,2843,1,2844,33
2021-02-01,Lassen,035,31185,4971,4907,86,4993,1
2021-02-01,Los Angeles,037,10098052,1132859,1094341,36425,1130766,16695
2021-02-01,Madera,039,155013,14929,14572,725,15297,94
2021-02-01,Marin,041,260295,12553,12341,142,12483,188
2021-02-01,Mariposa,043,17540,360,344,3,347,4
2021-02-01,Mendocino,045,87422,3359,3192,64,3256,37
2021-02-01,Merced,047,269075,26622,26282,768,27050,337
2021-02-01,Modoc,049,8938,316,303,102,405,1
2021-02-01,Mono,051,14174,1139,1145,15,1160,3
2021-02-01,Monterey,053,433212,40108,39196,1417,40613,278
2021-02-01,Napa,055,140530,8612,8449,31,8480,52
2021-02-01,Nevada,057,99092,3708,3535,145,3680,20
2021-02-01,Orange,059,3164182,237701,233155,9512,242667,3100
2021-02-01,Placer,061,380077,19589,18574,995,19569,204
2021-02-01,Plumas,063,18699,623,554,10,564,2
2021-02-01,Riverside,065,2383286,275681,267025,12784,279809,3092
2021-02-01,Sacramento,067,1510023,88890,86856,1076,87932,1193
2021-02-01,San Benito,069,59416,5482,5432,72,5504,48
2021-02-01,San Bernardino,071,2135413,278405,270012,8108,278120,2172
2021-02-01,San Diego,073,3302833,250662,239121,11903,251024,2619
2021-02-01,San Francisco,075,870044,32234,31703,881,32584,324
2021-02-01,San Joaquin,077,732212,63436,61542,2482,64024,877
2021-02-01,San Luis Obispo,079,281455,18429,17690,478,18168,199
2021-02-01,San Mateo,081,765935,37401,35843,362,36205,220
2021-02-01,Santa Barbara,083,443738,30017,28837,902,29739,297
2021-02-01,Santa Clara,085,1922200,104198,102462,476,102938,1343
2021-02-01,Santa Cruz,087,273765,14647,13524,697,14221,149
2021-02-01,Shasta,089,179085,10460,10329,1096,11425,112
2021-02-01,Sierra,091,2930,49,42,12,54,0
2021-02-01,Siskiyou,093,43540,1351,1238,195,1433,4
2021-02-01,Solano,095,438530,28422,27844,322,28166,117
2021-02-01,Sonoma,097,501317,26312,26011,141,26152,243
2021-02-01,Stanislaus,099,539301,47604,46112,4856,50968,642
2021-02-01,Sutter,101,95872,8419,8313,76,8389,89
2021-02-01,Tehama,103,63373,4386,4263,460,4723,21
2021-02-01,Trinity,105,12862,443,260,63,323,3
2021-02-01,Tulare,107,460477,46091,44569,6824,51393,618
2021-02-01,Tuolumne,109,53932,3537,3534,33,3567,39
2021-02-01,Ventura,111,848112,72971,71104,2544,73648,502
2021-02-01,Yolo,113,214977,12236,11824,126,11950,151
2021-02-01,Yuba,115,75493,5203,5084,75,5159,33
2021-01-31,Alameda,001,1643700,75671,73979,1564,75543,857
2021-01-31,Alpine,003,1148,73,72,0,72,0
2021-01-31,Amador,005,37829,3285,3212,25,3237,32
2021-01-31,Butte,007,227075,10776,10215,1483,11698,140
2021-01-31,Calaveras,009,45235,1795,1778,11,1789,21
2021-01-31,Colusa,011,21464,1780,1754,209,1963,9
2021-01-31,Contra Costa,013,1133247,58847,57079,974,58053,531
2021-01-31,Del Norte,015,27424,895,865,4,869,2
2021-01-31,El Dorado,017,186661,8628,8317,568,8885,83
2021-01-31,Fresno,019,978130,91685,88852,6946,95798,994
2021-01-31,Glenn,021,27897,2132,2083,444,2527,14
2021-01-31,Humboldt,023,135768,2855,2767,18,2785,25
2021-01-31,Imperial,025,180216,26631,26206,2346,28552,530
2021-01-31,Inyo,027,18085,1108,1072,8,1080,27
2021-01-31,Kern,029,883053,88660,85872,8530,94402,861
2021-01-31,Kings,031,150075,21234,20709,860,21569,172
2021-01-31,Lake,033,64148,2908,2826,1,2827,33
2021-01-31,Lassen,035,31185,4955,4900,86,4986,1
2021-01-31,Los Angeles,037,10098052,1128229,1090304,36224,1126528,16609
2021-01-31,Madera,039,155013,14875,14496,717,15213,94
2021-01-31,Marin,041,260295,12506,12297,138,12435,185
2021-01-31,Mariposa,043,17540,358,344,3,347,4
2021-01-31,Mendocino,045,87422,3336,3181,63,3244,37
2021-01-31,Merced,047,269075,26478,26222,763,26985,337
2021-01-31,Modoc,049,8938,313,304,100,404,1
2021-01-31,Mono,051,14174,1136,1146,15,1161,3
2021-01-31,Monterey,053,433212,39929,39035,1390,40425,278
2021-01-31,Napa,055,140530,8570,8404,31,8435,52
2021-01-31,Nevada,057,99092,3686,3518,143,3661,20
2021-01-31,Orange,059,3164182,236684,232347,9472,241819,3053
2021-01-31,Placer,061,380077,19512,18506,984,19490,204
2021-01-31,Plumas,063,18699,622,554,10,564,2
2021-01-31,Riverside,065,2383286,274665,266145,12737,278882,3074
2021-01-31,Sacramento,067,1510023,88448,86560,1062,87622,1186
2021-01-31,San Benito,069,59416,5460,5425,70,5495,48
2021-01-31,San Bernardino,071,2135413,277384,269533,8079,277612,2156
2021-01-31,San Diego,073,3302833,249349,238039,11789,249828,2619
2021-01-31,San Francisco,075,870044,32043,31563,870,32433,323
2021-01-31,San Joaquin,077,732212,63035,61379,2473,63852,877
2021-01-31,San Luis Obispo,079,281455,18296,17615,473,18088,199
2021-01-31,San Mateo,081,765935,37211,35659,359,36018,219
2021-01-31,Santa Barbara,083,443738,29773,28570,893,29463,297
2021-01-31,Santa Clara,085,1922200,103647,101986,467,102453,1330
2021-01-31,Santa Cruz,087,273765,14552,13469,683,14152,149
2021-01-31,Shasta,089,179085,10415,10313,1088,11401,112
2021-01-31,Sierra,091,2930,48,43,12,55,0
2021-01-31,Siskiyou,093,43540,1341,1238,195,1433,4
2021-01-31,Solano,095,438530,28292,27678,322,28000,118
2021-01-31,Sonoma,097,501317,26209,25925,140,26065,243
2021-01-31,Stanislaus,099,539301,47320,45971,4826,50797,642
2021-01-31,Sutter,101,95872,8374,8289,76,8365,89
2021-01-31,Tehama,103,63373,4364,4256,459,4715,21
2021-01-31,Trinity,105,12862,441,260,63,323,3
2021-01-31,Tulare,107,460477,45923,44440,6744,51184,618
2021-01-31,Tuolumne,109,53932,3499,3519,33,3552,39
2021-01-31,Ventura,111,848112,72376,70635,2531,73166,502
2021-01-31,Yolo,113,214977,12175,11771,126,11897,151
2021-01-31,Yuba,115,75493,5183,5071,75,5146,33
2021-01-30,Alameda,001,1643700,75467,73622,1559,75181,850
2021-01-30,Alpine,003,1148,73,72,0,72,0
2021-01-30,Amador,005,37829,3281,3181,25,3206,32
2021-01-30,Butte,007,227075,10742,10177,1474,11651,139
2021-01-30,Calaveras,009,45235,1782,1763,11,1774,21
2021-01-30,Colusa,011,21464,1778,1748,209,1957,9
2021-01-30,Contra Costa,013,1133247,58664,56763,970,57733,531
2021-01-30,Del Norte,015,27424,894,865,4,869,2
2021-01-30,El Dorado,017,186661,8608,8299,567,8866,83
2021-01-30,Fresno,019,978130,91505,88476,6926,95402,964
2021-01-30,Glenn,021,27897,2129,2074,442,2516,14
2021-01-30,Humboldt,023,135768,2844,2742,18,2760,24
2021-01-30,Imperial,025,180216,26607,26160,2344,28504,530
2021-01-30,Inyo,027,18085,1104,1068,8,1076,27
2021-01-30,Kern,029,883053,88459,85572,8465,94037,848
2021-01-30,Kings,031,150075,21163,20605,855,21460,169
2021-01-30,Lake,033,64148,2902,2809,1,2810,33
2021-01-30,Lassen,035,31185,4951,4890,86,4976,1
2021-01-30,Los Angeles,037,10098052,1125830,1084763,36082,1120845,16484
2021-01-30,Madera,039,155013,14833,14443,712,15155,94
2021-01-30,Marin,041,260295,12478,12225,137,12362,185
2021-01-30,Mariposa,043,17540,356,344,3,347,4
2021-01-30,Mendocino,045,87422,3322,3153,62,3215,36
2021-01-30,Merced,047,269075,26404,26078,761,26839,335
2021-01-30,Modoc,049,8938,313,303,100,403,1
2021-01-30,Mono,051,14174,1136,1143,15,1158,3
2021-01-30,Monterey,053,433212,39869,38847,1388,40235,277
2021-01-30,Napa,055,140530,8554,8342,31,8373,52
2021-01-30,Nevada,057,99092,3667,3499,143,3642,20
2021-01-30,Orange,059,3164182,236139,231358,9435,240793,3013
2021-01-30,Placer,061,380077,19459,18430,978,19408,205
2021-01-30,Plumas,063,18699,620,554,10,564,2
2021-01-30,Riverside,065,2383286,274068,265137,12706,277843,3061
2021-01-30,Sacramento,067,1510023,88256,86388,1057,87445,1184
2021-01-30,San Benito,069,59416,5442,5401,69,5470,48
2021-01-30,San Bernardino,071,2135413,276957,268660,8060,276720,2122
2021-01-30,San Diego,073,3302833,248584,236765,11744,248509,2603
2021-01-30,San Francisco,075,870044,31942,31427,867,32294,316
2021-01-30,San Joaquin,077,732212,62903,61120,2464,63584,864
2021-01-30,San Luis Obispo,079,281455,18216,17522,472,17994,198
2021-01-30,San Mateo,081,765935,37072,35451,358,35809,219
2021-01-30,Santa Barbara,083,443738,29631,28342,891,29233,296
2021-01-30,Santa Clara,085,1922200,103301,101471,465,101936,1307
2021-01-30,Santa Cruz,087,273765,14512,13383,682,14065,149
2021-01-30,Shasta,089,179085,10396,10283,1085,11368,112
2021-01-30,Sierra,091,2930,48,43,12,55,0
2021-01-30,Siskiyou,093,43540,1338,1236,194,1430,4
2021-01-30,Solano,095,438530,28209,27511,321,27832,118
2021-01-30,Sonoma,097,501317,26161,25810,137,25947,243
2021-01-30,Stanislaus,099,539301,47190,45697,4799,50496,642
2021-01-30,Sutter,101,95872,8358,8226,76,8302,87
2021-01-30,Tehama,103,63373,4351,4229,458,4687,21
2021-01-30,Trinity,105,12862,441,259,63,322,3
2021-01-30,Tulare,107,460477,45787,44203,6708,50911,615
2021-01-30,Tuolumne,109,53932,3495,3508,33,3541,36
2021-01-30,Ventura,111,848112,72063,69931,2517,72448,493
2021-01-30,Yolo,113,214977,12161,11698,125,11823,151
2021-01-30,Yuba,115,75493,5173,5042,74,5116,33
2021-01-29,Alameda,001,1643700,75200,73210,1552,74762,841
2021-01-29,Alpine,003,1148,73,72,0,72,0
2021-01-29,Amador,005,37829,3269,3134,24,3158,32
2021-01-29,Butte,007,227075,10710,10122,1465,11587,138
2021-01-29,Calaveras,009,45235,1771,1757,11,1768,21
2021-01-29,Colusa,011,21464,1774,1734,208,1942,8
2021-01-29,Contra Costa,013,1133247,58494,56318,968,57286,529
2021-01-29,Del Norte,015,27424,893,865,4,869,2
2021-01-29,El Dorado,017,186661,8591,8231,566,8797,83
2021-01-29,Fresno,019,978130,91290,87936,6889,94825,962
2021-01-29,Glenn,021,27897,2124,2061,441,2502,14
2021-01-29,Humboldt,023,135768,2831,2707,18,2725,24
2021-01-29,Imperial,025,180216,26592,26045,2341,28386,521
2021-01-29,Inyo,027,18085,1092,1048,8,1056,27
2021-01-29,Kern,029,883053,88232,85044,8414,93458,836
2021-01-29,Kings,031,150075,21124,20466,850,21316,169
2021-01-29,Lake,033,64148,2892,2792,1,2793,32
2021-01-29,Lassen,035,31185,4948,4874,86,4960,1
2021-01-29,Los Angeles,037,10098052,1122336,1078329,35931,1114260,16190
2021-01-29,Madera,039,155013,14782,14377,712,15089,94
2021-01-29,Marin,041,260295,12433,12145,136,12281,185
2021-01-29,Mariposa,043,17540,355,342,3,345,4
2021-01-29,Mendocino,045,87422,3313,3131,61,3192,36
2021-01-29,Merced,047,269075,26330,25865,756,26621,334
2021-01-29,Modoc,049,8938,312,297,100,397,1
2021-01-29,Mono,051,14174,1134,1139,15,1154,3
2021-01-29,Monterey,053,433212,39755,38539,1380,39919,277
2021-01-29,Napa,055,140530,8523,8276,31,8307,52
2021-01-29,Nevada,057,99092,3658,3487,142,3629,20
2021-01-29,Orange,059,3164182,235462,229917,9398,239315,2967
2021-01-29,Placer,061,380077,19406,18367,974,19341,203
2021-01-29,Plumas,063,18699,619,548,10,558,2
2021-01-29,Riverside,065,2383286,273266,263504,12674,276178,3008
2021-01-29,Sacramento,067,1510023,88002,86320,1053,87373,1169
2021-01-29,San Benito,069,59416,5434,5386,69,5455,48
2021-01-29,San Bernardino,071,2135413,276444,267490,8022,275512,2095
2021-01-29,San Diego,073,3302833,247642,234637,11666,246303,2571
2021-01-29,San Francisco,075,870044,31802,31294,859,32153,307
2021-01-29,San Joaquin,077,732212,62758,60899,2450,63349,858
2021-01-29,San Luis Obispo,079,281455,18156,17440,467,17907,193
2021-01-29,San Mateo,081,765935,36939,35223,355,35578,218
2021-01-29,Santa Barbara,083,443738,29498,28105,885,28990,291
2021-01-29,Santa Clara,085,1922200,102941,101010,463,101473,1273
2021-01-29,Santa Cruz,087,273765,14459,13311,679,13990,148
2021-01-29,Shasta,089,179085,10379,10220,1081,11301,112
2021-01-29,Sierra,091,2930,48,43,12,55,0
2021-01-29,Siskiyou,093,43540,1337,1227,194,1421,4
2021-01-29,Solano,095,438530,28126,27352,319,27671,116
2021-01-29,Sonoma,097,501317,26105,25710,136,25846,243
2021-01-29,Stanislaus,099,539301,47047,45466,4777,50243,642
2021-01-29,Sutter,101,95872,8339,8181,76,8257,87
2021-01-29,Tehama,103,63373,4339,4191,456,4647,20
2021-01-29,Trinity,105,12862,441,260,63,323,3
2021-01-29,Tulare,107,460477,45680,43925,6669,50594,606
2021-01-29,Tuolumne,109,53932,3485,3483,33,3516,36
2021-01-29,Ventura,111,848112,71639,69511,2504,72015,484
2021-01-29,Yolo,113,214977,12123,11612,125,11737,151
2021-01-29,Yuba,115,75493,5157,5018,74,5092,32
2021-01-28,Alameda,001,1643700,74776,72758,1544,74302,833
2021-01-28,Alpine,003,1148,73,72,0,72,0
2021-01-28,Amador,005,37829,3232,3124,24,3148,31
2021-01-28,Butte,007,227075,10669,10037,1455,11492,138
2021-01-28,Calaveras,009,45235,1758,1747,10,1757,21
2021-01-28,Colusa,011,21464,1767,1731,204,1935,8
2021-01-28,Contra Costa,013,1133247,58253,55999,958,56957,525
2021-01-28,Del Norte,015,27424,892,862,4,866,2
2021-01-28,El Dorado,017,186661,8576,8198,561,8759,79
2021-01-28,Fresno,019,978130,91003,87401,6841,94242,949
2021-01-28,Glenn,021,27897,2119,2043,434,2477,14
2021-01-28,Humboldt,023,135768,2814,2686,18,2704,24
2021-01-28,Imperial,025,180216,26548,25984,2334,28318,517
2021-01-28,Inyo,027,18085,1087,1039,8,1047,27
2021-01-28,Kern,029,883053,87903,84708,8331,93039,817
2021-01-28,Kings,031,150075,21064,20328,847,21175,167
2021-01-28,Lake,033,64148,2877,2772,1,2773,32
2021-01-28,Lassen,035,31185,4942,4865,86,4951,1
2021-01-28,Los Angeles,037,10098052,1118422,1072412,35744,1108156,15967
2021-01-28,Madera,039,155013,14726,14301,708,15009,94
2021-01-28,Marin,041,260295,12380,12079,135,12214,183
2021-01-28,Mariposa,043,17540,355,334,3,337,4
2021-01-28,Mendocino,045,87422,3296,3110,61,3171,36
2021-01-28,Merced,047,269075,26208,25620,744,26364,328
2021-01-28,Modoc,049,8938,311,297,100,397,0
2021-01-28,Mono,051,14174,1132,1131,15,1146,3
2021-01-28,Monterey,053,433212,39561,38312,1361,39673,274
2021-01-28,Napa,055,140530,8476,8233,31,8264,50
2021-01-28,Nevada,057,99092,3643,3452,141,3593,19
2021-01-28,Orange,059,3164182,234485,228636,9368,238004,2860
2021-01-28,Placer,061,380077,19346,18246,971,19217,198
2021-01-28,Plumas,063,18699,618,547,10,557,2
2021-01-28,Riverside,065,2383286,272484,262342,12626,274968,2981
2021-01-28,Sacramento,067,1510023,87639,85698,1042,86740,1149
2021-01-28,San Benito,069,59416,5416,5344,68,5412,47
2021-01-28,San Bernardino,071,2135413,275743,266456,8001,274457,2057
2021-01-28,San Diego,073,3302833,246489,232967,11577,244544,2534
2021-01-28,San Francisco,075,870044,31665,31193,843,32036,290
2021-01-28,San Joaquin,077,732212,62492,60627,2436,63063,854
2021-01-28,San Luis Obispo,079,281455,18056,17279,465,17744,189
2021-01-28,San Mateo,081,765935,36770,34931,339,35270,218
2021-01-28,Santa Barbara,083,443738,29274,27674,872,28546,284
2021-01-28,Santa Clara,085,1922200,102475,100470,461,100931,1219
2021-01-28,Santa Cruz,087,273765,14370,13188,673,13861,145
2021-01-28,Shasta,089,179085,10345,10176,1073,11249,110
2021-01-28,Sierra,091,2930,48,43,12,55,0
2021-01-28,Siskiyou,093,43540,1330,1218,192,1410,4
2021-01-28,Solano,095,438530,27966,27163,318,27481,114
2021-01-28,Sonoma,097,501317,26014,25564,136,25700,236
2021-01-28,Stanislaus,099,539301,46839,45162,4758,49920,640
2021-01-28,Sutter,101,95872,8292,8136,76,8212,85
2021-01-28,Tehama,103,63373,4316,4163,453,4616,20
2021-01-28,Trinity,105,12862,439,260,63,323,3
2021-01-28,Tulare,107,460477,45524,43742,6594,50336,595
2021-01-28,Tuolumne,109,53932,3471,3472,33,3505,32
2021-01-28,Ventura,111,848112,71126,68896,2488,71384,475
2021-01-28,Yolo,113,214977,12080,11500,121,11621,151
2021-01-28,Yuba,115,75493,5141,4994,73,5067,32
2021-01-27,Alameda,001,1643700,74358,72188,1537,73725,815
2021-01-27,Alpine,003,1148,73,72,0,72,0
2021-01-27,Amador,005,37829,3216,3116,24,3140,31
2021-01-27,Butte,007,227075,10630,9988,1443,11431,138
2021-01-27,Calaveras,009,45235,1749,1737,10,1747,21
2021-01-27,Colusa,011,21464,1761,1724,202,1926,8
2021-01-27,Contra Costa,013,1133247,57954,55578,955,56533,507
2021-01-27,Del Norte,015,27424,891,859,4,863,2
2021-01-27,El Dorado,017,186661,8550,8141,560,8701,76
2021-01-27,Fresno,019,978130,90712,86886,6799,93685,938
2021-01-27,Glenn,021,27897,2115,2042,433,2475,14
2021-01-27,Humboldt,023,135768,2792,2630,18,2648,24
2021-01-27,Imperial,025,180216,26494,25861,2320,28181,504
2021-01-27,Inyo,027,18085,1083,1023,8,1031,27
2021-01-27,Kern,029,883053,87593,84244,8261,92505,809
2021-01-27,Kings,031,150075,20958,20211,839,21050,167
2021-01-27,Lake,033,64148,2857,2750,1,2751,32
2021-01-27,Lassen,035,31185,4936,4851,86,4937,1
2021-01-27,Los Angeles,037,10098052,1113613,1066569,35538,1102107,15757
2021-01-27,Madera,039,155013,14685,14194,703,14897,86
2021-01-27,Marin,041,260295,12343,12028,134,12162,180
2021-01-27,Mariposa,043,17540,355,333,3,336,4
2021-01-27,Mendocino,045,87422,3276,3095,61,3156,36
2021-01-27,Merced,047,269075,26049,25439,733,26172,315
2021-01-27,Modoc,049,8938,311,297,97,394,0
2021-01-27,Mono,051,14174,1130,1131,15,1146,3
2021-01-27,Monterey,053,433212,39353,38139,1342,39481,268
2021-01-27,Napa,055,140530,8403,8187,31,8218,46
2021-01-27,Nevada,057,99092,3621,3431,141,3572,18
2021-01-27,Orange,059,3164182,233368,227110,9316,236426,2832
2021-01-27,Placer,061,380077,19276,18106,960,19066,198
2021-01-27,Plumas,063,18699,618,544,10,554,2
2021-01-27,Riverside,065,2383286,271288,260796,12575,273371,2931
2021-01-27,Sacramento,067,1510023,87279,85428,1031,86459,1142
2021-01-27,San Benito,069,59416,5401,5284,68,5352,47
2021-01-27,San Bernardino,071,2135413,274892,265153,7968,273121,2019
2021-01-27,San Diego,073,3302833,245160,231478,11472,242950,2465
2021-01-27,San Francisco,075,870044,31521,31082,836,31918,287
2021-01-27,San Joaquin,077,732212,62222,60131,2417,62548,853
2021-01-27,San Luis Obispo,079,281455,17948,17119,461,17580,188
2021-01-27,San Mateo,081,765935,36615,34619,336,34955,216
2021-01-27,Santa Barbara,083,443738,29097,27435,866,28301,282
2021-01-27,Santa Clara,085,1922200,102070,99732,457,100189,1184
2021-01-27,Santa Cruz,087,273765,14300,13111,670,13781,143
2021-01-27,Shasta,089,179085,10311,10106,1067,11173,105
2021-01-27,Sierra,091,2930,48,44,12,56,0
2021-01-27,Siskiyou,093,43540,1325,1214,189,1403,4
2021-01-27,Solano,095,438530,27789,26982,311,27293,112
2021-01-27,Sonoma,097,501317,25915,25361,132,25493,237
2021-01-27,Stanislaus,099,539301,46655,44874,4733,49607,624
2021-01-27,Sutter,101,95872,8249,8093,76,8169,83
2021-01-27,Tehama,103,63373,4296,4133,449,4582,20
2021-01-27,Trinity,105,12862,439,260,63,323,3
2021-01-27,Tulare,107,460477,45337,43462,6523,49985,583
2021-01-27,Tuolumne,109,53932,3461,3464,33,3497,32
2021-01-27,Ventura,111,848112,70653,68291,2463,70754,468
2021-01-27,Yolo,113,214977,12032,11427,119,11546,151
2021-01-27,Yuba,115,75493,5125,4968,73,5041,32
2021-01-26,Alameda,001,1643700,73984,71851,1520,73371,789
2021-01-26,Alpine,003,1148,73,72,0,72,0
2021-01-26,Amador,005,37829,3205,3113,24,3137,31
2021-01-26,Butte,007,227075,10588,9943,1437,11380,136
2021-01-26,Calaveras,009,45235,1739,1723,10,1733,21
2021-01-26,Colusa,011,21464,1754,1719,199,1918,8
2021-01-26,Contra Costa,013,1133247,57676,55337,947,56284,491
2021-01-26,Del Norte,015,27424,890,856,4,860,2
2021-01-26,El Dorado,017,186661,8524,8115,558,8673,71
2021-01-26,Fresno,019,978130,90354,86673,6756,93429,923
2021-01-26,Glenn,021,27897,2105,2034,428,2462,13
2021-01-26,Humboldt,023,135768,2771,2612,17,2629,24
2021-01-26,Imperial,025,180216,26421,25812,2308,28120,498
2021-01-26,Inyo,027,18085,1076,1018,8,1026,27
2021-01-26,Kern,029,883053,87170,83868,8186,92054,790
2021-01-26,Kings,031,150075,20900,20156,834,20990,159
2021-01-26,Lake,033,64148,2848,2748,1,2749,32
2021-01-26,Lassen,035,31185,4930,4844,86,4930,1
2021-01-26,Los Angeles,037,10098052,1108325,1060492,35337,1095829,15458
2021-01-26,Madera,039,155013,14628,14130,697,14827,86
2021-01-26,Marin,041,260295,12298,11993,132,12125,179
2021-01-26,Mariposa,043,17540,353,332,3,335,3
2021-01-26,Mendocino,045,87422,3250,3076,60,3136,36
2021-01-26,Merced,047,269075,25909,25359,725,26084,309
2021-01-26,Modoc,049,8938,304,291,96,387,0
2021-01-26,Mono,051,14174,1128,1120,15,1135,3
2021-01-26,Monterey,053,433212,39159,37963,1322,39285,255
2021-01-26,Napa,055,140530,8346,8145,31,8176,43
2021-01-26,Nevada,057,99092,3614,3410,140,3550,18
2021-01-26,Orange,059,3164182,232244,225987,9270,235257,2760
2021-01-26,Placer,061,380077,19200,18016,958,18974,193
2021-01-26,Plumas,063,18699,616,536,10,546,2
2021-01-26,Riverside,065,2383286,269920,259399,12512,271911,2898
2021-01-26,Sacramento,067,1510023,86921,85062,1024,86086,1127
2021-01-26,San Benito,069,59416,5387,5251,67,5318,45
2021-01-26,San Bernardino,071,2135413,273889,263736,7926,271662,1970
2021-01-26,San Diego,073,3302833,243665,230063,11370,241433,2421
2021-01-26,San Francisco,075,870044,31389,30874,817,31691,286
2021-01-26,San Joaquin,077,732212,61968,59889,2401,62290,847
2021-01-26,San Luis Obispo,079,281455,17867,17016,458,17474,186
2021-01-26,San Mateo,081,765935,36421,34441,325,34766,213
2021-01-26,Santa Barbara,083,443738,28922,27321,854,28175,273
2021-01-26,Santa Clara,085,1922200,101591,99215,454,99669,1171
2021-01-26,Santa Cruz,087,273765,14234,13045,664,13709,134
2021-01-26,Shasta,089,179085,10276,10036,1059,11095,103
2021-01-26,Sierra,091,2930,48,43,12,55,0
2021-01-26,Siskiyou,093,43540,1310,1208,187,1395,4
2021-01-26,Solano,095,438530,27633,26858,304,27162,110
2021-01-26,Sonoma,097,501317,25796,25273,130,25403,236
2021-01-26,Stanislaus,099,539301,46473,44703,4693,49396,599
2021-01-26,Sutter,101,95872,8206,8067,76,8143,83
2021-01-26,Tehama,103,63373,4263,4115,449,4564,20
2021-01-26,Trinity,105,12862,439,260,63,323,3
2021-01-26,Tulare,107,460477,45133,43394,6456,49850,579
2021-01-26,Tuolumne,109,53932,3451,3451,33,3484,30
2021-01-26,Ventura,111,848112,70120,67526,2437,69963,448
2021-01-26,Yolo,113,214977,11987,11361,116,11477,148
2021-01-26,Yuba,115,75493,5100,4944,71,5015,31
2021-01-25,Alameda,001,1643700,73558,71255,1510,72765,780
2021-01-25,Alpine,003,1148,73,72,0,72,0
2021-01-25,Amador,005,37829,3165,3074,24,3098,30
2021-01-25,Butte,007,227075,10521,9865,1429,11294,133
2021-01-25,Calaveras,009,45235,1724,1713,10,1723,21
2021-01-25,Colusa,011,21464,1742,1709,195,1904,8
2021-01-25,Contra Costa,013,1133247,57322,54989,940,55929,488
2021-01-25,Del Norte,015,27424,889,855,4,859,2
2021-01-25,El Dorado,017,186661,8499,8060,558,8618,66
2021-01-25,Fresno,019,978130,89983,86336,6725,93061,913
2021-01-25,Glenn,021,27897,2096,2028,428,2456,13
2021-01-25,Humboldt,023,135768,2737,2587,17,2604,24
2021-01-25,Imperial,025,180216,26372,25745,2300,28045,491
2021-01-25,Inyo,027,18085,1070,1015,8,1023,27
2021-01-25,Kern,029,883053,86784,83401,8101,91502,787
2021-01-25,Kings,031,150075,20780,20067,830,20897,159
2021-01-25,Lake,033,64148,2829,2729,1,2730,32
2021-01-25,Lassen,035,31185,4903,4835,86,4921,1
2021-01-25,Los Angeles,037,10098052,1102361,1055181,35114,1090295,15163
2021-01-25,Madera,039,155013,14574,14068,692,14760,86
2021-01-25,Marin,041,260295,12246,11923,128,12051,177
2021-01-25,Mariposa,043,17540,350,331,3,334,3
2021-01-25,Mendocino,045,87422,3239,3054,60,3114,35
2021-01-25,Merced,047,269075,25770,25181,716,25897,305
2021-01-25,Modoc,049,8938,303,288,92,380,0
2021-01-25,Mono,051,14174,1125,1114,14,1128,3
2021-01-25,Monterey,053,433212,38906,37726,1303,39029,255
2021-01-25,Napa,055,140530,8312,8057,30,8087,43
2021-01-25,Nevada,057,99092,3600,3365,140,3505,18
2021-01-25,Orange,059,3164182,231036,225105,9225,234330,2696
2021-01-25,Placer,061,380077,19112,17936,943,18879,193
2021-01-25,Plumas,063,18699,613,533,10,543,2
2021-01-25,Riverside,065,2383286,268181,258082,12459,270541,2789
2021-01-25,Sacramento,067,1510023,86479,84653,1016,85669,1118
2021-01-25,San Benito,069,59416,5352,5238,66,5304,43
2021-01-25,San Bernardino,071,2135413,272946,263174,7890,271064,1947
2021-01-25,San Diego,073,3302833,242052,228630,11298,239928,2375
2021-01-25,San Francisco,075,870044,31239,30734,794,31528,288
2021-01-25,San Joaquin,077,732212,61674,59291,2376,61667,838
2021-01-25,San Luis Obispo,079,281455,17733,16868,453,17321,179
2021-01-25,San Mateo,081,765935,36188,34187,319,34506,213
2021-01-25,Santa Barbara,083,443738,28688,27065,844,27909,269
2021-01-25,Santa Clara,085,1922200,101027,98647,446,99093,1143
2021-01-25,Santa Cruz,087,273765,14147,12973,660,13633,133
2021-01-25,Shasta,089,179085,10235,9991,1048,11039,103
2021-01-25,Sierra,091,2930,48,42,12,54,0
2021-01-25,Siskiyou,093,43540,1302,1205,184,1389,4
2021-01-25,Solano,095,438530,27465,26648,303,26951,109
2021-01-25,Sonoma,097,501317,25689,25160,128,25288,233
2021-01-25,Stanislaus,099,539301,46227,44293,4651,48944,599
2021-01-25,Sutter,101,95872,8163,8023,76,8099,83
2021-01-25,Tehama,103,63373,4236,4082,445,4527,20
2021-01-25,Trinity,105,12862,439,262,63,325,3
2021-01-25,Tulare,107,460477,44916,43124,6354,49478,578
2021-01-25,Tuolumne,109,53932,3442,3422,33,3455,29
2021-01-25,Ventura,111,848112,69486,66910,2420,69330,439
2021-01-25,Yolo,113,214977,11901,11276,115,11391,140
2021-01-25,Yuba,115,75493,5078,4900,69,4969,31
2021-01-24,Alameda,001,1643700,73054,70823,1499,72322,780
2021-01-24,Alpine,003,1148,73,72,0,72,0
2021-01-24,Amador,005,37829,3132,3054,24,3078,30
2021-01-24,Butte,007,227075,10437,9820,1413,11233,133
2021-01-24,Calaveras,009,45235,1711,1704,10,1714,21
2021-01-24,Colusa,011,21464,1731,1689,189,1878,8
2021-01-24,Contra Costa,013,1133247,56934,54694,927,55621,488
2021-01-24,Del Norte,015,27424,885,855,4,859,2
2021-01-24,El Dorado,017,186661,8464,8003,554,8557,66
2021-01-24,Fresno,019,978130,89545,85808,6686,92494,911
2021-01-24,Glenn,021,27897,2088,2026,427,2453,13
2021-01-24,Humboldt,023,135768,2698,2562,17,2579,24
2021-01-24,Imperial,025,180216,26277,25707,2278,27985,488
2021-01-24,Inyo,027,18085,1054,1007,8,1015,27
2021-01-24,Kern,029,883053,86348,83125,7994,91119,785
2021-01-24,Kings,031,150075,20652,19988,814,20802,159
2021-01-24,Lake,033,64148,2812,2724,0,2724,32
2021-01-24,Lassen,035,31185,4892,4828,83,4911,1
2021-01-24,Los Angeles,037,10098052,1095946,1048757,34809,1083566,15119
2021-01-24,Madera,039,155013,14484,14000,686,14686,86
2021-01-24,Marin,041,260295,12179,11872,127,11999,177
2021-01-24,Mariposa,043,17540,346,322,3,325,3
2021-01-24,Mendocino,045,87422,3218,3037,59,3096,33
2021-01-24,Merced,047,269075,25559,25047,707,25754,305
2021-01-24,Modoc,049,8938,303,285,92,377,0
2021-01-24,Mono,051,14174,1118,1113,14,1127,3
2021-01-24,Monterey,053,433212,38635,37527,1269,38796,254
2021-01-24,Napa,055,140530,8270,8005,30,8035,43
2021-01-24,Nevada,057,99092,3558,3349,138,3487,18
2021-01-24,Orange,059,3164182,229603,223853,9157,233010,2632
2021-01-24,Placer,061,380077,18999,17839,923,18762,193
2021-01-24,Plumas,063,18699,610,532,10,542,2
2021-01-24,Riverside,065,2383286,266539,256767,12383,269150,2761
2021-01-24,Sacramento,067,1510023,85925,84110,1008,85118,1112
2021-01-24,San Benito,069,59416,5310,5223,63,5286,43
2021-01-24,San Bernardino,071,2135413,271623,262370,7838,270208,1935
2021-01-24,San Diego,073,3302833,240358,227193,11167,238360,2375
2021-01-24,San Francisco,075,870044,31051,30559,772,31331,275
2021-01-24,San Joaquin,077,732212,61247,59021,2362,61383,838
2021-01-24,San Luis Obispo,079,281455,17609,16758,451,17209,179
2021-01-24,San Mateo,081,765935,35943,33956,314,34270,213
2021-01-24,Santa Barbara,083,443738,28372,26735,834,27569,269
2021-01-24,Santa Clara,085,1922200,100379,98103,441,98544,1109
2021-01-24,Santa Cruz,087,273765,14061,12905,652,13557,133
2021-01-24,Shasta,089,179085,10164,9978,1039,11017,103
2021-01-24,Sierra,091,2930,47,42,12,54,0
2021-01-24,Siskiyou,093,43540,1295,1195,184,1379,4
2021-01-24,Solano,095,438530,27277,26515,299,26814,109
2021-01-24,Sonoma,097,501317,25527,25045,127,25172,233
2021-01-24,Stanislaus,099,539301,45918,44031,4592,48623,599
2021-01-24,Sutter,101,95872,8099,7980,76,8056,83
2021-01-24,Tehama,103,63373,4196,4062,440,4502,20
2021-01-24,Trinity,105,12862,439,262,63,325,3
2021-01-24,Tulare,107,460477,44697,43006,6265,49271,577
2021-01-24,Tuolumne,109,53932,3431,3416,33,3449,29
2021-01-24,Ventura,111,848112,68775,66347,2398,68745,439
2021-01-24,Yolo,113,214977,11817,11210,111,11321,140
2021-01-24,Yuba,115,75493,5038,4875,68,4943,31
2021-01-23,Alameda,001,1643700,72806,70080,1492,71572,780
2021-01-23,Alpine,003,1148,73,72,0,72,0
2021-01-23,Amador,005,37829,3129,3049,24,3073,30
2021-01-23,Butte,007,227075,10408,9757,1410,11167,133
2021-01-23,Calaveras,009,45235,1708,1695,10,1705,21
2021-01-23,Colusa,011,21464,1727,1672,188,1860,8
2021-01-23,Contra Costa,013,1133247,56721,54162,920,55082,487
2021-01-23,Del Norte,015,27424,884,855,4,859,2
2021-01-23,El Dorado,017,186661,8448,7984,552,8536,66
2021-01-23,Fresno,019,978130,89359,85274,6658,91932,910
2021-01-23,Glenn,021,27897,2085,2015,423,2438,13
2021-01-23,Humboldt,023,135768,2679,2493,16,2509,23
2021-01-23,Imperial,025,180216,26243,25581,2268,27849,487
2021-01-23,Inyo,027,18085,1045,987,8,995,27
2021-01-23,Kern,029,883053,86104,82602,7926,90528,783
2021-01-23,Kings,031,150075,20608,19904,812,20716,159
2021-01-23,Lake,033,64148,2804,2673,0,2673,32
2021-01-23,Lassen,035,31185,4891,4816,80,4896,1
2021-01-23,Los Angeles,037,10098052,1092712,1040961,34649,1075610,15034
2021-01-23,Madera,039,155013,14448,13858,683,14541,86
2021-01-23,Marin,041,260295,12123,11796,125,11921,177
2021-01-23,Mariposa,043,17540,346,323,3,326,3
2021-01-23,Mendocino,045,87422,3204,2991,59,3050,32
2021-01-23,Merced,047,269075,25467,24787,693,25480,303
2021-01-23,Modoc,049,8938,303,285,92,377,0
2021-01-23,Mono,051,14174,1116,1111,14,1125,3
2021-01-23,Monterey,053,433212,38552,37165,1264,38429,253
2021-01-23,Napa,055,140530,8245,7893,30,7923,43
2021-01-23,Nevada,057,99092,3547,3332,137,3469,18
2021-01-23,Orange,059,3164182,228835,221722,9117,230839,2618
2021-01-23,Placer,061,380077,18948,17617,918,18535,193
2021-01-23,Plumas,063,18699,609,528,10,538,2
2021-01-23,Riverside,065,2383286,265639,253636,12333,265969,2733
2021-01-23,Sacramento,067,1510023,85697,83408,1005,84413,1108
2021-01-23,San Benito,069,59416,5286,5166,62,5228,43
2021-01-23,San Bernardino,071,2135413,271072,260381,7808,268189,1922
2021-01-23,San Diego,073,3302833,239297,225556,11095,236651,2344
2021-01-23,San Francisco,075,870044,30947,30308,743,31051,268
2021-01-23,San Joaquin,077,732212,61121,58164,2352,60516,836
2021-01-23,San Luis Obispo,079,281455,17545,16652,448,17100,176
2021-01-23,San Mateo,081,765935,35767,33696,303,33999,213
2021-01-23,Santa Barbara,083,443738,28187,26234,825,27059,264
2021-01-23,Santa Clara,085,1922200,100023,97189,440,97629,1086
2021-01-23,Santa Cruz,087,273765,14003,12771,649,13420,127
2021-01-23,Shasta,089,179085,10135,9951,1038,10989,103
2021-01-23,Sierra,091,2930,47,41,12,53,0
2021-01-23,Siskiyou,093,43540,1285,1190,183,1373,4
2021-01-23,Solano,095,438530,27184,26261,297,26558,107
2021-01-23,Sonoma,097,501317,25447,24790,127,24917,232
2021-01-23,Stanislaus,099,539301,45751,43723,4561,48284,599
2021-01-23,Sutter,101,95872,8081,7943,75,8018,80
2021-01-23,Tehama,103,63373,4177,4006,439,4445,20
2021-01-23,Trinity,105,12862,439,262,63,325,3
2021-01-23,Tulare,107,460477,44544,42661,6205,48866,575
2021-01-23,Tuolumne,109,53932,3424,3407,33,3440,29
2021-01-23,Ventura,111,848112,68325,65581,2375,67956,438
2021-01-23,Yolo,113,214977,11775,11087,110,11197,141
2021-01-23,Yuba,115,75493,5026,4831,67,4898,30
2021-01-22,Alameda,001,1643700,72484,69693,1486,71179,751
2021-01-22,Alpine,003,1148,73,71,0,71,0
2021-01-22,Amador,005,37829,3124,3042,24,3066,30
2021-01-22,Butte,007,227075,10364,9711,1397,11108,133
2021-01-22,Calaveras,009,45235,1699,1672,10,1682,21
2021-01-22,Colusa,011,21464,1725,1668,188,1856,7
2021-01-22,Contra Costa,013,1133247,56484,53887,914,54801,485
2021-01-22,Del Norte,015,27424,883,852,4,856,2
2021-01-22,El Dorado,017,186661,8414,7877,549,8426,64
2021-01-22,Fresno,019,978130,89018,84744,6630,91374,892
2021-01-22,Glenn,021,27897,2080,1985,417,2402,13
2021-01-22,Humboldt,023,135768,2655,2452,16,2468,23
2021-01-22,Imperial,025,180216,26208,25562,2253,27815,474
2021-01-22,Inyo,027,18085,1034,961,8,969,26
2021-01-22,Kern,029,883053,85807,82101,7850,89951,771
2021-01-22,Kings,031,150075,20532,19760,808,20568,159
2021-01-22,Lake,033,64148,2792,2681,0,2681,32
2021-01-22,Lassen,035,31185,4882,4765,79,4844,1
2021-01-22,Los Angeles,037,10098052,1088246,1031177,34460,1065637,14777
2021-01-22,Madera,039,155013,14388,13781,682,14463,86
2021-01-22,Marin,041,260295,12087,11769,123,11892,177
2021-01-22,Mariposa,043,17540,346,323,3,326,3
2021-01-22,Mendocino,045,87422,3179,2994,58,3052,32
2021-01-22,Merced,047,269075,25344,24616,686,25302,290
2021-01-22,Modoc,049,8938,303,285,92,377,0
2021-01-22,Mono,051,14174,1116,1108,14,1122,3
2021-01-22,Monterey,053,433212,38400,36909,1259,38168,253
2021-01-22,Napa,055,140530,8199,7828,30,7858,40
2021-01-22,Nevada,057,99092,3522,3296,136,3432,18
2021-01-22,Orange,059,3164182,227883,220384,9070,229454,2542
2021-01-22,Placer,061,380077,18891,17636,903,18539,193
2021-01-22,Plumas,063,18699,607,522,10,532,2
2021-01-22,Riverside,065,2383286,264494,252440,12267,264707,2710
2021-01-22,Sacramento,067,1510023,85367,82861,997,83858,1094
2021-01-22,San Benito,069,59416,5260,5143,62,5205,43
2021-01-22,San Bernardino,071,2135413,270260,259121,7778,266899,1849
2021-01-22,San Diego,073,3302833,238057,222576,11030,233606,2301
2021-01-22,San Francisco,075,870044,30834,30027,726,30753,266
2021-01-22,San Joaquin,077,732212,60939,58485,2340,60825,812
2021-01-22,San Luis Obispo,079,281455,17456,16336,445,16781,172
2021-01-22,San Mateo,081,765935,35545,33401,300,33701,211
2021-01-22,Santa Barbara,083,443738,27986,25989,814,26803,256
2021-01-22,Santa Clara,085,1922200,99584,96435,437,96872,1062
2021-01-22,Santa Cruz,087,273765,13945,12687,645,13332,123
2021-01-22,Shasta,089,179085,10115,9866,1036,10902,103
2021-01-22,Sierra,091,2930,47,40,12,52,0
2021-01-22,Siskiyou,093,43540,1281,1182,181,1363,4
2021-01-22,Solano,095,438530,27094,26048,295,26343,107
2021-01-22,Sonoma,097,501317,25362,24659,127,24786,232
2021-01-22,Stanislaus,099,539301,45585,43489,4535,48024,599
2021-01-22,Sutter,101,95872,8056,7878,75,7953,80
2021-01-22,Tehama,103,63373,4161,3993,437,4430,19
2021-01-22,Trinity,105,12862,438,263,63,326,3
2021-01-22,Tulare,107,460477,44364,42307,6138,48445,573
2021-01-22,Tuolumne,109,53932,3396,3379,33,3412,29
2021-01-22,Ventura,111,848112,67819,64404,2357,66761,426
2021-01-22,Yolo,113,214977,11741,11014,108,11122,141
2021-01-22,Yuba,115,75493,5002,4789,65,4854,29
2021-01-21,Alameda,001,1643700,72048,69314,1469,70783,739
2021-01-21,Alpine,003,1148,73,71,0,71,0
2021-01-21,Amador,005,37829,3102,3038,24,3062,29
2021-01-21,Butte,007,227075,10300,9643,1390,11033,130
2021-01-21,Calaveras,009,45235,1690,1647,10,1657,21
2021-01-21,Colusa,011,21464,1718,1662,185,1847,7
2021-01-21,Contra Costa,013,1133247,56076,53595,901,54496,478
2021-01-21,Del Norte,015,27424,881,850,3,853,2
2021-01-21,El Dorado,017,186661,8365,7823,546,8369,58
2021-01-21,Fresno,019,978130,88614,84137,6590,90727,889
2021-01-21,Glenn,021,27897,2072,1964,412,2376,13
2021-01-21,Humboldt,023,135768,2632,2423,16,2439,23
2021-01-21,Imperial,025,180216,26118,25509,2240,27749,463
2021-01-21,Inyo,027,18085,1025,946,8,954,26
2021-01-21,Kern,029,883053,85395,81328,7735,89063,769
2021-01-21,Kings,031,150075,20461,19633,791,20424,158
2021-01-21,Lake,033,64148,2777,2669,0,2669,32
2021-01-21,Lassen,035,31185,4875,4763,79,4842,1
2021-01-21,Los Angeles,037,10098052,1081581,1023055,34145,1057200,14537
2021-01-21,Madera,039,155013,14320,13664,674,14338,86
2021-01-21,Marin,041,260295,12032,11732,121,11853,173
2021-01-21,Mariposa,043,17540,342,322,3,325,3
2021-01-21,Mendocino,045,87422,3156,2967,56,3023,32
2021-01-21,Merced,047,269075,25189,24426,679,25105,245
2021-01-21,Modoc,049,8938,300,284,91,375,0
2021-01-21,Mono,051,14174,1111,1104,14,1118,3
2021-01-21,Monterey,053,433212,38120,36149,1250,37399,253
2021-01-21,Napa,055,140530,8135,7774,30,7804,40
2021-01-21,Nevada,057,99092,3493,3274,135,3409,18
2021-01-21,Orange,059,3164182,226507,218867,9016,227883,2540
2021-01-21,Placer,061,380077,18812,17553,899,18452,190
2021-01-21,Plumas,063,18699,603,518,10,528,2
2021-01-21,Riverside,065,2383286,262772,251007,12189,263196,2676
2021-01-21,Sacramento,067,1510023,84888,82303,977,83280,1084
2021-01-21,San Benito,069,59416,5230,5100,57,5157,43
2021-01-21,San Bernardino,071,2135413,268919,257754,7714,265468,1832
2021-01-21,San Diego,073,3302833,236282,219729,10923,230652,2222
2021-01-21,San Francisco,075,870044,30658,29801,692,30493,266
2021-01-21,San Joaquin,077,732212,60629,58270,2322,60592,806
2021-01-21,San Luis Obispo,079,281455,17370,16153,437,16590,169
2021-01-21,San Mateo,081,765935,35299,33156,287,33443,210
2021-01-21,Santa Barbara,083,443738,27698,25654,801,26455,253
2021-01-21,Santa Clara,085,1922200,98961,96028,431,96459,1062
2021-01-21,Santa Cruz,087,273765,13861,12548,635,13183,119
2021-01-21,Shasta,089,179085,10072,9795,1021,10816,98
2021-01-21,Sierra,091,2930,47,40,12,52,0
2021-01-21,Siskiyou,093,43540,1278,1178,179,1357,4
2021-01-21,Solano,095,438530,26914,25885,291,26176,106
2021-01-21,Sonoma,097,501317,25222,24440,125,24565,230
2021-01-21,Stanislaus,099,539301,45287,43223,4491,47714,599
2021-01-21,Sutter,101,95872,8022,7822,75,7897,80
2021-01-21,Tehama,103,63373,4122,3938,437,4375,19
2021-01-21,Trinity,105,12862,438,261,63,324,3
2021-01-21,Tulare,107,460477,44153,42082,6064,48146,569
2021-01-21,Tuolumne,109,53932,3386,3365,32,3397,29
2021-01-21,Ventura,111,848112,67125,63995,2336,66331,420
2021-01-21,Yolo,113,214977,11650,10940,100,11040,141
2021-01-21,Yuba,115,75493,4970,4757,64,4821,29
2021-01-20,Alameda,001,1643700,71572,68785,1453,70238,702
2021-01-20,Alpine,003,1148,73,71,0,71,0
2021-01-20,Amador,005,37829,3071,3036,24,3060,29
2021-01-20,Butte,007,227075,10244,9582,1380,10962,130
2021-01-20,Calaveras,009,45235,1668,1637,9,1646,21
2021-01-20,Colusa,011,21464,1701,1630,180,1810,7
2021-01-20,Contra Costa,013,1133247,55619,53108,894,54002,461
2021-01-20,Del Norte,015,27424,880,848,3,851,2
2021-01-20,El Dorado,017,186661,8315,7785,543,8328,53
2021-01-20,Fresno,019,978130,88196,83591,6537,90128,872
2021-01-20,Glenn,021,27897,2053,1955,410,2365,13
2021-01-20,Humboldt,023,135768,2589,2390,16,2406,22
2021-01-20,Imperial,025,180216,26046,25380,2206,27586,461
2021-01-20,Inyo,027,18085,1015,901,8,909,26
2021-01-20,Kern,029,883053,84945,80701,7628,88329,754
2021-01-20,Kings,031,150075,20371,19522,783,20305,146
2021-01-20,Lake,033,64148,2756,2646,0,2646,31
2021-01-20,Lassen,035,31185,4867,4758,77,4835,1
2021-01-20,Los Angeles,037,10098052,1074080,1015608,33862,1049470,14299
2021-01-20,Madera,039,155013,14256,13585,670,14255,86
2021-01-20,Marin,041,260295,11978,11684,119,11803,171
2021-01-20,Mariposa,043,17540,340,322,3,325,3
2021-01-20,Mendocino,045,87422,3141,2957,56,3013,32
2021-01-20,Merced,047,269075,25016,24220,657,24877,243
2021-01-20,Modoc,049,8938,299,282,91,373,0
2021-01-20,Mono,051,14174,1104,1105,13,1118,3
2021-01-20,Monterey,053,433212,37808,35960,1230,37190,249
2021-01-20,Napa,055,140530,8066,7731,30,7761,40
2021-01-20,Nevada,057,99092,3461,3238,135,3373,18
2021-01-20,Orange,059,3164182,224972,216893,8955,225848,2500
2021-01-20,Placer,061,380077,18718,17455,881,18336,186
2021-01-20,Plumas,063,18699,601,512,10,522,2
2021-01-20,Riverside,065,2383286,260728,248686,12106,260792,2615
2021-01-20,Sacramento,067,1510023,84328,81687,967,82654,1072
2021-01-20,San Benito,069,59416,5199,5036,56,5092,35
2021-01-20,San Bernardino,071,2135413,267576,255921,7667,263588,1801
2021-01-20,San Diego,073,3302833,234427,218553,10819,229372,2174
2021-01-20,San Francisco,075,870044,30470,29665,672,30337,262
2021-01-20,San Joaquin,077,732212,60225,58025,2313,60338,783
2021-01-20,San Luis Obispo,079,281455,17188,15936,428,16364,164
2021-01-20,San Mateo,081,765935,35072,32929,286,33215,210
2021-01-20,Santa Barbara,083,443738,27380,25312,789,26101,248
2021-01-20,Santa Clara,085,1922200,98280,94995,429,95424,1040
2021-01-20,Santa Cruz,087,273765,13754,12460,622,13082,107
2021-01-20,Shasta,089,179085,10020,9697,1011,10708,98
2021-01-20,Sierra,091,2930,47,40,12,52,0
2021-01-20,Siskiyou,093,43540,1271,1163,178,1341,4
2021-01-20,Solano,095,438530,26721,25659,287,25946,106
2021-01-20,Sonoma,097,501317,25085,24262,123,24385,223
2021-01-20,Stanislaus,099,539301,45007,42955,4453,47408,585
2021-01-20,Sutter,101,95872,7971,7772,73,7845,80
2021-01-20,Tehama,103,63373,4096,3892,435,4327,19
2021-01-20,Trinity,105,12862,438,260,63,323,3
2021-01-20,Tulare,107,460477,43895,41799,5974,47773,559
2021-01-20,Tuolumne,109,53932,3372,3355,31,3386,29
2021-01-20,Ventura,111,848112,66165,63413,2307,65720,395
2021-01-20,Yolo,113,214977,11582,10852,97,10949,141
2021-01-20,Yuba,115,75493,4943,4729,64,4793,29
2021-01-19,Alameda,001,1643700,70930,68434,1444,69878,680
2021-01-19,Alpine,003,1148,73,71,0,71,0
2021-01-19,Amador,005,37829,3062,3024,24,3048,28
2021-01-19,Butte,007,227075,10181,9528,1366,10894,129
2021-01-19,Calaveras,009,45235,1653,1621,8,1629,21
2021-01-19,Colusa,011,21464,1679,1617,177,1794,7
2021-01-19,Contra Costa,013,1133247,55126,52730,883,53613,448
2021-01-19,Del Norte,015,27424,878,843,3,846,2
2021-01-19,El Dorado,017,186661,8254,7743,535,8278,47
2021-01-19,Fresno,019,978130,87674,83200,6487,89687,857
2021-01-19,Glenn,021,27897,2041,1948,405,2353,13
2021-01-19,Humboldt,023,135768,2565,2359,13,2372,22
2021-01-19,Imperial,025,180216,25965,25333,2190,27523,452
2021-01-19,Inyo,027,18085,1008,891,8,899,26
2021-01-19,Kern,029,883053,84356,80272,7523,87795,742
2021-01-19,Kings,031,150075,20232,19375,773,20148,143
2021-01-19,Lake,033,64148,2741,2625,0,2625,31
2021-01-19,Lassen,035,31185,4860,4753,77,4830,1
2021-01-19,Los Angeles,037,10098052,1065402,1010375,33595,1043970,14014
2021-01-19,Madera,039,155013,14140,13528,663,14191,86
2021-01-19,Marin,041,260295,11921,11654,115,11769,169
2021-01-19,Mariposa,043,17540,340,322,3,325,3
2021-01-19,Mendocino,045,87422,3124,2930,56,2986,32
2021-01-19,Merced,047,269075,24804,24108,648,24756,242
2021-01-19,Modoc,049,8938,298,281,91,372,0
2021-01-19,Mono,051,14174,1103,1106,13,1119,3
2021-01-19,Monterey,053,433212,37506,35840,1209,37049,248
2021-01-19,Napa,055,140530,8007,7672,30,7702,38
2021-01-19,Nevada,057,99092,3442,3216,133,3349,18
2021-01-19,Orange,059,3164182,223237,215244,8888,224132,2468
2021-01-19,Placer,061,380077,18621,17348,871,18219,182
2021-01-19,Plumas,063,18699,594,509,10,519,2
2021-01-19,Riverside,065,2383286,258641,246248,12028,258276,2585
2021-01-19,Sacramento,067,1510023,83791,81183,947,82130,1053
2021-01-19,San Benito,069,59416,5153,4988,55,5043,35
2021-01-19,San Bernardino,071,2135413,265859,253651,7611,261262,1777
2021-01-19,San Diego,073,3302833,232004,216833,10721,227554,2109
2021-01-19,San Francisco,075,870044,30251,29502,641,30143,261
2021-01-19,San Joaquin,077,732212,59842,57655,2302,59957,782
2021-01-19,San Luis Obispo,079,281455,16925,15855,425,16280,161
2021-01-19,San Mateo,081,765935,34787,32730,275,33005,208
2021-01-19,Santa Barbara,083,443738,26996,24991,773,25764,236
2021-01-19,Santa Clara,085,1922200,97510,94483,428,94911,1010
2021-01-19,Santa Cruz,087,273765,13637,12410,614,13024,106
2021-01-19,Shasta,089,179085,9984,9614,1001,10615,93
2021-01-19,Sierra,091,2930,47,40,10,50,0
2021-01-19,Siskiyou,093,43540,1263,1149,176,1325,4
2021-01-19,Solano,095,438530,26474,25520,286,25806,106
2021-01-19,Sonoma,097,501317,24905,24133,121,24254,223
2021-01-19,Stanislaus,099,539301,44659,42723,4408,47131,561
2021-01-19,Sutter,101,95872,7921,7709,67,7776,80
2021-01-19,Tehama,103,63373,4064,3876,433,4309,19
2021-01-19,Trinity,105,12862,437,260,63,323,3
2021-01-19,Tulare,107,460477,43617,41559,5879,47438,549
2021-01-19,Tuolumne,109,53932,3345,3328,31,3359,29
2021-01-19,Ventura,111,848112,65486,62656,2280,64936,383
2021-01-19,Yolo,113,214977,11495,10789,97,10886,134
2021-01-19,Yuba,115,75493,4910,4695,63,4758,29
2021-01-18,Alameda,001,1643700,70298,67938,1426,69364,680
2021-01-18,Alpine,003,1148,73,71,0,71,0
2021-01-18,Amador,005,37829,3048,3016,24,3040,28
2021-01-18,Butte,007,227075,10096,9474,1354,10828,129
2021-01-18,Calaveras,009,45235,1632,1617,7,1624,21
2021-01-18,Colusa,011,21464,1662,1608,176,1784,7
2021-01-18,Contra Costa,013,1133247,54608,52323,875,53198,448
2021-01-18,Del Norte,015,27424,877,840,3,843,2
2021-01-18,El Dorado,017,186661,8186,7707,533,8240,47
2021-01-18,Fresno,019,978130,87063,82485,6421,88906,857
2021-01-18,Glenn,021,27897,2024,1935,401,2336,13
2021-01-18,Humboldt,023,135768,2527,2343,13,2356,22
2021-01-18,Imperial,025,180216,25896,25317,2166,27483,452
2021-01-18,Inyo,027,18085,996,872,8,880,26
2021-01-18,Kern,029,883053,83719,79930,7432,87362,740
2021-01-18,Kings,031,150075,20062,19267,761,20028,141
2021-01-18,Lake,033,64148,2724,2591,0,2591,30
2021-01-18,Lassen,035,31185,4824,4749,76,4825,1
2021-01-18,Los Angeles,037,10098052,1055898,1002614,33308,1035922,13828
2021-01-18,Madera,039,155013,14027,13443,655,14098,85
2021-01-18,Marin,041,260295,11874,11607,113,11720,165
2021-01-18,Mariposa,043,17540,337,320,2,322,3
2021-01-18,Mendocino,045,87422,3101,2919,56,2975,31
2021-01-18,Merced,047,269075,24559,23927,632,24559,242
2021-01-18,Modoc,049,8938,295,281,88,369,0
2021-01-18,Mono,051,14174,1100,1101,13,1114,3
2021-01-18,Monterey,053,433212,37064,35549,1195,36744,247
2021-01-18,Napa,055,140530,7933,7601,30,7631,38
2021-01-18,Nevada,057,99092,3404,3199,133,3332,17
2021-01-18,Orange,059,3164182,221340,213866,8834,222700,2405
2021-01-18,Placer,061,380077,18505,17263,862,18125,182
2021-01-18,Plumas,063,18699,591,506,10,516,2
2021-01-18,Riverside,065,2383286,256329,244151,11935,256086,2568
2021-01-18,Sacramento,067,1510023,83121,80546,931,81477,1046
2021-01-18,San Benito,069,59416,5105,4963,53,5016,35
2021-01-18,San Bernardino,071,2135413,264112,252808,7556,260364,1775
2021-01-18,San Diego,073,3302833,229356,214335,10592,224927,2103
2021-01-18,San Francisco,075,870044,30045,29321,617,29938,259
2021-01-18,San Joaquin,077,732212,59326,57405,2280,59685,782
2021-01-18,San Luis Obispo,079,281455,16738,15742,415,16157,158
2021-01-18,San Mateo,081,765935,34474,32515,256,32771,208
2021-01-18,Santa Barbara,083,443738,26617,24638,760,25398,235
2021-01-18,Santa Clara,085,1922200,96631,93688,424,94112,992
2021-01-18,Santa Cruz,087,273765,13504,12298,601,12899,106
2021-01-18,Shasta,089,179085,9945,9600,991,10591,92
2021-01-18,Sierra,091,2930,46,40,10,50,0
2021-01-18,Siskiyou,093,43540,1251,1144,175,1319,4
2021-01-18,Solano,095,438530,26197,25344,282,25626,105
2021-01-18,Sonoma,097,501317,24637,24068,120,24188,223
2021-01-18,Stanislaus,099,539301,44302,42413,4352,46765,562
2021-01-18,Sutter,101,95872,7864,7680,65,7745,78
2021-01-18,Tehama,103,63373,4020,3854,426,4280,19
2021-01-18,Trinity,105,12862,437,260,63,323,3
2021-01-18,Tulare,107,460477,43328,41196,5772,46968,549
2021-01-18,Tuolumne,109,53932,3321,3318,30,3348,28
2021-01-18,Ventura,111,848112,65056,61859,2258,64117,379
2021-01-18,Yolo,113,214977,11366,10620,94,10714,134
2021-01-18,Yuba,115,75493,4883,4671,61,4732,29
2021-01-17,Alameda,001,1643700,69734,67375,1408,68783,676
2021-01-17,Alpine,003,1148,73,71,0,71,0
2021-01-17,Amador,005,37829,3041,3001,24,3025,28
2021-01-17,Butte,007,227075,10021,9411,1330,10741,129
2021-01-17,Calaveras,009,45235,1619,1608,7,1615,21
2021-01-17,Colusa,011,21464,1648,1588,172,1760,7
2021-01-17,Contra Costa,013,1133247,54117,51932,865,52797,447
2021-01-17,Del Norte,015,27424,877,838,3,841,2
2021-01-17,El Dorado,017,186661,8130,7659,522,8181,47
2021-01-17,Fresno,019,978130,86510,82039,6345,88384,857
2021-01-17,Glenn,021,27897,2013,1924,396,2320,9
2021-01-17,Humboldt,023,135768,2491,2322,11,2333,22
2021-01-17,Imperial,025,180216,25826,25253,2123,27376,451
2021-01-17,Inyo,027,18085,990,864,8,872,26
2021-01-17,Kern,029,883053,83169,79489,7347,86836,738
2021-01-17,Kings,031,150075,19926,19201,747,19948,131
2021-01-17,Lake,033,64148,2708,2572,0,2572,30
2021-01-17,Lassen,035,31185,4816,4740,75,4815,1
2021-01-17,Los Angeles,037,10098052,1049242,993028,32916,1025944,13741
2021-01-17,Madera,039,155013,13935,13328,650,13978,85
2021-01-17,Marin,041,260295,11821,11552,111,11663,164
2021-01-17,Mariposa,043,17540,337,319,2,321,3
2021-01-17,Mendocino,045,87422,3073,2912,55,2967,31
2021-01-17,Merced,047,269075,24347,23800,614,24414,242
2021-01-17,Modoc,049,8938,294,279,88,367,0
2021-01-17,Mono,051,14174,1093,1091,12,1103,3
2021-01-17,Monterey,053,433212,36820,35340,1169,36509,244
2021-01-17,Napa,055,140530,7877,7521,30,7551,38
2021-01-17,Nevada,057,99092,3379,3176,131,3307,17
2021-01-17,Orange,059,3164182,219343,212389,8759,221148,2359
2021-01-17,Placer,061,380077,18399,17194,847,18041,181
2021-01-17,Plumas,063,18699,589,505,9,514,2
2021-01-17,Riverside,065,2383286,254220,242206,11819,254025,2534
2021-01-17,Sacramento,067,1510023,82519,80154,919,81073,1045
2021-01-17,San Benito,069,59416,5067,4941,53,4994,35
2021-01-17,San Bernardino,071,2135413,261996,251487,7469,258956,1775
2021-01-17,San Diego,073,3302833,227162,211785,10485,222270,2103
2021-01-17,San Francisco,075,870044,29858,29139,580,29719,255
2021-01-17,San Joaquin,077,732212,58968,57094,2266,59360,780
2021-01-17,San Luis Obispo,079,281455,16616,15658,406,16064,157
2021-01-17,San Mateo,081,765935,34222,32186,233,32419,208
2021-01-17,Santa Barbara,083,443738,26157,24401,748,25149,235
2021-01-17,Santa Clara,085,1922200,95880,92752,421,93173,976
2021-01-17,Santa Cruz,087,273765,13392,12196,598,12794,106
2021-01-17,Shasta,089,179085,9887,9588,983,10571,92
2021-01-17,Sierra,091,2930,46,38,9,47,0
2021-01-17,Siskiyou,093,43540,1244,1136,172,1308,4
2021-01-17,Solano,095,438530,25968,25216,280,25496,105
2021-01-17,Sonoma,097,501317,24463,23871,120,23991,223
2021-01-17,Stanislaus,099,539301,43983,42221,4289,46510,562
2021-01-17,Sutter,101,95872,7801,7604,64,7668,77
2021-01-17,Tehama,103,63373,3989,3837,422,4259,18
2021-01-17,Trinity,105,12862,437,261,63,324,3
2021-01-17,Tulare,107,460477,43037,41016,5656,46672,549
2021-01-17,Tuolumne,109,53932,3304,3287,30,3317,27
2021-01-17,Ventura,111,848112,64208,61257,2211,63468,376
2021-01-17,Yolo,113,214977,11266,10519,92,10611,134
2021-01-17,Yuba,115,75493,4833,4640,58,4698,28
2021-01-16,Alameda,001,1643700,69412,66583,1395,67978,673
2021-01-16,Alpine,003,1148,73,71,0,71,0
2021-01-16,Amador,005,37829,3038,2986,24,3010,28
2021-01-16,Butte,007,227075,9990,9359,1310,10669,129
2021-01-16,Calaveras,009,45235,1606,1596,7,1603,21
2021-01-16,Colusa,011,21464,1636,1578,172,1750,7
2021-01-16,Contra Costa,013,1133247,53851,51363,858,52221,443
2021-01-16,Del Norte,015,27424,872,833,3,836,2
2021-01-16,El Dorado,017,186661,8108,7575,521,8096,47
2021-01-16,Fresno,019,978130,86236,81294,6291,87585,846
2021-01-16,Glenn,021,27897,2009,1894,393,2287,9
2021-01-16,Humboldt,023,135768,2471,2294,9,2303,22
2021-01-16,Imperial,025,180216,25791,25140,2116,27256,451
2021-01-16,Inyo,027,18085,986,845,8,853,25
2021-01-16,Kern,029,883053,82803,78865,7293,86158,733
2021-01-16,Kings,031,150075,19870,19072,744,19816,131
2021-01-16,Lake,033,64148,2697,2504,0,2504,30
2021-01-16,Lassen,035,31185,4804,4719,75,4794,1
2021-01-16,Los Angeles,037,10098052,1045160,982684,32678,1015362,13654
2021-01-16,Madera,039,155013,13868,13193,645,13838,85
2021-01-16,Marin,041,260295,11778,11482,111,11593,164
2021-01-16,Mariposa,043,17540,336,317,2,319,3
2021-01-16,Mendocino,045,87422,3059,2890,52,2942,31
2021-01-16,Merced,047,269075,24259,23478,600,24078,242
2021-01-16,Modoc,049,8938,294,278,88,366,0
2021-01-16,Mono,051,14174,1091,1079,12,1091,3
2021-01-16,Monterey,053,433212,36709,34972,1153,36125,243
2021-01-16,Napa,055,140530,7838,7356,30,7386,39
2021-01-16,Nevada,057,99092,3346,3144,131,3275,17
2021-01-16,Orange,059,3164182,218310,210111,8703,218814,2312
2021-01-16,Placer,061,380077,18335,16995,845,17840,177
2021-01-16,Plumas,063,18699,587,502,9,511,2
2021-01-16,Riverside,065,2383286,252863,239412,11704,251116,2506
2021-01-16,Sacramento,067,1510023,82145,79122,902,80024,1033
2021-01-16,San Benito,069,59416,5034,4875,53,4928,35
2021-01-16,San Bernardino,071,2135413,261200,249401,7403,256804,1755
2021-01-16,San Diego,073,3302833,225864,209895,10388,220283,2065
2021-01-16,San Francisco,075,870044,29730,28853,549,29402,244
2021-01-16,San Joaquin,077,732212,58719,56642,2234,58876,776
2021-01-16,San Luis Obispo,079,281455,16515,15466,404,15870,152
2021-01-16,San Mateo,081,765935,34058,31805,227,32032,208
2021-01-16,Santa Barbara,083,443738,25956,24088,744,24832,229
2021-01-16,Santa Clara,085,1922200,95409,91584,414,91998,954
2021-01-16,Santa Cruz,087,273765,13333,12026,596,12622,106
2021-01-16,Shasta,089,179085,9854,9547,979,10526,92
2021-01-16,Sierra,091,2930,45,38,9,47,0
2021-01-16,Siskiyou,093,43540,1239,1124,172,1296,4
2021-01-16,Solano,095,438530,25860,24732,276,25008,103
2021-01-16,Sonoma,097,501317,24372,23607,119,23726,223
2021-01-16,Stanislaus,099,539301,43795,41809,4239,46048,562
2021-01-16,Sutter,101,95872,7769,7560,64,7624,76
2021-01-16,Tehama,103,63373,3975,3783,422,4205,18
2021-01-16,Trinity,105,12862,437,261,63,324,3
2021-01-16,Tulare,107,460477,42858,40655,5583,46238,542
2021-01-16,Tuolumne,109,53932,3296,3269,30,3299,27
2021-01-16,Ventura,111,848112,63656,60368,2181,62549,369
2021-01-16,Yolo,113,214977,11217,10406,91,10497,134
2021-01-16,Yuba,115,75493,4802,4602,58,4660,27
2021-01-15,Alameda,001,1643700,68986,65416,1384,66800,672
2021-01-15,Alpine,003,1148,73,71,0,71,0
2021-01-15,Amador,005,37829,3031,2953,24,2977,28
2021-01-15,Butte,007,227075,9948,9233,1295,10528,129
2021-01-15,Calaveras,009,45235,1599,1538,7,1545,21
2021-01-15,Colusa,011,21464,1625,1541,167,1708,7
2021-01-15,Contra Costa,013,1133247,53521,50408,851,51259,428
2021-01-15,Del Norte,015,27424,868,828,2,830,2
2021-01-15,El Dorado,017,186661,8059,7439,513,7952,47
2021-01-15,Fresno,019,978130,85699,79950,6255,86205,832
2021-01-15,Glenn,021,27897,2005,1824,390,2214,9
2021-01-15,Humboldt,023,135768,2444,2218,8,2226,22
2021-01-15,Imperial,025,180216,25757,24944,2110,27054,446
2021-01-15,Inyo,027,18085,968,814,8,822,25
2021-01-15,Kern,029,883053,82387,77873,7228,85101,719
2021-01-15,Kings,031,150075,19761,18661,738,19399,131
2021-01-15,Lake,033,64148,2671,2434,0,2434,28
2021-01-15,Lassen,035,31185,4793,4693,73,4766,1
2021-01-15,Los Angeles,037,10098052,1038109,968979,32394,1001373,13404
2021-01-15,Madera,039,155013,13783,12883,642,13525,85
2021-01-15,Marin,041,260295,11727,11310,111,11421,160
2021-01-15,Mariposa,043,17540,334,307,2,309,3
2021-01-15,Mendocino,045,87422,3048,2835,52,2887,31
2021-01-15,Merced,047,269075,24146,23060,596,23656,239
2021-01-15,Modoc,049,8938,294,278,86,364,0
2021-01-15,Mono,051,14174,1088,1057,12,1069,3
2021-01-15,Monterey,053,433212,36492,34460,1096,35556,243
2021-01-15,Napa,055,140530,7776,7231,30,7261,38
2021-01-15,Nevada,057,99092,3333,3099,128,3227,17
2021-01-15,Orange,059,3164182,216958,207129,8651,215780,2254
2021-01-15,Placer,061,380077,18231,16712,836,17548,173
2021-01-15,Plumas,063,18699,584,499,9,508,2
2021-01-15,Riverside,065,2383286,250998,235235,11625,246860,2458
2021-01-15,Sacramento,067,1510023,81723,80279,894,81173,1023
2021-01-15,San Benito,069,59416,4995,4766,51,4817,35
2021-01-15,San Bernardino,071,2135413,260025,246182,7341,253523,1726
2021-01-15,San Diego,073,3302833,224115,206868,10323,217191,2037
2021-01-15,San Francisco,075,870044,29556,28574,529,29103,242
2021-01-15,San Joaquin,077,732212,58486,55885,2220,58105,748
2021-01-15,San Luis Obispo,079,281455,16382,15129,399,15528,148
2021-01-15,San Mateo,081,765935,33813,31291,223,31514,208
2021-01-15,Santa Barbara,083,443738,25673,23487,740,24227,226
2021-01-15,Santa Clara,085,1922200,94755,90103,409,90512,942
2021-01-15,Santa Cruz,087,273765,13224,11776,583,12359,105
2021-01-15,Shasta,089,179085,9815,9459,972,10431,91
2021-01-15,Sierra,091,2930,44,36,7,43,0
2021-01-15,Siskiyou,093,43540,1235,1119,172,1291,4
2021-01-15,Solano,095,438530,25710,24222,274,24496,103
2021-01-15,Sonoma,097,501317,24241,23204,118,23322,222
2021-01-15,Stanislaus,099,539301,43545,41178,4197,45375,562
2021-01-15,Sutter,101,95872,7722,7484,63,7547,75
2021-01-15,Tehama,103,63373,3953,3714,421,4135,17
2021-01-15,Trinity,105,12862,437,262,63,325,3
2021-01-15,Tulare,107,460477,42615,39951,5500,45451,535
2021-01-15,Tuolumne,109,53932,3280,3231,30,3261,27
2021-01-15,Ventura,111,848112,62912,59061,2148,61209,353
2021-01-15,Yolo,113,214977,11161,10240,90,10330,134
2021-01-15,Yuba,115,75493,4782,4549,58,4607,27
2021-01-14,Alameda,001,1643700,68357,64364,1368,65732,686
2021-01-14,Alpine,003,1148,73,71,0,71,0
2021-01-14,Amador,005,37829,3025,2940,24,2964,28
2021-01-14,Butte,007,227075,9860,9127,1273,10400,129
2021-01-14,Calaveras,009,45235,1582,1513,7,1520,21
2021-01-14,Colusa,011,21464,1610,1535,161,1696,7
2021-01-14,Contra Costa,013,1133247,52966,49545,838,50383,415
2021-01-14,Del Norte,015,27424,862,821,2,823,2
2021-01-14,El Dorado,017,186661,7985,7321,506,7827,45
2021-01-14,Fresno,019,978130,85066,79033,6175,85208,814
2021-01-14,Glenn,021,27897,1993,1798,385,2183,9
2021-01-14,Humboldt,023,135768,2401,2169,8,2177,22
2021-01-14,Imperial,025,180216,25648,24882,2077,26959,447
2021-01-14,Inyo,027,18085,961,790,8,798,25
2021-01-14,Kern,029,883053,81716,77070,7127,84197,705
2021-01-14,Kings,031,150075,19631,18405,734,19139,108
2021-01-14,Lake,033,64148,2628,2378,0,2378,27
2021-01-14,Lassen,035,31185,4783,4673,71,4744,1
2021-01-14,Los Angeles,037,10098052,1028080,954652,32026,986678,13147
2021-01-14,Madera,039,155013,13669,12742,631,13373,85
2021-01-14,Marin,041,260295,11653,11155,110,11265,159
2021-01-14,Mariposa,043,17540,331,302,2,304,3
2021-01-14,Mendocino,045,87422,3034,2801,50,2851,31
2021-01-14,Merced,047,269075,23919,22780,586,23366,239
2021-01-14,Modoc,049,8938,294,273,86,359,0
2021-01-14,Mono,051,14174,1080,1020,12,1032,3
2021-01-14,Monterey,053,433212,36071,34105,1074,35179,242
2021-01-14,Napa,055,140530,7690,7117,30,7147,38
2021-01-14,Nevada,057,99092,3306,3075,126,3201,17
2021-01-14,Orange,059,3164182,215028,204442,8567,213009,2162
2021-01-14,Placer,061,380077,18069,16488,829,17317,169
2021-01-14,Plumas,063,18699,576,496,9,505,2
2021-01-14,Riverside,065,2383286,248353,231684,11524,243208,2357
2021-01-14,Sacramento,067,1510023,81086,79137,871,80008,1007
2021-01-14,San Benito,069,59416,4959,4678,50,4728,35
2021-01-14,San Bernardino,071,2135413,258055,243379,7270,250649,1750
2021-01-14,San Diego,073,3302833,221721,204173,10203,214376,2005
2021-01-14,San Francisco,075,870044,29311,28200,483,28683,238
2021-01-14,San Joaquin,077,732212,57969,55058,2207,57265,739
2021-01-14,San Luis Obispo,079,281455,16220,14851,390,15241,146
2021-01-14,San Mateo,081,765935,33444,30694,214,30908,208
2021-01-14,Santa Barbara,083,443738,25252,23126,723,23849,219
2021-01-14,Santa Clara,085,1922200,93828,88505,403,88908,910
2021-01-14,Santa Cruz,087,273765,13077,11583,568,12151,109
2021-01-14,Shasta,089,179085,9766,9334,956,10290,90
2021-01-14,Sierra,091,2930,44,35,6,41,0
2021-01-14,Siskiyou,093,43540,1223,1108,169,1277,3
2021-01-14,Solano,095,438530,25451,23782,270,24052,103
2021-01-14,Sonoma,097,501317,24001,22910,118,23028,202
2021-01-14,Stanislaus,099,539301,43218,40597,4156,44753,574
2021-01-14,Sutter,101,95872,7663,7416,60,7476,74
2021-01-14,Tehama,103,63373,3925,3664,417,4081,17
2021-01-14,Trinity,105,12862,437,261,62,323,3
2021-01-14,Tulare,107,460477,42232,39565,5392,44957,533
2021-01-14,Tuolumne,109,53932,3259,3215,30,3245,28
2021-01-14,Ventura,111,848112,62040,57941,2111,60052,347
2021-01-14,Yolo,113,214977,11053,10097,86,10183,135
2021-01-14,Yuba,115,75493,4749,4496,58,4554,27
2021-01-13,Alameda,001,1643700,67605,63568,1352,64920,690
2021-01-13,Alpine,003,1148,73,71,0,71,0
2021-01-13,Amador,005,37829,3011,2914,24,2938,26
2021-01-13,Butte,007,227075,9778,9013,1258,10271,126
2021-01-13,Calaveras,009,45235,1560,1493,7,1500,21
2021-01-13,Colusa,011,21464,1598,1524,153,1677,7
2021-01-13,Contra Costa,013,1133247,52389,48877,826,49703,403
2021-01-13,Del Norte,015,27424,858,820,2,822,2
2021-01-13,El Dorado,017,186661,7892,7247,498,7745,43
2021-01-13,Fresno,019,978130,84347,78278,6134,84412,804
2021-01-13,Glenn,021,27897,1977,1792,376,2168,9
2021-01-13,Humboldt,023,135768,2368,2114,8,2122,22
2021-01-13,Imperial,025,180216,25524,24717,2044,26761,463
2021-01-13,Inyo,027,18085,949,785,8,793,25
2021-01-13,Kern,029,883053,81057,76049,7037,83086,704
2021-01-13,Kings,031,150075,19464,18121,713,18834,108
2021-01-13,Lake,033,64148,2585,2305,0,2305,27
2021-01-13,Lassen,035,31185,4776,4663,70,4733,1
2021-01-13,Los Angeles,037,10098052,1017288,937985,31626,969611,12873
2021-01-13,Madera,039,155013,13543,12570,626,13196,85
2021-01-13,Marin,041,260295,11597,11039,110,11149,161
2021-01-13,Mariposa,043,17540,329,304,2,306,3
2021-01-13,Mendocino,045,87422,3014,2790,50,2840,31
2021-01-13,Merced,047,269075,23681,22497,572,23069,241
2021-01-13,Modoc,049,8938,293,274,83,357,0
2021-01-13,Mono,051,14174,1076,1017,12,1029,3
2021-01-13,Monterey,053,433212,35647,33748,1050,34798,241
2021-01-13,Napa,055,140530,7576,7028,30,7058,36
2021-01-13,Nevada,057,99092,3282,3037,123,3160,17
2021-01-13,Orange,059,3164182,212939,201158,8498,209656,2172
2021-01-13,Placer,061,380077,17943,16272,815,17087,172
2021-01-13,Plumas,063,18699,574,490,9,499,2
2021-01-13,Riverside,065,2383286,245207,228192,11411,239603,2278
2021-01-13,Sacramento,067,1510023,80425,78268,864,79132,996
2021-01-13,San Benito,069,59416,4903,4583,49,4632,35
2021-01-13,San Bernardino,071,2135413,255668,240191,7197,247388,1759
2021-01-13,San Diego,073,3302833,219107,201578,10100,211678,1952
2021-01-13,San Francisco,075,870044,29072,27863,463,28326,238
2021-01-13,San Joaquin,077,732212,57348,54373,2178,56551,738
2021-01-13,San Luis Obispo,079,281455,16065,14625,379,15004,140
2021-01-13,San Mateo,081,765935,33105,30195,212,30407,207
2021-01-13,Santa Barbara,083,443738,24810,22714,707,23421,216
2021-01-13,Santa Clara,085,1922200,92851,87187,400,87587,911
2021-01-13,Santa Cruz,087,273765,12904,11423,554,11977,110
2021-01-13,Shasta,089,179085,9702,9180,942,10122,93
2021-01-13,Sierra,091,2930,44,33,6,39,0
2021-01-13,Siskiyou,093,43540,1217,1102,165,1267,3
2021-01-13,Solano,095,438530,25167,23503,267,23770,105
2021-01-13,Sonoma,097,501317,23751,22610,117,22727,206
2021-01-13,Stanislaus,099,539301,42826,40167,4103,44270,574
2021-01-13,Sutter,101,95872,7617,7350,59,7409,73
2021-01-13,Tehama,103,63373,3875,3589,412,4001,17
2021-01-13,Trinity,105,12862,437,260,62,322,3
2021-01-13,Tulare,107,460477,41827,39129,5292,44421,522
2021-01-13,Tuolumne,109,53932,3245,3196,30,3226,28
2021-01-13,Ventura,111,848112,61029,56453,2071,58524,338
2021-01-13,Yolo,113,214977,10953,9933,84,10017,135
2021-01-13,Yuba,115,75493,4706,4448,55,4503,27
2021-01-12,Alameda,001,1643700,66771,62642,1334,63976,677
2021-01-12,Alpine,003,1148,73,71,0,71,0
2021-01-12,Amador,005,37829,2994,2897,24,2921,26
2021-01-12,Butte,007,227075,9690,8883,1243,10126,124
2021-01-12,Calaveras,009,45235,1524,1475,7,1482,21
2021-01-12,Colusa,011,21464,1586,1510,149,1659,7
2021-01-12,Contra Costa,013,1133247,51748,48242,812,49054,399
2021-01-12,Del Norte,015,27424,853,816,2,818,2
2021-01-12,El Dorado,017,186661,7808,7156,487,7643,41
2021-01-12,Fresno,019,978130,83475,77651,6066,83717,796
2021-01-12,Glenn,021,27897,1952,1781,372,2153,9
2021-01-12,Humboldt,023,135768,2314,2077,7,2084,22
2021-01-12,Imperial,025,180216,25434,24566,2004,26570,457
2021-01-12,Inyo,027,18085,931,773,8,781,25
2021-01-12,Kern,029,883053,80352,75320,6942,82262,689
2021-01-12,Kings,031,150075,19252,18072,703,18775,108
2021-01-12,Lake,033,64148,2537,2260,0,2260,27
2021-01-12,Lassen,035,31185,4754,4659,68,4727,1
2021-01-12,Los Angeles,037,10098052,1005626,926295,31227,957522,12610
2021-01-12,Madera,039,155013,13403,12485,617,13102,85
2021-01-12,Marin,041,260295,11488,10960,110,11070,157
2021-01-12,Mariposa,043,17540,326,302,2,304,3
2021-01-12,Mendocino,045,87422,2994,2762,46,2808,31
2021-01-12,Merced,047,269075,23430,22172,550,22722,239
2021-01-12,Modoc,049,8938,291,274,83,357,0
2021-01-12,Mono,051,14174,1066,1008,12,1020,3
2021-01-12,Monterey,053,433212,35156,33381,1033,34414,240
2021-01-12,Napa,055,140530,7493,6936,30,6966,36
2021-01-12,Nevada,057,99092,3254,3014,121,3135,17
2021-01-12,Orange,059,3164182,210647,198260,8412,206672,2142
2021-01-12,Placer,061,380077,17773,16087,809,16896,163
2021-01-12,Plumas,063,18699,568,483,9,492,2
2021-01-12,Riverside,065,2383286,242074,225580,11272,236852,2266
2021-01-12,Sacramento,067,1510023,79697,77201,856,78057,985
2021-01-12,San Benito,069,59416,4834,4515,49,4564,35
2021-01-12,San Bernardino,071,2135413,253102,237008,7127,244135,1739
2021-01-12,San Diego,073,3302833,216193,198317,9983,208300,1898
2021-01-12,San Francisco,075,870044,28797,27531,430,27961,238
2021-01-12,San Joaquin,077,732212,56707,53630,2150,55780,725
2021-01-12,San Luis Obispo,079,281455,15820,14367,371,14738,132
2021-01-12,San Mateo,081,765935,32714,29747,200,29947,206
2021-01-12,Santa Barbara,083,443738,24388,22182,687,22869,209
2021-01-12,Santa Clara,085,1922200,91772,86075,392,86467,904
2021-01-12,Santa Cruz,087,273765,12689,11267,539,11806,110
2021-01-12,Shasta,089,179085,9629,9086,929,10015,84
2021-01-12,Sierra,091,2930,43,33,6,39,0
2021-01-12,Siskiyou,093,43540,1207,1091,158,1249,3
2021-01-12,Solano,095,438530,24864,23160,263,23423,102
2021-01-12,Sonoma,097,501317,23446,22403,117,22520,205
2021-01-12,Stanislaus,099,539301,42388,39615,4068,43683,571
2021-01-12,Sutter,101,95872,7554,7276,58,7334,73
2021-01-12,Tehama,103,63373,3837,3567,407,3974,17
2021-01-12,Trinity,105,12862,437,258,62,320,3
2021-01-12,Tulare,107,460477,41368,38797,5176,43973,509
2021-01-12,Tuolumne,109,53932,3212,3178,30,3208,28
2021-01-12,Ventura,111,848112,60057,55342,2039,57381,324
2021-01-12,Yolo,113,214977,10817,9857,82,9939,133
2021-01-12,Yuba,115,75493,4664,4389,55,4444,27
2021-01-11,Alameda,001,1643700,65909,61949,1316,63265,652
2021-01-11,Alpine,003,1148,73,70,0,70,0
2021-01-11,Amador,005,37829,2980,2867,24,2891,24
2021-01-11,Butte,007,227075,9577,8757,1225,9982,119
2021-01-11,Calaveras,009,45235,1505,1460,7,1467,21
2021-01-11,Colusa,011,21464,1569,1494,144,1638,7
2021-01-11,Contra Costa,013,1133247,51070,47728,802,48530,398
2021-01-11,Del Norte,015,27424,849,810,2,812,2
2021-01-11,El Dorado,017,186661,7714,6987,480,7467,36
2021-01-11,Fresno,019,978130,82596,76581,5990,82571,775
2021-01-11,Glenn,021,27897,1925,1763,366,2129,9
2021-01-11,Humboldt,023,135768,2275,2069,7,2076,22
2021-01-11,Imperial,025,180216,25319,24418,1968,26386,453
2021-01-11,Inyo,027,18085,913,763,8,771,25
2021-01-11,Kern,029,883053,79491,74489,6843,81332,682
2021-01-11,Kings,031,150075,18990,17909,695,18604,108
2021-01-11,Lake,033,64148,2486,2205,0,2205,26
2021-01-11,Lassen,035,31185,4731,4647,68,4715,1
2021-01-11,Los Angeles,037,10098052,992400,914434,30764,945198,12304
2021-01-11,Madera,039,155013,13269,12366,606,12972,85
2021-01-11,Marin,041,260295,11391,10814,109,10923,156
2021-01-11,Mariposa,043,17540,319,296,2,298,3
2021-01-11,Mendocino,045,87422,2966,2728,46,2774,31
2021-01-11,Merced,047,269075,23107,21884,536,22420,238
2021-01-11,Modoc,049,8938,290,271,82,353,0
2021-01-11,Mono,051,14174,1060,1006,12,1018,3
2021-01-11,Monterey,053,433212,34617,32858,971,33829,239
2021-01-11,Napa,055,140530,7391,6822,30,6852,36
2021-01-11,Nevada,057,99092,3226,2980,121,3101,17
2021-01-11,Orange,059,3164182,208062,196340,8313,204653,2113
2021-01-11,Placer,061,380077,17593,15919,800,16719,163
2021-01-11,Plumas,063,18699,564,477,9,486,2
2021-01-11,Riverside,065,2383286,238562,222907,11128,234035,2222
2021-01-11,Sacramento,067,1510023,78765,76009,840,76849,974
2021-01-11,San Benito,069,59416,4761,4482,42,4524,34
2021-01-11,San Bernardino,071,2135413,250301,235543,7028,242571,1739
2021-01-11,San Diego,073,3302833,212924,194793,9823,204616,1857
2021-01-11,San Francisco,075,870044,28521,27264,410,27674,238
2021-01-11,San Joaquin,077,732212,56095,53002,2121,55123,725
2021-01-11,San Luis Obispo,079,281455,15449,14213,364,14577,126
2021-01-11,San Mateo,081,765935,32270,29355,188,29543,206
2021-01-11,Santa Barbara,083,443738,23938,21740,675,22415,200
2021-01-11,Santa Clara,085,1922200,90561,84851,383,85234,877
2021-01-11,Santa Cruz,087,273765,12509,11093,516,11609,106
2021-01-11,Shasta,089,179085,9531,8977,916,9893,81
2021-01-11,Sierra,091,2930,41,33,6,39,0
2021-01-11,Siskiyou,093,43540,1198,1087,156,1243,3
2021-01-11,Solano,095,438530,24544,22893,257,23150,101
2021-01-11,Sonoma,097,501317,23199,22191,117,22308,205
2021-01-11,Stanislaus,099,539301,41897,39149,4019,43168,571
2021-01-11,Sutter,101,95872,7495,7204,57,7261,71
2021-01-11,Tehama,103,63373,3774,3524,386,3910,17
2021-01-11,Trinity,105,12862,437,256,62,318,2
2021-01-11,Tulare,107,460477,40953,38380,5096,43476,497
2021-01-11,Tuolumne,109,53932,3201,3165,30,3195,27
2021-01-11,Ventura,111,848112,58921,54202,2016,56218,320
2021-01-11,Yolo,113,214977,10609,9699,81,9780,129
2021-01-11,Yuba,115,75493,4626,4349,48,4397,27
2021-01-10,Alameda,001,1643700,64920,61111,1288,62399,650
2021-01-10,Alpine,003,1148,73,70,0,70,0
2021-01-10,Amador,005,37829,2956,2861,24,2885,24
2021-01-10,Butte,007,227075,9456,8665,1199,9864,119
2021-01-10,Calaveras,009,45235,1482,1449,7,1456,21
2021-01-10,Colusa,011,21464,1546,1478,142,1620,7
2021-01-10,Contra Costa,013,1133247,50286,47109,785,47894,398
2021-01-10,Del Norte,015,27424,846,809,2,811,2
2021-01-10,El Dorado,017,186661,7627,6904,463,7367,36
2021-01-10,Fresno,019,978130,81785,75621,5869,81490,775
2021-01-10,Glenn,021,27897,1906,1746,358,2104,9
2021-01-10,Humboldt,023,135768,2214,2049,7,2056,22
2021-01-10,Imperial,025,180216,25159,24233,1918,26151,453
2021-01-10,Inyo,027,18085,885,748,8,756,25
2021-01-10,Kern,029,883053,78660,73712,6713,80425,679
2021-01-10,Kings,031,150075,18771,17812,688,18500,108
2021-01-10,Lake,033,64148,2433,2174,0,2174,26
2021-01-10,Lassen,035,31185,4709,4642,68,4710,1
2021-01-10,Los Angeles,037,10098052,977790,901783,30144,931927,12170
2021-01-10,Madera,039,155013,13080,12179,591,12770,85
2021-01-10,Marin,041,260295,11270,10737,108,10845,155
2021-01-10,Mariposa,043,17540,319,291,2,293,3
2021-01-10,Mendocino,045,87422,2935,2706,42,2748,31
2021-01-10,Merced,047,269075,22835,21691,525,22216,238
2021-01-10,Modoc,049,8938,290,271,80,351,0
2021-01-10,Mono,051,14174,1042,965,12,977,3
2021-01-10,Monterey,053,433212,34177,32571,939,33510,237
2021-01-10,Napa,055,140530,7287,6687,28,6715,36
2021-01-10,Nevada,057,99092,3207,2959,117,3076,17
2021-01-10,Orange,059,3164182,205292,193766,8191,201957,2104
2021-01-10,Placer,061,380077,17404,15779,780,16559,163
2021-01-10,Plumas,063,18699,554,477,9,486,2
2021-01-10,Riverside,065,2383286,235196,219486,10939,230425,2216
2021-01-10,Sacramento,067,1510023,77804,75394,813,76207,965
2021-01-10,San Benito,069,59416,4659,4434,41,4475,34
2021-01-10,San Bernardino,071,2135413,246797,232171,6926,239097,1736
2021-01-10,San Diego,073,3302833,209256,191886,9656,201542,1857
2021-01-10,San Francisco,075,870044,28136,27054,379,27433,238
2021-01-10,San Joaquin,077,732212,55236,52535,2088,54623,725
2021-01-10,San Luis Obispo,079,281455,15120,13968,352,14320,122
2021-01-10,San Mateo,081,765935,31780,28972,174,29146,206
2021-01-10,Santa Barbara,083,443738,23379,21290,660,21950,200
2021-01-10,Santa Clara,085,1922200,89383,83779,374,84153,858
2021-01-10,Santa Cruz,087,273765,12296,10951,498,11449,106
2021-01-10,Shasta,089,179085,9419,8936,901,9837,81
2021-01-10,Sierra,091,2930,40,32,6,38,0
2021-01-10,Siskiyou,093,43540,1192,1075,153,1228,3
2021-01-10,Solano,095,438530,24141,22621,254,22875,101
2021-01-10,Sonoma,097,501317,22923,21925,116,22041,204
2021-01-10,Stanislaus,099,539301,41324,38809,3942,42751,571
2021-01-10,Sutter,101,95872,7434,7133,54,7187,71
2021-01-10,Tehama,103,63373,3701,3504,373,3877,17
2021-01-10,Trinity,105,12862,437,253,60,313,2
2021-01-10,Tulare,107,460477,40535,38012,4979,42991,497
2021-01-10,Tuolumne,109,53932,3167,3143,29,3172,27
2021-01-10,Ventura,111,848112,57652,53095,1973,55068,319
2021-01-10,Yolo,113,214977,10456,9610,81,9691,129
2021-01-10,Yuba,115,75493,4573,4300,45,4345,27
2021-01-09,Alameda,001,1643700,64377,60125,1272,61397,649
2021-01-09,Alpine,003,1148,73,70,0,70,0
2021-01-09,Amador,005,37829,2949,2809,24,2833,24
2021-01-09,Butte,007,227075,9377,8552,1175,9727,118
2021-01-09,Calaveras,009,45235,1472,1425,7,1432,21
2021-01-09,Colusa,011,21464,1539,1468,141,1609,7
2021-01-09,Contra Costa,013,1133247,49934,46406,770,47176,393
2021-01-09,Del Norte,015,27424,844,802,2,804,2
2021-01-09,El Dorado,017,186661,7595,6800,460,7260,36
2021-01-09,Fresno,019,978130,81376,74816,5829,80645,773
2021-01-09,Glenn,021,27897,1891,1707,355,2062,9
2021-01-09,Humboldt,023,135768,2196,2026,7,2033,22
2021-01-09,Imperial,025,180216,25091,24028,1904,25932,448
2021-01-09,Inyo,027,18085,875,734,8,742,25
2021-01-09,Kern,029,883053,78191,73015,6636,79651,677
2021-01-09,Kings,031,150075,18676,17679,684,18363,108
2021-01-09,Lake,033,64148,2398,2144,0,2144,26
2021-01-09,Lassen,035,31185,4697,4613,68,4681,1
2021-01-09,Los Angeles,037,10098052,972215,887949,29710,917659,12011
2021-01-09,Madera,039,155013,12989,12063,586,12649,85
2021-01-09,Marin,041,260295,11209,10634,107,10741,154
2021-01-09,Mariposa,043,17540,316,287,2,289,3
2021-01-09,Mendocino,045,87422,2917,2664,42,2706,31
2021-01-09,Merced,047,269075,22693,21357,516,21873,237
2021-01-09,Modoc,049,8938,290,271,79,350,0
2021-01-09,Mono,051,14174,1037,964,12,976,3
2021-01-09,Monterey,053,433212,34026,31948,929,32877,235
2021-01-09,Napa,055,140530,7217,6594,25,6619,36
2021-01-09,Nevada,057,99092,3185,2932,114,3046,17
2021-01-09,Orange,059,3164182,203780,191004,8099,199103,2034
2021-01-09,Placer,061,380077,17297,15609,778,16387,162
2021-01-09,Plumas,063,18699,552,477,9,486,2
2021-01-09,Riverside,065,2383286,233440,216076,10803,226879,2201
2021-01-09,Sacramento,067,1510023,77271,74482,808,75290,953
2021-01-09,San Benito,069,59416,4608,4335,41,4376,34
2021-01-09,San Bernardino,071,2135413,245598,228857,6858,235715,1714
2021-01-09,San Diego,073,3302833,207562,188598,9536,198134,1824
2021-01-09,San Francisco,075,870044,27964,26708,338,27046,235
2021-01-09,San Joaquin,077,732212,54887,51927,2069,53996,724
2021-01-09,San Luis Obispo,079,281455,14996,13647,341,13988,121
2021-01-09,San Mateo,081,765935,31481,28512,167,28679,205
2021-01-09,Santa Barbara,083,443738,23167,20971,655,21626,197
2021-01-09,Santa Clara,085,1922200,88545,82269,362,82631,808
2021-01-09,Santa Cruz,087,273765,12200,10717,492,11209,107
2021-01-09,Shasta,089,179085,9386,8893,897,9790,81
2021-01-09,Sierra,091,2930,38,32,6,38,0
2021-01-09,Siskiyou,093,43540,1188,1062,148,1210,3
2021-01-09,Solano,095,438530,23984,22226,252,22478,101
2021-01-09,Sonoma,097,501317,22801,21393,116,21509,202
2021-01-09,Stanislaus,099,539301,41033,38403,3908,42311,567
2021-01-09,Sutter,101,95872,7398,7072,53,7125,69
2021-01-09,Tehama,103,63373,3669,3451,363,3814,15
2021-01-09,Trinity,105,12862,437,252,60,312,2
2021-01-09,Tulare,107,460477,40281,37684,4915,42599,496
2021-01-09,Tuolumne,109,53932,3159,3117,28,3145,26
2021-01-09,Ventura,111,848112,56823,51988,1947,53935,306
2021-01-09,Yolo,113,214977,10383,9524,80,9604,129
2021-01-09,Yuba,115,75493,4543,4265,45,4310,27
2021-01-08,Alameda,001,1643700,63816,59172,1263,60435,646
2021-01-08,Alpine,003,1148,73,70,0,70,0
2021-01-08,Amador,005,37829,2942,2792,24,2816,24
2021-01-08,Butte,007,227075,9317,8430,1161,9591,115
2021-01-08,Calaveras,009,45235,1458,1385,7,1392,21
2021-01-08,Colusa,011,21464,1526,1448,140,1588,7
2021-01-08,Contra Costa,013,1133247,49405,45667,766,46433,381
2021-01-08,Del Norte,015,27424,842,795,2,797,2
2021-01-08,El Dorado,017,186661,7525,6690,448,7138,36
2021-01-08,Fresno,019,978130,80562,73689,5771,79460,771
2021-01-08,Glenn,021,27897,1876,1680,350,2030,9
2021-01-08,Humboldt,023,135768,2172,1988,7,1995,22
2021-01-08,Imperial,025,180216,25025,23751,1889,25640,446
2021-01-08,Inyo,027,18085,861,682,8,690,24
2021-01-08,Kern,029,883053,77627,71978,6563,78541,674
2021-01-08,Kings,031,150075,18548,17441,679,18120,108
2021-01-08,Lake,033,64148,2373,2098,0,2098,26
2021-01-08,Lassen,035,31185,4689,4598,66,4664,1
2021-01-08,Los Angeles,037,10098052,961404,871188,29286,900474,11796
2021-01-08,Madera,039,155013,12838,11846,577,12423,85
2021-01-08,Marin,041,260295,11115,10531,107,10638,153
2021-01-08,Mariposa,043,17540,315,273,2,275,3
2021-01-08,Mendocino,045,87422,2898,2634,39,2673,31
2021-01-08,Merced,047,269075,22498,20862,511,21373,236
2021-01-08,Modoc,049,8938,290,266,79,345,0
2021-01-08,Mono,051,14174,1027,951,12,963,3
2021-01-08,Monterey,053,433212,33774,31543,919,32462,224
2021-01-08,Napa,055,140530,7147,6544,25,6569,32
2021-01-08,Nevada,057,99092,3163,2888,114,3002,17
2021-01-08,Orange,059,3164182,201785,186608,8013,194621,1991
2021-01-08,Placer,061,380077,17166,15401,771,16172,161
2021-01-08,Plumas,063,18699,546,465,9,474,2
2021-01-08,Riverside,065,2383286,231034,212122,10680,222802,2184
2021-01-08,Sacramento,067,1510023,76698,73245,802,74047,939
2021-01-08,San Benito,069,59416,4571,4225,40,4265,33
2021-01-08,San Bernardino,071,2135413,243729,224267,6789,231056,1703
2021-01-08,San Diego,073,3302833,205024,185060,9442,194502,1771
2021-01-08,San Francisco,075,870044,27714,26378,316,26694,207
2021-01-08,San Joaquin,077,732212,54553,50990,2041,53031,710
2021-01-08,San Luis Obispo,079,281455,14863,13286,329,13615,119
2021-01-08,San Mateo,081,765935,31131,28072,165,28237,204
2021-01-08,Santa Barbara,083,443738,22881,20461,650,21111,189
2021-01-08,Santa Clara,085,1922200,87543,80561,359,80920,789
2021-01-08,Santa Cruz,087,273765,12059,10486,484,10970,106
2021-01-08,Shasta,089,179085,9336,8772,882,9654,81
2021-01-08,Sierra,091,2930,38,31,6,37,0
2021-01-08,Siskiyou,093,43540,1185,1027,147,1174,3
2021-01-08,Solano,095,438530,23813,21832,249,22081,100
2021-01-08,Sonoma,097,501317,22659,21178,116,21294,201
2021-01-08,Stanislaus,099,539301,40734,37858,3874,41732,566
2021-01-08,Sutter,101,95872,7348,6982,53,7035,68
2021-01-08,Tehama,103,63373,3646,3406,360,3766,15
2021-01-08,Trinity,105,12862,437,247,60,307,2
2021-01-08,Tulare,107,460477,40009,36946,4820,41766,491
2021-01-08,Tuolumne,109,53932,3151,3099,28,3127,19
2021-01-08,Ventura,111,848112,55957,50553,1923,52476,294
2021-01-08,Yolo,113,214977,10295,9391,80,9471,129
2021-01-08,Yuba,115,75493,4501,4195,44,4239,26
2021-01-07,Alameda,001,1643700,62961,57921,1237,59158,632
2021-01-07,Alpine,003,1148,71,70,0,70,0
2021-01-07,Amador,005,37829,2929,2740,23,2763,24
2021-01-07,Butte,007,227075,9220,8278,1140,9418,112
2021-01-07,Calaveras,009,45235,1441,1342,6,1348,21
2021-01-07,Colusa,011,21464,1514,1420,133,1553,7
2021-01-07,Contra Costa,013,1133247,48630,44756,751,45507,376
2021-01-07,Del Norte,015,27424,840,791,2,793,2
2021-01-07,El Dorado,017,186661,7424,6545,438,6983,36
2021-01-07,Fresno,019,978130,79606,72557,5671,78228,765
2021-01-07,Glenn,021,27897,1858,1639,340,1979,9
2021-01-07,Humboldt,023,135768,2145,1954,7,1961,22
2021-01-07,Imperial,025,180216,24835,23608,1840,25448,431
2021-01-07,Inyo,027,18085,848,656,8,664,20
2021-01-07,Kern,029,883053,76765,70953,6415,77368,660
2021-01-07,Kings,031,150075,18422,17238,670,17908,108
2021-01-07,Lake,033,64148,2318,2054,0,2054,26
2021-01-07,Lassen,035,31185,4684,4581,64,4645,1
2021-01-07,Los Angeles,037,10098052,946486,853187,28755,881942,11480
2021-01-07,Madera,039,155013,12681,11644,566,12210,76
2021-01-07,Marin,041,260295,11026,10364,105,10469,153
2021-01-07,Mariposa,043,17540,313,264,2,266,3
2021-01-07,Mendocino,045,87422,2843,2585,34,2619,30
2021-01-07,Merced,047,269075,22177,20510,495,21005,234
2021-01-07,Modoc,049,8938,290,265,79,344,0
2021-01-07,Mono,051,14174,1016,905,12,917,3
2021-01-07,Monterey,053,433212,33269,30903,896,31799,222
2021-01-07,Napa,055,140530,7037,6408,25,6433,32
2021-01-07,Nevada,057,99092,3129,2847,109,2956,17
2021-01-07,Orange,059,3164182,198944,181922,7915,189837,1974
2021-01-07,Placer,061,380077,16988,15155,743,15898,144
2021-01-07,Plumas,063,18699,544,454,9,463,2
2021-01-07,Riverside,065,2383286,227572,208177,10530,218707,2156
2021-01-07,Sacramento,067,1510023,75792,72342,781,73123,919
2021-01-07,San Benito,069,59416,4510,4112,38,4150,33
2021-01-07,San Bernardino,071,2135413,240282,219691,6705,226396,1666
2021-01-07,San Diego,073,3302833,201718,180510,9264,189774,1738
2021-01-07,San Francisco,075,870044,27386,25885,303,26188,202
2021-01-07,San Joaquin,077,732212,53872,50156,2012,52168,689
2021-01-07,San Luis Obispo,079,281455,14625,12810,316,13126,118
2021-01-07,San Mateo,081,765935,30622,27494,162,27656,201
2021-01-07,Santa Barbara,083,443738,22454,19931,639,20570,187
2021-01-07,Santa Clara,085,1922200,86375,78808,356,79164,775
2021-01-07,Santa Cruz,087,273765,11850,10228,476,10704,104
2021-01-07,Shasta,089,179085,9248,8612,874,9486,81
2021-01-07,Sierra,091,2930,38,31,6,37,0
2021-01-07,Siskiyou,093,43540,1180,1010,146,1156,3
2021-01-07,Solano,095,438530,23421,21384,245,21629,100
2021-01-07,Sonoma,097,501317,22398,20857,115,20972,200
2021-01-07,Stanislaus,099,539301,40317,37296,3821,41117,553
2021-01-07,Sutter,101,95872,7289,6890,52,6942,65
2021-01-07,Tehama,103,63373,3622,3330,352,3682,15
2021-01-07,Trinity,105,12862,437,247,60,307,2
2021-01-07,Tulare,107,460477,39609,36397,4690,41087,482
2021-01-07,Tuolumne,109,53932,3131,3068,27,3095,14
2021-01-07,Ventura,111,848112,54796,49083,1895,50978,288
2021-01-07,Yolo,113,214977,10155,9207,78,9285,128
2021-01-07,Yuba,115,75493,4459,4128,44,4172,25
2021-01-06,Alameda,001,1643700,62104,57081,1210,58291,616
2021-01-06,Alpine,003,1148,71,70,0,70,0
2021-01-06,Amador,005,37829,2908,2717,22,2739,24
2021-01-06,Butte,007,227075,9105,8147,1121,9268,110
2021-01-06,Calaveras,009,45235,1418,1321,6,1327,21
2021-01-06,Colusa,011,21464,1493,1385,128,1513,7
2021-01-06,Contra Costa,013,1133247,47838,44054,735,44789,358
2021-01-06,Del Norte,015,27424,834,780,2,782,2
2021-01-06,El Dorado,017,186661,7312,6397,424,6821,35
2021-01-06,Fresno,019,978130,78763,71404,5569,76973,752
2021-01-06,Glenn,021,27897,1832,1622,336,1958,9
2021-01-06,Humboldt,023,135768,2119,1912,7,1919,22
2021-01-06,Imperial,025,180216,24590,23400,1800,25200,431
2021-01-06,Inyo,027,18085,832,630,8,638,20
2021-01-06,Kern,029,883053,75822,69893,6288,76181,646
2021-01-06,Kings,031,150075,18224,17019,651,17670,108
2021-01-06,Lake,033,64148,2281,2033,0,2033,26
2021-01-06,Lassen,035,31185,4672,4560,60,4620,1
2021-01-06,Los Angeles,037,10098052,930527,835052,28068,863120,11285
2021-01-06,Madera,039,155013,12545,11407,560,11967,67
2021-01-06,Marin,041,260295,10898,10282,104,10386,153
2021-01-06,Mariposa,043,17540,310,259,2,261,3
2021-01-06,Mendocino,045,87422,2813,2561,34,2595,30
2021-01-06,Merced,047,269075,21841,20258,480,20738,232
2021-01-06,Modoc,049,8938,290,263,79,342,0
2021-01-06,Mono,051,14174,985,905,12,917,3
2021-01-06,Monterey,053,433212,32668,30387,865,31252,222
2021-01-06,Napa,055,140530,6907,6342,25,6367,32
2021-01-06,Nevada,057,99092,3109,2805,108,2913,15
2021-01-06,Orange,059,3164182,195498,177686,7774,185460,1935
2021-01-06,Placer,061,380077,16800,14940,725,15665,134
2021-01-06,Plumas,063,18699,536,445,9,454,2
2021-01-06,Riverside,065,2383286,223550,203714,10344,214058,2121
2021-01-06,Sacramento,067,1510023,74769,71572,764,72336,909
2021-01-06,San Benito,069,59416,4434,4031,37,4068,32
2021-01-06,San Bernardino,071,2135413,236582,215286,6601,221887,1634
2021-01-06,San Diego,073,3302833,198218,176660,9093,185753,1691
2021-01-06,San Francisco,075,870044,27016,25424,295,25719,199
2021-01-06,San Joaquin,077,732212,53119,49286,1971,51257,673
2021-01-06,San Luis Obispo,079,281455,14232,12305,309,12614,115
2021-01-06,San Mateo,081,765935,30197,27050,159,27209,200
2021-01-06,Santa Barbara,083,443738,21965,19453,630,20083,177
2021-01-06,Santa Clara,085,1922200,85015,77485,349,77834,746
2021-01-06,Santa Cruz,087,273765,11631,9954,458,10412,97
2021-01-06,Shasta,089,179085,9178,8482,867,9349,78
2021-01-06,Sierra,091,2930,37,31,6,37,0
2021-01-06,Siskiyou,093,43540,1168,998,142,1140,3
2021-01-06,Solano,095,438530,23038,21102,242,21344,99
2021-01-06,Sonoma,097,501317,22091,20558,115,20673,196
2021-01-06,Stanislaus,099,539301,39750,36751,3762,40513,553
2021-01-06,Sutter,101,95872,7208,6839,51,6890,59
2021-01-06,Tehama,103,63373,3594,3306,346,3652,15
2021-01-06,Trinity,105,12862,437,246,60,306,2
2021-01-06,Tulare,107,460477,39063,35882,4595,40477,465
2021-01-06,Tuolumne,109,53932,3111,3008,27,3035,14
2021-01-06,Ventura,111,848112,53553,47428,1871,49299,280
2021-01-06,Yolo,113,214977,9990,9083,75,9158,127
2021-01-06,Yuba,115,75493,4410,4097,44,4141,25
2021-01-05,Alameda,001,1643700,60990,56432,1180,57612,602
2021-01-05,Alpine,003,1148,71,70,0,70,0
2021-01-05,Amador,005,37829,2868,2695,22,2717,24
2021-01-05,Butte,007,227075,8964,8008,1094,9102,107
2021-01-05,Calaveras,009,45235,1371,1292,6,1298,21
2021-01-05,Colusa,011,21464,1469,1376,122,1498,7
2021-01-05,Contra Costa,013,1133247,46971,43442,723,44165,353
2021-01-05,Del Norte,015,27424,827,770,2,772,2
2021-01-05,El Dorado,017,186661,7194,6270,403,6673,32
2021-01-05,Fresno,019,978130,77542,70971,5478,76449,741
2021-01-05,Glenn,021,27897,1809,1608,320,1928,9
2021-01-05,Humboldt,023,135768,2083,1884,7,1891,22
2021-01-05,Imperial,025,180216,24417,23165,1758,24923,421
2021-01-05,Inyo,027,18085,818,627,8,635,20
2021-01-05,Kern,029,883053,74745,68257,6153,74410,624
2021-01-05,Kings,031,150075,18026,16860,629,17489,108
2021-01-05,Lake,033,64148,2233,2015,0,2015,25
2021-01-05,Lassen,035,31185,4657,4554,56,4610,1
2021-01-05,Los Angeles,037,10098052,911794,823783,27403,851186,11028
2021-01-05,Madera,039,155013,12369,11359,548,11907,67
2021-01-05,Marin,041,260295,10746,10214,103,10317,151
2021-01-05,Mariposa,043,17540,304,257,2,259,3
2021-01-05,Mendocino,045,87422,2777,2501,34,2535,30
2021-01-05,Merced,047,269075,21490,20051,468,20519,230
2021-01-05,Modoc,049,8938,290,254,79,333,0
2021-01-05,Mono,051,14174,979,896,12,908,3
2021-01-05,Monterey,053,433212,32118,30045,832,30877,213
2021-01-05,Napa,055,140530,6820,6264,25,6289,29
2021-01-05,Nevada,057,99092,3081,2781,106,2887,15
2021-01-05,Orange,059,3164182,191864,174869,7583,182452,1918
2021-01-05,Placer,061,380077,16577,14723,702,15425,133
2021-01-05,Plumas,063,18699,529,428,9,437,2
2021-01-05,Riverside,065,2383286,219424,200439,10175,210614,2069
2021-01-05,Sacramento,067,1510023,73841,70677,738,71415,888
2021-01-05,San Benito,069,59416,4333,3961,35,3996,28
2021-01-05,San Bernardino,071,2135413,232644,212522,6486,219008,1615
2021-01-05,San Diego,073,3302833,194078,172845,8879,181724,1654
2021-01-05,San Francisco,075,870044,26648,24989,278,25267,196
2021-01-05,San Joaquin,077,732212,52249,48969,1927,50896,663
2021-01-05,San Luis Obispo,079,281455,13834,12027,299,12326,106
2021-01-05,San Mateo,081,765935,29716,26486,157,26643,198
2021-01-05,Santa Barbara,083,443738,21519,19063,622,19685,172
2021-01-05,Santa Clara,085,1922200,83484,76355,337,76692,729
2021-01-05,Santa Cruz,087,273765,11358,9753,434,10187,93
2021-01-05,Shasta,089,179085,9071,8345,849,9194,73
2021-01-05,Sierra,091,2930,37,31,6,37,0
2021-01-05,Siskiyou,093,43540,1156,985,140,1125,3
2021-01-05,Solano,095,438530,22630,20860,237,21097,97
2021-01-05,Sonoma,097,501317,21732,20247,114,20361,194
2021-01-05,Stanislaus,099,539301,39206,36363,3711,40074,553
2021-01-05,Sutter,101,95872,7111,6769,50,6819,59
2021-01-05,Tehama,103,63373,3539,3255,341,3596,9
2021-01-05,Trinity,105,12862,437,246,60,306,2
2021-01-05,Tulare,107,460477,38451,35585,4454,40039,455
2021-01-05,Tuolumne,109,53932,3087,2996,22,3018,13
2021-01-05,Ventura,111,848112,52309,46456,1849,48305,264
2021-01-05,Yolo,113,214977,9815,8980,75,9055,127
2021-01-05,Yuba,115,75493,4351,4053,43,4096,21
2021-01-04,Alameda,001,1643700,59770,55899,1147,57046,583
2021-01-04,Alpine,003,1148,71,68,0,68,0
2021-01-04,Amador,005,37829,2828,2596,22,2618,24
2021-01-04,Butte,007,227075,8805,7893,1073,8966,105
2021-01-04,Calaveras,009,45235,1330,1276,5,1281,21
2021-01-04,Colusa,011,21464,1445,1368,108,1476,7
2021-01-04,Contra Costa,013,1133247,46113,43019,697,43716,353
2021-01-04,Del Norte,015,27424,817,770,2,772,2
2021-01-04,El Dorado,017,186661,7060,6152,388,6540,27
2021-01-04,Fresno,019,978130,76274,69871,5380,75251,726
2021-01-04,Glenn,021,27897,1776,1590,315,1905,9
2021-01-04,Humboldt,023,135768,2047,1845,7,1852,22
2021-01-04,Imperial,025,180216,24267,23035,1706,24741,420
2021-01-04,Inyo,027,18085,792,623,8,631,20
2021-01-04,Kern,029,883053,73662,67418,5960,73378,623
2021-01-04,Kings,031,150075,17750,16801,605,17406,108
2021-01-04,Lake,033,64148,2194,1984,0,1984,25
2021-01-04,Lassen,035,31185,4635,4550,55,4605,1
2021-01-04,Los Angeles,037,10098052,891671,813022,26547,839569,10790
2021-01-04,Madera,039,155013,12149,11204,526,11730,67
2021-01-04,Marin,041,260295,10609,10115,100,10215,151
2021-01-04,Mariposa,043,17540,298,253,2,255,3
2021-01-04,Mendocino,045,87422,2737,2460,30,2490,28
2021-01-04,Merced,047,269075,21076,19804,449,20253,230
2021-01-04,Modoc,049,8938,274,250,77,327,0
2021-01-04,Mono,051,14174,968,895,12,907,3
2021-01-04,Monterey,053,433212,31499,29659,811,30470,212
2021-01-04,Napa,055,140530,6679,6187,25,6212,29
2021-01-04,Nevada,057,99092,3043,2765,103,2868,15
2021-01-04,Orange,059,3164182,187974,172458,7461,179919,1918
2021-01-04,Placer,061,380077,16318,14622,689,15311,133
2021-01-04,Plumas,063,18699,519,419,9,428,1
2021-01-04,Riverside,065,2383286,214873,196809,9989,206798,2066
2021-01-04,Sacramento,067,1510023,72787,70164,729,70893,870
2021-01-04,San Benito,069,59416,4220,3914,35,3949,28
2021-01-04,San Bernardino,071,2135413,228381,210868,6339,217207,1615
2021-01-04,San Diego,073,3302833,189504,171031,8683,179714,1598
2021-01-04,San Francisco,075,870044,26260,24753,272,25025,191
2021-01-04,San Joaquin,077,732212,51347,48644,1886,50530,661
2021-01-04,San Luis Obispo,079,281455,13348,11945,292,12237,96
2021-01-04,San Mateo,081,765935,29152,26150,152,26302,198
2021-01-04,Santa Barbara,083,443738,20996,18735,593,19328,165
2021-01-04,Santa Clara,085,1922200,81730,75297,329,75626,727
2021-01-04,Santa Cruz,087,273765,11070,9680,417,10097,85
2021-01-04,Shasta,089,179085,8966,8224,832,9056,72
2021-01-04,Sierra,091,2930,36,30,6,36,0
2021-01-04,Siskiyou,093,43540,1139,980,137,1117,3
2021-01-04,Solano,095,438530,22130,20588,229,20817,97
2021-01-04,Sonoma,097,501317,21394,20210,113,20323,194
2021-01-04,Stanislaus,099,539301,38644,36141,3656,39797,553
2021-01-04,Sutter,101,95872,7015,6712,49,6761,56
2021-01-04,Tehama,103,63373,3470,3190,336,3526,9
2021-01-04,Trinity,105,12862,434,245,60,305,2
2021-01-04,Tulare,107,460477,37899,35060,4354,39414,455
2021-01-04,Tuolumne,109,53932,3062,2987,22,3009,13
2021-01-04,Ventura,111,848112,50806,45014,1829,46843,255
2021-01-04,Yolo,113,214977,9620,8834,75,8909,121
2021-01-04,Yuba,115,75493,4294,4023,43,4066,21
2021-01-03,Alameda,001,1643700,58514,55082,1119,56201,580
2021-01-03,Alpine,003,1148,69,68,0,68,0
2021-01-03,Amador,005,37829,2771,2565,22,2587,24
2021-01-03,Butte,007,227075,8611,7837,1027,8864,105
2021-01-03,Calaveras,009,45235,1293,1249,3,1252,21
2021-01-03,Colusa,011,21464,1415,1337,102,1439,7
2021-01-03,Contra Costa,013,1133247,45224,42432,673,43105,352
2021-01-03,Del Norte,015,27424,805,768,2,770,2
2021-01-03,El Dorado,017,186661,6932,6034,371,6405,27
2021-01-03,Fresno,019,978130,75126,69326,5264,74590,719
2021-01-03,Glenn,021,27897,1751,1581,309,1890,9
2021-01-03,Humboldt,023,135768,2010,1833,7,1840,21
2021-01-03,Imperial,025,180216,24020,22951,1629,24580,419
2021-01-03,Inyo,027,18085,774,615,8,623,20
2021-01-03,Kern,029,883053,72400,66895,5785,72680,609
2021-01-03,Kings,031,150075,17474,16593,576,17169,108
2021-01-03,Lake,033,64148,2141,1976,0,1976,24
2021-01-03,Lassen,035,31185,4602,4531,54,4585,1
2021-01-03,Los Angeles,037,10098052,869614,792168,25498,817666,10633
2021-01-03,Madera,039,155013,11926,11152,503,11655,67
2021-01-03,Marin,041,260295,10458,10034,95,10129,150
2021-01-03,Mariposa,043,17540,291,248,2,250,3
2021-01-03,Mendocino,045,87422,2697,2445,28,2473,24
2021-01-03,Merced,047,269075,20609,19600,423,20023,230
2021-01-03,Modoc,049,8938,270,245,76,321,0
2021-01-03,Mono,051,14174,943,893,12,905,3
2021-01-03,Monterey,053,433212,30907,29357,776,30133,191
2021-01-03,Napa,055,140530,6578,6094,25,6119,29
2021-01-03,Nevada,057,99092,2982,2742,100,2842,15
2021-01-03,Orange,059,3164182,183785,169881,7272,177153,1919
2021-01-03,Placer,061,380077,16069,14319,666,14985,133
2021-01-03,Plumas,063,18699,506,416,9,425,1
2021-01-03,Riverside,065,2383286,209995,195048,9741,204789,2005
2021-01-03,Sacramento,067,1510023,71579,68558,708,69266,859
2021-01-03,San Benito,069,59416,4123,3882,34,3916,28
2021-01-03,San Bernardino,071,2135413,223077,208294,6169,214463,1592
2021-01-03,San Diego,073,3302833,184244,168018,8454,176472,1592
2021-01-03,San Francisco,075,870044,25762,24588,254,24842,193
2021-01-03,San Joaquin,077,732212,50227,47899,1830,49729,661
2021-01-03,San Luis Obispo,079,281455,12880,11636,284,11920,95
2021-01-03,San Mateo,081,765935,28558,25770,145,25915,196
2021-01-03,Santa Barbara,083,443738,20263,18267,578,18845,164
2021-01-03,Santa Clara,085,1922200,80139,74534,323,74857,720
2021-01-03,Santa Cruz,087,273765,10766,9528,402,9930,84
2021-01-03,Shasta,089,179085,8840,8192,792,8984,72
2021-01-03,Sierra,091,2930,36,30,6,36,0
2021-01-03,Siskiyou,093,43540,1106,976,128,1104,3
2021-01-03,Solano,095,438530,21601,20105,223,20328,97
2021-01-03,Sonoma,097,501317,21007,19982,111,20093,193
2021-01-03,Stanislaus,099,539301,37937,35762,3573,39335,553
2021-01-03,Sutter,101,95872,6918,6664,48,6712,53
2021-01-03,Tehama,103,63373,3414,3176,329,3505,9
2021-01-03,Trinity,105,12862,429,243,58,301,2
2021-01-03,Tulare,107,460477,37337,34747,4209,38956,455
2021-01-03,Tuolumne,109,53932,3002,2978,19,2997,13
2021-01-03,Ventura,111,848112,48981,43748,1812,45560,254
2021-01-03,Yolo,113,214977,9463,8674,74,8748,121
2021-01-03,Yuba,115,75493,4242,3966,42,4008,20
2021-01-02,Alameda,001,1643700,57891,54518,1088,55606,581
2021-01-02,Alpine,003,1148,69,68,0,68,0
2021-01-02,Amador,005,37829,2752,2540,22,2562,24
2021-01-02,Butte,007,227075,8505,7750,1006,8756,105
2021-01-02,Calaveras,009,45235,1273,1230,3,1233,21
2021-01-02,Colusa,011,21464,1405,1332,101,1433,7
2021-01-02,Contra Costa,013,1133247,44686,41993,663,42656,352
2021-01-02,Del Norte,015,27424,803,764,2,766,2
2021-01-02,El Dorado,017,186661,6877,5959,367,6326,27
2021-01-02,Fresno,019,978130,74582,68740,5153,73893,717
2021-01-02,Glenn,021,27897,1734,1546,308,1854,9
2021-01-02,Humboldt,023,135768,1983,1815,7,1822,21
2021-01-02,Imperial,025,180216,23934,22867,1594,24461,420
2021-01-02,Inyo,027,18085,761,609,8,617,20
2021-01-02,Kern,029,883053,71680,66457,5673,72130,610
2021-01-02,Kings,031,150075,17380,16515,572,17087,108
2021-01-02,Lake,033,64148,2105,1925,0,1925,24
2021-01-02,Lassen,035,31185,4591,4457,53,4510,1
2021-01-02,Los Angeles,037,10098052,861253,791892,24808,816700,10633
2021-01-02,Madera,039,155013,11815,11039,491,11530,67
2021-01-02,Marin,041,260295,10411,9924,92,10016,151
2021-01-02,Mariposa,043,17540,284,243,2,245,3
2021-01-02,Mendocino,045,87422,2654,2428,27,2455,24
2021-01-02,Merced,047,269075,20467,19395,406,19801,230
2021-01-02,Modoc,049,8938,269,245,76,321,0
2021-01-02,Mono,051,14174,932,884,12,896,3
2021-01-02,Monterey,053,433212,30694,28991,764,29755,191
2021-01-02,Napa,055,140530,6519,5994,25,6019,29
2021-01-02,Nevada,057,99092,2953,2706,96,2802,15
2021-01-02,Orange,059,3164182,181572,168457,7124,175581,1918
2021-01-02,Placer,061,380077,15896,14182,657,14839,133
2021-01-02,Plumas,063,18699,503,413,9,422,1
2021-01-02,Riverside,065,2383286,207352,192069,9514,201583,2008
2021-01-02,Sacramento,067,1510023,70945,67810,691,68501,858
2021-01-02,San Benito,069,59416,4040,3829,34,3863,28
2021-01-02,San Bernardino,071,2135413,221419,206939,6047,212986,1597
2021-01-02,San Diego,073,3302833,181645,164498,8257,172755,1592
2021-01-02,San Francisco,075,870044,25503,24414,247,24661,194
2021-01-02,San Joaquin,077,732212,49843,47310,1802,49112,662
2021-01-02,San Luis Obispo,079,281455,12746,11467,278,11745,95
2021-01-02,San Mateo,081,765935,28223,25483,137,25620,196
2021-01-02,Santa Barbara,083,443738,19974,18135,575,18710,164
2021-01-02,Santa Clara,085,1922200,78954,73662,317,73979,720
2021-01-02,Santa Cruz,087,273765,10611,9340,394,9734,85
2021-01-02,Shasta,089,179085,8774,8154,781,8935,72
2021-01-02,Sierra,091,2930,36,28,6,34,0
2021-01-02,Siskiyou,093,43540,1095,949,126,1075,3
2021-01-02,Solano,095,438530,21401,19805,214,20019,97
2021-01-02,Sonoma,097,501317,20838,19761,111,19872,194
2021-01-02,Stanislaus,099,539301,37604,35431,3509,38940,553
2021-01-02,Sutter,101,95872,6866,6621,48,6669,53
2021-01-02,Tehama,103,63373,3386,3146,325,3471,9
2021-01-02,Trinity,105,12862,426,243,58,301,2
2021-01-02,Tulare,107,460477,37015,34479,4135,38614,455
2021-01-02,Tuolumne,109,53932,2988,2942,17,2959,13
2021-01-02,Ventura,111,848112,47826,43397,1779,45176,254
2021-01-02,Yolo,113,214977,9364,8571,72,8643,122
2021-01-02,Yuba,115,75493,4203,3930,42,3972,21
2021-01-01,Alameda,001,1643700,57243,53518,1074,54592,579
2021-01-01,Alpine,003,1148,69,68,0,68,0
2021-01-01,Amador,005,37829,2726,2513,20,2533,24
2021-01-01,Butte,007,227075,8403,7589,985,8574,105
2021-01-01,Calaveras,009,45235,1258,1186,3,1189,21
2021-01-01,Colusa,011,21464,1396,1314,99,1413,7
2021-01-01,Contra Costa,013,1133247,44206,41412,646,42058,351
2021-01-01,Del Norte,015,27424,796,758,2,760,2
2021-01-01,El Dorado,017,186661,6784,5832,359,6191,27
2021-01-01,Fresno,019,978130,73509,67484,5069,72553,717
2021-01-01,Glenn,021,27897,1717,1520,299,1819,9
2021-01-01,Humboldt,023,135768,1944,1783,7,1790,21
2021-01-01,Imperial,025,180216,23845,22715,1546,24261,418
2021-01-01,Inyo,027,18085,737,606,8,614,20
2021-01-01,Kern,029,883053,70854,65571,5566,71137,609
2021-01-01,Kings,031,150075,17197,16358,565,16923,108
2021-01-01,Lake,033,64148,2072,1888,0,1888,24
2021-01-01,Lassen,035,31185,4585,4377,53,4430,1
2021-01-01,Los Angeles,037,10098052,847045,775578,24126,799704,10515
2021-01-01,Madera,039,155013,11655,10752,482,11234,66
2021-01-01,Marin,041,260295,10304,9821,91,9912,148
2021-01-01,Mariposa,043,17540,276,236,2,238,3
2021-01-01,Mendocino,045,87422,2600,2400,27,2427,24
2021-01-01,Merced,047,269075,20283,19118,390,19508,229
2021-01-01,Modoc,049,8938,269,241,76,317,0
2021-01-01,Mono,051,14174,914,884,11,895,3
2021-01-01,Monterey,053,433212,30454,28465,755,29220,191
2021-01-01,Napa,055,140530,6433,5899,25,5924,28
2021-01-01,Nevada,057,99092,2929,2663,96,2759,15
2021-01-01,Orange,059,3164182,178776,165440,6982,172422,1893
2021-01-01,Placer,061,380077,15706,13987,642,14629,133
2021-01-01,Plumas,063,18699,498,412,9,421,1
2021-01-01,Riverside,065,2383286,204164,188674,9261,197935,1990
2021-01-01,Sacramento,067,1510023,70348,66956,674,67630,848
2021-01-01,San Benito,069,59416,4002,3773,34,3807,28
2021-01-01,San Bernardino,071,2135413,218610,203651,5917,209568,1590
2021-01-01,San Diego,073,3302833,178572,160071,8078,168149,1592
2021-01-01,San Francisco,075,870044,25229,24145,236,24381,187
2021-01-01,San Joaquin,077,732212,49549,46640,1758,48398,657
2021-01-01,San Luis Obispo,079,281455,12519,11160,270,11430,94
2021-01-01,San Mateo,081,765935,27774,25041,133,25174,194
2021-01-01,Santa Barbara,083,443738,19654,17759,565,18324,164
2021-01-01,Santa Clara,085,1922200,77679,71904,312,72216,680
2021-01-01,Santa Cruz,087,273765,10431,9146,384,9530,84
2021-01-01,Shasta,089,179085,8693,8102,764,8866,72
2021-01-01,Sierra,091,2930,36,26,6,32,0
2021-01-01,Siskiyou,093,43540,1081,944,121,1065,3
2021-01-01,Solano,095,438530,21186,19393,212,19605,97
2021-01-01,Sonoma,097,501317,20642,19513,111,19624,189
2021-01-01,Stanislaus,099,539301,37316,34978,3447,38425,553
2021-01-01,Sutter,101,95872,6809,6553,47,6600,52
2021-01-01,Tehama,103,63373,3328,3079,318,3397,9
2021-01-01,Trinity,105,12862,426,243,58,301,2
2021-01-01,Tulare,107,460477,36602,33994,4047,38041,454
2021-01-01,Tuolumne,109,53932,2972,2909,17,2926,13
2021-01-01,Ventura,111,848112,46333,42026,1753,43779,253
2021-01-01,Yolo,113,214977,9253,8461,69,8530,120
2021-01-01,Yuba,115,75493,4149,3845,41,3886,19
2020-12-31,Alameda,001,1643700,56693,52475,1043,53518,579
2020-12-31,Alpine,003,1148,69,66,0,66,0
2020-12-31,Amador,005,37829,2712,2493,20,2513,24
2020-12-31,Butte,007,227075,8328,7405,964,8369,105
2020-12-31,Calaveras,009,45235,1247,1161,3,1164,21
2020-12-31,Colusa,011,21464,1386,1301,96,1397,7
2020-12-31,Contra Costa,013,1133247,43816,40512,631,41143,336
2020-12-31,Del Norte,015,27424,795,748,2,750,2
2020-12-31,El Dorado,017,186661,6732,5662,350,6012,26
2020-12-31,Fresno,019,978130,73076,66442,5007,71449,711
2020-12-31,Glenn,021,27897,1689,1484,291,1775,9
2020-12-31,Humboldt,023,135768,1927,1713,7,1720,21
2020-12-31,Imperial,025,180216,23774,22494,1530,24024,417
2020-12-31,Inyo,027,18085,729,591,8,599,20
2020-12-31,Kern,029,883053,70382,64904,5478,70382,609
2020-12-31,Kings,031,150075,17122,16077,557,16634,108
2020-12-31,Lake,033,64148,2057,1848,0,1848,23
2020-12-31,Lassen,035,31185,4579,4340,52,4392,1
2020-12-31,Los Angeles,037,10098052,841703,755844,23670,779514,10320
2020-12-31,Madera,039,155013,11582,10609,474,11083,64
2020-12-31,Marin,041,260295,10261,9731,90,9821,148
2020-12-31,Mariposa,043,17540,274,217,2,219,3
2020-12-31,Mendocino,045,87422,2585,2367,23,2390,24
2020-12-31,Merced,047,269075,20193,18808,380,19188,226
2020-12-31,Modoc,049,8938,269,238,76,314,0
2020-12-31,Mono,051,14174,906,868,11,879,3
2020-12-31,Monterey,053,433212,30225,27720,743,28463,188
2020-12-31,Napa,055,140530,6370,5801,25,5826,28
2020-12-31,Nevada,057,99092,2906,2619,95,2714,15
2020-12-31,Orange,059,3164182,176887,161586,6853,168439,1866
2020-12-31,Placer,061,380077,15550,13708,639,14347,126
2020-12-31,Plumas,063,18699,494,401,8,409,1
2020-12-31,Riverside,065,2383286,202485,184193,9133,193326,1958
2020-12-31,Sacramento,067,1510023,69819,65817,664,66481,830
2020-12-31,San Benito,069,59416,3978,3673,34,3707,28
2020-12-31,San Bernardino,071,2135413,216953,199115,5848,204963,1586
2020-12-31,San Diego,073,3302833,176809,155593,7979,163572,1534
2020-12-31,San Francisco,075,870044,24998,23740,229,23969,183
2020-12-31,San Joaquin,077,732212,49230,45764,1721,47485,646
2020-12-31,San Luis Obispo,079,281455,12405,10846,270,11116,89
2020-12-31,San Mateo,081,765935,27444,24570,127,24697,192
2020-12-31,Santa Barbara,083,443738,19410,17434,558,17992,161
2020-12-31,Santa Clara,085,1922200,76862,70032,307,70339,665
2020-12-31,Santa Cruz,087,273765,10313,8909,372,9281,84
2020-12-31,Shasta,089,179085,8627,7996,754,8750,69
2020-12-31,Sierra,091,2930,36,26,6,32,0
2020-12-31,Siskiyou,093,43540,1065,940,118,1058,3
2020-12-31,Solano,095,438530,20955,18942,211,19153,97
2020-12-31,Sonoma,097,501317,20521,19129,110,19239,188
2020-12-31,Stanislaus,099,539301,37008,34398,3400,37798,552
2020-12-31,Sutter,101,95872,6778,6432,47,6479,51
2020-12-31,Tehama,103,63373,3292,3036,317,3353,9
2020-12-31,Trinity,105,12862,425,241,58,299,2
2020-12-31,Tulare,107,460477,36424,33412,3986,37398,446
2020-12-31,Tuolumne,109,53932,2963,2902,17,2919,12
2020-12-31,Ventura,111,848112,45822,40854,1736,42590,251
2020-12-31,Yolo,113,214977,9166,8295,68,8363,117
2020-12-31,Yuba,115,75493,4108,3799,40,3839,18
2020-12-30,Alameda,001,1643700,55909,50158,990,51148,573
2020-12-30,Alpine,003,1148,69,66,0,66,0
2020-12-30,Amador,005,37829,2692,2418,19,2437,24
2020-12-30,Butte,007,227075,8167,7140,944,8084,103
2020-12-30,Calaveras,009,45235,1222,1135,3,1138,21
2020-12-30,Colusa,011,21464,1370,1289,90,1379,7
2020-12-30,Contra Costa,013,1133247,43232,39601,619,40220,337
2020-12-30,Del Norte,015,27424,790,726,2,728,2
2020-12-30,El Dorado,017,186661,6631,5595,340,5935,27
2020-12-30,Fresno,019,978130,72230,65566,4858,70424,711
2020-12-30,Glenn,021,27897,1658,1471,279,1750,9
2020-12-30,Humboldt,023,135768,1893,1654,7,1661,22
2020-12-30,Imperial,025,180216,23605,22098,1455,23553,412
2020-12-30,Inyo,027,18085,722,572,8,580,20
2020-12-30,Kern,029,883053,69654,63292,5334,68626,604
2020-12-30,Kings,031,150075,17003,15862,549,16411,108
2020-12-30,Lake,033,64148,2035,1731,0,1731,23
2020-12-30,Lassen,035,31185,4570,4300,52,4352,1
2020-12-30,Los Angeles,037,10098052,830786,741907,22995,764902,10046
2020-12-30,Madera,039,155013,11472,10249,463,10712,65
2020-12-30,Marin,041,260295,10171,9569,84,9653,148
2020-12-30,Mariposa,043,17540,270,214,2,216,3
2020-12-30,Mendocino,045,87422,2567,2291,20,2311,24
2020-12-30,Merced,047,269075,19903,18519,370,18889,225
2020-12-30,Modoc,049,8938,266,234,76,310,0
2020-12-30,Mono,051,14174,903,868,11,879,3
2020-12-30,Monterey,053,433212,29595,26977,721,27698,186
2020-12-30,Napa,055,140530,6264,5754,25,5779,28
2020-12-30,Nevada,057,99092,2871,2595,93,2688,15
2020-12-30,Orange,059,3164182,174228,153951,6667,160618,1863
2020-12-30,Placer,061,380077,15318,13540,627,14167,127
2020-12-30,Plumas,063,18699,489,397,8,405,1
2020-12-30,Riverside,065,2383286,199538,176402,8949,185351,1919
2020-12-30,Sacramento,067,1510023,68946,64119,647,64766,847
2020-12-30,San Benito,069,59416,3897,3464,30,3494,29
2020-12-30,San Bernardino,071,2135413,214390,192648,5762,198410,1591
2020-12-30,San Diego,073,3302833,173176,152510,7804,160314,1472
2020-12-30,San Francisco,075,870044,24705,23099,224,23323,182
2020-12-30,San Joaquin,077,732212,48535,44465,1680,46145,634
2020-12-30,San Luis Obispo,079,281455,12136,10542,262,10804,89
2020-12-30,San Mateo,081,765935,27015,24150,123,24273,190
2020-12-30,Santa Barbara,083,443738,19008,16895,537,17432,161
2020-12-30,Santa Clara,085,1922200,75617,67218,303,67521,661
2020-12-30,Santa Cruz,087,273765,10119,8787,363,9150,86
2020-12-30,Shasta,089,179085,8513,7818,740,8558,69
2020-12-30,Sierra,091,2930,36,25,6,31,0
2020-12-30,Siskiyou,093,43540,1058,913,110,1023,3
2020-12-30,Solano,095,438530,20563,18300,208,18508,96
2020-12-30,Sonoma,097,501317,20264,18947,110,19057,191
2020-12-30,Stanislaus,099,539301,36544,33730,3325,37055,526
2020-12-30,Sutter,101,95872,6717,6328,45,6373,51
2020-12-30,Tehama,103,63373,3248,2969,313,3282,9
2020-12-30,Trinity,105,12862,424,231,57,288,2
2020-12-30,Tulare,107,460477,35877,32413,3922,36335,430
2020-12-30,Tuolumne,109,53932,2953,2772,15,2787,12
2020-12-30,Ventura,111,848112,44534,39039,1712,40751,251
2020-12-30,Yolo,113,214977,9058,8067,66,8133,117
2020-12-30,Yuba,115,75493,4037,3612,40,3652,18
2020-12-29,Alameda,001,1643700,54842,50946,954,51900,552
2020-12-29,Alpine,003,1148,69,65,0,65,0
2020-12-29,Amador,005,37829,2640,2388,18,2406,23
2020-12-29,Butte,007,227075,7994,7178,920,8098,98
2020-12-29,Calaveras,009,45235,1178,1111,2,1113,21
2020-12-29,Colusa,011,21464,1349,1272,85,1357,7
2020-12-29,Contra Costa,013,1133247,42430,39225,588,39813,325
2020-12-29,Del Norte,015,27424,783,724,2,726,2
2020-12-29,El Dorado,017,186661,6501,5551,327,5878,22
2020-12-29,Fresno,019,978130,70854,65149,4708,69857,688
2020-12-29,Glenn,021,27897,1624,1454,272,1726,9
2020-12-29,Humboldt,023,135768,1845,1616,7,1623,19
2020-12-29,Imperial,025,180216,23392,22105,1370,23475,407
2020-12-29,Inyo,027,18085,705,571,8,579,19
2020-12-29,Kern,029,883053,68488,63096,5166,68262,589
2020-12-29,Kings,031,150075,16834,15777,537,16314,108
2020-12-29,Lake,033,64148,2004,1805,0,1805,22
2020-12-29,Lassen,035,31185,4555,4288,52,4340,1
2020-12-29,Los Angeles,037,10098052,810582,731907,22154,754061,9786
2020-12-29,Madera,039,155013,11158,10251,450,10701,64
2020-12-29,Marin,041,260295,10019,9595,80,9675,146
2020-12-29,Mariposa,043,17540,262,212,2,214,3
2020-12-29,Mendocino,045,87422,2524,2249,19,2268,24
2020-12-29,Merced,047,269075,19553,18464,354,18818,221
2020-12-29,Modoc,049,8938,263,232,76,308,0
2020-12-29,Mono,051,14174,894,868,11,879,3
2020-12-29,Monterey,053,433212,28946,26894,696,27590,185
2020-12-29,Napa,055,140530,6146,5663,25,5688,28
2020-12-29,Nevada,057,99092,2823,2550,92,2642,15
2020-12-29,Orange,059,3164182,170437,154411,6503,160914,1839
2020-12-29,Placer,061,380077,15105,13392,606,13998,126
2020-12-29,Plumas,063,18699,480,395,8,403,1
2020-12-29,Riverside,065,2383286,194937,177624,8699,186323,1904
2020-12-29,Sacramento,067,1510023,67895,65078,635,65713,820
2020-12-29,San Benito,069,59416,3778,3474,29,3503,25
2020-12-29,San Bernardino,071,2135413,209569,190476,5626,196102,1557
2020-12-29,San Diego,073,3302833,168953,150062,7573,157635,1435
2020-12-29,San Francisco,075,870044,24367,22996,217,23213,178
2020-12-29,San Joaquin,077,732212,47615,44699,1627,46326,622
2020-12-29,San Luis Obispo,079,281455,11840,10387,254,10641,80
2020-12-29,San Mateo,081,765935,26473,23773,111,23884,189
2020-12-29,Santa Barbara,083,443738,18539,16797,511,17308,155
2020-12-29,Santa Clara,085,1922200,74072,67581,300,67881,621
2020-12-29,Santa Cruz,087,273765,9848,8492,354,8846,84
2020-12-29,Shasta,089,179085,8409,7782,725,8507,65
2020-12-29,Sierra,091,2930,34,24,5,29,0
2020-12-29,Siskiyou,093,43540,1043,926,108,1034,3
2020-12-29,Solano,095,438530,20181,18412,203,18615,96
2020-12-29,Sonoma,097,501317,19930,18790,108,18898,187
2020-12-29,Stanislaus,099,539301,36068,33775,3255,37030,508
2020-12-29,Sutter,101,95872,6650,6302,45,6347,50
2020-12-29,Tehama,103,63373,3179,2962,301,3263,9
2020-12-29,Trinity,105,12862,423,241,57,298,2
2020-12-29,Tulare,107,460477,35220,32545,3792,36337,419
2020-12-29,Tuolumne,109,53932,2911,2797,15,2812,12
2020-12-29,Ventura,111,848112,43279,38669,1686,40355,235
2020-12-29,Yolo,113,214977,8929,8124,64,8188,111
2020-12-29,Yuba,115,75493,3955,3723,40,3763,18
2020-12-28,Alameda,001,1643700,53798,50405,934,51339,551
2020-12-28,Alpine,003,1148,68,65,0,65,0
2020-12-28,Amador,005,37829,2570,2255,18,2273,23
2020-12-28,Butte,007,227075,7827,7053,890,7943,86
2020-12-28,Calaveras,009,45235,1155,1102,2,1104,21
2020-12-28,Colusa,011,21464,1324,1255,74,1329,7
2020-12-28,Contra Costa,013,1133247,41492,38872,562,39434,324
2020-12-28,Del Norte,015,27424,773,718,2,720,2
2020-12-28,El Dorado,017,186661,6345,5441,315,5756,18
2020-12-28,Fresno,019,978130,69585,64274,4559,68833,679
2020-12-28,Glenn,021,27897,1590,1435,260,1695,9
2020-12-28,Humboldt,023,135768,1810,1579,7,1586,19
2020-12-28,Imperial,025,180216,23133,22003,1297,23300,405
2020-12-28,Inyo,027,18085,698,569,8,577,19
2020-12-28,Kern,029,883053,67421,62392,4966,67358,579
2020-12-28,Kings,031,150075,16617,15733,520,16253,108
2020-12-28,Lake,033,64148,1963,1785,0,1785,22
2020-12-28,Lassen,035,31185,4448,4284,51,4335,1
2020-12-28,Los Angeles,037,10098052,788228,720699,21361,742060,9544
2020-12-28,Madera,039,155013,10984,10123,428,10551,64
2020-12-28,Marin,041,260295,9911,9546,74,9620,145
2020-12-28,Mariposa,043,17540,238,211,2,213,3
2020-12-28,Mendocino,045,87422,2489,2214,19,2233,23
2020-12-28,Merced,047,269075,19233,18245,336,18581,213
2020-12-28,Modoc,049,8938,258,220,75,295,0
2020-12-28,Mono,051,14174,890,848,11,859,3
2020-12-28,Monterey,053,433212,28098,26529,687,27216,182
2020-12-28,Napa,055,140530,6037,5576,25,5601,26
2020-12-28,Nevada,057,99092,2775,2532,88,2620,15
2020-12-28,Orange,059,3164182,166332,152089,6328,158417,1839
2020-12-28,Placer,061,380077,14765,13234,579,13813,126
2020-12-28,Plumas,063,18699,476,391,8,399,0
2020-12-28,Riverside,065,2383286,190040,174029,8411,182440,1855
2020-12-28,Sacramento,067,1510023,66659,64322,611,64933,813
2020-12-28,San Benito,069,59416,3709,3429,29,3458,24
2020-12-28,San Bernardino,071,2135413,204474,188919,5513,194432,1552
2020-12-28,San Diego,073,3302833,164209,147528,7391,154919,1404
2020-12-28,San Francisco,075,870044,24007,22726,212,22938,178
2020-12-28,San Joaquin,077,732212,46682,44172,1595,45767,618
2020-12-28,San Luis Obispo,079,281455,11490,10260,250,10510,76
2020-12-28,San Mateo,081,765935,25999,23467,107,23574,189
2020-12-28,Santa Barbara,083,443738,18071,16579,499,17078,155
2020-12-28,Santa Clara,085,1922200,72586,66418,293,66711,619
2020-12-28,Santa Cruz,087,273765,9582,8310,344,8654,81
2020-12-28,Shasta,089,179085,8292,7688,712,8400,65
2020-12-28,Sierra,091,2930,32,24,4,28,0
2020-12-28,Siskiyou,093,43540,1027,915,103,1018,3
2020-12-28,Solano,095,438530,19609,18171,196,18367,96
2020-12-28,Sonoma,097,501317,19583,18667,106,18773,185
2020-12-28,Stanislaus,099,539301,35521,33473,3193,36666,507
2020-12-28,Sutter,101,95872,6570,6253,45,6298,49
2020-12-28,Tehama,103,63373,3126,2934,294,3228,9
2020-12-28,Trinity,105,12862,421,240,57,297,2
2020-12-28,Tulare,107,460477,34539,32010,3687,35697,404
2020-12-28,Tuolumne,109,53932,2894,2777,15,2792,12
2020-12-28,Ventura,111,848112,41610,37151,1641,38792,230
2020-12-28,Yolo,113,214977,8775,8031,63,8094,111
2020-12-28,Yuba,115,75493,3893,3679,39,3718,18
2020-12-27,Alameda,001,1643700,52555,49764,907,50671,551
2020-12-27,Alpine,003,1148,66,65,0,65,0
2020-12-27,Amador,005,37829,2450,2218,18,2236,23
2020-12-27,Butte,007,227075,7672,7016,852,7868,86
2020-12-27,Calaveras,009,45235,1109,1097,2,1099,21
2020-12-27,Colusa,011,21464,1299,1253,71,1324,7
2020-12-27,Contra Costa,013,1133247,40560,38428,536,38964,324
2020-12-27,Del Norte,015,27424,750,712,2,714,2
2020-12-27,El Dorado,017,186661,6131,5388,292,5680,18
2020-12-27,Fresno,019,978130,68338,63811,4356,68167,679
2020-12-27,Glenn,021,27897,1562,1434,246,1680,9
2020-12-27,Humboldt,023,135768,1766,1575,7,1582,17
2020-12-27,Imperial,025,180216,22834,21934,1188,23122,405
2020-12-27,Inyo,027,18085,676,565,7,572,18
2020-12-27,Kern,029,883053,66140,61914,4800,66714,568
2020-12-27,Kings,031,150075,16381,15593,486,16079,108
2020-12-27,Lake,033,64148,1908,1769,0,1769,22
2020-12-27,Lassen,035,31185,4371,4230,44,4274,1
2020-12-27,Los Angeles,037,10098052,766711,707260,20484,727744,9476
2020-12-27,Madera,039,155013,10727,10005,418,10423,64
2020-12-27,Marin,041,260295,9788,9477,70,9547,144
2020-12-27,Mariposa,043,17540,231,208,2,210,3
2020-12-27,Mendocino,045,87422,2442,2209,19,2228,23
2020-12-27,Merced,047,269075,18865,18075,320,18395,213
2020-12-27,Modoc,049,8938,249,221,71,292,0
2020-12-27,Mono,051,14174,878,849,11,860,3
2020-12-27,Monterey,053,433212,27537,26322,670,26992,181
2020-12-27,Napa,055,140530,5903,5496,25,5521,26
2020-12-27,Nevada,057,99092,2739,2519,88,2607,15
2020-12-27,Orange,059,3164182,161933,149276,6139,155415,1839
2020-12-27,Placer,061,380077,14470,13017,547,13564,126
2020-12-27,Plumas,063,18699,470,390,8,398,0
2020-12-27,Riverside,065,2383286,185125,171995,8111,180106,1836
2020-12-27,Sacramento,067,1510023,65452,63416,589,64005,811
2020-12-27,San Benito,069,59416,3624,3394,29,3423,24
2020-12-27,San Bernardino,071,2135413,199395,186776,5376,192152,1551
2020-12-27,San Diego,073,3302833,159802,145777,7204,152981,1402
2020-12-27,San Francisco,075,870044,23661,22514,204,22718,178
2020-12-27,San Joaquin,077,732212,45646,43529,1546,45075,618
2020-12-27,San Luis Obispo,079,281455,11082,10154,245,10399,76
2020-12-27,San Mateo,081,765935,25435,23136,104,23240,187
2020-12-27,Santa Barbara,083,443738,17542,16364,472,16836,155
2020-12-27,Santa Clara,085,1922200,70955,65288,288,65576,619
2020-12-27,Santa Cruz,087,273765,9317,8234,336,8570,81
2020-12-27,Shasta,089,179085,8165,7671,690,8361,65
2020-12-27,Sierra,091,2930,32,24,3,27,0
2020-12-27,Siskiyou,093,43540,1017,914,98,1012,3
2020-12-27,Solano,095,438530,19115,17840,190,18030,96
2020-12-27,Sonoma,097,501317,19292,18487,105,18592,185
2020-12-27,Stanislaus,099,539301,34902,33076,3101,36177,506
2020-12-27,Sutter,101,95872,6489,6218,43,6261,48
2020-12-27,Tehama,103,63373,3055,2922,278,3200,9
2020-12-27,Trinity,105,12862,414,240,55,295,2
2020-12-27,Tulare,107,460477,33942,31864,3569,35433,400
2020-12-27,Tuolumne,109,53932,2788,2750,13,2763,12
2020-12-27,Ventura,111,848112,40547,36661,1590,38251,230
2020-12-27,Yolo,113,214977,8586,7919,59,7978,111
2020-12-27,Yuba,115,75493,3828,3665,37,3702,18
2020-12-26,Alameda,001,1643700,51933,49084,894,49978,551
2020-12-26,Alpine,003,1148,66,65,0,65,0
2020-12-26,Amador,005,37829,2436,2189,18,2207,23
2020-12-26,Butte,007,227075,7577,6968,828,7796,86
2020-12-26,Calaveras,009,45235,1103,1084,2,1086,21
2020-12-26,Colusa,011,21464,1289,1240,71,1311,7
2020-12-26,Contra Costa,013,1133247,40093,38008,522,38530,324
2020-12-26,Del Norte,015,27424,744,709,2,711,2
2020-12-26,El Dorado,017,186661,6076,5279,288,5567,18
2020-12-26,Fresno,019,978130,67868,63080,4293,67373,679
2020-12-26,Glenn,021,27897,1541,1413,241,1654,9
2020-12-26,Humboldt,023,135768,1728,1545,7,1552,17
2020-12-26,Imperial,025,180216,22742,21734,1136,22870,405
2020-12-26,Inyo,027,18085,663,554,7,561,18
2020-12-26,Kern,029,883053,65470,61174,4653,65827,564
2020-12-26,Kings,031,150075,16263,15517,482,15999,108
2020-12-26,Lake,033,64148,1867,1710,0,1710,22
2020-12-26,Lassen,035,31185,4350,3981,44,4025,1
2020-12-26,Los Angeles,037,10098052,758145,694149,19988,714137,9424
2020-12-26,Madera,039,155013,10650,9908,406,10314,64
2020-12-26,Marin,041,260295,9753,9413,69,9482,143
2020-12-26,Mariposa,043,17540,230,206,2,208,3
2020-12-26,Mendocino,045,87422,2396,2194,19,2213,23
2020-12-26,Merced,047,269075,18706,17890,315,18205,213
2020-12-26,Modoc,049,8938,246,222,71,293,0
2020-12-26,Mono,051,14174,872,850,11,861,3
2020-12-26,Monterey,053,433212,27400,26010,661,26671,182
2020-12-26,Napa,055,140530,5845,5427,25,5452,26
2020-12-26,Nevada,057,99092,2711,2480,88,2568,15
2020-12-26,Orange,059,3164182,159727,147304,6048,153352,1838
2020-12-26,Placer,061,380077,14299,12816,532,13348,122
2020-12-26,Plumas,063,18699,467,381,8,389,0
2020-12-26,Riverside,065,2383286,182640,169360,7953,177313,1834
2020-12-26,Sacramento,067,1510023,64829,62435,579,63014,807
2020-12-26,San Benito,069,59416,3551,3330,29,3359,24
2020-12-26,San Bernardino,071,2135413,197719,185111,5294,190405,1551
2020-12-26,San Diego,073,3302833,157277,142644,7057,149701,1402
2020-12-26,San Francisco,075,870044,23423,22319,204,22523,177
2020-12-26,San Joaquin,077,732212,45259,42887,1498,44385,618
2020-12-26,San Luis Obispo,079,281455,10995,9945,240,10185,76
2020-12-26,San Mateo,081,765935,25097,22908,99,23007,187
2020-12-26,Santa Barbara,083,443738,17303,16159,466,16625,155
2020-12-26,Santa Clara,085,1922200,69884,64185,286,64471,618
2020-12-26,Santa Cruz,087,273765,9191,8113,327,8440,81
2020-12-26,Shasta,089,179085,8105,7641,678,8319,65
2020-12-26,Sierra,091,2930,32,24,3,27,0
2020-12-26,Siskiyou,093,43540,1010,909,94,1003,2
2020-12-26,Solano,095,438530,18870,17528,190,17718,96
2020-12-26,Sonoma,097,501317,19089,18261,103,18364,184
2020-12-26,Stanislaus,099,539301,34602,32678,3048,35726,505
2020-12-26,Sutter,101,95872,6430,6121,43,6164,48
2020-12-26,Tehama,103,63373,3026,2884,272,3156,9
2020-12-26,Trinity,105,12862,412,237,54,291,2
2020-12-26,Tulare,107,460477,33636,31665,3512,35177,398
2020-12-26,Tuolumne,109,53932,2777,2703,13,2716,12
2020-12-26,Ventura,111,848112,39582,36064,1560,37624,230
2020-12-26,Yolo,113,214977,8483,7785,57,7842,111
2020-12-26,Yuba,115,75493,3799,3599,37,3636,18
2020-12-25,Alameda,001,1643700,51363,48365,879,49244,542
2020-12-25,Alpine,003,1148,66,64,0,64,0
2020-12-25,Amador,005,37829,2393,2172,18,2190,23
2020-12-25,Butte,007,227075,7478,6873,809,7682,85
2020-12-25,Calaveras,009,45235,1100,1062,2,1064,21
2020-12-25,Colusa,011,21464,1277,1219,70,1289,7
2020-12-25,Contra Costa,013,1133247,39625,37480,497,37977,324
2020-12-25,Del Norte,015,27424,741,692,2,694,2
2020-12-25,El Dorado,017,186661,6011,5170,275,5445,16
2020-12-25,Fresno,019,978130,67004,62251,4213,66464,679
2020-12-25,Glenn,021,27897,1525,1390,234,1624,9
2020-12-25,Humboldt,023,135768,1688,1532,7,1539,16
2020-12-25,Imperial,025,180216,22647,21646,1125,22771,405
2020-12-25,Inyo,027,18085,653,546,7,553,18
2020-12-25,Kern,029,883053,64740,60417,4507,64924,562
2020-12-25,Kings,031,150075,16152,15460,478,15938,108
2020-12-25,Lake,033,64148,1847,1669,0,1669,20
2020-12-25,Lassen,035,31185,4335,3926,44,3970,1
2020-12-25,Los Angeles,037,10098052,744482,665600,19326,684926,9292
2020-12-25,Madera,039,155013,10482,9770,400,10170,64
2020-12-25,Marin,041,260295,9704,9375,67,9442,143
2020-12-25,Mariposa,043,17540,224,203,2,205,3
2020-12-25,Mendocino,045,87422,2353,2176,19,2195,23
2020-12-25,Merced,047,269075,18545,17726,307,18033,213
2020-12-25,Modoc,049,8938,245,221,71,292,0
2020-12-25,Mono,051,14174,870,843,11,854,3
2020-12-25,Monterey,053,433212,27123,25788,652,26440,182
2020-12-25,Napa,055,140530,5768,5351,25,5376,26
2020-12-25,Nevada,057,99092,2685,2458,86,2544,15
2020-12-25,Orange,059,3164182,157045,144542,5858,150400,1814
2020-12-25,Placer,061,380077,14113,12660,510,13170,122
2020-12-25,Plumas,063,18699,460,381,8,389,0
2020-12-25,Riverside,065,2383286,179355,166690,7642,174332,1825
2020-12-25,Sacramento,067,1510023,64135,61630,554,62184,796
2020-12-25,San Benito,069,59416,3510,3281,27,3308,24
2020-12-25,San Bernardino,071,2135413,195093,181812,5179,186991,1546
2020-12-25,San Diego,073,3302833,154797,139958,6879,146837,1402
2020-12-25,San Francisco,075,870044,23146,22130,199,22329,175
2020-12-25,San Joaquin,077,732212,44952,42089,1444,43533,614
2020-12-25,San Luis Obispo,079,281455,10812,9749,233,9982,76
2020-12-25,San Mateo,081,765935,24775,22568,97,22665,187
2020-12-25,Santa Barbara,083,443738,17079,15936,459,16395,155
2020-12-25,Santa Clara,085,1922200,68769,63173,277,63450,612
2020-12-25,Santa Cruz,087,273765,9048,8018,306,8324,81
2020-12-25,Shasta,089,179085,8031,7612,655,8267,65
2020-12-25,Sierra,091,2930,32,24,3,27,0
2020-12-25,Siskiyou,093,43540,1004,905,92,997,2
2020-12-25,Solano,095,438530,18698,17280,188,17468,96
2020-12-25,Sonoma,097,501317,18914,18035,101,18136,184
2020-12-25,Stanislaus,099,539301,34302,32290,2997,35287,498
2020-12-25,Sutter,101,95872,6371,6051,42,6093,47
2020-12-25,Tehama,103,63373,2977,2839,259,3098,9
2020-12-25,Trinity,105,12862,408,236,54,290,2
2020-12-25,Tulare,107,460477,33243,31323,3447,34770,398
2020-12-25,Tuolumne,109,53932,2758,2674,13,2687,12
2020-12-25,Ventura,111,848112,38426,35514,1512,37026,230
2020-12-25,Yolo,113,214977,8387,7700,55,7755,111
2020-12-25,Yuba,115,75493,3763,3549,36,3585,17
2020-12-24,Alameda,001,1643700,51006,47527,861,48388,541
2020-12-24,Alpine,003,1148,66,64,0,64,0
2020-12-24,Amador,005,37829,2381,2145,18,2163,23
2020-12-24,Butte,007,227075,7439,6716,794,7510,84
2020-12-24,Calaveras,009,45235,1097,1032,2,1034,21
2020-12-24,Colusa,011,21464,1272,1188,68,1256,7
2020-12-24,Contra Costa,013,1133247,39385,36623,485,37108,311
2020-12-24,Del Norte,015,27424,741,678,2,680,2
2020-12-24,El Dorado,017,186661,5985,5042,267,5309,16
2020-12-24,Fresno,019,978130,66781,61435,4199,65634,663
2020-12-24,Glenn,021,27897,1514,1363,226,1589,9
2020-12-24,Humboldt,023,135768,1665,1516,7,1523,16
2020-12-24,Imperial,025,180216,22597,21545,1116,22661,402
2020-12-24,Inyo,027,18085,651,532,7,539,17
2020-12-24,Kern,029,883053,64453,59601,4494,64095,556
2020-12-24,Kings,031,150075,16112,15211,477,15688,108
2020-12-24,Lake,033,64148,1832,1629,0,1629,20
2020-12-24,Lassen,035,31185,4322,3894,44,3938,1
2020-12-24,Los Angeles,037,10098052,740296,664840,19078,683918,9288
2020-12-24,Madera,039,155013,10442,9547,393,9940,63
2020-12-24,Marin,041,260295,9670,9287,67,9354,143
2020-12-24,Mariposa,043,17540,220,197,2,199,3
2020-12-24,Mendocino,045,87422,2342,2150,19,2169,23
2020-12-24,Merced,047,269075,18475,17485,303,17788,212
2020-12-24,Modoc,049,8938,245,220,70,290,0
2020-12-24,Mono,051,14174,868,817,11,828,3
2020-12-24,Monterey,053,433212,27011,25131,645,25776,180
2020-12-24,Napa,055,140530,5713,5265,25,5290,26
2020-12-24,Nevada,057,99092,2661,2429,86,2515,15
2020-12-24,Orange,059,3164182,155562,141205,5807,147012,1775
2020-12-24,Placer,061,380077,14023,12457,503,12960,121
2020-12-24,Plumas,063,18699,457,376,8,384,0
2020-12-24,Riverside,065,2383286,178420,162435,7602,170037,1816
2020-12-24,Sacramento,067,1510023,63860,60596,552,61148,788
2020-12-24,San Benito,069,59416,3479,3183,27,3210,24
2020-12-24,San Bernardino,071,2135413,194029,176866,5145,182011,1533
2020-12-24,San Diego,073,3302833,153713,136952,6847,143799,1382
2020-12-24,San Francisco,075,870044,22978,21830,196,22026,175
2020-12-24,San Joaquin,077,732212,44787,41324,1426,42750,611
2020-12-24,San Luis Obispo,079,281455,10743,9504,231,9735,77
2020-12-24,San Mateo,081,765935,24580,22093,97,22190,186
2020-12-24,Santa Barbara,083,443738,16974,15644,451,16095,153
2020-12-24,Santa Clara,085,1922200,68157,61742,270,62012,591
2020-12-24,Santa Cruz,087,273765,8976,7856,294,8150,82
2020-12-24,Shasta,089,179085,7990,7540,638,8178,65
2020-12-24,Sierra,091,2930,29,23,1,24,0
2020-12-24,Siskiyou,093,43540,999,900,86,986,2
2020-12-24,Solano,095,438530,18557,16872,183,17055,96
2020-12-24,Sonoma,097,501317,18814,17710,101,17811,183
2020-12-24,Stanislaus,099,539301,34098,31848,2971,34819,498
2020-12-24,Sutter,101,95872,6331,5960,41,6001,47
2020-12-24,Tehama,103,63373,2959,2779,257,3036,9
2020-12-24,Trinity,105,12862,407,235,54,289,2
2020-12-24,Tulare,107,460477,33123,30827,3422,34249,390
2020-12-24,Tuolumne,109,53932,2750,2653,13,2666,12
2020-12-24,Ventura,111,848112,38146,34400,1505,35905,224
2020-12-24,Yolo,113,214977,8345,7566,54,7620,113
2020-12-24,Yuba,115,75493,3738,3483,36,3519,16
2020-12-23,Alameda,001,1643700,50427,46753,834,47587,537
2020-12-23,Alpine,003,1148,66,64,0,64,0
2020-12-23,Amador,005,37829,2312,2108,17,2125,23
2020-12-23,Butte,007,227075,7350,6588,768,7356,84
2020-12-23,Calaveras,009,45235,1089,1002,1,1003,21
2020-12-23,Colusa,011,21464,1261,1167,67,1234,7
2020-12-23,Contra Costa,013,1133247,38984,36190,472,36662,311
2020-12-23,Del Norte,015,27424,734,670,2,672,2
2020-12-23,El Dorado,017,186661,5910,4967,259,5226,14
2020-12-23,Fresno,019,978130,66171,60488,4134,64622,654
2020-12-23,Glenn,021,27897,1500,1349,222,1571,9
2020-12-23,Humboldt,023,135768,1640,1458,7,1465,16
2020-12-23,Imperial,025,180216,22502,21323,1087,22410,399
2020-12-23,Inyo,027,18085,639,517,7,524,17
2020-12-23,Kern,029,883053,63935,58656,4403,63059,549
2020-12-23,Kings,031,150075,16035,14923,474,15397,105
2020-12-23,Lake,033,64148,1819,1595,0,1595,20
2020-12-23,Lassen,035,31185,4312,3865,41,3906,1
2020-12-23,Los Angeles,037,10098052,731228,651958,18557,670515,9146
2020-12-23,Madera,039,155013,10283,9371,379,9750,63
2020-12-23,Marin,041,260295,9612,9199,64,9263,142
2020-12-23,Mariposa,043,17540,218,194,2,196,3
2020-12-23,Mendocino,045,87422,2330,2121,19,2140,23
2020-12-23,Merced,047,269075,18319,17250,295,17545,203
2020-12-23,Modoc,049,8938,241,197,69,266,0
2020-12-23,Mono,051,14174,865,814,11,825,3
2020-12-23,Monterey,053,433212,26711,24856,640,25496,176
2020-12-23,Napa,055,140530,5645,5172,25,5197,25
2020-12-23,Nevada,057,99092,2616,2406,85,2491,15
2020-12-23,Orange,059,3164182,153111,138050,5645,143695,1771
2020-12-23,Placer,061,380077,13813,12213,495,12708,111
2020-12-23,Plumas,063,18699,450,369,8,377,0
2020-12-23,Riverside,065,2383286,176149,158110,7447,165557,1790
2020-12-23,Sacramento,067,1510023,63210,59661,539,60200,779
2020-12-23,San Benito,069,59416,3425,3073,25,3098,24
2020-12-23,San Bernardino,071,2135413,191975,172888,5077,177965,1509
2020-12-23,San Diego,073,3302833,151287,134695,6710,141405,1350
2020-12-23,San Francisco,075,870044,22756,21498,193,21691,174
2020-12-23,San Joaquin,077,732212,44264,35664,1385,37049,602
2020-12-23,San Luis Obispo,079,281455,10601,9267,226,9493,74
2020-12-23,San Mateo,081,765935,24278,21780,95,21875,186
2020-12-23,Santa Barbara,083,443738,16766,15399,426,15825,152
2020-12-23,Santa Clara,085,1922200,67243,60455,265,60720,579
2020-12-23,Santa Cruz,087,273765,8816,7637,276,7913,75
2020-12-23,Shasta,089,179085,7918,7487,632,8119,66
2020-12-23,Sierra,091,2930,27,23,1,24,0
2020-12-23,Siskiyou,093,43540,978,891,85,976,2
2020-12-23,Solano,095,438530,18349,16626,179,16805,95
2020-12-23,Sonoma,097,501317,18610,17397,101,17498,182
2020-12-23,Stanislaus,099,539301,33745,31492,2919,34411,499
2020-12-23,Sutter,101,95872,6265,5871,41,5912,46
2020-12-23,Tehama,103,63373,2941,2737,250,2987,9
2020-12-23,Trinity,105,12862,407,234,53,287,2
2020-12-23,Tulare,107,460477,32829,30315,3385,33700,385
2020-12-23,Tuolumne,109,53932,2711,2540,13,2553,12
2020-12-23,Ventura,111,848112,37749,33377,1476,34853,216
2020-12-23,Yolo,113,214977,8267,7508,54,7562,112
2020-12-23,Yuba,115,75493,3685,3438,36,3474,14
2020-12-22,Alameda,001,1643700,49536,45751,804,46555,534
2020-12-22,Alpine,003,1148,66,64,0,64,0
2020-12-22,Amador,005,37829,2301,1839,17,1856,23
2020-12-22,Butte,007,227075,7222,6467,754,7221,85
2020-12-22,Calaveras,009,45235,1062,988,0,988,21
2020-12-22,Colusa,011,21464,1238,1150,64,1214,7
2020-12-22,Contra Costa,013,1133247,38358,35681,460,36141,301
2020-12-22,Del Norte,015,27424,727,666,2,668,2
2020-12-22,El Dorado,017,186661,5787,4885,247,5132,12
2020-12-22,Fresno,019,978130,65138,59640,4032,63672,640
2020-12-22,Glenn,021,27897,1477,1337,211,1548,9
2020-12-22,Humboldt,023,135768,1607,1440,7,1447,16
2020-12-22,Imperial,025,180216,22315,21128,1047,22175,398
2020-12-22,Inyo,027,18085,619,506,7,513,17
2020-12-22,Kern,029,883053,62982,57816,4268,62084,547
2020-12-22,Kings,031,150075,15893,14855,468,15323,102
2020-12-22,Lake,033,64148,1795,1569,0,1569,20
2020-12-22,Lassen,035,31185,4170,3848,39,3887,1
2020-12-22,Los Angeles,037,10098052,713958,635931,17893,653824,9013
2020-12-22,Madera,039,155013,10165,9187,363,9550,63
2020-12-22,Marin,041,260295,9548,9115,63,9178,142
2020-12-22,Mariposa,043,17540,215,194,2,196,3
2020-12-22,Mendocino,045,87422,2297,2092,19,2111,23
2020-12-22,Merced,047,269075,18073,17012,290,17302,201
2020-12-22,Modoc,049,8938,233,182,68,250,0
2020-12-22,Mono,051,14174,859,786,11,797,3
2020-12-22,Monterey,053,433212,26041,24152,619,24771,176
2020-12-22,Napa,055,140530,5556,5059,25,5084,23
2020-12-22,Nevada,057,99092,2588,2367,84,2451,14
2020-12-22,Orange,059,3164182,149773,134850,5477,140327,1774
2020-12-22,Placer,061,380077,13569,11943,475,12418,105
2020-12-22,Plumas,063,18699,444,360,8,368,0
2020-12-22,Riverside,065,2383286,172339,155059,7181,162240,1777
2020-12-22,Sacramento,067,1510023,62282,57966,520,58486,772
2020-12-22,San Benito,069,59416,3347,2998,25,3023,24
2020-12-22,San Bernardino,071,2135413,187384,169266,4933,174199,1500
2020-12-22,San Diego,073,3302833,147928,132097,6548,138645,1311
2020-12-22,San Francisco,075,870044,22486,21232,189,21421,174
2020-12-22,San Joaquin,077,732212,43506,39423,1338,40761,592
2020-12-22,San Luis Obispo,079,281455,10255,9174,221,9395,69
2020-12-22,San Mateo,081,765935,23952,21382,79,21461,186
2020-12-22,Santa Barbara,083,443738,16500,15189,416,15605,150
2020-12-22,Santa Clara,085,1922200,66070,59192,258,59450,569
2020-12-22,Santa Cruz,087,273765,8636,7471,250,7721,72
2020-12-22,Shasta,089,179085,7839,7371,615,7986,64
2020-12-22,Sierra,091,2930,27,23,0,23,0
2020-12-22,Siskiyou,093,43540,972,880,84,964,2
2020-12-22,Solano,095,438530,17946,16229,176,16405,95
2020-12-22,Sonoma,097,501317,18290,17216,101,17317,180
2020-12-22,Stanislaus,099,539301,33361,30914,2847,33761,499
2020-12-22,Sutter,101,95872,6206,5791,40,5831,46
2020-12-22,Tehama,103,63373,2891,2688,244,2932,9
2020-12-22,Trinity,105,12862,406,231,53,284,2
2020-12-22,Tulare,107,460477,32361,30025,3320,33345,377
2020-12-22,Tuolumne,109,53932,2660,2526,13,2539,12
2020-12-22,Ventura,111,848112,36984,32488,1433,33921,213
2020-12-22,Yolo,113,214977,8153,7388,53,7441,113
2020-12-22,Yuba,115,75493,3634,3379,36,3415,14
2020-12-21,Alameda,001,1643700,48640,44756,778,45534,518
2020-12-21,Alpine,003,1148,65,64,0,64,0
2020-12-21,Amador,005,37829,2224,1815,17,1832,23
2020-12-21,Butte,007,227075,7067,6335,731,7066,81
2020-12-21,Calaveras,009,45235,1032,963,0,963,21
2020-12-21,Colusa,011,21464,1211,1135,59,1194,7
2020-12-21,Contra Costa,013,1133247,37603,35207,423,35630,300
2020-12-21,Del Norte,015,27424,712,660,2,662,2
2020-12-21,El Dorado,017,186661,5641,4805,235,5040,10
2020-12-21,Fresno,019,978130,63988,58568,3890,62458,634
2020-12-21,Glenn,021,27897,1445,1323,203,1526,9
2020-12-21,Humboldt,023,135768,1584,1419,7,1426,16
2020-12-21,Imperial,025,180216,22046,20994,1005,21999,395
2020-12-21,Inyo,027,18085,598,482,7,489,17
2020-12-21,Kern,029,883053,62092,56836,4135,60971,541
2020-12-21,Kings,031,150075,15643,14760,453,15213,100
2020-12-21,Lake,033,64148,1741,1538,0,1538,20
2020-12-21,Lassen,035,31185,4010,3798,37,3835,1
2020-12-21,Los Angeles,037,10098052,694859,624129,17226,641355,8918
2020-12-21,Madera,039,155013,9971,9069,343,9412,63
2020-12-21,Marin,041,260295,9479,9035,63,9098,142
2020-12-21,Mariposa,043,17540,210,186,2,188,3
2020-12-21,Mendocino,045,87422,2266,2066,19,2085,23
2020-12-21,Merced,047,269075,17823,16710,275,16985,198
2020-12-21,Modoc,049,8938,219,181,67,248,0
2020-12-21,Mono,051,14174,847,781,11,792,3
2020-12-21,Monterey,053,433212,25510,23673,605,24278,174
2020-12-21,Napa,055,140530,5469,4952,25,4977,23
2020-12-21,Nevada,057,99092,2555,2337,84,2421,13
2020-12-21,Orange,059,3164182,146363,130444,5326,135770,1772
2020-12-21,Placer,061,380077,13337,11715,456,12171,105
2020-12-21,Plumas,063,18699,440,353,8,361,0
2020-12-21,Riverside,065,2383286,168112,151713,6862,158575,1743
2020-12-21,Sacramento,067,1510023,61262,57064,503,57567,759
2020-12-21,San Benito,069,59416,3279,2921,25,2946,22
2020-12-21,San Bernardino,071,2135413,182586,165086,4767,169853,1476
2020-12-21,San Diego,073,3302833,144477,129716,6384,136100,1284
2020-12-21,San Francisco,075,870044,22200,21086,187,21273,174
2020-12-21,San Joaquin,077,732212,42712,38811,1289,40100,586
2020-12-21,San Luis Obispo,079,281455,10066,9006,216,9222,64
2020-12-21,San Mateo,081,765935,23548,21035,76,21111,185
2020-12-21,Santa Barbara,083,443738,16225,14988,411,15399,149
2020-12-21,Santa Clara,085,1922200,64877,57699,246,57945,570
2020-12-21,Santa Cruz,087,273765,8425,7315,237,7552,69
2020-12-21,Shasta,089,179085,7774,7299,605,7904,64
2020-12-21,Sierra,091,2930,24,23,0,23,0
2020-12-21,Siskiyou,093,43540,965,878,83,961,2
2020-12-21,Solano,095,438530,17476,15878,171,16049,95
2020-12-21,Sonoma,097,501317,18017,17075,98,17173,176
2020-12-21,Stanislaus,099,539301,32903,30437,2773,33210,499
2020-12-21,Sutter,101,95872,6111,5708,40,5748,46
2020-12-21,Tehama,103,63373,2826,2656,235,2891,9
2020-12-21,Trinity,105,12862,404,226,51,277,2
2020-12-21,Tulare,107,460477,31867,29482,3232,32714,373
2020-12-21,Tuolumne,109,53932,2635,2423,11,2434,12
2020-12-21,Ventura,111,848112,35904,31759,1396,33155,212
2020-12-21,Yolo,113,214977,8008,7266,49,7315,109
2020-12-21,Yuba,115,75493,3575,3329,36,3365,14
2020-12-20,Alameda,001,1643700,47761,44004,757,44761,516
2020-12-20,Alpine,003,1148,65,64,0,64,0
2020-12-20,Amador,005,37829,2166,1771,17,1788,23
2020-12-20,Butte,007,227075,6920,6228,695,6923,81
2020-12-20,Calaveras,009,45235,1008,926,0,926,21
2020-12-20,Colusa,011,21464,1183,1121,53,1174,7
2020-12-20,Contra Costa,013,1133247,37015,34798,407,35205,301
2020-12-20,Del Norte,015,27424,690,652,2,654,2
2020-12-20,El Dorado,017,186661,5517,4697,226,4923,10
2020-12-20,Fresno,019,978130,62998,57616,3755,61371,634
2020-12-20,Glenn,021,27897,1436,1295,196,1491,9
2020-12-20,Humboldt,023,135768,1547,1386,6,1392,15
2020-12-20,Imperial,025,180216,21806,20882,903,21785,395
2020-12-20,Inyo,027,18085,583,476,7,483,17
2020-12-20,Kern,029,883053,60994,55983,3981,59964,540
2020-12-20,Kings,031,150075,15423,14629,437,15066,100
2020-12-20,Lake,033,64148,1695,1463,0,1463,20
2020-12-20,Lassen,035,31185,3956,3669,35,3704,1
2020-12-20,Los Angeles,037,10098052,676759,612975,16504,629479,8862
2020-12-20,Madera,039,155013,9761,8871,334,9205,63
2020-12-20,Marin,041,260295,9381,8948,60,9008,142
2020-12-20,Mariposa,043,17540,209,179,2,181,3
2020-12-20,Mendocino,045,87422,2241,2033,19,2052,23
2020-12-20,Merced,047,269075,17507,16435,268,16703,198
2020-12-20,Modoc,049,8938,219,181,65,246,0
2020-12-20,Mono,051,14174,829,774,11,785,3
2020-12-20,Monterey,053,433212,25027,23250,567,23817,173
2020-12-20,Napa,055,140530,5348,4865,23,4888,23
2020-12-20,Nevada,057,99092,2509,2289,78,2367,13
2020-12-20,Orange,059,3164182,142863,128780,5178,133958,1763
2020-12-20,Placer,061,380077,13112,11496,438,11934,105
2020-12-20,Plumas,063,18699,432,347,8,355,0
2020-12-20,Riverside,065,2383286,163906,148714,6575,155289,1742
2020-12-20,Sacramento,067,1510023,60262,56017,483,56500,755
2020-12-20,San Benito,069,59416,3207,2885,24,2909,21
2020-12-20,San Bernardino,071,2135413,177594,162810,4611,167421,1458
2020-12-20,San Diego,073,3302833,140759,126465,6214,132679,1280
2020-12-20,San Francisco,075,870044,21885,20937,184,21121,174
2020-12-20,San Joaquin,077,732212,41868,38268,1229,39497,587
2020-12-20,San Luis Obispo,079,281455,9774,8881,210,9091,63
2020-12-20,San Mateo,081,765935,23114,20764,72,20836,185
2020-12-20,Santa Barbara,083,443738,15903,14817,393,15210,148
2020-12-20,Santa Clara,085,1922200,63467,56860,240,57100,566
2020-12-20,Santa Cruz,087,273765,8217,7178,224,7402,69
2020-12-20,Shasta,089,179085,7660,7256,591,7847,64
2020-12-20,Sierra,091,2930,24,22,0,22,0
2020-12-20,Siskiyou,093,43540,956,870,82,952,2
2020-12-20,Solano,095,438530,17098,15533,160,15693,95
2020-12-20,Sonoma,097,501317,17741,16802,97,16899,175
2020-12-20,Stanislaus,099,539301,32377,29995,2672,32667,498
2020-12-20,Sutter,101,95872,6024,5601,40,5641,43
2020-12-20,Tehama,103,63373,2778,2602,216,2818,9
2020-12-20,Trinity,105,12862,396,221,50,271,2
2020-12-20,Tulare,107,460477,31348,29078,3137,32215,373
2020-12-20,Tuolumne,109,53932,2527,2152,10,2162,12
2020-12-20,Ventura,111,848112,35202,31335,1364,32699,210
2020-12-20,Yolo,113,214977,7855,7121,46,7167,109
2020-12-20,Yuba,115,75493,3528,3254,34,3288,12
2020-12-19,Alameda,001,1643700,47313,43109,750,43859,516
2020-12-19,Alpine,003,1148,65,64,0,64,0
2020-12-19,Amador,005,37829,2142,1754,17,1771,23
2020-12-19,Butte,007,227075,6820,6118,672,6790,81
2020-12-19,Calaveras,009,45235,991,900,0,900,21
2020-12-19,Colusa,011,21464,1175,1096,50,1146,7
2020-12-19,Contra Costa,013,1133247,36699,34321,393,34714,301
2020-12-19,Del Norte,015,27424,688,641,1,642,2
2020-12-19,El Dorado,017,186661,5450,4588,218,4806,10
2020-12-19,Fresno,019,978130,62673,55428,3689,59117,634
2020-12-19,Glenn,021,27897,1401,1286,195,1481,9
2020-12-19,Humboldt,023,135768,1530,1357,6,1363,15
2020-12-19,Imperial,025,180216,21713,20711,857,21568,395
2020-12-19,Inyo,027,18085,576,475,7,482,17
2020-12-19,Kern,029,883053,60509,55118,3875,58993,540
2020-12-19,Kings,031,150075,15344,14474,435,14909,100
2020-12-19,Lake,033,64148,1660,1438,0,1438,20
2020-12-19,Lassen,035,31185,3928,3595,35,3630,1
2020-12-19,Los Angeles,037,10098052,669641,599888,15979,615867,8804
2020-12-19,Madera,039,155013,9669,8717,323,9040,63
2020-12-19,Marin,041,260295,9341,8864,60,8924,142
2020-12-19,Mariposa,043,17540,207,177,2,179,3
2020-12-19,Mendocino,045,87422,2216,2008,19,2027,23
2020-12-19,Merced,047,269075,17368,16230,260,16490,198
2020-12-19,Modoc,049,8938,216,181,65,246,0
2020-12-19,Mono,051,14174,822,766,11,777,3
2020-12-19,Monterey,053,433212,24913,22799,562,23361,172
2020-12-19,Napa,055,140530,5286,4772,23,4795,23
2020-12-19,Nevada,057,99092,2487,2260,78,2338,13
2020-12-19,Orange,059,3164182,140941,125574,5030,130604,1733
2020-12-19,Placer,061,380077,12957,11246,432,11678,105
2020-12-19,Plumas,063,18699,429,343,8,351,0
2020-12-19,Riverside,065,2383286,161919,146703,6344,153047,1737
2020-12-19,Sacramento,067,1510023,59730,55169,469,55638,746
2020-12-19,San Benito,069,59416,3161,2820,23,2843,21
2020-12-19,San Bernardino,071,2135413,176020,159883,4503,164386,1433
2020-12-19,San Diego,073,3302833,138992,122972,6075,129047,1280
2020-12-19,San Francisco,075,870044,21735,20643,184,20827,174
2020-12-19,San Joaquin,077,732212,41466,37340,1181,38521,586
2020-12-19,San Luis Obispo,079,281455,9703,8788,207,8995,63
2020-12-19,San Mateo,081,765935,22905,20393,65,20458,182
2020-12-19,Santa Barbara,083,443738,15747,14667,387,15054,148
2020-12-19,Santa Clara,085,1922200,62649,55540,236,55776,558
2020-12-19,Santa Cruz,087,273765,8112,7054,220,7274,68
2020-12-19,Shasta,089,179085,7608,7221,579,7800,63
2020-12-19,Sierra,091,2930,24,23,0,23,0
2020-12-19,Siskiyou,093,43540,952,853,81,934,2
2020-12-19,Solano,095,438530,16932,15204,156,15360,95
2020-12-19,Sonoma,097,501317,17632,16553,97,16650,175
2020-12-19,Stanislaus,099,539301,32056,29555,2600,32155,498
2020-12-19,Sutter,101,95872,5968,5506,40,5546,41
2020-12-19,Tehama,103,63373,2729,2574,214,2788,9
2020-12-19,Trinity,105,12862,395,219,50,269,2
2020-12-19,Tulare,107,460477,31125,28734,3071,31805,375
2020-12-19,Tuolumne,109,53932,2514,2107,10,2117,12
2020-12-19,Ventura,111,848112,34921,30843,1334,32177,209
2020-12-19,Yolo,113,214977,7786,7025,45,7070,109
2020-12-19,Yuba,115,75493,3496,3168,34,3202,11
2020-12-18,Alameda,001,1643700,46773,42196,734,42930,515
2020-12-18,Alpine,003,1148,65,64,0,64,0
2020-12-18,Amador,005,37829,2125,1727,15,1742,20
2020-12-18,Butte,007,227075,6735,5891,646,6537,81
2020-12-18,Calaveras,009,45235,981,870,0,870,21
2020-12-18,Colusa,011,21464,1166,1068,50,1118,7
2020-12-18,Contra Costa,013,1133247,36414,33610,382,33992,300
2020-12-18,Del Norte,015,27424,683,627,0,627,2
2020-12-18,El Dorado,017,186661,5388,4494,209,4703,10
2020-12-18,Fresno,019,978130,61846,52643,3627,56270,613
2020-12-18,Glenn,021,27897,1384,1264,190,1454,9
2020-12-18,Humboldt,023,135768,1515,1331,6,1337,15
2020-12-18,Imperial,025,180216,21634,20430,811,21241,393
2020-12-18,Inyo,027,18085,556,454,7,461,17
2020-12-18,Kern,029,883053,59849,54220,3790,58010,533
2020-12-18,Kings,031,150075,15218,14284,429,14713,98
2020-12-18,Lake,033,64148,1648,1397,0,1397,20
2020-12-18,Lassen,035,31185,3920,3486,35,3521,1
2020-12-18,Los Angeles,037,10098052,657493,586413,15490,601903,8744
2020-12-18,Madera,039,155013,9567,8609,318,8927,63
2020-12-18,Marin,041,260295,9257,8799,60,8859,142
2020-12-18,Mariposa,043,17540,204,176,2,178,3
2020-12-18,Mendocino,045,87422,2198,1977,19,1996,24
2020-12-18,Merced,047,269075,17287,15956,258,16214,195
2020-12-18,Modoc,049,8938,216,179,65,244,0
2020-12-18,Mono,051,14174,814,731,11,742,3
2020-12-18,Monterey,053,433212,24619,22336,557,22893,165
2020-12-18,Napa,055,140530,5237,4688,23,4711,23
2020-12-18,Nevada,057,99092,2470,2220,77,2297,13
2020-12-18,Orange,059,3164182,138503,121681,4882,126563,1725
2020-12-18,Placer,061,380077,12786,10995,424,11419,104
2020-12-18,Plumas,063,18699,423,336,8,344,0
2020-12-18,Riverside,065,2383286,159079,142375,6082,148457,1733
2020-12-18,Sacramento,067,1510023,59104,53980,453,54433,736
2020-12-18,San Benito,069,59416,3112,2744,23,2767,21
2020-12-18,San Bernardino,071,2135413,173720,154272,4369,158641,1430
2020-12-18,San Diego,073,3302833,136814,120463,5936,126399,1253
2020-12-18,San Francisco,075,870044,21569,20315,178,20493,173
2020-12-18,San Joaquin,077,732212,41108,36484,1151,37635,559
2020-12-18,San Luis Obispo,079,281455,9605,8598,202,8800,62
2020-12-18,San Mateo,081,765935,22592,19971,61,20032,182
2020-12-18,Santa Barbara,083,443738,15606,14361,374,14735,148
2020-12-18,Santa Clara,085,1922200,61776,53992,227,54219,539
2020-12-18,Santa Cruz,087,273765,7996,6838,212,7050,68
2020-12-18,Shasta,089,179085,7570,7114,568,7682,62
2020-12-18,Sierra,091,2930,24,23,0,23,0
2020-12-18,Siskiyou,093,43540,950,840,81,921,2
2020-12-18,Solano,095,438530,16779,14667,152,14819,95
2020-12-18,Sonoma,097,501317,17513,16261,97,16358,173
2020-12-18,Stanislaus,099,539301,31783,28967,2564,31531,490
2020-12-18,Sutter,101,95872,5884,5399,40,5439,39
2020-12-18,Tehama,103,63373,2714,2523,204,2727,9
2020-12-18,Trinity,105,12862,394,215,50,265,2
2020-12-18,Tulare,107,460477,30847,28322,2993,31315,370
2020-12-18,Tuolumne,109,53932,2503,2067,10,2077,12
2020-12-18,Ventura,111,848112,34417,29907,1291,31198,209
2020-12-18,Yolo,113,214977,7718,6901,44,6945,109
2020-12-18,Yuba,115,75493,3438,3097,34,3131,11
2020-12-17,Alameda,001,1643700,45966,41548,709,42257,508
2020-12-17,Alpine,003,1148,65,64,0,64,0
2020-12-17,Amador,005,37829,2077,1703,13,1716,19
2020-12-17,Butte,007,227075,6609,5746,628,6374,78
2020-12-17,Calaveras,009,45235,958,848,0,848,21
2020-12-17,Colusa,011,21464,1155,1053,48,1101,7
2020-12-17,Contra Costa,013,1133247,35888,33006,351,33357,293
2020-12-17,Del Norte,015,27424,678,583,0,583,1
2020-12-17,El Dorado,017,186661,5242,4327,196,4523,9
2020-12-17,Fresno,019,978130,60985,49918,3501,53419,597
2020-12-17,Glenn,021,27897,1360,1244,183,1427,9
2020-12-17,Humboldt,023,135768,1482,1322,6,1328,14
2020-12-17,Imperial,025,180216,21471,20208,745,20953,391
2020-12-17,Inyo,027,18085,538,450,6,456,16
2020-12-17,Kern,029,883053,58892,53683,3655,57338,526
2020-12-17,Kings,031,150075,15115,14057,414,14471,98
2020-12-17,Lake,033,64148,1622,1374,0,1374,20
2020-12-17,Lassen,035,31185,3884,3417,35,3452,1
2020-12-17,Los Angeles,037,10098052,641826,571093,14948,586041,8657
2020-12-17,Madera,039,155013,9450,8465,314,8779,62
2020-12-17,Marin,041,260295,9193,8721,58,8779,142
2020-12-17,Mariposa,043,17540,200,172,2,174,3
2020-12-17,Mendocino,045,87422,2164,1942,19,1961,23
2020-12-17,Merced,047,269075,17025,15648,250,15898,192
2020-12-17,Modoc,049,8938,213,179,65,244,0
2020-12-17,Mono,051,14174,800,718,11,729,3
2020-12-17,Monterey,053,433212,24100,21951,542,22493,163
2020-12-17,Napa,055,140530,5125,4612,23,4635,23
2020-12-17,Nevada,057,99092,2429,2173,74,2247,13
2020-12-17,Orange,059,3164182,135131,118367,4750,123117,1725
2020-12-17,Placer,061,380077,12512,10756,410,11166,99
2020-12-17,Plumas,063,18699,414,324,8,332,0
2020-12-17,Riverside,065,2383286,155195,139325,5867,145192,1696
2020-12-17,Sacramento,067,1510023,58198,53189,431,53620,721
2020-12-17,San Benito,069,59416,3043,2645,22,2667,20
2020-12-17,San Bernardino,071,2135413,169778,149838,4254,154092,1425
2020-12-17,San Diego,073,3302833,134013,116852,5780,122632,1239
2020-12-17,San Francisco,075,870044,21282,19939,173,20112,170
2020-12-17,San Joaquin,077,732212,40381,35894,1117,37011,554
2020-12-17,San Luis Obispo,079,281455,9486,8365,201,8566,59
2020-12-17,San Mateo,081,765935,22222,19647,61,19708,181
2020-12-17,Santa Barbara,083,443738,15373,14207,367,14574,147
2020-12-17,Santa Clara,085,1922200,60607,52559,221,52780,527
2020-12-17,Santa Cruz,087,273765,7841,6687,199,6886,64
2020-12-17,Shasta,089,179085,7493,7000,549,7549,62
2020-12-17,Sierra,091,2930,23,23,0,23,0
2020-12-17,Siskiyou,093,43540,942,827,80,907,2
2020-12-17,Solano,095,438530,16473,14361,150,14511,96
2020-12-17,Sonoma,097,501317,17241,15993,96,16089,171
2020-12-17,Stanislaus,099,539301,31358,28582,2505,31087,489
2020-12-17,Sutter,101,95872,5786,5309,38,5347,39
2020-12-17,Tehama,103,63373,2664,2480,198,2678,9
2020-12-17,Trinity,105,12862,389,213,50,263,2
2020-12-17,Tulare,107,460477,30455,27852,2917,30769,358
2020-12-17,Tuolumne,109,53932,2212,1992,10,2002,11
2020-12-17,Ventura,111,848112,33807,29404,1255,30659,208
2020-12-17,Yolo,113,214977,7594,6800,43,6843,105
2020-12-17,Yuba,115,75493,3379,3035,32,3067,12
2020-12-16,Alameda,001,1643700,45110,40751,684,41435,497
2020-12-16,Alpine,003,1148,65,64,0,64,0
2020-12-16,Amador,005,37829,2030,1693,12,1705,19
2020-12-16,Butte,007,227075,6420,5659,600,6259,76
2020-12-16,Calaveras,009,45235,923,821,0,821,21
2020-12-16,Colusa,011,21464,1142,1038,45,1083,7
2020-12-16,Contra Costa,013,1133247,35331,32429,333,32762,293
2020-12-16,Del Norte,015,27424,676,575,0,575,1
2020-12-16,El Dorado,017,186661,5121,4237,187,4424,9
2020-12-16,Fresno,019,978130,60028,49173,3405,52578,584
2020-12-16,Glenn,021,27897,1342,1236,172,1408,9
2020-12-16,Humboldt,023,135768,1450,1308,5,1313,12
2020-12-16,Imperial,025,180216,21289,19980,681,20661,388
2020-12-16,Inyo,027,18085,525,444,6,450,16
2020-12-16,Kern,029,883053,58015,52896,3525,56421,522
2020-12-16,Kings,031,150075,14935,13734,398,14132,99
2020-12-16,Lake,033,64148,1582,1363,0,1363,20
2020-12-16,Lassen,035,31185,3851,3396,34,3430,1
2020-12-16,Los Angeles,037,10098052,625284,557907,14278,572185,8561
2020-12-16,Madera,039,155013,9325,8278,306,8584,62
2020-12-16,Marin,041,260295,9122,8641,58,8699,142
2020-12-16,Mariposa,043,17540,197,175,2,177,3
2020-12-16,Mendocino,045,87422,2129,1929,19,1948,23
2020-12-16,Merced,047,269075,16739,15443,247,15690,190
2020-12-16,Modoc,049,8938,210,178,65,243,0
2020-12-16,Mono,051,14174,781,702,11,713,3
2020-12-16,Monterey,053,433212,23541,21107,531,21638,163
2020-12-16,Napa,055,140530,5028,4544,23,4567,23
2020-12-16,Nevada,057,99092,2393,2149,72,2221,13
2020-12-16,Orange,059,3164182,131656,115260,4584,119844,1712
2020-12-16,Placer,061,380077,12275,10554,389,10943,96
2020-12-16,Plumas,063,18699,405,319,8,327,0
2020-12-16,Riverside,065,2383286,151071,135751,5622,141373,1664
2020-12-16,Sacramento,067,1510023,57225,52166,406,52572,715
2020-12-16,San Benito,069,59416,2952,2582,22,2604,20
2020-12-16,San Bernardino,071,2135413,165170,143565,4120,147685,1403
2020-12-16,San Diego,073,3302833,130909,114248,5626,119874,1217
2020-12-16,San Francisco,075,870044,21023,19624,173,19797,170
2020-12-16,San Joaquin,077,732212,39560,35010,1078,36088,547
2020-12-16,San Luis Obispo,079,281455,9291,8252,192,8444,58
2020-12-16,San Mateo,081,765935,21897,19292,57,19349,179
2020-12-16,Santa Barbara,083,443738,15123,13966,355,14321,144
2020-12-16,Santa Clara,085,1922200,59365,51502,218,51720,523
2020-12-16,Santa Cruz,087,273765,7657,6536,188,6724,63
2020-12-16,Shasta,089,179085,7420,6914,526,7440,62
2020-12-16,Sierra,091,2930,23,23,0,23,0
2020-12-16,Siskiyou,093,43540,934,818,80,898,2
2020-12-16,Solano,095,438530,16006,14157,146,14303,96
2020-12-16,Sonoma,097,501317,16985,15768,96,15864,170
2020-12-16,Stanislaus,099,539301,30857,28279,2433,30712,489
2020-12-16,Sutter,101,95872,5706,5223,38,5261,39
2020-12-16,Tehama,103,63373,2631,2441,174,2615,9
2020-12-16,Trinity,105,12862,383,212,50,262,2
2020-12-16,Tulare,107,460477,30031,27500,2818,30318,352
2020-12-16,Tuolumne,109,53932,2169,1941,10,1951,11
2020-12-16,Ventura,111,848112,33033,28566,1213,29779,203
2020-12-16,Yolo,113,214977,7466,6649,42,6691,103
2020-12-16,Yuba,115,75493,3293,2980,31,3011,11
2020-12-15,Alameda,001,1643700,44255,40026,663,40689,492
2020-12-15,Alpine,003,1148,65,64,0,64,0
2020-12-15,Amador,005,37829,1917,1669,10,1679,19
2020-12-15,Butte,007,227075,6281,5565,572,6137,75
2020-12-15,Calaveras,009,45235,891,799,0,799,21
2020-12-15,Colusa,011,21464,1129,1026,44,1070,7
2020-12-15,Contra Costa,013,1133247,34675,31423,319,31742,281
2020-12-15,Del Norte,015,27424,665,564,0,564,1
2020-12-15,El Dorado,017,186661,5013,4113,173,4286,9
2020-12-15,Fresno,019,978130,58655,47316,3271,50587,574
2020-12-15,Glenn,021,27897,1329,1207,156,1363,9
2020-12-15,Humboldt,023,135768,1430,1276,5,1281,12
2020-12-15,Imperial,025,180216,21069,19756,603,20359,380
2020-12-15,Inyo,027,18085,512,394,6,400,16
2020-12-15,Kern,029,883053,57003,52002,3419,55421,511
2020-12-15,Kings,031,150075,14771,13652,379,14031,97
2020-12-15,Lake,033,64148,1557,1341,0,1341,21
2020-12-15,Lassen,035,31185,3679,3378,33,3411,1
2020-12-15,Los Angeles,037,10098052,608890,536258,13643,549901,8429
2020-12-15,Madera,039,155013,9171,8118,299,8417,60
2020-12-15,Marin,041,260295,9014,8528,56,8584,141
2020-12-15,Mariposa,043,17540,193,171,2,173,3
2020-12-15,Mendocino,045,87422,2102,1883,19,1902,24
2020-12-15,Merced,047,269075,16441,15120,243,15363,190
2020-12-15,Modoc,049,8938,208,179,65,244,0
2020-12-15,Mono,051,14174,765,702,11,713,3
2020-12-15,Monterey,053,433212,22943,19905,470,20375,161
2020-12-15,Napa,055,140530,4925,4440,23,4463,23
2020-12-15,Nevada,057,99092,2360,2117,70,2187,11
2020-12-15,Orange,059,3164182,128010,112893,4436,117329,1689
2020-12-15,Placer,061,380077,12041,10301,367,10668,95
2020-12-15,Plumas,063,18699,400,313,8,321,0
2020-12-15,Riverside,065,2383286,147015,131822,5346,137168,1624
2020-12-15,Sacramento,067,1510023,56209,51076,393,51469,703
2020-12-15,San Benito,069,59416,2873,2520,21,2541,19
2020-12-15,San Bernardino,071,2135413,160712,137548,3970,141518,1351
2020-12-15,San Diego,073,3302833,127342,111441,5463,116904,1194
2020-12-15,San Francisco,075,870044,20713,19283,170,19453,171
2020-12-15,San Joaquin,077,732212,38635,33849,1044,34893,537
2020-12-15,San Luis Obispo,079,281455,9182,8074,189,8263,55
2020-12-15,San Mateo,081,765935,21488,18907,55,18962,178
2020-12-15,Santa Barbara,083,443738,14896,13782,347,14129,144
2020-12-15,Santa Clara,085,1922200,57927,50311,215,50526,505
2020-12-15,Santa Cruz,087,273765,7471,6361,175,6536,59
2020-12-15,Shasta,089,179085,7361,6794,501,7295,54
2020-12-15,Sierra,091,2930,23,23,0,23,0
2020-12-15,Siskiyou,093,43540,925,812,79,891,2
2020-12-15,Solano,095,438530,15656,13796,146,13942,95
2020-12-15,Sonoma,097,501317,16764,15406,96,15502,167
2020-12-15,Stanislaus,099,539301,30344,27823,2352,30175,485
2020-12-15,Sutter,101,95872,5608,5080,37,5117,36
2020-12-15,Tehama,103,63373,2593,2392,168,2560,9
2020-12-15,Trinity,105,12862,375,213,48,261,1
2020-12-15,Tulare,107,460477,29543,27026,2729,29755,342
2020-12-15,Tuolumne,109,53932,2139,1874,10,1884,8
2020-12-15,Ventura,111,848112,32411,27936,1166,29102,201
2020-12-15,Yolo,113,214977,7343,6531,40,6571,104
2020-12-15,Yuba,115,75493,3199,2891,30,2921,11
2020-12-14,Alameda,001,1643700,43356,39252,644,39896,487
2020-12-14,Alpine,003,1148,65,63,0,63,0
2020-12-14,Amador,005,37829,1845,1609,10,1619,19
2020-12-14,Butte,007,227075,6113,5202,555,5757,75
2020-12-14,Calaveras,009,45235,853,718,0,718,21
2020-12-14,Colusa,011,21464,1105,949,43,992,7
2020-12-14,Contra Costa,013,1133247,33978,30594,305,30899,281
2020-12-14,Del Norte,015,27424,659,560,0,560,1
2020-12-14,El Dorado,017,186661,4857,4018,157,4175,9
2020-12-14,Fresno,019,978130,57632,44726,3097,47823,560
2020-12-14,Glenn,021,27897,1303,1186,148,1334,9
2020-12-14,Humboldt,023,135768,1417,1256,5,1261,9
2020-12-14,Imperial,025,180216,20830,19608,529,20137,379
2020-12-14,Inyo,027,18085,498,382,6,388,16
2020-12-14,Kern,029,883053,55966,50538,3298,53836,510
2020-12-14,Kings,031,150075,14586,13491,352,13843,97
2020-12-14,Lake,033,64148,1508,1301,0,1301,21
2020-12-14,Lassen,035,31185,3581,2905,30,2935,1
2020-12-14,Los Angeles,037,10098052,591260,524668,13013,537681,8340
2020-12-14,Madera,039,155013,8904,8011,290,8301,60
2020-12-14,Marin,041,260295,8931,8475,55,8530,141
2020-12-14,Mariposa,043,17540,192,171,2,173,3
2020-12-14,Mendocino,045,87422,2081,1845,19,1864,24
2020-12-14,Merced,047,269075,16034,14572,229,14801,189
2020-12-14,Modoc,049,8938,202,180,63,243,0
2020-12-14,Mono,051,14174,757,685,11,696,3
2020-12-14,Monterey,053,433212,22421,19154,464,19618,155
2020-12-14,Napa,055,140530,4832,4289,23,4312,22
2020-12-14,Nevada,057,99092,2323,2070,67,2137,11
2020-12-14,Orange,059,3164182,124126,108602,4300,112902,1688
2020-12-14,Placer,061,380077,11760,9551,356,9907,95
2020-12-14,Plumas,063,18699,388,309,8,317,0
2020-12-14,Riverside,065,2383286,142887,123715,5085,128800,1588
2020-12-14,Sacramento,067,1510023,55101,50304,368,50672,691
2020-12-14,San Benito,069,59416,2807,2467,20,2487,19
2020-12-14,San Bernardino,071,2135413,156261,129151,3842,132993,1347
2020-12-14,San Diego,073,3302833,123606,109578,5278,114856,1162
2020-12-14,San Francisco,075,870044,20337,18904,168,19072,171
2020-12-14,San Joaquin,077,732212,37795,32522,998,33520,534
2020-12-14,San Luis Obispo,079,281455,8936,7791,185,7976,52
2020-12-14,San Mateo,081,765935,20991,18361,52,18413,178
2020-12-14,Santa Barbara,083,443738,14623,13587,339,13926,144
2020-12-14,Santa Clara,085,1922200,56369,49180,204,49384,502
2020-12-14,Santa Cruz,087,273765,7285,6049,160,6209,54
2020-12-14,Shasta,089,179085,7272,6665,483,7148,54
2020-12-14,Sierra,091,2930,23,21,0,21,0
2020-12-14,Siskiyou,093,43540,902,764,73,837,2
2020-12-14,Solano,095,438530,15295,13352,145,13497,93
2020-12-14,Sonoma,097,501317,16458,14807,95,14902,167
2020-12-14,Stanislaus,099,539301,29812,27311,2304,29615,485
2020-12-14,Sutter,101,95872,5504,5001,30,5031,35
2020-12-14,Tehama,103,63373,2551,2344,165,2509,9
2020-12-14,Trinity,105,12862,371,205,46,251,1
2020-12-14,Tulare,107,460477,29068,25735,2641,28376,341
2020-12-14,Tuolumne,109,53932,2086,1647,10,1657,8
2020-12-14,Ventura,111,848112,31488,27436,1108,28544,202
2020-12-14,Yolo,113,214977,7182,6389,39,6428,95
2020-12-14,Yuba,115,75493,3137,2851,30,2881,11
2020-12-13,Alameda,001,1643700,42155,38064,620,38684,486
2020-12-13,Alpine,003,1148,65,63,0,63,0
2020-12-13,Amador,005,37829,1789,1457,9,1466,19
2020-12-13,Butte,007,227075,5965,5103,516,5619,75
2020-12-13,Calaveras,009,45235,819,710,0,710,21
2020-12-13,Colusa,011,21464,1089,945,40,985,7
2020-12-13,Contra Costa,013,1133247,33250,29667,299,29966,281
2020-12-13,Del Norte,015,27424,606,542,0,542,1
2020-12-13,El Dorado,017,186661,4756,3770,148,3918,9
2020-12-13,Fresno,019,978130,56525,44114,2943,47057,559
2020-12-13,Glenn,021,27897,1290,1171,137,1308,9
2020-12-13,Humboldt,023,135768,1394,1238,4,1242,9
2020-12-13,Imperial,025,180216,20540,19472,409,19881,379
2020-12-13,Inyo,027,18085,477,380,6,386,16
2020-12-13,Kern,029,883053,54936,49051,3144,52195,510
2020-12-13,Kings,031,150075,14306,13357,334,13691,97
2020-12-13,Lake,033,64148,1467,1271,0,1271,21
2020-12-13,Lassen,035,31185,3474,2867,25,2892,1
2020-12-13,Los Angeles,037,10098052,573630,517472,12322,529794,8294
2020-12-13,Madera,039,155013,8722,7909,277,8186,60
2020-12-13,Marin,041,260295,8811,8409,55,8464,141
2020-12-13,Mariposa,043,17540,188,167,2,169,3
2020-12-13,Mendocino,045,87422,2047,1793,19,1812,24
2020-12-13,Merced,047,269075,15683,14384,226,14610,189
2020-12-13,Modoc,049,8938,192,179,57,236,0
2020-12-13,Mono,051,14174,741,675,11,686,3
2020-12-13,Monterey,053,433212,22000,18913,450,19363,153
2020-12-13,Napa,055,140530,4726,4194,23,4217,22
2020-12-13,Nevada,057,99092,2276,2030,65,2095,11
2020-12-13,Orange,059,3164182,120197,104768,4127,108895,1688
2020-12-13,Placer,061,380077,11446,9405,338,9743,95
2020-12-13,Plumas,063,18699,382,291,8,299,0
2020-12-13,Riverside,065,2383286,138760,119691,4825,124516,1581
2020-12-13,Sacramento,067,1510023,53833,49480,340,49820,682
2020-12-13,San Benito,069,59416,2738,2408,19,2427,19
2020-12-13,San Bernardino,071,2135413,151364,126718,3686,130404,1333
2020-12-13,San Diego,073,3302833,120006,107372,5109,112481,1162
2020-12-13,San Francisco,075,870044,19993,18686,159,18845,167
2020-12-13,San Joaquin,077,732212,36992,32170,958,33128,534
2020-12-13,San Luis Obispo,079,281455,8745,7625,177,7802,52
2020-12-13,San Mateo,081,765935,20500,18090,46,18136,177
2020-12-13,Santa Barbara,083,443738,14354,13249,325,13574,144
2020-12-13,Santa Clara,085,1922200,54946,47920,196,48116,499
2020-12-13,Santa Cruz,087,273765,7035,5986,149,6135,54
2020-12-13,Shasta,089,179085,7198,6647,457,7104,54
2020-12-13,Sierra,091,2930,23,21,0,21,0
2020-12-13,Siskiyou,093,43540,890,762,68,830,2
2020-12-13,Solano,095,438530,14857,13276,142,13418,93
2020-12-13,Sonoma,097,501317,16144,14495,94,14589,167
2020-12-13,Stanislaus,099,539301,29248,26569,2243,28812,485
2020-12-13,Sutter,101,95872,5377,4798,26,4824,34
2020-12-13,Tehama,103,63373,2506,2325,150,2475,9
2020-12-13,Trinity,105,12862,365,204,46,250,1
2020-12-13,Tulare,107,460477,28579,25496,2559,28055,340
2020-12-13,Tuolumne,109,53932,2024,1611,10,1621,8
2020-12-13,Ventura,111,848112,30485,26588,1048,27636,202
2020-12-13,Yolo,113,214977,6999,6265,33,6298,95
2020-12-13,Yuba,115,75493,3072,2754,27,2781,11
2020-12-12,Alameda,001,1643700,41713,37027,601,37628,486
2020-12-12,Alpine,003,1148,65,63,0,63,0
2020-12-12,Amador,005,37829,1761,1236,8,1244,19
2020-12-12,Butte,007,227075,5892,4972,504,5476,73
2020-12-12,Calaveras,009,45235,809,708,0,708,21
2020-12-12,Colusa,011,21464,1069,945,39,984,7
2020-12-12,Contra Costa,013,1133247,32906,29506,290,29796,281
2020-12-12,Del Norte,015,27424,598,529,0,529,1
2020-12-12,El Dorado,017,186661,4681,3706,132,3838,9
2020-12-12,Fresno,019,978130,56174,43756,2884,46640,559
2020-12-12,Glenn,021,27897,1282,1143,133,1276,8
2020-12-12,Humboldt,023,135768,1375,1208,4,1212,9
2020-12-12,Imperial,025,180216,20454,18947,355,19302,379
2020-12-12,Inyo,027,18085,473,380,6,386,16
2020-12-12,Kern,029,883053,54416,48194,3058,51252,507
2020-12-12,Kings,031,150075,14217,13205,330,13535,96
2020-12-12,Lake,033,64148,1450,1232,0,1232,21
2020-12-12,Lassen,035,31185,3451,2866,22,2888,1
2020-12-12,Los Angeles,037,10098052,566819,504317,11825,516142,8269
2020-12-12,Madera,039,155013,8595,7765,274,8039,59
2020-12-12,Marin,041,260295,8757,8363,54,8417,141
2020-12-12,Mariposa,043,17540,187,164,2,166,3
2020-12-12,Mendocino,045,87422,2011,1771,19,1790,24
2020-12-12,Merced,047,269075,15592,14181,222,14403,188
2020-12-12,Modoc,049,8938,191,169,54,223,0
2020-12-12,Mono,051,14174,734,640,11,651,3
2020-12-12,Monterey,053,433212,21887,18596,421,19017,151
2020-12-12,Napa,055,140530,4681,4113,23,4136,22
2020-12-12,Nevada,057,99092,2258,1981,63,2044,10
2020-12-12,Orange,059,3164182,118309,100468,3982,104450,1674
2020-12-12,Placer,061,380077,11281,9390,333,9723,95
2020-12-12,Plumas,063,18699,376,291,8,299,0
2020-12-12,Riverside,065,2383286,136704,118335,4624,122959,1579
2020-12-12,Sacramento,067,1510023,53249,48319,327,48646,673
2020-12-12,San Benito,069,59416,2682,2355,19,2374,19
2020-12-12,San Bernardino,071,2135413,149731,125741,3584,129325,1321
2020-12-12,San Diego,073,3302833,118385,104958,5012,109970,1151
2020-12-12,San Francisco,075,870044,19803,18413,155,18568,167
2020-12-12,San Joaquin,077,732212,36667,32200,928,33128,534
2020-12-12,San Luis Obispo,079,281455,8646,7462,171,7633,50
2020-12-12,San Mateo,081,765935,20279,17574,45,17619,177
2020-12-12,Santa Barbara,083,443738,14202,13174,317,13491,144
2020-12-12,Santa Clara,085,1922200,53999,45892,193,46085,498
2020-12-12,Santa Cruz,087,273765,6937,5905,140,6045,54
2020-12-12,Shasta,089,179085,7165,6551,439,6990,54
2020-12-12,Sierra,091,2930,23,21,0,21,0
2020-12-12,Siskiyou,093,43540,888,762,65,827,2
2020-12-12,Solano,095,438530,14659,12748,135,12883,93
2020-12-12,Sonoma,097,501317,16023,14466,94,14560,166
2020-12-12,Stanislaus,099,539301,28947,26246,2194,28440,483
2020-12-12,Sutter,101,95872,5315,4717,26,4743,32
2020-12-12,Tehama,103,63373,2488,2252,145,2397,9
2020-12-12,Trinity,105,12862,363,204,44,248,1
2020-12-12,Tulare,107,460477,28321,25333,2502,27835,341
2020-12-12,Tuolumne,109,53932,1980,1536,10,1546,8
2020-12-12,Ventura,111,848112,30041,25955,1015,26970,202
2020-12-12,Yolo,113,214977,6917,6116,31,6147,95
2020-12-12,Yuba,115,75493,3045,2692,26,2718,10
2020-12-11,Alameda,001,1643700,41146,36281,589,36870,482
2020-12-11,Alpine,003,1148,65,63,0,63,0
2020-12-11,Amador,005,37829,1745,1213,8,1221,19
2020-12-11,Butte,007,227075,5819,4941,486,5427,73
2020-12-11,Calaveras,009,45235,793,697,0,697,21
2020-12-11,Colusa,011,21464,1059,923,37,960,7
2020-12-11,Contra Costa,013,1133247,32483,29036,286,29322,282
2020-12-11,Del Norte,015,27424,592,505,0,505,1
2020-12-11,El Dorado,017,186661,4600,3669,117,3786,9
2020-12-11,Fresno,019,978130,55162,43071,2818,45889,550
2020-12-11,Glenn,021,27897,1266,1135,129,1264,8
2020-12-11,Humboldt,023,135768,1357,1190,4,1194,9
2020-12-11,Imperial,025,180216,20365,18599,311,18910,377
2020-12-11,Inyo,027,18085,462,372,6,378,16
2020-12-11,Kern,029,883053,53738,47664,2995,50659,502
2020-12-11,Kings,031,150075,14073,13118,326,13444,94
2020-12-11,Lake,033,64148,1436,1205,0,1205,21
2020-12-11,Lassen,035,31185,3439,2790,21,2811,1
2020-12-11,Los Angeles,037,10098052,555008,493592,11415,505007,8198
2020-12-11,Madera,039,155013,8504,7648,264,7912,59
2020-12-11,Marin,041,260295,8663,8317,53,8370,141
2020-12-11,Mariposa,043,17540,186,164,2,166,3
2020-12-11,Mendocino,045,87422,1987,1769,19,1788,24
2020-12-11,Merced,047,269075,15472,14038,214,14252,186
2020-12-11,Modoc,049,8938,191,168,53,221,0
2020-12-11,Mono,051,14174,724,631,11,642,3
2020-12-11,Monterey,053,433212,21586,18421,416,18837,150
2020-12-11,Napa,055,140530,4626,4054,23,4077,22
2020-12-11,Nevada,057,99092,2241,1959,60,2019,10
2020-12-11,Orange,059,3164182,115994,98357,3881,102238,1656
2020-12-11,Placer,061,380077,11119,8904,317,9221,93
2020-12-11,Plumas,063,18699,368,286,8,294,0
2020-12-11,Riverside,065,2383286,133636,115329,4406,119735,1573
2020-12-11,Sacramento,067,1510023,52588,47468,319,47787,669
2020-12-11,San Benito,069,59416,2631,2319,19,2338,19
2020-12-11,San Bernardino,071,2135413,147041,123092,3470,126562,1313
2020-12-11,San Diego,073,3302833,116425,102468,4929,107397,1137
2020-12-11,San Francisco,075,870044,19573,18246,154,18400,165
2020-12-11,San Joaquin,077,732212,36322,32044,901,32945,534
2020-12-11,San Luis Obispo,079,281455,8485,7415,169,7584,49
2020-12-11,San Mateo,081,765935,20009,17240,34,17274,177
2020-12-11,Santa Barbara,083,443738,14059,12997,309,13306,144
2020-12-11,Santa Clara,085,1922200,52996,45101,184,45285,494
2020-12-11,Santa Cruz,087,273765,6824,5764,131,5895,50
2020-12-11,Shasta,089,179085,7120,6459,432,6891,54
2020-12-11,Sierra,091,2930,23,19,0,19,0
2020-12-11,Siskiyou,093,43540,881,753,62,815,2
2020-12-11,Solano,095,438530,14473,12554,131,12685,92
2020-12-11,Sonoma,097,501317,15856,14298,92,14390,166
2020-12-11,Stanislaus,099,539301,28678,25928,2151,28079,464
2020-12-11,Sutter,101,95872,5252,4600,25,4625,30
2020-12-11,Tehama,103,63373,2458,2232,141,2373,9
2020-12-11,Trinity,105,12862,360,204,44,248,1
2020-12-11,Tulare,107,460477,27962,24953,2454,27407,338
2020-12-11,Tuolumne,109,53932,1965,1510,10,1520,8
2020-12-11,Ventura,111,848112,29435,24999,993,25992,202
2020-12-11,Yolo,113,214977,6811,6006,30,6036,95
2020-12-11,Yuba,115,75493,2985,2649,25,2674,10
2020-12-10,Alameda,001,1643700,40378,35686,569,36255,477
2020-12-10,Alpine,003,1148,65,63,0,63,0
2020-12-10,Amador,005,37829,1688,1191,8,1199,18
2020-12-10,Butte,007,227075,5704,4863,460,5323,72
2020-12-10,Calaveras,009,45235,775,684,0,684,21
2020-12-10,Colusa,011,21464,1036,909,34,943,7
2020-12-10,Contra Costa,013,1133247,31802,28413,280,28693,276
2020-12-10,Del Norte,015,27424,582,501,0,501,1
2020-12-10,El Dorado,017,186661,4482,3557,112,3669,9
2020-12-10,Fresno,019,978130,54184,42461,2678,45139,540
2020-12-10,Glenn,021,27897,1246,1126,120,1246,8
2020-12-10,Humboldt,023,135768,1337,1140,4,1144,9
2020-12-10,Imperial,025,180216,20151,18333,236,18569,370
2020-12-10,Inyo,027,18085,441,365,6,371,15
2020-12-10,Kern,029,883053,52756,47176,2832,50008,499
2020-12-10,Kings,031,150075,13915,12993,320,13313,92
2020-12-10,Lake,033,64148,1395,1167,0,1167,21
2020-12-10,Lassen,035,31185,3417,2764,17,2781,0
2020-12-10,Los Angeles,037,10098052,541026,480354,10888,491242,8149
2020-12-10,Madera,039,155013,8397,7445,249,7694,59
2020-12-10,Marin,041,260295,8610,8245,52,8297,140
2020-12-10,Mariposa,043,17540,185,160,2,162,3
2020-12-10,Mendocino,045,87422,1961,1748,16,1764,24
2020-12-10,Merced,047,269075,15226,13756,211,13967,186
2020-12-10,Modoc,049,8938,186,165,51,216,0
2020-12-10,Mono,051,14174,719,601,11,612,3
2020-12-10,Monterey,053,433212,21105,18266,406,18672,145
2020-12-10,Napa,055,140530,4540,3974,22,3996,22
2020-12-10,Nevada,057,99092,2205,1919,60,1979,10
2020-12-10,Orange,059,3164182,112894,95297,3721,99018,1651
2020-12-10,Placer,061,380077,10866,8906,300,9206,90
2020-12-10,Plumas,063,18699,357,281,8,289,0
2020-12-10,Riverside,065,2383286,129950,112794,4139,116933,1552
2020-12-10,Sacramento,067,1510023,51688,46471,298,46769,664
2020-12-10,San Benito,069,59416,2571,2268,18,2286,19
2020-12-10,San Bernardino,071,2135413,142805,120186,3297,123483,1306
2020-12-10,San Diego,073,3302833,113900,99601,4780,104381,1114
2020-12-10,San Francisco,075,870044,19261,17945,147,18092,164
2020-12-10,San Joaquin,077,732212,35686,31228,872,32100,534
2020-12-10,San Luis Obispo,079,281455,8322,7245,158,7403,49
2020-12-10,San Mateo,081,765935,19567,16701,24,16725,177
2020-12-10,Santa Barbara,083,443738,13880,12788,301,13089,143
2020-12-10,Santa Clara,085,1922200,51859,43939,170,44109,491
2020-12-10,Santa Cruz,087,273765,6657,5645,119,5764,48
2020-12-10,Shasta,089,179085,7053,6312,407,6719,53
2020-12-10,Sierra,091,2930,23,18,0,18,0
2020-12-10,Siskiyou,093,43540,871,712,61,773,2
2020-12-10,Solano,095,438530,14108,12017,125,12142,90
2020-12-10,Sonoma,097,501317,15601,14282,90,14372,167
2020-12-10,Stanislaus,099,539301,28214,25582,2082,27664,464
2020-12-10,Sutter,101,95872,5122,4528,23,4551,27
2020-12-10,Tehama,103,63373,2414,2190,133,2323,9
2020-12-10,Trinity,105,12862,356,202,42,244,1
2020-12-10,Tulare,107,460477,27506,24506,2390,26896,337
2020-12-10,Tuolumne,109,53932,1723,1451,10,1461,8
2020-12-10,Ventura,111,848112,28584,24075,949,25024,202
2020-12-10,Yolo,113,214977,6691,5896,29,5925,95
2020-12-10,Yuba,115,75493,2921,2604,24,2628,10
2020-12-09,Alameda,001,1643700,39537,35047,548,35595,470
2020-12-09,Alpine,003,1148,65,58,0,58,0
2020-12-09,Amador,005,37829,1645,1121,8,1129,19
2020-12-09,Butte,007,227075,5561,4733,440,5173,70
2020-12-09,Calaveras,009,45235,746,670,0,670,21
2020-12-09,Colusa,011,21464,1021,896,33,929,7
2020-12-09,Contra Costa,013,1133247,31099,28308,269,28577,273
2020-12-09,Del Norte,015,27424,569,481,0,481,2
2020-12-09,El Dorado,017,186661,4347,3449,104,3553,8
2020-12-09,Fresno,019,978130,53184,41954,2525,44479,533
2020-12-09,Glenn,021,27897,1232,1107,114,1221,8
2020-12-09,Humboldt,023,135768,1305,1086,4,1090,10
2020-12-09,Imperial,025,180216,19896,17757,200,17957,368
2020-12-09,Inyo,027,18085,428,356,6,362,15
2020-12-09,Kern,029,883053,51599,46379,2690,49069,494
2020-12-09,Kings,031,150075,13770,12716,312,13028,92
2020-12-09,Lake,033,64148,1367,1158,0,1158,20
2020-12-09,Lassen,035,31185,3348,2331,15,2346,0
2020-12-09,Los Angeles,037,10098052,527526,467971,10350,478321,8075
2020-12-09,Madera,039,155013,8284,7216,246,7462,59
2020-12-09,Marin,041,260295,8548,8182,51,8233,138
2020-12-09,Mariposa,043,17540,183,154,2,156,3
2020-12-09,Mendocino,045,87422,1935,1703,15,1718,24
2020-12-09,Merced,047,269075,14985,13588,205,13793,183
2020-12-09,Modoc,049,8938,181,146,42,188,0
2020-12-09,Mono,051,14174,707,601,11,612,3
2020-12-09,Monterey,053,433212,20704,17891,398,18289,143
2020-12-09,Napa,055,140530,4454,3858,21,3879,21
2020-12-09,Nevada,057,99092,2152,1864,60,1924,10
2020-12-09,Orange,059,3164182,109805,93763,3553,97316,1629
2020-12-09,Placer,061,380077,10605,8588,286,8874,85
2020-12-09,Plumas,063,18699,349,271,8,279,0
2020-12-09,Riverside,065,2383286,126255,110376,3938,114314,1543
2020-12-09,Sacramento,067,1510023,50625,45284,273,45557,659
2020-12-09,San Benito,069,59416,2499,2217,16,2233,19
2020-12-09,San Bernardino,071,2135413,138525,114516,3101,117617,1305
2020-12-09,San Diego,073,3302833,110920,97551,4641,102192,1103
2020-12-09,San Francisco,075,870044,18960,17628,146,17774,163
2020-12-09,San Joaquin,077,732212,34870,30539,847,31386,531
2020-12-09,San Luis Obispo,079,281455,8104,7105,150,7255,47
2020-12-09,San Mateo,081,765935,19118,16422,23,16445,175
2020-12-09,Santa Barbara,083,443738,13680,12630,291,12921,142
2020-12-09,Santa Clara,085,1922200,50701,42912,155,43067,489
2020-12-09,Santa Cruz,087,273765,6499,5527,104,5631,47
2020-12-09,Shasta,089,179085,6988,6105,393,6498,52
2020-12-09,Sierra,091,2930,23,18,0,18,0
2020-12-09,Siskiyou,093,43540,860,713,60,773,2
2020-12-09,Solano,095,438530,13760,11862,117,11979,90
2020-12-09,Sonoma,097,501317,15345,13994,87,14081,164
2020-12-09,Stanislaus,099,539301,27717,25157,2022,27179,463
2020-12-09,Sutter,101,95872,5004,4418,19,4437,24
2020-12-09,Tehama,103,63373,2378,2102,129,2231,9
2020-12-09,Trinity,105,12862,348,199,39,238,0
2020-12-09,Tulare,107,460477,26911,24124,2313,26437,334
2020-12-09,Tuolumne,109,53932,1690,1319,10,1329,8
2020-12-09,Ventura,111,848112,27721,23830,907,24737,201
2020-12-09,Yolo,113,214977,6566,5760,27,5787,95
2020-12-09,Yuba,115,75493,2853,2513,23,2536,10
2020-12-08,Alameda,001,1643700,38635,34373,532,34905,469
2020-12-08,Alpine,003,1148,64,53,0,53,0
2020-12-08,Amador,005,37829,1359,1043,8,1051,17
2020-12-08,Butte,007,227075,5403,4651,400,5051,70
2020-12-08,Calaveras,009,45235,722,657,0,657,21
2020-12-08,Colusa,011,21464,1005,875,32,907,6
2020-12-08,Contra Costa,013,1133247,30398,27926,252,28178,270
2020-12-08,Del Norte,015,27424,553,465,0,465,2
2020-12-08,El Dorado,017,186661,4223,3296,91,3387,8
2020-12-08,Fresno,019,978130,51920,41574,2371,43945,529
2020-12-08,Glenn,021,27897,1212,1094,106,1200,8
2020-12-08,Humboldt,023,135768,1279,1059,4,1063,10
2020-12-08,Imperial,025,180216,19381,17568,193,17761,363
2020-12-08,Inyo,027,18085,405,333,6,339,15
2020-12-08,Kern,029,883053,50305,45116,2538,47654,487
2020-12-08,Kings,031,150075,13616,12623,303,12926,90
2020-12-08,Lake,033,64148,1325,1127,0,1127,20
2020-12-08,Lassen,035,31185,3192,2165,15,2180,0
2020-12-08,Los Angeles,037,10098052,514822,459738,9876,469614,8004
2020-12-08,Madera,039,155013,8153,7082,233,7315,59
2020-12-08,Marin,041,260295,8468,8099,50,8149,137
2020-12-08,Mariposa,043,17540,179,150,2,152,2
2020-12-08,Mendocino,045,87422,1893,1666,15,1681,23
2020-12-08,Merced,047,269075,14674,13380,204,13584,181
2020-12-08,Modoc,049,8938,173,138,39,177,0
2020-12-08,Mono,051,14174,693,597,11,608,3
2020-12-08,Monterey,053,433212,20133,17752,391,18143,134
2020-12-08,Napa,055,140530,4367,3778,19,3797,22
2020-12-08,Nevada,057,99092,2098,1809,57,1866,11
2020-12-08,Orange,059,3164182,106583,91406,3389,94795,1629
2020-12-08,Placer,061,380077,10337,8224,281,8505,82
2020-12-08,Plumas,063,18699,339,258,8,266,0
2020-12-08,Riverside,065,2383286,122892,107620,3761,111381,1514
2020-12-08,Sacramento,067,1510023,49561,44635,258,44893,649
2020-12-08,San Benito,069,59416,2446,2180,16,2196,18
2020-12-08,San Bernardino,071,2135413,134180,110676,2979,113655,1301
2020-12-08,San Diego,073,3302833,107549,95447,4484,99931,1088
2020-12-08,San Francisco,075,870044,18651,17384,144,17528,162
2020-12-08,San Joaquin,077,732212,33975,30225,814,31039,530
2020-12-08,San Luis Obispo,079,281455,7975,6903,139,7042,45
2020-12-08,San Mateo,081,765935,18719,16305,23,16328,175
2020-12-08,Santa Barbara,083,443738,13496,12516,282,12798,141
2020-12-08,Santa Clara,085,1922200,49394,41309,147,41456,484
2020-12-08,Santa Cruz,087,273765,6320,5374,102,5476,45
2020-12-08,Shasta,089,179085,6878,5946,385,6331,50
2020-12-08,Sierra,091,2930,22,18,0,18,0
2020-12-08,Siskiyou,093,43540,846,704,58,762,2
2020-12-08,Solano,095,438530,13358,11669,115,11784,89
2020-12-08,Sonoma,097,501317,15086,13601,86,13687,164
2020-12-08,Stanislaus,099,539301,27229,24793,1957,26750,461
2020-12-08,Sutter,101,95872,4909,4342,18,4360,24
2020-12-08,Tehama,103,63373,2304,2057,121,2178,9
2020-12-08,Trinity,105,12862,339,198,38,236,0
2020-12-08,Tulare,107,460477,26307,23607,2252,25859,330
2020-12-08,Tuolumne,109,53932,1666,1264,10,1274,7
2020-12-08,Ventura,111,848112,27058,23665,865,24530,195
2020-12-08,Yolo,113,214977,6434,5560,27,5587,90
2020-12-08,Yuba,115,75493,2776,2477,23,2500,10
2020-12-07,Alameda,001,1643700,37769,33887,498,34385,466
2020-12-07,Alpine,003,1148,63,53,0,53,0
2020-12-07,Amador,005,37829,1284,993,7,1000,17
2020-12-07,Butte,007,227075,5267,4604,379,4983,67
2020-12-07,Calaveras,009,45235,692,606,0,606,21
2020-12-07,Colusa,011,21464,980,825,27,852,6
2020-12-07,Contra Costa,013,1133247,29784,27307,239,27546,270
2020-12-07,Del Norte,015,27424,541,424,0,424,2
2020-12-07,El Dorado,017,186661,4044,3275,84,3359,8
2020-12-07,Fresno,019,978130,50446,41098,2250,43348,526
2020-12-07,Glenn,021,27897,1193,1085,100,1185,8
2020-12-07,Humboldt,023,135768,1244,1023,4,1027,9
2020-12-07,Imperial,025,180216,18959,17234,183,17417,364
2020-12-07,Inyo,027,18085,390,333,6,339,15
2020-12-07,Kern,029,883053,49280,44409,2404,46813,486
2020-12-07,Kings,031,150075,13473,12412,295,12707,90
2020-12-07,Lake,033,64148,1298,1090,0,1090,20
2020-12-07,Lassen,035,31185,3095,2167,15,2182,0
2020-12-07,Los Angeles,037,10098052,501151,451052,9445,460497,7937
2020-12-07,Madera,039,155013,7888,6935,228,7163,59
2020-12-07,Marin,041,260295,8410,8049,49,8098,136
2020-12-07,Mariposa,043,17540,176,146,2,148,2
2020-12-07,Mendocino,045,87422,1857,1638,14,1652,23
2020-12-07,Merced,047,269075,14315,13250,195,13445,179
2020-12-07,Modoc,049,8938,166,128,36,164,0
2020-12-07,Mono,051,14174,680,590,11,601,3
2020-12-07,Monterey,053,433212,19652,17746,380,18126,132
2020-12-07,Napa,055,140530,4276,3684,19,3703,21
2020-12-07,Nevada,057,99092,2049,1777,56,1833,11
2020-12-07,Orange,059,3164182,103319,89793,3270,93063,1628
2020-12-07,Placer,061,380077,10011,7911,267,8178,82
2020-12-07,Plumas,063,18699,327,256,5,261,0
2020-12-07,Riverside,065,2383286,119694,102363,3580,105943,1491
2020-12-07,Sacramento,067,1510023,48466,43419,241,43660,638
2020-12-07,San Benito,069,59416,2395,2165,15,2180,18
2020-12-07,San Bernardino,071,2135413,130228,108161,2864,111025,1295
2020-12-07,San Diego,073,3302833,104760,94171,4303,98474,1062
2020-12-07,San Francisco,075,870044,18360,17220,137,17357,161
2020-12-07,San Joaquin,077,732212,33099,28188,788,28976,530
2020-12-07,San Luis Obispo,079,281455,7793,6782,132,6914,45
2020-12-07,San Mateo,081,765935,18280,16029,22,16051,175
2020-12-07,Santa Barbara,083,443738,13255,12362,272,12634,141
2020-12-07,Santa Clara,085,1922200,48009,40621,138,40759,484
2020-12-07,Santa Cruz,087,273765,6155,5152,96,5248,41
2020-12-07,Shasta,089,179085,6755,5742,370,6112,50
2020-12-07,Sierra,091,2930,20,18,0,18,0
2020-12-07,Siskiyou,093,43540,819,652,58,710,2
2020-12-07,Solano,095,438530,13019,11354,111,11465,89
2020-12-07,Sonoma,097,501317,14802,13376,86,13462,164
2020-12-07,Stanislaus,099,539301,26671,24479,1905,26384,454
2020-12-07,Sutter,101,95872,4768,4106,18,4124,24
2020-12-07,Tehama,103,63373,2253,2030,116,2146,9
2020-12-07,Trinity,105,12862,335,194,38,232,0
2020-12-07,Tulare,107,460477,25770,22760,2196,24956,328
2020-12-07,Tuolumne,109,53932,1581,1256,9,1265,7
2020-12-07,Ventura,111,848112,26471,23354,829,24183,191
2020-12-07,Yolo,113,214977,6272,5537,26,5563,90
2020-12-07,Yuba,115,75493,2708,2428,21,2449,10
2020-12-06,Alameda,001,1643700,36778,33477,478,33955,465
2020-12-06,Alpine,003,1148,59,53,0,53,0
2020-12-06,Amador,005,37829,1221,952,6,958,17
2020-12-06,Butte,007,227075,5114,4527,346,4873,67
2020-12-06,Calaveras,009,45235,672,606,0,606,21
2020-12-06,Colusa,011,21464,963,824,23,847,6
2020-12-06,Contra Costa,013,1133247,29178,26566,233,26799,270
2020-12-06,Del Norte,015,27424,486,414,0,414,2
2020-12-06,El Dorado,017,186661,3907,3086,79,3165,8
2020-12-06,Fresno,019,978130,49491,40869,2135,43004,526
2020-12-06,Glenn,021,27897,1183,1067,96,1163,8
2020-12-06,Humboldt,023,135768,1219,1004,4,1008,9
2020-12-06,Imperial,025,180216,18645,16922,174,17096,364
2020-12-06,Inyo,027,18085,377,333,6,339,15
2020-12-06,Kern,029,883053,48290,43899,2236,46135,486
2020-12-06,Kings,031,150075,13201,12056,278,12334,90
2020-12-06,Lake,033,64148,1261,1075,0,1075,20
2020-12-06,Lassen,035,31185,2991,2168,13,2181,0
2020-12-06,Los Angeles,037,10098052,487554,443230,9010,452240,7910
2020-12-06,Madera,039,155013,7717,6826,219,7045,59
2020-12-06,Marin,041,260295,8329,8013,47,8060,136
2020-12-06,Mariposa,043,17540,175,144,2,146,2
2020-12-06,Mendocino,045,87422,1817,1614,14,1628,23
2020-12-06,Merced,047,269075,13980,12928,186,13114,179
2020-12-06,Modoc,049,8938,153,125,29,154,0
2020-12-06,Mono,051,14174,658,586,10,596,3
2020-12-06,Monterey,053,433212,19034,17426,370,17796,130
2020-12-06,Napa,055,140530,4164,3644,19,3663,21
2020-12-06,Nevada,057,99092,1990,1710,53,1763,10
2020-12-06,Orange,059,3164182,100256,87737,3140,90877,1627
2020-12-06,Placer,061,380077,9729,7837,247,8084,82
2020-12-06,Plumas,063,18699,314,254,4,258,0
2020-12-06,Riverside,065,2383286,116600,100088,3359,103447,1482
2020-12-06,Sacramento,067,1510023,47228,42808,227,43035,638
2020-12-06,San Benito,069,59416,2358,2135,15,2150,18
2020-12-06,San Bernardino,071,2135413,126078,106927,2709,109636,1286
2020-12-06,San Diego,073,3302833,101727,92173,4149,96322,1062
2020-12-06,San Francisco,075,870044,18038,17107,130,17237,161
2020-12-06,San Joaquin,077,732212,32264,28188,760,28948,530
2020-12-06,San Luis Obispo,079,281455,7628,6723,127,6850,45
2020-12-06,San Mateo,081,765935,17776,15855,20,15875,175
2020-12-06,Santa Barbara,083,443738,13023,12252,263,12515,141
2020-12-06,Santa Clara,085,1922200,46635,39112,133,39245,482
2020-12-06,Santa Cruz,087,273765,5981,5069,90,5159,40
2020-12-06,Shasta,089,179085,6614,5743,349,6092,49
2020-12-06,Sierra,091,2930,20,17,0,17,0
2020-12-06,Siskiyou,093,43540,801,652,56,708,2
2020-12-06,Solano,095,438530,12734,11354,101,11455,88
2020-12-06,Sonoma,097,501317,14513,13238,85,13323,164
2020-12-06,Stanislaus,099,539301,26122,24036,1842,25878,454
2020-12-06,Sutter,101,95872,4652,4009,17,4026,21
2020-12-06,Tehama,103,63373,2194,1982,107,2089,9
2020-12-06,Trinity,105,12862,328,181,36,217,0
2020-12-06,Tulare,107,460477,25245,22756,2131,24887,327
2020-12-06,Tuolumne,109,53932,1485,1210,9,1219,7
2020-12-06,Ventura,111,848112,25930,23035,804,23839,191
2020-12-06,Yolo,113,214977,6110,5465,22,5487,90
2020-12-06,Yuba,115,75493,2664,2340,20,2360,10
2020-12-05,Alameda,001,1643700,36419,32781,467,33248,465
2020-12-05,Alpine,003,1148,58,53,0,53,0
2020-12-05,Amador,005,37829,1197,847,6,853,17
2020-12-05,Butte,007,227075,5046,4455,327,4782,66
2020-12-05,Calaveras,009,45235,660,606,0,606,21
2020-12-05,Colusa,011,21464,945,825,20,845,6
2020-12-05,Contra Costa,013,1133247,28886,26217,226,26443,270
2020-12-05,Del Norte,015,27424,480,408,0,408,2
2020-12-05,El Dorado,017,186661,3842,3061,74,3135,8
2020-12-05,Fresno,019,978130,49172,40568,2081,42649,525
2020-12-05,Glenn,021,27897,1170,1056,90,1146,8
2020-12-05,Humboldt,023,135768,1186,979,4,983,9
2020-12-05,Imperial,025,180216,18477,16544,173,16717,362
2020-12-05,Inyo,027,18085,372,332,6,338,15
2020-12-05,Kern,029,883053,47827,43332,2151,45483,484
2020-12-05,Kings,031,150075,13120,11898,275,12173,90
2020-12-05,Lake,033,64148,1234,1069,0,1069,20
2020-12-05,Lassen,035,31185,2800,2168,11,2179,0
2020-12-05,Los Angeles,037,10098052,481754,433120,8695,441815,7888
2020-12-05,Madera,039,155013,7624,6619,212,6831,59
2020-12-05,Marin,041,260295,8302,7961,47,8008,136
2020-12-05,Mariposa,043,17540,170,143,2,145,2
2020-12-05,Mendocino,045,87422,1778,1585,14,1599,23
2020-12-05,Merced,047,269075,13873,12747,175,12922,180
2020-12-05,Modoc,049,8938,153,118,28,146,0
2020-12-05,Mono,051,14174,653,554,10,564,3
2020-12-05,Monterey,053,433212,18888,17077,366,17443,127
2020-12-05,Napa,055,140530,4093,3565,19,3584,21
2020-12-05,Nevada,057,99092,1975,1642,51,1693,10
2020-12-05,Orange,059,3164182,98791,85735,3044,88779,1612
2020-12-05,Placer,061,380077,9609,7811,238,8049,78
2020-12-05,Plumas,063,18699,307,246,1,247,0
2020-12-05,Riverside,065,2383286,114988,98612,3185,101797,1477
2020-12-05,Sacramento,067,1510023,46563,41878,213,42091,625
2020-12-05,San Benito,069,59416,2314,2073,15,2088,18
2020-12-05,San Bernardino,071,2135413,124552,105382,2581,107963,1283
2020-12-05,San Diego,073,3302833,100375,90470,4068,94538,1055
2020-12-05,San Francisco,075,870044,17854,16786,126,16912,161
2020-12-05,San Joaquin,077,732212,31997,28105,727,28832,523
2020-12-05,San Luis Obispo,079,281455,7561,6623,124,6747,44
2020-12-05,San Mateo,081,765935,17519,15512,20,15532,175
2020-12-05,Santa Barbara,083,443738,12923,12107,257,12364,141
2020-12-05,Santa Clara,085,1922200,45892,38339,128,38467,474
2020-12-05,Santa Cruz,087,273765,5908,4997,89,5086,40
2020-12-05,Shasta,089,179085,6553,5653,338,5991,49
2020-12-05,Sierra,091,2930,20,17,0,17,0
2020-12-05,Siskiyou,093,43540,793,649,55,704,2
2020-12-05,Solano,095,438530,12565,11351,99,11450,87
2020-12-05,Sonoma,097,501317,14417,13137,85,13222,164
2020-12-05,Stanislaus,099,539301,25808,23662,1808,25470,454
2020-12-05,Sutter,101,95872,4587,3937,17,3954,20
2020-12-05,Tehama,103,63373,2178,1926,105,2031,9
2020-12-05,Trinity,105,12862,327,177,36,213,0
2020-12-05,Tulare,107,460477,25031,22660,2075,24735,324
2020-12-05,Tuolumne,109,53932,1428,1180,9,1189,7
2020-12-05,Ventura,111,848112,25559,22710,790,23500,191
2020-12-05,Yolo,113,214977,6034,5351,21,5372,90
2020-12-05,Yuba,115,75493,2627,2275,20,2295,10
2020-12-04,Alameda,001,1643700,35870,31871,454,32325,465
2020-12-04,Alpine,003,1148,58,53,0,53,0
2020-12-04,Amador,005,37829,1183,766,3,769,16
2020-12-04,Butte,007,227075,4974,4336,307,4643,65
2020-12-04,Calaveras,009,45235,655,585,0,585,21
2020-12-04,Colusa,011,21464,931,790,18,808,6
2020-12-04,Contra Costa,013,1133247,28542,25705,214,25919,264
2020-12-04,Del Norte,015,27424,469,401,0,401,2
2020-12-04,El Dorado,017,186661,3754,2933,71,3004,7
2020-12-04,Fresno,019,978130,48463,40108,2013,42121,522
2020-12-04,Glenn,021,27897,1164,1017,82,1099,8
2020-12-04,Humboldt,023,135768,1168,960,4,964,9
2020-12-04,Imperial,025,180216,18235,16484,173,16657,362
2020-12-04,Inyo,027,18085,364,324,6,330,15
2020-12-04,Kern,029,883053,47276,42497,2049,44546,485
2020-12-04,Kings,031,150075,13027,11767,269,12036,88
2020-12-04,Lake,033,64148,1206,1018,0,1018,20
2020-12-04,Lassen,035,31185,2793,2167,10,2177,0
2020-12-04,Los Angeles,037,10098052,473130,424164,8404,432568,7845
2020-12-04,Madera,039,155013,7533,6479,209,6688,58
2020-12-04,Marin,041,260295,8251,7896,44,7940,136
2020-12-04,Mariposa,043,17540,170,136,2,138,2
2020-12-04,Mendocino,045,87422,1759,1563,13,1576,23
2020-12-04,Merced,047,269075,13758,12474,167,12641,177
2020-12-04,Modoc,049,8938,153,115,28,143,0
2020-12-04,Mono,051,14174,648,549,10,559,3
2020-12-04,Monterey,053,433212,18676,16737,357,17094,127
2020-12-04,Napa,055,140530,4039,3432,19,3451,19
2020-12-04,Nevada,057,99092,1950,1560,48,1608,10
2020-12-04,Orange,059,3164182,96870,83738,2980,86718,1597
2020-12-04,Placer,061,380077,9485,7461,225,7686,76
2020-12-04,Plumas,063,18699,300,232,0,232,0
2020-12-04,Riverside,065,2383286,112791,95255,3028,98283,1475
2020-12-04,Sacramento,067,1510023,45799,41061,196,41257,618
2020-12-04,San Benito,069,59416,2281,2006,15,2021,17
2020-12-04,San Bernardino,071,2135413,122279,102418,2473,104891,1290
2020-12-04,San Diego,073,3302833,98891,88183,3981,92164,1047
2020-12-04,San Francisco,075,870044,17663,16499,126,16625,161
2020-12-04,San Joaquin,077,732212,31561,27806,690,28496,522
2020-12-04,San Luis Obispo,079,281455,7476,6473,121,6594,42
2020-12-04,San Mateo,081,765935,17231,15112,19,15131,173
2020-12-04,Santa Barbara,083,443738,12816,11947,251,12198,141
2020-12-04,Santa Clara,085,1922200,44971,37465,122,37587,468
2020-12-04,Santa Cruz,087,273765,5821,4985,87,5072,32
2020-12-04,Shasta,089,179085,6465,5439,329,5768,49
2020-12-04,Sierra,091,2930,19,17,0,17,0
2020-12-04,Siskiyou,093,43540,786,639,52,691,2
2020-12-04,Solano,095,438530,12419,11037,96,11133,87
2020-12-04,Sonoma,097,501317,14269,12962,84,13046,164
2020-12-04,Stanislaus,099,539301,25537,23206,1764,24970,448
2020-12-04,Sutter,101,95872,4515,3791,12,3803,20
2020-12-04,Tehama,103,63373,2138,1876,100,1976,9
2020-12-04,Trinity,105,12862,325,172,36,208,0
2020-12-04,Tulare,107,460477,24746,22273,2003,24276,322
2020-12-04,Tuolumne,109,53932,1397,1134,9,1143,7
2020-12-04,Ventura,111,848112,25182,22024,774,22798,189
2020-12-04,Yolo,113,214977,5960,5294,20,5314,87
2020-12-04,Yuba,115,75493,2585,2225,19,2244,10
2020-12-03,Alameda,001,1643700,35105,31184,437,31621,465
2020-12-03,Alpine,003,1148,57,53,0,53,0
2020-12-03,Amador,005,37829,1132,653,3,656,16
2020-12-03,Butte,007,227075,4879,4305,288,4593,65
2020-12-03,Calaveras,009,45235,635,572,0,572,21
2020-12-03,Colusa,011,21464,918,774,17,791,6
2020-12-03,Contra Costa,013,1133247,28039,25464,207,25671,265
2020-12-03,Del Norte,015,27424,465,388,0,388,2
2020-12-03,El Dorado,017,186661,3628,2740,69,2809,6
2020-12-03,Fresno,019,978130,47710,39680,1941,41621,516
2020-12-03,Glenn,021,27897,1146,997,74,1071,8
2020-12-03,Humboldt,023,135768,1138,923,4,927,9
2020-12-03,Imperial,025,180216,18030,16436,161,16597,359
2020-12-03,Inyo,027,18085,361,321,6,327,15
2020-12-03,Kern,029,883053,46430,42062,1948,44010,483
2020-12-03,Kings,031,150075,12928,11658,258,11916,87
2020-12-03,Lake,033,64148,1191,991,0,991,20
2020-12-03,Lassen,035,31185,2753,2128,9,2137,0
2020-12-03,Los Angeles,037,10098052,463028,415805,8044,423849,7787
2020-12-03,Madera,039,155013,7410,6398,204,6602,58
2020-12-03,Marin,041,260295,8191,7861,40,7901,136
2020-12-03,Mariposa,043,17540,166,132,2,134,2
2020-12-03,Mendocino,045,87422,1742,1547,10,1557,23
2020-12-03,Merced,047,269075,13513,12310,160,12470,177
2020-12-03,Modoc,049,8938,151,114,28,142,0
2020-12-03,Mono,051,14174,626,527,10,537,3
2020-12-03,Monterey,053,433212,18215,16218,348,16566,125
2020-12-03,Napa,055,140530,3925,3360,19,3379,19
2020-12-03,Nevada,057,99092,1872,1472,47,1519,10
2020-12-03,Orange,059,3164182,94337,82187,2911,85098,1591
2020-12-03,Placer,061,380077,9283,7270,209,7479,73
2020-12-03,Plumas,063,18699,285,223,0,223,0
2020-12-03,Riverside,065,2383286,110028,92489,2869,95358,1461
2020-12-03,Sacramento,067,1510023,44740,40280,183,40463,614
2020-12-03,San Benito,069,59416,2235,1967,15,1982,16
2020-12-03,San Bernardino,071,2135413,118950,100787,2390,103177,1283
2020-12-03,San Diego,073,3302833,97076,86144,3863,90007,1040
2020-12-03,San Francisco,075,870044,17441,16236,125,16361,161
2020-12-03,San Joaquin,077,732212,30839,27239,648,27887,522
2020-12-03,San Luis Obispo,079,281455,7308,6388,120,6508,42
2020-12-03,San Mateo,081,765935,16878,14909,19,14928,173
2020-12-03,Santa Barbara,083,443738,12687,11829,245,12074,141
2020-12-03,Santa Clara,085,1922200,43773,36621,116,36737,465
2020-12-03,Santa Cruz,087,273765,5677,4850,83,4933,28
2020-12-03,Shasta,089,179085,6356,5330,322,5652,48
2020-12-03,Sierra,091,2930,19,17,0,17,0
2020-12-03,Siskiyou,093,43540,771,629,49,678,2
2020-12-03,Solano,095,438530,12205,10857,93,10950,87
2020-12-03,Sonoma,097,501317,14026,12772,83,12855,164
2020-12-03,Stanislaus,099,539301,25125,22821,1716,24537,447
2020-12-03,Sutter,101,95872,4431,3727,12,3739,20
2020-12-03,Tehama,103,63373,2086,1832,93,1925,9
2020-12-03,Trinity,105,12862,322,166,36,202,0
2020-12-03,Tulare,107,460477,24347,21993,1913,23906,321
2020-12-03,Tuolumne,109,53932,1355,1105,9,1114,7
2020-12-03,Ventura,111,848112,24479,21555,761,22316,187
2020-12-03,Yolo,113,214977,5822,5069,20,5089,87
2020-12-03,Yuba,115,75493,2515,2182,18,2200,10
2020-12-02,Alameda,001,1643700,34480,30697,428,31125,463
2020-12-02,Alpine,003,1148,56,52,0,52,0
2020-12-02,Amador,005,37829,1060,585,3,588,16
2020-12-02,Butte,007,227075,4756,4243,278,4521,65
2020-12-02,Calaveras,009,45235,619,553,0,553,21
2020-12-02,Colusa,011,21464,902,756,16,772,6
2020-12-02,Contra Costa,013,1133247,27581,25147,195,25342,264
2020-12-02,Del Norte,015,27424,451,384,0,384,2
2020-12-02,El Dorado,017,186661,3527,2638,64,2702,5
2020-12-02,Fresno,019,978130,46954,39324,1843,41167,507
2020-12-02,Glenn,021,27897,1129,995,66,1061,7
2020-12-02,Humboldt,023,135768,1112,899,4,903,9
2020-12-02,Imperial,025,180216,17607,16360,154,16514,356
2020-12-02,Inyo,027,18085,354,314,6,320,15
2020-12-02,Kern,029,883053,45533,41660,1853,43513,479
2020-12-02,Kings,031,150075,12575,11531,244,11775,86
2020-12-02,Lake,033,64148,1160,971,0,971,20
2020-12-02,Lassen,035,31185,2694,2115,9,2124,0
2020-12-02,Los Angeles,037,10098052,452977,408289,7713,416002,7739
2020-12-02,Madera,039,155013,7286,6370,198,6568,57
2020-12-02,Marin,041,260295,8144,7819,38,7857,136
2020-12-02,Mariposa,043,17540,163,131,2,133,2
2020-12-02,Mendocino,045,87422,1709,1524,10,1534,23
2020-12-02,Merced,047,269075,13269,12168,152,12320,173
2020-12-02,Modoc,049,8938,148,113,28,141,0
2020-12-02,Mono,051,14174,617,520,10,530,3
2020-12-02,Monterey,053,433212,17735,16064,309,16373,121
2020-12-02,Napa,055,140530,3822,3298,18,3316,19
2020-12-02,Nevada,057,99092,1810,1430,46,1476,9
2020-12-02,Orange,059,3164182,92139,81046,2832,83878,1569
2020-12-02,Placer,061,380077,9049,6941,196,7137,73
2020-12-02,Plumas,063,18699,272,218,0,218,0
2020-12-02,Riverside,065,2383286,107311,90089,2690,92779,1451
2020-12-02,Sacramento,067,1510023,43701,39334,172,39506,597
2020-12-02,San Benito,069,59416,2170,1921,15,1936,16
2020-12-02,San Bernardino,071,2135413,115381,98567,2285,100852,1240
2020-12-02,San Diego,073,3302833,95160,84640,3748,88388,1035
2020-12-02,San Francisco,075,870044,17205,16058,123,16181,157
2020-12-02,San Joaquin,077,732212,30220,26740,625,27365,519
2020-12-02,San Luis Obispo,079,281455,7209,6324,118,6442,42
2020-12-02,San Mateo,081,765935,16515,14757,18,14775,170
2020-12-02,Santa Barbara,083,443738,12536,11705,233,11938,140
2020-12-02,Santa Clara,085,1922200,42658,35878,116,35994,458
2020-12-02,Santa Cruz,087,273765,5545,4766,80,4846,27
2020-12-02,Shasta,089,179085,6233,5188,305,5493,47
2020-12-02,Sierra,091,2930,19,17,0,17,0
2020-12-02,Siskiyou,093,43540,755,624,47,671,1
2020-12-02,Solano,095,438530,11959,10701,89,10790,87
2020-12-02,Sonoma,097,501317,13787,12635,82,12717,163
2020-12-02,Stanislaus,099,539301,24624,22615,1661,24276,448
2020-12-02,Sutter,101,95872,4272,3604,12,3616,18
2020-12-02,Tehama,103,63373,2041,1800,78,1878,9
2020-12-02,Trinity,105,12862,312,165,35,200,0
2020-12-02,Tulare,107,460477,23967,21789,1836,23625,321
2020-12-02,Tuolumne,109,53932,1314,1076,9,1085,7
2020-12-02,Ventura,111,848112,24068,21208,743,21951,186
2020-12-02,Yolo,113,214977,5711,5053,19,5072,87
2020-12-02,Yuba,115,75493,2438,2119,17,2136,10
2020-12-01,Alameda,001,1643700,33788,30252,418,30670,460
2020-12-01,Alpine,003,1148,56,41,0,41,0
2020-12-01,Amador,005,37829,913,575,2,577,16
2020-12-01,Butte,007,227075,4650,4177,264,4441,65
2020-12-01,Calaveras,009,45235,601,544,0,544,21
2020-12-01,Colusa,011,21464,885,747,16,763,6
2020-12-01,Contra Costa,013,1133247,27011,24788,187,24975,264
2020-12-01,Del Norte,015,27424,423,357,0,357,2
2020-12-01,El Dorado,017,186661,3383,2542,59,2601,4
2020-12-01,Fresno,019,978130,46052,39004,1767,40771,505
2020-12-01,Glenn,021,27897,1108,989,62,1051,7
2020-12-01,Humboldt,023,135768,1082,886,4,890,9
2020-12-01,Imperial,025,180216,17291,16278,151,16429,356
2020-12-01,Inyo,027,18085,347,304,6,310,15
2020-12-01,Kern,029,883053,44731,41345,1726,43071,478
2020-12-01,Kings,031,150075,12260,11415,230,11645,86
2020-12-01,Lake,033,64148,1141,969,0,969,19
2020-12-01,Lassen,035,31185,2528,2047,8,2055,0
2020-12-01,Los Angeles,037,10098052,442603,403266,7398,410664,7704
2020-12-01,Madera,039,155013,7169,6270,188,6458,57
2020-12-01,Marin,041,260295,8074,7787,37,7824,136
2020-12-01,Mariposa,043,17540,158,128,2,130,2
2020-12-01,Mendocino,045,87422,1675,1497,10,1507,23
2020-12-01,Merced,047,269075,13026,12032,143,12175,172
2020-12-01,Modoc,049,8938,143,113,24,137,0
2020-12-01,Mono,051,14174,604,520,10,530,3
2020-12-01,Monterey,053,433212,17228,15835,298,16133,121
2020-12-01,Napa,055,140530,3738,3124,17,3141,19
2020-12-01,Nevada,057,99092,1748,1411,45,1456,9
2020-12-01,Orange,059,3164182,90038,79468,2743,82211,1567
2020-12-01,Placer,061,380077,8725,6794,189,6983,72
2020-12-01,Plumas,063,18699,260,201,0,201,0
2020-12-01,Riverside,065,2383286,104502,88530,2530,91060,1448
2020-12-01,Sacramento,067,1510023,42652,38966,169,39135,589
2020-12-01,San Benito,069,59416,2115,1888,15,1903,15
2020-12-01,San Bernardino,071,2135413,111910,95854,2162,98016,1220
2020-12-01,San Diego,073,3302833,92903,83423,3638,87061,1019
2020-12-01,San Francisco,075,870044,16923,15797,120,15917,157
2020-12-01,San Joaquin,077,732212,29420,26432,604,27036,514
2020-12-01,San Luis Obispo,079,281455,7067,6264,113,6377,40
2020-12-01,San Mateo,081,765935,16190,14495,18,14513,170
2020-12-01,Santa Barbara,083,443738,12397,11611,223,11834,140
2020-12-01,Santa Clara,085,1922200,41404,35397,110,35507,452
2020-12-01,Santa Cruz,087,273765,5387,4638,72,4710,27
2020-12-01,Shasta,089,179085,6108,5077,285,5362,47
2020-12-01,Sierra,091,2930,19,17,0,17,0
2020-12-01,Siskiyou,093,43540,741,608,43,651,1
2020-12-01,Solano,095,438530,11699,10604,84,10688,87
2020-12-01,Sonoma,097,501317,13583,12491,79,12570,163
2020-12-01,Stanislaus,099,539301,24167,22351,1604,23955,447
2020-12-01,Sutter,101,95872,4130,3538,12,3550,17
2020-12-01,Tehama,103,63373,1975,1773,68,1841,9
2020-12-01,Trinity,105,12862,298,165,29,194,0
2020-12-01,Tulare,107,460477,23512,21645,1768,23413,319
2020-12-01,Tuolumne,109,53932,1278,1052,7,1059,7
2020-12-01,Ventura,111,848112,23455,20604,721,21325,186
2020-12-01,Yolo,113,214977,5571,4928,19,4947,86
2020-12-01,Yuba,115,75493,2372,2088,16,2104,10
2020-11-30,Alameda,001,1643700,32968,29972,401,30373,457
2020-11-30,Alpine,003,1148,54,41,0,41,0
2020-11-30,Amador,005,37829,872,559,2,561,16
2020-11-30,Butte,007,227075,4532,4148,248,4396,65
2020-11-30,Calaveras,009,45235,580,478,0,478,21
2020-11-30,Colusa,011,21464,858,737,12,749,6
2020-11-30,Contra Costa,013,1133247,26428,24365,183,24548,264
2020-11-30,Del Norte,015,27424,400,339,0,339,2
2020-11-30,El Dorado,017,186661,3209,2488,53,2541,4
2020-11-30,Fresno,019,978130,44942,38712,1656,40368,500
2020-11-30,Glenn,021,27897,1085,954,57,1011,5
2020-11-30,Humboldt,023,135768,1035,870,4,874,9
2020-11-30,Imperial,025,180216,17038,16212,130,16342,356
2020-11-30,Inyo,027,18085,342,304,5,309,15
2020-11-30,Kern,029,883053,43971,40941,1594,42535,473
2020-11-30,Kings,031,150075,12112,11346,215,11561,85
2020-11-30,Lake,033,64148,1109,939,0,939,18
2020-11-30,Lassen,035,31185,2436,1793,8,1801,0
2020-11-30,Los Angeles,037,10098052,431921,396202,7074,403276,7658
2020-11-30,Madera,039,155013,7003,6210,174,6384,57
2020-11-30,Marin,041,260295,8031,7764,36,7800,136
2020-11-30,Mariposa,043,17540,151,123,2,125,2
2020-11-30,Mendocino,045,87422,1647,1482,10,1492,23
2020-11-30,Merced,047,269075,12751,11913,132,12045,172
2020-11-30,Modoc,049,8938,133,113,24,137,0
2020-11-30,Mono,051,14174,582,519,10,529,3
2020-11-30,Monterey,053,433212,16798,15837,290,16127,119
2020-11-30,Napa,055,140530,3638,3091,17,3108,18
2020-11-30,Nevada,057,99092,1662,1347,42,1389,9
2020-11-30,Orange,059,3164182,87929,78711,2647,81358,1568
2020-11-30,Placer,061,380077,8429,6575,176,6751,72
2020-11-30,Plumas,063,18699,249,192,0,192,0
2020-11-30,Riverside,065,2383286,101508,87722,2385,90107,1446
2020-11-30,Sacramento,067,1510023,41572,37834,160,37994,586
2020-11-30,San Benito,069,59416,2068,1875,14,1889,15
2020-11-30,San Bernardino,071,2135413,108176,92704,2051,94755,1220
2020-11-30,San Diego,073,3302833,90540,82045,3511,85556,997
2020-11-30,San Francisco,075,870044,16625,15638,117,15755,157
2020-11-30,San Joaquin,077,732212,28712,25742,578,26320,509
2020-11-30,San Luis Obispo,079,281455,6933,6224,111,6335,36
2020-11-30,San Mateo,081,765935,15831,14276,18,14294,170
2020-11-30,Santa Barbara,083,443738,12219,11572,215,11787,140
2020-11-30,Santa Clara,085,1922200,40196,35019,109,35128,451
2020-11-30,Santa Cruz,087,273765,5249,4558,69,4627,26
2020-11-30,Shasta,089,179085,5963,4933,257,5190,44
2020-11-30,Sierra,091,2930,19,16,0,16,0
2020-11-30,Siskiyou,093,43540,732,605,39,644,1
2020-11-30,Solano,095,438530,11437,10392,79,10471,87
2020-11-30,Sonoma,097,501317,13338,12232,75,12307,163
2020-11-30,Stanislaus,099,539301,23704,22110,1562,23672,446
2020-11-30,Sutter,101,95872,3974,3430,12,3442,16
2020-11-30,Tehama,103,63373,1926,1724,61,1785,9
2020-11-30,Trinity,105,12862,292,162,29,191,0
2020-11-30,Tulare,107,460477,23126,20833,1675,22508,319
2020-11-30,Tuolumne,109,53932,1234,1027,7,1034,7
2020-11-30,Ventura,111,848112,22699,20308,705,21013,180
2020-11-30,Yolo,113,214977,5460,4894,19,4913,81
2020-11-30,Yuba,115,75493,2312,2028,14,2042,10
2020-11-29,Alameda,001,1643700,32181,29918,379,30297,457
2020-11-29,Alpine,003,1148,51,41,0,41,0
2020-11-29,Amador,005,37829,721,548,2,550,16
2020-11-29,Butte,007,227075,4431,4008,232,4240,65
2020-11-29,Calaveras,009,45235,549,478,0,478,21
2020-11-29,Colusa,011,21464,829,723,8,731,6
2020-11-29,Contra Costa,013,1133247,25925,24165,177,24342,264
2020-11-29,Del Norte,015,27424,394,339,0,339,2
2020-11-29,El Dorado,017,186661,3078,2447,51,2498,4
2020-11-29,Fresno,019,978130,43991,38568,1585,40153,500
2020-11-29,Glenn,021,27897,1062,951,55,1006,4
2020-11-29,Humboldt,023,135768,1006,856,4,860,9
2020-11-29,Imperial,025,180216,16808,16138,105,16243,356
2020-11-29,Inyo,027,18085,327,289,5,294,15
2020-11-29,Kern,029,883053,43207,40596,1446,42042,473
2020-11-29,Kings,031,150075,11961,11247,197,11444,85
2020-11-29,Lake,033,64148,1085,927,0,927,18
2020-11-29,Lassen,035,31185,2333,1793,8,1801,0
2020-11-29,Los Angeles,037,10098052,421516,391162,6779,397941,7642
2020-11-29,Madera,039,155013,6860,6184,168,6352,57
2020-11-29,Marin,041,260295,7965,7739,33,7772,135
2020-11-29,Mariposa,043,17540,147,123,2,125,2
2020-11-29,Mendocino,045,87422,1613,1473,10,1483,23
2020-11-29,Merced,047,269075,12512,11773,123,11896,172
2020-11-29,Modoc,049,8938,129,105,22,127,0
2020-11-29,Mono,051,14174,559,515,9,524,3
2020-11-29,Monterey,053,433212,16485,15621,283,15904,119
2020-11-29,Napa,055,140530,3533,3090,16,3106,18
2020-11-29,Nevada,057,99092,1582,1311,40,1351,9
2020-11-29,Orange,059,3164182,85910,78057,2601,80658,1567
2020-11-29,Placer,061,380077,8131,6535,164,6699,72
2020-11-29,Plumas,063,18699,244,191,0,191,0
2020-11-29,Riverside,065,2383286,99114,87383,2233,89616,1442
2020-11-29,Sacramento,067,1510023,40494,37415,151,37566,585
2020-11-29,San Benito,069,59416,2024,1860,14,1874,15
2020-11-29,San Bernardino,071,2135413,104826,92052,1935,93987,1223
2020-11-29,San Diego,073,3302833,88129,81086,3358,84444,997
2020-11-29,San Francisco,075,870044,16343,15571,112,15683,153
2020-11-29,San Joaquin,077,732212,27966,25740,572,26312,509
2020-11-29,San Luis Obispo,079,281455,6810,6145,111,6256,36
2020-11-29,San Mateo,081,765935,15499,14177,18,14195,169
2020-11-29,Santa Barbara,083,443738,12064,11520,211,11731,140
2020-11-29,Santa Clara,085,1922200,38990,34234,103,34337,451
2020-11-29,Santa Cruz,087,273765,5090,4490,67,4557,26
2020-11-29,Shasta,089,179085,5791,4935,229,5164,43
2020-11-29,Sierra,091,2930,19,16,0,16,0
2020-11-29,Siskiyou,093,43540,709,590,37,627,1
2020-11-29,Solano,095,438530,11205,10393,75,10468,87
2020-11-29,Sonoma,097,501317,13086,12052,71,12123,163
2020-11-29,Stanislaus,099,539301,23208,21701,1528,23229,446
2020-11-29,Sutter,101,95872,3859,3297,12,3309,16
2020-11-29,Tehama,103,63373,1875,1710,47,1757,9
2020-11-29,Trinity,105,12862,289,159,27,186,0
2020-11-29,Tulare,107,460477,22757,20793,1600,22393,319
2020-11-29,Tuolumne,109,53932,1197,988,7,995,7
2020-11-29,Ventura,111,848112,22015,19952,693,20645,179
2020-11-29,Yolo,113,214977,5322,4830,18,4848,80
2020-11-29,Yuba,115,75493,2256,1959,14,1973,10
2020-11-28,Alameda,001,1643700,31872,29368,374,29742,456
2020-11-28,Alpine,003,1148,51,41,0,41,0
2020-11-28,Amador,005,37829,644,536,2,538,16
2020-11-28,Butte,007,227075,4373,3894,228,4122,65
2020-11-28,Calaveras,009,45235,543,478,0,478,21
2020-11-28,Colusa,011,21464,820,711,6,717,6
2020-11-28,Contra Costa,013,1133247,25593,23798,173,23971,264
2020-11-28,Del Norte,015,27424,384,328,0,328,2
2020-11-28,El Dorado,017,186661,3010,2415,45,2460,4
2020-11-28,Fresno,019,978130,43644,38288,1547,39835,500
2020-11-28,Glenn,021,27897,1051,925,51,976,4
2020-11-28,Humboldt,023,135768,971,844,4,848,9
2020-11-28,Imperial,025,180216,16742,16019,103,16122,356
2020-11-28,Inyo,027,18085,319,289,5,294,15
2020-11-28,Kern,029,883053,42844,40255,1358,41613,473
2020-11-28,Kings,031,150075,11896,11070,190,11260,85
2020-11-28,Lake,033,64148,1070,920,0,920,18
2020-11-28,Lassen,035,31185,2266,1714,8,1722,0
2020-11-28,Los Angeles,037,10098052,416594,386194,6623,392817,7625
2020-11-28,Madera,039,155013,6758,6119,161,6280,57
2020-11-28,Marin,041,260295,7935,7696,29,7725,135
2020-11-28,Mariposa,043,17540,144,120,2,122,2
2020-11-28,Mendocino,045,87422,1582,1458,10,1468,22
2020-11-28,Merced,047,269075,12414,11688,117,11805,172
2020-11-28,Modoc,049,8938,126,103,22,125,0
2020-11-28,Mono,051,14174,553,505,9,514,3
2020-11-28,Monterey,053,433212,16319,15328,279,15607,118
2020-11-28,Napa,055,140530,3481,3033,16,3049,18
2020-11-28,Nevada,057,99092,1553,1272,38,1310,9
2020-11-28,Orange,059,3164182,84812,76882,2555,79437,1568
2020-11-28,Placer,061,380077,7970,6497,161,6658,70
2020-11-28,Plumas,063,18699,237,188,0,188,0
2020-11-28,Riverside,065,2383286,97705,86854,2132,88986,1440
2020-11-28,Sacramento,067,1510023,39916,36905,147,37052,580
2020-11-28,San Benito,069,59416,1979,1835,14,1849,15
2020-11-28,San Bernardino,071,2135413,103424,91183,1832,93015,1224
2020-11-28,San Diego,073,3302833,86875,80020,3274,83294,997
2020-11-28,San Francisco,075,870044,16167,15450,105,15555,153
2020-11-28,San Joaquin,077,732212,27765,25742,557,26299,509
2020-11-28,San Luis Obispo,079,281455,6740,6106,107,6213,36
2020-11-28,San Mateo,081,765935,15309,14040,18,14058,169
2020-11-28,Santa Barbara,083,443738,11962,11481,206,11687,140
2020-11-28,Santa Clara,085,1922200,38244,33701,101,33802,449
2020-11-28,Santa Cruz,087,273765,5013,4426,67,4493,26
2020-11-28,Shasta,089,179085,5714,4882,222,5104,43
2020-11-28,Sierra,091,2930,19,16,0,16,0
2020-11-28,Siskiyou,093,43540,699,558,34,592,1
2020-11-28,Solano,095,438530,11086,10252,73,10325,87
2020-11-28,Sonoma,097,501317,12982,12008,62,12070,162
2020-11-28,Stanislaus,099,539301,22969,21574,1494,23068,446
2020-11-28,Sutter,101,95872,3775,3244,12,3256,15
2020-11-28,Tehama,103,63373,1856,1678,43,1721,9
2020-11-28,Trinity,105,12862,286,157,25,182,0
2020-11-28,Tulare,107,460477,22560,20701,1558,22259,319
2020-11-28,Tuolumne,109,53932,1175,976,7,983,7
2020-11-28,Ventura,111,848112,21717,19510,683,20193,179
2020-11-28,Yolo,113,214977,5248,4739,16,4755,80
2020-11-28,Yuba,115,75493,2202,1912,14,1926,10
2020-11-27,Alameda,001,1643700,31431,29064,364,29428,450
2020-11-27,Alpine,003,1148,51,41,0,41,0
2020-11-27,Amador,005,37829,597,498,1,499,16
2020-11-27,Butte,007,227075,4332,3894,222,4116,65
2020-11-27,Calaveras,009,45235,534,478,0,478,21
2020-11-27,Colusa,011,21464,803,694,4,698,6
2020-11-27,Contra Costa,013,1133247,25333,23463,167,23630,264
2020-11-27,Del Norte,015,27424,378,307,0,307,2
2020-11-27,El Dorado,017,186661,2939,2238,42,2280,4
2020-11-27,Fresno,019,978130,43238,37994,1491,39485,500
2020-11-27,Glenn,021,27897,1038,891,46,937,4
2020-11-27,Humboldt,023,135768,952,795,3,798,9
2020-11-27,Imperial,025,180216,16674,15960,95,16055,356
2020-11-27,Inyo,027,18085,313,289,5,294,15
2020-11-27,Kern,029,883053,42421,39707,1288,40995,473
2020-11-27,Kings,031,150075,11811,10667,172,10839,85
2020-11-27,Lake,033,64148,1034,909,0,909,18
2020-11-27,Lassen,035,31185,2254,1714,8,1722,0
2020-11-27,Los Angeles,037,10098052,410080,382740,6471,389211,7606
2020-11-27,Madera,039,155013,6686,6050,156,6206,57
2020-11-27,Marin,041,260295,7892,7660,29,7689,135
2020-11-27,Mariposa,043,17540,142,118,2,120,2
2020-11-27,Mendocino,045,87422,1568,1387,9,1396,22
2020-11-27,Merced,047,269075,12308,11550,110,11660,172
2020-11-27,Modoc,049,8938,125,100,22,122,0
2020-11-27,Mono,051,14174,549,498,9,507,3
2020-11-27,Monterey,053,433212,16151,14753,279,15032,113
2020-11-27,Napa,055,140530,3441,2988,16,3004,18
2020-11-27,Nevada,057,99092,1523,1184,36,1220,9
2020-11-27,Orange,059,3164182,83523,75151,2516,77667,1568
2020-11-27,Placer,061,380077,7810,6283,151,6434,68
2020-11-27,Plumas,063,18699,234,188,0,188,0
2020-11-27,Riverside,065,2383286,96095,85769,1980,87749,1440
2020-11-27,Sacramento,067,1510023,39295,36579,143,36722,579
2020-11-27,San Benito,069,59416,1945,1805,13,1818,15
2020-11-27,San Bernardino,071,2135413,101908,90254,1751,92005,1224
2020-11-27,San Diego,073,3302833,85681,78161,3185,81346,996
2020-11-27,San Francisco,075,870044,16011,15377,103,15480,153
2020-11-27,San Joaquin,077,732212,27544,25741,537,26278,509
2020-11-27,San Luis Obispo,079,281455,6657,6039,104,6143,36
2020-11-27,San Mateo,081,765935,15107,13872,17,13889,169
2020-11-27,Santa Barbara,083,443738,11869,11340,203,11543,140
2020-11-27,Santa Clara,085,1922200,37568,32935,94,33029,449
2020-11-27,Santa Cruz,087,273765,4942,4358,65,4423,26
2020-11-27,Shasta,089,179085,5637,4710,209,4919,43
2020-11-27,Sierra,091,2930,18,16,0,16,0
2020-11-27,Siskiyou,093,43540,684,554,31,585,1
2020-11-27,Solano,095,438530,10967,10044,70,10114,87
2020-11-27,Sonoma,097,501317,12849,11924,60,11984,162
2020-11-27,Stanislaus,099,539301,22741,21185,1465,22650,446
2020-11-27,Sutter,101,95872,3707,3101,12,3113,15
2020-11-27,Tehama,103,63373,1828,1649,39,1688,9
2020-11-27,Trinity,105,12862,282,151,25,176,0
2020-11-27,Tulare,107,460477,22372,20634,1501,22135,319
2020-11-27,Tuolumne,109,53932,1143,881,7,888,7
2020-11-27,Ventura,111,848112,21393,19379,661,20040,179
2020-11-27,Yolo,113,214977,5198,4737,16,4753,79
2020-11-27,Yuba,115,75493,2173,1864,13,1877,10
2020-11-26,Alameda,001,1643700,31018,28797,346,29143,447
2020-11-26,Alpine,003,1148,51,41,0,41,0
2020-11-26,Amador,005,37829,589,488,1,489,16
2020-11-26,Butte,007,227075,4269,3894,216,4110,65
2020-11-26,Calaveras,009,45235,507,478,0,478,21
2020-11-26,Colusa,011,21464,789,694,4,698,6
2020-11-26,Contra Costa,013,1133247,25000,23468,161,23629,264
2020-11-26,Del Norte,015,27424,367,307,0,307,2
2020-11-26,El Dorado,017,186661,2858,2217,40,2257,4
2020-11-26,Fresno,019,978130,42832,37724,1446,39170,500
2020-11-26,Glenn,021,27897,1022,892,44,936,4
2020-11-26,Humboldt,023,135768,929,795,2,797,9
2020-11-26,Imperial,025,180216,16563,15722,92,15814,355
2020-11-26,Inyo,027,18085,312,289,5,294,15
2020-11-26,Kern,029,883053,41971,39123,1228,40351,471
2020-11-26,Kings,031,150075,11756,10475,160,10635,85
2020-11-26,Lake,033,64148,1021,890,0,890,18
2020-11-26,Lassen,035,31185,2239,1714,8,1722,0
2020-11-26,Los Angeles,037,10098052,404921,378340,6235,384575,7581
2020-11-26,Madera,039,155013,6611,6003,151,6154,57
2020-11-26,Marin,041,260295,7855,7610,29,7639,135
2020-11-26,Mariposa,043,17540,137,116,2,118,2
2020-11-26,Mendocino,045,87422,1554,1387,7,1394,22
2020-11-26,Merced,047,269075,12161,11440,108,11548,172
2020-11-26,Modoc,049,8938,123,100,22,122,0
2020-11-26,Mono,051,14174,541,485,9,494,2
2020-11-26,Monterey,053,433212,15915,14750,271,15021,113
2020-11-26,Napa,055,140530,3377,2988,16,3004,18
2020-11-26,Nevada,057,99092,1478,1184,36,1220,9
2020-11-26,Orange,059,3164182,82136,74264,2456,76720,1563
2020-11-26,Placer,061,380077,7648,6278,142,6420,68
2020-11-26,Plumas,063,18699,226,188,0,188,0
2020-11-26,Riverside,065,2383286,94492,85774,1856,87630,1440
2020-11-26,Sacramento,067,1510023,38654,35854,135,35989,580
2020-11-26,San Benito,069,59416,1918,1769,13,1782,15
2020-11-26,San Bernardino,071,2135413,100254,89727,1659,91386,1223
2020-11-26,San Diego,073,3302833,84071,76359,3081,79440,996
2020-11-26,San Francisco,075,870044,15876,15156,99,15255,153
2020-11-26,San Joaquin,077,732212,27287,25738,525,26263,509
2020-11-26,San Luis Obispo,079,281455,6564,5964,101,6065,36
2020-11-26,San Mateo,081,765935,14918,13715,16,13731,169
2020-11-26,Santa Barbara,083,443738,11788,11277,202,11479,139
2020-11-26,Santa Clara,085,1922200,36924,32411,87,32498,446
2020-11-26,Santa Cruz,087,273765,4811,4269,59,4328,26
2020-11-26,Shasta,089,179085,5554,4712,198,4910,43
2020-11-26,Sierra,091,2930,18,15,0,15,0
2020-11-26,Siskiyou,093,43540,674,526,31,557,1
2020-11-26,Solano,095,438530,10824,9941,68,10009,87
2020-11-26,Sonoma,097,501317,12701,11922,58,11980,162
2020-11-26,Stanislaus,099,539301,22509,21186,1425,22611,445
2020-11-26,Sutter,101,95872,3613,3101,11,3112,15
2020-11-26,Tehama,103,63373,1785,1612,36,1648,9
2020-11-26,Trinity,105,12862,278,139,25,164,0
2020-11-26,Tulare,107,460477,22133,20649,1440,22089,319
2020-11-26,Tuolumne,109,53932,1115,871,7,878,7
2020-11-26,Ventura,111,848112,20897,19058,647,19705,179
2020-11-26,Yolo,113,214977,5111,4566,16,4582,76
2020-11-26,Yuba,115,75493,2113,1865,11,1876,10
2020-11-25,Alameda,001,1643700,30803,28378,338,28716,447
2020-11-25,Alpine,003,1148,51,41,0,41,0
2020-11-25,Amador,005,37829,579,484,1,485,16
2020-11-25,Butte,007,227075,4238,3848,213,4061,64
2020-11-25,Calaveras,009,45235,504,475,0,475,21
2020-11-25,Colusa,011,21464,772,693,4,697,6
2020-11-25,Contra Costa,013,1133247,24845,23307,160,23467,263
2020-11-25,Del Norte,015,27424,366,304,0,304,2
2020-11-25,El Dorado,017,186661,2822,2154,40,2194,4
2020-11-25,Fresno,019,978130,42599,37349,1424,38773,494
2020-11-25,Glenn,021,27897,1005,891,42,933,4
2020-11-25,Humboldt,023,135768,921,777,2,779,9
2020-11-25,Imperial,025,180216,16492,15640,91,15731,355
2020-11-25,Inyo,027,18085,310,289,5,294,15
2020-11-25,Kern,029,883053,41815,38878,1211,40089,467
2020-11-25,Kings,031,150075,11721,10417,156,10573,85
2020-11-25,Lake,033,64148,1004,878,0,878,18
2020-11-25,Lassen,035,31185,2196,1701,8,1709,0
2020-11-25,Los Angeles,037,10098052,401893,373919,6133,380052,7545
2020-11-25,Madera,039,155013,6589,5989,148,6137,57
2020-11-25,Marin,041,260295,7828,7601,28,7629,135
2020-11-25,Mariposa,043,17540,136,114,2,116,2
2020-11-25,Mendocino,045,87422,1535,1373,7,1380,22
2020-11-25,Merced,047,269075,12103,11346,108,11454,172
2020-11-25,Modoc,049,8938,123,96,22,118,0
2020-11-25,Mono,051,14174,536,487,9,496,2
2020-11-25,Monterey,053,433212,15799,14695,269,14964,113
2020-11-25,Napa,055,140530,3344,2945,16,2961,17
2020-11-25,Nevada,057,99092,1460,1170,34,1204,9
2020-11-25,Orange,059,3164182,81380,73014,2436,75450,1551
2020-11-25,Placer,061,380077,7571,6221,141,6362,68
2020-11-25,Plumas,063,18699,221,183,0,183,0
2020-11-25,Riverside,065,2383286,93949,85077,1838,86915,1438
2020-11-25,Sacramento,067,1510023,38318,35687,132,35819,574
2020-11-25,San Benito,069,59416,1895,1764,13,1777,15
2020-11-25,San Bernardino,071,2135413,99413,88469,1630,90099,1225
2020-11-25,San Diego,073,3302833,83414,75307,3045,78352,988
2020-11-25,San Francisco,075,870044,15771,15053,97,15150,153
2020-11-25,San Joaquin,077,732212,27160,25556,513,26069,515
2020-11-25,San Luis Obispo,079,281455,6521,5913,101,6014,34
2020-11-25,San Mateo,081,765935,14803,13614,16,13630,170
2020-11-25,Santa Barbara,083,443738,11738,11183,202,11385,138
2020-11-25,Santa Clara,085,1922200,36478,32032,86,32118,442
2020-11-25,Santa Cruz,087,273765,4758,4202,58,4260,25
2020-11-25,Shasta,089,179085,5508,4588,191,4779,43
2020-11-25,Sierra,091,2930,18,15,0,15,0
2020-11-25,Siskiyou,093,43540,667,499,31,530,1
2020-11-25,Solano,095,438530,10719,9832,67,9899,87
2020-11-25,Sonoma,097,501317,12638,11775,57,11832,162
2020-11-25,Stanislaus,099,539301,22378,21022,1398,22420,445
2020-11-25,Sutter,101,95872,3569,3064,11,3075,14
2020-11-25,Tehama,103,63373,1773,1587,30,1617,9
2020-11-25,Trinity,105,12862,276,135,25,160,0
2020-11-25,Tulare,107,460477,22043,20528,1410,21938,318
2020-11-25,Tuolumne,109,53932,1098,842,7,849,7
2020-11-25,Ventura,111,848112,20802,18914,641,19555,179
2020-11-25,Yolo,113,214977,5075,4527,16,4543,76
2020-11-25,Yuba,115,75493,2087,1840,11,1851,10
2020-11-24,Alameda,001,1643700,30325,28030,327,28357,444
2020-11-24,Alpine,003,1148,51,41,0,41,0
2020-11-24,Amador,005,37829,554,470,1,471,16
2020-11-24,Butte,007,227075,4152,3798,205,4003,63
2020-11-24,Calaveras,009,45235,498,466,0,466,21
2020-11-24,Colusa,011,21464,754,682,4,686,6
2020-11-24,Contra Costa,013,1133247,24493,23072,154,23226,259
2020-11-24,Del Norte,015,27424,357,298,0,298,2
2020-11-24,El Dorado,017,186661,2717,2005,39,2044,4
2020-11-24,Fresno,019,978130,42197,37021,1349,38370,493
2020-11-24,Glenn,021,27897,987,883,38,921,4
2020-11-24,Humboldt,023,135768,902,774,2,776,9
2020-11-24,Imperial,025,180216,16389,15600,86,15686,355
2020-11-24,Inyo,027,18085,309,282,5,287,15
2020-11-24,Kern,029,883053,41341,38551,1135,39686,465
2020-11-24,Kings,031,150075,11454,10338,143,10481,85
2020-11-24,Lake,033,64148,988,872,0,872,18
2020-11-24,Lassen,035,31185,2173,1657,8,1665,0
2020-11-24,Los Angeles,037,10098052,395584,370008,5900,375908,7501
2020-11-24,Madera,039,155013,6505,5881,142,6023,57
2020-11-24,Marin,041,260295,7781,7591,28,7619,135
2020-11-24,Mariposa,043,17540,126,114,1,115,2
2020-11-24,Mendocino,045,87422,1513,1346,6,1352,22
2020-11-24,Merced,047,269075,11915,11268,102,11370,171
2020-11-24,Modoc,049,8938,119,91,22,113,0
2020-11-24,Mono,051,14174,532,483,9,492,2
2020-11-24,Monterey,053,433212,15537,14354,260,14614,113
2020-11-24,Napa,055,140530,3278,2904,16,2920,17
2020-11-24,Nevada,057,99092,1396,1156,32,1188,9
2020-11-24,Orange,059,3164182,79940,71975,2359,74334,1547
2020-11-24,Placer,061,380077,7390,6147,134,6281,67
2020-11-24,Plumas,063,18699,218,180,0,180,0
2020-11-24,Riverside,065,2383286,92190,83685,1712,85397,1420
2020-11-24,Sacramento,067,1510023,37637,35097,125,35222,568
2020-11-24,San Benito,069,59416,1864,1740,12,1752,15
2020-11-24,San Bernardino,071,2135413,97074,86645,1529,88174,1226
2020-11-24,San Diego,073,3302833,82004,74363,2974,77337,984
2020-11-24,San Francisco,075,870044,15577,14874,93,14967,153
2020-11-24,San Joaquin,077,732212,26845,25318,486,25804,517
2020-11-24,San Luis Obispo,079,281455,6458,5805,100,5905,34
2020-11-24,San Mateo,081,765935,14594,13558,15,13573,170
2020-11-24,Santa Barbara,083,443738,11632,11154,201,11355,138
2020-11-24,Santa Clara,085,1922200,35690,31564,82,31646,438
2020-11-24,Santa Cruz,087,273765,4644,4132,57,4189,25
2020-11-24,Shasta,089,179085,5408,4410,172,4582,43
2020-11-24,Sierra,091,2930,18,15,0,15,0
2020-11-24,Siskiyou,093,43540,649,473,28,501,1
2020-11-24,Solano,095,438530,10548,9716,66,9782,86
2020-11-24,Sonoma,097,501317,12458,11644,54,11698,162
2020-11-24,Stanislaus,099,539301,22136,20830,1356,22186,438
2020-11-24,Sutter,101,95872,3463,2974,11,2985,14
2020-11-24,Tehama,103,63373,1724,1565,25,1590,9
2020-11-24,Trinity,105,12862,269,129,24,153,0
2020-11-24,Tulare,107,460477,21794,20319,1349,21668,315
2020-11-24,Tuolumne,109,53932,1069,832,7,839,7
2020-11-24,Ventura,111,848112,20421,18637,631,19268,179
2020-11-24,Yolo,113,214977,4991,4420,16,4436,76
2020-11-24,Yuba,115,75493,2036,1804,9,1813,10
2020-11-23,Alameda,001,1643700,29911,27718,315,28033,444
2020-11-23,Alpine,003,1148,49,41,0,41,0
2020-11-23,Amador,005,37829,513,457,1,458,16
2020-11-23,Butte,007,227075,4088,3765,199,3964,61
2020-11-23,Calaveras,009,45235,481,434,0,434,21
2020-11-23,Colusa,011,21464,740,662,4,666,6
2020-11-23,Contra Costa,013,1133247,24223,22674,149,22823,260
2020-11-23,Del Norte,015,27424,335,296,0,296,2
2020-11-23,El Dorado,017,186661,2597,2005,38,2043,4
2020-11-23,Fresno,019,978130,41749,36688,1288,37976,488
2020-11-23,Glenn,021,27897,961,853,38,891,4
2020-11-23,Humboldt,023,135768,889,746,2,748,9
2020-11-23,Imperial,025,180216,16220,15104,81,15185,355
2020-11-23,Inyo,027,18085,301,279,5,284,15
2020-11-23,Kern,029,883053,40827,38245,1072,39317,463
2020-11-23,Kings,031,150075,11034,10204,137,10341,85
2020-11-23,Lake,033,64148,965,840,0,840,18
2020-11-23,Lassen,035,31185,2093,1271,7,1278,0
2020-11-23,Los Angeles,037,10098052,389483,366374,5653,372027,7447
2020-11-23,Madera,039,155013,6379,5787,138,5925,56
2020-11-23,Marin,041,260295,7739,7543,28,7571,135
2020-11-23,Mariposa,043,17540,125,97,1,98,2
2020-11-23,Mendocino,045,87422,1483,1330,6,1336,22
2020-11-23,Merced,047,269075,11727,11148,99,11247,169
2020-11-23,Modoc,049,8938,105,91,21,112,0
2020-11-23,Mono,051,14174,519,480,9,489,2
2020-11-23,Monterey,053,433212,15258,14265,254,14519,112
2020-11-23,Napa,055,140530,3212,2811,16,2827,17
2020-11-23,Nevada,057,99092,1307,1087,32,1119,9
2020-11-23,Orange,059,3164182,78536,71074,2315,73389,1546
2020-11-23,Placer,061,380077,7188,5999,133,6132,66
2020-11-23,Plumas,063,18699,214,172,0,172,0
2020-11-23,Riverside,065,2383286,90412,82175,1648,83823,1415
2020-11-23,Sacramento,067,1510023,37067,34141,119,34260,556
2020-11-23,San Benito,069,59416,1837,1729,11,1740,15
2020-11-23,San Bernardino,071,2135413,94966,84387,1465,85852,1224
2020-11-23,San Diego,073,3302833,80541,72817,2886,75703,968
2020-11-23,San Francisco,075,870044,15419,14646,91,14737,153
2020-11-23,San Joaquin,077,732212,26496,24622,482,25104,517
2020-11-23,San Luis Obispo,079,281455,6376,5772,98,5870,34
2020-11-23,San Mateo,081,765935,14404,13364,15,13379,170
2020-11-23,Santa Barbara,083,443738,11525,10944,197,11141,137
2020-11-23,Santa Clara,085,1922200,35039,31064,79,31143,435
2020-11-23,Santa Cruz,087,273765,4534,4003,53,4056,25
2020-11-23,Shasta,089,179085,5290,4100,160,4260,43
2020-11-23,Sierra,091,2930,17,15,0,15,0
2020-11-23,Siskiyou,093,43540,622,460,28,488,0
2020-11-23,Solano,095,438530,10391,9394,63,9457,86
2020-11-23,Sonoma,097,501317,12285,11507,50,11557,160
2020-11-23,Stanislaus,099,539301,21843,20487,1323,21810,436
2020-11-23,Sutter,101,95872,3326,2840,10,2850,14
2020-11-23,Tehama,103,63373,1674,1526,21,1547,9
2020-11-23,Trinity,105,12862,260,120,22,142,0
2020-11-23,Tulare,107,460477,21500,19818,1284,21102,315
2020-11-23,Tuolumne,109,53932,1029,774,7,781,7
2020-11-23,Ventura,111,848112,20046,18480,618,19098,179
2020-11-23,Yolo,113,214977,4910,4265,15,4280,75
2020-11-23,Yuba,115,75493,1969,1702,9,1711,10
2020-11-22,Alameda,001,1643700,29475,27472,304,27776,444
2020-11-22,Alpine,003,1148,46,41,0,41,0
2020-11-22,Amador,005,37829,501,450,1,451,16
2020-11-22,Butte,007,227075,4037,3712,192,3904,61
2020-11-22,Calaveras,009,45235,473,434,0,434,21
2020-11-22,Colusa,011,21464,722,642,3,645,6
2020-11-22,Contra Costa,013,1133247,23919,22407,144,22551,260
2020-11-22,Del Norte,015,27424,311,271,0,271,2
2020-11-22,El Dorado,017,186661,2487,1917,34,1951,4
2020-11-22,Fresno,019,978130,41267,36315,1233,37548,488
2020-11-22,Glenn,021,27897,939,832,34,866,4
2020-11-22,Humboldt,023,135768,873,729,2,731,9
2020-11-22,Imperial,025,180216,16014,15109,36,15145,355
2020-11-22,Inyo,027,18085,295,279,5,284,15
2020-11-22,Kern,029,883053,40248,37904,1039,38943,463
2020-11-22,Kings,031,150075,10935,10035,128,10163,85
2020-11-22,Lake,033,64148,943,834,0,834,18
2020-11-22,Lassen,035,31185,1928,1211,6,1217,0
2020-11-22,Los Angeles,037,10098052,383203,360341,5408,365749,7438
2020-11-22,Madera,039,155013,6299,5745,127,5872,56
2020-11-22,Marin,041,260295,7704,7506,27,7533,135
2020-11-22,Mariposa,043,17540,124,95,1,96,2
2020-11-22,Mendocino,045,87422,1459,1285,5,1290,22
2020-11-22,Merced,047,269075,11578,10939,99,11038,169
2020-11-22,Modoc,049,8938,104,87,19,106,0
2020-11-22,Mono,051,14174,504,481,9,490,2
2020-11-22,Monterey,053,433212,15017,13887,249,14136,111
2020-11-22,Napa,055,140530,3131,2778,16,2794,17
2020-11-22,Nevada,057,99092,1249,1052,32,1084,9
2020-11-22,Orange,059,3164182,77124,69913,2277,72190,1546
2020-11-22,Placer,061,380077,6961,5880,123,6003,66
2020-11-22,Plumas,063,18699,201,172,0,172,0
2020-11-22,Riverside,065,2383286,88817,81565,1589,83154,1409
2020-11-22,Sacramento,067,1510023,36335,33421,106,33527,555
2020-11-22,San Benito,069,59416,1808,1704,11,1715,15
2020-11-22,San Bernardino,071,2135413,92623,83505,1395,84900,1224
2020-11-22,San Diego,073,3302833,78804,71649,2811,74460,968
2020-11-22,San Francisco,075,870044,15248,14515,90,14605,153
2020-11-22,San Joaquin,077,732212,26197,24619,470,25089,517
2020-11-22,San Luis Obispo,079,281455,6269,5664,97,5761,34
2020-11-22,San Mateo,081,765935,14199,13228,15,13243,170
2020-11-22,Santa Barbara,083,443738,11390,10946,192,11138,137
2020-11-22,Santa Clara,085,1922200,34361,30633,77,30710,434
2020-11-22,Santa Cruz,087,273765,4452,3896,46,3942,25
2020-11-22,Shasta,089,179085,5134,4100,142,4242,43
2020-11-22,Sierra,091,2930,17,13,0,13,0
2020-11-22,Siskiyou,093,43540,591,411,28,439,0
2020-11-22,Solano,095,438530,10219,9363,59,9422,86
2020-11-22,Sonoma,097,501317,12127,11415,48,11463,159
2020-11-22,Stanislaus,099,539301,21516,20223,1293,21516,436
2020-11-22,Sutter,101,95872,3209,2677,10,2687,13
2020-11-22,Tehama,103,63373,1640,1457,17,1474,9
2020-11-22,Trinity,105,12862,254,114,22,136,0
2020-11-22,Tulare,107,460477,21247,19818,1218,21036,314
2020-11-22,Tuolumne,109,53932,1003,689,7,696,7
2020-11-22,Ventura,111,848112,19685,18105,605,18710,179
2020-11-22,Yolo,113,214977,4810,4206,15,4221,75
2020-11-22,Yuba,115,75493,1916,1672,9,1681,10
2020-11-21,Alameda,001,1643700,29288,27424,302,27726,444
2020-11-21,Alpine,003,1148,46,41,0,41,0
2020-11-21,Amador,005,37829,487,450,1,451,16
2020-11-21,Butte,007,227075,3989,3664,189,3853,61
2020-11-21,Calaveras,009,45235,465,434,0,434,21
2020-11-21,Colusa,011,21464,713,642,3,645,6
2020-11-21,Contra Costa,013,1133247,23766,22338,142,22480,260
2020-11-21,Del Norte,015,27424,306,271,0,271,2
2020-11-21,El Dorado,017,186661,2438,1900,33,1933,4
2020-11-21,Fresno,019,978130,41011,35973,1199,37172,482
2020-11-21,Glenn,021,27897,934,829,32,861,4
2020-11-21,Humboldt,023,135768,863,728,2,730,9
2020-11-21,Imperial,025,180216,15937,15053,36,15089,355
2020-11-21,Inyo,027,18085,293,283,5,288,15
2020-11-21,Kern,029,883053,39992,37403,1004,38407,463
2020-11-21,Kings,031,150075,10887,10019,124,10143,85
2020-11-21,Lake,033,64148,930,832,0,832,18
2020-11-21,Lassen,035,31185,1861,1211,6,1217,0
2020-11-21,Los Angeles,037,10098052,380019,357754,5267,363021,7428
2020-11-21,Madera,039,155013,6262,5706,127,5833,56
2020-11-21,Marin,041,260295,7681,7488,26,7514,134
2020-11-21,Mariposa,043,17540,124,92,1,93,2
2020-11-21,Mendocino,045,87422,1428,1282,5,1287,22
2020-11-21,Merced,047,269075,11517,10849,98,10947,169
2020-11-21,Modoc,049,8938,100,87,18,105,0
2020-11-21,Mono,051,14174,499,469,9,478,2
2020-11-21,Monterey,053,433212,14919,13886,244,14130,110
2020-11-21,Napa,055,140530,3097,2757,16,2773,17
2020-11-21,Nevada,057,99092,1237,1018,31,1049,9
2020-11-21,Orange,059,3164182,76322,69021,2247,71268,1543
2020-11-21,Placer,061,380077,6847,5778,120,5898,65
2020-11-21,Plumas,063,18699,196,172,0,172,0
2020-11-21,Riverside,065,2383286,88041,80676,1543,82219,1407
2020-11-21,Sacramento,067,1510023,35939,33133,98,33231,548
2020-11-21,San Benito,069,59416,1789,1691,11,1702,15
2020-11-21,San Bernardino,071,2135413,91748,83206,1319,84525,1222
2020-11-21,San Diego,073,3302833,78025,70711,2756,73467,966
2020-11-21,San Francisco,075,870044,15145,14445,89,14534,153
2020-11-21,San Joaquin,077,732212,26064,24620,455,25075,517
2020-11-21,San Luis Obispo,079,281455,6216,5618,94,5712,34
2020-11-21,San Mateo,081,765935,14098,13138,15,13153,170
2020-11-21,Santa Barbara,083,443738,11338,10922,189,11111,137
2020-11-21,Santa Clara,085,1922200,33977,30377,74,30451,433
2020-11-21,Santa Cruz,087,273765,4395,3898,46,3944,25
2020-11-21,Shasta,089,179085,5060,4095,139,4234,42
2020-11-21,Sierra,091,2930,17,13,0,13,0
2020-11-21,Siskiyou,093,43540,575,403,28,431,0
2020-11-21,Solano,095,438530,10129,9290,56,9346,86
2020-11-21,Sonoma,097,501317,12052,11394,47,11441,158
2020-11-21,Stanislaus,099,539301,21373,20111,1269,21380,435
2020-11-21,Sutter,101,95872,3149,2615,9,2624,13
2020-11-21,Tehama,103,63373,1620,1435,16,1451,9
2020-11-21,Trinity,105,12862,251,110,22,132,0
2020-11-21,Tulare,107,460477,21121,19752,1184,20936,313
2020-11-21,Tuolumne,109,53932,984,690,7,697,7
2020-11-21,Ventura,111,848112,19522,18040,595,18635,177
2020-11-21,Yolo,113,214977,4736,4147,14,4161,75
2020-11-21,Yuba,115,75493,1884,1643,9,1652,10
2020-11-20,Alameda,001,1643700,29074,27221,295,27516,444
2020-11-20,Alpine,003,1148,46,20,0,20,0
2020-11-20,Amador,005,37829,483,446,1,447,16
2020-11-20,Butte,007,227075,3957,3618,185,3803,60
2020-11-20,Calaveras,009,45235,455,424,0,424,21
2020-11-20,Colusa,011,21464,705,631,2,633,6
2020-11-20,Contra Costa,013,1133247,23580,22116,138,22254,260
2020-11-20,Del Norte,015,27424,302,264,0,264,2
2020-11-20,El Dorado,017,186661,2342,1868,31,1899,4
2020-11-20,Fresno,019,978130,40717,35635,1170,36805,480
2020-11-20,Glenn,021,27897,922,826,30,856,4
2020-11-20,Humboldt,023,135768,854,714,1,715,9
2020-11-20,Imperial,025,180216,15875,14864,32,14896,353
2020-11-20,Inyo,027,18085,291,262,5,267,15
2020-11-20,Kern,029,883053,39698,37143,979,38122,462
2020-11-20,Kings,031,150075,10839,9903,123,10026,85
2020-11-20,Lake,033,64148,921,820,0,820,18
2020-11-20,Lassen,035,31185,1776,1212,5,1217,0
2020-11-20,Los Angeles,037,10098052,376124,353554,5105,358659,7398
2020-11-20,Madera,039,155013,6168,5635,126,5761,54
2020-11-20,Marin,041,260295,7657,7467,25,7492,134
2020-11-20,Mariposa,043,17540,116,89,1,90,2
2020-11-20,Mendocino,045,87422,1408,1269,5,1274,22
2020-11-20,Merced,047,269075,11431,10729,98,10827,167
2020-11-20,Modoc,049,8938,100,83,18,101,0
2020-11-20,Mono,051,14174,497,469,9,478,2
2020-11-20,Monterey,053,433212,14794,13738,235,13973,110
2020-11-20,Napa,055,140530,3067,2718,16,2734,17
2020-11-20,Nevada,057,99092,1219,990,30,1020,9
2020-11-20,Orange,059,3164182,75487,68212,2210,70422,1532
2020-11-20,Placer,061,380077,6712,5687,105,5792,66
2020-11-20,Plumas,063,18699,194,163,0,163,0
2020-11-20,Riverside,065,2383286,87030,79613,1483,81096,1405
2020-11-20,Sacramento,067,1510023,35563,32832,91,32923,549
2020-11-20,San Benito,069,59416,1777,1668,11,1679,15
2020-11-20,San Bernardino,071,2135413,90379,81203,1237,82440,1220
2020-11-20,San Diego,073,3302833,77027,69233,2674,71907,960
2020-11-20,San Francisco,075,870044,15042,14327,88,14415,153
2020-11-20,San Joaquin,077,732212,25910,24460,442,24902,515
2020-11-20,San Luis Obispo,079,281455,6161,5524,91,5615,34
2020-11-20,San Mateo,081,765935,13965,12980,14,12994,169
2020-11-20,Santa Barbara,083,443738,11282,10825,183,11008,136
2020-11-20,Santa Clara,085,1922200,33556,30002,69,30071,431
2020-11-20,Santa Cruz,087,273765,4329,3815,46,3861,25
2020-11-20,Shasta,089,179085,4987,3861,134,3995,42
2020-11-20,Sierra,091,2930,17,12,0,12,0
2020-11-20,Siskiyou,093,43540,561,387,27,414,0
2020-11-20,Solano,095,438530,10037,9216,54,9270,85
2020-11-20,Sonoma,097,501317,11968,11316,46,11362,158
2020-11-20,Stanislaus,099,539301,21218,19889,1243,21132,433
2020-11-20,Sutter,101,95872,3099,2580,9,2589,13
2020-11-20,Tehama,103,63373,1604,1410,13,1423,9
2020-11-20,Trinity,105,12862,250,102,22,124,0
2020-11-20,Tulare,107,460477,20988,19568,1146,20714,311
2020-11-20,Tuolumne,109,53932,945,662,7,669,7
2020-11-20,Ventura,111,848112,19354,17741,568,18309,175
2020-11-20,Yolo,113,214977,4658,4081,13,4094,74
2020-11-20,Yuba,115,75493,1856,1611,9,1620,10
2020-11-19,Alameda,001,1643700,28729,26971,287,27258,441
2020-11-19,Alpine,003,1148,43,20,0,20,0
2020-11-19,Amador,005,37829,479,436,1,437,16
2020-11-19,Butte,007,227075,3908,3576,178,3754,60
2020-11-19,Calaveras,009,45235,444,417,0,417,21
2020-11-19,Colusa,011,21464,687,621,2,623,6
2020-11-19,Contra Costa,013,1133247,23308,21886,135,22021,259
2020-11-19,Del Norte,015,27424,294,251,0,251,2
2020-11-19,El Dorado,017,186661,2268,1825,27,1852,4
2020-11-19,Fresno,019,978130,40268,35278,1114,36392,478
2020-11-19,Glenn,021,27897,900,806,29,835,4
2020-11-19,Humboldt,023,135768,834,693,1,694,9
2020-11-19,Imperial,025,180216,15666,14507,32,14539,349
2020-11-19,Inyo,027,18085,289,262,5,267,15
2020-11-19,Kern,029,883053,39278,36779,937,37716,459
2020-11-19,Kings,031,150075,10691,9763,116,9879,85
2020-11-19,Lake,033,64148,907,809,0,809,18
2020-11-19,Lassen,035,31185,1659,1201,3,1204,0
2020-11-19,Los Angeles,037,10098052,371099,349493,4939,354432,7365
2020-11-19,Madera,039,155013,6097,5540,118,5658,54
2020-11-19,Marin,041,260295,7626,7451,25,7476,134
2020-11-19,Mariposa,043,17540,109,88,0,88,2
2020-11-19,Mendocino,045,87422,1387,1237,5,1242,23
2020-11-19,Merced,047,269075,11290,10634,92,10726,167
2020-11-19,Modoc,049,8938,97,82,18,100,0
2020-11-19,Mono,051,14174,489,468,9,477,2
2020-11-19,Monterey,053,433212,14580,13369,224,13593,108
2020-11-19,Napa,055,140530,3013,2641,16,2657,17
2020-11-19,Nevada,057,99092,1178,945,29,974,9
2020-11-19,Orange,059,3164182,74223,66998,2167,69165,1530
2020-11-19,Placer,061,380077,6521,5612,104,5716,65
2020-11-19,Plumas,063,18699,189,158,0,158,0
2020-11-19,Riverside,065,2383286,85547,78535,1412,79947,1402
2020-11-19,Sacramento,067,1510023,35049,32367,89,32456,546
2020-11-19,San Benito,069,59416,1754,1643,11,1654,15
2020-11-19,San Bernardino,071,2135413,88481,79244,1159,80403,1215
2020-11-19,San Diego,073,3302833,75777,68142,2570,70712,952
2020-11-19,San Francisco,075,870044,14885,14178,82,14260,153
2020-11-19,San Joaquin,077,732212,25591,24270,432,24702,516
2020-11-19,San Luis Obispo,079,281455,6084,5410,87,5497,34
2020-11-19,San Mateo,081,765935,13827,12714,14,12728,169
2020-11-19,Santa Barbara,083,443738,11202,10741,180,10921,136
2020-11-19,Santa Clara,085,1922200,32999,29630,68,29698,424
2020-11-19,Santa Cruz,087,273765,4239,3679,44,3723,25
2020-11-19,Shasta,089,179085,4849,3685,124,3809,42
2020-11-19,Sierra,091,2930,17,11,0,11,0
2020-11-19,Siskiyou,093,43540,536,360,26,386,0
2020-11-19,Solano,095,438530,9900,9093,50,9143,84
2020-11-19,Sonoma,097,501317,11798,11205,44,11249,156
2020-11-19,Stanislaus,099,539301,20977,19736,1201,20937,433
2020-11-19,Sutter,101,95872,3000,2509,9,2518,13
2020-11-19,Tehama,103,63373,1570,1373,10,1383,9
2020-11-19,Trinity,105,12862,244,97,22,119,0
2020-11-19,Tulare,107,460477,20766,19384,1083,20467,304
2020-11-19,Tuolumne,109,53932,913,602,7,609,7
2020-11-19,Ventura,111,848112,19001,17300,555,17855,174
2020-11-19,Yolo,113,214977,4564,3973,13,3986,72
2020-11-19,Yuba,115,75493,1816,1568,9,1577,10
2020-11-18,Alameda,001,1643700,28464,26610,282,26892,440
2020-11-18,Alpine,003,1148,42,16,0,16,0
2020-11-18,Amador,005,37829,474,430,1,431,16
2020-11-18,Butte,007,227075,3855,3537,165,3702,59
2020-11-18,Calaveras,009,45235,438,409,0,409,21
2020-11-18,Colusa,011,21464,674,611,2,613,6
2020-11-18,Contra Costa,013,1133247,23043,21685,132,21817,258
2020-11-18,Del Norte,015,27424,281,240,0,240,2
2020-11-18,El Dorado,017,186661,2180,1799,26,1825,4
2020-11-18,Fresno,019,978130,39829,34997,1065,36062,474
2020-11-18,Glenn,021,27897,883,803,27,830,4
2020-11-18,Humboldt,023,135768,820,690,1,691,9
2020-11-18,Imperial,025,180216,15443,14428,32,14460,348
2020-11-18,Inyo,027,18085,287,262,5,267,15
2020-11-18,Kern,029,883053,38889,36537,888,37425,456
2020-11-18,Kings,031,150075,10543,9696,113,9809,85
2020-11-18,Lake,033,64148,894,802,0,802,18
2020-11-18,Lassen,035,31185,1559,1124,3,1127,0
2020-11-18,Los Angeles,037,10098052,366224,344675,4759,349434,7338
2020-11-18,Madera,039,155013,6010,5519,106,5625,54
2020-11-18,Marin,041,260295,7602,7435,25,7460,134
2020-11-18,Mariposa,043,17540,106,88,0,88,2
2020-11-18,Mendocino,045,87422,1367,1237,5,1242,23
2020-11-18,Merced,047,269075,11174,10536,91,10627,166
2020-11-18,Modoc,049,8938,94,77,18,95,0
2020-11-18,Mono,051,14174,484,468,9,477,2
2020-11-18,Monterey,053,433212,14385,13340,210,13550,108
2020-11-18,Napa,055,140530,2967,2607,16,2623,17
2020-11-18,Nevada,057,99092,1138,933,27,960,9
2020-11-18,Orange,059,3164182,73129,66381,2142,68523,1521
2020-11-18,Placer,061,380077,6343,5543,99,5642,64
2020-11-18,Plumas,063,18699,184,143,0,143,0
2020-11-18,Riverside,065,2383286,84083,77739,1311,79050,1387
2020-11-18,Sacramento,067,1510023,34424,31816,81,31897,541
2020-11-18,San Benito,069,59416,1729,1632,10,1642,15
2020-11-18,San Bernardino,071,2135413,86722,77400,1079,78479,1206
2020-11-18,San Diego,073,3302833,74483,67243,2510,69753,945
2020-11-18,San Francisco,075,870044,14741,14057,80,14137,153
2020-11-18,San Joaquin,077,732212,25328,24146,418,24564,517
2020-11-18,San Luis Obispo,079,281455,6008,5322,86,5408,34
2020-11-18,San Mateo,081,765935,13674,12631,13,12644,169
2020-11-18,Santa Barbara,083,443738,11123,10684,173,10857,136
2020-11-18,Santa Clara,085,1922200,32533,29285,64,29349,421
2020-11-18,Santa Cruz,087,273765,4149,3618,42,3660,25
2020-11-18,Shasta,089,179085,4715,3547,120,3667,42
2020-11-18,Sierra,091,2930,17,11,0,11,0
2020-11-18,Siskiyou,093,43540,504,351,25,376,0
2020-11-18,Solano,095,438530,9768,8994,48,9042,84
2020-11-18,Sonoma,097,501317,11691,11129,41,11170,155
2020-11-18,Stanislaus,099,539301,20735,19609,1177,20786,431
2020-11-18,Sutter,101,95872,2882,2442,9,2451,13
2020-11-18,Tehama,103,63373,1531,1338,10,1348,8
2020-11-18,Trinity,105,12862,230,95,21,116,0
2020-11-18,Tulare,107,460477,20556,19286,1032,20318,306
2020-11-18,Tuolumne,109,53932,878,590,7,597,7
2020-11-18,Ventura,111,848112,18676,17169,540,17709,173
2020-11-18,Yolo,113,214977,4490,3929,13,3942,71
2020-11-18,Yuba,115,75493,1762,1540,9,1549,10
2020-11-17,Alameda,001,1643700,28138,26425,272,26697,439
2020-11-17,Alpine,003,1148,40,12,0,12,0
2020-11-17,Amador,005,37829,463,423,1,424,16
2020-11-17,Butte,007,227075,3813,3500,155,3655,59
2020-11-17,Calaveras,009,45235,421,405,0,405,21
2020-11-17,Colusa,011,21464,663,606,1,607,6
2020-11-17,Contra Costa,013,1133247,22771,21557,127,21684,256
2020-11-17,Del Norte,015,27424,275,233,0,233,2
2020-11-17,El Dorado,017,186661,2121,1758,26,1784,4
2020-11-17,Fresno,019,978130,39231,34765,1006,35771,472
2020-11-17,Glenn,021,27897,872,795,26,821,4
2020-11-17,Humboldt,023,135768,798,685,1,686,9
2020-11-17,Imperial,025,180216,15206,14204,30,14234,346
2020-11-17,Inyo,027,18085,286,263,5,268,15
2020-11-17,Kern,029,883053,38439,36164,835,36999,455
2020-11-17,Kings,031,150075,10470,9653,106,9759,85
2020-11-17,Lake,033,64148,874,792,0,792,18
2020-11-17,Lassen,035,31185,1480,1124,3,1127,0
2020-11-17,Los Angeles,037,10098052,361272,340933,4599,345532,7302
2020-11-17,Madera,039,155013,5921,5485,99,5584,54
2020-11-17,Marin,041,260295,7570,7404,24,7428,134
2020-11-17,Mariposa,043,17540,103,87,0,87,2
2020-11-17,Mendocino,045,87422,1346,1216,5,1221,23
2020-11-17,Merced,047,269075,11030,10457,85,10542,162
2020-11-17,Modoc,049,8938,88,71,17,88,0
2020-11-17,Mono,051,14174,479,459,9,468,2
2020-11-17,Monterey,053,433212,14156,13220,200,13420,108
2020-11-17,Napa,055,140530,2913,2568,16,2584,17
2020-11-17,Nevada,057,99092,1097,918,26,944,9
2020-11-17,Orange,059,3164182,71978,65757,2115,67872,1519
2020-11-17,Placer,061,380077,6181,5435,93,5528,63
2020-11-17,Plumas,063,18699,176,142,0,142,0
2020-11-17,Riverside,065,2383286,82697,77079,1220,78299,1379
2020-11-17,Sacramento,067,1510023,33825,31341,77,31418,538
2020-11-17,San Benito,069,59416,1713,1611,4,1615,15
2020-11-17,San Bernardino,071,2135413,84912,76134,990,77124,1188
2020-11-17,San Diego,073,3302833,73230,66321,2454,68775,933
2020-11-17,San Francisco,075,870044,14575,13952,79,14031,153
2020-11-17,San Joaquin,077,732212,25055,23997,398,24395,516
2020-11-17,San Luis Obispo,079,281455,5912,5235,86,5321,34
2020-11-17,San Mateo,081,765935,13513,12491,12,12503,169
2020-11-17,Santa Barbara,083,443738,11038,10597,168,10765,136
2020-11-17,Santa Clara,085,1922200,31986,29013,63,29076,419
2020-11-17,Santa Cruz,087,273765,4063,3548,39,3587,25
2020-11-17,Shasta,089,179085,4557,3457,108,3565,40
2020-11-17,Sierra,091,2930,15,11,0,11,0
2020-11-17,Siskiyou,093,43540,456,333,24,357,0
2020-11-17,Solano,095,438530,9623,8905,47,8952,84
2020-11-17,Sonoma,097,501317,11557,11084,40,11124,155
2020-11-17,Stanislaus,099,539301,20511,19466,1150,20616,425
2020-11-17,Sutter,101,95872,2799,2370,8,2378,12
2020-11-17,Tehama,103,63373,1481,1290,10,1300,7
2020-11-17,Trinity,105,12862,213,83,21,104,0
2020-11-17,Tulare,107,460477,20326,19176,971,20147,305
2020-11-17,Tuolumne,109,53932,840,568,7,575,7
2020-11-17,Ventura,111,848112,18404,16797,522,17319,173
2020-11-17,Yolo,113,214977,4313,3887,12,3899,70
2020-11-17,Yuba,115,75493,1714,1519,9,1528,10
2020-11-16,Alameda,001,1643700,27791,26063,267,26330,436
2020-11-16,Alpine,003,1148,37,12,0,12,0
2020-11-16,Amador,005,37829,455,414,1,415,16
2020-11-16,Butte,007,227075,3774,3490,147,3637,58
2020-11-16,Calaveras,009,45235,413,402,0,402,21
2020-11-16,Colusa,011,21464,654,601,1,602,6
2020-11-16,Contra Costa,013,1133247,22503,21386,122,21508,256
2020-11-16,Del Norte,015,27424,268,225,0,225,2
2020-11-16,El Dorado,017,186661,2061,1694,24,1718,4
2020-11-16,Fresno,019,978130,38742,34593,954,35547,471
2020-11-16,Glenn,021,27897,860,786,25,811,4
2020-11-16,Humboldt,023,135768,782,660,1,661,9
2020-11-16,Imperial,025,180216,14958,14111,30,14141,346
2020-11-16,Inyo,027,18085,283,263,5,268,15
2020-11-16,Kern,029,883053,38045,36049,792,36841,455
2020-11-16,Kings,031,150075,10203,9569,102,9671,85
2020-11-16,Lake,033,64148,862,784,0,784,18
2020-11-16,Lassen,035,31185,1299,1124,3,1127,0
2020-11-16,Los Angeles,037,10098052,356519,338778,4429,343207,7277
2020-11-16,Madera,039,155013,5834,5433,93,5526,54
2020-11-16,Marin,041,260295,7541,7359,24,7383,134
2020-11-16,Mariposa,043,17540,100,86,0,86,2
2020-11-16,Mendocino,045,87422,1321,1209,5,1214,23
2020-11-16,Merced,047,269075,10892,10399,82,10481,162
2020-11-16,Modoc,049,8938,86,71,17,88,0
2020-11-16,Mono,051,14174,477,453,9,462,2
2020-11-16,Monterey,053,433212,13910,13089,190,13279,107
2020-11-16,Napa,055,140530,2837,2536,16,2552,17
2020-11-16,Nevada,057,99092,1054,889,24,913,9
2020-11-16,Orange,059,3164182,70881,65396,2101,67497,1519
2020-11-16,Placer,061,380077,6062,5387,85,5472,63
2020-11-16,Plumas,063,18699,169,127,0,127,0
2020-11-16,Riverside,065,2383286,81324,76449,1156,77605,1379
2020-11-16,Sacramento,067,1510023,33187,30954,70,31024,534
2020-11-16,San Benito,069,59416,1695,1603,3,1606,15
2020-11-16,San Bernardino,071,2135413,83084,74401,924,75325,1186
2020-11-16,San Diego,073,3302833,71919,65603,2382,67985,926
2020-11-16,San Francisco,075,870044,14416,13847,76,13923,153
2020-11-16,San Joaquin,077,732212,24767,23515,388,23903,513
2020-11-16,San Luis Obispo,079,281455,5809,5161,82,5243,34
2020-11-16,San Mateo,081,765935,13353,12398,12,12410,169
2020-11-16,Santa Barbara,083,443738,10973,10565,164,10729,135
2020-11-16,Santa Clara,085,1922200,31421,28673,62,28735,419
2020-11-16,Santa Cruz,087,273765,3990,3520,39,3559,25
2020-11-16,Shasta,089,179085,4409,3284,103,3387,37
2020-11-16,Sierra,091,2930,15,11,0,11,0
2020-11-16,Siskiyou,093,43540,429,294,24,318,0
2020-11-16,Solano,095,438530,9424,8827,47,8874,84
2020-11-16,Sonoma,097,501317,11466,10961,39,11000,155
2020-11-16,Stanislaus,099,539301,20275,19333,1123,20456,425
2020-11-16,Sutter,101,95872,2693,2322,8,2330,12
2020-11-16,Tehama,103,63373,1435,1261,7,1268,7
2020-11-16,Trinity,105,12862,201,67,21,88,0
2020-11-16,Tulare,107,460477,20147,18891,918,19809,305
2020-11-16,Tuolumne,109,53932,804,543,7,550,7
2020-11-16,Ventura,111,848112,18066,16691,514,17205,172
2020-11-16,Yolo,113,214977,4218,3858,12,3870,70
2020-11-16,Yuba,115,75493,1678,1500,8,1508,10
2020-11-15,Alameda,001,1643700,27473,25879,262,26141,436
2020-11-15,Alpine,003,1148,35,12,0,12,0
2020-11-15,Amador,005,37829,443,409,1,410,16
2020-11-15,Butte,007,227075,3720,3452,138,3590,58
2020-11-15,Calaveras,009,45235,398,386,0,386,21
2020-11-15,Colusa,011,21464,645,601,1,602,6
2020-11-15,Contra Costa,013,1133247,22203,21179,121,21300,256
2020-11-15,Del Norte,015,27424,254,224,0,224,2
2020-11-15,El Dorado,017,186661,1999,1683,23,1706,4
2020-11-15,Fresno,019,978130,38229,34297,916,35213,471
2020-11-15,Glenn,021,27897,848,783,24,807,4
2020-11-15,Humboldt,023,135768,754,653,1,654,9
2020-11-15,Imperial,025,180216,14721,13940,30,13970,346
2020-11-15,Inyo,027,18085,273,263,5,268,15
2020-11-15,Kern,029,883053,37639,35911,757,36668,455
2020-11-15,Kings,031,150075,10010,9533,99,9632,85
2020-11-15,Lake,033,64148,853,777,0,777,17
2020-11-15,Lassen,035,31185,1252,1124,3,1127,0
2020-11-15,Los Angeles,037,10098052,351472,336035,4260,340295,7271
2020-11-15,Madera,039,155013,5737,5391,87,5478,54
2020-11-15,Marin,041,260295,7515,7347,24,7371,133
2020-11-15,Mariposa,043,17540,97,86,0,86,2
2020-11-15,Mendocino,045,87422,1302,1197,5,1202,22
2020-11-15,Merced,047,269075,10759,10350,82,10432,162
2020-11-15,Modoc,049,8938,85,68,17,85,0
2020-11-15,Mono,051,14174,475,453,9,462,2
2020-11-15,Monterey,053,433212,13714,12999,177,13176,107
2020-11-15,Napa,055,140530,2778,2509,14,2523,17
2020-11-15,Nevada,057,99092,999,859,24,883,9
2020-11-15,Orange,059,3164182,69838,65008,2085,67093,1519
2020-11-15,Placer,061,380077,5907,5330,77,5407,63
2020-11-15,Plumas,063,18699,163,127,0,127,0
2020-11-15,Riverside,065,2383286,80002,75531,1098,76629,1374
2020-11-15,Sacramento,067,1510023,32561,30601,65,30666,534
2020-11-15,San Benito,069,59416,1670,1589,2,1591,15
2020-11-15,San Bernardino,071,2135413,80935,73769,849,74618,1185
2020-11-15,San Diego,073,3302833,70418,64770,2325,67095,926
2020-11-15,San Francisco,075,870044,14241,13757,75,13832,153
2020-11-15,San Joaquin,077,732212,24558,23516,373,23889,513
2020-11-15,San Luis Obispo,079,281455,5688,5120,80,5200,34
2020-11-15,San Mateo,081,765935,13176,12348,12,12360,169
2020-11-15,Santa Barbara,083,443738,10878,10516,162,10678,135
2020-11-15,Santa Clara,085,1922200,30967,28289,61,28350,418
2020-11-15,Santa Cruz,087,273765,3851,3439,38,3477,25
2020-11-15,Shasta,089,179085,4236,3290,94,3384,37
2020-11-15,Sierra,091,2930,15,11,0,11,0
2020-11-15,Siskiyou,093,43540,410,294,24,318,0
2020-11-15,Solano,095,438530,9263,8713,44,8757,84
2020-11-15,Sonoma,097,501317,11348,10833,38,10871,154
2020-11-15,Stanislaus,099,539301,20003,19228,1098,20326,425
2020-11-15,Sutter,101,95872,2603,2230,8,2238,12
2020-11-15,Tehama,103,63373,1384,1222,6,1228,7
2020-11-15,Trinity,105,12862,191,67,19,86,0
2020-11-15,Tulare,107,460477,19930,18891,866,19757,305
2020-11-15,Tuolumne,109,53932,762,486,7,493,7
2020-11-15,Ventura,111,848112,17792,16564,506,17070,172
2020-11-15,Yolo,113,214977,4115,3819,12,3831,67
2020-11-15,Yuba,115,75493,1637,1470,7,1477,10
2020-11-14,Alameda,001,1643700,27206,25714,260,25974,435
2020-11-14,Alpine,003,1148,35,12,0,12,0
2020-11-14,Amador,005,37829,434,404,0,404,16
2020-11-14,Butte,007,227075,3684,3434,124,3558,58
2020-11-14,Calaveras,009,45235,397,386,0,386,21
2020-11-14,Colusa,011,21464,633,601,1,602,6
2020-11-14,Contra Costa,013,1133247,22064,20975,114,21089,256
2020-11-14,Del Norte,015,27424,247,219,0,219,2
2020-11-14,El Dorado,017,186661,1955,1648,23,1671,4
2020-11-14,Fresno,019,978130,37979,33969,880,34849,471
2020-11-14,Glenn,021,27897,839,772,21,793,3
2020-11-14,Humboldt,023,135768,739,643,1,644,9
2020-11-14,Imperial,025,180216,14628,13932,29,13961,346
2020-11-14,Inyo,027,18085,272,263,5,268,15
2020-11-14,Kern,029,883053,37429,35626,738,36364,454
2020-11-14,Kings,031,150075,9975,9490,96,9586,85
2020-11-14,Lake,033,64148,844,773,0,773,17
2020-11-14,Lassen,035,31185,1238,833,3,836,0
2020-11-14,Los Angeles,037,10098052,348766,333021,4151,337172,7269
2020-11-14,Madera,039,155013,5707,5371,85,5456,54
2020-11-14,Marin,041,260295,7499,7325,24,7349,133
2020-11-14,Mariposa,043,17540,96,86,0,86,2
2020-11-14,Mendocino,045,87422,1286,1181,5,1186,22
2020-11-14,Merced,047,269075,10703,10286,80,10366,161
2020-11-14,Modoc,049,8938,84,64,16,80,0
2020-11-14,Mono,051,14174,475,453,9,462,2
2020-11-14,Monterey,053,433212,13618,12854,167,13021,105
2020-11-14,Napa,055,140530,2744,2473,14,2487,17
2020-11-14,Nevada,057,99092,983,835,24,859,9
2020-11-14,Orange,059,3164182,69217,64340,2074,66414,1517
2020-11-14,Placer,061,380077,5831,5215,71,5286,63
2020-11-14,Plumas,063,18699,158,128,0,128,0
2020-11-14,Riverside,065,2383286,79262,74910,1059,75969,1373
2020-11-14,Sacramento,067,1510023,32236,30298,65,30363,532
2020-11-14,San Benito,069,59416,1655,1573,2,1575,15
2020-11-14,San Bernardino,071,2135413,80001,72868,819,73687,1184
2020-11-14,San Diego,073,3302833,69653,63715,2273,65988,926
2020-11-14,San Francisco,075,870044,14153,13661,74,13735,153
2020-11-14,San Joaquin,077,732212,24466,23516,366,23882,511
2020-11-14,San Luis Obispo,079,281455,5625,5073,75,5148,34
2020-11-14,San Mateo,081,765935,13068,12293,12,12305,169
2020-11-14,Santa Barbara,083,443738,10824,10482,160,10642,135
2020-11-14,Santa Clara,085,1922200,30681,27962,59,28021,416
2020-11-14,Santa Cruz,087,273765,3796,3402,38,3440,25
2020-11-14,Shasta,089,179085,4155,3195,92,3287,37
2020-11-14,Sierra,091,2930,15,11,0,11,0
2020-11-14,Siskiyou,093,43540,397,292,24,316,0
2020-11-14,Solano,095,438530,9183,8655,44,8699,84
2020-11-14,Sonoma,097,501317,11295,10769,38,10807,154
2020-11-14,Stanislaus,099,539301,19860,19068,1076,20144,424
2020-11-14,Sutter,101,95872,2558,2182,8,2190,12
2020-11-14,Tehama,103,63373,1363,1206,5,1211,7
2020-11-14,Trinity,105,12862,186,67,19,86,0
2020-11-14,Tulare,107,460477,19835,18853,838,19691,305
2020-11-14,Tuolumne,109,53932,734,448,7,455,7
2020-11-14,Ventura,111,848112,17646,16297,495,16792,172
2020-11-14,Yolo,113,214977,4072,3765,10,3775,65
2020-11-14,Yuba,115,75493,1608,1453,7,1460,10
2020-11-13,Alameda,001,1643700,26990,25515,255,25770,434
2020-11-13,Alpine,003,1148,35,12,0,12,0
2020-11-13,Amador,005,37829,431,397,0,397,16
2020-11-13,Butte,007,227075,3660,3402,115,3517,58
2020-11-13,Calaveras,009,45235,393,378,0,378,21
2020-11-13,Colusa,011,21464,625,598,1,599,6
2020-11-13,Contra Costa,013,1133247,21891,20799,114,20913,256
2020-11-13,Del Norte,015,27424,244,208,0,208,2
2020-11-13,El Dorado,017,186661,1910,1611,22,1633,4
2020-11-13,Fresno,019,978130,37733,33693,866,34559,470
2020-11-13,Glenn,021,27897,825,755,17,772,3
2020-11-13,Humboldt,023,135768,724,638,1,639,9
2020-11-13,Imperial,025,180216,14558,13790,28,13818,341
2020-11-13,Inyo,027,18085,271,262,5,267,15
2020-11-13,Kern,029,883053,37227,35431,721,36152,453
2020-11-13,Kings,031,150075,9916,9428,95,9523,85
2020-11-13,Lake,033,64148,838,770,0,770,17
2020-11-13,Lassen,035,31185,1229,832,3,835,0
2020-11-13,Los Angeles,037,10098052,345639,329364,4047,333411,7248
2020-11-13,Madera,039,155013,5667,5340,84,5424,54
2020-11-13,Marin,041,260295,7486,7307,23,7330,133
2020-11-13,Mariposa,043,17540,94,86,0,86,2
2020-11-13,Mendocino,045,87422,1274,1173,5,1178,22
2020-11-13,Merced,047,269075,10647,10185,77,10262,159
2020-11-13,Modoc,049,8938,84,63,14,77,0
2020-11-13,Mono,051,14174,475,448,8,456,2
2020-11-13,Monterey,053,433212,13423,12681,155,12836,104
2020-11-13,Napa,055,140530,2705,2440,14,2454,17
2020-11-13,Nevada,057,99092,964,798,24,822,9
2020-11-13,Orange,059,3164182,68619,63804,2054,65858,1514
2020-11-13,Placer,061,380077,5726,5122,65,5187,63
2020-11-13,Plumas,063,18699,152,125,0,125,0
2020-11-13,Riverside,065,2383286,78524,74138,1030,75168,1372
2020-11-13,Sacramento,067,1510023,31918,29787,60,29847,524
2020-11-13,San Benito,069,59416,1643,1553,1,1554,15
2020-11-13,San Bernardino,071,2135413,78951,71895,798,72693,1184
2020-11-13,San Diego,073,3302833,68806,62978,2235,65213,921
2020-11-13,San Francisco,075,870044,14060,13516,72,13588,146
2020-11-13,San Joaquin,077,732212,24371,23314,360,23674,510
2020-11-13,San Luis Obispo,079,281455,5558,4960,72,5032,34
2020-11-13,San Mateo,081,765935,12975,12182,12,12194,169
2020-11-13,Santa Barbara,083,443738,10772,10405,158,10563,134
2020-11-13,Santa Clara,085,1922200,30353,27609,57,27666,415
2020-11-13,Santa Cruz,087,273765,3722,3343,38,3381,25
2020-11-13,Shasta,089,179085,4071,2983,88,3071,37
2020-11-13,Sierra,091,2930,15,11,0,11,0
2020-11-13,Siskiyou,093,43540,392,280,23,303,0
2020-11-13,Solano,095,438530,9092,8525,44,8569,84
2020-11-13,Sonoma,097,501317,11234,10685,36,10721,151
2020-11-13,Stanislaus,099,539301,19735,18936,1049,19985,422
2020-11-13,Sutter,101,95872,2512,2121,7,2128,12
2020-11-13,Tehama,103,63373,1336,1167,5,1172,7
2020-11-13,Trinity,105,12862,184,64,19,83,0
2020-11-13,Tulare,107,460477,19711,18714,798,19512,305
2020-11-13,Tuolumne,109,53932,701,427,7,434,7
2020-11-13,Ventura,111,848112,17500,16172,481,16653,171
2020-11-13,Yolo,113,214977,4021,3716,10,3726,65
2020-11-13,Yuba,115,75493,1581,1435,7,1442,10
2020-11-12,Alameda,001,1643700,26723,25345,255,25600,432
2020-11-12,Alpine,003,1148,34,12,0,12,0
2020-11-12,Amador,005,37829,430,392,0,392,16
2020-11-12,Butte,007,227075,3611,3347,112,3459,58
2020-11-12,Calaveras,009,45235,388,373,0,373,21
2020-11-12,Colusa,011,21464,620,591,1,592,6
2020-11-12,Contra Costa,013,1133247,21684,20619,112,20731,255
2020-11-12,Del Norte,015,27424,237,203,0,203,2
2020-11-12,El Dorado,017,186661,1864,1573,18,1591,4
2020-11-12,Fresno,019,978130,37384,33459,825,34284,468
2020-11-12,Glenn,021,27897,806,727,17,744,3
2020-11-12,Humboldt,023,135768,711,625,1,626,9
2020-11-12,Imperial,025,180216,14393,13619,28,13647,341
2020-11-12,Inyo,027,18085,270,255,5,260,15
2020-11-12,Kern,029,883053,36963,35207,707,35914,451
2020-11-12,Kings,031,150075,9849,9335,94,9429,85
2020-11-12,Lake,033,64148,829,764,0,764,17
2020-11-12,Lassen,035,31185,1160,832,2,834,0
2020-11-12,Los Angeles,037,10098052,341897,327001,3947,330948,7223
2020-11-12,Madera,039,155013,5632,5273,80,5353,54
2020-11-12,Marin,041,260295,7457,7268,23,7291,133
2020-11-12,Mariposa,043,17540,92,84,0,84,2
2020-11-12,Mendocino,045,87422,1255,1142,5,1147,22
2020-11-12,Merced,047,269075,10533,10107,74,10181,158
2020-11-12,Modoc,049,8938,84,63,14,77,0
2020-11-12,Mono,051,14174,474,442,8,450,2
2020-11-12,Monterey,053,433212,13302,12489,141,12630,100
2020-11-12,Napa,055,140530,2643,2398,14,2412,16
2020-11-12,Nevada,057,99092,942,780,23,803,9
2020-11-12,Orange,059,3164182,67874,63232,2035,65267,1514
2020-11-12,Placer,061,380077,5616,5044,56,5100,62
2020-11-12,Plumas,063,18699,148,121,0,121,0
2020-11-12,Riverside,065,2383286,77593,73381,987,74368,1362
2020-11-12,Sacramento,067,1510023,31427,29459,52,29511,520
2020-11-12,San Benito,069,59416,1623,1525,1,1526,15
2020-11-12,San Bernardino,071,2135413,77584,70758,759,71517,1183
2020-11-12,San Diego,073,3302833,67826,62336,2184,64520,918
2020-11-12,San Francisco,075,870044,13962,13289,71,13360,146
2020-11-12,San Joaquin,077,732212,24178,23002,339,23341,509
2020-11-12,San Luis Obispo,079,281455,5494,4898,71,4969,33
2020-11-12,San Mateo,081,765935,12850,12086,11,12097,169
2020-11-12,Santa Barbara,083,443738,10710,10325,153,10478,134
2020-11-12,Santa Clara,085,1922200,29977,27261,56,27317,414
2020-11-12,Santa Cruz,087,273765,3639,3317,36,3353,25
2020-11-12,Shasta,089,179085,3934,2825,77,2902,37
2020-11-12,Sierra,091,2930,15,11,0,11,0
2020-11-12,Siskiyou,093,43540,375,275,19,294,0
2020-11-12,Solano,095,438530,8992,8417,43,8460,85
2020-11-12,Sonoma,097,501317,11132,10602,35,10637,151
2020-11-12,Stanislaus,099,539301,19566,18787,1020,19807,422
2020-11-12,Sutter,101,95872,2429,2075,6,2081,12
2020-11-12,Tehama,103,63373,1309,1117,5,1122,7
2020-11-12,Trinity,105,12862,176,62,18,80,0
2020-11-12,Tulare,107,460477,19599,18545,760,19305,305
2020-11-12,Tuolumne,109,53932,662,353,7,360,7
2020-11-12,Ventura,111,848112,17250,16013,475,16488,158
2020-11-12,Yolo,113,214977,3977,3646,10,3656,63
2020-11-12,Yuba,115,75493,1546,1410,7,1417,10
2020-11-11,Alameda,001,1643700,26479,25140,253,25393,429
2020-11-11,Alpine,003,1148,29,12,0,12,0
2020-11-11,Amador,005,37829,423,389,0,389,16
2020-11-11,Butte,007,227075,3585,3348,99,3447,58
2020-11-11,Calaveras,009,45235,378,373,0,373,21
2020-11-11,Colusa,011,21464,614,591,1,592,6
2020-11-11,Contra Costa,013,1133247,21467,20452,110,20562,255
2020-11-11,Del Norte,015,27424,230,203,0,203,2
2020-11-11,El Dorado,017,186661,1818,1564,17,1581,4
2020-11-11,Fresno,019,978130,37065,33287,790,34077,468
2020-11-11,Glenn,021,27897,790,722,16,738,3
2020-11-11,Humboldt,023,135768,697,623,1,624,9
2020-11-11,Imperial,025,180216,14223,13623,26,13649,340
2020-11-11,Inyo,027,18085,268,255,5,260,15
2020-11-11,Kern,029,883053,36688,35014,690,35704,449
2020-11-11,Kings,031,150075,9743,9263,91,9354,85
2020-11-11,Lake,033,64148,819,763,0,763,17
2020-11-11,Lassen,035,31185,1135,831,2,833,0
2020-11-11,Los Angeles,037,10098052,338530,324567,3864,328431,7220
2020-11-11,Madera,039,155013,5597,5248,79,5327,54
2020-11-11,Marin,041,260295,7434,7268,23,7291,133
2020-11-11,Mariposa,043,17540,92,84,0,84,2
2020-11-11,Mendocino,045,87422,1243,1142,5,1147,22
2020-11-11,Merced,047,269075,10462,10074,72,10146,157
2020-11-11,Modoc,049,8938,80,62,13,75,0
2020-11-11,Mono,051,14174,472,443,8,451,2
2020-11-11,Monterey,053,433212,13159,12417,137,12554,100
2020-11-11,Napa,055,140530,2594,2365,12,2377,15
2020-11-11,Nevada,057,99092,900,741,23,764,9
2020-11-11,Orange,059,3164182,67234,62929,2011,64940,1506
2020-11-11,Placer,061,380077,5532,4981,48,5029,60
2020-11-11,Plumas,063,18699,146,111,0,111,0
2020-11-11,Riverside,065,2383286,76691,72953,941,73894,1361
2020-11-11,Sacramento,067,1510023,30970,28968,50,29018,520
2020-11-11,San Benito,069,59416,1609,1512,1,1513,15
2020-11-11,San Bernardino,071,2135413,76298,70374,733,71107,1182
2020-11-11,San Diego,073,3302833,66891,61746,2123,63869,918
2020-11-11,San Francisco,075,870044,13855,13287,70,13357,146
2020-11-11,San Joaquin,077,732212,24018,23001,334,23335,509
2020-11-11,San Luis Obispo,079,281455,5419,4832,68,4900,33
2020-11-11,San Mateo,081,765935,12736,12008,11,12019,169
2020-11-11,Santa Barbara,083,443738,10644,10278,153,10431,134
2020-11-11,Santa Clara,085,1922200,29625,27075,55,27130,413
2020-11-11,Santa Cruz,087,273765,3571,3247,36,3283,25
2020-11-11,Shasta,089,179085,3810,2766,67,2833,36
2020-11-11,Sierra,091,2930,13,11,0,11,0
2020-11-11,Siskiyou,093,43540,344,261,16,277,0
2020-11-11,Solano,095,438530,8874,8353,41,8394,85
2020-11-11,Sonoma,097,501317,11058,10498,35,10533,150
2020-11-11,Stanislaus,099,539301,19429,18671,990,19661,422
2020-11-11,Sutter,101,95872,2381,2049,5,2054,12
2020-11-11,Tehama,103,63373,1267,1105,4,1109,7
2020-11-11,Trinity,105,12862,165,62,18,80,0
2020-11-11,Tulare,107,460477,19468,18500,730,19230,305
2020-11-11,Tuolumne,109,53932,606,354,6,360,7
2020-11-11,Ventura,111,848112,17035,15801,462,16263,158
2020-11-11,Yolo,113,214977,3926,3606,10,3616,63
2020-11-11,Yuba,115,75493,1531,1400,7,1407,10
2020-11-10,Alameda,001,1643700,26249,25008,250,25258,424
2020-11-10,Alpine,003,1148,29,9,0,9,0
2020-11-10,Amador,005,37829,417,384,0,384,16
2020-11-10,Butte,007,227075,3549,3327,95,3422,58
2020-11-10,Calaveras,009,45235,373,367,0,367,21
2020-11-10,Colusa,011,21464,606,590,1,591,6
2020-11-10,Contra Costa,013,1133247,21260,20326,108,20434,255
2020-11-10,Del Norte,015,27424,224,196,0,196,2
2020-11-10,El Dorado,017,186661,1758,1551,17,1568,4
2020-11-10,Fresno,019,978130,36795,33024,754,33778,465
2020-11-10,Glenn,021,27897,782,719,12,731,3
2020-11-10,Humboldt,023,135768,680,610,1,611,9
2020-11-10,Imperial,025,180216,14093,13570,26,13596,338
2020-11-10,Inyo,027,18085,267,252,5,257,14
2020-11-10,Kern,029,883053,36412,34858,671,35529,448
2020-11-10,Kings,031,150075,9696,9236,84,9320,85
2020-11-10,Lake,033,64148,809,762,0,762,16
2020-11-10,Lassen,035,31185,1120,830,2,832,0
2020-11-10,Los Angeles,037,10098052,335282,322569,3749,326318,7205
2020-11-10,Madera,039,155013,5555,5229,73,5302,54
2020-11-10,Marin,041,260295,7415,7259,23,7282,133
2020-11-10,Mariposa,043,17540,90,84,0,84,2
2020-11-10,Mendocino,045,87422,1235,1137,5,1142,22
2020-11-10,Merced,047,269075,10400,9992,66,10058,157
2020-11-10,Modoc,049,8938,78,61,13,74,0
2020-11-10,Mono,051,14174,470,443,8,451,2
2020-11-10,Monterey,053,433212,13024,12335,129,12464,100
2020-11-10,Napa,055,140530,2556,2341,10,2351,15
2020-11-10,Nevada,057,99092,884,734,23,757,9
2020-11-10,Orange,059,3164182,66684,62597,2001,64598,1504
2020-11-10,Placer,061,380077,5452,4902,47,4949,60
2020-11-10,Plumas,063,18699,142,108,0,108,0
2020-11-10,Riverside,065,2383286,76049,72316,916,73232,1359
2020-11-10,Sacramento,067,1510023,30563,28677,47,28724,519
2020-11-10,San Benito,069,59416,1594,1508,1,1509,15
2020-11-10,San Bernardino,071,2135413,75128,69666,700,70366,1182
2020-11-10,San Diego,073,3302833,66000,61085,2086,63171,915
2020-11-10,San Francisco,075,870044,13738,13210,70,13280,146
2020-11-10,San Joaquin,077,732212,23853,22865,327,23192,508
2020-11-10,San Luis Obispo,079,281455,5356,4780,65,4845,33
2020-11-10,San Mateo,081,765935,12636,11939,11,11950,169
2020-11-10,Santa Barbara,083,443738,10577,10252,149,10401,134
2020-11-10,Santa Clara,085,1922200,29280,26917,54,26971,409
2020-11-10,Santa Cruz,087,273765,3509,3221,36,3257,25
2020-11-10,Shasta,089,179085,3667,2686,59,2745,36
2020-11-10,Sierra,091,2930,12,10,0,10,0
2020-11-10,Siskiyou,093,43540,327,263,15,278,0
2020-11-10,Solano,095,438530,8776,8299,41,8340,85
2020-11-10,Sonoma,097,501317,10971,10414,35,10449,150
2020-11-10,Stanislaus,099,539301,19295,18592,966,19558,420
2020-11-10,Sutter,101,95872,2286,2035,4,2039,12
2020-11-10,Tehama,103,63373,1243,1099,3,1102,7
2020-11-10,Trinity,105,12862,156,62,16,78,0
2020-11-10,Tulare,107,460477,19353,18430,707,19137,305
2020-11-10,Tuolumne,109,53932,557,353,6,359,7
2020-11-10,Ventura,111,848112,16852,15625,460,16085,158
2020-11-10,Yolo,113,214977,3865,3573,10,3583,63
2020-11-10,Yuba,115,75493,1508,1392,7,1399,10
2020-11-09,Alameda,001,1643700,26003,24899,246,25145,424
2020-11-09,Alpine,003,1148,27,6,0,6,0
2020-11-09,Amador,005,37829,408,380,0,380,16
2020-11-09,Butte,007,227075,3504,3301,86,3387,57
2020-11-09,Calaveras,009,45235,369,360,0,360,21
2020-11-09,Colusa,011,21464,600,583,1,584,6
2020-11-09,Contra Costa,013,1133247,21087,20193,106,20299,255
2020-11-09,Del Norte,015,27424,218,195,0,195,2
2020-11-09,El Dorado,017,186661,1717,1515,17,1532,4
2020-11-09,Fresno,019,978130,36484,32755,714,33469,465
2020-11-09,Glenn,021,27897,776,714,9,723,3
2020-11-09,Humboldt,023,135768,667,607,1,608,9
2020-11-09,Imperial,025,180216,13976,13508,25,13533,338
2020-11-09,Inyo,027,18085,267,252,5,257,14
2020-11-09,Kern,029,883053,36182,34764,635,35399,448
2020-11-09,Kings,031,150075,9626,9141,82,9223,84
2020-11-09,Lake,033,64148,800,755,0,755,16
2020-11-09,Lassen,035,31185,1024,799,2,801,0
2020-11-09,Los Angeles,037,10098052,332185,320370,3674,324044,7180
2020-11-09,Madera,039,155013,5509,5209,70,5279,54
2020-11-09,Marin,041,260295,7389,7237,22,7259,131
2020-11-09,Mariposa,043,17540,90,84,0,84,2
2020-11-09,Mendocino,045,87422,1223,1132,5,1137,22
2020-11-09,Merced,047,269075,10297,9922,63,9985,157
2020-11-09,Modoc,049,8938,74,54,12,66,0
2020-11-09,Mono,051,14174,467,352,8,360,2
2020-11-09,Monterey,053,433212,12877,12148,121,12269,98
2020-11-09,Napa,055,140530,2513,2309,10,2319,15
2020-11-09,Nevada,057,99092,847,729,22,751,9
2020-11-09,Orange,059,3164182,66043,62335,1988,64323,1501
2020-11-09,Placer,061,380077,5367,4843,36,4879,60
2020-11-09,Plumas,063,18699,135,102,0,102,0
2020-11-09,Riverside,065,2383286,75267,72059,882,72941,1346
2020-11-09,Sacramento,067,1510023,30091,28200,46,28246,516
2020-11-09,San Benito,069,59416,1585,1506,1,1507,15
2020-11-09,San Bernardino,071,2135413,74074,69015,657,69672,1182
2020-11-09,San Diego,073,3302833,65145,60572,2046,62618,908
2020-11-09,San Francisco,075,870044,13618,12984,67,13051,146
2020-11-09,San Joaquin,077,732212,23688,22512,322,22834,505
2020-11-09,San Luis Obispo,079,281455,5269,4746,63,4809,32
2020-11-09,San Mateo,081,765935,12529,11857,11,11868,169
2020-11-09,Santa Barbara,083,443738,10520,10214,144,10358,134
2020-11-09,Santa Clara,085,1922200,28885,26693,54,26747,409
2020-11-09,Santa Cruz,087,273765,3451,3194,36,3230,25
2020-11-09,Shasta,089,179085,3513,2581,50,2631,36
2020-11-09,Sierra,091,2930,10,10,0,10,0
2020-11-09,Siskiyou,093,43540,316,257,13,270,0
2020-11-09,Solano,095,438530,8660,8254,40,8294,85
2020-11-09,Sonoma,097,501317,10863,10310,35,10345,150
2020-11-09,Stanislaus,099,539301,19141,18482,951,19433,418
2020-11-09,Sutter,101,95872,2219,2010,3,2013,12
2020-11-09,Tehama,103,63373,1206,1071,2,1073,7
2020-11-09,Trinity,105,12862,149,46,16,62,0
2020-11-09,Tulare,107,460477,19233,18272,676,18948,304
2020-11-09,Tuolumne,109,53932,502,346,5,351,7
2020-11-09,Ventura,111,848112,16650,15568,457,16025,156
2020-11-09,Yolo,113,214977,3804,3522,10,3532,62
2020-11-09,Yuba,115,75493,1475,1380,7,1387,10
2020-11-08,Alameda,001,1643700,25773,24731,246,24977,424
2020-11-08,Alpine,003,1148,24,6,0,6,0
2020-11-08,Amador,005,37829,401,376,0,376,16
2020-11-08,Butte,007,227075,3466,3285,79,3364,57
2020-11-08,Calaveras,009,45235,367,360,0,360,21
2020-11-08,Colusa,011,21464,597,583,1,584,6
2020-11-08,Contra Costa,013,1133247,20917,20031,104,20135,254
2020-11-08,Del Norte,015,27424,210,195,0,195,2
2020-11-08,El Dorado,017,186661,1680,1502,17,1519,4
2020-11-08,Fresno,019,978130,36149,32619,676,33295,465
2020-11-08,Glenn,021,27897,770,707,8,715,3
2020-11-08,Humboldt,023,135768,651,605,1,606,9
2020-11-08,Imperial,025,180216,13860,13428,25,13453,338
2020-11-08,Inyo,027,18085,263,252,5,257,14
2020-11-08,Kern,029,883053,35963,34644,617,35261,448
2020-11-08,Kings,031,150075,9493,9026,79,9105,84
2020-11-08,Lake,033,64148,792,754,0,754,16
2020-11-08,Lassen,035,31185,876,799,2,801,0
2020-11-08,Los Angeles,037,10098052,329059,318960,3608,322568,7176
2020-11-08,Madera,039,155013,5440,5196,67,5263,54
2020-11-08,Marin,041,260295,7369,7227,22,7249,131
2020-11-08,Mariposa,043,17540,90,83,0,83,2
2020-11-08,Mendocino,045,87422,1214,1129,5,1134,22
2020-11-08,Merced,047,269075,10222,9885,61,9946,157
2020-11-08,Modoc,049,8938,70,54,12,66,0
2020-11-08,Mono,051,14174,461,352,8,360,2
2020-11-08,Monterey,053,433212,12732,12122,111,12233,98
2020-11-08,Napa,055,140530,2474,2274,10,2284,15
2020-11-08,Nevada,057,99092,831,715,22,737,9
2020-11-08,Orange,059,3164182,65454,62034,1974,64008,1501
2020-11-08,Placer,061,380077,5264,4800,31,4831,60
2020-11-08,Plumas,063,18699,130,102,0,102,0
2020-11-08,Riverside,065,2383286,74613,71442,841,72283,1345
2020-11-08,Sacramento,067,1510023,29532,28059,43,28102,515
2020-11-08,San Benito,069,59416,1570,1496,1,1497,15
2020-11-08,San Bernardino,071,2135413,72820,68412,618,69030,1182
2020-11-08,San Diego,073,3302833,64300,60199,2002,62201,908
2020-11-08,San Francisco,075,870044,13487,12985,63,13048,146
2020-11-08,San Joaquin,077,732212,23494,22514,318,22832,505
2020-11-08,San Luis Obispo,079,281455,5203,4698,58,4756,32
2020-11-08,San Mateo,081,765935,12411,11783,11,11794,169
2020-11-08,Santa Barbara,083,443738,10450,10180,142,10322,134
2020-11-08,Santa Clara,085,1922200,28511,26442,53,26495,410
2020-11-08,Santa Cruz,087,273765,3394,3134,36,3170,25
2020-11-08,Shasta,089,179085,3377,2582,44,2626,36
2020-11-08,Sierra,091,2930,10,7,0,7,0
2020-11-08,Siskiyou,093,43540,304,246,12,258,0
2020-11-08,Solano,095,438530,8539,8132,39,8171,85
2020-11-08,Sonoma,097,501317,10756,10229,35,10264,149
2020-11-08,Stanislaus,099,539301,18967,18413,930,19343,418
2020-11-08,Sutter,101,95872,2161,1980,3,1983,12
2020-11-08,Tehama,103,63373,1181,1054,2,1056,7
2020-11-08,Trinity,105,12862,146,46,15,61,0
2020-11-08,Tulare,107,460477,19091,18272,647,18919,304
2020-11-08,Tuolumne,109,53932,475,341,5,346,7
2020-11-08,Ventura,111,848112,16455,15504,449,15953,156
2020-11-08,Yolo,113,214977,3743,3492,10,3502,61
2020-11-08,Yuba,115,75493,1454,1369,7,1376,10
2020-11-07,Alameda,001,1643700,25663,24578,244,24822,424
2020-11-07,Alpine,003,1148,24,6,0,6,0
2020-11-07,Amador,005,37829,398,375,0,375,16
2020-11-07,Butte,007,227075,3454,3277,74,3351,57
2020-11-07,Calaveras,009,45235,365,360,0,360,21
2020-11-07,Colusa,011,21464,597,583,1,584,6
2020-11-07,Contra Costa,013,1133247,20816,19943,103,20046,254
2020-11-07,Del Norte,015,27424,206,194,0,194,2
2020-11-07,El Dorado,017,186661,1655,1495,16,1511,4
2020-11-07,Fresno,019,978130,35995,32497,653,33150,465
2020-11-07,Glenn,021,27897,762,707,8,715,3
2020-11-07,Humboldt,023,135768,640,590,1,591,9
2020-11-07,Imperial,025,180216,13802,13388,24,13412,338
2020-11-07,Inyo,027,18085,261,252,5,257,14
2020-11-07,Kern,029,883053,35808,34513,607,35120,448
2020-11-07,Kings,031,150075,9460,9005,73,9078,84
2020-11-07,Lake,033,64148,788,751,0,751,16
2020-11-07,Lassen,035,31185,860,799,2,801,0
2020-11-07,Los Angeles,037,10098052,327545,316756,3541,320297,7174
2020-11-07,Madera,039,155013,5418,5177,65,5242,54
2020-11-07,Marin,041,260295,7358,7215,22,7237,131
2020-11-07,Mariposa,043,17540,90,81,0,81,2
2020-11-07,Mendocino,045,87422,1203,1118,5,1123,22
2020-11-07,Merced,047,269075,10190,9855,57,9912,157
2020-11-07,Modoc,049,8938,70,51,12,63,0
2020-11-07,Mono,051,14174,458,352,8,360,2
2020-11-07,Monterey,053,433212,12662,12030,107,12137,98
2020-11-07,Napa,055,140530,2444,2260,9,2269,15
2020-11-07,Nevada,057,99092,814,710,22,732,9
2020-11-07,Orange,059,3164182,65167,62038,1968,64006,1505
2020-11-07,Placer,061,380077,5201,4745,31,4776,60
2020-11-07,Plumas,063,18699,127,94,0,94,0
2020-11-07,Riverside,065,2383286,74218,71153,814,71967,1345
2020-11-07,Sacramento,067,1510023,29282,27773,43,27816,515
2020-11-07,San Benito,069,59416,1558,1489,1,1490,15
2020-11-07,San Bernardino,071,2135413,72303,67935,607,68542,1182
2020-11-07,San Diego,073,3302833,63788,59682,1970,61652,909
2020-11-07,San Francisco,075,870044,13426,12980,62,13042,146
2020-11-07,San Joaquin,077,732212,23386,22517,312,22829,505
2020-11-07,San Luis Obispo,079,281455,5154,4668,55,4723,32
2020-11-07,San Mateo,081,765935,12348,11711,11,11722,169
2020-11-07,Santa Barbara,083,443738,10408,10157,140,10297,134
2020-11-07,Santa Clara,085,1922200,28307,26244,52,26296,410
2020-11-07,Santa Cruz,087,273765,3356,3130,36,3166,25
2020-11-07,Shasta,089,179085,3310,2547,42,2589,36
2020-11-07,Sierra,091,2930,10,7,0,7,0
2020-11-07,Siskiyou,093,43540,300,241,12,253,0
2020-11-07,Solano,095,438530,8487,8066,39,8105,85
2020-11-07,Sonoma,097,501317,10710,10200,35,10235,149
2020-11-07,Stanislaus,099,539301,18858,18386,914,19300,418
2020-11-07,Sutter,101,95872,2121,1973,3,1976,12
2020-11-07,Tehama,103,63373,1157,1043,2,1045,7
2020-11-07,Trinity,105,12862,146,42,14,56,0
2020-11-07,Tulare,107,460477,19035,18229,630,18859,304
2020-11-07,Tuolumne,109,53932,464,327,5,332,7
2020-11-07,Ventura,111,848112,16395,15364,444,15808,156
2020-11-07,Yolo,113,214977,3712,3486,10,3496,61
2020-11-07,Yuba,115,75493,1439,1349,7,1356,10
2020-11-06,Alameda,001,1643700,25531,24389,242,24631,420
2020-11-06,Alpine,003,1148,24,6,0,6,0
2020-11-06,Amador,005,37829,396,369,0,369,16
2020-11-06,Butte,007,227075,3429,3254,66,3320,57
2020-11-06,Calaveras,009,45235,364,359,0,359,21
2020-11-06,Colusa,011,21464,595,580,1,581,6
2020-11-06,Contra Costa,013,1133247,20667,19744,103,19847,252
2020-11-06,Del Norte,015,27424,203,194,0,194,2
2020-11-06,El Dorado,017,186661,1629,1475,16,1491,4
2020-11-06,Fresno,019,978130,35807,32278,637,32915,460
2020-11-06,Glenn,021,27897,756,707,7,714,3
2020-11-06,Humboldt,023,135768,637,587,1,588,9
2020-11-06,Imperial,025,180216,13749,13230,24,13254,338
2020-11-06,Inyo,027,18085,259,246,5,251,14
2020-11-06,Kern,029,883053,35644,34360,590,34950,443
2020-11-06,Kings,031,150075,9436,8883,71,8954,83
2020-11-06,Lake,033,64148,787,741,0,741,16
2020-11-06,Lassen,035,31185,852,794,2,796,0
2020-11-06,Los Angeles,037,10098052,325575,314356,3489,317845,7160
2020-11-06,Madera,039,155013,5402,5136,64,5200,54
2020-11-06,Marin,041,260295,7337,7184,22,7206,131
2020-11-06,Mariposa,043,17540,89,79,0,79,2
2020-11-06,Mendocino,045,87422,1198,1113,5,1118,22
2020-11-06,Merced,047,269075,10150,9778,54,9832,157
2020-11-06,Modoc,049,8938,70,48,12,60,0
2020-11-06,Mono,051,14174,452,308,8,316,1
2020-11-06,Monterey,053,433212,12545,11914,106,12020,96
2020-11-06,Napa,055,140530,2419,2189,9,2198,15
2020-11-06,Nevada,057,99092,801,692,21,713,9
2020-11-06,Orange,059,3164182,64864,61049,1958,63007,1494
2020-11-06,Placer,061,380077,5128,4680,31,4711,60
2020-11-06,Plumas,063,18699,122,90,0,90,0
2020-11-06,Riverside,065,2383286,73769,70409,773,71182,1341
2020-11-06,Sacramento,067,1510023,28990,27489,41,27530,514
2020-11-06,San Benito,069,59416,1549,1479,1,1480,15
2020-11-06,San Bernardino,071,2135413,71705,66740,587,67327,1179
2020-11-06,San Diego,073,3302833,63264,59143,1938,61081,907
2020-11-06,San Francisco,075,870044,13356,12825,61,12886,146
2020-11-06,San Joaquin,077,732212,23301,22424,302,22726,502
2020-11-06,San Luis Obispo,079,281455,5089,4531,49,4580,32
2020-11-06,San Mateo,081,765935,12273,11587,11,11598,168
2020-11-06,Santa Barbara,083,443738,10372,10118,136,10254,133
2020-11-06,Santa Clara,085,1922200,28065,25831,52,25883,402
2020-11-06,Santa Cruz,087,273765,3318,3063,36,3099,25
2020-11-06,Shasta,089,179085,3237,2475,41,2516,35
2020-11-06,Sierra,091,2930,9,7,0,7,0
2020-11-06,Siskiyou,093,43540,287,237,11,248,0
2020-11-06,Solano,095,438530,8422,7959,39,7998,85
2020-11-06,Sonoma,097,501317,10660,10142,35,10177,149
2020-11-06,Stanislaus,099,539301,18771,18250,906,19156,417
2020-11-06,Sutter,101,95872,2094,1937,2,1939,12
2020-11-06,Tehama,103,63373,1136,1024,2,1026,6
2020-11-06,Trinity,105,12862,143,41,14,55,0
2020-11-06,Tulare,107,460477,18971,18136,605,18741,300
2020-11-06,Tuolumne,109,53932,443,316,5,321,5
2020-11-06,Ventura,111,848112,16309,15222,441,15663,154
2020-11-06,Yolo,113,214977,3683,3420,10,3430,62
2020-11-06,Yuba,115,75493,1426,1335,7,1342,10
2020-11-05,Alameda,001,1643700,25355,24270,242,24512,420
2020-11-05,Alpine,003,1148,24,6,0,6,0
2020-11-05,Amador,005,37829,393,363,0,363,16
2020-11-05,Butte,007,227075,3406,3239,60,3299,57
2020-11-05,Calaveras,009,45235,357,333,0,333,19
2020-11-05,Colusa,011,21464,591,574,1,575,6
2020-11-05,Contra Costa,013,1133247,20485,19656,101,19757,252
2020-11-05,Del Norte,015,27424,201,192,0,192,2
2020-11-05,El Dorado,017,186661,1605,1466,16,1482,4
2020-11-05,Fresno,019,978130,35564,32056,613,32669,460
2020-11-05,Glenn,021,27897,736,702,7,709,3
2020-11-05,Humboldt,023,135768,627,581,1,582,9
2020-11-05,Imperial,025,180216,13657,13178,23,13201,337
2020-11-05,Inyo,027,18085,259,247,5,252,14
2020-11-05,Kern,029,883053,35443,34232,577,34809,443
2020-11-05,Kings,031,150075,9281,8846,68,8914,83
2020-11-05,Lake,033,64148,783,739,0,739,16
2020-11-05,Lassen,035,31185,821,782,2,784,0
2020-11-05,Los Angeles,037,10098052,323219,312381,3436,315817,7146
2020-11-05,Madera,039,155013,5363,5129,61,5190,54
2020-11-05,Marin,041,260295,7315,7171,22,7193,131
2020-11-05,Mariposa,043,17540,88,79,0,79,2
2020-11-05,Mendocino,045,87422,1186,1112,5,1117,22
2020-11-05,Merced,047,269075,10091,9753,49,9802,155
2020-11-05,Modoc,049,8938,69,47,11,58,0
2020-11-05,Mono,051,14174,450,307,8,315,1
2020-11-05,Monterey,053,433212,12435,11784,102,11886,96
2020-11-05,Napa,055,140530,2392,2158,9,2167,15
2020-11-05,Nevada,057,99092,779,687,20,707,9
2020-11-05,Orange,059,3164182,64417,60740,1948,62688,1484
2020-11-05,Placer,061,380077,5059,4627,26,4653,60
2020-11-05,Plumas,063,18699,114,90,0,90,0
2020-11-05,Riverside,065,2383286,73058,70094,717,70811,1338
2020-11-05,Sacramento,067,1510023,28610,27232,40,27272,512
2020-11-05,San Benito,069,59416,1534,1477,1,1478,15
2020-11-05,San Bernardino,071,2135413,70878,66407,575,66982,1174
2020-11-05,San Diego,073,3302833,62638,58659,1912,60571,904
2020-11-05,San Francisco,075,870044,13244,12726,60,12786,146
2020-11-05,San Joaquin,077,732212,23137,22318,298,22616,502
2020-11-05,San Luis Obispo,079,281455,5022,4459,47,4506,32
2020-11-05,San Mateo,081,765935,12179,11535,11,11546,168
2020-11-05,Santa Barbara,083,443738,10328,10080,133,10213,133
2020-11-05,Santa Clara,085,1922200,27798,25651,52,25703,402
2020-11-05,Santa Cruz,087,273765,3280,3023,36,3059,25
2020-11-05,Shasta,089,179085,3147,2401,40,2441,34
2020-11-05,Sierra,091,2930,9,6,0,6,0
2020-11-05,Siskiyou,093,43540,276,228,11,239,0
2020-11-05,Solano,095,438530,8339,7842,39,7881,85
2020-11-05,Sonoma,097,501317,10548,10064,34,10098,145
2020-11-05,Stanislaus,099,539301,18658,18194,893,19087,417
2020-11-05,Sutter,101,95872,2062,1925,2,1927,12
2020-11-05,Tehama,103,63373,1114,1015,2,1017,6
2020-11-05,Trinity,105,12862,127,41,14,55,0
2020-11-05,Tulare,107,460477,18882,18049,579,18628,301
2020-11-05,Tuolumne,109,53932,414,312,5,317,5
2020-11-05,Ventura,111,848112,16143,15113,430,15543,155
2020-11-05,Yolo,113,214977,3633,3391,10,3401,61
2020-11-05,Yuba,115,75493,1408,1322,7,1329,10
2020-11-04,Alameda,001,1643700,25178,24172,240,24412,418
2020-11-04,Alpine,003,1148,20,5,0,5,0
2020-11-04,Amador,005,37829,390,362,0,362,16
2020-11-04,Butte,007,227075,3380,3218,57,3275,57
2020-11-04,Calaveras,009,45235,354,290,0,290,19
2020-11-04,Colusa,011,21464,589,571,1,572,6
2020-11-04,Contra Costa,013,1133247,20318,19472,98,19570,251
2020-11-04,Del Norte,015,27424,197,188,0,188,2
2020-11-04,El Dorado,017,186661,1590,1448,13,1461,4
2020-11-04,Fresno,019,978130,35332,31952,585,32537,457
2020-11-04,Glenn,021,27897,732,701,6,707,3
2020-11-04,Humboldt,023,135768,618,571,1,572,9
2020-11-04,Imperial,025,180216,13559,13087,23,13110,335
2020-11-04,Inyo,027,18085,258,247,5,252,14
2020-11-04,Kern,029,883053,35288,34027,566,34593,439
2020-11-04,Kings,031,150075,9247,8817,66,8883,83
2020-11-04,Lake,033,64148,776,735,0,735,16
2020-11-04,Lassen,035,31185,816,781,2,783,0
2020-11-04,Los Angeles,037,10098052,320908,310456,3357,313813,7124
2020-11-04,Madera,039,155013,5343,5083,57,5140,54
2020-11-04,Marin,041,260295,7303,7157,22,7179,131
2020-11-04,Mariposa,043,17540,88,79,0,79,2
2020-11-04,Mendocino,045,87422,1168,1089,5,1094,22
2020-11-04,Merced,047,269075,10042,9717,47,9764,153
2020-11-04,Modoc,049,8938,59,47,11,58,0
2020-11-04,Mono,051,14174,447,237,7,244,1
2020-11-04,Monterey,053,433212,12231,11743,96,11839,96
2020-11-04,Napa,055,140530,2338,2133,9,2142,15
2020-11-04,Nevada,057,99092,760,675,20,695,9
2020-11-04,Orange,059,3164182,63983,60463,1927,62390,1483
2020-11-04,Placer,061,380077,4981,4526,23,4549,60
2020-11-04,Plumas,063,18699,112,88,0,88,0
2020-11-04,Riverside,065,2383286,72441,69562,658,70220,1335
2020-11-04,Sacramento,067,1510023,28260,27005,39,27044,510
2020-11-04,San Benito,069,59416,1519,1464,1,1465,15
2020-11-04,San Bernardino,071,2135413,70082,65891,552,66443,1169
2020-11-04,San Diego,073,3302833,61992,58126,1886,60012,904
2020-11-04,San Francisco,075,870044,13161,12649,57,12706,146
2020-11-04,San Joaquin,077,732212,23000,22197,285,22482,500
2020-11-04,San Luis Obispo,079,281455,4955,4389,45,4434,32
2020-11-04,San Mateo,081,765935,12085,11456,11,11467,168
2020-11-04,Santa Barbara,083,443738,10290,10026,132,10158,132
2020-11-04,Santa Clara,085,1922200,27536,25487,52,25539,393
2020-11-04,Santa Cruz,087,273765,3243,2997,36,3033,25
2020-11-04,Shasta,089,179085,3016,2321,35,2356,34
2020-11-04,Sierra,091,2930,9,6,0,6,0
2020-11-04,Siskiyou,093,43540,267,222,11,233,0
2020-11-04,Solano,095,438530,8240,7733,39,7772,85
2020-11-04,Sonoma,097,501317,10454,9965,34,9999,142
2020-11-04,Stanislaus,099,539301,18541,18114,878,18992,416
2020-11-04,Sutter,101,95872,2028,1916,2,1918,12
2020-11-04,Tehama,103,63373,1088,997,2,999,6
2020-11-04,Trinity,105,12862,123,37,14,51,0
2020-11-04,Tulare,107,460477,18772,17952,551,18503,298
2020-11-04,Tuolumne,109,53932,390,310,5,315,5
2020-11-04,Ventura,111,848112,16003,14936,427,15363,155
2020-11-04,Yolo,113,214977,3592,3361,10,3371,62
2020-11-04,Yuba,115,75493,1387,1312,7,1319,10
2020-11-03,Alameda,001,1643700,24994,24055,238,24293,418
2020-11-03,Alpine,003,1148,19,4,0,4,0
2020-11-03,Amador,005,37829,385,361,0,361,16
2020-11-03,Butte,007,227075,3356,3211,52,3263,57
2020-11-03,Calaveras,009,45235,350,287,0,287,19
2020-11-03,Colusa,011,21464,584,572,1,573,6
2020-11-03,Contra Costa,013,1133247,20163,19416,98,19514,250
2020-11-03,Del Norte,015,27424,196,187,0,187,2
2020-11-03,El Dorado,017,186661,1568,1445,12,1457,4
2020-11-03,Fresno,019,978130,35066,31856,562,32418,457
2020-11-03,Glenn,021,27897,726,698,6,704,3
2020-11-03,Humboldt,023,135768,612,570,1,571,8
2020-11-03,Imperial,025,180216,13470,13044,22,13066,335
2020-11-03,Inyo,027,18085,257,244,5,249,14
2020-11-03,Kern,029,883053,35097,33957,555,34512,439
2020-11-03,Kings,031,150075,9084,8783,61,8844,83
2020-11-03,Lake,033,64148,766,732,0,732,16
2020-11-03,Lassen,035,31185,807,782,2,784,0
2020-11-03,Los Angeles,037,10098052,318452,308812,3290,312102,7104
2020-11-03,Madera,039,155013,5306,5058,56,5114,54
2020-11-03,Marin,041,260295,7283,7147,21,7168,131
2020-11-03,Mariposa,043,17540,87,79,0,79,2
2020-11-03,Mendocino,045,87422,1153,1084,5,1089,22
2020-11-03,Merced,047,269075,9989,9713,46,9759,153
2020-11-03,Modoc,049,8938,57,47,9,56,0
2020-11-03,Mono,051,14174,443,210,7,217,1
2020-11-03,Monterey,053,433212,12162,11703,91,11794,94
2020-11-03,Napa,055,140530,2302,2130,9,2139,15
2020-11-03,Nevada,057,99092,740,670,19,689,9
2020-11-03,Orange,059,3164182,63553,60283,1915,62198,1477
2020-11-03,Placer,061,380077,4907,4514,23,4537,60
2020-11-03,Plumas,063,18699,109,86,0,86,0
2020-11-03,Riverside,065,2383286,71822,69300,633,69933,1325
2020-11-03,Sacramento,067,1510023,27880,26841,38,26879,510
2020-11-03,San Benito,069,59416,1509,1463,1,1464,15
2020-11-03,San Bernardino,071,2135413,69271,65320,545,65865,1159
2020-11-03,San Diego,073,3302833,61316,57722,1842,59564,901
2020-11-03,San Francisco,075,870044,13039,12585,57,12642,146
2020-11-03,San Joaquin,077,732212,22866,22109,279,22388,500
2020-11-03,San Luis Obispo,079,281455,4871,4371,43,4414,32
2020-11-03,San Mateo,081,765935,11990,11406,11,11417,162
2020-11-03,Santa Barbara,083,443738,10236,10008,128,10136,132
2020-11-03,Santa Clara,085,1922200,27264,25386,51,25437,393
2020-11-03,Santa Cruz,087,273765,3193,2980,35,3015,25
2020-11-03,Shasta,089,179085,2922,2288,28,2316,33
2020-11-03,Sierra,091,2930,7,6,0,6,0
2020-11-03,Siskiyou,093,43540,263,219,11,230,0
2020-11-03,Solano,095,438530,8157,7691,39,7730,85
2020-11-03,Sonoma,097,501317,10352,9906,34,9940,142
2020-11-03,Stanislaus,099,539301,18420,18080,867,18947,416
2020-11-03,Sutter,101,95872,1995,1914,2,1916,12
2020-11-03,Tehama,103,63373,1067,988,2,990,6
2020-11-03,Trinity,105,12862,116,36,13,49,0
2020-11-03,Tulare,107,460477,18666,17890,526,18416,297
2020-11-03,Tuolumne,109,53932,367,302,5,307,5
2020-11-03,Ventura,111,848112,15876,14816,420,15236,155
2020-11-03,Yolo,113,214977,3541,3343,10,3353,61
2020-11-03,Yuba,115,75493,1374,1295,7,1302,10
2020-11-02,Alameda,001,1643700,24798,23991,236,24227,419
2020-11-02,Alpine,003,1148,16,4,0,4,0
2020-11-02,Amador,005,37829,377,357,0,357,16
2020-11-02,Butte,007,227075,3336,3198,49,3247,57
2020-11-02,Calaveras,009,45235,350,282,0,282,18
2020-11-02,Colusa,011,21464,579,571,1,572,6
2020-11-02,Contra Costa,013,1133247,20010,19339,97,19436,250
2020-11-02,Del Norte,015,27424,193,175,0,175,2
2020-11-02,El Dorado,017,186661,1544,1405,12,1417,4
2020-11-02,Fresno,019,978130,34797,31738,545,32283,451
2020-11-02,Glenn,021,27897,720,692,5,697,3
2020-11-02,Humboldt,023,135768,603,569,1,570,8
2020-11-02,Imperial,025,180216,13390,13004,21,13025,334
2020-11-02,Inyo,027,18085,254,243,5,248,14
2020-11-02,Kern,029,883053,34939,33834,545,34379,437
2020-11-02,Kings,031,150075,9054,8654,58,8712,82
2020-11-02,Lake,033,64148,760,728,0,728,17
2020-11-02,Lassen,035,31185,799,782,2,784,0
2020-11-02,Los Angeles,037,10098052,316105,307620,3215,310835,7079
2020-11-02,Madera,039,155013,5275,5033,55,5088,54
2020-11-02,Marin,041,260295,7265,7132,20,7152,125
2020-11-02,Mariposa,043,17540,87,79,0,79,2
2020-11-02,Mendocino,045,87422,1139,1076,5,1081,21
2020-11-02,Merced,047,269075,9927,9664,40,9704,152
2020-11-02,Modoc,049,8938,54,45,5,50,0
2020-11-02,Mono,051,14174,441,211,7,218,1
2020-11-02,Monterey,053,433212,12055,11602,88,11690,93
2020-11-02,Napa,055,140530,2260,2081,9,2090,15
2020-11-02,Nevada,057,99092,724,656,19,675,9
2020-11-02,Orange,059,3164182,63148,59996,1900,61896,1474
2020-11-02,Placer,061,380077,4839,4461,21,4482,60
2020-11-02,Plumas,063,18699,101,86,0,86,0
2020-11-02,Riverside,065,2383286,71191,68833,592,69425,1321
2020-11-02,Sacramento,067,1510023,27538,26676,36,26712,508
2020-11-02,San Benito,069,59416,1497,1459,1,1460,15
2020-11-02,San Bernardino,071,2135413,68416,64629,534,65163,1157
2020-11-02,San Diego,073,3302833,60593,57429,1797,59226,891
2020-11-02,San Francisco,075,870044,12942,12436,56,12492,145
2020-11-02,San Joaquin,077,732212,22726,21919,271,22190,500
2020-11-02,San Luis Obispo,079,281455,4771,4303,40,4343,31
2020-11-02,San Mateo,081,765935,11881,11328,11,11339,161
2020-11-02,Santa Barbara,083,443738,10195,9985,123,10108,130
2020-11-02,Santa Clara,085,1922200,26975,25222,51,25273,387
2020-11-02,Santa Cruz,087,273765,3151,2943,35,2978,25
2020-11-02,Shasta,089,179085,2819,2174,24,2198,33
2020-11-02,Sierra,091,2930,7,6,0,6,0
2020-11-02,Siskiyou,093,43540,253,216,11,227,0
2020-11-02,Solano,095,438530,8039,7665,39,7704,84
2020-11-02,Sonoma,097,501317,10270,9796,33,9829,140
2020-11-02,Stanislaus,099,539301,18324,18005,858,18863,412
2020-11-02,Sutter,101,95872,1971,1895,2,1897,12
2020-11-02,Tehama,103,63373,1044,971,2,973,6
2020-11-02,Trinity,105,12862,110,30,13,43,0
2020-11-02,Tulare,107,460477,18573,17774,506,18280,299
2020-11-02,Tuolumne,109,53932,346,302,5,307,5
2020-11-02,Ventura,111,848112,15735,14767,406,15173,156
2020-11-02,Yolo,113,214977,3493,3318,10,3328,61
2020-11-02,Yuba,115,75493,1361,1280,7,1287,10
2020-11-01,Alameda,001,1643700,24635,23892,234,24126,419
2020-11-01,Alpine,003,1148,10,4,0,4,0
2020-11-01,Amador,005,37829,374,352,0,352,16
2020-11-01,Butte,007,227075,3313,3185,48,3233,57
2020-11-01,Calaveras,009,45235,349,282,0,282,18
2020-11-01,Colusa,011,21464,577,567,1,568,6
2020-11-01,Contra Costa,013,1133247,19837,19246,96,19342,250
2020-11-01,Del Norte,015,27424,189,175,0,175,2
2020-11-01,El Dorado,017,186661,1528,1394,12,1406,4
2020-11-01,Fresno,019,978130,34540,31613,525,32138,451
2020-11-01,Glenn,021,27897,711,688,3,691,3
2020-11-01,Humboldt,023,135768,595,568,1,569,8
2020-11-01,Imperial,025,180216,13299,12969,19,12988,334
2020-11-01,Inyo,027,18085,252,241,5,246,14
2020-11-01,Kern,029,883053,34758,33760,465,34225,437
2020-11-01,Kings,031,150075,9016,8641,57,8698,82
2020-11-01,Lake,033,64148,754,727,0,727,17
2020-11-01,Lassen,035,31185,799,782,2,784,0
2020-11-01,Los Angeles,037,10098052,313535,306217,3124,309341,7077
2020-11-01,Madera,039,155013,5227,5019,53,5072,54
2020-11-01,Marin,041,260295,7248,7124,20,7144,125
2020-11-01,Mariposa,043,17540,83,79,0,79,2
2020-11-01,Mendocino,045,87422,1126,1074,5,1079,21
2020-11-01,Merced,047,269075,9866,9626,40,9666,152
2020-11-01,Modoc,049,8938,53,45,5,50,0
2020-11-01,Mono,051,14174,412,211,6,217,1
2020-11-01,Monterey,053,433212,11948,11587,85,11672,93
2020-11-01,Napa,055,140530,2226,2067,9,2076,15
2020-11-01,Nevada,057,99092,708,646,18,664,9
2020-11-01,Orange,059,3164182,62746,59733,1874,61607,1475
2020-11-01,Placer,061,380077,4773,4422,20,4442,58
2020-11-01,Plumas,063,18699,96,86,0,86,0
2020-11-01,Riverside,065,2383286,70561,68493,557,69050,1319
2020-11-01,Sacramento,067,1510023,27217,26442,36,26478,508
2020-11-01,San Benito,069,59416,1482,1451,1,1452,15
2020-11-01,San Bernardino,071,2135413,67574,64339,513,64852,1157
2020-11-01,San Diego,073,3302833,59905,57122,1757,58879,891
2020-11-01,San Francisco,075,870044,12819,12436,51,12487,145
2020-11-01,San Joaquin,077,732212,22598,21919,265,22184,500
2020-11-01,San Luis Obispo,079,281455,4691,4303,39,4342,31
2020-11-01,San Mateo,081,765935,11800,11280,11,11291,160
2020-11-01,Santa Barbara,083,443738,10144,9969,107,10076,130
2020-11-01,Santa Clara,085,1922200,26696,25090,51,25141,386
2020-11-01,Santa Cruz,087,273765,3098,2921,35,2956,25
2020-11-01,Shasta,089,179085,2684,2172,23,2195,33
2020-11-01,Sierra,091,2930,7,6,0,6,0
2020-11-01,Siskiyou,093,43540,248,205,11,216,0
2020-11-01,Solano,095,438530,7949,7591,39,7630,84
2020-11-01,Sonoma,097,501317,10178,9688,33,9721,140
2020-11-01,Stanislaus,099,539301,18223,17961,839,18800,412
2020-11-01,Sutter,101,95872,1945,1888,1,1889,12
2020-11-01,Tehama,103,63373,1027,965,2,967,5
2020-11-01,Trinity,105,12862,108,30,12,42,0
2020-11-01,Tulare,107,460477,18461,17774,475,18249,299
2020-11-01,Tuolumne,109,53932,324,295,5,300,5
2020-11-01,Ventura,111,848112,15587,14686,377,15063,156
2020-11-01,Yolo,113,214977,3445,3303,10,3313,60
2020-11-01,Yuba,115,75493,1344,1273,7,1280,10
2020-10-31,Alameda,001,1643700,24519,23780,230,24010,416
2020-10-31,Alpine,003,1148,10,4,0,4,0
2020-10-31,Amador,005,37829,370,347,0,347,16
2020-10-31,Butte,007,227075,3300,3172,46,3218,57
2020-10-31,Calaveras,009,45235,349,280,0,280,18
2020-10-31,Colusa,011,21464,575,555,1,556,6
2020-10-31,Contra Costa,013,1133247,19732,19161,96,19257,249
2020-10-31,Del Norte,015,27424,188,175,0,175,2
2020-10-31,El Dorado,017,186661,1519,1390,12,1402,4
2020-10-31,Fresno,019,978130,34403,31558,522,32080,451
2020-10-31,Glenn,021,27897,709,678,3,681,3
2020-10-31,Humboldt,023,135768,592,561,1,562,8
2020-10-31,Imperial,025,180216,13257,12912,19,12931,334
2020-10-31,Inyo,027,18085,251,241,5,246,14
2020-10-31,Kern,029,883053,34655,33666,456,34122,437
2020-10-31,Kings,031,150075,8995,8612,56,8668,82
2020-10-31,Lake,033,64148,750,724,0,724,16
2020-10-31,Lassen,035,31185,794,782,2,784,0
2020-10-31,Los Angeles,037,10098052,312160,304704,3083,307787,7073
2020-10-31,Madera,039,155013,5209,5013,50,5063,54
2020-10-31,Marin,041,260295,7232,7112,20,7132,125
2020-10-31,Mariposa,043,17540,83,79,0,79,2
2020-10-31,Mendocino,045,87422,1118,1066,5,1071,21
2020-10-31,Merced,047,269075,9833,9597,39,9636,151
2020-10-31,Modoc,049,8938,52,34,4,38,0
2020-10-31,Mono,051,14174,263,194,5,199,1
2020-10-31,Monterey,053,433212,11880,11539,81,11620,93
2020-10-31,Napa,055,140530,2207,2040,9,2049,15
2020-10-31,Nevada,057,99092,690,644,18,662,9
2020-10-31,Orange,059,3164182,62488,59488,1856,61344,1473
2020-10-31,Placer,061,380077,4723,4374,19,4393,58
2020-10-31,Plumas,063,18699,95,85,0,85,0
2020-10-31,Riverside,065,2383286,70204,68178,534,68712,1319
2020-10-31,Sacramento,067,1510023,27018,26316,34,26350,507
2020-10-31,San Benito,069,59416,1475,1448,1,1449,15
2020-10-31,San Bernardino,071,2135413,67148,64016,503,64519,1157
2020-10-31,San Diego,073,3302833,59452,56769,1729,58498,891
2020-10-31,San Francisco,075,870044,12745,12438,50,12488,145
2020-10-31,San Joaquin,077,732212,22523,21918,256,22174,500
2020-10-31,San Luis Obispo,079,281455,4622,4285,36,4321,31
2020-10-31,San Mateo,081,765935,11749,11253,11,11264,160
2020-10-31,Santa Barbara,083,443738,10115,9957,99,10056,130
2020-10-31,Santa Clara,085,1922200,26527,24957,51,25008,379
2020-10-31,Santa Cruz,087,273765,3063,2895,34,2929,25
2020-10-31,Shasta,089,179085,2630,2122,22,2144,33
2020-10-31,Sierra,091,2930,7,6,0,6,0
2020-10-31,Siskiyou,093,43540,246,200,11,211,0
2020-10-31,Solano,095,438530,7885,7545,39,7584,84
2020-10-31,Sonoma,097,501317,10125,9648,33,9681,140
2020-10-31,Stanislaus,099,539301,18160,17920,823,18743,412
2020-10-31,Sutter,101,95872,1936,1876,1,1877,12
2020-10-31,Tehama,103,63373,1017,953,2,955,5
2020-10-31,Trinity,105,12862,105,30,12,42,0
2020-10-31,Tulare,107,460477,18412,17758,468,18226,299
2020-10-31,Tuolumne,109,53932,317,290,5,295,5
2020-10-31,Ventura,111,848112,15503,14635,359,14994,155
2020-10-31,Yolo,113,214977,3410,3290,10,3300,60
2020-10-31,Yuba,115,75493,1328,1260,6,1266,10
2020-10-30,Alameda,001,1643700,24440,23676,228,23904,401
2020-10-30,Alpine,003,1148,10,4,0,4,0
2020-10-30,Amador,005,37829,370,344,0,344,16
2020-10-30,Butte,007,227075,3295,3160,46,3206,57
2020-10-30,Calaveras,009,45235,348,279,0,279,18
2020-10-30,Colusa,011,21464,573,554,1,555,6
2020-10-30,Contra Costa,013,1133247,19660,19074,96,19170,249
2020-10-30,Del Norte,015,27424,187,175,0,175,2
2020-10-30,El Dorado,017,186661,1506,1386,12,1398,4
2020-10-30,Fresno,019,978130,34281,31409,514,31923,446
2020-10-30,Glenn,021,27897,703,674,2,676,3
2020-10-30,Humboldt,023,135768,591,561,1,562,7
2020-10-30,Imperial,025,180216,13216,12853,19,12872,334
2020-10-30,Inyo,027,18085,250,241,5,246,14
2020-10-30,Kern,029,883053,34562,33583,455,34038,437
2020-10-30,Kings,031,150075,8985,8564,54,8618,82
2020-10-30,Lake,033,64148,750,720,0,720,16
2020-10-30,Lassen,035,31185,788,777,2,779,0
2020-10-30,Los Angeles,037,10098052,310724,303425,3048,306473,7060
2020-10-30,Madera,039,155013,5197,4991,48,5039,54
2020-10-30,Marin,041,260295,7212,7097,20,7117,125
2020-10-30,Mariposa,043,17540,83,78,0,78,2
2020-10-30,Mendocino,045,87422,1116,1062,5,1067,21
2020-10-30,Merced,047,269075,9801,9539,39,9578,150
2020-10-30,Modoc,049,8938,51,34,3,37,0
2020-10-30,Mono,051,14174,262,193,5,198,1
2020-10-30,Monterey,053,433212,11817,11491,76,11567,92
2020-10-30,Napa,055,140530,2189,2028,9,2037,15
2020-10-30,Nevada,057,99092,684,634,18,652,9
2020-10-30,Orange,059,3164182,62247,59334,1844,61178,1469
2020-10-30,Placer,061,380077,4676,4335,19,4354,58
2020-10-30,Plumas,063,18699,92,80,0,80,0
2020-10-30,Riverside,065,2383286,69866,67752,514,68266,1317
2020-10-30,Sacramento,067,1510023,26870,26147,34,26181,505
2020-10-30,San Benito,069,59416,1469,1440,1,1441,15
2020-10-30,San Bernardino,071,2135413,66732,63512,500,64012,1156
2020-10-30,San Diego,073,3302833,59047,56387,1707,58094,888
2020-10-30,San Francisco,075,870044,12690,12384,50,12434,145
2020-10-30,San Joaquin,077,732212,22456,21849,250,22099,500
2020-10-30,San Luis Obispo,079,281455,4580,4256,36,4292,31
2020-10-30,San Mateo,081,765935,11690,11207,11,11218,159
2020-10-30,Santa Barbara,083,443738,10092,9937,99,10036,128
2020-10-30,Santa Clara,085,1922200,26379,24811,51,24862,378
2020-10-30,Santa Cruz,087,273765,3045,2874,34,2908,25
2020-10-30,Shasta,089,179085,2586,2048,21,2069,32
2020-10-30,Sierra,091,2930,7,6,0,6,0
2020-10-30,Siskiyou,093,43540,246,192,11,203,0
2020-10-30,Solano,095,438530,7824,7497,39,7536,84
2020-10-30,Sonoma,097,501317,10050,9602,33,9635,140
2020-10-30,Stanislaus,099,539301,18112,17861,808,18669,410
2020-10-30,Sutter,101,95872,1923,1860,1,1861,12
2020-10-30,Tehama,103,63373,1013,932,2,934,5
2020-10-30,Trinity,105,12862,105,29,12,41,0
2020-10-30,Tulare,107,460477,18368,17682,453,18135,299
2020-10-30,Tuolumne,109,53932,310,286,5,291,4
2020-10-30,Ventura,111,848112,15430,14578,348,14926,154
2020-10-30,Yolo,113,214977,3393,3263,10,3273,60
2020-10-30,Yuba,115,75493,1320,1256,6,1262,10
2020-10-29,Alameda,001,1643700,24277,23530,227,23757,401
2020-10-29,Alpine,003,1148,7,4,0,4,0
2020-10-29,Amador,005,37829,366,338,0,338,16
2020-10-29,Butte,007,227075,3277,3143,45,3188,57
2020-10-29,Calaveras,009,45235,346,278,0,278,13
2020-10-29,Colusa,011,21464,569,552,1,553,6
2020-10-29,Contra Costa,013,1133247,19562,18933,95,19028,249
2020-10-29,Del Norte,015,27424,185,174,0,174,2
2020-10-29,El Dorado,017,186661,1484,1370,12,1382,4
2020-10-29,Fresno,019,978130,34124,31321,507,31828,445
2020-10-29,Glenn,021,27897,701,673,2,675,3
2020-10-29,Humboldt,023,135768,586,559,1,560,7
2020-10-29,Imperial,025,180216,13172,12769,19,12788,334
2020-10-29,Inyo,027,18085,248,238,5,243,14
2020-10-29,Kern,029,883053,34461,33460,451,33911,437
2020-10-29,Kings,031,150075,8831,8502,53,8555,82
2020-10-29,Lake,033,64148,747,702,0,702,16
2020-10-29,Lassen,035,31185,787,772,2,774,0
2020-10-29,Los Angeles,037,10098052,309096,302246,3002,305248,7046
2020-10-29,Madera,039,155013,5167,4970,46,5016,53
2020-10-29,Marin,041,260295,7198,7083,20,7103,125
2020-10-29,Mariposa,043,17540,81,78,0,78,2
2020-10-29,Mendocino,045,87422,1110,1058,5,1063,21
2020-10-29,Merced,047,269075,9749,9496,39,9535,150
2020-10-29,Modoc,049,8938,49,31,3,34,0
2020-10-29,Mono,051,14174,255,176,5,181,1
2020-10-29,Monterey,053,433212,11736,11425,74,11499,92
2020-10-29,Napa,055,140530,2165,2009,9,2018,15
2020-10-29,Nevada,057,99092,677,632,18,650,9
2020-10-29,Orange,059,3164182,61979,59046,1824,60870,1464
2020-10-29,Placer,061,380077,4631,4270,18,4288,58
2020-10-29,Plumas,063,18699,90,69,0,69,0
2020-10-29,Riverside,065,2383286,69490,67268,484,67752,1304
2020-10-29,Sacramento,067,1510023,26657,25978,33,26011,507
2020-10-29,San Benito,069,59416,1464,1431,1,1432,15
2020-10-29,San Bernardino,071,2135413,66164,62968,490,63458,1150
2020-10-29,San Diego,073,3302833,58581,55916,1678,57594,885
2020-10-29,San Francisco,075,870044,12612,12312,50,12362,145
2020-10-29,San Joaquin,077,732212,22372,21736,238,21974,498
2020-10-29,San Luis Obispo,079,281455,4549,4223,35,4258,31
2020-10-29,San Mateo,081,765935,11645,11145,11,11156,157
2020-10-29,Santa Barbara,083,443738,10059,9902,97,9999,128
2020-10-29,Santa Clara,085,1922200,26228,24614,51,24665,377
2020-10-29,Santa Cruz,087,273765,3020,2850,34,2884,24
2020-10-29,Shasta,089,179085,2523,2008,21,2029,32
2020-10-29,Sierra,091,2930,6,6,0,6,0
2020-10-29,Siskiyou,093,43540,230,185,11,196,0
2020-10-29,Solano,095,438530,7762,7453,39,7492,78
2020-10-29,Sonoma,097,501317,9985,9533,33,9566,140
2020-10-29,Stanislaus,099,539301,18059,17790,787,18577,410
2020-10-29,Sutter,101,95872,1916,1852,1,1853,12
2020-10-29,Tehama,103,63373,995,925,2,927,5
2020-10-29,Trinity,105,12862,100,28,11,39,0
2020-10-29,Tulare,107,460477,18290,17627,435,18062,299
2020-10-29,Tuolumne,109,53932,305,279,5,284,4
2020-10-29,Ventura,111,848112,15339,14486,344,14830,154
2020-10-29,Yolo,113,214977,3364,3246,10,3256,60
2020-10-29,Yuba,115,75493,1309,1248,6,1254,10
2020-10-28,Alameda,001,1643700,24177,23468,226,23694,400
2020-10-28,Alpine,003,1148,6,4,0,4,0
2020-10-28,Amador,005,37829,363,337,0,337,16
2020-10-28,Butte,007,227075,3261,3134,42,3176,56
2020-10-28,Calaveras,009,45235,345,278,0,278,13
2020-10-28,Colusa,011,21464,566,551,1,552,6
2020-10-28,Contra Costa,013,1133247,19475,18828,94,18922,246
2020-10-28,Del Norte,015,27424,182,173,0,173,2
2020-10-28,El Dorado,017,186661,1472,1363,12,1375,4
2020-10-28,Fresno,019,978130,34003,31195,501,31696,444
2020-10-28,Glenn,021,27897,697,673,2,675,3
2020-10-28,Humboldt,023,135768,582,559,1,560,7
2020-10-28,Imperial,025,180216,13123,12730,19,12749,333
2020-10-28,Inyo,027,18085,248,238,5,243,14
2020-10-28,Kern,029,883053,34359,33424,433,33857,436
2020-10-28,Kings,031,150075,8809,8486,53,8539,82
2020-10-28,Lake,033,64148,744,700,0,700,15
2020-10-28,Lassen,035,31185,783,771,2,773,0
2020-10-28,Los Angeles,037,10098052,307640,300726,2960,303686,7031
2020-10-28,Madera,039,155013,5150,4954,45,4999,53
2020-10-28,Marin,041,260295,7187,7079,20,7099,126
2020-10-28,Mariposa,043,17540,81,78,0,78,2
2020-10-28,Mendocino,045,87422,1109,1037,5,1042,20
2020-10-28,Merced,047,269075,9723,9480,38,9518,150
2020-10-28,Modoc,049,8938,48,31,2,33,0
2020-10-28,Mono,051,14174,237,176,5,181,1
2020-10-28,Monterey,053,433212,11678,11330,72,11402,89
2020-10-28,Napa,055,140530,2139,1998,8,2006,15
2020-10-28,Nevada,057,99092,669,629,18,647,9
2020-10-28,Orange,059,3164182,61715,58801,1808,60609,1459
2020-10-28,Placer,061,380077,4575,4236,18,4254,57
2020-10-28,Plumas,063,18699,89,67,0,67,0
2020-10-28,Riverside,065,2383286,69092,67003,460,67463,1302
2020-10-28,Sacramento,067,1510023,26461,25838,32,25870,506
2020-10-28,San Benito,069,59416,1456,1429,1,1430,15
2020-10-28,San Bernardino,071,2135413,65705,62778,481,63259,1154
2020-10-28,San Diego,073,3302833,58198,55556,1649,57205,881
2020-10-28,San Francisco,075,870044,12554,12261,49,12310,145
2020-10-28,San Joaquin,077,732212,22288,21707,227,21934,498
2020-10-28,San Luis Obispo,079,281455,4505,4197,32,4229,31
2020-10-28,San Mateo,081,765935,11578,11101,11,11112,157
2020-10-28,Santa Barbara,083,443738,10036,9872,95,9967,127
2020-10-28,Santa Clara,085,1922200,26084,24503,51,24554,375
2020-10-28,Santa Cruz,087,273765,2989,2836,34,2870,24
2020-10-28,Shasta,089,179085,2443,1996,20,2016,31
2020-10-28,Sierra,091,2930,6,6,0,6,0
2020-10-28,Siskiyou,093,43540,227,182,10,192,0
2020-10-28,Solano,095,438530,7703,7362,39,7401,77
2020-10-28,Sonoma,097,501317,9895,9457,28,9485,140
2020-10-28,Stanislaus,099,539301,17994,17765,778,18543,409
2020-10-28,Sutter,101,95872,1907,1840,1,1841,12
2020-10-28,Tehama,103,63373,984,921,2,923,5
2020-10-28,Trinity,105,12862,93,28,10,38,0
2020-10-28,Tulare,107,460477,18233,17569,420,17989,297
2020-10-28,Tuolumne,109,53932,302,277,5,282,4
2020-10-28,Ventura,111,848112,15266,14409,335,14744,153
2020-10-28,Yolo,113,214977,3339,3230,10,3240,60
2020-10-28,Yuba,115,75493,1297,1245,6,1251,10
2020-10-27,Alameda,001,1643700,24061,23365,224,23589,400
2020-10-27,Alpine,003,1148,6,3,0,3,0
2020-10-27,Amador,005,37829,360,335,0,335,16
2020-10-27,Butte,007,227075,3245,3107,39,3146,56
2020-10-27,Calaveras,009,45235,343,277,0,277,13
2020-10-27,Colusa,011,21464,561,549,1,550,6
2020-10-27,Contra Costa,013,1133247,19369,18766,94,18860,246
2020-10-27,Del Norte,015,27424,179,173,0,173,2
2020-10-27,El Dorado,017,186661,1459,1351,12,1363,4
2020-10-27,Fresno,019,978130,33884,31096,496,31592,442
2020-10-27,Glenn,021,27897,695,667,1,668,3
2020-10-27,Humboldt,023,135768,579,559,1,560,7
2020-10-27,Imperial,025,180216,13074,12680,19,12699,333
2020-10-27,Inyo,027,18085,248,231,5,236,14
2020-10-27,Kern,029,883053,34242,33328,429,33757,436
2020-10-27,Kings,031,150075,8778,8411,53,8464,83
2020-10-27,Lake,033,64148,741,700,0,700,15
2020-10-27,Lassen,035,31185,781,764,2,766,0
2020-10-27,Los Angeles,037,10098052,306252,299438,2931,302369,7008
2020-10-27,Madera,039,155013,5120,4942,44,4986,53
2020-10-27,Marin,041,260295,7171,7070,20,7090,126
2020-10-27,Mariposa,043,17540,80,78,0,78,2
2020-10-27,Mendocino,045,87422,1103,1033,4,1037,20
2020-10-27,Merced,047,269075,9682,9449,38,9487,150
2020-10-27,Modoc,049,8938,46,31,2,33,0
2020-10-27,Mono,051,14174,223,169,5,174,1
2020-10-27,Monterey,053,433212,11622,11261,70,11331,88
2020-10-27,Napa,055,140530,2123,1979,8,1987,15
2020-10-27,Nevada,057,99092,663,622,18,640,8
2020-10-27,Orange,059,3164182,61443,58550,1792,60342,1448
2020-10-27,Placer,061,380077,4526,4197,16,4213,57
2020-10-27,Plumas,063,18699,86,63,0,63,0
2020-10-27,Riverside,065,2383286,68739,66699,415,67114,1299
2020-10-27,Sacramento,067,1510023,26274,25701,31,25732,501
2020-10-27,San Benito,069,59416,1451,1428,1,1429,15
2020-10-27,San Bernardino,071,2135413,65244,62357,468,62825,1154
2020-10-27,San Diego,073,3302833,57725,55226,1626,56852,877
2020-10-27,San Francisco,075,870044,12479,12218,48,12266,140
2020-10-27,San Joaquin,077,732212,22197,21637,218,21855,496
2020-10-27,San Luis Obispo,079,281455,4478,4148,28,4176,31
2020-10-27,San Mateo,081,765935,11530,11074,11,11085,156
2020-10-27,Santa Barbara,083,443738,10006,9874,94,9968,125
2020-10-27,Santa Clara,085,1922200,25942,24368,51,24419,367
2020-10-27,Santa Cruz,087,273765,2959,2815,33,2848,24
2020-10-27,Shasta,089,179085,2357,1962,20,1982,29
2020-10-27,Sierra,091,2930,6,6,0,6,0
2020-10-27,Siskiyou,093,43540,218,181,10,191,0
2020-10-27,Solano,095,438530,7634,7298,39,7337,77
2020-10-27,Sonoma,097,501317,9828,9389,28,9417,140
2020-10-27,Stanislaus,099,539301,17926,17720,771,18491,408
2020-10-27,Sutter,101,95872,1894,1832,1,1833,12
2020-10-27,Tehama,103,63373,970,913,2,915,5
2020-10-27,Trinity,105,12862,90,28,10,38,0
2020-10-27,Tulare,107,460477,18170,17520,397,17917,296
2020-10-27,Tuolumne,109,53932,298,275,5,280,4
2020-10-27,Ventura,111,848112,15183,14347,328,14675,153
2020-10-27,Yolo,113,214977,3326,3216,10,3226,58
2020-10-27,Yuba,115,75493,1284,1235,6,1241,10
2020-10-26,Alameda,001,1643700,23948,23284,223,23507,398
2020-10-26,Alpine,003,1148,4,3,0,3,0
2020-10-26,Amador,005,37829,356,331,0,331,16
2020-10-26,Butte,007,227075,3234,3095,37,3132,56
2020-10-26,Calaveras,009,45235,340,274,0,274,13
2020-10-26,Colusa,011,21464,559,548,1,549,6
2020-10-26,Contra Costa,013,1133247,19274,18718,93,18811,245
2020-10-26,Del Norte,015,27424,179,171,0,171,2
2020-10-26,El Dorado,017,186661,1445,1336,12,1348,4
2020-10-26,Fresno,019,978130,33771,30969,489,31458,441
2020-10-26,Glenn,021,27897,688,660,1,661,3
2020-10-26,Humboldt,023,135768,571,554,1,555,7
2020-10-26,Imperial,025,180216,13020,12654,16,12670,333
2020-10-26,Inyo,027,18085,248,226,5,231,14
2020-10-26,Kern,029,883053,34158,33233,424,33657,432
2020-10-26,Kings,031,150075,8757,8264,51,8315,82
2020-10-26,Lake,033,64148,739,697,0,697,15
2020-10-26,Lassen,035,31185,778,764,2,766,0
2020-10-26,Los Angeles,037,10098052,304825,297961,2890,300851,6979
2020-10-26,Madera,039,155013,5099,4922,43,4965,53
2020-10-26,Marin,041,260295,7165,7064,19,7083,104
2020-10-26,Mariposa,043,17540,80,77,0,77,2
2020-10-26,Mendocino,045,87422,1095,1026,4,1030,20
2020-10-26,Merced,047,269075,9635,9375,37,9412,150
2020-10-26,Modoc,049,8938,44,28,0,28,0
2020-10-26,Mono,051,14174,217,167,5,172,1
2020-10-26,Monterey,053,433212,11571,11207,66,11273,87
2020-10-26,Napa,055,140530,2091,1966,8,1974,14
2020-10-26,Nevada,057,99092,656,618,18,636,8
2020-10-26,Orange,059,3164182,61239,58377,1774,60151,1442
2020-10-26,Placer,061,380077,4484,4161,15,4176,57
2020-10-26,Plumas,063,18699,84,63,0,63,0
2020-10-26,Riverside,065,2383286,68288,66475,389,66864,1294
2020-10-26,Sacramento,067,1510023,26093,25555,29,25584,496
2020-10-26,San Benito,069,59416,1443,1424,1,1425,15
2020-10-26,San Bernardino,071,2135413,64773,61871,465,62336,1153
2020-10-26,San Diego,073,3302833,57332,54957,1588,56545,870
2020-10-26,San Francisco,075,870044,12419,12072,48,12120,138
2020-10-26,San Joaquin,077,732212,22114,21459,212,21671,495
2020-10-26,San Luis Obispo,079,281455,4452,4133,28,4161,31
2020-10-26,San Mateo,081,765935,11486,11037,11,11048,156
2020-10-26,Santa Barbara,083,443738,9983,9827,94,9921,122
2020-10-26,Santa Clara,085,1922200,25752,24258,50,24308,365
2020-10-26,Santa Cruz,087,273765,2933,2808,33,2841,24
2020-10-26,Shasta,089,179085,2303,1889,20,1909,29
2020-10-26,Sierra,091,2930,6,6,0,6,0
2020-10-26,Siskiyou,093,43540,210,179,10,189,0
2020-10-26,Solano,095,438530,7554,7271,39,7310,62
2020-10-26,Sonoma,097,501317,9751,9315,28,9343,140
2020-10-26,Stanislaus,099,539301,17876,17666,761,18427,400
2020-10-26,Sutter,101,95872,1886,1817,1,1818,12
2020-10-26,Tehama,103,63373,950,892,2,894,5
2020-10-26,Trinity,105,12862,89,26,10,36,0
2020-10-26,Tulare,107,460477,18093,17432,374,17806,296
2020-10-26,Tuolumne,109,53932,289,271,5,276,4
2020-10-26,Ventura,111,848112,15114,14330,325,14655,154
2020-10-26,Yolo,113,214977,3307,3206,10,3216,58
2020-10-26,Yuba,115,75493,1268,1226,6,1232,10
2020-10-25,Alameda,001,1643700,23842,23192,223,23415,398
2020-10-25,Alpine,003,1148,3,3,0,3,0
2020-10-25,Amador,005,37829,345,330,0,330,16
2020-10-25,Butte,007,227075,3215,3087,37,3124,56
2020-10-25,Calaveras,009,45235,339,274,0,274,13
2020-10-25,Colusa,011,21464,555,548,1,549,6
2020-10-25,Contra Costa,013,1133247,19172,18640,93,18733,245
2020-10-25,Del Norte,015,27424,175,171,0,171,2
2020-10-25,El Dorado,017,186661,1430,1328,12,1340,4
2020-10-25,Fresno,019,978130,33637,30858,476,31334,441
2020-10-25,Glenn,021,27897,685,652,1,653,3
2020-10-25,Humboldt,023,135768,568,554,1,555,7
2020-10-25,Imperial,025,180216,12971,12572,16,12588,333
2020-10-25,Inyo,027,18085,245,226,5,231,14
2020-10-25,Kern,029,883053,34051,33185,420,33605,432
2020-10-25,Kings,031,150075,8724,8246,49,8295,82
2020-10-25,Lake,033,64148,722,695,0,695,15
2020-10-25,Lassen,035,31185,776,764,2,766,0
2020-10-25,Los Angeles,037,10098052,303260,297110,2854,299964,6973
2020-10-25,Madera,039,155013,5069,4909,38,4947,53
2020-10-25,Marin,041,260295,7155,7052,19,7071,102
2020-10-25,Mariposa,043,17540,80,77,0,77,2
2020-10-25,Mendocino,045,87422,1088,1024,4,1028,20
2020-10-25,Merced,047,269075,9570,9352,35,9387,150
2020-10-25,Modoc,049,8938,39,28,0,28,0
2020-10-25,Mono,051,14174,209,167,5,172,1
2020-10-25,Monterey,053,433212,11488,11182,61,11243,87
2020-10-25,Napa,055,140530,2061,1962,8,1970,14
2020-10-25,Nevada,057,99092,648,616,18,634,8
2020-10-25,Orange,059,3164182,60951,58185,1765,59950,1443
2020-10-25,Placer,061,380077,4432,4140,15,4155,57
2020-10-25,Plumas,063,18699,84,63,0,63,0
2020-10-25,Riverside,065,2383286,67837,66192,373,66565,1289
2020-10-25,Sacramento,067,1510023,25878,25445,27,25472,496
2020-10-25,San Benito,069,59416,1436,1423,1,1424,15
2020-10-25,San Bernardino,071,2135413,64233,61551,453,62004,1153
2020-10-25,San Diego,073,3302833,56869,54599,1556,56155,870
2020-10-25,San Francisco,075,870044,12346,12072,48,12120,137
2020-10-25,San Joaquin,077,732212,22006,21459,204,21663,495
2020-10-25,San Luis Obispo,079,281455,4410,4126,26,4152,31
2020-10-25,San Mateo,081,765935,11441,10987,11,10998,156
2020-10-25,Santa Barbara,083,443738,9963,9814,94,9908,122
2020-10-25,Santa Clara,085,1922200,25564,24087,50,24137,365
2020-10-25,Santa Cruz,087,273765,2906,2789,33,2822,24
2020-10-25,Shasta,089,179085,2239,1889,20,1909,29
2020-10-25,Sierra,091,2930,6,6,0,6,0
2020-10-25,Siskiyou,093,43540,207,176,10,186,0
2020-10-25,Solano,095,438530,7476,7197,39,7236,60
2020-10-25,Sonoma,097,501317,9658,9235,27,9262,140
2020-10-25,Stanislaus,099,539301,17819,17641,752,18393,400
2020-10-25,Sutter,101,95872,1868,1811,1,1812,12
2020-10-25,Tehama,103,63373,933,880,2,882,5
2020-10-25,Trinity,105,12862,85,26,10,36,0
2020-10-25,Tulare,107,460477,18019,17431,364,17795,296
2020-10-25,Tuolumne,109,53932,284,271,5,276,4
2020-10-25,Ventura,111,848112,15021,14300,319,14619,154
2020-10-25,Yolo,113,214977,3286,3190,10,3200,58
2020-10-25,Yuba,115,75493,1260,1219,6,1225,10
2020-10-24,Alameda,001,1643700,23771,23099,220,23319,398
2020-10-24,Alpine,003,1148,3,3,0,3,0
2020-10-24,Amador,005,37829,344,328,0,328,16
2020-10-24,Butte,007,227075,3206,3078,37,3115,56
2020-10-24,Calaveras,009,45235,337,274,0,274,13
2020-10-24,Colusa,011,21464,550,548,1,549,6
2020-10-24,Contra Costa,013,1133247,19105,18567,93,18660,244
2020-10-24,Del Norte,015,27424,174,171,0,171,2
2020-10-24,El Dorado,017,186661,1414,1317,12,1329,4
2020-10-24,Fresno,019,978130,33576,30752,471,31223,441
2020-10-24,Glenn,021,27897,682,650,1,651,3
2020-10-24,Humboldt,023,135768,566,553,1,554,7
2020-10-24,Imperial,025,180216,12944,12469,16,12485,333
2020-10-24,Inyo,027,18085,245,226,5,231,14
2020-10-24,Kern,029,883053,33993,33105,415,33520,432
2020-10-24,Kings,031,150075,8714,8228,48,8276,82
2020-10-24,Lake,033,64148,717,696,0,696,15
2020-10-24,Lassen,035,31185,775,764,2,766,0
2020-10-24,Los Angeles,037,10098052,302442,296323,2832,299155,6969
2020-10-24,Madera,039,155013,5056,4898,37,4935,53
2020-10-24,Marin,041,260295,7146,7042,19,7061,102
2020-10-24,Mariposa,043,17540,80,77,0,77,2
2020-10-24,Mendocino,045,87422,1076,1022,4,1026,20
2020-10-24,Merced,047,269075,9546,9351,35,9386,150
2020-10-24,Modoc,049,8938,38,28,0,28,0
2020-10-24,Mono,051,14174,195,167,5,172,1
2020-10-24,Monterey,053,433212,11419,11153,60,11213,87
2020-10-24,Napa,055,140530,2044,1957,8,1965,14
2020-10-24,Nevada,057,99092,644,608,18,626,8
2020-10-24,Orange,059,3164182,60796,57928,1755,59683,1441
2020-10-24,Placer,061,380077,4401,4093,15,4108,57
2020-10-24,Plumas,063,18699,78,63,0,63,0
2020-10-24,Riverside,065,2383286,67629,65902,359,66261,1288
2020-10-24,Sacramento,067,1510023,25797,25372,27,25399,496
2020-10-24,San Benito,069,59416,1431,1417,1,1418,15
2020-10-24,San Bernardino,071,2135413,63994,61351,445,61796,1153
2020-10-24,San Diego,073,3302833,56592,54330,1543,55873,868
2020-10-24,San Francisco,075,870044,12288,12073,47,12120,137
2020-10-24,San Joaquin,077,732212,21953,21458,199,21657,495
2020-10-24,San Luis Obispo,079,281455,4387,4119,25,4144,31
2020-10-24,San Mateo,081,765935,11402,10942,11,10953,155
2020-10-24,Santa Barbara,083,443738,9946,9781,94,9875,122
2020-10-24,Santa Clara,085,1922200,25477,23978,50,24028,365
2020-10-24,Santa Cruz,087,273765,2887,2775,33,2808,24
2020-10-24,Shasta,089,179085,2194,1878,20,1898,29
2020-10-24,Sierra,091,2930,6,6,0,6,0
2020-10-24,Siskiyou,093,43540,206,174,10,184,0
2020-10-24,Solano,095,438530,7423,7189,39,7228,60
2020-10-24,Sonoma,097,501317,9624,9179,27,9206,140
2020-10-24,Stanislaus,099,539301,17776,17574,737,18311,400
2020-10-24,Sutter,101,95872,1859,1804,1,1805,12
2020-10-24,Tehama,103,63373,925,872,2,874,5
2020-10-24,Trinity,105,12862,85,25,10,35,0
2020-10-24,Tulare,107,460477,17996,17406,353,17759,295
2020-10-24,Tuolumne,109,53932,281,269,5,274,4
2020-10-24,Ventura,111,848112,14968,14240,318,14558,154
2020-10-24,Yolo,113,214977,3274,3164,10,3174,57
2020-10-24,Yuba,115,75493,1257,1210,6,1216,10
2020-10-23,Alameda,001,1643700,23698,23047,218,23265,393
2020-10-23,Alpine,003,1148,3,3,0,3,0
2020-10-23,Amador,005,37829,343,324,0,324,16
2020-10-23,Butte,007,227075,3197,3059,37,3096,55
2020-10-23,Calaveras,009,45235,336,273,0,273,13
2020-10-23,Colusa,011,21464,550,547,1,548,6
2020-10-23,Contra Costa,013,1133247,19035,18483,92,18575,244
2020-10-23,Del Norte,015,27424,174,171,0,171,2
2020-10-23,El Dorado,017,186661,1405,1310,12,1322,4
2020-10-23,Fresno,019,978130,33509,30590,468,31058,441
2020-10-23,Glenn,021,27897,679,644,1,645,3
2020-10-23,Humboldt,023,135768,564,553,1,554,7
2020-10-23,Imperial,025,180216,12913,12398,15,12413,333
2020-10-23,Inyo,027,18085,244,226,5,231,14
2020-10-23,Kern,029,883053,33925,33077,410,33487,431
2020-10-23,Kings,031,150075,8705,8218,48,8266,82
2020-10-23,Lake,033,64148,715,689,0,689,15
2020-10-23,Lassen,035,31185,774,764,2,766,0
2020-10-23,Los Angeles,037,10098052,301358,294287,2804,297091,6956
2020-10-23,Madera,039,155013,5051,4888,37,4925,53
2020-10-23,Marin,041,260295,7133,7029,19,7048,102
2020-10-23,Mariposa,043,17540,80,77,0,77,2
2020-10-23,Mendocino,045,87422,1073,1019,4,1023,20
2020-10-23,Merced,047,269075,9532,9327,35,9362,149
2020-10-23,Modoc,049,8938,38,28,0,28,0
2020-10-23,Mono,051,14174,194,159,5,164,1
2020-10-23,Monterey,053,433212,11372,11099,56,11155,86
2020-10-23,Napa,055,140530,2036,1942,8,1950,14
2020-10-23,Nevada,057,99092,641,604,18,622,8
2020-10-23,Orange,059,3164182,60626,57595,1740,59335,1430
2020-10-23,Placer,061,380077,4354,4073,15,4088,57
2020-10-23,Plumas,063,18699,75,63,0,63,0
2020-10-23,Riverside,065,2383286,67390,65512,351,65863,1279
2020-10-23,Sacramento,067,1510023,25692,25224,27,25251,496
2020-10-23,San Benito,069,59416,1429,1412,1,1413,15
2020-10-23,San Bernardino,071,2135413,63709,60854,431,61285,1150
2020-10-23,San Diego,073,3302833,56286,53944,1516,55460,867
2020-10-23,San Francisco,075,870044,12257,12015,47,12062,137
2020-10-23,San Joaquin,077,732212,21897,21361,193,21554,495
2020-10-23,San Luis Obispo,079,281455,4362,4102,25,4127,31
2020-10-23,San Mateo,081,765935,11353,10872,11,10883,155
2020-10-23,Santa Barbara,083,443738,9930,9751,94,9845,121
2020-10-23,Santa Clara,085,1922200,25375,23822,50,23872,364
2020-10-23,Santa Cruz,087,273765,2873,2757,33,2790,24
2020-10-23,Shasta,089,179085,2157,1846,19,1865,29
2020-10-23,Sierra,091,2930,6,6,0,6,0
2020-10-23,Siskiyou,093,43540,202,172,10,182,0
2020-10-23,Solano,095,438530,7392,7174,39,7213,59
2020-10-23,Sonoma,097,501317,9567,9112,27,9139,139
2020-10-23,Stanislaus,099,539301,17739,17496,730,18226,395
2020-10-23,Sutter,101,95872,1852,1797,1,1798,12
2020-10-23,Tehama,103,63373,916,862,2,864,5
2020-10-23,Trinity,105,12862,85,26,10,36,0
2020-10-23,Tulare,107,460477,17951,17334,342,17676,295
2020-10-23,Tuolumne,109,53932,279,254,5,259,4
2020-10-23,Ventura,111,848112,14939,14192,318,14510,155
2020-10-23,Yolo,113,214977,3262,3140,10,3150,57
2020-10-23,Yuba,115,75493,1253,1206,6,1212,10
2020-10-22,Alameda,001,1643700,23597,22915,218,23133,393
2020-10-22,Alpine,003,1148,3,3,0,3,0
2020-10-22,Amador,005,37829,339,317,0,317,16
2020-10-22,Butte,007,227075,3187,3046,35,3081,55
2020-10-22,Calaveras,009,45235,333,273,0,273,13
2020-10-22,Colusa,011,21464,550,547,1,548,6
2020-10-22,Contra Costa,013,1133247,18964,18393,92,18485,243
2020-10-22,Del Norte,015,27424,173,168,0,168,2
2020-10-22,El Dorado,017,186661,1395,1308,12,1320,4
2020-10-22,Fresno,019,978130,33399,30471,460,30931,438
2020-10-22,Glenn,021,27897,672,643,1,644,3
2020-10-22,Humboldt,023,135768,562,548,1,549,7
2020-10-22,Imperial,025,180216,12860,12311,15,12326,333
2020-10-22,Inyo,027,18085,241,220,5,225,14
2020-10-22,Kern,029,883053,33844,32991,407,33398,431
2020-10-22,Kings,031,150075,8454,8201,48,8249,82
2020-10-22,Lake,033,64148,711,678,0,678,15
2020-10-22,Lassen,035,31185,771,764,2,766,0
2020-10-22,Los Angeles,037,10098052,299981,291599,2746,294345,6935
2020-10-22,Madera,039,155013,5030,4847,37,4884,52
2020-10-22,Marin,041,260295,7126,7014,19,7033,102
2020-10-22,Mariposa,043,17540,80,77,0,77,2
2020-10-22,Mendocino,045,87422,1068,1016,4,1020,20
2020-10-22,Merced,047,269075,9504,9323,35,9358,149
2020-10-22,Modoc,049,8938,34,26,0,26,0
2020-10-22,Mono,051,14174,189,156,5,161,1
2020-10-22,Monterey,053,433212,11313,11059,53,11112,84
2020-10-22,Napa,055,140530,2021,1928,8,1936,14
2020-10-22,Nevada,057,99092,635,600,18,618,8
2020-10-22,Orange,059,3164182,60411,57418,1723,59141,1422
2020-10-22,Placer,061,380077,4305,4036,15,4051,57
2020-10-22,Plumas,063,18699,72,62,0,62,0
2020-10-22,Riverside,065,2383286,67055,65104,333,65437,1279
2020-10-22,Sacramento,067,1510023,25552,25054,27,25081,492
2020-10-22,San Benito,069,59416,1425,1403,1,1404,15
2020-10-22,San Bernardino,071,2135413,63307,60402,416,60818,1149
2020-10-22,San Diego,073,3302833,55899,53514,1497,55011,866
2020-10-22,San Francisco,075,870044,12199,11991,45,12036,137
2020-10-22,San Joaquin,077,732212,21824,21282,187,21469,495
2020-10-22,San Luis Obispo,079,281455,4346,4081,25,4106,31
2020-10-22,San Mateo,081,765935,11297,10796,11,10807,155
2020-10-22,Santa Barbara,083,443738,9896,9710,92,9802,120
2020-10-22,Santa Clara,085,1922200,25221,23621,50,23671,363
2020-10-22,Santa Cruz,087,273765,2855,2738,32,2770,24
2020-10-22,Shasta,089,179085,2111,1799,19,1818,29
2020-10-22,Sierra,091,2930,6,6,0,6,0
2020-10-22,Siskiyou,093,43540,201,169,10,179,0
2020-10-22,Solano,095,438530,7346,7116,39,7155,59
2020-10-22,Sonoma,097,501317,9501,9052,26,9078,139
2020-10-22,Stanislaus,099,539301,17685,17440,718,18158,395
2020-10-22,Sutter,101,95872,1838,1794,1,1795,12
2020-10-22,Tehama,103,63373,905,852,2,854,5
2020-10-22,Trinity,105,12862,84,26,10,36,0
2020-10-22,Tulare,107,460477,17885,17265,329,17594,293
2020-10-22,Tuolumne,109,53932,277,252,5,257,4
2020-10-22,Ventura,111,848112,14892,14124,316,14440,154
2020-10-22,Yolo,113,214977,3250,3116,10,3126,58
2020-10-22,Yuba,115,75493,1246,1199,5,1204,10
2020-10-21,Alameda,001,1643700,23509,22853,216,23069,392
2020-10-21,Alpine,003,1148,3,3,0,3,0
2020-10-21,Amador,005,37829,334,313,0,313,16
2020-10-21,Butte,007,227075,3175,3041,35,3076,55
2020-10-21,Calaveras,009,45235,332,272,0,272,13
2020-10-21,Colusa,011,21464,550,546,1,547,6
2020-10-21,Contra Costa,013,1133247,18890,18299,92,18391,243
2020-10-21,Del Norte,015,27424,173,169,0,169,2
2020-10-21,El Dorado,017,186661,1383,1305,11,1316,4
2020-10-21,Fresno,019,978130,33304,30328,455,30783,433
2020-10-21,Glenn,021,27897,667,640,1,641,3
2020-10-21,Humboldt,023,135768,561,548,1,549,7
2020-10-21,Imperial,025,180216,12803,12210,15,12225,331
2020-10-21,Inyo,027,18085,237,220,5,225,14
2020-10-21,Kern,029,883053,33769,32956,405,33361,430
2020-10-21,Kings,031,150075,8427,8186,48,8234,80
2020-10-21,Lake,033,64148,710,676,0,676,15
2020-10-21,Lassen,035,31185,770,764,2,766,0
2020-10-21,Los Angeles,037,10098052,298640,288096,2704,290800,6923
2020-10-21,Madera,039,155013,5005,4831,37,4868,52
2020-10-21,Marin,041,260295,7117,7002,19,7021,102
2020-10-21,Mariposa,043,17540,80,77,0,77,2
2020-10-21,Mendocino,045,87422,1066,1011,4,1015,21
2020-10-21,Merced,047,269075,9480,9319,33,9352,149
2020-10-21,Modoc,049,8938,33,26,0,26,0
2020-10-21,Mono,051,14174,187,156,5,161,1
2020-10-21,Monterey,053,433212,11275,11005,52,11057,83
2020-10-21,Napa,055,140530,2006,1918,8,1926,13
2020-10-21,Nevada,057,99092,629,597,18,615,8
2020-10-21,Orange,059,3164182,60199,57189,1714,58903,1409
2020-10-21,Placer,061,380077,4268,4007,15,4022,56
2020-10-21,Plumas,063,18699,69,58,0,58,0
2020-10-21,Riverside,065,2383286,66759,64778,309,65087,1278
2020-10-21,Sacramento,067,1510023,25359,24908,27,24935,490
2020-10-21,San Benito,069,59416,1424,1401,1,1402,14
2020-10-21,San Bernardino,071,2135413,62897,59948,409,60357,1141
2020-10-21,San Diego,073,3302833,55547,53279,1469,54748,863
2020-10-21,San Francisco,075,870044,12150,11976,44,12020,137
2020-10-21,San Joaquin,077,732212,21748,21201,181,21382,495
2020-10-21,San Luis Obispo,079,281455,4319,4055,23,4078,31
2020-10-21,San Mateo,081,765935,11248,10730,11,10741,155
2020-10-21,Santa Barbara,083,443738,9879,9681,91,9772,121
2020-10-21,Santa Clara,085,1922200,25095,23537,50,23587,361
2020-10-21,Santa Cruz,087,273765,2832,2729,32,2761,24
2020-10-21,Shasta,089,179085,2075,1777,19,1796,27
2020-10-21,Sierra,091,2930,6,6,0,6,0
2020-10-21,Siskiyou,093,43540,197,169,10,179,0
2020-10-21,Solano,095,438530,7300,7088,39,7127,59
2020-10-21,Sonoma,097,501317,9421,8987,26,9013,138
2020-10-21,Stanislaus,099,539301,17635,17419,710,18129,392
2020-10-21,Sutter,101,95872,1824,1786,1,1787,12
2020-10-21,Tehama,103,63373,889,824,2,826,5
2020-10-21,Trinity,105,12862,78,25,9,34,0
2020-10-21,Tulare,107,460477,17847,17204,315,17519,292
2020-10-21,Tuolumne,109,53932,276,251,5,256,4
2020-10-21,Ventura,111,848112,14829,14050,313,14363,153
2020-10-21,Yolo,113,214977,3231,3095,10,3105,58
2020-10-21,Yuba,115,75493,1237,1194,5,1199,10
2020-10-20,Alameda,001,1643700,23406,22750,212,22962,391
2020-10-20,Alpine,003,1148,3,3,0,3,0
2020-10-20,Amador,005,37829,333,313,0,313,16
2020-10-20,Butte,007,227075,3163,3027,35,3062,56
2020-10-20,Calaveras,009,45235,330,273,0,273,13
2020-10-20,Colusa,011,21464,547,546,1,547,6
2020-10-20,Contra Costa,013,1133247,18798,18246,92,18338,241
2020-10-20,Del Norte,015,27424,172,169,0,169,2
2020-10-20,El Dorado,017,186661,1377,1295,11,1306,4
2020-10-20,Fresno,019,978130,33201,30220,449,30669,431
2020-10-20,Glenn,021,27897,662,638,1,639,3
2020-10-20,Humboldt,023,135768,557,545,1,546,7
2020-10-20,Imperial,025,180216,12735,12114,15,12129,330
2020-10-20,Inyo,027,18085,237,218,5,223,14
2020-10-20,Kern,029,883053,33694,32889,392,33281,429
2020-10-20,Kings,031,150075,8409,8178,47,8225,80
2020-10-20,Lake,033,64148,708,675,0,675,15
2020-10-20,Lassen,035,31185,769,757,2,759,0
2020-10-20,Los Angeles,037,10098052,297146,287727,2654,290381,6891
2020-10-20,Madera,039,155013,4988,4823,37,4860,52
2020-10-20,Marin,041,260295,7102,6994,19,7013,101
2020-10-20,Mariposa,043,17540,79,77,0,77,2
2020-10-20,Mendocino,045,87422,1064,1004,4,1008,21
2020-10-20,Merced,047,269075,9458,9323,33,9356,149
2020-10-20,Modoc,049,8938,32,26,0,26,0
2020-10-20,Mono,051,14174,187,156,5,161,1
2020-10-20,Monterey,053,433212,11232,10942,49,10991,81
2020-10-20,Napa,055,140530,1987,1912,8,1920,13
2020-10-20,Nevada,057,99092,619,596,18,614,8
2020-10-20,Orange,059,3164182,59935,56914,1704,58618,1397
2020-10-20,Placer,061,380077,4230,3997,15,4012,56
2020-10-20,Plumas,063,18699,66,53,0,53,0
2020-10-20,Riverside,065,2383286,66380,64452,297,64749,1275
2020-10-20,Sacramento,067,1510023,25231,24767,26,24793,485
2020-10-20,San Benito,069,59416,1421,1398,1,1399,14
2020-10-20,San Bernardino,071,2135413,62513,59571,407,59978,1109
2020-10-20,San Diego,073,3302833,55211,53004,1449,54453,857
2020-10-20,San Francisco,075,870044,12103,12013,43,12056,126
2020-10-20,San Joaquin,077,732212,21669,21173,172,21345,490
2020-10-20,San Luis Obispo,079,281455,4301,4043,22,4065,31
2020-10-20,San Mateo,081,765935,11201,10659,11,10670,155
2020-10-20,Santa Barbara,083,443738,9850,9664,89,9753,121
2020-10-20,Santa Clara,085,1922200,24957,23406,50,23456,358
2020-10-20,Santa Cruz,087,273765,2809,2710,32,2742,23
2020-10-20,Shasta,089,179085,2052,1747,19,1766,20
2020-10-20,Sierra,091,2930,6,6,0,6,0
2020-10-20,Siskiyou,093,43540,189,168,10,178,0
2020-10-20,Solano,095,438530,7251,7044,39,7083,57
2020-10-20,Sonoma,097,501317,9358,8904,24,8928,135
2020-10-20,Stanislaus,099,539301,17581,17367,706,18073,393
2020-10-20,Sutter,101,95872,1815,1783,1,1784,12
2020-10-20,Tehama,103,63373,874,813,2,815,5
2020-10-20,Trinity,105,12862,77,25,9,34,0
2020-10-20,Tulare,107,460477,17780,17156,310,17466,289
2020-10-20,Tuolumne,109,53932,274,250,5,255,4
2020-10-20,Ventura,111,848112,14765,13980,311,14291,152
2020-10-20,Yolo,113,214977,3208,3083,10,3093,56
2020-10-20,Yuba,115,75493,1227,1191,5,1196,10
2020-10-19,Alameda,001,1643700,23296,22647,211,22858,392
2020-10-19,Alpine,003,1148,3,3,0,3,0
2020-10-19,Amador,005,37829,327,313,0,313,16
2020-10-19,Butte,007,227075,3152,3026,35,3061,55
2020-10-19,Calaveras,009,45235,329,268,0,268,13
2020-10-19,Colusa,011,21464,547,544,1,545,6
2020-10-19,Contra Costa,013,1133247,18700,18173,92,18265,239
2020-10-19,Del Norte,015,27424,169,167,0,167,2
2020-10-19,El Dorado,017,186661,1356,1287,11,1298,4
2020-10-19,Fresno,019,978130,33092,30152,443,30595,431
2020-10-19,Glenn,021,27897,657,635,0,635,3
2020-10-19,Humboldt,023,135768,557,543,1,544,7
2020-10-19,Imperial,025,180216,12681,12036,14,12050,330
2020-10-19,Inyo,027,18085,236,218,5,223,14
2020-10-19,Kern,029,883053,33618,32840,389,33229,428
2020-10-19,Kings,031,150075,8391,8173,47,8220,80
2020-10-19,Lake,033,64148,705,673,0,673,15
2020-10-19,Lassen,035,31185,768,757,2,759,0
2020-10-19,Los Angeles,037,10098052,295662,287119,2616,289735,6858
2020-10-19,Madera,039,155013,4973,4787,37,4824,52
2020-10-19,Marin,041,260295,7084,6981,19,7000,100
2020-10-19,Mariposa,043,17540,79,77,0,77,2
2020-10-19,Mendocino,045,87422,1059,1001,4,1005,21
2020-10-19,Merced,047,269075,9433,9305,30,9335,148
2020-10-19,Modoc,049,8938,31,26,0,26,0
2020-10-19,Mono,051,14174,182,156,5,161,1
2020-10-19,Monterey,053,433212,11171,10907,49,10956,80
2020-10-19,Napa,055,140530,1975,1892,8,1900,12
2020-10-19,Nevada,057,99092,616,590,18,608,8
2020-10-19,Orange,059,3164182,59652,56652,1689,58341,1396
2020-10-19,Placer,061,380077,4181,3962,15,3977,49
2020-10-19,Plumas,063,18699,64,52,0,52,0
2020-10-19,Riverside,065,2383286,65949,64016,281,64297,1272
2020-10-19,Sacramento,067,1510023,25092,24542,26,24568,483
2020-10-19,San Benito,069,59416,1414,1395,1,1396,14
2020-10-19,San Bernardino,071,2135413,62061,59265,395,59660,1100
2020-10-19,San Diego,073,3302833,54825,52739,1424,54163,853
2020-10-19,San Francisco,075,870044,12059,11879,43,11922,126
2020-10-19,San Joaquin,077,732212,21594,20930,164,21094,489
2020-10-19,San Luis Obispo,079,281455,4285,4016,22,4038,31
2020-10-19,San Mateo,081,765935,11155,10568,11,10579,154
2020-10-19,Santa Barbara,083,443738,9814,9632,89,9721,121
2020-10-19,Santa Clara,085,1922200,24807,23301,50,23351,352
2020-10-19,Santa Cruz,087,273765,2792,2705,32,2737,19
2020-10-19,Shasta,089,179085,2008,1709,18,1727,20
2020-10-19,Sierra,091,2930,6,6,0,6,0
2020-10-19,Siskiyou,093,43540,182,167,10,177,0
2020-10-19,Solano,095,438530,7210,7003,39,7042,57
2020-10-19,Sonoma,097,501317,9271,8830,24,8854,135
2020-10-19,Stanislaus,099,539301,17530,17342,696,18038,390
2020-10-19,Sutter,101,95872,1810,1773,1,1774,12
2020-10-19,Tehama,103,63373,871,793,2,795,5
2020-10-19,Trinity,105,12862,75,23,9,32,0
2020-10-19,Tulare,107,460477,17730,17047,303,17350,291
2020-10-19,Tuolumne,109,53932,272,247,5,252,4
2020-10-19,Ventura,111,848112,14700,13930,308,14238,152
2020-10-19,Yolo,113,214977,3195,3069,10,3079,56
2020-10-19,Yuba,115,75493,1220,1183,5,1188,10
2020-10-18,Alameda,001,1643700,23192,22546,210,22756,392
2020-10-18,Alpine,003,1148,3,3,0,3,0
2020-10-18,Amador,005,37829,316,313,0,313,16
2020-10-18,Butte,007,227075,3139,3019,35,3054,55
2020-10-18,Calaveras,009,45235,328,267,0,267,13
2020-10-18,Colusa,011,21464,545,544,1,545,6
2020-10-18,Contra Costa,013,1133247,18602,18120,92,18212,237
2020-10-18,Del Norte,015,27424,169,167,0,167,2
2020-10-18,El Dorado,017,186661,1347,1283,11,1294,4
2020-10-18,Fresno,019,978130,32963,30051,435,30486,430
2020-10-18,Glenn,021,27897,655,634,0,634,3
2020-10-18,Humboldt,023,135768,554,540,1,541,7
2020-10-18,Imperial,025,180216,12618,11987,13,12000,330
2020-10-18,Inyo,027,18085,233,215,5,220,14
2020-10-18,Kern,029,883053,33545,32799,382,33181,428
2020-10-18,Kings,031,150075,8376,8159,47,8206,80
2020-10-18,Lake,033,64148,698,670,0,670,15
2020-10-18,Lassen,035,31185,768,757,2,759,0
2020-10-18,Los Angeles,037,10098052,293953,286187,2574,288761,6857
2020-10-18,Madera,039,155013,4948,4770,36,4806,52
2020-10-18,Marin,041,260295,7063,6969,19,6988,99
2020-10-18,Mariposa,043,17540,79,77,0,77,2
2020-10-18,Mendocino,045,87422,1057,988,4,992,21
2020-10-18,Merced,047,269075,9398,9292,30,9322,148
2020-10-18,Modoc,049,8938,30,26,0,26,0
2020-10-18,Mono,051,14174,177,155,5,160,1
2020-10-18,Monterey,053,433212,11118,10872,49,10921,80
2020-10-18,Napa,055,140530,1962,1882,8,1890,12
2020-10-18,Nevada,057,99092,610,582,18,600,8
2020-10-18,Orange,059,3164182,59355,56394,1672,58066,1396
2020-10-18,Placer,061,380077,4133,3938,15,3953,49
2020-10-18,Plumas,063,18699,62,52,0,52,0
2020-10-18,Riverside,065,2383286,65636,63765,260,64025,1270
2020-10-18,Sacramento,067,1510023,24936,24425,26,24451,482
2020-10-18,San Benito,069,59416,1407,1395,1,1396,14
2020-10-18,San Bernardino,071,2135413,61562,58893,387,59280,1098
2020-10-18,San Diego,073,3302833,54436,52359,1403,53762,853
2020-10-18,San Francisco,075,870044,12020,11878,43,11921,126
2020-10-18,San Joaquin,077,732212,21511,20931,151,21082,489
2020-10-18,San Luis Obispo,079,281455,4254,4009,20,4029,31
2020-10-18,San Mateo,081,765935,11096,10503,11,10514,154
2020-10-18,Santa Barbara,083,443738,9775,9608,88,9696,121
2020-10-18,Santa Clara,085,1922200,24634,23169,50,23219,352
2020-10-18,Santa Cruz,087,273765,2778,2692,32,2724,19
2020-10-18,Shasta,089,179085,1983,1708,18,1726,20
2020-10-18,Sierra,091,2930,6,6,0,6,0
2020-10-18,Siskiyou,093,43540,182,167,10,177,0
2020-10-18,Solano,095,438530,7163,6962,39,7001,57
2020-10-18,Sonoma,097,501317,9194,8781,23,8804,134
2020-10-18,Stanislaus,099,539301,17474,17290,687,17977,390
2020-10-18,Sutter,101,95872,1801,1764,1,1765,12
2020-10-18,Tehama,103,63373,839,774,2,776,5
2020-10-18,Trinity,105,12862,75,20,9,29,0
2020-10-18,Tulare,107,460477,17636,17048,294,17342,290
2020-10-18,Tuolumne,109,53932,266,245,5,250,4
2020-10-18,Ventura,111,848112,14620,13901,307,14208,151
2020-10-18,Yolo,113,214977,3156,3059,10,3069,55
2020-10-18,Yuba,115,75493,1209,1176,5,1181,10
2020-10-17,Alameda,001,1643700,23147,22394,208,22602,398
2020-10-17,Alpine,003,1148,3,3,0,3,0
2020-10-17,Amador,005,37829,314,309,0,309,16
2020-10-17,Butte,007,227075,3131,3012,33,3045,55
2020-10-17,Calaveras,009,45235,328,267,0,267,13
2020-10-17,Colusa,011,21464,544,544,1,545,6
2020-10-17,Contra Costa,013,1133247,18548,18005,92,18097,237
2020-10-17,Del Norte,015,27424,169,167,0,167,2
2020-10-17,El Dorado,017,186661,1343,1277,11,1288,4
2020-10-17,Fresno,019,978130,32909,29911,433,30344,430
2020-10-17,Glenn,021,27897,652,633,0,633,3
2020-10-17,Humboldt,023,135768,551,535,1,536,7
2020-10-17,Imperial,025,180216,12590,11962,13,11975,330
2020-10-17,Inyo,027,18085,228,212,5,217,14
2020-10-17,Kern,029,883053,33494,32710,379,33089,428
2020-10-17,Kings,031,150075,8370,8151,46,8197,80
2020-10-17,Lake,033,64148,695,663,0,663,15
2020-10-17,Lassen,035,31185,768,757,2,759,0
2020-10-17,Los Angeles,037,10098052,293199,285858,2547,288405,6844
2020-10-17,Madera,039,155013,4942,4759,36,4795,53
2020-10-17,Marin,041,260295,7060,6958,19,6977,99
2020-10-17,Mariposa,043,17540,78,77,0,77,2
2020-10-17,Mendocino,045,87422,1050,977,4,981,21
2020-10-17,Merced,047,269075,9384,9275,30,9305,148
2020-10-17,Modoc,049,8938,30,26,0,26,0
2020-10-17,Mono,051,14174,176,155,5,160,1
2020-10-17,Monterey,053,433212,11079,10807,48,10855,80
2020-10-17,Napa,055,140530,1953,1866,8,1874,12
2020-10-17,Nevada,057,99092,609,580,18,598,8
2020-10-17,Orange,059,3164182,59213,56197,1666,57863,1396
2020-10-17,Placer,061,380077,4106,3898,15,3913,49
2020-10-17,Plumas,063,18699,62,52,0,52,0
2020-10-17,Riverside,065,2383286,65438,63171,251,63422,1270
2020-10-17,Sacramento,067,1510023,24852,24304,26,24330,482
2020-10-17,San Benito,069,59416,1403,1389,1,1390,14
2020-10-17,San Bernardino,071,2135413,61291,58415,380,58795,1097
2020-10-17,San Diego,073,3302833,54211,51986,1392,53378,853
2020-10-17,San Francisco,075,870044,11993,11877,42,11919,126
2020-10-17,San Joaquin,077,732212,21457,20932,145,21077,489
2020-10-17,San Luis Obispo,079,281455,4239,3979,20,3999,31
2020-10-17,San Mateo,081,765935,11068,10423,11,10434,153
2020-10-17,Santa Barbara,083,443738,9756,9588,86,9674,121
2020-10-17,Santa Clara,085,1922200,24544,22997,50,23047,349
2020-10-17,Santa Cruz,087,273765,2764,2680,32,2712,19
2020-10-17,Shasta,089,179085,1957,1679,18,1697,20
2020-10-17,Sierra,091,2930,6,6,0,6,0
2020-10-17,Siskiyou,093,43540,181,167,10,177,0
2020-10-17,Solano,095,438530,7137,6929,39,6968,57
2020-10-17,Sonoma,097,501317,9151,8725,23,8748,134
2020-10-17,Stanislaus,099,539301,17434,17232,678,17910,390
2020-10-17,Sutter,101,95872,1799,1762,1,1763,12
2020-10-17,Tehama,103,63373,823,764,2,766,5
2020-10-17,Trinity,105,12862,75,20,9,29,0
2020-10-17,Tulare,107,460477,17606,16995,285,17280,290
2020-10-17,Tuolumne,109,53932,266,241,5,246,4
2020-10-17,Ventura,111,848112,14575,13845,304,14149,151
2020-10-17,Yolo,113,214977,3141,3045,9,3054,55
2020-10-17,Yuba,115,75493,1204,1164,5,1169,10
2020-10-16,Alameda,001,1643700,23093,22315,208,22523,397
2020-10-16,Alpine,003,1148,3,3,0,3,0
2020-10-16,Amador,005,37829,314,309,0,309,16
2020-10-16,Butte,007,227075,3120,3004,33,3037,54
2020-10-16,Calaveras,009,45235,328,267,0,267,13
2020-10-16,Colusa,011,21464,543,544,1,545,6
2020-10-16,Contra Costa,013,1133247,18495,17956,92,18048,237
2020-10-16,Del Norte,015,27424,169,166,0,166,2
2020-10-16,El Dorado,017,186661,1337,1273,11,1284,4
2020-10-16,Fresno,019,978130,32834,29796,432,30228,427
2020-10-16,Glenn,021,27897,647,632,0,632,3
2020-10-16,Humboldt,023,135768,551,533,1,534,7
2020-10-16,Imperial,025,180216,12550,11885,13,11898,330
2020-10-16,Inyo,027,18085,224,212,5,217,14
2020-10-16,Kern,029,883053,33451,32660,377,33037,428
2020-10-16,Kings,031,150075,8361,8146,45,8191,80
2020-10-16,Lake,033,64148,693,644,0,644,14
2020-10-16,Lassen,035,31185,768,757,2,759,0
2020-10-16,Los Angeles,037,10098052,292135,284988,2526,287514,6835
2020-10-16,Madera,039,155013,4930,4736,35,4771,53
2020-10-16,Marin,041,260295,7050,6933,19,6952,99
2020-10-16,Mariposa,043,17540,78,76,0,76,2
2020-10-16,Mendocino,045,87422,1043,974,4,978,21
2020-10-16,Merced,047,269075,9367,9246,30,9276,148
2020-10-16,Modoc,049,8938,30,26,0,26,0
2020-10-16,Mono,051,14174,174,155,5,160,1
2020-10-16,Monterey,053,433212,11044,10727,48,10775,79
2020-10-16,Napa,055,140530,1944,1855,8,1863,12
2020-10-16,Nevada,057,99092,607,579,18,597,8
2020-10-16,Orange,059,3164182,59035,56091,1660,57751,1388
2020-10-16,Placer,061,380077,4086,3864,15,3879,49
2020-10-16,Plumas,063,18699,61,52,0,52,0
2020-10-16,Riverside,065,2383286,65212,62986,250,63236,1267
2020-10-16,Sacramento,067,1510023,24758,24144,26,24170,479
2020-10-16,San Benito,069,59416,1400,1388,1,1389,14
2020-10-16,San Bernardino,071,2135413,61022,58233,380,58613,1069
2020-10-16,San Diego,073,3302833,53969,51785,1378,53163,850
2020-10-16,San Francisco,075,870044,11971,11840,41,11881,126
2020-10-16,San Joaquin,077,732212,21412,20910,144,21054,489
2020-10-16,San Luis Obispo,079,281455,4223,3952,20,3972,32
2020-10-16,San Mateo,081,765935,11042,10405,11,10416,153
2020-10-16,Santa Barbara,083,443738,9737,9549,86,9635,119
2020-10-16,Santa Clara,085,1922200,24456,22920,50,22970,345
2020-10-16,Santa Cruz,087,273765,2751,2666,32,2698,20
2020-10-16,Shasta,089,179085,1935,1660,18,1678,20
2020-10-16,Sierra,091,2930,6,6,0,6,0
2020-10-16,Siskiyou,093,43540,179,167,10,177,0
2020-10-16,Solano,095,438530,7114,6879,39,6918,55
2020-10-16,Sonoma,097,501317,9095,8652,23,8675,133
2020-10-16,Stanislaus,099,539301,17400,17201,670,17871,366
2020-10-16,Sutter,101,95872,1791,1756,1,1757,12
2020-10-16,Tehama,103,63373,822,737,2,739,3
2020-10-16,Trinity,105,12862,75,20,9,29,0
2020-10-16,Tulare,107,460477,17574,16965,277,17242,290
2020-10-16,Tuolumne,109,53932,264,237,5,242,4
2020-10-16,Ventura,111,848112,14532,13805,299,14104,152
2020-10-16,Yolo,113,214977,3132,3030,9,3039,55
2020-10-16,Yuba,115,75493,1204,1155,5,1160,10
2020-10-15,Alameda,001,1643700,23025,22267,207,22474,390
2020-10-15,Alpine,003,1148,3,3,0,3,0
2020-10-15,Amador,005,37829,314,309,0,309,16
2020-10-15,Butte,007,227075,3108,3000,32,3032,54
2020-10-15,Calaveras,009,45235,327,267,0,267,13
2020-10-15,Colusa,011,21464,542,543,1,544,6
2020-10-15,Contra Costa,013,1133247,18428,17893,91,17984,237
2020-10-15,Del Norte,015,27424,169,164,0,164,2
2020-10-15,El Dorado,017,186661,1332,1265,11,1276,4
2020-10-15,Fresno,019,978130,32737,29727,429,30156,425
2020-10-15,Glenn,021,27897,642,632,0,632,3
2020-10-15,Humboldt,023,135768,547,531,1,532,7
2020-10-15,Imperial,025,180216,12509,11820,12,11832,330
2020-10-15,Inyo,027,18085,224,210,5,215,14
2020-10-15,Kern,029,883053,33370,32593,374,32967,427
2020-10-15,Kings,031,150075,8346,8134,45,8179,80
2020-10-15,Lake,033,64148,691,642,0,642,14
2020-10-15,Lassen,035,31185,767,752,2,754,0
2020-10-15,Los Angeles,037,10098052,290850,284019,2493,286512,6807
2020-10-15,Madera,039,155013,4918,4723,34,4757,50
2020-10-15,Marin,041,260295,7042,6912,19,6931,99
2020-10-15,Mariposa,043,17540,78,76,0,76,2
2020-10-15,Mendocino,045,87422,1037,963,4,967,21
2020-10-15,Merced,047,269075,9340,9213,30,9243,147
2020-10-15,Modoc,049,8938,30,26,0,26,0
2020-10-15,Mono,051,14174,174,155,5,160,1
2020-10-15,Monterey,053,433212,10977,10677,47,10724,79
2020-10-15,Napa,055,140530,1931,1842,8,1850,12
2020-10-15,Nevada,057,99092,603,575,18,593,8
2020-10-15,Orange,059,3164182,58819,55952,1648,57600,1379
2020-10-15,Placer,061,380077,4057,3848,15,3863,48
2020-10-15,Plumas,063,18699,58,52,0,52,0
2020-10-15,Riverside,065,2383286,64879,62819,247,63066,1266
2020-10-15,Sacramento,067,1510023,24642,24068,26,24094,474
2020-10-15,San Benito,069,59416,1397,1384,1,1385,14
2020-10-15,San Bernardino,071,2135413,60683,58068,377,58445,1067
2020-10-15,San Diego,073,3302833,53685,51472,1362,52834,847
2020-10-15,San Francisco,075,870044,11943,11808,38,11846,126
2020-10-15,San Joaquin,077,732212,21339,20880,138,21018,487
2020-10-15,San Luis Obispo,079,281455,4207,3934,20,3954,32
2020-10-15,San Mateo,081,765935,11002,10340,11,10351,152
2020-10-15,Santa Barbara,083,443738,9713,9526,85,9611,117
2020-10-15,Santa Clara,085,1922200,24341,22808,50,22858,343
2020-10-15,Santa Cruz,087,273765,2737,2656,32,2688,13
2020-10-15,Shasta,089,179085,1924,1635,18,1653,20
2020-10-15,Sierra,091,2930,6,6,0,6,0
2020-10-15,Siskiyou,093,43540,175,166,10,176,0
2020-10-15,Solano,095,438530,7075,6830,39,6869,55
2020-10-15,Sonoma,097,501317,9003,8571,23,8594,133
2020-10-15,Stanislaus,099,539301,17362,17151,656,17807,366
2020-10-15,Sutter,101,95872,1788,1752,1,1753,12
2020-10-15,Tehama,103,63373,795,726,2,728,3
2020-10-15,Trinity,105,12862,75,20,9,29,0
2020-10-15,Tulare,107,460477,17514,16918,262,17180,289
2020-10-15,Tuolumne,109,53932,262,236,5,241,4
2020-10-15,Ventura,111,848112,14476,13750,294,14044,152
2020-10-15,Yolo,113,214977,3112,3014,9,3023,55
2020-10-15,Yuba,115,75493,1197,1151,5,1156,10
2020-10-14,Alameda,001,1643700,22926,22227,206,22433,398
2020-10-14,Alpine,003,1148,3,3,0,3,0
2020-10-14,Amador,005,37829,312,308,0,308,16
2020-10-14,Butte,007,227075,3100,2995,32,3027,54
2020-10-14,Calaveras,009,45235,327,266,0,266,12
2020-10-14,Colusa,011,21464,542,543,1,544,6
2020-10-14,Contra Costa,013,1133247,18370,17820,89,17909,236
2020-10-14,Del Norte,015,27424,168,163,0,163,2
2020-10-14,El Dorado,017,186661,1326,1264,10,1274,4
2020-10-14,Fresno,019,978130,32622,29650,423,30073,424
2020-10-14,Glenn,021,27897,641,629,0,629,3
2020-10-14,Humboldt,023,135768,544,531,1,532,7
2020-10-14,Imperial,025,180216,12472,11765,10,11775,330
2020-10-14,Inyo,027,18085,223,209,4,213,14
2020-10-14,Kern,029,883053,33295,32528,372,32900,425
2020-10-14,Kings,031,150075,8328,8118,45,8163,80
2020-10-14,Lake,033,64148,690,642,0,642,14
2020-10-14,Lassen,035,31185,765,752,2,754,0
2020-10-14,Los Angeles,037,10098052,289536,282918,2449,285367,6786
2020-10-14,Madera,039,155013,4903,4713,33,4746,50
2020-10-14,Marin,041,260295,7036,6907,19,6926,99
2020-10-14,Mariposa,043,17540,77,76,0,76,2
2020-10-14,Mendocino,045,87422,1031,955,4,959,21
2020-10-14,Merced,047,269075,9315,9201,28,9229,147
2020-10-14,Modoc,049,8938,30,27,0,27,0
2020-10-14,Mono,051,14174,174,155,5,160,1
2020-10-14,Monterey,053,433212,10927,10616,47,10663,78
2020-10-14,Napa,055,140530,1914,1837,8,1845,12
2020-10-14,Nevada,057,99092,601,573,18,591,7
2020-10-14,Orange,059,3164182,58606,55756,1639,57395,1348
2020-10-14,Placer,061,380077,4034,3829,15,3844,48
2020-10-14,Plumas,063,18699,54,52,0,52,0
2020-10-14,Riverside,065,2383286,64596,62607,246,62853,1261
2020-10-14,Sacramento,067,1510023,24498,24013,26,24039,472
2020-10-14,San Benito,069,59416,1395,1381,0,1381,14
2020-10-14,San Bernardino,071,2135413,60356,57774,373,58147,1063
2020-10-14,San Diego,073,3302833,53366,51329,1338,52667,844
2020-10-14,San Francisco,075,870044,11911,11783,37,11820,123
2020-10-14,San Joaquin,077,732212,21260,20845,124,20969,487
2020-10-14,San Luis Obispo,079,281455,4184,3901,19,3920,32
2020-10-14,San Mateo,081,765935,10951,10309,11,10320,132
2020-10-14,Santa Barbara,083,443738,9679,9509,85,9594,117
2020-10-14,Santa Clara,085,1922200,24192,22735,50,22785,343
2020-10-14,Santa Cruz,087,273765,2727,2618,32,2650,13
2020-10-14,Shasta,089,179085,1886,1553,18,1571,20
2020-10-14,Sierra,091,2930,6,6,0,6,0
2020-10-14,Siskiyou,093,43540,175,166,10,176,0
2020-10-14,Solano,095,438530,7019,6786,39,6825,55
2020-10-14,Sonoma,097,501317,8950,8514,23,8537,133
2020-10-14,Stanislaus,099,539301,17317,17105,653,17758,365
2020-10-14,Sutter,101,95872,1779,1747,1,1748,12
2020-10-14,Tehama,103,63373,784,721,2,723,3
2020-10-14,Trinity,105,12862,74,20,9,29,0
2020-10-14,Tulare,107,460477,17452,16863,249,17112,287
2020-10-14,Tuolumne,109,53932,261,236,5,241,4
2020-10-14,Ventura,111,848112,14423,13697,290,13987,152
2020-10-14,Yolo,113,214977,3094,3007,8,3015,55
2020-10-14,Yuba,115,75493,1189,1147,5,1152,10
2020-10-13,Alameda,001,1643700,22821,22185,204,22389,389
2020-10-13,Alpine,003,1148,3,3,0,3,0
2020-10-13,Amador,005,37829,310,306,0,306,16
2020-10-13,Butte,007,227075,3091,2992,32,3024,54
2020-10-13,Calaveras,009,45235,323,262,0,262,12
2020-10-13,Colusa,011,21464,542,541,1,542,6
2020-10-13,Contra Costa,013,1133247,18313,17783,89,17872,234
2020-10-13,Del Norte,015,27424,168,163,0,163,2
2020-10-13,El Dorado,017,186661,1317,1262,10,1272,4
2020-10-13,Fresno,019,978130,32500,29579,419,29998,424
2020-10-13,Glenn,021,27897,640,629,0,629,3
2020-10-13,Humboldt,023,135768,542,523,1,524,7
2020-10-13,Imperial,025,180216,12437,11727,10,11737,327
2020-10-13,Inyo,027,18085,220,207,4,211,14
2020-10-13,Kern,029,883053,33220,32497,370,32867,419
2020-10-13,Kings,031,150075,8319,8111,45,8156,80
2020-10-13,Lake,033,64148,687,639,0,639,12
2020-10-13,Lassen,035,31185,763,752,2,754,0
2020-10-13,Los Angeles,037,10098052,288255,281716,2408,284124,6767
2020-10-13,Madera,039,155013,4885,4700,33,4733,50
2020-10-13,Marin,041,260295,7014,6900,18,6918,97
2020-10-13,Mariposa,043,17540,77,76,0,76,2
2020-10-13,Mendocino,045,87422,1022,950,4,954,21
2020-10-13,Merced,047,269075,9298,9181,28,9209,146
2020-10-13,Modoc,049,8938,29,28,0,28,0
2020-10-13,Mono,051,14174,174,155,4,159,1
2020-10-13,Monterey,053,433212,10866,10574,46,10620,78
2020-10-13,Napa,055,140530,1905,1825,8,1833,12
2020-10-13,Nevada,057,99092,594,572,18,590,7
2020-10-13,Orange,059,3164182,58393,55515,1626,57141,1326
2020-10-13,Placer,061,380077,3996,3825,15,3840,48
2020-10-13,Plumas,063,18699,52,51,0,51,0
2020-10-13,Riverside,065,2383286,64277,62279,244,62523,1254
2020-10-13,Sacramento,067,1510023,24421,23930,26,23956,466
2020-10-13,San Benito,069,59416,1387,1380,0,1380,14
2020-10-13,San Bernardino,071,2135413,60017,57411,371,57782,1061
2020-10-13,San Diego,073,3302833,53073,51026,1321,52347,840
2020-10-13,San Francisco,075,870044,11876,11659,37,11696,122
2020-10-13,San Joaquin,077,732212,21199,20822,120,20942,481
2020-10-13,San Luis Obispo,079,281455,4167,3892,18,3910,32
2020-10-13,San Mateo,081,765935,10908,10286,11,10297,130
2020-10-13,Santa Barbara,083,443738,9648,9489,85,9574,117
2020-10-13,Santa Clara,085,1922200,24065,22678,50,22728,343
2020-10-13,Santa Cruz,087,273765,2709,2603,32,2635,13
2020-10-13,Shasta,089,179085,1862,1606,18,1624,20
2020-10-13,Sierra,091,2930,6,6,0,6,0
2020-10-13,Siskiyou,093,43540,174,163,10,173,0
2020-10-13,Solano,095,438530,6984,6761,39,6800,55
2020-10-13,Sonoma,097,501317,8867,8456,23,8479,133
2020-10-13,Stanislaus,099,539301,17272,17082,648,17730,362
2020-10-13,Sutter,101,95872,1770,1748,1,1749,12
2020-10-13,Tehama,103,63373,776,717,2,719,3
2020-10-13,Trinity,105,12862,70,19,8,27,0
2020-10-13,Tulare,107,460477,17394,16822,241,17063,286
2020-10-13,Tuolumne,109,53932,259,235,5,240,4
2020-10-13,Ventura,111,848112,14368,13645,286,13931,151
2020-10-13,Yolo,113,214977,3086,2983,7,2990,55
2020-10-13,Yuba,115,75493,1184,1143,5,1148,10
2020-10-12,Alameda,001,1643700,22741,22126,203,22329,389
2020-10-12,Alpine,003,1148,3,3,0,3,0
2020-10-12,Amador,005,37829,309,305,0,305,16
2020-10-12,Butte,007,227075,3085,2975,32,3007,54
2020-10-12,Calaveras,009,45235,323,262,0,262,12
2020-10-12,Colusa,011,21464,542,541,1,542,6
2020-10-12,Contra Costa,013,1133247,18238,17728,89,17817,233
2020-10-12,Del Norte,015,27424,168,161,0,161,2
2020-10-12,El Dorado,017,186661,1314,1254,10,1264,4
2020-10-12,Fresno,019,978130,32367,29523,415,29938,421
2020-10-12,Glenn,021,27897,639,626,0,626,3
2020-10-12,Humboldt,023,135768,539,522,1,523,7
2020-10-12,Imperial,025,180216,12398,11689,10,11699,328
2020-10-12,Inyo,027,18085,217,201,4,205,14
2020-10-12,Kern,029,883053,33127,32425,367,32792,419
2020-10-12,Kings,031,150075,8313,8106,45,8151,80
2020-10-12,Lake,033,64148,681,633,0,633,12
2020-10-12,Lassen,035,31185,763,752,2,754,0
2020-10-12,Los Angeles,037,10098052,287035,280961,2381,283342,6747
2020-10-12,Madera,039,155013,4866,4689,33,4722,50
2020-10-12,Marin,041,260295,6997,6886,18,6904,97
2020-10-12,Mariposa,043,17540,77,76,0,76,2
2020-10-12,Mendocino,045,87422,1016,947,4,951,21
2020-10-12,Merced,047,269075,9277,9141,28,9169,146
2020-10-12,Modoc,049,8938,29,27,0,27,0
2020-10-12,Mono,051,14174,174,154,4,158,1
2020-10-12,Monterey,053,433212,10800,10473,46,10519,77
2020-10-12,Napa,055,140530,1897,1819,8,1827,11
2020-10-12,Nevada,057,99092,590,570,18,588,7
2020-10-12,Orange,059,3164182,58164,55373,1616,56989,1326
2020-10-12,Placer,061,380077,3964,3808,14,3822,48
2020-10-12,Plumas,063,18699,52,51,0,51,0
2020-10-12,Riverside,065,2383286,63966,62279,240,62519,1254
2020-10-12,Sacramento,067,1510023,24315,23807,26,23833,466
2020-10-12,San Benito,069,59416,1384,1376,0,1376,13
2020-10-12,San Bernardino,071,2135413,59642,57235,370,57605,1061
2020-10-12,San Diego,073,3302833,52783,50748,1294,52042,826
2020-10-12,San Francisco,075,870044,11844,11659,37,11696,122
2020-10-12,San Joaquin,077,732212,21136,20701,114,20815,480
2020-10-12,San Luis Obispo,079,281455,4139,3874,18,3892,32
2020-10-12,San Mateo,081,765935,10860,10262,11,10273,130
2020-10-12,Santa Barbara,083,443738,9610,9462,85,9547,117
2020-10-12,Santa Clara,085,1922200,23949,22578,50,22628,343
2020-10-12,Santa Cruz,087,273765,2692,2590,32,2622,13
2020-10-12,Shasta,089,179085,1837,1515,18,1533,20
2020-10-12,Sierra,091,2930,6,6,0,6,0
2020-10-12,Siskiyou,093,43540,173,162,10,172,0
2020-10-12,Solano,095,438530,6945,6742,39,6781,55
2020-10-12,Sonoma,097,501317,8796,8377,23,8400,133
2020-10-12,Stanislaus,099,539301,17223,17051,639,17690,361
2020-10-12,Sutter,101,95872,1762,1741,1,1742,12
2020-10-12,Tehama,103,63373,760,708,2,710,3
2020-10-12,Trinity,105,12862,69,19,8,27,0
2020-10-12,Tulare,107,460477,17342,16742,234,16976,286
2020-10-12,Tuolumne,109,53932,254,234,5,239,4
2020-10-12,Ventura,111,848112,14306,13617,282,13899,151
2020-10-12,Yolo,113,214977,3071,2964,7,2971,55
2020-10-12,Yuba,115,75493,1173,1141,5,1146,10
2020-10-11,Alameda,001,1643700,22651,22057,199,22256,392
2020-10-11,Alpine,003,1148,3,3,0,3,0
2020-10-11,Amador,005,37829,307,305,0,305,16
2020-10-11,Butte,007,227075,3077,2967,31,2998,54
2020-10-11,Calaveras,009,45235,321,262,0,262,12
2020-10-11,Colusa,011,21464,540,541,1,542,6
2020-10-11,Contra Costa,013,1133247,18154,17678,89,17767,233
2020-10-11,Del Norte,015,27424,166,161,0,161,2
2020-10-11,El Dorado,017,186661,1305,1242,10,1252,4
2020-10-11,Fresno,019,978130,32229,29419,407,29826,421
2020-10-11,Glenn,021,27897,637,625,0,625,3
2020-10-11,Humboldt,023,135768,538,521,1,522,7
2020-10-11,Imperial,025,180216,12338,11614,10,11624,328
2020-10-11,Inyo,027,18085,213,201,4,205,14
2020-10-11,Kern,029,883053,33040,32399,358,32757,418
2020-10-11,Kings,031,150075,8296,8094,44,8138,80
2020-10-11,Lake,033,64148,668,631,0,631,12
2020-10-11,Lassen,035,31185,762,752,2,754,0
2020-10-11,Los Angeles,037,10098052,285595,280190,2340,282530,6745
2020-10-11,Madera,039,155013,4838,4680,32,4712,50
2020-10-11,Marin,041,260295,6988,6870,18,6888,97
2020-10-11,Mariposa,043,17540,77,76,0,76,2
2020-10-11,Mendocino,045,87422,1009,944,4,948,21
2020-10-11,Merced,047,269075,9259,9124,28,9152,146
2020-10-11,Modoc,049,8938,29,27,0,27,0
2020-10-11,Mono,051,14174,174,154,4,158,1
2020-10-11,Monterey,053,433212,10749,10445,44,10489,77
2020-10-11,Napa,055,140530,1881,1811,8,1819,11
2020-10-11,Nevada,057,99092,588,569,18,587,7
2020-10-11,Orange,059,3164182,57934,55202,1610,56812,1326
2020-10-11,Placer,061,380077,3943,3787,14,3801,48
2020-10-11,Plumas,063,18699,52,51,0,51,0
2020-10-11,Riverside,065,2383286,63678,62112,236,62348,1254
2020-10-11,Sacramento,067,1510023,24172,23778,26,23804,466
2020-10-11,San Benito,069,59416,1383,1374,0,1374,13
2020-10-11,San Bernardino,071,2135413,59190,56997,368,57365,1061
2020-10-11,San Diego,073,3302833,52433,50553,1272,51825,826
2020-10-11,San Francisco,075,870044,11801,11659,37,11696,122
2020-10-11,San Joaquin,077,732212,21061,20700,104,20804,480
2020-10-11,San Luis Obispo,079,281455,4122,3874,17,3891,32
2020-10-11,San Mateo,081,765935,10828,10240,11,10251,130
2020-10-11,Santa Barbara,083,443738,9579,9440,84,9524,117
2020-10-11,Santa Clara,085,1922200,23807,22487,49,22536,336
2020-10-11,Santa Cruz,087,273765,2678,2578,32,2610,13
2020-10-11,Shasta,089,179085,1807,1515,17,1532,20
2020-10-11,Sierra,091,2930,6,6,0,6,0
2020-10-11,Siskiyou,093,43540,172,162,10,172,0
2020-10-11,Solano,095,438530,6891,6685,39,6724,53
2020-10-11,Sonoma,097,501317,8739,8319,23,8342,133
2020-10-11,Stanislaus,099,539301,17159,17007,623,17630,360
2020-10-11,Sutter,101,95872,1759,1742,1,1743,12
2020-10-11,Tehama,103,63373,736,702,2,704,3
2020-10-11,Trinity,105,12862,69,19,8,27,0
2020-10-11,Tulare,107,460477,17278,16741,226,16967,286
2020-10-11,Tuolumne,109,53932,249,234,5,239,4
2020-10-11,Ventura,111,848112,14245,13604,277,13881,151
2020-10-11,Yolo,113,214977,3041,2952,7,2959,55
2020-10-11,Yuba,115,75493,1162,1137,5,1142,10
2020-10-10,Alameda,001,1643700,22601,21979,198,22177,398
2020-10-10,Alpine,003,1148,3,3,0,3,0
2020-10-10,Amador,005,37829,306,304,0,304,16
2020-10-10,Butte,007,227075,3072,2962,30,2992,54
2020-10-10,Calaveras,009,45235,320,262,0,262,12
2020-10-10,Colusa,011,21464,540,541,1,542,6
2020-10-10,Contra Costa,013,1133247,18118,17566,88,17654,233
2020-10-10,Del Norte,015,27424,166,161,0,161,2
2020-10-10,El Dorado,017,186661,1303,1240,10,1250,4
2020-10-10,Fresno,019,978130,32165,29286,405,29691,421
2020-10-10,Glenn,021,27897,637,623,0,623,3
2020-10-10,Humboldt,023,135768,535,518,1,519,7
2020-10-10,Imperial,025,180216,12323,11591,10,11601,327
2020-10-10,Inyo,027,18085,210,201,4,205,14
2020-10-10,Kern,029,883053,33003,32338,358,32696,418
2020-10-10,Kings,031,150075,8292,8078,44,8122,80
2020-10-10,Lake,033,64148,667,630,0,630,11
2020-10-10,Lassen,035,31185,762,752,2,754,0
2020-10-10,Los Angeles,037,10098052,284877,279213,2306,281519,6743
2020-10-10,Madera,039,155013,4825,4662,32,4694,50
2020-10-10,Marin,041,260295,6979,6852,18,6870,97
2020-10-10,Mariposa,043,17540,77,76,0,76,2
2020-10-10,Mendocino,045,87422,1002,935,4,939,21
2020-10-10,Merced,047,269075,9253,9105,27,9132,146
2020-10-10,Modoc,049,8938,29,27,0,27,0
2020-10-10,Mono,051,14174,174,154,4,158,1
2020-10-10,Monterey,053,433212,10716,10410,44,10454,75
2020-10-10,Napa,055,140530,1874,1804,8,1812,11
2020-10-10,Nevada,057,99092,585,564,18,582,6
2020-10-10,Orange,059,3164182,57813,54965,1605,56570,1324
2020-10-10,Placer,061,380077,3926,3757,14,3771,48
2020-10-10,Plumas,063,18699,52,51,0,51,0
2020-10-10,Riverside,065,2383286,63475,61845,234,62079,1254
2020-10-10,Sacramento,067,1510023,24105,23689,26,23715,466
2020-10-10,San Benito,069,59416,1381,1370,0,1370,13
2020-10-10,San Bernardino,071,2135413,59027,56683,366,57049,1061
2020-10-10,San Diego,073,3302833,52203,50145,1254,51399,825
2020-10-10,San Francisco,075,870044,11780,11663,37,11700,122
2020-10-10,San Joaquin,077,732212,21033,20700,100,20800,481
2020-10-10,San Luis Obispo,079,281455,4102,3832,17,3849,32
2020-10-10,San Mateo,081,765935,10791,10218,11,10229,130
2020-10-10,Santa Barbara,083,443738,9568,9417,84,9501,116
2020-10-10,Santa Clara,085,1922200,23716,22354,49,22403,330
2020-10-10,Santa Cruz,087,273765,2664,2572,32,2604,13
2020-10-10,Shasta,089,179085,1790,1473,17,1490,20
2020-10-10,Sierra,091,2930,6,6,0,6,0
2020-10-10,Siskiyou,093,43540,172,161,10,171,0
2020-10-10,Solano,095,438530,6865,6655,39,6694,53
2020-10-10,Sonoma,097,501317,8719,8235,23,8258,133
2020-10-10,Stanislaus,099,539301,17124,16960,615,17575,360
2020-10-10,Sutter,101,95872,1756,1735,1,1736,12
2020-10-10,Tehama,103,63373,729,693,2,695,3
2020-10-10,Trinity,105,12862,69,19,8,27,0
2020-10-10,Tulare,107,460477,17243,16709,221,16930,286
2020-10-10,Tuolumne,109,53932,249,233,5,238,4
2020-10-10,Ventura,111,848112,14220,13520,277,13797,151
2020-10-10,Yolo,113,214977,3032,2939,7,2946,55
2020-10-10,Yuba,115,75493,1160,1134,5,1139,10
2020-10-09,Alameda,001,1643700,22553,21924,198,22122,399
2020-10-09,Alpine,003,1148,3,3,0,3,0
2020-10-09,Amador,005,37829,306,303,0,303,16
2020-10-09,Butte,007,227075,3069,2956,30,2986,51
2020-10-09,Calaveras,009,45235,318,262,0,262,11
2020-10-09,Colusa,011,21464,540,541,1,542,6
2020-10-09,Contra Costa,013,1133247,18068,17487,88,17575,229
2020-10-09,Del Norte,015,27424,165,161,0,161,2
2020-10-09,El Dorado,017,186661,1299,1234,10,1244,4
2020-10-09,Fresno,019,978130,32092,29208,403,29611,417
2020-10-09,Glenn,021,27897,632,617,0,617,3
2020-10-09,Humboldt,023,135768,533,516,1,517,7
2020-10-09,Imperial,025,180216,12296,11516,10,11526,330
2020-10-09,Inyo,027,18085,207,200,4,204,14
2020-10-09,Kern,029,883053,32960,32237,356,32593,417
2020-10-09,Kings,031,150075,8285,7993,42,8035,80
2020-10-09,Lake,033,64148,657,610,0,610,11
2020-10-09,Lassen,035,31185,762,751,2,753,0
2020-10-09,Los Angeles,037,10098052,283742,278039,2281,280320,6715
2020-10-09,Madera,039,155013,4815,4646,32,4678,50
2020-10-09,Marin,041,260295,6965,6838,18,6856,96
2020-10-09,Mariposa,043,17540,77,76,0,76,2
2020-10-09,Mendocino,045,87422,992,933,4,937,20
2020-10-09,Merced,047,269075,9239,9095,27,9122,145
2020-10-09,Modoc,049,8938,29,27,0,27,0
2020-10-09,Mono,051,14174,174,154,4,158,1
2020-10-09,Monterey,053,433212,10682,10369,44,10413,75
2020-10-09,Napa,055,140530,1864,1795,8,1803,11
2020-10-09,Nevada,057,99092,580,561,18,579,6
2020-10-09,Orange,059,3164182,57642,54746,1600,56346,1305
2020-10-09,Placer,061,380077,3912,3737,13,3750,48
2020-10-09,Plumas,063,18699,52,50,0,50,0
2020-10-09,Riverside,065,2383286,63239,61529,233,61762,1252
2020-10-09,Sacramento,067,1510023,24035,23606,26,23632,457
2020-10-09,San Benito,069,59416,1376,1367,0,1367,13
2020-10-09,San Bernardino,071,2135413,58787,56434,364,56798,1057
2020-10-09,San Diego,073,3302833,51927,49825,1243,51068,821
2020-10-09,San Francisco,075,870044,11750,11620,37,11657,120
2020-10-09,San Joaquin,077,732212,21003,20648,92,20740,481
2020-10-09,San Luis Obispo,079,281455,4083,3810,17,3827,32
2020-10-09,San Mateo,081,765935,10763,10140,11,10151,130
2020-10-09,Santa Barbara,083,443738,9540,9396,84,9480,116
2020-10-09,Santa Clara,085,1922200,23614,22251,48,22299,328
2020-10-09,Santa Cruz,087,273765,2655,2555,32,2587,13
2020-10-09,Shasta,089,179085,1764,1353,16,1369,20
2020-10-09,Sierra,091,2930,6,6,0,6,0
2020-10-09,Siskiyou,093,43540,170,156,10,166,0
2020-10-09,Solano,095,438530,6826,6614,39,6653,53
2020-10-09,Sonoma,097,501317,8665,8133,23,8156,133
2020-10-09,Stanislaus,099,539301,17100,16904,608,17512,362
2020-10-09,Sutter,101,95872,1752,1732,1,1733,12
2020-10-09,Tehama,103,63373,723,682,2,684,3
2020-10-09,Trinity,105,12862,69,25,8,33,0
2020-10-09,Tulare,107,460477,17203,16644,212,16856,286
2020-10-09,Tuolumne,109,53932,246,230,5,235,4
2020-10-09,Ventura,111,848112,14184,13469,274,13743,151
2020-10-09,Yolo,113,214977,3025,2928,7,2935,55
2020-10-09,Yuba,115,75493,1159,1129,5,1134,10
2020-10-08,Alameda,001,1643700,22472,21826,197,22023,395
2020-10-08,Alpine,003,1148,3,3,0,3,0
2020-10-08,Amador,005,37829,305,302,0,302,16
2020-10-08,Butte,007,227075,3059,2935,30,2965,51
2020-10-08,Calaveras,009,45235,317,262,0,262,11
2020-10-08,Colusa,011,21464,540,539,1,540,6
2020-10-08,Contra Costa,013,1133247,18008,17418,87,17505,228
2020-10-08,Del Norte,015,27424,165,151,0,151,2
2020-10-08,El Dorado,017,186661,1298,1230,10,1240,4
2020-10-08,Fresno,019,978130,31987,29111,403,29514,416
2020-10-08,Glenn,021,27897,629,616,0,616,3
2020-10-08,Humboldt,023,135768,529,515,1,516,7
2020-10-08,Imperial,025,180216,12257,11405,10,11415,330
2020-10-08,Inyo,027,18085,204,199,4,203,14
2020-10-08,Kern,029,883053,32902,32169,351,32520,411
2020-10-08,Kings,031,150075,8279,7968,42,8010,80
2020-10-08,Lake,033,64148,652,604,0,604,11
2020-10-08,Lassen,035,31185,757,751,2,753,0
2020-10-08,Los Angeles,037,10098052,282540,276763,2241,279004,6699
2020-10-08,Madera,039,155013,4796,4637,32,4669,50
2020-10-08,Marin,041,260295,6951,6810,18,6828,96
2020-10-08,Mariposa,043,17540,77,76,0,76,2
2020-10-08,Mendocino,045,87422,987,930,4,934,20
2020-10-08,Merced,047,269075,9219,9069,27,9096,144
2020-10-08,Modoc,049,8938,29,27,0,27,0
2020-10-08,Mono,051,14174,174,153,4,157,1
2020-10-08,Monterey,053,433212,10615,10343,44,10387,75
2020-10-08,Napa,055,140530,1849,1779,8,1787,11
2020-10-08,Nevada,057,99092,577,556,18,574,6
2020-10-08,Orange,059,3164182,57449,54523,1589,56112,1293
2020-10-08,Placer,061,380077,3894,3715,13,3728,48
2020-10-08,Plumas,063,18699,52,50,0,50,0
2020-10-08,Riverside,065,2383286,62971,61105,232,61337,1244
2020-10-08,Sacramento,067,1510023,23928,23482,26,23508,454
2020-10-08,San Benito,069,59416,1371,1367,0,1367,13
2020-10-08,San Bernardino,071,2135413,58422,56152,363,56515,1048
2020-10-08,San Diego,073,3302833,51647,49468,1211,50679,819
2020-10-08,San Francisco,075,870044,11712,11608,37,11645,115
2020-10-08,San Joaquin,077,732212,20951,20576,87,20663,478
2020-10-08,San Luis Obispo,079,281455,4067,3785,17,3802,32
2020-10-08,San Mateo,081,765935,10731,10044,11,10055,130
2020-10-08,Santa Barbara,083,443738,9512,9374,84,9458,116
2020-10-08,Santa Clara,085,1922200,23512,22095,48,22143,323
2020-10-08,Santa Cruz,087,273765,2643,2535,32,2567,13
2020-10-08,Shasta,089,179085,1730,1305,16,1321,20
2020-10-08,Sierra,091,2930,6,6,0,6,0
2020-10-08,Siskiyou,093,43540,170,156,10,166,0
2020-10-08,Solano,095,438530,6802,6556,39,6595,53
2020-10-08,Sonoma,097,501317,8599,8063,23,8086,132
2020-10-08,Stanislaus,099,539301,17054,16821,600,17421,360
2020-10-08,Sutter,101,95872,1752,1725,1,1726,12
2020-10-08,Tehama,103,63373,714,676,2,678,3
2020-10-08,Trinity,105,12862,68,25,8,33,0
2020-10-08,Tulare,107,460477,17142,16573,204,16777,283
2020-10-08,Tuolumne,109,53932,245,230,5,235,4
2020-10-08,Ventura,111,848112,14136,13399,272,13671,151
2020-10-08,Yolo,113,214977,3008,2914,7,2921,55
2020-10-08,Yuba,115,75493,1154,1126,5,1131,10
2020-10-07,Alameda,001,1643700,22395,21736,197,21933,395
2020-10-07,Alpine,003,1148,3,3,0,3,0
2020-10-07,Amador,005,37829,305,302,0,302,16
2020-10-07,Butte,007,227075,3047,2927,30,2957,47
2020-10-07,Calaveras,009,45235,315,262,0,262,11
2020-10-07,Colusa,011,21464,539,539,0,539,6
2020-10-07,Contra Costa,013,1133247,17938,17346,86,17432,225
2020-10-07,Del Norte,015,27424,164,149,0,149,2
2020-10-07,El Dorado,017,186661,1290,1219,10,1229,4
2020-10-07,Fresno,019,978130,31866,29069,398,29467,413
2020-10-07,Glenn,021,27897,629,615,0,615,3
2020-10-07,Humboldt,023,135768,526,512,1,513,7
2020-10-07,Imperial,025,180216,12220,11289,9,11298,330
2020-10-07,Inyo,027,18085,204,199,4,203,14
2020-10-07,Kern,029,883053,32829,32068,350,32418,410
2020-10-07,Kings,031,150075,8264,7948,42,7990,80
2020-10-07,Lake,033,64148,651,599,0,599,11
2020-10-07,Lassen,035,31185,757,751,2,753,0
2020-10-07,Los Angeles,037,10098052,281359,275559,2208,277767,6681
2020-10-07,Madera,039,155013,4776,4618,32,4650,50
2020-10-07,Marin,041,260295,6924,6790,18,6808,95
2020-10-07,Mariposa,043,17540,77,75,0,75,2
2020-10-07,Mendocino,045,87422,981,927,4,931,19
2020-10-07,Merced,047,269075,9182,9045,26,9071,144
2020-10-07,Modoc,049,8938,29,27,0,27,0
2020-10-07,Mono,051,14174,173,153,3,156,1
2020-10-07,Monterey,053,433212,10556,10272,44,10316,75
2020-10-07,Napa,055,140530,1836,1774,8,1782,11
2020-10-07,Nevada,057,99092,573,552,18,570,6
2020-10-07,Orange,059,3164182,57232,54332,1578,55910,1277
2020-10-07,Placer,061,380077,3878,3693,13,3706,48
2020-10-07,Plumas,063,18699,52,50,0,50,0
2020-10-07,Riverside,065,2383286,62624,60857,228,61085,1241
2020-10-07,Sacramento,067,1510023,23831,23380,26,23406,452
2020-10-07,San Benito,069,59416,1368,1363,0,1363,13
2020-10-07,San Bernardino,071,2135413,58073,55738,362,56100,1043
2020-10-07,San Diego,073,3302833,51331,49177,1187,50364,813
2020-10-07,San Francisco,075,870044,11677,11551,37,11588,115
2020-10-07,San Joaquin,077,732212,20899,20527,80,20607,478
2020-10-07,San Luis Obispo,079,281455,4037,3749,17,3766,32
2020-10-07,San Mateo,081,765935,10688,9980,11,9991,130
2020-10-07,Santa Barbara,083,443738,9486,9350,83,9433,116
2020-10-07,Santa Clara,085,1922200,23384,21993,48,22041,320
2020-10-07,Santa Cruz,087,273765,2631,2518,32,2550,14
2020-10-07,Shasta,089,179085,1687,1268,16,1284,20
2020-10-07,Sierra,091,2930,6,6,0,6,0
2020-10-07,Siskiyou,093,43540,168,154,10,164,0
2020-10-07,Solano,095,438530,6767,6526,39,6565,53
2020-10-07,Sonoma,097,501317,8524,7993,22,8015,130
2020-10-07,Stanislaus,099,539301,17019,16786,594,17380,357
2020-10-07,Sutter,101,95872,1749,1723,1,1724,12
2020-10-07,Tehama,103,63373,705,666,2,668,3
2020-10-07,Trinity,105,12862,64,25,8,33,0
2020-10-07,Tulare,107,460477,17099,16483,196,16679,282
2020-10-07,Tuolumne,109,53932,245,227,5,232,3
2020-10-07,Ventura,111,848112,14086,13333,266,13599,150
2020-10-07,Yolo,113,214977,2982,2904,7,2911,55
2020-10-07,Yuba,115,75493,1148,1120,5,1125,10
2020-10-06,Alameda,001,1643700,22304,21698,195,21893,385
2020-10-06,Alpine,003,1148,3,3,0,3,0
2020-10-06,Amador,005,37829,303,301,0,301,16
2020-10-06,Butte,007,227075,3040,2925,30,2955,47
2020-10-06,Calaveras,009,45235,315,261,0,261,11
2020-10-06,Colusa,011,21464,538,538,0,538,6
2020-10-06,Contra Costa,013,1133247,17859,17295,86,17381,219
2020-10-06,Del Norte,015,27424,164,144,0,144,2
2020-10-06,El Dorado,017,186661,1286,1211,10,1221,4
2020-10-06,Fresno,019,978130,31722,29022,395,29417,412
2020-10-06,Glenn,021,27897,626,604,0,604,3
2020-10-06,Humboldt,023,135768,523,508,1,509,7
2020-10-06,Imperial,025,180216,12182,11196,9,11205,327
2020-10-06,Inyo,027,18085,202,198,4,202,14
2020-10-06,Kern,029,883053,32752,32006,348,32354,407
2020-10-06,Kings,031,150075,8248,7943,42,7985,81
2020-10-06,Lake,033,64148,645,596,0,596,11
2020-10-06,Lassen,035,31185,757,743,2,745,0
2020-10-06,Los Angeles,037,10098052,280122,274115,2159,276274,6657
2020-10-06,Madera,039,155013,4764,4608,32,4640,50
2020-10-06,Marin,041,260295,6909,6766,18,6784,91
2020-10-06,Mariposa,043,17540,77,75,0,75,2
2020-10-06,Mendocino,045,87422,974,920,4,924,19
2020-10-06,Merced,047,269075,9146,9034,25,9059,143
2020-10-06,Modoc,049,8938,29,26,0,26,0
2020-10-06,Mono,051,14174,173,153,3,156,1
2020-10-06,Monterey,053,433212,10501,10235,42,10277,72
2020-10-06,Napa,055,140530,1830,1770,8,1778,11
2020-10-06,Nevada,057,99092,570,551,18,569,6
2020-10-06,Orange,059,3164182,57016,54203,1569,55772,1273
2020-10-06,Placer,061,380077,3856,3680,13,3693,48
2020-10-06,Plumas,063,18699,52,49,0,49,0
2020-10-06,Riverside,065,2383286,62359,60593,226,60819,1238
2020-10-06,Sacramento,067,1510023,23744,23322,26,23348,442
2020-10-06,San Benito,069,59416,1367,1358,0,1358,12
2020-10-06,San Bernardino,071,2135413,57759,55416,358,55774,1040
2020-10-06,San Diego,073,3302833,50994,48823,1170,49993,806
2020-10-06,San Francisco,075,870044,11651,11513,36,11549,115
2020-10-06,San Joaquin,077,732212,20859,20481,77,20558,477
2020-10-06,San Luis Obispo,079,281455,4003,3723,17,3740,32
2020-10-06,San Mateo,081,765935,10656,9934,11,9945,129
2020-10-06,Santa Barbara,083,443738,9457,9331,82,9413,116
2020-10-06,Santa Clara,085,1922200,23289,21914,48,21962,320
2020-10-06,Santa Cruz,087,273765,2609,2510,32,2542,12
2020-10-06,Shasta,089,179085,1647,1242,16,1258,18
2020-10-06,Sierra,091,2930,6,6,0,6,0
2020-10-06,Siskiyou,093,43540,168,154,10,164,0
2020-10-06,Solano,095,438530,6721,6506,39,6545,52
2020-10-06,Sonoma,097,501317,8431,7895,22,7917,130
2020-10-06,Stanislaus,099,539301,16974,16759,588,17347,354
2020-10-06,Sutter,101,95872,1747,1722,1,1723,12
2020-10-06,Tehama,103,63373,696,660,2,662,3
2020-10-06,Trinity,105,12862,64,25,8,33,0
2020-10-06,Tulare,107,460477,17057,16456,188,16644,280
2020-10-06,Tuolumne,109,53932,244,227,5,232,2
2020-10-06,Ventura,111,848112,14019,13242,261,13503,150
2020-10-06,Yolo,113,214977,2968,2899,7,2906,56
2020-10-06,Yuba,115,75493,1147,1114,5,1119,10
2020-10-05,Alameda,001,1643700,22216,21637,192,21829,383
2020-10-05,Alpine,003,1148,3,2,0,2,0
2020-10-05,Amador,005,37829,303,299,0,299,16
2020-10-05,Butte,007,227075,3030,2910,30,2940,46
2020-10-05,Calaveras,009,45235,315,259,0,259,11
2020-10-05,Colusa,011,21464,538,537,0,537,6
2020-10-05,Contra Costa,013,1133247,17782,17250,86,17336,216
2020-10-05,Del Norte,015,27424,161,142,0,142,2
2020-10-05,El Dorado,017,186661,1282,1202,9,1211,4
2020-10-05,Fresno,019,978130,31605,29136,395,29531,408
2020-10-05,Glenn,021,27897,624,603,0,603,3
2020-10-05,Humboldt,023,135768,522,506,1,507,6
2020-10-05,Imperial,025,180216,12142,11169,9,11178,327
2020-10-05,Inyo,027,18085,202,197,4,201,14
2020-10-05,Kern,029,883053,32673,31933,344,32277,404
2020-10-05,Kings,031,150075,8151,7932,42,7974,80
2020-10-05,Lake,033,64148,641,592,0,592,10
2020-10-05,Lassen,035,31185,756,743,2,745,0
2020-10-05,Los Angeles,037,10098052,279028,273200,2120,275320,6632
2020-10-05,Madera,039,155013,4756,4598,30,4628,50
2020-10-05,Marin,041,260295,6892,6751,18,6769,91
2020-10-05,Mariposa,043,17540,77,75,0,75,2
2020-10-05,Mendocino,045,87422,966,913,4,917,19
2020-10-05,Merced,047,269075,9127,9021,24,9045,143
2020-10-05,Modoc,049,8938,29,26,0,26,0
2020-10-05,Mono,051,14174,173,152,3,155,1
2020-10-05,Monterey,053,433212,10454,10187,42,10229,72
2020-10-05,Napa,055,140530,1819,1760,8,1768,11
2020-10-05,Nevada,057,99092,567,550,17,567,6
2020-10-05,Orange,059,3164182,56800,54103,1556,55659,1271
2020-10-05,Placer,061,380077,3830,3670,13,3683,46
2020-10-05,Plumas,063,18699,51,49,0,49,0
2020-10-05,Riverside,065,2383286,62039,60454,222,60676,1232
2020-10-05,Sacramento,067,1510023,23640,23207,26,23233,438
2020-10-05,San Benito,069,59416,1364,1356,0,1356,12
2020-10-05,San Bernardino,071,2135413,57452,55100,357,55457,1031
2020-10-05,San Diego,073,3302833,50658,48662,1146,49808,803
2020-10-05,San Francisco,075,870044,11612,11476,34,11510,110
2020-10-05,San Joaquin,077,732212,20789,20319,74,20393,476
2020-10-05,San Luis Obispo,079,281455,3976,3710,17,3727,32
2020-10-05,San Mateo,081,765935,10629,9896,11,9907,128
2020-10-05,Santa Barbara,083,443738,9435,9309,82,9391,116
2020-10-05,Santa Clara,085,1922200,23172,21861,48,21909,319
2020-10-05,Santa Cruz,087,273765,2597,2492,32,2524,9
2020-10-05,Shasta,089,179085,1615,1158,16,1174,18
2020-10-05,Sierra,091,2930,6,6,0,6,0
2020-10-05,Siskiyou,093,43540,168,153,10,163,0
2020-10-05,Solano,095,438530,6682,6475,39,6514,52
2020-10-05,Sonoma,097,501317,8339,7817,22,7839,130
2020-10-05,Stanislaus,099,539301,16938,16730,581,17311,351
2020-10-05,Sutter,101,95872,1739,1719,1,1720,12
2020-10-05,Tehama,103,63373,688,642,2,644,3
2020-10-05,Trinity,105,12862,62,22,8,30,0
2020-10-05,Tulare,107,460477,16998,16343,183,16526,278
2020-10-05,Tuolumne,109,53932,241,226,5,231,2
2020-10-05,Ventura,111,848112,13950,13224,242,13466,149
2020-10-05,Yolo,113,214977,2949,2889,7,2896,56
2020-10-05,Yuba,115,75493,1134,1108,5,1113,9
2020-10-04,Alameda,001,1643700,22120,21597,192,21789,383
2020-10-04,Alpine,003,1148,3,2,0,2,0
2020-10-04,Amador,005,37829,302,297,0,297,16
2020-10-04,Butte,007,227075,3016,2903,30,2933,46
2020-10-04,Calaveras,009,45235,315,259,0,259,11
2020-10-04,Colusa,011,21464,537,537,0,537,6
2020-10-04,Contra Costa,013,1133247,17717,17192,86,17278,214
2020-10-04,Del Norte,015,27424,157,142,0,142,2
2020-10-04,El Dorado,017,186661,1278,1196,9,1205,4
2020-10-04,Fresno,019,978130,31482,29065,395,29460,408
2020-10-04,Glenn,021,27897,622,601,0,601,3
2020-10-04,Humboldt,023,135768,521,506,1,507,6
2020-10-04,Imperial,025,180216,12103,11127,9,11136,327
2020-10-04,Inyo,027,18085,199,195,4,199,14
2020-10-04,Kern,029,883053,32599,31906,341,32247,404
2020-10-04,Kings,031,150075,8136,7919,42,7961,80
2020-10-04,Lake,033,64148,627,589,0,589,10
2020-10-04,Lassen,035,31185,756,743,2,745,0
2020-10-04,Los Angeles,037,10098052,277642,272822,2072,274894,6625
2020-10-04,Madera,039,155013,4740,4587,30,4617,50
2020-10-04,Marin,041,260295,6872,6741,18,6759,91
2020-10-04,Mariposa,043,17540,77,75,0,75,2
2020-10-04,Mendocino,045,87422,953,905,4,909,18
2020-10-04,Merced,047,269075,9102,9006,24,9030,140
2020-10-04,Modoc,049,8938,29,26,0,26,0
2020-10-04,Mono,051,14174,172,152,2,154,1
2020-10-04,Monterey,053,433212,10413,10141,41,10182,72
2020-10-04,Napa,055,140530,1807,1759,8,1767,11
2020-10-04,Nevada,057,99092,563,547,16,563,6
2020-10-04,Orange,059,3164182,56564,53966,1547,55513,1270
2020-10-04,Placer,061,380077,3809,3664,13,3677,46
2020-10-04,Plumas,063,18699,51,49,0,49,0
2020-10-04,Riverside,065,2383286,61753,60251,218,60469,1226
2020-10-04,Sacramento,067,1510023,23527,23162,26,23188,438
2020-10-04,San Benito,069,59416,1364,1355,0,1355,12
2020-10-04,San Bernardino,071,2135413,57004,55100,355,55455,1031
2020-10-04,San Diego,073,3302833,50291,48438,1121,49559,803
2020-10-04,San Francisco,075,870044,11580,11474,32,11506,110
2020-10-04,San Joaquin,077,732212,20712,20320,68,20388,476
2020-10-04,San Luis Obispo,079,281455,3951,3688,17,3705,31
2020-10-04,San Mateo,081,765935,10569,9858,11,9869,128
2020-10-04,Santa Barbara,083,443738,9409,9276,80,9356,116
2020-10-04,Santa Clara,085,1922200,23035,21780,48,21828,316
2020-10-04,Santa Cruz,087,273765,2581,2483,32,2515,9
2020-10-04,Shasta,089,179085,1517,1158,15,1173,18
2020-10-04,Sierra,091,2930,6,6,0,6,0
2020-10-04,Siskiyou,093,43540,168,153,10,163,0
2020-10-04,Solano,095,438530,6631,6445,39,6484,52
2020-10-04,Sonoma,097,501317,8251,7794,22,7816,129
2020-10-04,Stanislaus,099,539301,16888,16711,572,17283,351
2020-10-04,Sutter,101,95872,1736,1711,1,1712,11
2020-10-04,Tehama,103,63373,673,637,2,639,3
2020-10-04,Trinity,105,12862,61,21,8,29,0
2020-10-04,Tulare,107,460477,16921,16343,172,16515,278
2020-10-04,Tuolumne,109,53932,239,226,5,231,2
2020-10-04,Ventura,111,848112,13868,13197,225,13422,149
2020-10-04,Yolo,113,214977,2938,2875,7,2882,56
2020-10-04,Yuba,115,75493,1130,1103,5,1108,9
2020-10-03,Alameda,001,1643700,22074,21510,191,21701,386
2020-10-03,Alpine,003,1148,3,2,0,2,0
2020-10-03,Amador,005,37829,301,296,0,296,16
2020-10-03,Butte,007,227075,3010,2894,30,2924,46
2020-10-03,Calaveras,009,45235,315,259,0,259,11
2020-10-03,Colusa,011,21464,536,537,0,537,6
2020-10-03,Contra Costa,013,1133247,17667,17087,84,17171,213
2020-10-03,Del Norte,015,27424,153,142,0,142,2
2020-10-03,El Dorado,017,186661,1271,1188,9,1197,4
2020-10-03,Fresno,019,978130,31422,28975,394,29369,408
2020-10-03,Glenn,021,27897,620,601,0,601,3
2020-10-03,Humboldt,023,135768,520,504,1,505,6
2020-10-03,Imperial,025,180216,12080,11090,9,11099,327
2020-10-03,Inyo,027,18085,199,194,4,198,14
2020-10-03,Kern,029,883053,32549,31864,337,32201,403
2020-10-03,Kings,031,150075,8132,7887,42,7929,80
2020-10-03,Lake,033,64148,617,588,0,588,10
2020-10-03,Lassen,035,31185,756,743,2,745,0
2020-10-03,Los Angeles,037,10098052,276936,271869,2043,273912,6620
2020-10-03,Madera,039,155013,4723,4565,30,4595,50
2020-10-03,Marin,041,260295,6866,6728,18,6746,91
2020-10-03,Mariposa,043,17540,77,75,0,75,2
2020-10-03,Mendocino,045,87422,951,898,4,902,18
2020-10-03,Merced,047,269075,9089,8986,24,9010,139
2020-10-03,Modoc,049,8938,29,26,0,26,0
2020-10-03,Mono,051,14174,171,152,2,154,1
2020-10-03,Monterey,053,433212,10379,10092,38,10130,72
2020-10-03,Napa,055,140530,1803,1752,8,1760,11
2020-10-03,Nevada,057,99092,562,544,16,560,6
2020-10-03,Orange,059,3164182,56447,53573,1542,55115,1268
2020-10-03,Placer,061,380077,3798,3648,13,3661,47
2020-10-03,Plumas,063,18699,51,48,0,48,0
2020-10-03,Riverside,065,2383286,61601,59991,216,60207,1226
2020-10-03,Sacramento,067,1510023,23476,23076,26,23102,437
2020-10-03,San Benito,069,59416,1364,1351,0,1351,12
2020-10-03,San Bernardino,071,2135413,56831,55004,352,55356,1031
2020-10-03,San Diego,073,3302833,50060,48202,1104,49306,798
2020-10-03,San Francisco,075,870044,11555,11475,30,11505,110
2020-10-03,San Joaquin,077,732212,20686,20322,68,20390,476
2020-10-03,San Luis Obispo,079,281455,3927,3670,17,3687,31
2020-10-03,San Mateo,081,765935,10542,9822,10,9832,128
2020-10-03,Santa Barbara,083,443738,9396,9256,80,9336,116
2020-10-03,Santa Clara,085,1922200,22955,21672,48,21720,309
2020-10-03,Santa Cruz,087,273765,2573,2476,32,2508,9
2020-10-03,Shasta,089,179085,1489,1117,14,1131,18
2020-10-03,Sierra,091,2930,6,6,0,6,0
2020-10-03,Siskiyou,093,43540,168,152,10,162,0
2020-10-03,Solano,095,438530,6605,6419,39,6458,52
2020-10-03,Sonoma,097,501317,8209,7747,22,7769,129
2020-10-03,Stanislaus,099,539301,16855,16645,568,17213,351
2020-10-03,Sutter,101,95872,1732,1705,1,1706,11
2020-10-03,Tehama,103,63373,667,630,2,632,3
2020-10-03,Trinity,105,12862,61,15,8,23,0
2020-10-03,Tulare,107,460477,16877,16322,168,16490,278
2020-10-03,Tuolumne,109,53932,238,224,5,229,2
2020-10-03,Ventura,111,848112,13830,13150,221,13371,148
2020-10-03,Yolo,113,214977,2931,2863,7,2870,56
2020-10-03,Yuba,115,75493,1122,1097,5,1102,8
2020-10-02,Alameda,001,1643700,22019,21404,190,21594,382
2020-10-02,Alpine,003,1148,3,2,0,2,0
2020-10-02,Amador,005,37829,300,296,0,296,16
2020-10-02,Butte,007,227075,3000,2879,30,2909,46
2020-10-02,Calaveras,009,45235,314,259,0,259,11
2020-10-02,Colusa,011,21464,535,537,0,537,6
2020-10-02,Contra Costa,013,1133247,17624,17002,83,17085,213
2020-10-02,Del Norte,015,27424,152,141,0,141,2
2020-10-02,El Dorado,017,186661,1264,1168,9,1177,4
2020-10-02,Fresno,019,978130,31339,28855,394,29249,403
2020-10-02,Glenn,021,27897,615,594,0,594,3
2020-10-02,Humboldt,023,135768,519,503,1,504,6
2020-10-02,Imperial,025,180216,12058,11024,9,11033,327
2020-10-02,Inyo,027,18085,197,191,4,195,14
2020-10-02,Kern,029,883053,32497,31790,335,32125,399
2020-10-02,Kings,031,150075,8123,7716,42,7758,79
2020-10-02,Lake,033,64148,611,579,0,579,10
2020-10-02,Lassen,035,31185,756,742,2,744,0
2020-10-02,Los Angeles,037,10098052,276034,270935,2017,272952,6602
2020-10-02,Madera,039,155013,4714,4537,30,4567,49
2020-10-02,Marin,041,260295,6849,6717,18,6735,91
2020-10-02,Mariposa,043,17540,77,75,0,75,2
2020-10-02,Mendocino,045,87422,946,883,4,887,18
2020-10-02,Merced,047,269075,9079,8961,24,8985,139
2020-10-02,Modoc,049,8938,29,26,0,26,0
2020-10-02,Mono,051,14174,171,150,2,152,1
2020-10-02,Monterey,053,433212,10345,9997,38,10035,71
2020-10-02,Napa,055,140530,1797,1737,8,1745,11
2020-10-02,Nevada,057,99092,559,543,16,559,6
2020-10-02,Orange,059,3164182,56316,53299,1535,54834,1262
2020-10-02,Placer,061,380077,3778,3612,13,3625,46
2020-10-02,Plumas,063,18699,51,48,0,48,0
2020-10-02,Riverside,065,2383286,61380,59673,213,59886,1223
2020-10-02,Sacramento,067,1510023,23411,22818,26,22844,436
2020-10-02,San Benito,069,59416,1360,1347,0,1347,12
2020-10-02,San Bernardino,071,2135413,56644,54613,352,54965,1028
2020-10-02,San Diego,073,3302833,49808,47793,1088,48881,794
2020-10-02,San Francisco,075,870044,11532,11398,30,11428,110
2020-10-02,San Joaquin,077,732212,20652,20235,67,20302,474
2020-10-02,San Luis Obispo,079,281455,3904,3654,17,3671,31
2020-10-02,San Mateo,081,765935,10501,9745,10,9755,128
2020-10-02,Santa Barbara,083,443738,9373,9234,80,9314,116
2020-10-02,Santa Clara,085,1922200,22869,21545,47,21592,305
2020-10-02,Santa Cruz,087,273765,2556,2463,32,2495,9
2020-10-02,Shasta,089,179085,1454,1046,14,1060,18
2020-10-02,Sierra,091,2930,6,6,0,6,0
2020-10-02,Siskiyou,093,43540,168,151,10,161,0
2020-10-02,Solano,095,438530,6575,6385,39,6424,52
2020-10-02,Sonoma,097,501317,8152,7662,22,7684,125
2020-10-02,Stanislaus,099,539301,16814,16609,559,17168,349
2020-10-02,Sutter,101,95872,1731,1693,1,1694,11
2020-10-02,Tehama,103,63373,662,619,2,621,3
2020-10-02,Trinity,105,12862,61,15,8,23,0
2020-10-02,Tulare,107,460477,16836,16245,161,16406,278
2020-10-02,Tuolumne,109,53932,236,225,5,230,2
2020-10-02,Ventura,111,848112,13791,13120,216,13336,146
2020-10-02,Yolo,113,214977,2926,2845,7,2852,55
2020-10-02,Yuba,115,75493,1120,1090,5,1095,8
2020-10-01,Alameda,001,1643700,21958,21349,186,21535,383
2020-10-01,Alpine,003,1148,3,2,0,2,0
2020-10-01,Amador,005,37829,300,294,0,294,16
2020-10-01,Butte,007,227075,2992,2865,30,2895,45
2020-10-01,Calaveras,009,45235,314,257,0,257,11
2020-10-01,Colusa,011,21464,535,536,0,536,6
2020-10-01,Contra Costa,013,1133247,17561,16898,83,16981,211
2020-10-01,Del Norte,015,27424,147,140,0,140,2
2020-10-01,El Dorado,017,186661,1260,1162,8,1170,4
2020-10-01,Fresno,019,978130,31259,28796,392,29188,397
2020-10-01,Glenn,021,27897,611,593,0,593,3
2020-10-01,Humboldt,023,135768,519,499,1,500,6
2020-10-01,Imperial,025,180216,12015,10928,9,10937,325
2020-10-01,Inyo,027,18085,197,191,4,195,14
2020-10-01,Kern,029,883053,32434,31678,330,32008,399
2020-10-01,Kings,031,150075,8112,7688,39,7727,79
2020-10-01,Lake,033,64148,605,572,0,572,11
2020-10-01,Lassen,035,31185,753,742,2,744,0
2020-10-01,Los Angeles,037,10098052,274988,271513,1984,273497,6621
2020-10-01,Madera,039,155013,4691,4508,30,4538,48
2020-10-01,Marin,041,260295,6835,6710,18,6728,92
2020-10-01,Mariposa,043,17540,77,76,0,76,2
2020-10-01,Mendocino,045,87422,941,874,4,878,19
2020-10-01,Merced,047,269075,9051,8942,24,8966,138
2020-10-01,Modoc,049,8938,29,26,0,26,0
2020-10-01,Mono,051,14174,169,150,2,152,1
2020-10-01,Monterey,053,433212,10269,9958,38,9996,71
2020-10-01,Napa,055,140530,1789,1729,8,1737,11
2020-10-01,Nevada,057,99092,558,543,16,559,6
2020-10-01,Orange,059,3164182,56151,53088,1522,54610,1257
2020-10-01,Placer,061,380077,3751,3599,13,3612,45
2020-10-01,Plumas,063,18699,51,48,0,48,0
2020-10-01,Riverside,065,2383286,61128,59293,207,59500,1223
2020-10-01,Sacramento,067,1510023,23299,22714,25,22739,433
2020-10-01,San Benito,069,59416,1358,1346,0,1346,12
2020-10-01,San Bernardino,071,2135413,56350,54350,349,54699,1021
2020-10-01,San Diego,073,3302833,49526,47487,1068,48555,792
2020-10-01,San Francisco,075,870044,11501,11284,28,11312,110
2020-10-01,San Joaquin,077,732212,20605,20204,64,20268,471
2020-10-01,San Luis Obispo,079,281455,3877,3625,17,3642,31
2020-10-01,San Mateo,081,765935,10456,9681,10,9691,128
2020-10-01,Santa Barbara,083,443738,9333,9215,80,9295,118
2020-10-01,Santa Clara,085,1922200,22768,21398,47,21445,305
2020-10-01,Santa Cruz,087,273765,2541,2418,32,2450,10
2020-10-01,Shasta,089,179085,1403,991,14,1005,18
2020-10-01,Sierra,091,2930,6,6,0,6,0
2020-10-01,Siskiyou,093,43540,165,150,10,160,0
2020-10-01,Solano,095,438530,6537,6352,39,6391,52
2020-10-01,Sonoma,097,501317,8085,7569,22,7591,125
2020-10-01,Stanislaus,099,539301,16781,16555,553,17108,346
2020-10-01,Sutter,101,95872,1726,1684,1,1685,11
2020-10-01,Tehama,103,63373,652,606,2,608,3
2020-10-01,Trinity,105,12862,61,15,8,23,0
2020-10-01,Tulare,107,460477,16761,16182,158,16340,275
2020-10-01,Tuolumne,109,53932,236,223,5,228,2
2020-10-01,Ventura,111,848112,13739,13057,203,13260,146
2020-10-01,Yolo,113,214977,2908,2833,7,2840,55
2020-10-01,Yuba,115,75493,1116,1082,5,1087,8
2020-09-30,Alameda,001,1643700,21880,21271,183,21454,380
2020-09-30,Alpine,003,1148,3,2,0,2,0
2020-09-30,Amador,005,37829,300,294,0,294,16
2020-09-30,Butte,007,227075,2984,2858,30,2888,44
2020-09-30,Calaveras,009,45235,313,258,0,258,11
2020-09-30,Colusa,011,21464,534,534,0,534,6
2020-09-30,Contra Costa,013,1133247,17493,16819,83,16902,211
2020-09-30,Del Norte,015,27424,146,140,0,140,2
2020-09-30,El Dorado,017,186661,1248,1157,8,1165,4
2020-09-30,Fresno,019,978130,31169,28706,389,29095,395
2020-09-30,Glenn,021,27897,606,592,0,592,3
2020-09-30,Humboldt,023,135768,517,497,1,498,6
2020-09-30,Imperial,025,180216,11990,10868,9,10877,287
2020-09-30,Inyo,027,18085,196,189,4,193,14
2020-09-30,Kern,029,883053,32359,31601,329,31930,398
2020-09-30,Kings,031,150075,8084,7685,39,7724,79
2020-09-30,Lake,033,64148,599,567,0,567,10
2020-09-30,Lassen,035,31185,750,742,2,744,0
2020-09-30,Los Angeles,037,10098052,273766,270260,1951,272211,6568
2020-09-30,Madera,039,155013,4682,4477,30,4507,47
2020-09-30,Marin,041,260295,6811,6700,17,6717,91
2020-09-30,Mariposa,043,17540,77,76,0,76,2
2020-09-30,Mendocino,045,87422,935,867,4,871,17
2020-09-30,Merced,047,269075,9031,8926,24,8950,136
2020-09-30,Modoc,049,8938,29,26,0,26,0
2020-09-30,Mono,051,14174,169,150,2,152,1
2020-09-30,Monterey,053,433212,10219,9898,37,9935,70
2020-09-30,Napa,055,140530,1775,1728,8,1736,11
2020-09-30,Nevada,057,99092,556,540,16,556,6
2020-09-30,Orange,059,3164182,55960,52916,1506,54422,1251
2020-09-30,Placer,061,380077,3730,3585,13,3598,43
2020-09-30,Plumas,063,18699,51,48,0,48,0
2020-09-30,Riverside,065,2383286,60773,59074,203,59277,1220
2020-09-30,Sacramento,067,1510023,23195,22613,25,22638,429
2020-09-30,San Benito,069,59416,1355,1342,0,1342,12
2020-09-30,San Bernardino,071,2135413,56072,53988,348,54336,1018
2020-09-30,San Diego,073,3302833,49222,47182,1047,48229,783
2020-09-30,San Francisco,075,870044,11471,11247,28,11275,106
2020-09-30,San Joaquin,077,732212,20522,20150,62,20212,461
2020-09-30,San Luis Obispo,079,281455,3852,3597,17,3614,31
2020-09-30,San Mateo,081,765935,10414,9634,10,9644,128
2020-09-30,Santa Barbara,083,443738,9307,9186,80,9266,115
2020-09-30,Santa Clara,085,1922200,22663,21318,47,21365,302
2020-09-30,Santa Cruz,087,273765,2528,2405,32,2437,10
2020-09-30,Shasta,089,179085,1347,976,13,989,17
2020-09-30,Sierra,091,2930,6,6,0,6,0
2020-09-30,Siskiyou,093,43540,163,150,10,160,0
2020-09-30,Solano,095,438530,6495,6315,39,6354,51
2020-09-30,Sonoma,097,501317,7996,7494,22,7516,125
2020-09-30,Stanislaus,099,539301,16734,16531,547,17078,343
2020-09-30,Sutter,101,95872,1710,1680,1,1681,10
2020-09-30,Tehama,103,63373,646,594,2,596,3
2020-09-30,Trinity,105,12862,58,15,8,23,0
2020-09-30,Tulare,107,460477,16695,16117,151,16268,274
2020-09-30,Tuolumne,109,53932,234,224,5,229,2
2020-09-30,Ventura,111,848112,13704,12968,187,13155,145
2020-09-30,Yolo,113,214977,2895,2822,7,2829,55
2020-09-30,Yuba,115,75493,1113,1075,5,1080,8
2020-09-29,Alameda,001,1643700,21804,21241,180,21421,374
2020-09-29,Alpine,003,1148,3,2,0,2,0
2020-09-29,Amador,005,37829,298,294,0,294,16
2020-09-29,Butte,007,227075,2970,2848,30,2878,44
2020-09-29,Calaveras,009,45235,311,261,0,261,11
2020-09-29,Colusa,011,21464,534,534,0,534,6
2020-09-29,Contra Costa,013,1133247,17438,16716,81,16797,209
2020-09-29,Del Norte,015,27424,142,142,0,142,2
2020-09-29,El Dorado,017,186661,1239,1151,8,1159,4
2020-09-29,Fresno,019,978130,31074,28621,388,29009,394
2020-09-29,Glenn,021,27897,602,589,0,589,3
2020-09-29,Humboldt,023,135768,515,497,1,498,6
2020-09-29,Imperial,025,180216,11956,10811,9,10820,283
2020-09-29,Inyo,027,18085,195,188,4,192,14
2020-09-29,Kern,029,883053,32304,31534,328,31862,397
2020-09-29,Kings,031,150075,8028,7681,39,7720,78
2020-09-29,Lake,033,64148,597,566,0,566,11
2020-09-29,Lassen,035,31185,750,741,2,743,0
2020-09-29,Los Angeles,037,10098052,272551,269246,1923,271169,6545
2020-09-29,Madera,039,155013,4658,4453,30,4483,47
2020-09-29,Marin,041,260295,6790,6692,17,6709,91
2020-09-29,Mariposa,043,17540,77,74,0,74,2
2020-09-29,Mendocino,045,87422,925,854,4,858,17
2020-09-29,Merced,047,269075,9018,8892,22,8914,136
2020-09-29,Modoc,049,8938,29,26,0,26,0
2020-09-29,Mono,051,14174,169,149,2,151,1
2020-09-29,Monterey,053,433212,10164,9826,35,9861,70
2020-09-29,Napa,055,140530,1772,1727,8,1735,11
2020-09-29,Nevada,057,99092,551,539,16,555,6
2020-09-29,Orange,059,3164182,55774,52755,1495,54250,1231
2020-09-29,Placer,061,380077,3708,3570,13,3583,42
2020-09-29,Plumas,063,18699,51,48,0,48,0
2020-09-29,Riverside,065,2383286,60443,58863,196,59059,1208
2020-09-29,Sacramento,067,1510023,23074,22547,25,22572,425
2020-09-29,San Benito,069,59416,1350,1341,0,1341,12
2020-09-29,San Bernardino,071,2135413,55762,53753,347,54100,1012
2020-09-29,San Diego,073,3302833,48945,46987,1024,48011,781
2020-09-29,San Francisco,075,870044,11435,11142,28,11170,104
2020-09-29,San Joaquin,077,732212,20456,20094,60,20154,454
2020-09-29,San Luis Obispo,079,281455,3830,3581,17,3598,31
2020-09-29,San Mateo,081,765935,10367,9619,10,9629,127
2020-09-29,Santa Barbara,083,443738,9287,9149,79,9228,114
2020-09-29,Santa Clara,085,1922200,22527,21233,46,21279,302
2020-09-29,Santa Cruz,087,273765,2513,2383,31,2414,10
2020-09-29,Shasta,089,179085,1286,943,13,956,17
2020-09-29,Sierra,091,2930,6,6,0,6,0
2020-09-29,Siskiyou,093,43540,157,150,10,160,0
2020-09-29,Solano,095,438530,6461,6303,39,6342,51
2020-09-29,Sonoma,097,501317,7924,7426,22,7448,125
2020-09-29,Stanislaus,099,539301,16704,16505,541,17046,341
2020-09-29,Sutter,101,95872,1704,1677,1,1678,10
2020-09-29,Tehama,103,63373,628,585,2,587,2
2020-09-29,Trinity,105,12862,56,16,8,24,0
2020-09-29,Tulare,107,460477,16631,16055,144,16199,270
2020-09-29,Tuolumne,109,53932,234,224,5,229,2
2020-09-29,Ventura,111,848112,13647,12875,184,13059,145
2020-09-29,Yolo,113,214977,2882,2818,7,2825,55
2020-09-29,Yuba,115,75493,1111,1071,5,1076,8
2020-09-28,Alameda,001,1643700,21717,21133,180,21313,370
2020-09-28,Alpine,003,1148,3,2,0,2,0
2020-09-28,Amador,005,37829,296,294,0,294,16
2020-09-28,Butte,007,227075,2955,2837,30,2867,44
2020-09-28,Calaveras,009,45235,311,257,0,257,11
2020-09-28,Colusa,011,21464,533,531,0,531,6
2020-09-28,Contra Costa,013,1133247,17374,16653,81,16734,195
2020-09-28,Del Norte,015,27424,142,138,0,138,2
2020-09-28,El Dorado,017,186661,1232,1144,8,1152,4
2020-09-28,Fresno,019,978130,30993,28517,382,28899,389
2020-09-28,Glenn,021,27897,600,585,0,585,3
2020-09-28,Humboldt,023,135768,509,495,1,496,6
2020-09-28,Imperial,025,180216,11921,10777,9,10786,283
2020-09-28,Inyo,027,18085,194,188,4,192,14
2020-09-28,Kern,029,883053,32239,31481,324,31805,395
2020-09-28,Kings,031,150075,7887,7661,37,7698,78
2020-09-28,Lake,033,64148,593,559,0,559,10
2020-09-28,Lassen,035,31185,749,737,2,739,0
2020-09-28,Los Angeles,037,10098052,271444,268404,1893,270297,6508
2020-09-28,Madera,039,155013,4637,4438,30,4468,47
2020-09-28,Marin,041,260295,6774,6676,17,6693,91
2020-09-28,Mariposa,043,17540,77,74,0,74,2
2020-09-28,Mendocino,045,87422,910,850,4,854,17
2020-09-28,Merced,047,269075,8990,8869,22,8891,136
2020-09-28,Modoc,049,8938,29,26,0,26,0
2020-09-28,Mono,051,14174,169,148,2,150,1
2020-09-28,Monterey,053,433212,10099,9780,33,9813,69
2020-09-28,Napa,055,140530,1760,1705,8,1713,11
2020-09-28,Nevada,057,99092,543,538,16,554,6
2020-09-28,Orange,059,3164182,55568,52633,1486,54119,1196
2020-09-28,Placer,061,380077,3687,3572,13,3585,42
2020-09-28,Plumas,063,18699,50,48,0,48,0
2020-09-28,Riverside,065,2383286,60145,58570,187,58757,1198
2020-09-28,Sacramento,067,1510023,22927,22392,25,22417,423
2020-09-28,San Benito,069,59416,1347,1336,0,1336,11
2020-09-28,San Bernardino,071,2135413,55414,53501,347,53848,988
2020-09-28,San Diego,073,3302833,48627,46736,1004,47740,776
2020-09-28,San Francisco,075,870044,11401,11114,28,11142,100
2020-09-28,San Joaquin,077,732212,20408,19982,59,20041,448
2020-09-28,San Luis Obispo,079,281455,3809,3567,17,3584,31
2020-09-28,San Mateo,081,765935,10317,9582,10,9592,127
2020-09-28,Santa Barbara,083,443738,9269,9121,79,9200,114
2020-09-28,Santa Clara,085,1922200,22410,21180,46,21226,271
2020-09-28,Santa Cruz,087,273765,2503,2359,31,2390,9
2020-09-28,Shasta,089,179085,1232,883,10,893,17
2020-09-28,Sierra,091,2930,6,6,0,6,0
2020-09-28,Siskiyou,093,43540,157,149,10,159,0
2020-09-28,Solano,095,438530,6425,6254,39,6293,51
2020-09-28,Sonoma,097,501317,7848,7369,22,7391,125
2020-09-28,Stanislaus,099,539301,16665,16467,534,17001,336
2020-09-28,Sutter,101,95872,1697,1676,1,1677,10
2020-09-28,Tehama,103,63373,620,579,2,581,2
2020-09-28,Trinity,105,12862,56,16,8,24,0
2020-09-28,Tulare,107,460477,16578,15918,139,16057,270
2020-09-28,Tuolumne,109,53932,234,225,5,230,2
2020-09-28,Ventura,111,848112,13569,12812,178,12990,139
2020-09-28,Yolo,113,214977,2865,2809,7,2816,55
2020-09-28,Yuba,115,75493,1108,1062,5,1067,7
2020-09-27,Alameda,001,1643700,21636,21077,176,21253,370
2020-09-27,Alpine,003,1148,3,2,0,2,0
2020-09-27,Amador,005,37829,296,291,0,291,16
2020-09-27,Butte,007,227075,2943,2833,30,2863,44
2020-09-27,Calaveras,009,45235,310,257,0,257,11
2020-09-27,Colusa,011,21464,532,531,0,531,6
2020-09-27,Contra Costa,013,1133247,17272,16596,80,16676,195
2020-09-27,Del Norte,015,27424,142,138,0,138,2
2020-09-27,El Dorado,017,186661,1217,1130,8,1138,4
2020-09-27,Fresno,019,978130,30888,28441,382,28823,389
2020-09-27,Glenn,021,27897,596,576,0,576,3
2020-09-27,Humboldt,023,135768,507,492,1,493,6
2020-09-27,Imperial,025,180216,11887,10743,9,10752,283
2020-09-27,Inyo,027,18085,192,188,4,192,14
2020-09-27,Kern,029,883053,32120,31462,321,31783,395
2020-09-27,Kings,031,150075,7867,7641,37,7678,78
2020-09-27,Lake,033,64148,589,555,0,555,10
2020-09-27,Lassen,035,31185,749,737,2,739,0
2020-09-27,Los Angeles,037,10098052,270265,267754,1873,269627,6507
2020-09-27,Madera,039,155013,4608,4416,30,4446,47
2020-09-27,Marin,041,260295,6764,6663,17,6680,91
2020-09-27,Mariposa,043,17540,77,74,0,74,2
2020-09-27,Mendocino,045,87422,904,846,4,850,17
2020-09-27,Merced,047,269075,8956,8853,22,8875,136
2020-09-27,Modoc,049,8938,29,26,0,26,0
2020-09-27,Mono,051,14174,169,148,2,150,1
2020-09-27,Monterey,053,433212,10039,9724,32,9756,69
2020-09-27,Napa,055,140530,1755,1690,8,1698,11
2020-09-27,Nevada,057,99092,542,537,16,553,6
2020-09-27,Orange,059,3164182,55293,52458,1477,53935,1195
2020-09-27,Placer,061,380077,3674,3562,13,3575,42
2020-09-27,Plumas,063,18699,50,48,0,48,0
2020-09-27,Riverside,065,2383286,59849,58509,179,58688,1191
2020-09-27,Sacramento,067,1510023,22829,22356,25,22381,422
2020-09-27,San Benito,069,59416,1347,1331,0,1331,11
2020-09-27,San Bernardino,071,2135413,54978,53127,347,53474,988
2020-09-27,San Diego,073,3302833,48283,46612,987,47599,776
2020-09-27,San Francisco,075,870044,11349,11114,28,11142,100
2020-09-27,San Joaquin,077,732212,20348,19981,59,20040,448
2020-09-27,San Luis Obispo,079,281455,3789,3562,17,3579,31
2020-09-27,San Mateo,081,765935,10249,9566,10,9576,127
2020-09-27,Santa Barbara,083,443738,9248,9090,78,9168,114
2020-09-27,Santa Clara,085,1922200,22301,21091,46,21137,271
2020-09-27,Santa Cruz,087,273765,2481,2359,31,2390,9
2020-09-27,Shasta,089,179085,1189,883,9,892,17
2020-09-27,Sierra,091,2930,6,6,0,6,0
2020-09-27,Siskiyou,093,43540,156,149,10,159,0
2020-09-27,Solano,095,438530,6390,6211,39,6250,51
2020-09-27,Sonoma,097,501317,7767,7336,22,7358,124
2020-09-27,Stanislaus,099,539301,16614,16448,528,16976,336
2020-09-27,Sutter,101,95872,1690,1672,1,1673,10
2020-09-27,Tehama,103,63373,603,573,2,575,2
2020-09-27,Trinity,105,12862,56,16,8,24,0
2020-09-27,Tulare,107,460477,16500,15918,130,16048,270
2020-09-27,Tuolumne,109,53932,233,224,5,229,2
2020-09-27,Ventura,111,848112,13480,12775,169,12944,139
2020-09-27,Yolo,113,214977,2851,2796,7,2803,55
2020-09-27,Yuba,115,75493,1098,1059,5,1064,7
2020-09-26,Alameda,001,1643700,21578,21019,175,21194,370
2020-09-26,Alpine,003,1148,3,2,0,2,0
2020-09-26,Amador,005,37829,295,291,0,291,16
2020-09-26,Butte,007,227075,2935,2827,30,2857,44
2020-09-26,Calaveras,009,45235,310,257,0,257,11
2020-09-26,Colusa,011,21464,532,529,0,529,6
2020-09-26,Contra Costa,013,1133247,17229,16508,80,16588,194
2020-09-26,Del Norte,015,27424,142,138,0,138,2
2020-09-26,El Dorado,017,186661,1212,1127,8,1135,4
2020-09-26,Fresno,019,978130,30821,28336,382,28718,389
2020-09-26,Glenn,021,27897,596,576,0,576,3
2020-09-26,Humboldt,023,135768,507,491,1,492,6
2020-09-26,Imperial,025,180216,11870,10721,9,10730,283
2020-09-26,Inyo,027,18085,191,187,4,191,14
2020-09-26,Kern,029,883053,32069,31410,321,31731,394
2020-09-26,Kings,031,150075,7855,7537,37,7574,78
2020-09-26,Lake,033,64148,586,549,0,549,10
2020-09-26,Lassen,035,31185,749,737,2,739,0
2020-09-26,Los Angeles,037,10098052,269633,266931,1859,268790,6497
2020-09-26,Madera,039,155013,4592,4410,30,4440,47
2020-09-26,Marin,041,260295,6751,6641,17,6658,91
2020-09-26,Mariposa,043,17540,76,74,0,74,2
2020-09-26,Mendocino,045,87422,899,836,4,840,17
2020-09-26,Merced,047,269075,8944,8841,21,8862,136
2020-09-26,Modoc,049,8938,29,26,0,26,0
2020-09-26,Mono,051,14174,169,148,2,150,1
2020-09-26,Monterey,053,433212,10012,9651,32,9683,68
2020-09-26,Napa,055,140530,1753,1681,8,1689,11
2020-09-26,Nevada,057,99092,542,534,16,550,6
2020-09-26,Orange,059,3164182,55154,52203,1471,53674,1194
2020-09-26,Placer,061,380077,3661,3551,13,3564,42
2020-09-26,Plumas,063,18699,49,48,0,48,0
2020-09-26,Riverside,065,2383286,59714,58076,177,58253,1190
2020-09-26,Sacramento,067,1510023,22773,22269,25,22294,421
2020-09-26,San Benito,069,59416,1345,1325,0,1325,11
2020-09-26,San Bernardino,071,2135413,54845,53122,347,53469,988
2020-09-26,San Diego,073,3302833,48078,46333,973,47306,775
2020-09-26,San Francisco,075,870044,11321,11113,28,11141,100
2020-09-26,San Joaquin,077,732212,20313,19982,57,20039,449
2020-09-26,San Luis Obispo,079,281455,3773,3546,17,3563,31
2020-09-26,San Mateo,081,765935,10215,9509,10,9519,127
2020-09-26,Santa Barbara,083,443738,9237,9061,78,9139,114
2020-09-26,Santa Clara,085,1922200,22230,20967,45,21012,270
2020-09-26,Santa Cruz,087,273765,2473,2336,31,2367,9
2020-09-26,Shasta,089,179085,1139,856,8,864,17
2020-09-26,Sierra,091,2930,6,6,0,6,0
2020-09-26,Siskiyou,093,43540,155,149,10,159,0
2020-09-26,Solano,095,438530,6371,6209,39,6248,51
2020-09-26,Sonoma,097,501317,7742,7285,21,7306,124
2020-09-26,Stanislaus,099,539301,16589,16421,520,16941,336
2020-09-26,Sutter,101,95872,1685,1662,1,1663,10
2020-09-26,Tehama,103,63373,591,560,2,562,2
2020-09-26,Trinity,105,12862,54,16,8,24,0
2020-09-26,Tulare,107,460477,16474,15881,128,16009,270
2020-09-26,Tuolumne,109,53932,233,223,5,228,2
2020-09-26,Ventura,111,848112,13445,12729,168,12897,137
2020-09-26,Yolo,113,214977,2849,2789,7,2796,55
2020-09-26,Yuba,115,75493,1094,1056,5,1061,7
2020-09-25,Alameda,001,1643700,21524,20911,175,21086,367
2020-09-25,Alpine,003,1148,3,2,0,2,0
2020-09-25,Amador,005,37829,295,289,0,289,16
2020-09-25,Butte,007,227075,2930,2819,30,2849,43
2020-09-25,Calaveras,009,45235,310,257,0,257,11
2020-09-25,Colusa,011,21464,532,528,0,528,6
2020-09-25,Contra Costa,013,1133247,17170,16401,80,16481,194
2020-09-25,Del Norte,015,27424,142,138,0,138,2
2020-09-25,El Dorado,017,186661,1208,1104,8,1112,4
2020-09-25,Fresno,019,978130,30761,28199,381,28580,385
2020-09-25,Glenn,021,27897,594,570,0,570,3
2020-09-25,Humboldt,023,135768,506,489,1,490,5
2020-09-25,Imperial,025,180216,11852,10681,9,10690,283
2020-09-25,Inyo,027,18085,189,187,4,191,14
2020-09-25,Kern,029,883053,32016,31333,319,31652,393
2020-09-25,Kings,031,150075,7850,7450,37,7487,77
2020-09-25,Lake,033,64148,585,539,0,539,9
2020-09-25,Lassen,035,31185,749,737,2,739,0
2020-09-25,Los Angeles,037,10098052,268840,265713,1847,267560,6483
2020-09-25,Madera,039,155013,4573,4369,30,4399,48
2020-09-25,Marin,041,260295,6748,6622,17,6639,90
2020-09-25,Mariposa,043,17540,76,74,0,74,2
2020-09-25,Mendocino,045,87422,884,819,3,822,17
2020-09-25,Merced,047,269075,8928,8830,21,8851,135
2020-09-25,Modoc,049,8938,29,26,0,26,0
2020-09-25,Mono,051,14174,169,149,2,151,1
2020-09-25,Monterey,053,433212,9960,9581,32,9613,68
2020-09-25,Napa,055,140530,1751,1669,8,1677,11
2020-09-25,Nevada,057,99092,540,529,16,545,6
2020-09-25,Orange,059,3164182,55027,52031,1463,53494,1184
2020-09-25,Placer,061,380077,3650,3527,13,3540,41
2020-09-25,Plumas,063,18699,49,48,0,48,0
2020-09-25,Riverside,065,2383286,59538,57783,172,57955,1183
2020-09-25,Sacramento,067,1510023,22696,22132,25,22157,418
2020-09-25,San Benito,069,59416,1344,1318,0,1318,11
2020-09-25,San Bernardino,071,2135413,54691,52814,347,53161,987
2020-09-25,San Diego,073,3302833,47876,46003,957,46960,775
2020-09-25,San Francisco,075,870044,11287,11066,27,11093,100
2020-09-25,San Joaquin,077,732212,20261,19909,57,19966,449
2020-09-25,San Luis Obispo,079,281455,3761,3512,17,3529,31
2020-09-25,San Mateo,081,765935,10179,9447,10,9457,127
2020-09-25,Santa Barbara,083,443738,9213,9026,78,9104,114
2020-09-25,Santa Clara,085,1922200,22165,20812,44,20856,265
2020-09-25,Santa Cruz,087,273765,2461,2309,30,2339,9
2020-09-25,Shasta,089,179085,1105,806,8,814,16
2020-09-25,Sierra,091,2930,6,6,0,6,0
2020-09-25,Siskiyou,093,43540,155,149,10,159,0
2020-09-25,Solano,095,438530,6355,6179,39,6218,50
2020-09-25,Sonoma,097,501317,7702,7202,21,7223,124
2020-09-25,Stanislaus,099,539301,16571,16381,518,16899,326
2020-09-25,Sutter,101,95872,1682,1655,1,1656,10
2020-09-25,Tehama,103,63373,583,546,2,548,2
2020-09-25,Trinity,105,12862,54,15,8,23,0
2020-09-25,Tulare,107,460477,16434,15815,127,15942,267
2020-09-25,Tuolumne,109,53932,233,223,5,228,2
2020-09-25,Ventura,111,848112,13402,12664,165,12829,137
2020-09-25,Yolo,113,214977,2841,2784,7,2791,55
2020-09-25,Yuba,115,75493,1089,1049,5,1054,5
2020-09-24,Alameda,001,1643700,21449,20838,172,21010,364
2020-09-24,Alpine,003,1148,3,2,0,2,0
2020-09-24,Amador,005,37829,295,288,0,288,16
2020-09-24,Butte,007,227075,2919,2803,30,2833,43
2020-09-24,Calaveras,009,45235,310,258,0,258,11
2020-09-24,Colusa,011,21464,532,523,0,523,6
2020-09-24,Contra Costa,013,1133247,17088,16252,80,16332,192
2020-09-24,Del Norte,015,27424,138,137,0,137,2
2020-09-24,El Dorado,017,186661,1199,1093,8,1101,4
2020-09-24,Fresno,019,978130,30655,28106,377,28483,375
2020-09-24,Glenn,021,27897,590,567,0,567,3
2020-09-24,Humboldt,023,135768,503,482,1,483,5
2020-09-24,Imperial,025,180216,11828,10622,9,10631,283
2020-09-24,Inyo,027,18085,189,187,4,191,13
2020-09-24,Kern,029,883053,31953,31273,317,31590,388
2020-09-24,Kings,031,150075,7834,7428,37,7465,76
2020-09-24,Lake,033,64148,576,531,0,531,9
2020-09-24,Lassen,035,31185,748,737,2,739,0
2020-09-24,Los Angeles,037,10098052,267798,264374,1830,266204,6452
2020-09-24,Madera,039,155013,4554,4344,30,4374,48
2020-09-24,Marin,041,260295,6720,6588,17,6605,85
2020-09-24,Mariposa,043,17540,76,74,0,74,2
2020-09-24,Mendocino,045,87422,880,810,3,813,17
2020-09-24,Merced,047,269075,8899,8813,20,8833,135
2020-09-24,Modoc,049,8938,29,24,0,24,0
2020-09-24,Mono,051,14174,169,149,2,151,1
2020-09-24,Monterey,053,433212,9894,9544,30,9574,67
2020-09-24,Napa,055,140530,1739,1661,8,1669,11
2020-09-24,Nevada,057,99092,539,527,16,543,6
2020-09-24,Orange,059,3164182,54820,51749,1445,53194,1164
2020-09-24,Placer,061,380077,3635,3514,13,3527,41
2020-09-24,Plumas,063,18699,49,48,0,48,0
2020-09-24,Riverside,065,2383286,59273,57491,166,57657,1172
2020-09-24,Sacramento,067,1510023,22570,21985,24,22009,417
2020-09-24,San Benito,069,59416,1342,1308,0,1308,11
2020-09-24,San Bernardino,071,2135413,54354,52455,346,52801,988
2020-09-24,San Diego,073,3302833,47607,45598,942,46540,773
2020-09-24,San Francisco,075,870044,11240,10992,27,11019,99
2020-09-24,San Joaquin,077,732212,20223,19851,55,19906,444
2020-09-24,San Luis Obispo,079,281455,3745,3480,17,3497,31
2020-09-24,San Mateo,081,765935,10131,9376,10,9386,127
2020-09-24,Santa Barbara,083,443738,9160,8988,77,9065,114
2020-09-24,Santa Clara,085,1922200,22077,20689,44,20733,262
2020-09-24,Santa Cruz,087,273765,2441,2300,28,2328,9
2020-09-24,Shasta,089,179085,1068,773,5,778,14
2020-09-24,Sierra,091,2930,6,6,0,6,0
2020-09-24,Siskiyou,093,43540,155,149,10,159,0
2020-09-24,Solano,095,438530,6322,6137,39,6176,49
2020-09-24,Sonoma,097,501317,7621,7163,21,7184,122
2020-09-24,Stanislaus,099,539301,16534,16326,513,16839,326
2020-09-24,Sutter,101,95872,1679,1646,1,1647,10
2020-09-24,Tehama,103,63373,580,540,2,542,2
2020-09-24,Trinity,105,12862,54,15,8,23,0
2020-09-24,Tulare,107,460477,16369,15754,126,15880,267
2020-09-24,Tuolumne,109,53932,233,224,5,229,2
2020-09-24,Ventura,111,848112,13320,12617,164,12781,138
2020-09-24,Yolo,113,214977,2834,2776,7,2783,55
2020-09-24,Yuba,115,75493,1084,1042,5,1047,5
2020-09-23,Alameda,001,1643700,21381,20718,170,20888,361
2020-09-23,Alpine,003,1148,3,2,0,2,0
2020-09-23,Amador,005,37829,294,288,0,288,16
2020-09-23,Butte,007,227075,2911,2790,30,2820,43
2020-09-23,Calaveras,009,45235,309,258,0,258,11
2020-09-23,Colusa,011,21464,531,521,0,521,6
2020-09-23,Contra Costa,013,1133247,17026,16167,79,16246,192
2020-09-23,Del Norte,015,27424,136,137,0,137,2
2020-09-23,El Dorado,017,186661,1185,1088,8,1096,4
2020-09-23,Fresno,019,978130,30560,28019,375,28394,371
2020-09-23,Glenn,021,27897,583,561,0,561,3
2020-09-23,Humboldt,023,135768,499,477,1,478,5
2020-09-23,Imperial,025,180216,11802,10587,9,10596,284
2020-09-23,Inyo,027,18085,188,177,4,181,13
2020-09-23,Kern,029,883053,31909,31172,315,31487,387
2020-09-23,Kings,031,150075,7812,7406,37,7443,76
2020-09-23,Lake,033,64148,571,519,0,519,9
2020-09-23,Lassen,035,31185,748,736,2,738,0
2020-09-23,Los Angeles,037,10098052,266781,263318,1801,265119,6421
2020-09-23,Madera,039,155013,4539,4311,30,4341,48
2020-09-23,Marin,041,260295,6701,6567,17,6584,85
2020-09-23,Mariposa,043,17540,76,74,0,74,2
2020-09-23,Mendocino,045,87422,879,801,2,803,17
2020-09-23,Merced,047,269075,8878,8785,18,8803,134
2020-09-23,Modoc,049,8938,29,24,0,24,0
2020-09-23,Mono,051,14174,169,149,2,151,1
2020-09-23,Monterey,053,433212,9825,9452,29,9481,67
2020-09-23,Napa,055,140530,1730,1653,8,1661,11
2020-09-23,Nevada,057,99092,538,523,16,539,6
2020-09-23,Orange,059,3164182,54593,51658,1437,53095,1155
2020-09-23,Placer,061,380077,3623,3506,13,3519,41
2020-09-23,Plumas,063,18699,49,48,0,48,0
2020-09-23,Riverside,065,2383286,58967,57257,163,57420,1165
2020-09-23,Sacramento,067,1510023,22493,21821,24,21845,415
2020-09-23,San Benito,069,59416,1336,1305,0,1305,10
2020-09-23,San Bernardino,071,2135413,54061,52132,344,52476,973
2020-09-23,San Diego,073,3302833,47331,45427,923,46350,767
2020-09-23,San Francisco,075,870044,11191,10926,27,10953,95
2020-09-23,San Joaquin,077,732212,20169,19785,55,19840,439
2020-09-23,San Luis Obispo,079,281455,3727,3447,17,3464,31
2020-09-23,San Mateo,081,765935,10091,9351,10,9361,127
2020-09-23,Santa Barbara,083,443738,9131,8952,77,9029,112
2020-09-23,Santa Clara,085,1922200,21966,20575,41,20616,260
2020-09-23,Santa Cruz,087,273765,2422,2283,28,2311,9
2020-09-23,Shasta,089,179085,1029,756,4,760,14
2020-09-23,Sierra,091,2930,6,6,0,6,0
2020-09-23,Siskiyou,093,43540,155,149,10,159,0
2020-09-23,Solano,095,438530,6296,6123,39,6162,50
2020-09-23,Sonoma,097,501317,7545,7091,21,7112,122
2020-09-23,Stanislaus,099,539301,16504,16271,510,16781,317
2020-09-23,Sutter,101,95872,1675,1646,1,1647,10
2020-09-23,Tehama,103,63373,574,533,2,535,2
2020-09-23,Trinity,105,12862,53,15,8,23,0
2020-09-23,Tulare,107,460477,16304,15664,125,15789,266
2020-09-23,Tuolumne,109,53932,233,223,5,228,2
2020-09-23,Ventura,111,848112,13264,12591,162,12753,137
2020-09-23,Yolo,113,214977,2816,2766,7,2773,55
2020-09-23,Yuba,115,75493,1082,1038,5,1043,5
2020-09-22,Alameda,001,1643700,21301,20607,168,20775,355
2020-09-22,Alpine,003,1148,2,2,0,2,0
2020-09-22,Amador,005,37829,293,287,0,287,16
2020-09-22,Butte,007,227075,2906,2776,30,2806,43
2020-09-22,Calaveras,009,45235,309,258,0,258,11
2020-09-22,Colusa,011,21464,529,518,0,518,6
2020-09-22,Contra Costa,013,1133247,16936,16090,79,16169,190
2020-09-22,Del Norte,015,27424,136,137,0,137,2
2020-09-22,El Dorado,017,186661,1166,1076,8,1084,4
2020-09-22,Fresno,019,978130,30465,27944,372,28316,369
2020-09-22,Glenn,021,27897,580,560,0,560,3
2020-09-22,Humboldt,023,135768,498,476,1,477,5
2020-09-22,Imperial,025,180216,11773,10529,9,10538,284
2020-09-22,Inyo,027,18085,188,177,4,181,13
2020-09-22,Kern,029,883053,31841,31110,308,31418,383
2020-09-22,Kings,031,150075,7755,7395,36,7431,76
2020-09-22,Lake,033,64148,563,516,0,516,9
2020-09-22,Lassen,035,31185,747,736,2,738,0
2020-09-22,Los Angeles,037,10098052,265715,262117,1776,263893,6394
2020-09-22,Madera,039,155013,4523,4303,30,4333,47
2020-09-22,Marin,041,260295,6687,6561,17,6578,84
2020-09-22,Mariposa,043,17540,76,74,0,74,2
2020-09-22,Mendocino,045,87422,859,794,1,795,18
2020-09-22,Merced,047,269075,8848,8769,18,8787,132
2020-09-22,Modoc,049,8938,29,24,0,24,0
2020-09-22,Mono,051,14174,168,149,2,151,1
2020-09-22,Monterey,053,433212,9767,9393,28,9421,67
2020-09-22,Napa,055,140530,1713,1652,8,1660,11
2020-09-22,Nevada,057,99092,538,523,16,539,6
2020-09-22,Orange,059,3164182,54343,51528,1428,52956,1132
2020-09-22,Placer,061,380077,3611,3492,13,3505,40
2020-09-22,Plumas,063,18699,49,48,0,48,0
2020-09-22,Riverside,065,2383286,58483,57066,159,57225,1162
2020-09-22,Sacramento,067,1510023,22373,21745,24,21769,410
2020-09-22,San Benito,069,59416,1331,1305,0,1305,10
2020-09-22,San Bernardino,071,2135413,53787,51899,344,52243,971
2020-09-22,San Diego,073,3302833,47024,45149,904,46053,765
2020-09-22,San Francisco,075,870044,11147,10893,26,10919,95
2020-09-22,San Joaquin,077,732212,20122,19755,54,19809,426
2020-09-22,San Luis Obispo,079,281455,3705,3420,17,3437,31
2020-09-22,San Mateo,081,765935,10053,9291,10,9301,127
2020-09-22,Santa Barbara,083,443738,9101,8927,76,9003,111
2020-09-22,Santa Clara,085,1922200,21847,20514,41,20555,253
2020-09-22,Santa Cruz,087,273765,2399,2264,28,2292,8
2020-09-22,Shasta,089,179085,994,723,4,727,14
2020-09-22,Sierra,091,2930,6,6,0,6,0
2020-09-22,Siskiyou,093,43540,155,149,10,159,0
2020-09-22,Solano,095,438530,6265,6107,39,6146,48
2020-09-22,Sonoma,097,501317,7466,7068,20,7088,117
2020-09-22,Stanislaus,099,539301,16481,16231,503,16734,316
2020-09-22,Sutter,101,95872,1669,1638,1,1639,10
2020-09-22,Tehama,103,63373,566,529,2,531,2
2020-09-22,Trinity,105,12862,53,15,8,23,0
2020-09-22,Tulare,107,460477,16237,15616,122,15738,263
2020-09-22,Tuolumne,109,53932,232,224,5,229,1
2020-09-22,Ventura,111,848112,13212,12507,158,12665,136
2020-09-22,Yolo,113,214977,2809,2763,7,2770,54
2020-09-22,Yuba,115,75493,1073,1035,5,1040,5
2020-09-21,Alameda,001,1643700,21222,20501,167,20668,343
2020-09-21,Alpine,003,1148,2,2,0,2,0
2020-09-21,Amador,005,37829,291,286,0,286,16
2020-09-21,Butte,007,227075,2892,2769,30,2799,41
2020-09-21,Calaveras,009,45235,307,256,0,256,10
2020-09-21,Colusa,011,21464,528,517,0,517,6
2020-09-21,Contra Costa,013,1133247,16849,16008,79,16087,189
2020-09-21,Del Norte,015,27424,136,132,0,132,2
2020-09-21,El Dorado,017,186661,1157,1074,8,1082,4
2020-09-21,Fresno,019,978130,30363,27843,365,28208,362
2020-09-21,Glenn,021,27897,576,556,0,556,3
2020-09-21,Humboldt,023,135768,494,473,1,474,5
2020-09-21,Imperial,025,180216,11743,10521,9,10530,284
2020-09-21,Inyo,027,18085,187,177,4,181,12
2020-09-21,Kern,029,883053,31769,31031,306,31337,379
2020-09-21,Kings,031,150075,7642,7297,35,7332,76
2020-09-21,Lake,033,64148,558,508,0,508,8
2020-09-21,Lassen,035,31185,745,735,2,737,0
2020-09-21,Los Angeles,037,10098052,264629,261418,1731,263149,6360
2020-09-21,Madera,039,155013,4512,4275,29,4304,47
2020-09-21,Marin,041,260295,6676,6538,16,6554,84
2020-09-21,Mariposa,043,17540,75,74,0,74,2
2020-09-21,Mendocino,045,87422,844,778,0,778,18
2020-09-21,Merced,047,269075,8829,8749,16,8765,128
2020-09-21,Modoc,049,8938,29,22,0,22,0
2020-09-21,Mono,051,14174,168,147,2,149,1
2020-09-21,Monterey,053,433212,9703,9331,25,9356,66
2020-09-21,Napa,055,140530,1702,1641,8,1649,11
2020-09-21,Nevada,057,99092,536,515,16,531,6
2020-09-21,Orange,059,3164182,54121,51363,1421,52784,1110
2020-09-21,Placer,061,380077,3601,3473,13,3486,40
2020-09-21,Plumas,063,18699,49,47,0,47,0
2020-09-21,Riverside,065,2383286,58211,57001,152,57153,1153
2020-09-21,Sacramento,067,1510023,22192,21568,24,21592,404
2020-09-21,San Benito,069,59416,1329,1298,0,1298,10
2020-09-21,San Bernardino,071,2135413,53501,51654,344,51998,970
2020-09-21,San Diego,073,3302833,46740,44927,883,45810,760
2020-09-21,San Francisco,075,870044,11099,10743,26,10769,95
2020-09-21,San Joaquin,077,732212,20064,19579,54,19633,423
2020-09-21,San Luis Obispo,079,281455,3679,3406,17,3423,27
2020-09-21,San Mateo,081,765935,10001,9239,10,9249,127
2020-09-21,Santa Barbara,083,443738,9073,8911,76,8987,110
2020-09-21,Santa Clara,085,1922200,21746,20432,41,20473,252
2020-09-21,Santa Cruz,087,273765,2382,2257,26,2283,8
2020-09-21,Shasta,089,179085,944,696,4,700,14
2020-09-21,Sierra,091,2930,6,6,0,6,0
2020-09-21,Siskiyou,093,43540,155,146,10,156,0
2020-09-21,Solano,095,438530,6241,6019,39,6058,46
2020-09-21,Sonoma,097,501317,7390,7017,20,7037,117
2020-09-21,Stanislaus,099,539301,16451,16186,503,16689,310
2020-09-21,Sutter,101,95872,1662,1634,1,1635,10
2020-09-21,Tehama,103,63373,547,513,2,515,2
2020-09-21,Trinity,105,12862,53,15,8,23,0
2020-09-21,Tulare,107,460477,16163,15528,113,15641,260
2020-09-21,Tuolumne,109,53932,232,221,5,226,1
2020-09-21,Ventura,111,848112,13128,12477,152,12629,133
2020-09-21,Yolo,113,214977,2803,2752,7,2759,54
2020-09-21,Yuba,115,75493,1069,1033,5,1038,1
2020-09-20,Alameda,001,1643700,21122,20425,164,20589,343
2020-09-20,Alpine,003,1148,2,2,0,2,0
2020-09-20,Amador,005,37829,290,286,0,286,16
2020-09-20,Butte,007,227075,2880,2764,30,2794,39
2020-09-20,Calaveras,009,45235,303,256,0,256,10
2020-09-20,Colusa,011,21464,526,510,0,510,6
2020-09-20,Contra Costa,013,1133247,16715,15917,78,15995,189
2020-09-20,Del Norte,015,27424,134,132,0,132,2
2020-09-20,El Dorado,017,186661,1142,1073,8,1081,4
2020-09-20,Fresno,019,978130,30249,27769,360,28129,362
2020-09-20,Glenn,021,27897,572,550,0,550,3
2020-09-20,Humboldt,023,135768,494,472,1,473,5
2020-09-20,Imperial,025,180216,11716,10496,8,10504,284
2020-09-20,Inyo,027,18085,187,177,4,181,12
2020-09-20,Kern,029,883053,31686,30992,302,31294,379
2020-09-20,Kings,031,150075,7595,7159,34,7193,76
2020-09-20,Lake,033,64148,546,492,0,492,8
2020-09-20,Lassen,035,31185,745,735,2,737,0
2020-09-20,Los Angeles,037,10098052,263401,260770,1706,262476,6347
2020-09-20,Madera,039,155013,4492,4257,29,4286,47
2020-09-20,Marin,041,260295,6650,6533,16,6549,83
2020-09-20,Mariposa,043,17540,75,74,0,74,2
2020-09-20,Mendocino,045,87422,832,765,0,765,18
2020-09-20,Merced,047,269075,8802,8745,16,8761,128
2020-09-20,Modoc,049,8938,27,22,0,22,0
2020-09-20,Mono,051,14174,167,147,2,149,1
2020-09-20,Monterey,053,433212,9624,9312,25,9337,65
2020-09-20,Napa,055,140530,1693,1626,8,1634,11
2020-09-20,Nevada,057,99092,533,511,16,527,6
2020-09-20,Orange,059,3164182,53880,51233,1411,52644,1110
2020-09-20,Placer,061,380077,3586,3452,13,3465,40
2020-09-20,Plumas,063,18699,49,47,0,47,0
2020-09-20,Riverside,065,2383286,58010,56783,146,56929,1147
2020-09-20,Sacramento,067,1510023,22005,21394,23,21417,401
2020-09-20,San Benito,069,59416,1318,1291,0,1291,9
2020-09-20,San Bernardino,071,2135413,53182,51559,342,51901,970
2020-09-20,San Diego,073,3302833,46367,44579,854,45433,760
2020-09-20,San Francisco,075,870044,11045,10743,26,10769,95
2020-09-20,San Joaquin,077,732212,19999,19578,47,19625,423
2020-09-20,San Luis Obispo,079,281455,3652,3393,17,3410,27
2020-09-20,San Mateo,081,765935,9935,9198,10,9208,127
2020-09-20,Santa Barbara,083,443738,9037,8880,75,8955,110
2020-09-20,Santa Clara,085,1922200,21626,20330,40,20370,252
2020-09-20,Santa Cruz,087,273765,2362,2199,26,2225,8
2020-09-20,Shasta,089,179085,903,696,3,699,14
2020-09-20,Sierra,091,2930,6,6,0,6,0
2020-09-20,Siskiyou,093,43540,155,146,10,156,0
2020-09-20,Solano,095,438530,6197,6020,39,6059,46
2020-09-20,Sonoma,097,501317,7286,6954,20,6974,117
2020-09-20,Stanislaus,099,539301,16420,16159,496,16655,310
2020-09-20,Sutter,101,95872,1656,1624,1,1625,10
2020-09-20,Tehama,103,63373,534,509,2,511,2
2020-09-20,Trinity,105,12862,53,15,8,23,0
2020-09-20,Tulare,107,460477,16077,15528,106,15634,260
2020-09-20,Tuolumne,109,53932,232,221,5,226,1
2020-09-20,Ventura,111,848112,13062,12406,148,12554,133
2020-09-20,Yolo,113,214977,2795,2745,7,2752,54
2020-09-20,Yuba,115,75493,1062,1029,5,1034,1
2020-09-19,Alameda,001,1643700,21072,20349,161,20510,343
2020-09-19,Alpine,003,1148,2,2,0,2,0
2020-09-19,Amador,005,37829,290,285,0,285,16
2020-09-19,Butte,007,227075,2874,2748,30,2778,38
2020-09-19,Calaveras,009,45235,303,256,0,256,10
2020-09-19,Colusa,011,21464,526,507,0,507,6
2020-09-19,Contra Costa,013,1133247,16652,15783,78,15861,186
2020-09-19,Del Norte,015,27424,133,132,0,132,2
2020-09-19,El Dorado,017,186661,1136,1068,7,1075,4
2020-09-19,Fresno,019,978130,30176,27668,360,28028,362
2020-09-19,Glenn,021,27897,569,547,0,547,3
2020-09-19,Humboldt,023,135768,493,471,1,472,5
2020-09-19,Imperial,025,180216,11701,10496,8,10504,284
2020-09-19,Inyo,027,18085,187,177,4,181,12
2020-09-19,Kern,029,883053,31632,30886,299,31185,379
2020-09-19,Kings,031,150075,7589,7130,34,7164,76
2020-09-19,Lake,033,64148,546,465,0,465,8
2020-09-19,Lassen,035,31185,745,731,2,733,0
2020-09-19,Los Angeles,037,10098052,262777,259801,1692,261493,6325
2020-09-19,Madera,039,155013,4469,4237,29,4266,47
2020-09-19,Marin,041,260295,6643,6513,15,6528,81
2020-09-19,Mariposa,043,17540,75,74,0,74,2
2020-09-19,Mendocino,045,87422,829,750,0,750,18
2020-09-19,Merced,047,269075,8791,8717,15,8732,128
2020-09-19,Modoc,049,8938,27,22,0,22,0
2020-09-19,Mono,051,14174,167,147,2,149,1
2020-09-19,Monterey,053,433212,9582,9237,25,9262,65
2020-09-19,Napa,055,140530,1685,1614,8,1622,11
2020-09-19,Nevada,057,99092,531,505,16,521,6
2020-09-19,Orange,059,3164182,53752,50999,1404,52403,1105
2020-09-19,Placer,061,380077,3577,3412,13,3425,40
2020-09-19,Plumas,063,18699,49,47,0,47,0
2020-09-19,Riverside,065,2383286,57883,56562,145,56707,1147
2020-09-19,Sacramento,067,1510023,21951,21297,23,21320,396
2020-09-19,San Benito,069,59416,1314,1276,0,1276,9
2020-09-19,San Bernardino,071,2135413,53026,51353,339,51692,971
2020-09-19,San Diego,073,3302833,46139,44295,831,45126,773
2020-09-19,San Francisco,075,870044,11012,10741,26,10767,95
2020-09-19,San Joaquin,077,732212,19962,19580,47,19627,424
2020-09-19,San Luis Obispo,079,281455,3631,3369,17,3386,27
2020-09-19,San Mateo,081,765935,9904,9158,10,9168,127
2020-09-19,Santa Barbara,083,443738,9017,8862,75,8937,106
2020-09-19,Santa Clara,085,1922200,21537,20170,40,20210,251
2020-09-19,Santa Cruz,087,273765,2348,2198,25,2223,8
2020-09-19,Shasta,089,179085,876,687,3,690,14
2020-09-19,Sierra,091,2930,6,6,0,6,0
2020-09-19,Siskiyou,093,43540,155,146,10,156,0
2020-09-19,Solano,095,438530,6181,5998,39,6037,46
2020-09-19,Sonoma,097,501317,7253,6905,20,6925,117
2020-09-19,Stanislaus,099,539301,16380,16109,489,16598,313
2020-09-19,Sutter,101,95872,1655,1602,1,1603,10
2020-09-19,Tehama,103,63373,529,498,2,500,2
2020-09-19,Trinity,105,12862,53,15,8,23,0
2020-09-19,Tulare,107,460477,16028,15485,103,15588,260
2020-09-19,Tuolumne,109,53932,232,217,5,222,1
2020-09-19,Ventura,111,848112,13030,12328,148,12476,133
2020-09-19,Yolo,113,214977,2787,2739,7,2746,54
2020-09-19,Yuba,115,75493,1055,1023,5,1028,1
2020-09-18,Alameda,001,1643700,21007,20222,155,20377,341
2020-09-18,Alpine,003,1148,2,2,0,2,0
2020-09-18,Amador,005,37829,290,285,0,285,16
2020-09-18,Butte,007,227075,2872,2738,30,2768,37
2020-09-18,Calaveras,009,45235,303,255,0,255,9
2020-09-18,Colusa,011,21464,526,504,0,504,6
2020-09-18,Contra Costa,013,1133247,16567,15667,78,15745,185
2020-09-18,Del Norte,015,27424,133,131,0,131,2
2020-09-18,El Dorado,017,186661,1123,1063,7,1070,4
2020-09-18,Fresno,019,978130,30111,27560,360,27920,359
2020-09-18,Glenn,021,27897,566,541,0,541,3
2020-09-18,Humboldt,023,135768,490,470,1,471,5
2020-09-18,Imperial,025,180216,11686,10460,8,10468,283
2020-09-18,Inyo,027,18085,187,177,4,181,12
2020-09-18,Kern,029,883053,31574,30742,296,31038,373
2020-09-18,Kings,031,150075,7579,7062,34,7096,74
2020-09-18,Lake,033,64148,540,458,0,458,8
2020-09-18,Lassen,035,31185,744,731,2,733,0
2020-09-18,Los Angeles,037,10098052,262016,258488,1674,260162,6324
2020-09-18,Madera,039,155013,4457,4211,29,4240,45
2020-09-18,Marin,041,260295,6628,6475,15,6490,81
2020-09-18,Mariposa,043,17540,75,74,0,74,2
2020-09-18,Mendocino,045,87422,821,739,0,739,18
2020-09-18,Merced,047,269075,8779,8691,14,8705,127
2020-09-18,Modoc,049,8938,27,22,0,22,0
2020-09-18,Mono,051,14174,165,147,2,149,1
2020-09-18,Monterey,053,433212,9541,9183,25,9208,64
2020-09-18,Napa,055,140530,1679,1604,8,1612,11
2020-09-18,Nevada,057,99092,528,504,16,520,6
2020-09-18,Orange,059,3164182,53606,50733,1392,52125,1107
2020-09-18,Placer,061,380077,3566,3389,13,3402,40
2020-09-18,Plumas,063,18699,49,45,0,45,0
2020-09-18,Riverside,065,2383286,57761,56248,140,56388,1143
2020-09-18,Sacramento,067,1510023,21868,21105,23,21128,391
2020-09-18,San Benito,069,59416,1306,1257,0,1257,8
2020-09-18,San Bernardino,071,2135413,52881,51106,336,51442,970
2020-09-18,San Diego,073,3302833,45889,44009,826,44835,757
2020-09-18,San Francisco,075,870044,10974,10644,25,10669,95
2020-09-18,San Joaquin,077,732212,19918,19531,46,19577,423
2020-09-18,San Luis Obispo,079,281455,3607,3328,17,3345,27
2020-09-18,San Mateo,081,765935,9864,9062,10,9072,127
2020-09-18,Santa Barbara,083,443738,8996,8824,75,8899,107
2020-09-18,Santa Clara,085,1922200,21439,20058,40,20098,252
2020-09-18,Santa Cruz,087,273765,2327,2180,24,2204,8
2020-09-18,Shasta,089,179085,841,668,3,671,14
2020-09-18,Sierra,091,2930,6,6,0,6,0
2020-09-18,Siskiyou,093,43540,154,146,10,156,0
2020-09-18,Solano,095,438530,6165,5961,39,6000,46
2020-09-18,Sonoma,097,501317,7205,6856,20,6876,114
2020-09-18,Stanislaus,099,539301,16352,16042,483,16525,277
2020-09-18,Sutter,101,95872,1648,1586,1,1587,10
2020-09-18,Tehama,103,63373,529,490,2,492,2
2020-09-18,Trinity,105,12862,53,15,7,22,0
2020-09-18,Tulare,107,460477,15995,15435,99,15534,259
2020-09-18,Tuolumne,109,53932,231,216,5,221,1
2020-09-18,Ventura,111,848112,12969,12236,144,12380,133
2020-09-18,Yolo,113,214977,2781,2732,7,2739,54
2020-09-18,Yuba,115,75493,1051,1020,5,1025,1
2020-09-17,Alameda,001,1643700,20908,20146,155,20301,339
2020-09-17,Alpine,003,1148,2,2,0,2,0
2020-09-17,Amador,005,37829,288,284,0,284,16
2020-09-17,Butte,007,227075,2854,2720,30,2750,38
2020-09-17,Calaveras,009,45235,303,254,0,254,9
2020-09-17,Colusa,011,21464,524,499,0,499,6
2020-09-17,Contra Costa,013,1133247,16479,15576,78,15654,184
2020-09-17,Del Norte,015,27424,133,131,0,131,2
2020-09-17,El Dorado,017,186661,1114,1057,7,1064,4
2020-09-17,Fresno,019,978130,30002,27487,355,27842,355
2020-09-17,Glenn,021,27897,565,541,0,541,3
2020-09-17,Humboldt,023,135768,484,466,1,467,5
2020-09-17,Imperial,025,180216,11669,10436,8,10444,281
2020-09-17,Inyo,027,18085,187,176,4,180,12
2020-09-17,Kern,029,883053,31513,30627,289,30916,372
2020-09-17,Kings,031,150075,7508,7015,34,7049,72
2020-09-17,Lake,033,64148,530,433,0,433,8
2020-09-17,Lassen,035,31185,742,731,2,733,0
2020-09-17,Los Angeles,037,10098052,261073,257246,1660,258906,6318
2020-09-17,Madera,039,155013,4423,4152,29,4181,45
2020-09-17,Marin,041,260295,6607,6457,15,6472,81
2020-09-17,Mariposa,043,17540,75,74,0,74,2
2020-09-17,Mendocino,045,87422,810,737,0,737,18
2020-09-17,Merced,047,269075,8760,8671,14,8685,119
2020-09-17,Modoc,049,8938,27,22,0,22,0
2020-09-17,Mono,051,14174,165,147,2,149,1
2020-09-17,Monterey,053,433212,9479,9113,25,9138,62
2020-09-17,Napa,055,140530,1668,1592,8,1600,11
2020-09-17,Nevada,057,99092,526,494,16,510,6
2020-09-17,Orange,059,3164182,53425,50537,1380,51917,1098
2020-09-17,Placer,061,380077,3545,3368,13,3381,40
2020-09-17,Plumas,063,18699,49,45,0,45,0
2020-09-17,Riverside,065,2383286,57535,56007,139,56146,1134
2020-09-17,Sacramento,067,1510023,21633,20895,23,20918,385
2020-09-17,San Benito,069,59416,1304,1252,0,1252,8
2020-09-17,San Bernardino,071,2135413,52679,50770,336,51106,904
2020-09-17,San Diego,073,3302833,45609,43621,814,44435,754
2020-09-17,San Francisco,075,870044,10880,10564,25,10589,95
2020-09-17,San Joaquin,077,732212,19859,19439,46,19485,416
2020-09-17,San Luis Obispo,079,281455,3577,3299,17,3316,27
2020-09-17,San Mateo,081,765935,9822,8984,10,8994,127
2020-09-17,Santa Barbara,083,443738,8972,8779,75,8854,107
2020-09-17,Santa Clara,085,1922200,21322,19825,40,19865,254
2020-09-17,Santa Cruz,087,273765,2311,2155,24,2179,7
2020-09-17,Shasta,089,179085,802,660,3,663,12
2020-09-17,Sierra,091,2930,6,6,0,6,0
2020-09-17,Siskiyou,093,43540,154,146,10,156,0
2020-09-17,Solano,095,438530,6142,5915,39,5954,44
2020-09-17,Sonoma,097,501317,7141,6754,20,6774,114
2020-09-17,Stanislaus,099,539301,16319,15984,479,16463,277
2020-09-17,Sutter,101,95872,1643,1572,1,1573,10
2020-09-17,Tehama,103,63373,515,487,2,489,2
2020-09-17,Trinity,105,12862,53,15,7,22,0
2020-09-17,Tulare,107,460477,15942,15344,97,15441,258
2020-09-17,Tuolumne,109,53932,230,214,5,219,1
2020-09-17,Ventura,111,848112,12882,12167,141,12308,130
2020-09-17,Yolo,113,214977,2772,2724,7,2731,53
2020-09-17,Yuba,115,75493,1047,1015,5,1020,1
2020-09-16,Alameda,001,1643700,20810,20009,153,20162,333
2020-09-16,Alpine,003,1148,2,2,0,2,0
2020-09-16,Amador,005,37829,288,284,0,284,16
2020-09-16,Butte,007,227075,2844,2704,29,2733,38
2020-09-16,Calaveras,009,45235,303,254,0,254,9
2020-09-16,Colusa,011,21464,522,497,0,497,6
2020-09-16,Contra Costa,013,1133247,16393,15473,78,15551,183
2020-09-16,Del Norte,015,27424,133,131,0,131,2
2020-09-16,El Dorado,017,186661,1106,1049,7,1056,4
2020-09-16,Fresno,019,978130,29895,27381,353,27734,343
2020-09-16,Glenn,021,27897,563,539,0,539,3
2020-09-16,Humboldt,023,135768,483,455,1,456,4
2020-09-16,Imperial,025,180216,11646,10401,8,10409,277
2020-09-16,Inyo,027,18085,186,176,4,180,12
2020-09-16,Kern,029,883053,31453,30570,288,30858,371
2020-09-16,Kings,031,150075,7483,7002,32,7034,71
2020-09-16,Lake,033,64148,519,417,0,417,6
2020-09-16,Lassen,035,31185,741,730,2,732,0
2020-09-16,Los Angeles,037,10098052,260091,256101,1643,257744,6299
2020-09-16,Madera,039,155013,4400,4138,29,4167,45
2020-09-16,Marin,041,260295,6579,6430,15,6445,77
2020-09-16,Mariposa,043,17540,75,74,0,74,2
2020-09-16,Mendocino,045,87422,801,727,0,727,18
2020-09-16,Merced,047,269075,8739,8646,14,8660,118
2020-09-16,Modoc,049,8938,27,22,0,22,0
2020-09-16,Mono,051,14174,165,147,2,149,1
2020-09-16,Monterey,053,433212,9425,8997,25,9022,62
2020-09-16,Napa,055,140530,1654,1587,8,1595,11
2020-09-16,Nevada,057,99092,521,495,15,510,6
2020-09-16,Orange,059,3164182,53224,50414,1371,51785,1096
2020-09-16,Placer,061,380077,3527,3351,13,3364,39
2020-09-16,Plumas,063,18699,49,45,0,45,0
2020-09-16,Riverside,065,2383286,57341,55811,131,55942,1127
2020-09-16,Sacramento,067,1510023,21538,20610,23,20633,377
2020-09-16,San Benito,069,59416,1296,1244,0,1244,8
2020-09-16,San Bernardino,071,2135413,52454,50509,335,50844,907
2020-09-16,San Diego,073,3302833,45317,43447,793,44240,748
2020-09-16,San Francisco,075,870044,10833,10502,25,10527,90
2020-09-16,San Joaquin,077,732212,19805,19377,45,19422,409
2020-09-16,San Luis Obispo,079,281455,3546,3285,17,3302,28
2020-09-16,San Mateo,081,765935,9757,8944,10,8954,127
2020-09-16,Santa Barbara,083,443738,8939,8764,75,8839,107
2020-09-16,Santa Clara,085,1922200,21203,19684,40,19724,253
2020-09-16,Santa Cruz,087,273765,2270,2089,23,2112,7
2020-09-16,Shasta,089,179085,776,635,3,638,11
2020-09-16,Sierra,091,2930,6,6,0,6,0
2020-09-16,Siskiyou,093,43540,153,145,10,155,0
2020-09-16,Solano,095,438530,6113,5899,39,5938,44
2020-09-16,Sonoma,097,501317,7080,6731,20,6751,104
2020-09-16,Stanislaus,099,539301,16271,15897,471,16368,263
2020-09-16,Sutter,101,95872,1630,1567,1,1568,10
2020-09-16,Tehama,103,63373,507,485,2,487,2
2020-09-16,Trinity,105,12862,53,15,7,22,0
2020-09-16,Tulare,107,460477,15897,15314,90,15404,258
2020-09-16,Tuolumne,109,53932,229,210,5,215,1
2020-09-16,Ventura,111,848112,12811,12073,139,12212,130
2020-09-16,Yolo,113,214977,2765,2709,7,2716,53
2020-09-16,Yuba,115,75493,1045,1000,5,1005,1
2020-09-15,Alameda,001,1643700,20703,19931,150,20081,327
2020-09-15,Alpine,003,1148,2,2,0,2,0
2020-09-15,Amador,005,37829,287,282,0,282,16
2020-09-15,Butte,007,227075,2831,2695,27,2722,38
2020-09-15,Calaveras,009,45235,303,248,0,248,5
2020-09-15,Colusa,011,21464,516,497,0,497,6
2020-09-15,Contra Costa,013,1133247,16292,15423,77,15500,180
2020-09-15,Del Norte,015,27424,133,129,0,129,2
2020-09-15,El Dorado,017,186661,1101,1046,7,1053,4
2020-09-15,Fresno,019,978130,29788,27312,348,27660,343
2020-09-15,Glenn,021,27897,562,531,0,531,3
2020-09-15,Humboldt,023,135768,481,456,1,457,4
2020-09-15,Imperial,025,180216,11621,10376,8,10384,277
2020-09-15,Inyo,027,18085,186,176,4,180,12
2020-09-15,Kern,029,883053,31340,30429,285,30714,368
2020-09-15,Kings,031,150075,7325,6977,32,7009,70
2020-09-15,Lake,033,64148,505,416,0,416,4
2020-09-15,Lassen,035,31185,737,719,2,721,0
2020-09-15,Los Angeles,037,10098052,258980,255048,1621,256669,6269
2020-09-15,Madera,039,155013,4381,4122,29,4151,45
2020-09-15,Marin,041,260295,6548,6423,15,6438,77
2020-09-15,Mariposa,043,17540,75,74,0,74,2
2020-09-15,Mendocino,045,87422,783,724,0,724,18
2020-09-15,Merced,047,269075,8709,8633,14,8647,114
2020-09-15,Modoc,049,8938,26,21,0,21,0
2020-09-15,Mono,051,14174,165,147,2,149,1
2020-09-15,Monterey,053,433212,9376,8943,25,8968,62
2020-09-15,Napa,055,140530,1640,1580,8,1588,11
2020-09-15,Nevada,057,99092,516,494,15,509,6
2020-09-15,Orange,059,3164182,53042,50294,1357,51651,1088
2020-09-15,Placer,061,380077,3503,3331,13,3344,38
2020-09-15,Plumas,063,18699,49,44,0,44,0
2020-09-15,Riverside,065,2383286,57047,55569,121,55690,1118
2020-09-15,Sacramento,067,1510023,21395,20487,23,20510,372
2020-09-15,San Benito,069,59416,1289,1237,0,1237,7
2020-09-15,San Bernardino,071,2135413,52238,50333,334,50667,904
2020-09-15,San Diego,073,3302833,44998,43183,773,43956,742
2020-09-15,San Francisco,075,870044,10775,10414,25,10439,90
2020-09-15,San Joaquin,077,732212,19753,19313,45,19358,401
2020-09-15,San Luis Obispo,079,281455,3526,3262,17,3279,28
2020-09-15,San Mateo,081,765935,9687,8895,10,8905,127
2020-09-15,Santa Barbara,083,443738,8914,8724,74,8798,104
2020-09-15,Santa Clara,085,1922200,21069,19610,40,19650,252
2020-09-15,Santa Cruz,087,273765,2244,2079,22,2101,7
2020-09-15,Shasta,089,179085,764,627,3,630,11
2020-09-15,Sierra,091,2930,6,6,0,6,0
2020-09-15,Siskiyou,093,43540,153,143,10,153,0
2020-09-15,Solano,095,438530,6079,5878,39,5917,45
2020-09-15,Sonoma,097,501317,7041,6701,20,6721,104
2020-09-15,Stanislaus,099,539301,16223,15880,469,16349,260
2020-09-15,Sutter,101,95872,1619,1556,1,1557,10
2020-09-15,Tehama,103,63373,495,484,2,486,2
2020-09-15,Trinity,105,12862,53,15,7,22,0
2020-09-15,Tulare,107,460477,15821,15203,88,15291,254
2020-09-15,Tuolumne,109,53932,229,209,5,214,1
2020-09-15,Ventura,111,848112,12758,11932,138,12070,128
2020-09-15,Yolo,113,214977,2761,2708,7,2715,53
2020-09-15,Yuba,115,75493,1039,991,4,995,1
2020-09-14,Alameda,001,1643700,20576,19851,149,20000,306
2020-09-14,Alpine,003,1148,2,2,0,2,0
2020-09-14,Amador,005,37829,285,281,0,281,16
2020-09-14,Butte,007,227075,2814,2642,27,2669,37
2020-09-14,Calaveras,009,45235,303,244,0,244,3
2020-09-14,Colusa,011,21464,515,486,0,486,6
2020-09-14,Contra Costa,013,1133247,16168,15354,76,15430,174
2020-09-14,Del Norte,015,27424,130,116,0,116,2
2020-09-14,El Dorado,017,186661,1097,1039,7,1046,3
2020-09-14,Fresno,019,978130,29704,27232,345,27577,344
2020-09-14,Glenn,021,27897,554,521,0,521,3
2020-09-14,Humboldt,023,135768,478,437,1,438,4
2020-09-14,Imperial,025,180216,11601,10340,8,10348,273
2020-09-14,Inyo,027,18085,186,176,4,180,12
2020-09-14,Kern,029,883053,31252,30344,284,30628,368
2020-09-14,Kings,031,150075,7244,6950,32,6982,70
2020-09-14,Lake,033,64148,485,407,0,407,4
2020-09-14,Lassen,035,31185,737,719,2,721,0
2020-09-14,Los Angeles,037,10098052,257948,254622,1596,256218,6226
2020-09-14,Madera,039,155013,4367,4104,29,4133,45
2020-09-14,Marin,041,260295,6527,6409,15,6424,70
2020-09-14,Mariposa,043,17540,75,74,0,74,2
2020-09-14,Mendocino,045,87422,766,710,0,710,17
2020-09-14,Merced,047,269075,8690,8593,14,8607,112
2020-09-14,Modoc,049,8938,26,21,0,21,0
2020-09-14,Mono,051,14174,165,147,2,149,1
2020-09-14,Monterey,053,433212,9305,8845,24,8869,61
2020-09-14,Napa,055,140530,1623,1576,8,1584,11
2020-09-14,Nevada,057,99092,511,489,15,504,6
2020-09-14,Orange,059,3164182,52881,50149,1341,51490,1079
2020-09-14,Placer,061,380077,3482,3302,13,3315,38
2020-09-14,Plumas,063,18699,48,42,0,42,0
2020-09-14,Riverside,065,2383286,56828,55488,117,55605,1113
2020-09-14,Sacramento,067,1510023,21200,20377,22,20399,367
2020-09-14,San Benito,069,59416,1274,1233,0,1233,7
2020-09-14,San Bernardino,071,2135413,52013,50163,333,50496,895
2020-09-14,San Diego,073,3302833,44687,42889,753,43642,734
2020-09-14,San Francisco,075,870044,10708,10255,23,10278,90
2020-09-14,San Joaquin,077,732212,19679,19111,44,19155,397
2020-09-14,San Luis Obispo,079,281455,3501,3248,17,3265,25
2020-09-14,San Mateo,081,765935,9626,8847,10,8857,127
2020-09-14,Santa Barbara,083,443738,8888,8692,74,8766,104
2020-09-14,Santa Clara,085,1922200,20881,19545,40,19585,247
2020-09-14,Santa Cruz,087,273765,2223,2016,21,2037,7
2020-09-14,Shasta,089,179085,741,584,3,587,10
2020-09-14,Sierra,091,2930,6,6,0,6,0
2020-09-14,Siskiyou,093,43540,152,143,10,153,0
2020-09-14,Solano,095,438530,6044,5834,39,5873,44
2020-09-14,Sonoma,097,501317,6979,6630,20,6650,102
2020-09-14,Stanislaus,099,539301,16178,15812,466,16278,253
2020-09-14,Sutter,101,95872,1608,1549,1,1550,10
2020-09-14,Tehama,103,63373,493,475,2,477,1
2020-09-14,Trinity,105,12862,52,14,7,21,0
2020-09-14,Tulare,107,460477,15751,15096,82,15178,254
2020-09-14,Tuolumne,109,53932,228,208,5,213,1
2020-09-14,Ventura,111,848112,12656,11903,135,12038,125
2020-09-14,Yolo,113,214977,2750,2687,7,2694,53
2020-09-14,Yuba,115,75493,1031,977,4,981,1
2020-09-13,Alameda,001,1643700,20470,19815,146,19961,306
2020-09-13,Alpine,003,1148,2,2,0,2,0
2020-09-13,Amador,005,37829,282,279,0,279,16
2020-09-13,Butte,007,227075,2792,2640,27,2667,37
2020-09-13,Calaveras,009,45235,302,246,0,246,3
2020-09-13,Colusa,011,21464,511,486,0,486,6
2020-09-13,Contra Costa,013,1133247,16062,15284,76,15360,172
2020-09-13,Del Norte,015,27424,127,116,0,116,1
2020-09-13,El Dorado,017,186661,1092,1035,7,1042,2
2020-09-13,Fresno,019,978130,29596,27196,336,27532,345
2020-09-13,Glenn,021,27897,550,517,0,517,3
2020-09-13,Humboldt,023,135768,478,434,1,435,4
2020-09-13,Imperial,025,180216,11564,10304,7,10311,273
2020-09-13,Inyo,027,18085,186,176,4,180,12
2020-09-13,Kern,029,883053,31159,30277,278,30555,368
2020-09-13,Kings,031,150075,7225,6937,32,6969,70
2020-09-13,Lake,033,64148,466,397,0,397,4
2020-09-13,Lassen,035,31185,734,719,2,721,0
2020-09-13,Los Angeles,037,10098052,256796,253950,1581,255531,6203
2020-09-13,Madera,039,155013,4310,4090,29,4119,45
2020-09-13,Marin,041,260295,6506,6395,15,6410,70
2020-09-13,Mariposa,043,17540,75,74,0,74,2
2020-09-13,Mendocino,045,87422,759,707,0,707,17
2020-09-13,Merced,047,269075,8656,8575,14,8589,112
2020-09-13,Modoc,049,8938,26,21,0,21,0
2020-09-13,Mono,051,14174,165,147,2,149,1
2020-09-13,Monterey,053,433212,9223,8826,23,8849,61
2020-09-13,Napa,055,140530,1616,1563,8,1571,11
2020-09-13,Nevada,057,99092,503,486,15,501,6
2020-09-13,Orange,059,3164182,52665,50061,1334,51395,1075
2020-09-13,Placer,061,380077,3452,3291,13,3304,38
2020-09-13,Plumas,063,18699,48,42,0,42,0
2020-09-13,Riverside,065,2383286,56621,55235,106,55341,1108
2020-09-13,Sacramento,067,1510023,20854,20279,22,20301,367
2020-09-13,San Benito,069,59416,1266,1217,0,1217,7
2020-09-13,San Bernardino,071,2135413,51727,49968,331,50299,895
2020-09-13,San Diego,073,3302833,44361,42681,719,43400,734
2020-09-13,San Francisco,075,870044,10630,10254,23,10277,90
2020-09-13,San Joaquin,077,732212,19608,19110,43,19153,396
2020-09-13,San Luis Obispo,079,281455,3464,3240,17,3257,24
2020-09-13,San Mateo,081,765935,9565,8811,10,8821,127
2020-09-13,Santa Barbara,083,443738,8851,8690,74,8764,104
2020-09-13,Santa Clara,085,1922200,20742,19456,39,19495,245
2020-09-13,Santa Cruz,087,273765,2190,2016,19,2035,7
2020-09-13,Shasta,089,179085,729,583,3,586,10
2020-09-13,Sierra,091,2930,6,6,0,6,0
2020-09-13,Siskiyou,093,43540,152,143,9,152,0
2020-09-13,Solano,095,438530,5998,5810,39,5849,43
2020-09-13,Sonoma,097,501317,6914,6592,20,6612,95
2020-09-13,Stanislaus,099,539301,16115,15759,454,16213,253
2020-09-13,Sutter,101,95872,1596,1539,1,1540,10
2020-09-13,Tehama,103,63373,489,476,2,478,1
2020-09-13,Trinity,105,12862,52,14,7,21,0
2020-09-13,Tulare,107,460477,15680,15098,81,15179,254
2020-09-13,Tuolumne,109,53932,224,208,5,213,1
2020-09-13,Ventura,111,848112,12548,11855,134,11989,123
2020-09-13,Yolo,113,214977,2738,2675,7,2682,53
2020-09-13,Yuba,115,75493,1026,967,4,971,1
2020-09-12,Alameda,001,1643700,20411,19758,146,19904,307
2020-09-12,Alpine,003,1148,2,2,0,2,0
2020-09-12,Amador,005,37829,281,278,0,278,16
2020-09-12,Butte,007,227075,2785,2629,26,2655,37
2020-09-12,Calaveras,009,45235,300,246,0,246,3
2020-09-12,Colusa,011,21464,507,486,0,486,6
2020-09-12,Contra Costa,013,1133247,15985,15135,75,15210,174
2020-09-12,Del Norte,015,27424,126,116,0,116,1
2020-09-12,El Dorado,017,186661,1085,1034,7,1041,2
2020-09-12,Fresno,019,978130,29525,27076,336,27412,345
2020-09-12,Glenn,021,27897,549,517,0,517,3
2020-09-12,Humboldt,023,135768,477,430,1,431,4
2020-09-12,Imperial,025,180216,11552,10305,7,10312,273
2020-09-12,Inyo,027,18085,186,177,4,181,12
2020-09-12,Kern,029,883053,31093,30202,278,30480,368
2020-09-12,Kings,031,150075,7215,6895,32,6927,70
2020-09-12,Lake,033,64148,460,393,0,393,4
2020-09-12,Lassen,035,31185,734,719,2,721,0
2020-09-12,Los Angeles,037,10098052,256239,253156,1560,254716,6193
2020-09-12,Madera,039,155013,4299,4058,29,4087,43
2020-09-12,Marin,041,260295,6497,6393,15,6408,69
2020-09-12,Mariposa,043,17540,75,72,0,72,2
2020-09-12,Mendocino,045,87422,756,700,0,700,17
2020-09-12,Merced,047,269075,8647,8533,14,8547,112
2020-09-12,Modoc,049,8938,25,21,0,21,0
2020-09-12,Mono,051,14174,165,147,2,149,1
2020-09-12,Monterey,053,433212,9187,8743,23,8766,61
2020-09-12,Napa,055,140530,1613,1556,8,1564,11
2020-09-12,Nevada,057,99092,502,482,15,497,6
2020-09-12,Orange,059,3164182,52550,49895,1331,51226,1078
2020-09-12,Placer,061,380077,3435,3280,13,3293,38
2020-09-12,Plumas,063,18699,48,42,0,42,0
2020-09-12,Riverside,065,2383286,56493,55058,102,55160,1108
2020-09-12,Sacramento,067,1510023,20785,20184,22,20206,367
2020-09-12,San Benito,069,59416,1263,1208,0,1208,7
2020-09-12,San Bernardino,071,2135413,51636,49945,329,50274,896
2020-09-12,San Diego,073,3302833,44166,42416,710,43126,747
2020-09-12,San Francisco,075,870044,10586,10257,23,10280,90
2020-09-12,San Joaquin,077,732212,19580,19108,43,19151,396
2020-09-12,San Luis Obispo,079,281455,3437,3220,17,3237,24
2020-09-12,San Mateo,081,765935,9520,8759,10,8769,127
2020-09-12,Santa Barbara,083,443738,8837,8642,74,8716,104
2020-09-12,Santa Clara,085,1922200,20658,19330,39,19369,237
2020-09-12,Santa Cruz,087,273765,2178,2016,19,2035,7
2020-09-12,Shasta,089,179085,717,569,3,572,10
2020-09-12,Sierra,091,2930,6,6,0,6,0
2020-09-12,Siskiyou,093,43540,152,141,9,150,0
2020-09-12,Solano,095,438530,5974,5772,39,5811,43
2020-09-12,Sonoma,097,501317,6889,6531,20,6551,95
2020-09-12,Stanislaus,099,539301,16083,15675,451,16126,253
2020-09-12,Sutter,101,95872,1590,1529,1,1530,10
2020-09-12,Tehama,103,63373,486,471,2,473,1
2020-09-12,Trinity,105,12862,52,15,7,22,0
2020-09-12,Tulare,107,460477,15634,15018,80,15098,254
2020-09-12,Tuolumne,109,53932,224,208,5,213,1
2020-09-12,Ventura,111,848112,12497,11759,132,11891,123
2020-09-12,Yolo,113,214977,2731,2646,7,2653,53
2020-09-12,Yuba,115,75493,1022,963,4,967,1
2020-09-11,Alameda,001,1643700,20356,19625,145,19770,298
2020-09-11,Alpine,003,1148,2,2,0,2,0
2020-09-11,Amador,005,37829,281,277,0,277,16
2020-09-11,Butte,007,227075,2774,2605,26,2631,37
2020-09-11,Calaveras,009,45235,299,242,0,242,1
2020-09-11,Colusa,011,21464,506,484,0,484,6
2020-09-11,Contra Costa,013,1133247,15933,15001,72,15073,173
2020-09-11,Del Norte,015,27424,126,115,0,115,1
2020-09-11,El Dorado,017,186661,1082,1024,7,1031,2
2020-09-11,Fresno,019,978130,29447,26917,335,27252,344
2020-09-11,Glenn,021,27897,544,515,0,515,3
2020-09-11,Humboldt,023,135768,475,426,1,427,4
2020-09-11,Imperial,025,180216,11534,10286,7,10293,273
2020-09-11,Inyo,027,18085,186,176,4,180,12
2020-09-11,Kern,029,883053,31025,30059,277,30336,365
2020-09-11,Kings,031,150075,7198,6770,32,6802,70
2020-09-11,Lake,033,64148,453,382,0,382,4
2020-09-11,Lassen,035,31185,734,719,2,721,0
2020-09-11,Los Angeles,037,10098052,255558,252057,1549,253606,6172
2020-09-11,Madera,039,155013,4280,4018,29,4047,43
2020-09-11,Marin,041,260295,6494,6364,15,6379,69
2020-09-11,Mariposa,043,17540,75,72,0,72,2
2020-09-11,Mendocino,045,87422,745,700,0,700,17
2020-09-11,Merced,047,269075,8626,8489,14,8503,109
2020-09-11,Modoc,049,8938,25,21,0,21,0
2020-09-11,Mono,051,14174,165,145,2,147,1
2020-09-11,Monterey,053,433212,9139,8595,23,8618,61
2020-09-11,Napa,055,140530,1602,1543,8,1551,11
2020-09-11,Nevada,057,99092,495,483,15,498,6
2020-09-11,Orange,059,3164182,52421,49755,1319,51074,1068
2020-09-11,Placer,061,380077,3420,3254,13,3267,37
2020-09-11,Plumas,063,18699,48,42,0,42,0
2020-09-11,Riverside,065,2383286,56358,54717,99,54816,1099
2020-09-11,Sacramento,067,1510023,20700,20012,22,20034,358
2020-09-11,San Benito,069,59416,1253,1202,0,1202,7
2020-09-11,San Bernardino,071,2135413,51537,49682,329,50011,871
2020-09-11,San Diego,073,3302833,43946,41971,704,42675,730
2020-09-11,San Francisco,075,870044,10538,10133,22,10155,89
2020-09-11,San Joaquin,077,732212,19532,19019,43,19062,391
2020-09-11,San Luis Obispo,079,281455,3419,3190,17,3207,24
2020-09-11,San Mateo,081,765935,9478,8611,10,8621,127
2020-09-11,Santa Barbara,083,443738,8804,8592,73,8665,103
2020-09-11,Santa Clara,085,1922200,20569,19065,39,19104,234
2020-09-11,Santa Cruz,087,273765,2161,1997,19,2016,7
2020-09-11,Shasta,089,179085,707,568,3,571,10
2020-09-11,Sierra,091,2930,6,6,0,6,0
2020-09-11,Siskiyou,093,43540,151,139,9,148,0
2020-09-11,Solano,095,438530,5957,5742,39,5781,42
2020-09-11,Sonoma,097,501317,6844,6469,20,6489,91
2020-09-11,Stanislaus,099,539301,16045,15613,448,16061,253
2020-09-11,Sutter,101,95872,1580,1505,1,1506,11
2020-09-11,Tehama,103,63373,483,466,2,468,1
2020-09-11,Trinity,105,12862,52,16,7,23,0
2020-09-11,Tulare,107,460477,15603,14932,78,15010,251
2020-09-11,Tuolumne,109,53932,224,208,5,213,1
2020-09-11,Ventura,111,848112,12443,11700,130,11830,123
2020-09-11,Yolo,113,214977,2720,2632,7,2639,53
2020-09-11,Yuba,115,75493,1014,946,4,950,1
2020-09-10,Alameda,001,1643700,20282,19509,145,19654,292
2020-09-10,Alpine,003,1148,2,2,0,2,0
2020-09-10,Amador,005,37829,280,277,0,277,16
2020-09-10,Butte,007,227075,2757,2590,26,2616,37
2020-09-10,Calaveras,009,45235,299,244,0,244,1
2020-09-10,Colusa,011,21464,504,482,0,482,6
2020-09-10,Contra Costa,013,1133247,15863,14909,72,14981,172
2020-09-10,Del Norte,015,27424,125,112,0,112,1
2020-09-10,El Dorado,017,186661,1079,1020,7,1027,2
2020-09-10,Fresno,019,978130,29325,26783,335,27118,338
2020-09-10,Glenn,021,27897,534,511,0,511,3
2020-09-10,Humboldt,023,135768,464,422,1,423,4
2020-09-10,Imperial,025,180216,11518,10251,7,10258,270
2020-09-10,Inyo,027,18085,185,176,4,180,11
2020-09-10,Kern,029,883053,30943,29988,273,30261,363
2020-09-10,Kings,031,150075,7168,6739,32,6771,70
2020-09-10,Lake,033,64148,446,377,0,377,4
2020-09-10,Lassen,035,31185,733,716,2,718,0
2020-09-10,Los Angeles,037,10098052,254579,251003,1528,252531,6132
2020-09-10,Madera,039,155013,4262,3979,29,4008,43
2020-09-10,Marin,041,260295,6482,6344,15,6359,68
2020-09-10,Mariposa,043,17540,75,72,0,72,2
2020-09-10,Mendocino,045,87422,735,697,0,697,16
2020-09-10,Merced,047,269075,8580,8461,14,8475,109
2020-09-10,Modoc,049,8938,25,21,0,21,0
2020-09-10,Mono,051,14174,165,145,2,147,1
2020-09-10,Monterey,053,433212,9069,8570,23,8593,59
2020-09-10,Napa,055,140530,1596,1536,8,1544,11
2020-09-10,Nevada,057,99092,491,478,15,493,6
2020-09-10,Orange,059,3164182,52258,49617,1313,50930,1057
2020-09-10,Placer,061,380077,3400,3233,13,3246,37
2020-09-10,Plumas,063,18699,48,42,0,42,0
2020-09-10,Riverside,065,2383286,56039,54417,96,54513,1091
2020-09-10,Sacramento,067,1510023,20578,19618,21,19639,354
2020-09-10,San Benito,069,59416,1247,1201,0,1201,5
2020-09-10,San Bernardino,071,2135413,51349,49467,327,49794,867
2020-09-10,San Diego,073,3302833,43680,41610,677,42287,725
2020-09-10,San Francisco,075,870044,10461,10082,22,10104,89
2020-09-10,San Joaquin,077,732212,19479,18854,43,18897,389
2020-09-10,San Luis Obispo,079,281455,3405,3161,16,3177,24
2020-09-10,San Mateo,081,765935,9432,8529,10,8539,125
2020-09-10,Santa Barbara,083,443738,8759,8552,73,8625,100
2020-09-10,Santa Clara,085,1922200,20455,18870,39,18909,231
2020-09-10,Santa Cruz,087,273765,2146,1986,17,2003,7
2020-09-10,Shasta,089,179085,696,566,3,569,10
2020-09-10,Sierra,091,2930,6,6,0,6,0
2020-09-10,Siskiyou,093,43540,151,137,9,146,0
2020-09-10,Solano,095,438530,5917,5696,39,5735,42
2020-09-10,Sonoma,097,501317,6795,6424,20,6444,91
2020-09-10,Stanislaus,099,539301,15991,15509,443,15952,243
2020-09-10,Sutter,101,95872,1570,1494,1,1495,11
2020-09-10,Tehama,103,63373,476,466,2,468,1
2020-09-10,Trinity,105,12862,52,15,7,22,0
2020-09-10,Tulare,107,460477,15548,14860,75,14935,250
2020-09-10,Tuolumne,109,53932,223,205,5,210,1
2020-09-10,Ventura,111,848112,12349,11600,123,11723,122
2020-09-10,Yolo,113,214977,2715,2612,7,2619,53
2020-09-10,Yuba,115,75493,1008,941,4,945,1
2020-09-09,Alameda,001,1643700,20203,19399,144,19543,289
2020-09-09,Alpine,003,1148,2,2,0,2,0
2020-09-09,Amador,005,37829,279,276,0,276,16
2020-09-09,Butte,007,227075,2740,2561,26,2587,37
2020-09-09,Calaveras,009,45235,299,242,0,242,1
2020-09-09,Colusa,011,21464,499,479,0,479,6
2020-09-09,Contra Costa,013,1133247,15777,14816,72,14888,171
2020-09-09,Del Norte,015,27424,121,109,0,109,1
2020-09-09,El Dorado,017,186661,1076,1020,7,1027,2
2020-09-09,Fresno,019,978130,29222,26724,330,27054,329
2020-09-09,Glenn,021,27897,531,508,0,508,3
2020-09-09,Humboldt,023,135768,462,420,1,421,4
2020-09-09,Imperial,025,180216,11497,10233,7,10240,268
2020-09-09,Inyo,027,18085,184,173,4,177,2
2020-09-09,Kern,029,883053,30845,29925,270,30195,355
2020-09-09,Kings,031,150075,7150,6721,32,6753,72
2020-09-09,Lake,033,64148,438,371,0,371,4
2020-09-09,Lassen,035,31185,732,714,2,716,0
2020-09-09,Los Angeles,037,10098052,253705,249876,1510,251386,6091
2020-09-09,Madera,039,155013,4236,3926,29,3955,43
2020-09-09,Marin,041,260295,6463,6321,15,6336,68
2020-09-09,Mariposa,043,17540,74,72,0,72,2
2020-09-09,Mendocino,045,87422,727,695,0,695,16
2020-09-09,Merced,047,269075,8554,8441,14,8455,107
2020-09-09,Modoc,049,8938,24,20,0,20,0
2020-09-09,Mono,051,14174,165,145,2,147,1
2020-09-09,Monterey,053,433212,8997,8527,23,8550,59
2020-09-09,Napa,055,140530,1586,1531,8,1539,11
2020-09-09,Nevada,057,99092,487,476,15,491,6
2020-09-09,Orange,059,3164182,52079,49394,1306,50700,1054
2020-09-09,Placer,061,380077,3380,3222,13,3235,36
2020-09-09,Plumas,063,18699,46,42,0,42,0
2020-09-09,Riverside,065,2383286,55809,54320,93,54413,1081
2020-09-09,Sacramento,067,1510023,20472,19474,20,19494,347
2020-09-09,San Benito,069,59416,1243,1199,0,1199,5
2020-09-09,San Bernardino,071,2135413,51151,49264,326,49590,866
2020-09-09,San Diego,073,3302833,43391,41326,665,41991,721
2020-09-09,San Francisco,075,870044,10411,9996,21,10017,86
2020-09-09,San Joaquin,077,732212,19415,18799,42,18841,388
2020-09-09,San Luis Obispo,079,281455,3387,3131,16,3147,24
2020-09-09,San Mateo,081,765935,9372,8478,10,8488,125
2020-09-09,Santa Barbara,083,443738,8716,8528,73,8601,97
2020-09-09,Santa Clara,085,1922200,20323,18759,39,18798,228
2020-09-09,Santa Cruz,087,273765,2123,1967,17,1984,7
2020-09-09,Shasta,089,179085,684,562,3,565,10
2020-09-09,Sierra,091,2930,6,6,0,6,0
2020-09-09,Siskiyou,093,43540,149,137,9,146,0
2020-09-09,Solano,095,438530,5885,5680,39,5719,36
2020-09-09,Sonoma,097,501317,6729,6397,20,6417,92
2020-09-09,Stanislaus,099,539301,15952,15469,432,15901,243
2020-09-09,Sutter,101,95872,1562,1487,1,1488,11
2020-09-09,Tehama,103,63373,473,462,2,464,1
2020-09-09,Trinity,105,12862,52,14,7,21,0
2020-09-09,Tulare,107,460477,15499,14787,70,14857,249
2020-09-09,Tuolumne,109,53932,222,204,4,208,1
2020-09-09,Ventura,111,848112,12258,11497,120,11617,121
2020-09-09,Yolo,113,214977,2704,2604,7,2611,53
2020-09-09,Yuba,115,75493,1003,936,4,940,1
2020-09-08,Alameda,001,1643700,20095,19293,144,19437,288
2020-09-08,Alpine,003,1148,2,2,0,2,0
2020-09-08,Amador,005,37829,279,276,0,276,16
2020-09-08,Butte,007,227075,2722,2453,26,2479,36
2020-09-08,Calaveras,009,45235,297,233,0,233,1
2020-09-08,Colusa,011,21464,497,475,0,475,6
2020-09-08,Contra Costa,013,1133247,15649,14740,69,14809,171
2020-09-08,Del Norte,015,27424,121,109,0,109,2
2020-09-08,El Dorado,017,186661,1073,1011,7,1018,2
2020-09-08,Fresno,019,978130,29102,26640,326,26966,329
2020-09-08,Glenn,021,27897,527,492,0,492,3
2020-09-08,Humboldt,023,135768,460,420,1,421,4
2020-09-08,Imperial,025,180216,11481,10198,7,10205,267
2020-09-08,Inyo,027,18085,184,169,4,173,2
2020-09-08,Kern,029,883053,30760,29850,268,30118,351
2020-09-08,Kings,031,150075,7112,6658,32,6690,72
2020-09-08,Lake,033,64148,428,370,0,370,4
2020-09-08,Lassen,035,31185,732,710,2,712,0
2020-09-08,Los Angeles,037,10098052,252774,249217,1482,250699,6034
2020-09-08,Madera,039,155013,4212,3904,29,3933,43
2020-09-08,Marin,041,260295,6432,6313,15,6328,68
2020-09-08,Mariposa,043,17540,74,72,0,72,2
2020-09-08,Mendocino,045,87422,720,690,0,690,16
2020-09-08,Merced,047,269075,8531,8381,14,8395,104
2020-09-08,Modoc,049,8938,24,20,0,20,0
2020-09-08,Mono,051,14174,165,145,2,147,1
2020-09-08,Monterey,053,433212,8912,8491,23,8514,59
2020-09-08,Napa,055,140530,1582,1518,8,1526,11
2020-09-08,Nevada,057,99092,487,470,15,485,6
2020-09-08,Orange,059,3164182,51937,49214,1302,50516,1044
2020-09-08,Placer,061,380077,3366,3205,13,3218,36
2020-09-08,Plumas,063,18699,46,42,0,42,0
2020-09-08,Riverside,065,2383286,55595,54168,90,54258,1069
2020-09-08,Sacramento,067,1510023,20237,19411,19,19430,347
2020-09-08,San Benito,069,59416,1236,1188,0,1188,5
2020-09-08,San Bernardino,071,2135413,50963,49034,324,49358,856
2020-09-08,San Diego,073,3302833,43075,41079,653,41732,709
2020-09-08,San Francisco,075,870044,10338,9821,21,9842,86
2020-09-08,San Joaquin,077,732212,19337,18550,42,18592,388
2020-09-08,San Luis Obispo,079,281455,3372,3120,16,3136,23
2020-09-08,San Mateo,081,765935,9296,8460,10,8470,125
2020-09-08,Santa Barbara,083,443738,8682,8488,72,8560,96
2020-09-08,Santa Clara,085,1922200,20147,18645,39,18684,228
2020-09-08,Santa Cruz,087,273765,2095,1903,17,1920,7
2020-09-08,Shasta,089,179085,676,556,3,559,10
2020-09-08,Sierra,091,2930,6,6,0,6,0
2020-09-08,Siskiyou,093,43540,147,136,9,145,0
2020-09-08,Solano,095,438530,5848,5654,39,5693,36
2020-09-08,Sonoma,097,501317,6660,6356,20,6376,92
2020-09-08,Stanislaus,099,539301,15888,15415,420,15835,238
2020-09-08,Sutter,101,95872,1546,1473,1,1474,11
2020-09-08,Tehama,103,63373,469,458,2,460,1
2020-09-08,Trinity,105,12862,51,13,7,20,0
2020-09-08,Tulare,107,460477,15419,14635,69,14704,249
2020-09-08,Tuolumne,109,53932,221,197,4,201,1
2020-09-08,Ventura,111,848112,12189,11475,117,11592,118
2020-09-08,Yolo,113,214977,2694,2580,7,2587,53
2020-09-08,Yuba,115,75493,991,923,4,927,1
2020-09-07,Alameda,001,1643700,19974,19188,138,19326,281
2020-09-07,Alpine,003,1148,2,2,0,2,0
2020-09-07,Amador,005,37829,279,276,0,276,16
2020-09-07,Butte,007,227075,2689,2450,25,2475,30
2020-09-07,Calaveras,009,45235,287,234,0,234,1
2020-09-07,Colusa,011,21464,496,475,0,475,6
2020-09-07,Contra Costa,013,1133247,15536,14637,66,14703,172
2020-09-07,Del Norte,015,27424,121,109,0,109,2
2020-09-07,El Dorado,017,186661,1062,1011,7,1018,2
2020-09-07,Fresno,019,978130,29008,26565,323,26888,329
2020-09-07,Glenn,021,27897,522,488,0,488,3
2020-09-07,Humboldt,023,135768,451,416,1,417,4
2020-09-07,Imperial,025,180216,11450,10199,7,10206,267
2020-09-07,Inyo,027,18085,184,169,4,173,2
2020-09-07,Kern,029,883053,30639,29790,263,30053,348
2020-09-07,Kings,031,150075,6988,6630,32,6662,72
2020-09-07,Lake,033,64148,405,367,0,367,2
2020-09-07,Lassen,035,31185,732,709,2,711,0
2020-09-07,Los Angeles,037,10098052,251727,248804,1461,250265,6030
2020-09-07,Madera,039,155013,4181,3889,28,3917,43
2020-09-07,Marin,041,260295,6402,6296,15,6311,67
2020-09-07,Mariposa,043,17540,74,72,0,72,2
2020-09-07,Mendocino,045,87422,712,687,0,687,16
2020-09-07,Merced,047,269075,8484,8381,14,8395,104
2020-09-07,Modoc,049,8938,23,20,0,20,0
2020-09-07,Mono,051,14174,165,145,2,147,1
2020-09-07,Monterey,053,433212,8833,8463,23,8486,57
2020-09-07,Napa,055,140530,1570,1514,8,1522,11
2020-09-07,Nevada,057,99092,485,469,15,484,6
2020-09-07,Orange,059,3164182,51763,49132,1298,50430,1042
2020-09-07,Placer,061,380077,3336,3188,12,3200,36
2020-09-07,Plumas,063,18699,45,42,0,42,0
2020-09-07,Riverside,065,2383286,55320,54178,84,54262,1069
2020-09-07,Sacramento,067,1510023,19995,19292,18,19310,345
2020-09-07,San Benito,069,59416,1230,1180,0,1180,4
2020-09-07,San Bernardino,071,2135413,50735,49043,322,49365,821
2020-09-07,San Diego,073,3302833,42675,40868,626,41494,708
2020-09-07,San Francisco,075,870044,10287,9813,20,9833,85
2020-09-07,San Joaquin,077,732212,19256,18552,40,18592,386
2020-09-07,San Luis Obispo,079,281455,3335,3116,16,3132,23
2020-09-07,San Mateo,081,765935,9214,8409,10,8419,125
2020-09-07,Santa Barbara,083,443738,8638,8479,72,8551,95
2020-09-07,Santa Clara,085,1922200,19989,18596,38,18634,226
2020-09-07,Santa Cruz,087,273765,2067,1902,17,1919,7
2020-09-07,Shasta,089,179085,666,556,3,559,10
2020-09-07,Sierra,091,2930,6,6,0,6,0
2020-09-07,Siskiyou,093,43540,146,133,9,142,0
2020-09-07,Solano,095,438530,5783,5640,39,5679,36
2020-09-07,Sonoma,097,501317,6594,6268,20,6288,85
2020-09-07,Stanislaus,099,539301,15823,15343,408,15751,236
2020-09-07,Sutter,101,95872,1529,1468,1,1469,11
2020-09-07,Tehama,103,63373,466,453,2,455,1
2020-09-07,Trinity,105,12862,51,13,7,20,0
2020-09-07,Tulare,107,460477,15314,14637,67,14704,249
2020-09-07,Tuolumne,109,53932,220,196,4,200,1
2020-09-07,Ventura,111,848112,12094,11463,114,11577,118
2020-09-07,Yolo,113,214977,2677,2565,6,2571,53
2020-09-07,Yuba,115,75493,975,923,3,926,1
2020-09-06,Alameda,001,1643700,19916,19029,136,19165,281
2020-09-06,Alpine,003,1148,2,2,0,2,0
2020-09-06,Amador,005,37829,277,275,0,275,16
2020-09-06,Butte,007,227075,2680,2446,25,2471,30
2020-09-06,Calaveras,009,45235,287,235,0,235,1
2020-09-06,Colusa,011,21464,492,475,0,475,6
2020-09-06,Contra Costa,013,1133247,15456,14565,65,14630,171
2020-09-06,Del Norte,015,27424,121,109,0,109,2
2020-09-06,El Dorado,017,186661,1060,1008,7,1015,2
2020-09-06,Fresno,019,978130,28944,26471,321,26792,329
2020-09-06,Glenn,021,27897,516,474,0,474,3
2020-09-06,Humboldt,023,135768,448,404,1,405,4
2020-09-06,Imperial,025,180216,11433,10152,7,10159,267
2020-09-06,Inyo,027,18085,184,169,4,173,2
2020-09-06,Kern,029,883053,30583,29699,259,29958,348
2020-09-06,Kings,031,150075,6968,6561,31,6592,72
2020-09-06,Lake,033,64148,402,362,0,362,2
2020-09-06,Lassen,035,31185,732,709,2,711,0
2020-09-06,Los Angeles,037,10098052,251095,248316,1447,249763,6004
2020-09-06,Madera,039,155013,4137,3867,28,3895,42
2020-09-06,Marin,041,260295,6390,6276,15,6291,67
2020-09-06,Mariposa,043,17540,74,72,0,72,2
2020-09-06,Mendocino,045,87422,711,672,0,672,16
2020-09-06,Merced,047,269075,8464,8327,14,8341,104
2020-09-06,Modoc,049,8938,23,20,0,20,0
2020-09-06,Mono,051,14174,164,145,2,147,1
2020-09-06,Monterey,053,433212,8793,8403,22,8425,56
2020-09-06,Napa,055,140530,1566,1501,6,1507,11
2020-09-06,Nevada,057,99092,485,467,14,481,6
2020-09-06,Orange,059,3164182,51650,48931,1294,50225,1042
2020-09-06,Placer,061,380077,3319,3169,12,3181,36
2020-09-06,Plumas,063,18699,44,42,0,42,0
2020-09-06,Riverside,065,2383286,55204,53970,82,54052,1069
2020-09-06,Sacramento,067,1510023,19900,19128,18,19146,340
2020-09-06,San Benito,069,59416,1228,1178,0,1178,4
2020-09-06,San Bernardino,071,2135413,50628,48923,322,49245,823
2020-09-06,San Diego,073,3302833,42427,40652,620,41272,707
2020-09-06,San Francisco,075,870044,10213,9813,20,9833,85
2020-09-06,San Joaquin,077,732212,19207,18558,40,18598,386
2020-09-06,San Luis Obispo,079,281455,3324,3101,16,3117,23
2020-09-06,San Mateo,081,765935,9161,8387,10,8397,125
2020-09-06,Santa Barbara,083,443738,8609,8434,72,8506,95
2020-09-06,Santa Clara,085,1922200,19888,18495,38,18533,207
2020-09-06,Santa Cruz,087,273765,2060,1902,17,1919,7
2020-09-06,Shasta,089,179085,660,550,3,553,10
2020-09-06,Sierra,091,2930,6,6,0,6,0
2020-09-06,Siskiyou,093,43540,146,132,9,141,0
2020-09-06,Solano,095,438530,5757,5619,39,5658,37
2020-09-06,Sonoma,097,501317,6565,6212,20,6232,85
2020-09-06,Stanislaus,099,539301,15779,15288,404,15692,236
2020-09-06,Sutter,101,95872,1516,1451,1,1452,11
2020-09-06,Tehama,103,63373,465,455,2,457,1
2020-09-06,Trinity,105,12862,50,13,7,20,0
2020-09-06,Tulare,107,460477,15271,14636,66,14702,249
2020-09-06,Tuolumne,109,53932,217,194,4,198,1
2020-09-06,Ventura,111,848112,12049,11315,114,11429,118
2020-09-06,Yolo,113,214977,2663,2556,6,2562,53
2020-09-06,Yuba,115,75493,966,913,3,916,1
2020-09-05,Alameda,001,1643700,19871,18973,134,19107,279
2020-09-05,Alpine,003,1148,2,2,0,2,0
2020-09-05,Amador,005,37829,277,274,0,274,16
2020-09-05,Butte,007,227075,2664,2406,24,2430,30
2020-09-05,Calaveras,009,45235,287,237,0,237,1
2020-09-05,Colusa,011,21464,488,472,0,472,6
2020-09-05,Contra Costa,013,1133247,15379,14456,63,14519,173
2020-09-05,Del Norte,015,27424,121,109,0,109,2
2020-09-05,El Dorado,017,186661,1060,1007,7,1014,2
2020-09-05,Fresno,019,978130,28876,26325,321,26646,331
2020-09-05,Glenn,021,27897,515,474,0,474,3
2020-09-05,Humboldt,023,135768,446,402,1,403,4
2020-09-05,Imperial,025,180216,11416,10151,7,10158,268
2020-09-05,Inyo,027,18085,184,169,4,173,2
2020-09-05,Kern,029,883053,30523,29645,255,29900,347
2020-09-05,Kings,031,150075,6959,6518,31,6549,66
2020-09-05,Lake,033,64148,399,359,0,359,2
2020-09-05,Lassen,035,31185,732,709,2,711,0
2020-09-05,Los Angeles,037,10098052,250561,247572,1435,249007,6001
2020-09-05,Madera,039,155013,4096,3851,28,3879,42
2020-09-05,Marin,041,260295,6383,6259,15,6274,66
2020-09-05,Mariposa,043,17540,74,72,0,72,2
2020-09-05,Mendocino,045,87422,710,658,0,658,16
2020-09-05,Merced,047,269075,8432,8297,12,8309,104
2020-09-05,Modoc,049,8938,23,19,0,19,0
2020-09-05,Mono,051,14174,164,145,2,147,1
2020-09-05,Monterey,053,433212,8763,8301,22,8323,56
2020-09-05,Napa,055,140530,1560,1484,6,1490,11
2020-09-05,Nevada,057,99092,482,461,14,475,6
2020-09-05,Orange,059,3164182,51548,48726,1289,50015,1039
2020-09-05,Placer,061,380077,3308,3141,12,3153,35
2020-09-05,Plumas,063,18699,44,42,0,42,0
2020-09-05,Riverside,065,2383286,55098,53780,82,53862,1066
2020-09-05,Sacramento,067,1510023,19809,18955,18,18973,339
2020-09-05,San Benito,069,59416,1226,1153,0,1153,4
2020-09-05,San Bernardino,071,2135413,50552,48800,321,49121,825
2020-09-05,San Diego,073,3302833,42234,40344,608,40952,717
2020-09-05,San Francisco,075,870044,10180,9812,19,9831,85
2020-09-05,San Joaquin,077,732212,19178,18557,40,18597,386
2020-09-05,San Luis Obispo,079,281455,3314,3083,16,3099,23
2020-09-05,San Mateo,081,765935,9116,8352,10,8362,124
2020-09-05,Santa Barbara,083,443738,8593,8404,72,8476,96
2020-09-05,Santa Clara,085,1922200,19805,18311,38,18349,207
2020-09-05,Santa Cruz,087,273765,2052,1904,17,1921,7
2020-09-05,Shasta,089,179085,659,544,3,547,10
2020-09-05,Sierra,091,2930,6,6,0,6,0
2020-09-05,Siskiyou,093,43540,145,131,9,140,0
2020-09-05,Solano,095,438530,5745,5579,39,5618,37
2020-09-05,Sonoma,097,501317,6532,6149,20,6169,85
2020-09-05,Stanislaus,099,539301,15731,15198,400,15598,236
2020-09-05,Sutter,101,95872,1509,1445,1,1446,11
2020-09-05,Tehama,103,63373,464,447,2,449,1
2020-09-05,Trinity,105,12862,50,13,7,20,0
2020-09-05,Tulare,107,460477,15213,14576,64,14640,249
2020-09-05,Tuolumne,109,53932,217,194,4,198,1
2020-09-05,Ventura,111,848112,12006,11254,114,11368,118
2020-09-05,Yolo,113,214977,2653,2534,6,2540,53
2020-09-05,Yuba,115,75493,960,902,3,905,1
2020-09-04,Alameda,001,1643700,19803,18843,132,18975,276
2020-09-04,Alpine,003,1148,2,2,0,2,0
2020-09-04,Amador,005,37829,276,274,0,274,16
2020-09-04,Butte,007,227075,2641,2325,24,2349,28
2020-09-04,Calaveras,009,45235,285,237,0,237,1
2020-09-04,Colusa,011,21464,486,467,0,467,6
2020-09-04,Contra Costa,013,1133247,15299,14355,62,14417,164
2020-09-04,Del Norte,015,27424,121,109,0,109,2
2020-09-04,El Dorado,017,186661,1056,992,7,999,2
2020-09-04,Fresno,019,978130,28771,26147,320,26467,321
2020-09-04,Glenn,021,27897,507,463,0,463,3
2020-09-04,Humboldt,023,135768,441,390,1,391,4
2020-09-04,Imperial,025,180216,11407,10136,7,10143,267
2020-09-04,Inyo,027,18085,184,169,4,173,2
2020-09-04,Kern,029,883053,30455,29526,252,29778,345
2020-09-04,Kings,031,150075,6946,6259,31,6290,66
2020-09-04,Lake,033,64148,399,347,0,347,2
2020-09-04,Lassen,035,31185,732,708,2,710,0
2020-09-04,Los Angeles,037,10098052,249993,246396,1415,247811,5977
2020-09-04,Madera,039,155013,4083,3838,28,3866,42
2020-09-04,Marin,041,260295,6371,6251,15,6266,66
2020-09-04,Mariposa,043,17540,74,72,0,72,2
2020-09-04,Mendocino,045,87422,708,646,0,646,16
2020-09-04,Merced,047,269075,8412,8214,12,8226,104
2020-09-04,Modoc,049,8938,23,15,0,15,0
2020-09-04,Mono,051,14174,164,145,2,147,1
2020-09-04,Monterey,053,433212,8718,8208,22,8230,56
2020-09-04,Napa,055,140530,1551,1475,6,1481,11
2020-09-04,Nevada,057,99092,479,455,14,469,6
2020-09-04,Orange,059,3164182,51424,48488,1282,49770,1031
2020-09-04,Placer,061,380077,3296,3101,12,3113,35
2020-09-04,Plumas,063,18699,44,42,0,42,0
2020-09-04,Riverside,065,2383286,54985,53606,77,53683,1066
2020-09-04,Sacramento,067,1510023,19721,18765,18,18783,337
2020-09-04,San Benito,069,59416,1217,1137,0,1137,4
2020-09-04,San Bernardino,071,2135413,50459,48497,319,48816,800
2020-09-04,San Diego,073,3302833,42004,39901,599,40500,701
2020-09-04,San Francisco,075,870044,10140,9694,18,9712,85
2020-09-04,San Joaquin,077,732212,19124,18438,40,18478,376
2020-09-04,San Luis Obispo,079,281455,3299,3049,15,3064,21
2020-09-04,San Mateo,081,765935,9072,8275,10,8285,122
2020-09-04,Santa Barbara,083,443738,8563,8340,72,8412,96
2020-09-04,Santa Clara,085,1922200,19697,18074,38,18112,209
2020-09-04,Santa Cruz,087,273765,2035,1896,16,1912,7
2020-09-04,Shasta,089,179085,656,536,3,539,10
2020-09-04,Sierra,091,2930,6,6,0,6,0
2020-09-04,Siskiyou,093,43540,145,129,9,138,0
2020-09-04,Solano,095,438530,5732,5552,39,5591,37
2020-09-04,Sonoma,097,501317,6467,6050,20,6070,85
2020-09-04,Stanislaus,099,539301,15697,15074,391,15465,233
2020-09-04,Sutter,101,95872,1493,1425,1,1426,11
2020-09-04,Tehama,103,63373,460,442,2,444,1
2020-09-04,Trinity,105,12862,50,13,7,20,0
2020-09-04,Tulare,107,460477,15185,14501,60,14561,247
2020-09-04,Tuolumne,109,53932,217,193,4,197,1
2020-09-04,Ventura,111,848112,11964,11171,114,11285,114
2020-09-04,Yolo,113,214977,2639,2495,6,2501,53
2020-09-04,Yuba,115,75493,955,884,3,887,1
2020-09-03,Alameda,001,1643700,19700,18687,132,18819,275
2020-09-03,Alpine,003,1148,2,2,0,2,0
2020-09-03,Amador,005,37829,276,274,0,274,16
2020-09-03,Butte,007,227075,2597,2274,24,2298,27
2020-09-03,Calaveras,009,45235,284,238,0,238,1
2020-09-03,Colusa,011,21464,484,464,0,464,6
2020-09-03,Contra Costa,013,1133247,15192,14206,59,14265,159
2020-09-03,Del Norte,015,27424,118,109,0,109,2
2020-09-03,El Dorado,017,186661,1052,983,7,990,2
2020-09-03,Fresno,019,978130,28652,25978,315,26293,313
2020-09-03,Glenn,021,27897,503,460,0,460,3
2020-09-03,Humboldt,023,135768,436,390,1,391,4
2020-09-03,Imperial,025,180216,11386,10083,7,10090,255
2020-09-03,Inyo,027,18085,182,171,4,175,3
2020-09-03,Kern,029,883053,30363,29426,238,29664,340
2020-09-03,Kings,031,150075,6866,6200,31,6231,64
2020-09-03,Lake,033,64148,390,347,0,347,2
2020-09-03,Lassen,035,31185,732,707,2,709,0
2020-09-03,Los Angeles,037,10098052,249130,245026,1395,246421,5931
2020-09-03,Madera,039,155013,4064,3780,28,3808,43
2020-09-03,Marin,041,260295,6352,6175,15,6190,66
2020-09-03,Mariposa,043,17540,74,71,0,71,2
2020-09-03,Mendocino,045,87422,699,638,0,638,16
2020-09-03,Merced,047,269075,8370,8136,12,8148,105
2020-09-03,Modoc,049,8938,23,14,0,14,0
2020-09-03,Mono,051,14174,163,144,2,146,1
2020-09-03,Monterey,053,433212,8664,8128,22,8150,56
2020-09-03,Napa,055,140530,1544,1466,6,1472,10
2020-09-03,Nevada,057,99092,476,453,14,467,6
2020-09-03,Orange,059,3164182,51238,48226,1268,49494,1009
2020-09-03,Placer,061,380077,3278,3069,12,3081,34
2020-09-03,Plumas,063,18699,44,39,0,39,0
2020-09-03,Riverside,065,2383286,54805,53341,73,53414,1052
2020-09-03,Sacramento,067,1510023,19593,18553,17,18570,328
2020-09-03,San Benito,069,59416,1206,1121,0,1121,4
2020-09-03,San Bernardino,071,2135413,50293,48165,318,48483,800
2020-09-03,San Diego,073,3302833,41690,39448,583,40031,700
2020-09-03,San Francisco,075,870044,10074,9636,16,9652,84
2020-09-03,San Joaquin,077,732212,19047,18331,40,18371,371
2020-09-03,San Luis Obispo,079,281455,3282,3023,15,3038,21
2020-09-03,San Mateo,081,765935,8998,8211,10,8221,122
2020-09-03,Santa Barbara,083,443738,8516,8277,72,8349,96
2020-09-03,Santa Clara,085,1922200,19516,17879,38,17917,208
2020-09-03,Santa Cruz,087,273765,2020,1870,16,1886,7
2020-09-03,Shasta,089,179085,651,535,3,538,10
2020-09-03,Sierra,091,2930,6,6,0,6,0
2020-09-03,Siskiyou,093,43540,145,128,9,137,0
2020-09-03,Solano,095,438530,5712,5499,38,5537,36
2020-09-03,Sonoma,097,501317,6406,5997,20,6017,62
2020-09-03,Stanislaus,099,539301,15645,14985,387,15372,217
2020-09-03,Sutter,101,95872,1483,1412,1,1413,11
2020-09-03,Tehama,103,63373,456,436,2,438,1
2020-09-03,Trinity,105,12862,48,13,7,20,0
2020-09-03,Tulare,107,460477,15119,14408,59,14467,244
2020-09-03,Tuolumne,109,53932,217,193,4,197,1
2020-09-03,Ventura,111,848112,11846,11109,111,11220,112
2020-09-03,Yolo,113,214977,2623,2475,6,2481,53
2020-09-03,Yuba,115,75493,948,867,3,870,1
2020-09-02,Alameda,001,1643700,19582,18522,129,18651,260
2020-09-02,Alpine,003,1148,2,2,0,2,0
2020-09-02,Amador,005,37829,276,245,0,245,14
2020-09-02,Butte,007,227075,2551,2241,24,2265,27
2020-09-02,Calaveras,009,45235,283,235,0,235,1
2020-09-02,Colusa,011,21464,480,460,0,460,6
2020-09-02,Contra Costa,013,1133247,15103,14097,57,14154,159
2020-09-02,Del Norte,015,27424,117,109,0,109,2
2020-09-02,El Dorado,017,186661,1048,975,6,981,2
2020-09-02,Fresno,019,978130,28504,25785,312,26097,292
2020-09-02,Glenn,021,27897,498,457,0,457,3
2020-09-02,Humboldt,023,135768,433,381,1,382,4
2020-09-02,Imperial,025,180216,11370,9832,7,9839,255
2020-09-02,Inyo,027,18085,182,171,4,175,3
2020-09-02,Kern,029,883053,30271,29288,232,29520,335
2020-09-02,Kings,031,150075,6781,6142,31,6173,64
2020-09-02,Lake,033,64148,386,342,0,342,2
2020-09-02,Lassen,035,31185,730,706,2,708,0
2020-09-02,Los Angeles,037,10098052,248199,243999,1367,245366,5887
2020-09-02,Madera,039,155013,4044,3735,28,3763,41
2020-09-02,Marin,041,260295,6337,6131,15,6146,66
2020-09-02,Mariposa,043,17540,74,71,0,71,2
2020-09-02,Mendocino,045,87422,689,636,0,636,15
2020-09-02,Merced,047,269075,8339,8097,11,8108,103
2020-09-02,Modoc,049,8938,22,11,0,11,0
2020-09-02,Mono,051,14174,163,145,2,147,1
2020-09-02,Monterey,053,433212,8600,8070,22,8092,56
2020-09-02,Napa,055,140530,1532,1454,6,1460,10
2020-09-02,Nevada,057,99092,470,452,13,465,6
2020-09-02,Orange,059,3164182,51057,47871,1258,49129,994
2020-09-02,Placer,061,380077,3253,3047,11,3058,33
2020-09-02,Plumas,063,18699,44,39,0,39,0
2020-09-02,Riverside,065,2383286,54603,52923,70,52993,1032
2020-09-02,Sacramento,067,1510023,19360,18355,16,18371,316
2020-09-02,San Benito,069,59416,1193,1107,0,1107,4
2020-09-02,San Bernardino,071,2135413,50130,47766,315,48081,794
2020-09-02,San Diego,073,3302833,41370,39123,569,39692,695
2020-09-02,San Francisco,075,870044,10005,9587,16,9603,84
2020-09-02,San Joaquin,077,732212,18967,18194,39,18233,352
2020-09-02,San Luis Obispo,079,281455,3256,3002,14,3016,21
2020-09-02,San Mateo,081,765935,8941,8148,10,8158,122
2020-09-02,Santa Barbara,083,443738,8461,8206,71,8277,94
2020-09-02,Santa Clara,085,1922200,19362,17673,38,17711,206
2020-09-02,Santa Cruz,087,273765,1997,1850,16,1866,7
2020-09-02,Shasta,089,179085,650,531,3,534,10
2020-09-02,Sierra,091,2930,6,6,0,6,0
2020-09-02,Siskiyou,093,43540,144,127,9,136,0
2020-09-02,Solano,095,438530,5684,5463,38,5501,36
2020-09-02,Sonoma,097,501317,6344,5846,20,5866,62
2020-09-02,Stanislaus,099,539301,15575,14854,380,15234,220
2020-09-02,Sutter,101,95872,1468,1401,1,1402,10
2020-09-02,Tehama,103,63373,453,429,2,431,1
2020-09-02,Trinity,105,12862,48,13,7,20,0
2020-09-02,Tulare,107,460477,15052,14298,59,14357,244
2020-09-02,Tuolumne,109,53932,217,190,4,194,1
2020-09-02,Ventura,111,848112,11759,11031,110,11141,111
2020-09-02,Yolo,113,214977,2602,2449,6,2455,54
2020-09-02,Yuba,115,75493,941,856,3,859,1
2020-09-01,Alameda,001,1643700,19442,18382,126,18508,248
2020-09-01,Alpine,003,1148,2,2,0,2,0
2020-09-01,Amador,005,37829,275,244,0,244,13
2020-09-01,Butte,007,227075,2494,2146,24,2170,26
2020-09-01,Calaveras,009,45235,275,228,0,228,1
2020-09-01,Colusa,011,21464,476,454,0,454,6
2020-09-01,Contra Costa,013,1133247,15009,13998,55,14053,158
2020-09-01,Del Norte,015,27424,116,108,0,108,2
2020-09-01,El Dorado,017,186661,1040,972,6,978,2
2020-09-01,Fresno,019,978130,28357,25542,309,25851,290
2020-09-01,Glenn,021,27897,491,449,0,449,3
2020-09-01,Humboldt,023,135768,427,378,1,379,4
2020-09-01,Imperial,025,180216,11344,9782,7,9789,250
2020-09-01,Inyo,027,18085,182,171,4,175,3
2020-09-01,Kern,029,883053,30180,29162,227,29389,332
2020-09-01,Kings,031,150075,6750,6088,31,6119,62
2020-09-01,Lake,033,64148,383,341,0,341,2
2020-09-01,Lassen,035,31185,727,706,2,708,0
2020-09-01,Los Angeles,037,10098052,247108,242633,1344,243977,5832
2020-09-01,Madera,039,155013,4015,3703,27,3730,41
2020-09-01,Marin,041,260295,6322,6102,15,6117,67
2020-09-01,Mariposa,043,17540,73,72,0,72,2
2020-09-01,Mendocino,045,87422,674,626,0,626,15
2020-09-01,Merced,047,269075,8286,8046,10,8056,103
2020-09-01,Modoc,049,8938,20,10,0,10,0
2020-09-01,Mono,051,14174,163,145,2,147,1
2020-09-01,Monterey,053,433212,8494,7926,22,7948,56
2020-09-01,Napa,055,140530,1517,1446,6,1452,10
2020-09-01,Nevada,057,99092,464,450,13,463,6
2020-09-01,Orange,059,3164182,50893,47671,1239,48910,976
2020-09-01,Placer,061,380077,3231,3013,11,3024,33
2020-09-01,Plumas,063,18699,44,39,0,39,0
2020-09-01,Riverside,065,2383286,54386,52785,69,52854,1027
2020-09-01,Sacramento,067,1510023,19177,18217,15,18232,305
2020-09-01,San Benito,069,59416,1181,1089,0,1089,4
2020-09-01,San Bernardino,071,2135413,49923,47371,314,47685,786
2020-09-01,San Diego,073,3302833,41012,38873,531,39404,688
2020-09-01,San Francisco,075,870044,9936,9492,16,9508,83
2020-09-01,San Joaquin,077,732212,18885,17915,38,17953,341
2020-09-01,San Luis Obispo,079,281455,3230,2970,14,2984,21
2020-09-01,San Mateo,081,765935,8861,8132,10,8142,122
2020-09-01,Santa Barbara,083,443738,8411,8142,70,8212,93
2020-09-01,Santa Clara,085,1922200,19183,17319,38,17357,204
2020-09-01,Santa Cruz,087,273765,1973,1752,16,1768,7
2020-09-01,Shasta,089,179085,642,527,3,530,9
2020-09-01,Sierra,091,2930,6,6,0,6,0
2020-09-01,Siskiyou,093,43540,141,128,8,136,0
2020-09-01,Solano,095,438530,5658,5438,38,5476,34
2020-09-01,Sonoma,097,501317,6254,5733,20,5753,60
2020-09-01,Stanislaus,099,539301,15499,14784,370,15154,212
2020-09-01,Sutter,101,95872,1457,1389,1,1390,10
2020-09-01,Tehama,103,63373,449,422,2,424,1
2020-09-01,Trinity,105,12862,47,13,6,19,0
2020-09-01,Tulare,107,460477,14969,14156,59,14215,241
2020-09-01,Tuolumne,109,53932,211,183,4,187,1
2020-09-01,Ventura,111,848112,11681,10899,105,11004,108
2020-09-01,Yolo,113,214977,2585,2440,6,2446,51
2020-09-01,Yuba,115,75493,932,841,3,844,1
2020-08-31,Alameda,001,1643700,19297,18148,126,18274,248
2020-08-31,Alpine,003,1148,2,2,0,2,0
2020-08-31,Amador,005,37829,275,243,0,243,13
2020-08-31,Butte,007,227075,2430,2069,24,2093,26
2020-08-31,Calaveras,009,45235,270,212,0,212,1
2020-08-31,Colusa,011,21464,475,443,0,443,6
2020-08-31,Contra Costa,013,1133247,14882,13902,52,13954,153
2020-08-31,Del Norte,015,27424,116,108,0,108,2
2020-08-31,El Dorado,017,186661,1033,965,6,971,2
2020-08-31,Fresno,019,978130,28136,25185,303,25488,290
2020-08-31,Glenn,021,27897,479,437,0,437,3
2020-08-31,Humboldt,023,135768,425,374,1,375,4
2020-08-31,Imperial,025,180216,11313,9759,7,9766,250
2020-08-31,Inyo,027,18085,181,160,4,164,3
2020-08-31,Kern,029,883053,30082,29067,226,29293,318
2020-08-31,Kings,031,150075,6483,6037,31,6068,62
2020-08-31,Lake,033,64148,367,341,0,341,2
2020-08-31,Lassen,035,31185,724,706,2,708,0
2020-08-31,Los Angeles,037,10098052,246001,241793,1317,243110,5787
2020-08-31,Madera,039,155013,3992,3662,26,3688,35
2020-08-31,Marin,041,260295,6286,6074,15,6089,67
2020-08-31,Mariposa,043,17540,73,69,0,69,2
2020-08-31,Mendocino,045,87422,662,618,0,618,15
2020-08-31,Merced,047,269075,8224,7991,10,8001,79
2020-08-31,Modoc,049,8938,18,10,0,10,0
2020-08-31,Mono,051,14174,163,145,2,147,1
2020-08-31,Monterey,053,433212,8387,7839,22,7861,56
2020-08-31,Napa,055,140530,1509,1434,6,1440,10
2020-08-31,Nevada,057,99092,462,447,13,460,6
2020-08-31,Orange,059,3164182,50694,47392,1211,48603,965
2020-08-31,Placer,061,380077,3182,2989,11,3000,33
2020-08-31,Plumas,063,18699,43,39,0,39,0
2020-08-31,Riverside,065,2383286,54164,52508,67,52575,1020
2020-08-31,Sacramento,067,1510023,18940,17999,15,18014,303
2020-08-31,San Benito,069,59416,1165,1080,0,1080,4
2020-08-31,San Bernardino,071,2135413,49711,47370,313,47683,755
2020-08-31,San Diego,073,3302833,40645,38606,498,39104,682
2020-08-31,San Francisco,075,870044,9857,9293,13,9306,83
2020-08-31,San Joaquin,077,732212,18798,17807,37,17844,338
2020-08-31,San Luis Obispo,079,281455,3207,2951,13,2964,21
2020-08-31,San Mateo,081,765935,8791,8065,10,8075,122
2020-08-31,Santa Barbara,083,443738,8365,8124,70,8194,94
2020-08-31,Santa Clara,085,1922200,18994,17211,38,17249,202
2020-08-31,Santa Cruz,087,273765,1948,1742,16,1758,7
2020-08-31,Shasta,089,179085,637,528,3,531,9
2020-08-31,Sierra,091,2930,6,6,0,6,0
2020-08-31,Siskiyou,093,43540,140,127,8,135,0
2020-08-31,Solano,095,438530,5626,5302,37,5339,34
2020-08-31,Sonoma,097,501317,6179,5650,20,5670,60
2020-08-31,Stanislaus,099,539301,15424,14685,361,15046,213
2020-08-31,Sutter,101,95872,1442,1365,1,1366,10
2020-08-31,Tehama,103,63373,446,421,2,423,1
2020-08-31,Trinity,105,12862,47,13,6,19,0
2020-08-31,Tulare,107,460477,14882,13985,57,14042,237
2020-08-31,Tuolumne,109,53932,211,178,4,182,1
2020-08-31,Ventura,111,848112,11593,10866,104,10970,108
2020-08-31,Yolo,113,214977,2567,2423,5,2428,51
2020-08-31,Yuba,115,75493,918,830,3,833,1
2020-08-30,Alameda,001,1643700,19172,18099,124,18223,248
2020-08-30,Alpine,003,1148,2,2,0,2,0
2020-08-30,Amador,005,37829,274,240,0,240,13
2020-08-30,Butte,007,227075,2349,1988,24,2012,26
2020-08-30,Calaveras,009,45235,261,211,0,211,1
2020-08-30,Colusa,011,21464,474,440,0,440,6
2020-08-30,Contra Costa,013,1133247,14745,13780,52,13832,150
2020-08-30,Del Norte,015,27424,115,108,0,108,2
2020-08-30,El Dorado,017,186661,1023,962,6,968,2
2020-08-30,Fresno,019,978130,28010,24963,302,25265,291
2020-08-30,Glenn,021,27897,472,437,0,437,3
2020-08-30,Humboldt,023,135768,414,362,1,363,4
2020-08-30,Imperial,025,180216,11295,9703,7,9710,250
2020-08-30,Inyo,027,18085,181,160,4,164,3
2020-08-30,Kern,029,883053,29989,28987,226,29213,317
2020-08-30,Kings,031,150075,6437,6000,31,6031,62
2020-08-30,Lake,033,64148,362,334,0,334,2
2020-08-30,Lassen,035,31185,722,706,2,708,0
2020-08-30,Los Angeles,037,10098052,244864,240775,1285,242060,5772
2020-08-30,Madera,039,155013,3963,3626,26,3652,33
2020-08-30,Marin,041,260295,6256,6060,15,6075,66
2020-08-30,Mariposa,043,17540,73,69,0,69,2
2020-08-30,Mendocino,045,87422,656,611,0,611,13
2020-08-30,Merced,047,269075,8149,7960,10,7970,79
2020-08-30,Modoc,049,8938,13,10,0,10,0
2020-08-30,Mono,051,14174,163,145,2,147,1
2020-08-30,Monterey,053,433212,8303,7816,22,7838,54
2020-08-30,Napa,055,140530,1497,1423,6,1429,10
2020-08-30,Nevada,057,99092,459,445,13,458,6
2020-08-30,Orange,059,3164182,50498,47283,1197,48480,965
2020-08-30,Placer,061,380077,3149,2961,11,2972,32
2020-08-30,Plumas,063,18699,42,39,0,39,0
2020-08-30,Riverside,065,2383286,53985,52227,66,52293,1017
2020-08-30,Sacramento,067,1510023,18762,17751,15,17766,300
2020-08-30,San Benito,069,59416,1155,1071,0,1071,4
2020-08-30,San Bernardino,071,2135413,49454,47201,313,47514,755
2020-08-30,San Diego,073,3302833,40247,38302,477,38779,682
2020-08-30,San Francisco,075,870044,9760,9294,10,9304,83
2020-08-30,San Joaquin,077,732212,18681,17637,36,17673,338
2020-08-30,San Luis Obispo,079,281455,3182,2934,13,2947,21
2020-08-30,San Mateo,081,765935,8714,8013,10,8023,122
2020-08-30,Santa Barbara,083,443738,8305,8088,70,8158,93
2020-08-30,Santa Clara,085,1922200,18818,17045,38,17083,202
2020-08-30,Santa Cruz,087,273765,1922,1743,16,1759,7
2020-08-30,Shasta,089,179085,634,525,3,528,9
2020-08-30,Sierra,091,2930,6,6,0,6,0
2020-08-30,Siskiyou,093,43540,138,125,8,133,0
2020-08-30,Solano,095,438530,5582,5303,37,5340,34
2020-08-30,Sonoma,097,501317,6119,5590,20,5610,60
2020-08-30,Stanislaus,099,539301,15352,14580,352,14932,209
2020-08-30,Sutter,101,95872,1421,1351,1,1352,10
2020-08-30,Tehama,103,63373,437,419,2,421,1
2020-08-30,Trinity,105,12862,47,13,6,19,0
2020-08-30,Tulare,107,460477,14787,13985,56,14041,236
2020-08-30,Tuolumne,109,53932,207,178,4,182,1
2020-08-30,Ventura,111,848112,11480,10775,99,10874,108
2020-08-30,Yolo,113,214977,2539,2391,4,2395,51
2020-08-30,Yuba,115,75493,904,832,3,835,1
2020-08-29,Alameda,001,1643700,19105,17888,124,18012,250
2020-08-29,Alpine,003,1148,2,2,0,2,0
2020-08-29,Amador,005,37829,274,239,0,239,13
2020-08-29,Butte,007,227075,2318,1948,24,1972,26
2020-08-29,Calaveras,009,45235,257,211,0,211,1
2020-08-29,Colusa,011,21464,471,440,0,440,6
2020-08-29,Contra Costa,013,1133247,14672,13663,51,13714,159
2020-08-29,Del Norte,015,27424,115,108,0,108,1
2020-08-29,El Dorado,017,186661,1020,958,6,964,2
2020-08-29,Fresno,019,978130,27955,24821,302,25123,291
2020-08-29,Glenn,021,27897,466,437,0,437,3
2020-08-29,Humboldt,023,135768,411,363,1,364,4
2020-08-29,Imperial,025,180216,11280,9698,7,9705,250
2020-08-29,Inyo,027,18085,181,160,4,164,3
2020-08-29,Kern,029,883053,29948,28947,225,29172,317
2020-08-29,Kings,031,150075,6422,5906,31,5937,62
2020-08-29,Lake,033,64148,361,329,0,329,2
2020-08-29,Lassen,035,31185,722,706,2,708,0
2020-08-29,Los Angeles,037,10098052,244236,239815,1272,241087,5762
2020-08-29,Madera,039,155013,3954,3605,25,3630,33
2020-08-29,Marin,041,260295,6244,6007,15,6022,64
2020-08-29,Mariposa,043,17540,73,69,0,69,2
2020-08-29,Mendocino,045,87422,652,596,0,596,13
2020-08-29,Merced,047,269075,8119,7867,10,7877,79
2020-08-29,Modoc,049,8938,13,9,0,9,0
2020-08-29,Mono,051,14174,163,145,2,147,1
2020-08-29,Monterey,053,433212,8258,7680,22,7702,53
2020-08-29,Napa,055,140530,1494,1413,6,1419,10
2020-08-29,Nevada,057,99092,459,442,13,455,5
2020-08-29,Orange,059,3164182,50388,47007,1187,48194,960
2020-08-29,Placer,061,380077,3132,2935,11,2946,32
2020-08-29,Plumas,063,18699,41,39,0,39,0
2020-08-29,Riverside,065,2383286,53873,51918,64,51982,1016
2020-08-29,Sacramento,067,1510023,18690,17588,15,17603,291
2020-08-29,San Benito,069,59416,1146,1045,0,1045,4
2020-08-29,San Bernardino,071,2135413,49338,46849,313,47162,755
2020-08-29,San Diego,073,3302833,39981,38049,459,38508,694
2020-08-29,San Francisco,075,870044,9732,9291,9,9300,83
2020-08-29,San Joaquin,077,732212,18637,17493,36,17529,335
2020-08-29,San Luis Obispo,079,281455,3157,2917,13,2930,21
2020-08-29,San Mateo,081,765935,8672,7928,10,7938,122
2020-08-29,Santa Barbara,083,443738,8279,8052,69,8121,93
2020-08-29,Santa Clara,085,1922200,18721,16898,37,16935,202
2020-08-29,Santa Cruz,087,273765,1910,1746,16,1762,7
2020-08-29,Shasta,089,179085,626,522,3,525,9
2020-08-29,Sierra,091,2930,6,6,0,6,0
2020-08-29,Siskiyou,093,43540,138,121,8,129,0
2020-08-29,Solano,095,438530,5561,5303,37,5340,34
2020-08-29,Sonoma,097,501317,6084,5537,20,5557,60
2020-08-29,Stanislaus,099,539301,15303,14479,342,14821,208
2020-08-29,Sutter,101,95872,1416,1333,1,1334,9
2020-08-29,Tehama,103,63373,436,417,2,419,1
2020-08-29,Trinity,105,12862,46,11,6,17,0
2020-08-29,Tulare,107,460477,14749,13890,55,13945,236
2020-08-29,Tuolumne,109,53932,207,178,4,182,1
2020-08-29,Ventura,111,848112,11438,10705,99,10804,108
2020-08-29,Yolo,113,214977,2521,2357,4,2361,51
2020-08-29,Yuba,115,75493,895,822,3,825,1
2020-08-28,Alameda,001,1643700,19022,17729,123,17852,237
2020-08-28,Alpine,003,1148,2,2,0,2,0
2020-08-28,Amador,005,37829,274,234,0,234,13
2020-08-28,Butte,007,227075,2288,1886,24,1910,25
2020-08-28,Calaveras,009,45235,255,207,0,207,1
2020-08-28,Colusa,011,21464,470,441,0,441,6
2020-08-28,Contra Costa,013,1133247,14601,13522,50,13572,158
2020-08-28,Del Norte,015,27424,115,107,0,107,1
2020-08-28,El Dorado,017,186661,1014,949,6,955,2
2020-08-28,Fresno,019,978130,27821,24612,302,24914,282
2020-08-28,Glenn,021,27897,459,429,0,429,3
2020-08-28,Humboldt,023,135768,407,362,1,363,4
2020-08-28,Imperial,025,180216,11266,9656,7,9663,241
2020-08-28,Inyo,027,18085,180,160,4,164,2
2020-08-28,Kern,029,883053,29900,28744,225,28969,306
2020-08-28,Kings,031,150075,6415,5829,30,5859,62
2020-08-28,Lake,033,64148,356,320,0,320,2
2020-08-28,Lassen,035,31185,722,704,2,706,0
2020-08-28,Los Angeles,037,10098052,243424,238544,1247,239791,5740
2020-08-28,Madera,039,155013,3935,3552,25,3577,33
2020-08-28,Marin,041,260295,6222,5991,15,6006,63
2020-08-28,Mariposa,043,17540,73,67,0,67,2
2020-08-28,Mendocino,045,87422,647,588,0,588,11
2020-08-28,Merced,047,269075,8089,7803,10,7813,77
2020-08-28,Modoc,049,8938,13,6,0,6,0
2020-08-28,Mono,051,14174,163,145,2,147,1
2020-08-28,Monterey,053,433212,8201,7591,22,7613,53
2020-08-28,Napa,055,140530,1486,1403,5,1408,10
2020-08-28,Nevada,057,99092,458,438,13,451,5
2020-08-28,Orange,059,3164182,50288,46696,1172,47868,942
2020-08-28,Placer,061,380077,3121,2891,11,2902,32
2020-08-28,Plumas,063,18699,41,39,0,39,0
2020-08-28,Riverside,065,2383286,53742,51510,60,51570,1008
2020-08-28,Sacramento,067,1510023,18593,17119,15,17134,283
2020-08-28,San Benito,069,59416,1130,1016,0,1016,3
2020-08-28,San Bernardino,071,2135413,49219,46553,309,46862,754
2020-08-28,San Diego,073,3302833,39751,37786,444,38230,676
2020-08-28,San Francisco,075,870044,9680,9135,9,9144,83
2020-08-28,San Joaquin,077,732212,18584,17114,35,17149,314
2020-08-28,San Luis Obispo,079,281455,3140,2849,13,2862,20
2020-08-28,San Mateo,081,765935,8626,7783,9,7792,121
2020-08-28,Santa Barbara,083,443738,8247,8001,69,8070,92
2020-08-28,Santa Clara,085,1922200,18590,16696,37,16733,201
2020-08-28,Santa Cruz,087,273765,1898,1747,16,1763,7
2020-08-28,Shasta,089,179085,622,516,3,519,9
2020-08-28,Sierra,091,2930,6,6,0,6,0
2020-08-28,Siskiyou,093,43540,136,119,8,127,0
2020-08-28,Solano,095,438530,5542,5219,37,5256,34
2020-08-28,Sonoma,097,501317,6049,5425,19,5444,58
2020-08-28,Stanislaus,099,539301,15261,14176,338,14514,190
2020-08-28,Sutter,101,95872,1406,1308,1,1309,9
2020-08-28,Tehama,103,63373,431,410,2,412,1
2020-08-28,Trinity,105,12862,46,11,6,17,0
2020-08-28,Tulare,107,460477,14704,13776,55,13831,236
2020-08-28,Tuolumne,109,53932,207,176,4,180,1
2020-08-28,Ventura,111,848112,11402,10606,97,10703,103
2020-08-28,Yolo,113,214977,2512,2323,4,2327,51
2020-08-28,Yuba,115,75493,886,810,3,813,1
2020-08-27,Alameda,001,1643700,18877,17584,120,17704,234
2020-08-27,Alpine,003,1148,2,2,0,2,0
2020-08-27,Amador,005,37829,273,233,0,233,13
2020-08-27,Butte,007,227075,2222,1803,23,1826,25
2020-08-27,Calaveras,009,45235,249,204,0,204,1
2020-08-27,Colusa,011,21464,468,438,0,438,6
2020-08-27,Contra Costa,013,1133247,14500,13379,49,13428,158
2020-08-27,Del Norte,015,27424,115,107,0,107,1
2020-08-27,El Dorado,017,186661,1010,942,6,948,2
2020-08-27,Fresno,019,978130,27639,24367,297,24664,272
2020-08-27,Glenn,021,27897,451,429,0,429,3
2020-08-27,Humboldt,023,135768,399,358,1,359,4
2020-08-27,Imperial,025,180216,11239,9608,7,9615,235
2020-08-27,Inyo,027,18085,180,157,3,160,2
2020-08-27,Kern,029,883053,29828,28635,216,28851,294
2020-08-27,Kings,031,150075,6393,5759,30,5789,62
2020-08-27,Lake,033,64148,354,314,0,314,2
2020-08-27,Lassen,035,31185,722,703,2,705,0
2020-08-27,Los Angeles,037,10098052,242422,237103,1232,238335,5704
2020-08-27,Madera,039,155013,3909,3465,25,3490,33
2020-08-27,Marin,041,260295,6198,5929,15,5944,62
2020-08-27,Mariposa,043,17540,73,67,0,67,2
2020-08-27,Mendocino,045,87422,638,581,0,581,10
2020-08-27,Merced,047,269075,8045,7765,10,7775,75
2020-08-27,Modoc,049,8938,11,5,0,5,0
2020-08-27,Mono,051,14174,163,145,2,147,1
2020-08-27,Monterey,053,433212,8107,7501,22,7523,52
2020-08-27,Napa,055,140530,1480,1397,5,1402,10
2020-08-27,Nevada,057,99092,455,435,13,448,5
2020-08-27,Orange,059,3164182,50131,46449,1161,47610,935
2020-08-27,Placer,061,380077,3090,2869,11,2880,32
2020-08-27,Plumas,063,18699,40,39,0,39,0
2020-08-27,Riverside,065,2383286,53533,51306,57,51363,999
2020-08-27,Sacramento,067,1510023,18395,16875,15,16890,281
2020-08-27,San Benito,069,59416,1114,987,0,987,3
2020-08-27,San Bernardino,071,2135413,48994,46345,303,46648,751
2020-08-27,San Diego,073,3302833,39480,37501,424,37925,673
2020-08-27,San Francisco,075,870044,9614,9014,9,9023,83
2020-08-27,San Joaquin,077,732212,18504,16989,35,17024,314
2020-08-27,San Luis Obispo,079,281455,3115,2808,13,2821,20
2020-08-27,San Mateo,081,765935,8517,7728,9,7737,121
2020-08-27,Santa Barbara,083,443738,8209,7934,69,8003,92
2020-08-27,Santa Clara,085,1922200,18407,16495,37,16532,199
2020-08-27,Santa Cruz,087,273765,1881,1734,16,1750,7
2020-08-27,Shasta,089,179085,616,512,3,515,9
2020-08-27,Sierra,091,2930,6,6,0,6,0
2020-08-27,Siskiyou,093,43540,136,118,8,126,0
2020-08-27,Solano,095,438530,5504,5167,37,5204,34
2020-08-27,Sonoma,097,501317,5938,5357,19,5376,58
2020-08-27,Stanislaus,099,539301,15180,14080,335,14415,186
2020-08-27,Sutter,101,95872,1386,1296,1,1297,9
2020-08-27,Tehama,103,63373,427,398,2,400,1
2020-08-27,Trinity,105,12862,46,11,6,17,0
2020-08-27,Tulare,107,460477,14613,13666,55,13721,231
2020-08-27,Tuolumne,109,53932,202,174,4,178,1
2020-08-27,Ventura,111,848112,11339,10483,93,10576,102
2020-08-27,Yolo,113,214977,2488,2293,4,2297,51
2020-08-27,Yuba,115,75493,875,807,3,810,1
2020-08-26,Alameda,001,1643700,18715,17373,120,17493,233
2020-08-26,Alpine,003,1148,2,2,0,2,0
2020-08-26,Amador,005,37829,273,229,0,229,13
2020-08-26,Butte,007,227075,2154,1765,21,1786,25
2020-08-26,Calaveras,009,45235,242,201,0,201,1
2020-08-26,Colusa,011,21464,462,433,0,433,5
2020-08-26,Contra Costa,013,1133247,14363,13248,49,13297,157
2020-08-26,Del Norte,015,27424,114,86,0,86,1
2020-08-26,El Dorado,017,186661,1008,938,6,944,2
2020-08-26,Fresno,019,978130,27491,24071,295,24366,255
2020-08-26,Glenn,021,27897,449,429,0,429,3
2020-08-26,Humboldt,023,135768,387,357,1,358,4
2020-08-26,Imperial,025,180216,11217,9453,7,9460,227
2020-08-26,Inyo,027,18085,177,157,3,160,2
2020-08-26,Kern,029,883053,29689,28507,213,28720,286
2020-08-26,Kings,031,150075,6372,5720,30,5750,62
2020-08-26,Lake,033,64148,349,308,0,308,2
2020-08-26,Lassen,035,31185,722,702,2,704,0
2020-08-26,Los Angeles,037,10098052,241410,235499,1201,236700,5665
2020-08-26,Madera,039,155013,3880,3458,25,3483,32
2020-08-26,Marin,041,260295,6181,5887,15,5902,56
2020-08-26,Mariposa,043,17540,73,68,0,68,2
2020-08-26,Mendocino,045,87422,627,581,0,581,10
2020-08-26,Merced,047,269075,8012,7720,10,7730,74
2020-08-26,Modoc,049,8938,8,5,0,5,0
2020-08-26,Mono,051,14174,163,141,2,143,1
2020-08-26,Monterey,053,433212,8014,7439,22,7461,51
2020-08-26,Napa,055,140530,1467,1382,5,1387,10
2020-08-26,Nevada,057,99092,452,432,13,445,2
2020-08-26,Orange,059,3164182,49947,46157,1145,47302,905
2020-08-26,Placer,061,380077,3068,2846,9,2855,32
2020-08-26,Plumas,063,18699,39,39,0,39,0
2020-08-26,Riverside,065,2383286,53292,51138,57,51195,987
2020-08-26,Sacramento,067,1510023,18232,16708,15,16723,271
2020-08-26,San Benito,069,59416,1099,978,0,978,3
2020-08-26,San Bernardino,071,2135413,48786,45840,299,46139,743
2020-08-26,San Diego,073,3302833,39142,37224,397,37621,668
2020-08-26,San Francisco,075,870044,9540,8938,9,8947,81
2020-08-26,San Joaquin,077,732212,18415,16845,34,16879,309
2020-08-26,San Luis Obispo,079,281455,3087,2761,13,2774,20
2020-08-26,San Mateo,081,765935,8450,7655,9,7664,121
2020-08-26,Santa Barbara,083,443738,8175,7904,69,7973,90
2020-08-26,Santa Clara,085,1922200,18231,16283,37,16320,198
2020-08-26,Santa Cruz,087,273765,1870,1726,16,1742,7
2020-08-26,Shasta,089,179085,611,511,3,514,9
2020-08-26,Sierra,091,2930,6,6,0,6,0
2020-08-26,Siskiyou,093,43540,133,109,8,117,0
2020-08-26,Solano,095,438530,5480,5131,36,5167,34
2020-08-26,Sonoma,097,501317,5865,5283,19,5302,58
2020-08-26,Stanislaus,099,539301,15103,13964,329,14293,186
2020-08-26,Sutter,101,95872,1368,1275,1,1276,9
2020-08-26,Tehama,103,63373,424,396,2,398,1
2020-08-26,Trinity,105,12862,45,10,6,16,0
2020-08-26,Tulare,107,460477,14546,13568,55,13623,232
2020-08-26,Tuolumne,109,53932,201,172,4,176,1
2020-08-26,Ventura,111,848112,11267,10412,86,10498,100
2020-08-26,Yolo,113,214977,2466,2279,4,2283,49
2020-08-26,Yuba,115,75493,860,779,3,782,1
2020-08-25,Alameda,001,1643700,18558,17278,120,17398,232
2020-08-25,Alpine,003,1148,2,2,0,2,0
2020-08-25,Amador,005,37829,273,227,0,227,13
2020-08-25,Butte,007,227075,2087,1718,21,1739,24
2020-08-25,Calaveras,009,45235,240,196,0,196,1
2020-08-25,Colusa,011,21464,455,430,0,430,5
2020-08-25,Contra Costa,013,1133247,14225,13181,48,13229,156
2020-08-25,Del Norte,015,27424,113,83,0,83,1
2020-08-25,El Dorado,017,186661,1005,928,6,934,2
2020-08-25,Fresno,019,978130,27303,23932,294,24226,250
2020-08-25,Glenn,021,27897,446,429,0,429,3
2020-08-25,Humboldt,023,135768,382,342,1,343,4
2020-08-25,Imperial,025,180216,11189,9381,7,9388,217
2020-08-25,Inyo,027,18085,175,144,3,147,1
2020-08-25,Kern,029,883053,29552,28416,213,28629,285
2020-08-25,Kings,031,150075,6215,5702,30,5732,59
2020-08-25,Lake,033,64148,344,304,0,304,2
2020-08-25,Lassen,035,31185,721,692,2,694,0
2020-08-25,Los Angeles,037,10098052,240111,233961,1152,235113,5612
2020-08-25,Madera,039,155013,3865,3446,24,3470,32
2020-08-25,Marin,041,260295,6143,5860,15,5875,56
2020-08-25,Mariposa,043,17540,73,67,0,67,2
2020-08-25,Mendocino,045,87422,619,571,0,571,10
2020-08-25,Merced,047,269075,7945,7693,9,7702,69
2020-08-25,Modoc,049,8938,8,5,0,5,0
2020-08-25,Mono,051,14174,163,129,2,131,1
2020-08-25,Monterey,053,433212,7934,7333,22,7355,51
2020-08-25,Napa,055,140530,1460,1374,5,1379,10
2020-08-25,Nevada,057,99092,448,430,13,443,2
2020-08-25,Orange,059,3164182,49753,45737,1129,46866,902
2020-08-25,Placer,061,380077,3049,2829,6,2835,31
2020-08-25,Plumas,063,18699,39,39,0,39,0
2020-08-25,Riverside,065,2383286,53060,50889,57,50946,981
2020-08-25,Sacramento,067,1510023,18079,16601,15,16616,265
2020-08-25,San Benito,069,59416,1083,973,0,973,3
2020-08-25,San Bernardino,071,2135413,48551,45544,296,45840,727
2020-08-25,San Diego,073,3302833,38863,36996,375,37371,665
2020-08-25,San Francisco,075,870044,9463,8848,9,8857,81
2020-08-25,San Joaquin,077,732212,18288,16795,34,16829,306
2020-08-25,San Luis Obispo,079,281455,3028,2731,12,2743,20
2020-08-25,San Mateo,081,765935,8390,7636,8,7644,120
2020-08-25,Santa Barbara,083,443738,8123,7854,69,7923,90
2020-08-25,Santa Clara,085,1922200,18059,16199,37,16236,194
2020-08-25,Santa Cruz,087,273765,1851,1708,16,1724,7
2020-08-25,Shasta,089,179085,607,511,3,514,9
2020-08-25,Sierra,091,2930,6,6,0,6,0
2020-08-25,Siskiyou,093,43540,132,109,8,117,0
2020-08-25,Solano,095,438530,5419,5114,36,5150,34
2020-08-25,Sonoma,097,501317,5779,5148,19,5167,56
2020-08-25,Stanislaus,099,539301,14995,13886,318,14204,182
2020-08-25,Sutter,101,95872,1351,1259,1,1260,9
2020-08-25,Tehama,103,63373,421,394,2,396,1
2020-08-25,Trinity,105,12862,44,10,6,16,0
2020-08-25,Tulare,107,460477,14442,13514,54,13568,224
2020-08-25,Tuolumne,109,53932,199,172,4,176,1
2020-08-25,Ventura,111,848112,11182,10313,81,10394,99
2020-08-25,Yolo,113,214977,2453,2254,4,2258,50
2020-08-25,Yuba,115,75493,850,775,3,778,1
2020-08-24,Alameda,001,1643700,18363,16913,119,17032,231
2020-08-24,Alpine,003,1148,2,2,0,2,0
2020-08-24,Amador,005,37829,271,227,0,227,13
2020-08-24,Butte,007,227075,2003,1649,21,1670,23
2020-08-24,Calaveras,009,45235,231,187,0,187,1
2020-08-24,Colusa,011,21464,451,425,0,425,5
2020-08-24,Contra Costa,013,1133247,14109,12906,46,12952,153
2020-08-24,Del Norte,015,27424,113,80,0,80,1
2020-08-24,El Dorado,017,186661,997,908,6,914,2
2020-08-24,Fresno,019,978130,27115,23618,287,23905,235
2020-08-24,Glenn,021,27897,444,421,0,421,2
2020-08-24,Humboldt,023,135768,378,340,1,341,4
2020-08-24,Imperial,025,180216,11156,9323,7,9330,210
2020-08-24,Inyo,027,18085,171,144,3,147,2
2020-08-24,Kern,029,883053,29454,28157,207,28364,277
2020-08-24,Kings,031,150075,6127,5652,30,5682,60
2020-08-24,Lake,033,64148,329,302,0,302,2
2020-08-24,Lassen,035,31185,721,693,2,695,0
2020-08-24,Los Angeles,037,10098052,238749,233036,1134,234170,5562
2020-08-24,Madera,039,155013,3838,3418,24,3442,32
2020-08-24,Marin,041,260295,6080,5834,15,5849,56
2020-08-24,Mariposa,043,17540,71,66,0,66,2
2020-08-24,Mendocino,045,87422,604,550,0,550,10
2020-08-24,Merced,047,269075,7867,7605,9,7614,69
2020-08-24,Modoc,049,8938,8,5,0,5,0
2020-08-24,Mono,051,14174,163,129,2,131,1
2020-08-24,Monterey,053,433212,7825,7212,21,7233,50
2020-08-24,Napa,055,140530,1447,1358,5,1363,10
2020-08-24,Nevada,057,99092,443,423,13,436,2
2020-08-24,Orange,059,3164182,49560,45536,1120,46656,887
2020-08-24,Placer,061,380077,3003,2793,6,2799,31
2020-08-24,Plumas,063,18699,39,37,0,37,0
2020-08-24,Riverside,065,2383286,52782,50496,57,50553,975
2020-08-24,Sacramento,067,1510023,17882,16318,15,16333,249
2020-08-24,San Benito,069,59416,1062,961,0,961,3
2020-08-24,San Bernardino,071,2135413,48288,45199,294,45493,720
2020-08-24,San Diego,073,3302833,38575,36729,347,37076,660
2020-08-24,San Francisco,075,870044,9380,8621,9,8630,81
2020-08-24,San Joaquin,077,732212,18147,16565,33,16598,305
2020-08-24,San Luis Obispo,079,281455,3000,2705,12,2717,20
2020-08-24,San Mateo,081,765935,8323,7502,8,7510,120
2020-08-24,Santa Barbara,083,443738,8082,7784,69,7853,90
2020-08-24,Santa Clara,085,1922200,17855,16049,37,16086,192
2020-08-24,Santa Cruz,087,273765,1831,1627,15,1642,6
2020-08-24,Shasta,089,179085,605,505,3,508,9
2020-08-24,Sierra,091,2930,6,6,0,6,0
2020-08-24,Siskiyou,093,43540,128,107,8,115,0
2020-08-24,Solano,095,438530,5370,4979,34,5013,32
2020-08-24,Sonoma,097,501317,5677,5071,19,5090,56
2020-08-24,Stanislaus,099,539301,14897,13521,304,13825,171
2020-08-24,Sutter,101,95872,1332,1219,1,1220,9
2020-08-24,Tehama,103,63373,416,388,2,390,1
2020-08-24,Trinity,105,12862,44,10,6,16,0
2020-08-24,Tulare,107,460477,14335,13360,53,13413,223
2020-08-24,Tuolumne,109,53932,198,170,4,174,1
2020-08-24,Ventura,111,848112,11102,10261,77,10338,99
2020-08-24,Yolo,113,214977,2419,2239,4,2243,47
2020-08-24,Yuba,115,75493,833,750,3,753,1
2020-08-23,Alameda,001,1643700,18141,16786,118,16904,231
2020-08-23,Alpine,003,1148,2,2,0,2,0
2020-08-23,Amador,005,37829,268,227,0,227,13
2020-08-23,Butte,007,227075,1888,1637,21,1658,23
2020-08-23,Calaveras,009,45235,222,187,0,187,1
2020-08-23,Colusa,011,21464,444,424,0,424,5
2020-08-23,Contra Costa,013,1133247,13949,12642,46,12688,153
2020-08-23,Del Norte,015,27424,113,80,0,80,1
2020-08-23,El Dorado,017,186661,984,901,6,907,2
2020-08-23,Fresno,019,978130,26910,23414,284,23698,235
2020-08-23,Glenn,021,27897,437,421,0,421,2
2020-08-23,Humboldt,023,135768,376,341,1,342,4
2020-08-23,Imperial,025,180216,11127,9243,7,9250,210
2020-08-23,Inyo,027,18085,168,144,3,147,2
2020-08-23,Kern,029,883053,29305,28028,202,28230,277
2020-08-23,Kings,031,150075,6084,5628,30,5658,60
2020-08-23,Lake,033,64148,325,299,0,299,2
2020-08-23,Lassen,035,31185,720,693,2,695,0
2020-08-23,Los Angeles,037,10098052,237151,231833,1066,232899,5549
2020-08-23,Madera,039,155013,3807,3401,23,3424,32
2020-08-23,Marin,041,260295,6041,5807,14,5821,50
2020-08-23,Mariposa,043,17540,71,66,0,66,2
2020-08-23,Mendocino,045,87422,600,550,0,550,10
2020-08-23,Merced,047,269075,7798,7574,8,7582,69
2020-08-23,Modoc,049,8938,7,5,0,5,0
2020-08-23,Mono,051,14174,163,129,2,131,1
2020-08-23,Monterey,053,433212,7735,7173,21,7194,50
2020-08-23,Napa,055,140530,1435,1348,5,1353,10
2020-08-23,Nevada,057,99092,438,421,13,434,2
2020-08-23,Orange,059,3164182,49322,45267,1108,46375,887
2020-08-23,Placer,061,380077,2964,2772,6,2778,31
2020-08-23,Plumas,063,18699,39,37,0,37,0
2020-08-23,Riverside,065,2383286,52512,50293,55,50348,955
2020-08-23,Sacramento,067,1510023,17658,16084,14,16098,243
2020-08-23,San Benito,069,59416,1049,938,0,938,3
2020-08-23,San Bernardino,071,2135413,48020,45010,284,45294,719
2020-08-23,San Diego,073,3302833,38254,36542,320,36862,660
2020-08-23,San Francisco,075,870044,9285,8564,8,8572,80
2020-08-23,San Joaquin,077,732212,18014,16069,32,16101,305
2020-08-23,San Luis Obispo,079,281455,2958,2679,12,2691,20
2020-08-23,San Mateo,081,765935,8228,7450,8,7458,120
2020-08-23,Santa Barbara,083,443738,8014,7725,69,7794,90
2020-08-23,Santa Clara,085,1922200,17660,15912,35,15947,191
2020-08-23,Santa Cruz,087,273765,1805,1627,15,1642,6
2020-08-23,Shasta,089,179085,600,501,3,504,9
2020-08-23,Sierra,091,2930,6,6,0,6,0
2020-08-23,Siskiyou,093,43540,123,107,8,115,0
2020-08-23,Solano,095,438530,5312,4977,32,5009,32
2020-08-23,Sonoma,097,501317,5589,5018,19,5037,56
2020-08-23,Stanislaus,099,539301,14762,13483,281,13764,171
2020-08-23,Sutter,101,95872,1310,1203,1,1204,9
2020-08-23,Tehama,103,63373,406,381,2,383,1
2020-08-23,Trinity,105,12862,44,10,6,16,0
2020-08-23,Tulare,107,460477,14203,13303,50,13353,223
2020-08-23,Tuolumne,109,53932,195,164,4,168,1
2020-08-23,Ventura,111,848112,11001,10126,73,10199,99
2020-08-23,Yolo,113,214977,2391,2210,4,2214,47
2020-08-23,Yuba,115,75493,812,750,3,753,1
2020-08-22,Alameda,001,1643700,18047,16648,117,16765,231
2020-08-22,Alpine,003,1148,2,2,0,2,0
2020-08-22,Amador,005,37829,267,224,0,224,13
2020-08-22,Butte,007,227075,1837,1618,21,1639,22
2020-08-22,Calaveras,009,45235,218,187,0,187,1
2020-08-22,Colusa,011,21464,440,419,0,419,5
2020-08-22,Contra Costa,013,1133247,13862,12522,46,12568,153
2020-08-22,Del Norte,015,27424,112,80,0,80,1
2020-08-22,El Dorado,017,186661,982,900,6,906,2
2020-08-22,Fresno,019,978130,26813,23197,283,23480,235
2020-08-22,Glenn,021,27897,436,421,0,421,2
2020-08-22,Humboldt,023,135768,366,334,1,335,4
2020-08-22,Imperial,025,180216,11119,9244,7,9251,210
2020-08-22,Inyo,027,18085,168,144,3,147,1
2020-08-22,Kern,029,883053,29251,27807,202,28009,277
2020-08-22,Kings,031,150075,6075,5447,30,5477,60
2020-08-22,Lake,033,64148,323,291,0,291,2
2020-08-22,Lassen,035,31185,720,693,2,695,0
2020-08-22,Los Angeles,037,10098052,236491,230858,1049,231907,5540
2020-08-22,Madera,039,155013,3788,3330,23,3353,32
2020-08-22,Marin,041,260295,6029,5789,14,5803,49
2020-08-22,Mariposa,043,17540,71,66,0,66,2
2020-08-22,Mendocino,045,87422,597,529,0,529,10
2020-08-22,Merced,047,269075,7770,7493,8,7501,69
2020-08-22,Modoc,049,8938,7,5,0,5,0
2020-08-22,Mono,051,14174,163,129,2,131,1
2020-08-22,Monterey,053,433212,7687,7081,21,7102,50
2020-08-22,Napa,055,140530,1430,1328,5,1333,11
2020-08-22,Nevada,057,99092,438,411,13,424,2
2020-08-22,Orange,059,3164182,49181,45131,1102,46233,885
2020-08-22,Placer,061,380077,2950,2734,6,2740,30
2020-08-22,Plumas,063,18699,39,37,0,37,0
2020-08-22,Riverside,065,2383286,52364,49944,54,49998,953
2020-08-22,Sacramento,067,1510023,17546,15516,14,15530,239
2020-08-22,San Benito,069,59416,1033,912,0,912,3
2020-08-22,San Bernardino,071,2135413,47891,44803,280,45083,719
2020-08-22,San Diego,073,3302833,38072,36205,309,36514,673
2020-08-22,San Francisco,075,870044,9225,8568,8,8576,80
2020-08-22,San Joaquin,077,732212,17958,16068,32,16100,305
2020-08-22,San Luis Obispo,079,281455,2932,2660,12,2672,20
2020-08-22,San Mateo,081,765935,8181,7361,8,7369,120
2020-08-22,Santa Barbara,083,443738,7988,7685,69,7754,90
2020-08-22,Santa Clara,085,1922200,17552,15590,35,15625,190
2020-08-22,Santa Cruz,087,273765,1789,1628,14,1642,6
2020-08-22,Shasta,089,179085,598,493,3,496,9
2020-08-22,Sierra,091,2930,6,6,0,6,0
2020-08-22,Siskiyou,093,43540,123,106,8,114,0
2020-08-22,Solano,095,438530,5282,4944,31,4975,32
2020-08-22,Sonoma,097,501317,5543,4891,19,4910,57
2020-08-22,Stanislaus,099,539301,14712,13380,264,13644,170
2020-08-22,Sutter,101,95872,1303,1189,1,1190,8
2020-08-22,Tehama,103,63373,405,368,2,370,1
2020-08-22,Trinity,105,12862,44,8,6,14,0
2020-08-22,Tulare,107,460477,14136,13196,50,13246,222
2020-08-22,Tuolumne,109,53932,193,162,4,166,1
2020-08-22,Ventura,111,848112,10946,9959,71,10030,99
2020-08-22,Yolo,113,214977,2375,2188,4,2192,47
2020-08-22,Yuba,115,75493,800,738,3,741,1
2020-08-21,Alameda,001,1643700,17955,16413,117,16530,232
2020-08-21,Alpine,003,1148,2,2,0,2,0
2020-08-21,Amador,005,37829,266,223,0,223,11
2020-08-21,Butte,007,227075,1798,1582,21,1603,19
2020-08-21,Calaveras,009,45235,218,182,0,182,1
2020-08-21,Colusa,011,21464,438,418,0,418,5
2020-08-21,Contra Costa,013,1133247,13772,12333,45,12378,149
2020-08-21,Del Norte,015,27424,112,78,0,78,1
2020-08-21,El Dorado,017,186661,978,885,6,891,2
2020-08-21,Fresno,019,978130,26643,22840,282,23122,232
2020-08-21,Glenn,021,27897,432,418,0,418,2
2020-08-21,Humboldt,023,135768,363,331,1,332,4
2020-08-21,Imperial,025,180216,11103,9166,7,9173,204
2020-08-21,Inyo,027,18085,168,144,3,147,1
2020-08-21,Kern,029,883053,29192,27567,200,27767,269
2020-08-21,Kings,031,150075,6053,5391,30,5421,60
2020-08-21,Lake,033,64148,321,281,0,281,2
2020-08-21,Lassen,035,31185,720,693,2,695,0
2020-08-21,Los Angeles,037,10098052,235618,229235,1029,230264,5494
2020-08-21,Madera,039,155013,3758,3271,23,3294,31
2020-08-21,Marin,041,260295,6009,5762,14,5776,49
2020-08-21,Mariposa,043,17540,71,66,0,66,2
2020-08-21,Mendocino,045,87422,587,505,0,505,10
2020-08-21,Merced,047,269075,7741,7357,8,7365,69
2020-08-21,Modoc,049,8938,7,5,0,5,0
2020-08-21,Mono,051,14174,163,128,2,130,1
2020-08-21,Monterey,053,433212,7615,6974,21,6995,49
2020-08-21,Napa,055,140530,1421,1317,5,1322,10
2020-08-21,Nevada,057,99092,437,406,13,419,2
2020-08-21,Orange,059,3164182,49040,44625,1093,45718,875
2020-08-21,Placer,061,380077,2934,2698,6,2704,30
2020-08-21,Plumas,063,18699,39,36,0,36,0
2020-08-21,Riverside,065,2383286,52169,49409,54,49463,932
2020-08-21,Sacramento,067,1510023,17423,15247,14,15261,237
2020-08-21,San Benito,069,59416,1023,891,0,891,3
2020-08-21,San Bernardino,071,2135413,47771,44249,276,44525,668
2020-08-21,San Diego,073,3302833,37868,35914,292,36206,652
2020-08-21,San Francisco,075,870044,9175,8375,8,8383,80
2020-08-21,San Joaquin,077,732212,17875,15888,30,15918,301
2020-08-21,San Luis Obispo,079,281455,2909,2640,12,2652,19
2020-08-21,San Mateo,081,765935,8124,7253,8,7261,120
2020-08-21,Santa Barbara,083,443738,7947,7645,69,7714,86
2020-08-21,Santa Clara,085,1922200,17400,15399,35,15434,190
2020-08-21,Santa Cruz,087,273765,1777,1617,14,1631,6
2020-08-21,Shasta,089,179085,598,486,3,489,9
2020-08-21,Sierra,091,2930,6,6,0,6,0
2020-08-21,Siskiyou,093,43540,123,103,6,109,0
2020-08-21,Solano,095,438530,5259,4891,30,4921,32
2020-08-21,Sonoma,097,501317,5473,4816,19,4835,57
2020-08-21,Stanislaus,099,539301,14643,13282,250,13532,161
2020-08-21,Sutter,101,95872,1290,1173,1,1174,8
2020-08-21,Tehama,103,63373,403,357,2,359,1
2020-08-21,Trinity,105,12862,44,8,6,14,0
2020-08-21,Tulare,107,460477,14064,13002,49,13051,217
2020-08-21,Tuolumne,109,53932,185,161,4,165,1
2020-08-21,Ventura,111,848112,10881,9865,69,9934,98
2020-08-21,Yolo,113,214977,2360,2164,4,2168,46
2020-08-21,Yuba,115,75493,796,717,3,720,1
2020-08-20,Alameda,001,1643700,17796,16174,117,16291,229
2020-08-20,Alpine,003,1148,2,2,0,2,0
2020-08-20,Amador,005,37829,264,222,0,222,11
2020-08-20,Butte,007,227075,1748,1549,21,1570,18
2020-08-20,Calaveras,009,45235,215,179,0,179,1
2020-08-20,Colusa,011,21464,436,415,0,415,5
2020-08-20,Contra Costa,013,1133247,13644,12108,44,12152,144
2020-08-20,Del Norte,015,27424,112,78,0,78,1
2020-08-20,El Dorado,017,186661,974,881,6,887,2
2020-08-20,Fresno,019,978130,26461,22535,277,22812,228
2020-08-20,Glenn,021,27897,427,414,0,414,2
2020-08-20,Humboldt,023,135768,358,318,1,319,4
2020-08-20,Imperial,025,180216,11084,9086,7,9093,196
2020-08-20,Inyo,027,18085,167,144,3,147,1
2020-08-20,Kern,029,883053,29024,27337,189,27526,267
2020-08-20,Kings,031,150075,6013,5347,29,5376,59
2020-08-20,Lake,033,64148,316,280,0,280,2
2020-08-20,Lassen,035,31185,719,693,2,695,0
2020-08-20,Los Angeles,037,10098052,234384,227492,1010,228502,5445
2020-08-20,Madera,039,155013,3732,3197,23,3220,31
2020-08-20,Marin,041,260295,5991,5745,14,5759,47
2020-08-20,Mariposa,043,17540,71,67,0,67,2
2020-08-20,Mendocino,045,87422,577,497,0,497,10
2020-08-20,Merced,047,269075,7666,7173,8,7181,68
2020-08-20,Modoc,049,8938,7,5,0,5,0
2020-08-20,Mono,051,14174,163,128,2,130,1
2020-08-20,Monterey,053,433212,7544,6892,21,6913,47
2020-08-20,Napa,055,140530,1413,1306,5,1311,10
2020-08-20,Nevada,057,99092,436,401,13,414,2
2020-08-20,Orange,059,3164182,48813,44299,1083,45382,849
2020-08-20,Placer,061,380077,2918,2681,6,2687,30
2020-08-20,Plumas,063,18699,39,36,0,36,0
2020-08-20,Riverside,065,2383286,51950,48953,53,49006,927
2020-08-20,Sacramento,067,1510023,17181,14992,14,15006,231
2020-08-20,San Benito,069,59416,1010,866,0,866,3
2020-08-20,San Bernardino,071,2135413,47515,43627,272,43899,665
2020-08-20,San Diego,073,3302833,37648,35610,274,35884,644
2020-08-20,San Francisco,075,870044,9089,8262,8,8270,72
2020-08-20,San Joaquin,077,732212,17782,15778,30,15808,297
2020-08-20,San Luis Obispo,079,281455,2889,2590,12,2602,19
2020-08-20,San Mateo,081,765935,8059,7188,8,7196,120
2020-08-20,Santa Barbara,083,443738,7909,7571,69,7640,81
2020-08-20,Santa Clara,085,1922200,17227,15162,35,15197,190
2020-08-20,Santa Cruz,087,273765,1764,1581,14,1595,6
2020-08-20,Shasta,089,179085,597,478,3,481,9
2020-08-20,Sierra,091,2930,6,6,0,6,0
2020-08-20,Siskiyou,093,43540,122,102,1,103,0
2020-08-20,Solano,095,438530,5215,4843,30,4873,31
2020-08-20,Sonoma,097,501317,5401,4737,19,4756,54
2020-08-20,Stanislaus,099,539301,14547,13120,241,13361,161
2020-08-20,Sutter,101,95872,1266,1158,1,1159,8
2020-08-20,Tehama,103,63373,398,350,2,352,1
2020-08-20,Trinity,105,12862,44,8,6,14,0
2020-08-20,Tulare,107,460477,13956,12907,48,12955,217
2020-08-20,Tuolumne,109,53932,181,159,4,163,1
2020-08-20,Ventura,111,848112,10768,9744,68,9812,93
2020-08-20,Yolo,113,214977,2338,2150,4,2154,47
2020-08-20,Yuba,115,75493,779,709,3,712,1
2020-08-19,Alameda,001,1643700,17638,15874,116,15990,226
2020-08-19,Alpine,003,1148,2,2,0,2,0
2020-08-19,Amador,005,37829,263,219,0,219,9
2020-08-19,Butte,007,227075,1705,1517,21,1538,16
2020-08-19,Calaveras,009,45235,213,177,0,177,1
2020-08-19,Colusa,011,21464,435,415,0,415,5
2020-08-19,Contra Costa,013,1133247,13532,11895,43,11938,142
2020-08-19,Del Norte,015,27424,112,78,0,78,1
2020-08-19,El Dorado,017,186661,968,870,6,876,2
2020-08-19,Fresno,019,978130,26272,22167,268,22435,221
2020-08-19,Glenn,021,27897,425,414,0,414,2
2020-08-19,Humboldt,023,135768,355,316,1,317,4
2020-08-19,Imperial,025,180216,11056,9041,7,9048,192
2020-08-19,Inyo,027,18085,165,140,3,143,1
2020-08-19,Kern,029,883053,28907,27142,185,27327,263
2020-08-19,Kings,031,150075,5840,5301,27,5328,59
2020-08-19,Lake,033,64148,313,277,0,277,2
2020-08-19,Lassen,035,31185,711,693,2,695,0
2020-08-19,Los Angeles,037,10098052,233107,226006,970,226976,5399
2020-08-19,Madera,039,155013,3698,3158,21,3179,30
2020-08-19,Marin,041,260295,5967,5723,13,5736,46
2020-08-19,Mariposa,043,17540,71,64,0,64,2
2020-08-19,Mendocino,045,87422,560,495,0,495,8
2020-08-19,Merced,047,269075,7539,7082,5,7087,66
2020-08-19,Modoc,049,8938,7,5,0,5,0
2020-08-19,Mono,051,14174,163,128,2,130,1
2020-08-19,Monterey,053,433212,7444,6693,21,6714,45
2020-08-19,Napa,055,140530,1408,1293,5,1298,10
2020-08-19,Nevada,057,99092,429,398,13,411,2
2020-08-19,Orange,059,3164182,48608,43938,1080,45018,829
2020-08-19,Placer,061,380077,2896,2659,6,2665,28
2020-08-19,Plumas,063,18699,39,36,0,36,0
2020-08-19,Riverside,065,2383286,51701,48741,53,48794,922
2020-08-19,Sacramento,067,1510023,17001,14764,14,14778,229
2020-08-19,San Benito,069,59416,993,853,0,853,3
2020-08-19,San Bernardino,071,2135413,47217,43224,266,43490,661
2020-08-19,San Diego,073,3302833,37398,35378,259,35637,638
2020-08-19,San Francisco,075,870044,9025,8236,8,8244,72
2020-08-19,San Joaquin,077,732212,17656,15677,29,15706,296
2020-08-19,San Luis Obispo,079,281455,2849,2553,12,2565,19
2020-08-19,San Mateo,081,765935,7990,7146,8,7154,119
2020-08-19,Santa Barbara,083,443738,7860,7499,69,7568,80
2020-08-19,Santa Clara,085,1922200,17081,14994,35,15029,189
2020-08-19,Santa Cruz,087,273765,1738,1554,14,1568,6
2020-08-19,Shasta,089,179085,593,475,3,478,9
2020-08-19,Sierra,091,2930,6,6,0,6,0
2020-08-19,Siskiyou,093,43540,121,103,1,104,0
2020-08-19,Solano,095,438530,5174,4807,30,4837,31
2020-08-19,Sonoma,097,501317,5322,4614,19,4633,54
2020-08-19,Stanislaus,099,539301,14444,13084,219,13303,160
2020-08-19,Sutter,101,95872,1232,1146,1,1147,8
2020-08-19,Tehama,103,63373,392,342,2,344,1
2020-08-19,Trinity,105,12862,43,8,6,14,0
2020-08-19,Tulare,107,460477,13858,12756,48,12804,217
2020-08-19,Tuolumne,109,53932,178,159,4,163,1
2020-08-19,Ventura,111,848112,10676,9587,66,9653,91
2020-08-19,Yolo,113,214977,2316,2126,4,2130,47
2020-08-19,Yuba,115,75493,767,701,3,704,1
2020-08-18,Alameda,001,1643700,17461,15627,114,15741,223
2020-08-18,Alpine,003,1148,2,2,0,2,0
2020-08-18,Amador,005,37829,262,215,0,215,9
2020-08-18,Butte,007,227075,1672,1491,21,1512,16
2020-08-18,Calaveras,009,45235,210,174,0,174,1
2020-08-18,Colusa,011,21464,434,415,0,415,5
2020-08-18,Contra Costa,013,1133247,13412,11689,41,11730,141
2020-08-18,Del Norte,015,27424,111,78,0,78,0
2020-08-18,El Dorado,017,186661,963,866,6,872,2
2020-08-18,Fresno,019,978130,26051,21798,262,22060,212
2020-08-18,Glenn,021,27897,425,407,0,407,2
2020-08-18,Humboldt,023,135768,353,315,1,316,4
2020-08-18,Imperial,025,180216,11022,8968,7,8975,189
2020-08-18,Inyo,027,18085,164,140,3,143,1
2020-08-18,Kern,029,883053,28754,26978,181,27159,263
2020-08-18,Kings,031,150075,5805,5269,26,5295,58
2020-08-18,Lake,033,64148,310,274,0,274,2
2020-08-18,Lassen,035,31185,711,693,2,695,0
2020-08-18,Los Angeles,037,10098052,231844,224218,933,225151,5339
2020-08-18,Madera,039,155013,3670,3125,21,3146,28
2020-08-18,Marin,041,260295,5937,5708,13,5721,47
2020-08-18,Mariposa,043,17540,71,61,0,61,2
2020-08-18,Mendocino,045,87422,551,468,0,468,8
2020-08-18,Merced,047,269075,7491,6940,5,6945,66
2020-08-18,Modoc,049,8938,7,5,0,5,0
2020-08-18,Mono,051,14174,162,129,2,131,1
2020-08-18,Monterey,053,433212,7352,6691,20,6711,44
2020-08-18,Napa,055,140530,1405,1274,5,1279,10
2020-08-18,Nevada,057,99092,422,389,13,402,2
2020-08-18,Orange,059,3164182,48383,43659,1066,44725,809
2020-08-18,Placer,061,380077,2870,2644,5,2649,28
2020-08-18,Plumas,063,18699,39,34,0,34,0
2020-08-18,Riverside,065,2383286,51369,48447,53,48500,917
2020-08-18,Sacramento,067,1510023,16771,14610,13,14623,222
2020-08-18,San Benito,069,59416,973,836,0,836,3
2020-08-18,San Bernardino,071,2135413,46936,42827,260,43087,648
2020-08-18,San Diego,073,3302833,37105,35164,227,35391,633
2020-08-18,San Francisco,075,870044,8940,8016,8,8024,72
2020-08-18,San Joaquin,077,732212,17540,15509,28,15537,290
2020-08-18,San Luis Obispo,079,281455,2824,2535,11,2546,18
2020-08-18,San Mateo,081,765935,7929,7074,8,7082,119
2020-08-18,Santa Barbara,083,443738,7818,7472,69,7541,81
2020-08-18,Santa Clara,085,1922200,16910,14786,34,14820,184
2020-08-18,Santa Cruz,087,273765,1725,1509,14,1523,6
2020-08-18,Shasta,089,179085,589,468,3,471,9
2020-08-18,Sierra,091,2930,6,6,0,6,0
2020-08-18,Siskiyou,093,43540,120,103,1,104,0
2020-08-18,Solano,095,438530,5147,4700,30,4730,31
2020-08-18,Sonoma,097,501317,5253,4506,19,4525,48
2020-08-18,Stanislaus,099,539301,14346,12935,203,13138,149
2020-08-18,Sutter,101,95872,1213,1126,1,1127,8
2020-08-18,Tehama,103,63373,382,333,2,335,1
2020-08-18,Trinity,105,12862,41,8,6,14,0
2020-08-18,Tulare,107,460477,13727,12637,45,12682,212
2020-08-18,Tuolumne,109,53932,175,159,4,163,1
2020-08-18,Ventura,111,848112,10586,9536,61,9597,89
2020-08-18,Yolo,113,214977,2294,2102,4,2106,47
2020-08-18,Yuba,115,75493,759,679,3,682,1
2020-08-17,Alameda,001,1643700,17268,15454,113,15567,221
2020-08-17,Alpine,003,1148,2,2,0,2,0
2020-08-17,Amador,005,37829,262,215,0,215,9
2020-08-17,Butte,007,227075,1627,1463,21,1484,15
2020-08-17,Calaveras,009,45235,206,167,0,167,1
2020-08-17,Colusa,011,21464,431,408,0,408,5
2020-08-17,Contra Costa,013,1133247,13275,11442,41,11483,141
2020-08-17,Del Norte,015,27424,107,77,0,77,0
2020-08-17,El Dorado,017,186661,960,846,6,852,2
2020-08-17,Fresno,019,978130,25844,21316,255,21571,211
2020-08-17,Glenn,021,27897,424,402,0,402,2
2020-08-17,Humboldt,023,135768,349,302,1,303,4
2020-08-17,Imperial,025,180216,10981,8897,7,8904,188
2020-08-17,Inyo,027,18085,156,124,3,127,1
2020-08-17,Kern,029,883053,28607,26773,171,26944,249
2020-08-17,Kings,031,150075,5767,5249,26,5275,58
2020-08-17,Lake,033,64148,305,270,0,270,2
2020-08-17,Lassen,035,31185,711,666,2,668,0
2020-08-17,Los Angeles,037,10098052,230325,223418,888,224306,5282
2020-08-17,Madera,039,155013,3627,3050,20,3070,26
2020-08-17,Marin,041,260295,5914,5683,12,5695,46
2020-08-17,Mariposa,043,17540,71,61,0,61,2
2020-08-17,Mendocino,045,87422,533,454,0,454,8
2020-08-17,Merced,047,269075,7396,6814,5,6819,66
2020-08-17,Modoc,049,8938,7,5,0,5,0
2020-08-17,Mono,051,14174,162,126,2,128,1
2020-08-17,Monterey,053,433212,7252,6553,20,6573,44
2020-08-17,Napa,055,140530,1384,1255,5,1260,10
2020-08-17,Nevada,057,99092,417,383,13,396,2
2020-08-17,Orange,059,3164182,48173,43621,1053,44674,804
2020-08-17,Placer,061,380077,2845,2609,5,2614,28
2020-08-17,Plumas,063,18699,39,33,0,33,0
2020-08-17,Riverside,065,2383286,51036,48062,51,48113,916
2020-08-17,Sacramento,067,1510023,16551,14333,13,14346,219
2020-08-17,San Benito,069,59416,958,822,0,822,2
2020-08-17,San Bernardino,071,2135413,46592,42005,252,42257,604
2020-08-17,San Diego,073,3302833,36839,34962,213,35175,626
2020-08-17,San Francisco,075,870044,8869,7600,8,7608,72
2020-08-17,San Joaquin,077,732212,17378,15323,27,15350,280
2020-08-17,San Luis Obispo,079,281455,2791,2527,11,2538,18
2020-08-17,San Mateo,081,765935,7872,6987,7,6994,118
2020-08-17,Santa Barbara,083,443738,7776,7438,69,7507,80
2020-08-17,Santa Clara,085,1922200,16686,14546,34,14580,183
2020-08-17,Santa Cruz,087,273765,1709,1453,13,1466,6
2020-08-17,Shasta,089,179085,583,467,3,470,9
2020-08-17,Sierra,091,2930,6,6,0,6,0
2020-08-17,Siskiyou,093,43540,119,103,0,103,0
2020-08-17,Solano,095,438530,5090,4479,30,4509,31
2020-08-17,Sonoma,097,501317,5165,4402,17,4419,48
2020-08-17,Stanislaus,099,539301,14221,12745,196,12941,148
2020-08-17,Sutter,101,95872,1197,1071,1,1072,8
2020-08-17,Tehama,103,63373,372,324,2,326,1
2020-08-17,Trinity,105,12862,41,8,6,14,0
2020-08-17,Tulare,107,460477,13615,12487,44,12531,210
2020-08-17,Tuolumne,109,53932,172,157,4,161,1
2020-08-17,Ventura,111,848112,10463,9490,56,9546,89
2020-08-17,Yolo,113,214977,2267,2083,4,2087,47
2020-08-17,Yuba,115,75493,744,647,3,650,1
2020-08-16,Alameda,001,1643700,16977,15338,113,15451,221
2020-08-16,Alpine,003,1148,2,2,0,2,0
2020-08-16,Amador,005,37829,259,215,0,215,9
2020-08-16,Butte,007,227075,1589,1432,21,1453,15
2020-08-16,Calaveras,009,45235,199,167,0,167,1
2020-08-16,Colusa,011,21464,429,407,0,407,5
2020-08-16,Contra Costa,013,1133247,13089,11255,41,11296,140
2020-08-16,Del Norte,015,27424,103,77,0,77,0
2020-08-16,El Dorado,017,186661,948,843,6,849,2
2020-08-16,Fresno,019,978130,25623,21010,250,21260,211
2020-08-16,Glenn,021,27897,422,400,0,400,2
2020-08-16,Humboldt,023,135768,347,301,1,302,4
2020-08-16,Imperial,025,180216,10937,8883,7,8890,188
2020-08-16,Inyo,027,18085,149,125,2,127,1
2020-08-16,Kern,029,883053,28408,26520,163,26683,249
2020-08-16,Kings,031,150075,5736,5146,26,5172,58
2020-08-16,Lake,033,64148,301,269,0,269,2
2020-08-16,Lassen,035,31185,711,666,2,668,0
2020-08-16,Los Angeles,037,10098052,228755,222236,858,223094,5263
2020-08-16,Madera,039,155013,3582,3013,20,3033,26
2020-08-16,Marin,041,260295,5888,5664,12,5676,46
2020-08-16,Mariposa,043,17540,71,61,0,61,2
2020-08-16,Mendocino,045,87422,525,451,0,451,8
2020-08-16,Merced,047,269075,7314,6744,5,6749,66
2020-08-16,Modoc,049,8938,7,5,0,5,0
2020-08-16,Mono,051,14174,162,126,2,128,1
2020-08-16,Monterey,053,433212,7154,6516,19,6535,44
2020-08-16,Napa,055,140530,1366,1241,3,1244,10
2020-08-16,Nevada,057,99092,408,379,13,392,2
2020-08-16,Orange,059,3164182,47924,43303,1042,44345,803
2020-08-16,Placer,061,380077,2816,2583,4,2587,28
2020-08-16,Plumas,063,18699,39,33,0,33,0
2020-08-16,Riverside,065,2383286,50705,47669,50,47719,910
2020-08-16,Sacramento,067,1510023,16311,14210,13,14223,219
2020-08-16,San Benito,069,59416,929,815,0,815,2
2020-08-16,San Bernardino,071,2135413,46168,41724,244,41968,603
2020-08-16,San Diego,073,3302833,36575,34680,198,34878,626
2020-08-16,San Francisco,075,870044,8782,7602,8,7610,72
2020-08-16,San Joaquin,077,732212,17175,15288,27,15315,280
2020-08-16,San Luis Obispo,079,281455,2762,2494,11,2505,17
2020-08-16,San Mateo,081,765935,7798,6942,7,6949,118
2020-08-16,Santa Barbara,083,443738,7727,7368,69,7437,79
2020-08-16,Santa Clara,085,1922200,16488,14329,34,14363,183
2020-08-16,Santa Cruz,087,273765,1682,1449,12,1461,6
2020-08-16,Shasta,089,179085,576,465,3,468,9
2020-08-16,Sierra,091,2930,6,6,0,6,0
2020-08-16,Siskiyou,093,43540,118,102,0,102,0
2020-08-16,Solano,095,438530,5030,4479,30,4509,31
2020-08-16,Sonoma,097,501317,5061,4329,17,4346,46
2020-08-16,Stanislaus,099,539301,14063,12668,186,12854,148
2020-08-16,Sutter,101,95872,1179,1071,1,1072,8
2020-08-16,Tehama,103,63373,363,318,2,320,1
2020-08-16,Trinity,105,12862,38,8,6,14,0
2020-08-16,Tulare,107,460477,13483,12334,41,12375,211
2020-08-16,Tuolumne,109,53932,172,156,4,160,1
2020-08-16,Ventura,111,848112,10354,9408,51,9459,89
2020-08-16,Yolo,113,214977,2248,2057,4,2061,47
2020-08-16,Yuba,115,75493,735,647,2,649,1
2020-08-15,Alameda,001,1643700,16900,15165,113,15278,221
2020-08-15,Alpine,003,1148,2,2,0,2,0
2020-08-15,Amador,005,37829,259,210,0,210,9
2020-08-15,Butte,007,227075,1567,1409,21,1430,15
2020-08-15,Calaveras,009,45235,197,167,0,167,1
2020-08-15,Colusa,011,21464,428,401,0,401,5
2020-08-15,Contra Costa,013,1133247,12993,11106,41,11147,138
2020-08-15,Del Norte,015,27424,103,77,0,77,0
2020-08-15,El Dorado,017,186661,943,838,6,844,2
2020-08-15,Fresno,019,978130,25507,20603,248,20851,211
2020-08-15,Glenn,021,27897,422,398,0,398,2
2020-08-15,Humboldt,023,135768,346,301,1,302,4
2020-08-15,Imperial,025,180216,10917,8794,7,8801,188
2020-08-15,Inyo,027,18085,149,123,2,125,1
2020-08-15,Kern,029,883053,28320,26338,163,26501,249
2020-08-15,Kings,031,150075,5718,5039,26,5065,56
2020-08-15,Lake,033,64148,299,268,0,268,2
2020-08-15,Lassen,035,31185,711,666,2,668,0
2020-08-15,Los Angeles,037,10098052,228004,221043,848,221891,5252
2020-08-15,Madera,039,155013,3532,2950,20,2970,26
2020-08-15,Marin,041,260295,5881,5628,12,5640,46
2020-08-15,Mariposa,043,17540,71,61,0,61,2
2020-08-15,Mendocino,045,87422,521,444,0,444,8
2020-08-15,Merced,047,269075,7280,6656,5,6661,66
2020-08-15,Modoc,049,8938,7,5,0,5,0
2020-08-15,Mono,051,14174,162,126,2,128,1
2020-08-15,Monterey,053,433212,7109,6162,19,6181,44
2020-08-15,Napa,055,140530,1356,1232,3,1235,10
2020-08-15,Nevada,057,99092,408,376,13,389,2
2020-08-15,Orange,059,3164182,47811,42811,1031,43842,801
2020-08-15,Placer,061,380077,2795,2551,4,2555,27
2020-08-15,Plumas,063,18699,39,33,0,33,0
2020-08-15,Riverside,065,2383286,50554,46720,50,46770,910
2020-08-15,Sacramento,067,1510023,16201,14018,13,14031,219
2020-08-15,San Benito,069,59416,916,805,0,805,2
2020-08-15,San Bernardino,071,2135413,46016,41231,242,41473,602
2020-08-15,San Diego,073,3302833,36409,34346,184,34530,639
2020-08-15,San Francisco,075,870044,8720,7601,8,7609,69
2020-08-15,San Joaquin,077,732212,17102,15113,27,15140,280
2020-08-15,San Luis Obispo,079,281455,2745,2461,11,2472,17
2020-08-15,San Mateo,081,765935,7761,6860,7,6867,118
2020-08-15,Santa Barbara,083,443738,7699,7338,69,7407,79
2020-08-15,Santa Clara,085,1922200,16392,14105,34,14139,183
2020-08-15,Santa Cruz,087,273765,1661,1449,12,1461,6
2020-08-15,Shasta,089,179085,573,458,3,461,9
2020-08-15,Sierra,091,2930,6,6,0,6,0
2020-08-15,Siskiyou,093,43540,117,100,0,100,0
2020-08-15,Solano,095,438530,5008,4477,30,4507,31
2020-08-15,Sonoma,097,501317,5006,4134,17,4151,45
2020-08-15,Stanislaus,099,539301,13999,12541,185,12726,149
2020-08-15,Sutter,101,95872,1168,1046,1,1047,8
2020-08-15,Tehama,103,63373,362,312,2,314,1
2020-08-15,Trinity,105,12862,36,6,6,12,0
2020-08-15,Tulare,107,460477,13444,12262,41,12303,211
2020-08-15,Tuolumne,109,53932,172,155,4,159,1
2020-08-15,Ventura,111,848112,10295,9379,49,9428,89
2020-08-15,Yolo,113,214977,2236,2031,4,2035,46
2020-08-15,Yuba,115,75493,731,623,2,625,1
2020-08-14,Alameda,001,1643700,16760,14909,113,15022,221
2020-08-14,Alpine,003,1148,2,2,0,2,0
2020-08-14,Amador,005,37829,259,209,0,209,9
2020-08-14,Butte,007,227075,1559,1384,21,1405,15
2020-08-14,Calaveras,009,45235,193,165,0,165,1
2020-08-14,Colusa,011,21464,426,399,0,399,5
2020-08-14,Contra Costa,013,1133247,12881,10893,41,10934,137
2020-08-14,Del Norte,015,27424,103,76,0,76,0
2020-08-14,El Dorado,017,186661,935,827,6,833,2
2020-08-14,Fresno,019,978130,25373,19900,248,20148,208
2020-08-14,Glenn,021,27897,420,395,0,395,2
2020-08-14,Humboldt,023,135768,340,294,1,295,4
2020-08-14,Imperial,025,180216,10893,8756,7,8763,185
2020-08-14,Inyo,027,18085,148,115,2,117,1
2020-08-14,Kern,029,883053,28216,25893,162,26055,249
2020-08-14,Kings,031,150075,5704,4953,26,4979,56
2020-08-14,Lake,033,64148,290,267,0,267,2
2020-08-14,Lassen,035,31185,711,665,2,667,0
2020-08-14,Los Angeles,037,10098052,226833,219083,831,219914,5222
2020-08-14,Madera,039,155013,3502,2876,20,2896,26
2020-08-14,Marin,041,260295,5870,5601,12,5613,46
2020-08-14,Mariposa,043,17540,70,61,0,61,2
2020-08-14,Mendocino,045,87422,512,432,0,432,8
2020-08-14,Merced,047,269075,7250,6466,5,6471,67
2020-08-14,Modoc,049,8938,7,5,0,5,0
2020-08-14,Mono,051,14174,162,126,2,128,1
2020-08-14,Monterey,053,433212,7058,6121,19,6140,41
2020-08-14,Napa,055,140530,1346,1230,3,1233,10
2020-08-14,Nevada,057,99092,404,377,13,390,2
2020-08-14,Orange,059,3164182,47661,42399,1019,43418,798
2020-08-14,Placer,061,380077,2776,2546,4,2550,26
2020-08-14,Plumas,063,18699,38,33,0,33,0
2020-08-14,Riverside,065,2383286,50325,46456,50,46506,891
2020-08-14,Sacramento,067,1510023,16052,13645,13,13658,212
2020-08-14,San Benito,069,59416,899,783,0,783,2
2020-08-14,San Bernardino,071,2135413,45829,40442,239,40681,594
2020-08-14,San Diego,073,3302833,36215,34067,177,34244,622
2020-08-14,San Francisco,075,870044,8661,7467,8,7475,69
2020-08-14,San Joaquin,077,732212,17002,14925,27,14952,276
2020-08-14,San Luis Obispo,079,281455,2730,2422,11,2433,17
2020-08-14,San Mateo,081,765935,7702,6655,7,6662,118
2020-08-14,Santa Barbara,083,443738,7649,7302,69,7371,77
2020-08-14,Santa Clara,085,1922200,16226,13785,33,13818,183
2020-08-14,Santa Cruz,087,273765,1639,1418,11,1429,6
2020-08-14,Shasta,089,179085,568,446,3,449,9
2020-08-14,Sierra,091,2930,6,5,0,5,0
2020-08-14,Siskiyou,093,43540,117,98,0,98,0
2020-08-14,Solano,095,438530,4987,4421,30,4451,31
2020-08-14,Sonoma,097,501317,4947,4087,14,4101,45
2020-08-14,Stanislaus,099,539301,13920,12379,181,12560,140
2020-08-14,Sutter,101,95872,1160,1039,1,1040,8
2020-08-14,Tehama,103,63373,357,305,2,307,1
2020-08-14,Trinity,105,12862,36,6,6,12,0
2020-08-14,Tulare,107,460477,13367,12009,41,12050,211
2020-08-14,Tuolumne,109,53932,171,155,4,159,1
2020-08-14,Ventura,111,848112,10220,9313,49,9362,89
2020-08-14,Yolo,113,214977,2222,1991,4,1995,45
2020-08-14,Yuba,115,75493,715,606,2,608,1
2020-08-13,Alameda,001,1643700,16481,14385,113,14498,218
2020-08-13,Alpine,003,1148,2,2,0,2,0
2020-08-13,Amador,005,37829,259,198,0,198,8
2020-08-13,Butte,007,227075,1534,1345,21,1366,15
2020-08-13,Calaveras,009,45235,191,162,0,162,1
2020-08-13,Colusa,011,21464,426,395,0,395,5
2020-08-13,Contra Costa,013,1133247,12727,10545,40,10585,136
2020-08-13,Del Norte,015,27424,102,74,0,74,0
2020-08-13,El Dorado,017,186661,930,803,6,809,2
2020-08-13,Fresno,019,978130,25146,19157,242,19399,201
2020-08-13,Glenn,021,27897,416,392,0,392,1
2020-08-13,Humboldt,023,135768,332,281,1,282,4
2020-08-13,Imperial,025,180216,10862,8640,7,8647,170
2020-08-13,Inyo,027,18085,144,97,2,99,1
2020-08-13,Kern,029,883053,28049,25472,159,25631,242
2020-08-13,Kings,031,150075,5669,4824,26,4850,52
2020-08-13,Lake,033,64148,285,263,0,263,2
2020-08-13,Lassen,035,31185,711,652,2,654,0
2020-08-13,Los Angeles,037,10098052,225451,216497,809,217306,5179
2020-08-13,Madera,039,155013,3458,2675,19,2694,25
2020-08-13,Marin,041,260295,5854,5503,12,5515,44
2020-08-13,Mariposa,043,17540,69,61,0,61,2
2020-08-13,Mendocino,045,87422,507,401,0,401,8
2020-08-13,Merced,047,269075,7133,5945,5,5950,63
2020-08-13,Modoc,049,8938,7,5,0,5,0
2020-08-13,Mono,051,14174,162,124,2,126,1
2020-08-13,Monterey,053,433212,6975,5925,19,5944,38
2020-08-13,Napa,055,140530,1337,1179,3,1182,10
2020-08-13,Nevada,057,99092,400,362,13,375,1
2020-08-13,Orange,059,3164182,47422,42019,1008,43027,773
2020-08-13,Placer,061,380077,2753,2460,4,2464,26
2020-08-13,Plumas,063,18699,38,32,0,32,0
2020-08-13,Riverside,065,2383286,50029,45327,50,45377,885
2020-08-13,Sacramento,067,1510023,15849,13237,13,13250,197
2020-08-13,San Benito,069,59416,870,757,0,757,2
2020-08-13,San Bernardino,071,2135413,45434,39395,232,39627,591
2020-08-13,San Diego,073,3302833,35979,33661,159,33820,627
2020-08-13,San Francisco,075,870044,8567,7277,8,7285,69
2020-08-13,San Joaquin,077,732212,16847,14537,26,14563,261
2020-08-13,San Luis Obispo,079,281455,2708,2283,11,2294,16
2020-08-13,San Mateo,081,765935,7640,6503,7,6510,117
2020-08-13,Santa Barbara,083,443738,7604,7129,68,7197,74
2020-08-13,Santa Clara,085,1922200,16004,13257,33,13290,182
2020-08-13,Santa Cruz,087,273765,1614,1383,11,1394,6
2020-08-13,Shasta,089,179085,563,428,3,431,9
2020-08-13,Sierra,091,2930,6,5,0,5,0
2020-08-13,Siskiyou,093,43540,117,95,0,95,0
2020-08-13,Solano,095,438530,4949,4305,30,4335,31
2020-08-13,Sonoma,097,501317,4873,3902,14,3916,45
2020-08-13,Stanislaus,099,539301,13790,11953,165,12118,136
2020-08-13,Sutter,101,95872,1138,992,1,993,8
2020-08-13,Tehama,103,63373,348,302,2,304,1
2020-08-13,Trinity,105,12862,35,6,6,12,0
2020-08-13,Tulare,107,460477,13223,11692,38,11730,210
2020-08-13,Tuolumne,109,53932,170,152,4,156,1
2020-08-13,Ventura,111,848112,10131,9114,49,9163,90
2020-08-13,Yolo,113,214977,2195,1938,4,1942,44
2020-08-13,Yuba,115,75493,699,568,2,570,1
2020-08-12,Alameda,001,1643700,16267,14214,113,14327,215
2020-08-12,Alpine,003,1148,2,2,0,2,0
2020-08-12,Amador,005,37829,256,197,0,197,8
2020-08-12,Butte,007,227075,1506,1317,21,1338,15
2020-08-12,Calaveras,009,45235,188,157,0,157,1
2020-08-12,Colusa,011,21464,421,394,0,394,5
2020-08-12,Contra Costa,013,1133247,12582,10304,39,10343,134
2020-08-12,Del Norte,015,27424,101,74,0,74,0
2020-08-12,El Dorado,017,186661,912,794,6,800,2
2020-08-12,Fresno,019,978130,24916,18690,236,18926,194
2020-08-12,Glenn,021,27897,413,388,0,388,1
2020-08-12,Humboldt,023,135768,325,281,1,282,4
2020-08-12,Imperial,025,180216,10839,8566,7,8573,167
2020-08-12,Inyo,027,18085,127,97,2,99,1
2020-08-12,Kern,029,883053,27857,25191,157,25348,232
2020-08-12,Kings,031,150075,5630,4736,26,4762,50
2020-08-12,Lake,033,64148,283,253,0,253,2
2020-08-12,Lassen,035,31185,710,651,2,653,0
2020-08-12,Los Angeles,037,10098052,224053,214542,794,215336,5119
2020-08-12,Madera,039,155013,3424,2681,17,2698,23
2020-08-12,Marin,041,260295,5832,5423,12,5435,44
2020-08-12,Mariposa,043,17540,69,61,0,61,2
2020-08-12,Mendocino,045,87422,488,386,0,386,9
2020-08-12,Merced,047,269075,7071,5777,5,5782,66
2020-08-12,Modoc,049,8938,7,5,0,5,0
2020-08-12,Mono,051,14174,161,124,2,126,1
2020-08-12,Monterey,053,433212,6871,5919,19,5938,38
2020-08-12,Napa,055,140530,1327,1161,3,1164,10
2020-08-12,Nevada,057,99092,395,357,13,370,1
2020-08-12,Orange,059,3164182,47171,41576,984,42560,754
2020-08-12,Placer,061,380077,2721,2417,4,2421,25
2020-08-12,Plumas,063,18699,38,31,0,31,0
2020-08-12,Riverside,065,2383286,49681,44747,50,44797,867
2020-08-12,Sacramento,067,1510023,15637,12528,13,12541,189
2020-08-12,San Benito,069,59416,857,751,0,751,2
2020-08-12,San Bernardino,071,2135413,45090,38811,223,39034,589
2020-08-12,San Diego,073,3302833,35770,33395,139,33534,608
2020-08-12,San Francisco,075,870044,8484,7194,8,7202,66
2020-08-12,San Joaquin,077,732212,16701,14154,26,14180,253
2020-08-12,San Luis Obispo,079,281455,2683,2263,11,2274,15
2020-08-12,San Mateo,081,765935,7561,6427,7,6434,117
2020-08-12,Santa Barbara,083,443738,7544,7049,66,7115,74
2020-08-12,Santa Clara,085,1922200,15828,13002,33,13035,182
2020-08-12,Santa Cruz,087,273765,1585,1382,10,1392,6
2020-08-12,Shasta,089,179085,559,417,3,420,9
2020-08-12,Sierra,091,2930,5,4,0,4,0
2020-08-12,Siskiyou,093,43540,116,90,0,90,0
2020-08-12,Solano,095,438530,4904,4258,30,4288,31
2020-08-12,Sonoma,097,501317,4799,3847,14,3861,47
2020-08-12,Stanislaus,099,539301,13651,11682,158,11840,136
2020-08-12,Sutter,101,95872,1114,987,1,988,7
2020-08-12,Tehama,103,63373,338,289,2,291,1
2020-08-12,Trinity,105,12862,34,6,6,12,0
2020-08-12,Tulare,107,460477,13095,11460,38,11498,211
2020-08-12,Tuolumne,109,53932,169,150,4,154,1
2020-08-12,Ventura,111,848112,10044,9005,49,9054,87
2020-08-12,Yolo,113,214977,2171,1921,4,1925,44
2020-08-12,Yuba,115,75493,677,549,1,550,1
2020-08-11,Alameda,001,1643700,16006,13960,110,14070,204
2020-08-11,Alpine,003,1148,2,2,0,2,0
2020-08-11,Amador,005,37829,250,187,0,187,3
2020-08-11,Butte,007,227075,1478,1296,21,1317,15
2020-08-11,Calaveras,009,45235,186,161,0,161,1
2020-08-11,Colusa,011,21464,416,390,0,390,5
2020-08-11,Contra Costa,013,1133247,12393,10012,37,10049,131
2020-08-11,Del Norte,015,27424,100,73,0,73,0
2020-08-11,El Dorado,017,186661,905,786,5,791,2
2020-08-11,Fresno,019,978130,24594,18344,233,18577,187
2020-08-11,Glenn,021,27897,411,380,0,380,1
2020-08-11,Humboldt,023,135768,320,283,1,284,4
2020-08-11,Imperial,025,180216,10784,8518,7,8525,165
2020-08-11,Inyo,027,18085,122,97,2,99,1
2020-08-11,Kern,029,883053,27522,25042,155,25197,230
2020-08-11,Kings,031,150075,5439,4696,26,4722,50
2020-08-11,Lake,033,64148,280,243,0,243,2
2020-08-11,Lassen,035,31185,704,605,2,607,0
2020-08-11,Los Angeles,037,10098052,222552,212421,770,213191,5065
2020-08-11,Madera,039,155013,3370,2673,17,2690,22
2020-08-11,Marin,041,260295,5805,5287,11,5298,44
2020-08-11,Mariposa,043,17540,68,60,0,60,2
2020-08-11,Mendocino,045,87422,478,385,0,385,9
2020-08-11,Merced,047,269075,6976,5322,4,5326,65
2020-08-11,Modoc,049,8938,7,5,0,5,0
2020-08-11,Mono,051,14174,161,124,2,126,1
2020-08-11,Monterey,053,433212,6762,5624,19,5643,36
2020-08-11,Napa,055,140530,1316,1143,2,1145,11
2020-08-11,Nevada,057,99092,392,358,13,371,1
2020-08-11,Orange,059,3164182,46950,41205,963,42168,742
2020-08-11,Placer,061,380077,2689,2393,4,2397,24
2020-08-11,Plumas,063,18699,38,31,0,31,0
2020-08-11,Riverside,065,2383286,49324,44237,50,44287,836
2020-08-11,Sacramento,067,1510023,15346,12298,13,12311,182
2020-08-11,San Benito,069,59416,845,750,0,750,2
2020-08-11,San Bernardino,071,2135413,44750,38467,216,38683,584
2020-08-11,San Diego,073,3302833,35503,33159,120,33279,602
2020-08-11,San Francisco,075,870044,8388,6988,8,6996,66
2020-08-11,San Joaquin,077,732212,16523,13997,21,14018,251
2020-08-11,San Luis Obispo,079,281455,2626,2234,11,2245,15
2020-08-11,San Mateo,081,765935,7487,6339,7,6346,117
2020-08-11,Santa Barbara,083,443738,7495,6942,66,7008,70
2020-08-11,Santa Clara,085,1922200,15607,12920,33,12953,183
2020-08-11,Santa Cruz,087,273765,1562,1352,10,1362,4
2020-08-11,Shasta,089,179085,555,416,3,419,9
2020-08-11,Sierra,091,2930,5,4,0,4,0
2020-08-11,Siskiyou,093,43540,116,90,0,90,0
2020-08-11,Solano,095,438530,4856,4206,29,4235,31
2020-08-11,Sonoma,097,501317,4704,3752,14,3766,45
2020-08-11,Stanislaus,099,539301,13547,11592,146,11738,128
2020-08-11,Sutter,101,95872,1092,964,1,965,7
2020-08-11,Tehama,103,63373,334,289,2,291,1
2020-08-11,Trinity,105,12862,34,5,6,11,0
2020-08-11,Tulare,107,460477,12970,11392,37,11429,201
2020-08-11,Tuolumne,109,53932,164,146,4,150,1
2020-08-11,Ventura,111,848112,9976,8953,48,9001,88
2020-08-11,Yolo,113,214977,2149,1912,4,1916,44
2020-08-11,Yuba,115,75493,666,540,1,541,1
2020-08-10,Alameda,001,1643700,15766,13420,109,13529,203
2020-08-10,Alpine,003,1148,2,2,0,2,0
2020-08-10,Amador,005,37829,249,172,0,172,2
2020-08-10,Butte,007,227075,1454,1174,19,1193,15
2020-08-10,Calaveras,009,45235,175,121,0,121,1
2020-08-10,Colusa,011,21464,414,387,0,387,4
2020-08-10,Contra Costa,013,1133247,12240,9454,35,9489,130
2020-08-10,Del Norte,015,27424,98,69,0,69,0
2020-08-10,El Dorado,017,186661,893,771,5,776,2
2020-08-10,Fresno,019,978130,24313,17978,233,18211,183
2020-08-10,Glenn,021,27897,408,381,0,381,1
2020-08-10,Humboldt,023,135768,314,277,1,278,4
2020-08-10,Imperial,025,180216,10740,8465,7,8472,165
2020-08-10,Inyo,027,18085,122,97,2,99,1
2020-08-10,Kern,029,883053,27296,24499,154,24653,215
2020-08-10,Kings,031,150075,5333,4588,26,4614,50
2020-08-10,Lake,033,64148,273,239,0,239,2
2020-08-10,Lassen,035,31185,704,588,2,590,0
2020-08-10,Los Angeles,037,10098052,220975,211035,752,211787,5003
2020-08-10,Madera,039,155013,3337,2365,17,2382,22
2020-08-10,Marin,041,260295,5760,5242,10,5252,44
2020-08-10,Mariposa,043,17540,68,57,0,57,2
2020-08-10,Mendocino,045,87422,454,364,0,364,1
2020-08-10,Merced,047,269075,6895,4913,4,4917,51
2020-08-10,Modoc,049,8938,7,5,0,5,0
2020-08-10,Mono,051,14174,161,123,2,125,1
2020-08-10,Monterey,053,433212,6652,5358,19,5377,34
2020-08-10,Napa,055,140530,1298,1084,2,1086,8
2020-08-10,Nevada,057,99092,384,356,13,369,1
2020-08-10,Orange,059,3164182,46680,40445,945,41390,721
2020-08-10,Placer,061,380077,2650,2298,4,2302,21
2020-08-10,Plumas,063,18699,38,27,0,27,0
2020-08-10,Riverside,065,2383286,48939,43296,49,43345,830
2020-08-10,Sacramento,067,1510023,15035,12059,13,12072,168
2020-08-10,San Benito,069,59416,832,743,0,743,2
2020-08-10,San Bernardino,071,2135413,44373,37367,207,37574,579
2020-08-10,San Diego,073,3302833,35237,32977,104,33081,594
2020-08-10,San Francisco,075,870044,8298,6816,7,6823,66
2020-08-10,San Joaquin,077,732212,16341,13308,21,13329,240
2020-08-10,San Luis Obispo,079,281455,2527,2208,11,2219,15
2020-08-10,San Mateo,081,765935,7410,6222,7,6229,117
2020-08-10,Santa Barbara,083,443738,7440,6869,66,6935,66
2020-08-10,Santa Clara,085,1922200,15347,12615,32,12647,182
2020-08-10,Santa Cruz,087,273765,1542,1239,9,1248,4
2020-08-10,Shasta,089,179085,551,384,3,387,9
2020-08-10,Sierra,091,2930,5,3,0,3,0
2020-08-10,Siskiyou,093,43540,113,88,0,88,0
2020-08-10,Solano,095,438530,4796,4101,29,4130,31
2020-08-10,Sonoma,097,501317,4535,3640,10,3650,42
2020-08-10,Stanislaus,099,539301,13364,10855,130,10985,106
2020-08-10,Sutter,101,95872,1067,865,1,866,7
2020-08-10,Tehama,103,63373,327,282,2,284,1
2020-08-10,Trinity,105,12862,31,5,6,11,0
2020-08-10,Tulare,107,460477,12797,10750,35,10785,194
2020-08-10,Tuolumne,109,53932,164,143,3,146,1
2020-08-10,Ventura,111,848112,9892,8851,47,8898,85
2020-08-10,Yolo,113,214977,2126,1840,4,1844,45
2020-08-10,Yuba,115,75493,649,527,1,528,1
2020-08-09,Alameda,001,1643700,15485,13241,107,13348,203
2020-08-09,Alpine,003,1148,2,2,0,2,0
2020-08-09,Amador,005,37829,244,153,0,153,2
2020-08-09,Butte,007,227075,1411,1155,19,1174,15
2020-08-09,Calaveras,009,45235,170,122,0,122,1
2020-08-09,Colusa,011,21464,410,371,0,371,4
2020-08-09,Contra Costa,013,1133247,12013,9214,34,9248,130
2020-08-09,Del Norte,015,27424,98,69,0,69,0
2020-08-09,El Dorado,017,186661,885,748,5,753,2
2020-08-09,Fresno,019,978130,24004,17846,229,18075,183
2020-08-09,Glenn,021,27897,406,354,0,354,1
2020-08-09,Humboldt,023,135768,308,279,1,280,4
2020-08-09,Imperial,025,180216,10697,8310,6,8316,165
2020-08-09,Inyo,027,18085,117,86,1,87,1
2020-08-09,Kern,029,883053,27040,23680,154,23834,215
2020-08-09,Kings,031,150075,5290,4446,25,4471,50
2020-08-09,Lake,033,64148,266,225,0,225,2
2020-08-09,Lassen,035,31185,698,589,2,591,0
2020-08-09,Los Angeles,037,10098052,218913,208810,730,209540,4984
2020-08-09,Madera,039,155013,3278,2322,13,2335,22
2020-08-09,Marin,041,260295,5717,5204,10,5214,44
2020-08-09,Mariposa,043,17540,66,56,0,56,2
2020-08-09,Mendocino,045,87422,444,283,0,283,1
2020-08-09,Merced,047,269075,6798,4735,3,4738,51
2020-08-09,Modoc,049,8938,7,4,0,4,0
2020-08-09,Mono,051,14174,160,113,2,115,1
2020-08-09,Monterey,053,433212,6528,5199,19,5218,34
2020-08-09,Napa,055,140530,1279,1062,2,1064,8
2020-08-09,Nevada,057,99092,376,332,13,345,1
2020-08-09,Orange,059,3164182,46381,39244,930,40174,722
2020-08-09,Placer,061,380077,2621,2211,4,2215,20
2020-08-09,Plumas,063,18699,38,27,0,27,0
2020-08-09,Riverside,065,2383286,48594,41894,49,41943,828
2020-08-09,Sacramento,067,1510023,14755,11301,13,11314,167
2020-08-09,San Benito,069,59416,813,687,0,687,2
2020-08-09,San Bernardino,071,2135413,43894,36092,207,36299,579
2020-08-09,San Diego,073,3302833,34946,32749,93,32842,594
2020-08-09,San Francisco,075,870044,8183,6820,7,6827,66
2020-08-09,San Joaquin,077,732212,16137,12933,20,12953,240
2020-08-09,San Luis Obispo,079,281455,2491,2124,11,2135,15
2020-08-09,San Mateo,081,765935,7315,6094,7,6101,117
2020-08-09,Santa Barbara,083,443738,7352,6669,66,6735,66
2020-08-09,Santa Clara,085,1922200,15076,11878,32,11910,181
2020-08-09,Santa Cruz,087,273765,1518,1246,9,1255,4
2020-08-09,Shasta,089,179085,547,361,3,364,9
2020-08-09,Sierra,091,2930,5,3,0,3,0
2020-08-09,Siskiyou,093,43540,112,74,0,74,0
2020-08-09,Solano,095,438530,4743,3954,28,3982,31
2020-08-09,Sonoma,097,501317,4399,3531,8,3539,41
2020-08-09,Stanislaus,099,539301,13156,10264,117,10381,106
2020-08-09,Sutter,101,95872,1033,857,1,858,7
2020-08-09,Tehama,103,63373,319,265,2,267,1
2020-08-09,Trinity,105,12862,31,5,6,11,0
2020-08-09,Tulare,107,460477,12606,10630,32,10662,194
2020-08-09,Tuolumne,109,53932,161,143,3,146,1
2020-08-09,Ventura,111,848112,9744,8633,46,8679,85
2020-08-09,Yolo,113,214977,2095,1765,4,1769,44
2020-08-09,Yuba,115,75493,629,442,1,443,1
2020-08-08,Alameda,001,1643700,15375,13087,107,13194,204
2020-08-08,Alpine,003,1148,2,2,0,2,0
2020-08-08,Amador,005,37829,244,139,0,139,2
2020-08-08,Butte,007,227075,1393,1140,19,1159,15
2020-08-08,Calaveras,009,45235,169,122,0,122,1
2020-08-08,Colusa,011,21464,409,368,0,368,4
2020-08-08,Contra Costa,013,1133247,11904,9104,34,9138,129
2020-08-08,Del Norte,015,27424,97,69,0,69,0
2020-08-08,El Dorado,017,186661,878,734,5,739,2
2020-08-08,Fresno,019,978130,23867,17538,227,17765,183
2020-08-08,Glenn,021,27897,406,344,0,344,1
2020-08-08,Humboldt,023,135768,305,277,1,278,4
2020-08-08,Imperial,025,180216,10682,8213,6,8219,165
2020-08-08,Inyo,027,18085,113,86,1,87,1
2020-08-08,Kern,029,883053,26926,22803,154,22957,215
2020-08-08,Kings,031,150075,5276,4367,25,4392,49
2020-08-08,Lake,033,64148,264,221,0,221,2
2020-08-08,Lassen,035,31185,698,589,2,591,0
2020-08-08,Los Angeles,037,10098052,218029,206971,719,207690,4974
2020-08-08,Madera,039,155013,3247,2275,13,2288,22
2020-08-08,Marin,041,260295,5697,5118,10,5128,44
2020-08-08,Mariposa,043,17540,65,55,0,55,2
2020-08-08,Mendocino,045,87422,442,264,0,264,1
2020-08-08,Merced,047,269075,6758,4570,3,4573,51
2020-08-08,Modoc,049,8938,7,4,0,4,0
2020-08-08,Mono,051,14174,160,113,2,115,1
2020-08-08,Monterey,053,433212,6470,5101,19,5120,33
2020-08-08,Napa,055,140530,1271,1062,2,1064,8
2020-08-08,Nevada,057,99092,374,325,13,338,1
2020-08-08,Orange,059,3164182,46251,38688,921,39609,718
2020-08-08,Placer,061,380077,2604,2153,4,2157,20
2020-08-08,Plumas,063,18699,38,27,0,27,0
2020-08-08,Riverside,065,2383286,48390,41412,49,41461,823
2020-08-08,Sacramento,067,1510023,14626,11144,13,11157,166
2020-08-08,San Benito,069,59416,805,684,0,684,2
2020-08-08,San Bernardino,071,2135413,43699,35691,206,35897,531
2020-08-08,San Diego,073,3302833,34757,32332,84,32416,593
2020-08-08,San Francisco,075,870044,8117,6820,7,6827,66
2020-08-08,San Joaquin,077,732212,16056,12559,19,12578,240
2020-08-08,San Luis Obispo,079,281455,2468,2081,11,2092,15
2020-08-08,San Mateo,081,765935,7257,6021,7,6028,117
2020-08-08,Santa Barbara,083,443738,7314,6598,66,6664,66
2020-08-08,Santa Clara,085,1922200,14924,11615,32,11647,181
2020-08-08,Santa Cruz,087,273765,1504,1247,9,1256,4
2020-08-08,Shasta,089,179085,545,343,3,346,9
2020-08-08,Sierra,091,2930,5,3,0,3,0
2020-08-08,Siskiyou,093,43540,112,73,0,73,0
2020-08-08,Solano,095,438530,4722,3889,27,3916,31
2020-08-08,Sonoma,097,501317,4368,3399,8,3407,41
2020-08-08,Stanislaus,099,539301,13081,9963,112,10075,105
2020-08-08,Sutter,101,95872,1023,830,1,831,7
2020-08-08,Tehama,103,63373,318,251,2,253,1
2020-08-08,Trinity,105,12862,31,5,6,11,0
2020-08-08,Tulare,107,460477,12531,10505,32,10537,192
2020-08-08,Tuolumne,109,53932,161,143,3,146,1
2020-08-08,Ventura,111,848112,9689,8462,45,8507,85
2020-08-08,Yolo,113,214977,2082,1725,4,1729,44
2020-08-08,Yuba,115,75493,620,430,1,431,1
2020-08-07,Alameda,001,1643700,15265,12805,107,12912,204
2020-08-07,Alpine,003,1148,2,2,0,2,0
2020-08-07,Amador,005,37829,242,125,0,125,2
2020-08-07,Butte,007,227075,1375,1092,19,1111,13
2020-08-07,Calaveras,009,45235,169,119,0,119,1
2020-08-07,Colusa,011,21464,408,358,0,358,4
2020-08-07,Contra Costa,013,1133247,11756,8810,34,8844,126
2020-08-07,Del Norte,015,27424,97,69,0,69,0
2020-08-07,El Dorado,017,186661,873,724,5,729,2
2020-08-07,Fresno,019,978130,23707,17290,227,17517,171
2020-08-07,Glenn,021,27897,405,339,0,339,1
2020-08-07,Humboldt,023,135768,301,274,1,275,4
2020-08-07,Imperial,025,180216,10657,8085,6,8091,164
2020-08-07,Inyo,027,18085,112,81,1,82,1
2020-08-07,Kern,029,883053,26800,22143,152,22295,206
2020-08-07,Kings,031,150075,5259,4315,25,4340,48
2020-08-07,Lake,033,64148,262,215,0,215,1
2020-08-07,Lassen,035,31185,697,588,2,590,0
2020-08-07,Los Angeles,037,10098052,216563,204406,708,205114,4924
2020-08-07,Madera,039,155013,3215,2245,13,2258,20
2020-08-07,Marin,041,260295,5668,5094,10,5104,43
2020-08-07,Mariposa,043,17540,65,53,0,53,2
2020-08-07,Mendocino,045,87422,428,262,0,262,1
2020-08-07,Merced,047,269075,6715,4358,3,4361,30
2020-08-07,Modoc,049,8938,7,4,0,4,0
2020-08-07,Mono,051,14174,160,112,2,114,1
2020-08-07,Monterey,053,433212,6395,5041,19,5060,33
2020-08-07,Napa,055,140530,1266,1055,2,1057,8
2020-08-07,Nevada,057,99092,371,324,13,337,1
2020-08-07,Orange,059,3164182,46040,38459,904,39363,701
2020-08-07,Placer,061,380077,2586,2078,4,2082,20
2020-08-07,Plumas,063,18699,38,25,0,25,0
2020-08-07,Riverside,065,2383286,48126,40902,48,40950,810
2020-08-07,Sacramento,067,1510023,14481,10798,13,10811,160
2020-08-07,San Benito,069,59416,799,647,0,647,2
2020-08-07,San Bernardino,071,2135413,43452,35200,205,35405,524
2020-08-07,San Diego,073,3302833,34572,31781,81,31862,586
2020-08-07,San Francisco,075,870044,8039,6765,7,6772,66
2020-08-07,San Joaquin,077,732212,15971,12392,19,12411,223
2020-08-07,San Luis Obispo,079,281455,2437,2050,11,2061,14
2020-08-07,San Mateo,081,765935,7197,5948,7,5955,117
2020-08-07,Santa Barbara,083,443738,7263,6509,66,6575,66
2020-08-07,Santa Clara,085,1922200,14725,11409,32,11441,180
2020-08-07,Santa Cruz,087,273765,1486,1234,9,1243,5
2020-08-07,Shasta,089,179085,540,342,3,345,9
2020-08-07,Sierra,091,2930,5,3,0,3,0
2020-08-07,Siskiyou,093,43540,109,73,0,73,0
2020-08-07,Solano,095,438530,4690,3844,26,3870,31
2020-08-07,Sonoma,097,501317,4304,3329,8,3337,34
2020-08-07,Stanislaus,099,539301,12959,9665,102,9767,98
2020-08-07,Sutter,101,95872,1019,807,1,808,6
2020-08-07,Tehama,103,63373,314,246,2,248,1
2020-08-07,Trinity,105,12862,30,5,6,11,0
2020-08-07,Tulare,107,460477,12454,10292,32,10324,195
2020-08-07,Tuolumne,109,53932,160,136,3,139,1
2020-08-07,Ventura,111,848112,9629,8356,43,8399,84
2020-08-07,Yolo,113,214977,2055,1689,4,1693,37
2020-08-07,Yuba,115,75493,615,413,1,414,1
2020-08-06,Alameda,001,1643700,15044,12474,106,12580,200
2020-08-06,Alpine,003,1148,2,2,0,2,0
2020-08-06,Amador,005,37829,228,125,0,125,0
2020-08-06,Butte,007,227075,1356,1060,19,1079,13
2020-08-06,Calaveras,009,45235,166,117,0,117,1
2020-08-06,Colusa,011,21464,405,358,0,358,3
2020-08-06,Contra Costa,013,1133247,11562,8583,33,8616,124
2020-08-06,Del Norte,015,27424,97,69,0,69,0
2020-08-06,El Dorado,017,186661,862,703,5,708,1
2020-08-06,Fresno,019,978130,23409,17031,220,17251,161
2020-08-06,Glenn,021,27897,400,332,0,332,1
2020-08-06,Humboldt,023,135768,296,266,1,267,4
2020-08-06,Imperial,025,180216,10614,8064,6,8070,163
2020-08-06,Inyo,027,18085,104,83,1,84,1
2020-08-06,Kern,029,883053,26564,21843,151,21994,197
2020-08-06,Kings,031,150075,5197,4264,24,4288,47
2020-08-06,Lake,033,64148,259,209,0,209,1
2020-08-06,Lassen,035,31185,695,588,2,590,0
2020-08-06,Los Angeles,037,10098052,214490,201372,692,202064,4874
2020-08-06,Madera,039,155013,3167,2240,12,2252,19
2020-08-06,Marin,041,260295,5636,5058,10,5068,43
2020-08-06,Mariposa,043,17540,64,52,0,52,2
2020-08-06,Mendocino,045,87422,414,260,0,260,1
2020-08-06,Merced,047,269075,6613,4235,3,4238,30
2020-08-06,Modoc,049,8938,7,4,0,4,0
2020-08-06,Mono,051,14174,159,111,2,113,1
2020-08-06,Monterey,053,433212,6286,5001,18,5019,33
2020-08-06,Napa,055,140530,1252,1032,2,1034,8
2020-08-06,Nevada,057,99092,366,321,13,334,1
2020-08-06,Orange,059,3164182,45748,38399,899,39298,694
2020-08-06,Placer,061,380077,2560,2045,4,2049,20
2020-08-06,Plumas,063,18699,37,25,0,25,0
2020-08-06,Riverside,065,2383286,47732,40269,48,40317,781
2020-08-06,Sacramento,067,1510023,14252,10548,13,10561,153
2020-08-06,San Benito,069,59416,791,626,0,626,2
2020-08-06,San Bernardino,071,2135413,43047,34819,203,35022,516
2020-08-06,San Diego,073,3302833,34305,31129,74,31203,583
2020-08-06,San Francisco,075,870044,7946,6737,6,6743,60
2020-08-06,San Joaquin,077,732212,15811,12269,19,12288,203
2020-08-06,San Luis Obispo,079,281455,2413,2000,10,2010,13
2020-08-06,San Mateo,081,765935,7097,5885,7,5892,117
2020-08-06,Santa Barbara,083,443738,7203,6620,66,6686,65
2020-08-06,Santa Clara,085,1922200,14496,11280,32,11312,178
2020-08-06,Santa Cruz,087,273765,1465,1215,9,1224,4
2020-08-06,Shasta,089,179085,531,343,3,346,9
2020-08-06,Sierra,091,2930,5,3,0,3,0
2020-08-06,Siskiyou,093,43540,109,73,0,73,0
2020-08-06,Solano,095,438530,4646,3784,26,3810,29
2020-08-06,Sonoma,097,501317,4240,3259,8,3267,33
2020-08-06,Stanislaus,099,539301,12809,9566,86,9652,98
2020-08-06,Sutter,101,95872,988,797,1,798,6
2020-08-06,Tehama,103,63373,311,242,2,244,1
2020-08-06,Trinity,105,12862,27,5,6,11,0
2020-08-06,Tulare,107,460477,12294,10169,32,10201,195
2020-08-06,Tuolumne,109,53932,159,136,3,139,1
2020-08-06,Ventura,111,848112,9514,8245,40,8285,80
2020-08-06,Yolo,113,214977,2031,1662,4,1666,36
2020-08-06,Yuba,115,75493,606,407,0,407,1
2020-08-05,Alameda,001,1643700,14829,12140,106,12246,193
2020-08-05,Alpine,003,1148,2,2,0,2,0
2020-08-05,Amador,005,37829,218,123,0,123,0
2020-08-05,Butte,007,227075,1322,1038,18,1056,13
2020-08-05,Calaveras,009,45235,163,116,0,116,1
2020-08-05,Colusa,011,21464,401,354,0,354,3
2020-08-05,Contra Costa,013,1133247,11393,8362,33,8395,122
2020-08-05,Del Norte,015,27424,96,69,0,69,0
2020-08-05,El Dorado,017,186661,854,692,5,697,1
2020-08-05,Fresno,019,978130,23165,16625,215,16840,159
2020-08-05,Glenn,021,27897,397,330,0,330,1
2020-08-05,Humboldt,023,135768,294,249,1,250,4
2020-08-05,Imperial,025,180216,10579,8036,6,8042,163
2020-08-05,Inyo,027,18085,102,62,1,63,1
2020-08-05,Kern,029,883053,26376,21540,146,21686,194
2020-08-05,Kings,031,150075,5152,4192,23,4215,47
2020-08-05,Lake,033,64148,252,209,0,209,1
2020-08-05,Lassen,035,31185,648,557,2,559,0
2020-08-05,Los Angeles,037,10098052,212569,198355,672,199027,4832
2020-08-05,Madera,039,155013,3125,2172,12,2184,19
2020-08-05,Marin,041,260295,5604,5036,10,5046,43
2020-08-05,Mariposa,043,17540,64,52,0,52,2
2020-08-05,Mendocino,045,87422,402,248,0,248,1
2020-08-05,Merced,047,269075,6478,4119,3,4122,30
2020-08-05,Modoc,049,8938,7,3,0,3,0
2020-08-05,Mono,051,14174,159,104,2,106,1
2020-08-05,Monterey,053,433212,6171,4936,18,4954,32
2020-08-05,Napa,055,140530,1240,1020,2,1022,8
2020-08-05,Nevada,057,99092,357,327,13,340,2
2020-08-05,Orange,059,3164182,45439,37907,891,38798,663
2020-08-05,Placer,061,380077,2519,1989,4,1993,18
2020-08-05,Plumas,063,18699,36,25,0,25,0
2020-08-05,Riverside,065,2383286,47340,39454,46,39500,761
2020-08-05,Sacramento,067,1510023,14033,10261,12,10273,151
2020-08-05,San Benito,069,59416,782,613,0,613,2
2020-08-05,San Bernardino,071,2135413,42585,34442,198,34640,504
2020-08-05,San Diego,073,3302833,34081,30866,58,30924,578
2020-08-05,San Francisco,075,870044,7853,6701,6,6707,60
2020-08-05,San Joaquin,077,732212,15648,12148,19,12167,199
2020-08-05,San Luis Obispo,079,281455,2389,1928,10,1938,13
2020-08-05,San Mateo,081,765935,7002,5695,7,5702,116
2020-08-05,Santa Barbara,083,443738,7143,6597,66,6663,63
2020-08-05,Santa Clara,085,1922200,14262,11074,32,11106,176
2020-08-05,Santa Cruz,087,273765,1445,1192,7,1199,4
2020-08-05,Shasta,089,179085,525,338,3,341,9
2020-08-05,Sierra,091,2930,5,3,0,3,0
2020-08-05,Siskiyou,093,43540,105,72,0,72,0
2020-08-05,Solano,095,438530,4595,3750,25,3775,29
2020-08-05,Sonoma,097,501317,4157,3173,8,3181,33
2020-08-05,Stanislaus,099,539301,12650,9408,81,9489,97
2020-08-05,Sutter,101,95872,977,780,1,781,6
2020-08-05,Tehama,103,63373,308,231,2,233,1
2020-08-05,Trinity,105,12862,27,5,6,11,0
2020-08-05,Tulare,107,460477,12153,9924,32,9956,192
2020-08-05,Tuolumne,109,53932,159,137,3,140,0
2020-08-05,Ventura,111,848112,9398,8162,36,8198,75
2020-08-05,Yolo,113,214977,2003,1634,4,1638,36
2020-08-05,Yuba,115,75493,589,400,0,400,1
2020-08-04,Alameda,001,1643700,14612,11983,105,12088,192
2020-08-04,Alpine,003,1148,2,2,0,2,0
2020-08-04,Amador,005,37829,203,123,0,123,0
2020-08-04,Butte,007,227075,1298,1011,18,1029,10
2020-08-04,Calaveras,009,45235,159,116,0,116,1
2020-08-04,Colusa,011,21464,396,354,0,354,3
2020-08-04,Contra Costa,013,1133247,11226,8210,33,8243,122
2020-08-04,Del Norte,015,27424,94,69,0,69,0
2020-08-04,El Dorado,017,186661,844,668,5,673,1
2020-08-04,Fresno,019,978130,22880,16272,208,16480,154
2020-08-04,Glenn,021,27897,396,325,0,325,1
2020-08-04,Humboldt,023,135768,284,241,1,242,4
2020-08-04,Imperial,025,180216,10542,7974,6,7980,163
2020-08-04,Inyo,027,18085,88,59,1,60,1
2020-08-04,Kern,029,883053,26093,21403,146,21549,190
2020-08-04,Kings,031,150075,5087,4163,23,4186,47
2020-08-04,Lake,033,64148,252,206,0,206,1
2020-08-04,Lassen,035,31185,645,556,2,558,0
2020-08-04,Los Angeles,037,10098052,210629,196014,645,196659,4764
2020-08-04,Madera,039,155013,3082,2161,8,2169,19
2020-08-04,Marin,041,260295,5573,5020,9,5029,43
2020-08-04,Mariposa,043,17540,64,51,0,51,2
2020-08-04,Mendocino,045,87422,377,248,0,248,1
2020-08-04,Merced,047,269075,6364,4085,3,4088,30
2020-08-04,Modoc,049,8938,7,3,0,3,0
2020-08-04,Mono,051,14174,158,104,1,105,1
2020-08-04,Monterey,053,433212,6057,4892,18,4910,32
2020-08-04,Napa,055,140530,1227,994,0,994,8
2020-08-04,Nevada,057,99092,356,322,13,335,2
2020-08-04,Orange,059,3164182,45063,37844,885,38729,659
2020-08-04,Placer,061,380077,2482,1964,4,1968,17
2020-08-04,Plumas,063,18699,36,25,0,25,0
2020-08-04,Riverside,065,2383286,46955,38991,45,39036,743
2020-08-04,Sacramento,067,1510023,13815,10205,12,10217,146
2020-08-04,San Benito,069,59416,766,608,0,608,2
2020-08-04,San Bernardino,071,2135413,42035,34215,193,34408,495
2020-08-04,San Diego,073,3302833,33788,30518,46,30564,568
2020-08-04,San Francisco,075,870044,7765,6568,6,6574,60
2020-08-04,San Joaquin,077,732212,15519,12087,16,12103,189
2020-08-04,San Luis Obispo,079,281455,2359,1886,10,1896,13
2020-08-04,San Mateo,081,765935,6896,5690,7,5697,116
2020-08-04,Santa Barbara,083,443738,7083,6591,66,6657,61
2020-08-04,Santa Clara,085,1922200,13960,10986,31,11017,175
2020-08-04,Santa Cruz,087,273765,1426,1202,7,1209,4
2020-08-04,Shasta,089,179085,519,335,3,338,9
2020-08-04,Sierra,091,2930,5,1,0,1,0
2020-08-04,Siskiyou,093,43540,103,71,0,71,0
2020-08-04,Solano,095,438530,4524,3690,25,3715,29
2020-08-04,Sonoma,097,501317,4090,3108,8,3116,33
2020-08-04,Stanislaus,099,539301,12481,9359,74,9433,97
2020-08-04,Sutter,101,95872,963,761,1,762,6
2020-08-04,Tehama,103,63373,301,226,2,228,1
2020-08-04,Trinity,105,12862,27,5,6,11,0
2020-08-04,Tulare,107,460477,11973,9866,32,9898,192
2020-08-04,Tuolumne,109,53932,158,127,3,130,0
2020-08-04,Ventura,111,848112,9284,8134,34,8168,75
2020-08-04,Yolo,113,214977,1977,1626,4,1630,37
2020-08-04,Yuba,115,75493,574,398,0,398,1
2020-08-03,Alameda,001,1643700,14430,11817,102,11919,189
2020-08-03,Alpine,003,1148,2,2,0,2,0
2020-08-03,Amador,005,37829,199,119,0,119,0
2020-08-03,Butte,007,227075,1252,989,17,1006,9
2020-08-03,Calaveras,009,45235,156,117,0,117,1
2020-08-03,Colusa,011,21464,392,336,0,336,2
2020-08-03,Contra Costa,013,1133247,11029,8069,30,8099,120
2020-08-03,Del Norte,015,27424,90,68,0,68,0
2020-08-03,El Dorado,017,186661,833,645,5,650,1
2020-08-03,Fresno,019,978130,22586,15945,202,16147,151
2020-08-03,Glenn,021,27897,389,316,0,316,1
2020-08-03,Humboldt,023,135768,277,234,1,235,4
2020-08-03,Imperial,025,180216,10487,7953,6,7959,161
2020-08-03,Inyo,027,18085,85,57,1,58,1
2020-08-03,Kern,029,883053,25726,21285,139,21424,176
2020-08-03,Kings,031,150075,4975,4107,22,4129,47
2020-08-03,Lake,033,64148,245,201,0,201,1
2020-08-03,Lassen,035,31185,645,555,2,557,0
2020-08-03,Los Angeles,037,10098052,208590,194103,617,194720,4706
2020-08-03,Madera,039,155013,3033,2143,7,2150,18
2020-08-03,Marin,041,260295,5526,5001,9,5010,43
2020-08-03,Mariposa,043,17540,63,52,0,52,2
2020-08-03,Mendocino,045,87422,354,248,0,248,1
2020-08-03,Merced,047,269075,6242,4028,3,4031,29
2020-08-03,Modoc,049,8938,7,2,0,2,0
2020-08-03,Mono,051,14174,158,104,1,105,1
2020-08-03,Monterey,053,433212,5906,4806,15,4821,28
2020-08-03,Napa,055,140530,1213,973,0,973,8
2020-08-03,Nevada,057,99092,352,315,13,328,2
2020-08-03,Orange,059,3164182,44669,37705,875,38580,651
2020-08-03,Placer,061,380077,2426,1947,3,1950,16
2020-08-03,Plumas,063,18699,36,25,0,25,0
2020-08-03,Riverside,065,2383286,46487,38642,45,38687,740
2020-08-03,Sacramento,067,1510023,13620,10143,12,10155,142
2020-08-03,San Benito,069,59416,754,603,0,603,2
2020-08-03,San Bernardino,071,2135413,41510,33979,187,34166,444
2020-08-03,San Diego,073,3302833,33474,30228,36,30264,565
2020-08-03,San Francisco,075,870044,7671,6319,6,6325,60
2020-08-03,San Joaquin,077,732212,15323,12007,15,12022,189
2020-08-03,San Luis Obispo,079,281455,2317,1863,8,1871,14
2020-08-03,San Mateo,081,765935,6815,5661,7,5668,115
2020-08-03,Santa Barbara,083,443738,7039,6580,66,6646,59
2020-08-03,Santa Clara,085,1922200,13684,10747,31,10778,172
2020-08-03,Santa Cruz,087,273765,1406,1154,7,1161,4
2020-08-03,Shasta,089,179085,512,322,3,325,9
2020-08-03,Sierra,091,2930,5,1,0,1,0
2020-08-03,Siskiyou,093,43540,99,67,0,67,0
2020-08-03,Solano,095,438530,4455,3610,24,3634,29
2020-08-03,Sonoma,097,501317,3989,3079,7,3086,33
2020-08-03,Stanislaus,099,539301,12272,9308,66,9374,96
2020-08-03,Sutter,101,95872,939,713,1,714,6
2020-08-03,Tehama,103,63373,293,225,2,227,1
2020-08-03,Trinity,105,12862,27,5,6,11,0
2020-08-03,Tulare,107,460477,11789,9703,32,9735,188
2020-08-03,Tuolumne,109,53932,158,123,3,126,0
2020-08-03,Ventura,111,848112,9193,8084,31,8115,74
2020-08-03,Yolo,113,214977,1942,1598,3,1601,37
2020-08-03,Yuba,115,75493,550,393,0,393,1
2020-08-02,Alameda,001,1643700,14183,11696,90,11786,188
2020-08-02,Alpine,003,1148,2,2,0,2,0
2020-08-02,Amador,005,37829,194,117,0,117,0
2020-08-02,Butte,007,227075,1217,987,17,1004,9
2020-08-02,Calaveras,009,45235,153,116,0,116,1
2020-08-02,Colusa,011,21464,387,335,0,335,2
2020-08-02,Contra Costa,013,1133247,10790,7995,30,8025,118
2020-08-02,Del Norte,015,27424,89,68,0,68,0
2020-08-02,El Dorado,017,186661,823,643,5,648,1
2020-08-02,Fresno,019,978130,22311,15759,196,15955,151
2020-08-02,Glenn,021,27897,388,315,0,315,1
2020-08-02,Humboldt,023,135768,272,232,1,233,4
2020-08-02,Imperial,025,180216,10424,7919,6,7925,157
2020-08-02,Inyo,027,18085,84,45,1,46,1
2020-08-02,Kern,029,883053,25428,21162,137,21299,176
2020-08-02,Kings,031,150075,4913,3964,21,3985,47
2020-08-02,Lake,033,64148,240,201,0,201,1
2020-08-02,Lassen,035,31185,645,555,2,557,0
2020-08-02,Los Angeles,037,10098052,206498,192480,599,193079,4698
2020-08-02,Madera,039,155013,2967,2123,5,2128,18
2020-08-02,Marin,041,260295,5491,4985,9,4994,43
2020-08-02,Mariposa,043,17540,61,52,0,52,2
2020-08-02,Mendocino,045,87422,344,247,0,247,1
2020-08-02,Merced,047,269075,6101,4011,3,4014,29
2020-08-02,Modoc,049,8938,7,2,0,2,0
2020-08-02,Mono,051,14174,151,104,1,105,1
2020-08-02,Monterey,053,433212,5780,4698,15,4713,28
2020-08-02,Napa,055,140530,1198,956,0,956,8
2020-08-02,Nevada,057,99092,349,314,13,327,2
2020-08-02,Orange,059,3164182,44288,37266,864,38130,651
2020-08-02,Placer,061,380077,2387,1920,3,1923,15
2020-08-02,Plumas,063,18699,36,25,0,25,0
2020-08-02,Riverside,065,2383286,46054,38507,44,38551,735
2020-08-02,Sacramento,067,1510023,13341,10099,12,10111,142
2020-08-02,San Benito,069,59416,740,599,0,599,2
2020-08-02,San Bernardino,071,2135413,40908,33643,183,33826,443
2020-08-02,San Diego,073,3302833,33134,29885,27,29912,565
2020-08-02,San Francisco,075,870044,7553,6297,6,6303,60
2020-08-02,San Joaquin,077,732212,15039,11937,13,11950,189
2020-08-02,San Luis Obispo,079,281455,2254,1821,8,1829,14
2020-08-02,San Mateo,081,765935,6700,5618,7,5625,115
2020-08-02,Santa Barbara,083,443738,6949,6532,66,6598,59
2020-08-02,Santa Clara,085,1922200,13465,10577,31,10608,172
2020-08-02,Santa Cruz,087,273765,1386,1162,7,1169,4
2020-08-02,Shasta,089,179085,508,318,3,321,9
2020-08-02,Sierra,091,2930,4,1,0,1,0
2020-08-02,Siskiyou,093,43540,99,65,0,65,0
2020-08-02,Solano,095,438530,4397,3609,24,3633,29
2020-08-02,Sonoma,097,501317,3904,3005,7,3012,33
2020-08-02,Stanislaus,099,539301,12057,9277,61,9338,96
2020-08-02,Sutter,101,95872,904,714,1,715,6
2020-08-02,Tehama,103,63373,287,222,2,224,1
2020-08-02,Trinity,105,12862,27,5,6,11,0
2020-08-02,Tulare,107,460477,11580,9593,32,9625,188
2020-08-02,Tuolumne,109,53932,155,123,3,126,0
2020-08-02,Ventura,111,848112,9046,8014,31,8045,73
2020-08-02,Yolo,113,214977,1917,1588,3,1591,37
2020-08-02,Yuba,115,75493,530,393,0,393,1
2020-08-01,Alameda,001,1643700,14071,11590,90,11680,188
2020-08-01,Alpine,003,1148,2,2,0,2,0
2020-08-01,Amador,005,37829,190,109,0,109,0
2020-08-01,Butte,007,227075,1203,976,17,993,9
2020-08-01,Calaveras,009,45235,149,116,0,116,1
2020-08-01,Colusa,011,21464,386,327,0,327,2
2020-08-01,Contra Costa,013,1133247,10657,7867,29,7896,116
2020-08-01,Del Norte,015,27424,89,68,0,68,0
2020-08-01,El Dorado,017,186661,820,637,5,642,1
2020-08-01,Fresno,019,978130,22174,15448,196,15644,149
2020-08-01,Glenn,021,27897,387,311,0,311,1
2020-08-01,Humboldt,023,135768,271,232,1,233,4
2020-08-01,Imperial,025,180216,10388,7919,6,7925,156
2020-08-01,Inyo,027,18085,82,45,1,46,1
2020-08-01,Kern,029,883053,25270,20796,133,20929,176
2020-08-01,Kings,031,150075,4887,3948,21,3969,47
2020-08-01,Lake,033,64148,238,194,0,194,1
2020-08-01,Lassen,035,31185,644,555,2,557,0
2020-08-01,Los Angeles,037,10098052,205606,191023,572,191595,4674
2020-08-01,Madera,039,155013,2928,2103,5,2108,18
2020-08-01,Marin,041,260295,5476,4945,9,4954,43
2020-08-01,Mariposa,043,17540,61,50,0,50,2
2020-08-01,Mendocino,045,87422,337,243,0,243,1
2020-08-01,Merced,047,269075,6053,3972,3,3975,29
2020-08-01,Modoc,049,8938,7,2,0,2,0
2020-08-01,Mono,051,14174,150,104,1,105,1
2020-08-01,Monterey,053,433212,5713,4611,14,4625,28
2020-08-01,Napa,055,140530,1189,923,0,923,8
2020-08-01,Nevada,057,99092,345,305,13,318,2
2020-08-01,Orange,059,3164182,44061,36703,858,37561,648
2020-08-01,Placer,061,380077,2353,1891,3,1894,14
2020-08-01,Plumas,063,18699,35,25,0,25,0
2020-08-01,Riverside,065,2383286,45842,38216,42,38258,704
2020-08-01,Sacramento,067,1510023,13190,10044,12,10056,141
2020-08-01,San Benito,069,59416,729,579,0,579,2
2020-08-01,San Bernardino,071,2135413,40672,32947,182,33129,440
2020-08-01,San Diego,073,3302833,32917,29579,19,29598,565
2020-08-01,San Francisco,075,870044,7492,6296,6,6302,60
2020-08-01,San Joaquin,077,732212,14965,11807,12,11819,189
2020-08-01,San Luis Obispo,079,281455,2225,1798,8,1806,13
2020-08-01,San Mateo,081,765935,6646,5520,7,5527,115
2020-08-01,Santa Barbara,083,443738,6909,6465,66,6531,59
2020-08-01,Santa Clara,085,1922200,13314,10281,30,10311,171
2020-08-01,Santa Cruz,087,273765,1370,1164,7,1171,4
2020-08-01,Shasta,089,179085,503,312,3,315,9
2020-08-01,Sierra,091,2930,3,1,0,1,0
2020-08-01,Siskiyou,093,43540,99,64,0,64,0
2020-08-01,Solano,095,438530,4363,3591,23,3614,29
2020-08-01,Sonoma,097,501317,3858,2890,7,2897,29
2020-08-01,Stanislaus,099,539301,11939,9221,54,9275,96
2020-08-01,Sutter,101,95872,900,714,1,715,6
2020-08-01,Tehama,103,63373,284,220,2,222,1
2020-08-01,Trinity,105,12862,27,5,6,11,0
2020-08-01,Tulare,107,460477,11512,9520,32,9552,188
2020-08-01,Tuolumne,109,53932,155,123,3,126,0
2020-08-01,Ventura,111,848112,9000,7819,31,7850,73
2020-08-01,Yolo,113,214977,1907,1557,3,1560,37
2020-08-01,Yuba,115,75493,525,387,0,387,1
2020-07-31,Alameda,001,1643700,13942,11441,90,11531,187
2020-07-31,Alpine,003,1148,2,2,0,2,0
2020-07-31,Amador,005,37829,189,98,0,98,0
2020-07-31,Butte,007,227075,1180,925,17,942,7
2020-07-31,Calaveras,009,45235,149,112,0,112,1
2020-07-31,Colusa,011,21464,376,319,0,319,2
2020-07-31,Contra Costa,013,1133247,10509,7697,28,7725,113
2020-07-31,Del Norte,015,27424,88,68,0,68,0
2020-07-31,El Dorado,017,186661,809,616,5,621,1
2020-07-31,Fresno,019,978130,21954,15083,196,15279,133
2020-07-31,Glenn,021,27897,380,304,0,304,1
2020-07-31,Humboldt,023,135768,264,229,1,230,4
2020-07-31,Imperial,025,180216,10356,7886,5,7891,155
2020-07-31,Inyo,027,18085,72,45,1,46,1
2020-07-31,Kern,029,883053,25029,20061,129,20190,173
2020-07-31,Kings,031,150075,4859,3807,21,3828,45
2020-07-31,Lake,033,64148,237,191,0,191,1
2020-07-31,Lassen,035,31185,639,544,2,546,0
2020-07-31,Los Angeles,037,10098052,204008,188688,559,189247,4628
2020-07-31,Madera,039,155013,2881,2036,5,2041,19
2020-07-31,Marin,041,260295,5432,4885,6,4891,43
2020-07-31,Mariposa,043,17540,61,49,0,49,2
2020-07-31,Mendocino,045,87422,322,232,0,232,1
2020-07-31,Merced,047,269075,5970,3789,3,3792,30
2020-07-31,Modoc,049,8938,6,0,0,0,0
2020-07-31,Mono,051,14174,149,104,1,105,1
2020-07-31,Monterey,053,433212,5621,4493,14,4507,24
2020-07-31,Napa,055,140530,1177,897,0,897,7
2020-07-31,Nevada,057,99092,343,302,13,315,2
2020-07-31,Orange,059,3164182,43762,36196,841,37037,620
2020-07-31,Placer,061,380077,2328,1853,3,1856,14
2020-07-31,Plumas,063,18699,34,25,0,25,0
2020-07-31,Riverside,065,2383286,45452,37612,41,37653,694
2020-07-31,Sacramento,067,1510023,13012,9872,12,9884,132
2020-07-31,San Benito,069,59416,721,567,0,567,2
2020-07-31,San Bernardino,071,2135413,40342,32332,181,32513,434
2020-07-31,San Diego,073,3302833,32683,29050,11,29061,561
2020-07-31,San Francisco,075,870044,7393,6126,6,6132,60
2020-07-31,San Joaquin,077,732212,14825,11561,12,11573,177
2020-07-31,San Luis Obispo,079,281455,2156,1746,8,1754,12
2020-07-31,San Mateo,081,765935,6574,5416,7,5423,115
2020-07-31,Santa Barbara,083,443738,6842,6375,66,6441,58
2020-07-31,Santa Clara,085,1922200,13093,9863,30,9893,171
2020-07-31,Santa Cruz,087,273765,1347,1118,7,1125,4
2020-07-31,Shasta,089,179085,493,305,3,308,9
2020-07-31,Sierra,091,2930,3,1,0,1,0
2020-07-31,Siskiyou,093,43540,97,61,0,61,0
2020-07-31,Solano,095,438530,4316,3510,22,3532,29
2020-07-31,Sonoma,097,501317,3800,2745,7,2752,27
2020-07-31,Stanislaus,099,539301,11833,9061,49,9110,94
2020-07-31,Sutter,101,95872,895,714,1,715,6
2020-07-31,Tehama,103,63373,281,213,2,215,1
2020-07-31,Trinity,105,12862,27,5,6,11,0
2020-07-31,Tulare,107,460477,11391,9365,32,9397,184
2020-07-31,Tuolumne,109,53932,155,120,3,123,0
2020-07-31,Ventura,111,848112,8925,7521,31,7552,71
2020-07-31,Yolo,113,214977,1881,1522,3,1525,38
2020-07-31,Yuba,115,75493,516,369,0,369,1
2020-07-30,Alameda,001,1643700,13739,11303,52,11355,185
2020-07-30,Alpine,003,1148,2,2,0,2,0
2020-07-30,Amador,005,37829,171,97,0,97,0
2020-07-30,Butte,007,227075,1164,915,17,932,7
2020-07-30,Calaveras,009,45235,145,111,0,111,1
2020-07-30,Colusa,011,21464,373,315,0,315,2
2020-07-30,Contra Costa,013,1133247,10325,7615,27,7642,112
2020-07-30,Del Norte,015,27424,88,68,0,68,0
2020-07-30,El Dorado,017,186661,802,608,5,613,1
2020-07-30,Fresno,019,978130,21618,14793,190,14983,133
2020-07-30,Glenn,021,27897,373,297,0,297,1
2020-07-30,Humboldt,023,135768,262,228,1,229,4
2020-07-30,Imperial,025,180216,10297,7849,5,7854,151
2020-07-30,Inyo,027,18085,68,44,1,45,1
2020-07-30,Kern,029,883053,24736,19552,125,19677,171
2020-07-30,Kings,031,150075,4755,3785,21,3806,43
2020-07-30,Lake,033,64148,231,181,0,181,1
2020-07-30,Lassen,035,31185,636,544,2,546,0
2020-07-30,Los Angeles,037,10098052,201978,186177,529,186706,4564
2020-07-30,Madera,039,155013,2811,2007,5,2012,18
2020-07-30,Marin,041,260295,5390,4835,5,4840,39
2020-07-30,Mariposa,043,17540,61,49,0,49,1
2020-07-30,Mendocino,045,87422,315,232,0,232,1
2020-07-30,Merced,047,269075,5805,3695,3,3698,30
2020-07-30,Modoc,049,8938,6,0,0,0,0
2020-07-30,Mono,051,14174,148,104,1,105,1
2020-07-30,Monterey,053,433212,5509,4352,14,4366,24
2020-07-30,Napa,055,140530,1160,874,0,874,7
2020-07-30,Nevada,057,99092,338,292,13,305,2
2020-07-30,Orange,059,3164182,43347,36105,817,36922,607
2020-07-30,Placer,061,380077,2277,1821,3,1824,14
2020-07-30,Plumas,063,18699,33,25,0,25,0
2020-07-30,Riverside,065,2383286,44911,37308,41,37349,685
2020-07-30,Sacramento,067,1510023,12793,9704,12,9716,126
2020-07-30,San Benito,069,59416,708,558,0,558,2
2020-07-30,San Bernardino,071,2135413,39819,32010,181,32191,427
2020-07-30,San Diego,073,3302833,32336,28670,9,28679,558
2020-07-30,San Francisco,075,870044,7293,6107,6,6113,59
2020-07-30,San Joaquin,077,732212,14631,11435,12,11447,161
2020-07-30,San Luis Obispo,079,281455,2120,1703,8,1711,12
2020-07-30,San Mateo,081,765935,6479,5369,7,5376,115
2020-07-30,Santa Barbara,083,443738,6762,6273,66,6339,52
2020-07-30,Santa Clara,085,1922200,12859,9708,29,9737,170
2020-07-30,Santa Cruz,087,273765,1319,1087,7,1094,4
2020-07-30,Shasta,089,179085,489,306,3,309,8
2020-07-30,Sierra,091,2930,3,1,0,1,0
2020-07-30,Siskiyou,093,43540,96,60,0,60,0
2020-07-30,Solano,095,438530,4265,3463,22,3485,29
2020-07-30,Sonoma,097,501317,3729,2684,7,2691,25
2020-07-30,Stanislaus,099,539301,11620,8890,41,8931,94
2020-07-30,Sutter,101,95872,876,698,1,699,6
2020-07-30,Tehama,103,63373,278,208,2,210,1
2020-07-30,Trinity,105,12862,26,4,6,10,0
2020-07-30,Tulare,107,460477,11262,9167,32,9199,177
2020-07-30,Tuolumne,109,53932,154,119,3,122,0
2020-07-30,Ventura,111,848112,8813,7304,29,7333,69
2020-07-30,Yolo,113,214977,1861,1511,3,1514,37
2020-07-30,Yuba,115,75493,503,362,0,362,1
2020-07-29,Alameda,001,1643700,13519,11177,47,11224,180
2020-07-29,Alpine,003,1148,2,2,0,2,0
2020-07-29,Amador,005,37829,163,80,0,80,0
2020-07-29,Butte,007,227075,1138,889,15,904,7
2020-07-29,Calaveras,009,45235,139,107,0,107,1
2020-07-29,Colusa,011,21464,369,302,0,302,2
2020-07-29,Contra Costa,013,1133247,10121,7520,27,7547,108
2020-07-29,Del Norte,015,27424,88,68,0,68,0
2020-07-29,El Dorado,017,186661,792,588,5,593,1
2020-07-29,Fresno,019,978130,21326,14312,190,14502,125
2020-07-29,Glenn,021,27897,366,294,0,294,1
2020-07-29,Humboldt,023,135768,259,221,1,222,4
2020-07-29,Imperial,025,180216,10249,7825,5,7830,147
2020-07-29,Inyo,027,18085,63,44,1,45,1
2020-07-29,Kern,029,883053,24398,19073,122,19195,162
2020-07-29,Kings,031,150075,4707,3755,21,3776,43
2020-07-29,Lake,033,64148,229,179,0,179,1
2020-07-29,Lassen,035,31185,621,513,2,515,0
2020-07-29,Los Angeles,037,10098052,199953,183600,512,184112,4523
2020-07-29,Madera,039,155013,2757,1941,5,1946,18
2020-07-29,Marin,041,260295,5352,4747,5,4752,34
2020-07-29,Mariposa,043,17540,60,47,0,47,1
2020-07-29,Mendocino,045,87422,307,228,0,228,0
2020-07-29,Merced,047,269075,5665,3605,3,3608,25
2020-07-29,Modoc,049,8938,5,0,0,0,0
2020-07-29,Mono,051,14174,145,102,1,103,1
2020-07-29,Monterey,053,433212,5409,4252,14,4266,24
2020-07-29,Napa,055,140530,1132,866,0,866,7
2020-07-29,Nevada,057,99092,334,288,13,301,1
2020-07-29,Orange,059,3164182,42913,35339,806,36145,589
2020-07-29,Placer,061,380077,2245,1798,3,1801,14
2020-07-29,Plumas,063,18699,33,25,0,25,0
2020-07-29,Riverside,065,2383286,44319,36968,41,37009,678
2020-07-29,Sacramento,067,1510023,12547,9538,12,9550,122
2020-07-29,San Benito,069,59416,693,537,0,537,2
2020-07-29,San Bernardino,071,2135413,39330,31168,170,31338,417
2020-07-29,San Diego,073,3302833,32011,28289,8,28297,552
2020-07-29,San Francisco,075,870044,7199,6041,6,6047,56
2020-07-29,San Joaquin,077,732212,14383,11249,9,11258,154
2020-07-29,San Luis Obispo,079,281455,2099,1673,8,1681,11
2020-07-29,San Mateo,081,765935,6391,5305,7,5312,114
2020-07-29,Santa Barbara,083,443738,6695,6215,66,6281,31
2020-07-29,Santa Clara,085,1922200,12652,9567,29,9596,165
2020-07-29,Santa Cruz,087,273765,1295,1051,7,1058,4
2020-07-29,Shasta,089,179085,477,297,3,300,8
2020-07-29,Sierra,091,2930,2,1,0,1,0
2020-07-29,Siskiyou,093,43540,94,58,0,58,0
2020-07-29,Solano,095,438530,4211,3380,22,3402,29
2020-07-29,Sonoma,097,501317,3651,2598,7,2605,26
2020-07-29,Stanislaus,099,539301,11399,8745,35,8780,94
2020-07-29,Sutter,101,95872,848,678,1,679,6
2020-07-29,Tehama,103,63373,274,206,2,208,1
2020-07-29,Trinity,105,12862,26,4,6,10,0
2020-07-29,Tulare,107,460477,11091,9028,32,9060,156
2020-07-29,Tuolumne,109,53932,154,118,3,121,0
2020-07-29,Ventura,111,848112,8708,7161,29,7190,68
2020-07-29,Yolo,113,214977,1835,1488,3,1491,36
2020-07-29,Yuba,115,75493,487,350,0,350,1
2020-07-28,Alameda,001,1643700,13290,10875,46,10921,180
2020-07-28,Alpine,003,1148,2,2,0,2,0
2020-07-28,Amador,005,37829,153,77,0,77,0
2020-07-28,Butte,007,227075,1103,857,15,872,7
2020-07-28,Calaveras,009,45235,138,105,0,105,1
2020-07-28,Colusa,011,21464,363,290,0,290,2
2020-07-28,Contra Costa,013,1133247,9899,7426,27,7453,107
2020-07-28,Del Norte,015,27424,87,68,0,68,0
2020-07-28,El Dorado,017,186661,777,558,5,563,1
2020-07-28,Fresno,019,978130,20990,13933,184,14117,125
2020-07-28,Glenn,021,27897,364,289,0,289,1
2020-07-28,Humboldt,023,135768,258,218,1,219,4
2020-07-28,Imperial,025,180216,10213,7804,5,7809,145
2020-07-28,Inyo,027,18085,61,43,1,44,1
2020-07-28,Kern,029,883053,24035,18834,116,18950,155
2020-07-28,Kings,031,150075,4661,3721,21,3742,41
2020-07-28,Lake,033,64148,225,179,0,179,1
2020-07-28,Lassen,035,31185,615,508,2,510,0
2020-07-28,Los Angeles,037,10098052,197722,179107,490,179597,4435
2020-07-28,Madera,039,155013,2691,1889,5,1894,18
2020-07-28,Marin,041,260295,5283,4698,5,4703,23
2020-07-28,Mariposa,043,17540,58,45,0,45,1
2020-07-28,Mendocino,045,87422,296,222,0,222,0
2020-07-28,Merced,047,269075,5520,3446,3,3449,23
2020-07-28,Modoc,049,8938,4,0,0,0,0
2020-07-28,Mono,051,14174,144,102,1,103,1
2020-07-28,Monterey,053,433212,5289,4047,14,4061,22
2020-07-28,Napa,055,140530,1110,824,0,824,6
2020-07-28,Nevada,057,99092,329,278,13,291,1
2020-07-28,Orange,059,3164182,42455,34832,792,35624,582
2020-07-28,Placer,061,380077,2209,1759,3,1762,14
2020-07-28,Plumas,063,18699,33,22,0,22,0
2020-07-28,Riverside,065,2383286,43718,36458,41,36499,668
2020-07-28,Sacramento,067,1510023,12288,9429,11,9440,117
2020-07-28,San Benito,069,59416,683,503,0,503,2
2020-07-28,San Bernardino,071,2135413,38807,30493,166,30659,412
2020-07-28,San Diego,073,3302833,31661,28007,6,28013,547
2020-07-28,San Francisco,075,870044,7086,5888,6,5894,56
2020-07-28,San Joaquin,077,732212,14100,10958,6,10964,141
2020-07-28,San Luis Obispo,079,281455,2066,1636,8,1644,9
2020-07-28,San Mateo,081,765935,6318,5171,7,5178,114
2020-07-28,Santa Barbara,083,443738,6631,6110,64,6174,31
2020-07-28,Santa Clara,085,1922200,12418,9307,29,9336,165
2020-07-28,Santa Cruz,087,273765,1268,1018,7,1025,4
2020-07-28,Shasta,089,179085,465,275,3,278,8
2020-07-28,Sierra,091,2930,2,1,0,1,0
2020-07-28,Siskiyou,093,43540,90,57,0,57,0
2020-07-28,Solano,095,438530,4164,3292,21,3313,29
2020-07-28,Sonoma,097,501317,3577,2553,7,2560,20
2020-07-28,Stanislaus,099,539301,11177,8492,27,8519,92
2020-07-28,Sutter,101,95872,811,653,0,653,2
2020-07-28,Tehama,103,63373,269,199,2,201,1
2020-07-28,Trinity,105,12862,26,3,6,9,0
2020-07-28,Tulare,107,460477,10904,8787,32,8819,96
2020-07-28,Tuolumne,109,53932,153,116,3,119,0
2020-07-28,Ventura,111,848112,8582,7045,28,7073,68
2020-07-28,Yolo,113,214977,1807,1459,3,1462,36
2020-07-28,Yuba,115,75493,470,333,0,333,1
2020-07-27,Alameda,001,1643700,13063,10645,43,10688,176
2020-07-27,Alpine,003,1148,2,2,0,2,0
2020-07-27,Amador,005,37829,148,72,0,72,0
2020-07-27,Butte,007,227075,1076,843,15,858,7
2020-07-27,Calaveras,009,45235,134,103,0,103,1
2020-07-27,Colusa,011,21464,356,271,0,271,2
2020-07-27,Contra Costa,013,1133247,9677,7256,27,7283,104
2020-07-27,Del Norte,015,27424,86,67,0,67,0
2020-07-27,El Dorado,017,186661,765,548,5,553,1
2020-07-27,Fresno,019,978130,20642,13485,178,13663,117
2020-07-27,Glenn,021,27897,362,277,0,277,1
2020-07-27,Humboldt,023,135768,253,218,1,219,4
2020-07-27,Imperial,025,180216,10163,7789,5,7794,144
2020-07-27,Inyo,027,18085,61,43,1,44,1
2020-07-27,Kern,029,883053,23533,17994,110,18104,148
2020-07-27,Kings,031,150075,4412,3685,21,3706,39
2020-07-27,Lake,033,64148,221,176,0,176,1
2020-07-27,Lassen,035,31185,615,503,2,505,0
2020-07-27,Los Angeles,037,10098052,195295,176351,472,176823,4379
2020-07-27,Madera,039,155013,2626,1793,5,1798,17
2020-07-27,Marin,041,260295,5195,4669,5,4674,22
2020-07-27,Mariposa,043,17540,58,43,0,43,1
2020-07-27,Mendocino,045,87422,282,209,0,209,0
2020-07-27,Merced,047,269075,5380,3292,3,3295,23
2020-07-27,Modoc,049,8938,3,0,0,0,0
2020-07-27,Mono,051,14174,140,99,1,100,1
2020-07-27,Monterey,053,433212,5100,3960,14,3974,21
2020-07-27,Napa,055,140530,1095,769,0,769,6
2020-07-27,Nevada,057,99092,325,268,13,281,1
2020-07-27,Orange,059,3164182,42015,34649,776,35425,566
2020-07-27,Placer,061,380077,2159,1679,3,1682,12
2020-07-27,Plumas,063,18699,33,22,0,22,0
2020-07-27,Riverside,065,2383286,43039,35822,41,35863,667
2020-07-27,Sacramento,067,1510023,11995,9091,11,9102,114
2020-07-27,San Benito,069,59416,668,498,0,498,2
2020-07-27,San Bernardino,071,2135413,38215,29928,156,30084,401
2020-07-27,San Diego,073,3302833,31287,27509,5,27514,533
2020-07-27,San Francisco,075,870044,6999,5825,6,5831,55
2020-07-27,San Joaquin,077,732212,13811,10728,6,10734,129
2020-07-27,San Luis Obispo,079,281455,2020,1612,8,1620,9
2020-07-27,San Mateo,081,765935,6209,5108,7,5115,113
2020-07-27,Santa Barbara,083,443738,6552,6026,62,6088,30
2020-07-27,Santa Clara,085,1922200,12149,9157,28,9185,166
2020-07-27,Santa Cruz,087,273765,1244,984,7,991,4
2020-07-27,Shasta,089,179085,458,275,3,278,8
2020-07-27,Sierra,091,2930,2,1,0,1,0
2020-07-27,Siskiyou,093,43540,88,54,0,54,0
2020-07-27,Solano,095,438530,4097,3198,20,3218,29
2020-07-27,Sonoma,097,501317,3486,2504,7,2511,20
2020-07-27,Stanislaus,099,539301,10951,8288,19,8307,84
2020-07-27,Sutter,101,95872,785,620,0,620,2
2020-07-27,Tehama,103,63373,261,192,2,194,1
2020-07-27,Trinity,105,12862,26,3,6,9,0
2020-07-27,Tulare,107,460477,10686,8462,32,8494,172
2020-07-27,Tuolumne,109,53932,150,115,3,118,0
2020-07-27,Ventura,111,848112,8454,6998,27,7025,68
2020-07-27,Yolo,113,214977,1762,1439,3,1442,33
2020-07-27,Yuba,115,75493,450,328,0,328,1
2020-07-26,Alameda,001,1643700,12825,10489,42,10531,176
2020-07-26,Alpine,003,1148,2,2,0,2,0
2020-07-26,Amador,005,37829,142,67,0,67,0
2020-07-26,Butte,007,227075,1039,822,15,837,5
2020-07-26,Calaveras,009,45235,131,103,0,103,1
2020-07-26,Colusa,011,21464,347,270,0,270,2
2020-07-26,Contra Costa,013,1133247,9440,7095,27,7122,104
2020-07-26,Del Norte,015,27424,84,67,0,67,0
2020-07-26,El Dorado,017,186661,747,539,5,544,1
2020-07-26,Fresno,019,978130,20251,13209,170,13379,117
2020-07-26,Glenn,021,27897,354,265,0,265,1
2020-07-26,Humboldt,023,135768,247,214,1,215,4
2020-07-26,Imperial,025,180216,10091,7781,5,7786,144
2020-07-26,Inyo,027,18085,56,43,1,44,1
2020-07-26,Kern,029,883053,23008,17394,107,17501,148
2020-07-26,Kings,031,150075,4353,3591,21,3612,39
2020-07-26,Lake,033,64148,213,174,0,174,1
2020-07-26,Lassen,035,31185,574,503,2,505,0
2020-07-26,Los Angeles,037,10098052,192726,174322,454,174776,4364
2020-07-26,Madera,039,155013,2539,1744,5,1749,17
2020-07-26,Marin,041,260295,5149,4595,5,4600,22
2020-07-26,Mariposa,043,17540,56,43,0,43,1
2020-07-26,Mendocino,045,87422,273,206,0,206,0
2020-07-26,Merced,047,269075,5200,3251,2,3253,23
2020-07-26,Modoc,049,8938,3,0,0,0,0
2020-07-26,Mono,051,14174,136,82,1,83,1
2020-07-26,Monterey,053,433212,4934,3901,14,3915,21
2020-07-26,Napa,055,140530,1076,769,0,769,6
2020-07-26,Nevada,057,99092,322,261,13,274,1
2020-07-26,Orange,059,3164182,41490,34352,745,35097,564
2020-07-26,Placer,061,380077,2095,1628,3,1631,12
2020-07-26,Plumas,063,18699,33,22,0,22,0
2020-07-26,Riverside,065,2383286,42479,35636,41,35677,665
2020-07-26,Sacramento,067,1510023,11690,8972,11,8983,114
2020-07-26,San Benito,069,59416,656,495,0,495,2
2020-07-26,San Bernardino,071,2135413,37574,29545,148,29693,400
2020-07-26,San Diego,073,3302833,30891,26986,4,26990,533
2020-07-26,San Francisco,075,870044,6893,5823,6,5829,55
2020-07-26,San Joaquin,077,732212,13518,10637,6,10643,129
2020-07-26,San Luis Obispo,079,281455,1978,1565,8,1573,8
2020-07-26,San Mateo,081,765935,6104,5078,7,5085,113
2020-07-26,Santa Barbara,083,443738,6451,5939,62,6001,30
2020-07-26,Santa Clara,085,1922200,11920,8986,28,9014,166
2020-07-26,Santa Cruz,087,273765,1217,970,7,977,4
2020-07-26,Shasta,089,179085,451,265,3,268,8
2020-07-26,Sierra,091,2930,2,1,0,1,0
2020-07-26,Siskiyou,093,43540,86,54,0,54,0
2020-07-26,Solano,095,438530,4017,3197,18,3215,29
2020-07-26,Sonoma,097,501317,3397,2503,6,2509,20
2020-07-26,Stanislaus,099,539301,10690,8228,18,8246,84
2020-07-26,Sutter,101,95872,771,612,0,612,2
2020-07-26,Tehama,103,63373,254,175,2,177,1
2020-07-26,Trinity,105,12862,26,3,6,9,0
2020-07-26,Tulare,107,460477,10480,8392,32,8424,172
2020-07-26,Tuolumne,109,53932,145,113,3,116,0
2020-07-26,Ventura,111,848112,8247,6844,27,6871,67
2020-07-26,Yolo,113,214977,1731,1408,3,1411,33
2020-07-26,Yuba,115,75493,431,313,0,313,1
2020-07-25,Alameda,001,1643700,12728,10361,40,10401,176
2020-07-25,Alpine,003,1148,2,2,0,2,0
2020-07-25,Amador,005,37829,139,67,0,67,0
2020-07-25,Butte,007,227075,1030,810,15,825,5
2020-07-25,Calaveras,009,45235,127,103,0,103,1
2020-07-25,Colusa,011,21464,340,265,0,265,2
2020-07-25,Contra Costa,013,1133247,9295,6920,27,6947,104
2020-07-25,Del Norte,015,27424,84,67,0,67,0
2020-07-25,El Dorado,017,186661,736,528,5,533,1
2020-07-25,Fresno,019,978130,20064,12866,170,13036,117
2020-07-25,Glenn,021,27897,352,260,0,260,1
2020-07-25,Humboldt,023,135768,244,212,1,213,4
2020-07-25,Imperial,025,180216,10065,7727,5,7732,144
2020-07-25,Inyo,027,18085,55,43,1,44,1
2020-07-25,Kern,029,883053,22790,16910,106,17016,148
2020-07-25,Kings,031,150075,4336,3516,21,3537,39
2020-07-25,Lake,033,64148,211,173,0,173,1
2020-07-25,Lassen,035,31185,574,503,2,505,0
2020-07-25,Los Angeles,037,10098052,191592,172611,447,173058,4357
2020-07-25,Madera,039,155013,2507,1724,5,1729,17
2020-07-25,Marin,041,260295,5133,4562,5,4567,22
2020-07-25,Mariposa,043,17540,55,43,0,43,1
2020-07-25,Mendocino,045,87422,267,190,0,190,0
2020-07-25,Merced,047,269075,5121,3176,2,3178,23
2020-07-25,Modoc,049,8938,3,0,0,0,0
2020-07-25,Mono,051,14174,136,82,1,83,1
2020-07-25,Monterey,053,433212,4857,3805,14,3819,21
2020-07-25,Napa,055,140530,1063,746,0,746,6
2020-07-25,Nevada,057,99092,320,257,13,270,1
2020-07-25,Orange,059,3164182,41271,33978,724,34702,561
2020-07-25,Placer,061,380077,2079,1596,3,1599,12
2020-07-25,Plumas,063,18699,33,22,0,22,0
2020-07-25,Riverside,065,2383286,42210,34921,41,34962,655
2020-07-25,Sacramento,067,1510023,11544,8674,11,8685,113
2020-07-25,San Benito,069,59416,640,492,0,492,2
2020-07-25,San Bernardino,071,2135413,37296,29265,145,29410,394
2020-07-25,San Diego,073,3302833,30630,26703,3,26706,533
2020-07-25,San Francisco,075,870044,6835,5644,6,5650,55
2020-07-25,San Joaquin,077,732212,13392,10347,5,10352,129
2020-07-25,San Luis Obispo,079,281455,1958,1530,7,1537,8
2020-07-25,San Mateo,081,765935,6041,5023,7,5030,113
2020-07-25,Santa Barbara,083,443738,6416,5880,62,5942,30
2020-07-25,Santa Clara,085,1922200,11786,8767,28,8795,166
2020-07-25,Santa Cruz,087,273765,1200,939,7,946,4
2020-07-25,Shasta,089,179085,446,263,1,264,8
2020-07-25,Sierra,091,2930,2,1,0,1,0
2020-07-25,Siskiyou,093,43540,84,54,0,54,0
2020-07-25,Solano,095,438530,3977,3107,16,3123,29
2020-07-25,Sonoma,097,501317,3358,2412,6,2418,20
2020-07-25,Stanislaus,099,539301,10587,7994,15,8009,84
2020-07-25,Sutter,101,95872,752,603,0,603,2
2020-07-25,Tehama,103,63373,253,169,2,171,1
2020-07-25,Trinity,105,12862,26,3,6,9,0
2020-07-25,Tulare,107,460477,10380,8310,32,8342,172
2020-07-25,Tuolumne,109,53932,144,99,3,102,0
2020-07-25,Ventura,111,848112,8174,6662,27,6689,62
2020-07-25,Yolo,113,214977,1716,1357,3,1360,35
2020-07-25,Yuba,115,75493,425,312,0,312,1
2020-07-24,Alameda,001,1643700,12586,10216,37,10253,176
2020-07-24,Alpine,003,1148,2,2,0,2,0
2020-07-24,Amador,005,37829,137,66,0,66,0
2020-07-24,Butte,007,227075,1018,751,15,766,5
2020-07-24,Calaveras,009,45235,123,102,0,102,0
2020-07-24,Colusa,011,21464,337,255,0,255,2
2020-07-24,Contra Costa,013,1133247,9150,6814,27,6841,100
2020-07-24,Del Norte,015,27424,84,66,0,66,0
2020-07-24,El Dorado,017,186661,714,516,5,521,1
2020-07-24,Fresno,019,978130,19839,12564,170,12734,115
2020-07-24,Glenn,021,27897,349,251,0,251,1
2020-07-24,Humboldt,023,135768,241,210,1,211,4
2020-07-24,Imperial,025,180216,10043,7686,5,7691,141
2020-07-24,Inyo,027,18085,55,41,1,42,1
2020-07-24,Kern,029,883053,22549,16124,106,16230,143
2020-07-24,Kings,031,150075,4306,3471,21,3492,39
2020-07-24,Lake,033,64148,209,167,0,167,1
2020-07-24,Lassen,035,31185,574,503,2,505,0
2020-07-24,Los Angeles,037,10098052,189567,169078,436,169514,4302
2020-07-24,Madera,039,155013,2474,1679,5,1684,16
2020-07-24,Marin,041,260295,5106,4517,5,4522,22
2020-07-24,Mariposa,043,17540,55,41,0,41,1
2020-07-24,Mendocino,045,87422,260,188,0,188,0
2020-07-24,Merced,047,269075,5036,3100,2,3102,23
2020-07-24,Modoc,049,8938,3,0,0,0,0
2020-07-24,Mono,051,14174,135,82,1,83,1
2020-07-24,Monterey,053,433212,4785,3748,14,3762,21
2020-07-24,Napa,055,140530,1050,741,0,741,6
2020-07-24,Nevada,057,99092,317,255,13,268,1
2020-07-24,Orange,059,3164182,40984,33530,708,34238,557
2020-07-24,Placer,061,380077,2048,1551,3,1554,12
2020-07-24,Plumas,063,18699,33,22,0,22,0
2020-07-24,Riverside,065,2383286,41787,34513,40,34553,631
2020-07-24,Sacramento,067,1510023,11356,8570,11,8581,110
2020-07-24,San Benito,069,59416,633,485,0,485,2
2020-07-24,San Bernardino,071,2135413,36923,28990,140,29130,386
2020-07-24,San Diego,073,3302833,30330,26100,3,26103,524
2020-07-24,San Francisco,075,870044,6741,5611,6,5617,55
2020-07-24,San Joaquin,077,732212,13243,10190,5,10195,118
2020-07-24,San Luis Obispo,079,281455,1934,1476,7,1483,8
2020-07-24,San Mateo,081,765935,5978,4954,7,4961,112
2020-07-24,Santa Barbara,083,443738,6363,5776,60,5836,30
2020-07-24,Santa Clara,085,1922200,11621,8658,28,8686,165
2020-07-24,Santa Cruz,087,273765,1180,930,7,937,4
2020-07-24,Shasta,089,179085,438,262,1,263,8
2020-07-24,Sierra,091,2930,2,1,0,1,0
2020-07-24,Siskiyou,093,43540,84,53,0,53,0
2020-07-24,Solano,095,438530,3941,3062,13,3075,29
2020-07-24,Sonoma,097,501317,3306,2345,6,2351,20
2020-07-24,Stanislaus,099,539301,10415,7861,12,7873,82
2020-07-24,Sutter,101,95872,741,593,0,593,2
2020-07-24,Tehama,103,63373,245,170,2,172,1
2020-07-24,Trinity,105,12862,25,3,6,9,0
2020-07-24,Tulare,107,460477,10286,8167,30,8197,167
2020-07-24,Tuolumne,109,53932,138,99,3,102,0
2020-07-24,Ventura,111,848112,8089,6553,27,6580,60
2020-07-24,Yolo,113,214977,1702,1329,3,1332,35
2020-07-24,Yuba,115,75493,410,307,0,307,1
2020-07-23,Alameda,001,1643700,12344,9924,37,9961,171
2020-07-23,Alpine,003,1148,2,2,0,2,0
2020-07-23,Amador,005,37829,120,61,0,61,0
2020-07-23,Butte,007,227075,1003,726,14,740,5
2020-07-23,Calaveras,009,45235,116,102,0,102,0
2020-07-23,Colusa,011,21464,329,242,0,242,2
2020-07-23,Contra Costa,013,1133247,8951,6619,25,6644,98
2020-07-23,Del Norte,015,27424,84,66,0,66,0
2020-07-23,El Dorado,017,186661,703,491,5,496,1
2020-07-23,Fresno,019,978130,19483,12164,167,12331,112
2020-07-23,Glenn,021,27897,344,246,0,246,1
2020-07-23,Humboldt,023,135768,240,208,1,209,4
2020-07-23,Imperial,025,180216,9993,7604,5,7609,138
2020-07-23,Inyo,027,18085,53,38,1,39,1
2020-07-23,Kern,029,883053,22142,14491,102,14593,128
2020-07-23,Kings,031,150075,4194,3371,21,3392,39
2020-07-23,Lake,033,64148,200,160,0,160,1
2020-07-23,Lassen,035,31185,571,503,2,505,0
2020-07-23,Los Angeles,037,10098052,187017,167198,410,167608,4265
2020-07-23,Madera,039,155013,2408,1659,4,1663,13
2020-07-23,Marin,041,260295,5054,4423,5,4428,22
2020-07-23,Mariposa,043,17540,55,40,0,40,1
2020-07-23,Mendocino,045,87422,250,178,0,178,0
2020-07-23,Merced,047,269075,4879,2972,2,2974,22
2020-07-23,Modoc,049,8938,3,0,0,0,0
2020-07-23,Mono,051,14174,131,82,1,83,1
2020-07-23,Monterey,053,433212,4668,3655,14,3669,21
2020-07-23,Napa,055,140530,1026,713,0,713,5
2020-07-23,Nevada,057,99092,314,247,13,260,1
2020-07-23,Orange,059,3164182,40487,32863,678,33541,544
2020-07-23,Placer,061,380077,2004,1519,3,1522,12
2020-07-23,Plumas,063,18699,32,21,0,21,0
2020-07-23,Riverside,065,2383286,41182,33833,40,33873,630
2020-07-23,Sacramento,067,1510023,11123,8222,11,8233,108
2020-07-23,San Benito,069,59416,618,478,0,478,2
2020-07-23,San Bernardino,071,2135413,36403,28121,134,28255,369
2020-07-23,San Diego,073,3302833,29956,25109,3,25112,505
2020-07-23,San Francisco,075,870044,6640,5543,6,5549,55
2020-07-23,San Joaquin,077,732212,13024,9861,5,9866,111
2020-07-23,San Luis Obispo,079,281455,1905,1438,7,1445,7
2020-07-23,San Mateo,081,765935,5873,4895,7,4902,113
2020-07-23,Santa Barbara,083,443738,6290,5628,60,5688,30
2020-07-23,Santa Clara,085,1922200,11402,8458,28,8486,165
2020-07-23,Santa Cruz,087,273765,1144,887,7,894,3
2020-07-23,Shasta,089,179085,427,254,1,255,9
2020-07-23,Sierra,091,2930,2,1,0,1,0
2020-07-23,Siskiyou,093,43540,82,53,0,53,0
2020-07-23,Solano,095,438530,3877,2962,11,2973,29
2020-07-23,Sonoma,097,501317,3230,2289,6,2295,18
2020-07-23,Stanislaus,099,539301,10173,7603,12,7615,71
2020-07-23,Sutter,101,95872,708,570,0,570,2
2020-07-23,Tehama,103,63373,239,158,2,160,1
2020-07-23,Trinity,105,12862,24,3,6,9,0
2020-07-23,Tulare,107,460477,10097,7898,30,7928,168
2020-07-23,Tuolumne,109,53932,138,93,3,96,0
2020-07-23,Ventura,111,848112,7965,6303,27,6330,56
2020-07-23,Yolo,113,214977,1683,1279,3,1282,35
2020-07-23,Yuba,115,75493,390,297,0,297,1
2020-07-22,Alameda,001,1643700,12126,9678,36,9714,169
2020-07-22,Alpine,003,1148,2,2,0,2,0
2020-07-22,Amador,005,37829,118,58,0,58,0
2020-07-22,Butte,007,227075,967,694,14,708,5
2020-07-22,Calaveras,009,45235,116,98,0,98,0
2020-07-22,Colusa,011,21464,322,236,0,236,0
2020-07-22,Contra Costa,013,1133247,8725,6401,25,6426,98
2020-07-22,Del Norte,015,27424,84,66,0,66,0
2020-07-22,El Dorado,017,186661,690,466,5,471,1
2020-07-22,Fresno,019,978130,19120,11756,161,11917,110
2020-07-22,Glenn,021,27897,338,236,0,236,1
2020-07-22,Humboldt,023,135768,238,201,1,202,4
2020-07-22,Imperial,025,180216,9933,7533,5,7538,134
2020-07-22,Inyo,027,18085,49,38,1,39,1
2020-07-22,Kern,029,883053,21710,13513,94,13607,127
2020-07-22,Kings,031,150075,4138,3271,21,3292,38
2020-07-22,Lake,033,64148,197,160,0,160,1
2020-07-22,Lassen,035,31185,568,500,2,502,0
2020-07-22,Los Angeles,037,10098052,184367,165242,389,165631,4218
2020-07-22,Madera,039,155013,2333,1578,4,1582,10
2020-07-22,Marin,041,260295,4998,4373,5,4378,23
2020-07-22,Mariposa,043,17540,55,38,0,38,1
2020-07-22,Mendocino,045,87422,243,166,0,166,0
2020-07-22,Merced,047,269075,4753,2828,2,2830,15
2020-07-22,Modoc,049,8938,3,0,0,0,0
2020-07-22,Mono,051,14174,128,82,1,83,1
2020-07-22,Monterey,053,433212,4567,3533,14,3547,20
2020-07-22,Napa,055,140530,1004,687,0,687,5
2020-07-22,Nevada,057,99092,308,239,12,251,1
2020-07-22,Orange,059,3164182,39988,32047,669,32716,522
2020-07-22,Placer,061,380077,1948,1469,3,1472,12
2020-07-22,Plumas,063,18699,31,20,0,20,0
2020-07-22,Riverside,065,2383286,40546,33093,40,33133,612
2020-07-22,Sacramento,067,1510023,10861,8028,11,8039,106
2020-07-22,San Benito,069,59416,604,465,0,465,2
2020-07-22,San Bernardino,071,2135413,35881,26820,123,26943,348
2020-07-22,San Diego,073,3302833,29568,25109,2,25111,505
2020-07-22,San Francisco,075,870044,6536,5473,5,5478,53
2020-07-22,San Joaquin,077,732212,12748,9628,5,9633,102
2020-07-22,San Luis Obispo,079,281455,1859,1373,7,1380,7
2020-07-22,San Mateo,081,765935,5784,4796,7,4803,112
2020-07-22,Santa Barbara,083,443738,6206,5508,58,5566,29
2020-07-22,Santa Clara,085,1922200,11158,8266,28,8294,166
2020-07-22,Santa Cruz,087,273765,1120,866,7,873,3
2020-07-22,Shasta,089,179085,417,246,1,247,9
2020-07-22,Sierra,091,2930,1,1,0,1,0
2020-07-22,Siskiyou,093,43540,81,52,0,52,0
2020-07-22,Solano,095,438530,3816,2839,10,2849,29
2020-07-22,Sonoma,097,501317,3153,2255,6,2261,17
2020-07-22,Stanislaus,099,539301,10002,7401,12,7413,71
2020-07-22,Sutter,101,95872,684,551,0,551,2
2020-07-22,Tehama,103,63373,231,155,2,157,1
2020-07-22,Trinity,105,12862,23,3,6,9,0
2020-07-22,Tulare,107,460477,9864,7640,30,7670,167
2020-07-22,Tuolumne,109,53932,134,91,3,94,0
2020-07-22,Ventura,111,848112,7837,6223,25,6248,56
2020-07-22,Yolo,113,214977,1640,1233,3,1236,34
2020-07-22,Yuba,115,75493,375,288,0,288,1
2020-07-21,Alameda,001,1643700,11912,9390,36,9426,166
2020-07-21,Alpine,003,1148,2,2,0,2,0
2020-07-21,Amador,005,37829,113,55,0,55,0
2020-07-21,Butte,007,227075,922,659,13,672,5
2020-07-21,Calaveras,009,45235,110,96,0,96,0
2020-07-21,Colusa,011,21464,298,227,0,227,0
2020-07-21,Contra Costa,013,1133247,8483,6210,25,6235,98
2020-07-21,Del Norte,015,27424,84,66,0,66,0
2020-07-21,El Dorado,017,186661,682,440,5,445,1
2020-07-21,Fresno,019,978130,18720,11412,155,11567,107
2020-07-21,Glenn,021,27897,331,229,0,229,1
2020-07-21,Humboldt,023,135768,236,198,1,199,4
2020-07-21,Imperial,025,180216,9884,7458,5,7463,128
2020-07-21,Inyo,027,18085,48,38,1,39,1
2020-07-21,Kern,029,883053,21288,11998,88,12086,119
2020-07-21,Kings,031,150075,4073,3187,20,3207,38
2020-07-21,Lake,033,64148,197,157,0,157,1
2020-07-21,Lassen,035,31185,566,474,2,476,0
2020-07-21,Los Angeles,037,10098052,181377,162205,367,162572,4159
2020-07-21,Madera,039,155013,2268,1508,3,1511,10
2020-07-21,Marin,041,260295,4926,4318,5,4323,21
2020-07-21,Mariposa,043,17540,54,37,0,37,1
2020-07-21,Mendocino,045,87422,232,160,0,160,0
2020-07-21,Merced,047,269075,4574,2725,2,2727,15
2020-07-21,Modoc,049,8938,3,0,0,0,0
2020-07-21,Mono,051,14174,124,79,1,80,1
2020-07-21,Monterey,053,433212,4435,3404,13,3417,20
2020-07-21,Napa,055,140530,977,660,0,660,5
2020-07-21,Nevada,057,99092,306,228,10,238,1
2020-07-21,Orange,059,3164182,39492,31356,637,31993,515
2020-07-21,Placer,061,380077,1907,1413,3,1416,11
2020-07-21,Plumas,063,18699,31,19,0,19,0
2020-07-21,Riverside,065,2383286,39844,32231,40,32271,583
2020-07-21,Sacramento,067,1510023,10589,7789,10,7799,102
2020-07-21,San Benito,069,59416,593,444,0,444,2
2020-07-21,San Bernardino,071,2135413,35233,25323,116,25439,343
2020-07-21,San Diego,073,3302833,29119,24522,2,24524,487
2020-07-21,San Francisco,075,870044,6427,5377,5,5382,53
2020-07-21,San Joaquin,077,732212,12419,9150,5,9155,99
2020-07-21,San Luis Obispo,079,281455,1810,1338,7,1345,7
2020-07-21,San Mateo,081,765935,5692,4733,7,4740,111
2020-07-21,Santa Barbara,083,443738,6126,5422,57,5479,29
2020-07-21,Santa Clara,085,1922200,10895,7989,28,8017,164
2020-07-21,Santa Cruz,087,273765,1087,835,7,842,3
2020-07-21,Shasta,089,179085,409,241,1,242,9
2020-07-21,Sierra,091,2930,1,1,0,1,0
2020-07-21,Siskiyou,093,43540,81,48,0,48,0
2020-07-21,Solano,095,438530,3743,2727,10,2737,27
2020-07-21,Sonoma,097,501317,3096,2200,6,2206,17
2020-07-21,Stanislaus,099,539301,9739,6984,12,6996,69
2020-07-21,Sutter,101,95872,668,533,0,533,2
2020-07-21,Tehama,103,63373,221,150,2,152,1
2020-07-21,Trinity,105,12862,23,2,6,8,0
2020-07-21,Tulare,107,460477,9662,7447,30,7477,167
2020-07-21,Tuolumne,109,53932,132,75,3,78,0
2020-07-21,Ventura,111,848112,7705,6131,25,6156,55
2020-07-21,Yolo,113,214977,1586,1204,3,1207,34
2020-07-21,Yuba,115,75493,369,269,0,269,1
2020-07-20,Alameda,001,1643700,11657,9244,35,9279,162
2020-07-20,Alpine,003,1148,2,2,0,2,0
2020-07-20,Amador,005,37829,110,53,0,53,0
2020-07-20,Butte,007,227075,885,586,13,599,4
2020-07-20,Calaveras,009,45235,107,90,0,90,0
2020-07-20,Colusa,011,21464,287,217,0,217,0
2020-07-20,Contra Costa,013,1133247,8275,5823,25,5848,97
2020-07-20,Del Norte,015,27424,84,61,0,61,0
2020-07-20,El Dorado,017,186661,659,407,5,412,0
2020-07-20,Fresno,019,978130,18278,10891,154,11045,106
2020-07-20,Glenn,021,27897,323,225,0,225,1
2020-07-20,Humboldt,023,135768,229,194,1,195,4
2020-07-20,Imperial,025,180216,9844,7337,5,7342,124
2020-07-20,Inyo,027,18085,46,38,1,39,1
2020-07-20,Kern,029,883053,20778,10908,84,10992,118
2020-07-20,Kings,031,150075,4023,3093,20,3113,37
2020-07-20,Lake,033,64148,194,147,0,147,1
2020-07-20,Lassen,035,31185,564,474,2,476,0
2020-07-20,Los Angeles,037,10098052,178415,159202,341,159543,4108
2020-07-20,Madera,039,155013,2193,1433,3,1436,10
2020-07-20,Marin,041,260295,4844,4255,5,4260,21
2020-07-20,Mariposa,043,17540,53,36,0,36,1
2020-07-20,Mendocino,045,87422,219,153,0,153,0
2020-07-20,Merced,047,269075,4404,2584,2,2586,15
2020-07-20,Modoc,049,8938,3,0,0,0,0
2020-07-20,Mono,051,14174,118,78,1,79,1
2020-07-20,Monterey,053,433212,4329,3205,13,3218,19
2020-07-20,Napa,055,140530,942,632,0,632,5
2020-07-20,Nevada,057,99092,298,218,10,228,1
2020-07-20,Orange,059,3164182,38882,30337,607,30944,507
2020-07-20,Placer,061,380077,1856,1364,3,1367,11
2020-07-20,Plumas,063,18699,30,17,0,17,0
2020-07-20,Riverside,065,2383286,39013,31163,40,31203,581
2020-07-20,Sacramento,067,1510023,10261,7369,10,7379,99
2020-07-20,San Benito,069,59416,575,433,0,433,2
2020-07-20,San Bernardino,071,2135413,34423,24226,112,24338,338
2020-07-20,San Diego,073,3302833,28677,24137,2,24139,478
2020-07-20,San Francisco,075,870044,6306,5090,5,5095,53
2020-07-20,San Joaquin,077,732212,12063,8583,5,8588,97
2020-07-20,San Luis Obispo,079,281455,1768,1282,7,1289,6
2020-07-20,San Mateo,081,765935,5592,4609,7,4616,111
2020-07-20,Santa Barbara,083,443738,6016,5266,55,5321,29
2020-07-20,Santa Clara,085,1922200,10667,7711,27,7738,164
2020-07-20,Santa Cruz,087,273765,1055,758,7,765,3
2020-07-20,Shasta,089,179085,394,233,1,234,9
2020-07-20,Sierra,091,2930,1,1,0,1,0
2020-07-20,Siskiyou,093,43540,77,42,0,42,0
2020-07-20,Solano,095,438530,3660,2537,10,2547,26
2020-07-20,Sonoma,097,501317,2989,2148,6,2154,17
2020-07-20,Stanislaus,099,539301,9455,6835,12,6847,58
2020-07-20,Sutter,101,95872,635,507,0,507,2
2020-07-20,Tehama,103,63373,211,146,2,148,1
2020-07-20,Trinity,105,12862,23,2,6,8,0
2020-07-20,Tulare,107,460477,9428,6974,30,7004,166
2020-07-20,Tuolumne,109,53932,131,75,3,78,0
2020-07-20,Ventura,111,848112,7571,5912,25,5937,52
2020-07-20,Yolo,113,214977,1546,1155,3,1158,30
2020-07-20,Yuba,115,75493,349,258,0,258,1
2020-07-19,Alameda,001,1643700,11416,9227,29,9256,162
2020-07-19,Alpine,003,1148,2,2,0,2,0
2020-07-19,Amador,005,37829,103,51,0,51,0
2020-07-19,Butte,007,227075,860,555,13,568,4
2020-07-19,Calaveras,009,45235,105,89,0,89,0
2020-07-19,Colusa,011,21464,279,187,0,187,0
2020-07-19,Contra Costa,013,1133247,7984,5691,23,5714,95
2020-07-19,Del Norte,015,27424,83,61,0,61,0
2020-07-19,El Dorado,017,186661,641,385,5,390,0
2020-07-19,Fresno,019,978130,17754,10639,142,10781,106
2020-07-19,Glenn,021,27897,309,215,0,215,0
2020-07-19,Humboldt,023,135768,221,195,1,196,4
2020-07-19,Imperial,025,180216,9753,7280,5,7285,124
2020-07-19,Inyo,027,18085,42,38,1,39,1
2020-07-19,Kern,029,883053,20161,10094,77,10171,115
2020-07-19,Kings,031,150075,3937,3035,20,3055,37
2020-07-19,Lake,033,64148,189,144,0,144,1
2020-07-19,Lassen,035,31185,545,474,2,476,0
2020-07-19,Los Angeles,037,10098052,174968,156039,318,156357,4100
2020-07-19,Madera,039,155013,2116,1301,3,1304,10
2020-07-19,Marin,041,260295,4789,4172,5,4177,21
2020-07-19,Mariposa,043,17540,49,35,0,35,1
2020-07-19,Mendocino,045,87422,214,137,0,137,0
2020-07-19,Merced,047,269075,4197,2460,2,2462,15
2020-07-19,Modoc,049,8938,3,0,0,0,0
2020-07-19,Mono,051,14174,107,63,1,64,1
2020-07-19,Monterey,053,433212,4210,3079,13,3092,18
2020-07-19,Napa,055,140530,913,612,0,612,5
2020-07-19,Nevada,057,99092,292,210,10,220,1
2020-07-19,Orange,059,3164182,38318,29941,594,30535,505
2020-07-19,Placer,061,380077,1809,1246,3,1249,11
2020-07-19,Plumas,063,18699,30,17,0,17,0
2020-07-19,Riverside,065,2383286,38308,30340,40,30380,581
2020-07-19,Sacramento,067,1510023,9868,6985,10,6995,97
2020-07-19,San Benito,069,59416,559,412,0,412,2
2020-07-19,San Bernardino,071,2135413,33650,23928,100,24028,337
2020-07-19,San Diego,073,3302833,28176,23684,2,23686,478
2020-07-19,San Francisco,075,870044,6160,5094,5,5099,52
2020-07-19,San Joaquin,077,732212,11657,8308,5,8313,93
2020-07-19,San Luis Obispo,079,281455,1724,1262,7,1269,6
2020-07-19,San Mateo,081,765935,5488,4522,7,4529,110
2020-07-19,Santa Barbara,083,443738,5914,5145,52,5197,29
2020-07-19,Santa Clara,085,1922200,10423,7403,27,7430,164
2020-07-19,Santa Cruz,087,273765,1011,753,7,760,3
2020-07-19,Shasta,089,179085,381,218,1,219,9
2020-07-19,Sierra,091,2930,1,1,0,1,0
2020-07-19,Siskiyou,093,43540,75,42,0,42,0
2020-07-19,Solano,095,438530,3555,2551,10,2561,26
2020-07-19,Sonoma,097,501317,2889,2074,6,2080,17
2020-07-19,Stanislaus,099,539301,9159,6508,12,6520,58
2020-07-19,Sutter,101,95872,604,480,0,480,2
2020-07-19,Tehama,103,63373,207,138,2,140,1
2020-07-19,Trinity,105,12862,23,2,6,8,0
2020-07-19,Tulare,107,460477,9180,6856,30,6886,166
2020-07-19,Tuolumne,109,53932,126,75,3,78,0
2020-07-19,Ventura,111,848112,7381,5706,25,5731,52
2020-07-19,Yolo,113,214977,1506,1127,3,1130,30
2020-07-19,Yuba,115,75493,329,240,0,240,1
2020-07-18,Alameda,001,1643700,11279,9089,28,9117,162
2020-07-18,Alpine,003,1148,2,2,0,2,0
2020-07-18,Amador,005,37829,99,49,0,49,0
2020-07-18,Butte,007,227075,851,551,13,564,4
2020-07-18,Calaveras,009,45235,101,89,0,89,0
2020-07-18,Colusa,011,21464,274,182,0,182,0
2020-07-18,Contra Costa,013,1133247,7850,5617,23,5640,95
2020-07-18,Del Norte,015,27424,83,61,0,61,0
2020-07-18,El Dorado,017,186661,638,385,5,390,0
2020-07-18,Fresno,019,978130,17505,10381,140,10521,106
2020-07-18,Glenn,021,27897,303,212,0,212,0
2020-07-18,Humboldt,023,135768,218,189,1,190,4
2020-07-18,Imperial,025,180216,9722,7268,5,7273,124
2020-07-18,Inyo,027,18085,42,38,1,39,1
2020-07-18,Kern,029,883053,19858,9250,74,9324,114
2020-07-18,Kings,031,150075,3897,2996,19,3015,37
2020-07-18,Lake,033,64148,186,142,0,142,1
2020-07-18,Lassen,035,31185,544,474,2,476,0
2020-07-18,Los Angeles,037,10098052,173523,153265,308,153573,4088
2020-07-18,Madera,039,155013,2070,1260,3,1263,9
2020-07-18,Marin,041,260295,4760,4089,5,4094,21
2020-07-18,Mariposa,043,17540,49,35,0,35,1
2020-07-18,Mendocino,045,87422,208,137,0,137,0
2020-07-18,Merced,047,269075,4078,2424,2,2426,15
2020-07-18,Modoc,049,8938,3,0,0,0,0
2020-07-18,Mono,051,14174,105,54,1,55,1
2020-07-18,Monterey,053,433212,4142,3020,13,3033,17
2020-07-18,Napa,055,140530,902,609,0,609,5
2020-07-18,Nevada,057,99092,288,204,9,213,1
2020-07-18,Orange,059,3164182,37999,29603,574,30177,493
2020-07-18,Placer,061,380077,1786,1233,3,1236,11
2020-07-18,Plumas,063,18699,30,17,0,17,0
2020-07-18,Riverside,065,2383286,37954,30245,39,30284,581
2020-07-18,Sacramento,067,1510023,9623,6739,10,6749,95
2020-07-18,San Benito,069,59416,544,407,0,407,2
2020-07-18,San Bernardino,071,2135413,33190,23680,93,23773,336
2020-07-18,San Diego,073,3302833,27873,23116,2,23118,478
2020-07-18,San Francisco,075,870044,6058,5051,5,5056,52
2020-07-18,San Joaquin,077,732212,11444,8118,5,8123,93
2020-07-18,San Luis Obispo,079,281455,1689,1234,7,1241,6
2020-07-18,San Mateo,081,765935,5428,4488,7,4495,110
2020-07-18,Santa Barbara,083,443738,5854,5110,50,5160,29
2020-07-18,Santa Clara,085,1922200,10274,7255,26,7281,164
2020-07-18,Santa Cruz,087,273765,994,751,7,758,3
2020-07-18,Shasta,089,179085,372,216,1,217,9
2020-07-18,Sierra,091,2930,1,1,0,1,0
2020-07-18,Siskiyou,093,43540,71,42,0,42,0
2020-07-18,Solano,095,438530,3514,2503,10,2513,26
2020-07-18,Sonoma,097,501317,2838,2019,6,2025,15
2020-07-18,Stanislaus,099,539301,9024,6344,12,6356,58
2020-07-18,Sutter,101,95872,598,473,0,473,2
2020-07-18,Tehama,103,63373,202,136,2,138,1
2020-07-18,Trinity,105,12862,23,2,6,8,0
2020-07-18,Tulare,107,460477,9089,6810,29,6839,167
2020-07-18,Tuolumne,109,53932,123,75,3,78,0
2020-07-18,Ventura,111,848112,7299,5630,25,5655,52
2020-07-18,Yolo,113,214977,1478,1077,3,1080,30
2020-07-18,Yuba,115,75493,318,237,0,237,1
2020-07-17,Alameda,001,1643700,11138,8893,27,8920,160
2020-07-17,Alpine,003,1148,2,1,0,1,0
2020-07-17,Amador,005,37829,97,48,0,48,0
2020-07-17,Butte,007,227075,837,497,13,510,4
2020-07-17,Calaveras,009,45235,99,86,0,86,0
2020-07-17,Colusa,011,21464,272,146,0,146,0
2020-07-17,Contra Costa,013,1133247,7702,5483,23,5506,93
2020-07-17,Del Norte,015,27424,82,60,0,60,0
2020-07-17,El Dorado,017,186661,622,368,5,373,0
2020-07-17,Fresno,019,978130,17207,9954,140,10094,104
2020-07-17,Glenn,021,27897,296,203,0,203,0
2020-07-17,Humboldt,023,135768,217,185,1,186,4
2020-07-17,Imperial,025,180216,9700,7193,5,7198,120
2020-07-17,Inyo,027,18085,42,38,1,39,1
2020-07-17,Kern,029,883053,19538,8291,73,8364,113
2020-07-17,Kings,031,150075,3858,2978,19,2997,37
2020-07-17,Lake,033,64148,184,139,0,139,1
2020-07-17,Lassen,035,31185,525,391,2,393,0
2020-07-17,Los Angeles,037,10098052,171151,150481,296,150777,4052
2020-07-17,Madera,039,155013,2026,1214,3,1217,9
2020-07-17,Marin,041,260295,4723,3839,5,3844,21
2020-07-17,Mariposa,043,17540,47,35,0,35,1
2020-07-17,Mendocino,045,87422,200,126,0,126,0
2020-07-17,Merced,047,269075,4002,2328,2,2330,12
2020-07-17,Modoc,049,8938,2,0,0,0,0
2020-07-17,Mono,051,14174,100,54,1,55,1
2020-07-17,Monterey,053,433212,4013,2922,13,2935,18
2020-07-17,Napa,055,140530,888,598,0,598,5
2020-07-17,Nevada,057,99092,281,200,9,209,1
2020-07-17,Orange,059,3164182,37536,28962,541,29503,485
2020-07-17,Placer,061,380077,1757,1207,3,1210,11
2020-07-17,Plumas,063,18699,27,16,0,16,0
2020-07-17,Riverside,065,2383286,37355,29639,39,29678,580
2020-07-17,Sacramento,067,1510023,9379,6563,10,6573,95
2020-07-17,San Benito,069,59416,529,399,0,399,2
2020-07-17,San Bernardino,071,2135413,32670,23057,90,23147,322
2020-07-17,San Diego,073,3302833,27485,22491,2,22493,472
2020-07-17,San Francisco,075,870044,5964,4967,5,4972,52
2020-07-17,San Joaquin,077,732212,11200,7925,5,7930,86
2020-07-17,San Luis Obispo,079,281455,1652,1190,7,1197,6
2020-07-17,San Mateo,081,765935,5331,4407,7,4414,110
2020-07-17,Santa Barbara,083,443738,5782,5001,49,5050,29
2020-07-17,Santa Clara,085,1922200,10056,7080,26,7106,164
2020-07-17,Santa Cruz,087,273765,972,716,7,723,3
2020-07-17,Shasta,089,179085,360,213,1,214,8
2020-07-17,Sierra,091,2930,1,1,0,1,0
2020-07-17,Siskiyou,093,43540,70,40,0,40,0
2020-07-17,Solano,095,438530,3465,2452,10,2462,26
2020-07-17,Sonoma,097,501317,2789,1982,6,1988,15
2020-07-17,Stanislaus,099,539301,8850,6220,12,6232,56
2020-07-17,Sutter,101,95872,585,458,0,458,2
2020-07-17,Tehama,103,63373,198,128,2,130,1
2020-07-17,Trinity,105,12862,23,2,6,8,0
2020-07-17,Tulare,107,460477,8953,6671,29,6700,166
2020-07-17,Tuolumne,109,53932,122,73,3,76,0
2020-07-17,Ventura,111,848112,7215,5451,25,5476,51
2020-07-17,Yolo,113,214977,1454,1055,3,1058,30
2020-07-17,Yuba,115,75493,308,231,0,231,1
2020-07-16,Alameda,001,1643700,10904,8719,22,8741,153
2020-07-16,Alpine,003,1148,2,1,0,1,0
2020-07-16,Amador,005,37829,94,46,0,46,0
2020-07-16,Butte,007,227075,800,465,12,477,4
2020-07-16,Calaveras,009,45235,97,82,0,82,0
2020-07-16,Colusa,011,21464,263,140,0,140,0
2020-07-16,Contra Costa,013,1133247,7489,5338,17,5355,91
2020-07-16,Del Norte,015,27424,82,60,0,60,0
2020-07-16,El Dorado,017,186661,605,357,5,362,0
2020-07-16,Fresno,019,978130,16696,9481,131,9612,101
2020-07-16,Glenn,021,27897,287,190,0,190,0
2020-07-16,Humboldt,023,135768,215,184,1,185,4
2020-07-16,Imperial,025,180216,9606,7148,5,7153,113
2020-07-16,Inyo,027,18085,42,38,1,39,1
2020-07-16,Kern,029,883053,19016,7435,71,7506,112
2020-07-16,Kings,031,150075,3691,2937,19,2956,37
2020-07-16,Lake,033,64148,179,128,0,128,1
2020-07-16,Lassen,035,31185,524,355,2,357,0
2020-07-16,Los Angeles,037,10098052,167929,147759,271,148030,3994
2020-07-16,Madera,039,155013,1962,1192,3,1195,8
2020-07-16,Marin,041,260295,4651,3546,5,3551,21
2020-07-16,Mariposa,043,17540,45,34,0,34,1
2020-07-16,Mendocino,045,87422,195,121,0,121,0
2020-07-16,Merced,047,269075,3840,2228,2,2230,12
2020-07-16,Modoc,049,8938,1,0,0,0,0
2020-07-16,Mono,051,14174,97,53,1,54,1
2020-07-16,Monterey,053,433212,3908,2857,12,2869,18
2020-07-16,Napa,055,140530,859,581,0,581,5
2020-07-16,Nevada,057,99092,278,191,9,200,1
2020-07-16,Orange,059,3164182,36834,28525,505,29030,471
2020-07-16,Placer,061,380077,1709,1168,3,1171,11
2020-07-16,Plumas,063,18699,25,16,0,16,0
2020-07-16,Riverside,065,2383286,36610,28904,37,28941,577
2020-07-16,Sacramento,067,1510023,9066,6440,9,6449,91
2020-07-16,San Benito,069,59416,512,389,0,389,2
2020-07-16,San Bernardino,071,2135413,31808,22355,72,22427,321
2020-07-16,San Diego,073,3302833,26998,21857,2,21859,465
2020-07-16,San Francisco,075,870044,5823,4838,5,4843,52
2020-07-16,San Joaquin,077,732212,10838,7713,5,7718,82
2020-07-16,San Luis Obispo,079,281455,1608,1146,7,1153,6
2020-07-16,San Mateo,081,765935,5227,4336,7,4343,110
2020-07-16,Santa Barbara,083,443738,5687,4872,48,4920,28
2020-07-16,Santa Clara,085,1922200,9776,6990,24,7014,164
2020-07-16,Santa Cruz,087,273765,931,698,7,705,3
2020-07-16,Shasta,089,179085,345,208,1,209,7
2020-07-16,Sierra,091,2930,1,1,0,1,0
2020-07-16,Siskiyou,093,43540,67,39,0,39,0
2020-07-16,Solano,095,438530,3371,2372,10,2382,25
2020-07-16,Sonoma,097,501317,2699,1954,6,1960,14
2020-07-16,Stanislaus,099,539301,8567,6077,11,6088,56
2020-07-16,Sutter,101,95872,569,444,0,444,2
2020-07-16,Tehama,103,63373,188,126,2,128,1
2020-07-16,Trinity,105,12862,23,2,5,7,0
2020-07-16,Tulare,107,460477,8737,6467,28,6495,163
2020-07-16,Tuolumne,109,53932,117,71,3,74,0
2020-07-16,Ventura,111,848112,7053,5231,25,5256,50
2020-07-16,Yolo,113,214977,1412,1034,3,1037,29
2020-07-16,Yuba,115,75493,290,221,0,221,1
2020-07-15,Alameda,001,1643700,10699,8615,17,8632,153
2020-07-15,Alpine,003,1148,2,1,0,1,0
2020-07-15,Amador,005,37829,73,44,0,44,0
2020-07-15,Butte,007,227075,758,420,12,432,4
2020-07-15,Calaveras,009,45235,97,75,0,75,0
2020-07-15,Colusa,011,21464,258,135,0,135,0
2020-07-15,Contra Costa,013,1133247,7258,5246,17,5263,90
2020-07-15,Del Norte,015,27424,81,60,0,60,0
2020-07-15,El Dorado,017,186661,581,339,5,344,0
2020-07-15,Fresno,019,978130,16222,9124,125,9249,101
2020-07-15,Glenn,021,27897,278,184,0,184,0
2020-07-15,Humboldt,023,135768,213,181,1,182,4
2020-07-15,Imperial,025,180216,9539,7110,5,7115,110
2020-07-15,Inyo,027,18085,42,36,1,37,1
2020-07-15,Kern,029,883053,18396,7155,68,7223,108
2020-07-15,Kings,031,150075,3630,2906,19,2925,37
2020-07-15,Lake,033,64148,177,122,0,122,1
2020-07-15,Lassen,035,31185,520,319,2,321,0
2020-07-15,Los Angeles,037,10098052,164463,143343,256,143599,3946
2020-07-15,Madera,039,155013,1893,1147,3,1150,4
2020-07-15,Marin,041,260295,4596,3458,5,3463,21
2020-07-15,Mariposa,043,17540,45,34,0,34,1
2020-07-15,Mendocino,045,87422,192,119,0,119,0
2020-07-15,Merced,047,269075,3690,2156,2,2158,12
2020-07-15,Modoc,049,8938,1,0,0,0,0
2020-07-15,Mono,051,14174,95,52,1,53,1
2020-07-15,Monterey,053,433212,3796,2780,12,2792,18
2020-07-15,Napa,055,140530,833,573,0,573,5
2020-07-15,Nevada,057,99092,274,185,7,192,1
2020-07-15,Orange,059,3164182,36034,27718,471,28189,454
2020-07-15,Placer,061,380077,1651,1145,3,1148,11
2020-07-15,Plumas,063,18699,25,16,0,16,0
2020-07-15,Riverside,065,2383286,35828,28492,35,28527,568
2020-07-15,Sacramento,067,1510023,8686,6217,9,6226,91
2020-07-15,San Benito,069,59416,503,388,0,388,2
2020-07-15,San Bernardino,071,2135413,31020,21508,56,21564,317
2020-07-15,San Diego,073,3302833,26531,21448,2,21450,448
2020-07-15,San Francisco,075,870044,5710,4757,5,4762,50
2020-07-15,San Joaquin,077,732212,10406,7381,4,7385,75
2020-07-15,San Luis Obispo,079,281455,1565,1097,7,1104,6
2020-07-15,San Mateo,081,765935,5114,4258,7,4265,109
2020-07-15,Santa Barbara,083,443738,5573,4733,48,4781,28
2020-07-15,Santa Clara,085,1922200,9472,6900,24,6924,164
2020-07-15,Santa Cruz,087,273765,895,660,6,666,3
2020-07-15,Shasta,089,179085,336,193,1,194,7
2020-07-15,Sierra,091,2930,1,1,0,1,0
2020-07-15,Siskiyou,093,43540,66,38,0,38,0
2020-07-15,Solano,095,438530,3276,2343,10,2353,25
2020-07-15,Sonoma,097,501317,2601,1920,6,1926,14
2020-07-15,Stanislaus,099,539301,8270,5777,11,5788,56
2020-07-15,Sutter,101,95872,543,433,0,433,2
2020-07-15,Tehama,103,63373,180,126,2,128,1
2020-07-15,Trinity,105,12862,22,2,5,7,0
2020-07-15,Tulare,107,460477,8526,6320,27,6347,156
2020-07-15,Tuolumne,109,53932,110,68,3,71,0
2020-07-15,Ventura,111,848112,6876,5087,25,5112,50
2020-07-15,Yolo,113,214977,1379,1002,3,1005,27
2020-07-15,Yuba,115,75493,278,221,0,221,1
2020-07-14,Alameda,001,1643700,10358,8388,11,8399,151
2020-07-14,Alpine,003,1148,2,1,0,1,0
2020-07-14,Amador,005,37829,69,44,0,44,0
2020-07-14,Butte,007,227075,712,382,12,394,4
2020-07-14,Calaveras,009,45235,95,74,0,74,0
2020-07-14,Colusa,011,21464,248,128,0,128,0
2020-07-14,Contra Costa,013,1133247,7021,5110,15,5125,90
2020-07-14,Del Norte,015,27424,80,60,0,60,0
2020-07-14,El Dorado,017,186661,566,324,5,329,0
2020-07-14,Fresno,019,978130,15802,8941,120,9061,98
2020-07-14,Glenn,021,27897,268,177,0,177,0
2020-07-14,Humboldt,023,135768,210,175,1,176,4
2020-07-14,Imperial,025,180216,9411,7095,5,7100,109
2020-07-14,Inyo,027,18085,42,35,1,36,1
2020-07-14,Kern,029,883053,17637,6979,55,7034,107
2020-07-14,Kings,031,150075,3563,2867,18,2885,37
2020-07-14,Lake,033,64148,171,120,0,120,1
2020-07-14,Lassen,035,31185,503,263,2,265,0
2020-07-14,Los Angeles,037,10098052,161330,140632,227,140859,3900
2020-07-14,Madera,039,155013,1819,1118,3,1121,4
2020-07-14,Marin,041,260295,4482,3451,5,3456,21
2020-07-14,Mariposa,043,17540,41,32,0,32,1
2020-07-14,Mendocino,045,87422,184,110,0,110,0
2020-07-14,Merced,047,269075,3511,2084,2,2086,12
2020-07-14,Modoc,049,8938,1,0,0,0,0
2020-07-14,Mono,051,14174,85,48,1,49,1
2020-07-14,Monterey,053,433212,3683,2724,12,2736,18
2020-07-14,Napa,055,140530,777,557,0,557,4
2020-07-14,Nevada,057,99092,257,180,6,186,1
2020-07-14,Orange,059,3164182,35154,26915,423,27338,432
2020-07-14,Placer,061,380077,1593,1122,3,1125,11
2020-07-14,Plumas,063,18699,24,14,0,14,0
2020-07-14,Riverside,065,2383286,35071,27850,34,27884,547
2020-07-14,Sacramento,067,1510023,8332,5978,9,5987,87
2020-07-14,San Benito,069,59416,484,360,0,360,2
2020-07-14,San Bernardino,071,2135413,30169,20489,46,20535,316
2020-07-14,San Diego,073,3302833,25911,20887,2,20889,436
2020-07-14,San Francisco,075,870044,5559,4659,4,4663,50
2020-07-14,San Joaquin,077,732212,9978,7143,4,7147,75
2020-07-14,San Luis Obispo,079,281455,1527,1060,7,1067,5
2020-07-14,San Mateo,081,765935,5021,4173,7,4180,108
2020-07-14,Santa Barbara,083,443738,5449,4641,46,4687,28
2020-07-14,Santa Clara,085,1922200,9144,6686,21,6707,164
2020-07-14,Santa Cruz,087,273765,856,639,6,645,3
2020-07-14,Shasta,089,179085,327,190,1,191,7
2020-07-14,Sierra,091,2930,1,1,0,1,0
2020-07-14,Siskiyou,093,43540,65,38,0,38,0
2020-07-14,Solano,095,438530,3177,2266,9,2275,25
2020-07-14,Sonoma,097,501317,2508,1866,6,1872,14
2020-07-14,Stanislaus,099,539301,7896,5631,10,5641,53
2020-07-14,Sutter,101,95872,524,405,0,405,2
2020-07-14,Tehama,103,63373,168,123,2,125,1
2020-07-14,Trinity,105,12862,21,2,5,7,0
2020-07-14,Tulare,107,460477,8281,6199,27,6226,156
2020-07-14,Tuolumne,109,53932,105,68,3,71,0
2020-07-14,Ventura,111,848112,6715,4950,25,4975,50
2020-07-14,Yolo,113,214977,1331,966,3,969,27
2020-07-14,Yuba,115,75493,261,210,0,210,1
2020-07-13,Alameda,001,1643700,10049,8115,11,8126,148
2020-07-13,Alpine,003,1148,2,1,0,1,0
2020-07-13,Amador,005,37829,65,42,0,42,0
2020-07-13,Butte,007,227075,676,354,12,366,4
2020-07-13,Calaveras,009,45235,87,63,0,63,0
2020-07-13,Colusa,011,21464,242,116,0,116,0
2020-07-13,Contra Costa,013,1133247,6749,4882,13,4895,88
2020-07-13,Del Norte,015,27424,74,59,0,59,0
2020-07-13,El Dorado,017,186661,535,298,5,303,0
2020-07-13,Fresno,019,978130,15373,8666,115,8781,95
2020-07-13,Glenn,021,27897,261,168,0,168,0
2020-07-13,Humboldt,023,135768,205,174,1,175,4
2020-07-13,Imperial,025,180216,9324,7052,5,7057,109
2020-07-13,Inyo,027,18085,41,35,1,36,1
2020-07-13,Kern,029,883053,16952,6808,50,6858,107
2020-07-13,Kings,031,150075,3512,2824,18,2842,37
2020-07-13,Lake,033,64148,166,118,0,118,1
2020-07-13,Lassen,035,31185,498,237,2,239,0
2020-07-13,Los Angeles,037,10098052,158097,136368,213,136581,3829
2020-07-13,Madera,039,155013,1750,1059,3,1062,4
2020-07-13,Marin,041,260295,4378,3402,5,3407,21
2020-07-13,Mariposa,043,17540,40,31,0,31,1
2020-07-13,Mendocino,045,87422,180,87,0,87,0
2020-07-13,Merced,047,269075,3362,2007,2,2009,12
2020-07-13,Modoc,049,8938,1,0,0,0,0
2020-07-13,Mono,051,14174,81,47,0,47,1
2020-07-13,Monterey,053,433212,3560,2613,9,2622,18
2020-07-13,Napa,055,140530,741,534,0,534,4
2020-07-13,Nevada,057,99092,243,172,6,178,1
2020-07-13,Orange,059,3164182,34290,25978,391,26369,423
2020-07-13,Placer,061,380077,1548,1096,3,1099,11
2020-07-13,Plumas,063,18699,22,14,0,14,0
2020-07-13,Riverside,065,2383286,34146,27136,32,27168,545
2020-07-13,Sacramento,067,1510023,8035,5747,9,5756,85
2020-07-13,San Benito,069,59416,471,343,0,343,2
2020-07-13,San Bernardino,071,2135413,29292,19610,40,19650,313
2020-07-13,San Diego,073,3302833,25344,20348,2,20350,422
2020-07-13,San Francisco,075,870044,5432,4534,3,4537,50
2020-07-13,San Joaquin,077,732212,9564,6927,4,6931,71
2020-07-13,San Luis Obispo,079,281455,1496,989,7,996,5
2020-07-13,San Mateo,081,765935,4890,4057,7,4064,108
2020-07-13,Santa Barbara,083,443738,5335,4441,45,4486,28
2020-07-13,Santa Clara,085,1922200,8821,6488,20,6508,164
2020-07-13,Santa Cruz,087,273765,818,574,6,580,3
2020-07-13,Shasta,089,179085,316,185,1,186,6
2020-07-13,Sierra,091,2930,1,1,0,1,0
2020-07-13,Siskiyou,093,43540,61,37,0,37,0
2020-07-13,Solano,095,438530,3065,2046,9,2055,23
2020-07-13,Sonoma,097,501317,2397,1818,6,1824,14
2020-07-13,Stanislaus,099,539301,7593,5324,9,5333,53
2020-07-13,Sutter,101,95872,486,379,0,379,2
2020-07-13,Tehama,103,63373,155,112,2,114,1
2020-07-13,Trinity,105,12862,21,2,5,7,0
2020-07-13,Tulare,107,460477,8020,5930,25,5955,147
2020-07-13,Tuolumne,109,53932,97,56,3,59,0
2020-07-13,Ventura,111,848112,6525,4800,22,4822,50
2020-07-13,Yolo,113,214977,1285,941,3,944,27
2020-07-13,Yuba,115,75493,246,194,0,194,1
2020-07-12,Alameda,001,1643700,9779,8056,11,8067,148
2020-07-12,Alpine,003,1148,2,1,0,1,0
2020-07-12,Amador,005,37829,55,40,0,40,0
2020-07-12,Butte,007,227075,626,341,11,352,4
2020-07-12,Calaveras,009,45235,87,62,0,62,0
2020-07-12,Colusa,011,21464,208,116,0,116,0
2020-07-12,Contra Costa,013,1133247,6480,4708,11,4719,88
2020-07-12,Del Norte,015,27424,63,59,0,59,0
2020-07-12,El Dorado,017,186661,513,290,5,295,0
2020-07-12,Fresno,019,978130,14948,8407,110,8517,95
2020-07-12,Glenn,021,27897,248,166,0,166,0
2020-07-12,Humboldt,023,135768,201,174,1,175,4
2020-07-12,Imperial,025,180216,9209,6999,5,7004,109
2020-07-12,Inyo,027,18085,39,35,1,36,1
2020-07-12,Kern,029,883053,16209,6662,47,6709,105
2020-07-12,Kings,031,150075,3450,2779,18,2797,34
2020-07-12,Lake,033,64148,157,114,0,114,1
2020-07-12,Lassen,035,31185,491,237,2,239,0
2020-07-12,Los Angeles,037,10098052,154673,133830,184,134014,3816
2020-07-12,Madera,039,155013,1695,1025,3,1028,4
2020-07-12,Marin,041,260295,4301,3358,5,3363,21
2020-07-12,Mariposa,043,17540,39,31,0,31,1
2020-07-12,Mendocino,045,87422,161,88,0,88,0
2020-07-12,Merced,047,269075,3232,1908,2,1910,12
2020-07-12,Modoc,049,8938,1,0,0,0,0
2020-07-12,Mono,051,14174,71,45,0,45,1
2020-07-12,Monterey,053,433212,3445,2521,9,2530,18
2020-07-12,Napa,055,140530,709,519,0,519,4
2020-07-12,Nevada,057,99092,233,166,6,172,1
2020-07-12,Orange,059,3164182,33415,25399,382,25781,422
2020-07-12,Placer,061,380077,1491,1058,3,1061,11
2020-07-12,Plumas,063,18699,21,14,0,14,0
2020-07-12,Riverside,065,2383286,33388,26404,31,26435,542
2020-07-12,Sacramento,067,1510023,7723,5515,7,5522,85
2020-07-12,San Benito,069,59416,456,324,0,324,2
2020-07-12,San Bernardino,071,2135413,28381,19042,36,19078,312
2020-07-12,San Diego,073,3302833,24714,19929,2,19931,422
2020-07-12,San Francisco,075,870044,5282,4535,3,4538,50
2020-07-12,San Joaquin,077,732212,9202,6703,4,6707,71
2020-07-12,San Luis Obispo,079,281455,1449,972,7,979,5
2020-07-12,San Mateo,081,765935,4772,3988,7,3995,108
2020-07-12,Santa Barbara,083,443738,5205,4353,44,4397,28
2020-07-12,Santa Clara,085,1922200,8583,6252,19,6271,164
2020-07-12,Santa Cruz,087,273765,776,573,5,578,3
2020-07-12,Shasta,089,179085,310,173,1,174,6
2020-07-12,Sierra,091,2930,1,1,0,1,0
2020-07-12,Siskiyou,093,43540,59,36,0,36,0
2020-07-12,Solano,095,438530,2940,2037,9,2046,23
2020-07-12,Sonoma,097,501317,2303,1743,6,1749,13
2020-07-12,Stanislaus,099,539301,7289,5177,9,5186,53
2020-07-12,Sutter,101,95872,468,362,0,362,2
2020-07-12,Tehama,103,63373,148,111,2,113,1
2020-07-12,Trinity,105,12862,21,2,5,7,0
2020-07-12,Tulare,107,460477,7765,5864,24,5888,146
2020-07-12,Tuolumne,109,53932,89,52,3,55,0
2020-07-12,Ventura,111,848112,6309,4724,21,4745,50
2020-07-12,Yolo,113,214977,1244,889,3,892,27
2020-07-12,Yuba,115,75493,235,188,0,188,1
2020-07-11,Alameda,001,1643700,9677,7845,11,7856,148
2020-07-11,Alpine,003,1148,2,1,0,1,0
2020-07-11,Amador,005,37829,51,37,0,37,0
2020-07-11,Butte,007,227075,610,325,11,336,4
2020-07-11,Calaveras,009,45235,84,62,0,62,0
2020-07-11,Colusa,011,21464,203,110,0,110,0
2020-07-11,Contra Costa,013,1133247,6364,4650,11,4661,87
2020-07-11,Del Norte,015,27424,63,59,0,59,0
2020-07-11,El Dorado,017,186661,502,283,5,288,0
2020-07-11,Fresno,019,978130,14688,8086,108,8194,95
2020-07-11,Glenn,021,27897,240,161,0,161,0
2020-07-11,Humboldt,023,135768,200,174,1,175,4
2020-07-11,Imperial,025,180216,9170,6884,5,6889,109
2020-07-11,Inyo,027,18085,39,35,1,36,1
2020-07-11,Kern,029,883053,15852,6509,46,6555,103
2020-07-11,Kings,031,150075,3423,2753,18,2771,33
2020-07-11,Lake,033,64148,156,110,0,110,1
2020-07-11,Lassen,035,31185,490,237,2,239,0
2020-07-11,Los Angeles,037,10098052,152954,130479,174,130653,3802
2020-07-11,Madera,039,155013,1654,988,3,991,4
2020-07-11,Marin,041,260295,4273,3191,5,3196,21
2020-07-11,Mariposa,043,17540,39,31,0,31,1
2020-07-11,Mendocino,045,87422,157,88,0,88,0
2020-07-11,Merced,047,269075,3151,1851,2,1853,12
2020-07-11,Modoc,049,8938,1,0,0,0,0
2020-07-11,Mono,051,14174,68,45,0,45,1
2020-07-11,Monterey,053,433212,3356,2376,8,2384,18
2020-07-11,Napa,055,140530,697,509,0,509,4
2020-07-11,Nevada,057,99092,224,163,5,168,1
2020-07-11,Orange,059,3164182,33038,24430,368,24798,422
2020-07-11,Placer,061,380077,1456,1029,3,1032,11
2020-07-11,Plumas,063,18699,21,12,0,12,0
2020-07-11,Riverside,065,2383286,32998,25994,31,26025,538
2020-07-11,Sacramento,067,1510023,7549,5367,7,5374,84
2020-07-11,San Benito,069,59416,441,314,0,314,2
2020-07-11,San Bernardino,071,2135413,27944,18907,34,18941,310
2020-07-11,San Diego,073,3302833,24322,19371,2,19373,422
2020-07-11,San Francisco,075,870044,5186,4430,2,4432,50
2020-07-11,San Joaquin,077,732212,9024,6518,4,6522,72
2020-07-11,San Luis Obispo,079,281455,1401,930,7,937,4
2020-07-11,San Mateo,081,765935,4704,3956,7,3963,108
2020-07-11,Santa Barbara,083,443738,5136,4283,43,4326,28
2020-07-11,Santa Clara,085,1922200,8424,5959,19,5978,164
2020-07-11,Santa Cruz,087,273765,745,571,5,576,3
2020-07-11,Shasta,089,179085,303,168,1,169,6
2020-07-11,Sierra,091,2930,1,1,0,1,0
2020-07-11,Siskiyou,093,43540,59,36,0,36,0
2020-07-11,Solano,095,438530,2899,2034,9,2043,23
2020-07-11,Sonoma,097,501317,2265,1690,6,1696,13
2020-07-11,Stanislaus,099,539301,7148,4911,9,4920,51
2020-07-11,Sutter,101,95872,452,352,0,352,2
2020-07-11,Tehama,103,63373,146,111,2,113,1
2020-07-11,Trinity,105,12862,21,2,5,7,0
2020-07-11,Tulare,107,460477,7659,5780,24,5804,149
2020-07-11,Tuolumne,109,53932,87,50,3,53,0
2020-07-11,Ventura,111,848112,6213,4545,20,4565,49
2020-07-11,Yolo,113,214977,1215,833,3,836,27
2020-07-11,Yuba,115,75493,225,175,0,175,1
2020-07-10,Alameda,001,1643700,9520,7551,11,7562,147
2020-07-10,Alpine,003,1148,2,1,0,1,0
2020-07-10,Amador,005,37829,47,37,0,37,0
2020-07-10,Butte,007,227075,599,318,11,329,4
2020-07-10,Calaveras,009,45235,84,61,0,61,0
2020-07-10,Colusa,011,21464,197,103,0,103,0
2020-07-10,Contra Costa,013,1133247,6222,4482,11,4493,86
2020-07-10,Del Norte,015,27424,63,57,0,57,0
2020-07-10,El Dorado,017,186661,484,266,5,271,0
2020-07-10,Fresno,019,978130,14356,7760,105,7865,93
2020-07-10,Glenn,021,27897,235,157,0,157,0
2020-07-10,Humboldt,023,135768,199,168,1,169,4
2020-07-10,Imperial,025,180216,9125,6878,4,6882,98
2020-07-10,Inyo,027,18085,39,35,1,36,1
2020-07-10,Kern,029,883053,15420,6344,45,6389,102
2020-07-10,Kings,031,150075,3387,2707,18,2725,33
2020-07-10,Lake,033,64148,149,104,0,104,1
2020-07-10,Lassen,035,31185,489,235,2,237,0
2020-07-10,Los Angeles,037,10098052,150534,127503,168,127671,3750
2020-07-10,Madera,039,155013,1608,914,3,917,4
2020-07-10,Marin,041,260295,4210,3101,5,3106,21
2020-07-10,Mariposa,043,17540,38,31,0,31,1
2020-07-10,Mendocino,045,87422,149,88,0,88,0
2020-07-10,Merced,047,269075,3072,1802,2,1804,12
2020-07-10,Modoc,049,8938,1,0,0,0,0
2020-07-10,Mono,051,14174,67,45,0,45,1
2020-07-10,Monterey,053,433212,3278,2285,8,2293,18
2020-07-10,Napa,055,140530,686,496,0,496,4
2020-07-10,Nevada,057,99092,219,161,5,166,1
2020-07-10,Orange,059,3164182,32451,23692,365,24057,416
2020-07-10,Placer,061,380077,1414,1002,3,1005,11
2020-07-10,Plumas,063,18699,19,12,0,12,0
2020-07-10,Riverside,065,2383286,32480,25481,31,25512,533
2020-07-10,Sacramento,067,1510023,7294,5181,7,5188,81
2020-07-10,San Benito,069,59416,432,302,0,302,2
2020-07-10,San Bernardino,071,2135413,27420,18242,31,18273,308
2020-07-10,San Diego,073,3302833,23938,18862,2,18864,420
2020-07-10,San Francisco,075,870044,5095,4305,2,4307,50
2020-07-10,San Joaquin,077,732212,8791,6225,4,6229,67
2020-07-10,San Luis Obispo,079,281455,1363,891,7,898,4
2020-07-10,San Mateo,081,765935,4639,3844,7,3851,107
2020-07-10,Santa Barbara,083,443738,5039,4177,42,4219,28
2020-07-10,Santa Clara,085,1922200,8200,5819,19,5838,164
2020-07-10,Santa Cruz,087,273765,717,540,5,545,3
2020-07-10,Shasta,089,179085,299,158,1,159,6
2020-07-10,Sierra,091,2930,1,1,0,1,0
2020-07-10,Siskiyou,093,43540,59,31,0,31,0
2020-07-10,Solano,095,438530,2852,1950,9,1959,23
2020-07-10,Sonoma,097,501317,2218,1606,5,1611,13
2020-07-10,Stanislaus,099,539301,6978,4781,9,4790,46
2020-07-10,Sutter,101,95872,445,338,0,338,2
2020-07-10,Tehama,103,63373,145,107,2,109,1
2020-07-10,Trinity,105,12862,21,2,5,7,0
2020-07-10,Tulare,107,460477,7522,5677,24,5701,150
2020-07-10,Tuolumne,109,53932,86,49,3,52,0
2020-07-10,Ventura,111,848112,6099,4416,20,4436,48
2020-07-10,Yolo,113,214977,1191,794,3,797,27
2020-07-10,Yuba,115,75493,211,164,0,164,1
2020-07-09,Alameda,001,1643700,9284,7433,11,7444,146
2020-07-09,Alpine,003,1148,2,1,0,1,0
2020-07-09,Amador,005,37829,44,36,0,36,0
2020-07-09,Butte,007,227075,567,295,11,306,4
2020-07-09,Calaveras,009,45235,83,59,0,59,0
2020-07-09,Colusa,011,21464,189,97,0,97,0
2020-07-09,Contra Costa,013,1133247,5978,4388,11,4399,86
2020-07-09,Del Norte,015,27424,63,57,0,57,0
2020-07-09,El Dorado,017,186661,459,255,4,259,0
2020-07-09,Fresno,019,978130,13902,7385,102,7487,90
2020-07-09,Glenn,021,27897,225,150,0,150,0
2020-07-09,Humboldt,023,135768,196,166,1,167,4
2020-07-09,Imperial,025,180216,9028,6778,4,6782,87
2020-07-09,Inyo,027,18085,37,35,1,36,1
2020-07-09,Kern,029,883053,14775,6100,43,6143,95
2020-07-09,Kings,031,150075,3323,2686,18,2704,33
2020-07-09,Lake,033,64148,146,99,0,99,1
2020-07-09,Lassen,035,31185,433,221,2,223,0
2020-07-09,Los Angeles,037,10098052,147275,125062,145,125207,3698
2020-07-09,Madera,039,155013,1531,850,3,853,4
2020-07-09,Marin,041,260295,4058,2975,4,2979,20
2020-07-09,Mariposa,043,17540,38,32,0,32,1
2020-07-09,Mendocino,045,87422,145,88,0,88,0
2020-07-09,Merced,047,269075,2939,1728,2,1730,11
2020-07-09,Modoc,049,8938,1,0,0,0,0
2020-07-09,Mono,051,14174,63,45,0,45,1
2020-07-09,Monterey,053,433212,3153,2223,8,2231,17
2020-07-09,Napa,055,140530,669,468,0,468,4
2020-07-09,Nevada,057,99092,213,156,5,161,1
2020-07-09,Orange,059,3164182,31481,22960,347,23307,407
2020-07-09,Placer,061,380077,1372,982,3,985,11
2020-07-09,Plumas,063,18699,19,12,0,12,0
2020-07-09,Riverside,065,2383286,31587,24980,30,25010,529
2020-07-09,Sacramento,067,1510023,6967,4950,7,4957,81
2020-07-09,San Benito,069,59416,416,295,0,295,2
2020-07-09,San Bernardino,071,2135413,26549,17339,25,17364,307
2020-07-09,San Diego,073,3302833,23346,18404,2,18406,415
2020-07-09,San Francisco,075,870044,4963,4143,2,4145,50
2020-07-09,San Joaquin,077,732212,8433,6004,4,6008,66
2020-07-09,San Luis Obispo,079,281455,1323,869,7,876,3
2020-07-09,San Mateo,081,765935,4513,3792,7,3799,106
2020-07-09,Santa Barbara,083,443738,4907,4068,42,4110,28
2020-07-09,Santa Clara,085,1922200,7943,5638,19,5657,164
2020-07-09,Santa Cruz,087,273765,690,526,5,531,3
2020-07-09,Shasta,089,179085,293,155,1,156,5
2020-07-09,Sierra,091,2930,1,1,0,1,0
2020-07-09,Siskiyou,093,43540,55,31,0,31,0
2020-07-09,Solano,095,438530,2754,1892,9,1901,23
2020-07-09,Sonoma,097,501317,2132,1584,5,1589,13
2020-07-09,Stanislaus,099,539301,6663,4633,8,4641,46
2020-07-09,Sutter,101,95872,428,321,0,321,2
2020-07-09,Tehama,103,63373,140,102,2,104,1
2020-07-09,Trinity,105,12862,21,2,5,7,0
2020-07-09,Tulare,107,460477,7303,5501,23,5524,146
2020-07-09,Tuolumne,109,53932,85,47,3,50,0
2020-07-09,Ventura,111,848112,5931,4278,20,4298,47
2020-07-09,Yolo,113,214977,1143,764,3,767,27
2020-07-09,Yuba,115,75493,194,152,0,152,1
2020-07-08,Alameda,001,1643700,8992,7335,11,7346,142
2020-07-08,Alpine,003,1148,2,1,0,1,0
2020-07-08,Amador,005,37829,41,35,0,35,0
2020-07-08,Butte,007,227075,530,281,11,292,3
2020-07-08,Calaveras,009,45235,78,58,0,58,0
2020-07-08,Colusa,011,21464,176,90,0,90,0
2020-07-08,Contra Costa,013,1133247,5732,4268,9,4277,84
2020-07-08,Del Norte,015,27424,61,57,0,57,0
2020-07-08,El Dorado,017,186661,437,248,4,252,0
2020-07-08,Fresno,019,978130,13486,7102,94,7196,86
2020-07-08,Glenn,021,27897,214,146,0,146,0
2020-07-08,Humboldt,023,135768,193,162,1,163,4
2020-07-08,Imperial,025,180216,8941,6727,4,6731,76
2020-07-08,Inyo,027,18085,37,35,1,36,1
2020-07-08,Kern,029,883053,14197,5873,41,5914,91
2020-07-08,Kings,031,150075,3263,2629,15,2644,33
2020-07-08,Lake,033,64148,139,97,0,97,1
2020-07-08,Lassen,035,31185,337,221,2,223,0
2020-07-08,Los Angeles,037,10098052,144070,123462,118,123580,3650
2020-07-08,Madera,039,155013,1461,828,3,831,4
2020-07-08,Marin,041,260295,3959,2756,4,2760,17
2020-07-08,Mariposa,043,17540,38,31,0,31,1
2020-07-08,Mendocino,045,87422,132,84,0,84,0
2020-07-08,Merced,047,269075,2819,1578,2,1580,11
2020-07-08,Modoc,049,8938,1,0,0,0,0
2020-07-08,Mono,051,14174,60,45,0,45,1
2020-07-08,Monterey,053,433212,3035,2182,7,2189,17
2020-07-08,Napa,055,140530,647,468,0,468,4
2020-07-08,Nevada,057,99092,204,156,5,161,1
2020-07-08,Orange,059,3164182,30530,22088,342,22430,378
2020-07-08,Placer,061,380077,1325,948,3,951,11
2020-07-08,Plumas,063,18699,19,12,0,12,0
2020-07-08,Riverside,065,2383286,30623,24042,29,24071,508
2020-07-08,Sacramento,067,1510023,6678,4799,7,4806,80
2020-07-08,San Benito,069,59416,400,282,0,282,2
2020-07-08,San Bernardino,071,2135413,25695,16510,21,16531,296
2020-07-08,San Diego,073,3302833,22776,17844,2,17846,406
2020-07-08,San Francisco,075,870044,4874,4093,2,4095,50
2020-07-08,San Joaquin,077,732212,8090,5759,4,5763,61
2020-07-08,San Luis Obispo,079,281455,1271,825,7,832,2
2020-07-08,San Mateo,081,765935,4392,3733,7,3740,106
2020-07-08,Santa Barbara,083,443738,4788,3985,42,4027,28
2020-07-08,Santa Clara,085,1922200,7710,5510,19,5529,164
2020-07-08,Santa Cruz,087,273765,657,509,4,513,3
2020-07-08,Shasta,089,179085,284,148,1,149,6
2020-07-08,Sierra,091,2930,1,1,0,1,0
2020-07-08,Siskiyou,093,43540,55,31,0,31,0
2020-07-08,Solano,095,438530,2638,1821,9,1830,23
2020-07-08,Sonoma,097,501317,2056,1495,5,1500,9
2020-07-08,Stanislaus,099,539301,6363,4344,8,4352,46
2020-07-08,Sutter,101,95872,403,298,0,298,2
2020-07-08,Tehama,103,63373,134,100,2,102,1
2020-07-08,Trinity,105,12862,20,2,5,7,0
2020-07-08,Tulare,107,460477,7111,5307,18,5325,138
2020-07-08,Tuolumne,109,53932,81,42,3,45,0
2020-07-08,Ventura,111,848112,5766,4139,20,4159,47
2020-07-08,Yolo,113,214977,1099,727,3,730,26
2020-07-08,Yuba,115,75493,181,145,0,145,1
2020-07-07,Alameda,001,1643700,8671,7097,10,7107,141
2020-07-07,Alpine,003,1148,2,1,0,1,0
2020-07-07,Amador,005,37829,41,33,0,33,0
2020-07-07,Butte,007,227075,487,269,11,280,3
2020-07-07,Calaveras,009,45235,76,58,0,58,0
2020-07-07,Colusa,011,21464,143,84,0,84,0
2020-07-07,Contra Costa,013,1133247,5496,4131,8,4139,84
2020-07-07,Del Norte,015,27424,61,57,0,57,0
2020-07-07,El Dorado,017,186661,417,244,4,248,0
2020-07-07,Fresno,019,978130,13033,6738,94,6832,84
2020-07-07,Glenn,021,27897,205,145,0,145,0
2020-07-07,Humboldt,023,135768,190,150,1,151,4
2020-07-07,Imperial,025,180216,8842,6678,4,6682,51
2020-07-07,Inyo,027,18085,36,32,1,33,1
2020-07-07,Kern,029,883053,13498,5645,37,5682,88
2020-07-07,Kings,031,150075,3200,2623,14,2637,33
2020-07-07,Lake,033,64148,129,94,0,94,1
2020-07-07,Lassen,035,31185,266,219,2,221,0
2020-07-07,Los Angeles,037,10098052,140491,121026,111,121137,3588
2020-07-07,Madera,039,155013,1417,794,3,797,4
2020-07-07,Marin,041,260295,3870,2627,4,2631,17
2020-07-07,Mariposa,043,17540,38,31,0,31,1
2020-07-07,Mendocino,045,87422,124,82,0,82,0
2020-07-07,Merced,047,269075,2645,1531,2,1533,10
2020-07-07,Modoc,049,8938,1,0,0,0,0
2020-07-07,Mono,051,14174,59,42,0,42,1
2020-07-07,Monterey,053,433212,2892,2166,7,2173,17
2020-07-07,Napa,055,140530,628,459,0,459,4
2020-07-07,Nevada,057,99092,198,150,5,155,1
2020-07-07,Orange,059,3164182,29519,21741,328,22069,373
2020-07-07,Placer,061,380077,1284,930,3,933,11
2020-07-07,Plumas,063,18699,17,12,0,12,0
2020-07-07,Riverside,065,2383286,29607,23279,29,23308,499
2020-07-07,Sacramento,067,1510023,6336,4592,7,4599,76
2020-07-07,San Benito,069,59416,382,274,0,274,2
2020-07-07,San Bernardino,071,2135413,24826,16004,19,16023,277
2020-07-07,San Diego,073,3302833,22057,17580,2,17582,399
2020-07-07,San Francisco,075,870044,4782,4045,1,4046,50
2020-07-07,San Joaquin,077,732212,7748,5547,4,5551,59
2020-07-07,San Luis Obispo,079,281455,1210,795,7,802,2
2020-07-07,San Mateo,081,765935,4277,3691,7,3698,106
2020-07-07,Santa Barbara,083,443738,4660,3866,41,3907,27
2020-07-07,Santa Clara,085,1922200,7441,5438,19,5457,164
2020-07-07,Santa Cruz,087,273765,623,502,3,505,2
2020-07-07,Shasta,089,179085,271,144,1,145,6
2020-07-07,Sierra,091,2930,1,1,0,1,0
2020-07-07,Siskiyou,093,43540,54,30,0,30,0
2020-07-07,Solano,095,438530,2527,1776,8,1784,22
2020-07-07,Sonoma,097,501317,1985,1473,5,1478,8
2020-07-07,Stanislaus,099,539301,6024,4101,8,4109,46
2020-07-07,Sutter,101,95872,377,273,0,273,2
2020-07-07,Tehama,103,63373,125,95,2,97,1
2020-07-07,Trinity,105,12862,20,2,5,7,0
2020-07-07,Tulare,107,460477,6931,5189,17,5206,137
2020-07-07,Tuolumne,109,53932,75,40,3,43,0
2020-07-07,Ventura,111,848112,5597,3992,18,4010,46
2020-07-07,Yolo,113,214977,1031,706,3,709,26
2020-07-07,Yuba,115,75493,161,138,0,138,1
2020-07-06,Alameda,001,1643700,8433,6970,10,6980,141
2020-07-06,Alpine,003,1148,1,1,0,1,0
2020-07-06,Amador,005,37829,39,33,0,33,0
2020-07-06,Butte,007,227075,431,257,11,268,2
2020-07-06,Calaveras,009,45235,73,45,0,45,0
2020-07-06,Colusa,011,21464,134,80,0,80,0
2020-07-06,Contra Costa,013,1133247,5266,3901,7,3908,83
2020-07-06,Del Norte,015,27424,60,57,0,57,0
2020-07-06,El Dorado,017,186661,402,232,3,235,0
2020-07-06,Fresno,019,978130,12565,6364,88,6452,82
2020-07-06,Glenn,021,27897,197,129,0,129,0
2020-07-06,Humboldt,023,135768,188,148,1,149,3
2020-07-06,Imperial,025,180216,8723,6443,4,6447,47
2020-07-06,Inyo,027,18085,36,32,1,33,1
2020-07-06,Kern,029,883053,12692,5491,37,5528,82
2020-07-06,Kings,031,150075,3149,2583,10,2593,33
2020-07-06,Lake,033,64148,122,93,0,93,1
2020-07-06,Lassen,035,31185,264,219,2,221,0
2020-07-06,Los Angeles,037,10098052,136890,116707,97,116804,3541
2020-07-06,Madera,039,155013,1347,734,3,737,4
2020-07-06,Marin,041,260295,3630,2136,4,2140,17
2020-07-06,Mariposa,043,17540,36,31,0,31,1
2020-07-06,Mendocino,045,87422,107,72,0,72,0
2020-07-06,Merced,047,269075,2494,1396,2,1398,10
2020-07-06,Modoc,049,8938,1,0,0,0,0
2020-07-06,Mono,051,14174,58,40,0,40,1
2020-07-06,Monterey,053,433212,2803,2078,7,2085,15
2020-07-06,Napa,055,140530,610,454,0,454,4
2020-07-06,Nevada,057,99092,192,146,5,151,1
2020-07-06,Orange,059,3164182,28458,20167,291,20458,372
2020-07-06,Placer,061,380077,1222,904,3,907,11
2020-07-06,Plumas,063,18699,17,11,0,11,0
2020-07-06,Riverside,065,2383286,28552,22485,28,22513,477
2020-07-06,Sacramento,067,1510023,5985,4420,7,4427,71
2020-07-06,San Benito,069,59416,367,264,0,264,2
2020-07-06,San Bernardino,071,2135413,23973,15346,16,15362,272
2020-07-06,San Diego,073,3302833,21325,17002,2,17004,387
2020-07-06,San Francisco,075,870044,4661,3861,1,3862,50
2020-07-06,San Joaquin,077,732212,7378,5104,4,5108,57
2020-07-06,San Luis Obispo,079,281455,1152,751,7,758,2
2020-07-06,San Mateo,081,765935,4185,3650,6,3656,106
2020-07-06,Santa Barbara,083,443738,4523,3763,40,3803,27
2020-07-06,Santa Clara,085,1922200,7170,5369,19,5388,165
2020-07-06,Santa Cruz,087,273765,601,466,2,468,2
2020-07-06,Shasta,089,179085,261,143,1,144,6
2020-07-06,Sierra,091,2930,1,1,0,1,0
2020-07-06,Siskiyou,093,43540,50,30,0,30,0
2020-07-06,Solano,095,438530,2394,1668,8,1676,22
2020-07-06,Sonoma,097,501317,1921,1369,5,1374,8
2020-07-06,Stanislaus,099,539301,5622,3983,8,3991,46
2020-07-06,Sutter,101,95872,350,250,0,250,2
2020-07-06,Tehama,103,63373,122,95,2,97,1
2020-07-06,Trinity,105,12862,19,2,5,7,0
2020-07-06,Tulare,107,460477,6726,5039,15,5054,136
2020-07-06,Tuolumne,109,53932,72,30,3,33,0
2020-07-06,Ventura,111,848112,5404,3912,18,3930,44
2020-07-06,Yolo,113,214977,975,685,3,688,26
2020-07-06,Yuba,115,75493,147,124,0,124,1
2020-07-05,Alameda,001,1643700,8181,6861,10,6871,141
2020-07-05,Alpine,003,1148,1,1,0,1,0
2020-07-05,Amador,005,37829,37,31,0,31,0
2020-07-05,Butte,007,227075,396,248,11,259,2
2020-07-05,Calaveras,009,45235,69,45,0,45,0
2020-07-05,Colusa,011,21464,124,79,0,79,0
2020-07-05,Contra Costa,013,1133247,5026,3665,6,3671,80
2020-07-05,Del Norte,015,27424,60,57,0,57,0
2020-07-05,El Dorado,017,186661,384,227,3,230,0
2020-07-05,Fresno,019,978130,11999,6186,87,6273,82
2020-07-05,Glenn,021,27897,194,129,0,129,0
2020-07-05,Humboldt,023,135768,184,147,1,148,3
2020-07-05,Imperial,025,180216,8589,6441,4,6445,47
2020-07-05,Inyo,027,18085,35,32,1,33,1
2020-07-05,Kern,029,883053,11984,5351,37,5388,82
2020-07-05,Kings,031,150075,3066,2546,9,2555,31
2020-07-05,Lake,033,64148,122,92,0,92,1
2020-07-05,Lassen,035,31185,258,219,2,221,0
2020-07-05,Los Angeles,037,10098052,133659,115133,91,115224,3495
2020-07-05,Madera,039,155013,1269,564,3,567,4
2020-07-05,Marin,041,260295,3447,2080,4,2084,17
2020-07-05,Mariposa,043,17540,36,31,0,31,1
2020-07-05,Mendocino,045,87422,104,72,0,72,0
2020-07-05,Merced,047,269075,2349,1340,2,1342,10
2020-07-05,Modoc,049,8938,1,0,0,0,0
2020-07-05,Mono,051,14174,54,39,0,39,1
2020-07-05,Monterey,053,433212,2700,1994,7,2001,15
2020-07-05,Napa,055,140530,580,450,0,450,4
2020-07-05,Nevada,057,99092,186,141,5,146,1
2020-07-05,Orange,059,3164182,27517,19430,278,19708,372
2020-07-05,Placer,061,380077,1165,855,3,858,11
2020-07-05,Plumas,063,18699,16,11,0,11,0
2020-07-05,Riverside,065,2383286,27696,21511,28,21539,474
2020-07-05,Sacramento,067,1510023,5670,4265,6,4271,71
2020-07-05,San Benito,069,59416,348,258,0,258,2
2020-07-05,San Bernardino,071,2135413,23095,15026,16,15042,270
2020-07-05,San Diego,073,3302833,20634,16728,2,16730,387
2020-07-05,San Francisco,075,870044,4544,3861,1,3862,50
2020-07-05,San Joaquin,077,732212,7059,5015,4,5019,57
2020-07-05,San Luis Obispo,079,281455,1073,730,7,737,2
2020-07-05,San Mateo,081,765935,4075,3575,6,3581,106
2020-07-05,Santa Barbara,083,443738,4376,3671,37,3708,27
2020-07-05,Santa Clara,085,1922200,6877,5237,19,5256,162
2020-07-05,Santa Cruz,087,273765,583,467,0,467,2
2020-07-05,Shasta,089,179085,255,138,1,139,6
2020-07-05,Sierra,091,2930,1,1,0,1,0
2020-07-05,Siskiyou,093,43540,46,30,0,30,0
2020-07-05,Solano,095,438530,2274,1547,8,1555,22
2020-07-05,Sonoma,097,501317,1840,1369,5,1374,8
2020-07-05,Stanislaus,099,539301,5291,3777,7,3784,45
2020-07-05,Sutter,101,95872,322,241,0,241,2
2020-07-05,Tehama,103,63373,120,95,2,97,1
2020-07-05,Trinity,105,12862,19,2,5,7,0
2020-07-05,Tulare,107,460477,6467,4981,13,4994,135
2020-07-05,Tuolumne,109,53932,67,30,3,33,0
2020-07-05,Ventura,111,848112,5201,3866,18,3884,44
2020-07-05,Yolo,113,214977,935,644,3,647,26
2020-07-05,Yuba,115,75493,137,115,0,115,1
2020-07-04,Alameda,001,1643700,8069,6737,10,6747,141
2020-07-04,Alpine,003,1148,1,1,0,1,0
2020-07-04,Amador,005,37829,36,31,0,31,0
2020-07-04,Butte,007,227075,378,224,11,235,2
2020-07-04,Calaveras,009,45235,69,45,0,45,0
2020-07-04,Colusa,011,21464,123,76,0,76,0
2020-07-04,Contra Costa,013,1133247,4878,3583,6,3589,80
2020-07-04,Del Norte,015,27424,60,50,0,50,0
2020-07-04,El Dorado,017,186661,365,211,3,214,0
2020-07-04,Fresno,019,978130,11682,5999,85,6084,82
2020-07-04,Glenn,021,27897,187,128,0,128,0
2020-07-04,Humboldt,023,135768,177,144,1,145,3
2020-07-04,Imperial,025,180216,8540,6441,4,6445,47
2020-07-04,Inyo,027,18085,35,32,1,33,1
2020-07-04,Kern,029,883053,11680,5231,37,5268,81
2020-07-04,Kings,031,150075,3023,2509,9,2518,31
2020-07-04,Lake,033,64148,115,86,0,86,1
2020-07-04,Lassen,035,31185,258,219,2,221,0
2020-07-04,Los Angeles,037,10098052,131843,107256,80,107336,3462
2020-07-04,Madera,039,155013,1223,568,3,571,4
2020-07-04,Marin,041,260295,3418,1962,4,1966,17
2020-07-04,Mariposa,043,17540,36,28,0,28,1
2020-07-04,Mendocino,045,87422,104,72,0,72,0
2020-07-04,Merced,047,269075,2247,1252,2,1254,10
2020-07-04,Modoc,049,8938,1,0,0,0,0
2020-07-04,Mono,051,14174,54,37,0,37,1
2020-07-04,Monterey,053,433212,2620,1878,7,1885,15
2020-07-04,Napa,055,140530,571,426,0,426,4
2020-07-04,Nevada,057,99092,183,125,5,130,1
2020-07-04,Orange,059,3164182,27083,19247,265,19512,372
2020-07-04,Placer,061,380077,1130,796,3,799,11
2020-07-04,Plumas,063,18699,16,11,0,11,0
2020-07-04,Riverside,065,2383286,27330,21508,28,21536,474
2020-07-04,Sacramento,067,1510023,5499,4039,6,4045,71
2020-07-04,San Benito,069,59416,335,255,0,255,2
2020-07-04,San Bernardino,071,2135413,22670,14636,14,14650,270
2020-07-04,San Diego,073,3302833,20174,16166,2,16168,387
2020-07-04,San Francisco,075,870044,4452,3861,1,3862,50
2020-07-04,San Joaquin,077,732212,6847,4807,4,4811,57
2020-07-04,San Luis Obispo,079,281455,1033,699,7,706,2
2020-07-04,San Mateo,081,765935,4012,3532,6,3538,106
2020-07-04,Santa Barbara,083,443738,4301,3520,35,3555,27
2020-07-04,Santa Clara,085,1922200,6685,5045,18,5063,161
2020-07-04,Santa Cruz,087,273765,573,466,0,466,2
2020-07-04,Shasta,089,179085,252,135,1,136,6
2020-07-04,Sierra,091,2930,1,1,0,1,0
2020-07-04,Siskiyou,093,43540,39,30,0,30,0
2020-07-04,Solano,095,438530,2238,1548,8,1556,22
2020-07-04,Sonoma,097,501317,1814,1370,5,1375,8
2020-07-04,Stanislaus,099,539301,5133,3572,7,3579,44
2020-07-04,Sutter,101,95872,303,225,0,225,2
2020-07-04,Tehama,103,63373,117,92,2,94,1
2020-07-04,Trinity,105,12862,19,2,5,7,0
2020-07-04,Tulare,107,460477,6355,4802,13,4815,135
2020-07-04,Tuolumne,109,53932,63,30,3,33,0
2020-07-04,Ventura,111,848112,5077,3687,18,3705,44
2020-07-04,Yolo,113,214977,910,615,3,618,26
2020-07-04,Yuba,115,75493,130,102,0,102,1
2020-07-03,Alameda,001,1643700,7948,6486,10,6496,141
2020-07-03,Alpine,003,1148,1,1,0,1,0
2020-07-03,Amador,005,37829,36,25,0,25,0
2020-07-03,Butte,007,227075,366,212,11,223,2
2020-07-03,Calaveras,009,45235,69,44,0,44,0
2020-07-03,Colusa,011,21464,117,70,0,70,0
2020-07-03,Contra Costa,013,1133247,4744,3447,6,3453,78
2020-07-03,Del Norte,015,27424,60,50,0,50,0
2020-07-03,El Dorado,017,186661,353,201,3,204,0
2020-07-03,Fresno,019,978130,11377,5783,83,5866,81
2020-07-03,Glenn,021,27897,182,122,0,122,0
2020-07-03,Humboldt,023,135768,173,143,1,144,3
2020-07-03,Imperial,025,180216,8492,6345,4,6349,47
2020-07-03,Inyo,027,18085,35,32,1,33,1
2020-07-03,Kern,029,883053,11419,5213,37,5250,81
2020-07-03,Kings,031,150075,2987,2492,9,2501,31
2020-07-03,Lake,033,64148,108,83,0,83,0
2020-07-03,Lassen,035,31185,258,219,2,221,0
2020-07-03,Los Angeles,037,10098052,130330,107236,76,107312,3461
2020-07-03,Madera,039,155013,1178,565,3,568,4
2020-07-03,Marin,041,260295,3390,1776,4,1780,17
2020-07-03,Mariposa,043,17540,36,28,0,28,1
2020-07-03,Mendocino,045,87422,103,72,0,72,0
2020-07-03,Merced,047,269075,2181,1188,2,1190,10
2020-07-03,Modoc,049,8938,1,0,0,0,0
2020-07-03,Mono,051,14174,54,37,0,37,1
2020-07-03,Monterey,053,433212,2550,1804,7,1811,15
2020-07-03,Napa,055,140530,553,388,0,388,4
2020-07-03,Nevada,057,99092,182,125,5,130,1
2020-07-03,Orange,059,3164182,26692,18819,257,19076,366
2020-07-03,Placer,061,380077,1103,745,3,748,11
2020-07-03,Plumas,063,18699,16,11,0,11,0
2020-07-03,Riverside,065,2383286,27024,21171,28,21199,472
2020-07-03,Sacramento,067,1510023,5365,3711,6,3717,71
2020-07-03,San Benito,069,59416,328,243,0,243,2
2020-07-03,San Bernardino,071,2135413,22282,14040,14,14054,269
2020-07-03,San Diego,073,3302833,19719,15698,2,15700,387
2020-07-03,San Francisco,075,870044,4406,3781,1,3782,50
2020-07-03,San Joaquin,077,732212,6708,4416,3,4419,56
2020-07-03,San Luis Obispo,079,281455,998,676,7,683,2
2020-07-03,San Mateo,081,765935,3955,3439,6,3445,106
2020-07-03,Santa Barbara,083,443738,4214,3406,34,3440,27
2020-07-03,Santa Clara,085,1922200,6573,4820,18,4838,161
2020-07-03,Santa Cruz,087,273765,559,436,0,436,2
2020-07-03,Shasta,089,179085,244,113,1,114,6
2020-07-03,Sierra,091,2930,1,1,0,1,0
2020-07-03,Siskiyou,093,43540,36,30,0,30,0
2020-07-03,Solano,095,438530,2194,1496,7,1503,22
2020-07-03,Sonoma,097,501317,1766,1282,5,1287,8
2020-07-03,Stanislaus,099,539301,5009,3021,7,3028,43
2020-07-03,Sutter,101,95872,293,205,0,205,2
2020-07-03,Tehama,103,63373,115,89,2,91,1
2020-07-03,Trinity,105,12862,19,2,5,7,0
2020-07-03,Tulare,107,460477,6240,4656,13,4669,134
2020-07-03,Tuolumne,109,53932,61,27,3,30,0
2020-07-03,Ventura,111,848112,4981,3536,18,3554,44
2020-07-03,Yolo,113,214977,876,586,3,589,25
2020-07-03,Yuba,115,75493,125,96,0,96,1
2020-07-02,Alameda,001,1643700,7822,6386,10,6396,139
2020-07-02,Alpine,003,1148,1,1,0,1,0
2020-07-02,Amador,005,37829,35,23,0,23,0
2020-07-02,Butte,007,227075,349,199,11,210,2
2020-07-02,Calaveras,009,45235,65,42,0,42,0
2020-07-02,Colusa,011,21464,109,60,0,60,0
2020-07-02,Contra Costa,013,1133247,4560,3347,6,3353,77
2020-07-02,Del Norte,015,27424,59,50,0,50,0
2020-07-02,El Dorado,017,186661,342,193,3,196,0
2020-07-02,Fresno,019,978130,10917,5402,82,5484,78
2020-07-02,Glenn,021,27897,176,114,0,114,0
2020-07-02,Humboldt,023,135768,169,138,1,139,3
2020-07-02,Imperial,025,180216,8391,6236,4,6240,47
2020-07-02,Inyo,027,18085,35,29,1,30,1
2020-07-02,Kern,029,883053,10884,5036,35,5071,78
2020-07-02,Kings,031,150075,2936,2419,9,2428,31
2020-07-02,Lake,033,64148,104,81,0,81,0
2020-07-02,Lassen,035,31185,256,218,2,220,0
2020-07-02,Los Angeles,037,10098052,128313,107144,53,107197,3458
2020-07-02,Madera,039,155013,1110,548,3,551,4
2020-07-02,Marin,041,260295,3304,1706,4,1710,17
2020-07-02,Mariposa,043,17540,35,28,0,28,1
2020-07-02,Mendocino,045,87422,99,71,0,71,0
2020-07-02,Merced,047,269075,2084,1122,2,1124,10
2020-07-02,Modoc,049,8938,1,0,0,0,0
2020-07-02,Mono,051,14174,54,37,0,37,1
2020-07-02,Monterey,053,433212,2490,1796,7,1803,15
2020-07-02,Napa,055,140530,536,352,0,352,4
2020-07-02,Nevada,057,99092,176,118,4,122,1
2020-07-02,Orange,059,3164182,25928,17056,244,17300,360
2020-07-02,Placer,061,380077,1079,740,3,743,11
2020-07-02,Plumas,063,18699,15,8,0,8,0
2020-07-02,Riverside,065,2383286,26451,20253,28,20281,458
2020-07-02,Sacramento,067,1510023,5138,3587,6,3593,70
2020-07-02,San Benito,069,59416,320,236,0,236,2
2020-07-02,San Bernardino,071,2135413,21746,13185,14,13199,260
2020-07-02,San Diego,073,3302833,19254,15208,2,15210,377
2020-07-02,San Francisco,075,870044,4311,3676,1,3677,50
2020-07-02,San Joaquin,077,732212,6361,4243,3,4246,56
2020-07-02,San Luis Obispo,079,281455,953,659,7,666,2
2020-07-02,San Mateo,081,765935,3875,3390,6,3396,107
2020-07-02,Santa Barbara,083,443738,4114,3385,32,3417,27
2020-07-02,Santa Clara,085,1922200,6447,4722,18,4740,160
2020-07-02,Santa Cruz,087,273765,536,414,0,414,2
2020-07-02,Shasta,089,179085,241,110,1,111,5
2020-07-02,Sierra,091,2930,1,1,0,1,0
2020-07-02,Siskiyou,093,43540,36,30,0,30,0
2020-07-02,Solano,095,438530,2111,1429,7,1436,21
2020-07-02,Sonoma,097,501317,1708,1244,5,1249,6
2020-07-02,Stanislaus,099,539301,4837,2850,7,2857,41
2020-07-02,Sutter,101,95872,282,195,0,195,2
2020-07-02,Tehama,103,63373,113,86,2,88,1
2020-07-02,Trinity,105,12862,19,2,5,7,0
2020-07-02,Tulare,107,460477,6073,4559,12,4571,132
2020-07-02,Tuolumne,109,53932,58,23,2,25,0
2020-07-02,Ventura,111,848112,4825,3394,18,3412,42
2020-07-02,Yolo,113,214977,844,554,3,557,24
2020-07-02,Yuba,115,75493,115,93,0,93,1
2020-07-01,Alameda,001,1643700,7600,6125,10,6135,137
2020-07-01,Alpine,003,1148,1,1,0,1,0
2020-07-01,Amador,005,37829,34,22,0,22,0
2020-07-01,Butte,007,227075,324,185,11,196,2
2020-07-01,Calaveras,009,45235,63,37,0,37,0
2020-07-01,Colusa,011,21464,103,53,0,53,0
2020-07-01,Contra Costa,013,1133247,4348,3259,6,3265,76
2020-07-01,Del Norte,015,27424,59,50,0,50,0
2020-07-01,El Dorado,017,186661,315,183,3,186,0
2020-07-01,Fresno,019,978130,10483,5111,79,5190,76
2020-07-01,Glenn,021,27897,170,110,0,110,0
2020-07-01,Humboldt,023,135768,164,134,0,134,3
2020-07-01,Imperial,025,180216,8294,6150,4,6154,46
2020-07-01,Inyo,027,18085,34,30,1,31,1
2020-07-01,Kern,029,883053,10251,4853,34,4887,78
2020-07-01,Kings,031,150075,2868,2360,9,2369,30
2020-07-01,Lake,033,64148,103,75,0,75,0
2020-07-01,Lassen,035,31185,255,217,2,219,0
2020-07-01,Los Angeles,037,10098052,125113,105325,44,105369,3408
2020-07-01,Madera,039,155013,1069,519,3,522,4
2020-07-01,Marin,041,260295,3147,1636,4,1640,17
2020-07-01,Mariposa,043,17540,35,29,0,29,1
2020-07-01,Mendocino,045,87422,95,70,0,70,0
2020-07-01,Merced,047,269075,1986,1052,2,1054,10
2020-07-01,Modoc,049,8938,1,0,0,0,0
2020-07-01,Mono,051,14174,51,37,0,37,1
2020-07-01,Monterey,053,433212,2382,1703,6,1709,15
2020-07-01,Napa,055,140530,513,347,0,347,4
2020-07-01,Nevada,057,99092,166,115,4,119,1
2020-07-01,Orange,059,3164182,25043,15662,223,15885,343
2020-07-01,Placer,061,380077,1032,713,3,716,11
2020-07-01,Plumas,063,18699,13,8,0,8,0
2020-07-01,Riverside,065,2383286,25609,19537,27,19564,457
2020-07-01,Sacramento,067,1510023,4883,3425,6,3431,64
2020-07-01,San Benito,069,59416,311,219,0,219,2
2020-07-01,San Bernardino,071,2135413,20851,12712,11,12723,253
2020-07-01,San Diego,073,3302833,18686,14624,2,14626,372
2020-07-01,San Francisco,075,870044,4218,3626,1,3627,50
2020-07-01,San Joaquin,077,732212,6003,3990,3,3993,54
2020-07-01,San Luis Obispo,079,281455,926,613,7,620,1
2020-07-01,San Mateo,081,765935,3813,3326,6,3332,84
2020-07-01,Santa Barbara,083,443738,3994,3268,31,3299,27
2020-07-01,Santa Clara,085,1922200,6259,4547,17,4564,159
2020-07-01,Santa Cruz,087,273765,512,398,0,398,2
2020-07-01,Shasta,089,179085,236,104,1,105,5
2020-07-01,Sierra,091,2930,1,1,0,1,0
2020-07-01,Siskiyou,093,43540,36,28,0,28,0
2020-07-01,Solano,095,438530,2022,1350,7,1357,21
2020-07-01,Sonoma,097,501317,1613,1178,5,1183,6
2020-07-01,Stanislaus,099,539301,4558,2619,7,2626,41
2020-07-01,Sutter,101,95872,269,188,0,188,2
2020-07-01,Tehama,103,63373,106,80,2,82,1
2020-07-01,Trinity,105,12862,19,2,4,6,0
2020-07-01,Tulare,107,460477,5895,4359,12,4371,128
2020-07-01,Tuolumne,109,53932,55,17,2,19,0
2020-07-01,Ventura,111,848112,4683,3224,16,3240,41
2020-07-01,Yolo,113,214977,793,526,3,529,24
2020-07-01,Yuba,115,75493,110,57,0,57,1
2020-06-30,Alameda,001,1643700,7351,5959,8,5967,137
2020-06-30,Alpine,003,1148,1,1,0,1,0
2020-06-30,Amador,005,37829,34,21,0,21,0
2020-06-30,Butte,007,227075,307,163,11,174,2
2020-06-30,Calaveras,009,45235,58,31,0,31,0
2020-06-30,Colusa,011,21464,94,33,0,33,0
2020-06-30,Contra Costa,013,1133247,4141,3140,6,3146,75
2020-06-30,Del Norte,015,27424,59,48,0,48,0
2020-06-30,El Dorado,017,186661,302,175,3,178,0
2020-06-30,Fresno,019,978130,10036,4826,74,4900,75
2020-06-30,Glenn,021,27897,165,96,0,96,0
2020-06-30,Humboldt,023,135768,160,132,0,132,3
2020-06-30,Imperial,025,180216,8195,5968,4,5972,45
2020-06-30,Inyo,027,18085,34,30,1,31,1
2020-06-30,Kern,029,883053,9604,4721,31,4752,75
2020-06-30,Kings,031,150075,2819,2315,6,2321,30
2020-06-30,Lake,033,64148,95,56,0,56,0
2020-06-30,Lassen,035,31185,248,215,2,217,0
2020-06-30,Los Angeles,037,10098052,121529,103640,41,103681,3378
2020-06-30,Madera,039,155013,1012,475,3,478,4
2020-06-30,Marin,041,260295,3076,1614,4,1618,17
2020-06-30,Mariposa,043,17540,34,27,0,27,1
2020-06-30,Mendocino,045,87422,90,65,0,65,0
2020-06-30,Merced,047,269075,1849,970,2,972,10
2020-06-30,Modoc,049,8938,1,0,0,0,0
2020-06-30,Mono,051,14174,49,36,0,36,1
2020-06-30,Monterey,053,433212,2285,1657,6,1663,15
2020-06-30,Napa,055,140530,488,342,0,342,4
2020-06-30,Nevada,057,99092,158,113,4,117,1
2020-06-30,Orange,059,3164182,24112,14354,213,14567,335
2020-06-30,Placer,061,380077,1005,667,3,670,11
2020-06-30,Plumas,063,18699,12,8,0,8,0
2020-06-30,Riverside,065,2383286,24892,18656,26,18682,449
2020-06-30,Sacramento,067,1510023,4594,3246,6,3252,64
2020-06-30,San Benito,069,59416,300,200,0,200,2
2020-06-30,San Bernardino,071,2135413,19869,12375,10,12385,249
2020-06-30,San Diego,073,3302833,17981,14150,2,14152,365
2020-06-30,San Francisco,075,870044,4113,3555,1,3556,50
2020-06-30,San Joaquin,077,732212,5628,3744,3,3747,52
2020-06-30,San Luis Obispo,079,281455,888,583,7,590,1
2020-06-30,San Mateo,081,765935,3735,3268,6,3274,84
2020-06-30,Santa Barbara,083,443738,3878,3102,31,3133,25
2020-06-30,Santa Clara,085,1922200,6057,4346,17,4363,157
2020-06-30,Santa Cruz,087,273765,486,379,0,379,2
2020-06-30,Shasta,089,179085,220,100,1,101,5
2020-06-30,Sierra,091,2930,1,1,0,1,0
2020-06-30,Siskiyou,093,43540,35,26,0,26,0
2020-06-30,Solano,095,438530,1930,1256,7,1263,21
2020-06-30,Sonoma,097,501317,1549,1122,5,1127,6
2020-06-30,Stanislaus,099,539301,4261,2578,7,2585,41
2020-06-30,Sutter,101,95872,246,168,0,168,2
2020-06-30,Tehama,103,63373,104,75,2,77,1
2020-06-30,Trinity,105,12862,19,2,4,6,0
2020-06-30,Tulare,107,460477,5686,4207,12,4219,117
2020-06-30,Tuolumne,109,53932,51,16,2,18,0
2020-06-30,Ventura,111,848112,4549,3030,16,3046,40
2020-06-30,Yolo,113,214977,755,515,3,518,24
2020-06-30,Yuba,115,75493,106,55,0,55,1
2020-06-29,Alameda,001,1643700,7142,5766,8,5774,135
2020-06-29,Alpine,003,1148,1,1,0,1,0
2020-06-29,Amador,005,37829,31,20,0,20,0
2020-06-29,Butte,007,227075,286,157,11,168,2
2020-06-29,Calaveras,009,45235,56,30,0,30,0
2020-06-29,Colusa,011,21464,89,17,0,17,0
2020-06-29,Contra Costa,013,1133247,3978,2976,5,2981,75
2020-06-29,Del Norte,015,27424,59,47,0,47,0
2020-06-29,El Dorado,017,186661,288,163,1,164,0
2020-06-29,Fresno,019,978130,9688,4531,72,4603,74
2020-06-29,Glenn,021,27897,156,77,0,77,0
2020-06-29,Humboldt,023,135768,159,128,0,128,3
2020-06-29,Imperial,025,180216,8064,5512,4,5516,45
2020-06-29,Inyo,027,18085,33,29,0,29,1
2020-06-29,Kern,029,883053,8941,4613,29,4642,73
2020-06-29,Kings,031,150075,2754,2280,6,2286,20
2020-06-29,Lake,033,64148,88,53,0,53,0
2020-06-29,Lassen,035,31185,240,77,2,79,0
2020-06-29,Los Angeles,037,10098052,118489,100846,35,100881,3337
2020-06-29,Madera,039,155013,955,422,3,425,4
2020-06-29,Marin,041,260295,3000,1517,4,1521,17
2020-06-29,Mariposa,043,17540,32,25,0,25,1
2020-06-29,Mendocino,045,87422,87,63,0,63,0
2020-06-29,Merced,047,269075,1743,848,2,850,10
2020-06-29,Modoc,049,8938,1,0,0,0,0
2020-06-29,Mono,051,14174,47,35,0,35,1
2020-06-29,Monterey,053,433212,2213,1614,6,1620,14
2020-06-29,Napa,055,140530,466,317,0,317,4
2020-06-29,Nevada,057,99092,155,107,3,110,1
2020-06-29,Orange,059,3164182,23122,13682,198,13880,324
2020-06-29,Placer,061,380077,969,628,3,631,11
2020-06-29,Plumas,063,18699,12,6,0,6,0
2020-06-29,Riverside,065,2383286,23858,17683,26,17709,432
2020-06-29,Sacramento,067,1510023,4307,2985,6,2991,62
2020-06-29,San Benito,069,59416,285,193,0,193,2
2020-06-29,San Bernardino,071,2135413,18907,11643,10,11653,245
2020-06-29,San Diego,073,3302833,17403,13834,2,13836,361
2020-06-29,San Francisco,075,870044,4036,3389,1,3390,50
2020-06-29,San Joaquin,077,732212,5270,3202,3,3205,52
2020-06-29,San Luis Obispo,079,281455,854,544,7,551,1
2020-06-29,San Mateo,081,765935,3681,3170,6,3176,84
2020-06-29,Santa Barbara,083,443738,3769,2933,30,2963,25
2020-06-29,Santa Clara,085,1922200,5886,4231,17,4248,157
2020-06-29,Santa Cruz,087,273765,468,348,0,348,2
2020-06-29,Shasta,089,179085,212,94,1,95,5
2020-06-29,Sierra,091,2930,1,1,0,1,0
2020-06-29,Siskiyou,093,43540,35,25,0,25,0
2020-06-29,Solano,095,438530,1828,1077,7,1084,21
2020-06-29,Sonoma,097,501317,1477,1103,5,1108,5
2020-06-29,Stanislaus,099,539301,4055,2400,6,2406,36
2020-06-29,Sutter,101,95872,224,152,0,152,2
2020-06-29,Tehama,103,63373,100,63,2,65,1
2020-06-29,Trinity,105,12862,18,2,4,6,0
2020-06-29,Tulare,107,460477,5531,3906,11,3917,117
2020-06-29,Tuolumne,109,53932,47,16,2,18,0
2020-06-29,Ventura,111,848112,4402,2794,16,2810,40
2020-06-29,Yolo,113,214977,722,483,3,486,24
2020-06-29,Yuba,115,75493,93,55,0,55,1
2020-06-28,Alameda,001,1643700,6883,5698,8,5706,135
2020-06-28,Alpine,003,1148,1,1,0,1,0
2020-06-28,Amador,005,37829,29,20,0,20,0
2020-06-28,Butte,007,227075,266,150,11,161,2
2020-06-28,Calaveras,009,45235,51,30,0,30,0
2020-06-28,Colusa,011,21464,74,17,0,17,0
2020-06-28,Contra Costa,013,1133247,3787,2803,4,2807,73
2020-06-28,Del Norte,015,27424,58,47,0,47,0
2020-06-28,El Dorado,017,186661,276,162,1,163,0
2020-06-28,Fresno,019,978130,9325,4365,72,4437,74
2020-06-28,Glenn,021,27897,148,77,0,77,0
2020-06-28,Humboldt,023,135768,156,127,0,127,3
2020-06-28,Imperial,025,180216,7875,5513,4,5517,45
2020-06-28,Inyo,027,18085,33,29,0,29,1
2020-06-28,Kern,029,883053,8390,4541,27,4568,72
2020-06-28,Kings,031,150075,2694,2234,6,2240,18
2020-06-28,Lake,033,64148,84,53,0,53,0
2020-06-28,Lassen,035,31185,240,77,2,79,0
2020-06-28,Los Angeles,037,10098052,115286,98003,31,98034,3316
2020-06-28,Madera,039,155013,907,424,3,427,4
2020-06-28,Marin,041,260295,2654,1473,4,1477,17
2020-06-28,Mariposa,043,17540,32,24,0,24,1
2020-06-28,Mendocino,045,87422,85,63,0,63,0
2020-06-28,Merced,047,269075,1630,814,2,816,10
2020-06-28,Modoc,049,8938,1,0,0,0,0
2020-06-28,Mono,051,14174,47,35,0,35,1
2020-06-28,Monterey,053,433212,2131,1560,6,1566,13
2020-06-28,Napa,055,140530,432,307,0,307,4
2020-06-28,Nevada,057,99092,144,102,3,105,1
2020-06-28,Orange,059,3164182,22148,13213,180,13393,324
2020-06-28,Placer,061,380077,930,618,3,621,11
2020-06-28,Plumas,063,18699,11,6,0,6,0
2020-06-28,Riverside,065,2383286,23030,16848,25,16873,432
2020-06-28,Sacramento,067,1510023,4079,2803,6,2809,63
2020-06-28,San Benito,069,59416,274,190,0,190,2
2020-06-28,San Bernardino,071,2135413,18154,11344,9,11353,245
2020-06-28,San Diego,073,3302833,16858,13333,2,13335,361
2020-06-28,San Francisco,075,870044,3958,3388,1,3389,50
2020-06-28,San Joaquin,077,732212,4933,3201,3,3204,52
2020-06-28,San Luis Obispo,079,281455,815,531,6,537,1
2020-06-28,San Mateo,081,765935,3604,3124,5,3129,84
2020-06-28,Santa Barbara,083,443738,3624,2872,30,2902,25
2020-06-28,Santa Clara,085,1922200,5724,4131,17,4148,156
2020-06-28,Santa Cruz,087,273765,445,349,0,349,2
2020-06-28,Shasta,089,179085,199,89,0,89,5
2020-06-28,Sierra,091,2930,1,1,0,1,0
2020-06-28,Siskiyou,093,43540,35,25,0,25,0
2020-06-28,Solano,095,438530,1753,1077,7,1084,21
2020-06-28,Sonoma,097,501317,1423,1084,5,1089,5
2020-06-28,Stanislaus,099,539301,3849,2376,6,2382,36
2020-06-28,Sutter,101,95872,198,145,0,145,2
2020-06-28,Tehama,103,63373,93,63,2,65,1
2020-06-28,Trinity,105,12862,17,2,4,6,0
2020-06-28,Tulare,107,460477,5363,3812,11,3823,117
2020-06-28,Tuolumne,109,53932,42,14,2,16,0
2020-06-28,Ventura,111,848112,4244,2650,16,2666,40
2020-06-28,Yolo,113,214977,687,468,3,471,24
2020-06-28,Yuba,115,75493,89,39,0,39,1
2020-06-27,Alameda,001,1643700,6787,5581,8,5589,135
2020-06-27,Alpine,003,1148,1,1,0,1,0
2020-06-27,Amador,005,37829,27,20,0,20,0
2020-06-27,Butte,007,227075,258,137,11,148,2
2020-06-27,Calaveras,009,45235,49,30,0,30,0
2020-06-27,Colusa,011,21464,68,17,0,17,0
2020-06-27,Contra Costa,013,1133247,3693,2717,3,2720,72
2020-06-27,Del Norte,015,27424,58,47,0,47,0
2020-06-27,El Dorado,017,186661,270,159,1,160,0
2020-06-27,Fresno,019,978130,9079,4238,72,4310,74
2020-06-27,Glenn,021,27897,144,77,0,77,0
2020-06-27,Humboldt,023,135768,154,127,0,127,3
2020-06-27,Imperial,025,180216,7814,5513,4,5517,45
2020-06-27,Inyo,027,18085,33,29,0,29,1
2020-06-27,Kern,029,883053,8127,4411,26,4437,70
2020-06-27,Kings,031,150075,2668,2187,6,2193,18
2020-06-27,Lake,033,64148,81,42,0,42,0
2020-06-27,Lassen,035,31185,240,33,2,35,0
2020-06-27,Los Angeles,037,10098052,113545,95341,28,95369,3291
2020-06-27,Madera,039,155013,864,427,2,429,4
2020-06-27,Marin,041,260295,2609,1423,4,1427,17
2020-06-27,Mariposa,043,17540,31,22,0,22,1
2020-06-27,Mendocino,045,87422,85,63,0,63,0
2020-06-27,Merced,047,269075,1572,807,1,808,10
2020-06-27,Modoc,049,8938,1,0,0,0,0
2020-06-27,Mono,051,14174,46,35,0,35,1
2020-06-27,Monterey,053,433212,2067,1455,6,1461,12
2020-06-27,Napa,055,140530,422,282,0,282,3
2020-06-27,Nevada,057,99092,140,102,2,104,1
2020-06-27,Orange,059,3164182,21637,12951,175,13126,320
2020-06-27,Placer,061,380077,909,584,3,587,10
2020-06-27,Plumas,063,18699,11,6,0,6,0
2020-06-27,Riverside,065,2383286,22641,16209,25,16234,432
2020-06-27,Sacramento,067,1510023,3962,2685,6,2691,63
2020-06-27,San Benito,069,59416,267,182,0,182,2
2020-06-27,San Bernardino,071,2135413,17778,11238,9,11247,243
2020-06-27,San Diego,073,3302833,16493,12836,2,12838,360
2020-06-27,San Francisco,075,870044,3903,3332,1,3333,49
2020-06-27,San Joaquin,077,732212,4767,2995,3,2998,52
2020-06-27,San Luis Obispo,079,281455,792,505,6,511,1
2020-06-27,San Mateo,081,765935,3547,3083,5,3088,83
2020-06-27,Santa Barbara,083,443738,3552,2799,30,2829,25
2020-06-27,Santa Clara,085,1922200,5618,4006,17,4023,157
2020-06-27,Santa Cruz,087,273765,438,347,0,347,2
2020-06-27,Shasta,089,179085,193,87,0,87,5
2020-06-27,Sierra,091,2930,1,1,0,1,0
2020-06-27,Siskiyou,093,43540,35,25,0,25,0
2020-06-27,Solano,095,438530,1720,1076,7,1083,21
2020-06-27,Sonoma,097,501317,1391,1004,5,1009,5
2020-06-27,Stanislaus,099,539301,3749,2164,6,2170,36
2020-06-27,Sutter,101,95872,191,141,0,141,2
2020-06-27,Tehama,103,63373,90,63,2,65,1
2020-06-27,Trinity,105,12862,17,2,4,6,0
2020-06-27,Tulare,107,460477,5267,3810,11,3821,117
2020-06-27,Tuolumne,109,53932,41,13,2,15,0
2020-06-27,Ventura,111,848112,4144,2471,16,2487,40
2020-06-27,Yolo,113,214977,663,432,3,435,24
2020-06-27,Yuba,115,75493,81,39,0,39,1
2020-06-26,Alameda,001,1643700,6701,5502,7,5509,132
2020-06-26,Alpine,003,1148,1,1,0,1,0
2020-06-26,Amador,005,37829,26,20,0,20,0
2020-06-26,Butte,007,227075,243,135,11,146,2
2020-06-26,Calaveras,009,45235,47,30,0,30,0
2020-06-26,Colusa,011,21464,63,17,0,17,0
2020-06-26,Contra Costa,013,1133247,3581,2676,3,2679,72
2020-06-26,Del Norte,015,27424,57,47,0,47,0
2020-06-26,El Dorado,017,186661,262,159,1,160,0
2020-06-26,Fresno,019,978130,8853,4166,72,4238,74
2020-06-26,Glenn,021,27897,137,71,0,71,0
2020-06-26,Humboldt,023,135768,152,126,0,126,3
2020-06-26,Imperial,025,180216,7751,5400,4,5404,44
2020-06-26,Inyo,027,18085,32,29,0,29,1
2020-06-26,Kern,029,883053,7797,4366,26,4392,70
2020-06-26,Kings,031,150075,2636,2176,5,2181,18
2020-06-26,Lake,033,64148,80,42,0,42,0
2020-06-26,Lassen,035,31185,239,30,2,32,0
2020-06-26,Los Angeles,037,10098052,111379,93328,28,93356,3275
2020-06-26,Madera,039,155013,832,409,2,411,4
2020-06-26,Marin,041,260295,2572,1406,4,1410,17
2020-06-26,Mariposa,043,17540,30,21,0,21,1
2020-06-26,Mendocino,045,87422,82,63,0,63,0
2020-06-26,Merced,047,269075,1526,797,1,798,10
2020-06-26,Modoc,049,8938,1,0,0,0,0
2020-06-26,Mono,051,14174,45,35,0,35,1
2020-06-26,Monterey,053,433212,2015,1449,6,1455,12
2020-06-26,Napa,055,140530,412,277,0,277,3
2020-06-26,Nevada,057,99092,136,101,1,102,1
2020-06-26,Orange,059,3164182,20961,12659,172,12831,320
2020-06-26,Placer,061,380077,880,584,3,587,10
2020-06-26,Plumas,063,18699,11,6,0,6,0
2020-06-26,Riverside,065,2383286,22178,15858,25,15883,430
2020-06-26,Sacramento,067,1510023,3797,2687,6,2693,63
2020-06-26,San Benito,069,59416,263,176,0,176,2
2020-06-26,San Bernardino,071,2135413,17401,11111,9,11120,243
2020-06-26,San Diego,073,3302833,16128,12402,2,12404,358
2020-06-26,San Francisco,075,870044,3848,3330,1,3331,49
2020-06-26,San Joaquin,077,732212,4553,2943,3,2946,52
2020-06-26,San Luis Obispo,079,281455,777,498,6,504,1
2020-06-26,San Mateo,081,765935,3495,3055,5,3060,83
2020-06-26,Santa Barbara,083,443738,3462,2784,28,2812,25
2020-06-26,Santa Clara,085,1922200,5517,3968,17,3985,156
2020-06-26,Santa Cruz,087,273765,431,344,0,344,2
2020-06-26,Shasta,089,179085,186,86,0,86,5
2020-06-26,Sierra,091,2930,1,1,0,1,0
2020-06-26,Siskiyou,093,43540,34,24,0,24,0
2020-06-26,Solano,095,438530,1678,1068,7,1075,21
2020-06-26,Sonoma,097,501317,1360,977,5,982,5
2020-06-26,Stanislaus,099,539301,3636,2157,6,2163,36
2020-06-26,Sutter,101,95872,184,138,0,138,2
2020-06-26,Tehama,103,63373,87,63,2,65,1
2020-06-26,Trinity,105,12862,17,2,4,6,0
2020-06-26,Tulare,107,460477,5178,3720,11,3731,117
2020-06-26,Tuolumne,109,53932,39,10,2,12,0
2020-06-26,Ventura,111,848112,4058,2444,16,2460,40
2020-06-26,Yolo,113,214977,640,418,3,421,24
2020-06-26,Yuba,115,75493,75,38,0,38,1
2020-06-25,Alameda,001,1643700,6512,5398,7,5405,130
2020-06-25,Alpine,003,1148,1,1,0,1,0
2020-06-25,Amador,005,37829,25,18,0,18,0
2020-06-25,Butte,007,227075,238,127,11,138,1
2020-06-25,Calaveras,009,45235,42,26,0,26,0
2020-06-25,Colusa,011,21464,53,14,0,14,0
2020-06-25,Contra Costa,013,1133247,3396,2591,3,2594,71
2020-06-25,Del Norte,015,27424,55,47,0,47,0
2020-06-25,El Dorado,017,186661,254,150,1,151,0
2020-06-25,Fresno,019,978130,8540,3938,71,4009,71
2020-06-25,Glenn,021,27897,132,59,0,59,0
2020-06-25,Humboldt,023,135768,151,121,0,121,3
2020-06-25,Imperial,025,180216,7622,5192,4,5196,44
2020-06-25,Inyo,027,18085,29,27,0,27,1
2020-06-25,Kern,029,883053,7373,4236,23,4259,69
2020-06-25,Kings,031,150075,2584,2110,5,2115,17
2020-06-25,Lake,033,64148,79,42,0,42,0
2020-06-25,Lassen,035,31185,233,13,2,15,0
2020-06-25,Los Angeles,037,10098052,108610,91524,28,91552,3239
2020-06-25,Madera,039,155013,788,380,2,382,4
2020-06-25,Marin,041,260295,2470,1321,4,1325,17
2020-06-25,Mariposa,043,17540,29,20,0,20,1
2020-06-25,Mendocino,045,87422,79,61,0,61,0
2020-06-25,Merced,047,269075,1439,747,1,748,10
2020-06-25,Modoc,049,8938,1,0,0,0,0
2020-06-25,Mono,051,14174,44,35,0,35,1
2020-06-25,Monterey,053,433212,1927,1426,5,1431,12
2020-06-25,Napa,055,140530,394,260,0,260,3
2020-06-25,Nevada,057,99092,128,92,1,93,1
2020-06-25,Orange,059,3164182,20040,12221,170,12391,311
2020-06-25,Placer,061,380077,826,574,3,577,10
2020-06-25,Plumas,063,18699,10,6,0,6,0
2020-06-25,Riverside,065,2383286,21423,15224,25,15249,427
2020-06-25,Sacramento,067,1510023,3574,2519,6,2525,62
2020-06-25,San Benito,069,59416,255,174,0,174,2
2020-06-25,San Bernardino,071,2135413,16649,10590,9,10599,242
2020-06-25,San Diego,073,3302833,15589,11963,2,11965,352
2020-06-25,San Francisco,075,870044,3782,3252,1,3253,48
2020-06-25,San Joaquin,077,732212,4281,2803,3,2806,50
2020-06-25,San Luis Obispo,079,281455,745,473,6,479,1
2020-06-25,San Mateo,081,765935,3427,2996,4,3000,82
2020-06-25,Santa Barbara,083,443738,3357,2622,27,2649,25
2020-06-25,Santa Clara,085,1922200,5368,3871,17,3888,156
2020-06-25,Santa Cruz,087,273765,419,335,0,335,2
2020-06-25,Shasta,089,179085,176,84,0,84,5
2020-06-25,Sierra,091,2930,1,1,0,1,0
2020-06-25,Siskiyou,093,43540,33,24,0,24,0
2020-06-25,Solano,095,438530,1625,1034,7,1041,21
2020-06-25,Sonoma,097,501317,1311,953,4,957,5
2020-06-25,Stanislaus,099,539301,3424,2130,6,2136,36
2020-06-25,Sutter,101,95872,172,126,0,126,2
2020-06-25,Tehama,103,63373,83,59,2,61,1
2020-06-25,Trinity,105,12862,17,2,4,6,0
2020-06-25,Tulare,107,460477,5047,3656,11,3667,117
2020-06-25,Tuolumne,109,53932,38,10,1,11,0
2020-06-25,Ventura,111,848112,3876,2346,15,2361,40
2020-06-25,Yolo,113,214977,611,397,3,400,24
2020-06-25,Yuba,115,75493,64,38,0,38,1
2020-06-24,Alameda,001,1643700,6350,5242,7,5249,123
2020-06-24,Alpine,003,1148,1,1,0,1,0
2020-06-24,Amador,005,37829,23,16,0,16,0
2020-06-24,Butte,007,227075,222,119,10,129,1
2020-06-24,Calaveras,009,45235,40,26,0,26,0
2020-06-24,Colusa,011,21464,44,11,0,11,0
2020-06-24,Contra Costa,013,1133247,3241,2520,3,2523,66
2020-06-24,Del Norte,015,27424,49,47,0,47,0
2020-06-24,El Dorado,017,186661,238,149,1,150,0
2020-06-24,Fresno,019,978130,8209,3765,71,3836,71
2020-06-24,Glenn,021,27897,124,54,0,54,0
2020-06-24,Humboldt,023,135768,151,117,0,117,3
2020-06-24,Imperial,025,180216,7504,5138,4,5142,38
2020-06-24,Inyo,027,18085,29,28,0,28,1
2020-06-24,Kern,029,883053,6980,4155,21,4176,67
2020-06-24,Kings,031,150075,2520,2063,5,2068,16
2020-06-24,Lake,033,64148,66,40,0,40,0
2020-06-24,Lassen,035,31185,232,9,2,11,0
2020-06-24,Los Angeles,037,10098052,105847,89566,28,89594,3186
2020-06-24,Madera,039,155013,766,373,2,375,4
2020-06-24,Marin,041,260295,2242,1261,4,1265,17
2020-06-24,Mariposa,043,17540,28,19,0,19,1
2020-06-24,Mendocino,045,87422,79,60,0,60,0
2020-06-24,Merced,047,269075,1353,696,1,697,8
2020-06-24,Modoc,049,8938,1,0,0,0,0
2020-06-24,Mono,051,14174,42,35,0,35,1
2020-06-24,Monterey,053,433212,1850,1407,5,1412,12
2020-06-24,Napa,055,140530,377,258,0,258,3
2020-06-24,Nevada,057,99092,122,92,1,93,1
2020-06-24,Orange,059,3164182,19043,11804,152,11956,303
2020-06-24,Placer,061,380077,787,548,3,551,10
2020-06-24,Plumas,063,18699,10,6,0,6,0
2020-06-24,Riverside,065,2383286,20576,14946,25,14971,410
2020-06-24,Sacramento,067,1510023,3370,2446,5,2451,62
2020-06-24,San Benito,069,59416,251,171,0,171,2
2020-06-24,San Bernardino,071,2135413,15835,10211,9,10220,239
2020-06-24,San Diego,073,3302833,15086,11628,2,11630,347
2020-06-24,San Francisco,075,870044,3719,3216,1,3217,48
2020-06-24,San Joaquin,077,732212,4060,2680,3,2683,49
2020-06-24,San Luis Obispo,079,281455,714,461,5,466,1
2020-06-24,San Mateo,081,765935,3370,2964,4,2968,82
2020-06-24,Santa Barbara,083,443738,3238,2569,25,2594,22
2020-06-24,Santa Clara,085,1922200,5237,3812,17,3829,155
2020-06-24,Santa Cruz,087,273765,407,329,0,329,2
2020-06-24,Shasta,089,179085,168,83,0,83,5
2020-06-24,Sierra,091,2930,1,1,0,1,0
2020-06-24,Siskiyou,093,43540,32,24,0,24,0
2020-06-24,Solano,095,438530,1535,979,6,985,21
2020-06-24,Sonoma,097,501317,1262,933,4,937,4
2020-06-24,Stanislaus,099,539301,3245,2039,6,2045,36
2020-06-24,Sutter,101,95872,159,118,0,118,2
2020-06-24,Tehama,103,63373,81,55,2,57,1
2020-06-24,Trinity,105,12862,16,2,3,5,0
2020-06-24,Tulare,107,460477,4892,3541,10,3551,116
2020-06-24,Tuolumne,109,53932,33,9,1,10,0
2020-06-24,Ventura,111,848112,3535,2314,15,2329,42
2020-06-24,Yolo,113,214977,576,376,3,379,24
2020-06-24,Yuba,115,75493,58,37,0,37,1
2020-06-23,Alameda,001,1643700,6169,5159,7,5166,121
2020-06-23,Alpine,003,1148,1,1,0,1,0
2020-06-23,Amador,005,37829,22,13,0,13,0
2020-06-23,Butte,007,227075,204,111,10,121,1
2020-06-23,Calaveras,009,45235,40,26,0,26,0
2020-06-23,Colusa,011,21464,40,7,0,7,0
2020-06-23,Contra Costa,013,1133247,3115,2453,3,2456,60
2020-06-23,Del Norte,015,27424,48,46,0,46,0
2020-06-23,El Dorado,017,186661,229,142,1,143,0
2020-06-23,Fresno,019,978130,7557,3569,69,3638,67
2020-06-23,Glenn,021,27897,120,47,0,47,0
2020-06-23,Humboldt,023,135768,151,110,0,110,3
2020-06-23,Imperial,025,180216,7341,5025,4,5029,38
2020-06-23,Inyo,027,18085,29,26,0,26,1
2020-06-23,Kern,029,883053,6613,4087,18,4105,64
2020-06-23,Kings,031,150075,2455,1727,5,1732,16
2020-06-23,Lake,033,64148,60,40,0,40,0
2020-06-23,Lassen,035,31185,228,9,2,11,0
2020-06-23,Los Angeles,037,10098052,102905,88433,27,88460,3152
2020-06-23,Madera,039,155013,727,369,2,371,4
2020-06-23,Marin,041,260295,1974,1139,4,1143,17
2020-06-23,Mariposa,043,17540,26,18,0,18,1
2020-06-23,Mendocino,045,87422,78,61,0,61,0
2020-06-23,Merced,047,269075,1255,656,1,657,8
2020-06-23,Modoc,049,8938,1,0,0,0,0
2020-06-23,Mono,051,14174,42,35,0,35,1
2020-06-23,Monterey,053,433212,1780,1346,5,1351,12
2020-06-23,Napa,055,140530,362,230,0,230,3
2020-06-23,Nevada,057,99092,116,81,1,82,1
2020-06-23,Orange,059,3164182,18074,11071,149,11220,278
2020-06-23,Placer,061,380077,761,525,3,528,10
2020-06-23,Plumas,063,18699,9,6,0,6,0
2020-06-23,Riverside,065,2383286,19557,14469,25,14494,406
2020-06-23,Sacramento,067,1510023,3191,2374,5,2379,62
2020-06-23,San Benito,069,59416,237,167,0,167,2
2020-06-23,San Bernardino,071,2135413,15054,9771,9,9780,229
2020-06-23,San Diego,073,3302833,14566,11296,2,11298,341
2020-06-23,San Francisco,075,870044,3645,3177,1,3178,48
2020-06-23,San Joaquin,077,732212,3801,2502,3,2505,48
2020-06-23,San Luis Obispo,079,281455,683,445,5,450,1
2020-06-23,San Mateo,081,765935,3305,2907,4,2911,81
2020-06-23,Santa Barbara,083,443738,3143,2498,25,2523,22
2020-06-23,Santa Clara,085,1922200,5091,3700,17,3717,155
2020-06-23,Santa Cruz,087,273765,397,313,0,313,2
2020-06-23,Shasta,089,179085,159,81,0,81,5
2020-06-23,Sierra,091,2930,1,1,0,1,0
2020-06-23,Siskiyou,093,43540,30,24,0,24,0
2020-06-23,Solano,095,438530,1478,941,5,946,21
2020-06-23,Sonoma,097,501317,1209,912,4,916,4
2020-06-23,Stanislaus,099,539301,3068,1850,6,1856,35
2020-06-23,Sutter,101,95872,149,112,0,112,2
2020-06-23,Tehama,103,63373,79,50,2,52,1
2020-06-23,Trinity,105,12862,16,2,3,5,0
2020-06-23,Tulare,107,460477,4770,3456,10,3466,111
2020-06-23,Tuolumne,109,53932,28,9,0,9,0
2020-06-23,Ventura,111,848112,3375,2209,14,2223,40
2020-06-23,Yolo,113,214977,550,350,0,350,24
2020-06-23,Yuba,115,75493,55,35,0,35,1
2020-06-22,Alameda,001,1643700,6018,4944,7,4951,121
2020-06-22,Alpine,003,1148,1,1,0,1,0
2020-06-22,Amador,005,37829,19,12,0,12,0
2020-06-22,Butte,007,227075,185,104,10,114,1
2020-06-22,Calaveras,009,45235,38,20,0,20,0
2020-06-22,Colusa,011,21464,37,7,0,7,0
2020-06-22,Contra Costa,013,1133247,2973,2363,3,2366,60
2020-06-22,Del Norte,015,27424,48,46,0,46,0
2020-06-22,El Dorado,017,186661,220,137,1,138,0
2020-06-22,Fresno,019,978130,7025,3425,69,3494,67
2020-06-22,Glenn,021,27897,111,40,0,40,0
2020-06-22,Humboldt,023,135768,148,110,0,110,3
2020-06-22,Imperial,025,180216,7184,4700,4,4704,38
2020-06-22,Inyo,027,18085,29,26,0,26,1
2020-06-22,Kern,029,883053,6261,3982,16,3998,60
2020-06-22,Kings,031,150075,2406,1513,5,1518,13
2020-06-22,Lake,033,64148,54,37,0,37,0
2020-06-22,Lassen,035,31185,118,7,2,9,0
2020-06-22,Los Angeles,037,10098052,100006,85925,26,85951,3117
2020-06-22,Madera,039,155013,702,333,2,335,4
2020-06-22,Marin,041,260295,1717,1029,4,1033,17
2020-06-22,Mariposa,043,17540,25,18,0,18,1
2020-06-22,Mendocino,045,87422,73,48,0,48,0
2020-06-22,Merced,047,269075,1166,619,1,620,8
2020-06-22,Modoc,049,8938,1,0,0,0,0
2020-06-22,Mono,051,14174,42,34,0,34,1
2020-06-22,Monterey,053,433212,1719,1293,5,1298,12
2020-06-22,Napa,055,140530,338,222,0,222,3
2020-06-22,Nevada,057,99092,111,79,1,80,1
2020-06-22,Orange,059,3164182,17142,10711,146,10857,275
2020-06-22,Placer,061,380077,735,512,3,515,9
2020-06-22,Plumas,063,18699,7,6,0,6,0
2020-06-22,Riverside,065,2383286,18585,13948,25,13973,403
2020-06-22,Sacramento,067,1510023,2974,2243,5,2248,62
2020-06-22,San Benito,069,59416,228,164,0,164,2
2020-06-22,San Bernardino,071,2135413,14281,9133,9,9142,229
2020-06-22,San Diego,073,3302833,14074,11098,2,11100,338
2020-06-22,San Francisco,075,870044,3552,3000,1,3001,47
2020-06-22,San Joaquin,077,732212,3553,2332,3,2335,48
2020-06-22,San Luis Obispo,079,281455,650,422,5,427,1
2020-06-22,San Mateo,081,765935,3232,2813,3,2816,81
2020-06-22,Santa Barbara,083,443738,3051,2447,25,2472,21
2020-06-22,Santa Clara,085,1922200,4928,3580,17,3597,155
2020-06-22,Santa Cruz,087,273765,384,290,0,290,3
2020-06-22,Shasta,089,179085,156,77,0,77,5
2020-06-22,Sierra,091,2930,1,1,0,1,0
2020-06-22,Siskiyou,093,43540,30,23,0,23,0
2020-06-22,Solano,095,438530,1400,784,4,788,21
2020-06-22,Sonoma,097,501317,1165,860,2,862,4
2020-06-22,Stanislaus,099,539301,2883,1784,6,1790,35
2020-06-22,Sutter,101,95872,140,100,0,100,2
2020-06-22,Tehama,103,63373,75,38,2,40,1
2020-06-22,Trinity,105,12862,16,2,3,5,0
2020-06-22,Tulare,107,460477,4633,3185,10,3195,111
2020-06-22,Tuolumne,109,53932,19,8,0,8,0
2020-06-22,Ventura,111,848112,3227,2065,14,2079,39
2020-06-22,Yolo,113,214977,524,333,0,333,24
2020-06-22,Yuba,115,75493,50,36,0,36,1
2020-06-21,Alameda,001,1643700,5823,4835,7,4842,121
2020-06-21,Alpine,003,1148,1,1,0,1,0
2020-06-21,Amador,005,37829,14,12,0,12,0
2020-06-21,Butte,007,227075,171,97,10,107,1
2020-06-21,Calaveras,009,45235,38,20,0,20,0
2020-06-21,Colusa,011,21464,29,7,0,7,0
2020-06-21,Contra Costa,013,1133247,2847,2282,3,2285,60
2020-06-21,Del Norte,015,27424,47,46,0,46,0
2020-06-21,El Dorado,017,186661,211,132,1,133,0
2020-06-21,Fresno,019,978130,6455,3296,67,3363,67
2020-06-21,Glenn,021,27897,102,40,0,40,0
2020-06-21,Humboldt,023,135768,143,108,0,108,3
2020-06-21,Imperial,025,180216,7001,4701,4,4705,38
2020-06-21,Inyo,027,18085,27,26,0,26,1
2020-06-21,Kern,029,883053,5969,3918,14,3932,60
2020-06-21,Kings,031,150075,2342,1334,5,1339,11
2020-06-21,Lake,033,64148,49,36,0,36,0
2020-06-21,Lassen,035,31185,25,7,2,9,0
2020-06-21,Los Angeles,037,10098052,97113,83383,25,83408,3101
2020-06-21,Madera,039,155013,668,319,2,321,4
2020-06-21,Marin,041,260295,1560,907,4,911,17
2020-06-21,Mariposa,043,17540,22,18,0,18,1
2020-06-21,Mendocino,045,87422,70,48,0,48,0
2020-06-21,Merced,047,269075,1071,577,1,578,8
2020-06-21,Modoc,049,8938,1,0,0,0,0
2020-06-21,Mono,051,14174,42,34,0,34,1
2020-06-21,Monterey,053,433212,1646,1227,5,1232,12
2020-06-21,Napa,055,140530,323,218,0,218,3
2020-06-21,Nevada,057,99092,108,79,1,80,1
2020-06-21,Orange,059,3164182,16309,10563,143,10706,275
2020-06-21,Placer,061,380077,695,498,3,501,9
2020-06-21,Plumas,063,18699,7,6,0,6,0
2020-06-21,Riverside,065,2383286,17879,13528,24,13552,402
2020-06-21,Sacramento,067,1510023,2773,2156,4,2160,62
2020-06-21,San Benito,069,59416,214,151,0,151,2
2020-06-21,San Bernardino,071,2135413,13507,8925,8,8933,229
2020-06-21,San Diego,073,3302833,13528,10796,2,10798,338
2020-06-21,San Francisco,075,870044,3446,3000,1,3001,47
2020-06-21,San Joaquin,077,732212,3317,2188,3,2191,48
2020-06-21,San Luis Obispo,079,281455,624,418,5,423,1
2020-06-21,San Mateo,081,765935,3174,2781,3,2784,81
2020-06-21,Santa Barbara,083,443738,2944,2430,24,2454,21
2020-06-21,Santa Clara,085,1922200,4791,3514,17,3531,154
2020-06-21,Santa Cruz,087,273765,374,290,0,290,3
2020-06-21,Shasta,089,179085,146,75,0,75,5
2020-06-21,Sierra,091,2930,1,1,0,1,0
2020-06-21,Siskiyou,093,43540,30,23,0,23,0
2020-06-21,Solano,095,438530,1300,783,4,787,21
2020-06-21,Sonoma,097,501317,1115,836,2,838,4
2020-06-21,Stanislaus,099,539301,2697,1688,6,1694,35
2020-06-21,Sutter,101,95872,132,96,0,96,2
2020-06-21,Tehama,103,63373,64,35,2,37,1
2020-06-21,Trinity,105,12862,15,2,3,5,0
2020-06-21,Tulare,107,460477,4464,3173,10,3183,111
2020-06-21,Tuolumne,109,53932,17,8,0,8,0
2020-06-21,Ventura,111,848112,3049,2021,14,2035,39
2020-06-21,Yolo,113,214977,492,323,0,323,24
2020-06-21,Yuba,115,75493,46,35,0,35,1
2020-06-20,Alameda,001,1643700,5761,4758,7,4765,119
2020-06-20,Alpine,003,1148,1,1,0,1,0
2020-06-20,Amador,005,37829,14,12,0,12,0
2020-06-20,Butte,007,227075,164,94,10,104,1
2020-06-20,Calaveras,009,45235,38,20,0,20,0
2020-06-20,Colusa,011,21464,26,7,0,7,0
2020-06-20,Contra Costa,013,1133247,2788,2231,3,2234,54
2020-06-20,Del Norte,015,27424,47,46,0,46,0
2020-06-20,El Dorado,017,186661,206,130,1,131,0
2020-06-20,Fresno,019,978130,6329,3222,64,3286,67
2020-06-20,Glenn,021,27897,97,40,0,40,0
2020-06-20,Humboldt,023,135768,143,108,0,108,3
2020-06-20,Imperial,025,180216,6920,4616,4,4620,37
2020-06-20,Inyo,027,18085,27,26,0,26,1
2020-06-20,Kern,029,883053,5804,3836,14,3850,59
2020-06-20,Kings,031,150075,2318,1331,5,1336,9
2020-06-20,Lake,033,64148,49,37,0,37,0
2020-06-20,Lassen,035,31185,24,7,2,9,0
2020-06-20,Los Angeles,037,10098052,95538,81604,24,81628,3093
2020-06-20,Madera,039,155013,635,321,2,323,4
2020-06-20,Marin,041,260295,1540,879,4,883,17
2020-06-20,Mariposa,043,17540,22,18,0,18,1
2020-06-20,Mendocino,045,87422,69,48,0,48,0
2020-06-20,Merced,047,269075,1031,566,1,567,8
2020-06-20,Modoc,049,8938,1,0,0,0,0
2020-06-20,Mono,051,14174,42,34,0,34,1
2020-06-20,Monterey,053,433212,1610,1181,5,1186,12
2020-06-20,Napa,055,140530,314,212,0,212,3
2020-06-20,Nevada,057,99092,105,73,1,74,1
2020-06-20,Orange,059,3164182,15959,10284,139,10423,273
2020-06-20,Placer,061,380077,670,483,3,486,9
2020-06-20,Plumas,063,18699,6,6,0,6,0
2020-06-20,Riverside,065,2383286,17579,13021,24,13045,402
2020-06-20,Sacramento,067,1510023,2702,2069,4,2073,63
2020-06-20,San Benito,069,59416,210,139,0,139,2
2020-06-20,San Bernardino,071,2135413,13144,8718,8,8726,229
2020-06-20,San Diego,073,3302833,13205,10486,2,10488,338
2020-06-20,San Francisco,075,870044,3402,2999,1,3000,47
2020-06-20,San Joaquin,077,732212,3235,2046,3,2049,48
2020-06-20,San Luis Obispo,079,281455,610,405,5,410,1
2020-06-20,San Mateo,081,765935,3126,2755,3,2758,81
2020-06-20,Santa Barbara,083,443738,2887,2358,23,2381,21
2020-06-20,Santa Clara,085,1922200,4717,3435,17,3452,154
2020-06-20,Santa Cruz,087,273765,372,287,0,287,3
2020-06-20,Shasta,089,179085,140,66,0,66,5
2020-06-20,Sierra,091,2930,1,1,0,1,0
2020-06-20,Siskiyou,093,43540,29,22,0,22,0
2020-06-20,Solano,095,438530,1276,784,4,788,21
2020-06-20,Sonoma,097,501317,1079,806,2,808,4
2020-06-20,Stanislaus,099,539301,2589,1598,6,1604,35
2020-06-20,Sutter,101,95872,130,89,0,89,2
2020-06-20,Tehama,103,63373,62,35,2,37,1
2020-06-20,Trinity,105,12862,15,2,3,5,0
2020-06-20,Tulare,107,460477,4391,3172,10,3182,111
2020-06-20,Tuolumne,109,53932,14,8,0,8,0
2020-06-20,Ventura,111,848112,2983,1946,14,1960,37
2020-06-20,Yolo,113,214977,476,309,0,309,24
2020-06-20,Yuba,115,75493,44,34,0,34,1
2020-06-19,Alameda,001,1643700,5688,4646,7,4653,119
2020-06-19,Alpine,003,1148,1,1,0,1,0
2020-06-19,Amador,005,37829,14,12,0,12,0
2020-06-19,Butte,007,227075,159,91,10,101,1
2020-06-19,Calaveras,009,45235,37,20,0,20,0
2020-06-19,Colusa,011,21464,24,7,0,7,0
2020-06-19,Contra Costa,013,1133247,2708,2106,3,2109,54
2020-06-19,Del Norte,015,27424,47,46,0,46,0
2020-06-19,El Dorado,017,186661,198,124,1,125,0
2020-06-19,Fresno,019,978130,6167,3109,63,3172,61
2020-06-19,Glenn,021,27897,91,40,0,40,0
2020-06-19,Humboldt,023,135768,141,106,0,106,3
2020-06-19,Imperial,025,180216,6828,4504,4,4508,36
2020-06-19,Inyo,027,18085,27,26,0,26,1
2020-06-19,Kern,029,883053,5581,3742,13,3755,57
2020-06-19,Kings,031,150075,2297,1285,5,1290,9
2020-06-19,Lake,033,64148,46,36,0,36,0
2020-06-19,Lassen,035,31185,23,7,2,9,0
2020-06-19,Los Angeles,037,10098052,93551,79572,23,79595,3047
2020-06-19,Madera,039,155013,616,300,2,302,4
2020-06-19,Marin,041,260295,1511,829,4,833,17
2020-06-19,Mariposa,043,17540,21,18,0,18,1
2020-06-19,Mendocino,045,87422,68,48,0,48,0
2020-06-19,Merced,047,269075,986,529,1,530,8
2020-06-19,Modoc,049,8938,1,0,0,0,0
2020-06-19,Mono,051,14174,42,34,0,34,1
2020-06-19,Monterey,053,433212,1581,1159,5,1164,12
2020-06-19,Napa,055,140530,304,209,0,209,3
2020-06-19,Nevada,057,99092,102,71,1,72,1
2020-06-19,Orange,059,3164182,15426,9972,132,10104,260
2020-06-19,Placer,061,380077,652,464,3,467,9
2020-06-19,Plumas,063,18699,6,5,0,5,0
2020-06-19,Riverside,065,2383286,17174,12710,24,12734,398
2020-06-19,Sacramento,067,1510023,2619,1976,4,1980,64
2020-06-19,San Benito,069,59416,209,136,0,136,2
2020-06-19,San Bernardino,071,2135413,12739,8454,7,8461,226
2020-06-19,San Diego,073,3302833,12842,10352,2,10354,332
2020-06-19,San Francisco,075,870044,3347,2968,1,2969,47
2020-06-19,San Joaquin,077,732212,3112,1969,3,1972,48
2020-06-19,San Luis Obispo,079,281455,594,392,5,397,1
2020-06-19,San Mateo,081,765935,3087,2713,3,2716,81
2020-06-19,Santa Barbara,083,443738,2814,2284,21,2305,21
2020-06-19,Santa Clara,085,1922200,4643,3376,17,3393,154
2020-06-19,Santa Cruz,087,273765,362,283,0,283,3
2020-06-19,Shasta,089,179085,137,58,0,58,5
2020-06-19,Sierra,091,2930,1,1,0,1,0
2020-06-19,Siskiyou,093,43540,29,21,0,21,0
2020-06-19,Solano,095,438530,1238,755,4,759,21
2020-06-19,Sonoma,097,501317,1052,803,2,805,4
2020-06-19,Stanislaus,099,539301,2479,1549,6,1555,35
2020-06-19,Sutter,101,95872,129,89,0,89,2
2020-06-19,Tehama,103,63373,61,35,2,37,1
2020-06-19,Trinity,105,12862,15,2,3,5,0
2020-06-19,Tulare,107,460477,4321,3053,10,3063,107
2020-06-19,Tuolumne,109,53932,13,8,0,8,0
2020-06-19,Ventura,111,848112,2899,1865,14,1879,37
2020-06-19,Yolo,113,214977,457,303,0,303,24
2020-06-19,Yuba,115,75493,43,33,0,33,1
2020-06-18,Alameda,001,1643700,5558,4589,7,4596,118
2020-06-18,Alpine,003,1148,1,1,0,1,0
2020-06-18,Amador,005,37829,13,12,0,12,0
2020-06-18,Butte,007,227075,154,88,10,98,1
2020-06-18,Calaveras,009,45235,37,20,0,20,0
2020-06-18,Colusa,011,21464,20,7,0,7,0
2020-06-18,Contra Costa,013,1133247,2601,2072,3,2075,53
2020-06-18,Del Norte,015,27424,47,46,0,46,0
2020-06-18,El Dorado,017,186661,194,121,1,122,0
2020-06-18,Fresno,019,978130,5901,2947,62,3009,57
2020-06-18,Glenn,021,27897,82,35,0,35,0
2020-06-18,Humboldt,023,135768,140,106,0,106,3
2020-06-18,Imperial,025,180216,6678,4366,4,4370,36
2020-06-18,Inyo,027,18085,26,25,0,25,1
2020-06-18,Kern,029,883053,5363,3634,13,3647,57
2020-06-18,Kings,031,150075,2238,1141,5,1146,8
2020-06-18,Lake,033,64148,45,36,0,36,0
2020-06-18,Lassen,035,31185,22,5,2,7,0
2020-06-18,Los Angeles,037,10098052,91284,78244,23,78267,3009
2020-06-18,Madera,039,155013,581,288,2,290,4
2020-06-18,Marin,041,260295,1448,819,4,823,17
2020-06-18,Mariposa,043,17540,19,18,0,18,1
2020-06-18,Mendocino,045,87422,64,45,0,45,0
2020-06-18,Merced,047,269075,934,486,1,487,7
2020-06-18,Modoc,049,8938,1,0,0,0,0
2020-06-18,Mono,051,14174,42,34,0,34,1
2020-06-18,Monterey,053,433212,1513,1127,5,1132,12
2020-06-18,Napa,055,140530,289,205,0,205,3
2020-06-18,Nevada,057,99092,98,68,1,69,1
2020-06-18,Orange,059,3164182,14771,9597,113,9710,255
2020-06-18,Placer,061,380077,629,457,3,460,9
2020-06-18,Plumas,063,18699,6,5,0,5,0
2020-06-18,Riverside,065,2383286,16558,12410,24,12434,392
2020-06-18,Sacramento,067,1510023,2503,1938,4,1942,63
2020-06-18,San Benito,069,59416,203,134,0,134,2
2020-06-18,San Bernardino,071,2135413,12098,8141,7,8148,226
2020-06-18,San Diego,073,3302833,12420,10094,2,10096,331
2020-06-18,San Francisco,075,870044,3298,2951,1,2952,47
2020-06-18,San Joaquin,077,732212,2960,1908,3,1911,47
2020-06-18,San Luis Obispo,079,281455,574,378,5,383,1
2020-06-18,San Mateo,081,765935,3048,2674,3,2677,78
2020-06-18,Santa Barbara,083,443738,2740,2201,21,2222,19
2020-06-18,Santa Clara,085,1922200,4540,3338,17,3355,152
2020-06-18,Santa Cruz,087,273765,345,275,0,275,3
2020-06-18,Shasta,089,179085,126,51,0,51,4
2020-06-18,Sierra,091,2930,1,1,0,1,0
2020-06-18,Siskiyou,093,43540,29,18,0,18,0
2020-06-18,Solano,095,438530,1200,735,4,739,21
2020-06-18,Sonoma,097,501317,1010,789,2,791,4
2020-06-18,Stanislaus,099,539301,2346,1495,6,1501,35
2020-06-18,Sutter,101,95872,125,85,0,85,2
2020-06-18,Tehama,103,63373,56,31,2,33,1
2020-06-18,Trinity,105,12862,15,2,3,5,0
2020-06-18,Tulare,107,460477,4198,3005,10,3015,107
2020-06-18,Tuolumne,109,53932,12,8,0,8,0
2020-06-18,Ventura,111,848112,2773,1781,14,1795,37
2020-06-18,Yolo,113,214977,424,294,0,294,24
2020-06-18,Yuba,115,75493,42,32,0,32,1
2020-06-17,Alameda,001,1643700,5435,4485,7,4492,117
2020-06-17,Alpine,003,1148,1,1,0,1,0
2020-06-17,Amador,005,37829,12,10,0,10,0
2020-06-17,Butte,007,227075,145,81,10,91,1
2020-06-17,Calaveras,009,45235,37,20,0,20,0
2020-06-17,Colusa,011,21464,19,7,0,7,0
2020-06-17,Contra Costa,013,1133247,2504,2020,3,2023,45
2020-06-17,Del Norte,015,27424,47,45,0,45,0
2020-06-17,El Dorado,017,186661,187,116,1,117,0
2020-06-17,Fresno,019,978130,5675,2801,60,2861,56
2020-06-17,Glenn,021,27897,75,31,0,31,0
2020-06-17,Humboldt,023,135768,138,105,0,105,3
2020-06-17,Imperial,025,180216,6505,4108,4,4112,36
2020-06-17,Inyo,027,18085,25,25,0,25,1
2020-06-17,Kern,029,883053,5162,3547,13,3560,56
2020-06-17,Kings,031,150075,2208,1097,5,1102,7
2020-06-17,Lake,033,64148,44,32,0,32,0
2020-06-17,Lassen,035,31185,18,5,2,7,0
2020-06-17,Los Angeles,037,10098052,88975,77166,22,77188,2973
2020-06-17,Madera,039,155013,559,258,2,260,4
2020-06-17,Marin,041,260295,1256,771,3,774,17
2020-06-17,Mariposa,043,17540,18,18,0,18,1
2020-06-17,Mendocino,045,87422,62,42,0,42,0
2020-06-17,Merced,047,269075,862,460,1,461,7
2020-06-17,Modoc,049,8938,1,0,0,0,0
2020-06-17,Mono,051,14174,42,34,0,34,1
2020-06-17,Monterey,053,433212,1461,1077,5,1082,12
2020-06-17,Napa,055,140530,274,202,0,202,3
2020-06-17,Nevada,057,99092,94,57,1,58,1
2020-06-17,Orange,059,3164182,14165,9278,107,9385,230
2020-06-17,Placer,061,380077,609,427,3,430,9
2020-06-17,Plumas,063,18699,6,5,0,5,0
2020-06-17,Riverside,065,2383286,15922,11859,24,11883,370
2020-06-17,Sacramento,067,1510023,2396,1889,4,1893,63
2020-06-17,San Benito,069,59416,198,116,0,116,2
2020-06-17,San Bernardino,071,2135413,11549,7670,7,7677,225
2020-06-17,San Diego,073,3302833,12041,9856,2,9858,327
2020-06-17,San Francisco,075,870044,3259,2906,1,2907,46
2020-06-17,San Joaquin,077,732212,2787,1825,3,1828,46
2020-06-17,San Luis Obispo,079,281455,555,362,5,367,1
2020-06-17,San Mateo,081,765935,3001,2649,3,2652,78
2020-06-17,Santa Barbara,083,443738,2668,2147,19,2166,19
2020-06-17,Santa Clara,085,1922200,4447,3264,16,3280,148
2020-06-17,Santa Cruz,087,273765,339,265,0,265,2
2020-06-17,Shasta,089,179085,124,51,0,51,4
2020-06-17,Sierra,091,2930,1,1,0,1,0
2020-06-17,Siskiyou,093,43540,28,16,0,16,0
2020-06-17,Solano,095,438530,1150,722,4,726,21
2020-06-17,Sonoma,097,501317,985,748,2,750,4
2020-06-17,Stanislaus,099,539301,2223,1387,6,1393,35
2020-06-17,Sutter,101,95872,119,79,0,79,2
2020-06-17,Tehama,103,63373,41,24,2,26,1
2020-06-17,Trinity,105,12862,14,2,3,5,0
2020-06-17,Tulare,107,460477,4088,2882,10,2892,106
2020-06-17,Tuolumne,109,53932,12,7,0,7,0
2020-06-17,Ventura,111,848112,2673,1729,14,1743,37
2020-06-17,Yolo,113,214977,404,277,0,277,24
2020-06-17,Yuba,115,75493,41,30,0,30,1
2020-06-16,Alameda,001,1643700,5317,4428,7,4435,113
2020-06-16,Alpine,003,1148,1,1,0,1,0
2020-06-16,Amador,005,37829,12,10,0,10,0
2020-06-16,Butte,007,227075,141,79,10,89,1
2020-06-16,Calaveras,009,45235,34,19,0,19,0
2020-06-16,Colusa,011,21464,16,7,0,7,0
2020-06-16,Contra Costa,013,1133247,2413,1971,2,1973,45
2020-06-16,Del Norte,015,27424,47,45,0,45,0
2020-06-16,El Dorado,017,186661,181,115,1,116,0
2020-06-16,Fresno,019,978130,5437,2731,58,2789,50
2020-06-16,Glenn,021,27897,71,30,0,30,0
2020-06-16,Humboldt,023,135768,135,105,0,105,3
2020-06-16,Imperial,025,180216,6346,3939,4,3943,36
2020-06-16,Inyo,027,18085,25,24,0,24,1
2020-06-16,Kern,029,883053,4939,3496,13,3509,55
2020-06-16,Kings,031,150075,2162,1044,5,1049,6
2020-06-16,Lake,033,64148,44,31,0,31,0
2020-06-16,Lassen,035,31185,15,5,2,7,0
2020-06-16,Los Angeles,037,10098052,86654,75051,22,75073,2942
2020-06-16,Madera,039,155013,533,239,2,241,3
2020-06-16,Marin,041,260295,1203,725,3,728,17
2020-06-16,Mariposa,043,17540,18,17,0,17,1
2020-06-16,Mendocino,045,87422,61,35,0,35,0
2020-06-16,Merced,047,269075,814,436,1,437,7
2020-06-16,Modoc,049,8938,1,0,0,0,0
2020-06-16,Mono,051,14174,42,34,0,34,1
2020-06-16,Monterey,053,433212,1413,1019,5,1024,12
2020-06-16,Napa,055,140530,259,196,0,196,3
2020-06-16,Nevada,057,99092,91,53,1,54,1
2020-06-16,Orange,059,3164182,13581,9163,101,9264,223
2020-06-16,Placer,061,380077,577,392,3,395,9
2020-06-16,Plumas,063,18699,6,5,0,5,0
2020-06-16,Riverside,065,2383286,15247,11638,24,11662,364
2020-06-16,Sacramento,067,1510023,2286,1825,4,1829,60
2020-06-16,San Benito,069,59416,190,110,0,110,2
2020-06-16,San Bernardino,071,2135413,11005,7463,7,7470,225
2020-06-16,San Diego,073,3302833,11679,9732,1,9733,323
2020-06-16,San Francisco,075,870044,3208,2893,1,2894,46
2020-06-16,San Joaquin,077,732212,2634,1718,3,1721,47
2020-06-16,San Luis Obispo,079,281455,531,343,5,348,1
2020-06-16,San Mateo,081,765935,2947,2618,3,2621,77
2020-06-16,Santa Barbara,083,443738,2601,2090,19,2109,16
2020-06-16,Santa Clara,085,1922200,4336,3228,15,3243,148
2020-06-16,Santa Cruz,087,273765,323,257,0,257,2
2020-06-16,Shasta,089,179085,115,51,0,51,4
2020-06-16,Sierra,091,2930,1,1,0,1,0
2020-06-16,Siskiyou,093,43540,27,15,0,15,0
2020-06-16,Solano,095,438530,1060,694,4,698,19
2020-06-16,Sonoma,097,501317,953,739,2,741,4
2020-06-16,Stanislaus,099,539301,2070,1278,6,1284,36
2020-06-16,Sutter,101,95872,112,73,0,73,2
2020-06-16,Tehama,103,63373,37,24,2,26,1
2020-06-16,Trinity,105,12862,14,2,3,5,0
2020-06-16,Tulare,107,460477,3969,2802,10,2812,96
2020-06-16,Tuolumne,109,53932,12,7,0,7,0
2020-06-16,Ventura,111,848112,2573,1676,14,1690,37
2020-06-16,Yolo,113,214977,381,262,0,262,24
2020-06-16,Yuba,115,75493,39,29,0,29,1
2020-06-15,Alameda,001,1643700,5191,4323,7,4330,112
2020-06-15,Alpine,003,1148,1,1,0,1,0
2020-06-15,Amador,005,37829,12,10,0,10,0
2020-06-15,Butte,007,227075,133,78,10,88,1
2020-06-15,Calaveras,009,45235,34,18,0,18,0
2020-06-15,Colusa,011,21464,14,7,0,7,0
2020-06-15,Contra Costa,013,1133247,2336,1918,2,1920,43
2020-06-15,Del Norte,015,27424,47,45,0,45,0
2020-06-15,El Dorado,017,186661,171,114,1,115,0
2020-06-15,Fresno,019,978130,5225,2616,57,2673,48
2020-06-15,Glenn,021,27897,66,21,0,21,0
2020-06-15,Humboldt,023,135768,133,105,0,105,3
2020-06-15,Imperial,025,180216,6171,3726,4,3730,36
2020-06-15,Inyo,027,18085,25,23,0,23,1
2020-06-15,Kern,029,883053,4716,3417,13,3430,55
2020-06-15,Kings,031,150075,2085,1022,5,1027,6
2020-06-15,Lake,033,64148,44,31,0,31,0
2020-06-15,Lassen,035,31185,15,5,2,7,0
2020-06-15,Los Angeles,037,10098052,84465,73705,22,73727,2908
2020-06-15,Madera,039,155013,511,203,2,205,3
2020-06-15,Marin,041,260295,1036,708,3,711,17
2020-06-15,Mariposa,043,17540,18,17,0,17,1
2020-06-15,Mendocino,045,87422,52,33,0,33,0
2020-06-15,Merced,047,269075,768,414,1,415,7
2020-06-15,Modoc,049,8938,1,0,0,0,0
2020-06-15,Mono,051,14174,42,34,0,34,1
2020-06-15,Monterey,053,433212,1347,998,5,1003,12
2020-06-15,Napa,055,140530,251,187,0,187,3
2020-06-15,Nevada,057,99092,85,52,1,53,1
2020-06-15,Orange,059,3164182,13013,8944,93,9037,212
2020-06-15,Placer,061,380077,555,386,3,389,9
2020-06-15,Plumas,063,18699,6,4,0,4,0
2020-06-15,Riverside,065,2383286,14629,11376,23,11399,364
2020-06-15,Sacramento,067,1510023,2170,1791,4,1795,60
2020-06-15,San Benito,069,59416,184,108,0,108,2
2020-06-15,San Bernardino,071,2135413,10502,7189,7,7196,224
2020-06-15,San Diego,073,3302833,11339,9612,1,9613,320
2020-06-15,San Francisco,075,870044,3164,2833,1,2834,45
2020-06-15,San Joaquin,077,732212,2498,1667,3,1670,43
2020-06-15,San Luis Obispo,079,281455,516,332,5,337,1
2020-06-15,San Mateo,081,765935,2900,2591,3,2594,75
2020-06-15,Santa Barbara,083,443738,2533,2054,19,2073,16
2020-06-15,Santa Clara,085,1922200,4236,3204,15,3219,148
2020-06-15,Santa Cruz,087,273765,312,254,0,254,2
2020-06-15,Shasta,089,179085,109,50,0,50,4
2020-06-15,Sierra,091,2930,1,1,0,1,0
2020-06-15,Siskiyou,093,43540,26,14,0,14,0
2020-06-15,Solano,095,438530,1000,638,4,642,19
2020-06-15,Sonoma,097,501317,924,726,2,728,4
2020-06-15,Stanislaus,099,539301,1953,1253,6,1259,35
2020-06-15,Sutter,101,95872,102,71,0,71,2
2020-06-15,Tehama,103,63373,37,17,2,19,1
2020-06-15,Trinity,105,12862,13,2,3,5,0
2020-06-15,Tulare,107,460477,3855,2662,10,2672,96
2020-06-15,Tuolumne,109,53932,11,7,0,7,0
2020-06-15,Ventura,111,848112,2492,1656,14,1670,37
2020-06-15,Yolo,113,214977,361,255,0,255,24
2020-06-15,Yuba,115,75493,39,28,0,28,1
2020-06-14,Alameda,001,1643700,5045,4271,7,4278,112
2020-06-14,Alpine,003,1148,1,1,0,1,0
2020-06-14,Amador,005,37829,12,10,0,10,0
2020-06-14,Butte,007,227075,125,78,10,88,1
2020-06-14,Calaveras,009,45235,33,18,0,18,0
2020-06-14,Colusa,011,21464,13,7,0,7,0
2020-06-14,Contra Costa,013,1133247,2268,1893,2,1895,43
2020-06-14,Del Norte,015,27424,47,45,0,45,0
2020-06-14,El Dorado,017,186661,167,110,1,111,0
2020-06-14,Fresno,019,978130,5040,2585,56,2641,48
2020-06-14,Glenn,021,27897,51,21,0,21,0
2020-06-14,Humboldt,023,135768,129,105,0,105,3
2020-06-14,Imperial,025,180216,5940,3730,4,3734,36
2020-06-14,Inyo,027,18085,24,23,0,23,1
2020-06-14,Kern,029,883053,4505,3328,13,3341,55
2020-06-14,Kings,031,150075,2034,1022,4,1026,6
2020-06-14,Lake,033,64148,41,31,0,31,0
2020-06-14,Lassen,035,31185,15,5,2,7,0
2020-06-14,Los Angeles,037,10098052,82139,72932,21,72953,2887
2020-06-14,Madera,039,155013,492,203,2,205,3
2020-06-14,Marin,041,260295,871,689,2,691,17
2020-06-14,Mariposa,043,17540,18,16,0,16,1
2020-06-14,Mendocino,045,87422,49,33,0,33,0
2020-06-14,Merced,047,269075,717,403,1,404,7
2020-06-14,Modoc,049,8938,1,0,0,0,0
2020-06-14,Mono,051,14174,42,34,0,34,1
2020-06-14,Monterey,053,433212,1286,949,5,954,12
2020-06-14,Napa,055,140530,229,181,0,181,3
2020-06-14,Nevada,057,99092,81,52,1,53,1
2020-06-14,Orange,059,3164182,12586,8744,89,8833,211
2020-06-14,Placer,061,380077,529,369,3,372,9
2020-06-14,Plumas,063,18699,5,4,0,4,0
2020-06-14,Riverside,065,2383286,14186,11218,23,11241,364
2020-06-14,Sacramento,067,1510023,2083,1750,4,1754,60
2020-06-14,San Benito,069,59416,173,104,0,104,2
2020-06-14,San Bernardino,071,2135413,9962,7015,7,7022,224
2020-06-14,San Diego,073,3302833,10964,9442,1,9443,319
2020-06-14,San Francisco,075,870044,3124,2834,1,2835,45
2020-06-14,San Joaquin,077,732212,2347,1603,3,1606,43
2020-06-14,San Luis Obispo,079,281455,501,330,5,335,1
2020-06-14,San Mateo,081,765935,2842,2571,3,2574,75
2020-06-14,Santa Barbara,083,443738,2456,2049,19,2068,17
2020-06-14,Santa Clara,085,1922200,4141,3178,15,3193,148
2020-06-14,Santa Cruz,087,273765,298,254,0,254,2
2020-06-14,Shasta,089,179085,103,48,0,48,4
2020-06-14,Sierra,091,2930,1,1,0,1,0
2020-06-14,Siskiyou,093,43540,25,13,0,13,0
2020-06-14,Solano,095,438530,951,638,4,642,19
2020-06-14,Sonoma,097,501317,896,724,2,726,4
2020-06-14,Stanislaus,099,539301,1805,1159,6,1165,35
2020-06-14,Sutter,101,95872,97,63,0,63,2
2020-06-14,Tehama,103,63373,34,17,2,19,1
2020-06-14,Trinity,105,12862,13,2,3,5,0
2020-06-14,Tulare,107,460477,3721,2646,10,2656,96
2020-06-14,Tuolumne,109,53932,11,7,0,7,0
2020-06-14,Ventura,111,848112,2393,1610,13,1623,37
2020-06-14,Yolo,113,214977,345,254,0,254,24
2020-06-14,Yuba,115,75493,38,28,0,28,1
2020-06-13,Alameda,001,1643700,4982,4196,7,4203,112
2020-06-13,Alpine,003,1148,1,1,0,1,0
2020-06-13,Amador,005,37829,11,10,0,10,0
2020-06-13,Butte,007,227075,116,72,10,82,1
2020-06-13,Calaveras,009,45235,31,18,0,18,0
2020-06-13,Colusa,011,21464,12,7,0,7,0
2020-06-13,Contra Costa,013,1133247,2232,1868,2,1870,43
2020-06-13,Del Norte,015,27424,47,45,0,45,0
2020-06-13,El Dorado,017,186661,163,110,1,111,0
2020-06-13,Fresno,019,978130,4942,2499,56,2555,48
2020-06-13,Glenn,021,27897,49,21,0,21,0
2020-06-13,Humboldt,023,135768,128,104,0,104,3
2020-06-13,Imperial,025,180216,5867,3646,4,3650,36
2020-06-13,Inyo,027,18085,24,23,0,23,1
2020-06-13,Kern,029,883053,4396,3239,13,3252,55
2020-06-13,Kings,031,150075,2014,1023,4,1027,6
2020-06-13,Lake,033,64148,40,29,0,29,0
2020-06-13,Lassen,035,31185,15,5,2,7,0
2020-06-13,Los Angeles,037,10098052,81098,71938,21,71959,2874
2020-06-13,Madera,039,155013,488,203,2,205,3
2020-06-13,Marin,041,260295,840,677,2,679,17
2020-06-13,Mariposa,043,17540,18,16,0,16,1
2020-06-13,Mendocino,045,87422,49,33,0,33,0
2020-06-13,Merced,047,269075,699,376,1,377,7
2020-06-13,Modoc,049,8938,1,0,0,0,0
2020-06-13,Mono,051,14174,42,35,0,35,1
2020-06-13,Monterey,053,433212,1248,900,5,905,11
2020-06-13,Napa,055,140530,226,171,0,171,3
2020-06-13,Nevada,057,99092,79,52,1,53,1
2020-06-13,Orange,059,3164182,12342,8581,86,8667,211
2020-06-13,Placer,061,380077,512,346,3,349,9
2020-06-13,Plumas,063,18699,5,4,0,4,0
2020-06-13,Riverside,065,2383286,13907,10931,23,10954,364
2020-06-13,Sacramento,067,1510023,2028,1713,4,1717,60
2020-06-13,San Benito,069,59416,166,99,0,99,2
2020-06-13,San Bernardino,071,2135413,9739,6885,7,6892,224
2020-06-13,San Diego,073,3302833,10792,9316,1,9317,319
2020-06-13,San Francisco,075,870044,3104,2834,1,2835,44
2020-06-13,San Joaquin,077,732212,2266,1461,3,1464,43
2020-06-13,San Luis Obispo,079,281455,490,326,5,331,1
2020-06-13,San Mateo,081,765935,2819,2551,3,2554,75
2020-06-13,Santa Barbara,083,443738,2398,1999,19,2018,15
2020-06-13,Santa Clara,085,1922200,4098,3141,15,3156,148
2020-06-13,Santa Cruz,087,273765,292,254,0,254,2
2020-06-13,Shasta,089,179085,101,48,0,48,4
2020-06-13,Sierra,091,2930,1,1,0,1,0
2020-06-13,Siskiyou,093,43540,25,13,0,13,0
2020-06-13,Solano,095,438530,923,637,4,641,19
2020-06-13,Sonoma,097,501317,881,711,2,713,4
2020-06-13,Stanislaus,099,539301,1748,1122,6,1128,33
2020-06-13,Sutter,101,95872,96,62,0,62,2
2020-06-13,Tehama,103,63373,33,17,2,19,1
2020-06-13,Trinity,105,12862,13,2,3,5,0
2020-06-13,Tulare,107,460477,3689,2626,10,2636,96
2020-06-13,Tuolumne,109,53932,10,7,0,7,0
2020-06-13,Ventura,111,848112,2347,1567,13,1580,37
2020-06-13,Yolo,113,214977,325,251,0,251,24
2020-06-13,Yuba,115,75493,38,28,0,28,1
2020-06-12,Alameda,001,1643700,4909,4167,7,4174,109
2020-06-12,Alpine,003,1148,1,1,0,1,0
2020-06-12,Amador,005,37829,11,10,0,10,0
2020-06-12,Butte,007,227075,112,71,9,80,1
2020-06-12,Calaveras,009,45235,28,18,0,18,0
2020-06-12,Colusa,011,21464,12,7,0,7,0
2020-06-12,Contra Costa,013,1133247,2195,1827,2,1829,43
2020-06-12,Del Norte,015,27424,47,45,0,45,0
2020-06-12,El Dorado,017,186661,163,110,1,111,0
2020-06-12,Fresno,019,978130,4804,2428,56,2484,47
2020-06-12,Glenn,021,27897,46,21,0,21,0
2020-06-12,Humboldt,023,135768,126,105,0,105,3
2020-06-12,Imperial,025,180216,5783,3543,4,3547,36
2020-06-12,Inyo,027,18085,24,23,0,23,1
2020-06-12,Kern,029,883053,4279,3152,13,3165,54
2020-06-12,Kings,031,150075,2001,987,4,991,6
2020-06-12,Lake,033,64148,39,29,0,29,0
2020-06-12,Lassen,035,31185,15,5,2,7,0
2020-06-12,Los Angeles,037,10098052,79693,70385,21,70406,2814
2020-06-12,Madera,039,155013,463,187,2,189,3
2020-06-12,Marin,041,260295,837,649,2,651,17
2020-06-12,Mariposa,043,17540,18,16,0,16,1
2020-06-12,Mendocino,045,87422,49,33,0,33,0
2020-06-12,Merced,047,269075,665,372,1,373,7
2020-06-12,Modoc,049,8938,1,0,0,0,0
2020-06-12,Mono,051,14174,39,35,0,35,1
2020-06-12,Monterey,053,433212,1207,864,4,868,11
2020-06-12,Napa,055,140530,223,162,0,162,3
2020-06-12,Nevada,057,99092,73,52,1,53,1
2020-06-12,Orange,059,3164182,12036,8440,85,8525,203
2020-06-12,Placer,061,380077,495,333,3,336,9
2020-06-12,Plumas,063,18699,5,4,0,4,0
2020-06-12,Riverside,065,2383286,13570,10616,23,10639,364
2020-06-12,Sacramento,067,1510023,1973,1702,4,1706,60
2020-06-12,San Benito,069,59416,159,96,0,96,2
2020-06-12,San Bernardino,071,2135413,9471,6707,7,6714,223
2020-06-12,San Diego,073,3302833,10622,9132,1,9133,313
2020-06-12,San Francisco,075,870044,3070,2823,1,2824,44
2020-06-12,San Joaquin,077,732212,2186,1406,3,1409,43
2020-06-12,San Luis Obispo,079,281455,474,321,5,326,1
2020-06-12,San Mateo,081,765935,2784,2533,3,2536,75
2020-06-12,Santa Barbara,083,443738,2344,1969,19,1988,14
2020-06-12,Santa Clara,085,1922200,4054,3099,15,3114,149
2020-06-12,Santa Cruz,087,273765,284,251,0,251,2
2020-06-12,Shasta,089,179085,94,48,0,48,5
2020-06-12,Sierra,091,2930,1,1,0,1,0
2020-06-12,Siskiyou,093,43540,25,13,0,13,0
2020-06-12,Solano,095,438530,909,620,4,624,19
2020-06-12,Sonoma,097,501317,862,696,2,698,4
2020-06-12,Stanislaus,099,539301,1689,1092,6,1098,33
2020-06-12,Sutter,101,95872,95,56,0,56,2
2020-06-12,Tehama,103,63373,32,13,2,15,1
2020-06-12,Trinity,105,12862,13,2,3,5,0
2020-06-12,Tulare,107,460477,3635,2552,10,2562,95
2020-06-12,Tuolumne,109,53932,10,7,0,7,0
2020-06-12,Ventura,111,848112,2295,1534,13,1547,35
2020-06-12,Yolo,113,214977,313,243,0,243,24
2020-06-12,Yuba,115,75493,36,27,0,27,1
2020-06-11,Alameda,001,1643700,4779,4073,6,4079,108
2020-06-11,Alpine,003,1148,1,1,0,1,0
2020-06-11,Amador,005,37829,10,10,0,10,0
2020-06-11,Butte,007,227075,106,72,9,81,1
2020-06-11,Calaveras,009,45235,27,16,0,16,0
2020-06-11,Colusa,011,21464,12,7,0,7,0
2020-06-11,Contra Costa,013,1133247,2142,1797,2,1799,43
2020-06-11,Del Norte,015,27424,47,45,0,45,0
2020-06-11,El Dorado,017,186661,155,109,1,110,0
2020-06-11,Fresno,019,978130,4651,2338,56,2394,45
2020-06-11,Glenn,021,27897,42,21,0,21,0
2020-06-11,Humboldt,023,135768,122,113,0,113,3
2020-06-11,Imperial,025,180216,5626,3463,4,3467,36
2020-06-11,Inyo,027,18085,22,23,0,23,1
2020-06-11,Kern,029,883053,4127,3047,11,3058,54
2020-06-11,Kings,031,150075,1968,963,4,967,6
2020-06-11,Lake,033,64148,39,28,0,28,0
2020-06-11,Lassen,035,31185,15,5,2,7,0
2020-06-11,Los Angeles,037,10098052,78026,68807,20,68827,2800
2020-06-11,Madera,039,155013,445,178,2,180,3
2020-06-11,Marin,041,260295,789,637,2,639,17
2020-06-11,Mariposa,043,17540,18,16,0,16,1
2020-06-11,Mendocino,045,87422,40,35,0,35,0
2020-06-11,Merced,047,269075,625,370,1,371,7
2020-06-11,Modoc,049,8938,1,0,0,0,0
2020-06-11,Mono,051,14174,39,35,0,35,1
2020-06-11,Monterey,053,433212,1160,813,4,817,11
2020-06-11,Napa,055,140530,214,162,0,162,3
2020-06-11,Nevada,057,99092,67,50,1,51,1
2020-06-11,Orange,059,3164182,11728,8304,84,8388,188
2020-06-11,Placer,061,380077,476,321,3,324,9
2020-06-11,Plumas,063,18699,5,4,0,4,0
2020-06-11,Riverside,065,2383286,13217,10014,23,10037,361
2020-06-11,Sacramento,067,1510023,1925,1669,4,1673,60
2020-06-11,San Benito,069,59416,153,94,0,94,2
2020-06-11,San Bernardino,071,2135413,9174,6509,7,6516,221
2020-06-11,San Diego,073,3302833,10392,9000,0,9000,308
2020-06-11,San Francisco,075,870044,3041,2766,1,2767,44
2020-06-11,San Joaquin,077,732212,2074,1351,3,1354,43
2020-06-11,San Luis Obispo,079,281455,460,307,5,312,1
2020-06-11,San Mateo,081,765935,2746,2499,3,2502,74
2020-06-11,Santa Barbara,083,443738,2283,1895,19,1914,14
2020-06-11,Santa Clara,085,1922200,3987,3049,15,3064,149
2020-06-11,Santa Cruz,087,273765,280,247,0,247,2
2020-06-11,Shasta,089,179085,87,47,0,47,5
2020-06-11,Sierra,091,2930,1,1,0,1,0
2020-06-11,Siskiyou,093,43540,25,14,0,14,0
2020-06-11,Solano,095,438530,883,616,4,620,19
2020-06-11,Sonoma,097,501317,840,682,2,684,4
2020-06-11,Stanislaus,099,539301,1598,1062,6,1068,30
2020-06-11,Sutter,101,95872,92,56,0,56,2
2020-06-11,Tehama,103,63373,27,10,2,12,1
2020-06-11,Trinity,105,12862,11,2,3,5,0
2020-06-11,Tulare,107,460477,3536,2473,10,2483,95
2020-06-11,Tuolumne,109,53932,10,7,0,7,0
2020-06-11,Ventura,111,848112,2218,1491,12,1503,34
2020-06-11,Yolo,113,214977,305,230,0,230,24
2020-06-11,Yuba,115,75493,36,27,0,27,1
2020-06-10,Alameda,001,1643700,4679,4027,6,4033,107
2020-06-10,Alpine,003,1148,1,1,0,1,0
2020-06-10,Amador,005,37829,10,10,0,10,0
2020-06-10,Butte,007,227075,102,71,9,80,1
2020-06-10,Calaveras,009,45235,27,16,0,16,0
2020-06-10,Colusa,011,21464,11,7,0,7,0
2020-06-10,Contra Costa,013,1133247,2098,1778,2,1780,43
2020-06-10,Del Norte,015,27424,47,45,0,45,0
2020-06-10,El Dorado,017,186661,152,109,1,110,0
2020-06-10,Fresno,019,978130,4474,2324,56,2380,45
2020-06-10,Glenn,021,27897,39,21,0,21,0
2020-06-10,Humboldt,023,135768,118,112,0,112,3
2020-06-10,Imperial,025,180216,5478,3454,4,3458,36
2020-06-10,Inyo,027,18085,22,23,0,23,1
2020-06-10,Kern,029,883053,4002,3000,10,3010,54
2020-06-10,Kings,031,150075,1922,952,3,955,6
2020-06-10,Lake,033,64148,39,28,0,28,0
2020-06-10,Lassen,035,31185,15,5,2,7,0
2020-06-10,Los Angeles,037,10098052,76510,67018,20,67038,2752
2020-06-10,Madera,039,155013,431,176,1,177,3
2020-06-10,Marin,041,260295,757,633,2,635,17
2020-06-10,Mariposa,043,17540,17,16,0,16,1
2020-06-10,Mendocino,045,87422,39,35,0,35,0
2020-06-10,Merced,047,269075,592,370,1,371,7
2020-06-10,Modoc,049,8938,1,0,0,0,0
2020-06-10,Mono,051,14174,39,35,0,35,1
2020-06-10,Monterey,053,433212,1106,791,4,795,11
2020-06-10,Napa,055,140530,211,159,0,159,3
2020-06-10,Nevada,057,99092,65,50,1,51,1
2020-06-10,Orange,059,3164182,11452,8222,80,8302,184
2020-06-10,Placer,061,380077,451,309,3,312,9
2020-06-10,Plumas,063,18699,5,4,0,4,0
2020-06-10,Riverside,065,2383286,12894,9857,23,9880,361
2020-06-10,Sacramento,067,1510023,1886,1643,2,1645,59
2020-06-10,San Benito,069,59416,144,94,0,94,2
2020-06-10,San Bernardino,071,2135413,8881,6438,7,6445,219
2020-06-10,San Diego,073,3302833,10228,8839,0,8839,305
2020-06-10,San Francisco,075,870044,3016,2774,1,2775,44
2020-06-10,San Joaquin,077,732212,1945,1282,3,1285,41
2020-06-10,San Luis Obispo,079,281455,440,306,5,311,1
2020-06-10,San Mateo,081,765935,2706,2492,3,2495,74
2020-06-10,Santa Barbara,083,443738,2227,1878,19,1897,13
2020-06-10,Santa Clara,085,1922200,3936,3032,15,3047,149
2020-06-10,Santa Cruz,087,273765,276,242,0,242,2
2020-06-10,Shasta,089,179085,82,45,0,45,5
2020-06-10,Sierra,091,2930,1,1,0,1,0
2020-06-10,Siskiyou,093,43540,25,14,0,14,0
2020-06-10,Solano,095,438530,847,608,4,612,19
2020-06-10,Sonoma,097,501317,822,673,2,675,4
2020-06-10,Stanislaus,099,539301,1508,1030,6,1036,29
2020-06-10,Sutter,101,95872,91,56,0,56,2
2020-06-10,Tehama,103,63373,25,10,2,12,1
2020-06-10,Trinity,105,12862,11,2,3,5,0
2020-06-10,Tulare,107,460477,3443,2455,10,2465,95
2020-06-10,Tuolumne,109,53932,10,7,0,7,0
2020-06-10,Ventura,111,848112,2172,1446,11,1457,34
2020-06-10,Yolo,113,214977,297,226,0,226,24
2020-06-10,Yuba,115,75493,35,27,0,27,1
2020-06-09,Alameda,001,1643700,4569,3963,6,3969,103
2020-06-09,Alpine,003,1148,1,1,0,1,0
2020-06-09,Amador,005,37829,10,10,0,10,0
2020-06-09,Butte,007,227075,101,70,8,78,1
2020-06-09,Calaveras,009,45235,27,16,0,16,0
2020-06-09,Colusa,011,21464,10,7,0,7,0
2020-06-09,Contra Costa,013,1133247,2057,1744,2,1746,42
2020-06-09,Del Norte,015,27424,47,45,0,45,0
2020-06-09,El Dorado,017,186661,142,108,1,109,0
2020-06-09,Fresno,019,978130,4322,2278,56,2334,43
2020-06-09,Glenn,021,27897,38,19,0,19,0
2020-06-09,Humboldt,023,135768,116,113,0,113,2
2020-06-09,Imperial,025,180216,5327,3067,4,3071,36
2020-06-09,Inyo,027,18085,22,22,0,22,1
2020-06-09,Kern,029,883053,3874,2920,10,2930,51
2020-06-09,Kings,031,150075,1890,934,3,937,6
2020-06-09,Lake,033,64148,39,28,0,28,0
2020-06-09,Lassen,035,31185,15,5,2,7,0
2020-06-09,Los Angeles,037,10098052,74850,65827,20,65847,2692
2020-06-09,Madera,039,155013,416,172,1,173,3
2020-06-09,Marin,041,260295,721,616,2,618,17
2020-06-09,Mariposa,043,17540,17,16,0,16,1
2020-06-09,Mendocino,045,87422,35,35,0,35,0
2020-06-09,Merced,047,269075,563,349,1,350,7
2020-06-09,Modoc,049,8938,1,0,0,0,0
2020-06-09,Mono,051,14174,39,35,0,35,1
2020-06-09,Monterey,053,433212,1065,772,4,776,11
2020-06-09,Napa,055,140530,201,156,0,156,3
2020-06-09,Nevada,057,99092,57,50,1,51,1
2020-06-09,Orange,059,3164182,11211,7991,78,8069,174
2020-06-09,Placer,061,380077,438,301,3,304,9
2020-06-09,Plumas,063,18699,5,4,0,4,0
2020-06-09,Riverside,065,2383286,12516,9511,23,9534,354
2020-06-09,Sacramento,067,1510023,1832,1625,2,1627,59
2020-06-09,San Benito,069,59416,138,95,0,95,2
2020-06-09,San Bernardino,071,2135413,8558,6268,6,6274,217
2020-06-09,San Diego,073,3302833,10043,8731,0,8731,301
2020-06-09,San Francisco,075,870044,2991,2749,1,2750,44
2020-06-09,San Joaquin,077,732212,1839,1240,3,1243,41
2020-06-09,San Luis Obispo,079,281455,427,301,4,305,1
2020-06-09,San Mateo,081,765935,2675,2463,3,2466,74
2020-06-09,Santa Barbara,083,443738,2171,1854,19,1873,13
2020-06-09,Santa Clara,085,1922200,3868,3006,14,3020,147
2020-06-09,Santa Cruz,087,273765,270,237,0,237,2
2020-06-09,Shasta,089,179085,78,44,0,44,4
2020-06-09,Sierra,091,2930,1,1,0,1,0
2020-06-09,Siskiyou,093,43540,20,10,0,10,0
2020-06-09,Solano,095,438530,812,596,4,600,18
2020-06-09,Sonoma,097,501317,799,661,2,663,4
2020-06-09,Stanislaus,099,539301,1407,993,6,999,25
2020-06-09,Sutter,101,95872,88,56,0,56,2
2020-06-09,Tehama,103,63373,25,9,2,11,1
2020-06-09,Trinity,105,12862,10,2,3,5,0
2020-06-09,Tulare,107,460477,3377,2393,10,2403,91
2020-06-09,Tuolumne,109,53932,10,8,0,8,0
2020-06-09,Ventura,111,848112,2106,1407,11,1418,34
2020-06-09,Yolo,113,214977,286,226,0,226,24
2020-06-09,Yuba,115,75493,34,27,0,27,1
2020-06-08,Alameda,001,1643700,4488,3937,6,3943,103
2020-06-08,Alpine,003,1148,1,1,0,1,0
2020-06-08,Amador,005,37829,10,10,0,10,0
2020-06-08,Butte,007,227075,97,68,8,76,1
2020-06-08,Calaveras,009,45235,27,16,0,16,0
2020-06-08,Colusa,011,21464,9,7,0,7,0
2020-06-08,Contra Costa,013,1133247,2014,1714,2,1716,41
2020-06-08,Del Norte,015,27424,47,45,0,45,0
2020-06-08,El Dorado,017,186661,138,107,1,108,0
2020-06-08,Fresno,019,978130,4198,2194,55,2249,42
2020-06-08,Glenn,021,27897,36,17,0,17,0
2020-06-08,Humboldt,023,135768,116,112,0,112,2
2020-06-08,Imperial,025,180216,5175,3051,4,3055,21
2020-06-08,Inyo,027,18085,22,22,0,22,1
2020-06-08,Kern,029,883053,3743,2853,9,2862,49
2020-06-08,Kings,031,150075,1814,892,3,895,6
2020-06-08,Lake,033,64148,39,28,0,28,0
2020-06-08,Lassen,035,31185,15,4,2,6,0
2020-06-08,Los Angeles,037,10098052,73388,64634,20,64654,2640
2020-06-08,Madera,039,155013,386,154,1,155,3
2020-06-08,Marin,041,260295,680,596,2,598,17
2020-06-08,Mariposa,043,17540,16,16,0,16,1
2020-06-08,Mendocino,045,87422,33,32,0,32,0
2020-06-08,Merced,047,269075,529,331,1,332,7
2020-06-08,Modoc,049,8938,1,0,0,0,0
2020-06-08,Mono,051,14174,39,35,0,35,1
2020-06-08,Monterey,053,433212,1014,751,3,754,10
2020-06-08,Napa,055,140530,185,151,0,151,3
2020-06-08,Nevada,057,99092,56,50,1,51,1
2020-06-08,Orange,059,3164182,10960,7786,76,7862,160
2020-06-08,Placer,061,380077,421,290,3,293,9
2020-06-08,Plumas,063,18699,5,4,0,4,0
2020-06-08,Riverside,065,2383286,12147,9246,23,9269,347
2020-06-08,Sacramento,067,1510023,1782,1591,2,1593,59
2020-06-08,San Benito,069,59416,131,93,0,93,2
2020-06-08,San Bernardino,071,2135413,8239,6122,6,6128,214
2020-06-08,San Diego,073,3302833,9886,8621,0,8621,296
2020-06-08,San Francisco,075,870044,2964,2715,1,2716,43
2020-06-08,San Joaquin,077,732212,1732,1198,3,1201,40
2020-06-08,San Luis Obispo,079,281455,421,300,4,304,1
2020-06-08,San Mateo,081,765935,2644,2431,2,2433,74
2020-06-08,Santa Barbara,083,443738,2116,1824,17,1841,13
2020-06-08,Santa Clara,085,1922200,3822,2971,14,2985,146
2020-06-08,Santa Cruz,087,273765,269,234,0,234,2
2020-06-08,Shasta,089,179085,74,43,0,43,4
2020-06-08,Sierra,091,2930,1,1,0,1,0
2020-06-08,Siskiyou,093,43540,20,8,0,8,0
2020-06-08,Solano,095,438530,785,560,4,564,19
2020-06-08,Sonoma,097,501317,783,654,2,656,4
2020-06-08,Stanislaus,099,539301,1325,956,6,962,28
2020-06-08,Sutter,101,95872,81,55,0,55,2
2020-06-08,Tehama,103,63373,19,8,2,10,1
2020-06-08,Trinity,105,12862,10,2,3,5,0
2020-06-08,Tulare,107,460477,3294,2301,10,2311,91
2020-06-08,Tuolumne,109,53932,9,8,0,8,0
2020-06-08,Ventura,111,848112,2048,1382,11,1393,30
2020-06-08,Yolo,113,214977,275,228,0,228,24
2020-06-08,Yuba,115,75493,32,27,0,27,1
2020-06-07,Alameda,001,1643700,4375,3866,6,3872,102
2020-06-07,Alpine,003,1148,1,1,0,1,0
2020-06-07,Amador,005,37829,10,10,0,10,0
2020-06-07,Butte,007,227075,95,64,6,70,1
2020-06-07,Calaveras,009,45235,25,16,0,16,0
2020-06-07,Colusa,011,21464,9,7,0,7,0
2020-06-07,Contra Costa,013,1133247,1963,1653,1,1654,38
2020-06-07,Del Norte,015,27424,45,45,0,45,0
2020-06-07,El Dorado,017,186661,138,104,1,105,0
2020-06-07,Fresno,019,978130,4068,2144,55,2199,41
2020-06-07,Glenn,021,27897,29,16,0,16,0
2020-06-07,Humboldt,023,135768,116,112,0,112,2
2020-06-07,Imperial,025,180216,5025,3048,4,3052,19
2020-06-07,Inyo,027,18085,22,21,0,21,1
2020-06-07,Kern,029,883053,3612,2771,9,2780,46
2020-06-07,Kings,031,150075,1765,882,3,885,6
2020-06-07,Lake,033,64148,36,28,0,28,0
2020-06-07,Lassen,035,31185,14,4,2,6,0
2020-06-07,Los Angeles,037,10098052,71680,63750,20,63770,2629
2020-06-07,Madera,039,155013,369,149,1,150,3
2020-06-07,Marin,041,260295,666,584,2,586,17
2020-06-07,Mariposa,043,17540,16,16,0,16,1
2020-06-07,Mendocino,045,87422,33,32,0,32,0
2020-06-07,Merced,047,269075,496,318,1,319,7
2020-06-07,Modoc,049,8938,1,0,0,0,0
2020-06-07,Mono,051,14174,39,35,0,35,1
2020-06-07,Monterey,053,433212,968,732,3,735,10
2020-06-07,Napa,055,140530,177,142,0,142,3
2020-06-07,Nevada,057,99092,55,50,1,51,1
2020-06-07,Orange,059,3164182,10703,7643,74,7717,158
2020-06-07,Placer,061,380077,400,273,2,275,9
2020-06-07,Plumas,063,18699,5,4,0,4,0
2020-06-07,Riverside,065,2383286,11851,9105,23,9128,344
2020-06-07,Sacramento,067,1510023,1734,1568,2,1570,59
2020-06-07,San Benito,069,59416,128,92,0,92,2
2020-06-07,San Bernardino,071,2135413,7953,6033,6,6039,214
2020-06-07,San Diego,073,3302833,9707,8478,0,8478,296
2020-06-07,San Francisco,075,870044,2920,2674,0,2674,43
2020-06-07,San Joaquin,077,732212,1631,1126,3,1129,37
2020-06-07,San Luis Obispo,079,281455,411,296,4,300,1
2020-06-07,San Mateo,081,765935,2617,2399,2,2401,73
2020-06-07,Santa Barbara,083,443738,2061,1818,17,1835,13
2020-06-07,Santa Clara,085,1922200,3770,2947,14,2961,146
2020-06-07,Santa Cruz,087,273765,261,230,0,230,2
2020-06-07,Shasta,089,179085,73,41,0,41,4
2020-06-07,Sierra,091,2930,1,1,0,1,0
2020-06-07,Siskiyou,093,43540,20,8,0,8,0
2020-06-07,Solano,095,438530,762,560,4,564,19
2020-06-07,Sonoma,097,501317,752,639,2,641,4
2020-06-07,Stanislaus,099,539301,1245,905,5,910,28
2020-06-07,Sutter,101,95872,73,55,0,55,2
2020-06-07,Tehama,103,63373,16,8,2,10,1
2020-06-07,Trinity,105,12862,8,2,3,5,0
2020-06-07,Tulare,107,460477,3172,2219,10,2229,90
2020-06-07,Tuolumne,109,53932,9,4,0,4,0
2020-06-07,Ventura,111,848112,1982,1337,11,1348,30
2020-06-07,Yolo,113,214977,265,224,0,224,24
2020-06-07,Yuba,115,75493,32,27,0,27,1
2020-06-06,Alameda,001,1643700,4330,3801,6,3807,102
2020-06-06,Alpine,003,1148,1,1,0,1,0
2020-06-06,Amador,005,37829,10,10,0,10,0
2020-06-06,Butte,007,227075,94,63,6,69,1
2020-06-06,Calaveras,009,45235,23,16,0,16,0
2020-06-06,Colusa,011,21464,9,7,0,7,0
2020-06-06,Contra Costa,013,1133247,1942,1619,1,1620,37
2020-06-06,Del Norte,015,27424,45,45,0,45,0
2020-06-06,El Dorado,017,186661,133,104,1,105,0
2020-06-06,Fresno,019,978130,4013,2117,55,2172,41
2020-06-06,Glenn,021,27897,27,16,0,16,0
2020-06-06,Humboldt,023,135768,116,112,0,112,2
2020-06-06,Imperial,025,180216,4949,3047,4,3051,19
2020-06-06,Inyo,027,18085,22,21,0,21,1
2020-06-06,Kern,029,883053,3541,2695,9,2704,46
2020-06-06,Kings,031,150075,1746,882,3,885,6
2020-06-06,Lake,033,64148,36,28,0,28,0
2020-06-06,Lassen,035,31185,14,4,2,6,0
2020-06-06,Los Angeles,037,10098052,70927,62269,20,62289,2607
2020-06-06,Madera,039,155013,360,149,1,150,3
2020-06-06,Marin,041,260295,661,556,2,558,17
2020-06-06,Mariposa,043,17540,16,16,0,16,1
2020-06-06,Mendocino,045,87422,33,32,0,32,0
2020-06-06,Merced,047,269075,495,315,1,316,7
2020-06-06,Modoc,049,8938,1,0,0,0,0
2020-06-06,Mono,051,14174,39,35,0,35,1
2020-06-06,Monterey,053,433212,944,679,3,682,10
2020-06-06,Napa,055,140530,171,136,0,136,3
2020-06-06,Nevada,057,99092,54,50,1,51,1
2020-06-06,Orange,059,3164182,10544,7576,73,7649,157
2020-06-06,Placer,061,380077,388,270,2,272,9
2020-06-06,Plumas,063,18699,5,4,0,4,0
2020-06-06,Riverside,065,2383286,11673,8935,23,8958,345
2020-06-06,Sacramento,067,1510023,1711,1533,2,1535,59
2020-06-06,San Benito,069,59416,118,92,0,92,2
2020-06-06,San Bernardino,071,2135413,7804,5946,6,5952,214
2020-06-06,San Diego,073,3302833,9586,8347,0,8347,296
2020-06-06,San Francisco,075,870044,2905,2674,0,2674,43
2020-06-06,San Joaquin,077,732212,1591,1076,3,1079,37
2020-06-06,San Luis Obispo,079,281455,405,295,4,299,1
2020-06-06,San Mateo,081,765935,2602,2342,2,2344,72
2020-06-06,Santa Barbara,083,443738,2022,1815,17,1832,13
2020-06-06,Santa Clara,085,1922200,3729,2934,14,2948,144
2020-06-06,Santa Cruz,087,273765,259,226,0,226,2
2020-06-06,Shasta,089,179085,73,40,0,40,4
2020-06-06,Sierra,091,2930,1,1,0,1,0
2020-06-06,Siskiyou,093,43540,18,8,0,8,0
2020-06-06,Solano,095,438530,747,560,4,564,19
2020-06-06,Sonoma,097,501317,740,622,2,624,4
2020-06-06,Stanislaus,099,539301,1211,858,5,863,27
2020-06-06,Sutter,101,95872,73,51,0,51,2
2020-06-06,Tehama,103,63373,15,8,2,10,1
2020-06-06,Trinity,105,12862,8,2,2,4,0
2020-06-06,Tulare,107,460477,3139,2213,10,2223,90
2020-06-06,Tuolumne,109,53932,9,4,0,4,0
2020-06-06,Ventura,111,848112,1958,1303,11,1314,30
2020-06-06,Yolo,113,214977,263,223,0,223,24
2020-06-06,Yuba,115,75493,32,27,0,27,1
2020-06-05,Alameda,001,1643700,4279,3734,6,3740,102
2020-06-05,Alpine,003,1148,1,1,0,1,0
2020-06-05,Amador,005,37829,10,10,0,10,0
2020-06-05,Butte,007,227075,91,61,6,67,1
2020-06-05,Calaveras,009,45235,22,16,0,16,0
2020-06-05,Colusa,011,21464,9,7,0,7,0
2020-06-05,Contra Costa,013,1133247,1927,1575,1,1576,37
2020-06-05,Del Norte,015,27424,45,45,0,45,0
2020-06-05,El Dorado,017,186661,131,101,1,102,0
2020-06-05,Fresno,019,978130,3949,2051,54,2105,38
2020-06-05,Glenn,021,27897,25,16,0,16,0
2020-06-05,Humboldt,023,135768,115,111,0,111,2
2020-06-05,Imperial,025,180216,4842,2778,4,2782,19
2020-06-05,Inyo,027,18085,22,21,0,21,1
2020-06-05,Kern,029,883053,3452,2624,9,2633,46
2020-06-05,Kings,031,150075,1731,865,3,868,6
2020-06-05,Lake,033,64148,35,28,0,28,0
2020-06-05,Lassen,035,31185,13,4,2,6,0
2020-06-05,Los Angeles,037,10098052,69775,60955,20,60975,2553
2020-06-05,Madera,039,155013,338,144,1,145,3
2020-06-05,Marin,041,260295,652,546,2,548,17
2020-06-05,Mariposa,043,17540,16,16,0,16,1
2020-06-05,Mendocino,045,87422,33,32,0,32,0
2020-06-05,Merced,047,269075,493,309,1,310,7
2020-06-05,Modoc,049,8938,1,0,0,0,0
2020-06-05,Mono,051,14174,39,35,0,35,1
2020-06-05,Monterey,053,433212,912,649,3,652,10
2020-06-05,Napa,055,140530,168,123,0,123,3
2020-06-05,Nevada,057,99092,54,50,1,51,1
2020-06-05,Orange,059,3164182,10349,7391,72,7463,153
2020-06-05,Placer,061,380077,378,265,2,267,9
2020-06-05,Plumas,063,18699,5,4,0,4,0
2020-06-05,Riverside,065,2383286,11414,8700,23,8723,345
2020-06-05,Sacramento,067,1510023,1689,1514,2,1516,59
2020-06-05,San Benito,069,59416,116,92,0,92,2
2020-06-05,San Bernardino,071,2135413,7622,5869,5,5874,212
2020-06-05,San Diego,073,3302833,9471,8182,0,8182,294
2020-06-05,San Francisco,075,870044,2887,2675,0,2675,43
2020-06-05,San Joaquin,077,732212,1512,1046,3,1049,36
2020-06-05,San Luis Obispo,079,281455,398,293,4,297,1
2020-06-05,San Mateo,081,765935,2577,2331,2,2333,72
2020-06-05,Santa Barbara,083,443738,1991,1795,17,1812,13
2020-06-05,Santa Clara,085,1922200,3694,2902,14,2916,144
2020-06-05,Santa Cruz,087,273765,256,222,0,222,2
2020-06-05,Shasta,089,179085,72,40,0,40,4
2020-06-05,Sierra,091,2930,1,1,0,1,0
2020-06-05,Siskiyou,093,43540,16,8,0,8,0
2020-06-05,Solano,095,438530,740,558,4,562,19
2020-06-05,Sonoma,097,501317,719,618,2,620,4
2020-06-05,Stanislaus,099,539301,1178,842,5,847,27
2020-06-05,Sutter,101,95872,73,49,0,49,2
2020-06-05,Tehama,103,63373,15,7,2,9,1
2020-06-05,Trinity,105,12862,8,1,2,3,0
2020-06-05,Tulare,107,460477,3090,2180,10,2190,90
2020-06-05,Tuolumne,109,53932,9,4,0,4,0
2020-06-05,Ventura,111,848112,1925,1274,11,1285,30
2020-06-05,Yolo,113,214977,262,216,0,216,24
2020-06-05,Yuba,115,75493,32,27,0,27,1
2020-06-04,Alameda,001,1643700,4180,3643,6,3649,99
2020-06-04,Alpine,003,1148,1,1,0,1,0
2020-06-04,Amador,005,37829,10,10,0,10,0
2020-06-04,Butte,007,227075,87,57,5,62,1
2020-06-04,Calaveras,009,45235,22,15,0,15,0
2020-06-04,Colusa,011,21464,9,7,0,7,0
2020-06-04,Contra Costa,013,1133247,1869,1551,1,1552,37
2020-06-04,Del Norte,015,27424,45,45,0,45,0
2020-06-04,El Dorado,017,186661,129,101,1,102,0
2020-06-04,Fresno,019,978130,3844,2007,53,2060,35
2020-06-04,Glenn,021,27897,22,16,0,16,0
2020-06-04,Humboldt,023,135768,115,109,0,109,2
2020-06-04,Imperial,025,180216,4660,2631,4,2635,19
2020-06-04,Inyo,027,18085,22,20,0,20,1
2020-06-04,Kern,029,883053,3336,2530,9,2539,46
2020-06-04,Kings,031,150075,1661,842,3,845,6
2020-06-04,Lake,033,64148,34,27,0,27,0
2020-06-04,Lassen,035,31185,11,4,2,6,0
2020-06-04,Los Angeles,037,10098052,68309,59596,20,59616,2515
2020-06-04,Madera,039,155013,330,127,1,128,3
2020-06-04,Marin,041,260295,630,533,2,535,14
2020-06-04,Mariposa,043,17540,16,16,0,16,1
2020-06-04,Mendocino,045,87422,33,29,0,29,0
2020-06-04,Merced,047,269075,473,304,1,305,7
2020-06-04,Modoc,049,8938,1,0,0,0,0
2020-06-04,Mono,051,14174,39,35,0,35,1
2020-06-04,Monterey,053,433212,877,621,2,623,10
2020-06-04,Napa,055,140530,164,117,0,117,3
2020-06-04,Nevada,057,99092,53,49,1,50,1
2020-06-04,Orange,059,3164182,10097,7192,71,7263,148
2020-06-04,Placer,061,380077,362,256,2,258,9
2020-06-04,Plumas,063,18699,4,4,0,4,0
2020-06-04,Riverside,065,2383286,11136,8473,23,8496,341
2020-06-04,Sacramento,067,1510023,1661,1492,2,1494,58
2020-06-04,San Benito,069,59416,114,88,0,88,2
2020-06-04,San Bernardino,071,2135413,7353,5726,5,5731,207
2020-06-04,San Diego,073,3302833,9308,7942,0,7942,288
2020-06-04,San Francisco,075,870044,2854,2636,0,2636,43
2020-06-04,San Joaquin,077,732212,1450,1016,3,1019,36
2020-06-04,San Luis Obispo,079,281455,387,288,4,292,1
2020-06-04,San Mateo,081,765935,2550,2284,2,2286,72
2020-06-04,Santa Barbara,083,443738,1960,1750,16,1766,13
2020-06-04,Santa Clara,085,1922200,3660,2871,14,2885,144
2020-06-04,Santa Cruz,087,273765,250,218,0,218,2
2020-06-04,Shasta,089,179085,66,40,0,40,4
2020-06-04,Sierra,091,2930,1,1,0,1,0
2020-06-04,Siskiyou,093,43540,15,8,0,8,0
2020-06-04,Solano,095,438530,723,551,4,555,19
2020-06-04,Sonoma,097,501317,700,591,1,592,4
2020-06-04,Stanislaus,099,539301,1102,806,5,811,28
2020-06-04,Sutter,101,95872,68,46,0,46,2
2020-06-04,Tehama,103,63373,14,6,1,7,1
2020-06-04,Trinity,105,12862,8,1,2,3,0
2020-06-04,Tulare,107,460477,2973,2086,10,2096,90
2020-06-04,Tuolumne,109,53932,8,4,0,4,0
2020-06-04,Ventura,111,848112,1881,1236,10,1246,30
2020-06-04,Yolo,113,214977,257,216,0,216,24
2020-06-04,Yuba,115,75493,31,27,0,27,1
2020-06-03,Alameda,001,1643700,4121,3589,5,3594,99
2020-06-03,Alpine,003,1148,1,1,0,1,0
2020-06-03,Amador,005,37829,10,10,0,10,0
2020-06-03,Butte,007,227075,85,53,5,58,1
2020-06-03,Calaveras,009,45235,21,15,0,15,0
2020-06-03,Colusa,011,21464,9,7,0,7,0
2020-06-03,Contra Costa,013,1133247,1821,1511,1,1512,37
2020-06-03,Del Norte,015,27424,45,39,0,39,0
2020-06-03,El Dorado,017,186661,126,90,1,91,0
2020-06-03,Fresno,019,978130,3745,1943,53,1996,35
2020-06-03,Glenn,021,27897,22,16,0,16,0
2020-06-03,Humboldt,023,135768,115,103,0,103,2
2020-06-03,Imperial,025,180216,4487,2540,4,2544,19
2020-06-03,Inyo,027,18085,22,20,0,20,1
2020-06-03,Kern,029,883053,3240,2452,8,2460,44
2020-06-03,Kings,031,150075,1596,744,3,747,6
2020-06-03,Lake,033,64148,32,26,0,26,0
2020-06-03,Lassen,035,31185,11,4,2,6,0
2020-06-03,Los Angeles,037,10098052,66700,58166,20,58186,2472
2020-06-03,Madera,039,155013,322,117,1,118,3
2020-06-03,Marin,041,260295,612,527,2,529,14
2020-06-03,Mariposa,043,17540,16,16,0,16,1
2020-06-03,Mendocino,045,87422,32,29,0,29,0
2020-06-03,Merced,047,269075,459,299,1,300,7
2020-06-03,Modoc,049,8938,1,0,0,0,0
2020-06-03,Mono,051,14174,39,35,0,35,1
2020-06-03,Monterey,053,433212,849,592,2,594,10
2020-06-03,Napa,055,140530,163,116,0,116,3
2020-06-03,Nevada,057,99092,52,43,1,44,1
2020-06-03,Orange,059,3164182,9871,6939,70,7009,145
2020-06-03,Placer,061,380077,342,243,2,245,9
2020-06-03,Plumas,063,18699,4,4,0,4,0
2020-06-03,Riverside,065,2383286,10862,8208,23,8231,335
2020-06-03,Sacramento,067,1510023,1632,1457,2,1459,58
2020-06-03,San Benito,069,59416,108,88,0,88,2
2020-06-03,San Bernardino,071,2135413,7130,5565,5,5570,203
2020-06-03,San Diego,073,3302833,9160,7800,0,7800,283
2020-06-03,San Francisco,075,870044,2823,2608,0,2608,43
2020-06-03,San Joaquin,077,732212,1386,1004,3,1007,35
2020-06-03,San Luis Obispo,079,281455,382,279,4,283,1
2020-06-03,San Mateo,081,765935,2522,2243,2,2245,71
2020-06-03,Santa Barbara,083,443738,1926,1722,15,1737,12
2020-06-03,Santa Clara,085,1922200,3618,2836,14,2850,144
2020-06-03,Santa Cruz,087,273765,244,217,0,217,2
2020-06-03,Shasta,089,179085,63,40,0,40,4
2020-06-03,Sierra,091,2930,1,1,0,1,0
2020-06-03,Siskiyou,093,43540,14,8,0,8,0
2020-06-03,Solano,095,438530,698,543,2,545,18
2020-06-03,Sonoma,097,501317,688,578,1,579,4
2020-06-03,Stanislaus,099,539301,1062,780,5,785,27
2020-06-03,Sutter,101,95872,60,45,0,45,2
2020-06-03,Tehama,103,63373,14,6,1,7,1
2020-06-03,Trinity,105,12862,8,1,2,3,0
2020-06-03,Tulare,107,460477,2904,2041,10,2051,88
2020-06-03,Tuolumne,109,53932,6,4,0,4,0
2020-06-03,Ventura,111,848112,1814,1202,10,1212,30
2020-06-03,Yolo,113,214977,253,213,0,213,24
2020-06-03,Yuba,115,75493,31,27,0,27,1
2020-06-02,Alameda,001,1643700,4045,3517,5,3522,99
2020-06-02,Alpine,003,1148,1,1,0,1,0
2020-06-02,Amador,005,37829,10,10,0,10,0
2020-06-02,Butte,007,227075,81,51,4,55,1
2020-06-02,Calaveras,009,45235,21,15,0,15,0
2020-06-02,Colusa,011,21464,9,7,0,7,0
2020-06-02,Contra Costa,013,1133247,1789,1505,1,1506,37
2020-06-02,Del Norte,015,27424,45,39,0,39,0
2020-06-02,El Dorado,017,186661,125,88,1,89,0
2020-06-02,Fresno,019,978130,3632,1917,53,1970,34
2020-06-02,Glenn,021,27897,21,16,0,16,0
2020-06-02,Humboldt,023,135768,115,101,0,101,2
2020-06-02,Imperial,025,180216,4294,2459,4,2463,19
2020-06-02,Inyo,027,18085,20,20,0,20,1
2020-06-02,Kern,029,883053,3141,2406,6,2412,41
2020-06-02,Kings,031,150075,1568,720,3,723,5
2020-06-02,Lake,033,64148,32,25,0,25,0
2020-06-02,Lassen,035,31185,10,4,2,6,0
2020-06-02,Los Angeles,037,10098052,65296,57144,20,57164,2430
2020-06-02,Madera,039,155013,301,110,1,111,2
2020-06-02,Marin,041,260295,585,509,2,511,14
2020-06-02,Mariposa,043,17540,16,16,0,16,1
2020-06-02,Mendocino,045,87422,32,29,0,29,0
2020-06-02,Merced,047,269075,443,297,1,298,6
2020-06-02,Modoc,049,8938,1,0,0,0,0
2020-06-02,Mono,051,14174,39,35,0,35,1
2020-06-02,Monterey,053,433212,819,582,2,584,10
2020-06-02,Napa,055,140530,154,116,0,116,3
2020-06-02,Nevada,057,99092,51,41,1,42,1
2020-06-02,Orange,059,3164182,9670,6790,69,6859,142
2020-06-02,Placer,061,380077,328,226,2,228,9
2020-06-02,Plumas,063,18699,4,4,0,4,0
2020-06-02,Riverside,065,2383286,10566,8091,22,8113,330
2020-06-02,Sacramento,067,1510023,1603,1428,2,1430,58
2020-06-02,San Benito,069,59416,107,86,0,86,2
2020-06-02,San Bernardino,071,2135413,6923,5438,5,5443,202
2020-06-02,San Diego,073,3302833,9014,7676,0,7676,276
2020-06-02,San Francisco,075,870044,2788,2554,0,2554,43
2020-06-02,San Joaquin,077,732212,1320,985,3,988,35
2020-06-02,San Luis Obispo,079,281455,377,275,4,279,1
2020-06-02,San Mateo,081,765935,2487,2203,2,2205,71
2020-06-02,Santa Barbara,083,443738,1886,1703,15,1718,12
2020-06-02,Santa Clara,085,1922200,3568,2819,14,2833,144
2020-06-02,Santa Cruz,087,273765,239,215,0,215,2
2020-06-02,Shasta,089,179085,62,38,0,38,4
2020-06-02,Sierra,091,2930,1,1,0,1,0
2020-06-02,Siskiyou,093,43540,13,8,0,8,0
2020-06-02,Solano,095,438530,683,537,1,538,18
2020-06-02,Sonoma,097,501317,677,571,1,572,4
2020-06-02,Stanislaus,099,539301,1003,772,5,777,27
2020-06-02,Sutter,101,95872,57,43,0,43,2
2020-06-02,Tehama,103,63373,14,6,1,7,1
2020-06-02,Trinity,105,12862,8,1,2,3,0
2020-06-02,Tulare,107,460477,2824,2012,10,2022,86
2020-06-02,Tuolumne,109,53932,6,4,0,4,0
2020-06-02,Ventura,111,848112,1761,1178,10,1188,30
2020-06-02,Yolo,113,214977,251,213,0,213,24
2020-06-02,Yuba,115,75493,31,27,0,27,1
2020-06-01,Alameda,001,1643700,3979,3460,5,3465,98
2020-06-01,Alpine,003,1148,1,1,0,1,0
2020-06-01,Amador,005,37829,10,10,0,10,0
2020-06-01,Butte,007,227075,80,50,3,53,1
2020-06-01,Calaveras,009,45235,21,15,0,15,0
2020-06-01,Colusa,011,21464,9,7,0,7,0
2020-06-01,Contra Costa,013,1133247,1753,1486,1,1487,37
2020-06-01,Del Norte,015,27424,45,38,0,38,0
2020-06-01,El Dorado,017,186661,123,88,1,89,0
2020-06-01,Fresno,019,978130,3537,1854,51,1905,33
2020-06-01,Glenn,021,27897,21,16,0,16,0
2020-06-01,Humboldt,023,135768,115,98,0,98,2
2020-06-01,Imperial,025,180216,4072,2366,4,2370,14
2020-06-01,Inyo,027,18085,20,20,0,20,1
2020-06-01,Kern,029,883053,3058,2366,6,2372,38
2020-06-01,Kings,031,150075,1300,703,3,706,4
2020-06-01,Lake,033,64148,32,22,0,22,0
2020-06-01,Lassen,035,31185,10,4,2,6,0
2020-06-01,Los Angeles,037,10098052,63823,55899,20,55919,2367
2020-06-01,Madera,039,155013,289,103,1,104,2
2020-06-01,Marin,041,260295,544,495,2,497,14
2020-06-01,Mariposa,043,17540,16,16,0,16,1
2020-06-01,Mendocino,045,87422,32,28,0,28,0
2020-06-01,Merced,047,269075,424,289,1,290,6
2020-06-01,Modoc,049,8938,1,0,0,0,0
2020-06-01,Mono,051,14174,39,35,0,35,1
2020-06-01,Monterey,053,433212,795,554,2,556,10
2020-06-01,Napa,055,140530,151,114,0,114,3
2020-06-01,Nevada,057,99092,51,41,1,42,1
2020-06-01,Orange,059,3164182,9473,6640,68,6708,135
2020-06-01,Placer,061,380077,316,218,2,220,9
2020-06-01,Plumas,063,18699,4,4,0,4,0
2020-06-01,Riverside,065,2383286,10114,7921,21,7942,322
2020-06-01,Sacramento,067,1510023,1564,1415,2,1417,58
2020-06-01,San Benito,069,59416,104,86,0,86,2
2020-06-01,San Bernardino,071,2135413,6717,5310,5,5315,202
2020-06-01,San Diego,073,3302833,8834,7556,0,7556,269
2020-06-01,San Francisco,075,870044,2751,2546,0,2546,43
2020-06-01,San Joaquin,077,732212,1255,957,3,960,35
2020-06-01,San Luis Obispo,079,281455,373,275,4,279,1
2020-06-01,San Mateo,081,765935,2457,2190,2,2192,71
2020-06-01,Santa Barbara,083,443738,1852,1671,14,1685,10
2020-06-01,Santa Clara,085,1922200,3530,2797,13,2810,142
2020-06-01,Santa Cruz,087,273765,235,215,0,215,2
2020-06-01,Shasta,089,179085,62,38,0,38,4
2020-06-01,Sierra,091,2930,1,1,0,1,0
2020-06-01,Siskiyou,093,43540,13,7,0,7,0
2020-06-01,Solano,095,438530,659,529,1,530,17
2020-06-01,Sonoma,097,501317,661,565,1,566,4
2020-06-01,Stanislaus,099,539301,966,758,5,763,27
2020-06-01,Sutter,101,95872,52,43,0,43,2
2020-06-01,Tehama,103,63373,11,5,1,6,1
2020-06-01,Trinity,105,12862,7,1,2,3,0
2020-06-01,Tulare,107,460477,2709,1976,10,1986,84
2020-06-01,Tuolumne,109,53932,5,4,0,4,0
2020-06-01,Ventura,111,848112,1708,1163,10,1173,29
2020-06-01,Yolo,113,214977,248,212,0,212,24
2020-06-01,Yuba,115,75493,30,26,0,26,1
2020-05-31,Alameda,001,1643700,3874,3362,5,3367,98
2020-05-31,Alpine,003,1148,1,1,0,1,0
2020-05-31,Amador,005,37829,10,10,0,10,0
2020-05-31,Butte,007,227075,78,51,3,54,0
2020-05-31,Calaveras,009,45235,18,15,0,15,0
2020-05-31,Colusa,011,21464,9,5,0,5,0
2020-05-31,Contra Costa,013,1133247,1719,1458,1,1459,37
2020-05-31,Del Norte,015,27424,45,37,0,37,0
2020-05-31,El Dorado,017,186661,119,88,1,89,0
2020-05-31,Fresno,019,978130,3372,1780,46,1826,31
2020-05-31,Glenn,021,27897,20,16,0,16,0
2020-05-31,Humboldt,023,135768,113,98,0,98,2
2020-05-31,Imperial,025,180216,3805,2197,4,2201,14
2020-05-31,Inyo,027,18085,20,20,0,20,1
2020-05-31,Kern,029,883053,2923,2300,6,2306,38
2020-05-31,Kings,031,150075,1263,703,3,706,3
2020-05-31,Lake,033,64148,32,19,0,19,0
2020-05-31,Lassen,035,31185,10,4,2,6,0
2020-05-31,Los Angeles,037,10098052,62528,54925,20,54945,2344
2020-05-31,Madera,039,155013,271,101,1,102,2
2020-05-31,Marin,041,260295,534,486,2,488,14
2020-05-31,Mariposa,043,17540,16,16,0,16,1
2020-05-31,Mendocino,045,87422,32,24,0,24,0
2020-05-31,Merced,047,269075,397,288,0,288,6
2020-05-31,Modoc,049,8938,0,0,0,0,0
2020-05-31,Mono,051,14174,39,34,0,34,1
2020-05-31,Monterey,053,433212,721,545,2,547,10
2020-05-31,Napa,055,140530,149,114,0,114,3
2020-05-31,Nevada,057,99092,50,41,1,42,1
2020-05-31,Orange,059,3164182,9263,6532,67,6599,135
2020-05-31,Placer,061,380077,294,215,2,217,9
2020-05-31,Plumas,063,18699,4,4,0,4,0
2020-05-31,Riverside,065,2383286,9858,7704,21,7725,321
2020-05-31,Sacramento,067,1510023,1533,1398,2,1400,57
2020-05-31,San Benito,069,59416,98,85,0,85,2
2020-05-31,San Bernardino,071,2135413,6449,5185,5,5190,198
2020-05-31,San Diego,073,3302833,8640,7483,0,7483,269
2020-05-31,San Francisco,075,870044,2715,2501,0,2501,43
2020-05-31,San Joaquin,077,732212,1190,888,3,891,34
2020-05-31,San Luis Obispo,079,281455,363,271,4,275,1
2020-05-31,San Mateo,081,765935,2411,2169,2,2171,71
2020-05-31,Santa Barbara,083,443738,1801,1662,13,1675,9
2020-05-31,Santa Clara,085,1922200,3486,2785,13,2798,142
2020-05-31,Santa Cruz,087,273765,232,210,0,210,2
2020-05-31,Shasta,089,179085,60,38,0,38,4
2020-05-31,Sierra,091,2930,1,1,0,1,0
2020-05-31,Siskiyou,093,43540,12,7,0,7,0
2020-05-31,Solano,095,438530,633,512,1,513,6
2020-05-31,Sonoma,097,501317,641,555,1,556,4
2020-05-31,Stanislaus,099,539301,912,738,5,743,27
2020-05-31,Sutter,101,95872,50,42,0,42,2
2020-05-31,Tehama,103,63373,10,4,1,5,1
2020-05-31,Trinity,105,12862,7,1,2,3,0
2020-05-31,Tulare,107,460477,2636,1884,10,1894,82
2020-05-31,Tuolumne,109,53932,5,4,0,4,0
2020-05-31,Ventura,111,848112,1647,1151,10,1161,30
2020-05-31,Yolo,113,214977,242,211,0,211,24
2020-05-31,Yuba,115,75493,30,26,0,26,1
2020-05-30,Alameda,001,1643700,3848,3304,5,3309,96
2020-05-30,Alpine,003,1148,1,1,0,1,0
2020-05-30,Amador,005,37829,10,10,0,10,0
2020-05-30,Butte,007,227075,77,44,3,47,0
2020-05-30,Calaveras,009,45235,17,15,0,15,0
2020-05-30,Colusa,011,21464,8,5,0,5,0
2020-05-30,Contra Costa,013,1133247,1703,1429,1,1430,37
2020-05-30,Del Norte,015,27424,45,37,0,37,0
2020-05-30,El Dorado,017,186661,118,86,1,87,0
2020-05-30,Fresno,019,978130,3311,1744,45,1789,31
2020-05-30,Glenn,021,27897,19,16,0,16,0
2020-05-30,Humboldt,023,135768,112,98,0,98,2
2020-05-30,Imperial,025,180216,3715,2091,4,2095,14
2020-05-30,Inyo,027,18085,20,20,0,20,1
2020-05-30,Kern,029,883053,2854,2217,6,2223,38
2020-05-30,Kings,031,150075,1249,703,3,706,3
2020-05-30,Lake,033,64148,31,18,0,18,0
2020-05-30,Lassen,035,31185,10,4,2,6,0
2020-05-30,Los Angeles,037,10098052,61992,53627,20,53647,2319
2020-05-30,Madera,039,155013,266,101,1,102,2
2020-05-30,Marin,041,260295,534,462,2,464,14
2020-05-30,Mariposa,043,17540,16,16,0,16,1
2020-05-30,Mendocino,045,87422,32,24,0,24,0
2020-05-30,Merced,047,269075,396,285,0,285,6
2020-05-30,Modoc,049,8938,0,0,0,0,0
2020-05-30,Mono,051,14174,39,34,0,34,1
2020-05-30,Monterey,053,433212,705,520,2,522,10
2020-05-30,Napa,055,140530,147,113,0,113,3
2020-05-30,Nevada,057,99092,50,41,1,42,1
2020-05-30,Orange,059,3164182,9106,6354,67,6421,134
2020-05-30,Placer,061,380077,286,199,1,200,9
2020-05-30,Plumas,063,18699,4,4,0,4,0
2020-05-30,Riverside,065,2383286,9714,7492,21,7513,316
2020-05-30,Sacramento,067,1510023,1522,1384,2,1386,57
2020-05-30,San Benito,069,59416,97,85,0,85,2
2020-05-30,San Bernardino,071,2135413,6340,5122,5,5127,198
2020-05-30,San Diego,073,3302833,8547,7387,0,7387,269
2020-05-30,San Francisco,075,870044,2690,2496,0,2496,41
2020-05-30,San Joaquin,077,732212,1152,888,3,891,34
2020-05-30,San Luis Obispo,079,281455,358,270,4,274,1
2020-05-30,San Mateo,081,765935,2387,2129,2,2131,71
2020-05-30,Santa Barbara,083,443738,1782,1660,13,1673,9
2020-05-30,Santa Clara,085,1922200,3470,2741,13,2754,141
2020-05-30,Santa Cruz,087,273765,232,206,0,206,2
2020-05-30,Shasta,089,179085,60,36,0,36,4
2020-05-30,Sierra,091,2930,1,1,0,1,0
2020-05-30,Siskiyou,093,43540,11,7,0,7,0
2020-05-30,Solano,095,438530,626,512,1,513,6
2020-05-30,Sonoma,097,501317,631,551,1,552,4
2020-05-30,Stanislaus,099,539301,895,712,5,717,27
2020-05-30,Sutter,101,95872,49,40,0,40,2
2020-05-30,Tehama,103,63373,10,4,1,5,1
2020-05-30,Trinity,105,12862,7,1,2,3,0
2020-05-30,Tulare,107,460477,2599,1879,10,1889,81
2020-05-30,Tuolumne,109,53932,5,4,0,4,0
2020-05-30,Ventura,111,848112,1630,1116,10,1126,30
2020-05-30,Yolo,113,214977,238,210,0,210,24
2020-05-30,Yuba,115,75493,30,25,0,25,1
2020-05-29,Alameda,001,1643700,3813,3209,5,3214,96
2020-05-29,Alpine,003,1148,1,1,0,1,0
2020-05-29,Amador,005,37829,10,10,0,10,0
2020-05-29,Butte,007,227075,72,41,3,44,0
2020-05-29,Calaveras,009,45235,17,15,0,15,0
2020-05-29,Colusa,011,21464,8,5,0,5,0
2020-05-29,Contra Costa,013,1133247,1687,1411,1,1412,37
2020-05-29,Del Norte,015,27424,45,37,0,37,0
2020-05-29,El Dorado,017,186661,117,85,1,86,0
2020-05-29,Fresno,019,978130,3261,1687,45,1732,31
2020-05-29,Glenn,021,27897,19,14,0,14,0
2020-05-29,Humboldt,023,135768,111,98,0,98,2
2020-05-29,Imperial,025,180216,3597,1607,4,1611,14
2020-05-29,Inyo,027,18085,20,20,0,20,1
2020-05-29,Kern,029,883053,2796,2128,6,2134,36
2020-05-29,Kings,031,150075,1238,693,3,696,3
2020-05-29,Lake,033,64148,30,17,0,17,0
2020-05-29,Lassen,035,31185,10,0,2,2,0
2020-05-29,Los Angeles,037,10098052,61035,51578,20,51598,2273
2020-05-29,Madera,039,155013,251,98,1,99,2
2020-05-29,Marin,041,260295,526,448,2,450,14
2020-05-29,Mariposa,043,17540,16,16,0,16,1
2020-05-29,Mendocino,045,87422,30,25,0,25,0
2020-05-29,Merced,047,269075,391,285,0,285,7
2020-05-29,Modoc,049,8938,0,0,0,0,0
2020-05-29,Mono,051,14174,38,34,0,34,1
2020-05-29,Monterey,053,433212,675,479,2,481,10
2020-05-29,Napa,055,140530,144,113,0,113,3
2020-05-29,Nevada,057,99092,50,41,1,42,1
2020-05-29,Orange,059,3164182,8920,6176,64,6240,133
2020-05-29,Placer,061,380077,264,199,1,200,9
2020-05-29,Plumas,063,18699,4,4,0,4,0
2020-05-29,Riverside,065,2383286,9528,7376,21,7397,313
2020-05-29,Sacramento,067,1510023,1499,1360,2,1362,57
2020-05-29,San Benito,069,59416,97,84,0,84,2
2020-05-29,San Bernardino,071,2135413,6232,4983,5,4988,196
2020-05-29,San Diego,073,3302833,8424,7242,0,7242,266
2020-05-29,San Francisco,075,870044,2666,2453,0,2453,41
2020-05-29,San Joaquin,077,732212,1115,855,3,858,34
2020-05-29,San Luis Obispo,079,281455,354,270,4,274,1
2020-05-29,San Mateo,081,765935,2371,2103,2,2105,71
2020-05-29,Santa Barbara,083,443738,1755,1656,13,1669,9
2020-05-29,Santa Clara,085,1922200,3442,2707,13,2720,141
2020-05-29,Santa Cruz,087,273765,229,203,0,203,2
2020-05-29,Shasta,089,179085,60,36,0,36,4
2020-05-29,Sierra,091,2930,1,1,0,1,0
2020-05-29,Siskiyou,093,43540,11,7,0,7,0
2020-05-29,Solano,095,438530,618,498,1,499,6
2020-05-29,Sonoma,097,501317,620,537,1,538,4
2020-05-29,Stanislaus,099,539301,865,698,5,703,27
2020-05-29,Sutter,101,95872,47,40,0,40,2
2020-05-29,Tehama,103,63373,9,4,1,5,1
2020-05-29,Trinity,105,12862,7,1,2,3,0
2020-05-29,Tulare,107,460477,2561,1852,10,1862,80
2020-05-29,Tuolumne,109,53932,5,4,0,4,0
2020-05-29,Ventura,111,848112,1606,1093,10,1103,29
2020-05-29,Yolo,113,214977,234,211,0,211,24
2020-05-29,Yuba,115,75493,29,25,0,25,1
2020-05-28,Alameda,001,1643700,3714,3083,5,3088,94
2020-05-28,Alpine,003,1148,1,1,0,1,0
2020-05-28,Amador,005,37829,10,10,0,10,0
2020-05-28,Butte,007,227075,71,40,3,43,0
2020-05-28,Calaveras,009,45235,16,15,0,15,0
2020-05-28,Colusa,011,21464,8,5,0,5,0
2020-05-28,Contra Costa,013,1133247,1648,1392,1,1393,37
2020-05-28,Del Norte,015,27424,45,37,0,37,0
2020-05-28,El Dorado,017,186661,114,82,1,83,0
2020-05-28,Fresno,019,978130,3180,1653,44,1697,31
2020-05-28,Glenn,021,27897,18,14,0,14,0
2020-05-28,Humboldt,023,135768,110,97,0,97,2
2020-05-28,Imperial,025,180216,3403,1430,4,1434,14
2020-05-28,Inyo,027,18085,20,20,0,20,1
2020-05-28,Kern,029,883053,2718,2069,6,2075,36
2020-05-28,Kings,031,150075,901,626,3,629,3
2020-05-28,Lake,033,64148,29,17,0,17,0
2020-05-28,Lassen,035,31185,10,0,2,2,0
2020-05-28,Los Angeles,037,10098052,59458,49861,20,49881,2222
2020-05-28,Madera,039,155013,233,93,1,94,2
2020-05-28,Marin,041,260295,501,443,2,445,14
2020-05-28,Mariposa,043,17540,16,16,0,16,1
2020-05-28,Mendocino,045,87422,28,24,0,24,0
2020-05-28,Merced,047,269075,382,283,0,283,7
2020-05-28,Modoc,049,8938,0,0,0,0,0
2020-05-28,Mono,051,14174,38,34,0,34,1
2020-05-28,Monterey,053,433212,643,471,2,473,10
2020-05-28,Napa,055,140530,141,113,0,113,3
2020-05-28,Nevada,057,99092,45,41,1,42,1
2020-05-28,Orange,059,3164182,8724,6045,64,6109,130
2020-05-28,Placer,061,380077,257,196,1,197,9
2020-05-28,Plumas,063,18699,4,4,0,4,0
2020-05-28,Riverside,065,2383286,9124,7240,20,7260,304
2020-05-28,Sacramento,067,1510023,1479,1339,2,1341,57
2020-05-28,San Benito,069,59416,96,82,0,82,2
2020-05-28,San Bernardino,071,2135413,6067,4831,5,4836,191
2020-05-28,San Diego,073,3302833,8267,7102,0,7102,260
2020-05-28,San Francisco,075,870044,2632,2417,0,2417,40
2020-05-28,San Joaquin,077,732212,1080,840,3,843,34
2020-05-28,San Luis Obispo,079,281455,351,267,4,271,1
2020-05-28,San Mateo,081,765935,2344,2070,2,2072,71
2020-05-28,Santa Barbara,083,443738,1727,1642,12,1654,9
2020-05-28,Santa Clara,085,1922200,3402,2698,13,2711,140
2020-05-28,Santa Cruz,087,273765,228,201,0,201,2
2020-05-28,Shasta,089,179085,58,36,0,36,4
2020-05-28,Sierra,091,2930,1,1,0,1,0
2020-05-28,Siskiyou,093,43540,9,6,0,6,0
2020-05-28,Solano,095,438530,601,489,1,490,6
2020-05-28,Sonoma,097,501317,598,529,1,530,4
2020-05-28,Stanislaus,099,539301,824,684,5,689,27
2020-05-28,Sutter,101,95872,47,40,0,40,2
2020-05-28,Tehama,103,63373,9,4,1,5,1
2020-05-28,Trinity,105,12862,6,1,2,3,0
2020-05-28,Tulare,107,460477,2525,1832,10,1842,79
2020-05-28,Tuolumne,109,53932,5,4,0,4,0
2020-05-28,Ventura,111,848112,1573,1083,10,1093,29
2020-05-28,Yolo,113,214977,231,206,0,206,22
2020-05-28,Yuba,115,75493,28,24,0,24,1
2020-05-27,Alameda,001,1643700,3631,3037,5,3042,94
2020-05-27,Alpine,003,1148,1,1,0,1,0
2020-05-27,Amador,005,37829,10,10,0,10,0
2020-05-27,Butte,007,227075,68,40,2,42,0
2020-05-27,Calaveras,009,45235,15,15,0,15,0
2020-05-27,Colusa,011,21464,8,5,0,5,0
2020-05-27,Contra Costa,013,1133247,1608,1373,1,1374,37
2020-05-27,Del Norte,015,27424,45,34,0,34,0
2020-05-27,El Dorado,017,186661,113,82,1,83,0
2020-05-27,Fresno,019,978130,3092,1620,44,1664,27
2020-05-27,Glenn,021,27897,18,14,0,14,0
2020-05-27,Humboldt,023,135768,110,86,0,86,2
2020-05-27,Imperial,025,180216,3223,1369,4,1373,14
2020-05-27,Inyo,027,18085,20,20,0,20,1
2020-05-27,Kern,029,883053,2653,1999,6,2005,37
2020-05-27,Kings,031,150075,874,586,3,589,3
2020-05-27,Lake,033,64148,29,13,0,13,0
2020-05-27,Lassen,035,31185,10,0,2,2,0
2020-05-27,Los Angeles,037,10098052,58083,48711,20,48731,2177
2020-05-27,Madera,039,155013,224,91,1,92,2
2020-05-27,Marin,041,260295,472,439,2,441,14
2020-05-27,Mariposa,043,17540,16,16,0,16,1
2020-05-27,Mendocino,045,87422,27,21,0,21,0
2020-05-27,Merced,047,269075,378,278,0,278,7
2020-05-27,Modoc,049,8938,0,0,0,0,0
2020-05-27,Mono,051,14174,38,34,0,34,1
2020-05-27,Monterey,053,433212,603,443,2,445,8
2020-05-27,Napa,055,140530,136,112,0,112,3
2020-05-27,Nevada,057,99092,44,41,1,42,1
2020-05-27,Orange,059,3164182,8569,5849,64,5913,121
2020-05-27,Placer,061,380077,238,196,0,196,9
2020-05-27,Plumas,063,18699,4,4,0,4,0
2020-05-27,Riverside,065,2383286,8745,7156,20,7176,299
2020-05-27,Sacramento,067,1510023,1451,1318,2,1320,50
2020-05-27,San Benito,069,59416,93,74,0,74,2
2020-05-27,San Bernardino,071,2135413,5883,4708,5,4713,183
2020-05-27,San Diego,073,3302833,8116,6985,0,6985,255
2020-05-27,San Francisco,075,870044,2603,2394,0,2394,40
2020-05-27,San Joaquin,077,732212,1039,825,3,828,34
2020-05-27,San Luis Obispo,079,281455,346,266,4,270,1
2020-05-27,San Mateo,081,765935,2304,2045,2,2047,71
2020-05-27,Santa Barbara,083,443738,1712,1629,12,1641,9
2020-05-27,Santa Clara,085,1922200,3369,2680,13,2693,140
2020-05-27,Santa Cruz,087,273765,224,202,0,202,2
2020-05-27,Shasta,089,179085,55,36,0,36,4
2020-05-27,Sierra,091,2930,1,1,0,1,0
2020-05-27,Siskiyou,093,43540,9,6,0,6,0
2020-05-27,Solano,095,438530,581,477,1,478,5
2020-05-27,Sonoma,097,501317,584,521,1,522,4
2020-05-27,Stanislaus,099,539301,799,675,5,680,27
2020-05-27,Sutter,101,95872,46,40,0,40,2
2020-05-27,Tehama,103,63373,9,3,1,4,1
2020-05-27,Trinity,105,12862,6,1,2,3,0
2020-05-27,Tulare,107,460477,2473,1817,10,1827,77
2020-05-27,Tuolumne,109,53932,5,4,0,4,0
2020-05-27,Ventura,111,848112,1548,1065,10,1075,28
2020-05-27,Yolo,113,214977,230,204,0,204,22
2020-05-27,Yuba,115,75493,28,24,0,24,1
2020-05-26,Alameda,001,1643700,3536,2956,5,2961,92
2020-05-26,Alpine,003,1148,1,1,0,1,0
2020-05-26,Amador,005,37829,10,10,0,10,0
2020-05-26,Butte,007,227075,66,37,1,38,0
2020-05-26,Calaveras,009,45235,15,13,0,13,0
2020-05-26,Colusa,011,21464,8,4,0,4,0
2020-05-26,Contra Costa,013,1133247,1572,1352,1,1353,37
2020-05-26,Del Norte,015,27424,44,30,0,30,0
2020-05-26,El Dorado,017,186661,109,79,1,80,0
2020-05-26,Fresno,019,978130,3005,1496,44,1540,22
2020-05-26,Glenn,021,27897,16,12,0,12,0
2020-05-26,Humboldt,023,135768,108,81,0,81,2
2020-05-26,Imperial,025,180216,3008,1369,4,1373,14
2020-05-26,Inyo,027,18085,20,20,0,20,1
2020-05-26,Kern,029,883053,2575,1890,6,1896,31
2020-05-26,Kings,031,150075,806,449,2,451,2
2020-05-26,Lake,033,64148,27,12,0,12,0
2020-05-26,Lassen,035,31185,9,0,2,2,0
2020-05-26,Los Angeles,037,10098052,56616,47760,20,47780,2121
2020-05-26,Madera,039,155013,209,83,1,84,2
2020-05-26,Marin,041,260295,460,424,2,426,14
2020-05-26,Mariposa,043,17540,16,16,0,16,1
2020-05-26,Mendocino,045,87422,25,20,0,20,0
2020-05-26,Merced,047,269075,363,266,0,266,7
2020-05-26,Modoc,049,8938,0,1,0,1,0
2020-05-26,Mono,051,14174,37,34,0,34,1
2020-05-26,Monterey,053,433212,575,424,1,425,8
2020-05-26,Napa,055,140530,131,109,0,109,3
2020-05-26,Nevada,057,99092,43,41,1,42,1
2020-05-26,Orange,059,3164182,8299,5651,63,5714,115
2020-05-26,Placer,061,380077,233,188,0,188,9
2020-05-26,Plumas,063,18699,4,4,0,4,0
2020-05-26,Riverside,065,2383286,8298,6917,20,6937,284
2020-05-26,Sacramento,067,1510023,1425,1298,2,1300,50
2020-05-26,San Benito,069,59416,88,69,0,69,2
2020-05-26,San Bernardino,071,2135413,5715,4430,5,4435,175
2020-05-26,San Diego,073,3302833,7973,6884,0,6884,249
2020-05-26,San Francisco,075,870044,2570,2363,0,2363,40
2020-05-26,San Joaquin,077,732212,992,760,3,763,33
2020-05-26,San Luis Obispo,079,281455,344,260,4,264,1
2020-05-26,San Mateo,081,765935,2266,1967,2,1969,71
2020-05-26,Santa Barbara,083,443738,1695,1590,11,1601,9
2020-05-26,Santa Clara,085,1922200,3337,2659,13,2672,139
2020-05-26,Santa Cruz,087,273765,222,197,0,197,2
2020-05-26,Shasta,089,179085,55,36,0,36,4
2020-05-26,Sierra,091,2930,1,1,0,1,0
2020-05-26,Siskiyou,093,43540,8,6,0,6,0
2020-05-26,Solano,095,438530,563,470,1,471,5
2020-05-26,Sonoma,097,501317,576,509,0,509,4
2020-05-26,Stanislaus,099,539301,779,663,5,668,27
2020-05-26,Sutter,101,95872,45,39,0,39,2
2020-05-26,Tehama,103,63373,8,2,1,3,1
2020-05-26,Trinity,105,12862,6,1,2,3,0
2020-05-26,Tulare,107,460477,2417,1768,10,1778,76
2020-05-26,Tuolumne,109,53932,5,2,0,2,0
2020-05-26,Ventura,111,848112,1511,1033,8,1041,27
2020-05-26,Yolo,113,214977,224,198,0,198,22
2020-05-26,Yuba,115,75493,27,24,0,24,1
2020-05-25,Alameda,001,1643700,3442,2900,5,2905,92
2020-05-25,Alpine,003,1148,1,1,0,1,0
2020-05-25,Amador,005,37829,10,10,0,10,0
2020-05-25,Butte,007,227075,63,37,1,38,0
2020-05-25,Calaveras,009,45235,15,13,0,13,0
2020-05-25,Colusa,011,21464,7,4,0,4,0
2020-05-25,Contra Costa,013,1133247,1540,1348,1,1349,37
2020-05-25,Del Norte,015,27424,44,20,0,20,0
2020-05-25,El Dorado,017,186661,101,78,1,79,0
2020-05-25,Fresno,019,978130,2901,1496,42,1538,22
2020-05-25,Glenn,021,27897,16,12,0,12,0
2020-05-25,Humboldt,023,135768,107,81,0,81,2
2020-05-25,Imperial,025,180216,2799,1369,4,1373,14
2020-05-25,Inyo,027,18085,19,20,0,20,1
2020-05-25,Kern,029,883053,2504,1890,6,1896,31
2020-05-25,Kings,031,150075,776,447,2,449,2
2020-05-25,Lake,033,64148,25,13,0,13,0
2020-05-25,Lassen,035,31185,9,0,2,2,0
2020-05-25,Los Angeles,037,10098052,54805,45952,19,45971,2094
2020-05-25,Madera,039,155013,196,83,1,84,2
2020-05-25,Marin,041,260295,442,415,2,417,14
2020-05-25,Mariposa,043,17540,16,15,0,15,1
2020-05-25,Mendocino,045,87422,22,19,0,19,0
2020-05-25,Merced,047,269075,356,262,0,262,6
2020-05-25,Modoc,049,8938,0,1,0,1,0
2020-05-25,Mono,051,14174,37,34,0,34,1
2020-05-25,Monterey,053,433212,545,418,1,419,8
2020-05-25,Napa,055,140530,131,107,0,107,3
2020-05-25,Nevada,057,99092,43,41,1,42,1
2020-05-25,Orange,059,3164182,8077,5601,62,5663,115
2020-05-25,Placer,061,380077,229,186,0,186,9
2020-05-25,Plumas,063,18699,4,4,0,4,0
2020-05-25,Riverside,065,2383286,8067,6900,20,6920,284
2020-05-25,Sacramento,067,1510023,1405,1290,1,1291,50
2020-05-25,San Benito,069,59416,87,70,0,70,2
2020-05-25,San Bernardino,071,2135413,5525,4393,4,4397,175
2020-05-25,San Diego,073,3302833,7797,6799,0,6799,249
2020-05-25,San Francisco,075,870044,2533,2358,0,2358,40
2020-05-25,San Joaquin,077,732212,966,760,3,763,33
2020-05-25,San Luis Obispo,079,281455,341,260,4,264,1
2020-05-25,San Mateo,081,765935,2229,1938,2,1940,71
2020-05-25,Santa Barbara,083,443738,1685,1590,11,1601,9
2020-05-25,Santa Clara,085,1922200,3304,2647,13,2660,139
2020-05-25,Santa Cruz,087,273765,220,191,0,191,2
2020-05-25,Shasta,089,179085,54,36,0,36,4
2020-05-25,Sierra,091,2930,1,1,0,1,0
2020-05-25,Siskiyou,093,43540,8,6,0,6,0
2020-05-25,Solano,095,438530,549,437,1,438,5
2020-05-25,Sonoma,097,501317,564,496,0,496,4
2020-05-25,Stanislaus,099,539301,749,651,5,656,27
2020-05-25,Sutter,101,95872,45,38,0,38,2
2020-05-25,Tehama,103,63373,7,2,1,3,1
2020-05-25,Trinity,105,12862,6,1,2,3,0
2020-05-25,Tulare,107,460477,2353,1747,10,1757,76
2020-05-25,Tuolumne,109,53932,5,2,0,2,0
2020-05-25,Ventura,111,848112,1470,1020,8,1028,27
2020-05-25,Yolo,113,214977,222,197,0,197,22
2020-05-25,Yuba,115,75493,26,24,0,24,1
2020-05-24,Alameda,001,1643700,3369,2830,5,2835,92
2020-05-24,Alpine,003,1148,1,1,0,1,0
2020-05-24,Amador,005,37829,10,9,0,9,0
2020-05-24,Butte,007,227075,61,35,1,36,0
2020-05-24,Calaveras,009,45235,15,13,0,13,0
2020-05-24,Colusa,011,21464,7,4,0,4,0
2020-05-24,Contra Costa,013,1133247,1512,1325,1,1326,37
2020-05-24,Del Norte,015,27424,43,16,0,16,0
2020-05-24,El Dorado,017,186661,100,76,1,77,0
2020-05-24,Fresno,019,978130,2834,1455,41,1496,22
2020-05-24,Glenn,021,27897,15,12,0,12,0
2020-05-24,Humboldt,023,135768,107,81,0,81,2
2020-05-24,Imperial,025,180216,2673,1369,4,1373,14
2020-05-24,Inyo,027,18085,19,20,0,20,1
2020-05-24,Kern,029,883053,2431,1861,5,1866,31
2020-05-24,Kings,031,150075,765,446,2,448,2
2020-05-24,Lake,033,64148,24,12,0,12,0
2020-05-24,Lassen,035,31185,8,0,2,2,0
2020-05-24,Los Angeles,037,10098052,53789,44954,19,44973,2085
2020-05-24,Madera,039,155013,190,83,1,84,2
2020-05-24,Marin,041,260295,440,401,2,403,14
2020-05-24,Mariposa,043,17540,16,15,0,15,1
2020-05-24,Mendocino,045,87422,21,19,0,19,0
2020-05-24,Merced,047,269075,355,258,0,258,6
2020-05-24,Modoc,049,8938,0,0,0,0,0
2020-05-24,Mono,051,14174,37,34,0,34,1
2020-05-24,Monterey,053,433212,517,405,1,406,8
2020-05-24,Napa,055,140530,129,104,0,104,3
2020-05-24,Nevada,057,99092,43,41,1,42,1
2020-05-24,Orange,059,3164182,7923,5439,61,5500,113
2020-05-24,Placer,061,380077,221,184,0,184,9
2020-05-24,Plumas,063,18699,4,4,0,4,0
2020-05-24,Riverside,065,2383286,7926,6571,20,6591,284
2020-05-24,Sacramento,067,1510023,1389,1283,1,1284,50
2020-05-24,San Benito,069,59416,86,67,0,67,2
2020-05-24,San Bernardino,071,2135413,5417,4262,4,4266,175
2020-05-24,San Diego,073,3302833,7654,6703,0,6703,249
2020-05-24,San Francisco,075,870044,2510,2318,0,2318,40
2020-05-24,San Joaquin,077,732212,947,760,3,763,33
2020-05-24,San Luis Obispo,079,281455,339,257,4,261,1
2020-05-24,San Mateo,081,765935,2194,1925,2,1927,71
2020-05-24,Santa Barbara,083,443738,1673,1573,11,1584,9
2020-05-24,Santa Clara,085,1922200,3284,2623,13,2636,139
2020-05-24,Santa Cruz,087,273765,217,185,0,185,2
2020-05-24,Shasta,089,179085,53,36,0,36,4
2020-05-24,Sierra,091,2930,1,1,0,1,0
2020-05-24,Siskiyou,093,43540,7,6,0,6,0
2020-05-24,Solano,095,438530,541,436,0,436,5
2020-05-24,Sonoma,097,501317,553,485,0,485,4
2020-05-24,Stanislaus,099,539301,729,634,5,639,27
2020-05-24,Sutter,101,95872,45,38,0,38,2
2020-05-24,Tehama,103,63373,5,2,1,3,1
2020-05-24,Trinity,105,12862,6,1,2,3,0
2020-05-24,Tulare,107,460477,2307,1684,10,1694,74
2020-05-24,Tuolumne,109,53932,5,2,0,2,0
2020-05-24,Ventura,111,848112,1458,982,8,990,27
2020-05-24,Yolo,113,214977,220,192,0,192,22
2020-05-24,Yuba,115,75493,26,24,0,24,1
2020-05-23,Alameda,001,1643700,3328,2783,5,2788,91
2020-05-23,Alpine,003,1148,1,1,0,1,0
2020-05-23,Amador,005,37829,10,9,0,9,0
2020-05-23,Butte,007,227075,60,34,1,35,0
2020-05-23,Calaveras,009,45235,15,13,0,13,0
2020-05-23,Colusa,011,21464,7,4,0,4,0
2020-05-23,Contra Costa,013,1133247,1501,1302,1,1303,36
2020-05-23,Del Norte,015,27424,43,10,0,10,0
2020-05-23,El Dorado,017,186661,100,74,1,75,0
2020-05-23,Fresno,019,978130,2814,1447,41,1488,21
2020-05-23,Glenn,021,27897,15,12,0,12,0
2020-05-23,Humboldt,023,135768,105,80,0,80,2
2020-05-23,Imperial,025,180216,2585,1283,4,1287,14
2020-05-23,Inyo,027,18085,19,20,0,20,1
2020-05-23,Kern,029,883053,2388,1806,5,1811,31
2020-05-23,Kings,031,150075,761,444,2,446,2
2020-05-23,Lake,033,64148,23,10,0,10,0
2020-05-23,Lassen,035,31185,8,0,2,2,0
2020-05-23,Los Angeles,037,10098052,53244,44029,19,44048,2069
2020-05-23,Madera,039,155013,186,83,1,84,2
2020-05-23,Marin,041,260295,440,393,1,394,14
2020-05-23,Mariposa,043,17540,16,15,0,15,1
2020-05-23,Mendocino,045,87422,21,13,0,13,0
2020-05-23,Merced,047,269075,352,247,0,247,6
2020-05-23,Modoc,049,8938,0,0,0,0,0
2020-05-23,Mono,051,14174,36,34,0,34,1
2020-05-23,Monterey,053,433212,503,397,1,398,8
2020-05-23,Napa,055,140530,125,101,0,101,3
2020-05-23,Nevada,057,99092,43,41,1,42,1
2020-05-23,Orange,059,3164182,7764,5313,60,5373,113
2020-05-23,Placer,061,380077,215,184,0,184,9
2020-05-23,Plumas,063,18699,4,4,0,4,0
2020-05-23,Riverside,065,2383286,7835,6460,20,6480,284
2020-05-23,Sacramento,067,1510023,1373,1275,1,1276,50
2020-05-23,San Benito,069,59416,81,67,0,67,2
2020-05-23,San Bernardino,071,2135413,5323,4172,4,4176,175
2020-05-23,San Diego,073,3302833,7563,6561,0,6561,249
2020-05-23,San Francisco,075,870044,2491,2312,0,2312,40
2020-05-23,San Joaquin,077,732212,932,759,3,762,33
2020-05-23,San Luis Obispo,079,281455,335,256,4,260,1
2020-05-23,San Mateo,081,765935,2166,1862,2,1864,71
2020-05-23,Santa Barbara,083,443738,1665,1566,11,1577,9
2020-05-23,Santa Clara,085,1922200,3270,2593,12,2605,139
2020-05-23,Santa Cruz,087,273765,215,177,0,177,2
2020-05-23,Shasta,089,179085,53,35,0,35,4
2020-05-23,Sierra,091,2930,1,1,0,1,0
2020-05-23,Siskiyou,093,43540,7,6,0,6,0
2020-05-23,Solano,095,438530,536,435,0,435,5
2020-05-23,Sonoma,097,501317,539,462,0,462,4
2020-05-23,Stanislaus,099,539301,721,625,5,630,27
2020-05-23,Sutter,101,95872,44,38,0,38,2
2020-05-23,Tehama,103,63373,5,2,1,3,1
2020-05-23,Trinity,105,12862,6,1,2,3,0
2020-05-23,Tulare,107,460477,2286,1682,10,1692,73
2020-05-23,Tuolumne,109,53932,5,2,0,2,0
2020-05-23,Ventura,111,848112,1438,961,8,969,27
2020-05-23,Yolo,113,214977,219,188,0,188,22
2020-05-23,Yuba,115,75493,26,24,0,24,1
2020-05-22,Alameda,001,1643700,3274,2722,5,2727,91
2020-05-22,Alpine,003,1148,1,1,0,1,0
2020-05-22,Amador,005,37829,10,9,0,9,0
2020-05-22,Butte,007,227075,58,34,1,35,0
2020-05-22,Calaveras,009,45235,15,13,0,13,0
2020-05-22,Colusa,011,21464,7,4,0,4,0
2020-05-22,Contra Costa,013,1133247,1489,1272,1,1273,36
2020-05-22,Del Norte,015,27424,41,9,0,9,0
2020-05-22,El Dorado,017,186661,97,74,1,75,0
2020-05-22,Fresno,019,978130,2755,1399,40,1439,20
2020-05-22,Glenn,021,27897,15,12,0,12,0
2020-05-22,Humboldt,023,135768,105,80,0,80,2
2020-05-22,Imperial,025,180216,2484,1214,4,1218,14
2020-05-22,Inyo,027,18085,19,20,0,20,1
2020-05-22,Kern,029,883053,2339,1749,5,1754,28
2020-05-22,Kings,031,150075,758,428,2,430,2
2020-05-22,Lake,033,64148,22,10,0,10,0
2020-05-22,Lassen,035,31185,6,0,2,2,0
2020-05-22,Los Angeles,037,10098052,52447,43025,19,43044,2027
2020-05-22,Madera,039,155013,182,82,1,83,2
2020-05-22,Marin,041,260295,436,372,1,373,14
2020-05-22,Mariposa,043,17540,16,15,0,15,1
2020-05-22,Mendocino,045,87422,20,13,0,13,0
2020-05-22,Merced,047,269075,352,233,0,233,6
2020-05-22,Modoc,049,8938,0,0,0,0,0
2020-05-22,Mono,051,14174,36,34,0,34,1
2020-05-22,Monterey,053,433212,492,372,1,373,8
2020-05-22,Napa,055,140530,123,97,0,97,3
2020-05-22,Nevada,057,99092,42,41,1,42,1
2020-05-22,Orange,059,3164182,7567,5144,58,5202,113
2020-05-22,Placer,061,380077,215,181,0,181,9
2020-05-22,Plumas,063,18699,4,4,0,4,0
2020-05-22,Riverside,065,2383286,7720,6351,20,6371,283
2020-05-22,Sacramento,067,1510023,1357,1262,1,1263,50
2020-05-22,San Benito,069,59416,80,64,0,64,2
2020-05-22,San Bernardino,071,2135413,5248,4107,4,4111,173
2020-05-22,San Diego,073,3302833,7477,6436,0,6436,242
2020-05-22,San Francisco,075,870044,2473,2251,0,2251,40
2020-05-22,San Joaquin,077,732212,919,747,3,750,33
2020-05-22,San Luis Obispo,079,281455,334,254,4,258,1
2020-05-22,San Mateo,081,765935,2147,1847,2,1849,71
2020-05-22,Santa Barbara,083,443738,1655,1554,11,1565,9
2020-05-22,Santa Clara,085,1922200,3250,2537,12,2549,139
2020-05-22,Santa Cruz,087,273765,212,171,0,171,2
2020-05-22,Shasta,089,179085,53,34,0,34,4
2020-05-22,Sierra,091,2930,1,0,0,0,0
2020-05-22,Siskiyou,093,43540,7,6,0,6,0
2020-05-22,Solano,095,438530,533,431,0,431,4
2020-05-22,Sonoma,097,501317,535,444,0,444,4
2020-05-22,Stanislaus,099,539301,711,616,5,621,27
2020-05-22,Sutter,101,95872,44,38,0,38,2
2020-05-22,Tehama,103,63373,5,2,0,2,1
2020-05-22,Trinity,105,12862,6,1,2,3,0
2020-05-22,Tulare,107,460477,2256,1662,10,1672,73
2020-05-22,Tuolumne,109,53932,5,2,0,2,0
2020-05-22,Ventura,111,848112,1420,937,8,945,27
2020-05-22,Yolo,113,214977,217,187,0,187,22
2020-05-22,Yuba,115,75493,26,24,0,24,1
2020-05-21,Alameda,001,1643700,3208,2606,5,2611,89
2020-05-21,Alpine,003,1148,1,1,0,1,0
2020-05-21,Amador,005,37829,10,9,0,9,0
2020-05-21,Butte,007,227075,57,31,1,32,0
2020-05-21,Calaveras,009,45235,15,13,0,13,0
2020-05-21,Colusa,011,21464,7,4,0,4,0
2020-05-21,Contra Costa,013,1133247,1453,1243,1,1244,36
2020-05-21,Del Norte,015,27424,38,9,0,9,0
2020-05-21,El Dorado,017,186661,95,67,1,68,0
2020-05-21,Fresno,019,978130,2664,1362,39,1401,20
2020-05-21,Glenn,021,27897,14,12,0,12,0
2020-05-21,Humboldt,023,135768,104,79,0,79,0
2020-05-21,Imperial,025,180216,2323,1096,4,1100,14
2020-05-21,Inyo,027,18085,19,20,0,20,1
2020-05-21,Kern,029,883053,2263,1684,4,1688,27
2020-05-21,Kings,031,150075,737,417,2,419,2
2020-05-21,Lake,033,64148,17,10,0,10,0
2020-05-21,Lassen,035,31185,6,0,2,2,0
2020-05-21,Los Angeles,037,10098052,51409,42063,19,42082,1996
2020-05-21,Madera,039,155013,179,82,1,83,2
2020-05-21,Marin,041,260295,425,359,1,360,14
2020-05-21,Mariposa,043,17540,16,15,0,15,1
2020-05-21,Mendocino,045,87422,20,12,0,12,0
2020-05-21,Merced,047,269075,341,226,0,226,6
2020-05-21,Modoc,049,8938,0,0,0,0,0
2020-05-21,Mono,051,14174,36,33,0,33,1
2020-05-21,Monterey,053,433212,481,363,1,364,8
2020-05-21,Napa,055,140530,121,96,0,96,3
2020-05-21,Nevada,057,99092,42,41,1,42,1
2020-05-21,Orange,059,3164182,7364,4975,58,5033,106
2020-05-21,Placer,061,380077,208,176,0,176,8
2020-05-21,Plumas,063,18699,4,4,0,4,0
2020-05-21,Riverside,065,2383286,7534,6245,20,6265,279
2020-05-21,Sacramento,067,1510023,1344,1258,1,1259,56
2020-05-21,San Benito,069,59416,77,61,0,61,2
2020-05-21,San Bernardino,071,2135413,5101,3950,4,3954,167
2020-05-21,San Diego,073,3302833,7341,6317,0,6317,241
2020-05-21,San Francisco,075,870044,2449,2248,0,2248,37
2020-05-21,San Joaquin,077,732212,883,730,3,733,33
2020-05-21,San Luis Obispo,079,281455,334,251,3,254,1
2020-05-21,San Mateo,081,765935,2111,1791,2,1793,74
2020-05-21,Santa Barbara,083,443738,1640,1541,11,1552,10
2020-05-21,Santa Clara,085,1922200,3227,2520,12,2532,138
2020-05-21,Santa Cruz,087,273765,204,164,0,164,3
2020-05-21,Shasta,089,179085,51,34,0,34,4
2020-05-21,Sierra,091,2930,1,0,0,0,0
2020-05-21,Siskiyou,093,43540,7,6,0,6,0
2020-05-21,Solano,095,438530,524,424,0,424,4
2020-05-21,Sonoma,097,501317,517,427,0,427,4
2020-05-21,Stanislaus,099,539301,700,602,5,607,27
2020-05-21,Sutter,101,95872,43,38,0,38,2
2020-05-21,Tehama,103,63373,4,2,0,2,1
2020-05-21,Trinity,105,12862,5,1,2,3,0
2020-05-21,Tulare,107,460477,2206,1606,8,1614,73
2020-05-21,Tuolumne,109,53932,3,2,0,2,0
2020-05-21,Ventura,111,848112,1371,907,8,915,30
2020-05-21,Yolo,113,214977,214,185,0,185,22
2020-05-21,Yuba,115,75493,26,24,0,24,1
2020-05-20,Alameda,001,1643700,3135,2554,5,2559,89
2020-05-20,Alpine,003,1148,1,1,0,1,0
2020-05-20,Amador,005,37829,10,9,0,9,0
2020-05-20,Butte,007,227075,54,30,1,31,0
2020-05-20,Calaveras,009,45235,15,13,0,13,0
2020-05-20,Colusa,011,21464,7,3,0,3,0
2020-05-20,Contra Costa,013,1133247,1423,1223,1,1224,33
2020-05-20,Del Norte,015,27424,31,9,0,9,0
2020-05-20,El Dorado,017,186661,94,67,1,68,0
2020-05-20,Fresno,019,978130,2591,1329,38,1367,17
2020-05-20,Glenn,021,27897,13,12,0,12,0
2020-05-20,Humboldt,023,135768,101,73,0,73,0
2020-05-20,Imperial,025,180216,2210,1047,4,1051,14
2020-05-20,Inyo,027,18085,19,20,0,20,1
2020-05-20,Kern,029,883053,2200,1639,3,1642,27
2020-05-20,Kings,031,150075,593,403,2,405,2
2020-05-20,Lake,033,64148,17,9,0,9,0
2020-05-20,Lassen,035,31185,5,0,2,2,0
2020-05-20,Los Angeles,037,10098052,50412,40932,19,40951,1955
2020-05-20,Madera,039,155013,177,82,1,83,2
2020-05-20,Marin,041,260295,398,348,1,349,14
2020-05-20,Mariposa,043,17540,16,15,0,15,1
2020-05-20,Mendocino,045,87422,20,12,0,12,0
2020-05-20,Merced,047,269075,334,225,0,225,6
2020-05-20,Modoc,049,8938,0,0,0,0,0
2020-05-20,Mono,051,14174,36,33,0,33,1
2020-05-20,Monterey,053,433212,467,356,1,357,8
2020-05-20,Napa,055,140530,114,93,0,93,3
2020-05-20,Nevada,057,99092,42,41,1,42,1
2020-05-20,Orange,059,3164182,7156,4866,56,4922,96
2020-05-20,Placer,061,380077,206,176,0,176,8
2020-05-20,Plumas,063,18699,4,4,0,4,0
2020-05-20,Riverside,065,2383286,7391,6090,20,6110,265
2020-05-20,Sacramento,067,1510023,1334,1244,1,1245,56
2020-05-20,San Benito,069,59416,76,61,0,61,2
2020-05-20,San Bernardino,071,2135413,4973,3771,4,3775,161
2020-05-20,San Diego,073,3302833,7224,6142,0,6142,230
2020-05-20,San Francisco,075,870044,2426,2199,0,2199,37
2020-05-20,San Joaquin,077,732212,847,713,3,716,33
2020-05-20,San Luis Obispo,079,281455,327,249,3,252,1
2020-05-20,San Mateo,081,765935,2058,1739,2,1741,74
2020-05-20,Santa Barbara,083,443738,1621,1524,11,1535,10
2020-05-20,Santa Clara,085,1922200,3206,2508,11,2519,138
2020-05-20,Santa Cruz,087,273765,201,163,0,163,3
2020-05-20,Shasta,089,179085,51,34,0,34,4
2020-05-20,Sierra,091,2930,1,0,0,0,0
2020-05-20,Siskiyou,093,43540,7,6,0,6,0
2020-05-20,Solano,095,438530,519,418,0,418,4
2020-05-20,Sonoma,097,501317,508,411,0,411,4
2020-05-20,Stanislaus,099,539301,684,584,4,588,25
2020-05-20,Sutter,101,95872,43,38,0,38,2
2020-05-20,Tehama,103,63373,4,2,0,2,1
2020-05-20,Trinity,105,12862,4,1,1,2,0
2020-05-20,Tulare,107,460477,2165,1585,8,1593,71
2020-05-20,Tuolumne,109,53932,3,2,0,2,0
2020-05-20,Ventura,111,848112,1335,879,8,887,29
2020-05-20,Yolo,113,214977,211,184,0,184,22
2020-05-20,Yuba,115,75493,26,23,0,23,1
2020-05-19,Alameda,001,1643700,3058,2493,3,2496,88
2020-05-19,Alpine,003,1148,1,1,0,1,0
2020-05-19,Amador,005,37829,10,9,0,9,0
2020-05-19,Butte,007,227075,52,25,1,26,0
2020-05-19,Calaveras,009,45235,15,13,0,13,0
2020-05-19,Colusa,011,21464,5,3,0,3,0
2020-05-19,Contra Costa,013,1133247,1399,1205,1,1206,33
2020-05-19,Del Norte,015,27424,28,8,0,8,0
2020-05-19,El Dorado,017,186661,91,67,0,67,0
2020-05-19,Fresno,019,978130,2477,1288,37,1325,15
2020-05-19,Glenn,021,27897,13,12,0,12,0
2020-05-19,Humboldt,023,135768,101,72,0,72,0
2020-05-19,Imperial,025,180216,2049,1012,4,1016,14
2020-05-19,Inyo,027,18085,19,20,0,20,1
2020-05-19,Kern,029,883053,2102,1601,3,1604,26
2020-05-19,Kings,031,150075,582,393,2,395,2
2020-05-19,Lake,033,64148,14,11,0,11,0
2020-05-19,Lassen,035,31185,5,0,2,2,0
2020-05-19,Los Angeles,037,10098052,49208,39670,19,39689,1906
2020-05-19,Madera,039,155013,173,80,1,81,2
2020-05-19,Marin,041,260295,374,340,1,341,14
2020-05-19,Mariposa,043,17540,16,15,0,15,1
2020-05-19,Mendocino,045,87422,20,12,0,12,0
2020-05-19,Merced,047,269075,326,222,0,222,5
2020-05-19,Modoc,049,8938,0,0,0,0,0
2020-05-19,Mono,051,14174,36,33,0,33,1
2020-05-19,Monterey,053,433212,455,350,1,351,8
2020-05-19,Napa,055,140530,113,93,0,93,3
2020-05-19,Nevada,057,99092,42,41,1,42,1
2020-05-19,Orange,059,3164182,6962,4746,54,4800,90
2020-05-19,Placer,061,380077,204,177,0,177,8
2020-05-19,Plumas,063,18699,4,5,0,5,0
2020-05-19,Riverside,065,2383286,7231,5963,19,5982,265
2020-05-19,Sacramento,067,1510023,1320,1239,1,1240,57
2020-05-19,San Benito,069,59416,74,59,0,59,2
2020-05-19,San Bernardino,071,2135413,4823,3656,4,3660,158
2020-05-19,San Diego,073,3302833,7080,6028,0,6028,222
2020-05-19,San Francisco,075,870044,2392,2186,0,2186,37
2020-05-19,San Joaquin,077,732212,825,705,3,708,33
2020-05-19,San Luis Obispo,079,281455,327,245,3,248,1
2020-05-19,San Mateo,081,765935,2017,1704,2,1706,71
2020-05-19,Santa Barbara,083,443738,1607,1521,11,1532,10
2020-05-19,Santa Clara,085,1922200,3156,2480,11,2491,138
2020-05-19,Santa Cruz,087,273765,190,161,0,161,3
2020-05-19,Shasta,089,179085,51,34,0,34,4
2020-05-19,Sierra,091,2930,0,0,0,0,0
2020-05-19,Siskiyou,093,43540,7,6,0,6,0
2020-05-19,Solano,095,438530,505,415,0,415,4
2020-05-19,Sonoma,097,501317,497,389,0,389,4
2020-05-19,Stanislaus,099,539301,670,582,4,586,25
2020-05-19,Sutter,101,95872,43,38,0,38,2
2020-05-19,Tehama,103,63373,4,2,0,2,1
2020-05-19,Trinity,105,12862,3,1,0,1,0
2020-05-19,Tulare,107,460477,2117,1551,8,1559,68
2020-05-19,Tuolumne,109,53932,3,2,0,2,0
2020-05-19,Ventura,111,848112,1294,861,7,868,28
2020-05-19,Yolo,113,214977,209,183,0,183,22
2020-05-19,Yuba,115,75493,26,23,0,23,1
2020-05-18,Alameda,001,1643700,2985,2442,3,2445,84
2020-05-18,Alpine,003,1148,1,1,0,1,0
2020-05-18,Amador,005,37829,10,8,0,8,0
2020-05-18,Butte,007,227075,50,24,1,25,0
2020-05-18,Calaveras,009,45235,15,13,0,13,0
2020-05-18,Colusa,011,21464,5,3,0,3,0
2020-05-18,Contra Costa,013,1133247,1368,1173,1,1174,33
2020-05-18,Del Norte,015,27424,23,8,0,8,0
2020-05-18,El Dorado,017,186661,89,67,0,67,0
2020-05-18,Fresno,019,978130,2399,1244,36,1280,14
2020-05-18,Glenn,021,27897,13,11,0,11,0
2020-05-18,Humboldt,023,135768,101,70,0,70,0
2020-05-18,Imperial,025,180216,1895,767,4,771,14
2020-05-18,Inyo,027,18085,19,20,0,20,1
2020-05-18,Kern,029,883053,2053,1566,3,1569,26
2020-05-18,Kings,031,150075,551,381,2,383,2
2020-05-18,Lake,033,64148,13,9,0,9,0
2020-05-18,Lassen,035,31185,5,0,2,2,0
2020-05-18,Los Angeles,037,10098052,48180,38477,19,38496,1825
2020-05-18,Madera,039,155013,167,74,1,75,2
2020-05-18,Marin,041,260295,361,329,1,330,14
2020-05-18,Mariposa,043,17540,16,15,0,15,1
2020-05-18,Mendocino,045,87422,15,12,0,12,0
2020-05-18,Merced,047,269075,317,217,0,217,5
2020-05-18,Modoc,049,8938,0,0,0,0,0
2020-05-18,Mono,051,14174,36,33,0,33,1
2020-05-18,Monterey,053,433212,444,345,1,346,8
2020-05-18,Napa,055,140530,109,92,0,92,3
2020-05-18,Nevada,057,99092,42,41,1,42,1
2020-05-18,Orange,059,3164182,6773,4558,52,4610,88
2020-05-18,Placer,061,380077,202,176,0,176,8
2020-05-18,Plumas,063,18699,4,5,0,5,0
2020-05-18,Riverside,065,2383286,7031,5873,18,5891,253
2020-05-18,Sacramento,067,1510023,1314,1233,0,1233,57
2020-05-18,San Benito,069,59416,72,59,0,59,2
2020-05-18,San Bernardino,071,2135413,4676,3558,4,3562,156
2020-05-18,San Diego,073,3302833,6947,5948,0,5948,211
2020-05-18,San Francisco,075,870044,2369,2183,0,2183,36
2020-05-18,San Joaquin,077,732212,813,697,3,700,33
2020-05-18,San Luis Obispo,079,281455,323,243,3,246,1
2020-05-18,San Mateo,081,765935,1979,1701,2,1703,68
2020-05-18,Santa Barbara,083,443738,1596,1501,11,1512,10
2020-05-18,Santa Clara,085,1922200,3123,2468,11,2479,137
2020-05-18,Santa Cruz,087,273765,188,160,0,160,3
2020-05-18,Shasta,089,179085,50,34,0,34,4
2020-05-18,Sierra,091,2930,0,0,0,0,0
2020-05-18,Siskiyou,093,43540,7,6,0,6,0
2020-05-18,Solano,095,438530,495,398,0,398,4
2020-05-18,Sonoma,097,501317,479,387,0,387,4
2020-05-18,Stanislaus,099,539301,658,572,4,576,25
2020-05-18,Sutter,101,95872,43,38,0,38,2
2020-05-18,Tehama,103,63373,4,2,0,2,1
2020-05-18,Trinity,105,12862,3,1,0,1,0
2020-05-18,Tulare,107,460477,2073,1491,8,1499,63
2020-05-18,Tuolumne,109,53932,3,2,0,2,0
2020-05-18,Ventura,111,848112,1271,850,6,856,27
2020-05-18,Yolo,113,214977,204,183,0,183,22
2020-05-18,Yuba,115,75493,26,23,0,23,1
2020-05-17,Alameda,001,1643700,2890,2389,3,2392,83
2020-05-17,Alpine,003,1148,1,1,0,1,0
2020-05-17,Amador,005,37829,10,8,0,8,0
2020-05-17,Butte,007,227075,49,23,1,24,0
2020-05-17,Calaveras,009,45235,15,13,0,13,0
2020-05-17,Colusa,011,21464,3,3,0,3,0
2020-05-17,Contra Costa,013,1133247,1329,1155,1,1156,33
2020-05-17,Del Norte,015,27424,23,7,0,7,0
2020-05-17,El Dorado,017,186661,89,65,0,65,0
2020-05-17,Fresno,019,978130,2293,1213,33,1246,14
2020-05-17,Glenn,021,27897,13,9,0,9,0
2020-05-17,Humboldt,023,135768,94,70,0,70,0
2020-05-17,Imperial,025,180216,1747,715,4,719,14
2020-05-17,Inyo,027,18085,19,20,0,20,1
2020-05-17,Kern,029,883053,1975,1546,3,1549,26
2020-05-17,Kings,031,150075,504,356,2,358,2
2020-05-17,Lake,033,64148,13,7,0,7,0
2020-05-17,Lassen,035,31185,5,0,2,2,0
2020-05-17,Los Angeles,037,10098052,46939,37996,19,38015,1807
2020-05-17,Madera,039,155013,165,69,1,70,2
2020-05-17,Marin,041,260295,350,315,1,316,14
2020-05-17,Mariposa,043,17540,15,15,0,15,1
2020-05-17,Mendocino,045,87422,14,10,0,10,0
2020-05-17,Merced,047,269075,306,214,0,214,5
2020-05-17,Modoc,049,8938,0,0,0,0,0
2020-05-17,Mono,051,14174,36,32,0,32,1
2020-05-17,Monterey,053,433212,424,342,1,343,8
2020-05-17,Napa,055,140530,105,89,0,89,3
2020-05-17,Nevada,057,99092,42,41,1,42,1
2020-05-17,Orange,059,3164182,6594,4466,51,4517,88
2020-05-17,Placer,061,380077,197,175,0,175,8
2020-05-17,Plumas,063,18699,4,4,0,4,0
2020-05-17,Riverside,065,2383286,6858,5776,18,5794,245
2020-05-17,Sacramento,067,1510023,1303,1224,0,1224,56
2020-05-17,San Benito,069,59416,71,59,0,59,2
2020-05-17,San Bernardino,071,2135413,4526,3467,4,3471,155
2020-05-17,San Diego,073,3302833,6815,5838,0,5838,209
2020-05-17,San Francisco,075,870044,2342,2132,0,2132,36
2020-05-17,San Joaquin,077,732212,783,688,3,691,32
2020-05-17,San Luis Obispo,079,281455,321,242,3,245,1
2020-05-17,San Mateo,081,765935,1942,1680,2,1682,68
2020-05-17,Santa Barbara,083,443738,1576,1457,11,1468,10
2020-05-17,Santa Clara,085,1922200,3086,2453,11,2464,135
2020-05-17,Santa Cruz,087,273765,177,155,0,155,3
2020-05-17,Shasta,089,179085,49,34,0,34,4
2020-05-17,Sierra,091,2930,0,0,0,0,0
2020-05-17,Siskiyou,093,43540,7,6,0,6,0
2020-05-17,Solano,095,438530,483,392,0,392,4
2020-05-17,Sonoma,097,501317,458,376,0,376,4
2020-05-17,Stanislaus,099,539301,647,566,4,570,25
2020-05-17,Sutter,101,95872,42,38,0,38,2
2020-05-17,Tehama,103,63373,3,2,0,2,1
2020-05-17,Trinity,105,12862,2,1,0,1,0
2020-05-17,Tulare,107,460477,1997,1430,7,1437,63
2020-05-17,Tuolumne,109,53932,3,2,0,2,0
2020-05-17,Ventura,111,848112,1226,838,6,844,27
2020-05-17,Yolo,113,214977,202,182,0,182,22
2020-05-17,Yuba,115,75493,26,21,0,21,1
2020-05-16,Alameda,001,1643700,2840,2327,3,2330,83
2020-05-16,Alpine,003,1148,1,1,0,1,0
2020-05-16,Amador,005,37829,10,8,0,8,0
2020-05-16,Butte,007,227075,44,22,1,23,0
2020-05-16,Calaveras,009,45235,15,13,0,13,0
2020-05-16,Colusa,011,21464,3,3,0,3,0
2020-05-16,Contra Costa,013,1133247,1311,1136,1,1137,33
2020-05-16,Del Norte,015,27424,19,4,0,4,0
2020-05-16,El Dorado,017,186661,89,65,0,65,0
2020-05-16,Fresno,019,978130,2236,1177,33,1210,14
2020-05-16,Glenn,021,27897,13,9,0,9,0
2020-05-16,Humboldt,023,135768,92,69,0,69,0
2020-05-16,Imperial,025,180216,1683,712,4,716,14
2020-05-16,Inyo,027,18085,19,20,0,20,1
2020-05-16,Kern,029,883053,1939,1509,3,1512,26
2020-05-16,Kings,031,150075,494,356,2,358,2
2020-05-16,Lake,033,64148,13,7,0,7,0
2020-05-16,Lassen,035,31185,4,0,2,2,0
2020-05-16,Los Angeles,037,10098052,46365,37352,19,37371,1778
2020-05-16,Madera,039,155013,163,70,1,71,2
2020-05-16,Marin,041,260295,346,297,1,298,14
2020-05-16,Mariposa,043,17540,15,15,0,15,1
2020-05-16,Mendocino,045,87422,14,10,0,10,0
2020-05-16,Merced,047,269075,304,201,0,201,5
2020-05-16,Modoc,049,8938,0,0,0,0,0
2020-05-16,Mono,051,14174,36,32,0,32,1
2020-05-16,Monterey,053,433212,409,329,1,330,8
2020-05-16,Napa,055,140530,105,86,0,86,3
2020-05-16,Nevada,057,99092,42,41,1,42,1
2020-05-16,Orange,059,3164182,6518,4396,50,4446,87
2020-05-16,Placer,061,380077,195,174,0,174,8
2020-05-16,Plumas,063,18699,4,4,0,4,0
2020-05-16,Riverside,065,2383286,6773,5633,18,5651,243
2020-05-16,Sacramento,067,1510023,1296,1209,0,1209,55
2020-05-16,San Benito,069,59416,66,58,0,58,2
2020-05-16,San Bernardino,071,2135413,4454,3362,4,3366,155
2020-05-16,San Diego,073,3302833,6729,5664,0,5664,209
2020-05-16,San Francisco,075,870044,2319,2094,0,2094,36
2020-05-16,San Joaquin,077,732212,775,668,3,671,32
2020-05-16,San Luis Obispo,079,281455,320,240,3,243,1
2020-05-16,San Mateo,081,765935,1927,1652,2,1654,68
2020-05-16,Santa Barbara,083,443738,1565,1422,10,1432,10
2020-05-16,Santa Clara,085,1922200,3068,2420,11,2431,135
2020-05-16,Santa Cruz,087,273765,174,154,0,154,3
2020-05-16,Shasta,089,179085,49,33,0,33,4
2020-05-16,Sierra,091,2930,0,0,0,0,0
2020-05-16,Siskiyou,093,43540,7,6,0,6,0
2020-05-16,Solano,095,438530,478,392,0,392,4
2020-05-16,Sonoma,097,501317,445,356,0,356,4
2020-05-16,Stanislaus,099,539301,638,546,4,550,24
2020-05-16,Sutter,101,95872,42,35,0,35,2
2020-05-16,Tehama,103,63373,3,2,0,2,1
2020-05-16,Trinity,105,12862,2,1,0,1,0
2020-05-16,Tulare,107,460477,1979,1426,7,1433,63
2020-05-16,Tuolumne,109,53932,3,2,0,2,0
2020-05-16,Ventura,111,848112,1200,813,6,819,25
2020-05-16,Yolo,113,214977,201,181,0,181,22
2020-05-16,Yuba,115,75493,26,21,0,21,1
2020-05-15,Alameda,001,1643700,2806,2289,3,2292,83
2020-05-15,Alpine,003,1148,1,1,0,1,0
2020-05-15,Amador,005,37829,10,8,0,8,0
2020-05-15,Butte,007,227075,42,22,1,23,0
2020-05-15,Calaveras,009,45235,14,13,0,13,0
2020-05-15,Colusa,011,21464,3,3,0,3,0
2020-05-15,Contra Costa,013,1133247,1293,1106,1,1107,33
2020-05-15,Del Norte,015,27424,14,4,0,4,0
2020-05-15,El Dorado,017,186661,89,64,0,64,0
2020-05-15,Fresno,019,978130,2169,1126,33,1159,14
2020-05-15,Glenn,021,27897,13,9,0,9,0
2020-05-15,Humboldt,023,135768,91,60,0,60,0
2020-05-15,Imperial,025,180216,1599,680,0,680,14
2020-05-15,Inyo,027,18085,19,20,0,20,1
2020-05-15,Kern,029,883053,1883,1472,3,1475,25
2020-05-15,Kings,031,150075,491,347,2,349,2
2020-05-15,Lake,033,64148,13,7,0,7,0
2020-05-15,Lassen,035,31185,4,0,2,2,0
2020-05-15,Los Angeles,037,10098052,45578,36317,19,36336,1734
2020-05-15,Madera,039,155013,162,71,1,72,2
2020-05-15,Marin,041,260295,338,295,1,296,14
2020-05-15,Mariposa,043,17540,15,15,0,15,1
2020-05-15,Mendocino,045,87422,14,10,0,10,0
2020-05-15,Merced,047,269075,301,191,0,191,5
2020-05-15,Modoc,049,8938,0,0,0,0,0
2020-05-15,Mono,051,14174,36,31,0,31,1
2020-05-15,Monterey,053,433212,403,321,1,322,8
2020-05-15,Napa,055,140530,105,83,0,83,3
2020-05-15,Nevada,057,99092,42,41,1,42,1
2020-05-15,Orange,059,3164182,6345,4281,50,4331,87
2020-05-15,Placer,061,380077,193,174,0,174,8
2020-05-15,Plumas,063,18699,4,4,0,4,0
2020-05-15,Riverside,065,2383286,6659,5496,18,5514,233
2020-05-15,Sacramento,067,1510023,1286,1203,0,1203,55
2020-05-15,San Benito,069,59416,63,57,0,57,2
2020-05-15,San Bernardino,071,2135413,4376,3225,4,3229,153
2020-05-15,San Diego,073,3302833,6622,5525,0,5525,208
2020-05-15,San Francisco,075,870044,2303,2062,0,2062,36
2020-05-15,San Joaquin,077,732212,769,656,3,659,32
2020-05-15,San Luis Obispo,079,281455,318,237,3,240,1
2020-05-15,San Mateo,081,765935,1905,1612,2,1614,68
2020-05-15,Santa Barbara,083,443738,1556,1409,9,1418,10
2020-05-15,Santa Clara,085,1922200,3025,2395,10,2405,135
2020-05-15,Santa Cruz,087,273765,173,146,0,146,3
2020-05-15,Shasta,089,179085,48,33,0,33,4
2020-05-15,Sierra,091,2930,0,0,0,0,0
2020-05-15,Siskiyou,093,43540,6,5,0,5,0
2020-05-15,Solano,095,438530,474,388,0,388,4
2020-05-15,Sonoma,097,501317,437,349,0,349,4
2020-05-15,Stanislaus,099,539301,631,540,4,544,23
2020-05-15,Sutter,101,95872,41,35,0,35,2
2020-05-15,Tehama,103,63373,3,1,0,1,1
2020-05-15,Trinity,105,12862,2,1,0,1,0
2020-05-15,Tulare,107,460477,1951,1356,7,1363,61
2020-05-15,Tuolumne,109,53932,3,2,0,2,0
2020-05-15,Ventura,111,848112,1182,789,5,794,25
2020-05-15,Yolo,113,214977,200,182,0,182,22
2020-05-15,Yuba,115,75493,26,21,0,21,1
2020-05-14,Alameda,001,1643700,2713,2255,3,2258,80
2020-05-14,Alpine,003,1148,1,1,0,1,0
2020-05-14,Amador,005,37829,10,8,0,8,0
2020-05-14,Butte,007,227075,40,22,1,23,0
2020-05-14,Calaveras,009,45235,14,13,0,13,0
2020-05-14,Colusa,011,21464,3,3,0,3,0
2020-05-14,Contra Costa,013,1133247,1267,1090,1,1091,32
2020-05-14,Del Norte,015,27424,14,4,0,4,0
2020-05-14,El Dorado,017,186661,80,59,0,59,0
2020-05-14,Fresno,019,978130,2109,1038,29,1067,12
2020-05-14,Glenn,021,27897,12,8,0,8,0
2020-05-14,Humboldt,023,135768,89,59,0,59,0
2020-05-14,Imperial,025,180216,1482,652,0,652,13
2020-05-14,Inyo,027,18085,19,20,0,20,1
2020-05-14,Kern,029,883053,1841,1430,3,1433,21
2020-05-14,Kings,031,150075,475,342,2,344,1
2020-05-14,Lake,033,64148,13,7,0,7,0
2020-05-14,Lassen,035,31185,4,0,2,2,0
2020-05-14,Los Angeles,037,10098052,44403,35427,19,35446,1693
2020-05-14,Madera,039,155013,153,69,1,70,2
2020-05-14,Marin,041,260295,320,283,1,284,14
2020-05-14,Mariposa,043,17540,15,15,0,15,0
2020-05-14,Mendocino,045,87422,13,10,0,10,0
2020-05-14,Merced,047,269075,290,182,0,182,3
2020-05-14,Modoc,049,8938,0,0,0,0,0
2020-05-14,Mono,051,14174,36,31,0,31,1
2020-05-14,Monterey,053,433212,393,317,1,318,7
2020-05-14,Napa,055,140530,103,83,0,83,3
2020-05-14,Nevada,057,99092,41,41,1,42,1
2020-05-14,Orange,059,3164182,6170,4163,48,4211,83
2020-05-14,Placer,061,380077,193,172,0,172,8
2020-05-14,Plumas,063,18699,4,4,0,4,0
2020-05-14,Riverside,065,2383286,6475,5339,18,5357,224
2020-05-14,Sacramento,067,1510023,1274,1181,0,1181,55
2020-05-14,San Benito,069,59416,61,56,0,56,2
2020-05-14,San Bernardino,071,2135413,4197,3149,4,3153,149
2020-05-14,San Diego,073,3302833,6487,5393,0,5393,200
2020-05-14,San Francisco,075,870044,2270,2029,0,2029,36
2020-05-14,San Joaquin,077,732212,754,643,3,646,31
2020-05-14,San Luis Obispo,079,281455,315,236,3,239,1
2020-05-14,San Mateo,081,765935,1873,1588,2,1590,67
2020-05-14,Santa Barbara,083,443738,1544,1395,9,1404,11
2020-05-14,Santa Clara,085,1922200,3002,2380,10,2390,134
2020-05-14,Santa Cruz,087,273765,171,145,0,145,3
2020-05-14,Shasta,089,179085,48,33,0,33,4
2020-05-14,Sierra,091,2930,0,0,0,0,0
2020-05-14,Siskiyou,093,43540,6,5,0,5,0
2020-05-14,Solano,095,438530,465,372,0,372,4
2020-05-14,Sonoma,097,501317,420,333,0,333,4
2020-05-14,Stanislaus,099,539301,612,533,4,537,23
2020-05-14,Sutter,101,95872,41,34,0,34,2
2020-05-14,Tehama,103,63373,3,1,0,1,1
2020-05-14,Trinity,105,12862,2,1,0,1,0
2020-05-14,Tulare,107,460477,1912,1317,7,1324,55
2020-05-14,Tuolumne,109,53932,3,2,0,2,0
2020-05-14,Ventura,111,848112,1151,760,5,765,25
2020-05-14,Yolo,113,214977,200,180,0,180,22
2020-05-14,Yuba,115,75493,26,21,0,21,1
2020-05-13,Alameda,001,1643700,2655,2181,3,2184,78
2020-05-13,Alpine,003,1148,1,1,0,1,0
2020-05-13,Amador,005,37829,10,8,0,8,0
2020-05-13,Butte,007,227075,40,21,1,22,0
2020-05-13,Calaveras,009,45235,14,13,0,13,0
2020-05-13,Colusa,011,21464,3,3,0,3,0
2020-05-13,Contra Costa,013,1133247,1245,1082,1,1083,32
2020-05-13,Del Norte,015,27424,13,4,0,4,0
2020-05-13,El Dorado,017,186661,79,58,0,58,0
2020-05-13,Fresno,019,978130,2011,993,29,1022,10
2020-05-13,Glenn,021,27897,11,6,0,6,0
2020-05-13,Humboldt,023,135768,83,58,0,58,0
2020-05-13,Imperial,025,180216,1412,610,0,610,11
2020-05-13,Inyo,027,18085,19,20,0,20,1
2020-05-13,Kern,029,883053,1795,1390,3,1393,19
2020-05-13,Kings,031,150075,461,314,2,316,1
2020-05-13,Lake,033,64148,13,7,0,7,0
2020-05-13,Lassen,035,31185,4,0,2,2,0
2020-05-13,Los Angeles,037,10098052,43092,34574,19,34593,1643
2020-05-13,Madera,039,155013,144,69,1,70,2
2020-05-13,Marin,041,260295,307,278,1,279,14
2020-05-13,Mariposa,043,17540,15,15,0,15,0
2020-05-13,Mendocino,045,87422,13,10,0,10,0
2020-05-13,Merced,047,269075,287,176,0,176,3
2020-05-13,Modoc,049,8938,0,0,0,0,0
2020-05-13,Mono,051,14174,35,31,0,31,1
2020-05-13,Monterey,053,433212,383,309,1,310,6
2020-05-13,Napa,055,140530,103,81,0,81,3
2020-05-13,Nevada,057,99092,41,41,1,42,1
2020-05-13,Orange,059,3164182,5924,4025,46,4071,79
2020-05-13,Placer,061,380077,192,170,0,170,8
2020-05-13,Plumas,063,18699,4,4,0,4,0
2020-05-13,Riverside,065,2383286,6352,5204,18,5222,216
2020-05-13,Sacramento,067,1510023,1259,1173,0,1173,53
2020-05-13,San Benito,069,59416,61,55,0,55,2
2020-05-13,San Bernardino,071,2135413,3940,3064,3,3067,140
2020-05-13,San Diego,073,3302833,6351,5280,0,5280,194
2020-05-13,San Francisco,075,870044,2242,2004,0,2004,35
2020-05-13,San Joaquin,077,732212,733,639,3,642,31
2020-05-13,San Luis Obispo,079,281455,313,231,3,234,1
2020-05-13,San Mateo,081,765935,1841,1550,2,1552,66
2020-05-13,Santa Barbara,083,443738,1533,1382,9,1391,10
2020-05-13,Santa Clara,085,1922200,2982,2370,10,2380,132
2020-05-13,Santa Cruz,087,273765,167,142,0,142,2
2020-05-13,Shasta,089,179085,48,32,0,32,4
2020-05-13,Sierra,091,2930,0,0,0,0,0
2020-05-13,Siskiyou,093,43540,6,5,0,5,0
2020-05-13,Solano,095,438530,452,368,0,368,4
2020-05-13,Sonoma,097,501317,410,330,0,330,4
2020-05-13,Stanislaus,099,539301,603,521,4,525,15
2020-05-13,Sutter,101,95872,41,33,0,33,2
2020-05-13,Tehama,103,63373,3,1,0,1,1
2020-05-13,Trinity,105,12862,2,2,0,2,0
2020-05-13,Tulare,107,460477,1879,1283,7,1290,54
2020-05-13,Tuolumne,109,53932,3,2,0,2,0
2020-05-13,Ventura,111,848112,1120,742,5,747,25
2020-05-13,Yolo,113,214977,198,178,0,178,22
2020-05-13,Yuba,115,75493,24,19,0,19,1
2020-05-12,Alameda,001,1643700,2591,2146,3,2149,74
2020-05-12,Alpine,003,1148,1,1,0,1,0
2020-05-12,Amador,005,37829,10,8,0,8,0
2020-05-12,Butte,007,227075,38,20,1,21,0
2020-05-12,Calaveras,009,45235,13,13,0,13,0
2020-05-12,Colusa,011,21464,3,3,0,3,0
2020-05-12,Contra Costa,013,1133247,1214,1067,1,1068,32
2020-05-12,Del Norte,015,27424,10,3,0,3,0
2020-05-12,El Dorado,017,186661,76,56,0,56,0
2020-05-12,Fresno,019,978130,1927,978,27,1005,9
2020-05-12,Glenn,021,27897,10,6,0,6,0
2020-05-12,Humboldt,023,135768,80,58,0,58,0
2020-05-12,Imperial,025,180216,1281,602,0,602,9
2020-05-12,Inyo,027,18085,19,20,0,20,1
2020-05-12,Kern,029,883053,1754,1363,3,1366,18
2020-05-12,Kings,031,150075,440,302,2,304,1
2020-05-12,Lake,033,64148,13,7,0,7,0
2020-05-12,Lassen,035,31185,4,0,2,2,0
2020-05-12,Los Angeles,037,10098052,42094,33281,18,33299,1601
2020-05-12,Madera,039,155013,138,69,1,70,2
2020-05-12,Marin,041,260295,302,274,1,275,14
2020-05-12,Mariposa,043,17540,15,15,0,15,0
2020-05-12,Mendocino,045,87422,13,10,0,10,0
2020-05-12,Merced,047,269075,276,175,0,175,3
2020-05-12,Modoc,049,8938,0,0,0,0,0
2020-05-12,Mono,051,14174,35,31,0,31,1
2020-05-12,Monterey,053,433212,376,298,1,299,6
2020-05-12,Napa,055,140530,101,80,0,80,3
2020-05-12,Nevada,057,99092,41,41,1,42,1
2020-05-12,Orange,059,3164182,5741,3843,44,3887,78
2020-05-12,Placer,061,380077,191,170,0,170,8
2020-05-12,Plumas,063,18699,4,4,0,4,0
2020-05-12,Riverside,065,2383286,6229,5134,18,5152,210
2020-05-12,Sacramento,067,1510023,1239,1166,0,1166,52
2020-05-12,San Benito,069,59416,61,55,0,55,2
2020-05-12,San Bernardino,071,2135413,3788,2997,3,3000,131
2020-05-12,San Diego,073,3302833,6207,3,0,3,0
2020-05-12,San Francisco,075,870044,2207,1981,0,1981,35
2020-05-12,San Joaquin,077,732212,718,625,3,628,30
2020-05-12,San Luis Obispo,079,281455,310,226,3,229,1
2020-05-12,San Mateo,081,765935,1815,1533,2,1535,66
2020-05-12,Santa Barbara,083,443738,1502,1377,9,1386,10
2020-05-12,Santa Clara,085,1922200,2952,2362,10,2372,131
2020-05-12,Santa Cruz,087,273765,165,141,0,141,2
2020-05-12,Shasta,089,179085,47,33,0,33,4
2020-05-12,Sierra,091,2930,0,0,0,0,0
2020-05-12,Siskiyou,093,43540,6,5,0,5,0
2020-05-12,Solano,095,438530,444,361,0,361,4
2020-05-12,Sonoma,097,501317,387,308,0,308,4
2020-05-12,Stanislaus,099,539301,596,515,4,519,15
2020-05-12,Sutter,101,95872,41,33,0,33,2
2020-05-12,Tehama,103,63373,3,1,0,1,1
2020-05-12,Trinity,105,12862,2,1,0,1,0
2020-05-12,Tulare,107,460477,1847,1261,7,1268,52
2020-05-12,Tuolumne,109,53932,3,2,0,2,0
2020-05-12,Ventura,111,848112,1064,718,5,723,20
2020-05-12,Yolo,113,214977,197,176,0,176,22
2020-05-12,Yuba,115,75493,24,19,0,19,1
2020-05-11,Alameda,001,1643700,2541,2103,3,2106,71
2020-05-11,Alpine,003,1148,1,1,0,1,0
2020-05-11,Amador,005,37829,10,8,0,8,0
2020-05-11,Butte,007,227075,37,19,1,20,0
2020-05-11,Calaveras,009,45235,13,13,0,13,0
2020-05-11,Colusa,011,21464,3,3,0,3,0
2020-05-11,Contra Costa,013,1133247,1200,1052,1,1053,32
2020-05-11,Del Norte,015,27424,8,3,0,3,0
2020-05-11,El Dorado,017,186661,76,55,0,55,0
2020-05-11,Fresno,019,978130,1835,937,26,963,8
2020-05-11,Glenn,021,27897,10,6,0,6,0
2020-05-11,Humboldt,023,135768,77,56,0,56,0
2020-05-11,Imperial,025,180216,1174,562,0,562,9
2020-05-11,Inyo,027,18085,19,20,0,20,1
2020-05-11,Kern,029,883053,1702,1331,3,1334,17
2020-05-11,Kings,031,150075,417,289,1,290,1
2020-05-11,Lake,033,64148,12,7,0,7,0
2020-05-11,Lassen,035,31185,4,0,2,2,0
2020-05-11,Los Angeles,037,10098052,40913,32279,18,32297,1553
2020-05-11,Madera,039,155013,129,68,1,69,2
2020-05-11,Marin,041,260295,293,271,1,272,14
2020-05-11,Mariposa,043,17540,15,15,0,15,0
2020-05-11,Mendocino,045,87422,13,10,0,10,0
2020-05-11,Merced,047,269075,261,158,0,158,3
2020-05-11,Modoc,049,8938,0,0,0,0,0
2020-05-11,Mono,051,14174,35,30,0,30,1
2020-05-11,Monterey,053,433212,373,286,1,287,6
2020-05-11,Napa,055,140530,95,79,0,79,2
2020-05-11,Nevada,057,99092,41,41,1,42,1
2020-05-11,Orange,059,3164182,5527,3699,38,3737,77
2020-05-11,Placer,061,380077,191,170,0,170,8
2020-05-11,Plumas,063,18699,4,4,0,4,0
2020-05-11,Riverside,065,2383286,6071,5082,17,5099,203
2020-05-11,Sacramento,067,1510023,1224,1160,0,1160,52
2020-05-11,San Benito,069,59416,59,52,0,52,2
2020-05-11,San Bernardino,071,2135413,3677,2945,3,2948,124
2020-05-11,San Diego,073,3302833,6054,5067,0,5067,175
2020-05-11,San Francisco,075,870044,2161,1974,0,1974,35
2020-05-11,San Joaquin,077,732212,708,620,3,623,30
2020-05-11,San Luis Obispo,079,281455,308,224,3,227,1
2020-05-11,San Mateo,081,765935,1789,1499,2,1501,66
2020-05-11,Santa Barbara,083,443738,1491,1372,8,1380,10
2020-05-11,Santa Clara,085,1922200,2935,2340,10,2350,129
2020-05-11,Santa Cruz,087,273765,162,140,0,140,2
2020-05-11,Shasta,089,179085,47,31,0,31,4
2020-05-11,Sierra,091,2930,0,0,0,0,0
2020-05-11,Siskiyou,093,43540,6,5,0,5,0
2020-05-11,Solano,095,438530,439,354,0,354,4
2020-05-11,Sonoma,097,501317,377,303,0,303,3
2020-05-11,Stanislaus,099,539301,586,507,4,511,14
2020-05-11,Sutter,101,95872,40,32,0,32,2
2020-05-11,Tehama,103,63373,3,1,0,1,1
2020-05-11,Trinity,105,12862,2,1,0,1,0
2020-05-11,Tulare,107,460477,1798,1203,7,1210,49
2020-05-11,Tuolumne,109,53932,3,2,0,2,0
2020-05-11,Ventura,111,848112,1003,698,4,702,19
2020-05-11,Yolo,113,214977,197,174,0,174,20
2020-05-11,Yuba,115,75493,24,18,0,18,1
2020-05-10,Alameda,001,1643700,2464,2047,3,2050,71
2020-05-10,Alpine,003,1148,1,1,0,1,0
2020-05-10,Amador,005,37829,10,8,0,8,0
2020-05-10,Butte,007,227075,32,18,1,19,0
2020-05-10,Calaveras,009,45235,13,13,0,13,0
2020-05-10,Colusa,011,21464,3,3,0,3,0
2020-05-10,Contra Costa,013,1133247,1186,1046,0,1046,31
2020-05-10,Del Norte,015,27424,7,3,0,3,0
2020-05-10,El Dorado,017,186661,76,55,0,55,0
2020-05-10,Fresno,019,978130,1750,894,26,920,8
2020-05-10,Glenn,021,27897,10,6,0,6,0
2020-05-10,Humboldt,023,135768,73,56,0,56,0
2020-05-10,Imperial,025,180216,1079,509,0,509,7
2020-05-10,Inyo,027,18085,19,20,0,20,1
2020-05-10,Kern,029,883053,1651,1300,2,1302,16
2020-05-10,Kings,031,150075,404,266,1,267,1
2020-05-10,Lake,033,64148,12,7,0,7,0
2020-05-10,Lassen,035,31185,4,0,2,2,0
2020-05-10,Los Angeles,037,10098052,39652,31711,18,31729,1514
2020-05-10,Madera,039,155013,127,65,1,66,2
2020-05-10,Marin,041,260295,285,267,1,268,14
2020-05-10,Mariposa,043,17540,15,15,0,15,0
2020-05-10,Mendocino,045,87422,12,10,0,10,0
2020-05-10,Merced,047,269075,246,154,0,154,3
2020-05-10,Modoc,049,8938,0,0,0,0,0
2020-05-10,Mono,051,14174,35,27,0,27,1
2020-05-10,Monterey,053,433212,359,282,1,283,6
2020-05-10,Napa,055,140530,89,79,0,79,2
2020-05-10,Nevada,057,99092,41,41,1,42,1
2020-05-10,Orange,059,3164182,5384,3627,38,3665,76
2020-05-10,Placer,061,380077,190,168,0,168,8
2020-05-10,Plumas,063,18699,4,4,0,4,0
2020-05-10,Riverside,065,2383286,5949,4951,17,4968,193
2020-05-10,Sacramento,067,1510023,1208,1152,0,1152,52
2020-05-10,San Benito,069,59416,59,52,0,52,2
2020-05-10,San Bernardino,071,2135413,3579,2910,3,2913,121
2020-05-10,San Diego,073,3302833,5902,4928,0,4928,175
2020-05-10,San Francisco,075,870044,2143,1953,0,1953,35
2020-05-10,San Joaquin,077,732212,693,611,3,614,29
2020-05-10,San Luis Obispo,079,281455,305,218,3,221,1
2020-05-10,San Mateo,081,765935,1767,1463,2,1465,65
2020-05-10,Santa Barbara,083,443738,1480,1323,8,1331,10
2020-05-10,Santa Clara,085,1922200,2908,2331,10,2341,129
2020-05-10,Santa Cruz,087,273765,161,139,0,139,2
2020-05-10,Shasta,089,179085,47,31,0,31,4
2020-05-10,Sierra,091,2930,0,0,0,0,0
2020-05-10,Siskiyou,093,43540,5,5,0,5,0
2020-05-10,Solano,095,438530,429,322,0,322,4
2020-05-10,Sonoma,097,501317,367,290,0,290,3
2020-05-10,Stanislaus,099,539301,579,498,4,502,14
2020-05-10,Sutter,101,95872,37,31,0,31,2
2020-05-10,Tehama,103,63373,3,1,0,1,1
2020-05-10,Trinity,105,12862,2,1,0,1,0
2020-05-10,Tulare,107,460477,1727,1143,7,1150,47
2020-05-10,Tuolumne,109,53932,3,2,0,2,0
2020-05-10,Ventura,111,848112,945,690,2,692,19
2020-05-10,Yolo,113,214977,197,173,0,173,20
2020-05-10,Yuba,115,75493,23,17,0,17,1
2020-05-09,Alameda,001,1643700,2421,2011,3,2014,71
2020-05-09,Alpine,003,1148,1,1,0,1,0
2020-05-09,Amador,005,37829,9,8,0,8,0
2020-05-09,Butte,007,227075,31,18,1,19,0
2020-05-09,Calaveras,009,45235,13,13,0,13,0
2020-05-09,Colusa,011,21464,3,3,0,3,0
2020-05-09,Contra Costa,013,1133247,1172,1039,0,1039,31
2020-05-09,Del Norte,015,27424,7,3,0,3,0
2020-05-09,El Dorado,017,186661,73,54,0,54,0
2020-05-09,Fresno,019,978130,1712,861,25,886,8
2020-05-09,Glenn,021,27897,9,6,0,6,0
2020-05-09,Humboldt,023,135768,71,55,0,55,0
2020-05-09,Imperial,025,180216,1023,474,0,474,7
2020-05-09,Inyo,027,18085,19,20,0,20,1
2020-05-09,Kern,029,883053,1615,1262,1,1263,15
2020-05-09,Kings,031,150075,399,264,1,265,1
2020-05-09,Lake,033,64148,12,7,0,7,0
2020-05-09,Lassen,035,31185,4,0,2,2,0
2020-05-09,Los Angeles,037,10098052,39030,31268,18,31286,1499
2020-05-09,Madera,039,155013,126,61,1,62,2
2020-05-09,Marin,041,260295,284,261,1,262,14
2020-05-09,Mariposa,043,17540,15,15,0,15,0
2020-05-09,Mendocino,045,87422,12,10,0,10,0
2020-05-09,Merced,047,269075,242,153,0,153,3
2020-05-09,Modoc,049,8938,0,0,0,0,0
2020-05-09,Mono,051,14174,35,27,0,27,1
2020-05-09,Monterey,053,433212,352,273,0,273,6
2020-05-09,Napa,055,140530,88,78,0,78,2
2020-05-09,Nevada,057,99092,41,41,1,42,1
2020-05-09,Orange,059,3164182,5301,3506,38,3544,75
2020-05-09,Placer,061,380077,189,168,0,168,8
2020-05-09,Plumas,063,18699,4,4,0,4,0
2020-05-09,Riverside,065,2383286,5854,4871,17,4888,183
2020-05-09,Sacramento,067,1510023,1204,1150,0,1150,52
2020-05-09,San Benito,069,59416,58,52,0,52,2
2020-05-09,San Bernardino,071,2135413,3523,2825,3,2828,121
2020-05-09,San Diego,073,3302833,5790,4778,0,4778,175
2020-05-09,San Francisco,075,870044,2128,1944,0,1944,34
2020-05-09,San Joaquin,077,732212,684,605,3,608,28
2020-05-09,San Luis Obispo,079,281455,301,213,3,216,1
2020-05-09,San Mateo,081,765935,1748,1453,2,1455,65
2020-05-09,Santa Barbara,083,443738,1472,1245,8,1253,10
2020-05-09,Santa Clara,085,1922200,2894,2317,10,2327,128
2020-05-09,Santa Cruz,087,273765,160,138,0,138,2
2020-05-09,Shasta,089,179085,47,31,0,31,4
2020-05-09,Sierra,091,2930,0,0,0,0,0
2020-05-09,Siskiyou,093,43540,5,5,0,5,0
2020-05-09,Solano,095,438530,423,321,0,321,4
2020-05-09,Sonoma,097,501317,363,288,0,288,3
2020-05-09,Stanislaus,099,539301,571,491,4,495,12
2020-05-09,Sutter,101,95872,37,31,0,31,2
2020-05-09,Tehama,103,63373,2,1,0,1,1
2020-05-09,Trinity,105,12862,2,1,0,1,0
2020-05-09,Tulare,107,460477,1699,1083,7,1090,47
2020-05-09,Tuolumne,109,53932,3,2,0,2,0
2020-05-09,Ventura,111,848112,924,679,2,681,19
2020-05-09,Yolo,113,214977,197,172,0,172,18
2020-05-09,Yuba,115,75493,23,17,0,17,1
2020-05-08,Alameda,001,1643700,2378,1955,3,1958,70
2020-05-08,Alpine,003,1148,1,1,0,1,0
2020-05-08,Amador,005,37829,9,8,0,8,0
2020-05-08,Butte,007,227075,31,18,1,19,0
2020-05-08,Calaveras,009,45235,13,13,0,13,0
2020-05-08,Colusa,011,21464,3,3,0,3,0
2020-05-08,Contra Costa,013,1133247,1160,1024,0,1024,29
2020-05-08,Del Norte,015,27424,7,3,0,3,0
2020-05-08,El Dorado,017,186661,72,54,0,54,0
2020-05-08,Fresno,019,978130,1670,838,23,861,8
2020-05-08,Glenn,021,27897,8,6,0,6,0
2020-05-08,Humboldt,023,135768,68,54,0,54,0
2020-05-08,Imperial,025,180216,978,467,0,467,7
2020-05-08,Inyo,027,18085,19,20,0,20,1
2020-05-08,Kern,029,883053,1584,1214,1,1215,13
2020-05-08,Kings,031,150075,390,236,1,237,1
2020-05-08,Lake,033,64148,12,7,0,7,0
2020-05-08,Lassen,035,31185,4,0,2,2,0
2020-05-08,Los Angeles,037,10098052,38299,30357,18,30375,1447
2020-05-08,Madera,039,155013,123,57,1,58,2
2020-05-08,Marin,041,260295,284,257,1,258,14
2020-05-08,Mariposa,043,17540,15,15,0,15,0
2020-05-08,Mendocino,045,87422,12,10,0,10,0
2020-05-08,Merced,047,269075,241,151,0,151,3
2020-05-08,Modoc,049,8938,0,0,0,0,0
2020-05-08,Mono,051,14174,32,27,0,27,1
2020-05-08,Monterey,053,433212,344,265,0,265,6
2020-05-08,Napa,055,140530,87,78,0,78,2
2020-05-08,Nevada,057,99092,41,41,1,42,1
2020-05-08,Orange,059,3164182,5154,3395,38,3433,72
2020-05-08,Placer,061,380077,187,166,0,166,8
2020-05-08,Plumas,063,18699,4,4,0,4,0
2020-05-08,Riverside,065,2383286,5754,4672,16,4688,181
2020-05-08,Sacramento,067,1510023,1199,1145,0,1145,51
2020-05-08,San Benito,069,59416,58,51,0,51,2
2020-05-08,San Bernardino,071,2135413,3475,2631,3,2634,119
2020-05-08,San Diego,073,3302833,5683,4664,0,4664,169
2020-05-08,San Francisco,075,870044,2110,1890,0,1890,33
2020-05-08,San Joaquin,077,732212,677,595,3,598,28
2020-05-08,San Luis Obispo,079,281455,298,210,3,213,1
2020-05-08,San Mateo,081,765935,1663,1423,2,1425,62
2020-05-08,Santa Barbara,083,443738,1463,1054,6,1060,8
2020-05-08,Santa Clara,085,1922200,2871,2285,10,2295,128
2020-05-08,Santa Cruz,087,273765,156,137,0,137,2
2020-05-08,Shasta,089,179085,47,31,0,31,4
2020-05-08,Sierra,091,2930,0,0,0,0,0
2020-05-08,Siskiyou,093,43540,5,5,0,5,0
2020-05-08,Solano,095,438530,418,314,0,314,4
2020-05-08,Sonoma,097,501317,358,285,0,285,3
2020-05-08,Stanislaus,099,539301,557,487,4,491,12
2020-05-08,Sutter,101,95872,37,30,0,30,2
2020-05-08,Tehama,103,63373,2,1,0,1,1
2020-05-08,Trinity,105,12862,2,0,0,0,0
2020-05-08,Tulare,107,460477,1654,1050,6,1056,43
2020-05-08,Tuolumne,109,53932,3,2,0,2,0
2020-05-08,Ventura,111,848112,906,665,2,667,19
2020-05-08,Yolo,113,214977,196,172,0,172,18
2020-05-08,Yuba,115,75493,22,16,0,16,1
2020-05-07,Alameda,001,1643700,2318,1914,3,1917,68
2020-05-07,Alpine,003,1148,1,1,0,1,0
2020-05-07,Amador,005,37829,9,8,0,8,0
2020-05-07,Butte,007,227075,31,19,1,20,0
2020-05-07,Calaveras,009,45235,13,13,0,13,0
2020-05-07,Colusa,011,21464,3,3,0,3,0
2020-05-07,Contra Costa,013,1133247,1146,1005,0,1005,29
2020-05-07,Del Norte,015,27424,6,3,0,3,0
2020-05-07,El Dorado,017,186661,71,54,0,54,0
2020-05-07,Fresno,019,978130,1584,812,22,834,8
2020-05-07,Glenn,021,27897,8,5,0,5,0
2020-05-07,Humboldt,023,135768,67,54,0,54,0
2020-05-07,Imperial,025,180216,915,442,0,442,6
2020-05-07,Inyo,027,18085,19,20,0,20,1
2020-05-07,Kern,029,883053,1540,1176,1,1177,13
2020-05-07,Kings,031,150075,367,219,1,220,1
2020-05-07,Lake,033,64148,11,7,0,7,0
2020-05-07,Lassen,035,31185,4,0,2,2,0
2020-05-07,Los Angeles,037,10098052,37177,29544,18,29562,1399
2020-05-07,Madera,039,155013,119,54,1,55,2
2020-05-07,Marin,041,260295,277,252,1,253,14
2020-05-07,Mariposa,043,17540,15,15,0,15,0
2020-05-07,Mendocino,045,87422,12,10,0,10,0
2020-05-07,Merced,047,269075,233,146,0,146,3
2020-05-07,Modoc,049,8938,0,0,0,0,0
2020-05-07,Mono,051,14174,32,26,0,26,1
2020-05-07,Monterey,053,433212,336,249,0,249,6
2020-05-07,Napa,055,140530,87,78,0,78,2
2020-05-07,Nevada,057,99092,41,41,1,42,1
2020-05-07,Orange,059,3164182,4969,3283,37,3320,69
2020-05-07,Placer,061,380077,187,165,0,165,8
2020-05-07,Plumas,063,18699,4,4,0,4,0
2020-05-07,Riverside,065,2383286,5638,4608,16,4624,170
2020-05-07,Sacramento,067,1510023,1193,1139,0,1139,50
2020-05-07,San Benito,069,59416,58,50,0,50,2
2020-05-07,San Bernardino,071,2135413,3383,2522,3,2525,115
2020-05-07,San Diego,073,3302833,5526,4431,0,4431,165
2020-05-07,San Francisco,075,870044,2079,1852,0,1852,33
2020-05-07,San Joaquin,077,732212,664,583,3,586,28
2020-05-07,San Luis Obispo,079,281455,287,209,3,212,1
2020-05-07,San Mateo,081,765935,1641,1398,2,1400,58
2020-05-07,Santa Barbara,083,443738,1436,720,5,725,8
2020-05-07,Santa Clara,085,1922200,2833,2281,10,2291,127
2020-05-07,Santa Cruz,087,273765,153,136,0,136,2
2020-05-07,Shasta,089,179085,46,31,0,31,4
2020-05-07,Sierra,091,2930,0,0,0,0,0
2020-05-07,Siskiyou,093,43540,5,5,0,5,0
2020-05-07,Solano,095,438530,412,307,0,307,4
2020-05-07,Sonoma,097,501317,346,282,0,282,3
2020-05-07,Stanislaus,099,539301,548,466,4,470,10
2020-05-07,Sutter,101,95872,37,29,0,29,2
2020-05-07,Tehama,103,63373,2,1,0,1,1
2020-05-07,Trinity,105,12862,2,0,0,0,0
2020-05-07,Tulare,107,460477,1586,1001,6,1007,41
2020-05-07,Tuolumne,109,53932,3,2,0,2,0
2020-05-07,Ventura,111,848112,882,647,1,648,19
2020-05-07,Yolo,113,214977,195,172,0,172,18
2020-05-07,Yuba,115,75493,22,16,0,16,1
2020-05-06,Alameda,001,1643700,2280,1864,3,1867,67
2020-05-06,Alpine,003,1148,1,1,0,1,0
2020-05-06,Amador,005,37829,9,8,0,8,0
2020-05-06,Butte,007,227075,30,19,1,20,0
2020-05-06,Calaveras,009,45235,13,13,0,13,0
2020-05-06,Colusa,011,21464,3,3,0,3,0
2020-05-06,Contra Costa,013,1133247,1125,990,0,990,29
2020-05-06,Del Norte,015,27424,6,3,0,3,0
2020-05-06,El Dorado,017,186661,69,53,0,53,0
2020-05-06,Fresno,019,978130,1521,773,20,793,8
2020-05-06,Glenn,021,27897,8,3,0,3,0
2020-05-06,Humboldt,023,135768,66,54,0,54,0
2020-05-06,Imperial,025,180216,847,399,0,399,6
2020-05-06,Inyo,027,18085,19,20,0,20,1
2020-05-06,Kern,029,883053,1484,1112,1,1113,12
2020-05-06,Kings,031,150075,349,208,1,209,1
2020-05-06,Lake,033,64148,11,7,0,7,0
2020-05-06,Lassen,035,31185,4,0,2,2,0
2020-05-06,Los Angeles,037,10098052,36169,28687,18,28705,1347
2020-05-06,Madera,039,155013,117,55,1,56,2
2020-05-06,Marin,041,260295,270,244,1,245,14
2020-05-06,Mariposa,043,17540,15,14,0,14,0
2020-05-06,Mendocino,045,87422,12,10,0,10,0
2020-05-06,Merced,047,269075,226,140,0,140,3
2020-05-06,Modoc,049,8938,0,0,0,0,0
2020-05-06,Mono,051,14174,32,26,0,26,1
2020-05-06,Monterey,053,433212,328,246,0,246,6
2020-05-06,Napa,055,140530,86,78,0,78,2
2020-05-06,Nevada,057,99092,41,41,1,42,1
2020-05-06,Orange,059,3164182,4785,3156,36,3192,66
2020-05-06,Placer,061,380077,184,164,0,164,8
2020-05-06,Plumas,063,18699,4,4,0,4,0
2020-05-06,Riverside,065,2383286,5494,4535,16,4551,163
2020-05-06,Sacramento,067,1510023,1187,1135,0,1135,49
2020-05-06,San Benito,069,59416,57,50,0,50,2
2020-05-06,San Bernardino,071,2135413,3261,2426,2,2428,110
2020-05-06,San Diego,073,3302833,5393,4321,0,4321,158
2020-05-06,San Francisco,075,870044,2054,1804,0,1804,32
2020-05-06,San Joaquin,077,732212,651,581,3,584,28
2020-05-06,San Luis Obispo,079,281455,284,207,3,210,1
2020-05-06,San Mateo,081,765935,1610,1348,2,1350,57
2020-05-06,Santa Barbara,083,443738,1395,565,4,569,8
2020-05-06,Santa Clara,085,1922200,2816,2270,9,2279,127
2020-05-06,Santa Cruz,087,273765,149,135,0,135,2
2020-05-06,Shasta,089,179085,45,31,0,31,4
2020-05-06,Sierra,091,2930,0,0,0,0,0
2020-05-06,Siskiyou,093,43540,5,5,0,5,0
2020-05-06,Solano,095,438530,402,300,0,300,4
2020-05-06,Sonoma,097,501317,330,269,0,269,3
2020-05-06,Stanislaus,099,539301,532,434,4,438,9
2020-05-06,Sutter,101,95872,37,29,0,29,2
2020-05-06,Tehama,103,63373,2,1,0,1,1
2020-05-06,Trinity,105,12862,2,0,0,0,0
2020-05-06,Tulare,107,460477,1538,963,6,969,40
2020-05-06,Tuolumne,109,53932,3,2,0,2,0
2020-05-06,Ventura,111,848112,855,619,1,620,19
2020-05-06,Yolo,113,214977,194,172,0,172,18
2020-05-06,Yuba,115,75493,22,15,0,15,1
2020-05-05,Alameda,001,1643700,2237,1819,3,1822,67
2020-05-05,Alpine,003,1148,1,1,0,1,0
2020-05-05,Amador,005,37829,9,8,0,8,0
2020-05-05,Butte,007,227075,29,19,1,20,0
2020-05-05,Calaveras,009,45235,13,13,0,13,0
2020-05-05,Colusa,011,21464,3,3,0,3,0
2020-05-05,Contra Costa,013,1133247,1107,976,0,976,29
2020-05-05,Del Norte,015,27424,6,3,0,3,0
2020-05-05,El Dorado,017,186661,67,54,0,54,0
2020-05-05,Fresno,019,978130,1448,726,18,744,8
2020-05-05,Glenn,021,27897,8,3,0,3,0
2020-05-05,Humboldt,023,135768,63,54,0,54,0
2020-05-05,Imperial,025,180216,792,389,0,389,6
2020-05-05,Inyo,027,18085,19,20,0,20,1
2020-05-05,Kern,029,883053,1432,1084,1,1085,11
2020-05-05,Kings,031,150075,331,187,1,188,1
2020-05-05,Lake,033,64148,10,7,0,7,0
2020-05-05,Lassen,035,31185,4,0,2,2,0
2020-05-05,Los Angeles,037,10098052,35099,27867,18,27885,1289
2020-05-05,Madera,039,155013,113,53,1,54,2
2020-05-05,Marin,041,260295,264,244,1,245,14
2020-05-05,Mariposa,043,17540,15,14,0,14,0
2020-05-05,Mendocino,045,87422,12,10,0,10,0
2020-05-05,Merced,047,269075,221,141,0,141,3
2020-05-05,Modoc,049,8938,0,0,0,0,0
2020-05-05,Mono,051,14174,32,25,0,25,1
2020-05-05,Monterey,053,433212,314,240,0,240,6
2020-05-05,Napa,055,140530,86,74,0,74,2
2020-05-05,Nevada,057,99092,41,41,1,42,1
2020-05-05,Orange,059,3164182,4661,3041,36,3077,63
2020-05-05,Placer,061,380077,184,162,0,162,8
2020-05-05,Plumas,063,18699,4,4,0,4,0
2020-05-05,Riverside,065,2383286,5384,4309,16,4325,161
2020-05-05,Sacramento,067,1510023,1180,1125,0,1125,48
2020-05-05,San Benito,069,59416,56,50,0,50,2
2020-05-05,San Bernardino,071,2135413,3168,2345,2,2347,104
2020-05-05,San Diego,073,3302833,5250,4162,0,4162,150
2020-05-05,San Francisco,075,870044,2019,1779,0,1779,31
2020-05-05,San Joaquin,077,732212,642,577,3,580,26
2020-05-05,San Luis Obispo,079,281455,282,203,3,206,1
2020-05-05,San Mateo,081,765935,1578,1335,2,1337,56
2020-05-05,Santa Barbara,083,443738,1174,541,4,545,7
2020-05-05,Santa Clara,085,1922200,2770,2249,8,2257,124
2020-05-05,Santa Cruz,087,273765,146,134,0,134,2
2020-05-05,Shasta,089,179085,44,31,0,31,4
2020-05-05,Sierra,091,2930,0,0,0,0,0
2020-05-05,Siskiyou,093,43540,5,5,0,5,0
2020-05-05,Solano,095,438530,386,299,0,299,4
2020-05-05,Sonoma,097,501317,327,263,0,263,3
2020-05-05,Stanislaus,099,539301,520,430,4,434,9
2020-05-05,Sutter,101,95872,36,29,0,29,2
2020-05-05,Tehama,103,63373,2,1,0,1,1
2020-05-05,Trinity,105,12862,2,0,0,0,0
2020-05-05,Tulare,107,460477,1440,869,6,875,40
2020-05-05,Tuolumne,109,53932,3,2,0,2,0
2020-05-05,Ventura,111,848112,831,607,1,608,19
2020-05-05,Yolo,113,214977,192,171,0,171,18
2020-05-05,Yuba,115,75493,22,15,0,15,1
2020-05-04,Alameda,001,1643700,2178,1762,2,1764,65
2020-05-04,Alpine,003,1148,1,1,0,1,0
2020-05-04,Amador,005,37829,8,8,0,8,0
2020-05-04,Butte,007,227075,28,16,1,17,0
2020-05-04,Calaveras,009,45235,13,13,0,13,0
2020-05-04,Colusa,011,21464,3,3,0,3,0
2020-05-04,Contra Costa,013,1133247,1089,949,0,949,28
2020-05-04,Del Norte,015,27424,5,3,0,3,0
2020-05-04,El Dorado,017,186661,66,51,0,51,0
2020-05-04,Fresno,019,978130,1378,680,17,697,8
2020-05-04,Glenn,021,27897,8,4,0,4,0
2020-05-04,Humboldt,023,135768,61,54,0,54,0
2020-05-04,Imperial,025,180216,740,351,0,351,6
2020-05-04,Inyo,027,18085,19,20,0,20,1
2020-05-04,Kern,029,883053,1390,1047,1,1048,8
2020-05-04,Kings,031,150075,314,153,1,154,1
2020-05-04,Lake,033,64148,9,7,0,7,0
2020-05-04,Lassen,035,31185,3,0,2,2,0
2020-05-04,Los Angeles,037,10098052,33802,26243,16,26259,1235
2020-05-04,Madera,039,155013,110,52,1,53,2
2020-05-04,Marin,041,260295,259,244,1,245,13
2020-05-04,Mariposa,043,17540,15,13,0,13,0
2020-05-04,Mendocino,045,87422,12,10,0,10,0
2020-05-04,Merced,047,269075,221,138,0,138,3
2020-05-04,Modoc,049,8938,0,0,0,0,0
2020-05-04,Mono,051,14174,32,25,0,25,1
2020-05-04,Monterey,053,433212,303,237,0,237,6
2020-05-04,Napa,055,140530,86,72,0,72,2
2020-05-04,Nevada,057,99092,41,41,1,42,1
2020-05-04,Orange,059,3164182,4523,2931,33,2964,57
2020-05-04,Placer,061,380077,182,162,0,162,8
2020-05-04,Plumas,063,18699,4,4,0,4,0
2020-05-04,Riverside,065,2383286,5290,4221,16,4237,147
2020-05-04,Sacramento,067,1510023,1170,1119,0,1119,44
2020-05-04,San Benito,069,59416,54,49,0,49,2
2020-05-04,San Bernardino,071,2135413,3028,2184,2,2186,99
2020-05-04,San Diego,073,3302833,5109,4022,0,4022,144
2020-05-04,San Francisco,075,870044,1981,1760,0,1760,31
2020-05-04,San Joaquin,077,732212,628,574,3,577,26
2020-05-04,San Luis Obispo,079,281455,279,202,3,205,1
2020-05-04,San Mateo,081,765935,1553,1313,2,1315,53
2020-05-04,Santa Barbara,083,443738,927,524,4,528,7
2020-05-04,Santa Clara,085,1922200,2755,2238,8,2246,119
2020-05-04,Santa Cruz,087,273765,145,133,0,133,2
2020-05-04,Shasta,089,179085,42,31,0,31,4
2020-05-04,Sierra,091,2930,0,0,0,0,0
2020-05-04,Siskiyou,093,43540,5,5,0,5,0
2020-05-04,Solano,095,438530,372,293,0,293,4
2020-05-04,Sonoma,097,501317,313,256,0,256,4
2020-05-04,Stanislaus,099,539301,514,422,4,426,8
2020-05-04,Sutter,101,95872,33,28,0,28,2
2020-05-04,Tehama,103,63373,2,1,0,1,1
2020-05-04,Trinity,105,12862,1,0,0,0,0
2020-05-04,Tulare,107,460477,1361,760,6,766,40
2020-05-04,Tuolumne,109,53932,3,3,0,3,0
2020-05-04,Ventura,111,848112,810,590,1,591,19
2020-05-04,Yolo,113,214977,191,171,0,171,18
2020-05-04,Yuba,115,75493,19,16,0,16,1
2020-05-03,Alameda,001,1643700,2121,1731,2,1733,64
2020-05-03,Alpine,003,1148,1,1,0,1,0
2020-05-03,Amador,005,37829,8,8,0,8,0
2020-05-03,Butte,007,227075,28,17,1,18,0
2020-05-03,Calaveras,009,45235,13,13,0,13,0
2020-05-03,Colusa,011,21464,3,3,0,3,0
2020-05-03,Contra Costa,013,1133247,1073,945,0,945,28
2020-05-03,Del Norte,015,27424,5,3,0,3,0
2020-05-03,El Dorado,017,186661,64,49,0,49,0
2020-05-03,Fresno,019,978130,1286,646,15,661,8
2020-05-03,Glenn,021,27897,7,5,0,5,0
2020-05-03,Humboldt,023,135768,60,54,0,54,0
2020-05-03,Imperial,025,180216,684,351,0,351,6
2020-05-03,Inyo,027,18085,19,20,0,20,1
2020-05-03,Kern,029,883053,1335,1025,1,1026,8
2020-05-03,Kings,031,150075,294,137,1,138,1
2020-05-03,Lake,033,64148,9,7,0,7,0
2020-05-03,Lassen,035,31185,3,0,2,2,0
2020-05-03,Los Angeles,037,10098052,32816,25708,16,25724,1210
2020-05-03,Madera,039,155013,103,46,1,47,2
2020-05-03,Marin,041,260295,254,243,1,244,13
2020-05-03,Mariposa,043,17540,15,13,0,13,0
2020-05-03,Mendocino,045,87422,12,10,0,10,0
2020-05-03,Merced,047,269075,213,134,0,134,3
2020-05-03,Modoc,049,8938,0,0,0,0,0
2020-05-03,Mono,051,14174,32,25,0,25,1
2020-05-03,Monterey,053,433212,294,235,0,235,6
2020-05-03,Napa,055,140530,86,72,0,72,2
2020-05-03,Nevada,057,99092,41,41,1,42,1
2020-05-03,Orange,059,3164182,4349,2859,32,2891,55
2020-05-03,Placer,061,380077,182,161,0,161,8
2020-05-03,Plumas,063,18699,4,4,0,4,0
2020-05-03,Riverside,065,2383286,5185,4034,16,4050,139
2020-05-03,Sacramento,067,1510023,1161,1109,0,1109,43
2020-05-03,San Benito,069,59416,54,49,0,49,2
2020-05-03,San Bernardino,071,2135413,2968,2123,2,2125,99
2020-05-03,San Diego,073,3302833,4972,3929,0,3929,142
2020-05-03,San Francisco,075,870044,1952,1692,0,1692,30
2020-05-03,San Joaquin,077,732212,621,570,3,573,26
2020-05-03,San Luis Obispo,079,281455,276,200,3,203,1
2020-05-03,San Mateo,081,765935,1525,1277,2,1279,53
2020-05-03,Santa Barbara,083,443738,568,512,4,516,7
2020-05-03,Santa Clara,085,1922200,2718,2235,8,2243,116
2020-05-03,Santa Cruz,087,273765,145,133,0,133,2
2020-05-03,Shasta,089,179085,40,31,0,31,4
2020-05-03,Sierra,091,2930,0,0,0,0,0
2020-05-03,Siskiyou,093,43540,5,5,0,5,0
2020-05-03,Solano,095,438530,362,266,0,266,4
2020-05-03,Sonoma,097,501317,304,254,0,254,4
2020-05-03,Stanislaus,099,539301,486,411,4,415,8
2020-05-03,Sutter,101,95872,31,28,0,28,2
2020-05-03,Tehama,103,63373,2,1,0,1,1
2020-05-03,Trinity,105,12862,1,0,0,0,0
2020-05-03,Tulare,107,460477,1282,736,6,742,40
2020-05-03,Tuolumne,109,53932,3,3,0,3,0
2020-05-03,Ventura,111,848112,776,583,1,584,19
2020-05-03,Yolo,113,214977,190,171,0,171,18
2020-05-03,Yuba,115,75493,19,16,0,16,1
2020-05-02,Alameda,001,1643700,2084,1678,2,1680,63
2020-05-02,Alpine,003,1148,1,1,0,1,0
2020-05-02,Amador,005,37829,8,8,0,8,0
2020-05-02,Butte,007,227075,28,17,1,18,0
2020-05-02,Calaveras,009,45235,13,13,0,13,0
2020-05-02,Colusa,011,21464,3,3,0,3,0
2020-05-02,Contra Costa,013,1133247,1055,929,0,929,28
2020-05-02,Del Norte,015,27424,5,3,0,3,0
2020-05-02,El Dorado,017,186661,64,47,0,47,0
2020-05-02,Fresno,019,978130,1260,629,14,643,8
2020-05-02,Glenn,021,27897,7,5,0,5,0
2020-05-02,Humboldt,023,135768,60,54,0,54,0
2020-05-02,Imperial,025,180216,657,345,0,345,6
2020-05-02,Inyo,027,18085,19,20,0,20,1
2020-05-02,Kern,029,883053,1309,1007,1,1008,8
2020-05-02,Kings,031,150075,291,120,1,121,1
2020-05-02,Lake,033,64148,9,7,0,7,0
2020-05-02,Lassen,035,31185,3,0,2,2,0
2020-05-02,Los Angeles,037,10098052,32287,24955,16,24971,1192
2020-05-02,Madera,039,155013,103,46,1,47,2
2020-05-02,Marin,041,260295,253,243,1,244,13
2020-05-02,Mariposa,043,17540,15,13,0,13,0
2020-05-02,Mendocino,045,87422,12,10,0,10,0
2020-05-02,Merced,047,269075,210,131,0,131,3
2020-05-02,Modoc,049,8938,0,0,0,0,0
2020-05-02,Mono,051,14174,32,25,0,25,1
2020-05-02,Monterey,053,433212,288,225,0,225,5
2020-05-02,Napa,055,140530,86,71,0,71,2
2020-05-02,Nevada,057,99092,41,41,1,42,1
2020-05-02,Orange,059,3164182,4235,2774,32,2806,52
2020-05-02,Placer,061,380077,180,150,0,150,8
2020-05-02,Plumas,063,18699,4,4,0,4,0
2020-05-02,Riverside,065,2383286,5119,3997,16,4013,137
2020-05-02,Sacramento,067,1510023,1158,1097,0,1097,43
2020-05-02,San Benito,069,59416,54,49,0,49,2
2020-05-02,San Bernardino,071,2135413,2929,2124,2,2126,99
2020-05-02,San Diego,073,3302833,4870,3844,0,3844,138
2020-05-02,San Francisco,075,870044,1929,1632,0,1632,29
2020-05-02,San Joaquin,077,732212,613,559,3,562,25
2020-05-02,San Luis Obispo,079,281455,270,193,3,196,1
2020-05-02,San Mateo,081,765935,1509,1272,2,1274,52
2020-05-02,Santa Barbara,083,443738,560,506,4,510,7
2020-05-02,Santa Clara,085,1922200,2708,2203,8,2211,115
2020-05-02,Santa Cruz,087,273765,144,131,0,131,2
2020-05-02,Shasta,089,179085,40,31,0,31,4
2020-05-02,Sierra,091,2930,0,0,0,0,0
2020-05-02,Siskiyou,093,43540,5,5,0,5,0
2020-05-02,Solano,095,438530,355,267,0,267,4
2020-05-02,Sonoma,097,501317,301,250,0,250,3
2020-05-02,Stanislaus,099,539301,478,388,4,392,8
2020-05-02,Sutter,101,95872,31,28,0,28,2
2020-05-02,Tehama,103,63373,2,1,0,1,1
2020-05-02,Trinity,105,12862,1,0,0,0,0
2020-05-02,Tulare,107,460477,1239,711,6,717,35
2020-05-02,Tuolumne,109,53932,3,3,0,3,0
2020-05-02,Ventura,111,848112,762,564,1,565,19
2020-05-02,Yolo,113,214977,190,169,0,169,17
2020-05-02,Yuba,115,75493,19,16,0,16,1
2020-05-01,Alameda,001,1643700,2047,1630,2,1632,63
2020-05-01,Alpine,003,1148,1,1,0,1,0
2020-05-01,Amador,005,37829,8,8,0,8,0
2020-05-01,Butte,007,227075,28,17,1,18,0
2020-05-01,Calaveras,009,45235,13,13,0,13,0
2020-05-01,Colusa,011,21464,3,3,0,3,0
2020-05-01,Contra Costa,013,1133247,1041,915,0,915,28
2020-05-01,Del Norte,015,27424,5,3,0,3,0
2020-05-01,El Dorado,017,186661,64,47,0,47,0
2020-05-01,Fresno,019,978130,1229,617,14,631,7
2020-05-01,Glenn,021,27897,7,4,0,4,0
2020-05-01,Humboldt,023,135768,60,54,0,54,0
2020-05-01,Imperial,025,180216,620,337,0,337,6
2020-05-01,Inyo,027,18085,19,20,0,20,1
2020-05-01,Kern,029,883053,1282,972,1,973,8
2020-05-01,Kings,031,150075,274,112,1,113,1
2020-05-01,Lake,033,64148,9,6,0,6,0
2020-05-01,Lassen,035,31185,3,0,2,2,0
2020-05-01,Los Angeles,037,10098052,31531,24306,16,24322,1155
2020-05-01,Madera,039,155013,99,46,1,47,2
2020-05-01,Marin,041,260295,253,242,1,243,13
2020-05-01,Mariposa,043,17540,15,10,0,10,0
2020-05-01,Mendocino,045,87422,12,11,0,11,0
2020-05-01,Merced,047,269075,207,131,0,131,3
2020-05-01,Modoc,049,8938,0,0,0,0,0
2020-05-01,Mono,051,14174,32,25,0,25,1
2020-05-01,Monterey,053,433212,284,222,0,222,5
2020-05-01,Napa,055,140530,86,69,0,69,2
2020-05-01,Nevada,057,99092,41,41,1,42,1
2020-05-01,Orange,059,3164182,4158,2660,30,2690,51
2020-05-01,Placer,061,380077,179,149,0,149,8
2020-05-01,Plumas,063,18699,4,4,0,4,0
2020-05-01,Riverside,065,2383286,5055,3893,16,3909,132
2020-05-01,Sacramento,067,1510023,1153,1081,0,1081,43
2020-05-01,San Benito,069,59416,54,49,0,49,2
2020-05-01,San Bernardino,071,2135413,2874,2084,2,2086,98
2020-05-01,San Diego,073,3302833,4779,3713,0,3713,134
2020-05-01,San Francisco,075,870044,1885,1552,0,1552,29
2020-05-01,San Joaquin,077,732212,609,554,3,557,25
2020-05-01,San Luis Obispo,079,281455,267,186,3,189,1
2020-05-01,San Mateo,081,765935,1487,1222,2,1224,52
2020-05-01,Santa Barbara,083,443738,554,499,3,502,7
2020-05-01,Santa Clara,085,1922200,2696,2176,8,2184,112
2020-05-01,Santa Cruz,087,273765,144,127,0,127,2
2020-05-01,Shasta,089,179085,40,31,0,31,4
2020-05-01,Sierra,091,2930,0,0,0,0,0
2020-05-01,Siskiyou,093,43540,5,5,0,5,0
2020-05-01,Solano,095,438530,347,266,0,266,4
2020-05-01,Sonoma,097,501317,298,242,0,242,3
2020-05-01,Stanislaus,099,539301,473,384,4,388,8
2020-05-01,Sutter,101,95872,31,28,0,28,2
2020-05-01,Tehama,103,63373,2,1,0,1,1
2020-05-01,Trinity,105,12862,1,0,0,0,0
2020-05-01,Tulare,107,460477,1195,685,6,691,32
2020-05-01,Tuolumne,109,53932,3,3,0,3,0
2020-05-01,Ventura,111,848112,749,556,1,557,18
2020-05-01,Yolo,113,214977,190,165,0,165,18
2020-05-01,Yuba,115,75493,19,16,0,16,1
2020-04-30,Alameda,001,1643700,1987,1599,2,1601,60
2020-04-30,Alpine,003,1148,1,1,0,1,0
2020-04-30,Amador,005,37829,8,8,0,8,0
2020-04-30,Butte,007,227075,28,16,1,17,0
2020-04-30,Calaveras,009,45235,13,13,0,13,0
2020-04-30,Colusa,011,21464,3,3,0,3,0
2020-04-30,Contra Costa,013,1133247,1019,900,0,900,25
2020-04-30,Del Norte,015,27424,4,3,0,3,0
2020-04-30,El Dorado,017,186661,64,44,0,44,0
2020-04-30,Fresno,019,978130,1163,562,11,573,7
2020-04-30,Glenn,021,27897,7,4,0,4,0
2020-04-30,Humboldt,023,135768,60,54,0,54,0
2020-04-30,Imperial,025,180216,574,322,0,322,6
2020-04-30,Inyo,027,18085,19,20,0,20,1
2020-04-30,Kern,029,883053,1250,941,1,942,8
2020-04-30,Kings,031,150075,262,87,1,88,1
2020-04-30,Lake,033,64148,9,6,0,6,0
2020-04-30,Lassen,035,31185,3,0,2,2,0
2020-04-30,Los Angeles,037,10098052,30521,23284,16,23300,1099
2020-04-30,Madera,039,155013,88,46,1,47,2
2020-04-30,Marin,041,260295,253,240,1,241,13
2020-04-30,Mariposa,043,17540,15,3,0,3,0
2020-04-30,Mendocino,045,87422,12,11,0,11,0
2020-04-30,Merced,047,269075,200,122,0,122,3
2020-04-30,Modoc,049,8938,0,0,0,0,0
2020-04-30,Mono,051,14174,31,25,0,25,1
2020-04-30,Monterey,053,433212,274,213,0,213,5
2020-04-30,Napa,055,140530,84,69,0,69,2
2020-04-30,Nevada,057,99092,41,41,1,42,1
2020-04-30,Orange,059,3164182,3935,2591,27,2618,46
2020-04-30,Placer,061,380077,178,148,0,148,8
2020-04-30,Plumas,063,18699,4,4,0,4,0
2020-04-30,Riverside,065,2383286,4955,3820,15,3835,124
2020-04-30,Sacramento,067,1510023,1147,1071,0,1071,43
2020-04-30,San Benito,069,59416,54,48,0,48,2
2020-04-30,San Bernardino,071,2135413,2672,2020,2,2022,96
2020-04-30,San Diego,073,3302833,4608,3566,0,3566,124
2020-04-30,San Francisco,075,870044,1851,1518,0,1518,26
2020-04-30,San Joaquin,077,732212,601,548,3,551,25
2020-04-30,San Luis Obispo,079,281455,264,182,3,185,1
2020-04-30,San Mateo,081,765935,1457,1194,2,1196,52
2020-04-30,Santa Barbara,083,443738,542,490,3,493,7
2020-04-30,Santa Clara,085,1922200,2656,2172,8,2180,111
2020-04-30,Santa Cruz,087,273765,143,126,0,126,2
2020-04-30,Shasta,089,179085,39,31,0,31,4
2020-04-30,Sierra,091,2930,0,0,0,0,0
2020-04-30,Siskiyou,093,43540,5,5,0,5,0
2020-04-30,Solano,095,438530,337,262,0,262,4
2020-04-30,Sonoma,097,501317,289,233,0,233,3
2020-04-30,Stanislaus,099,539301,466,378,4,382,7
2020-04-30,Sutter,101,95872,31,28,0,28,2
2020-04-30,Tehama,103,63373,1,1,0,1,1
2020-04-30,Trinity,105,12862,1,0,0,0,0
2020-04-30,Tulare,107,460477,1129,637,6,643,31
2020-04-30,Tuolumne,109,53932,3,3,0,3,0
2020-04-30,Ventura,111,848112,721,547,1,548,18
2020-04-30,Yolo,113,214977,189,164,0,164,16
2020-04-30,Yuba,115,75493,19,15,0,15,1
2020-04-29,Alameda,001,1643700,1929,1564,2,1566,60
2020-04-29,Alpine,003,1148,1,1,0,1,0
2020-04-29,Amador,005,37829,8,8,0,8,0
2020-04-29,Butte,007,227075,28,16,1,17,0
2020-04-29,Calaveras,009,45235,13,13,0,13,0
2020-04-29,Colusa,011,21464,3,3,0,3,0
2020-04-29,Contra Costa,013,1133247,1000,885,0,885,25
2020-04-29,Del Norte,015,27424,4,3,0,3,0
2020-04-29,El Dorado,017,186661,62,44,0,44,0
2020-04-29,Fresno,019,978130,1111,544,11,555,7
2020-04-29,Glenn,021,27897,7,4,0,4,0
2020-04-29,Humboldt,023,135768,60,53,0,53,0
2020-04-29,Imperial,025,180216,544,300,0,300,6
2020-04-29,Inyo,027,18085,19,20,0,20,1
2020-04-29,Kern,029,883053,1207,910,1,911,6
2020-04-29,Kings,031,150075,243,80,1,81,1
2020-04-29,Lake,033,64148,9,6,0,6,0
2020-04-29,Lassen,035,31185,3,0,2,2,0
2020-04-29,Los Angeles,037,10098052,29544,22560,15,22575,1043
2020-04-29,Madera,039,155013,86,45,1,46,2
2020-04-29,Marin,041,260295,250,234,1,235,13
2020-04-29,Mariposa,043,17540,15,1,0,1,0
2020-04-29,Mendocino,045,87422,12,11,0,11,0
2020-04-29,Merced,047,269075,193,116,0,116,3
2020-04-29,Modoc,049,8938,0,0,0,0,0
2020-04-29,Mono,051,14174,31,25,0,25,1
2020-04-29,Monterey,053,433212,266,204,0,204,5
2020-04-29,Napa,055,140530,82,68,0,68,2
2020-04-29,Nevada,057,99092,41,41,1,42,1
2020-04-29,Orange,059,3164182,3800,2421,26,2447,43
2020-04-29,Placer,061,380077,176,145,0,145,8
2020-04-29,Plumas,063,18699,4,4,0,4,0
2020-04-29,Riverside,065,2383286,4878,3700,15,3715,116
2020-04-29,Sacramento,067,1510023,1125,1055,0,1055,41
2020-04-29,San Benito,069,59416,54,48,0,48,2
2020-04-29,San Bernardino,071,2135413,2585,1975,1,1976,91
2020-04-29,San Diego,073,3302833,4466,3434,0,3434,120
2020-04-29,San Francisco,075,870044,1823,1489,0,1489,23
2020-04-29,San Joaquin,077,732212,593,540,3,543,25
2020-04-29,San Luis Obispo,079,281455,262,181,3,184,1
2020-04-29,San Mateo,081,765935,1431,1170,2,1172,50
2020-04-29,Santa Barbara,083,443738,529,477,3,480,7
2020-04-29,Santa Clara,085,1922200,2629,2147,8,2155,108
2020-04-29,Santa Cruz,087,273765,142,124,0,124,2
2020-04-29,Shasta,089,179085,38,31,0,31,4
2020-04-29,Sierra,091,2930,0,0,0,0,0
2020-04-29,Siskiyou,093,43540,5,5,0,5,0
2020-04-29,Solano,095,438530,313,252,0,252,3
2020-04-29,Sonoma,097,501317,281,230,0,230,2
2020-04-29,Stanislaus,099,539301,453,374,4,378,5
2020-04-29,Sutter,101,95872,31,28,0,28,2
2020-04-29,Tehama,103,63373,1,1,0,1,1
2020-04-29,Trinity,105,12862,1,0,0,0,0
2020-04-29,Tulare,107,460477,1056,615,5,620,30
2020-04-29,Tuolumne,109,53932,3,4,0,4,0
2020-04-29,Ventura,111,848112,697,530,1,531,18
2020-04-29,Yolo,113,214977,186,161,0,161,11
2020-04-29,Yuba,115,75493,19,15,0,15,1
2020-04-28,Alameda,001,1643700,1872,1525,2,1527,55
2020-04-28,Alpine,003,1148,1,1,0,1,0
2020-04-28,Amador,005,37829,8,8,0,8,0
2020-04-28,Butte,007,227075,28,16,1,17,0
2020-04-28,Calaveras,009,45235,13,13,0,13,0
2020-04-28,Colusa,011,21464,3,3,0,3,0
2020-04-28,Contra Costa,013,1133247,993,866,0,866,25
2020-04-28,Del Norte,015,27424,4,3,0,3,0
2020-04-28,El Dorado,017,186661,61,43,0,43,0
2020-04-28,Fresno,019,978130,1060,525,9,534,7
2020-04-28,Glenn,021,27897,5,4,0,4,0
2020-04-28,Humboldt,023,135768,59,53,0,53,0
2020-04-28,Imperial,025,180216,510,295,0,295,6
2020-04-28,Inyo,027,18085,19,20,0,20,1
2020-04-28,Kern,029,883053,1164,882,1,883,5
2020-04-28,Kings,031,150075,230,57,1,58,1
2020-04-28,Lake,033,64148,9,6,0,6,0
2020-04-28,Lassen,035,31185,3,0,2,2,0
2020-04-28,Los Angeles,037,10098052,28480,21029,15,21044,984
2020-04-28,Madera,039,155013,86,44,1,45,2
2020-04-28,Marin,041,260295,249,228,1,229,12
2020-04-28,Mariposa,043,17540,15,0,0,0,0
2020-04-28,Mendocino,045,87422,12,10,0,10,0
2020-04-28,Merced,047,269075,186,108,0,108,3
2020-04-28,Modoc,049,8938,0,0,0,0,0
2020-04-28,Mono,051,14174,31,25,0,25,1
2020-04-28,Monterey,053,433212,260,191,0,191,5
2020-04-28,Napa,055,140530,81,67,0,67,2
2020-04-28,Nevada,057,99092,41,41,1,42,1
2020-04-28,Orange,059,3164182,3637,2324,25,2349,42
2020-04-28,Placer,061,380077,166,143,0,143,8
2020-04-28,Plumas,063,18699,4,4,0,4,0
2020-04-28,Riverside,065,2383286,4783,3504,15,3519,113
2020-04-28,Sacramento,067,1510023,1110,1044,0,1044,41
2020-04-28,San Benito,069,59416,52,46,0,46,2
2020-04-28,San Bernardino,071,2135413,2508,1891,1,1892,89
2020-04-28,San Diego,073,3302833,4336,3316,0,3316,118
2020-04-28,San Francisco,075,870044,1788,1471,0,1471,23
2020-04-28,San Joaquin,077,732212,587,532,3,535,25
2020-04-28,San Luis Obispo,079,281455,255,172,3,175,1
2020-04-28,San Mateo,081,765935,1418,1129,2,1131,48
2020-04-28,Santa Barbara,083,443738,524,469,2,471,7
2020-04-28,Santa Clara,085,1922200,2595,2130,8,2138,106
2020-04-28,Santa Cruz,087,273765,142,123,0,123,2
2020-04-28,Shasta,089,179085,38,29,0,29,4
2020-04-28,Sierra,091,2930,0,0,0,0,0
2020-04-28,Siskiyou,093,43540,5,5,0,5,0
2020-04-28,Solano,095,438530,294,246,0,246,3
2020-04-28,Sonoma,097,501317,278,226,0,226,1
2020-04-28,Stanislaus,099,539301,437,330,4,334,5
2020-04-28,Sutter,101,95872,31,25,0,25,2
2020-04-28,Tehama,103,63373,1,1,0,1,1
2020-04-28,Trinity,105,12862,1,0,0,0,0
2020-04-28,Tulare,107,460477,960,579,5,584,30
2020-04-28,Tuolumne,109,53932,3,4,0,4,0
2020-04-28,Ventura,111,848112,677,517,1,518,17
2020-04-28,Yolo,113,214977,186,160,0,160,10
2020-04-28,Yuba,115,75493,19,15,0,15,1
2020-04-27,Alameda,001,1643700,1812,1494,2,1496,53
2020-04-27,Alpine,003,1148,1,1,0,1,0
2020-04-27,Amador,005,37829,8,8,0,8,0
2020-04-27,Butte,007,227075,27,16,1,17,0
2020-04-27,Calaveras,009,45235,13,13,0,13,0
2020-04-27,Colusa,011,21464,3,3,0,3,0
2020-04-27,Contra Costa,013,1133247,981,843,0,843,25
2020-04-27,Del Norte,015,27424,4,3,0,3,0
2020-04-27,El Dorado,017,186661,60,43,0,43,0
2020-04-27,Fresno,019,978130,957,504,8,512,7
2020-04-27,Glenn,021,27897,5,4,0,4,0
2020-04-27,Humboldt,023,135768,59,52,0,52,0
2020-04-27,Imperial,025,180216,480,290,0,290,6
2020-04-27,Inyo,027,18085,19,20,0,20,1
2020-04-27,Kern,029,883053,1125,865,1,866,4
2020-04-27,Kings,031,150075,207,48,1,49,1
2020-04-27,Lake,033,64148,8,6,0,6,0
2020-04-27,Lassen,035,31185,3,0,2,2,0
2020-04-27,Los Angeles,037,10098052,27460,20456,15,20471,931
2020-04-27,Madera,039,155013,84,42,1,43,2
2020-04-27,Marin,041,260295,244,227,1,228,12
2020-04-27,Mariposa,043,17540,14,0,0,0,0
2020-04-27,Mendocino,045,87422,12,10,0,10,0
2020-04-27,Merced,047,269075,183,108,0,108,3
2020-04-27,Modoc,049,8938,0,0,0,0,0
2020-04-27,Mono,051,14174,31,23,0,23,1
2020-04-27,Monterey,053,433212,253,185,0,185,4
2020-04-27,Napa,055,140530,77,64,0,64,2
2020-04-27,Nevada,057,99092,41,39,1,40,1
2020-04-27,Orange,059,3164182,3468,2198,25,2223,42
2020-04-27,Placer,061,380077,166,142,0,142,8
2020-04-27,Plumas,063,18699,4,4,0,4,0
2020-04-27,Riverside,065,2383286,4660,3381,15,3396,100
2020-04-27,Sacramento,067,1510023,1095,1035,0,1035,41
2020-04-27,San Benito,069,59416,50,45,0,45,2
2020-04-27,San Bernardino,071,2135413,2394,1742,1,1743,82
2020-04-27,San Diego,073,3302833,4210,3143,0,3143,113
2020-04-27,San Francisco,075,870044,1734,1453,0,1453,23
2020-04-27,San Joaquin,077,732212,581,522,3,525,25
2020-04-27,San Luis Obispo,079,281455,247,166,3,169,1
2020-04-27,San Mateo,081,765935,1396,1092,2,1094,46
2020-04-27,Santa Barbara,083,443738,516,466,2,468,7
2020-04-27,Santa Clara,085,1922200,2570,2104,7,2111,105
2020-04-27,Santa Cruz,087,273765,142,123,0,123,2
2020-04-27,Shasta,089,179085,38,29,0,29,4
2020-04-27,Sierra,091,2930,0,0,0,0,0
2020-04-27,Siskiyou,093,43540,5,5,0,5,0
2020-04-27,Solano,095,438530,294,222,0,222,3
2020-04-27,Sonoma,097,501317,269,220,0,220,1
2020-04-27,Stanislaus,099,539301,421,316,4,320,5
2020-04-27,Sutter,101,95872,29,26,0,26,2
2020-04-27,Tehama,103,63373,1,1,0,1,1
2020-04-27,Trinity,105,12862,1,0,0,0,0
2020-04-27,Tulare,107,460477,889,535,5,540,28
2020-04-27,Tuolumne,109,53932,3,3,0,3,0
2020-04-27,Ventura,111,848112,658,513,1,514,17
2020-04-27,Yolo,113,214977,183,160,0,160,9
2020-04-27,Yuba,115,75493,19,15,0,15,1
2020-04-26,Alameda,001,1643700,1751,1449,2,1451,52
2020-04-26,Alpine,003,1148,1,1,0,1,0
2020-04-26,Amador,005,37829,8,8,0,8,0
2020-04-26,Butte,007,227075,27,16,1,17,0
2020-04-26,Calaveras,009,45235,13,13,0,13,0
2020-04-26,Colusa,011,21464,3,3,0,3,0
2020-04-26,Contra Costa,013,1133247,965,830,0,830,25
2020-04-26,Del Norte,015,27424,3,3,0,3,0
2020-04-26,El Dorado,017,186661,58,41,0,41,0
2020-04-26,Fresno,019,978130,863,476,7,483,7
2020-04-26,Glenn,021,27897,5,4,0,4,0
2020-04-26,Humboldt,023,135768,59,53,0,53,0
2020-04-26,Imperial,025,180216,446,272,0,272,6
2020-04-26,Inyo,027,18085,19,20,0,20,1
2020-04-26,Kern,029,883053,1075,831,1,832,4
2020-04-26,Kings,031,150075,182,33,1,34,1
2020-04-26,Lake,033,64148,8,6,0,6,0
2020-04-26,Lassen,035,31185,3,0,2,2,0
2020-04-26,Los Angeles,037,10098052,26303,19570,15,19585,901
2020-04-26,Madera,039,155013,82,39,1,40,2
2020-04-26,Marin,041,260295,238,225,1,226,12
2020-04-26,Mariposa,043,17540,14,0,0,0,0
2020-04-26,Mendocino,045,87422,12,5,0,5,0
2020-04-26,Merced,047,269075,166,104,0,104,3
2020-04-26,Modoc,049,8938,0,0,0,0,0
2020-04-26,Mono,051,14174,31,23,0,23,1
2020-04-26,Monterey,053,433212,246,182,0,182,4
2020-04-26,Napa,055,140530,76,62,0,62,2
2020-04-26,Nevada,057,99092,41,37,1,38,1
2020-04-26,Orange,059,3164182,3303,2124,25,2149,40
2020-04-26,Placer,061,380077,165,141,0,141,8
2020-04-26,Plumas,063,18699,4,4,0,4,0
2020-04-26,Riverside,065,2383286,4517,3301,15,3316,95
2020-04-26,Sacramento,067,1510023,1086,1027,0,1027,41
2020-04-26,San Benito,069,59416,50,45,0,45,2
2020-04-26,San Bernardino,071,2135413,2298,1681,1,1682,82
2020-04-26,San Diego,073,3302833,4068,3045,0,3045,111
2020-04-26,San Francisco,075,870044,1695,1403,0,1403,23
2020-04-26,San Joaquin,077,732212,573,514,3,517,25
2020-04-26,San Luis Obispo,079,281455,244,165,3,168,1
2020-04-26,San Mateo,081,765935,1370,1070,2,1072,46
2020-04-26,Santa Barbara,083,443738,509,464,2,466,7
2020-04-26,Santa Clara,085,1922200,2547,2097,6,2103,102
2020-04-26,Santa Cruz,087,273765,142,116,0,116,2
2020-04-26,Shasta,089,179085,35,29,0,29,4
2020-04-26,Sierra,091,2930,0,0,0,0,0
2020-04-26,Siskiyou,093,43540,5,5,0,5,0
2020-04-26,Solano,095,438530,285,205,0,205,3
2020-04-26,Sonoma,097,501317,258,216,0,216,1
2020-04-26,Stanislaus,099,539301,406,294,4,298,4
2020-04-26,Sutter,101,95872,29,26,0,26,2
2020-04-26,Tehama,103,63373,1,1,0,1,1
2020-04-26,Trinity,105,12862,1,0,0,0,0
2020-04-26,Tulare,107,460477,830,497,5,502,28
2020-04-26,Tuolumne,109,53932,3,3,0,3,0
2020-04-26,Ventura,111,848112,640,509,1,510,17
2020-04-26,Yolo,113,214977,182,158,0,158,8
2020-04-26,Yuba,115,75493,18,15,0,15,1
2020-04-25,Alameda,001,1643700,1726,1396,2,1398,52
2020-04-25,Alpine,003,1148,1,1,0,1,0
2020-04-25,Amador,005,37829,8,8,0,8,0
2020-04-25,Butte,007,227075,26,16,1,17,0
2020-04-25,Calaveras,009,45235,13,12,0,12,0
2020-04-25,Colusa,011,21464,3,3,0,3,0
2020-04-25,Contra Costa,013,1133247,951,821,0,821,24
2020-04-25,Del Norte,015,27424,2,2,0,2,0
2020-04-25,El Dorado,017,186661,57,41,0,41,0
2020-04-25,Fresno,019,978130,831,459,6,465,7
2020-04-25,Glenn,021,27897,5,4,0,4,0
2020-04-25,Humboldt,023,135768,59,53,0,53,0
2020-04-25,Imperial,025,180216,429,232,0,232,6
2020-04-25,Inyo,027,18085,19,20,0,20,1
2020-04-25,Kern,029,883053,1044,802,1,803,4
2020-04-25,Kings,031,150075,170,33,1,34,1
2020-04-25,Lake,033,64148,6,6,0,6,0
2020-04-25,Lassen,035,31185,3,0,2,2,0
2020-04-25,Los Angeles,037,10098052,25670,19144,15,19159,881
2020-04-25,Madera,039,155013,79,39,1,40,2
2020-04-25,Marin,041,260295,238,215,1,216,12
2020-04-25,Mariposa,043,17540,14,0,0,0,0
2020-04-25,Mendocino,045,87422,11,5,0,5,0
2020-04-25,Merced,047,269075,166,103,0,103,3
2020-04-25,Modoc,049,8938,0,0,0,0,0
2020-04-25,Mono,051,14174,31,23,0,23,1
2020-04-25,Monterey,053,433212,244,173,0,173,4
2020-04-25,Napa,055,140530,76,60,0,60,2
2020-04-25,Nevada,057,99092,41,37,1,38,1
2020-04-25,Orange,059,3164182,3195,2047,25,2072,40
2020-04-25,Placer,061,380077,165,137,0,137,8
2020-04-25,Plumas,063,18699,4,4,0,4,0
2020-04-25,Riverside,065,2383286,4427,3037,15,3052,93
2020-04-25,Sacramento,067,1510023,1084,1015,0,1015,41
2020-04-25,San Benito,069,59416,50,45,0,45,2
2020-04-25,San Bernardino,071,2135413,2252,1675,1,1676,82
2020-04-25,San Diego,073,3302833,3967,2945,0,2945,111
2020-04-25,San Francisco,075,870044,1670,1341,0,1341,22
2020-04-25,San Joaquin,077,732212,566,497,3,500,24
2020-04-25,San Luis Obispo,079,281455,243,159,3,162,1
2020-04-25,San Mateo,081,765935,1352,1054,2,1056,46
2020-04-25,Santa Barbara,083,443738,502,457,2,459,7
2020-04-25,Santa Clara,085,1922200,2525,2045,5,2050,99
2020-04-25,Santa Cruz,087,273765,142,112,0,112,2
2020-04-25,Shasta,089,179085,35,29,0,29,4
2020-04-25,Sierra,091,2930,0,0,0,0,0
2020-04-25,Siskiyou,093,43540,5,5,0,5,0
2020-04-25,Solano,095,438530,281,203,0,203,3
2020-04-25,Sonoma,097,501317,254,199,0,199,1
2020-04-25,Stanislaus,099,539301,398,276,4,280,4
2020-04-25,Sutter,101,95872,29,24,0,24,2
2020-04-25,Tehama,103,63373,1,1,0,1,1
2020-04-25,Trinity,105,12862,0,0,0,0,0
2020-04-25,Tulare,107,460477,797,478,5,483,28
2020-04-25,Tuolumne,109,53932,3,2,0,2,0
2020-04-25,Ventura,111,848112,626,494,1,495,16
2020-04-25,Yolo,113,214977,182,157,0,157,8
2020-04-25,Yuba,115,75493,17,15,0,15,1
2020-04-24,Alameda,001,1643700,1695,1385,2,1387,50
2020-04-24,Alpine,003,1148,1,1,0,1,0
2020-04-24,Amador,005,37829,8,8,0,8,0
2020-04-24,Butte,007,227075,25,15,1,16,0
2020-04-24,Calaveras,009,45235,13,12,0,12,0
2020-04-24,Colusa,011,21464,3,3,0,3,0
2020-04-24,Contra Costa,013,1133247,942,806,0,806,23
2020-04-24,Del Norte,015,27424,2,2,0,2,0
2020-04-24,El Dorado,017,186661,56,41,0,41,0
2020-04-24,Fresno,019,978130,808,449,6,455,7
2020-04-24,Glenn,021,27897,5,4,0,4,0
2020-04-24,Humboldt,023,135768,59,53,0,53,0
2020-04-24,Imperial,025,180216,413,232,0,232,6
2020-04-24,Inyo,027,18085,19,20,0,20,0
2020-04-24,Kern,029,883053,1020,770,1,771,4
2020-04-24,Kings,031,150075,141,30,1,31,1
2020-04-24,Lake,033,64148,6,6,0,6,0
2020-04-24,Lassen,035,31185,3,0,2,2,0
2020-04-24,Los Angeles,037,10098052,24740,18553,15,18568,836
2020-04-24,Madera,039,155013,79,39,1,40,2
2020-04-24,Marin,041,260295,238,211,1,212,11
2020-04-24,Mariposa,043,17540,8,0,0,0,0
2020-04-24,Mendocino,045,87422,11,5,0,5,0
2020-04-24,Merced,047,269075,163,102,0,102,3
2020-04-24,Modoc,049,8938,0,0,0,0,0
2020-04-24,Mono,051,14174,30,23,0,23,1
2020-04-24,Monterey,053,433212,237,167,0,167,4
2020-04-24,Napa,055,140530,75,59,0,59,2
2020-04-24,Nevada,057,99092,41,36,1,37,1
2020-04-24,Orange,059,3164182,3088,1945,25,1970,39
2020-04-24,Placer,061,380077,163,137,0,137,8
2020-04-24,Plumas,063,18699,4,4,0,4,0
2020-04-24,Riverside,065,2383286,4346,3044,15,3059,87
2020-04-24,Sacramento,067,1510023,1078,1009,0,1009,41
2020-04-24,San Benito,069,59416,50,45,0,45,2
2020-04-24,San Bernardino,071,2135413,2217,1667,1,1668,80
2020-04-24,San Diego,073,3302833,3856,2828,0,2828,102
2020-04-24,San Francisco,075,870044,1612,1345,0,1345,22
2020-04-24,San Joaquin,077,732212,559,484,3,487,24
2020-04-24,San Luis Obispo,079,281455,240,151,3,154,1
2020-04-24,San Mateo,081,765935,1329,1004,2,1006,43
2020-04-24,Santa Barbara,083,443738,496,450,2,452,6
2020-04-24,Santa Clara,085,1922200,2483,2026,5,2031,98
2020-04-24,Santa Cruz,087,273765,138,111,0,111,2
2020-04-24,Shasta,089,179085,35,28,0,28,4
2020-04-24,Sierra,091,2930,0,0,0,0,0
2020-04-24,Siskiyou,093,43540,5,5,0,5,0
2020-04-24,Solano,095,438530,279,203,0,203,3
2020-04-24,Sonoma,097,501317,250,199,0,199,1
2020-04-24,Stanislaus,099,539301,395,273,4,277,4
2020-04-24,Sutter,101,95872,28,24,0,24,2
2020-04-24,Tehama,103,63373,1,1,0,1,1
2020-04-24,Trinity,105,12862,0,0,0,0,0
2020-04-24,Tulare,107,460477,769,459,5,464,27
2020-04-24,Tuolumne,109,53932,3,2,0,2,0
2020-04-24,Ventura,111,848112,616,489,1,490,16
2020-04-24,Yolo,113,214977,181,155,0,155,8
2020-04-24,Yuba,115,75493,16,15,0,15,1
2020-04-23,Alameda,001,1643700,1657,1336,2,1338,46
2020-04-23,Alpine,003,1148,1,1,0,1,0
2020-04-23,Amador,005,37829,8,8,0,8,0
2020-04-23,Butte,007,227075,25,15,1,16,0
2020-04-23,Calaveras,009,45235,13,12,0,12,0
2020-04-23,Colusa,011,21464,3,3,0,3,0
2020-04-23,Contra Costa,013,1133247,921,786,0,786,23
2020-04-23,Del Norte,015,27424,2,2,0,2,0
2020-04-23,El Dorado,017,186661,55,39,0,39,0
2020-04-23,Fresno,019,978130,770,426,6,432,7
2020-04-23,Glenn,021,27897,5,3,0,3,0
2020-04-23,Humboldt,023,135768,59,53,0,53,0
2020-04-23,Imperial,025,180216,392,181,0,181,4
2020-04-23,Inyo,027,18085,19,19,0,19,0
2020-04-23,Kern,029,883053,972,732,1,733,4
2020-04-23,Kings,031,150075,126,28,1,29,1
2020-04-23,Lake,033,64148,6,6,0,6,0
2020-04-23,Lassen,035,31185,3,0,2,2,0
2020-04-23,Los Angeles,037,10098052,23679,17548,14,17562,784
2020-04-23,Madera,039,155013,77,37,1,38,2
2020-04-23,Marin,041,260295,225,209,1,210,11
2020-04-23,Mariposa,043,17540,7,0,0,0,0
2020-04-23,Mendocino,045,87422,9,5,0,5,0
2020-04-23,Merced,047,269075,159,98,0,98,3
2020-04-23,Modoc,049,8938,0,0,0,0,0
2020-04-23,Mono,051,14174,30,23,0,23,1
2020-04-23,Monterey,053,433212,233,161,0,161,4
2020-04-23,Napa,055,140530,68,59,0,59,2
2020-04-23,Nevada,057,99092,41,36,1,37,1
2020-04-23,Orange,059,3164182,2910,1841,24,1865,37
2020-04-23,Placer,061,380077,160,136,0,136,8
2020-04-23,Plumas,063,18699,4,4,0,4,0
2020-04-23,Riverside,065,2383286,4232,2935,14,2949,78
2020-04-23,Sacramento,067,1510023,1066,978,0,978,41
2020-04-23,San Benito,069,59416,47,43,0,43,2
2020-04-23,San Bernardino,071,2135413,2152,1604,1,1605,79
2020-04-23,San Diego,073,3302833,3695,2645,0,2645,100
2020-04-23,San Francisco,075,870044,1587,1312,0,1312,21
2020-04-23,San Joaquin,077,732212,549,479,3,482,20
2020-04-23,San Luis Obispo,079,281455,236,146,3,149,1
2020-04-23,San Mateo,081,765935,1290,970,2,972,42
2020-04-23,Santa Barbara,083,443738,490,445,2,447,6
2020-04-23,Santa Clara,085,1922200,2448,1996,5,2001,95
2020-04-23,Santa Cruz,087,273765,137,110,0,110,2
2020-04-23,Shasta,089,179085,35,27,0,27,3
2020-04-23,Sierra,091,2930,0,0,0,0,0
2020-04-23,Siskiyou,093,43540,5,5,0,5,0
2020-04-23,Solano,095,438530,265,196,0,196,3
2020-04-23,Sonoma,097,501317,238,187,0,187,1
2020-04-23,Stanislaus,099,539301,391,254,4,258,4
2020-04-23,Sutter,101,95872,28,24,0,24,2
2020-04-23,Tehama,103,63373,1,1,0,1,1
2020-04-23,Trinity,105,12862,0,0,0,0,0
2020-04-23,Tulare,107,460477,740,440,5,445,25
2020-04-23,Tuolumne,109,53932,3,2,0,2,0
2020-04-23,Ventura,111,848112,602,479,1,480,16
2020-04-23,Yolo,113,214977,178,151,0,151,8
2020-04-23,Yuba,115,75493,16,15,0,15,1
2020-04-22,Alameda,001,1643700,1608,1275,2,1277,46
2020-04-22,Alpine,003,1148,1,1,0,1,0
2020-04-22,Amador,005,37829,8,7,0,7,0
2020-04-22,Butte,007,227075,24,15,1,16,0
2020-04-22,Calaveras,009,45235,13,12,0,12,0
2020-04-22,Colusa,011,21464,3,3,0,3,0
2020-04-22,Contra Costa,013,1133247,906,772,0,772,22
2020-04-22,Del Norte,015,27424,2,2,0,2,0
2020-04-22,El Dorado,017,186661,55,39,0,39,0
2020-04-22,Fresno,019,978130,730,388,6,394,7
2020-04-22,Glenn,021,27897,5,3,0,3,0
2020-04-22,Humboldt,023,135768,59,53,0,53,0
2020-04-22,Imperial,025,180216,381,170,0,170,3
2020-04-22,Inyo,027,18085,19,18,0,18,0
2020-04-22,Kern,029,883053,950,713,1,714,4
2020-04-22,Kings,031,150075,105,28,1,29,1
2020-04-22,Lake,033,64148,6,6,0,6,0
2020-04-22,Lassen,035,31185,3,0,2,2,0
2020-04-22,Los Angeles,037,10098052,22654,16400,14,16414,715
2020-04-22,Madera,039,155013,75,37,1,38,2
2020-04-22,Marin,041,260295,223,202,1,203,11
2020-04-22,Mariposa,043,17540,6,0,0,0,0
2020-04-22,Mendocino,045,87422,6,5,0,5,0
2020-04-22,Merced,047,269075,147,92,0,92,3
2020-04-22,Modoc,049,8938,0,0,0,0,0
2020-04-22,Mono,051,14174,29,23,0,23,1
2020-04-22,Monterey,053,433212,226,154,0,154,4
2020-04-22,Napa,055,140530,67,58,0,58,2
2020-04-22,Nevada,057,99092,41,36,1,37,1
2020-04-22,Orange,059,3164182,2816,1785,23,1808,36
2020-04-22,Placer,061,380077,158,133,0,133,8
2020-04-22,Plumas,063,18699,4,4,0,4,0
2020-04-22,Riverside,065,2383286,4128,2822,14,2836,76
2020-04-22,Sacramento,067,1510023,1061,959,0,959,36
2020-04-22,San Benito,069,59416,46,43,0,43,2
2020-04-22,San Bernardino,071,2135413,2089,1564,1,1565,74
2020-04-22,San Diego,073,3302833,3567,2493,0,2493,96
2020-04-22,San Francisco,075,870044,1550,1255,0,1255,21
2020-04-22,San Joaquin,077,732212,538,462,3,465,20
2020-04-22,San Luis Obispo,079,281455,227,142,3,145,1
2020-04-22,San Mateo,081,765935,1267,945,2,947,40
2020-04-22,Santa Barbara,083,443738,485,437,2,439,6
2020-04-22,Santa Clara,085,1922200,2432,1969,5,1974,95
2020-04-22,Santa Cruz,087,273765,133,106,0,106,2
2020-04-22,Shasta,089,179085,34,26,0,26,3
2020-04-22,Sierra,091,2930,0,0,0,0,0
2020-04-22,Siskiyou,093,43540,5,5,0,5,0
2020-04-22,Solano,095,438530,247,195,0,195,3
2020-04-22,Sonoma,097,501317,235,185,0,185,1
2020-04-22,Stanislaus,099,539301,334,247,4,251,4
2020-04-22,Sutter,101,95872,28,22,0,22,2
2020-04-22,Tehama,103,63373,1,1,0,1,1
2020-04-22,Trinity,105,12862,0,0,0,0,0
2020-04-22,Tulare,107,460477,706,425,5,430,23
2020-04-22,Tuolumne,109,53932,3,2,0,2,0
2020-04-22,Ventura,111,848112,591,465,1,466,15
2020-04-22,Yolo,113,214977,177,147,0,147,8
2020-04-22,Yuba,115,75493,16,15,0,15,1
2020-04-21,Alameda,001,1643700,1578,1234,2,1236,46
2020-04-21,Alpine,003,1148,1,1,0,1,0
2020-04-21,Amador,005,37829,8,7,0,7,0
2020-04-21,Butte,007,227075,23,15,1,16,0
2020-04-21,Calaveras,009,45235,12,12,0,12,0
2020-04-21,Colusa,011,21464,3,3,0,3,0
2020-04-21,Contra Costa,013,1133247,892,766,0,766,22
2020-04-21,Del Norte,015,27424,2,2,0,2,0
2020-04-21,El Dorado,017,186661,54,36,0,36,0
2020-04-21,Fresno,019,978130,696,372,6,378,7
2020-04-21,Glenn,021,27897,5,3,0,3,0
2020-04-21,Humboldt,023,135768,58,53,0,53,0
2020-04-21,Imperial,025,180216,361,165,0,165,2
2020-04-21,Inyo,027,18085,19,18,0,18,0
2020-04-21,Kern,029,883053,908,676,1,677,4
2020-04-21,Kings,031,150075,91,28,1,29,1
2020-04-21,Lake,033,64148,6,6,0,6,0
2020-04-21,Lassen,035,31185,3,0,2,2,0
2020-04-21,Los Angeles,037,10098052,21793,15096,14,15110,650
2020-04-21,Madera,039,155013,75,37,1,38,2
2020-04-21,Marin,041,260295,217,202,1,203,10
2020-04-21,Mariposa,043,17540,5,0,0,0,0
2020-04-21,Mendocino,045,87422,6,5,0,5,0
2020-04-21,Merced,047,269075,143,89,0,89,3
2020-04-21,Modoc,049,8938,0,0,0,0,0
2020-04-21,Mono,051,14174,29,23,0,23,1
2020-04-21,Monterey,053,433212,223,151,0,151,4
2020-04-21,Napa,055,140530,66,58,0,58,2
2020-04-21,Nevada,057,99092,41,36,1,37,1
2020-04-21,Orange,059,3164182,2693,1717,22,1739,36
2020-04-21,Placer,061,380077,156,133,0,133,8
2020-04-21,Plumas,063,18699,4,4,0,4,0
2020-04-21,Riverside,065,2383286,3996,2631,14,2645,68
2020-04-21,Sacramento,067,1510023,1051,941,0,941,33
2020-04-21,San Benito,069,59416,44,43,0,43,2
2020-04-21,San Bernardino,071,2135413,2029,1499,1,1500,71
2020-04-21,San Diego,073,3302833,3411,2436,0,2436,87
2020-04-21,San Francisco,075,870044,1520,1232,0,1232,20
2020-04-21,San Joaquin,077,732212,528,447,3,450,20
2020-04-21,San Luis Obispo,079,281455,219,134,3,137,1
2020-04-21,San Mateo,081,765935,1221,933,2,935,34
2020-04-21,Santa Barbara,083,443738,476,414,2,416,5
2020-04-21,Santa Clara,085,1922200,2382,1943,5,1948,91
2020-04-21,Santa Cruz,087,273765,131,104,0,104,2
2020-04-21,Shasta,089,179085,33,26,0,26,3
2020-04-21,Sierra,091,2930,0,0,0,0,0
2020-04-21,Siskiyou,093,43540,5,5,0,5,0
2020-04-21,Solano,095,438530,239,193,0,193,3
2020-04-21,Sonoma,097,501317,225,182,0,182,1
2020-04-21,Stanislaus,099,539301,315,235,4,239,4
2020-04-21,Sutter,101,95872,28,22,0,22,2
2020-04-21,Tehama,103,63373,1,1,0,1,1
2020-04-21,Trinity,105,12862,0,0,0,0,0
2020-04-21,Tulare,107,460477,669,410,5,415,23
2020-04-21,Tuolumne,109,53932,3,2,0,2,0
2020-04-21,Ventura,111,848112,579,455,1,456,14
2020-04-21,Yolo,113,214977,175,143,0,143,8
2020-04-21,Yuba,115,75493,16,15,0,15,1
2020-04-20,Alameda,001,1643700,1545,1181,2,1183,42
2020-04-20,Alpine,003,1148,1,1,0,1,0
2020-04-20,Amador,005,37829,8,7,0,7,0
2020-04-20,Butte,007,227075,23,15,1,16,0
2020-04-20,Calaveras,009,45235,12,12,0,12,0
2020-04-20,Colusa,011,21464,3,3,0,3,0
2020-04-20,Contra Costa,013,1133247,882,753,0,753,22
2020-04-20,Del Norte,015,27424,2,2,0,2,0
2020-04-20,El Dorado,017,186661,54,36,0,36,0
2020-04-20,Fresno,019,978130,678,356,6,362,7
2020-04-20,Glenn,021,27897,4,3,0,3,0
2020-04-20,Humboldt,023,135768,58,53,0,53,0
2020-04-20,Imperial,025,180216,342,149,0,149,2
2020-04-20,Inyo,027,18085,19,17,0,17,0
2020-04-20,Kern,029,883053,876,651,1,652,3
2020-04-20,Kings,031,150075,80,19,1,20,1
2020-04-20,Lake,033,64148,6,6,0,6,0
2020-04-20,Lassen,035,31185,3,0,2,2,0
2020-04-20,Los Angeles,037,10098052,20877,13787,14,13801,608
2020-04-20,Madera,039,155013,74,35,1,36,2
2020-04-20,Marin,041,260295,213,200,1,201,10
2020-04-20,Mariposa,043,17540,5,0,0,0,0
2020-04-20,Mendocino,045,87422,6,5,0,5,0
2020-04-20,Merced,047,269075,136,88,0,88,3
2020-04-20,Modoc,049,8938,0,0,0,0,0
2020-04-20,Mono,051,14174,29,23,0,23,1
2020-04-20,Monterey,053,433212,214,147,0,147,4
2020-04-20,Napa,055,140530,66,55,0,55,2
2020-04-20,Nevada,057,99092,41,34,1,35,1
2020-04-20,Orange,059,3164182,2609,1679,22,1701,33
2020-04-20,Placer,061,380077,155,132,0,132,8
2020-04-20,Plumas,063,18699,4,4,0,4,0
2020-04-20,Riverside,065,2383286,3871,2477,14,2491,61
2020-04-20,Sacramento,067,1510023,1041,924,0,924,32
2020-04-20,San Benito,069,59416,44,43,0,43,2
2020-04-20,San Bernardino,071,2135413,1942,1344,1,1345,63
2020-04-20,San Diego,073,3302833,3269,2327,0,2327,72
2020-04-20,San Francisco,075,870044,1488,1223,0,1223,19
2020-04-20,San Joaquin,077,732212,524,422,3,425,17
2020-04-20,San Luis Obispo,079,281455,205,132,3,135,1
2020-04-20,San Mateo,081,765935,1198,890,2,892,31
2020-04-20,Santa Barbara,083,443738,469,388,2,390,4
2020-04-20,Santa Clara,085,1922200,2351,1920,5,1925,84
2020-04-20,Santa Cruz,087,273765,129,102,0,102,2
2020-04-20,Shasta,089,179085,33,26,0,26,3
2020-04-20,Sierra,091,2930,0,0,0,0,0
2020-04-20,Siskiyou,093,43540,5,5,0,5,0
2020-04-20,Solano,095,438530,236,185,0,185,2
2020-04-20,Sonoma,097,501317,217,178,0,178,1
2020-04-20,Stanislaus,099,539301,301,228,4,232,3
2020-04-20,Sutter,101,95872,27,22,0,22,2
2020-04-20,Tehama,103,63373,1,1,0,1,1
2020-04-20,Trinity,105,12862,0,0,0,0,0
2020-04-20,Tulare,107,460477,659,401,5,406,20
2020-04-20,Tuolumne,109,53932,3,2,0,2,0
2020-04-20,Ventura,111,848112,565,426,1,427,13
2020-04-20,Yolo,113,214977,174,125,0,125,5
2020-04-20,Yuba,115,75493,16,15,0,15,1
2020-04-19,Alameda,001,1643700,1495,1134,2,1136,41
2020-04-19,Alpine,003,1148,1,1,0,1,0
2020-04-19,Amador,005,37829,7,7,0,7,0
2020-04-19,Butte,007,227075,22,15,1,16,0
2020-04-19,Calaveras,009,45235,12,12,0,12,0
2020-04-19,Colusa,011,21464,3,3,0,3,0
2020-04-19,Contra Costa,013,1133247,866,731,0,731,20
2020-04-19,Del Norte,015,27424,2,2,0,2,0
2020-04-19,El Dorado,017,186661,54,36,0,36,0
2020-04-19,Fresno,019,978130,642,326,6,332,7
2020-04-19,Glenn,021,27897,4,3,0,3,0
2020-04-19,Humboldt,023,135768,58,53,0,53,0
2020-04-19,Imperial,025,180216,316,144,0,144,2
2020-04-19,Inyo,027,18085,19,17,0,17,0
2020-04-19,Kern,029,883053,851,629,1,630,3
2020-04-19,Kings,031,150075,70,17,1,18,1
2020-04-19,Lake,033,64148,6,6,0,6,0
2020-04-19,Lassen,035,31185,3,0,2,2,0
2020-04-19,Los Angeles,037,10098052,19874,12299,14,12313,589
2020-04-19,Madera,039,155013,72,34,1,35,2
2020-04-19,Marin,041,260295,212,194,1,195,10
2020-04-19,Mariposa,043,17540,2,0,0,0,0
2020-04-19,Mendocino,045,87422,6,4,0,4,0
2020-04-19,Merced,047,269075,131,85,0,85,3
2020-04-19,Modoc,049,8938,0,0,0,0,0
2020-04-19,Mono,051,14174,29,23,0,23,1
2020-04-19,Monterey,053,433212,205,140,0,140,4
2020-04-19,Napa,055,140530,64,49,0,49,2
2020-04-19,Nevada,057,99092,40,34,1,35,1
2020-04-19,Orange,059,3164182,2512,1591,21,1612,32
2020-04-19,Placer,061,380077,154,131,0,131,8
2020-04-19,Plumas,063,18699,4,4,0,4,0
2020-04-19,Riverside,065,2383286,3728,2316,14,2330,56
2020-04-19,Sacramento,067,1510023,1014,912,0,912,32
2020-04-19,San Benito,069,59416,42,40,0,40,2
2020-04-19,San Bernardino,071,2135413,1879,1262,1,1263,58
2020-04-19,San Diego,073,3302833,3102,2270,0,2270,71
2020-04-19,San Francisco,075,870044,1455,1153,0,1153,19
2020-04-19,San Joaquin,077,732212,506,404,3,407,17
2020-04-19,San Luis Obispo,079,281455,200,132,3,135,1
2020-04-19,San Mateo,081,765935,1162,845,2,847,31
2020-04-19,Santa Barbara,083,443738,462,377,2,379,3
2020-04-19,Santa Clara,085,1922200,2306,1878,5,1883,81
2020-04-19,Santa Cruz,087,273765,126,98,0,98,2
2020-04-19,Shasta,089,179085,31,26,0,26,3
2020-04-19,Sierra,091,2930,0,0,0,0,0
2020-04-19,Siskiyou,093,43540,5,5,0,5,0
2020-04-19,Solano,095,438530,228,174,0,174,2
2020-04-19,Sonoma,097,501317,211,172,0,172,1
2020-04-19,Stanislaus,099,539301,293,221,4,225,3
2020-04-19,Sutter,101,95872,26,21,0,21,2
2020-04-19,Tehama,103,63373,1,1,0,1,1
2020-04-19,Trinity,105,12862,0,0,0,0,0
2020-04-19,Tulare,107,460477,613,391,5,396,17
2020-04-19,Tuolumne,109,53932,3,2,0,2,0
2020-04-19,Ventura,111,848112,557,418,1,419,13
2020-04-19,Yolo,113,214977,174,120,0,120,5
2020-04-19,Yuba,115,75493,16,15,0,15,1
2020-04-18,Alameda,001,1643700,1470,1085,2,1087,40
2020-04-18,Alpine,003,1148,1,1,0,1,0
2020-04-18,Amador,005,37829,7,7,0,7,0
2020-04-18,Butte,007,227075,21,15,1,16,0
2020-04-18,Calaveras,009,45235,12,12,0,12,0
2020-04-18,Colusa,011,21464,3,3,0,3,0
2020-04-18,Contra Costa,013,1133247,854,721,0,721,17
2020-04-18,Del Norte,015,27424,2,2,0,2,0
2020-04-18,El Dorado,017,186661,54,36,0,36,0
2020-04-18,Fresno,019,978130,622,319,6,325,7
2020-04-18,Glenn,021,27897,4,3,0,3,0
2020-04-18,Humboldt,023,135768,58,52,0,52,0
2020-04-18,Imperial,025,180216,307,137,0,137,2
2020-04-18,Inyo,027,18085,19,17,0,17,0
2020-04-18,Kern,029,883053,829,626,1,627,3
2020-04-18,Kings,031,150075,69,17,1,18,1
2020-04-18,Lake,033,64148,6,6,0,6,0
2020-04-18,Lassen,035,31185,3,0,2,2,0
2020-04-18,Los Angeles,037,10098052,19344,11984,14,11998,566
2020-04-18,Madera,039,155013,71,34,1,35,2
2020-04-18,Marin,041,260295,210,193,1,194,10
2020-04-18,Mariposa,043,17540,2,0,0,0,0
2020-04-18,Mendocino,045,87422,6,4,0,4,0
2020-04-18,Merced,047,269075,129,82,0,82,3
2020-04-18,Modoc,049,8938,0,0,0,0,0
2020-04-18,Mono,051,14174,29,22,0,22,1
2020-04-18,Monterey,053,433212,201,135,0,135,3
2020-04-18,Napa,055,140530,64,49,0,49,2
2020-04-18,Nevada,057,99092,39,34,1,35,1
2020-04-18,Orange,059,3164182,2448,1569,20,1589,32
2020-04-18,Placer,061,380077,152,130,0,130,8
2020-04-18,Plumas,063,18699,4,4,0,4,0
2020-04-18,Riverside,065,2383286,3653,2257,14,2271,56
2020-04-18,Sacramento,067,1510023,1002,901,0,901,32
2020-04-18,San Benito,069,59416,42,40,0,40,2
2020-04-18,San Bernardino,071,2135413,1834,1255,1,1256,58
2020-04-18,San Diego,073,3302833,3000,2215,0,2215,71
2020-04-18,San Francisco,075,870044,1416,1144,0,1144,19
2020-04-18,San Joaquin,077,732212,497,392,3,395,17
2020-04-18,San Luis Obispo,079,281455,196,129,3,132,1
2020-04-18,San Mateo,081,765935,1140,821,2,823,31
2020-04-18,Santa Barbara,083,443738,456,372,2,374,3
2020-04-18,Santa Clara,085,1922200,2273,1862,5,1867,79
2020-04-18,Santa Cruz,087,273765,124,96,0,96,2
2020-04-18,Shasta,089,179085,31,26,0,26,3
2020-04-18,Sierra,091,2930,0,0,0,0,0
2020-04-18,Siskiyou,093,43540,5,5,0,5,0
2020-04-18,Solano,095,438530,225,175,0,175,2
2020-04-18,Sonoma,097,501317,207,168,0,168,1
2020-04-18,Stanislaus,099,539301,285,216,4,220,3
2020-04-18,Sutter,101,95872,26,21,0,21,2
2020-04-18,Tehama,103,63373,1,1,0,1,1
2020-04-18,Trinity,105,12862,0,0,0,0,0
2020-04-18,Tulare,107,460477,602,385,5,390,17
2020-04-18,Tuolumne,109,53932,3,2,0,2,0
2020-04-18,Ventura,111,848112,549,416,1,417,13
2020-04-18,Yolo,113,214977,172,118,0,118,5
2020-04-18,Yuba,115,75493,16,14,0,14,1
2020-04-17,Alameda,001,1643700,1414,1043,1,1044,40
2020-04-17,Alpine,003,1148,1,1,0,1,0
2020-04-17,Amador,005,37829,7,7,0,7,0
2020-04-17,Butte,007,227075,21,15,1,16,0
2020-04-17,Calaveras,009,45235,12,11,0,11,0
2020-04-17,Colusa,011,21464,3,3,0,3,0
2020-04-17,Contra Costa,013,1133247,843,687,0,687,15
2020-04-17,Del Norte,015,27424,2,2,0,2,0
2020-04-17,El Dorado,017,186661,54,35,0,35,0
2020-04-17,Fresno,019,978130,600,315,6,321,7
2020-04-17,Glenn,021,27897,4,3,0,3,0
2020-04-17,Humboldt,023,135768,57,52,0,52,0
2020-04-17,Imperial,025,180216,298,135,0,135,2
2020-04-17,Inyo,027,18085,19,17,0,17,0
2020-04-17,Kern,029,883053,809,612,1,613,3
2020-04-17,Kings,031,150075,67,15,1,16,1
2020-04-17,Lake,033,64148,6,6,0,6,0
2020-04-17,Lassen,035,31185,3,0,2,2,0
2020-04-17,Los Angeles,037,10098052,18705,11354,14,11368,489
2020-04-17,Madera,039,155013,71,34,1,35,2
2020-04-17,Marin,041,260295,207,189,1,190,10
2020-04-17,Mariposa,043,17540,1,0,0,0,0
2020-04-17,Mendocino,045,87422,6,4,0,4,0
2020-04-17,Merced,047,269075,128,80,0,80,3
2020-04-17,Modoc,049,8938,0,0,0,0,0
2020-04-17,Mono,051,14174,29,22,0,22,1
2020-04-17,Monterey,053,433212,196,119,0,119,3
2020-04-17,Napa,055,140530,62,46,0,46,2
2020-04-17,Nevada,057,99092,38,34,1,35,1
2020-04-17,Orange,059,3164182,2397,1496,20,1516,31
2020-04-17,Placer,061,380077,152,130,0,130,8
2020-04-17,Plumas,063,18699,4,4,0,4,0
2020-04-17,Riverside,065,2383286,3526,2080,14,2094,50
2020-04-17,Sacramento,067,1510023,995,882,0,882,32
2020-04-17,San Benito,069,59416,42,38,0,38,2
2020-04-17,San Bernardino,071,2135413,1795,1229,1,1230,57
2020-04-17,San Diego,073,3302833,2910,2160,0,2160,70
2020-04-17,San Francisco,075,870044,1391,1090,0,1090,19
2020-04-17,San Joaquin,077,732212,486,356,3,359,17
2020-04-17,San Luis Obispo,079,281455,189,116,3,119,1
2020-04-17,San Mateo,081,765935,1124,768,2,770,31
2020-04-17,Santa Barbara,083,443738,451,349,2,351,3
2020-04-17,Santa Clara,085,1922200,2237,1834,5,1839,74
2020-04-17,Santa Cruz,087,273765,123,94,0,94,2
2020-04-17,Shasta,089,179085,31,26,0,26,3
2020-04-17,Sierra,091,2930,0,0,0,0,0
2020-04-17,Siskiyou,093,43540,5,5,0,5,0
2020-04-17,Solano,095,438530,224,173,0,173,2
2020-04-17,Sonoma,097,501317,204,167,0,167,1
2020-04-17,Stanislaus,099,539301,283,201,4,205,3
2020-04-17,Sutter,101,95872,26,20,0,20,2
2020-04-17,Tehama,103,63373,1,1,0,1,1
2020-04-17,Trinity,105,12862,0,0,0,0,0
2020-04-17,Tulare,107,460477,595,370,5,375,17
2020-04-17,Tuolumne,109,53932,3,2,0,2,0
2020-04-17,Ventura,111,848112,544,398,1,399,13
2020-04-17,Yolo,113,214977,171,117,0,117,5
2020-04-17,Yuba,115,75493,16,14,0,14,1
2020-04-16,Alameda,001,1643700,1380,981,1,982,39
2020-04-16,Alpine,003,1148,1,1,0,1,0
2020-04-16,Amador,005,37829,7,7,0,7,0
2020-04-16,Butte,007,227075,20,15,1,16,0
2020-04-16,Calaveras,009,45235,12,10,0,10,0
2020-04-16,Colusa,011,21464,3,3,0,3,0
2020-04-16,Contra Costa,013,1133247,829,675,0,675,14
2020-04-16,Del Norte,015,27424,2,2,0,2,0
2020-04-16,El Dorado,017,186661,53,34,0,34,0
2020-04-16,Fresno,019,978130,570,289,6,295,7
2020-04-16,Glenn,021,27897,4,3,0,3,0
2020-04-16,Humboldt,023,135768,57,47,0,47,0
2020-04-16,Imperial,025,180216,283,132,0,132,2
2020-04-16,Inyo,027,18085,17,17,0,17,0
2020-04-16,Kern,029,883053,782,587,1,588,3
2020-04-16,Kings,031,150075,63,12,1,13,1
2020-04-16,Lake,033,64148,6,6,0,6,0
2020-04-16,Lassen,035,31185,3,0,2,2,0
2020-04-16,Los Angeles,037,10098052,17813,10786,14,10800,447
2020-04-16,Madera,039,155013,69,34,1,35,2
2020-04-16,Marin,041,260295,203,170,1,171,10
2020-04-16,Mariposa,043,17540,1,1,0,1,0
2020-04-16,Mendocino,045,87422,6,4,0,4,0
2020-04-16,Merced,047,269075,122,76,0,76,3
2020-04-16,Modoc,049,8938,0,0,0,0,0
2020-04-16,Mono,051,14174,29,22,0,22,1
2020-04-16,Monterey,053,433212,193,116,0,116,3
2020-04-16,Napa,055,140530,59,44,0,44,2
2020-04-16,Nevada,057,99092,38,34,1,35,1
2020-04-16,Orange,059,3164182,2332,1439,19,1458,28
2020-04-16,Placer,061,380077,150,129,0,129,7
2020-04-16,Plumas,063,18699,4,4,0,4,0
2020-04-16,Riverside,065,2383286,3406,1913,14,1927,45
2020-04-16,Sacramento,067,1510023,987,865,0,865,32
2020-04-16,San Benito,069,59416,42,36,0,36,2
2020-04-16,San Bernardino,071,2135413,1714,1143,0,1143,54
2020-04-16,San Diego,073,3302833,2802,2089,0,2089,63
2020-04-16,San Francisco,075,870044,1347,1039,0,1039,16
2020-04-16,San Joaquin,077,732212,471,345,3,348,17
2020-04-16,San Luis Obispo,079,281455,185,113,3,116,1
2020-04-16,San Mateo,081,765935,1095,745,2,747,29
2020-04-16,Santa Barbara,083,443738,440,331,2,333,3
2020-04-16,Santa Clara,085,1922200,2200,1789,5,1794,70
2020-04-16,Santa Cruz,087,273765,121,90,0,90,2
2020-04-16,Shasta,089,179085,31,25,0,25,3
2020-04-16,Sierra,091,2930,0,0,0,0,0
2020-04-16,Siskiyou,093,43540,5,5,0,5,0
2020-04-16,Solano,095,438530,221,162,0,162,2
2020-04-16,Sonoma,097,501317,199,145,0,145,1
2020-04-16,Stanislaus,099,539301,280,185,4,189,3
2020-04-16,Sutter,101,95872,25,21,0,21,2
2020-04-16,Tehama,103,63373,1,1,0,1,1
2020-04-16,Trinity,105,12862,0,0,0,0,0
2020-04-16,Tulare,107,460477,578,305,5,310,16
2020-04-16,Tuolumne,109,53932,3,1,0,1,0
2020-04-16,Ventura,111,848112,532,384,1,385,13
2020-04-16,Yolo,113,214977,169,98,0,98,4
2020-04-16,Yuba,115,75493,15,14,0,14,1
2020-04-15,Alameda,001,1643700,1330,915,1,916,38
2020-04-15,Alpine,003,1148,1,1,0,1,0
2020-04-15,Amador,005,37829,7,7,0,7,0
2020-04-15,Butte,007,227075,20,14,1,15,0
2020-04-15,Calaveras,009,45235,11,9,0,9,0
2020-04-15,Colusa,011,21464,3,3,0,3,0
2020-04-15,Contra Costa,013,1133247,807,645,0,645,14
2020-04-15,Del Norte,015,27424,2,2,0,2,0
2020-04-15,El Dorado,017,186661,51,33,0,33,0
2020-04-15,Fresno,019,978130,544,264,6,270,7
2020-04-15,Glenn,021,27897,4,3,0,3,0
2020-04-15,Humboldt,023,135768,57,47,0,47,0
2020-04-15,Imperial,025,180216,257,115,0,115,2
2020-04-15,Inyo,027,18085,17,12,0,12,0
2020-04-15,Kern,029,883053,760,500,1,501,3
2020-04-15,Kings,031,150075,59,12,1,13,1
2020-04-15,Lake,033,64148,6,4,0,4,0
2020-04-15,Lassen,035,31185,3,0,2,2,0
2020-04-15,Los Angeles,037,10098052,16989,10416,14,10430,394
2020-04-15,Madera,039,155013,69,30,1,31,2
2020-04-15,Marin,041,260295,200,162,1,163,10
2020-04-15,Mariposa,043,17540,0,0,0,0,0
2020-04-15,Mendocino,045,87422,5,4,0,4,0
2020-04-15,Merced,047,269075,120,74,0,74,3
2020-04-15,Modoc,049,8938,0,0,0,0,0
2020-04-15,Mono,051,14174,29,22,0,22,1
2020-04-15,Monterey,053,433212,185,106,0,106,3
2020-04-15,Napa,055,140530,56,34,0,34,2
2020-04-15,Nevada,057,99092,37,34,1,35,1
2020-04-15,Orange,059,3164182,2229,1377,19,1396,24
2020-04-15,Placer,061,380077,149,123,0,123,6
2020-04-15,Plumas,063,18699,4,4,0,4,0
2020-04-15,Riverside,065,2383286,3211,1723,14,1737,42
2020-04-15,Sacramento,067,1510023,978,839,0,839,32
2020-04-15,San Benito,069,59416,42,34,0,34,2
2020-04-15,San Bernardino,071,2135413,1644,1063,0,1063,45
2020-04-15,San Diego,073,3302833,2714,2014,0,2014,60
2020-04-15,San Francisco,075,870044,1311,1006,0,1006,16
2020-04-15,San Joaquin,077,732212,463,329,3,332,17
2020-04-15,San Luis Obispo,079,281455,177,112,3,115,1
2020-04-15,San Mateo,081,765935,1046,707,2,709,28
2020-04-15,Santa Barbara,083,443738,424,317,2,319,2
2020-04-15,Santa Clara,085,1922200,2161,1692,5,1697,69
2020-04-15,Santa Cruz,087,273765,117,92,0,92,2
2020-04-15,Shasta,089,179085,31,25,0,25,3
2020-04-15,Sierra,091,2930,0,0,0,0,0
2020-04-15,Siskiyou,093,43540,5,5,0,5,0
2020-04-15,Solano,095,438530,216,153,0,153,2
2020-04-15,Sonoma,097,501317,197,140,0,140,1
2020-04-15,Stanislaus,099,539301,273,174,4,178,3
2020-04-15,Sutter,101,95872,25,19,0,19,2
2020-04-15,Tehama,103,63373,1,1,0,1,1
2020-04-15,Trinity,105,12862,0,0,0,0,0
2020-04-15,Tulare,107,460477,560,289,5,294,14
2020-04-15,Tuolumne,109,53932,3,1,0,1,0
2020-04-15,Ventura,111,848112,517,365,1,366,13
2020-04-15,Yolo,113,214977,162,93,0,93,3
2020-04-15,Yuba,115,75493,15,15,0,15,1
2020-04-14,Alameda,001,1643700,1285,843,1,844,30
2020-04-14,Alpine,003,1148,1,1,0,1,0
2020-04-14,Amador,005,37829,7,6,0,6,0
2020-04-14,Butte,007,227075,20,13,1,14,0
2020-04-14,Calaveras,009,45235,11,5,0,5,0
2020-04-14,Colusa,011,21464,3,3,0,3,0
2020-04-14,Contra Costa,013,1133247,795,617,0,617,12
2020-04-14,Del Norte,015,27424,2,2,0,2,0
2020-04-14,El Dorado,017,186661,51,30,0,30,0
2020-04-14,Fresno,019,978130,521,244,6,250,6
2020-04-14,Glenn,021,27897,4,3,0,3,0
2020-04-14,Humboldt,023,135768,57,44,0,44,0
2020-04-14,Imperial,025,180216,237,86,0,86,2
2020-04-14,Inyo,027,18085,17,12,0,12,0
2020-04-14,Kern,029,883053,736,453,1,454,3
2020-04-14,Kings,031,150075,58,12,1,13,1
2020-04-14,Lake,033,64148,6,3,0,3,0
2020-04-14,Lassen,035,31185,3,0,2,2,0
2020-04-14,Los Angeles,037,10098052,16094,9948,13,9961,357
2020-04-14,Madera,039,155013,68,29,1,30,2
2020-04-14,Marin,041,260295,196,147,1,148,9
2020-04-14,Mariposa,043,17540,0,0,0,0,0
2020-04-14,Mendocino,045,87422,5,4,0,4,0
2020-04-14,Merced,047,269075,113,61,0,61,3
2020-04-14,Modoc,049,8938,0,0,0,0,0
2020-04-14,Mono,051,14174,29,22,0,22,1
2020-04-14,Monterey,053,433212,180,98,0,98,3
2020-04-14,Napa,055,140530,56,33,0,33,2
2020-04-14,Nevada,057,99092,37,34,1,35,1
2020-04-14,Orange,059,3164182,2127,1362,19,1381,24
2020-04-14,Placer,061,380077,148,117,0,117,5
2020-04-14,Plumas,063,18699,4,3,0,3,0
2020-04-14,Riverside,065,2383286,3076,1467,14,1481,40
2020-04-14,Sacramento,067,1510023,969,737,0,737,29
2020-04-14,San Benito,069,59416,39,34,0,34,2
2020-04-14,San Bernardino,071,2135413,1589,933,0,933,37
2020-04-14,San Diego,073,3302833,2619,1932,0,1932,53
2020-04-14,San Francisco,075,870044,1257,968,0,968,14
2020-04-14,San Joaquin,077,732212,453,280,3,283,17
2020-04-14,San Luis Obispo,079,281455,174,109,3,112,1
2020-04-14,San Mateo,081,765935,1012,681,2,683,28
2020-04-14,Santa Barbara,083,443738,400,292,2,294,2
2020-04-14,Santa Clara,085,1922200,2128,1561,5,1566,63
2020-04-14,Santa Cruz,087,273765,109,84,0,84,2
2020-04-14,Shasta,089,179085,31,24,0,24,3
2020-04-14,Sierra,091,2930,0,0,0,0,0
2020-04-14,Siskiyou,093,43540,5,5,0,5,0
2020-04-14,Solano,095,438530,213,140,0,140,2
2020-04-14,Sonoma,097,501317,193,133,0,133,1
2020-04-14,Stanislaus,099,539301,260,136,4,140,3
2020-04-14,Sutter,101,95872,24,19,0,19,2
2020-04-14,Tehama,103,63373,1,1,0,1,1
2020-04-14,Trinity,105,12862,0,0,0,0,0
2020-04-14,Tulare,107,460477,536,228,5,233,12
2020-04-14,Tuolumne,109,53932,3,0,0,0,0
2020-04-14,Ventura,111,848112,504,328,1,329,11
2020-04-14,Yolo,113,214977,159,81,0,81,3
2020-04-14,Yuba,115,75493,14,14,0,14,1
2020-04-13,Alameda,001,1643700,1246,821,1,822,23
2020-04-13,Alpine,003,1148,1,1,0,1,0
2020-04-13,Amador,005,37829,7,6,0,6,0
2020-04-13,Butte,007,227075,19,13,1,14,0
2020-04-13,Calaveras,009,45235,10,5,0,5,0
2020-04-13,Colusa,011,21464,3,3,0,3,0
2020-04-13,Contra Costa,013,1133247,779,569,0,569,12
2020-04-13,Del Norte,015,27424,2,2,0,2,0
2020-04-13,El Dorado,017,186661,49,29,0,29,0
2020-04-13,Fresno,019,978130,499,205,5,210,4
2020-04-13,Glenn,021,27897,4,3,0,3,0
2020-04-13,Humboldt,023,135768,57,44,0,44,0
2020-04-13,Imperial,025,180216,219,82,0,82,2
2020-04-13,Inyo,027,18085,17,12,0,12,0
2020-04-13,Kern,029,883053,711,346,1,347,3
2020-04-13,Kings,031,150075,54,9,1,10,0
2020-04-13,Lake,033,64148,6,3,0,3,0
2020-04-13,Lassen,035,31185,3,0,2,2,0
2020-04-13,Los Angeles,037,10098052,15376,9367,13,9380,317
2020-04-13,Madera,039,155013,66,29,1,30,2
2020-04-13,Marin,041,260295,192,144,1,145,6
2020-04-13,Mariposa,043,17540,0,0,0,0,0
2020-04-13,Mendocino,045,87422,5,4,0,4,0
2020-04-13,Merced,047,269075,112,60,0,60,3
2020-04-13,Modoc,049,8938,0,0,0,0,0
2020-04-13,Mono,051,14174,29,21,0,21,1
2020-04-13,Monterey,053,433212,173,86,0,86,3
2020-04-13,Napa,055,140530,55,30,0,30,2
2020-04-13,Nevada,057,99092,37,24,1,25,1
2020-04-13,Orange,059,3164182,2054,1313,19,1332,21
2020-04-13,Placer,061,380077,147,116,0,116,5
2020-04-13,Plumas,063,18699,4,3,0,3,0
2020-04-13,Riverside,065,2383286,2935,1460,13,1473,35
2020-04-13,Sacramento,067,1510023,957,723,0,723,25
2020-04-13,San Benito,069,59416,38,33,0,33,2
2020-04-13,San Bernardino,071,2135413,1514,920,0,920,30
2020-04-13,San Diego,073,3302833,2536,1849,0,1849,47
2020-04-13,San Francisco,075,870044,1219,948,0,948,12
2020-04-13,San Joaquin,077,732212,438,255,3,258,16
2020-04-13,San Luis Obispo,079,281455,169,106,3,109,1
2020-04-13,San Mateo,081,765935,972,679,2,681,25
2020-04-13,Santa Barbara,083,443738,381,271,1,272,2
2020-04-13,Santa Clara,085,1922200,2082,1540,5,1545,58
2020-04-13,Santa Cruz,087,273765,103,82,0,82,1
2020-04-13,Shasta,089,179085,30,24,0,24,3
2020-04-13,Sierra,091,2930,0,0,0,0,0
2020-04-13,Siskiyou,093,43540,5,5,0,5,0
2020-04-13,Solano,095,438530,210,136,0,136,2
2020-04-13,Sonoma,097,501317,186,133,0,133,1
2020-04-13,Stanislaus,099,539301,254,130,4,134,1
2020-04-13,Sutter,101,95872,24,18,0,18,2
2020-04-13,Tehama,103,63373,1,1,0,1,0
2020-04-13,Trinity,105,12862,0,0,0,0,0
2020-04-13,Tulare,107,460477,500,185,5,190,11
2020-04-13,Tuolumne,109,53932,3,0,0,0,0
2020-04-13,Ventura,111,848112,483,309,0,309,9
2020-04-13,Yolo,113,214977,153,81,0,81,3
2020-04-13,Yuba,115,75493,14,13,0,13,1
2020-04-12,Alameda,001,1643700,1203,774,1,775,23
2020-04-12,Alpine,003,1148,1,1,0,1,0
2020-04-12,Amador,005,37829,7,6,0,6,0
2020-04-12,Butte,007,227075,19,13,1,14,0
2020-04-12,Calaveras,009,45235,10,5,0,5,0
2020-04-12,Colusa,011,21464,3,3,0,3,0
2020-04-12,Contra Costa,013,1133247,766,553,0,553,12
2020-04-12,Del Norte,015,27424,2,2,0,2,0
2020-04-12,El Dorado,017,186661,49,28,0,28,0
2020-04-12,Fresno,019,978130,470,205,5,210,4
2020-04-12,Glenn,021,27897,4,3,0,3,0
2020-04-12,Humboldt,023,135768,57,43,0,43,0
2020-04-12,Imperial,025,180216,196,78,0,78,2
2020-04-12,Inyo,027,18085,15,12,0,12,0
2020-04-12,Kern,029,883053,679,319,0,319,3
2020-04-12,Kings,031,150075,52,9,1,10,0
2020-04-12,Lake,033,64148,6,3,0,3,0
2020-04-12,Lassen,035,31185,3,0,2,2,0
2020-04-12,Los Angeles,037,10098052,14656,9133,13,9146,294
2020-04-12,Madera,039,155013,65,29,1,30,2
2020-04-12,Marin,041,260295,181,138,1,139,6
2020-04-12,Mariposa,043,17540,0,0,0,0,0
2020-04-12,Mendocino,045,87422,5,4,0,4,0
2020-04-12,Merced,047,269075,106,58,0,58,3
2020-04-12,Modoc,049,8938,0,0,0,0,0
2020-04-12,Mono,051,14174,29,20,0,20,1
2020-04-12,Monterey,053,433212,159,85,0,85,3
2020-04-12,Napa,055,140530,53,29,0,29,2
2020-04-12,Nevada,057,99092,37,24,1,25,1
2020-04-12,Orange,059,3164182,1994,1283,18,1301,21
2020-04-12,Placer,061,380077,146,114,0,114,4
2020-04-12,Plumas,063,18699,4,3,0,3,0
2020-04-12,Riverside,065,2383286,2753,1330,13,1343,34
2020-04-12,Sacramento,067,1510023,920,689,0,689,25
2020-04-12,San Benito,069,59416,36,33,0,33,2
2020-04-12,San Bernardino,071,2135413,1438,827,0,827,30
2020-04-12,San Diego,073,3302833,2446,1806,0,1806,45
2020-04-12,San Francisco,075,870044,1192,886,0,886,11
2020-04-12,San Joaquin,077,732212,420,246,3,249,15
2020-04-12,San Luis Obispo,079,281455,166,102,2,104,1
2020-04-12,San Mateo,081,765935,946,664,2,666,25
2020-04-12,Santa Barbara,083,443738,362,261,1,262,2
2020-04-12,Santa Clara,085,1922200,2054,1461,5,1466,53
2020-04-12,Santa Cruz,087,273765,102,80,0,80,1
2020-04-12,Shasta,089,179085,30,24,0,24,3
2020-04-12,Sierra,091,2930,0,0,0,0,0
2020-04-12,Siskiyou,093,43540,5,5,0,5,0
2020-04-12,Solano,095,438530,204,136,0,136,2
2020-04-12,Sonoma,097,501317,183,131,0,131,1
2020-04-12,Stanislaus,099,539301,246,117,4,121,1
2020-04-12,Sutter,101,95872,23,18,0,18,2
2020-04-12,Tehama,103,63373,1,1,0,1,0
2020-04-12,Trinity,105,12862,0,0,0,0,0
2020-04-12,Tulare,107,460477,488,166,5,171,11
2020-04-12,Tuolumne,109,53932,3,0,0,0,0
2020-04-12,Ventura,111,848112,473,306,0,306,9
2020-04-12,Yolo,113,214977,139,67,0,67,3
2020-04-12,Yuba,115,75493,14,13,0,13,1
2020-04-11,Alameda,001,1643700,1162,751,1,752,23
2020-04-11,Alpine,003,1148,1,1,0,1,0
2020-04-11,Amador,005,37829,7,6,0,6,0
2020-04-11,Butte,007,227075,19,13,1,14,0
2020-04-11,Calaveras,009,45235,10,5,0,5,0
2020-04-11,Colusa,011,21464,3,3,0,3,0
2020-04-11,Contra Costa,013,1133247,757,550,0,550,12
2020-04-11,Del Norte,015,27424,2,2,0,2,0
2020-04-11,El Dorado,017,186661,48,29,0,29,0
2020-04-11,Fresno,019,978130,460,201,5,206,4
2020-04-11,Glenn,021,27897,4,3,0,3,0
2020-04-11,Humboldt,023,135768,57,38,0,38,0
2020-04-11,Imperial,025,180216,186,78,0,78,2
2020-04-11,Inyo,027,18085,15,12,0,12,0
2020-04-11,Kern,029,883053,651,304,0,304,3
2020-04-11,Kings,031,150075,49,9,1,10,0
2020-04-11,Lake,033,64148,6,3,0,3,0
2020-04-11,Lassen,035,31185,3,0,2,2,0
2020-04-11,Los Angeles,037,10098052,14181,8823,13,8836,262
2020-04-11,Madera,039,155013,64,29,1,30,2
2020-04-11,Marin,041,260295,178,136,1,137,6
2020-04-11,Mariposa,043,17540,0,0,0,0,0
2020-04-11,Mendocino,045,87422,5,4,0,4,0
2020-04-11,Merced,047,269075,103,59,0,59,3
2020-04-11,Modoc,049,8938,0,0,0,0,0
2020-04-11,Mono,051,14174,29,20,0,20,1
2020-04-11,Monterey,053,433212,153,78,0,78,3
2020-04-11,Napa,055,140530,53,29,0,29,2
2020-04-11,Nevada,057,99092,37,24,1,25,1
2020-04-11,Orange,059,3164182,1932,1267,18,1285,21
2020-04-11,Placer,061,380077,146,113,0,113,4
2020-04-11,Plumas,063,18699,4,3,0,3,0
2020-04-11,Riverside,065,2383286,2674,1260,13,1273,33
2020-04-11,Sacramento,067,1510023,909,685,0,685,25
2020-04-11,San Benito,069,59416,36,33,0,33,2
2020-04-11,San Bernardino,071,2135413,1402,826,0,826,28
2020-04-11,San Diego,073,3302833,2380,1763,0,1763,45
2020-04-11,San Francisco,075,870044,1170,860,0,860,11
2020-04-11,San Joaquin,077,732212,415,244,3,247,15
2020-04-11,San Luis Obispo,079,281455,166,100,1,101,1
2020-04-11,San Mateo,081,765935,934,662,2,664,25
2020-04-11,Santa Barbara,083,443738,354,258,1,259,2
2020-04-11,Santa Clara,085,1922200,1995,1441,5,1446,51
2020-04-11,Santa Cruz,087,273765,102,79,0,79,1
2020-04-11,Shasta,089,179085,30,24,0,24,3
2020-04-11,Sierra,091,2930,0,0,0,0,0
2020-04-11,Siskiyou,093,43540,5,5,0,5,0
2020-04-11,Solano,095,438530,200,138,0,138,2
2020-04-11,Sonoma,097,501317,181,131,0,131,1
2020-04-11,Stanislaus,099,539301,238,119,3,122,1
2020-04-11,Sutter,101,95872,23,18,0,18,2
2020-04-11,Tehama,103,63373,1,1,0,1,0
2020-04-11,Trinity,105,12862,0,0,0,0,0
2020-04-11,Tulare,107,460477,466,168,5,173,10
2020-04-11,Tuolumne,109,53932,3,0,0,0,0
2020-04-11,Ventura,111,848112,463,304,0,304,9
2020-04-11,Yolo,113,214977,136,67,0,67,3
2020-04-11,Yuba,115,75493,14,13,0,13,1
2020-04-10,Alameda,001,1643700,1121,706,1,707,21
2020-04-10,Alpine,003,1148,1,1,0,1,0
2020-04-10,Amador,005,37829,7,5,0,5,0
2020-04-10,Butte,007,227075,19,13,1,14,0
2020-04-10,Calaveras,009,45235,10,5,0,5,0
2020-04-10,Colusa,011,21464,3,3,0,3,0
2020-04-10,Contra Costa,013,1133247,744,537,0,537,10
2020-04-10,Del Norte,015,27424,2,2,0,2,0
2020-04-10,El Dorado,017,186661,48,26,0,26,0
2020-04-10,Fresno,019,978130,453,186,4,190,3
2020-04-10,Glenn,021,27897,4,3,0,3,0
2020-04-10,Humboldt,023,135768,57,36,0,36,0
2020-04-10,Imperial,025,180216,179,70,0,70,2
2020-04-10,Inyo,027,18085,13,11,0,11,0
2020-04-10,Kern,029,883053,627,272,0,272,3
2020-04-10,Kings,031,150075,46,7,1,8,0
2020-04-10,Lake,033,64148,6,3,0,3,0
2020-04-10,Lassen,035,31185,3,0,2,2,0
2020-04-10,Los Angeles,037,10098052,13667,8384,12,8396,239
2020-04-10,Madera,039,155013,63,29,1,30,2
2020-04-10,Marin,041,260295,173,128,1,129,6
2020-04-10,Mariposa,043,17540,0,0,0,0,0
2020-04-10,Mendocino,045,87422,5,4,0,4,0
2020-04-10,Merced,047,269075,100,56,0,56,3
2020-04-10,Modoc,049,8938,0,0,0,0,0
2020-04-10,Mono,051,14174,29,20,0,20,1
2020-04-10,Monterey,053,433212,142,78,0,78,3
2020-04-10,Napa,055,140530,50,28,0,28,2
2020-04-10,Nevada,057,99092,37,23,1,24,1
2020-04-10,Orange,059,3164182,1885,1167,18,1185,21
2020-04-10,Placer,061,380077,145,112,0,112,4
2020-04-10,Plumas,063,18699,4,3,0,3,0
2020-04-10,Riverside,065,2383286,2608,1162,13,1175,30
2020-04-10,Sacramento,067,1510023,900,642,0,642,24
2020-04-10,San Benito,069,59416,36,32,0,32,2
2020-04-10,San Bernardino,071,2135413,1354,779,0,779,27
2020-04-10,San Diego,073,3302833,2320,1695,0,1695,44
2020-04-10,San Francisco,075,870044,1139,797,0,797,10
2020-04-10,San Joaquin,077,732212,403,234,3,237,14
2020-04-10,San Luis Obispo,079,281455,166,97,1,98,1
2020-04-10,San Mateo,081,765935,918,642,2,644,24
2020-04-10,Santa Barbara,083,443738,346,254,1,255,2
2020-04-10,Santa Clara,085,1922200,1943,1351,5,1356,50
2020-04-10,Santa Cruz,087,273765,101,75,0,75,1
2020-04-10,Shasta,089,179085,30,24,0,24,3
2020-04-10,Sierra,091,2930,0,0,0,0,0
2020-04-10,Siskiyou,093,43540,5,5,0,5,0
2020-04-10,Solano,095,438530,197,129,0,129,2
2020-04-10,Sonoma,097,501317,180,129,0,129,1
2020-04-10,Stanislaus,099,539301,231,101,3,104,0
2020-04-10,Sutter,101,95872,23,18,0,18,2
2020-04-10,Tehama,103,63373,1,1,0,1,0
2020-04-10,Trinity,105,12862,0,0,0,0,0
2020-04-10,Tulare,107,460477,424,163,5,168,10
2020-04-10,Tuolumne,109,53932,3,0,0,0,0
2020-04-10,Ventura,111,848112,454,290,0,290,9
2020-04-10,Yolo,113,214977,134,62,0,62,3
2020-04-10,Yuba,115,75493,14,13,0,13,1
2020-04-09,Alameda,001,1643700,1071,641,1,642,17
2020-04-09,Alpine,003,1148,1,1,0,1,0
2020-04-09,Amador,005,37829,7,2,0,2,0
2020-04-09,Butte,007,227075,19,12,1,13,0
2020-04-09,Calaveras,009,45235,10,5,0,5,0
2020-04-09,Colusa,011,21464,3,3,0,3,0
2020-04-09,Contra Costa,013,1133247,701,505,0,505,7
2020-04-09,Del Norte,015,27424,2,2,0,2,0
2020-04-09,El Dorado,017,186661,47,25,0,25,0
2020-04-09,Fresno,019,978130,428,165,4,169,3
2020-04-09,Glenn,021,27897,4,2,0,2,0
2020-04-09,Humboldt,023,135768,57,36,0,36,0
2020-04-09,Imperial,025,180216,158,67,0,67,2
2020-04-09,Inyo,027,18085,12,11,0,11,0
2020-04-09,Kern,029,883053,591,241,0,241,2
2020-04-09,Kings,031,150075,43,5,1,6,0
2020-04-09,Lake,033,64148,5,1,0,1,0
2020-04-09,Lassen,035,31185,3,0,2,2,0
2020-04-09,Los Angeles,037,10098052,13036,7919,12,7931,220
2020-04-09,Madera,039,155013,63,28,1,29,2
2020-04-09,Marin,041,260295,171,126,1,127,7
2020-04-09,Mariposa,043,17540,0,0,0,0,0
2020-04-09,Mendocino,045,87422,5,4,0,4,0
2020-04-09,Merced,047,269075,97,41,0,41,3
2020-04-09,Modoc,049,8938,0,0,0,0,0
2020-04-09,Mono,051,14174,29,19,0,19,1
2020-04-09,Monterey,053,433212,124,70,0,70,3
2020-04-09,Napa,055,140530,46,27,0,27,2
2020-04-09,Nevada,057,99092,36,23,1,24,1
2020-04-09,Orange,059,3164182,1811,1105,18,1123,19
2020-04-09,Placer,061,380077,144,107,0,107,4
2020-04-09,Plumas,063,18699,4,3,0,3,0
2020-04-09,Riverside,065,2383286,2465,1083,13,1096,29
2020-04-09,Sacramento,067,1510023,877,601,0,601,21
2020-04-09,San Benito,069,59416,36,32,0,32,2
2020-04-09,San Bernardino,071,2135413,1285,717,0,717,27
2020-04-09,San Diego,073,3302833,2224,1630,0,1630,40
2020-04-09,San Francisco,075,870044,1119,748,0,748,8
2020-04-09,San Joaquin,077,732212,382,223,3,226,14
2020-04-09,San Luis Obispo,079,281455,158,93,1,94,1
2020-04-09,San Mateo,081,765935,902,630,2,632,23
2020-04-09,Santa Barbara,083,443738,336,232,1,233,2
2020-04-09,Santa Clara,085,1922200,1873,1301,5,1306,49
2020-04-09,Santa Cruz,087,273765,101,73,0,73,1
2020-04-09,Shasta,089,179085,30,22,0,22,3
2020-04-09,Sierra,091,2930,0,0,0,0,0
2020-04-09,Siskiyou,093,43540,5,4,0,4,0
2020-04-09,Solano,095,438530,188,118,0,118,2
2020-04-09,Sonoma,097,501317,176,113,0,113,1
2020-04-09,Stanislaus,099,539301,219,93,3,96,0
2020-04-09,Sutter,101,95872,23,17,0,17,2
2020-04-09,Tehama,103,63373,1,1,0,1,0
2020-04-09,Trinity,105,12862,0,0,0,0,0
2020-04-09,Tulare,107,460477,395,147,5,152,9
2020-04-09,Tuolumne,109,53932,3,0,0,0,0
2020-04-09,Ventura,111,848112,435,273,0,273,9
2020-04-09,Yolo,113,214977,125,59,0,59,3
2020-04-09,Yuba,115,75493,14,13,0,13,0
2020-04-08,Alameda,001,1643700,1029,594,1,595,15
2020-04-08,Alpine,003,1148,1,1,0,1,0
2020-04-08,Amador,005,37829,7,2,0,2,0
2020-04-08,Butte,007,227075,18,11,1,12,0
2020-04-08,Calaveras,009,45235,10,5,0,5,0
2020-04-08,Colusa,011,21464,3,3,0,3,0
2020-04-08,Contra Costa,013,1133247,688,481,0,481,7
2020-04-08,Del Norte,015,27424,2,2,0,2,0
2020-04-08,El Dorado,017,186661,47,25,0,25,0
2020-04-08,Fresno,019,978130,408,151,4,155,3
2020-04-08,Glenn,021,27897,4,2,0,2,0
2020-04-08,Humboldt,023,135768,57,40,0,40,0
2020-04-08,Imperial,025,180216,147,59,0,59,2
2020-04-08,Inyo,027,18085,12,11,0,11,0
2020-04-08,Kern,029,883053,550,198,0,198,2
2020-04-08,Kings,031,150075,43,5,1,6,0
2020-04-08,Lake,033,64148,5,1,0,1,0
2020-04-08,Lassen,035,31185,3,0,2,2,0
2020-04-08,Los Angeles,037,10098052,12435,7505,12,7517,196
2020-04-08,Madera,039,155013,62,28,1,29,2
2020-04-08,Marin,041,260295,165,125,1,126,7
2020-04-08,Mariposa,043,17540,0,0,0,0,0
2020-04-08,Mendocino,045,87422,5,4,0,4,0
2020-04-08,Merced,047,269075,82,35,0,35,1
2020-04-08,Modoc,049,8938,0,0,0,0,0
2020-04-08,Mono,051,14174,29,19,0,19,1
2020-04-08,Monterey,053,433212,115,68,0,68,3
2020-04-08,Napa,055,140530,44,21,0,21,2
2020-04-08,Nevada,057,99092,36,21,1,22,1
2020-04-08,Orange,059,3164182,1748,1034,18,1052,19
2020-04-08,Placer,061,380077,144,102,0,102,4
2020-04-08,Plumas,063,18699,4,3,0,3,0
2020-04-08,Riverside,065,2383286,2308,974,13,987,28
2020-04-08,Sacramento,067,1510023,843,565,0,565,21
2020-04-08,San Benito,069,59416,36,31,0,31,2
2020-04-08,San Bernardino,071,2135413,1228,635,0,635,22
2020-04-08,San Diego,073,3302833,2150,1532,0,1532,36
2020-04-08,San Francisco,075,870044,1052,687,0,687,7
2020-04-08,San Joaquin,077,732212,365,211,3,214,12
2020-04-08,San Luis Obispo,079,281455,156,90,1,91,1
2020-04-08,San Mateo,081,765935,887,608,2,610,22
2020-04-08,Santa Barbara,083,443738,319,221,1,222,2
2020-04-08,Santa Clara,085,1922200,1828,1257,5,1262,47
2020-04-08,Santa Cruz,087,273765,100,69,0,69,1
2020-04-08,Shasta,089,179085,30,18,0,18,3
2020-04-08,Sierra,091,2930,0,0,0,0,0
2020-04-08,Siskiyou,093,43540,5,4,0,4,0
2020-04-08,Solano,095,438530,175,111,0,111,2
2020-04-08,Sonoma,097,501317,170,107,0,107,1
2020-04-08,Stanislaus,099,539301,203,86,3,89,0
2020-04-08,Sutter,101,95872,22,17,0,17,2
2020-04-08,Tehama,103,63373,1,1,0,1,0
2020-04-08,Trinity,105,12862,0,0,0,0,0
2020-04-08,Tulare,107,460477,364,145,5,150,6
2020-04-08,Tuolumne,109,53932,3,0,0,0,0
2020-04-08,Ventura,111,848112,426,263,0,263,7
2020-04-08,Yolo,113,214977,108,56,0,56,3
2020-04-08,Yuba,115,75493,14,10,0,10,0
2020-04-07,Alameda,001,1643700,994,560,1,561,14
2020-04-07,Alpine,003,1148,1,1,0,1,0
2020-04-07,Amador,005,37829,7,2,0,2,0
2020-04-07,Butte,007,227075,17,11,1,12,0
2020-04-07,Calaveras,009,45235,9,5,0,5,0
2020-04-07,Colusa,011,21464,3,2,0,2,0
2020-04-07,Contra Costa,013,1133247,668,471,0,471,7
2020-04-07,Del Norte,015,27424,2,2,0,2,0
2020-04-07,El Dorado,017,186661,46,22,0,22,0
2020-04-07,Fresno,019,978130,393,138,4,142,3
2020-04-07,Glenn,021,27897,4,2,0,2,0
2020-04-07,Humboldt,023,135768,56,40,0,40,0
2020-04-07,Imperial,025,180216,128,53,0,53,2
2020-04-07,Inyo,027,18085,12,11,0,11,0
2020-04-07,Kern,029,883053,507,134,0,134,2
2020-04-07,Kings,031,150075,40,5,1,6,0
2020-04-07,Lake,033,64148,4,1,0,1,0
2020-04-07,Lassen,035,31185,3,0,2,2,0
2020-04-07,Los Angeles,037,10098052,11786,6885,12,6897,170
2020-04-07,Madera,039,155013,60,28,0,28,2
2020-04-07,Marin,041,260295,163,122,1,123,7
2020-04-07,Mariposa,043,17540,0,0,0,0,0
2020-04-07,Mendocino,045,87422,5,4,0,4,0
2020-04-07,Merced,047,269075,67,27,0,27,1
2020-04-07,Modoc,049,8938,0,0,0,0,0
2020-04-07,Mono,051,14174,28,18,0,18,1
2020-04-07,Monterey,053,433212,106,63,0,63,2
2020-04-07,Napa,055,140530,42,18,0,18,2
2020-04-07,Nevada,057,99092,36,20,1,21,1
2020-04-07,Orange,059,3164182,1701,971,16,987,19
2020-04-07,Placer,061,380077,139,94,0,94,3
2020-04-07,Plumas,063,18699,4,3,0,3,0
2020-04-07,Riverside,065,2383286,2151,905,13,918,25
2020-04-07,Sacramento,067,1510023,813,513,0,513,18
2020-04-07,San Benito,069,59416,36,26,0,26,2
2020-04-07,San Bernardino,071,2135413,1161,554,0,554,19
2020-04-07,San Diego,073,3302833,2073,1456,0,1456,31
2020-04-07,San Francisco,075,870044,992,636,0,636,6
2020-04-07,San Joaquin,077,732212,347,198,3,201,12
2020-04-07,San Luis Obispo,079,281455,149,87,1,88,1
2020-04-07,San Mateo,081,765935,866,573,2,575,22
2020-04-07,Santa Barbara,083,443738,305,209,1,210,2
2020-04-07,Santa Clara,085,1922200,1759,1193,4,1197,46
2020-04-07,Santa Cruz,087,273765,100,67,0,67,1
2020-04-07,Shasta,089,179085,29,16,0,16,3
2020-04-07,Sierra,091,2930,0,0,0,0,0
2020-04-07,Siskiyou,093,43540,5,4,0,4,0
2020-04-07,Solano,095,438530,170,99,0,99,1
2020-04-07,Sonoma,097,501317,167,102,0,102,1
2020-04-07,Stanislaus,099,539301,186,83,3,86,0
2020-04-07,Sutter,101,95872,22,16,0,16,2
2020-04-07,Tehama,103,63373,1,1,0,1,0
2020-04-07,Trinity,105,12862,0,0,0,0,0
2020-04-07,Tulare,107,460477,335,144,5,149,5
2020-04-07,Tuolumne,109,53932,3,1,0,1,0
2020-04-07,Ventura,111,848112,409,247,0,247,6
2020-04-07,Yolo,113,214977,101,51,0,51,2
2020-04-07,Yuba,115,75493,14,10,0,10,0
2020-04-06,Alameda,001,1643700,964,527,1,528,13
2020-04-06,Alpine,003,1148,1,1,0,1,0
2020-04-06,Amador,005,37829,6,2,0,2,0
2020-04-06,Butte,007,227075,16,11,1,12,0
2020-04-06,Calaveras,009,45235,9,4,0,4,0
2020-04-06,Colusa,011,21464,3,1,0,1,0
2020-04-06,Contra Costa,013,1133247,643,447,0,447,7
2020-04-06,Del Norte,015,27424,2,2,0,2,0
2020-04-06,El Dorado,017,186661,44,23,0,23,0
2020-04-06,Fresno,019,978130,371,122,4,126,1
2020-04-06,Glenn,021,27897,4,2,0,2,0
2020-04-06,Humboldt,023,135768,55,37,0,37,0
2020-04-06,Imperial,025,180216,121,47,0,47,1
2020-04-06,Inyo,027,18085,11,11,0,11,0
2020-04-06,Kern,029,883053,470,117,0,117,2
2020-04-06,Kings,031,150075,40,3,1,4,0
2020-04-06,Lake,033,64148,4,1,0,1,0
2020-04-06,Lassen,035,31185,3,0,2,2,0
2020-04-06,Los Angeles,037,10098052,11053,6346,12,6358,145
2020-04-06,Madera,039,155013,58,29,0,29,2
2020-04-06,Marin,041,260295,160,119,1,120,7
2020-04-06,Mariposa,043,17540,0,0,0,0,0
2020-04-06,Mendocino,045,87422,5,4,0,4,0
2020-04-06,Merced,047,269075,60,25,0,25,1
2020-04-06,Modoc,049,8938,0,0,0,0,0
2020-04-06,Mono,051,14174,28,18,0,18,1
2020-04-06,Monterey,053,433212,101,62,0,62,2
2020-04-06,Napa,055,140530,42,18,0,18,2
2020-04-06,Nevada,057,99092,36,19,1,20,1
2020-04-06,Orange,059,3164182,1657,910,15,925,17
2020-04-06,Placer,061,380077,139,90,0,90,3
2020-04-06,Plumas,063,18699,4,2,0,2,0
2020-04-06,Riverside,065,2383286,2025,854,13,867,17
2020-04-06,Sacramento,067,1510023,783,448,0,448,15
2020-04-06,San Benito,069,59416,34,25,0,25,1
2020-04-06,San Bernardino,071,2135413,1102,550,0,550,13
2020-04-06,San Diego,073,3302833,1991,1406,0,1406,19
2020-04-06,San Francisco,075,870044,952,586,0,586,6
2020-04-06,San Joaquin,077,732212,332,191,3,194,10
2020-04-06,San Luis Obispo,079,281455,147,85,1,86,1
2020-04-06,San Mateo,081,765935,848,569,2,571,20
2020-04-06,Santa Barbara,083,443738,296,189,1,190,2
2020-04-06,Santa Clara,085,1922200,1706,1128,4,1132,43
2020-04-06,Santa Cruz,087,273765,98,65,0,65,1
2020-04-06,Shasta,089,179085,29,16,0,16,3
2020-04-06,Sierra,091,2930,0,0,0,0,0
2020-04-06,Siskiyou,093,43540,4,4,0,4,0
2020-04-06,Solano,095,438530,163,95,0,95,1
2020-04-06,Sonoma,097,501317,166,102,0,102,1
2020-04-06,Stanislaus,099,539301,170,72,3,75,0
2020-04-06,Sutter,101,95872,22,14,0,14,2
2020-04-06,Tehama,103,63373,1,1,0,1,0
2020-04-06,Trinity,105,12862,0,0,0,0,0
2020-04-06,Tulare,107,460477,319,126,5,131,5
2020-04-06,Tuolumne,109,53932,3,1,0,1,0
2020-04-06,Ventura,111,848112,391,234,0,234,6
2020-04-06,Yolo,113,214977,97,43,0,43,1
2020-04-06,Yuba,115,75493,14,8,0,8,0
2020-04-05,Alameda,001,1643700,922,475,1,476,12
2020-04-05,Alpine,003,1148,1,1,0,1,0
2020-04-05,Amador,005,37829,6,2,0,2,0
2020-04-05,Butte,007,227075,16,10,1,11,0
2020-04-05,Calaveras,009,45235,9,3,0,3,0
2020-04-05,Colusa,011,21464,3,1,0,1,0
2020-04-05,Contra Costa,013,1133247,626,415,0,415,6
2020-04-05,Del Norte,015,27424,2,1,0,1,0
2020-04-05,El Dorado,017,186661,42,19,0,19,0
2020-04-05,Fresno,019,978130,337,102,4,106,1
2020-04-05,Glenn,021,27897,4,2,0,2,0
2020-04-05,Humboldt,023,135768,55,29,0,29,0
2020-04-05,Imperial,025,180216,113,42,0,42,1
2020-04-05,Inyo,027,18085,11,10,0,10,0
2020-04-05,Kern,029,883053,415,109,0,109,2
2020-04-05,Kings,031,150075,39,4,1,5,0
2020-04-05,Lake,033,64148,4,0,0,0,0
2020-04-05,Lassen,035,31185,3,0,2,2,0
2020-04-05,Los Angeles,037,10098052,10481,5892,12,5904,130
2020-04-05,Madera,039,155013,57,27,0,27,2
2020-04-05,Marin,041,260295,160,113,1,114,6
2020-04-05,Mariposa,043,17540,0,0,0,0,0
2020-04-05,Mendocino,045,87422,5,4,0,4,0
2020-04-05,Merced,047,269075,53,16,0,16,0
2020-04-05,Modoc,049,8938,0,0,0,0,0
2020-04-05,Mono,051,14174,28,18,0,18,1
2020-04-05,Monterey,053,433212,94,61,0,61,2
2020-04-05,Napa,055,140530,40,15,0,15,2
2020-04-05,Nevada,057,99092,36,19,1,20,1
2020-04-05,Orange,059,3164182,1600,820,15,835,15
2020-04-05,Placer,061,380077,136,86,0,86,3
2020-04-05,Plumas,063,18699,3,2,0,2,0
2020-04-05,Riverside,065,2383286,1896,669,13,682,17
2020-04-05,Sacramento,067,1510023,752,393,0,393,11
2020-04-05,San Benito,069,59416,34,22,0,22,1
2020-04-05,San Bernardino,071,2135413,1029,375,0,375,13
2020-04-05,San Diego,073,3302833,1909,1328,0,1328,19
2020-04-05,San Francisco,075,870044,905,559,0,559,6
2020-04-05,San Joaquin,077,732212,317,179,3,182,10
2020-04-05,San Luis Obispo,079,281455,145,83,1,84,1
2020-04-05,San Mateo,081,765935,828,528,2,530,19
2020-04-05,Santa Barbara,083,443738,280,171,1,172,1
2020-04-05,Santa Clara,085,1922200,1659,1052,4,1056,42
2020-04-05,Santa Cruz,087,273765,98,59,0,59,1
2020-04-05,Shasta,089,179085,28,11,0,11,2
2020-04-05,Sierra,091,2930,0,0,0,0,0
2020-04-05,Siskiyou,093,43540,4,3,0,3,0
2020-04-05,Solano,095,438530,159,78,0,78,1
2020-04-05,Sonoma,097,501317,164,88,0,88,1
2020-04-05,Stanislaus,099,539301,156,51,3,54,0
2020-04-05,Sutter,101,95872,22,14,0,14,1
2020-04-05,Tehama,103,63373,1,1,0,1,0
2020-04-05,Trinity,105,12862,0,0,0,0,0
2020-04-05,Tulare,107,460477,282,81,5,86,4
2020-04-05,Tuolumne,109,53932,3,1,0,1,0
2020-04-05,Ventura,111,848112,377,196,0,196,6
2020-04-05,Yolo,113,214977,78,37,0,37,2
2020-04-05,Yuba,115,75493,14,7,0,7,0
2020-04-04,Alameda,001,1643700,899,468,1,469,12
2020-04-04,Alpine,003,1148,1,1,0,1,0
2020-04-04,Amador,005,37829,5,2,0,2,0
2020-04-04,Butte,007,227075,16,10,1,11,0
2020-04-04,Calaveras,009,45235,9,3,0,3,0
2020-04-04,Colusa,011,21464,3,1,0,1,0
2020-04-04,Contra Costa,013,1133247,618,382,0,382,5
2020-04-04,Del Norte,015,27424,2,1,0,1,0
2020-04-04,El Dorado,017,186661,42,19,0,19,0
2020-04-04,Fresno,019,978130,327,102,4,106,1
2020-04-04,Glenn,021,27897,4,2,0,2,0
2020-04-04,Humboldt,023,135768,55,29,0,29,0
2020-04-04,Imperial,025,180216,112,42,0,42,1
2020-04-04,Inyo,027,18085,11,10,0,10,0
2020-04-04,Kern,029,883053,385,103,0,103,2
2020-04-04,Kings,031,150075,39,3,1,4,0
2020-04-04,Lake,033,64148,4,0,0,0,0
2020-04-04,Lassen,035,31185,3,0,2,2,0
2020-04-04,Los Angeles,037,10098052,9867,5275,12,5287,117
2020-04-04,Madera,039,155013,55,27,0,27,2
2020-04-04,Marin,041,260295,158,111,0,111,6
2020-04-04,Mariposa,043,17540,0,0,0,0,0
2020-04-04,Mendocino,045,87422,5,4,0,4,0
2020-04-04,Merced,047,269075,49,11,0,11,0
2020-04-04,Modoc,049,8938,0,0,0,0,0
2020-04-04,Mono,051,14174,28,18,0,18,1
2020-04-04,Monterey,053,433212,91,61,0,61,2
2020-04-04,Napa,055,140530,40,15,0,15,2
2020-04-04,Nevada,057,99092,36,19,1,20,1
2020-04-04,Orange,059,3164182,1558,781,14,795,15
2020-04-04,Placer,061,380077,135,87,0,87,2
2020-04-04,Plumas,063,18699,3,2,0,2,0
2020-04-04,Riverside,065,2383286,1795,652,13,665,15
2020-04-04,Sacramento,067,1510023,734,393,0,393,11
2020-04-04,San Benito,069,59416,34,22,0,22,1
2020-04-04,San Bernardino,071,2135413,981,373,0,373,13
2020-04-04,San Diego,073,3302833,1861,1211,0,1211,18
2020-04-04,San Francisco,075,870044,867,537,0,537,6
2020-04-04,San Joaquin,077,732212,294,171,3,174,10
2020-04-04,San Luis Obispo,079,281455,145,82,1,83,0
2020-04-04,San Mateo,081,765935,816,520,2,522,17
2020-04-04,Santa Barbara,083,443738,271,167,1,168,1
2020-04-04,Santa Clara,085,1922200,1607,1045,4,1049,39
2020-04-04,Santa Cruz,087,273765,98,56,0,56,1
2020-04-04,Shasta,089,179085,27,11,0,11,2
2020-04-04,Sierra,091,2930,0,0,0,0,0
2020-04-04,Siskiyou,093,43540,4,3,0,3,0
2020-04-04,Solano,095,438530,154,79,0,79,1
2020-04-04,Sonoma,097,501317,161,88,0,88,1
2020-04-04,Stanislaus,099,539301,145,51,3,54,0
2020-04-04,Sutter,101,95872,22,14,0,14,1
2020-04-04,Tehama,103,63373,1,1,0,1,0
2020-04-04,Trinity,105,12862,0,0,0,0,0
2020-04-04,Tulare,107,460477,268,79,5,84,4
2020-04-04,Tuolumne,109,53932,3,1,0,1,0
2020-04-04,Ventura,111,848112,364,194,0,194,6
2020-04-04,Yolo,113,214977,76,40,0,40,2
2020-04-04,Yuba,115,75493,13,7,0,7,0
2020-04-03,Alameda,001,1643700,863,395,1,396,11
2020-04-03,Alpine,003,1148,1,1,0,1,0
2020-04-03,Amador,005,37829,5,2,0,2,0
2020-04-03,Butte,007,227075,16,8,1,9,0
2020-04-03,Calaveras,009,45235,9,3,0,3,0
2020-04-03,Colusa,011,21464,3,1,0,1,0
2020-04-03,Contra Costa,013,1133247,595,327,0,327,5
2020-04-03,Del Norte,015,27424,2,1,0,1,0
2020-04-03,El Dorado,017,186661,40,16,0,16,0
2020-04-03,Fresno,019,978130,315,98,4,102,1
2020-04-03,Glenn,021,27897,4,2,0,2,0
2020-04-03,Humboldt,023,135768,55,34,0,34,0
2020-04-03,Imperial,025,180216,103,35,0,35,0
2020-04-03,Inyo,027,18085,11,10,0,10,0
2020-04-03,Kern,029,883053,359,87,0,87,1
2020-04-03,Kings,031,150075,37,3,1,4,0
2020-04-03,Lake,033,64148,3,0,0,0,0
2020-04-03,Lassen,035,31185,3,0,2,2,0
2020-04-03,Los Angeles,037,10098052,9255,4566,12,4578,91
2020-04-03,Madera,039,155013,54,28,0,28,2
2020-04-03,Marin,041,260295,156,106,0,106,6
2020-04-03,Mariposa,043,17540,0,0,0,0,0
2020-04-03,Mendocino,045,87422,5,4,0,4,0
2020-04-03,Merced,047,269075,46,9,0,9,0
2020-04-03,Modoc,049,8938,0,0,0,0,0
2020-04-03,Mono,051,14174,28,18,0,18,1
2020-04-03,Monterey,053,433212,88,58,0,58,2
2020-04-03,Napa,055,140530,39,13,0,13,1
2020-04-03,Nevada,057,99092,36,19,1,20,1
2020-04-03,Orange,059,3164182,1519,713,14,727,13
2020-04-03,Placer,061,380077,131,76,0,76,2
2020-04-03,Plumas,063,18699,3,2,0,2,0
2020-04-03,Riverside,065,2383286,1715,540,13,553,14
2020-04-03,Sacramento,067,1510023,713,363,0,363,11
2020-04-03,San Benito,069,59416,34,22,0,22,1
2020-04-03,San Bernardino,071,2135413,936,356,0,356,11
2020-04-03,San Diego,073,3302833,1800,1114,0,1114,17
2020-04-03,San Francisco,075,870044,843,506,0,506,6
2020-04-03,San Joaquin,077,732212,282,162,3,165,10
2020-04-03,San Luis Obispo,079,281455,144,82,1,83,0
2020-04-03,San Mateo,081,765935,799,474,2,476,13
2020-04-03,Santa Barbara,083,443738,260,154,1,155,1
2020-04-03,Santa Clara,085,1922200,1571,983,4,987,39
2020-04-03,Santa Cruz,087,273765,98,52,0,52,1
2020-04-03,Shasta,089,179085,27,10,0,10,1
2020-04-03,Sierra,091,2930,0,0,0,0,0
2020-04-03,Siskiyou,093,43540,4,3,0,3,0
2020-04-03,Solano,095,438530,146,72,0,72,1
2020-04-03,Sonoma,097,501317,161,84,0,84,1
2020-04-03,Stanislaus,099,539301,139,48,3,51,0
2020-04-03,Sutter,101,95872,22,12,0,12,1
2020-04-03,Tehama,103,63373,1,1,0,1,0
2020-04-03,Trinity,105,12862,0,0,0,0,0
2020-04-03,Tulare,107,460477,254,73,5,78,3
2020-04-03,Tuolumne,109,53932,3,1,0,1,0
2020-04-03,Ventura,111,848112,354,186,0,186,6
2020-04-03,Yolo,113,214977,75,33,0,33,1
2020-04-03,Yuba,115,75493,13,6,0,6,0
2020-04-02,Alameda,001,1643700,812,345,1,346,10
2020-04-02,Alpine,003,1148,1,1,0,1,0
2020-04-02,Amador,005,37829,5,2,0,2,0
2020-04-02,Butte,007,227075,16,7,0,7,0
2020-04-02,Calaveras,009,45235,7,3,0,3,0
2020-04-02,Colusa,011,21464,3,1,0,1,0
2020-04-02,Contra Costa,013,1133247,565,297,0,297,3
2020-04-02,Del Norte,015,27424,2,0,0,0,0
2020-04-02,El Dorado,017,186661,38,16,0,16,0
2020-04-02,Fresno,019,978130,299,92,4,96,0
2020-04-02,Glenn,021,27897,3,2,0,2,0
2020-04-02,Humboldt,023,135768,51,23,0,23,0
2020-04-02,Imperial,025,180216,99,24,0,24,0
2020-04-02,Inyo,027,18085,10,8,0,8,0
2020-04-02,Kern,029,883053,332,74,0,74,0
2020-04-02,Kings,031,150075,37,3,1,4,0
2020-04-02,Lake,033,64148,3,0,0,0,0
2020-04-02,Lassen,035,31185,3,0,2,2,0
2020-04-02,Los Angeles,037,10098052,8420,4040,12,4052,79
2020-04-02,Madera,039,155013,52,25,0,25,1
2020-04-02,Marin,041,260295,150,102,0,102,1
2020-04-02,Mariposa,043,17540,0,0,0,0,0
2020-04-02,Mendocino,045,87422,5,4,0,4,0
2020-04-02,Merced,047,269075,41,9,0,9,0
2020-04-02,Modoc,049,8938,0,0,0,0,0
2020-04-02,Mono,051,14174,28,16,0,16,1
2020-04-02,Monterey,053,433212,86,50,0,50,2
2020-04-02,Napa,055,140530,39,13,0,13,0
2020-04-02,Nevada,057,99092,35,17,1,18,0
2020-04-02,Orange,059,3164182,1467,640,13,653,12
2020-04-02,Placer,061,380077,130,72,0,72,2
2020-04-02,Plumas,063,18699,3,1,0,1,0
2020-04-02,Riverside,065,2383286,1598,438,13,451,13
2020-04-02,Sacramento,067,1510023,695,322,0,322,9
2020-04-02,San Benito,069,59416,32,18,0,18,1
2020-04-02,San Bernardino,071,2135413,881,335,0,335,8
2020-04-02,San Diego,073,3302833,1733,968,0,968,16
2020-04-02,San Francisco,075,870044,817,473,0,473,6
2020-04-02,San Joaquin,077,732212,263,148,3,151,9
2020-04-02,San Luis Obispo,079,281455,139,79,1,80,0
2020-04-02,San Mateo,081,765935,778,423,2,425,13
2020-04-02,Santa Barbara,083,443738,249,125,1,126,1
2020-04-02,Santa Clara,085,1922200,1520,908,4,912,38
2020-04-02,Santa Cruz,087,273765,96,49,0,49,1
2020-04-02,Shasta,089,179085,26,7,0,7,1
2020-04-02,Sierra,091,2930,0,0,0,0,0
2020-04-02,Siskiyou,093,43540,4,3,0,3,0
2020-04-02,Solano,095,438530,136,65,0,65,0
2020-04-02,Sonoma,097,501317,157,76,0,76,1
2020-04-02,Stanislaus,099,539301,128,40,3,43,0
2020-04-02,Sutter,101,95872,21,10,0,10,1
2020-04-02,Tehama,103,63373,1,1,0,1,0
2020-04-02,Trinity,105,12862,0,0,0,0,0
2020-04-02,Tulare,107,460477,220,64,5,69,1
2020-04-02,Tuolumne,109,53932,3,1,0,1,0
2020-04-02,Ventura,111,848112,336,178,0,178,5
2020-04-02,Yolo,113,214977,73,29,0,29,1
2020-04-02,Yuba,115,75493,10,5,0,5,0
2020-04-01,Alameda,001,1643700,785,287,1,288,8
2020-04-01,Alpine,003,1148,1,1,0,1,0
2020-04-01,Amador,005,37829,5,1,0,1,0
2020-04-01,Butte,007,227075,16,6,0,6,0
2020-04-01,Calaveras,009,45235,6,3,0,3,0
2020-04-01,Colusa,011,21464,3,1,0,1,0
2020-04-01,Contra Costa,013,1133247,522,267,0,267,3
2020-04-01,Del Norte,015,27424,2,0,0,0,0
2020-04-01,El Dorado,017,186661,37,14,0,14,0
2020-04-01,Fresno,019,978130,277,75,3,78,0
2020-04-01,Glenn,021,27897,3,2,0,2,0
2020-04-01,Humboldt,023,135768,51,19,0,19,0
2020-04-01,Imperial,025,180216,93,25,0,25,0
2020-04-01,Inyo,027,18085,10,8,0,8,0
2020-04-01,Kern,029,883053,305,53,0,53,0
2020-04-01,Kings,031,150075,35,3,1,4,0
2020-04-01,Lake,033,64148,3,0,0,0,0
2020-04-01,Lassen,035,31185,3,0,2,2,0
2020-04-01,Los Angeles,037,10098052,7770,3502,12,3514,66
2020-04-01,Madera,039,155013,50,17,0,17,1
2020-04-01,Marin,041,260295,146,87,0,87,1
2020-04-01,Mariposa,043,17540,0,0,0,0,0
2020-04-01,Mendocino,045,87422,5,4,0,4,0
2020-04-01,Merced,047,269075,38,7,0,7,0
2020-04-01,Modoc,049,8938,0,0,0,0,0
2020-04-01,Mono,051,14174,28,12,0,12,1
2020-04-01,Monterey,053,433212,85,47,0,47,2
2020-04-01,Napa,055,140530,36,11,0,11,0
2020-04-01,Nevada,057,99092,35,15,1,16,0
2020-04-01,Orange,059,3164182,1415,579,13,592,11
2020-04-01,Placer,061,380077,128,52,0,52,2
2020-04-01,Plumas,063,18699,3,1,0,1,0
2020-04-01,Riverside,065,2383286,1430,306,12,318,11
2020-04-01,Sacramento,067,1510023,662,299,0,299,8
2020-04-01,San Benito,069,59416,29,14,0,14,1
2020-04-01,San Bernardino,071,2135413,832,245,0,245,5
2020-04-01,San Diego,073,3302833,1663,851,0,851,11
2020-04-01,San Francisco,075,870044,789,432,0,432,6
2020-04-01,San Joaquin,077,732212,251,132,3,135,8
2020-04-01,San Luis Obispo,079,281455,133,69,1,70,0
2020-04-01,San Mateo,081,765935,760,354,2,356,13
2020-04-01,Santa Barbara,083,443738,236,103,1,104,0
2020-04-01,Santa Clara,085,1922200,1478,805,4,809,33
2020-04-01,Santa Cruz,087,273765,91,44,0,44,1
2020-04-01,Shasta,089,179085,25,5,0,5,1
2020-04-01,Sierra,091,2930,0,0,0,0,0
2020-04-01,Siskiyou,093,43540,4,3,0,3,0
2020-04-01,Solano,095,438530,131,57,0,57,0
2020-04-01,Sonoma,097,501317,153,60,0,60,1
2020-04-01,Stanislaus,099,539301,117,29,3,32,0
2020-04-01,Sutter,101,95872,21,9,0,9,1
2020-04-01,Tehama,103,63373,1,0,0,0,0
2020-04-01,Trinity,105,12862,0,0,0,0,0
2020-04-01,Tulare,107,460477,182,43,5,48,1
2020-04-01,Tuolumne,109,53932,3,1,0,1,0
2020-04-01,Ventura,111,848112,323,154,0,154,5
2020-04-01,Yolo,113,214977,68,22,0,22,1
2020-04-01,Yuba,115,75493,9,5,0,5,0
2020-03-31,Alameda,001,1643700,718,269,1,270,7
2020-03-31,Alpine,003,1148,1,1,0,1,0
2020-03-31,Amador,005,37829,5,1,0,1,0
2020-03-31,Butte,007,227075,16,6,0,6,0
2020-03-31,Calaveras,009,45235,6,3,0,3,0
2020-03-31,Colusa,011,21464,3,1,0,1,0
2020-03-31,Contra Costa,013,1133247,497,246,0,246,3
2020-03-31,Del Norte,015,27424,1,0,0,0,0
2020-03-31,El Dorado,017,186661,33,14,0,14,0
2020-03-31,Fresno,019,978130,252,59,3,62,0
2020-03-31,Glenn,021,27897,3,2,0,2,0
2020-03-31,Humboldt,023,135768,51,18,0,18,0
2020-03-31,Imperial,025,180216,88,17,0,17,0
2020-03-31,Inyo,027,18085,10,8,0,8,0
2020-03-31,Kern,029,883053,281,47,0,47,0
2020-03-31,Kings,031,150075,33,2,1,3,0
2020-03-31,Lake,033,64148,1,0,0,0,0
2020-03-31,Lassen,035,31185,3,0,2,2,0
2020-03-31,Los Angeles,037,10098052,7109,3001,12,3013,53
2020-03-31,Madera,039,155013,49,17,0,17,1
2020-03-31,Marin,041,260295,137,85,0,85,1
2020-03-31,Mariposa,043,17540,0,0,0,0,0
2020-03-31,Mendocino,045,87422,5,4,0,4,0
2020-03-31,Merced,047,269075,33,6,0,6,0
2020-03-31,Modoc,049,8938,0,0,0,0,0
2020-03-31,Mono,051,14174,26,12,0,12,0
2020-03-31,Monterey,053,433212,83,43,0,43,2
2020-03-31,Napa,055,140530,35,9,0,9,0
2020-03-31,Nevada,057,99092,35,15,1,16,0
2020-03-31,Orange,059,3164182,1345,506,13,519,7
2020-03-31,Placer,061,380077,121,49,0,49,2
2020-03-31,Plumas,063,18699,1,0,0,0,0
2020-03-31,Riverside,065,2383286,1284,284,12,296,8
2020-03-31,Sacramento,067,1510023,610,271,0,271,8
2020-03-31,San Benito,069,59416,29,14,0,14,1
2020-03-31,San Bernardino,071,2135413,747,193,0,193,5
2020-03-31,San Diego,073,3302833,1581,736,0,736,9
2020-03-31,San Francisco,075,870044,754,404,0,404,5
2020-03-31,San Joaquin,077,732212,235,122,3,125,7
2020-03-31,San Luis Obispo,079,281455,129,67,1,68,0
2020-03-31,San Mateo,081,765935,741,297,2,299,12
2020-03-31,Santa Barbara,083,443738,221,89,1,90,0
2020-03-31,Santa Clara,085,1922200,1428,777,4,781,30
2020-03-31,Santa Cruz,087,273765,84,40,0,40,1
2020-03-31,Shasta,089,179085,22,5,0,5,1
2020-03-31,Sierra,091,2930,0,0,0,0,0
2020-03-31,Siskiyou,093,43540,4,3,0,3,0
2020-03-31,Solano,095,438530,117,56,0,56,0
2020-03-31,Sonoma,097,501317,148,58,0,58,1
2020-03-31,Stanislaus,099,539301,102,28,3,31,0
2020-03-31,Sutter,101,95872,21,8,0,8,0
2020-03-31,Tehama,103,63373,1,0,0,0,0
2020-03-31,Trinity,105,12862,0,0,0,0,0
2020-03-31,Tulare,107,460477,159,42,4,46,1
2020-03-31,Tuolumne,109,53932,3,1,0,1,0
2020-03-31,Ventura,111,848112,312,143,0,143,4
2020-03-31,Yolo,113,214977,61,21,0,21,1
2020-03-31,Yuba,115,75493,9,5,0,5,0
2020-03-30,Alameda,001,1643700,678,250,1,251,7
2020-03-30,Alpine,003,1148,1,1,0,1,0
2020-03-30,Amador,005,37829,5,1,0,1,0
2020-03-30,Butte,007,227075,14,5,0,5,0
2020-03-30,Calaveras,009,45235,6,3,0,3,0
2020-03-30,Colusa,011,21464,3,1,0,1,0
2020-03-30,Contra Costa,013,1133247,471,212,0,212,3
2020-03-30,Del Norte,015,27424,0,0,0,0,0
2020-03-30,El Dorado,017,186661,33,11,0,11,0
2020-03-30,Fresno,019,978130,227,46,3,49,0
2020-03-30,Glenn,021,27897,3,2,0,2,0
2020-03-30,Humboldt,023,135768,49,11,0,11,0
2020-03-30,Imperial,025,180216,85,9,0,9,0
2020-03-30,Inyo,027,18085,10,5,0,5,0
2020-03-30,Kern,029,883053,248,30,0,30,0
2020-03-30,Kings,031,150075,33,1,1,2,0
2020-03-30,Lake,033,64148,1,0,0,0,0
2020-03-30,Lassen,035,31185,3,0,1,1,0
2020-03-30,Los Angeles,037,10098052,6449,2467,12,2479,44
2020-03-30,Madera,039,155013,48,14,0,14,1
2020-03-30,Marin,041,260295,130,78,0,78,0
2020-03-30,Mariposa,043,17540,0,0,0,0,0
2020-03-30,Mendocino,045,87422,5,2,0,2,0
2020-03-30,Merced,047,269075,29,6,0,6,0
2020-03-30,Modoc,049,8938,0,0,0,0,0
2020-03-30,Mono,051,14174,26,11,0,11,0
2020-03-30,Monterey,053,433212,78,41,0,41,1
2020-03-30,Napa,055,140530,34,9,0,9,0
2020-03-30,Nevada,057,99092,34,14,1,15,0
2020-03-30,Orange,059,3164182,1280,418,13,431,5
2020-03-30,Placer,061,380077,118,44,0,44,2
2020-03-30,Plumas,063,18699,1,0,0,0,0
2020-03-30,Riverside,065,2383286,1203,204,12,216,7
2020-03-30,Sacramento,067,1510023,586,238,0,238,8
2020-03-30,San Benito,069,59416,29,11,0,11,1
2020-03-30,San Bernardino,071,2135413,703,145,0,145,4
2020-03-30,San Diego,073,3302833,1511,605,0,605,7
2020-03-30,San Francisco,075,870044,714,368,0,368,5
2020-03-30,San Joaquin,077,732212,228,112,3,115,5
2020-03-30,San Luis Obispo,079,281455,126,62,1,63,0
2020-03-30,San Mateo,081,765935,717,257,2,259,11
2020-03-30,Santa Barbara,083,443738,212,79,1,80,0
2020-03-30,Santa Clara,085,1922200,1397,745,3,748,31
2020-03-30,Santa Cruz,087,273765,81,36,0,36,1
2020-03-30,Shasta,089,179085,21,4,0,4,1
2020-03-30,Sierra,091,2930,0,0,0,0,0
2020-03-30,Siskiyou,093,43540,4,2,0,2,0
2020-03-30,Solano,095,438530,111,50,0,50,0
2020-03-30,Sonoma,097,501317,145,57,0,57,1
2020-03-30,Stanislaus,099,539301,95,28,3,31,0
2020-03-30,Sutter,101,95872,20,6,0,6,0
2020-03-30,Tehama,103,63373,1,0,0,0,0
2020-03-30,Trinity,105,12862,0,0,0,0,0
2020-03-30,Tulare,107,460477,147,40,3,43,1
2020-03-30,Tuolumne,109,53932,3,1,0,1,0
2020-03-30,Ventura,111,848112,301,118,0,118,2
2020-03-30,Yolo,113,214977,58,17,0,17,1
2020-03-30,Yuba,115,75493,8,5,0,5,0
2020-03-29,Alameda,001,1643700,644,207,1,208,6
2020-03-29,Alpine,003,1148,1,0,0,0,0
2020-03-29,Amador,005,37829,5,1,0,1,0
2020-03-29,Butte,007,227075,14,4,0,4,0
2020-03-29,Calaveras,009,45235,6,2,0,2,0
2020-03-29,Colusa,011,21464,3,1,0,1,0
2020-03-29,Contra Costa,013,1133247,441,187,0,187,3
2020-03-29,Del Norte,015,27424,0,0,0,0,0
2020-03-29,El Dorado,017,186661,32,9,0,9,0
2020-03-29,Fresno,019,978130,203,31,3,34,0
2020-03-29,Glenn,021,27897,2,1,0,1,0
2020-03-29,Humboldt,023,135768,46,9,0,9,0
2020-03-29,Imperial,025,180216,79,9,0,9,0
2020-03-29,Inyo,027,18085,9,0,0,0,0
2020-03-29,Kern,029,883053,230,20,0,20,0
2020-03-29,Kings,031,150075,30,1,1,2,0
2020-03-29,Lake,033,64148,0,0,0,0,0
2020-03-29,Lassen,035,31185,3,0,1,1,0
2020-03-29,Los Angeles,037,10098052,5801,2119,11,2130,37
2020-03-29,Madera,039,155013,43,11,0,11,1
2020-03-29,Marin,041,260295,125,60,0,60,0
2020-03-29,Mariposa,043,17540,0,0,0,0,0
2020-03-29,Mendocino,045,87422,5,2,0,2,0
2020-03-29,Merced,047,269075,28,4,0,4,0
2020-03-29,Modoc,049,8938,0,0,0,0,0
2020-03-29,Mono,051,14174,26,8,0,8,0
2020-03-29,Monterey,053,433212,73,36,0,36,1
2020-03-29,Napa,055,140530,32,5,0,5,0
2020-03-29,Nevada,057,99092,32,13,1,14,0
2020-03-29,Orange,059,3164182,1207,343,13,356,2
2020-03-29,Placer,061,380077,117,35,0,35,2
2020-03-29,Plumas,063,18699,1,0,0,0,0
2020-03-29,Riverside,065,2383286,1079,122,12,134,7
2020-03-29,Sacramento,067,1510023,546,217,0,217,7
2020-03-29,San Benito,069,59416,28,10,0,10,1
2020-03-29,San Bernardino,071,2135413,651,94,0,94,2
2020-03-29,San Diego,073,3302833,1439,521,0,521,7
2020-03-29,San Francisco,075,870044,670,333,0,333,5
2020-03-29,San Joaquin,077,732212,219,86,3,89,4
2020-03-29,San Luis Obispo,079,281455,119,55,0,55,0
2020-03-29,San Mateo,081,765935,692,234,2,236,12
2020-03-29,Santa Barbara,083,443738,204,52,1,53,0
2020-03-29,Santa Clara,085,1922200,1340,591,3,594,30
2020-03-29,Santa Cruz,087,273765,81,33,0,33,1
2020-03-29,Shasta,089,179085,20,4,0,4,1
2020-03-29,Sierra,091,2930,0,0,0,0,0
2020-03-29,Siskiyou,093,43540,4,2,0,2,0
2020-03-29,Solano,095,438530,103,48,0,48,0
2020-03-29,Sonoma,097,501317,143,35,0,35,1
2020-03-29,Stanislaus,099,539301,90,19,3,22,0
2020-03-29,Sutter,101,95872,17,6,0,6,0
2020-03-29,Tehama,103,63373,1,0,0,0,0
2020-03-29,Trinity,105,12862,0,0,0,0,0
2020-03-29,Tulare,107,460477,122,24,3,27,1
2020-03-29,Tuolumne,109,53932,2,1,0,1,0
2020-03-29,Ventura,111,848112,274,92,0,92,2
2020-03-29,Yolo,113,214977,53,13,0,13,1
2020-03-29,Yuba,115,75493,8,3,0,3,0
2020-03-28,Alameda,001,1643700,617,410,1,411,12
2020-03-28,Alpine,003,1148,1,0,0,0,0
2020-03-28,Amador,005,37829,5,2,0,2,0
2020-03-28,Butte,007,227075,14,8,0,8,0
2020-03-28,Calaveras,009,45235,6,4,0,4,0
2020-03-28,Colusa,011,21464,3,2,0,2,0
2020-03-28,Contra Costa,013,1133247,418,350,0,350,4
2020-03-28,Del Norte,015,27424,0,0,0,0,0
2020-03-28,El Dorado,017,186661,31,18,0,18,0
2020-03-28,Fresno,019,978130,193,62,3,65,0
2020-03-28,Glenn,021,27897,2,2,0,2,0
2020-03-28,Humboldt,023,135768,46,18,0,18,0
2020-03-28,Imperial,025,180216,74,18,0,18,0
2020-03-28,Inyo,027,18085,9,0,0,0,0
2020-03-28,Kern,029,883053,213,40,0,40,0
2020-03-28,Kings,031,150075,29,2,1,3,0
2020-03-28,Lake,033,64148,0,0,0,0,0
2020-03-28,Lassen,035,31185,3,0,1,1,0
2020-03-28,Los Angeles,037,10098052,5415,3600,10,3610,64
2020-03-28,Madera,039,155013,43,22,0,22,2
2020-03-28,Marin,041,260295,120,116,0,116,0
2020-03-28,Mariposa,043,17540,0,0,0,0,0
2020-03-28,Mendocino,045,87422,5,4,0,4,0
2020-03-28,Merced,047,269075,27,8,0,8,0
2020-03-28,Modoc,049,8938,0,0,0,0,0
2020-03-28,Mono,051,14174,24,12,0,12,0
2020-03-28,Monterey,053,433212,72,64,0,64,2
2020-03-28,Napa,055,140530,27,10,0,10,0
2020-03-28,Nevada,057,99092,32,22,1,23,0
2020-03-28,Orange,059,3164182,1171,656,13,669,4
2020-03-28,Placer,061,380077,112,70,0,70,2
2020-03-28,Plumas,063,18699,1,0,0,0,0
2020-03-28,Riverside,065,2383286,1011,242,12,254,14
2020-03-28,Sacramento,067,1510023,528,406,0,406,14
2020-03-28,San Benito,069,59416,28,20,0,20,2
2020-03-28,San Bernardino,071,2135413,603,162,0,162,4
2020-03-28,San Diego,073,3302833,1380,980,0,980,14
2020-03-28,San Francisco,075,870044,646,600,0,600,6
2020-03-28,San Joaquin,077,732212,212,166,3,169,8
2020-03-28,San Luis Obispo,079,281455,117,104,0,104,0
2020-03-28,San Mateo,081,765935,672,462,2,464,17
2020-03-28,Santa Barbara,083,443738,194,98,1,99,0
2020-03-28,Santa Clara,085,1922200,1321,1174,3,1177,54
2020-03-28,Santa Cruz,087,273765,80,62,0,62,0
2020-03-28,Shasta,089,179085,20,8,0,8,2
2020-03-28,Sierra,091,2930,0,0,0,0,0
2020-03-28,Siskiyou,093,43540,4,4,0,4,0
2020-03-28,Solano,095,438530,99,96,0,96,0
2020-03-28,Sonoma,097,501317,141,70,0,70,2
2020-03-28,Stanislaus,099,539301,85,34,3,37,0
2020-03-28,Sutter,101,95872,17,6,0,6,0
2020-03-28,Tehama,103,63373,1,0,0,0,0
2020-03-28,Trinity,105,12862,0,0,0,0,0
2020-03-28,Tulare,107,460477,114,46,3,49,0
2020-03-28,Tuolumne,109,53932,2,2,0,2,0
2020-03-28,Ventura,111,848112,270,178,0,178,4
2020-03-28,Yolo,113,214977,52,26,0,26,2
2020-03-28,Yuba,115,75493,8,6,0,6,0
2020-03-27,Alameda,001,1643700,598,185,1,186,4
2020-03-27,Alpine,003,1148,1,0,0,0,0
2020-03-27,Amador,005,37829,4,1,0,1,0
2020-03-27,Butte,007,227075,12,4,0,4,0
2020-03-27,Calaveras,009,45235,6,2,0,2,0
2020-03-27,Colusa,011,21464,3,0,0,0,0
2020-03-27,Contra Costa,013,1133247,397,161,0,161,2
2020-03-27,Del Norte,015,27424,0,0,0,0,0
2020-03-27,El Dorado,017,186661,29,9,0,9,0
2020-03-27,Fresno,019,978130,181,29,2,31,0
2020-03-27,Glenn,021,27897,2,0,0,0,0
2020-03-27,Humboldt,023,135768,42,9,0,9,0
2020-03-27,Imperial,025,180216,69,9,0,9,0
2020-03-27,Inyo,027,18085,9,0,0,0,0
2020-03-27,Kern,029,883053,200,20,0,20,0
2020-03-27,Kings,031,150075,28,0,1,1,0
2020-03-27,Lake,033,64148,0,0,0,0,0
2020-03-27,Lassen,035,31185,3,0,1,1,0
2020-03-27,Los Angeles,037,10098052,5009,1474,10,1484,26
2020-03-27,Madera,039,155013,41,10,0,10,1
2020-03-27,Marin,041,260295,115,58,0,58,0
2020-03-27,Mariposa,043,17540,0,0,0,0,0
2020-03-27,Mendocino,045,87422,5,2,0,2,0
2020-03-27,Merced,047,269075,26,3,0,3,0
2020-03-27,Modoc,049,8938,0,0,0,0,0
2020-03-27,Mono,051,14174,24,6,0,6,0
2020-03-27,Monterey,053,433212,69,26,0,26,1
2020-03-27,Napa,055,140530,27,5,0,5,0
2020-03-27,Nevada,057,99092,32,6,1,7,0
2020-03-27,Orange,059,3164182,1121,299,13,312,2
2020-03-27,Placer,061,380077,109,33,0,33,1
2020-03-27,Plumas,063,18699,0,0,0,0,0
2020-03-27,Riverside,065,2383286,955,121,12,133,7
2020-03-27,Sacramento,067,1510023,505,163,0,163,6
2020-03-27,San Benito,069,59416,27,9,0,9,1
2020-03-27,San Bernardino,071,2135413,513,77,0,77,2
2020-03-27,San Diego,073,3302833,1323,419,0,419,5
2020-03-27,San Francisco,075,870044,621,285,0,285,2
2020-03-27,San Joaquin,077,732212,201,73,3,76,3
2020-03-27,San Luis Obispo,079,281455,115,46,0,46,0
2020-03-27,San Mateo,081,765935,646,213,2,215,7
2020-03-27,Santa Barbara,083,443738,180,37,1,38,0
2020-03-27,Santa Clara,085,1922200,1283,557,3,560,25
2020-03-27,Santa Cruz,087,273765,79,31,0,31,0
2020-03-27,Shasta,089,179085,17,3,0,3,1
2020-03-27,Sierra,091,2930,0,0,0,0,0
2020-03-27,Siskiyou,093,43540,4,2,0,2,0
2020-03-27,Solano,095,438530,93,48,0,48,0
2020-03-27,Sonoma,097,501317,133,35,0,35,1
2020-03-27,Stanislaus,099,539301,83,16,3,19,0
2020-03-27,Sutter,101,95872,16,2,0,2,0
2020-03-27,Tehama,103,63373,1,0,0,0,0
2020-03-27,Trinity,105,12862,0,0,0,0,0
2020-03-27,Tulare,107,460477,106,15,3,18,0
2020-03-27,Tuolumne,109,53932,2,1,0,1,0
2020-03-27,Ventura,111,848112,261,80,0,80,2
2020-03-27,Yolo,113,214977,51,13,0,13,1
2020-03-27,Yuba,115,75493,7,3,0,3,0
2020-03-26,Alameda,001,1643700,558,172,1,173,4
2020-03-26,Alpine,003,1148,1,0,0,0,0
2020-03-26,Amador,005,37829,4,1,0,1,0
2020-03-26,Butte,007,227075,12,4,0,4,0
2020-03-26,Calaveras,009,45235,6,2,0,2,0
2020-03-26,Colusa,011,21464,3,0,0,0,0
2020-03-26,Contra Costa,013,1133247,386,147,0,147,2
2020-03-26,Del Norte,015,27424,0,0,0,0,0
2020-03-26,El Dorado,017,186661,27,7,0,7,0
2020-03-26,Fresno,019,978130,172,25,2,27,0
2020-03-26,Glenn,021,27897,2,0,0,0,0
2020-03-26,Humboldt,023,135768,38,8,0,8,0
2020-03-26,Imperial,025,180216,65,8,0,8,0
2020-03-26,Inyo,027,18085,8,0,0,0,0
2020-03-26,Kern,029,883053,184,20,0,20,0
2020-03-26,Kings,031,150075,28,0,1,1,0
2020-03-26,Lake,033,64148,0,0,0,0,0
2020-03-26,Lassen,035,31185,3,0,1,1,0
2020-03-26,Los Angeles,037,10098052,4602,1075,10,1085,19
2020-03-26,Madera,039,155013,39,8,0,8,0
2020-03-26,Marin,041,260295,106,56,0,56,0
2020-03-26,Mariposa,043,17540,0,0,0,0,0
2020-03-26,Mendocino,045,87422,4,1,0,1,0
2020-03-26,Merced,047,269075,23,1,0,1,0
2020-03-26,Modoc,049,8938,0,0,0,0,0
2020-03-26,Mono,051,14174,23,5,0,5,0
2020-03-26,Monterey,053,433212,66,25,0,25,1
2020-03-26,Napa,055,140530,26,5,0,5,0
2020-03-26,Nevada,057,99092,32,7,1,8,0
2020-03-26,Orange,059,3164182,1059,279,11,290,1
2020-03-26,Placer,061,380077,106,34,0,34,1
2020-03-26,Plumas,063,18699,0,0,0,0,0
2020-03-26,Riverside,065,2383286,884,118,12,130,7
2020-03-26,Sacramento,067,1510023,472,147,0,147,5
2020-03-26,San Benito,069,59416,27,8,0,8,1
2020-03-26,San Bernardino,071,2135413,447,57,0,57,1
2020-03-26,San Diego,073,3302833,1256,299,0,299,2
2020-03-26,San Francisco,075,870044,594,261,0,261,1
2020-03-26,San Joaquin,077,732212,190,69,3,72,3
2020-03-26,San Luis Obispo,079,281455,110,38,0,38,0
2020-03-26,San Mateo,081,765935,612,122,2,124,5
2020-03-26,Santa Barbara,083,443738,167,33,1,34,0
2020-03-26,Santa Clara,085,1922200,1238,487,2,489,20
2020-03-26,Santa Cruz,087,273765,75,30,0,30,0
2020-03-26,Shasta,089,179085,17,3,0,3,1
2020-03-26,Sierra,091,2930,0,0,0,0,0
2020-03-26,Siskiyou,093,43540,4,2,0,2,0
2020-03-26,Solano,095,438530,85,41,0,41,0
2020-03-26,Sonoma,097,501317,128,33,0,33,1
2020-03-26,Stanislaus,099,539301,81,15,3,18,0
2020-03-26,Sutter,101,95872,12,2,0,2,0
2020-03-26,Tehama,103,63373,1,0,0,0,0
2020-03-26,Trinity,105,12862,0,0,0,0,0
2020-03-26,Tulare,107,460477,97,15,3,18,0
2020-03-26,Tuolumne,109,53932,2,0,0,0,0
2020-03-26,Ventura,111,848112,245,70,0,70,1
2020-03-26,Yolo,113,214977,47,13,0,13,1
2020-03-26,Yuba,115,75493,7,3,0,3,0
2020-03-25,Alameda,001,1643700,537,134,1,135,3
2020-03-25,Alpine,003,1148,1,0,0,0,0
2020-03-25,Amador,005,37829,4,1,0,1,0
2020-03-25,Butte,007,227075,12,4,0,4,0
2020-03-25,Calaveras,009,45235,6,2,0,2,0
2020-03-25,Colusa,011,21464,2,0,0,0,0
2020-03-25,Contra Costa,013,1133247,372,131,0,131,1
2020-03-25,Del Norte,015,27424,0,0,0,0,0
2020-03-25,El Dorado,017,186661,27,5,0,5,0
2020-03-25,Fresno,019,978130,152,21,2,23,0
2020-03-25,Glenn,021,27897,2,0,0,0,0
2020-03-25,Humboldt,023,135768,35,3,0,3,0
2020-03-25,Imperial,025,180216,57,8,0,8,0
2020-03-25,Inyo,027,18085,5,0,0,0,0
2020-03-25,Kern,029,883053,164,13,0,13,0
2020-03-25,Kings,031,150075,26,0,1,1,0
2020-03-25,Lake,033,64148,0,0,0,0,0
2020-03-25,Lassen,035,31185,3,0,1,1,0
2020-03-25,Los Angeles,037,10098052,4203,725,10,735,10
2020-03-25,Madera,039,155013,37,6,0,6,0
2020-03-25,Marin,041,260295,100,47,0,47,0
2020-03-25,Mariposa,043,17540,0,0,0,0,0
2020-03-25,Mendocino,045,87422,3,1,0,1,0
2020-03-25,Merced,047,269075,19,0,0,0,0
2020-03-25,Modoc,049,8938,0,0,0,0,0
2020-03-25,Mono,051,14174,22,4,0,4,0
2020-03-25,Monterey,053,433212,63,23,0,23,1
2020-03-25,Napa,055,140530,26,5,0,5,0
2020-03-25,Nevada,057,99092,31,5,1,6,0
2020-03-25,Orange,059,3164182,1001,214,9,223,1
2020-03-25,Placer,061,380077,100,30,0,30,1
2020-03-25,Plumas,063,18699,0,1,0,1,0
2020-03-25,Riverside,065,2383286,813,87,12,99,5
2020-03-25,Sacramento,067,1510023,446,114,0,114,5
2020-03-25,San Benito,069,59416,26,4,0,4,1
2020-03-25,San Bernardino,071,2135413,408,46,0,46,1
2020-03-25,San Diego,073,3302833,1194,238,0,238,2
2020-03-25,San Francisco,075,870044,553,212,0,212,1
2020-03-25,San Joaquin,077,732212,177,64,3,67,2
2020-03-25,San Luis Obispo,079,281455,105,35,0,35,0
2020-03-25,San Mateo,081,765935,577,111,2,113,5
2020-03-25,Santa Barbara,083,443738,157,25,1,26,0
2020-03-25,Santa Clara,085,1922200,1194,452,2,454,20
2020-03-25,Santa Cruz,087,273765,72,26,0,26,0
2020-03-25,Shasta,089,179085,16,3,0,3,1
2020-03-25,Sierra,091,2930,0,0,0,0,0
2020-03-25,Siskiyou,093,43540,4,2,0,2,0
2020-03-25,Solano,095,438530,80,39,0,39,0
2020-03-25,Sonoma,097,501317,123,31,0,31,1
2020-03-25,Stanislaus,099,539301,74,14,3,17,0
2020-03-25,Sutter,101,95872,9,1,0,1,0
2020-03-25,Tehama,103,63373,1,0,0,0,0
2020-03-25,Trinity,105,12862,0,0,0,0,0
2020-03-25,Tulare,107,460477,87,11,3,14,0
2020-03-25,Tuolumne,109,53932,2,0,0,0,0
2020-03-25,Ventura,111,848112,229,53,0,53,1
2020-03-25,Yolo,113,214977,45,9,0,9,1
2020-03-25,Yuba,115,75493,7,2,0,2,0
2020-03-24,Alameda,001,1643700,504,96,1,97,2
2020-03-24,Alpine,003,1148,1,0,0,0,0
2020-03-24,Amador,005,37829,2,1,0,1,0
2020-03-24,Butte,007,227075,11,3,0,3,0
2020-03-24,Calaveras,009,45235,5,2,0,2,0
2020-03-24,Colusa,011,21464,2,0,0,0,0
2020-03-24,Contra Costa,013,1133247,359,108,0,108,1
2020-03-24,Del Norte,015,27424,0,0,0,0,0
2020-03-24,El Dorado,017,186661,27,3,0,3,0
2020-03-24,Fresno,019,978130,133,18,2,20,0
2020-03-24,Glenn,021,27897,2,0,0,0,0
2020-03-24,Humboldt,023,135768,33,2,0,2,0
2020-03-24,Imperial,025,180216,54,3,0,3,0
2020-03-24,Inyo,027,18085,5,0,0,0,0
2020-03-24,Kern,029,883053,144,5,0,5,0
2020-03-24,Kings,031,150075,25,0,1,1,0
2020-03-24,Lake,033,64148,0,0,0,0,0
2020-03-24,Lassen,035,31185,3,0,1,1,0
2020-03-24,Los Angeles,037,10098052,3759,633,10,643,7
2020-03-24,Madera,039,155013,36,6,0,6,0
2020-03-24,Marin,041,260295,89,44,0,44,0
2020-03-24,Mariposa,043,17540,0,0,0,0,0
2020-03-24,Mendocino,045,87422,3,1,0,1,0
2020-03-24,Merced,047,269075,17,0,0,0,0
2020-03-24,Modoc,049,8938,0,0,0,0,0
2020-03-24,Mono,051,14174,21,1,0,1,0
2020-03-24,Monterey,053,433212,59,23,0,23,1
2020-03-24,Napa,055,140530,23,2,0,2,0
2020-03-24,Nevada,057,99092,30,4,1,5,0
2020-03-24,Orange,059,3164182,939,166,9,175,0
2020-03-24,Placer,061,380077,93,22,0,22,1
2020-03-24,Plumas,063,18699,0,1,0,1,0
2020-03-24,Riverside,065,2383286,746,56,12,68,5
2020-03-24,Sacramento,067,1510023,426,93,0,93,4
2020-03-24,San Benito,069,59416,25,4,0,4,1
2020-03-24,San Bernardino,071,2135413,364,27,0,27,0
2020-03-24,San Diego,073,3302833,1127,231,0,231,2
2020-03-24,San Francisco,075,870044,521,181,0,181,1
2020-03-24,San Joaquin,077,732212,166,52,3,55,2
2020-03-24,San Luis Obispo,079,281455,102,32,0,32,0
2020-03-24,San Mateo,081,765935,536,100,2,102,2
2020-03-24,Santa Barbara,083,443738,151,20,1,21,0
2020-03-24,Santa Clara,085,1922200,1125,389,2,391,17
2020-03-24,Santa Cruz,087,273765,67,22,0,22,0
2020-03-24,Shasta,089,179085,15,3,0,3,0
2020-03-24,Sierra,091,2930,0,0,0,0,0
2020-03-24,Siskiyou,093,43540,4,2,0,2,0
2020-03-24,Solano,095,438530,78,34,0,34,0
2020-03-24,Sonoma,097,501317,116,27,0,27,1
2020-03-24,Stanislaus,099,539301,65,13,3,16,0
2020-03-24,Sutter,101,95872,9,0,0,0,0
2020-03-24,Tehama,103,63373,1,0,0,0,0
2020-03-24,Trinity,105,12862,0,0,0,0,0
2020-03-24,Tulare,107,460477,77,10,3,13,0
2020-03-24,Tuolumne,109,53932,2,0,0,0,0
2020-03-24,Ventura,111,848112,213,44,0,44,1
2020-03-24,Yolo,113,214977,41,8,0,8,0
2020-03-24,Yuba,115,75493,7,2,0,2,0
2020-03-23,Alameda,001,1643700,473,88,1,89,1
2020-03-23,Alpine,003,1148,1,0,0,0,0
2020-03-23,Amador,005,37829,2,1,0,1,0
2020-03-23,Butte,007,227075,11,2,0,2,0
2020-03-23,Calaveras,009,45235,5,2,0,2,0
2020-03-23,Colusa,011,21464,1,0,0,0,0
2020-03-23,Contra Costa,013,1133247,339,91,0,91,2
2020-03-23,Del Norte,015,27424,0,0,0,0,0
2020-03-23,El Dorado,017,186661,26,3,0,3,0
2020-03-23,Fresno,019,978130,123,10,2,12,0
2020-03-23,Glenn,021,27897,2,0,0,0,0
2020-03-23,Humboldt,023,135768,31,2,0,2,0
2020-03-23,Imperial,025,180216,50,2,0,2,0
2020-03-23,Inyo,027,18085,3,0,0,0,0
2020-03-23,Kern,029,883053,130,5,0,5,0
2020-03-23,Kings,031,150075,25,0,1,1,0
2020-03-23,Lake,033,64148,0,0,0,0,0
2020-03-23,Lassen,035,31185,3,0,1,1,0
2020-03-23,Los Angeles,037,10098052,3451,389,10,399,4
2020-03-23,Madera,039,155013,36,4,0,4,0
2020-03-23,Marin,041,260295,84,30,0,30,0
2020-03-23,Mariposa,043,17540,0,0,0,0,0
2020-03-23,Mendocino,045,87422,3,1,0,1,0
2020-03-23,Merced,047,269075,11,0,0,0,0
2020-03-23,Modoc,049,8938,0,0,0,0,0
2020-03-23,Mono,051,14174,19,1,0,1,0
2020-03-23,Monterey,053,433212,54,14,0,14,1
2020-03-23,Napa,055,140530,21,1,0,1,0
2020-03-23,Nevada,057,99092,27,2,1,3,0
2020-03-23,Orange,059,3164182,884,138,7,145,0
2020-03-23,Placer,061,380077,90,19,0,19,1
2020-03-23,Plumas,063,18699,0,0,0,0,0
2020-03-23,Riverside,065,2383286,703,39,12,51,5
2020-03-23,Sacramento,067,1510023,393,87,0,87,4
2020-03-23,San Benito,069,59416,24,4,0,4,1
2020-03-23,San Bernardino,071,2135413,334,17,0,17,0
2020-03-23,San Diego,073,3302833,1068,178,0,178,1
2020-03-23,San Francisco,075,870044,492,152,0,152,0
2020-03-23,San Joaquin,077,732212,154,37,3,40,2
2020-03-23,San Luis Obispo,079,281455,96,23,0,23,0
2020-03-23,San Mateo,081,765935,497,88,2,90,1
2020-03-23,Santa Barbara,083,443738,133,18,1,19,0
2020-03-23,Santa Clara,085,1922200,1076,336,2,338,13
2020-03-23,Santa Cruz,087,273765,65,21,0,21,0
2020-03-23,Shasta,089,179085,13,2,0,2,0
2020-03-23,Sierra,091,2930,0,0,0,0,0
2020-03-23,Siskiyou,093,43540,4,2,0,2,0
2020-03-23,Solano,095,438530,74,33,0,33,0
2020-03-23,Sonoma,097,501317,104,19,0,19,1
2020-03-23,Stanislaus,099,539301,57,10,3,13,0
2020-03-23,Sutter,101,95872,9,0,0,0,0
2020-03-23,Tehama,103,63373,1,0,0,0,0
2020-03-23,Trinity,105,12862,0,0,0,0,0
2020-03-23,Tulare,107,460477,68,9,3,12,0
2020-03-23,Tuolumne,109,53932,2,0,0,0,0
2020-03-23,Ventura,111,848112,196,30,0,30,0
2020-03-23,Yolo,113,214977,40,8,0,8,0
2020-03-23,Yuba,115,75493,7,2,0,2,0
2020-03-22,Alameda,001,1643700,434,72,1,73,1
2020-03-22,Alpine,003,1148,1,0,0,0,0
2020-03-22,Amador,005,37829,2,1,0,1,0
2020-03-22,Butte,007,227075,8,1,0,1,0
2020-03-22,Calaveras,009,45235,4,2,0,2,0
2020-03-22,Colusa,011,21464,1,0,0,0,0
2020-03-22,Contra Costa,013,1133247,312,79,0,79,1
2020-03-22,Del Norte,015,27424,0,0,0,0,0
2020-03-22,El Dorado,017,186661,24,1,0,1,0
2020-03-22,Fresno,019,978130,103,8,2,10,0
2020-03-22,Glenn,021,27897,2,0,0,0,0
2020-03-22,Humboldt,023,135768,28,1,0,1,0
2020-03-22,Imperial,025,180216,48,2,0,2,0
2020-03-22,Inyo,027,18085,1,0,0,0,0
2020-03-22,Kern,029,883053,114,3,0,3,0
2020-03-22,Kings,031,150075,22,0,1,1,0
2020-03-22,Lake,033,64148,0,0,0,0,0
2020-03-22,Lassen,035,31185,3,0,1,1,0
2020-03-22,Los Angeles,037,10098052,3121,384,10,394,3
2020-03-22,Madera,039,155013,33,4,0,4,0
2020-03-22,Marin,041,260295,74,30,0,30,0
2020-03-22,Mariposa,043,17540,0,0,0,0,0
2020-03-22,Mendocino,045,87422,3,1,0,1,0
2020-03-22,Merced,047,269075,7,0,0,0,0
2020-03-22,Modoc,049,8938,0,0,0,0,0
2020-03-22,Mono,051,14174,14,1,0,1,0
2020-03-22,Monterey,053,433212,51,14,0,14,1
2020-03-22,Napa,055,140530,17,1,0,1,0
2020-03-22,Nevada,057,99092,23,2,1,3,0
2020-03-22,Orange,059,3164182,811,102,4,106,0
2020-03-22,Placer,061,380077,88,18,0,18,1
2020-03-22,Plumas,063,18699,0,0,0,0,0
2020-03-22,Riverside,065,2383286,613,26,8,34,5
2020-03-22,Sacramento,067,1510023,361,82,0,82,4
2020-03-22,San Benito,069,59416,19,4,0,4,1
2020-03-22,San Bernardino,071,2135413,290,16,0,16,0
2020-03-22,San Diego,073,3302833,980,161,0,161,0
2020-03-22,San Francisco,075,870044,455,134,0,134,0
2020-03-22,San Joaquin,077,732212,140,30,3,33,2
2020-03-22,San Luis Obispo,079,281455,89,19,0,19,0
2020-03-22,San Mateo,081,765935,464,82,2,84,1
2020-03-22,Santa Barbara,083,443738,119,16,1,17,0
2020-03-22,Santa Clara,085,1922200,1012,284,2,286,13
2020-03-22,Santa Cruz,087,273765,64,19,0,19,0
2020-03-22,Shasta,089,179085,13,1,0,1,0
2020-03-22,Sierra,091,2930,0,0,0,0,0
2020-03-22,Siskiyou,093,43540,4,2,0,2,0
2020-03-22,Solano,095,438530,65,30,0,30,0
2020-03-22,Sonoma,097,501317,99,18,0,18,1
2020-03-22,Stanislaus,099,539301,51,8,3,11,0
2020-03-22,Sutter,101,95872,8,0,0,0,0
2020-03-22,Tehama,103,63373,0,0,0,0,0
2020-03-22,Trinity,105,12862,0,0,0,0,0
2020-03-22,Tulare,107,460477,62,5,3,8,0
2020-03-22,Tuolumne,109,53932,2,0,0,0,0
2020-03-22,Ventura,111,848112,174,26,0,26,0
2020-03-22,Yolo,113,214977,34,6,0,6,0
2020-03-22,Yuba,115,75493,7,2,0,2,0
2020-03-21,Alameda,001,1643700,410,62,1,63,0
2020-03-21,Alpine,003,1148,1,0,0,0,0
2020-03-21,Amador,005,37829,2,1,0,1,0
2020-03-21,Butte,007,227075,7,1,0,1,0
2020-03-21,Calaveras,009,45235,4,2,0,2,0
2020-03-21,Colusa,011,21464,1,0,0,0,0
2020-03-21,Contra Costa,013,1133247,301,62,0,62,1
2020-03-21,Del Norte,015,27424,0,0,0,0,0
2020-03-21,El Dorado,017,186661,21,1,0,1,0
2020-03-21,Fresno,019,978130,99,8,2,10,0
2020-03-21,Glenn,021,27897,2,0,0,0,0
2020-03-21,Humboldt,023,135768,25,1,0,1,0
2020-03-21,Imperial,025,180216,44,2,0,2,0
2020-03-21,Inyo,027,18085,1,0,0,0,0
2020-03-21,Kern,029,883053,108,3,0,3,0
2020-03-21,Kings,031,150075,22,0,1,1,0
2020-03-21,Lake,033,64148,0,0,0,0,0
2020-03-21,Lassen,035,31185,3,0,1,1,0
2020-03-21,Los Angeles,037,10098052,2844,322,10,332,2
2020-03-21,Madera,039,155013,33,4,0,4,0
2020-03-21,Marin,041,260295,69,30,0,30,0
2020-03-21,Mariposa,043,17540,0,0,0,0,0
2020-03-21,Mendocino,045,87422,3,1,0,1,0
2020-03-21,Merced,047,269075,6,0,0,0,0
2020-03-21,Modoc,049,8938,0,0,0,0,0
2020-03-21,Mono,051,14174,14,1,0,1,0
2020-03-21,Monterey,053,433212,48,8,0,8,1
2020-03-21,Napa,055,140530,17,0,0,0,0
2020-03-21,Nevada,057,99092,23,2,1,3,0
2020-03-21,Orange,059,3164182,762,85,4,89,0
2020-03-21,Placer,061,380077,78,11,0,11,1
2020-03-21,Plumas,063,18699,0,0,0,0,0
2020-03-21,Riverside,065,2383286,566,20,8,28,3
2020-03-21,Sacramento,067,1510023,334,66,0,66,3
2020-03-21,San Benito,069,59416,17,4,0,4,1
2020-03-21,San Bernardino,071,2135413,270,13,0,13,0
2020-03-21,San Diego,073,3302833,903,121,0,121,0
2020-03-21,San Francisco,075,870044,419,106,0,106,0
2020-03-21,San Joaquin,077,732212,131,26,3,29,2
2020-03-21,San Luis Obispo,079,281455,84,16,0,16,0
2020-03-21,San Mateo,081,765935,426,78,2,80,1
2020-03-21,Santa Barbara,083,443738,109,8,1,9,0
2020-03-21,Santa Clara,085,1922200,950,269,2,271,10
2020-03-21,Santa Cruz,087,273765,62,17,0,17,0
2020-03-21,Shasta,089,179085,12,1,0,1,0
2020-03-21,Sierra,091,2930,0,0,0,0,0
2020-03-21,Siskiyou,093,43540,4,0,0,0,0
2020-03-21,Solano,095,438530,63,30,0,30,0
2020-03-21,Sonoma,097,501317,98,15,0,15,1
2020-03-21,Stanislaus,099,539301,45,7,3,10,0
2020-03-21,Sutter,101,95872,7,0,0,0,0
2020-03-21,Tehama,103,63373,0,0,0,0,0
2020-03-21,Trinity,105,12862,0,0,0,0,0
2020-03-21,Tulare,107,460477,54,5,3,8,0
2020-03-21,Tuolumne,109,53932,2,0,0,0,0
2020-03-21,Ventura,111,848112,166,22,0,22,0
2020-03-21,Yolo,113,214977,34,6,0,6,0
2020-03-21,Yuba,115,75493,7,1,0,1,0
2020-03-20,Alameda,001,1643700,389,42,1,43,0
2020-03-20,Alpine,003,1148,1,0,0,0,0
2020-03-20,Amador,005,37829,1,0,0,0,0
2020-03-20,Butte,007,227075,7,0,0,0,0
2020-03-20,Calaveras,009,45235,4,2,0,2,0
2020-03-20,Colusa,011,21464,1,0,0,0,0
2020-03-20,Contra Costa,013,1133247,271,52,0,52,1
2020-03-20,Del Norte,015,27424,0,0,0,0,0
2020-03-20,El Dorado,017,186661,20,1,0,1,0
2020-03-20,Fresno,019,978130,96,7,2,9,0
2020-03-20,Glenn,021,27897,1,0,0,0,0
2020-03-20,Humboldt,023,135768,25,1,0,1,0
2020-03-20,Imperial,025,180216,43,2,0,2,0
2020-03-20,Inyo,027,18085,0,0,0,0,0
2020-03-20,Kern,029,883053,93,3,0,3,0
2020-03-20,Kings,031,150075,21,0,1,1,0
2020-03-20,Lake,033,64148,0,0,0,0,0
2020-03-20,Lassen,035,31185,3,0,1,1,0
2020-03-20,Los Angeles,037,10098052,2615,267,9,276,1
2020-03-20,Madera,039,155013,32,4,0,4,0
2020-03-20,Marin,041,260295,66,30,0,30,0
2020-03-20,Mariposa,043,17540,0,0,0,0,0
2020-03-20,Mendocino,045,87422,3,1,0,1,0
2020-03-20,Merced,047,269075,6,0,0,0,0
2020-03-20,Modoc,049,8938,0,0,0,0,0
2020-03-20,Mono,051,14174,14,0,0,0,0
2020-03-20,Monterey,053,433212,47,4,0,4,0
2020-03-20,Napa,055,140530,16,0,0,0,0
2020-03-20,Nevada,057,99092,20,2,1,3,0
2020-03-20,Orange,059,3164182,715,71,4,75,2
2020-03-20,Placer,061,380077,72,9,0,9,1
2020-03-20,Plumas,063,18699,0,0,0,0,0
2020-03-20,Riverside,065,2383286,507,19,8,27,3
2020-03-20,Sacramento,067,1510023,313,56,0,56,4
2020-03-20,San Benito,069,59416,17,4,0,4,1
2020-03-20,San Bernardino,071,2135413,243,9,0,9,0
2020-03-20,San Diego,073,3302833,851,98,0,98,0
2020-03-20,San Francisco,075,870044,387,87,0,87,0
2020-03-20,San Joaquin,077,732212,116,18,3,21,2
2020-03-20,San Luis Obispo,079,281455,80,11,0,11,0
2020-03-20,San Mateo,081,765935,396,71,2,73,1
2020-03-20,Santa Barbara,083,443738,97,7,1,8,0
2020-03-20,Santa Clara,085,1922200,914,246,2,248,8
2020-03-20,Santa Cruz,087,273765,60,13,0,13,0
2020-03-20,Shasta,089,179085,11,1,0,1,0
2020-03-20,Sierra,091,2930,0,0,0,0,0
2020-03-20,Siskiyou,093,43540,4,0,0,0,0
2020-03-20,Solano,095,438530,59,29,0,29,0
2020-03-20,Sonoma,097,501317,90,7,0,7,0
2020-03-20,Stanislaus,099,539301,39,7,3,10,0
2020-03-20,Sutter,101,95872,7,0,0,0,0
2020-03-20,Tehama,103,63373,0,0,0,0,0
2020-03-20,Trinity,105,12862,0,0,0,0,0
2020-03-20,Tulare,107,460477,50,4,3,7,0
2020-03-20,Tuolumne,109,53932,2,0,0,0,0
2020-03-20,Ventura,111,848112,156,18,0,18,0
2020-03-20,Yolo,113,214977,32,5,0,5,0
2020-03-20,Yuba,115,75493,6,0,0,0,0
2020-03-19,Alameda,001,1643700,353,36,1,37,0
2020-03-19,Alpine,003,1148,1,0,0,0,0
2020-03-19,Amador,005,37829,1,0,0,0,0
2020-03-19,Butte,007,227075,5,0,0,0,0
2020-03-19,Calaveras,009,45235,4,2,0,2,0
2020-03-19,Colusa,011,21464,0,0,0,0,0
2020-03-19,Contra Costa,013,1133247,255,46,0,46,0
2020-03-19,Del Norte,015,27424,0,0,0,0,0
2020-03-19,El Dorado,017,186661,18,0,0,0,0
2020-03-19,Fresno,019,978130,87,6,2,8,0
2020-03-19,Glenn,021,27897,1,0,0,0,0
2020-03-19,Humboldt,023,135768,23,1,0,1,0
2020-03-19,Imperial,025,180216,36,2,0,2,0
2020-03-19,Inyo,027,18085,0,0,0,0,0
2020-03-19,Kern,029,883053,81,3,0,3,0
2020-03-19,Kings,031,150075,17,0,1,1,0
2020-03-19,Lake,033,64148,0,0,0,0,0
2020-03-19,Lassen,035,31185,2,0,1,1,0
2020-03-19,Los Angeles,037,10098052,2324,233,9,242,0
2020-03-19,Madera,039,155013,31,3,0,3,0
2020-03-19,Marin,041,260295,63,19,0,19,0
2020-03-19,Mariposa,043,17540,0,0,0,0,0
2020-03-19,Mendocino,045,87422,2,1,0,1,0
2020-03-19,Merced,047,269075,5,0,0,0,0
2020-03-19,Modoc,049,8938,0,0,0,0,0
2020-03-19,Mono,051,14174,12,0,0,0,0
2020-03-19,Monterey,053,433212,39,3,0,3,0
2020-03-19,Napa,055,140530,14,0,0,0,0
2020-03-19,Nevada,057,99092,18,2,1,3,0
2020-03-19,Orange,059,3164182,634,59,4,63,0
2020-03-19,Placer,061,380077,64,8,0,8,1
2020-03-19,Plumas,063,18699,0,0,0,0,0
2020-03-19,Riverside,065,2383286,396,14,6,20,3
2020-03-19,Sacramento,067,1510023,280,52,0,52,3
2020-03-19,San Benito,069,59416,14,3,0,3,0
2020-03-19,San Bernardino,071,2135413,213,7,0,7,0
2020-03-19,San Diego,073,3302833,768,68,0,68,0
2020-03-19,San Francisco,075,870044,351,80,0,80,0
2020-03-19,San Joaquin,077,732212,102,15,3,18,2
2020-03-19,San Luis Obispo,079,281455,77,6,0,6,0
2020-03-19,San Mateo,081,765935,361,58,2,60,1
2020-03-19,Santa Barbara,083,443738,85,5,0,5,0
2020-03-19,Santa Clara,085,1922200,847,183,2,185,8
2020-03-19,Santa Cruz,087,273765,57,13,0,13,0
2020-03-19,Shasta,089,179085,10,1,0,1,0
2020-03-19,Sierra,091,2930,0,0,0,0,0
2020-03-19,Siskiyou,093,43540,3,0,0,0,0
2020-03-19,Solano,095,438530,55,26,0,26,0
2020-03-19,Sonoma,097,501317,87,8,0,8,0
2020-03-19,Stanislaus,099,539301,38,7,3,10,0
2020-03-19,Sutter,101,95872,7,0,0,0,0
2020-03-19,Tehama,103,63373,0,0,0,0,0
2020-03-19,Trinity,105,12862,0,0,0,0,0
2020-03-19,Tulare,107,460477,44,3,3,6,0
2020-03-19,Tuolumne,109,53932,2,0,0,0,0
2020-03-19,Ventura,111,848112,134,15,0,15,0
2020-03-19,Yolo,113,214977,28,5,0,5,0
2020-03-19,Yuba,115,75493,5,0,0,0,0
2020-03-18,Alameda,001,1643700,325,29,1,30,0
2020-03-18,Alpine,003,1148,1,0,0,0,0
2020-03-18,Amador,005,37829,1,0,0,0,0
2020-03-18,Butte,007,227075,4,0,0,0,0
2020-03-18,Calaveras,009,45235,4,2,0,2,0
2020-03-18,Colusa,011,21464,0,0,0,0,0
2020-03-18,Contra Costa,013,1133247,233,44,0,44,0
2020-03-18,Del Norte,015,27424,0,0,0,0,0
2020-03-18,El Dorado,017,186661,17,0,0,0,0
2020-03-18,Fresno,019,978130,78,3,1,4,0
2020-03-18,Glenn,021,27897,1,0,0,0,0
2020-03-18,Humboldt,023,135768,19,1,0,1,0
2020-03-18,Imperial,025,180216,30,2,0,2,0
2020-03-18,Inyo,027,18085,0,0,0,0,0
2020-03-18,Kern,029,883053,66,1,0,1,0
2020-03-18,Kings,031,150075,15,0,1,1,0
2020-03-18,Lake,033,64148,0,0,0,0,0
2020-03-18,Lassen,035,31185,1,0,1,1,0
2020-03-18,Los Angeles,037,10098052,2078,47,9,56,0
2020-03-18,Madera,039,155013,30,2,0,2,0
2020-03-18,Marin,041,260295,58,10,0,10,0
2020-03-18,Mariposa,043,17540,0,0,0,0,0
2020-03-18,Mendocino,045,87422,2,0,0,0,0
2020-03-18,Merced,047,269075,5,0,0,0,0
2020-03-18,Modoc,049,8938,0,0,0,0,0
2020-03-18,Mono,051,14174,11,0,0,0,0
2020-03-18,Monterey,053,433212,31,1,0,1,0
2020-03-18,Napa,055,140530,11,0,0,0,0
2020-03-18,Nevada,057,99092,16,2,1,3,0
2020-03-18,Orange,059,3164182,576,38,4,42,0
2020-03-18,Placer,061,380077,57,8,0,8,1
2020-03-18,Plumas,063,18699,0,0,0,0,0
2020-03-18,Riverside,065,2383286,333,11,5,16,2
2020-03-18,Sacramento,067,1510023,257,46,0,46,3
2020-03-18,San Benito,069,59416,13,3,0,3,0
2020-03-18,San Bernardino,071,2135413,191,3,0,3,0
2020-03-18,San Diego,073,3302833,683,40,0,40,0
2020-03-18,San Francisco,075,870044,332,65,0,65,0
2020-03-18,San Joaquin,077,732212,90,14,3,17,2
2020-03-18,San Luis Obispo,079,281455,70,5,0,5,0
2020-03-18,San Mateo,081,765935,340,57,2,59,1
2020-03-18,Santa Barbara,083,443738,77,2,0,2,0
2020-03-18,Santa Clara,085,1922200,796,151,2,153,6
2020-03-18,Santa Cruz,087,273765,55,11,0,11,0
2020-03-18,Shasta,089,179085,9,1,0,1,0
2020-03-18,Sierra,091,2930,0,0,0,0,0
2020-03-18,Siskiyou,093,43540,3,0,0,0,0
2020-03-18,Solano,095,438530,51,26,0,26,0
2020-03-18,Sonoma,097,501317,78,6,0,6,0
2020-03-18,Stanislaus,099,539301,34,5,2,7,0
2020-03-18,Sutter,101,95872,5,0,0,0,0
2020-03-18,Tehama,103,63373,0,0,0,0,0
2020-03-18,Trinity,105,12862,0,0,0,0,0
2020-03-18,Tulare,107,460477,34,3,3,6,0
2020-03-18,Tuolumne,109,53932,2,0,0,0,0
2020-03-18,Ventura,111,848112,115,11,0,11,0
2020-03-18,Yolo,113,214977,25,4,0,4,0
2020-03-18,Yuba,115,75493,4,0,0,0,0
2020-03-17,Alameda,001,1643700,293,19,0,19,0
2020-03-17,Alpine,003,1148,0,0,0,0,0
2020-03-17,Amador,005,37829,1,0,0,0,0
2020-03-17,Butte,007,227075,4,0,0,0,0
2020-03-17,Calaveras,009,45235,4,2,0,2,0
2020-03-17,Colusa,011,21464,0,0,0,0,0
2020-03-17,Contra Costa,013,1133247,211,37,0,37,0
2020-03-17,Del Norte,015,27424,0,0,0,0,0
2020-03-17,El Dorado,017,186661,16,0,0,0,0
2020-03-17,Fresno,019,978130,68,2,1,3,0
2020-03-17,Glenn,021,27897,1,0,0,0,0
2020-03-17,Humboldt,023,135768,17,1,0,1,0
2020-03-17,Imperial,025,180216,24,2,0,2,0
2020-03-17,Inyo,027,18085,0,0,0,0,0
2020-03-17,Kern,029,883053,52,0,0,0,0
2020-03-17,Kings,031,150075,12,0,1,1,0
2020-03-17,Lake,033,64148,0,0,0,0,0
2020-03-17,Lassen,035,31185,1,0,1,1,0
2020-03-17,Los Angeles,037,10098052,1869,41,9,50,0
2020-03-17,Madera,039,155013,22,2,0,2,0
2020-03-17,Marin,041,260295,51,4,0,4,0
2020-03-17,Mariposa,043,17540,0,0,0,0,0
2020-03-17,Mendocino,045,87422,2,0,0,0,0
2020-03-17,Merced,047,269075,5,0,0,0,0
2020-03-17,Modoc,049,8938,0,0,0,0,0
2020-03-17,Mono,051,14174,9,0,0,0,0
2020-03-17,Monterey,053,433212,29,0,0,0,0
2020-03-17,Napa,055,140530,8,0,0,0,0
2020-03-17,Nevada,057,99092,15,1,1,2,0
2020-03-17,Orange,059,3164182,498,24,3,27,0
2020-03-17,Placer,061,380077,47,7,0,7,1
2020-03-17,Plumas,063,18699,0,0,0,0,0
2020-03-17,Riverside,065,2383286,271,11,5,16,0
2020-03-17,Sacramento,067,1510023,237,36,0,36,1
2020-03-17,San Benito,069,59416,12,2,0,2,0
2020-03-17,San Bernardino,071,2135413,163,2,0,2,0
2020-03-17,San Diego,073,3302833,616,17,0,17,0
2020-03-17,San Francisco,075,870044,305,46,0,46,0
2020-03-17,San Joaquin,077,732212,84,11,3,14,0
2020-03-17,San Luis Obispo,079,281455,62,1,0,1,0
2020-03-17,San Mateo,081,765935,308,46,2,48,1
2020-03-17,Santa Barbara,083,443738,65,0,0,0,0
2020-03-17,Santa Clara,085,1922200,738,121,2,123,4
2020-03-17,Santa Cruz,087,273765,52,10,0,10,0
2020-03-17,Shasta,089,179085,5,1,0,1,0
2020-03-17,Sierra,091,2930,0,0,0,0,0
2020-03-17,Siskiyou,093,43540,3,0,0,0,0
2020-03-17,Solano,095,438530,48,27,0,27,0
2020-03-17,Sonoma,097,501317,70,4,0,4,0
2020-03-17,Stanislaus,099,539301,31,4,2,6,0
2020-03-17,Sutter,101,95872,5,0,0,0,0
2020-03-17,Tehama,103,63373,0,0,0,0,0
2020-03-17,Trinity,105,12862,0,0,0,0,0
2020-03-17,Tulare,107,460477,29,2,3,5,0
2020-03-17,Tuolumne,109,53932,2,0,0,0,0
2020-03-17,Ventura,111,848112,98,7,0,7,0
2020-03-17,Yolo,113,214977,21,2,0,2,0
2020-03-17,Yuba,115,75493,4,0,0,0,0
2020-03-16,Alameda,001,1643700,264,17,0,17,0
2020-03-16,Alpine,003,1148,0,0,0,0,0
2020-03-16,Amador,005,37829,1,0,0,0,0
2020-03-16,Butte,007,227075,3,0,0,0,0
2020-03-16,Calaveras,009,45235,4,2,0,2,0
2020-03-16,Colusa,011,21464,0,0,0,0,0
2020-03-16,Contra Costa,013,1133247,187,36,0,36,0
2020-03-16,Del Norte,015,27424,0,0,0,0,0
2020-03-16,El Dorado,017,186661,15,0,0,0,0
2020-03-16,Fresno,019,978130,53,2,1,3,0
2020-03-16,Glenn,021,27897,0,0,0,0,0
2020-03-16,Humboldt,023,135768,13,1,0,1,0
2020-03-16,Imperial,025,180216,19,2,0,2,0
2020-03-16,Inyo,027,18085,0,0,0,0,0
2020-03-16,Kern,029,883053,43,0,0,0,0
2020-03-16,Kings,031,150075,11,0,1,1,0
2020-03-16,Lake,033,64148,0,0,0,0,0
2020-03-16,Lassen,035,31185,1,0,0,0,0
2020-03-16,Los Angeles,037,10098052,1631,43,9,52,0
2020-03-16,Madera,039,155013,21,2,0,2,0
2020-03-16,Marin,041,260295,48,4,0,4,0
2020-03-16,Mariposa,043,17540,0,0,0,0,0
2020-03-16,Mendocino,045,87422,2,0,0,0,0
2020-03-16,Merced,047,269075,5,0,0,0,0
2020-03-16,Modoc,049,8938,0,0,0,0,0
2020-03-16,Mono,051,14174,7,0,0,0,0
2020-03-16,Monterey,053,433212,28,0,0,0,0
2020-03-16,Napa,055,140530,7,0,0,0,0
2020-03-16,Nevada,057,99092,11,1,1,2,0
2020-03-16,Orange,059,3164182,415,18,3,21,0
2020-03-16,Placer,061,380077,39,7,0,7,1
2020-03-16,Plumas,063,18699,0,0,0,0,0
2020-03-16,Riverside,065,2383286,235,10,5,15,0
2020-03-16,Sacramento,067,1510023,210,34,0,34,1
2020-03-16,San Benito,069,59416,8,2,0,2,0
2020-03-16,San Bernardino,071,2135413,143,1,0,1,0
2020-03-16,San Diego,073,3302833,525,17,0,17,0
2020-03-16,San Francisco,075,870044,267,40,0,40,0
2020-03-16,San Joaquin,077,732212,74,9,3,12,0
2020-03-16,San Luis Obispo,079,281455,55,1,0,1,0
2020-03-16,San Mateo,081,765935,269,42,2,44,1
2020-03-16,Santa Barbara,083,443738,55,0,0,0,0
2020-03-16,Santa Clara,085,1922200,658,115,1,116,2
2020-03-16,Santa Cruz,087,273765,45,9,0,9,0
2020-03-16,Shasta,089,179085,5,1,0,1,0
2020-03-16,Sierra,091,2930,0,0,0,0,0
2020-03-16,Siskiyou,093,43540,2,0,0,0,0
2020-03-16,Solano,095,438530,43,27,0,27,0
2020-03-16,Sonoma,097,501317,62,4,0,4,0
2020-03-16,Stanislaus,099,539301,27,2,2,4,0
2020-03-16,Sutter,101,95872,3,0,0,0,0
2020-03-16,Tehama,103,63373,0,0,0,0,0
2020-03-16,Trinity,105,12862,0,0,0,0,0
2020-03-16,Tulare,107,460477,25,2,3,5,0
2020-03-16,Tuolumne,109,53932,2,0,0,0,0
2020-03-16,Ventura,111,848112,88,7,0,7,0
2020-03-16,Yolo,113,214977,19,2,0,2,0
2020-03-16,Yuba,115,75493,3,0,0,0,0
2020-03-15,Alameda,001,1643700,216,17,0,17,0
2020-03-15,Alpine,003,1148,0,0,0,0,0
2020-03-15,Amador,005,37829,1,0,0,0,0
2020-03-15,Butte,007,227075,3,0,0,0,0
2020-03-15,Calaveras,009,45235,2,2,0,2,0
2020-03-15,Colusa,011,21464,0,0,0,0,0
2020-03-15,Contra Costa,013,1133247,162,34,0,34,0
2020-03-15,Del Norte,015,27424,0,0,0,0,0
2020-03-15,El Dorado,017,186661,14,0,0,0,0
2020-03-15,Fresno,019,978130,33,1,1,2,0
2020-03-15,Glenn,021,27897,0,0,0,0,0
2020-03-15,Humboldt,023,135768,11,1,0,1,0
2020-03-15,Imperial,025,180216,14,2,0,2,0
2020-03-15,Inyo,027,18085,0,0,0,0,0
2020-03-15,Kern,029,883053,37,0,0,0,0
2020-03-15,Kings,031,150075,11,0,1,1,0
2020-03-15,Lake,033,64148,0,0,0,0,0
2020-03-15,Lassen,035,31185,1,0,0,0,0
2020-03-15,Los Angeles,037,10098052,1382,41,9,50,0
2020-03-15,Madera,039,155013,20,2,0,2,0
2020-03-15,Marin,041,260295,41,3,0,3,0
2020-03-15,Mariposa,043,17540,0,0,0,0,0
2020-03-15,Mendocino,045,87422,2,0,0,0,0
2020-03-15,Merced,047,269075,3,0,0,0,0
2020-03-15,Modoc,049,8938,0,0,0,0,0
2020-03-15,Mono,051,14174,6,0,0,0,0
2020-03-15,Monterey,053,433212,21,0,0,0,0
2020-03-15,Napa,055,140530,7,0,0,0,0
2020-03-15,Nevada,057,99092,11,0,1,1,0
2020-03-15,Orange,059,3164182,347,16,1,17,0
2020-03-15,Placer,061,380077,33,7,0,7,1
2020-03-15,Plumas,063,18699,0,0,0,0,0
2020-03-15,Riverside,065,2383286,183,10,5,15,0
2020-03-15,Sacramento,067,1510023,174,30,0,30,1
2020-03-15,San Benito,069,59416,8,2,0,2,0
2020-03-15,San Bernardino,071,2135413,121,0,0,0,0
2020-03-15,San Diego,073,3302833,438,16,0,16,0
2020-03-15,San Francisco,075,870044,209,31,0,31,0
2020-03-15,San Joaquin,077,732212,63,6,3,9,0
2020-03-15,San Luis Obispo,079,281455,45,1,0,1,0
2020-03-15,San Mateo,081,765935,235,29,1,30,1
2020-03-15,Santa Barbara,083,443738,46,0,0,0,0
2020-03-15,Santa Clara,085,1922200,586,79,1,80,2
2020-03-15,Santa Cruz,087,273765,38,8,0,8,0
2020-03-15,Shasta,089,179085,5,1,0,1,0
2020-03-15,Sierra,091,2930,0,0,0,0,0
2020-03-15,Siskiyou,093,43540,2,0,0,0,0
2020-03-15,Solano,095,438530,42,26,0,26,0
2020-03-15,Sonoma,097,501317,53,4,0,4,0
2020-03-15,Stanislaus,099,539301,26,2,2,4,0
2020-03-15,Sutter,101,95872,2,0,0,0,0
2020-03-15,Tehama,103,63373,0,0,0,0,0
2020-03-15,Trinity,105,12862,0,0,0,0,0
2020-03-15,Tulare,107,460477,19,2,3,5,0
2020-03-15,Tuolumne,109,53932,1,0,0,0,0
2020-03-15,Ventura,111,848112,77,5,0,5,0
2020-03-15,Yolo,113,214977,15,2,0,2,0
2020-03-15,Yuba,115,75493,2,0,0,0,0
2020-03-14,Alameda,001,1643700,197,11,0,11,0
2020-03-14,Alpine,003,1148,0,0,0,0,0
2020-03-14,Amador,005,37829,1,0,0,0,0
2020-03-14,Butte,007,227075,2,0,0,0,0
2020-03-14,Calaveras,009,45235,2,2,0,2,0
2020-03-14,Colusa,011,21464,0,0,0,0,0
2020-03-14,Contra Costa,013,1133247,140,30,0,30,0
2020-03-14,Del Norte,015,27424,0,0,0,0,0
2020-03-14,El Dorado,017,186661,12,0,0,0,0
2020-03-14,Fresno,019,978130,25,1,1,2,0
2020-03-14,Glenn,021,27897,0,0,0,0,0
2020-03-14,Humboldt,023,135768,7,1,0,1,0
2020-03-14,Imperial,025,180216,10,2,0,2,0
2020-03-14,Inyo,027,18085,0,0,0,0,0
2020-03-14,Kern,029,883053,32,0,0,0,0
2020-03-14,Kings,031,150075,11,0,1,1,0
2020-03-14,Lake,033,64148,0,0,0,0,0
2020-03-14,Lassen,035,31185,1,0,0,0,0
2020-03-14,Los Angeles,037,10098052,1200,35,9,44,0
2020-03-14,Madera,039,155013,19,2,0,2,0
2020-03-14,Marin,041,260295,37,3,0,3,0
2020-03-14,Mariposa,043,17540,0,0,0,0,0
2020-03-14,Mendocino,045,87422,2,0,0,0,0
2020-03-14,Merced,047,269075,3,0,0,0,0
2020-03-14,Modoc,049,8938,0,0,0,0,0
2020-03-14,Mono,051,14174,5,0,0,0,0
2020-03-14,Monterey,053,433212,15,0,0,0,0
2020-03-14,Napa,055,140530,5,0,0,0,0
2020-03-14,Nevada,057,99092,8,0,1,1,0
2020-03-14,Orange,059,3164182,308,14,0,14,0
2020-03-14,Placer,061,380077,29,6,0,6,1
2020-03-14,Plumas,063,18699,0,0,0,0,0
2020-03-14,Riverside,065,2383286,163,10,5,15,0
2020-03-14,Sacramento,067,1510023,152,31,0,31,1
2020-03-14,San Benito,069,59416,8,2,0,2,0
2020-03-14,San Bernardino,071,2135413,102,0,0,0,0
2020-03-14,San Diego,073,3302833,363,10,0,10,0
2020-03-14,San Francisco,075,870044,188,29,0,29,0
2020-03-14,San Joaquin,077,732212,54,6,3,9,0
2020-03-14,San Luis Obispo,079,281455,40,0,0,0,0
2020-03-14,San Mateo,081,765935,212,27,1,28,0
2020-03-14,Santa Barbara,083,443738,37,0,0,0,0
2020-03-14,Santa Clara,085,1922200,531,62,1,63,2
2020-03-14,Santa Cruz,087,273765,33,8,0,8,0
2020-03-14,Shasta,089,179085,5,1,0,1,0
2020-03-14,Sierra,091,2930,0,0,0,0,0
2020-03-14,Siskiyou,093,43540,1,0,0,0,0
2020-03-14,Solano,095,438530,40,26,0,26,0
2020-03-14,Sonoma,097,501317,40,2,0,2,0
2020-03-14,Stanislaus,099,539301,22,2,2,4,0
2020-03-14,Sutter,101,95872,2,0,0,0,0
2020-03-14,Tehama,103,63373,0,0,0,0,0
2020-03-14,Trinity,105,12862,0,0,0,0,0
2020-03-14,Tulare,107,460477,17,2,2,4,0
2020-03-14,Tuolumne,109,53932,1,0,0,0,0
2020-03-14,Ventura,111,848112,68,5,0,5,0
2020-03-14,Yolo,113,214977,15,2,0,2,0
2020-03-14,Yuba,115,75493,1,0,0,0,0
2020-03-13,Alameda,001,1643700,178,12,0,12,0
2020-03-13,Alpine,003,1148,0,0,0,0,0
2020-03-13,Amador,005,37829,1,0,0,0,0
2020-03-13,Butte,007,227075,0,0,0,0,0
2020-03-13,Calaveras,009,45235,2,2,0,2,0
2020-03-13,Colusa,011,21464,0,0,0,0,0
2020-03-13,Contra Costa,013,1133247,126,22,0,22,0
2020-03-13,Del Norte,015,27424,0,0,0,0,0
2020-03-13,El Dorado,017,186661,11,0,0,0,0
2020-03-13,Fresno,019,978130,20,1,1,2,0
2020-03-13,Glenn,021,27897,0,0,0,0,0
2020-03-13,Humboldt,023,135768,7,1,0,1,0
2020-03-13,Imperial,025,180216,9,2,0,2,0
2020-03-13,Inyo,027,18085,0,0,0,0,0
2020-03-13,Kern,029,883053,27,0,0,0,0
2020-03-13,Kings,031,150075,10,0,1,1,0
2020-03-13,Lake,033,64148,0,0,0,0,0
2020-03-13,Lassen,035,31185,1,0,0,0,0
2020-03-13,Los Angeles,037,10098052,1043,30,7,37,0
2020-03-13,Madera,039,155013,18,1,0,1,0
2020-03-13,Marin,041,260295,34,3,0,3,0
2020-03-13,Mariposa,043,17540,0,0,0,0,0
2020-03-13,Mendocino,045,87422,2,0,0,0,0
2020-03-13,Merced,047,269075,2,0,0,0,0
2020-03-13,Modoc,049,8938,0,0,0,0,0
2020-03-13,Mono,051,14174,3,0,0,0,0
2020-03-13,Monterey,053,433212,10,0,0,0,0
2020-03-13,Napa,055,140530,3,0,0,0,0
2020-03-13,Nevada,057,99092,7,0,1,1,0
2020-03-13,Orange,059,3164182,268,10,0,10,0
2020-03-13,Placer,061,380077,27,6,0,6,1
2020-03-13,Plumas,063,18699,0,0,0,0,0
2020-03-13,Riverside,065,2383286,133,5,4,9,0
2020-03-13,Sacramento,067,1510023,130,18,0,18,1
2020-03-13,San Benito,069,59416,6,2,0,2,0
2020-03-13,San Bernardino,071,2135413,96,0,0,0,0
2020-03-13,San Diego,073,3302833,313,8,0,8,0
2020-03-13,San Francisco,075,870044,174,28,0,28,0
2020-03-13,San Joaquin,077,732212,50,6,3,9,0
2020-03-13,San Luis Obispo,079,281455,33,0,0,0,0
2020-03-13,San Mateo,081,765935,191,24,1,25,0
2020-03-13,Santa Barbara,083,443738,33,0,0,0,0
2020-03-13,Santa Clara,085,1922200,469,59,1,60,1
2020-03-13,Santa Cruz,087,273765,32,7,0,7,0
2020-03-13,Shasta,089,179085,3,1,0,1,0
2020-03-13,Sierra,091,2930,0,0,0,0,0
2020-03-13,Siskiyou,093,43540,0,0,0,0,0
2020-03-13,Solano,095,438530,39,26,0,26,0
2020-03-13,Sonoma,097,501317,39,2,0,2,0
2020-03-13,Stanislaus,099,539301,17,2,2,4,0
2020-03-13,Sutter,101,95872,2,0,0,0,0
2020-03-13,Tehama,103,63373,0,0,0,0,0
2020-03-13,Trinity,105,12862,0,0,0,0,0
2020-03-13,Tulare,107,460477,14,2,2,4,0
2020-03-13,Tuolumne,109,53932,1,0,0,0,0
2020-03-13,Ventura,111,848112,54,5,0,5,0
2020-03-13,Yolo,113,214977,14,1,0,1,0
2020-03-13,Yuba,115,75493,1,0,0,0,0
2020-03-12,Alameda,001,1643700,152,9,0,9,0
2020-03-12,Alpine,003,1148,0,0,0,0,0
2020-03-12,Amador,005,37829,1,0,0,0,0
2020-03-12,Butte,007,227075,0,0,0,0,0
2020-03-12,Calaveras,009,45235,2,2,0,2,0
2020-03-12,Colusa,011,21464,0,0,0,0,0
2020-03-12,Contra Costa,013,1133247,109,18,0,18,0
2020-03-12,Del Norte,015,27424,0,0,0,0,0
2020-03-12,El Dorado,017,186661,9,0,0,0,0
2020-03-12,Fresno,019,978130,12,1,1,2,0
2020-03-12,Glenn,021,27897,0,0,0,0,0
2020-03-12,Humboldt,023,135768,6,1,0,1,0
2020-03-12,Imperial,025,180216,8,2,0,2,0
2020-03-12,Inyo,027,18085,0,0,0,0,0
2020-03-12,Kern,029,883053,18,0,0,0,0
2020-03-12,Kings,031,150075,7,0,1,1,0
2020-03-12,Lake,033,64148,0,0,0,0,0
2020-03-12,Lassen,035,31185,1,0,0,0,0
2020-03-12,Los Angeles,037,10098052,879,30,7,37,0
2020-03-12,Madera,039,155013,15,1,0,1,0
2020-03-12,Marin,041,260295,24,1,0,1,0
2020-03-12,Mariposa,043,17540,0,0,0,0,0
2020-03-12,Mendocino,045,87422,2,0,0,0,0
2020-03-12,Merced,047,269075,2,0,0,0,0
2020-03-12,Modoc,049,8938,0,0,0,0,0
2020-03-12,Mono,051,14174,3,0,0,0,0
2020-03-12,Monterey,053,433212,8,0,0,0,0
2020-03-12,Napa,055,140530,3,0,0,0,0
2020-03-12,Nevada,057,99092,4,0,1,1,0
2020-03-12,Orange,059,3164182,231,7,0,7,0
2020-03-12,Placer,061,380077,23,6,0,6,1
2020-03-12,Plumas,063,18699,0,0,0,0,0
2020-03-12,Riverside,065,2383286,107,5,2,7,0
2020-03-12,Sacramento,067,1510023,106,17,0,17,1
2020-03-12,San Benito,069,59416,5,2,0,2,0
2020-03-12,San Bernardino,071,2135413,80,0,0,0,0
2020-03-12,San Diego,073,3302833,258,9,0,9,0
2020-03-12,San Francisco,075,870044,149,20,0,20,0
2020-03-12,San Joaquin,077,732212,44,3,3,6,1
2020-03-12,San Luis Obispo,079,281455,26,0,0,0,0
2020-03-12,San Mateo,081,765935,157,21,1,22,0
2020-03-12,Santa Barbara,083,443738,22,0,0,0,0
2020-03-12,Santa Clara,085,1922200,411,51,1,52,1
2020-03-12,Santa Cruz,087,273765,29,5,0,5,0
2020-03-12,Shasta,089,179085,2,1,0,1,0
2020-03-12,Sierra,091,2930,0,0,0,0,0
2020-03-12,Siskiyou,093,43540,0,0,0,0,0
2020-03-12,Solano,095,438530,34,26,0,26,0
2020-03-12,Sonoma,097,501317,34,2,0,2,0
2020-03-12,Stanislaus,099,539301,15,2,2,4,0
2020-03-12,Sutter,101,95872,0,0,0,0,0
2020-03-12,Tehama,103,63373,0,0,0,0,0
2020-03-12,Trinity,105,12862,0,0,0,0,0
2020-03-12,Tulare,107,460477,12,1,1,2,0
2020-03-12,Tuolumne,109,53932,1,0,0,0,0
2020-03-12,Ventura,111,848112,45,3,0,3,0
2020-03-12,Yolo,113,214977,13,1,0,1,0
2020-03-12,Yuba,115,75493,1,0,0,0,0
2020-03-11,Alameda,001,1643700,120,5,0,5,0
2020-03-11,Alpine,003,1148,0,0,0,0,0
2020-03-11,Amador,005,37829,1,0,0,0,0
2020-03-11,Butte,007,227075,0,0,0,0,0
2020-03-11,Calaveras,009,45235,2,2,0,2,0
2020-03-11,Colusa,011,21464,0,0,0,0,0
2020-03-11,Contra Costa,013,1133247,94,16,0,16,0
2020-03-11,Del Norte,015,27424,0,0,0,0,0
2020-03-11,El Dorado,017,186661,8,0,0,0,0
2020-03-11,Fresno,019,978130,9,1,1,2,0
2020-03-11,Glenn,021,27897,0,0,0,0,0
2020-03-11,Humboldt,023,135768,6,1,0,1,0
2020-03-11,Imperial,025,180216,6,0,0,0,0
2020-03-11,Inyo,027,18085,0,0,0,0,0
2020-03-11,Kern,029,883053,16,0,0,0,0
2020-03-11,Kings,031,150075,5,0,1,1,0
2020-03-11,Lake,033,64148,0,0,0,0,0
2020-03-11,Lassen,035,31185,1,0,0,0,0
2020-03-11,Los Angeles,037,10098052,707,21,7,28,0
2020-03-11,Madera,039,155013,12,1,0,1,0
2020-03-11,Marin,041,260295,17,1,0,1,0
2020-03-11,Mariposa,043,17540,0,0,0,0,0
2020-03-11,Mendocino,045,87422,1,0,0,0,0
2020-03-11,Merced,047,269075,2,0,0,0,0
2020-03-11,Modoc,049,8938,0,0,0,0,0
2020-03-11,Mono,051,14174,3,0,0,0,0
2020-03-11,Monterey,053,433212,7,0,0,0,0
2020-03-11,Napa,055,140530,2,0,0,0,0
2020-03-11,Nevada,057,99092,4,0,1,1,0
2020-03-11,Orange,059,3164182,202,6,0,6,0
2020-03-11,Placer,061,380077,18,6,0,6,1
2020-03-11,Plumas,063,18699,0,0,0,0,0
2020-03-11,Riverside,065,2383286,81,4,1,5,0
2020-03-11,Sacramento,067,1510023,88,9,0,9,1
2020-03-11,San Benito,069,59416,5,2,0,2,0
2020-03-11,San Bernardino,071,2135413,73,0,0,0,0
2020-03-11,San Diego,073,3302833,208,4,0,4,0
2020-03-11,San Francisco,075,870044,124,17,0,17,0
2020-03-11,San Joaquin,077,732212,33,1,3,4,0
2020-03-11,San Luis Obispo,079,281455,23,0,0,0,0
2020-03-11,San Mateo,081,765935,139,16,0,16,0
2020-03-11,Santa Barbara,083,443738,13,0,0,0,0
2020-03-11,Santa Clara,085,1922200,370,48,1,49,1
2020-03-11,Santa Cruz,087,273765,26,2,0,2,0
2020-03-11,Shasta,089,179085,2,1,0,1,0
2020-03-11,Sierra,091,2930,0,0,0,0,0
2020-03-11,Siskiyou,093,43540,0,0,0,0,0
2020-03-11,Solano,095,438530,29,26,0,26,0
2020-03-11,Sonoma,097,501317,30,2,0,2,0
2020-03-11,Stanislaus,099,539301,15,2,2,4,0
2020-03-11,Sutter,101,95872,0,0,0,0,0
2020-03-11,Tehama,103,63373,0,0,0,0,0
2020-03-11,Trinity,105,12862,0,0,0,0,0
2020-03-11,Tulare,107,460477,10,0,1,1,0
2020-03-11,Tuolumne,109,53932,1,0,0,0,0
2020-03-11,Ventura,111,848112,37,3,0,3,0
2020-03-11,Yolo,113,214977,9,1,0,1,0
2020-03-11,Yuba,115,75493,1,0,0,0,0
2020-03-10,Alameda,001,1643700,99,4,0,4,0
2020-03-10,Alpine,003,1148,0,0,0,0,0
2020-03-10,Amador,005,37829,1,0,0,0,0
2020-03-10,Butte,007,227075,0,0,0,0,0
2020-03-10,Calaveras,009,45235,2,2,0,2,0
2020-03-10,Colusa,011,21464,0,0,0,0,0
2020-03-10,Contra Costa,013,1133247,84,11,0,11,0
2020-03-10,Del Norte,015,27424,0,0,0,0,0
2020-03-10,El Dorado,017,186661,7,0,0,0,0
2020-03-10,Fresno,019,978130,7,1,1,2,0
2020-03-10,Glenn,021,27897,0,0,0,0,0
2020-03-10,Humboldt,023,135768,6,1,0,1,0
2020-03-10,Imperial,025,180216,5,0,0,0,0
2020-03-10,Inyo,027,18085,0,0,0,0,0
2020-03-10,Kern,029,883053,11,0,0,0,0
2020-03-10,Kings,031,150075,5,0,1,1,0
2020-03-10,Lake,033,64148,0,0,0,0,0
2020-03-10,Lassen,035,31185,1,0,0,0,0
2020-03-10,Los Angeles,037,10098052,571,20,7,27,0
2020-03-10,Madera,039,155013,7,1,0,1,0
2020-03-10,Marin,041,260295,16,1,0,1,0
2020-03-10,Mariposa,043,17540,0,0,0,0,0
2020-03-10,Mendocino,045,87422,0,0,0,0,0
2020-03-10,Merced,047,269075,2,0,0,0,0
2020-03-10,Modoc,049,8938,0,0,0,0,0
2020-03-10,Mono,051,14174,3,0,0,0,0
2020-03-10,Monterey,053,433212,5,0,0,0,0
2020-03-10,Napa,055,140530,2,0,0,0,0
2020-03-10,Nevada,057,99092,3,0,1,1,0
2020-03-10,Orange,059,3164182,182,5,0,5,1
2020-03-10,Placer,061,380077,14,7,0,7,1
2020-03-10,Plumas,063,18699,0,0,0,0,0
2020-03-10,Riverside,065,2383286,59,4,1,5,0
2020-03-10,Sacramento,067,1510023,79,8,0,8,0
2020-03-10,San Benito,069,59416,5,2,0,2,0
2020-03-10,San Bernardino,071,2135413,65,0,0,0,0
2020-03-10,San Diego,073,3302833,165,3,0,3,0
2020-03-10,San Francisco,075,870044,92,16,0,16,0
2020-03-10,San Joaquin,077,732212,30,1,3,4,0
2020-03-10,San Luis Obispo,079,281455,15,0,0,0,0
2020-03-10,San Mateo,081,765935,123,11,0,11,0
2020-03-10,Santa Barbara,083,443738,10,0,0,0,0
2020-03-10,Santa Clara,085,1922200,322,45,1,46,1
2020-03-10,Santa Cruz,087,273765,22,2,0,2,0
2020-03-10,Shasta,089,179085,2,1,0,1,0
2020-03-10,Sierra,091,2930,0,0,0,0,0
2020-03-10,Siskiyou,093,43540,0,0,0,0,0
2020-03-10,Solano,095,438530,27,26,0,26,0
2020-03-10,Sonoma,097,501317,27,2,0,2,0
2020-03-10,Stanislaus,099,539301,11,0,2,2,0
2020-03-10,Sutter,101,95872,0,0,0,0,0
2020-03-10,Tehama,103,63373,0,0,0,0,0
2020-03-10,Trinity,105,12862,0,0,0,0,0
2020-03-10,Tulare,107,460477,9,0,1,1,0
2020-03-10,Tuolumne,109,53932,1,0,0,0,0
2020-03-10,Ventura,111,848112,29,1,0,1,0
2020-03-10,Yolo,113,214977,6,2,0,2,0
2020-03-10,Yuba,115,75493,1,0,0,0,0
2020-03-09,Alameda,001,1643700,71,4,0,4,0
2020-03-09,Alpine,003,1148,0,0,0,0,0
2020-03-09,Amador,005,37829,0,0,0,0,0
2020-03-09,Butte,007,227075,0,0,0,0,0
2020-03-09,Calaveras,009,45235,2,0,0,0,0
2020-03-09,Colusa,011,21464,0,0,0,0,0
2020-03-09,Contra Costa,013,1133247,72,9,0,9,0
2020-03-09,Del Norte,015,27424,0,0,0,0,0
2020-03-09,El Dorado,017,186661,5,0,0,0,0
2020-03-09,Fresno,019,978130,7,1,1,2,0
2020-03-09,Glenn,021,27897,0,0,0,0,0
2020-03-09,Humboldt,023,135768,5,1,0,1,0
2020-03-09,Imperial,025,180216,5,0,0,0,0
2020-03-09,Inyo,027,18085,0,0,0,0,0
2020-03-09,Kern,029,883053,8,0,0,0,0
2020-03-09,Kings,031,150075,4,0,1,1,0
2020-03-09,Lake,033,64148,0,0,0,0,0
2020-03-09,Lassen,035,31185,1,0,0,0,0
2020-03-09,Los Angeles,037,10098052,466,17,6,23,0
2020-03-09,Madera,039,155013,7,1,0,1,0
2020-03-09,Marin,041,260295,15,1,0,1,0
2020-03-09,Mariposa,043,17540,0,0,0,0,0
2020-03-09,Mendocino,045,87422,0,0,0,0,0
2020-03-09,Merced,047,269075,2,0,0,0,0
2020-03-09,Modoc,049,8938,0,0,0,0,0
2020-03-09,Mono,051,14174,3,0,0,0,0
2020-03-09,Monterey,053,433212,3,0,0,0,0
2020-03-09,Napa,055,140530,2,0,0,0,0
2020-03-09,Nevada,057,99092,2,0,1,1,0
2020-03-09,Orange,059,3164182,154,4,0,4,0
2020-03-09,Placer,061,380077,12,7,0,7,1
2020-03-09,Plumas,063,18699,0,0,0,0,0
2020-03-09,Riverside,065,2383286,49,4,1,5,0
2020-03-09,Sacramento,067,1510023,75,8,0,8,0
2020-03-09,San Benito,069,59416,3,2,0,2,0
2020-03-09,San Bernardino,071,2135413,54,0,0,0,0
2020-03-09,San Diego,073,3302833,126,2,0,2,0
2020-03-09,San Francisco,075,870044,72,14,0,14,0
2020-03-09,San Joaquin,077,732212,21,0,3,3,0
2020-03-09,San Luis Obispo,079,281455,15,0,0,0,0
2020-03-09,San Mateo,081,765935,109,6,0,6,0
2020-03-09,Santa Barbara,083,443738,8,0,0,0,0
2020-03-09,Santa Clara,085,1922200,278,42,1,43,1
2020-03-09,Santa Cruz,087,273765,19,2,0,2,0
2020-03-09,Shasta,089,179085,2,1,0,1,0
2020-03-09,Sierra,091,2930,0,0,0,0,0
2020-03-09,Siskiyou,093,43540,0,0,0,0,0
2020-03-09,Solano,095,438530,25,26,0,26,0
2020-03-09,Sonoma,097,501317,22,2,0,2,0
2020-03-09,Stanislaus,099,539301,11,0,2,2,0
2020-03-09,Sutter,101,95872,0,0,0,0,0
2020-03-09,Tehama,103,63373,0,0,0,0,0
2020-03-09,Trinity,105,12862,0,0,0,0,0
2020-03-09,Tulare,107,460477,9,0,1,1,0
2020-03-09,Tuolumne,109,53932,1,0,0,0,0
2020-03-09,Ventura,111,848112,25,1,0,1,0
2020-03-09,Yolo,113,214977,5,2,0,2,0
2020-03-09,Yuba,115,75493,0,0,0,0,0
2020-03-08,Alameda,001,1643700,46,4,0,4,0
2020-03-08,Alpine,003,1148,0,0,0,0,0
2020-03-08,Amador,005,37829,0,0,0,0,0
2020-03-08,Butte,007,227075,0,0,0,0,0
2020-03-08,Calaveras,009,45235,2,0,0,0,0
2020-03-08,Colusa,011,21464,0,0,0,0,0
2020-03-08,Contra Costa,013,1133247,58,9,0,9,0
2020-03-08,Del Norte,015,27424,0,0,0,0,0
2020-03-08,El Dorado,017,186661,5,0,0,0,0
2020-03-08,Fresno,019,978130,5,1,1,2,0
2020-03-08,Glenn,021,27897,0,0,0,0,0
2020-03-08,Humboldt,023,135768,5,1,0,1,0
2020-03-08,Imperial,025,180216,5,0,0,0,0
2020-03-08,Inyo,027,18085,0,0,0,0,0
2020-03-08,Kern,029,883053,8,0,0,0,0
2020-03-08,Kings,031,150075,3,0,1,1,0
2020-03-08,Lake,033,64148,0,0,0,0,0
2020-03-08,Lassen,035,31185,0,0,0,0,0
2020-03-08,Los Angeles,037,10098052,371,14,6,20,0
2020-03-08,Madera,039,155013,7,1,0,1,0
2020-03-08,Marin,041,260295,13,1,0,1,0
2020-03-08,Mariposa,043,17540,0,0,0,0,0
2020-03-08,Mendocino,045,87422,0,0,0,0,0
2020-03-08,Merced,047,269075,2,0,0,0,0
2020-03-08,Modoc,049,8938,0,0,0,0,0
2020-03-08,Mono,051,14174,3,0,0,0,0
2020-03-08,Monterey,053,433212,3,0,0,0,0
2020-03-08,Napa,055,140530,2,0,0,0,0
2020-03-08,Nevada,057,99092,1,0,1,1,0
2020-03-08,Orange,059,3164182,129,4,0,4,0
2020-03-08,Placer,061,380077,11,7,0,7,1
2020-03-08,Plumas,063,18699,0,0,0,0,0
2020-03-08,Riverside,065,2383286,41,1,1,2,0
2020-03-08,Sacramento,067,1510023,65,5,0,5,0
2020-03-08,San Benito,069,59416,3,2,0,2,0
2020-03-08,San Bernardino,071,2135413,43,0,0,0,0
2020-03-08,San Diego,073,3302833,92,2,0,2,0
2020-03-08,San Francisco,075,870044,53,9,0,9,0
2020-03-08,San Joaquin,077,732212,18,0,3,3,0
2020-03-08,San Luis Obispo,079,281455,9,0,0,0,0
2020-03-08,San Mateo,081,765935,96,4,0,4,0
2020-03-08,Santa Barbara,083,443738,5,0,0,0,0
2020-03-08,Santa Clara,085,1922200,236,36,1,37,0
2020-03-08,Santa Cruz,087,273765,17,1,0,1,0
2020-03-08,Shasta,089,179085,2,0,0,0,0
2020-03-08,Sierra,091,2930,0,0,0,0,0
2020-03-08,Siskiyou,093,43540,0,0,0,0,0
2020-03-08,Solano,095,438530,24,26,0,26,0
2020-03-08,Sonoma,097,501317,17,2,0,2,0
2020-03-08,Stanislaus,099,539301,10,0,2,2,0
2020-03-08,Sutter,101,95872,0,0,0,0,0
2020-03-08,Tehama,103,63373,0,0,0,0,0
2020-03-08,Trinity,105,12862,0,0,0,0,0
2020-03-08,Tulare,107,460477,9,0,0,0,0
2020-03-08,Tuolumne,109,53932,1,0,0,0,0
2020-03-08,Ventura,111,848112,21,1,0,1,0
2020-03-08,Yolo,113,214977,2,2,0,2,0
2020-03-08,Yuba,115,75493,0,0,0,0,0
2020-03-07,Alameda,001,1643700,41,3,0,3,0
2020-03-07,Alpine,003,1148,0,0,0,0,0
2020-03-07,Amador,005,37829,0,0,0,0,0
2020-03-07,Butte,007,227075,0,0,0,0,0
2020-03-07,Calaveras,009,45235,2,0,0,0,0
2020-03-07,Colusa,011,21464,0,0,0,0,0
2020-03-07,Contra Costa,013,1133247,55,4,0,4,0
2020-03-07,Del Norte,015,27424,0,0,0,0,0
2020-03-07,El Dorado,017,186661,4,0,0,0,0
2020-03-07,Fresno,019,978130,4,1,1,2,0
2020-03-07,Glenn,021,27897,0,0,0,0,0
2020-03-07,Humboldt,023,135768,5,1,0,1,0
2020-03-07,Imperial,025,180216,4,0,0,0,0
2020-03-07,Inyo,027,18085,0,0,0,0,0
2020-03-07,Kern,029,883053,7,0,0,0,0
2020-03-07,Kings,031,150075,3,0,1,1,0
2020-03-07,Lake,033,64148,0,0,0,0,0
2020-03-07,Lassen,035,31185,0,0,0,0,0
2020-03-07,Los Angeles,037,10098052,320,14,6,20,0
2020-03-07,Madera,039,155013,6,1,0,1,0
2020-03-07,Marin,041,260295,11,0,0,0,0
2020-03-07,Mariposa,043,17540,0,0,0,0,0
2020-03-07,Mendocino,045,87422,0,0,0,0,0
2020-03-07,Merced,047,269075,2,0,0,0,0
2020-03-07,Modoc,049,8938,0,0,0,0,0
2020-03-07,Mono,051,14174,3,0,0,0,0
2020-03-07,Monterey,053,433212,3,0,0,0,0
2020-03-07,Napa,055,140530,1,0,0,0,0
2020-03-07,Nevada,057,99092,1,0,1,1,0
2020-03-07,Orange,059,3164182,121,4,0,4,0
2020-03-07,Placer,061,380077,11,6,0,6,1
2020-03-07,Plumas,063,18699,0,0,0,0,0
2020-03-07,Riverside,065,2383286,31,0,1,1,0
2020-03-07,Sacramento,067,1510023,52,4,0,4,0
2020-03-07,San Benito,069,59416,3,2,0,2,0
2020-03-07,San Bernardino,071,2135413,41,0,0,0,0
2020-03-07,San Diego,073,3302833,74,2,0,2,0
2020-03-07,San Francisco,075,870044,47,9,0,9,0
2020-03-07,San Joaquin,077,732212,16,0,3,3,0
2020-03-07,San Luis Obispo,079,281455,6,0,0,0,0
2020-03-07,San Mateo,081,765935,86,1,0,1,0
2020-03-07,Santa Barbara,083,443738,5,0,0,0,0
2020-03-07,Santa Clara,085,1922200,206,31,1,32,0
2020-03-07,Santa Cruz,087,273765,17,1,0,1,0
2020-03-07,Shasta,089,179085,2,0,0,0,0
2020-03-07,Sierra,091,2930,0,0,0,0,0
2020-03-07,Siskiyou,093,43540,0,0,0,0,0
2020-03-07,Solano,095,438530,23,25,0,25,0
2020-03-07,Sonoma,097,501317,13,2,0,2,0
2020-03-07,Stanislaus,099,539301,9,0,2,2,0
2020-03-07,Sutter,101,95872,0,0,0,0,0
2020-03-07,Tehama,103,63373,0,0,0,0,0
2020-03-07,Trinity,105,12862,0,0,0,0,0
2020-03-07,Tulare,107,460477,6,0,0,0,0
2020-03-07,Tuolumne,109,53932,1,0,0,0,0
2020-03-07,Ventura,111,848112,18,1,0,1,0
2020-03-07,Yolo,113,214977,2,2,0,2,0
2020-03-07,Yuba,115,75493,0,0,0,0,0
2020-03-06,Alameda,001,1643700,39,3,0,3,0
2020-03-06,Alpine,003,1148,0,0,0,0,0
2020-03-06,Amador,005,37829,0,0,0,0,0
2020-03-06,Butte,007,227075,0,0,0,0,0
2020-03-06,Calaveras,009,45235,2,0,0,0,0
2020-03-06,Colusa,011,21464,0,0,0,0,0
2020-03-06,Contra Costa,013,1133247,46,4,0,4,0
2020-03-06,Del Norte,015,27424,0,0,0,0,0
2020-03-06,El Dorado,017,186661,3,0,0,0,0
2020-03-06,Fresno,019,978130,3,0,1,1,0
2020-03-06,Glenn,021,27897,0,0,0,0,0
2020-03-06,Humboldt,023,135768,4,1,0,1,0
2020-03-06,Imperial,025,180216,3,0,0,0,0
2020-03-06,Inyo,027,18085,0,0,0,0,0
2020-03-06,Kern,029,883053,6,0,0,0,0
2020-03-06,Kings,031,150075,3,0,1,1,0
2020-03-06,Lake,033,64148,0,0,0,0,0
2020-03-06,Lassen,035,31185,0,0,0,0,0
2020-03-06,Los Angeles,037,10098052,277,13,6,19,0
2020-03-06,Madera,039,155013,5,0,0,0,0
2020-03-06,Marin,041,260295,10,0,0,0,0
2020-03-06,Mariposa,043,17540,0,0,0,0,0
2020-03-06,Mendocino,045,87422,0,0,0,0,0
2020-03-06,Merced,047,269075,2,0,0,0,0
2020-03-06,Modoc,049,8938,0,0,0,0,0
2020-03-06,Mono,051,14174,1,0,0,0,0
2020-03-06,Monterey,053,433212,3,0,0,0,0
2020-03-06,Napa,055,140530,1,0,0,0,0
2020-03-06,Nevada,057,99092,1,0,1,1,0
2020-03-06,Orange,059,3164182,95,4,0,4,0
2020-03-06,Placer,061,380077,10,5,0,5,1
2020-03-06,Plumas,063,18699,0,0,0,0,0
2020-03-06,Riverside,065,2383286,30,0,1,1,0
2020-03-06,Sacramento,067,1510023,43,2,0,2,0
2020-03-06,San Benito,069,59416,3,2,0,2,0
2020-03-06,San Bernardino,071,2135413,39,0,0,0,0
2020-03-06,San Diego,073,3302833,61,2,0,2,0
2020-03-06,San Francisco,075,870044,41,2,0,2,0
2020-03-06,San Joaquin,077,732212,13,0,3,3,0
2020-03-06,San Luis Obispo,079,281455,4,0,0,0,0
2020-03-06,San Mateo,081,765935,78,1,0,1,0
2020-03-06,Santa Barbara,083,443738,3,0,0,0,0
2020-03-06,Santa Clara,085,1922200,188,20,1,21,0
2020-03-06,Santa Cruz,087,273765,15,0,0,0,0
2020-03-06,Shasta,089,179085,2,0,0,0,0
2020-03-06,Sierra,091,2930,0,0,0,0,0
2020-03-06,Siskiyou,093,43540,0,0,0,0,0
2020-03-06,Solano,095,438530,22,25,0,25,0
2020-03-06,Sonoma,097,501317,13,2,0,2,0
2020-03-06,Stanislaus,099,539301,5,0,2,2,0
2020-03-06,Sutter,101,95872,0,0,0,0,0
2020-03-06,Tehama,103,63373,0,0,0,0,0
2020-03-06,Trinity,105,12862,0,0,0,0,0
2020-03-06,Tulare,107,460477,6,0,0,0,0
2020-03-06,Tuolumne,109,53932,1,0,0,0,0
2020-03-06,Ventura,111,848112,15,1,0,1,0
2020-03-06,Yolo,113,214977,2,1,0,1,0
2020-03-06,Yuba,115,75493,0,0,0,0,0
2020-03-05,Alameda,001,1643700,34,2,0,2,0
2020-03-05,Alpine,003,1148,0,0,0,0,0
2020-03-05,Amador,005,37829,0,0,0,0,0
2020-03-05,Butte,007,227075,0,0,0,0,0
2020-03-05,Calaveras,009,45235,2,0,0,0,0
2020-03-05,Colusa,011,21464,0,0,0,0,0
2020-03-05,Contra Costa,013,1133247,39,1,0,1,0
2020-03-05,Del Norte,015,27424,0,0,0,0,0
2020-03-05,El Dorado,017,186661,1,0,0,0,0
2020-03-05,Fresno,019,978130,3,0,1,1,0
2020-03-05,Glenn,021,27897,0,0,0,0,0
2020-03-05,Humboldt,023,135768,4,1,0,1,0
2020-03-05,Imperial,025,180216,2,0,0,0,0
2020-03-05,Inyo,027,18085,0,0,0,0,0
2020-03-05,Kern,029,883053,6,0,0,0,0
2020-03-05,Kings,031,150075,3,0,1,1,0
2020-03-05,Lake,033,64148,0,0,0,0,0
2020-03-05,Lassen,035,31185,0,0,0,0,0
2020-03-05,Los Angeles,037,10098052,230,11,6,17,0
2020-03-05,Madera,039,155013,5,0,0,0,0
2020-03-05,Marin,041,260295,10,0,0,0,0
2020-03-05,Mariposa,043,17540,0,0,0,0,0
2020-03-05,Mendocino,045,87422,0,0,0,0,0
2020-03-05,Merced,047,269075,2,0,0,0,0
2020-03-05,Modoc,049,8938,0,0,0,0,0
2020-03-05,Mono,051,14174,1,0,0,0,0
2020-03-05,Monterey,053,433212,3,0,0,0,0
2020-03-05,Napa,055,140530,1,0,0,0,0
2020-03-05,Nevada,057,99092,0,0,1,1,0
2020-03-05,Orange,059,3164182,80,3,0,3,0
2020-03-05,Placer,061,380077,10,2,0,2,1
2020-03-05,Plumas,063,18699,0,0,0,0,0
2020-03-05,Riverside,065,2383286,27,0,1,1,0
2020-03-05,Sacramento,067,1510023,37,2,0,2,0
2020-03-05,San Benito,069,59416,1,2,0,2,0
2020-03-05,San Bernardino,071,2135413,34,0,0,0,0
2020-03-05,San Diego,073,3302833,54,2,0,2,0
2020-03-05,San Francisco,075,870044,31,2,0,2,0
2020-03-05,San Joaquin,077,732212,10,0,3,3,0
2020-03-05,San Luis Obispo,079,281455,4,0,0,0,0
2020-03-05,San Mateo,081,765935,65,1,0,1,0
2020-03-05,Santa Barbara,083,443738,2,0,0,0,0
2020-03-05,Santa Clara,085,1922200,164,14,1,15,0
2020-03-05,Santa Cruz,087,273765,13,0,0,0,0
2020-03-05,Shasta,089,179085,2,0,0,0,0
2020-03-05,Sierra,091,2930,0,0,0,0,0
2020-03-05,Siskiyou,093,43540,0,0,0,0,0
2020-03-05,Solano,095,438530,22,24,0,24,0
2020-03-05,Sonoma,097,501317,12,2,0,2,0
2020-03-05,Stanislaus,099,539301,4,0,2,2,0
2020-03-05,Sutter,101,95872,0,0,0,0,0
2020-03-05,Tehama,103,63373,0,0,0,0,0
2020-03-05,Trinity,105,12862,0,0,0,0,0
2020-03-05,Tulare,107,460477,6,0,0,0,0
2020-03-05,Tuolumne,109,53932,1,0,0,0,0
2020-03-05,Ventura,111,848112,13,0,0,0,0
2020-03-05,Yolo,113,214977,2,0,0,0,0
2020-03-05,Yuba,115,75493,0,0,0,0,0
2020-03-04,Alameda,001,1643700,30,2,0,2,0
2020-03-04,Alpine,003,1148,0,0,0,0,0
2020-03-04,Amador,005,37829,0,0,0,0,0
2020-03-04,Butte,007,227075,0,0,0,0,0
2020-03-04,Calaveras,009,45235,0,0,0,0,0
2020-03-04,Colusa,011,21464,0,0,0,0,0
2020-03-04,Contra Costa,013,1133247,34,1,0,1,0
2020-03-04,Del Norte,015,27424,0,0,0,0,0
2020-03-04,El Dorado,017,186661,1,0,0,0,0
2020-03-04,Fresno,019,978130,3,0,1,1,0
2020-03-04,Glenn,021,27897,0,0,0,0,0
2020-03-04,Humboldt,023,135768,1,1,0,1,0
2020-03-04,Imperial,025,180216,2,0,0,0,0
2020-03-04,Inyo,027,18085,0,0,0,0,0
2020-03-04,Kern,029,883053,6,0,0,0,0
2020-03-04,Kings,031,150075,3,0,1,1,0
2020-03-04,Lake,033,64148,0,0,0,0,0
2020-03-04,Lassen,035,31185,0,0,0,0,0
2020-03-04,Los Angeles,037,10098052,194,7,6,13,0
2020-03-04,Madera,039,155013,5,0,0,0,0
2020-03-04,Marin,041,260295,10,0,0,0,0
2020-03-04,Mariposa,043,17540,0,0,0,0,0
2020-03-04,Mendocino,045,87422,0,0,0,0,0
2020-03-04,Merced,047,269075,2,0,0,0,0
2020-03-04,Modoc,049,8938,0,0,0,0,0
2020-03-04,Mono,051,14174,1,0,0,0,0
2020-03-04,Monterey,053,433212,3,0,0,0,0
2020-03-04,Napa,055,140530,1,0,0,0,0
2020-03-04,Nevada,057,99092,0,0,1,1,0
2020-03-04,Orange,059,3164182,77,3,0,3,0
2020-03-04,Placer,061,380077,9,2,0,2,1
2020-03-04,Plumas,063,18699,0,0,0,0,0
2020-03-04,Riverside,065,2383286,23,0,1,1,0
2020-03-04,Sacramento,067,1510023,32,1,0,1,0
2020-03-04,San Benito,069,59416,1,2,0,2,0
2020-03-04,San Bernardino,071,2135413,31,0,0,0,0
2020-03-04,San Diego,073,3302833,41,2,0,2,0
2020-03-04,San Francisco,075,870044,26,0,0,0,0
2020-03-04,San Joaquin,077,732212,9,0,3,3,0
2020-03-04,San Luis Obispo,079,281455,4,0,0,0,0
2020-03-04,San Mateo,081,765935,60,1,0,1,0
2020-03-04,Santa Barbara,083,443738,2,0,0,0,0
2020-03-04,Santa Clara,085,1922200,147,12,1,13,0
2020-03-04,Santa Cruz,087,273765,13,0,0,0,0
2020-03-04,Shasta,089,179085,2,0,0,0,0
2020-03-04,Sierra,091,2930,0,0,0,0,0
2020-03-04,Siskiyou,093,43540,0,0,0,0,0
2020-03-04,Solano,095,438530,21,24,0,24,0
2020-03-04,Sonoma,097,501317,11,2,0,2,0
2020-03-04,Stanislaus,099,539301,4,0,2,2,0
2020-03-04,Sutter,101,95872,0,0,0,0,0
2020-03-04,Tehama,103,63373,0,0,0,0,0
2020-03-04,Trinity,105,12862,0,0,0,0,0
2020-03-04,Tulare,107,460477,6,0,0,0,0
2020-03-04,Tuolumne,109,53932,0,0,0,0,0
2020-03-04,Ventura,111,848112,12,0,0,0,0
2020-03-04,Yolo,113,214977,2,0,0,0,0
2020-03-04,Yuba,115,75493,0,0,0,0,0
2020-03-03,Alameda,001,1643700,24,2,0,2,0
2020-03-03,Alpine,003,1148,0,0,0,0,0
2020-03-03,Amador,005,37829,0,0,0,0,0
2020-03-03,Butte,007,227075,0,0,0,0,0
2020-03-03,Calaveras,009,45235,0,0,0,0,0
2020-03-03,Colusa,011,21464,0,0,0,0,0
2020-03-03,Contra Costa,013,1133247,30,0,0,0,0
2020-03-03,Del Norte,015,27424,0,0,0,0,0
2020-03-03,El Dorado,017,186661,1,0,0,0,0
2020-03-03,Fresno,019,978130,2,0,1,1,0
2020-03-03,Glenn,021,27897,0,0,0,0,0
2020-03-03,Humboldt,023,135768,1,1,0,1,0
2020-03-03,Imperial,025,180216,2,0,0,0,0
2020-03-03,Inyo,027,18085,0,0,0,0,0
2020-03-03,Kern,029,883053,4,0,0,0,0
2020-03-03,Kings,031,150075,3,0,1,1,0
2020-03-03,Lake,033,64148,0,0,0,0,0
2020-03-03,Lassen,035,31185,0,0,0,0,0
2020-03-03,Los Angeles,037,10098052,175,5,6,11,0
2020-03-03,Madera,039,155013,4,0,0,0,0
2020-03-03,Marin,041,260295,6,0,0,0,0
2020-03-03,Mariposa,043,17540,0,0,0,0,0
2020-03-03,Mendocino,045,87422,0,0,0,0,0
2020-03-03,Merced,047,269075,2,0,0,0,0
2020-03-03,Modoc,049,8938,0,0,0,0,0
2020-03-03,Mono,051,14174,1,0,0,0,0
2020-03-03,Monterey,053,433212,2,0,0,0,0
2020-03-03,Napa,055,140530,1,0,0,0,0
2020-03-03,Nevada,057,99092,0,0,1,1,0
2020-03-03,Orange,059,3164182,69,1,0,1,0
2020-03-03,Placer,061,380077,8,2,0,2,0
2020-03-03,Plumas,063,18699,0,0,0,0,0
2020-03-03,Riverside,065,2383286,20,0,1,1,0
2020-03-03,Sacramento,067,1510023,31,1,0,1,0
2020-03-03,San Benito,069,59416,1,2,0,2,0
2020-03-03,San Bernardino,071,2135413,28,0,0,0,0
2020-03-03,San Diego,073,3302833,34,2,0,2,0
2020-03-03,San Francisco,075,870044,24,0,0,0,0
2020-03-03,San Joaquin,077,732212,8,0,3,3,0
2020-03-03,San Luis Obispo,079,281455,2,0,0,0,0
2020-03-03,San Mateo,081,765935,53,1,0,1,0
2020-03-03,Santa Barbara,083,443738,1,0,0,0,0
2020-03-03,Santa Clara,085,1922200,132,11,1,12,0
2020-03-03,Santa Cruz,087,273765,10,0,0,0,0
2020-03-03,Shasta,089,179085,2,0,0,0,0
2020-03-03,Sierra,091,2930,0,0,0,0,0
2020-03-03,Siskiyou,093,43540,0,0,0,0,0
2020-03-03,Solano,095,438530,20,24,0,24,0
2020-03-03,Sonoma,097,501317,11,1,0,1,0
2020-03-03,Stanislaus,099,539301,4,0,2,2,0
2020-03-03,Sutter,101,95872,0,0,0,0,0
2020-03-03,Tehama,103,63373,0,0,0,0,0
2020-03-03,Trinity,105,12862,0,0,0,0,0
2020-03-03,Tulare,107,460477,6,0,0,0,0
2020-03-03,Tuolumne,109,53932,0,0,0,0,0
2020-03-03,Ventura,111,848112,11,0,0,0,0
2020-03-03,Yolo,113,214977,1,0,0,0,0
2020-03-03,Yuba,115,75493,0,0,0,0,0
2020-03-02,Alameda,001,1643700,21,1,0,1,0
2020-03-02,Alpine,003,1148,0,0,0,0,0
2020-03-02,Amador,005,37829,0,0,0,0,0
2020-03-02,Butte,007,227075,0,0,0,0,0
2020-03-02,Calaveras,009,45235,0,0,0,0,0
2020-03-02,Colusa,011,21464,0,0,0,0,0
2020-03-02,Contra Costa,013,1133247,27,0,0,0,0
2020-03-02,Del Norte,015,27424,0,0,0,0,0
2020-03-02,El Dorado,017,186661,1,0,0,0,0
2020-03-02,Fresno,019,978130,2,0,1,1,0
2020-03-02,Glenn,021,27897,0,0,0,0,0
2020-03-02,Humboldt,023,135768,1,1,0,1,0
2020-03-02,Imperial,025,180216,2,0,0,0,0
2020-03-02,Inyo,027,18085,0,0,0,0,0
2020-03-02,Kern,029,883053,4,0,0,0,0
2020-03-02,Kings,031,150075,3,0,1,1,0
2020-03-02,Lake,033,64148,0,0,0,0,0
2020-03-02,Lassen,035,31185,0,0,0,0,0
2020-03-02,Los Angeles,037,10098052,160,1,6,7,0
2020-03-02,Madera,039,155013,4,0,0,0,0
2020-03-02,Marin,041,260295,6,0,0,0,0
2020-03-02,Mariposa,043,17540,0,0,0,0,0
2020-03-02,Mendocino,045,87422,0,0,0,0,0
2020-03-02,Merced,047,269075,1,0,0,0,0
2020-03-02,Modoc,049,8938,0,0,0,0,0
2020-03-02,Mono,051,14174,1,0,0,0,0
2020-03-02,Monterey,053,433212,2,0,0,0,0
2020-03-02,Napa,055,140530,1,0,0,0,0
2020-03-02,Nevada,057,99092,0,0,1,1,0
2020-03-02,Orange,059,3164182,64,1,0,1,0
2020-03-02,Placer,061,380077,8,1,0,1,0
2020-03-02,Plumas,063,18699,0,0,0,0,0
2020-03-02,Riverside,065,2383286,19,0,1,1,0
2020-03-02,Sacramento,067,1510023,25,1,0,1,0
2020-03-02,San Benito,069,59416,1,2,0,2,0
2020-03-02,San Bernardino,071,2135413,28,0,0,0,0
2020-03-02,San Diego,073,3302833,28,2,0,2,0
2020-03-02,San Francisco,075,870044,17,0,0,0,0
2020-03-02,San Joaquin,077,732212,7,0,3,3,0
2020-03-02,San Luis Obispo,079,281455,2,0,0,0,0
2020-03-02,San Mateo,081,765935,44,1,0,1,0
2020-03-02,Santa Barbara,083,443738,1,0,0,0,0
2020-03-02,Santa Clara,085,1922200,110,7,1,8,0
2020-03-02,Santa Cruz,087,273765,9,0,0,0,0
2020-03-02,Shasta,089,179085,2,0,0,0,0
2020-03-02,Sierra,091,2930,0,0,0,0,0
2020-03-02,Siskiyou,093,43540,0,0,0,0,0
2020-03-02,Solano,095,438530,19,24,0,24,0
2020-03-02,Sonoma,097,501317,10,1,0,1,0
2020-03-02,Stanislaus,099,539301,2,0,2,2,0
2020-03-02,Sutter,101,95872,0,0,0,0,0
2020-03-02,Tehama,103,63373,0,0,0,0,0
2020-03-02,Trinity,105,12862,0,0,0,0,0
2020-03-02,Tulare,107,460477,6,0,0,0,0
2020-03-02,Tuolumne,109,53932,0,0,0,0,0
2020-03-02,Ventura,111,848112,10,0,0,0,0
2020-03-02,Yolo,113,214977,1,0,0,0,0
2020-03-02,Yuba,115,75493,0,0,0,0,0
2020-03-01,Alameda,001,1643700,20,1,0,1,0
2020-03-01,Alpine,003,1148,0,0,0,0,0
2020-03-01,Amador,005,37829,0,0,0,0,0
2020-03-01,Butte,007,227075,0,0,0,0,0
2020-03-01,Calaveras,009,45235,0,0,0,0,0
2020-03-01,Colusa,011,21464,0,0,0,0,0
2020-03-01,Contra Costa,013,1133247,24,0,0,0,0
2020-03-01,Del Norte,015,27424,0,0,0,0,0
2020-03-01,El Dorado,017,186661,1,0,0,0,0
2020-03-01,Fresno,019,978130,1,0,1,1,0
2020-03-01,Glenn,021,27897,0,0,0,0,0
2020-03-01,Humboldt,023,135768,1,1,0,1,0
2020-03-01,Imperial,025,180216,2,0,0,0,0
2020-03-01,Inyo,027,18085,0,0,0,0,0
2020-03-01,Kern,029,883053,2,0,0,0,0
2020-03-01,Kings,031,150075,3,0,1,1,0
2020-03-01,Lake,033,64148,0,0,0,0,0
2020-03-01,Lassen,035,31185,0,0,0,0,0
2020-03-01,Los Angeles,037,10098052,141,1,6,7,0
2020-03-01,Madera,039,155013,2,0,0,0,0
2020-03-01,Marin,041,260295,5,0,0,0,0
2020-03-01,Mariposa,043,17540,0,0,0,0,0
2020-03-01,Mendocino,045,87422,0,0,0,0,0
2020-03-01,Merced,047,269075,1,0,0,0,0
2020-03-01,Modoc,049,8938,0,0,0,0,0
2020-03-01,Mono,051,14174,1,0,0,0,0
2020-03-01,Monterey,053,433212,1,0,0,0,0
2020-03-01,Napa,055,140530,1,0,0,0,0
2020-03-01,Nevada,057,99092,0,0,1,1,0
2020-03-01,Orange,059,3164182,61,1,0,1,0
2020-03-01,Placer,061,380077,8,0,0,0,0
2020-03-01,Plumas,063,18699,0,0,0,0,0
2020-03-01,Riverside,065,2383286,18,0,1,1,0
2020-03-01,Sacramento,067,1510023,21,1,0,1,0
2020-03-01,San Benito,069,59416,0,2,0,2,0
2020-03-01,San Bernardino,071,2135413,27,0,0,0,0
2020-03-01,San Diego,073,3302833,21,2,0,2,0
2020-03-01,San Francisco,075,870044,13,0,0,0,0
2020-03-01,San Joaquin,077,732212,7,0,3,3,0
2020-03-01,San Luis Obispo,079,281455,2,0,0,0,0
2020-03-01,San Mateo,081,765935,36,0,0,0,0
2020-03-01,Santa Barbara,083,443738,1,0,0,0,0
2020-03-01,Santa Clara,085,1922200,97,6,1,7,0
2020-03-01,Santa Cruz,087,273765,8,0,0,0,0
2020-03-01,Shasta,089,179085,2,0,0,0,0
2020-03-01,Sierra,091,2930,0,0,0,0,0
2020-03-01,Siskiyou,093,43540,0,0,0,0,0
2020-03-01,Solano,095,438530,19,24,0,24,0
2020-03-01,Sonoma,097,501317,9,0,0,0,0
2020-03-01,Stanislaus,099,539301,2,0,2,2,0
2020-03-01,Sutter,101,95872,0,0,0,0,0
2020-03-01,Tehama,103,63373,0,0,0,0,0
2020-03-01,Trinity,105,12862,0,0,0,0,0
2020-03-01,Tulare,107,460477,6,0,0,0,0
2020-03-01,Tuolumne,109,53932,0,0,0,0,0
2020-03-01,Ventura,111,848112,8,0,0,0,0
2020-03-01,Yolo,113,214977,1,0,0,0,0
2020-03-01,Yuba,115,75493,0,0,0,0,0
2020-02-29,Alameda,001,1643700,16,0,0,0,0
2020-02-29,Alpine,003,1148,0,0,0,0,0
2020-02-29,Amador,005,37829,0,0,0,0,0
2020-02-29,Butte,007,227075,0,0,0,0,0
2020-02-29,Calaveras,009,45235,0,0,0,0,0
2020-02-29,Colusa,011,21464,0,0,0,0,0
2020-02-29,Contra Costa,013,1133247,20,0,0,0,0
2020-02-29,Del Norte,015,27424,0,0,0,0,0
2020-02-29,El Dorado,017,186661,1,0,0,0,0
2020-02-29,Fresno,019,978130,1,0,0,0,0
2020-02-29,Glenn,021,27897,0,0,0,0,0
2020-02-29,Humboldt,023,135768,1,1,0,1,0
2020-02-29,Imperial,025,180216,1,0,0,0,0
2020-02-29,Inyo,027,18085,0,0,0,0,0
2020-02-29,Kern,029,883053,2,0,0,0,0
2020-02-29,Kings,031,150075,3,0,1,1,0
2020-02-29,Lake,033,64148,0,0,0,0,0
2020-02-29,Lassen,035,31185,0,0,0,0,0
2020-02-29,Los Angeles,037,10098052,112,1,6,7,0
2020-02-29,Madera,039,155013,2,0,0,0,0
2020-02-29,Marin,041,260295,4,0,0,0,0
2020-02-29,Mariposa,043,17540,0,0,0,0,0
2020-02-29,Mendocino,045,87422,0,0,0,0,0
2020-02-29,Merced,047,269075,1,0,0,0,0
2020-02-29,Modoc,049,8938,0,0,0,0,0
2020-02-29,Mono,051,14174,1,0,0,0,0
2020-02-29,Monterey,053,433212,1,0,0,0,0
2020-02-29,Napa,055,140530,1,0,0,0,0
2020-02-29,Nevada,057,99092,0,0,1,1,0
2020-02-29,Orange,059,3164182,56,1,0,1,0
2020-02-29,Placer,061,380077,7,0,0,0,0
2020-02-29,Plumas,063,18699,0,0,0,0,0
2020-02-29,Riverside,065,2383286,15,0,1,1,0
2020-02-29,Sacramento,067,1510023,16,1,0,1,0
2020-02-29,San Benito,069,59416,0,2,0,2,0
2020-02-29,San Bernardino,071,2135413,25,0,0,0,0
2020-02-29,San Diego,073,3302833,16,2,0,2,0
2020-02-29,San Francisco,075,870044,12,0,0,0,0
2020-02-29,San Joaquin,077,732212,6,0,3,3,0
2020-02-29,San Luis Obispo,079,281455,2,0,0,0,0
2020-02-29,San Mateo,081,765935,29,0,0,0,0
2020-02-29,Santa Barbara,083,443738,0,0,0,0,0
2020-02-29,Santa Clara,085,1922200,75,3,1,4,0
2020-02-29,Santa Cruz,087,273765,8,0,0,0,0
2020-02-29,Shasta,089,179085,2,0,0,0,0
2020-02-29,Sierra,091,2930,0,0,0,0,0
2020-02-29,Siskiyou,093,43540,0,0,0,0,0
2020-02-29,Solano,095,438530,18,23,0,23,0
2020-02-29,Sonoma,097,501317,6,0,0,0,0
2020-02-29,Stanislaus,099,539301,2,0,2,2,0
2020-02-29,Sutter,101,95872,0,0,0,0,0
2020-02-29,Tehama,103,63373,0,0,0,0,0
2020-02-29,Trinity,105,12862,0,0,0,0,0
2020-02-29,Tulare,107,460477,4,0,0,0,0
2020-02-29,Tuolumne,109,53932,0,0,0,0,0
2020-02-29,Ventura,111,848112,6,0,0,0,0
2020-02-29,Yolo,113,214977,1,0,0,0,0
2020-02-29,Yuba,115,75493,0,0,0,0,0
2020-02-28,Alameda,001,1643700,14,0,0,0,0
2020-02-28,Alpine,003,1148,0,0,0,0,0
2020-02-28,Amador,005,37829,0,0,0,0,0
2020-02-28,Butte,007,227075,0,0,0,0,0
2020-02-28,Calaveras,009,45235,0,0,0,0,0
2020-02-28,Colusa,011,21464,0,0,0,0,0
2020-02-28,Contra Costa,013,1133247,20,0,0,0,0
2020-02-28,Del Norte,015,27424,0,0,0,0,0
2020-02-28,El Dorado,017,186661,0,0,0,0,0
2020-02-28,Fresno,019,978130,1,0,0,0,0
2020-02-28,Glenn,021,27897,0,0,0,0,0
2020-02-28,Humboldt,023,135768,1,1,0,1,0
2020-02-28,Imperial,025,180216,1,0,0,0,0
2020-02-28,Inyo,027,18085,0,0,0,0,0
2020-02-28,Kern,029,883053,2,0,0,0,0
2020-02-28,Kings,031,150075,3,0,1,1,0
2020-02-28,Lake,033,64148,0,0,0,0,0
2020-02-28,Lassen,035,31185,0,0,0,0,0
2020-02-28,Los Angeles,037,10098052,104,1,6,7,0
2020-02-28,Madera,039,155013,2,0,0,0,0
2020-02-28,Marin,041,260295,2,0,0,0,0
2020-02-28,Mariposa,043,17540,0,0,0,0,0
2020-02-28,Mendocino,045,87422,0,0,0,0,0
2020-02-28,Merced,047,269075,1,0,0,0,0
2020-02-28,Modoc,049,8938,0,0,0,0,0
2020-02-28,Mono,051,14174,0,0,0,0,0
2020-02-28,Monterey,053,433212,1,0,0,0,0
2020-02-28,Napa,055,140530,1,0,0,0,0
2020-02-28,Nevada,057,99092,0,0,1,1,0
2020-02-28,Orange,059,3164182,54,1,0,1,0
2020-02-28,Placer,061,380077,7,0,0,0,0
2020-02-28,Plumas,063,18699,0,0,0,0,0
2020-02-28,Riverside,065,2383286,13,0,1,1,0
2020-02-28,Sacramento,067,1510023,10,1,0,1,0
2020-02-28,San Benito,069,59416,0,2,0,2,0
2020-02-28,San Bernardino,071,2135413,25,0,0,0,0
2020-02-28,San Diego,073,3302833,13,2,0,2,0
2020-02-28,San Francisco,075,870044,10,0,0,0,0
2020-02-28,San Joaquin,077,732212,6,0,3,3,0
2020-02-28,San Luis Obispo,079,281455,2,0,0,0,0
2020-02-28,San Mateo,081,765935,24,0,0,0,0
2020-02-28,Santa Barbara,083,443738,0,0,0,0,0
2020-02-28,Santa Clara,085,1922200,70,3,1,4,0
2020-02-28,Santa Cruz,087,273765,8,0,0,0,0
2020-02-28,Shasta,089,179085,2,0,0,0,0
2020-02-28,Sierra,091,2930,0,0,0,0,0
2020-02-28,Siskiyou,093,43540,0,0,0,0,0
2020-02-28,Solano,095,438530,17,23,0,23,0
2020-02-28,Sonoma,097,501317,6,0,0,0,0
2020-02-28,Stanislaus,099,539301,2,0,2,2,0
2020-02-28,Sutter,101,95872,0,0,0,0,0
2020-02-28,Tehama,103,63373,0,0,0,0,0
2020-02-28,Trinity,105,12862,0,0,0,0,0
2020-02-28,Tulare,107,460477,3,0,0,0,0
2020-02-28,Tuolumne,109,53932,0,0,0,0,0
2020-02-28,Ventura,111,848112,6,0,0,0,0
2020-02-28,Yolo,113,214977,1,0,0,0,0
2020-02-28,Yuba,115,75493,0,0,0,0,0
2020-02-27,Alameda,001,1643700,13,0,0,0,0
2020-02-27,Alpine,003,1148,0,0,0,0,0
2020-02-27,Amador,005,37829,0,0,0,0,0
2020-02-27,Butte,007,227075,0,0,0,0,0
2020-02-27,Calaveras,009,45235,0,0,0,0,0
2020-02-27,Colusa,011,21464,0,0,0,0,0
2020-02-27,Contra Costa,013,1133247,14,0,0,0,0
2020-02-27,Del Norte,015,27424,0,0,0,0,0
2020-02-27,El Dorado,017,186661,0,0,0,0,0
2020-02-27,Fresno,019,978130,1,0,0,0,0
2020-02-27,Glenn,021,27897,0,0,0,0,0
2020-02-27,Humboldt,023,135768,1,1,0,1,0
2020-02-27,Imperial,025,180216,1,0,0,0,0
2020-02-27,Inyo,027,18085,0,0,0,0,0
2020-02-27,Kern,029,883053,2,0,0,0,0
2020-02-27,Kings,031,150075,3,0,1,1,0
2020-02-27,Lake,033,64148,0,0,0,0,0
2020-02-27,Lassen,035,31185,0,0,0,0,0
2020-02-27,Los Angeles,037,10098052,96,1,6,7,0
2020-02-27,Madera,039,155013,2,0,0,0,0
2020-02-27,Marin,041,260295,1,0,0,0,0
2020-02-27,Mariposa,043,17540,0,0,0,0,0
2020-02-27,Mendocino,045,87422,0,0,0,0,0
2020-02-27,Merced,047,269075,1,0,0,0,0
2020-02-27,Modoc,049,8938,0,0,0,0,0
2020-02-27,Mono,051,14174,0,0,0,0,0
2020-02-27,Monterey,053,433212,1,0,0,0,0
2020-02-27,Napa,055,140530,1,0,0,0,0
2020-02-27,Nevada,057,99092,0,0,1,1,0
2020-02-27,Orange,059,3164182,48,1,0,1,0
2020-02-27,Placer,061,380077,6,0,0,0,0
2020-02-27,Plumas,063,18699,0,0,0,0,0
2020-02-27,Riverside,065,2383286,12,0,1,1,0
2020-02-27,Sacramento,067,1510023,10,1,0,1,0
2020-02-27,San Benito,069,59416,0,2,0,2,0
2020-02-27,San Bernardino,071,2135413,25,0,0,0,0
2020-02-27,San Diego,073,3302833,12,2,0,2,0
2020-02-27,San Francisco,075,870044,9,0,0,0,0
2020-02-27,San Joaquin,077,732212,5,0,3,3,0
2020-02-27,San Luis Obispo,079,281455,2,0,0,0,0
2020-02-27,San Mateo,081,765935,20,0,0,0,0
2020-02-27,Santa Barbara,083,443738,0,0,0,0,0
2020-02-27,Santa Clara,085,1922200,59,2,1,3,0
2020-02-27,Santa Cruz,087,273765,6,0,0,0,0
2020-02-27,Shasta,089,179085,0,0,0,0,0
2020-02-27,Sierra,091,2930,0,0,0,0,0
2020-02-27,Siskiyou,093,43540,0,0,0,0,0
2020-02-27,Solano,095,438530,17,23,0,23,0
2020-02-27,Sonoma,097,501317,5,0,0,0,0
2020-02-27,Stanislaus,099,539301,2,0,2,2,0
2020-02-27,Sutter,101,95872,0,0,0,0,0
2020-02-27,Tehama,103,63373,0,0,0,0,0
2020-02-27,Trinity,105,12862,0,0,0,0,0
2020-02-27,Tulare,107,460477,3,0,0,0,0
2020-02-27,Tuolumne,109,53932,0,0,0,0,0
2020-02-27,Ventura,111,848112,4,0,0,0,0
2020-02-27,Yolo,113,214977,1,0,0,0,0
2020-02-27,Yuba,115,75493,0,0,0,0,0
2020-02-26,Alameda,001,1643700,13,0,0,0,0
2020-02-26,Alpine,003,1148,0,0,0,0,0
2020-02-26,Amador,005,37829,0,0,0,0,0
2020-02-26,Butte,007,227075,0,0,0,0,0
2020-02-26,Calaveras,009,45235,0,0,0,0,0
2020-02-26,Colusa,011,21464,0,0,0,0,0
2020-02-26,Contra Costa,013,1133247,13,0,0,0,0
2020-02-26,Del Norte,015,27424,0,0,0,0,0
2020-02-26,El Dorado,017,186661,0,0,0,0,0
2020-02-26,Fresno,019,978130,1,0,0,0,0
2020-02-26,Glenn,021,27897,0,0,0,0,0
2020-02-26,Humboldt,023,135768,1,1,0,1,0
2020-02-26,Imperial,025,180216,1,0,0,0,0
2020-02-26,Inyo,027,18085,0,0,0,0,0
2020-02-26,Kern,029,883053,2,0,0,0,0
2020-02-26,Kings,031,150075,3,0,1,1,0
2020-02-26,Lake,033,64148,0,0,0,0,0
2020-02-26,Lassen,035,31185,0,0,0,0,0
2020-02-26,Los Angeles,037,10098052,90,1,6,7,0
2020-02-26,Madera,039,155013,2,0,0,0,0
2020-02-26,Marin,041,260295,1,0,0,0,0
2020-02-26,Mariposa,043,17540,0,0,0,0,0
2020-02-26,Mendocino,045,87422,0,0,0,0,0
2020-02-26,Merced,047,269075,1,0,0,0,0
2020-02-26,Modoc,049,8938,0,0,0,0,0
2020-02-26,Mono,051,14174,0,0,0,0,0
2020-02-26,Monterey,053,433212,1,0,0,0,0
2020-02-26,Napa,055,140530,0,0,0,0,0
2020-02-26,Nevada,057,99092,0,0,1,1,0
2020-02-26,Orange,059,3164182,47,1,0,1,0
2020-02-26,Placer,061,380077,5,0,0,0,0
2020-02-26,Plumas,063,18699,0,0,0,0,0
2020-02-26,Riverside,065,2383286,10,0,1,1,0
2020-02-26,Sacramento,067,1510023,10,1,0,1,0
2020-02-26,San Benito,069,59416,0,2,0,2,0
2020-02-26,San Bernardino,071,2135413,23,0,0,0,0
2020-02-26,San Diego,073,3302833,11,2,0,2,0
2020-02-26,San Francisco,075,870044,9,0,0,0,0
2020-02-26,San Joaquin,077,732212,5,0,3,3,0
2020-02-26,San Luis Obispo,079,281455,2,0,0,0,0
2020-02-26,San Mateo,081,765935,18,0,0,0,0
2020-02-26,Santa Barbara,083,443738,0,0,0,0,0
2020-02-26,Santa Clara,085,1922200,50,2,1,3,0
2020-02-26,Santa Cruz,087,273765,6,0,0,0,0
2020-02-26,Shasta,089,179085,0,0,0,0,0
2020-02-26,Sierra,091,2930,0,0,0,0,0
2020-02-26,Siskiyou,093,43540,0,0,0,0,0
2020-02-26,Solano,095,438530,17,23,0,23,0
2020-02-26,Sonoma,097,501317,5,0,0,0,0
2020-02-26,Stanislaus,099,539301,2,0,2,2,0
2020-02-26,Sutter,101,95872,0,0,0,0,0
2020-02-26,Tehama,103,63373,0,0,0,0,0
2020-02-26,Trinity,105,12862,0,0,0,0,0
2020-02-26,Tulare,107,460477,3,0,0,0,0
2020-02-26,Tuolumne,109,53932,0,0,0,0,0
2020-02-26,Ventura,111,848112,4,0,0,0,0
2020-02-26,Yolo,113,214977,1,0,0,0,0
2020-02-26,Yuba,115,75493,0,0,0,0,0
2020-02-25,Alameda,001,1643700,13,0,0,0,0
2020-02-25,Alpine,003,1148,0,0,0,0,0
2020-02-25,Amador,005,37829,0,0,0,0,0
2020-02-25,Butte,007,227075,0,0,0,0,0
2020-02-25,Calaveras,009,45235,0,0,0,0,0
2020-02-25,Colusa,011,21464,0,0,0,0,0
2020-02-25,Contra Costa,013,1133247,11,0,0,0,0
2020-02-25,Del Norte,015,27424,0,0,0,0,0
2020-02-25,El Dorado,017,186661,0,0,0,0,0
2020-02-25,Fresno,019,978130,1,0,0,0,0
2020-02-25,Glenn,021,27897,0,0,0,0,0
2020-02-25,Humboldt,023,135768,1,1,0,1,0
2020-02-25,Imperial,025,180216,1,0,0,0,0
2020-02-25,Inyo,027,18085,0,0,0,0,0
2020-02-25,Kern,029,883053,2,0,0,0,0
2020-02-25,Kings,031,150075,3,0,1,1,0
2020-02-25,Lake,033,64148,0,0,0,0,0
2020-02-25,Lassen,035,31185,0,0,0,0,0
2020-02-25,Los Angeles,037,10098052,78,1,6,7,0
2020-02-25,Madera,039,155013,2,0,0,0,0
2020-02-25,Marin,041,260295,1,0,0,0,0
2020-02-25,Mariposa,043,17540,0,0,0,0,0
2020-02-25,Mendocino,045,87422,0,0,0,0,0
2020-02-25,Merced,047,269075,0,0,0,0,0
2020-02-25,Modoc,049,8938,0,0,0,0,0
2020-02-25,Mono,051,14174,0,0,0,0,0
2020-02-25,Monterey,053,433212,1,0,0,0,0
2020-02-25,Napa,055,140530,0,0,0,0,0
2020-02-25,Nevada,057,99092,0,0,1,1,0
2020-02-25,Orange,059,3164182,46,1,0,1,0
2020-02-25,Placer,061,380077,5,0,0,0,0
2020-02-25,Plumas,063,18699,0,0,0,0,0
2020-02-25,Riverside,065,2383286,10,0,1,1,0
2020-02-25,Sacramento,067,1510023,8,1,0,1,0
2020-02-25,San Benito,069,59416,0,2,0,2,0
2020-02-25,San Bernardino,071,2135413,21,0,0,0,0
2020-02-25,San Diego,073,3302833,7,2,0,2,0
2020-02-25,San Francisco,075,870044,7,0,0,0,0
2020-02-25,San Joaquin,077,732212,5,0,2,2,0
2020-02-25,San Luis Obispo,079,281455,2,0,0,0,0
2020-02-25,San Mateo,081,765935,17,0,0,0,0
2020-02-25,Santa Barbara,083,443738,0,0,0,0,0
2020-02-25,Santa Clara,085,1922200,40,2,1,3,0
2020-02-25,Santa Cruz,087,273765,5,0,0,0,0
2020-02-25,Shasta,089,179085,0,0,0,0,0
2020-02-25,Sierra,091,2930,0,0,0,0,0
2020-02-25,Siskiyou,093,43540,0,0,0,0,0
2020-02-25,Solano,095,438530,16,21,0,21,0
2020-02-25,Sonoma,097,501317,5,0,0,0,0
2020-02-25,Stanislaus,099,539301,2,0,2,2,0
2020-02-25,Sutter,101,95872,0,0,0,0,0
2020-02-25,Tehama,103,63373,0,0,0,0,0
2020-02-25,Trinity,105,12862,0,0,0,0,0
2020-02-25,Tulare,107,460477,3,0,0,0,0
2020-02-25,Tuolumne,109,53932,0,0,0,0,0
2020-02-25,Ventura,111,848112,4,0,0,0,0
2020-02-25,Yolo,113,214977,1,0,0,0,0
2020-02-25,Yuba,115,75493,0,0,0,0,0
2020-02-24,Alameda,001,1643700,13,0,0,0,0
2020-02-24,Alpine,003,1148,0,0,0,0,0
2020-02-24,Amador,005,37829,0,0,0,0,0
2020-02-24,Butte,007,227075,0,0,0,0,0
2020-02-24,Calaveras,009,45235,0,0,0,0,0
2020-02-24,Colusa,011,21464,0,0,0,0,0
2020-02-24,Contra Costa,013,1133247,9,0,0,0,0
2020-02-24,Del Norte,015,27424,0,0,0,0,0
2020-02-24,El Dorado,017,186661,0,0,0,0,0
2020-02-24,Fresno,019,978130,1,0,0,0,0
2020-02-24,Glenn,021,27897,0,0,0,0,0
2020-02-24,Humboldt,023,135768,1,1,0,1,0
2020-02-24,Imperial,025,180216,1,0,0,0,0
2020-02-24,Inyo,027,18085,0,0,0,0,0
2020-02-24,Kern,029,883053,2,0,0,0,0
2020-02-24,Kings,031,150075,3,0,1,1,0
2020-02-24,Lake,033,64148,0,0,0,0,0
2020-02-24,Lassen,035,31185,0,0,0,0,0
2020-02-24,Los Angeles,037,10098052,72,1,6,7,0
2020-02-24,Madera,039,155013,1,0,0,0,0
2020-02-24,Marin,041,260295,1,0,0,0,0
2020-02-24,Mariposa,043,17540,0,0,0,0,0
2020-02-24,Mendocino,045,87422,0,0,0,0,0
2020-02-24,Merced,047,269075,0,0,0,0,0
2020-02-24,Modoc,049,8938,0,0,0,0,0
2020-02-24,Mono,051,14174,0,0,0,0,0
2020-02-24,Monterey,053,433212,1,0,0,0,0
2020-02-24,Napa,055,140530,0,0,0,0,0
2020-02-24,Nevada,057,99092,0,0,1,1,0
2020-02-24,Orange,059,3164182,44,1,0,1,0
2020-02-24,Placer,061,380077,3,0,0,0,0
2020-02-24,Plumas,063,18699,0,0,0,0,0
2020-02-24,Riverside,065,2383286,9,0,1,1,0
2020-02-24,Sacramento,067,1510023,7,1,0,1,0
2020-02-24,San Benito,069,59416,0,2,0,2,0
2020-02-24,San Bernardino,071,2135413,21,0,0,0,0
2020-02-24,San Diego,073,3302833,7,2,0,2,0
2020-02-24,San Francisco,075,870044,6,0,0,0,0
2020-02-24,San Joaquin,077,732212,5,0,1,1,0
2020-02-24,San Luis Obispo,079,281455,2,0,0,0,0
2020-02-24,San Mateo,081,765935,13,0,0,0,0
2020-02-24,Santa Barbara,083,443738,0,0,0,0,0
2020-02-24,Santa Clara,085,1922200,38,2,1,3,0
2020-02-24,Santa Cruz,087,273765,5,0,0,0,0
2020-02-24,Shasta,089,179085,0,0,0,0,0
2020-02-24,Sierra,091,2930,0,0,0,0,0
2020-02-24,Siskiyou,093,43540,0,0,0,0,0
2020-02-24,Solano,095,438530,13,15,0,15,0
2020-02-24,Sonoma,097,501317,5,0,0,0,0
2020-02-24,Stanislaus,099,539301,2,0,2,2,0
2020-02-24,Sutter,101,95872,0,0,0,0,0
2020-02-24,Tehama,103,63373,0,0,0,0,0
2020-02-24,Trinity,105,12862,0,0,0,0,0
2020-02-24,Tulare,107,460477,3,0,0,0,0
2020-02-24,Tuolumne,109,53932,0,0,0,0,0
2020-02-24,Ventura,111,848112,4,0,0,0,0
2020-02-24,Yolo,113,214977,1,0,0,0,0
2020-02-24,Yuba,115,75493,0,0,0,0,0
2020-02-23,Alameda,001,1643700,11,0,0,0,0
2020-02-23,Alpine,003,1148,0,0,0,0,0
2020-02-23,Amador,005,37829,0,0,0,0,0
2020-02-23,Butte,007,227075,0,0,0,0,0
2020-02-23,Calaveras,009,45235,0,0,0,0,0
2020-02-23,Colusa,011,21464,0,0,0,0,0
2020-02-23,Contra Costa,013,1133247,6,0,0,0,0
2020-02-23,Del Norte,015,27424,0,0,0,0,0
2020-02-23,El Dorado,017,186661,0,0,0,0,0
2020-02-23,Fresno,019,978130,1,0,0,0,0
2020-02-23,Glenn,021,27897,0,0,0,0,0
2020-02-23,Humboldt,023,135768,1,1,0,1,0
2020-02-23,Imperial,025,180216,1,0,0,0,0
2020-02-23,Inyo,027,18085,0,0,0,0,0
2020-02-23,Kern,029,883053,2,0,0,0,0
2020-02-23,Kings,031,150075,3,0,1,1,0
2020-02-23,Lake,033,64148,0,0,0,0,0
2020-02-23,Lassen,035,31185,0,0,0,0,0
2020-02-23,Los Angeles,037,10098052,64,1,6,7,0
2020-02-23,Madera,039,155013,1,0,0,0,0
2020-02-23,Marin,041,260295,1,0,0,0,0
2020-02-23,Mariposa,043,17540,0,0,0,0,0
2020-02-23,Mendocino,045,87422,0,0,0,0,0
2020-02-23,Merced,047,269075,0,0,0,0,0
2020-02-23,Modoc,049,8938,0,0,0,0,0
2020-02-23,Mono,051,14174,0,0,0,0,0
2020-02-23,Monterey,053,433212,1,0,0,0,0
2020-02-23,Napa,055,140530,0,0,0,0,0
2020-02-23,Nevada,057,99092,0,0,1,1,0
2020-02-23,Orange,059,3164182,44,1,0,1,0
2020-02-23,Placer,061,380077,3,0,0,0,0
2020-02-23,Plumas,063,18699,0,0,0,0,0
2020-02-23,Riverside,065,2383286,9,0,0,0,0
2020-02-23,Sacramento,067,1510023,6,1,0,1,0
2020-02-23,San Benito,069,59416,0,2,0,2,0
2020-02-23,San Bernardino,071,2135413,20,0,0,0,0
2020-02-23,San Diego,073,3302833,6,2,0,2,0
2020-02-23,San Francisco,075,870044,5,0,0,0,0
2020-02-23,San Joaquin,077,732212,4,0,1,1,0
2020-02-23,San Luis Obispo,079,281455,2,0,0,0,0
2020-02-23,San Mateo,081,765935,10,0,0,0,0
2020-02-23,Santa Barbara,083,443738,0,0,0,0,0
2020-02-23,Santa Clara,085,1922200,26,2,1,3,0
2020-02-23,Santa Cruz,087,273765,2,0,0,0,0
2020-02-23,Shasta,089,179085,0,0,0,0,0
2020-02-23,Sierra,091,2930,0,0,0,0,0
2020-02-23,Siskiyou,093,43540,0,0,0,0,0
2020-02-23,Solano,095,438530,11,15,0,15,0
2020-02-23,Sonoma,097,501317,5,0,0,0,0
2020-02-23,Stanislaus,099,539301,2,0,2,2,0
2020-02-23,Sutter,101,95872,0,0,0,0,0
2020-02-23,Tehama,103,63373,0,0,0,0,0
2020-02-23,Trinity,105,12862,0,0,0,0,0
2020-02-23,Tulare,107,460477,2,0,0,0,0
2020-02-23,Tuolumne,109,53932,0,0,0,0,0
2020-02-23,Ventura,111,848112,4,0,0,0,0
2020-02-23,Yolo,113,214977,1,0,0,0,0
2020-02-23,Yuba,115,75493,0,0,0,0,0
2020-02-22,Alameda,001,1643700,10,0,0,0,0
2020-02-22,Alpine,003,1148,0,0,0,0,0
2020-02-22,Amador,005,37829,0,0,0,0,0
2020-02-22,Butte,007,227075,0,0,0,0,0
2020-02-22,Calaveras,009,45235,0,0,0,0,0
2020-02-22,Colusa,011,21464,0,0,0,0,0
2020-02-22,Contra Costa,013,1133247,5,0,0,0,0
2020-02-22,Del Norte,015,27424,0,0,0,0,0
2020-02-22,El Dorado,017,186661,0,0,0,0,0
2020-02-22,Fresno,019,978130,1,0,0,0,0
2020-02-22,Glenn,021,27897,0,0,0,0,0
2020-02-22,Humboldt,023,135768,1,1,0,1,0
2020-02-22,Imperial,025,180216,0,0,0,0,0
2020-02-22,Inyo,027,18085,0,0,0,0,0
2020-02-22,Kern,029,883053,2,0,0,0,0
2020-02-22,Kings,031,150075,3,0,1,1,0
2020-02-22,Lake,033,64148,0,0,0,0,0
2020-02-22,Lassen,035,31185,0,0,0,0,0
2020-02-22,Los Angeles,037,10098052,62,1,6,7,0
2020-02-22,Madera,039,155013,0,0,0,0,0
2020-02-22,Marin,041,260295,1,0,0,0,0
2020-02-22,Mariposa,043,17540,0,0,0,0,0
2020-02-22,Mendocino,045,87422,0,0,0,0,0
2020-02-22,Merced,047,269075,0,0,0,0,0
2020-02-22,Modoc,049,8938,0,0,0,0,0
2020-02-22,Mono,051,14174,0,0,0,0,0
2020-02-22,Monterey,053,433212,1,0,0,0,0
2020-02-22,Napa,055,140530,0,0,0,0,0
2020-02-22,Nevada,057,99092,0,0,1,1,0
2020-02-22,Orange,059,3164182,43,1,0,1,0
2020-02-22,Placer,061,380077,3,0,0,0,0
2020-02-22,Plumas,063,18699,0,0,0,0,0
2020-02-22,Riverside,065,2383286,9,0,0,0,0
2020-02-22,Sacramento,067,1510023,6,1,0,1,0
2020-02-22,San Benito,069,59416,0,2,0,2,0
2020-02-22,San Bernardino,071,2135413,18,0,0,0,0
2020-02-22,San Diego,073,3302833,5,2,0,2,0
2020-02-22,San Francisco,075,870044,3,0,0,0,0
2020-02-22,San Joaquin,077,732212,4,0,1,1,0
2020-02-22,San Luis Obispo,079,281455,2,0,0,0,0
2020-02-22,San Mateo,081,765935,8,0,0,0,0
2020-02-22,Santa Barbara,083,443738,0,0,0,0,0
2020-02-22,Santa Clara,085,1922200,23,2,1,3,0
2020-02-22,Santa Cruz,087,273765,2,0,0,0,0
2020-02-22,Shasta,089,179085,0,0,0,0,0
2020-02-22,Sierra,091,2930,0,0,0,0,0
2020-02-22,Siskiyou,093,43540,0,0,0,0,0
2020-02-22,Solano,095,438530,11,11,0,11,0
2020-02-22,Sonoma,097,501317,4,0,0,0,0
2020-02-22,Stanislaus,099,539301,2,0,2,2,0
2020-02-22,Sutter,101,95872,0,0,0,0,0
2020-02-22,Tehama,103,63373,0,0,0,0,0
2020-02-22,Trinity,105,12862,0,0,0,0,0
2020-02-22,Tulare,107,460477,2,0,0,0,0
2020-02-22,Tuolumne,109,53932,0,0,0,0,0
2020-02-22,Ventura,111,848112,4,0,0,0,0
2020-02-22,Yolo,113,214977,0,0,0,0,0
2020-02-22,Yuba,115,75493,0,0,0,0,0
2020-02-21,Alameda,001,1643700,9,0,0,0,0
2020-02-21,Alpine,003,1148,0,0,0,0,0
2020-02-21,Amador,005,37829,0,0,0,0,0
2020-02-21,Butte,007,227075,0,0,0,0,0
2020-02-21,Calaveras,009,45235,0,0,0,0,0
2020-02-21,Colusa,011,21464,0,0,0,0,0
2020-02-21,Contra Costa,013,1133247,4,0,0,0,0
2020-02-21,Del Norte,015,27424,0,0,0,0,0
2020-02-21,El Dorado,017,186661,0,0,0,0,0
2020-02-21,Fresno,019,978130,1,0,0,0,0
2020-02-21,Glenn,021,27897,0,0,0,0,0
2020-02-21,Humboldt,023,135768,1,1,0,1,0
2020-02-21,Imperial,025,180216,0,0,0,0,0
2020-02-21,Inyo,027,18085,0,0,0,0,0
2020-02-21,Kern,029,883053,2,0,0,0,0
2020-02-21,Kings,031,150075,3,0,1,1,0
2020-02-21,Lake,033,64148,0,0,0,0,0
2020-02-21,Lassen,035,31185,0,0,0,0,0
2020-02-21,Los Angeles,037,10098052,58,1,6,7,0
2020-02-21,Madera,039,155013,0,0,0,0,0
2020-02-21,Marin,041,260295,1,0,0,0,0
2020-02-21,Mariposa,043,17540,0,0,0,0,0
2020-02-21,Mendocino,045,87422,0,0,0,0,0
2020-02-21,Merced,047,269075,0,0,0,0,0
2020-02-21,Modoc,049,8938,0,0,0,0,0
2020-02-21,Mono,051,14174,0,0,0,0,0
2020-02-21,Monterey,053,433212,1,0,0,0,0
2020-02-21,Napa,055,140530,0,0,0,0,0
2020-02-21,Nevada,057,99092,0,0,1,1,0
2020-02-21,Orange,059,3164182,41,1,0,1,0
2020-02-21,Placer,061,380077,2,0,0,0,0
2020-02-21,Plumas,063,18699,0,0,0,0,0
2020-02-21,Riverside,065,2383286,9,0,0,0,0
2020-02-21,Sacramento,067,1510023,5,1,0,1,0
2020-02-21,San Benito,069,59416,0,2,0,2,0
2020-02-21,San Bernardino,071,2135413,17,0,0,0,0
2020-02-21,San Diego,073,3302833,5,2,0,2,0
2020-02-21,San Francisco,075,870044,3,0,0,0,0
2020-02-21,San Joaquin,077,732212,2,0,1,1,0
2020-02-21,San Luis Obispo,079,281455,2,0,0,0,0
2020-02-21,San Mateo,081,765935,8,0,0,0,0
2020-02-21,Santa Barbara,083,443738,0,0,0,0,0
2020-02-21,Santa Clara,085,1922200,21,2,1,3,0
2020-02-21,Santa Cruz,087,273765,2,0,0,0,0
2020-02-21,Shasta,089,179085,0,0,0,0,0
2020-02-21,Sierra,091,2930,0,0,0,0,0
2020-02-21,Siskiyou,093,43540,0,0,0,0,0
2020-02-21,Solano,095,438530,10,11,0,11,0
2020-02-21,Sonoma,097,501317,3,0,0,0,0
2020-02-21,Stanislaus,099,539301,2,0,2,2,0
2020-02-21,Sutter,101,95872,0,0,0,0,0
2020-02-21,Tehama,103,63373,0,0,0,0,0
2020-02-21,Trinity,105,12862,0,0,0,0,0
2020-02-21,Tulare,107,460477,2,0,0,0,0
2020-02-21,Tuolumne,109,53932,0,0,0,0,0
2020-02-21,Ventura,111,848112,4,0,0,0,0
2020-02-21,Yolo,113,214977,0,0,0,0,0
2020-02-21,Yuba,115,75493,0,0,0,0,0
2020-02-20,Alameda,001,1643700,7,0,0,0,0
2020-02-20,Alpine,003,1148,0,0,0,0,0
2020-02-20,Amador,005,37829,0,0,0,0,0
2020-02-20,Butte,007,227075,0,0,0,0,0
2020-02-20,Calaveras,009,45235,0,0,0,0,0
2020-02-20,Colusa,011,21464,0,0,0,0,0
2020-02-20,Contra Costa,013,1133247,3,0,0,0,0
2020-02-20,Del Norte,015,27424,0,0,0,0,0
2020-02-20,El Dorado,017,186661,0,0,0,0,0
2020-02-20,Fresno,019,978130,1,0,0,0,0
2020-02-20,Glenn,021,27897,0,0,0,0,0
2020-02-20,Humboldt,023,135768,1,1,0,1,0
2020-02-20,Imperial,025,180216,0,0,0,0,0
2020-02-20,Inyo,027,18085,0,0,0,0,0
2020-02-20,Kern,029,883053,2,0,0,0,0
2020-02-20,Kings,031,150075,3,0,1,1,0
2020-02-20,Lake,033,64148,0,0,0,0,0
2020-02-20,Lassen,035,31185,0,0,0,0,0
2020-02-20,Los Angeles,037,10098052,57,1,5,6,0
2020-02-20,Madera,039,155013,0,0,0,0,0
2020-02-20,Marin,041,260295,0,0,0,0,0
2020-02-20,Mariposa,043,17540,0,0,0,0,0
2020-02-20,Mendocino,045,87422,0,0,0,0,0
2020-02-20,Merced,047,269075,0,0,0,0,0
2020-02-20,Modoc,049,8938,0,0,0,0,0
2020-02-20,Mono,051,14174,0,0,0,0,0
2020-02-20,Monterey,053,433212,1,0,0,0,0
2020-02-20,Napa,055,140530,0,0,0,0,0
2020-02-20,Nevada,057,99092,0,0,1,1,0
2020-02-20,Orange,059,3164182,41,1,0,1,0
2020-02-20,Placer,061,380077,2,0,0,0,0
2020-02-20,Plumas,063,18699,0,0,0,0,0
2020-02-20,Riverside,065,2383286,7,0,0,0,0
2020-02-20,Sacramento,067,1510023,2,1,0,1,0
2020-02-20,San Benito,069,59416,0,2,0,2,0
2020-02-20,San Bernardino,071,2135413,15,0,0,0,0
2020-02-20,San Diego,073,3302833,5,2,0,2,0
2020-02-20,San Francisco,075,870044,3,0,0,0,0
2020-02-20,San Joaquin,077,732212,2,0,1,1,0
2020-02-20,San Luis Obispo,079,281455,2,0,0,0,0
2020-02-20,San Mateo,081,765935,7,0,0,0,0
2020-02-20,Santa Barbara,083,443738,0,0,0,0,0
2020-02-20,Santa Clara,085,1922200,17,2,1,3,0
2020-02-20,Santa Cruz,087,273765,2,0,0,0,0
2020-02-20,Shasta,089,179085,0,0,0,0,0
2020-02-20,Sierra,091,2930,0,0,0,0,0
2020-02-20,Siskiyou,093,43540,0,0,0,0,0
2020-02-20,Solano,095,438530,8,7,0,7,0
2020-02-20,Sonoma,097,501317,2,0,0,0,0
2020-02-20,Stanislaus,099,539301,2,0,2,2,0
2020-02-20,Sutter,101,95872,0,0,0,0,0
2020-02-20,Tehama,103,63373,0,0,0,0,0
2020-02-20,Trinity,105,12862,0,0,0,0,0
2020-02-20,Tulare,107,460477,2,0,0,0,0
2020-02-20,Tuolumne,109,53932,0,0,0,0,0
2020-02-20,Ventura,111,848112,4,0,0,0,0
2020-02-20,Yolo,113,214977,0,0,0,0,0
2020-02-20,Yuba,115,75493,0,0,0,0,0
2020-02-19,Alameda,001,1643700,6,0,0,0,0
2020-02-19,Alpine,003,1148,0,0,0,0,0
2020-02-19,Amador,005,37829,0,0,0,0,0
2020-02-19,Butte,007,227075,0,0,0,0,0
2020-02-19,Calaveras,009,45235,0,0,0,0,0
2020-02-19,Colusa,011,21464,0,0,0,0,0
2020-02-19,Contra Costa,013,1133247,3,0,0,0,0
2020-02-19,Del Norte,015,27424,0,0,0,0,0
2020-02-19,El Dorado,017,186661,0,0,0,0,0
2020-02-19,Fresno,019,978130,1,0,0,0,0
2020-02-19,Glenn,021,27897,0,0,0,0,0
2020-02-19,Humboldt,023,135768,1,0,0,0,0
2020-02-19,Imperial,025,180216,0,0,0,0,0
2020-02-19,Inyo,027,18085,0,0,0,0,0
2020-02-19,Kern,029,883053,2,0,0,0,0
2020-02-19,Kings,031,150075,3,0,1,1,0
2020-02-19,Lake,033,64148,0,0,0,0,0
2020-02-19,Lassen,035,31185,0,0,0,0,0
2020-02-19,Los Angeles,037,10098052,54,1,5,6,0
2020-02-19,Madera,039,155013,0,0,0,0,0
2020-02-19,Marin,041,260295,0,0,0,0,0
2020-02-19,Mariposa,043,17540,0,0,0,0,0
2020-02-19,Mendocino,045,87422,0,0,0,0,0
2020-02-19,Merced,047,269075,0,0,0,0,0
2020-02-19,Modoc,049,8938,0,0,0,0,0
2020-02-19,Mono,051,14174,0,0,0,0,0
2020-02-19,Monterey,053,433212,1,0,0,0,0
2020-02-19,Napa,055,140530,0,0,0,0,0
2020-02-19,Nevada,057,99092,0,0,1,1,0
2020-02-19,Orange,059,3164182,40,1,0,1,0
2020-02-19,Placer,061,380077,2,0,0,0,0
2020-02-19,Plumas,063,18699,0,0,0,0,0
2020-02-19,Riverside,065,2383286,5,0,0,0,0
2020-02-19,Sacramento,067,1510023,2,0,0,0,0
2020-02-19,San Benito,069,59416,0,2,0,2,0
2020-02-19,San Bernardino,071,2135413,14,0,0,0,0
2020-02-19,San Diego,073,3302833,4,2,0,2,0
2020-02-19,San Francisco,075,870044,2,0,0,0,0
2020-02-19,San Joaquin,077,732212,2,0,1,1,0
2020-02-19,San Luis Obispo,079,281455,2,0,0,0,0
2020-02-19,San Mateo,081,765935,6,0,0,0,0
2020-02-19,Santa Barbara,083,443738,0,0,0,0,0
2020-02-19,Santa Clara,085,1922200,15,2,1,3,0
2020-02-19,Santa Cruz,087,273765,0,0,0,0,0
2020-02-19,Shasta,089,179085,0,0,0,0,0
2020-02-19,Sierra,091,2930,0,0,0,0,0
2020-02-19,Siskiyou,093,43540,0,0,0,0,0
2020-02-19,Solano,095,438530,5,7,0,7,0
2020-02-19,Sonoma,097,501317,2,0,0,0,0
2020-02-19,Stanislaus,099,539301,1,0,2,2,0
2020-02-19,Sutter,101,95872,0,0,0,0,0
2020-02-19,Tehama,103,63373,0,0,0,0,0
2020-02-19,Trinity,105,12862,0,0,0,0,0
2020-02-19,Tulare,107,460477,2,0,0,0,0
2020-02-19,Tuolumne,109,53932,0,0,0,0,0
2020-02-19,Ventura,111,848112,2,0,0,0,0
2020-02-19,Yolo,113,214977,0,0,0,0,0
2020-02-19,Yuba,115,75493,0,0,0,0,0
2020-02-18,Alameda,001,1643700,6,0,0,0,0
2020-02-18,Alpine,003,1148,0,0,0,0,0
2020-02-18,Amador,005,37829,0,0,0,0,0
2020-02-18,Butte,007,227075,0,0,0,0,0
2020-02-18,Calaveras,009,45235,0,0,0,0,0
2020-02-18,Colusa,011,21464,0,0,0,0,0
2020-02-18,Contra Costa,013,1133247,3,0,0,0,0
2020-02-18,Del Norte,015,27424,0,0,0,0,0
2020-02-18,El Dorado,017,186661,0,0,0,0,0
2020-02-18,Fresno,019,978130,0,0,0,0,0
2020-02-18,Glenn,021,27897,0,0,0,0,0
2020-02-18,Humboldt,023,135768,1,0,0,0,0
2020-02-18,Imperial,025,180216,0,0,0,0,0
2020-02-18,Inyo,027,18085,0,0,0,0,0
2020-02-18,Kern,029,883053,2,0,0,0,0
2020-02-18,Kings,031,150075,3,0,1,1,0
2020-02-18,Lake,033,64148,0,0,0,0,0
2020-02-18,Lassen,035,31185,0,0,0,0,0
2020-02-18,Los Angeles,037,10098052,51,1,4,5,0
2020-02-18,Madera,039,155013,0,0,0,0,0
2020-02-18,Marin,041,260295,0,0,0,0,0
2020-02-18,Mariposa,043,17540,0,0,0,0,0
2020-02-18,Mendocino,045,87422,0,0,0,0,0
2020-02-18,Merced,047,269075,0,0,0,0,0
2020-02-18,Modoc,049,8938,0,0,0,0,0
2020-02-18,Mono,051,14174,0,0,0,0,0
2020-02-18,Monterey,053,433212,1,0,0,0,0
2020-02-18,Napa,055,140530,0,0,0,0,0
2020-02-18,Nevada,057,99092,0,0,1,1,0
2020-02-18,Orange,059,3164182,39,1,0,1,0
2020-02-18,Placer,061,380077,0,0,0,0,0
2020-02-18,Plumas,063,18699,0,0,0,0,0
2020-02-18,Riverside,065,2383286,5,0,0,0,0
2020-02-18,Sacramento,067,1510023,2,0,0,0,0
2020-02-18,San Benito,069,59416,0,2,0,2,0
2020-02-18,San Bernardino,071,2135413,13,0,0,0,0
2020-02-18,San Diego,073,3302833,4,2,0,2,0
2020-02-18,San Francisco,075,870044,2,0,0,0,0
2020-02-18,San Joaquin,077,732212,1,0,1,1,0
2020-02-18,San Luis Obispo,079,281455,2,0,0,0,0
2020-02-18,San Mateo,081,765935,5,0,0,0,0
2020-02-18,Santa Barbara,083,443738,0,0,0,0,0
2020-02-18,Santa Clara,085,1922200,14,2,1,3,0
2020-02-18,Santa Cruz,087,273765,0,0,0,0,0
2020-02-18,Shasta,089,179085,0,0,0,0,0
2020-02-18,Sierra,091,2930,0,0,0,0,0
2020-02-18,Siskiyou,093,43540,0,0,0,0,0
2020-02-18,Solano,095,438530,5,7,0,7,0
2020-02-18,Sonoma,097,501317,1,0,0,0,0
2020-02-18,Stanislaus,099,539301,1,0,2,2,0
2020-02-18,Sutter,101,95872,0,0,0,0,0
2020-02-18,Tehama,103,63373,0,0,0,0,0
2020-02-18,Trinity,105,12862,0,0,0,0,0
2020-02-18,Tulare,107,460477,2,0,0,0,0
2020-02-18,Tuolumne,109,53932,0,0,0,0,0
2020-02-18,Ventura,111,848112,2,0,0,0,0
2020-02-18,Yolo,113,214977,0,0,0,0,0
2020-02-18,Yuba,115,75493,0,0,0,0,0
2020-02-17,Alameda,001,1643700,6,0,0,0,0
2020-02-17,Alpine,003,1148,0,0,0,0,0
2020-02-17,Amador,005,37829,0,0,0,0,0
2020-02-17,Butte,007,227075,0,0,0,0,0
2020-02-17,Calaveras,009,45235,0,0,0,0,0
2020-02-17,Colusa,011,21464,0,0,0,0,0
2020-02-17,Contra Costa,013,1133247,3,0,0,0,0
2020-02-17,Del Norte,015,27424,0,0,0,0,0
2020-02-17,El Dorado,017,186661,0,0,0,0,0
2020-02-17,Fresno,019,978130,0,0,0,0,0
2020-02-17,Glenn,021,27897,0,0,0,0,0
2020-02-17,Humboldt,023,135768,1,0,0,0,0
2020-02-17,Imperial,025,180216,0,0,0,0,0
2020-02-17,Inyo,027,18085,0,0,0,0,0
2020-02-17,Kern,029,883053,2,0,0,0,0
2020-02-17,Kings,031,150075,3,0,0,0,0
2020-02-17,Lake,033,64148,0,0,0,0,0
2020-02-17,Lassen,035,31185,0,0,0,0,0
2020-02-17,Los Angeles,037,10098052,48,1,4,5,0
2020-02-17,Madera,039,155013,0,0,0,0,0
2020-02-17,Marin,041,260295,0,0,0,0,0
2020-02-17,Mariposa,043,17540,0,0,0,0,0
2020-02-17,Mendocino,045,87422,0,0,0,0,0
2020-02-17,Merced,047,269075,0,0,0,0,0
2020-02-17,Modoc,049,8938,0,0,0,0,0
2020-02-17,Mono,051,14174,0,0,0,0,0
2020-02-17,Monterey,053,433212,1,0,0,0,0
2020-02-17,Napa,055,140530,0,0,0,0,0
2020-02-17,Nevada,057,99092,0,0,1,1,0
2020-02-17,Orange,059,3164182,39,1,0,1,0
2020-02-17,Placer,061,380077,0,0,0,0,0
2020-02-17,Plumas,063,18699,0,0,0,0,0
2020-02-17,Riverside,065,2383286,5,0,0,0,0
2020-02-17,Sacramento,067,1510023,2,0,0,0,0
2020-02-17,San Benito,069,59416,0,2,0,2,0
2020-02-17,San Bernardino,071,2135413,11,0,0,0,0
2020-02-17,San Diego,073,3302833,4,2,0,2,0
2020-02-17,San Francisco,075,870044,2,0,0,0,0
2020-02-17,San Joaquin,077,732212,1,0,1,1,0
2020-02-17,San Luis Obispo,079,281455,1,0,0,0,0
2020-02-17,San Mateo,081,765935,5,0,0,0,0
2020-02-17,Santa Barbara,083,443738,0,0,0,0,0
2020-02-17,Santa Clara,085,1922200,12,2,1,3,0
2020-02-17,Santa Cruz,087,273765,0,0,0,0,0
2020-02-17,Shasta,089,179085,0,0,0,0,0
2020-02-17,Sierra,091,2930,0,0,0,0,0
2020-02-17,Siskiyou,093,43540,0,0,0,0,0
2020-02-17,Solano,095,438530,3,5,0,5,0
2020-02-17,Sonoma,097,501317,1,0,0,0,0
2020-02-17,Stanislaus,099,539301,1,0,2,2,0
2020-02-17,Sutter,101,95872,0,0,0,0,0
2020-02-17,Tehama,103,63373,0,0,0,0,0
2020-02-17,Trinity,105,12862,0,0,0,0,0
2020-02-17,Tulare,107,460477,2,0,0,0,0
2020-02-17,Tuolumne,109,53932,0,0,0,0,0
2020-02-17,Ventura,111,848112,2,0,0,0,0
2020-02-17,Yolo,113,214977,0,0,0,0,0
2020-02-17,Yuba,115,75493,0,0,0,0,0
2020-02-16,Alameda,001,1643700,5,0,0,0,0
2020-02-16,Alpine,003,1148,0,0,0,0,0
2020-02-16,Amador,005,37829,0,0,0,0,0
2020-02-16,Butte,007,227075,0,0,0,0,0
2020-02-16,Calaveras,009,45235,0,0,0,0,0
2020-02-16,Colusa,011,21464,0,0,0,0,0
2020-02-16,Contra Costa,013,1133247,3,0,0,0,0
2020-02-16,Del Norte,015,27424,0,0,0,0,0
2020-02-16,El Dorado,017,186661,0,0,0,0,0
2020-02-16,Fresno,019,978130,0,0,0,0,0
2020-02-16,Glenn,021,27897,0,0,0,0,0
2020-02-16,Humboldt,023,135768,1,0,0,0,0
2020-02-16,Imperial,025,180216,0,0,0,0,0
2020-02-16,Inyo,027,18085,0,0,0,0,0
2020-02-16,Kern,029,883053,2,0,0,0,0
2020-02-16,Kings,031,150075,3,0,0,0,0
2020-02-16,Lake,033,64148,0,0,0,0,0
2020-02-16,Lassen,035,31185,0,0,0,0,0
2020-02-16,Los Angeles,037,10098052,42,1,4,5,0
2020-02-16,Madera,039,155013,0,0,0,0,0
2020-02-16,Marin,041,260295,0,0,0,0,0
2020-02-16,Mariposa,043,17540,0,0,0,0,0
2020-02-16,Mendocino,045,87422,0,0,0,0,0
2020-02-16,Merced,047,269075,0,0,0,0,0
2020-02-16,Modoc,049,8938,0,0,0,0,0
2020-02-16,Mono,051,14174,0,0,0,0,0
2020-02-16,Monterey,053,433212,1,0,0,0,0
2020-02-16,Napa,055,140530,0,0,0,0,0
2020-02-16,Nevada,057,99092,0,0,0,0,0
2020-02-16,Orange,059,3164182,38,1,0,1,0
2020-02-16,Placer,061,380077,0,0,0,0,0
2020-02-16,Plumas,063,18699,0,0,0,0,0
2020-02-16,Riverside,065,2383286,5,0,0,0,0
2020-02-16,Sacramento,067,1510023,2,0,0,0,0
2020-02-16,San Benito,069,59416,0,2,0,2,0
2020-02-16,San Bernardino,071,2135413,10,0,0,0,0
2020-02-16,San Diego,073,3302833,4,2,0,2,0
2020-02-16,San Francisco,075,870044,2,0,0,0,0
2020-02-16,San Joaquin,077,732212,1,0,1,1,0
2020-02-16,San Luis Obispo,079,281455,1,0,0,0,0
2020-02-16,San Mateo,081,765935,4,0,0,0,0
2020-02-16,Santa Barbara,083,443738,0,0,0,0,0
2020-02-16,Santa Clara,085,1922200,10,2,1,3,0
2020-02-16,Santa Cruz,087,273765,0,0,0,0,0
2020-02-16,Shasta,089,179085,0,0,0,0,0
2020-02-16,Sierra,091,2930,0,0,0,0,0
2020-02-16,Siskiyou,093,43540,0,0,0,0,0
2020-02-16,Solano,095,438530,1,0,0,0,0
2020-02-16,Sonoma,097,501317,1,0,0,0,0
2020-02-16,Stanislaus,099,539301,1,0,2,2,0
2020-02-16,Sutter,101,95872,0,0,0,0,0
2020-02-16,Tehama,103,63373,0,0,0,0,0
2020-02-16,Trinity,105,12862,0,0,0,0,0
2020-02-16,Tulare,107,460477,2,0,0,0,0
2020-02-16,Tuolumne,109,53932,0,0,0,0,0
2020-02-16,Ventura,111,848112,2,0,0,0,0
2020-02-16,Yolo,113,214977,0,0,0,0,0
2020-02-16,Yuba,115,75493,0,0,0,0,0
2020-02-15,Alameda,001,1643700,5,0,0,0,0
2020-02-15,Alpine,003,1148,0,0,0,0,0
2020-02-15,Amador,005,37829,0,0,0,0,0
2020-02-15,Butte,007,227075,0,0,0,0,0
2020-02-15,Calaveras,009,45235,0,0,0,0,0
2020-02-15,Colusa,011,21464,0,0,0,0,0
2020-02-15,Contra Costa,013,1133247,3,0,0,0,0
2020-02-15,Del Norte,015,27424,0,0,0,0,0
2020-02-15,El Dorado,017,186661,0,0,0,0,0
2020-02-15,Fresno,019,978130,0,0,0,0,0
2020-02-15,Glenn,021,27897,0,0,0,0,0
2020-02-15,Humboldt,023,135768,1,0,0,0,0
2020-02-15,Imperial,025,180216,0,0,0,0,0
2020-02-15,Inyo,027,18085,0,0,0,0,0
2020-02-15,Kern,029,883053,2,0,0,0,0
2020-02-15,Kings,031,150075,3,0,0,0,0
2020-02-15,Lake,033,64148,0,0,0,0,0
2020-02-15,Lassen,035,31185,0,0,0,0,0
2020-02-15,Los Angeles,037,10098052,39,1,4,5,0
2020-02-15,Madera,039,155013,0,0,0,0,0
2020-02-15,Marin,041,260295,0,0,0,0,0
2020-02-15,Mariposa,043,17540,0,0,0,0,0
2020-02-15,Mendocino,045,87422,0,0,0,0,0
2020-02-15,Merced,047,269075,0,0,0,0,0
2020-02-15,Modoc,049,8938,0,0,0,0,0
2020-02-15,Mono,051,14174,0,0,0,0,0
2020-02-15,Monterey,053,433212,1,0,0,0,0
2020-02-15,Napa,055,140530,0,0,0,0,0
2020-02-15,Nevada,057,99092,0,0,0,0,0
2020-02-15,Orange,059,3164182,37,1,0,1,0
2020-02-15,Placer,061,380077,0,0,0,0,0
2020-02-15,Plumas,063,18699,0,0,0,0,0
2020-02-15,Riverside,065,2383286,4,0,0,0,0
2020-02-15,Sacramento,067,1510023,2,0,0,0,0
2020-02-15,San Benito,069,59416,0,2,0,2,0
2020-02-15,San Bernardino,071,2135413,9,0,0,0,0
2020-02-15,San Diego,073,3302833,4,2,0,2,0
2020-02-15,San Francisco,075,870044,2,0,0,0,0
2020-02-15,San Joaquin,077,732212,1,0,1,1,0
2020-02-15,San Luis Obispo,079,281455,1,0,0,0,0
2020-02-15,San Mateo,081,765935,4,0,0,0,0
2020-02-15,Santa Barbara,083,443738,0,0,0,0,0
2020-02-15,Santa Clara,085,1922200,10,2,1,3,0
2020-02-15,Santa Cruz,087,273765,0,0,0,0,0
2020-02-15,Shasta,089,179085,0,0,0,0,0
2020-02-15,Sierra,091,2930,0,0,0,0,0
2020-02-15,Siskiyou,093,43540,0,0,0,0,0
2020-02-15,Solano,095,438530,1,0,0,0,0
2020-02-15,Sonoma,097,501317,0,0,0,0,0
2020-02-15,Stanislaus,099,539301,1,0,2,2,0
2020-02-15,Sutter,101,95872,0,0,0,0,0
2020-02-15,Tehama,103,63373,0,0,0,0,0
2020-02-15,Trinity,105,12862,0,0,0,0,0
2020-02-15,Tulare,107,460477,2,0,0,0,0
2020-02-15,Tuolumne,109,53932,0,0,0,0,0
2020-02-15,Ventura,111,848112,2,0,0,0,0
2020-02-15,Yolo,113,214977,0,0,0,0,0
2020-02-15,Yuba,115,75493,0,0,0,0,0
2020-02-14,Alameda,001,1643700,4,0,0,0,0
2020-02-14,Alpine,003,1148,0,0,0,0,0
2020-02-14,Amador,005,37829,0,0,0,0,0
2020-02-14,Butte,007,227075,0,0,0,0,0
2020-02-14,Calaveras,009,45235,0,0,0,0,0
2020-02-14,Colusa,011,21464,0,0,0,0,0
2020-02-14,Contra Costa,013,1133247,3,0,0,0,0
2020-02-14,Del Norte,015,27424,0,0,0,0,0
2020-02-14,El Dorado,017,186661,0,0,0,0,0
2020-02-14,Fresno,019,978130,0,0,0,0,0
2020-02-14,Glenn,021,27897,0,0,0,0,0
2020-02-14,Humboldt,023,135768,1,0,0,0,0
2020-02-14,Imperial,025,180216,0,0,0,0,0
2020-02-14,Inyo,027,18085,0,0,0,0,0
2020-02-14,Kern,029,883053,2,0,0,0,0
2020-02-14,Kings,031,150075,1,0,0,0,0
2020-02-14,Lake,033,64148,0,0,0,0,0
2020-02-14,Lassen,035,31185,0,0,0,0,0
2020-02-14,Los Angeles,037,10098052,34,1,4,5,0
2020-02-14,Madera,039,155013,0,0,0,0,0
2020-02-14,Marin,041,260295,0,0,0,0,0
2020-02-14,Mariposa,043,17540,0,0,0,0,0
2020-02-14,Mendocino,045,87422,0,0,0,0,0
2020-02-14,Merced,047,269075,0,0,0,0,0
2020-02-14,Modoc,049,8938,0,0,0,0,0
2020-02-14,Mono,051,14174,0,0,0,0,0
2020-02-14,Monterey,053,433212,1,0,0,0,0
2020-02-14,Napa,055,140530,0,0,0,0,0
2020-02-14,Nevada,057,99092,0,0,0,0,0
2020-02-14,Orange,059,3164182,37,1,0,1,0
2020-02-14,Placer,061,380077,0,0,0,0,0
2020-02-14,Plumas,063,18699,0,0,0,0,0
2020-02-14,Riverside,065,2383286,4,0,0,0,0
2020-02-14,Sacramento,067,1510023,1,0,0,0,0
2020-02-14,San Benito,069,59416,0,2,0,2,0
2020-02-14,San Bernardino,071,2135413,9,0,0,0,0
2020-02-14,San Diego,073,3302833,3,2,0,2,0
2020-02-14,San Francisco,075,870044,2,0,0,0,0
2020-02-14,San Joaquin,077,732212,1,0,1,1,0
2020-02-14,San Luis Obispo,079,281455,0,0,0,0,0
2020-02-14,San Mateo,081,765935,3,0,0,0,0
2020-02-14,Santa Barbara,083,443738,0,0,0,0,0
2020-02-14,Santa Clara,085,1922200,8,2,1,3,0
2020-02-14,Santa Cruz,087,273765,0,0,0,0,0
2020-02-14,Shasta,089,179085,0,0,0,0,0
2020-02-14,Sierra,091,2930,0,0,0,0,0
2020-02-14,Siskiyou,093,43540,0,0,0,0,0
2020-02-14,Solano,095,438530,1,0,0,0,0
2020-02-14,Sonoma,097,501317,0,0,0,0,0
2020-02-14,Stanislaus,099,539301,1,0,2,2,0
2020-02-14,Sutter,101,95872,0,0,0,0,0
2020-02-14,Tehama,103,63373,0,0,0,0,0
2020-02-14,Trinity,105,12862,0,0,0,0,0
2020-02-14,Tulare,107,460477,2,0,0,0,0
2020-02-14,Tuolumne,109,53932,0,0,0,0,0
2020-02-14,Ventura,111,848112,2,0,0,0,0
2020-02-14,Yolo,113,214977,0,0,0,0,0
2020-02-14,Yuba,115,75493,0,0,0,0,0
2020-02-13,Alameda,001,1643700,4,0,0,0,0
2020-02-13,Alpine,003,1148,0,0,0,0,0
2020-02-13,Amador,005,37829,0,0,0,0,0
2020-02-13,Butte,007,227075,0,0,0,0,0
2020-02-13,Calaveras,009,45235,0,0,0,0,0
2020-02-13,Colusa,011,21464,0,0,0,0,0
2020-02-13,Contra Costa,013,1133247,3,0,0,0,0
2020-02-13,Del Norte,015,27424,0,0,0,0,0
2020-02-13,El Dorado,017,186661,0,0,0,0,0
2020-02-13,Fresno,019,978130,0,0,0,0,0
2020-02-13,Glenn,021,27897,0,0,0,0,0
2020-02-13,Humboldt,023,135768,1,0,0,0,0
2020-02-13,Imperial,025,180216,0,0,0,0,0
2020-02-13,Inyo,027,18085,0,0,0,0,0
2020-02-13,Kern,029,883053,2,0,0,0,0
2020-02-13,Kings,031,150075,1,0,0,0,0
2020-02-13,Lake,033,64148,0,0,0,0,0
2020-02-13,Lassen,035,31185,0,0,0,0,0
2020-02-13,Los Angeles,037,10098052,31,1,3,4,0
2020-02-13,Madera,039,155013,0,0,0,0,0
2020-02-13,Marin,041,260295,0,0,0,0,0
2020-02-13,Mariposa,043,17540,0,0,0,0,0
2020-02-13,Mendocino,045,87422,0,0,0,0,0
2020-02-13,Merced,047,269075,0,0,0,0,0
2020-02-13,Modoc,049,8938,0,0,0,0,0
2020-02-13,Mono,051,14174,0,0,0,0,0
2020-02-13,Monterey,053,433212,1,0,0,0,0
2020-02-13,Napa,055,140530,0,0,0,0,0
2020-02-13,Nevada,057,99092,0,0,0,0,0
2020-02-13,Orange,059,3164182,36,1,0,1,0
2020-02-13,Placer,061,380077,0,0,0,0,0
2020-02-13,Plumas,063,18699,0,0,0,0,0
2020-02-13,Riverside,065,2383286,4,0,0,0,0
2020-02-13,Sacramento,067,1510023,1,0,0,0,0
2020-02-13,San Benito,069,59416,0,2,0,2,0
2020-02-13,San Bernardino,071,2135413,8,0,0,0,0
2020-02-13,San Diego,073,3302833,2,2,0,2,0
2020-02-13,San Francisco,075,870044,2,0,0,0,0
2020-02-13,San Joaquin,077,732212,1,0,1,1,0
2020-02-13,San Luis Obispo,079,281455,0,0,0,0,0
2020-02-13,San Mateo,081,765935,2,0,0,0,0
2020-02-13,Santa Barbara,083,443738,0,0,0,0,0
2020-02-13,Santa Clara,085,1922200,7,2,0,2,0
2020-02-13,Santa Cruz,087,273765,0,0,0,0,0
2020-02-13,Shasta,089,179085,0,0,0,0,0
2020-02-13,Sierra,091,2930,0,0,0,0,0
2020-02-13,Siskiyou,093,43540,0,0,0,0,0
2020-02-13,Solano,095,438530,0,0,0,0,0
2020-02-13,Sonoma,097,501317,0,0,0,0,0
2020-02-13,Stanislaus,099,539301,1,0,1,1,0
2020-02-13,Sutter,101,95872,0,0,0,0,0
2020-02-13,Tehama,103,63373,0,0,0,0,0
2020-02-13,Trinity,105,12862,0,0,0,0,0
2020-02-13,Tulare,107,460477,2,0,0,0,0
2020-02-13,Tuolumne,109,53932,0,0,0,0,0
2020-02-13,Ventura,111,848112,2,0,0,0,0
2020-02-13,Yolo,113,214977,0,0,0,0,0
2020-02-13,Yuba,115,75493,0,0,0,0,0
2020-02-12,Alameda,001,1643700,4,0,0,0,0
2020-02-12,Alpine,003,1148,0,0,0,0,0
2020-02-12,Amador,005,37829,0,0,0,0,0
2020-02-12,Butte,007,227075,0,0,0,0,0
2020-02-12,Calaveras,009,45235,0,0,0,0,0
2020-02-12,Colusa,011,21464,0,0,0,0,0
2020-02-12,Contra Costa,013,1133247,3,0,0,0,0
2020-02-12,Del Norte,015,27424,0,0,0,0,0
2020-02-12,El Dorado,017,186661,0,0,0,0,0
2020-02-12,Fresno,019,978130,0,0,0,0,0
2020-02-12,Glenn,021,27897,0,0,0,0,0
2020-02-12,Humboldt,023,135768,1,0,0,0,0
2020-02-12,Imperial,025,180216,0,0,0,0,0
2020-02-12,Inyo,027,18085,0,0,0,0,0
2020-02-12,Kern,029,883053,2,0,0,0,0
2020-02-12,Kings,031,150075,1,0,0,0,0
2020-02-12,Lake,033,64148,0,0,0,0,0
2020-02-12,Lassen,035,31185,0,0,0,0,0
2020-02-12,Los Angeles,037,10098052,30,1,3,4,0
2020-02-12,Madera,039,155013,0,0,0,0,0
2020-02-12,Marin,041,260295,0,0,0,0,0
2020-02-12,Mariposa,043,17540,0,0,0,0,0
2020-02-12,Mendocino,045,87422,0,0,0,0,0
2020-02-12,Merced,047,269075,0,0,0,0,0
2020-02-12,Modoc,049,8938,0,0,0,0,0
2020-02-12,Mono,051,14174,0,0,0,0,0
2020-02-12,Monterey,053,433212,1,0,0,0,0
2020-02-12,Napa,055,140530,0,0,0,0,0
2020-02-12,Nevada,057,99092,0,0,0,0,0
2020-02-12,Orange,059,3164182,36,1,0,1,0
2020-02-12,Placer,061,380077,0,0,0,0,0
2020-02-12,Plumas,063,18699,0,0,0,0,0
2020-02-12,Riverside,065,2383286,4,0,0,0,0
2020-02-12,Sacramento,067,1510023,1,0,0,0,0
2020-02-12,San Benito,069,59416,0,2,0,2,0
2020-02-12,San Bernardino,071,2135413,8,0,0,0,0
2020-02-12,San Diego,073,3302833,2,2,0,2,0
2020-02-12,San Francisco,075,870044,2,0,0,0,0
2020-02-12,San Joaquin,077,732212,1,0,1,1,0
2020-02-12,San Luis Obispo,079,281455,0,0,0,0,0
2020-02-12,San Mateo,081,765935,2,0,0,0,0
2020-02-12,Santa Barbara,083,443738,0,0,0,0,0
2020-02-12,Santa Clara,085,1922200,6,2,0,2,0
2020-02-12,Santa Cruz,087,273765,0,0,0,0,0
2020-02-12,Shasta,089,179085,0,0,0,0,0
2020-02-12,Sierra,091,2930,0,0,0,0,0
2020-02-12,Siskiyou,093,43540,0,0,0,0,0
2020-02-12,Solano,095,438530,0,0,0,0,0
2020-02-12,Sonoma,097,501317,0,0,0,0,0
2020-02-12,Stanislaus,099,539301,1,0,1,1,0
2020-02-12,Sutter,101,95872,0,0,0,0,0
2020-02-12,Tehama,103,63373,0,0,0,0,0
2020-02-12,Trinity,105,12862,0,0,0,0,0
2020-02-12,Tulare,107,460477,2,0,0,0,0
2020-02-12,Tuolumne,109,53932,0,0,0,0,0
2020-02-12,Ventura,111,848112,2,0,0,0,0
2020-02-12,Yolo,113,214977,0,0,0,0,0
2020-02-12,Yuba,115,75493,0,0,0,0,0
2020-02-11,Alameda,001,1643700,4,0,0,0,0
2020-02-11,Alpine,003,1148,0,0,0,0,0
2020-02-11,Amador,005,37829,0,0,0,0,0
2020-02-11,Butte,007,227075,0,0,0,0,0
2020-02-11,Calaveras,009,45235,0,0,0,0,0
2020-02-11,Colusa,011,21464,0,0,0,0,0
2020-02-11,Contra Costa,013,1133247,3,0,0,0,0
2020-02-11,Del Norte,015,27424,0,0,0,0,0
2020-02-11,El Dorado,017,186661,0,0,0,0,0
2020-02-11,Fresno,019,978130,0,0,0,0,0
2020-02-11,Glenn,021,27897,0,0,0,0,0
2020-02-11,Humboldt,023,135768,1,0,0,0,0
2020-02-11,Imperial,025,180216,0,0,0,0,0
2020-02-11,Inyo,027,18085,0,0,0,0,0
2020-02-11,Kern,029,883053,2,0,0,0,0
2020-02-11,Kings,031,150075,1,0,0,0,0
2020-02-11,Lake,033,64148,0,0,0,0,0
2020-02-11,Lassen,035,31185,0,0,0,0,0
2020-02-11,Los Angeles,037,10098052,30,1,3,4,0
2020-02-11,Madera,039,155013,0,0,0,0,0
2020-02-11,Marin,041,260295,0,0,0,0,0
2020-02-11,Mariposa,043,17540,0,0,0,0,0
2020-02-11,Mendocino,045,87422,0,0,0,0,0
2020-02-11,Merced,047,269075,0,0,0,0,0
2020-02-11,Modoc,049,8938,0,0,0,0,0
2020-02-11,Mono,051,14174,0,0,0,0,0
2020-02-11,Monterey,053,433212,1,0,0,0,0
2020-02-11,Napa,055,140530,0,0,0,0,0
2020-02-11,Nevada,057,99092,0,0,0,0,0
2020-02-11,Orange,059,3164182,35,1,0,1,0
2020-02-11,Placer,061,380077,0,0,0,0,0
2020-02-11,Plumas,063,18699,0,0,0,0,0
2020-02-11,Riverside,065,2383286,4,0,0,0,0
2020-02-11,Sacramento,067,1510023,1,0,0,0,0
2020-02-11,San Benito,069,59416,0,2,0,2,0
2020-02-11,San Bernardino,071,2135413,8,0,0,0,0
2020-02-11,San Diego,073,3302833,2,1,0,1,0
2020-02-11,San Francisco,075,870044,2,0,0,0,0
2020-02-11,San Joaquin,077,732212,0,0,1,1,0
2020-02-11,San Luis Obispo,079,281455,0,0,0,0,0
2020-02-11,San Mateo,081,765935,2,0,0,0,0
2020-02-11,Santa Barbara,083,443738,0,0,0,0,0
2020-02-11,Santa Clara,085,1922200,5,2,0,2,0
2020-02-11,Santa Cruz,087,273765,0,0,0,0,0
2020-02-11,Shasta,089,179085,0,0,0,0,0
2020-02-11,Sierra,091,2930,0,0,0,0,0
2020-02-11,Siskiyou,093,43540,0,0,0,0,0
2020-02-11,Solano,095,438530,0,0,0,0,0
2020-02-11,Sonoma,097,501317,0,0,0,0,0
2020-02-11,Stanislaus,099,539301,1,0,1,1,0
2020-02-11,Sutter,101,95872,0,0,0,0,0
2020-02-11,Tehama,103,63373,0,0,0,0,0
2020-02-11,Trinity,105,12862,0,0,0,0,0
2020-02-11,Tulare,107,460477,2,0,0,0,0
2020-02-11,Tuolumne,109,53932,0,0,0,0,0
2020-02-11,Ventura,111,848112,2,0,0,0,0
2020-02-11,Yolo,113,214977,0,0,0,0,0
2020-02-11,Yuba,115,75493,0,0,0,0,0
2020-02-10,Alameda,001,1643700,4,0,0,0,0
2020-02-10,Alpine,003,1148,0,0,0,0,0
2020-02-10,Amador,005,37829,0,0,0,0,0
2020-02-10,Butte,007,227075,0,0,0,0,0
2020-02-10,Calaveras,009,45235,0,0,0,0,0
2020-02-10,Colusa,011,21464,0,0,0,0,0
2020-02-10,Contra Costa,013,1133247,3,0,0,0,0
2020-02-10,Del Norte,015,27424,0,0,0,0,0
2020-02-10,El Dorado,017,186661,0,0,0,0,0
2020-02-10,Fresno,019,978130,0,0,0,0,0
2020-02-10,Glenn,021,27897,0,0,0,0,0
2020-02-10,Humboldt,023,135768,0,0,0,0,0
2020-02-10,Imperial,025,180216,0,0,0,0,0
2020-02-10,Inyo,027,18085,0,0,0,0,0
2020-02-10,Kern,029,883053,2,0,0,0,0
2020-02-10,Kings,031,150075,1,0,0,0,0
2020-02-10,Lake,033,64148,0,0,0,0,0
2020-02-10,Lassen,035,31185,0,0,0,0,0
2020-02-10,Los Angeles,037,10098052,28,1,3,4,0
2020-02-10,Madera,039,155013,0,0,0,0,0
2020-02-10,Marin,041,260295,0,0,0,0,0
2020-02-10,Mariposa,043,17540,0,0,0,0,0
2020-02-10,Mendocino,045,87422,0,0,0,0,0
2020-02-10,Merced,047,269075,0,0,0,0,0
2020-02-10,Modoc,049,8938,0,0,0,0,0
2020-02-10,Mono,051,14174,0,0,0,0,0
2020-02-10,Monterey,053,433212,1,0,0,0,0
2020-02-10,Napa,055,140530,0,0,0,0,0
2020-02-10,Nevada,057,99092,0,0,0,0,0
2020-02-10,Orange,059,3164182,35,1,0,1,0
2020-02-10,Placer,061,380077,0,0,0,0,0
2020-02-10,Plumas,063,18699,0,0,0,0,0
2020-02-10,Riverside,065,2383286,4,0,0,0,0
2020-02-10,Sacramento,067,1510023,1,0,0,0,0
2020-02-10,San Benito,069,59416,0,2,0,2,0
2020-02-10,San Bernardino,071,2135413,7,0,0,0,0
2020-02-10,San Diego,073,3302833,2,0,0,0,0
2020-02-10,San Francisco,075,870044,2,0,0,0,0
2020-02-10,San Joaquin,077,732212,0,0,1,1,0
2020-02-10,San Luis Obispo,079,281455,0,0,0,0,0
2020-02-10,San Mateo,081,765935,2,0,0,0,0
2020-02-10,Santa Barbara,083,443738,0,0,0,0,0
2020-02-10,Santa Clara,085,1922200,5,2,0,2,0
2020-02-10,Santa Cruz,087,273765,0,0,0,0,0
2020-02-10,Shasta,089,179085,0,0,0,0,0
2020-02-10,Sierra,091,2930,0,0,0,0,0
2020-02-10,Siskiyou,093,43540,0,0,0,0,0
2020-02-10,Solano,095,438530,0,0,0,0,0
2020-02-10,Sonoma,097,501317,0,0,0,0,0
2020-02-10,Stanislaus,099,539301,1,0,0,0,0
2020-02-10,Sutter,101,95872,0,0,0,0,0
2020-02-10,Tehama,103,63373,0,0,0,0,0
2020-02-10,Trinity,105,12862,0,0,0,0,0
2020-02-10,Tulare,107,460477,2,0,0,0,0
2020-02-10,Tuolumne,109,53932,0,0,0,0,0
2020-02-10,Ventura,111,848112,2,0,0,0,0
2020-02-10,Yolo,113,214977,0,0,0,0,0
2020-02-10,Yuba,115,75493,0,0,0,0,0
2020-02-09,Alameda,001,1643700,4,0,0,0,0
2020-02-09,Alpine,003,1148,0,0,0,0,0
2020-02-09,Amador,005,37829,0,0,0,0,0
2020-02-09,Butte,007,227075,0,0,0,0,0
2020-02-09,Calaveras,009,45235,0,0,0,0,0
2020-02-09,Colusa,011,21464,0,0,0,0,0
2020-02-09,Contra Costa,013,1133247,3,0,0,0,0
2020-02-09,Del Norte,015,27424,0,0,0,0,0
2020-02-09,El Dorado,017,186661,0,0,0,0,0
2020-02-09,Fresno,019,978130,0,0,0,0,0
2020-02-09,Glenn,021,27897,0,0,0,0,0
2020-02-09,Humboldt,023,135768,0,0,0,0,0
2020-02-09,Imperial,025,180216,0,0,0,0,0
2020-02-09,Inyo,027,18085,0,0,0,0,0
2020-02-09,Kern,029,883053,2,0,0,0,0
2020-02-09,Kings,031,150075,1,0,0,0,0
2020-02-09,Lake,033,64148,0,0,0,0,0
2020-02-09,Lassen,035,31185,0,0,0,0,0
2020-02-09,Los Angeles,037,10098052,27,1,3,4,0
2020-02-09,Madera,039,155013,0,0,0,0,0
2020-02-09,Marin,041,260295,0,0,0,0,0
2020-02-09,Mariposa,043,17540,0,0,0,0,0
2020-02-09,Mendocino,045,87422,0,0,0,0,0
2020-02-09,Merced,047,269075,0,0,0,0,0
2020-02-09,Modoc,049,8938,0,0,0,0,0
2020-02-09,Mono,051,14174,0,0,0,0,0
2020-02-09,Monterey,053,433212,1,0,0,0,0
2020-02-09,Napa,055,140530,0,0,0,0,0
2020-02-09,Nevada,057,99092,0,0,0,0,0
2020-02-09,Orange,059,3164182,35,1,0,1,0
2020-02-09,Placer,061,380077,0,0,0,0,0
2020-02-09,Plumas,063,18699,0,0,0,0,0
2020-02-09,Riverside,065,2383286,4,0,0,0,0
2020-02-09,Sacramento,067,1510023,0,0,0,0,0
2020-02-09,San Benito,069,59416,0,2,0,2,0
2020-02-09,San Bernardino,071,2135413,7,0,0,0,0
2020-02-09,San Diego,073,3302833,2,0,0,0,0
2020-02-09,San Francisco,075,870044,1,0,0,0,0
2020-02-09,San Joaquin,077,732212,0,0,1,1,0
2020-02-09,San Luis Obispo,079,281455,0,0,0,0,0
2020-02-09,San Mateo,081,765935,2,0,0,0,0
2020-02-09,Santa Barbara,083,443738,0,0,0,0,0
2020-02-09,Santa Clara,085,1922200,4,2,0,2,0
2020-02-09,Santa Cruz,087,273765,0,0,0,0,0
2020-02-09,Shasta,089,179085,0,0,0,0,0
2020-02-09,Sierra,091,2930,0,0,0,0,0
2020-02-09,Siskiyou,093,43540,0,0,0,0,0
2020-02-09,Solano,095,438530,0,0,0,0,0
2020-02-09,Sonoma,097,501317,0,0,0,0,0
2020-02-09,Stanislaus,099,539301,0,0,0,0,0
2020-02-09,Sutter,101,95872,0,0,0,0,0
2020-02-09,Tehama,103,63373,0,0,0,0,0
2020-02-09,Trinity,105,12862,0,0,0,0,0
2020-02-09,Tulare,107,460477,2,0,0,0,0
2020-02-09,Tuolumne,109,53932,0,0,0,0,0
2020-02-09,Ventura,111,848112,1,0,0,0,0
2020-02-09,Yolo,113,214977,0,0,0,0,0
2020-02-09,Yuba,115,75493,0,0,0,0,0
2020-02-08,Alameda,001,1643700,3,0,0,0,0
2020-02-08,Alpine,003,1148,0,0,0,0,0
2020-02-08,Amador,005,37829,0,0,0,0,0
2020-02-08,Butte,007,227075,0,0,0,0,0
2020-02-08,Calaveras,009,45235,0,0,0,0,0
2020-02-08,Colusa,011,21464,0,0,0,0,0
2020-02-08,Contra Costa,013,1133247,2,0,0,0,0
2020-02-08,Del Norte,015,27424,0,0,0,0,0
2020-02-08,El Dorado,017,186661,0,0,0,0,0
2020-02-08,Fresno,019,978130,0,0,0,0,0
2020-02-08,Glenn,021,27897,0,0,0,0,0
2020-02-08,Humboldt,023,135768,0,0,0,0,0
2020-02-08,Imperial,025,180216,0,0,0,0,0
2020-02-08,Inyo,027,18085,0,0,0,0,0
2020-02-08,Kern,029,883053,2,0,0,0,0
2020-02-08,Kings,031,150075,1,0,0,0,0
2020-02-08,Lake,033,64148,0,0,0,0,0
2020-02-08,Lassen,035,31185,0,0,0,0,0
2020-02-08,Los Angeles,037,10098052,24,1,1,2,0
2020-02-08,Madera,039,155013,0,0,0,0,0
2020-02-08,Marin,041,260295,0,0,0,0,0
2020-02-08,Mariposa,043,17540,0,0,0,0,0
2020-02-08,Mendocino,045,87422,0,0,0,0,0
2020-02-08,Merced,047,269075,0,0,0,0,0
2020-02-08,Modoc,049,8938,0,0,0,0,0
2020-02-08,Mono,051,14174,0,0,0,0,0
2020-02-08,Monterey,053,433212,1,0,0,0,0
2020-02-08,Napa,055,140530,0,0,0,0,0
2020-02-08,Nevada,057,99092,0,0,0,0,0
2020-02-08,Orange,059,3164182,35,1,0,1,0
2020-02-08,Placer,061,380077,0,0,0,0,0
2020-02-08,Plumas,063,18699,0,0,0,0,0
2020-02-08,Riverside,065,2383286,4,0,0,0,0
2020-02-08,Sacramento,067,1510023,0,0,0,0,0
2020-02-08,San Benito,069,59416,0,2,0,2,0
2020-02-08,San Bernardino,071,2135413,7,0,0,0,0
2020-02-08,San Diego,073,3302833,1,0,0,0,0
2020-02-08,San Francisco,075,870044,1,0,0,0,0
2020-02-08,San Joaquin,077,732212,0,0,1,1,0
2020-02-08,San Luis Obispo,079,281455,0,0,0,0,0
2020-02-08,San Mateo,081,765935,2,0,0,0,0
2020-02-08,Santa Barbara,083,443738,0,0,0,0,0
2020-02-08,Santa Clara,085,1922200,4,2,0,2,0
2020-02-08,Santa Cruz,087,273765,0,0,0,0,0
2020-02-08,Shasta,089,179085,0,0,0,0,0
2020-02-08,Sierra,091,2930,0,0,0,0,0
2020-02-08,Siskiyou,093,43540,0,0,0,0,0
2020-02-08,Solano,095,438530,0,0,0,0,0
2020-02-08,Sonoma,097,501317,0,0,0,0,0
2020-02-08,Stanislaus,099,539301,0,0,0,0,0
2020-02-08,Sutter,101,95872,0,0,0,0,0
2020-02-08,Tehama,103,63373,0,0,0,0,0
2020-02-08,Trinity,105,12862,0,0,0,0,0
2020-02-08,Tulare,107,460477,2,0,0,0,0
2020-02-08,Tuolumne,109,53932,0,0,0,0,0
2020-02-08,Ventura,111,848112,1,0,0,0,0
2020-02-08,Yolo,113,214977,0,0,0,0,0
2020-02-08,Yuba,115,75493,0,0,0,0,0
2020-02-07,Alameda,001,1643700,3,0,0,0,0
2020-02-07,Alpine,003,1148,0,0,0,0,0
2020-02-07,Amador,005,37829,0,0,0,0,0
2020-02-07,Butte,007,227075,0,0,0,0,0
2020-02-07,Calaveras,009,45235,0,0,0,0,0
2020-02-07,Colusa,011,21464,0,0,0,0,0
2020-02-07,Contra Costa,013,1133247,2,0,0,0,0
2020-02-07,Del Norte,015,27424,0,0,0,0,0
2020-02-07,El Dorado,017,186661,0,0,0,0,0
2020-02-07,Fresno,019,978130,0,0,0,0,0
2020-02-07,Glenn,021,27897,0,0,0,0,0
2020-02-07,Humboldt,023,135768,0,0,0,0,0
2020-02-07,Imperial,025,180216,0,0,0,0,0
2020-02-07,Inyo,027,18085,0,0,0,0,0
2020-02-07,Kern,029,883053,2,0,0,0,0
2020-02-07,Kings,031,150075,1,0,0,0,0
2020-02-07,Lake,033,64148,0,0,0,0,0
2020-02-07,Lassen,035,31185,0,0,0,0,0
2020-02-07,Los Angeles,037,10098052,23,1,0,1,0
2020-02-07,Madera,039,155013,0,0,0,0,0
2020-02-07,Marin,041,260295,0,0,0,0,0
2020-02-07,Mariposa,043,17540,0,0,0,0,0
2020-02-07,Mendocino,045,87422,0,0,0,0,0
2020-02-07,Merced,047,269075,0,0,0,0,0
2020-02-07,Modoc,049,8938,0,0,0,0,0
2020-02-07,Mono,051,14174,0,0,0,0,0
2020-02-07,Monterey,053,433212,1,0,0,0,0
2020-02-07,Napa,055,140530,0,0,0,0,0
2020-02-07,Nevada,057,99092,0,0,0,0,0
2020-02-07,Orange,059,3164182,33,1,0,1,0
2020-02-07,Placer,061,380077,0,0,0,0,0
2020-02-07,Plumas,063,18699,0,0,0,0,0
2020-02-07,Riverside,065,2383286,4,0,0,0,0
2020-02-07,Sacramento,067,1510023,0,0,0,0,0
2020-02-07,San Benito,069,59416,0,2,0,2,0
2020-02-07,San Bernardino,071,2135413,4,0,0,0,0
2020-02-07,San Diego,073,3302833,1,0,0,0,0
2020-02-07,San Francisco,075,870044,1,0,0,0,0
2020-02-07,San Joaquin,077,732212,0,0,1,1,0
2020-02-07,San Luis Obispo,079,281455,0,0,0,0,0
2020-02-07,San Mateo,081,765935,1,0,0,0,0
2020-02-07,Santa Barbara,083,443738,0,0,0,0,0
2020-02-07,Santa Clara,085,1922200,4,2,0,2,0
2020-02-07,Santa Cruz,087,273765,0,0,0,0,0
2020-02-07,Shasta,089,179085,0,0,0,0,0
2020-02-07,Sierra,091,2930,0,0,0,0,0
2020-02-07,Siskiyou,093,43540,0,0,0,0,0
2020-02-07,Solano,095,438530,0,0,0,0,0
2020-02-07,Sonoma,097,501317,0,0,0,0,0
2020-02-07,Stanislaus,099,539301,0,0,0,0,0
2020-02-07,Sutter,101,95872,0,0,0,0,0
2020-02-07,Tehama,103,63373,0,0,0,0,0
2020-02-07,Trinity,105,12862,0,0,0,0,0
2020-02-07,Tulare,107,460477,2,0,0,0,0
2020-02-07,Tuolumne,109,53932,0,0,0,0,0
2020-02-07,Ventura,111,848112,1,0,0,0,0
2020-02-07,Yolo,113,214977,0,0,0,0,0
2020-02-07,Yuba,115,75493,0,0,0,0,0
2020-02-06,Alameda,001,1643700,3,0,0,0,0
2020-02-06,Alpine,003,1148,0,0,0,0,0
2020-02-06,Amador,005,37829,0,0,0,0,0
2020-02-06,Butte,007,227075,0,0,0,0,0
2020-02-06,Calaveras,009,45235,0,0,0,0,0
2020-02-06,Colusa,011,21464,0,0,0,0,0
2020-02-06,Contra Costa,013,1133247,2,0,0,0,0
2020-02-06,Del Norte,015,27424,0,0,0,0,0
2020-02-06,El Dorado,017,186661,0,0,0,0,0
2020-02-06,Fresno,019,978130,0,0,0,0,0
2020-02-06,Glenn,021,27897,0,0,0,0,0
2020-02-06,Humboldt,023,135768,0,0,0,0,0
2020-02-06,Imperial,025,180216,0,0,0,0,0
2020-02-06,Inyo,027,18085,0,0,0,0,0
2020-02-06,Kern,029,883053,2,0,0,0,0
2020-02-06,Kings,031,150075,0,0,0,0,0
2020-02-06,Lake,033,64148,0,0,0,0,0
2020-02-06,Lassen,035,31185,0,0,0,0,0
2020-02-06,Los Angeles,037,10098052,22,1,0,1,0
2020-02-06,Madera,039,155013,0,0,0,0,0
2020-02-06,Marin,041,260295,0,0,0,0,0
2020-02-06,Mariposa,043,17540,0,0,0,0,0
2020-02-06,Mendocino,045,87422,0,0,0,0,0
2020-02-06,Merced,047,269075,0,0,0,0,0
2020-02-06,Modoc,049,8938,0,0,0,0,0
2020-02-06,Mono,051,14174,0,0,0,0,0
2020-02-06,Monterey,053,433212,1,0,0,0,0
2020-02-06,Napa,055,140530,0,0,0,0,0
2020-02-06,Nevada,057,99092,0,0,0,0,0
2020-02-06,Orange,059,3164182,3,1,0,1,0
2020-02-06,Placer,061,380077,0,0,0,0,0
2020-02-06,Plumas,063,18699,0,0,0,0,0
2020-02-06,Riverside,065,2383286,4,0,0,0,0
2020-02-06,Sacramento,067,1510023,0,0,0,0,0
2020-02-06,San Benito,069,59416,0,2,0,2,0
2020-02-06,San Bernardino,071,2135413,4,0,0,0,0
2020-02-06,San Diego,073,3302833,1,0,0,0,0
2020-02-06,San Francisco,075,870044,1,0,0,0,0
2020-02-06,San Joaquin,077,732212,0,0,1,1,0
2020-02-06,San Luis Obispo,079,281455,0,0,0,0,0
2020-02-06,San Mateo,081,765935,1,0,0,0,0
2020-02-06,Santa Barbara,083,443738,0,0,0,0,0
2020-02-06,Santa Clara,085,1922200,4,2,0,2,0
2020-02-06,Santa Cruz,087,273765,0,0,0,0,0
2020-02-06,Shasta,089,179085,0,0,0,0,0
2020-02-06,Sierra,091,2930,0,0,0,0,0
2020-02-06,Siskiyou,093,43540,0,0,0,0,0
2020-02-06,Solano,095,438530,0,0,0,0,0
2020-02-06,Sonoma,097,501317,0,0,0,0,0
2020-02-06,Stanislaus,099,539301,0,0,0,0,0
2020-02-06,Sutter,101,95872,0,0,0,0,0
2020-02-06,Tehama,103,63373,0,0,0,0,0
2020-02-06,Trinity,105,12862,0,0,0,0,0
2020-02-06,Tulare,107,460477,2,0,0,0,0
2020-02-06,Tuolumne,109,53932,0,0,0,0,0
2020-02-06,Ventura,111,848112,1,0,0,0,0
2020-02-06,Yolo,113,214977,0,0,0,0,0
2020-02-06,Yuba,115,75493,0,0,0,0,0
2020-02-05,Alameda,001,1643700,3,0,0,0,0
2020-02-05,Alpine,003,1148,0,0,0,0,0
2020-02-05,Amador,005,37829,0,0,0,0,0
2020-02-05,Butte,007,227075,0,0,0,0,0
2020-02-05,Calaveras,009,45235,0,0,0,0,0
2020-02-05,Colusa,011,21464,0,0,0,0,0
2020-02-05,Contra Costa,013,1133247,2,0,0,0,0
2020-02-05,Del Norte,015,27424,0,0,0,0,0
2020-02-05,El Dorado,017,186661,0,0,0,0,0
2020-02-05,Fresno,019,978130,0,0,0,0,0
2020-02-05,Glenn,021,27897,0,0,0,0,0
2020-02-05,Humboldt,023,135768,0,0,0,0,0
2020-02-05,Imperial,025,180216,0,0,0,0,0
2020-02-05,Inyo,027,18085,0,0,0,0,0
2020-02-05,Kern,029,883053,1,0,0,0,0
2020-02-05,Kings,031,150075,0,0,0,0,0
2020-02-05,Lake,033,64148,0,0,0,0,0
2020-02-05,Lassen,035,31185,0,0,0,0,0
2020-02-05,Los Angeles,037,10098052,22,1,0,1,0
2020-02-05,Madera,039,155013,0,0,0,0,0
2020-02-05,Marin,041,260295,0,0,0,0,0
2020-02-05,Mariposa,043,17540,0,0,0,0,0
2020-02-05,Mendocino,045,87422,0,0,0,0,0
2020-02-05,Merced,047,269075,0,0,0,0,0
2020-02-05,Modoc,049,8938,0,0,0,0,0
2020-02-05,Mono,051,14174,0,0,0,0,0
2020-02-05,Monterey,053,433212,1,0,0,0,0
2020-02-05,Napa,055,140530,0,0,0,0,0
2020-02-05,Nevada,057,99092,0,0,0,0,0
2020-02-05,Orange,059,3164182,1,1,0,1,0
2020-02-05,Placer,061,380077,0,0,0,0,0
2020-02-05,Plumas,063,18699,0,0,0,0,0
2020-02-05,Riverside,065,2383286,4,0,0,0,0
2020-02-05,Sacramento,067,1510023,0,0,0,0,0
2020-02-05,San Benito,069,59416,0,2,0,2,0
2020-02-05,San Bernardino,071,2135413,4,0,0,0,0
2020-02-05,San Diego,073,3302833,0,0,0,0,0
2020-02-05,San Francisco,075,870044,1,0,0,0,0
2020-02-05,San Joaquin,077,732212,0,0,1,1,0
2020-02-05,San Luis Obispo,079,281455,0,0,0,0,0
2020-02-05,San Mateo,081,765935,1,0,0,0,0
2020-02-05,Santa Barbara,083,443738,0,0,0,0,0
2020-02-05,Santa Clara,085,1922200,2,2,0,2,0
2020-02-05,Santa Cruz,087,273765,0,0,0,0,0
2020-02-05,Shasta,089,179085,0,0,0,0,0
2020-02-05,Sierra,091,2930,0,0,0,0,0
2020-02-05,Siskiyou,093,43540,0,0,0,0,0
2020-02-05,Solano,095,438530,0,0,0,0,0
2020-02-05,Sonoma,097,501317,0,0,0,0,0
2020-02-05,Stanislaus,099,539301,0,0,0,0,0
2020-02-05,Sutter,101,95872,0,0,0,0,0
2020-02-05,Tehama,103,63373,0,0,0,0,0
2020-02-05,Trinity,105,12862,0,0,0,0,0
2020-02-05,Tulare,107,460477,2,0,0,0,0
2020-02-05,Tuolumne,109,53932,0,0,0,0,0
2020-02-05,Ventura,111,848112,0,0,0,0,0
2020-02-05,Yolo,113,214977,0,0,0,0,0
2020-02-05,Yuba,115,75493,0,0,0,0,0
2020-02-04,Alameda,001,1643700,3,0,0,0,0
2020-02-04,Alpine,003,1148,0,0,0,0,0
2020-02-04,Amador,005,37829,0,0,0,0,0
2020-02-04,Butte,007,227075,0,0,0,0,0
2020-02-04,Calaveras,009,45235,0,0,0,0,0
2020-02-04,Colusa,011,21464,0,0,0,0,0
2020-02-04,Contra Costa,013,1133247,2,0,0,0,0
2020-02-04,Del Norte,015,27424,0,0,0,0,0
2020-02-04,El Dorado,017,186661,0,0,0,0,0
2020-02-04,Fresno,019,978130,0,0,0,0,0
2020-02-04,Glenn,021,27897,0,0,0,0,0
2020-02-04,Humboldt,023,135768,0,0,0,0,0
2020-02-04,Imperial,025,180216,0,0,0,0,0
2020-02-04,Inyo,027,18085,0,0,0,0,0
2020-02-04,Kern,029,883053,0,0,0,0,0
2020-02-04,Kings,031,150075,0,0,0,0,0
2020-02-04,Lake,033,64148,0,0,0,0,0
2020-02-04,Lassen,035,31185,0,0,0,0,0
2020-02-04,Los Angeles,037,10098052,22,1,0,1,0
2020-02-04,Madera,039,155013,0,0,0,0,0
2020-02-04,Marin,041,260295,0,0,0,0,0
2020-02-04,Mariposa,043,17540,0,0,0,0,0
2020-02-04,Mendocino,045,87422,0,0,0,0,0
2020-02-04,Merced,047,269075,0,0,0,0,0
2020-02-04,Modoc,049,8938,0,0,0,0,0
2020-02-04,Mono,051,14174,0,0,0,0,0
2020-02-04,Monterey,053,433212,1,0,0,0,0
2020-02-04,Napa,055,140530,0,0,0,0,0
2020-02-04,Nevada,057,99092,0,0,0,0,0
2020-02-04,Orange,059,3164182,1,1,0,1,0
2020-02-04,Placer,061,380077,0,0,0,0,0
2020-02-04,Plumas,063,18699,0,0,0,0,0
2020-02-04,Riverside,065,2383286,4,0,0,0,0
2020-02-04,Sacramento,067,1510023,0,0,0,0,0
2020-02-04,San Benito,069,59416,0,2,0,2,0
2020-02-04,San Bernardino,071,2135413,3,0,0,0,0
2020-02-04,San Diego,073,3302833,0,0,0,0,0
2020-02-04,San Francisco,075,870044,1,0,0,0,0
2020-02-04,San Joaquin,077,732212,0,0,1,1,0
2020-02-04,San Luis Obispo,079,281455,0,0,0,0,0
2020-02-04,San Mateo,081,765935,0,0,0,0,0
2020-02-04,Santa Barbara,083,443738,0,0,0,0,0
2020-02-04,Santa Clara,085,1922200,2,2,0,2,0
2020-02-04,Santa Cruz,087,273765,0,0,0,0,0
2020-02-04,Shasta,089,179085,0,0,0,0,0
2020-02-04,Sierra,091,2930,0,0,0,0,0
2020-02-04,Siskiyou,093,43540,0,0,0,0,0
2020-02-04,Solano,095,438530,0,0,0,0,0
2020-02-04,Sonoma,097,501317,0,0,0,0,0
2020-02-04,Stanislaus,099,539301,0,0,0,0,0
2020-02-04,Sutter,101,95872,0,0,0,0,0
2020-02-04,Tehama,103,63373,0,0,0,0,0
2020-02-04,Trinity,105,12862,0,0,0,0,0
2020-02-04,Tulare,107,460477,2,0,0,0,0
2020-02-04,Tuolumne,109,53932,0,0,0,0,0
2020-02-04,Ventura,111,848112,0,0,0,0,0
2020-02-04,Yolo,113,214977,0,0,0,0,0
2020-02-04,Yuba,115,75493,0,0,0,0,0
2020-02-03,Alameda,001,1643700,3,0,0,0,0
2020-02-03,Alpine,003,1148,0,0,0,0,0
2020-02-03,Amador,005,37829,0,0,0,0,0
2020-02-03,Butte,007,227075,0,0,0,0,0
2020-02-03,Calaveras,009,45235,0,0,0,0,0
2020-02-03,Colusa,011,21464,0,0,0,0,0
2020-02-03,Contra Costa,013,1133247,2,0,0,0,0
2020-02-03,Del Norte,015,27424,0,0,0,0,0
2020-02-03,El Dorado,017,186661,0,0,0,0,0
2020-02-03,Fresno,019,978130,0,0,0,0,0
2020-02-03,Glenn,021,27897,0,0,0,0,0
2020-02-03,Humboldt,023,135768,0,0,0,0,0
2020-02-03,Imperial,025,180216,0,0,0,0,0
2020-02-03,Inyo,027,18085,0,0,0,0,0
2020-02-03,Kern,029,883053,0,0,0,0,0
2020-02-03,Kings,031,150075,0,0,0,0,0
2020-02-03,Lake,033,64148,0,0,0,0,0
2020-02-03,Lassen,035,31185,0,0,0,0,0
2020-02-03,Los Angeles,037,10098052,21,1,0,1,0
2020-02-03,Madera,039,155013,0,0,0,0,0
2020-02-03,Marin,041,260295,0,0,0,0,0
2020-02-03,Mariposa,043,17540,0,0,0,0,0
2020-02-03,Mendocino,045,87422,0,0,0,0,0
2020-02-03,Merced,047,269075,0,0,0,0,0
2020-02-03,Modoc,049,8938,0,0,0,0,0
2020-02-03,Mono,051,14174,0,0,0,0,0
2020-02-03,Monterey,053,433212,1,0,0,0,0
2020-02-03,Napa,055,140530,0,0,0,0,0
2020-02-03,Nevada,057,99092,0,0,0,0,0
2020-02-03,Orange,059,3164182,1,1,0,1,0
2020-02-03,Placer,061,380077,0,0,0,0,0
2020-02-03,Plumas,063,18699,0,0,0,0,0
2020-02-03,Riverside,065,2383286,4,0,0,0,0
2020-02-03,Sacramento,067,1510023,0,0,0,0,0
2020-02-03,San Benito,069,59416,0,2,0,2,0
2020-02-03,San Bernardino,071,2135413,3,0,0,0,0
2020-02-03,San Diego,073,3302833,0,0,0,0,0
2020-02-03,San Francisco,075,870044,1,0,0,0,0
2020-02-03,San Joaquin,077,732212,0,0,1,1,0
2020-02-03,San Luis Obispo,079,281455,0,0,0,0,0
2020-02-03,San Mateo,081,765935,0,0,0,0,0
2020-02-03,Santa Barbara,083,443738,0,0,0,0,0
2020-02-03,Santa Clara,085,1922200,2,2,0,2,0
2020-02-03,Santa Cruz,087,273765,0,0,0,0,0
2020-02-03,Shasta,089,179085,0,0,0,0,0
2020-02-03,Sierra,091,2930,0,0,0,0,0
2020-02-03,Siskiyou,093,43540,0,0,0,0,0
2020-02-03,Solano,095,438530,0,0,0,0,0
2020-02-03,Sonoma,097,501317,0,0,0,0,0
2020-02-03,Stanislaus,099,539301,0,0,0,0,0
2020-02-03,Sutter,101,95872,0,0,0,0,0
2020-02-03,Tehama,103,63373,0,0,0,0,0
2020-02-03,Trinity,105,12862,0,0,0,0,0
2020-02-03,Tulare,107,460477,2,0,0,0,0
2020-02-03,Tuolumne,109,53932,0,0,0,0,0
2020-02-03,Ventura,111,848112,0,0,0,0,0
2020-02-03,Yolo,113,214977,0,0,0,0,0
2020-02-03,Yuba,115,75493,0,0,0,0,0
2020-02-02,Alameda,001,1643700,3,0,0,0,0
2020-02-02,Alpine,003,1148,0,0,0,0,0
2020-02-02,Amador,005,37829,0,0,0,0,0
2020-02-02,Butte,007,227075,0,0,0,0,0
2020-02-02,Calaveras,009,45235,0,0,0,0,0
2020-02-02,Colusa,011,21464,0,0,0,0,0
2020-02-02,Contra Costa,013,1133247,1,0,0,0,0
2020-02-02,Del Norte,015,27424,0,0,0,0,0
2020-02-02,El Dorado,017,186661,0,0,0,0,0
2020-02-02,Fresno,019,978130,0,0,0,0,0
2020-02-02,Glenn,021,27897,0,0,0,0,0
2020-02-02,Humboldt,023,135768,0,0,0,0,0
2020-02-02,Imperial,025,180216,0,0,0,0,0
2020-02-02,Inyo,027,18085,0,0,0,0,0
2020-02-02,Kern,029,883053,0,0,0,0,0
2020-02-02,Kings,031,150075,0,0,0,0,0
2020-02-02,Lake,033,64148,0,0,0,0,0
2020-02-02,Lassen,035,31185,0,0,0,0,0
2020-02-02,Los Angeles,037,10098052,17,1,0,1,0
2020-02-02,Madera,039,155013,0,0,0,0,0
2020-02-02,Marin,041,260295,0,0,0,0,0
2020-02-02,Mariposa,043,17540,0,0,0,0,0
2020-02-02,Mendocino,045,87422,0,0,0,0,0
2020-02-02,Merced,047,269075,0,0,0,0,0
2020-02-02,Modoc,049,8938,0,0,0,0,0
2020-02-02,Mono,051,14174,0,0,0,0,0
2020-02-02,Monterey,053,433212,1,0,0,0,0
2020-02-02,Napa,055,140530,0,0,0,0,0
2020-02-02,Nevada,057,99092,0,0,0,0,0
2020-02-02,Orange,059,3164182,1,1,0,1,0
2020-02-02,Placer,061,380077,0,0,0,0,0
2020-02-02,Plumas,063,18699,0,0,0,0,0
2020-02-02,Riverside,065,2383286,3,0,0,0,0
2020-02-02,Sacramento,067,1510023,0,0,0,0,0
2020-02-02,San Benito,069,59416,0,2,0,2,0
2020-02-02,San Bernardino,071,2135413,2,0,0,0,0
2020-02-02,San Diego,073,3302833,0,0,0,0,0
2020-02-02,San Francisco,075,870044,1,0,0,0,0
2020-02-02,San Joaquin,077,732212,0,0,1,1,0
2020-02-02,San Luis Obispo,079,281455,0,0,0,0,0
2020-02-02,San Mateo,081,765935,0,0,0,0,0
2020-02-02,Santa Barbara,083,443738,0,0,0,0,0
2020-02-02,Santa Clara,085,1922200,2,2,0,2,0
2020-02-02,Santa Cruz,087,273765,0,0,0,0,0
2020-02-02,Shasta,089,179085,0,0,0,0,0
2020-02-02,Sierra,091,2930,0,0,0,0,0
2020-02-02,Siskiyou,093,43540,0,0,0,0,0
2020-02-02,Solano,095,438530,0,0,0,0,0
2020-02-02,Sonoma,097,501317,0,0,0,0,0
2020-02-02,Stanislaus,099,539301,0,0,0,0,0
2020-02-02,Sutter,101,95872,0,0,0,0,0
2020-02-02,Tehama,103,63373,0,0,0,0,0
2020-02-02,Trinity,105,12862,0,0,0,0,0
2020-02-02,Tulare,107,460477,2,0,0,0,0
2020-02-02,Tuolumne,109,53932,0,0,0,0,0
2020-02-02,Ventura,111,848112,0,0,0,0,0
2020-02-02,Yolo,113,214977,0,0,0,0,0
2020-02-02,Yuba,115,75493,0,0,0,0,0
2020-02-01,Alameda,001,1643700,3,0,0,0,0
2020-02-01,Alpine,003,1148,0,0,0,0,0
2020-02-01,Amador,005,37829,0,0,0,0,0
2020-02-01,Butte,007,227075,0,0,0,0,0
2020-02-01,Calaveras,009,45235,0,0,0,0,0
2020-02-01,Colusa,011,21464,0,0,0,0,0
2020-02-01,Contra Costa,013,1133247,0,0,0,0,0
2020-02-01,Del Norte,015,27424,0,0,0,0,0
2020-02-01,El Dorado,017,186661,0,0,0,0,0
2020-02-01,Fresno,019,978130,0,0,0,0,0
2020-02-01,Glenn,021,27897,0,0,0,0,0
2020-02-01,Humboldt,023,135768,0,0,0,0,0
2020-02-01,Imperial,025,180216,0,0,0,0,0
2020-02-01,Inyo,027,18085,0,0,0,0,0
2020-02-01,Kern,029,883053,0,0,0,0,0
2020-02-01,Kings,031,150075,0,0,0,0,0
2020-02-01,Lake,033,64148,0,0,0,0,0
2020-02-01,Lassen,035,31185,0,0,0,0,0
2020-02-01,Los Angeles,037,10098052,13,1,0,1,0
2020-02-01,Madera,039,155013,0,0,0,0,0
2020-02-01,Marin,041,260295,0,0,0,0,0
2020-02-01,Mariposa,043,17540,0,0,0,0,0
2020-02-01,Mendocino,045,87422,0,0,0,0,0
2020-02-01,Merced,047,269075,0,0,0,0,0
2020-02-01,Modoc,049,8938,0,0,0,0,0
2020-02-01,Mono,051,14174,0,0,0,0,0
2020-02-01,Monterey,053,433212,0,0,0,0,0
2020-02-01,Napa,055,140530,0,0,0,0,0
2020-02-01,Nevada,057,99092,0,0,0,0,0
2020-02-01,Orange,059,3164182,1,1,0,1,0
2020-02-01,Placer,061,380077,0,0,0,0,0
2020-02-01,Plumas,063,18699,0,0,0,0,0
2020-02-01,Riverside,065,2383286,2,0,0,0,0
2020-02-01,Sacramento,067,1510023,0,0,0,0,0
2020-02-01,San Benito,069,59416,0,0,0,0,0
2020-02-01,San Bernardino,071,2135413,1,0,0,0,0
2020-02-01,San Diego,073,3302833,0,0,0,0,0
2020-02-01,San Francisco,075,870044,1,0,0,0,0
2020-02-01,San Joaquin,077,732212,0,0,1,1,0
2020-02-01,San Luis Obispo,079,281455,0,0,0,0,0
2020-02-01,San Mateo,081,765935,0,0,0,0,0
2020-02-01,Santa Barbara,083,443738,0,0,0,0,0
2020-02-01,Santa Clara,085,1922200,2,1,0,1,0
2020-02-01,Santa Cruz,087,273765,0,0,0,0,0
2020-02-01,Shasta,089,179085,0,0,0,0,0
2020-02-01,Sierra,091,2930,0,0,0,0,0
2020-02-01,Siskiyou,093,43540,0,0,0,0,0
2020-02-01,Solano,095,438530,0,0,0,0,0
2020-02-01,Sonoma,097,501317,0,0,0,0,0
2020-02-01,Stanislaus,099,539301,0,0,0,0,0
2020-02-01,Sutter,101,95872,0,0,0,0,0
2020-02-01,Tehama,103,63373,0,0,0,0,0
2020-02-01,Trinity,105,12862,0,0,0,0,0
2020-02-01,Tulare,107,460477,1,0,0,0,0
2020-02-01,Tuolumne,109,53932,0,0,0,0,0
2020-02-01,Ventura,111,848112,0,0,0,0,0
2020-02-01,Yolo,113,214977,0,0,0,0,0
2020-02-01,Yuba,115,75493,0,0,0,0,0
