date,county,fips,population,confirmed_cases,reported_cases,probable_cases,reported_and_probable_cases,reported_deaths
2022-02-08,Alameda,001,1643700,240654,240587,15063,255650,1651
2022-02-08,Alpine,003,1148,124,124,1,125,0
2022-02-08,Amador,005,37829,8053,8050,594,8644,76
2022-02-08,Butte,007,227075,31359,31353,6190,37543,359
2022-02-08,Calaveras,009,45235,6982,6981,366,7347,101
2022-02-08,Colusa,011,21464,3320,3320,965,4285,21
2022-02-08,Contra Costa,013,1133247,179115,179078,12827,191905,1132
2022-02-08,Del Norte,015,27424,5158,5156,172,5328,44
2022-02-08,El Dorado,017,186661,25438,25446,3026,28472,186
2022-02-08,Fresno,019,978130,218441,218416,19717,238133,2502
2022-02-08,Glenn,021,27897,4784,4784,1469,6253,39
2022-02-08,Humboldt,023,135768,15866,15865,2677,18542,130
2022-02-08,Imperial,025,180216,52984,52977,9472,62449,855
2022-02-08,Inyo,027,18085,3983,3983,459,4442,52
2022-02-08,Kern,029,883053,183588,183519,35829,219348,2010
2022-02-08,Kings,031,150075,48491,48479,3176,51655,411
2022-02-08,Lake,033,64148,9810,9806,947,10753,125
2022-02-08,Lassen,035,31185,8423,8423,865,9288,55
2022-02-08,Los Angeles,037,10098052,2610970,2611204,116409,2727613,29259
2022-02-08,Madera,039,155013,35394,35381,5382,40763,330
2022-02-08,Marin,041,260295,31875,31878,3444,35322,255
2022-02-08,Mariposa,043,17540,2266,2266,162,2428,6
2022-02-08,Mendocino,045,87422,12336,12336,2536,14872,107
2022-02-08,Merced,047,269075,59802,59789,6275,66064,751
2022-02-08,Modoc,049,8938,684,684,236,920,6
2022-02-08,Mono,051,14174,2934,2932,115,3047,5
2022-02-08,Monterey,053,433212,74321,74316,17728,92044,670
2022-02-08,Napa,055,140530,24344,24346,910,25256,121
2022-02-08,Nevada,057,99092,15379,15383,1166,16549,117
2022-02-08,Orange,059,3164182,533533,533507,39542,573049,6205
2022-02-08,Placer,061,380077,60309,60301,7022,67323,553
2022-02-08,Plumas,063,18699,2596,2596,341,2937,13
2022-02-08,Riverside,065,2383286,571872,571892,27652,599544,5908
2022-02-08,Sacramento,067,1510023,264492,264479,25843,290322,2664
2022-02-08,San Benito,069,59416,12434,12434,575,13009,91
2022-02-08,San Bernardino,071,2135413,544650,544658,23821,568479,6335
2022-02-08,San Diego,073,3302833,717896,717896,45596,763492,4832
2022-02-08,San Francisco,075,870044,117933,117942,12107,130049,731
2022-02-08,San Joaquin,077,732212,160156,160147,9527,169674,2005
2022-02-08,San Luis Obispo,079,281455,49550,49556,3665,53221,410
2022-02-08,San Mateo,081,765935,114536,114541,15025,129566,589
2022-02-08,Santa Barbara,083,443738,82472,82461,4420,86881,627
2022-02-08,Santa Clara,085,1922200,295733,295679,12877,308556,2091
2022-02-08,Santa Cruz,087,273765,43886,43884,2077,45961,239
2022-02-08,Shasta,089,179085,29088,29084,5952,35036,470
2022-02-08,Sierra,091,2930,267,267,44,311,0
2022-02-08,Siskiyou,093,43540,4191,4191,2545,6736,68
2022-02-08,Solano,095,438530,77026,77031,5178,82209,421
2022-02-08,Sonoma,097,501317,78800,78798,2144,80942,431
2022-02-08,Stanislaus,099,539301,113724,113733,15308,129041,1406
2022-02-08,Sutter,101,95872,19710,19717,1669,21386,203
2022-02-08,Tehama,103,63373,11491,11491,2481,13972,149
2022-02-08,Trinity,105,12862,1110,1110,270,1380,20
2022-02-08,Tulare,107,460477,99713,99694,26424,126118,1267
2022-02-08,Tuolumne,109,53932,11666,11665,489,12154,92
2022-02-08,Ventura,111,848112,167842,167830,9255,177085,1325
2022-02-08,Yolo,113,214977,34470,34462,3184,37646,281
2022-02-08,Yuba,115,75493,15126,15126,1113,16239,107
2022-02-07,Alameda,001,1643700,240654,238678,15063,253741,1643
2022-02-07,Alpine,003,1148,124,124,1,125,0
2022-02-07,Amador,005,37829,8053,7980,594,8574,75
2022-02-07,Butte,007,227075,31359,31184,6190,37374,355
2022-02-07,Calaveras,009,45235,6982,6910,366,7276,100
2022-02-07,Colusa,011,21464,3320,3283,965,4248,21
2022-02-07,Contra Costa,013,1133247,179115,177767,12827,190594,1130
2022-02-07,Del Norte,015,27424,5158,5093,172,5265,44
2022-02-07,El Dorado,017,186661,25438,25257,3026,28283,185
2022-02-07,Fresno,019,978130,218441,216495,19717,236212,2493
2022-02-07,Glenn,021,27897,4784,4762,1469,6231,39
2022-02-07,Humboldt,023,135768,15866,15764,2677,18441,129
2022-02-07,Imperial,025,180216,52984,52689,9472,62161,853
2022-02-07,Inyo,027,18085,3983,3976,459,4435,51
2022-02-07,Kern,029,883053,183588,182047,35829,217876,1998
2022-02-07,Kings,031,150075,48491,48147,3176,51323,403
2022-02-07,Lake,033,64148,9810,9519,947,10466,125
2022-02-07,Lassen,035,31185,8423,8362,865,9227,55
2022-02-07,Los Angeles,037,10098052,2610970,2607438,116409,2723847,29210
2022-02-07,Madera,039,155013,35394,35083,5382,40465,330
2022-02-07,Marin,041,260295,31875,31670,3444,35114,255
2022-02-07,Mariposa,043,17540,2266,2253,162,2415,6
2022-02-07,Mendocino,045,87422,12336,12237,2536,14773,107
2022-02-07,Merced,047,269075,59802,59472,6275,65747,748
2022-02-07,Modoc,049,8938,684,679,236,915,6
2022-02-07,Mono,051,14174,2934,2917,115,3032,5
2022-02-07,Monterey,053,433212,74321,69433,17728,87161,670
2022-02-07,Napa,055,140530,24344,23237,910,24147,120
2022-02-07,Nevada,057,99092,15379,15268,1166,16434,113
2022-02-07,Orange,059,3164182,533533,531442,39542,570984,6179
2022-02-07,Placer,061,380077,60309,59894,7022,66916,546
2022-02-07,Plumas,063,18699,2596,2573,341,2914,13
2022-02-07,Riverside,065,2383286,571872,568874,27652,596526,5868
2022-02-07,Sacramento,067,1510023,264492,262834,25843,288677,2631
2022-02-07,San Benito,069,59416,12434,12285,575,12860,90
2022-02-07,San Bernardino,071,2135413,544650,542846,23821,566667,6335
2022-02-07,San Diego,073,3302833,717896,716244,45596,761840,4811
2022-02-07,San Francisco,075,870044,117933,113945,12107,126052,727
2022-02-07,San Joaquin,077,732212,160156,159358,9527,168885,1998
2022-02-07,San Luis Obispo,079,281455,49550,48994,3665,52659,406
2022-02-07,San Mateo,081,765935,114536,107060,15025,122085,589
2022-02-07,Santa Barbara,083,443738,82472,81608,4420,86028,624
2022-02-07,Santa Clara,085,1922200,295733,293360,12877,306237,2085
2022-02-07,Santa Cruz,087,273765,43886,43244,2077,45321,239
2022-02-07,Shasta,089,179085,29088,28900,5952,34852,468
2022-02-07,Sierra,091,2930,267,265,44,309,0
2022-02-07,Siskiyou,093,43540,4191,4157,2545,6702,68
2022-02-07,Solano,095,438530,77026,73934,5178,79112,420
2022-02-07,Sonoma,097,501317,78800,78296,2144,80440,431
2022-02-07,Stanislaus,099,539301,113724,113029,15308,128337,1406
2022-02-07,Sutter,101,95872,19710,19599,1669,21268,203
2022-02-07,Tehama,103,63373,11491,11418,2481,13899,146
2022-02-07,Trinity,105,12862,1110,1109,270,1379,20
2022-02-07,Tulare,107,460477,99713,98774,26424,125198,1263
2022-02-07,Tuolumne,109,53932,11666,11578,489,12067,92
2022-02-07,Ventura,111,848112,167842,166904,9255,176159,1324
2022-02-07,Yolo,113,214977,34470,34007,3184,37191,281
2022-02-07,Yuba,115,75493,15126,14998,1113,16111,105
2022-02-06,Alameda,001,1643700,240586,237188,15063,252251,1643
2022-02-06,Alpine,003,1148,124,123,1,124,0
2022-02-06,Amador,005,37829,8053,7922,594,8516,73
2022-02-06,Butte,007,227075,31342,31021,6190,37211,355
2022-02-06,Calaveras,009,45235,6971,6870,366,7236,99
2022-02-06,Colusa,011,21464,3318,3282,965,4247,21
2022-02-06,Contra Costa,013,1133247,179060,176863,12827,189690,1128
2022-02-06,Del Norte,015,27424,5155,5038,172,5210,44
2022-02-06,El Dorado,017,186661,25425,25165,3026,28191,185
2022-02-06,Fresno,019,978130,218367,214726,19717,234443,2489
2022-02-06,Glenn,021,27897,4784,4738,1469,6207,39
2022-02-06,Humboldt,023,135768,15859,15658,2677,18335,128
2022-02-06,Imperial,025,180216,52959,52396,9472,61868,853
2022-02-06,Inyo,027,18085,3979,3970,459,4429,51
2022-02-06,Kern,029,883053,183516,181188,35829,217017,1996
2022-02-06,Kings,031,150075,48460,47669,3176,50845,401
2022-02-06,Lake,033,64148,9802,9468,947,10415,125
2022-02-06,Lassen,035,31185,8418,8326,865,9191,55
2022-02-06,Los Angeles,037,10098052,2610896,2602620,116409,2719029,29180
2022-02-06,Madera,039,155013,35366,34901,5382,40283,330
2022-02-06,Marin,041,260295,31857,31488,3444,34932,255
2022-02-06,Mariposa,043,17540,2266,2244,162,2406,6
2022-02-06,Mendocino,045,87422,12324,12169,2536,14705,107
2022-02-06,Merced,047,269075,59796,59112,6275,65387,748
2022-02-06,Modoc,049,8938,681,675,236,911,6
2022-02-06,Mono,051,14174,2932,2901,115,3016,5
2022-02-06,Monterey,053,433212,74283,67912,17728,85640,670
2022-02-06,Napa,055,140530,24314,23230,910,24140,120
2022-02-06,Nevada,057,99092,15371,15192,1166,16358,113
2022-02-06,Orange,059,3164182,533416,527906,39542,567448,6171
2022-02-06,Placer,061,380077,60290,59507,7022,66529,544
2022-02-06,Plumas,063,18699,2594,2559,341,2900,13
2022-02-06,Riverside,065,2383286,571749,568276,27652,595928,5865
2022-02-06,Sacramento,067,1510023,264434,261353,25843,287196,2631
2022-02-06,San Benito,069,59416,12427,12186,575,12761,90
2022-02-06,San Bernardino,071,2135413,544579,541103,23821,564924,6334
2022-02-06,San Diego,073,3302833,717703,709938,45596,755534,4786
2022-02-06,San Francisco,075,870044,117893,113115,12107,125222,728
2022-02-06,San Joaquin,077,732212,160120,158510,9527,168037,1997
2022-02-06,San Luis Obispo,079,281455,49532,48843,3665,52508,405
2022-02-06,San Mateo,081,765935,114517,105556,15025,120581,587
2022-02-06,Santa Barbara,083,443738,82436,81118,4420,85538,623
2022-02-06,Santa Clara,085,1922200,295669,291732,12877,304609,2075
2022-02-06,Santa Cruz,087,273765,43881,42952,2077,45029,239
2022-02-06,Shasta,089,179085,29068,28762,5952,34714,468
2022-02-06,Sierra,091,2930,267,265,44,309,0
2022-02-06,Siskiyou,093,43540,4185,4118,2545,6663,68
2022-02-06,Solano,095,438530,77016,73475,5178,78653,419
2022-02-06,Sonoma,097,501317,78782,77887,2144,80031,431
2022-02-06,Stanislaus,099,539301,113684,112521,15308,127829,1406
2022-02-06,Sutter,101,95872,19690,19523,1669,21192,203
2022-02-06,Tehama,103,63373,11487,11366,2481,13847,146
2022-02-06,Trinity,105,12862,1110,1102,270,1372,20
2022-02-06,Tulare,107,460477,99662,98260,26424,124684,1262
2022-02-06,Tuolumne,109,53932,11655,11507,489,11996,92
2022-02-06,Ventura,111,848112,167807,166235,9255,175490,1323
2022-02-06,Yolo,113,214977,34454,33784,3184,36968,281
2022-02-06,Yuba,115,75493,15115,14917,1113,16030,104
2022-02-05,Alameda,001,1643700,240424,235698,15063,250761,1638
2022-02-05,Alpine,003,1148,124,124,1,125,0
2022-02-05,Amador,005,37829,8047,7855,594,8449,71
2022-02-05,Butte,007,227075,31330,30733,6190,36923,355
2022-02-05,Calaveras,009,45235,6967,6789,366,7155,99
2022-02-05,Colusa,011,21464,3314,3234,965,4199,21
2022-02-05,Contra Costa,013,1133247,178953,175871,12827,188698,1115
2022-02-05,Del Norte,015,27424,5154,4978,172,5150,44
2022-02-05,El Dorado,017,186661,25414,24813,3026,27839,185
2022-02-05,Fresno,019,978130,218269,213539,19717,233256,2477
2022-02-05,Glenn,021,27897,4783,4691,1469,6160,39
2022-02-05,Humboldt,023,135768,15834,15514,2677,18191,127
2022-02-05,Imperial,025,180216,52920,52153,9472,61625,853
2022-02-05,Inyo,027,18085,3978,3948,459,4407,51
2022-02-05,Kern,029,883053,183472,180296,35829,216125,1987
2022-02-05,Kings,031,150075,48445,47538,3176,50714,402
2022-02-05,Lake,033,64148,9794,9289,947,10236,124
2022-02-05,Lassen,035,31185,8416,8288,865,9153,55
2022-02-05,Los Angeles,037,10098052,2610170,2572702,116409,2689111,28947
2022-02-05,Madera,039,155013,35343,34471,5382,39853,329
2022-02-05,Marin,041,260295,31831,31299,3444,34743,255
2022-02-05,Mariposa,043,17540,2266,2222,162,2384,6
2022-02-05,Mendocino,045,87422,12316,12066,2536,14602,107
2022-02-05,Merced,047,269075,59756,58908,6275,65183,744
2022-02-05,Modoc,049,8938,681,664,236,900,6
2022-02-05,Mono,051,14174,2932,2904,115,3019,5
2022-02-05,Monterey,053,433212,74258,67342,17728,85070,666
2022-02-05,Napa,055,140530,24303,22973,910,23883,118
2022-02-05,Nevada,057,99092,15367,15002,1166,16168,113
2022-02-05,Orange,059,3164182,533238,527516,39542,567058,6134
2022-02-05,Placer,061,380077,60250,59043,7022,66065,533
2022-02-05,Plumas,063,18699,2594,2550,341,2891,13
2022-02-05,Riverside,065,2383286,571573,563991,27652,591643,5827
2022-02-05,Sacramento,067,1510023,264304,259437,25843,285280,2610
2022-02-05,San Benito,069,59416,12387,12142,575,12717,90
2022-02-05,San Bernardino,071,2135413,544459,539312,23821,563133,6322
2022-02-05,San Diego,073,3302833,717185,703957,45596,749553,4735
2022-02-05,San Francisco,075,870044,117791,112481,12107,124588,720
2022-02-05,San Joaquin,077,732212,160054,157420,9527,166947,1989
2022-02-05,San Luis Obispo,079,281455,49510,48361,3665,52026,404
2022-02-05,San Mateo,081,765935,114430,104810,15025,119835,587
2022-02-05,Santa Barbara,083,443738,82372,80478,4420,84898,617
2022-02-05,Santa Clara,085,1922200,295457,289262,12877,302139,2067
2022-02-05,Santa Cruz,087,273765,43851,42553,2077,44630,239
2022-02-05,Shasta,089,179085,29063,28604,5952,34556,466
2022-02-05,Sierra,091,2930,267,262,44,306,0
2022-02-05,Siskiyou,093,43540,4182,4106,2545,6651,67
2022-02-05,Solano,095,438530,76982,73112,5178,78290,415
2022-02-05,Sonoma,097,501317,78742,77213,2144,79357,431
2022-02-05,Stanislaus,099,539301,113607,111783,15308,127091,1406
2022-02-05,Sutter,101,95872,19675,19406,1669,21075,203
2022-02-05,Tehama,103,63373,11485,11259,2481,13740,146
2022-02-05,Trinity,105,12862,1110,1085,270,1355,20
2022-02-05,Tulare,107,460477,99607,97414,26424,123838,1254
2022-02-05,Tuolumne,109,53932,11637,11409,489,11898,91
2022-02-05,Ventura,111,848112,167670,165532,9255,174787,1308
2022-02-05,Yolo,113,214977,34414,33614,3184,36798,281
2022-02-05,Yuba,115,75493,15103,14801,1113,15914,105
2022-02-04,Alameda,001,1643700,240074,235698,15063,250761,1638
2022-02-04,Alpine,003,1148,124,124,1,125,0
2022-02-04,Amador,005,37829,8027,7855,594,8449,71
2022-02-04,Butte,007,227075,31296,30733,6190,36923,355
2022-02-04,Calaveras,009,45235,6960,6789,366,7155,99
2022-02-04,Colusa,011,21464,3312,3234,965,4199,21
2022-02-04,Contra Costa,013,1133247,178751,175871,12827,188698,1115
2022-02-04,Del Norte,015,27424,5142,4978,172,5150,44
2022-02-04,El Dorado,017,186661,25395,24813,3026,27839,185
2022-02-04,Fresno,019,978130,217975,213539,19717,233256,2477
2022-02-04,Glenn,021,27897,4777,4691,1469,6160,39
2022-02-04,Humboldt,023,135768,15816,15514,2677,18191,127
2022-02-04,Imperial,025,180216,52861,52153,9472,61625,853
2022-02-04,Inyo,027,18085,3976,3948,459,4407,51
2022-02-04,Kern,029,883053,183372,180296,35829,216125,1987
2022-02-04,Kings,031,150075,48421,47538,3176,50714,402
2022-02-04,Lake,033,64148,9784,9289,947,10236,124
2022-02-04,Lassen,035,31185,8398,8288,865,9153,55
2022-02-04,Los Angeles,037,10098052,2608036,2572702,116409,2689111,28947
2022-02-04,Madera,039,155013,35287,34471,5382,39853,329
2022-02-04,Marin,041,260295,31780,31299,3444,34743,255
2022-02-04,Mariposa,043,17540,2262,2222,162,2384,6
2022-02-04,Mendocino,045,87422,12285,12066,2536,14602,107
2022-02-04,Merced,047,269075,59729,58908,6275,65183,744
2022-02-04,Modoc,049,8938,681,664,236,900,6
2022-02-04,Mono,051,14174,2928,2904,115,3019,5
2022-02-04,Monterey,053,433212,74164,67342,17728,85070,666
2022-02-04,Napa,055,140530,24277,22973,910,23883,118
2022-02-04,Nevada,057,99092,15342,15002,1166,16168,113
2022-02-04,Orange,059,3164182,532864,527516,39542,567058,6134
2022-02-04,Placer,061,380077,60180,59043,7022,66065,533
2022-02-04,Plumas,063,18699,2594,2550,341,2891,13
2022-02-04,Riverside,065,2383286,571174,563991,27652,591643,5827
2022-02-04,Sacramento,067,1510023,264068,259437,25843,285280,2610
2022-02-04,San Benito,069,59416,12373,12142,575,12717,90
2022-02-04,San Bernardino,071,2135413,544173,539312,23821,563133,6322
2022-02-04,San Diego,073,3302833,716255,703957,45596,749553,4735
2022-02-04,San Francisco,075,870044,117622,112481,12107,124588,720
2022-02-04,San Joaquin,077,732212,159893,157420,9527,166947,1989
2022-02-04,San Luis Obispo,079,281455,49477,48361,3665,52026,404
2022-02-04,San Mateo,081,765935,114244,104810,15025,119835,587
2022-02-04,Santa Barbara,083,443738,82308,80478,4420,84898,617
2022-02-04,Santa Clara,085,1922200,295020,289262,12877,302139,2067
2022-02-04,Santa Cruz,087,273765,43674,42553,2077,44630,239
2022-02-04,Shasta,089,179085,29056,28604,5952,34556,466
2022-02-04,Sierra,091,2930,267,262,44,306,0
2022-02-04,Siskiyou,093,43540,4178,4106,2545,6651,67
2022-02-04,Solano,095,438530,76851,73112,5178,78290,415
2022-02-04,Sonoma,097,501317,78674,77213,2144,79357,431
2022-02-04,Stanislaus,099,539301,113476,111783,15308,127091,1406
2022-02-04,Sutter,101,95872,19655,19406,1669,21075,203
2022-02-04,Tehama,103,63373,11483,11259,2481,13740,146
2022-02-04,Trinity,105,12862,1110,1085,270,1355,20
2022-02-04,Tulare,107,460477,99502,97414,26424,123838,1254
2022-02-04,Tuolumne,109,53932,11617,11409,489,11898,91
2022-02-04,Ventura,111,848112,167477,165532,9255,174787,1308
2022-02-04,Yolo,113,214977,34342,33614,3184,36798,281
2022-02-04,Yuba,115,75493,15087,14801,1113,15914,105
2022-02-03,Alameda,001,1643700,239378,235698,15063,250761,1638
2022-02-03,Alpine,003,1148,124,124,1,125,0
2022-02-03,Amador,005,37829,8013,7855,594,8449,71
2022-02-03,Butte,007,227075,31214,30733,6190,36923,355
2022-02-03,Calaveras,009,45235,6930,6789,366,7155,99
2022-02-03,Colusa,011,21464,3299,3234,965,4199,21
2022-02-03,Contra Costa,013,1133247,178219,175871,12827,188698,1115
2022-02-03,Del Norte,015,27424,5102,4978,172,5150,44
2022-02-03,El Dorado,017,186661,25332,24813,3026,27839,185
2022-02-03,Fresno,019,978130,217097,213539,19717,233256,2477
2022-02-03,Glenn,021,27897,4764,4691,1469,6160,39
2022-02-03,Humboldt,023,135768,15774,15514,2677,18191,127
2022-02-03,Imperial,025,180216,52714,52153,9472,61625,853
2022-02-03,Inyo,027,18085,3975,3948,459,4407,51
2022-02-03,Kern,029,883053,182964,180296,35829,216125,1987
2022-02-03,Kings,031,150075,48269,47538,3176,50714,402
2022-02-03,Lake,033,64148,9751,9289,947,10236,124
2022-02-03,Lassen,035,31185,8377,8288,865,9153,55
2022-02-03,Los Angeles,037,10098052,2602962,2572702,116409,2689111,28947
2022-02-03,Madera,039,155013,35177,34471,5382,39853,329
2022-02-03,Marin,041,260295,31681,31299,3444,34743,255
2022-02-03,Mariposa,043,17540,2257,2222,162,2384,6
2022-02-03,Mendocino,045,87422,12243,12066,2536,14602,107
2022-02-03,Merced,047,269075,59591,58908,6275,65183,744
2022-02-03,Modoc,049,8938,679,664,236,900,6
2022-02-03,Mono,051,14174,2923,2904,115,3019,5
2022-02-03,Monterey,053,433212,73942,67342,17728,85070,666
2022-02-03,Napa,055,140530,24152,22973,910,23883,118
2022-02-03,Nevada,057,99092,15299,15002,1166,16168,113
2022-02-03,Orange,059,3164182,531972,527516,39542,567058,6134
2022-02-03,Placer,061,380077,59984,59043,7022,66065,533
2022-02-03,Plumas,063,18699,2583,2550,341,2891,13
2022-02-03,Riverside,065,2383286,570083,563991,27652,591643,5827
2022-02-03,Sacramento,067,1510023,263262,259437,25843,285280,2610
2022-02-03,San Benito,069,59416,12347,12142,575,12717,90
2022-02-03,San Bernardino,071,2135413,543401,539312,23821,563133,6322
2022-02-03,San Diego,073,3302833,714524,703957,45596,749553,4735
2022-02-03,San Francisco,075,870044,117304,112481,12107,124588,720
2022-02-03,San Joaquin,077,732212,159455,157420,9527,166947,1989
2022-02-03,San Luis Obispo,079,281455,49276,48361,3665,52026,404
2022-02-03,San Mateo,081,765935,113931,104810,15025,119835,587
2022-02-03,Santa Barbara,083,443738,81974,80478,4420,84898,617
2022-02-03,Santa Clara,085,1922200,293974,289262,12877,302139,2067
2022-02-03,Santa Cruz,087,273765,43347,42553,2077,44630,239
2022-02-03,Shasta,089,179085,28981,28604,5952,34556,466
2022-02-03,Sierra,091,2930,267,262,44,306,0
2022-02-03,Siskiyou,093,43540,4165,4106,2545,6651,67
2022-02-03,Solano,095,438530,76562,73112,5178,78290,415
2022-02-03,Sonoma,097,501317,78428,77213,2144,79357,431
2022-02-03,Stanislaus,099,539301,113191,111783,15308,127091,1406
2022-02-03,Sutter,101,95872,19606,19406,1669,21075,203
2022-02-03,Tehama,103,63373,11460,11259,2481,13740,146
2022-02-03,Trinity,105,12862,1110,1085,270,1355,20
2022-02-03,Tulare,107,460477,99180,97414,26424,123838,1254
2022-02-03,Tuolumne,109,53932,11590,11409,489,11898,91
2022-02-03,Ventura,111,848112,167157,165532,9255,174787,1308
2022-02-03,Yolo,113,214977,34242,33614,3184,36798,281
2022-02-03,Yuba,115,75493,15046,14801,1113,15914,105
2022-02-02,Alameda,001,1643700,238499,234300,15063,249363,1632
2022-02-02,Alpine,003,1148,124,123,1,124,0
2022-02-02,Amador,005,37829,7986,7781,594,8375,71
2022-02-02,Butte,007,227075,31123,30550,6190,36740,355
2022-02-02,Calaveras,009,45235,6908,6753,366,7119,99
2022-02-02,Colusa,011,21464,3287,3211,965,4176,21
2022-02-02,Contra Costa,013,1133247,177728,174876,12827,187703,1113
2022-02-02,Del Norte,015,27424,5059,4924,172,5096,44
2022-02-02,El Dorado,017,186661,25277,24690,3026,27716,185
2022-02-02,Fresno,019,978130,216131,211976,19717,231693,2463
2022-02-02,Glenn,021,27897,4742,4667,1469,6136,39
2022-02-02,Humboldt,023,135768,15721,15392,2677,18069,127
2022-02-02,Imperial,025,180216,52540,51875,9472,61347,853
2022-02-02,Inyo,027,18085,3971,3944,459,4403,51
2022-02-02,Kern,029,883053,182424,179386,35829,215215,1974
2022-02-02,Kings,031,150075,48098,47061,3176,50237,401
2022-02-02,Lake,033,64148,9692,9235,947,10182,120
2022-02-02,Lassen,035,31185,8360,8258,865,9123,55
2022-02-02,Los Angeles,037,10098052,2596819,2561902,116409,2678311,28850
2022-02-02,Madera,039,155013,35015,34265,5382,39647,329
2022-02-02,Marin,041,260295,31584,31149,3444,34593,255
2022-02-02,Mariposa,043,17540,2246,2215,162,2377,6
2022-02-02,Mendocino,045,87422,12188,11996,2536,14532,105
2022-02-02,Merced,047,269075,59432,58532,6275,64807,744
2022-02-02,Modoc,049,8938,675,662,236,898,6
2022-02-02,Mono,051,14174,2916,2887,115,3002,5
2022-02-02,Monterey,053,433212,73611,66852,17728,84580,666
2022-02-02,Napa,055,140530,24030,22859,910,23769,117
2022-02-02,Nevada,057,99092,15256,14895,1166,16061,112
2022-02-02,Orange,059,3164182,530912,524418,39542,563960,6127
2022-02-02,Placer,061,380077,59816,58654,7022,65676,533
2022-02-02,Plumas,063,18699,2574,2540,341,2881,12
2022-02-02,Riverside,065,2383286,568910,561220,27652,588872,5827
2022-02-02,Sacramento,067,1510023,262399,258078,25843,283921,2602
2022-02-02,San Benito,069,59416,12309,12058,575,12633,90
2022-02-02,San Bernardino,071,2135413,542557,537485,23821,561306,6317
2022-02-02,San Diego,073,3302833,712466,703957,45596,749553,4735
2022-02-02,San Francisco,075,870044,116963,112008,12107,124115,714
2022-02-02,San Joaquin,077,732212,158963,156537,9527,166064,1986
2022-02-02,San Luis Obispo,079,281455,49090,48119,3665,51784,403
2022-02-02,San Mateo,081,765935,113641,104201,15025,119226,587
2022-02-02,Santa Barbara,083,443738,81625,79979,4420,84399,612
2022-02-02,Santa Clara,085,1922200,292979,287443,12877,300320,2051
2022-02-02,Santa Cruz,087,273765,43105,42127,2077,44204,239
2022-02-02,Shasta,089,179085,28896,28429,5952,34381,465
2022-02-02,Sierra,091,2930,267,262,44,306,0
2022-02-02,Siskiyou,093,43540,4159,4078,2545,6623,67
2022-02-02,Solano,095,438530,76234,72711,5178,77889,414
2022-02-02,Sonoma,097,501317,78186,76681,2144,78825,431
2022-02-02,Stanislaus,099,539301,112855,111167,15308,126475,1403
2022-02-02,Sutter,101,95872,19559,19290,1669,20959,203
2022-02-02,Tehama,103,63373,11415,11193,2481,13674,146
2022-02-02,Trinity,105,12862,1108,1074,270,1344,20
2022-02-02,Tulare,107,460477,98854,96820,26424,123244,1249
2022-02-02,Tuolumne,109,53932,11543,11342,489,11831,91
2022-02-02,Ventura,111,848112,166789,164905,9255,174160,1292
2022-02-02,Yolo,113,214977,34135,33332,3184,36516,281
2022-02-02,Yuba,115,75493,14986,14720,1113,15833,104
2022-02-01,Alameda,001,1643700,237494,233782,15063,248845,1620
2022-02-01,Alpine,003,1148,124,123,1,124,0
2022-02-01,Amador,005,37829,7947,7783,594,8377,73
2022-02-01,Butte,007,227075,31011,30496,6190,36686,355
2022-02-01,Calaveras,009,45235,6872,6749,366,7115,98
2022-02-01,Colusa,011,21464,3270,3202,965,4167,21
2022-02-01,Contra Costa,013,1133247,177053,174379,12827,187206,1115
2022-02-01,Del Norte,015,27424,5017,4907,172,5079,44
2022-02-01,El Dorado,017,186661,25215,24664,3026,27690,184
2022-02-01,Fresno,019,978130,215026,211352,19717,231069,2464
2022-02-01,Glenn,021,27897,4731,4649,1469,6118,39
2022-02-01,Humboldt,023,135768,15652,15354,2677,18031,127
2022-02-01,Imperial,025,180216,52345,51675,9472,61147,846
2022-02-01,Inyo,027,18085,3961,3928,459,4387,51
2022-02-01,Kern,029,883053,181884,178987,35829,214816,1967
2022-02-01,Kings,031,150075,47852,46959,3176,50135,400
2022-02-01,Lake,033,64148,9642,9211,947,10158,119
2022-02-01,Lassen,035,31185,8340,8231,865,9096,55
2022-02-01,Los Angeles,037,10098052,2589886,2548794,116409,2665203,28752
2022-02-01,Madera,039,155013,34833,34124,5382,39506,329
2022-02-01,Marin,041,260295,31466,31099,3444,34543,255
2022-02-01,Mariposa,043,17540,2239,2210,162,2372,6
2022-02-01,Mendocino,045,87422,12141,11978,2536,14514,105
2022-02-01,Merced,047,269075,59254,58362,6275,64637,743
2022-02-01,Modoc,049,8938,670,664,236,900,6
2022-02-01,Mono,051,14174,2911,2888,115,3003,5
2022-02-01,Monterey,053,433212,73234,66553,17728,84281,665
2022-02-01,Napa,055,140530,23944,22795,910,23705,116
2022-02-01,Nevada,057,99092,15203,14863,1166,16029,112
2022-02-01,Orange,059,3164182,529678,523741,39542,563283,6108
2022-02-01,Placer,061,380077,59572,58486,7022,65508,532
2022-02-01,Plumas,063,18699,2568,2526,341,2867,12
2022-02-01,Riverside,065,2383286,567683,560010,27652,587662,5825
2022-02-01,Sacramento,067,1510023,261462,257504,25843,283347,2593
2022-02-01,San Benito,069,59416,12246,12053,575,12628,90
2022-02-01,San Bernardino,071,2135413,541528,536591,23821,560412,6311
2022-02-01,San Diego,073,3302833,710106,701009,45596,746605,4710
2022-02-01,San Francisco,075,870044,116493,111606,12107,123713,713
2022-02-01,San Joaquin,077,732212,158500,156300,9527,165827,1987
2022-02-01,San Luis Obispo,079,281455,48876,47842,3665,51507,403
2022-02-01,San Mateo,081,765935,113257,103868,15025,118893,589
2022-02-01,Santa Barbara,083,443738,81190,79659,4420,84079,608
2022-02-01,Santa Clara,085,1922200,291540,286109,12877,298986,2070
2022-02-01,Santa Cruz,087,273765,42830,41782,2077,43859,239
2022-02-01,Shasta,089,179085,28790,28382,5952,34334,465
2022-02-01,Sierra,091,2930,265,262,44,306,0
2022-02-01,Siskiyou,093,43540,4144,4072,2545,6617,66
2022-02-01,Solano,095,438530,75985,72494,5178,77672,415
2022-02-01,Sonoma,097,501317,77873,76379,2144,78523,431
2022-02-01,Stanislaus,099,539301,112510,110925,15308,126233,1403
2022-02-01,Sutter,101,95872,19494,19256,1669,20925,202
2022-02-01,Tehama,103,63373,11366,11165,2481,13646,146
2022-02-01,Trinity,105,12862,1105,1073,270,1343,19
2022-02-01,Tulare,107,460477,98409,96467,26424,122891,1247
2022-02-01,Tuolumne,109,53932,11505,11318,489,11807,91
2022-02-01,Ventura,111,848112,166350,164721,9255,173976,1293
2022-02-01,Yolo,113,214977,34018,33257,3184,36441,275
2022-02-01,Yuba,115,75493,14939,14693,1113,15806,103
2022-01-31,Alameda,001,1643700,236286,232743,14936,247679,1607
2022-01-31,Alpine,003,1148,123,123,1,124,0
2022-01-31,Amador,005,37829,7898,7682,582,8264,73
2022-01-31,Butte,007,227075,30876,30371,6157,36528,354
2022-01-31,Calaveras,009,45235,6840,6700,354,7054,96
2022-01-31,Colusa,011,21464,3259,3187,949,4136,21
2022-01-31,Contra Costa,013,1133247,176325,173466,12764,186230,1115
2022-01-31,Del Norte,015,27424,4976,4879,165,5044,43
2022-01-31,El Dorado,017,186661,25131,24545,3013,27558,184
2022-01-31,Fresno,019,978130,213600,210589,19565,230154,2464
2022-01-31,Glenn,021,27897,4701,4641,1461,6102,39
2022-01-31,Humboldt,023,135768,15581,15308,2632,17940,126
2022-01-31,Imperial,025,180216,52159,51472,9449,60921,846
2022-01-31,Inyo,027,18085,3948,3922,454,4376,50
2022-01-31,Kern,029,883053,181226,178375,35754,214129,1967
2022-01-31,Kings,031,150075,47515,46845,3162,50007,398
2022-01-31,Lake,033,64148,9577,9141,937,10078,119
2022-01-31,Lassen,035,31185,8316,8162,856,9018,55
2022-01-31,Los Angeles,037,10098052,2581869,2541189,116386,2657575,28718
2022-01-31,Madera,039,155013,34669,33886,5303,39189,329
2022-01-31,Marin,041,260295,31341,31023,3419,34442,253
2022-01-31,Mariposa,043,17540,2229,2203,153,2356,6
2022-01-31,Mendocino,045,87422,12077,11896,2516,14412,104
2022-01-31,Merced,047,269075,58985,58198,6167,64365,740
2022-01-31,Modoc,049,8938,668,661,236,897,6
2022-01-31,Mono,051,14174,2892,2889,115,3004,5
2022-01-31,Monterey,053,433212,72825,66117,17542,83659,661
2022-01-31,Napa,055,140530,23768,22707,896,23603,113
2022-01-31,Nevada,057,99092,15123,14813,1154,15967,112
2022-01-31,Orange,059,3164182,528267,522358,39477,561835,6098
2022-01-31,Placer,061,380077,59356,58252,7007,65259,523
2022-01-31,Plumas,063,18699,2565,2513,340,2853,12
2022-01-31,Riverside,065,2383286,566002,558166,27577,585743,5785
2022-01-31,Sacramento,067,1510023,260241,256594,25557,282151,2571
2022-01-31,San Benito,069,59416,12189,11976,575,12551,90
2022-01-31,San Bernardino,071,2135413,540190,535276,23746,559022,6302
2022-01-31,San Diego,073,3302833,707346,698571,45405,743976,4686
2022-01-31,San Francisco,075,870044,116098,111119,12066,123185,712
2022-01-31,San Joaquin,077,732212,157800,155736,9460,165196,1985
2022-01-31,San Luis Obispo,079,281455,48648,47656,3609,51265,395
2022-01-31,San Mateo,081,765935,112811,103313,14967,118280,589
2022-01-31,Santa Barbara,083,443738,80698,79267,4379,83646,606
2022-01-31,Santa Clara,085,1922200,289983,284562,12754,297316,2041
2022-01-31,Santa Cruz,087,273765,42480,41630,2076,43706,239
2022-01-31,Shasta,089,179085,28675,28190,5921,34111,462
2022-01-31,Sierra,091,2930,264,261,44,305,0
2022-01-31,Siskiyou,093,43540,4129,4054,2530,6584,66
2022-01-31,Solano,095,438530,75286,72258,5148,77406,414
2022-01-31,Sonoma,097,501317,77466,76199,2133,78332,431
2022-01-31,Stanislaus,099,539301,112047,110493,15169,125662,1403
2022-01-31,Sutter,101,95872,19422,19189,1623,20812,202
2022-01-31,Tehama,103,63373,11298,11112,2458,13570,145
2022-01-31,Trinity,105,12862,1101,1071,266,1337,19
2022-01-31,Tulare,107,460477,97839,96053,26173,122226,1245
2022-01-31,Tuolumne,109,53932,11440,11278,479,11757,91
2022-01-31,Ventura,111,848112,165861,164060,9238,173298,1286
2022-01-31,Yolo,113,214977,33888,33175,3163,36338,274
2022-01-31,Yuba,115,75493,14884,14652,1104,15756,103
2022-01-30,Alameda,001,1643700,234819,231838,14741,246579,1607
2022-01-30,Alpine,003,1148,123,123,1,124,0
2022-01-30,Amador,005,37829,7849,7644,553,8197,73
2022-01-30,Butte,007,227075,30697,30255,6097,36352,354
2022-01-30,Calaveras,009,45235,6786,6676,337,7013,96
2022-01-30,Colusa,011,21464,3235,3168,935,4103,21
2022-01-30,Contra Costa,013,1133247,175422,172902,12676,185578,1102
2022-01-30,Del Norte,015,27424,4924,4833,158,4991,43
2022-01-30,El Dorado,017,186661,25031,24491,2984,27475,184
2022-01-30,Fresno,019,978130,212103,209645,19334,228979,2463
2022-01-30,Glenn,021,27897,4669,4619,1453,6072,39
2022-01-30,Humboldt,023,135768,15477,15247,2563,17810,126
2022-01-30,Imperial,025,180216,51856,51415,9298,60713,846
2022-01-30,Inyo,027,18085,3934,3921,448,4369,50
2022-01-30,Kern,029,883053,180440,177924,35642,213566,1967
2022-01-30,Kings,031,150075,47171,46654,3116,49770,398
2022-01-30,Lake,033,64148,9489,9080,922,10002,119
2022-01-30,Lassen,035,31185,8288,8158,842,9000,55
2022-01-30,Los Angeles,037,10098052,2571450,2530739,116149,2646888,28678
2022-01-30,Madera,039,155013,34423,33752,5111,38863,329
2022-01-30,Marin,041,260295,31183,30875,3386,34261,253
2022-01-30,Mariposa,043,17540,2219,2177,145,2322,6
2022-01-30,Mendocino,045,87422,12005,11860,2406,14266,104
2022-01-30,Merced,047,269075,58621,58006,5969,63975,740
2022-01-30,Modoc,049,8938,665,661,236,897,6
2022-01-30,Mono,051,14174,2890,2888,115,3003,5
2022-01-30,Monterey,053,433212,72240,65996,17259,83255,661
2022-01-30,Napa,055,140530,23592,22588,877,23465,114
2022-01-30,Nevada,057,99092,15021,14741,1132,15873,112
2022-01-30,Orange,059,3164182,526578,521334,39281,560615,6098
2022-01-30,Placer,061,380077,58972,58030,6966,64996,523
2022-01-30,Plumas,063,18699,2549,2510,317,2827,12
2022-01-30,Riverside,065,2383286,563981,557088,27451,584539,5767
2022-01-30,Sacramento,067,1510023,258851,255715,24859,280574,2572
2022-01-30,San Benito,069,59416,12125,11945,570,12515,90
2022-01-30,San Bernardino,071,2135413,538667,534050,23622,557672,6302
2022-01-30,San Diego,073,3302833,703906,687145,45003,732148,4665
2022-01-30,San Francisco,075,870044,115551,110772,12015,122787,712
2022-01-30,San Joaquin,077,732212,156845,155165,9407,164572,1985
2022-01-30,San Luis Obispo,079,281455,48255,47599,3565,51164,394
2022-01-30,San Mateo,081,765935,112266,102979,14891,117870,589
2022-01-30,Santa Barbara,083,443738,80028,79072,4303,83375,606
2022-01-30,Santa Clara,085,1922200,288064,282846,12585,295431,2035
2022-01-30,Santa Cruz,087,273765,42043,41330,2067,43397,239
2022-01-30,Shasta,089,179085,28522,28105,5814,33919,462
2022-01-30,Sierra,091,2930,264,261,44,305,0
2022-01-30,Siskiyou,093,43540,4101,4039,2471,6510,66
2022-01-30,Solano,095,438530,74828,71857,5095,76952,414
2022-01-30,Sonoma,097,501317,76959,75890,2112,78002,431
2022-01-30,Stanislaus,099,539301,111448,110111,14972,125083,1403
2022-01-30,Sutter,101,95872,19334,19108,1539,20647,202
2022-01-30,Tehama,103,63373,11233,11071,2430,13501,145
2022-01-30,Trinity,105,12862,1096,1068,264,1332,19
2022-01-30,Tulare,107,460477,97135,95676,25896,121572,1245
2022-01-30,Tuolumne,109,53932,11357,11242,458,11700,91
2022-01-30,Ventura,111,848112,165315,163521,9198,172719,1286
2022-01-30,Yolo,113,214977,33688,33043,3114,36157,274
2022-01-30,Yuba,115,75493,14796,14584,1081,15665,103
2022-01-29,Alameda,001,1643700,234263,225602,14717,240319,1605
2022-01-29,Alpine,003,1148,123,123,1,124,0
2022-01-29,Amador,005,37829,7832,7505,553,8058,73
2022-01-29,Butte,007,227075,30623,29557,6080,35637,353
2022-01-29,Calaveras,009,45235,6770,6484,331,6815,96
2022-01-29,Colusa,011,21464,3229,3107,935,4042,21
2022-01-29,Contra Costa,013,1133247,174934,168003,12662,180665,1101
2022-01-29,Del Norte,015,27424,4917,4589,147,4736,43
2022-01-29,El Dorado,017,186661,24988,24008,2980,26988,184
2022-01-29,Fresno,019,978130,211678,202691,19298,221989,2457
2022-01-29,Glenn,021,27897,4664,4516,1449,5965,39
2022-01-29,Humboldt,023,135768,15438,14812,2558,17370,126
2022-01-29,Imperial,025,180216,51754,50153,9252,59405,845
2022-01-29,Inyo,027,18085,3932,3895,438,4333,50
2022-01-29,Kern,029,883053,180147,174456,35614,210070,1962
2022-01-29,Kings,031,150075,47061,45047,3115,48162,397
2022-01-29,Lake,033,64148,9465,8747,918,9665,119
2022-01-29,Lassen,035,31185,8270,7961,840,8801,55
2022-01-29,Los Angeles,037,10098052,2568104,2473332,115966,2589298,28467
2022-01-29,Madera,039,155013,34325,32753,5091,37844,329
2022-01-29,Marin,041,260295,31113,30137,3377,33514,253
2022-01-29,Mariposa,043,17540,2217,2117,144,2261,6
2022-01-29,Mendocino,045,87422,11983,11591,2391,13982,104
2022-01-29,Merced,047,269075,58531,56472,5966,62438,735
2022-01-29,Modoc,049,8938,665,654,236,890,6
2022-01-29,Mono,051,14174,2890,2860,115,2975,5
2022-01-29,Monterey,053,433212,72114,64090,17241,81331,658
2022-01-29,Napa,055,140530,23558,22121,876,22997,113
2022-01-29,Nevada,057,99092,14993,14337,1125,15462,112
2022-01-29,Orange,059,3164182,525892,511255,39146,550401,6038
2022-01-29,Placer,061,380077,58780,56562,6961,63523,523
2022-01-29,Plumas,063,18699,2543,2463,315,2778,12
2022-01-29,Riverside,065,2383286,563007,548121,27415,575536,5726
2022-01-29,Sacramento,067,1510023,258355,249130,24776,273906,2558
2022-01-29,San Benito,069,59416,12065,11670,570,12240,90
2022-01-29,San Bernardino,071,2135413,538061,525249,23580,548829,6297
2022-01-29,San Diego,073,3302833,702650,683027,44953,727980,4643
2022-01-29,San Francisco,075,870044,115280,108265,11939,120204,712
2022-01-29,San Joaquin,077,732212,156619,150849,9391,160240,1971
2022-01-29,San Luis Obispo,079,281455,48179,46374,3554,49928,391
2022-01-29,San Mateo,081,765935,111937,100306,14861,115167,586
2022-01-29,Santa Barbara,083,443738,79829,76546,4297,80843,604
2022-01-29,Santa Clara,085,1922200,287149,273879,12562,286441,2019
2022-01-29,Santa Cruz,087,273765,41920,39228,2067,41295,240
2022-01-29,Shasta,089,179085,28468,27504,5799,33303,452
2022-01-29,Sierra,091,2930,264,260,44,304,0
2022-01-29,Siskiyou,093,43540,4095,3987,2465,6452,66
2022-01-29,Solano,095,438530,74686,69862,5081,74943,407
2022-01-29,Sonoma,097,501317,76745,73439,2106,75545,427
2022-01-29,Stanislaus,099,539301,111215,107668,14958,122626,1403
2022-01-29,Sutter,101,95872,19287,18797,1536,20333,202
2022-01-29,Tehama,103,63373,11207,10880,2426,13306,145
2022-01-29,Trinity,105,12862,1095,1033,264,1297,19
2022-01-29,Tulare,107,460477,96916,93154,25838,118992,1237
2022-01-29,Tuolumne,109,53932,11335,10806,452,11258,91
2022-01-29,Ventura,111,848112,164996,160466,9176,169642,1271
2022-01-29,Yolo,113,214977,33586,32123,3094,35217,275
2022-01-29,Yuba,115,75493,14761,14295,1081,15376,103
2022-01-28,Alameda,001,1643700,233400,225602,14694,240296,1605
2022-01-28,Alpine,003,1148,123,123,1,124,0
2022-01-28,Amador,005,37829,7806,7505,553,8058,73
2022-01-28,Butte,007,227075,30559,29557,6067,35624,353
2022-01-28,Calaveras,009,45235,6753,6484,329,6813,96
2022-01-28,Colusa,011,21464,3225,3107,934,4041,21
2022-01-28,Contra Costa,013,1133247,174444,168003,12626,180629,1101
2022-01-28,Del Norte,015,27424,4894,4589,146,4735,43
2022-01-28,El Dorado,017,186661,24949,24008,2977,26985,184
2022-01-28,Fresno,019,978130,210892,202691,19267,221958,2457
2022-01-28,Glenn,021,27897,4652,4516,1448,5964,39
2022-01-28,Humboldt,023,135768,15406,14812,2551,17363,126
2022-01-28,Imperial,025,180216,51635,50153,9216,59369,845
2022-01-28,Inyo,027,18085,3929,3895,437,4332,50
2022-01-28,Kern,029,883053,179784,174456,35603,210059,1962
2022-01-28,Kings,031,150075,46936,45047,3110,48157,397
2022-01-28,Lake,033,64148,9444,8747,918,9665,119
2022-01-28,Lassen,035,31185,8204,7961,840,8801,55
2022-01-28,Los Angeles,037,10098052,2562505,2473332,115816,2589148,28467
2022-01-28,Madera,039,155013,34213,32753,5073,37826,329
2022-01-28,Marin,041,260295,31024,30137,3370,33507,253
2022-01-28,Mariposa,043,17540,2208,2117,144,2261,6
2022-01-28,Mendocino,045,87422,11945,11591,2389,13980,104
2022-01-28,Merced,047,269075,58440,56472,5962,62434,735
2022-01-28,Modoc,049,8938,664,654,236,890,6
2022-01-28,Mono,051,14174,2885,2860,115,2975,5
2022-01-28,Monterey,053,433212,71927,64090,17209,81299,658
2022-01-28,Napa,055,140530,23496,22121,875,22996,113
2022-01-28,Nevada,057,99092,14961,14337,1118,15455,112
2022-01-28,Orange,059,3164182,524760,511255,39044,550299,6038
2022-01-28,Placer,061,380077,58604,56562,6950,63512,523
2022-01-28,Plumas,063,18699,2536,2463,315,2778,12
2022-01-28,Riverside,065,2383286,561723,548121,27384,575505,5726
2022-01-28,Sacramento,067,1510023,257626,249130,24713,273843,2558
2022-01-28,San Benito,069,59416,12043,11670,566,12236,90
2022-01-28,San Bernardino,071,2135413,537146,525249,23556,548805,6297
2022-01-28,San Diego,073,3302833,700891,683027,44897,727924,4643
2022-01-28,San Francisco,075,870044,114918,108265,11883,120148,712
2022-01-28,San Joaquin,077,732212,156342,150849,9379,160228,1971
2022-01-28,San Luis Obispo,079,281455,48104,46374,3547,49921,391
2022-01-28,San Mateo,081,765935,111605,100306,14827,115133,586
2022-01-28,Santa Barbara,083,443738,79579,76546,4293,80839,604
2022-01-28,Santa Clara,085,1922200,285953,273879,12516,286395,2019
2022-01-28,Santa Cruz,087,273765,41746,39228,2064,41292,240
2022-01-28,Shasta,089,179085,28415,27504,5788,33292,452
2022-01-28,Sierra,091,2930,264,260,44,304,0
2022-01-28,Siskiyou,093,43540,4090,3987,2462,6449,66
2022-01-28,Solano,095,438530,74100,69862,5006,74868,407
2022-01-28,Sonoma,097,501317,76543,73439,2098,75537,427
2022-01-28,Stanislaus,099,539301,110970,107668,14941,122609,1403
2022-01-28,Sutter,101,95872,19243,18797,1536,20333,202
2022-01-28,Tehama,103,63373,11177,10880,2424,13304,145
2022-01-28,Trinity,105,12862,1089,1033,264,1297,19
2022-01-28,Tulare,107,460477,96675,93154,25753,118907,1237
2022-01-28,Tuolumne,109,53932,11309,10806,452,11258,91
2022-01-28,Ventura,111,848112,164550,160466,9156,169622,1271
2022-01-28,Yolo,113,214977,33485,32123,3089,35212,275
2022-01-28,Yuba,115,75493,14723,14295,1080,15375,103
2022-01-27,Alameda,001,1643700,231887,225602,14552,240154,1605
2022-01-27,Alpine,003,1148,123,123,1,124,0
2022-01-27,Amador,005,37829,7760,7505,539,8044,73
2022-01-27,Butte,007,227075,30417,29557,6016,35573,353
2022-01-27,Calaveras,009,45235,6725,6484,312,6796,96
2022-01-27,Colusa,011,21464,3212,3107,931,4038,21
2022-01-27,Contra Costa,013,1133247,173468,168003,12456,180459,1101
2022-01-27,Del Norte,015,27424,4845,4589,141,4730,43
2022-01-27,El Dorado,017,186661,24851,24008,2961,26969,184
2022-01-27,Fresno,019,978130,209286,202691,19111,221802,2457
2022-01-27,Glenn,021,27897,4623,4516,1439,5955,39
2022-01-27,Humboldt,023,135768,15321,14812,2513,17325,126
2022-01-27,Imperial,025,180216,51352,50153,9094,59247,845
2022-01-27,Inyo,027,18085,3924,3895,426,4321,50
2022-01-27,Kern,029,883053,179060,174456,35516,209972,1962
2022-01-27,Kings,031,150075,46645,45047,3084,48131,397
2022-01-27,Lake,033,64148,9395,8747,908,9655,119
2022-01-27,Lassen,035,31185,8166,7961,835,8796,55
2022-01-27,Los Angeles,037,10098052,2551312,2473332,115485,2588817,28467
2022-01-27,Madera,039,155013,34019,32753,4965,37718,329
2022-01-27,Marin,041,260295,30860,30137,3343,33480,253
2022-01-27,Mariposa,043,17540,2185,2117,140,2257,6
2022-01-27,Mendocino,045,87422,11899,11591,2338,13929,104
2022-01-27,Merced,047,269075,58181,56472,5862,62334,735
2022-01-27,Modoc,049,8938,662,654,235,889,6
2022-01-27,Mono,051,14174,2881,2860,113,2973,5
2022-01-27,Monterey,053,433212,71316,64090,16969,81059,658
2022-01-27,Napa,055,140530,23336,22121,847,22968,113
2022-01-27,Nevada,057,99092,14896,14337,1094,15431,112
2022-01-27,Orange,059,3164182,522926,511255,38884,550139,6038
2022-01-27,Placer,061,380077,58287,56562,6922,63484,523
2022-01-27,Plumas,063,18699,2527,2463,305,2768,12
2022-01-27,Riverside,065,2383286,559585,548121,27299,575420,5726
2022-01-27,Sacramento,067,1510023,256367,249130,24324,273454,2558
2022-01-27,San Benito,069,59416,11987,11670,561,12231,90
2022-01-27,San Bernardino,071,2135413,535427,525249,23469,548718,6297
2022-01-27,San Diego,073,3302833,697622,683027,44597,727624,4643
2022-01-27,San Francisco,075,870044,114418,108265,11812,120077,712
2022-01-27,San Joaquin,077,732212,155492,150849,9319,160168,1971
2022-01-27,San Luis Obispo,079,281455,47839,46374,3501,49875,391
2022-01-27,San Mateo,081,765935,111034,100306,14733,115039,586
2022-01-27,Santa Barbara,083,443738,79103,76546,4243,80789,604
2022-01-27,Santa Clara,085,1922200,283890,273879,12355,286234,2019
2022-01-27,Santa Cruz,087,273765,41095,39228,2049,41277,240
2022-01-27,Shasta,089,179085,28284,27504,5742,33246,452
2022-01-27,Sierra,091,2930,264,260,44,304,0
2022-01-27,Siskiyou,093,43540,4073,3987,2421,6408,66
2022-01-27,Solano,095,438530,73467,69862,4961,74823,407
2022-01-27,Sonoma,097,501317,76073,73439,2091,75530,427
2022-01-27,Stanislaus,099,539301,110479,107668,14833,122501,1403
2022-01-27,Sutter,101,95872,19147,18797,1523,20320,202
2022-01-27,Tehama,103,63373,11126,10880,2408,13288,145
2022-01-27,Trinity,105,12862,1085,1033,264,1297,19
2022-01-27,Tulare,107,460477,96065,93154,25488,118642,1237
2022-01-27,Tuolumne,109,53932,11264,10806,438,11244,91
2022-01-27,Ventura,111,848112,163919,160466,9120,169586,1271
2022-01-27,Yolo,113,214977,33347,32123,3073,35196,275
2022-01-27,Yuba,115,75493,14648,14295,1067,15362,103
2022-01-26,Alameda,001,1643700,230059,222680,14398,237078,1596
2022-01-26,Alpine,003,1148,123,123,1,124,0
2022-01-26,Amador,005,37829,7691,7427,519,7946,73
2022-01-26,Butte,007,227075,30216,29229,5943,35172,353
2022-01-26,Calaveras,009,45235,6680,6387,301,6688,96
2022-01-26,Colusa,011,21464,3198,3094,925,4019,21
2022-01-26,Contra Costa,013,1133247,172366,165972,12289,178261,1095
2022-01-26,Del Norte,015,27424,4775,4542,140,4682,43
2022-01-26,El Dorado,017,186661,24740,23819,2941,26760,181
2022-01-26,Fresno,019,978130,207483,199689,18936,218625,2452
2022-01-26,Glenn,021,27897,4590,4472,1434,5906,39
2022-01-26,Humboldt,023,135768,15221,14715,2461,17176,126
2022-01-26,Imperial,025,180216,51009,49477,8930,58407,839
2022-01-26,Inyo,027,18085,3921,3889,396,4285,50
2022-01-26,Kern,029,883053,178220,173052,35429,208481,1953
2022-01-26,Kings,031,150075,46239,44367,3064,47431,396
2022-01-26,Lake,033,64148,9311,8645,899,9544,119
2022-01-26,Lassen,035,31185,8130,7888,832,8720,55
2022-01-26,Los Angeles,037,10098052,2538977,2450620,115060,2565680,28382
2022-01-26,Madera,039,155013,33810,32323,4843,37166,329
2022-01-26,Marin,041,260295,30686,29813,3316,33129,253
2022-01-26,Mariposa,043,17540,2168,2108,133,2241,6
2022-01-26,Mendocino,045,87422,11852,11453,2284,13737,103
2022-01-26,Merced,047,269075,57823,56060,5741,61801,733
2022-01-26,Modoc,049,8938,661,652,234,886,6
2022-01-26,Mono,051,14174,2876,2852,112,2964,4
2022-01-26,Monterey,053,433212,70786,63264,16681,79945,659
2022-01-26,Napa,055,140530,23175,21864,834,22698,112
2022-01-26,Nevada,057,99092,14803,14128,1081,15209,112
2022-01-26,Orange,059,3164182,520752,506419,38697,545116,6007
2022-01-26,Placer,061,380077,57954,55892,6880,62772,524
2022-01-26,Plumas,063,18699,2517,2425,303,2728,12
2022-01-26,Riverside,065,2383286,557084,543788,27176,570964,5701
2022-01-26,Sacramento,067,1510023,254713,246416,23920,270336,2559
2022-01-26,San Benito,069,59416,11917,11563,546,12109,90
2022-01-26,San Bernardino,071,2135413,533345,521699,23356,545055,6291
2022-01-26,San Diego,073,3302833,693496,676392,44275,720667,4622
2022-01-26,San Francisco,075,870044,113787,107174,11765,118939,704
2022-01-26,San Joaquin,077,732212,154504,148770,9270,158040,1971
2022-01-26,San Luis Obispo,079,281455,47544,45716,3473,49189,391
2022-01-26,San Mateo,081,765935,110396,99016,14589,113605,586
2022-01-26,Santa Barbara,083,443738,78561,75548,4181,79729,600
2022-01-26,Santa Clara,085,1922200,281782,270470,12171,282641,2015
2022-01-26,Santa Cruz,087,273765,40603,38298,2040,40338,239
2022-01-26,Shasta,089,179085,28138,27255,5691,32946,452
2022-01-26,Sierra,091,2930,263,260,43,303,0
2022-01-26,Siskiyou,093,43540,4058,3971,2398,6369,66
2022-01-26,Solano,095,438530,72772,69150,4906,74056,401
2022-01-26,Sonoma,097,501317,75515,72509,2057,74566,423
2022-01-26,Stanislaus,099,539301,109946,106582,14675,121257,1396
2022-01-26,Sutter,101,95872,19043,18670,1490,20160,202
2022-01-26,Tehama,103,63373,11066,10749,2391,13140,145
2022-01-26,Trinity,105,12862,1080,1008,263,1271,19
2022-01-26,Tulare,107,460477,95345,91904,25241,117145,1234
2022-01-26,Tuolumne,109,53932,11124,10699,429,11128,91
2022-01-26,Ventura,111,848112,163214,159077,9081,168158,1263
2022-01-26,Yolo,113,214977,33164,31913,3035,34948,275
2022-01-26,Yuba,115,75493,14564,14171,1052,15223,103
2022-01-25,Alameda,001,1643700,228200,219753,14212,233965,1589
2022-01-25,Alpine,003,1148,123,122,1,123,0
2022-01-25,Amador,005,37829,7618,7352,509,7861,73
2022-01-25,Butte,007,227075,30016,28887,5861,34748,351
2022-01-25,Calaveras,009,45235,6613,6266,281,6547,95
2022-01-25,Colusa,011,21464,3179,3074,922,3996,21
2022-01-25,Contra Costa,013,1133247,171061,163792,12076,175868,1092
2022-01-25,Del Norte,015,27424,4704,4514,135,4649,43
2022-01-25,El Dorado,017,186661,24607,23339,2921,26260,179
2022-01-25,Fresno,019,978130,205369,198262,18701,216963,2434
2022-01-25,Glenn,021,27897,4562,4418,1419,5837,39
2022-01-25,Humboldt,023,135768,15126,14574,2432,17006,126
2022-01-25,Imperial,025,180216,50524,48913,8683,57596,832
2022-01-25,Inyo,027,18085,3907,3857,348,4205,50
2022-01-25,Kern,029,883053,177256,171695,35305,207000,1947
2022-01-25,Kings,031,150075,45761,43853,3034,46887,396
2022-01-25,Lake,033,64148,9232,8543,880,9423,118
2022-01-25,Lassen,035,31185,8101,7834,824,8658,55
2022-01-25,Los Angeles,037,10098052,2524000,2433516,114521,2548037,28293
2022-01-25,Madera,039,155013,33503,31794,4713,36507,329
2022-01-25,Marin,041,260295,30519,29589,3291,32880,253
2022-01-25,Mariposa,043,17540,2157,2069,126,2195,6
2022-01-25,Mendocino,045,87422,11737,11280,2178,13458,103
2022-01-25,Merced,047,269075,57426,55555,5649,61204,733
2022-01-25,Modoc,049,8938,659,652,234,886,6
2022-01-25,Mono,051,14174,2863,2826,112,2938,4
2022-01-25,Monterey,053,433212,70228,62498,16281,78779,654
2022-01-25,Napa,055,140530,22966,21668,796,22464,111
2022-01-25,Nevada,057,99092,14681,13944,1061,15005,112
2022-01-25,Orange,059,3164182,518319,504274,38466,542740,5980
2022-01-25,Placer,061,380077,57532,55465,6827,62292,518
2022-01-25,Plumas,063,18699,2499,2397,299,2696,12
2022-01-25,Riverside,065,2383286,554037,540723,26993,567716,5686
2022-01-25,Sacramento,067,1510023,252778,244468,23334,267802,2545
2022-01-25,San Benito,069,59416,11817,11446,541,11987,88
2022-01-25,San Bernardino,071,2135413,530984,519150,23230,542380,6288
2022-01-25,San Diego,073,3302833,688558,670110,43848,713958,4604
2022-01-25,San Francisco,075,870044,112939,106254,11688,117942,703
2022-01-25,San Joaquin,077,732212,153520,147271,9207,156478,1972
2022-01-25,San Luis Obispo,079,281455,47193,45130,3421,48551,391
2022-01-25,San Mateo,081,765935,109605,98010,14446,112456,586
2022-01-25,Santa Barbara,083,443738,77842,74686,4101,78787,594
2022-01-25,Santa Clara,085,1922200,279122,268031,11947,279978,2006
2022-01-25,Santa Cruz,087,273765,39947,37850,2025,39875,237
2022-01-25,Shasta,089,179085,27978,27090,5618,32708,452
2022-01-25,Sierra,091,2930,263,260,38,298,0
2022-01-25,Siskiyou,093,43540,4034,3958,2349,6307,65
2022-01-25,Solano,095,438530,72213,68657,4859,73516,399
2022-01-25,Sonoma,097,501317,74820,71633,2024,73657,423
2022-01-25,Stanislaus,099,539301,109326,105965,14510,120475,1396
2022-01-25,Sutter,101,95872,18944,18508,1450,19958,200
2022-01-25,Tehama,103,63373,11010,10669,2363,13032,145
2022-01-25,Trinity,105,12862,1071,999,260,1259,19
2022-01-25,Tulare,107,460477,94552,91237,24900,116137,1229
2022-01-25,Tuolumne,109,53932,10958,10516,406,10922,91
2022-01-25,Ventura,111,848112,162368,157971,9036,167007,1263
2022-01-25,Yolo,113,214977,32928,31677,2992,34669,274
2022-01-25,Yuba,115,75493,14478,14038,1029,15067,103
2022-01-24,Alameda,001,1643700,225838,216252,13927,230179,1581
2022-01-24,Alpine,003,1148,123,120,1,121,0
2022-01-24,Amador,005,37829,7568,7166,466,7632,73
2022-01-24,Butte,007,227075,29789,28607,5799,34406,350
2022-01-24,Calaveras,009,45235,6557,6172,260,6432,95
2022-01-24,Colusa,011,21464,3160,3052,913,3965,21
2022-01-24,Contra Costa,013,1133247,169569,162161,11857,174018,1092
2022-01-24,Del Norte,015,27424,4632,4460,133,4593,43
2022-01-24,El Dorado,017,186661,24457,23128,2896,26024,179
2022-01-24,Fresno,019,978130,203064,196092,18450,214542,2430
2022-01-24,Glenn,021,27897,4519,4367,1407,5774,39
2022-01-24,Humboldt,023,135768,15018,14416,2379,16795,126
2022-01-24,Imperial,025,180216,49976,48228,8335,56563,824
2022-01-24,Inyo,027,18085,3903,3805,324,4129,50
2022-01-24,Kern,029,883053,176021,169892,35130,205022,1946
2022-01-24,Kings,031,150075,45197,43260,2983,46243,396
2022-01-24,Lake,033,64148,9118,8423,858,9281,118
2022-01-24,Lassen,035,31185,8010,7732,804,8536,55
2022-01-24,Los Angeles,037,10098052,2507721,2391045,113938,2504983,28230
2022-01-24,Madera,039,155013,33094,31339,4522,35861,329
2022-01-24,Marin,041,260295,30290,29301,3239,32540,253
2022-01-24,Mariposa,043,17540,2132,2033,120,2153,6
2022-01-24,Mendocino,045,87422,11628,11002,2098,13100,103
2022-01-24,Merced,047,269075,56934,54970,5496,60466,730
2022-01-24,Modoc,049,8938,656,648,233,881,6
2022-01-24,Mono,051,14174,2852,2802,110,2912,4
2022-01-24,Monterey,053,433212,69417,61975,15877,77852,654
2022-01-24,Napa,055,140530,22782,21494,783,22277,111
2022-01-24,Nevada,057,99092,14540,13774,1038,14812,112
2022-01-24,Orange,059,3164182,515557,501634,38191,539825,5969
2022-01-24,Placer,061,380077,57017,54933,6778,61711,518
2022-01-24,Plumas,063,18699,2478,2370,285,2655,12
2022-01-24,Riverside,065,2383286,550350,535962,26758,562720,5661
2022-01-24,Sacramento,067,1510023,250479,241522,22733,264255,2526
2022-01-24,San Benito,069,59416,11722,11331,528,11859,88
2022-01-24,San Bernardino,071,2135413,528317,515604,23083,538687,6285
2022-01-24,San Diego,073,3302833,682972,663580,43365,706945,4586
2022-01-24,San Francisco,075,870044,112004,105418,11550,116968,703
2022-01-24,San Joaquin,077,732212,152205,145984,9151,155135,1959
2022-01-24,San Luis Obispo,079,281455,46731,44616,3355,47971,387
2022-01-24,San Mateo,081,765935,108684,96968,14278,111246,586
2022-01-24,Santa Barbara,083,443738,76984,73866,4006,77872,591
2022-01-24,Santa Clara,085,1922200,276187,265341,11735,277076,2006
2022-01-24,Santa Cruz,087,273765,39118,37188,2006,39194,237
2022-01-24,Shasta,089,179085,27787,26871,5520,32391,452
2022-01-24,Sierra,091,2930,263,258,38,296,0
2022-01-24,Siskiyou,093,43540,4021,3934,2301,6235,64
2022-01-24,Solano,095,438530,71528,68094,4785,72879,400
2022-01-24,Sonoma,097,501317,73903,70733,2000,72733,423
2022-01-24,Stanislaus,099,539301,108587,104933,14292,119225,1395
2022-01-24,Sutter,101,95872,18828,18336,1367,19703,200
2022-01-24,Tehama,103,63373,10940,10567,2344,12911,145
2022-01-24,Trinity,105,12862,1062,978,258,1236,19
2022-01-24,Tulare,107,460477,93548,90089,24484,114573,1219
2022-01-24,Tuolumne,109,53932,10853,10374,395,10769,91
2022-01-24,Ventura,111,848112,161345,156551,8990,165541,1261
2022-01-24,Yolo,113,214977,32664,31480,2957,34437,273
2022-01-24,Yuba,115,75493,14373,13862,986,14848,103
2022-01-23,Alameda,001,1643700,223270,214003,13561,227564,1583
2022-01-23,Alpine,003,1148,123,120,1,121,0
2022-01-23,Amador,005,37829,7513,7090,425,7515,73
2022-01-23,Butte,007,227075,29504,28340,5697,34037,350
2022-01-23,Calaveras,009,45235,6486,6095,229,6324,95
2022-01-23,Colusa,011,21464,3130,3040,905,3945,21
2022-01-23,Contra Costa,013,1133247,167736,160798,11480,172278,1092
2022-01-23,Del Norte,015,27424,4556,4419,124,4543,43
2022-01-23,El Dorado,017,186661,24272,22925,2853,25778,179
2022-01-23,Fresno,019,978130,200619,193642,18036,211678,2430
2022-01-23,Glenn,021,27897,4468,4340,1379,5719,39
2022-01-23,Humboldt,023,135768,14896,14296,2293,16589,126
2022-01-23,Imperial,025,180216,49390,47935,8027,55962,824
2022-01-23,Inyo,027,18085,3877,3781,311,4092,50
2022-01-23,Kern,029,883053,174727,168585,34943,203528,1946
2022-01-23,Kings,031,150075,44586,42622,2898,45520,397
2022-01-23,Lake,033,64148,8950,8363,800,9163,118
2022-01-23,Lassen,035,31185,7953,7710,780,8490,55
2022-01-23,Los Angeles,037,10098052,2488192,2390590,112978,2503568,28231
2022-01-23,Madera,039,155013,32731,30962,4263,35225,329
2022-01-23,Marin,041,260295,30043,29025,3186,32211,253
2022-01-23,Mariposa,043,17540,2117,2011,116,2127,6
2022-01-23,Mendocino,045,87422,11502,10889,1969,12858,103
2022-01-23,Merced,047,269075,56384,54644,5221,59865,730
2022-01-23,Modoc,049,8938,654,645,230,875,6
2022-01-23,Mono,051,14174,2848,2788,108,2896,4
2022-01-23,Monterey,053,433212,68618,61522,15317,76839,654
2022-01-23,Napa,055,140530,22515,21281,771,22052,111
2022-01-23,Nevada,057,99092,14366,13629,997,14626,112
2022-01-23,Orange,059,3164182,512254,498968,37859,536827,5970
2022-01-23,Placer,061,380077,56439,54568,6689,61257,518
2022-01-23,Plumas,063,18699,2456,2368,256,2624,12
2022-01-23,Riverside,065,2383286,545945,532273,26434,558707,5661
2022-01-23,Sacramento,067,1510023,247919,239589,21720,261309,2530
2022-01-23,San Benito,069,59416,11599,11225,514,11739,88
2022-01-23,San Bernardino,071,2135413,525142,512657,22822,535479,6281
2022-01-23,San Diego,073,3302833,676637,640215,42662,682877,4566
2022-01-23,San Francisco,075,870044,110862,104485,11363,115848,704
2022-01-23,San Joaquin,077,732212,150589,144621,9059,153680,1959
2022-01-23,San Luis Obispo,079,281455,46057,44183,3275,47458,386
2022-01-23,San Mateo,081,765935,107614,95940,14089,110029,586
2022-01-23,Santa Barbara,083,443738,75867,73041,3883,76924,590
2022-01-23,Santa Clara,085,1922200,272856,261991,11383,273374,2005
2022-01-23,Santa Cruz,087,273765,38578,36547,1975,38522,237
2022-01-23,Shasta,089,179085,27485,26732,5378,32110,452
2022-01-23,Sierra,091,2930,262,252,38,290,0
2022-01-23,Siskiyou,093,43540,3997,3916,2232,6148,64
2022-01-23,Solano,095,438530,70747,67457,4693,72150,400
2022-01-23,Sonoma,097,501317,72977,69791,1961,71752,423
2022-01-23,Stanislaus,099,539301,107747,104067,14055,118122,1395
2022-01-23,Sutter,101,95872,18669,18175,1260,19435,200
2022-01-23,Tehama,103,63373,10836,10481,2311,12792,145
2022-01-23,Trinity,105,12862,1059,961,256,1217,19
2022-01-23,Tulare,107,460477,92409,89120,24035,113155,1219
2022-01-23,Tuolumne,109,53932,10703,10243,371,10614,91
2022-01-23,Ventura,111,848112,160185,155052,8910,163962,1261
2022-01-23,Yolo,113,214977,32325,30908,2912,33820,273
2022-01-23,Yuba,115,75493,14243,13762,922,14684,103
2022-01-22,Alameda,001,1643700,222283,203927,13517,217444,1575
2022-01-22,Alpine,003,1148,122,119,1,120,0
2022-01-22,Amador,005,37829,7481,6845,420,7265,73
2022-01-22,Butte,007,227075,29389,27232,5668,32900,350
2022-01-22,Calaveras,009,45235,6454,5835,223,6058,95
2022-01-22,Colusa,011,21464,3113,2954,904,3858,21
2022-01-22,Contra Costa,013,1133247,166817,154111,11450,165561,1091
2022-01-22,Del Norte,015,27424,4535,4269,122,4391,43
2022-01-22,El Dorado,017,186661,24204,22273,2839,25112,179
2022-01-22,Fresno,019,978130,199811,185292,17997,203289,2429
2022-01-22,Glenn,021,27897,4463,4174,1374,5548,39
2022-01-22,Humboldt,023,135768,14829,13628,2278,15906,125
2022-01-22,Imperial,025,180216,49196,45741,7970,53711,820
2022-01-22,Inyo,027,18085,3873,3706,287,3993,50
2022-01-22,Kern,029,883053,174136,162902,34881,197783,1946
2022-01-22,Kings,031,150075,44398,40580,2892,43472,396
2022-01-22,Lake,033,64148,8917,8056,787,8843,118
2022-01-22,Lassen,035,31185,7914,7545,771,8316,55
2022-01-22,Los Angeles,037,10098052,2481229,2286280,112529,2398809,28038
2022-01-22,Madera,039,155013,32614,29595,4248,33843,329
2022-01-22,Marin,041,260295,29923,27893,3168,31061,253
2022-01-22,Mariposa,043,17540,2113,1920,116,2036,6
2022-01-22,Mendocino,045,87422,11453,10395,1947,12342,103
2022-01-22,Merced,047,269075,56240,53025,5208,58233,727
2022-01-22,Modoc,049,8938,653,639,230,869,6
2022-01-22,Mono,051,14174,2848,2723,107,2830,4
2022-01-22,Monterey,053,433212,68448,59038,15257,74295,651
2022-01-22,Napa,055,140530,22418,20402,759,21161,111
2022-01-22,Nevada,057,99092,14308,12957,982,13939,112
2022-01-22,Orange,059,3164182,510618,480329,37563,517892,5946
2022-01-22,Placer,061,380077,56206,52557,6669,59226,512
2022-01-22,Plumas,063,18699,2439,2289,251,2540,12
2022-01-22,Riverside,065,2383286,544102,513567,26351,539918,5623
2022-01-22,Sacramento,067,1510023,247006,230206,21630,251836,2510
2022-01-22,San Benito,069,59416,11540,10743,507,11250,88
2022-01-22,San Bernardino,071,2135413,523754,495209,22739,517948,6267
2022-01-22,San Diego,073,3302833,674213,628904,42512,671416,4559
2022-01-22,San Francisco,075,870044,110328,100238,11185,111423,702
2022-01-22,San Joaquin,077,732212,150161,138264,9026,147290,1960
2022-01-22,San Luis Obispo,079,281455,45944,42154,3261,45415,385
2022-01-22,San Mateo,081,765935,107046,91440,14001,105441,585
2022-01-22,Santa Barbara,083,443738,75451,69555,3877,73432,589
2022-01-22,Santa Clara,085,1922200,271153,249205,11315,260520,1993
2022-01-22,Santa Cruz,087,273765,38395,33741,1969,35710,237
2022-01-22,Shasta,089,179085,27396,25919,5350,31269,450
2022-01-22,Sierra,091,2930,262,248,37,285,0
2022-01-22,Siskiyou,093,43540,3982,3845,2221,6066,62
2022-01-22,Solano,095,438530,70524,63882,4658,68540,391
2022-01-22,Sonoma,097,501317,72573,66013,1948,67961,422
2022-01-22,Stanislaus,099,539301,107293,100092,13997,114089,1393
2022-01-22,Sutter,101,95872,18604,17616,1247,18863,199
2022-01-22,Tehama,103,63373,10801,10171,2302,12473,142
2022-01-22,Trinity,105,12862,1057,925,256,1181,19
2022-01-22,Tulare,107,460477,92051,85223,23893,109116,1211
2022-01-22,Tuolumne,109,53932,10641,9731,365,10096,91
2022-01-22,Ventura,111,848112,159488,148742,8876,157618,1250
2022-01-22,Yolo,113,214977,32152,30061,2900,32961,273
2022-01-22,Yuba,115,75493,14151,13288,918,14206,103
2022-01-21,Alameda,001,1643700,220773,203927,13477,217404,1575
2022-01-21,Alpine,003,1148,122,119,1,120,0
2022-01-21,Amador,005,37829,7425,6845,418,7263,73
2022-01-21,Butte,007,227075,29256,27232,5625,32857,350
2022-01-21,Calaveras,009,45235,6416,5835,223,6058,95
2022-01-21,Colusa,011,21464,3106,2954,903,3857,21
2022-01-21,Contra Costa,013,1133247,165779,154111,11368,165479,1091
2022-01-21,Del Norte,015,27424,4497,4269,120,4389,43
2022-01-21,El Dorado,017,186661,24127,22273,2824,25097,179
2022-01-21,Fresno,019,978130,198574,185292,17960,203252,2429
2022-01-21,Glenn,021,27897,4444,4174,1367,5541,39
2022-01-21,Humboldt,023,135768,14758,13628,2257,15885,125
2022-01-21,Imperial,025,180216,49003,45741,7880,53621,820
2022-01-21,Inyo,027,18085,3860,3706,281,3987,50
2022-01-21,Kern,029,883053,173443,162902,34781,197683,1946
2022-01-21,Kings,031,150075,44218,40580,2886,43466,396
2022-01-21,Lake,033,64148,8866,8056,774,8830,118
2022-01-21,Lassen,035,31185,7872,7545,768,8313,55
2022-01-21,Los Angeles,037,10098052,2470105,2286280,112127,2398407,28038
2022-01-21,Madera,039,155013,32316,29595,4221,33816,329
2022-01-21,Marin,041,260295,29742,27893,3134,31027,253
2022-01-21,Mariposa,043,17540,2101,1920,115,2035,6
2022-01-21,Mendocino,045,87422,11375,10395,1944,12339,103
2022-01-21,Merced,047,269075,56090,53025,5205,58230,727
2022-01-21,Modoc,049,8938,653,639,228,867,6
2022-01-21,Mono,051,14174,2831,2723,105,2828,4
2022-01-21,Monterey,053,433212,68013,59038,15130,74168,651
2022-01-21,Napa,055,140530,22307,20402,751,21153,111
2022-01-21,Nevada,057,99092,14211,12957,976,13933,112
2022-01-21,Orange,059,3164182,508320,480329,37319,517648,5946
2022-01-21,Placer,061,380077,55826,52557,6603,59160,512
2022-01-21,Plumas,063,18699,2428,2289,245,2534,12
2022-01-21,Riverside,065,2383286,541444,513567,26271,539838,5623
2022-01-21,Sacramento,067,1510023,245635,230206,21542,251748,2510
2022-01-21,San Benito,069,59416,11505,10743,504,11247,88
2022-01-21,San Bernardino,071,2135413,521891,495209,22668,517877,6267
2022-01-21,San Diego,073,3302833,670170,628904,42399,671303,4559
2022-01-21,San Francisco,075,870044,109651,100238,11059,111297,702
2022-01-21,San Joaquin,077,732212,149588,138264,8979,147243,1960
2022-01-21,San Luis Obispo,079,281455,45818,42154,3257,45411,385
2022-01-21,San Mateo,081,765935,106380,91440,13928,105368,585
2022-01-21,Santa Barbara,083,443738,74957,69555,3868,73423,589
2022-01-21,Santa Clara,085,1922200,269303,249205,11190,260395,1993
2022-01-21,Santa Cruz,087,273765,37674,33741,1963,35704,237
2022-01-21,Shasta,089,179085,27310,25919,5296,31215,450
2022-01-21,Sierra,091,2930,261,248,35,283,0
2022-01-21,Siskiyou,093,43540,3978,3845,2212,6057,62
2022-01-21,Solano,095,438530,70117,63882,4576,68458,391
2022-01-21,Sonoma,097,501317,72061,66013,1933,67946,422
2022-01-21,Stanislaus,099,539301,106794,100092,13961,114053,1393
2022-01-21,Sutter,101,95872,18516,17616,1232,18848,199
2022-01-21,Tehama,103,63373,10770,10171,2300,12471,142
2022-01-21,Trinity,105,12862,1050,925,255,1180,19
2022-01-21,Tulare,107,460477,91611,85223,23736,108959,1211
2022-01-21,Tuolumne,109,53932,10563,9731,357,10088,91
2022-01-21,Ventura,111,848112,158669,148742,8849,157591,1250
2022-01-21,Yolo,113,214977,31991,30061,2878,32939,273
2022-01-21,Yuba,115,75493,14081,13288,916,14204,103
2022-01-20,Alameda,001,1643700,217775,203927,13211,217138,1575
2022-01-20,Alpine,003,1148,122,119,1,120,0
2022-01-20,Amador,005,37829,7360,6845,399,7244,73
2022-01-20,Butte,007,227075,28983,27232,5548,32780,350
2022-01-20,Calaveras,009,45235,6300,5835,211,6046,95
2022-01-20,Colusa,011,21464,3070,2954,899,3853,21
2022-01-20,Contra Costa,013,1133247,163824,154111,11089,165200,1091
2022-01-20,Del Norte,015,27424,4454,4269,118,4387,43
2022-01-20,El Dorado,017,186661,23939,22273,2780,25053,179
2022-01-20,Fresno,019,978130,196018,185292,17667,202959,2429
2022-01-20,Glenn,021,27897,4410,4174,1355,5529,39
2022-01-20,Humboldt,023,135768,14626,13628,2205,15833,125
2022-01-20,Imperial,025,180216,48427,45741,7706,53447,820
2022-01-20,Inyo,027,18085,3848,3706,271,3977,50
2022-01-20,Kern,029,883053,172007,162902,34598,197500,1946
2022-01-20,Kings,031,150075,43727,40580,2844,43424,396
2022-01-20,Lake,033,64148,8768,8056,757,8813,118
2022-01-20,Lassen,035,31185,7826,7545,747,8292,55
2022-01-20,Los Angeles,037,10098052,2445209,2286280,111293,2397573,28038
2022-01-20,Madera,039,155013,31915,29595,4090,33685,329
2022-01-20,Marin,041,260295,29425,27893,3090,30983,253
2022-01-20,Mariposa,043,17540,2073,1920,112,2032,6
2022-01-20,Mendocino,045,87422,11277,10395,1868,12263,103
2022-01-20,Merced,047,269075,55653,53025,5087,58112,727
2022-01-20,Modoc,049,8938,651,639,228,867,6
2022-01-20,Mono,051,14174,2819,2723,104,2827,4
2022-01-20,Monterey,053,433212,67291,59038,14682,73720,651
2022-01-20,Napa,055,140530,22049,20402,712,21114,111
2022-01-20,Nevada,057,99092,14053,12957,949,13906,112
2022-01-20,Orange,059,3164182,504116,480329,36978,517307,5946
2022-01-20,Placer,061,380077,55365,52557,6543,59100,512
2022-01-20,Plumas,063,18699,2408,2289,239,2528,12
2022-01-20,Riverside,065,2383286,536872,513567,26020,539587,5623
2022-01-20,Sacramento,067,1510023,243388,230206,20867,251073,2510
2022-01-20,San Benito,069,59416,11393,10743,491,11234,88
2022-01-20,San Bernardino,071,2135413,518034,495209,22386,517595,6267
2022-01-20,San Diego,073,3302833,663313,628904,41793,670697,4559
2022-01-20,San Francisco,075,870044,108506,100238,10847,111085,702
2022-01-20,San Joaquin,077,732212,147941,138264,8879,147143,1960
2022-01-20,San Luis Obispo,079,281455,45321,42154,3225,45379,385
2022-01-20,San Mateo,081,765935,105199,91440,13640,105080,585
2022-01-20,Santa Barbara,083,443738,74052,69555,3760,73315,589
2022-01-20,Santa Clara,085,1922200,265946,249205,10835,260040,1993
2022-01-20,Santa Cruz,087,273765,36790,33741,1942,35683,237
2022-01-20,Shasta,089,179085,27125,25919,5215,31134,450
2022-01-20,Sierra,091,2930,261,248,33,281,0
2022-01-20,Siskiyou,093,43540,3966,3845,2176,6021,62
2022-01-20,Solano,095,438530,69183,63882,4493,68375,391
2022-01-20,Sonoma,097,501317,71049,66013,1891,67904,422
2022-01-20,Stanislaus,099,539301,105866,100092,13754,113846,1393
2022-01-20,Sutter,101,95872,18353,17616,1213,18829,199
2022-01-20,Tehama,103,63373,10693,10171,2278,12449,142
2022-01-20,Trinity,105,12862,1038,925,252,1177,19
2022-01-20,Tulare,107,460477,90639,85223,23424,108647,1211
2022-01-20,Tuolumne,109,53932,10445,9731,344,10075,91
2022-01-20,Ventura,111,848112,157302,148742,8775,157517,1250
2022-01-20,Yolo,113,214977,31726,30061,2826,32887,273
2022-01-20,Yuba,115,75493,13974,13288,881,14169,103
2022-01-19,Alameda,001,1643700,214499,199739,12869,212608,1571
2022-01-19,Alpine,003,1148,121,119,1,120,0
2022-01-19,Amador,005,37829,7281,6789,355,7144,73
2022-01-19,Butte,007,227075,28666,26839,5485,32324,351
2022-01-19,Calaveras,009,45235,6202,5765,200,5965,95
2022-01-19,Colusa,011,21464,3041,2938,887,3825,21
2022-01-19,Contra Costa,013,1133247,161526,151543,10826,162369,1091
2022-01-19,Del Norte,015,27424,4409,4240,115,4355,43
2022-01-19,El Dorado,017,186661,23695,21953,2743,24696,177
2022-01-19,Fresno,019,978130,193181,181526,17437,198963,2430
2022-01-19,Glenn,021,27897,4359,4127,1345,5472,39
2022-01-19,Humboldt,023,135768,14455,13391,2150,15541,125
2022-01-19,Imperial,025,180216,47675,45156,7518,52674,820
2022-01-19,Inyo,027,18085,3825,3680,230,3910,49
2022-01-19,Kern,029,883053,170301,160747,34341,195088,1946
2022-01-19,Kings,031,150075,43074,40027,2778,42805,395
2022-01-19,Lake,033,64148,8644,7972,727,8699,118
2022-01-19,Lassen,035,31185,7762,7507,724,8231,55
2022-01-19,Los Angeles,037,10098052,2416221,2251718,110248,2361966,27934
2022-01-19,Madera,039,155013,31520,29021,3909,32930,329
2022-01-19,Marin,041,260295,29106,27375,3011,30386,251
2022-01-19,Mariposa,043,17540,2047,1896,106,2002,6
2022-01-19,Mendocino,045,87422,11099,10252,1771,12023,103
2022-01-19,Merced,047,269075,55086,52355,4810,57165,724
2022-01-19,Modoc,049,8938,649,635,227,862,6
2022-01-19,Mono,051,14174,2801,2677,100,2777,4
2022-01-19,Monterey,053,433212,66420,58426,14163,72589,651
2022-01-19,Napa,055,140530,21797,20090,683,20773,110
2022-01-19,Nevada,057,99092,13904,12703,918,13621,112
2022-01-19,Orange,059,3164182,499288,468460,36575,505035,5943
2022-01-19,Placer,061,380077,54821,51545,6465,58010,511
2022-01-19,Plumas,063,18699,2378,2239,230,2469,12
2022-01-19,Riverside,065,2383286,531306,503575,25778,529353,5604
2022-01-19,Sacramento,067,1510023,240522,226035,20067,246102,2512
2022-01-19,San Benito,069,59416,11253,10639,478,11117,88
2022-01-19,San Bernardino,071,2135413,513698,487846,22009,509855,6265
2022-01-19,San Diego,073,3302833,654796,614709,41178,655887,4553
2022-01-19,San Francisco,075,870044,107267,98652,10710,109362,694
2022-01-19,San Joaquin,077,732212,146035,135953,8764,144717,1959
2022-01-19,San Luis Obispo,079,281455,44731,41374,3143,44517,382
2022-01-19,San Mateo,081,765935,103847,89715,13320,103035,585
2022-01-19,Santa Barbara,083,443738,73035,68531,3656,72187,586
2022-01-19,Santa Clara,085,1922200,262186,244922,10434,255356,1991
2022-01-19,Santa Cruz,087,273765,35525,33026,1919,34945,237
2022-01-19,Shasta,089,179085,26860,25355,5131,30486,450
2022-01-19,Sierra,091,2930,261,245,30,275,0
2022-01-19,Siskiyou,093,43540,3944,3821,2117,5938,62
2022-01-19,Solano,095,438530,68379,63003,4377,67380,392
2022-01-19,Sonoma,097,501317,69949,64689,1855,66544,420
2022-01-19,Stanislaus,099,539301,104840,98952,13507,112459,1381
2022-01-19,Sutter,101,95872,18189,17436,1136,18572,199
2022-01-19,Tehama,103,63373,10576,10064,2230,12294,142
2022-01-19,Trinity,105,12862,1024,916,251,1167,19
2022-01-19,Tulare,107,460477,89461,83743,22934,106677,1200
2022-01-19,Tuolumne,109,53932,10300,9613,315,9928,91
2022-01-19,Ventura,111,848112,155792,144738,8699,153437,1234
2022-01-19,Yolo,113,214977,31385,29392,2779,32171,273
2022-01-19,Yuba,115,75493,13811,13114,866,13980,104
2022-01-18,Alameda,001,1643700,211241,195728,12545,208273,1566
2022-01-18,Alpine,003,1148,121,118,1,119,0
2022-01-18,Amador,005,37829,7145,6691,316,7007,73
2022-01-18,Butte,007,227075,28277,26514,5396,31910,347
2022-01-18,Calaveras,009,45235,6120,5684,183,5867,94
2022-01-18,Colusa,011,21464,3001,2903,884,3787,21
2022-01-18,Contra Costa,013,1133247,159568,149446,10429,159875,1085
2022-01-18,Del Norte,015,27424,4344,4229,111,4340,43
2022-01-18,El Dorado,017,186661,23332,21707,2699,24406,175
2022-01-18,Fresno,019,978130,189887,178922,17074,195996,2425
2022-01-18,Glenn,021,27897,4327,4070,1332,5402,39
2022-01-18,Humboldt,023,135768,14282,13218,2077,15295,125
2022-01-18,Imperial,025,180216,46983,44742,7334,52076,819
2022-01-18,Inyo,027,18085,3784,3654,218,3872,49
2022-01-18,Kern,029,883053,168367,158864,34010,192874,1943
2022-01-18,Kings,031,150075,42269,39440,2699,42139,392
2022-01-18,Lake,033,64148,8533,7919,694,8613,117
2022-01-18,Lassen,035,31185,7673,7461,681,8142,55
2022-01-18,Los Angeles,037,10098052,2382777,2227360,109066,2336426,27871
2022-01-18,Madera,039,155013,30993,28717,3718,32435,329
2022-01-18,Marin,041,260295,28825,27036,2927,29963,251
2022-01-18,Mariposa,043,17540,2022,1872,101,1973,6
2022-01-18,Mendocino,045,87422,10932,10114,1685,11799,103
2022-01-18,Merced,047,269075,54489,51746,4524,56270,718
2022-01-18,Modoc,049,8938,647,633,222,855,6
2022-01-18,Mono,051,14174,2777,2643,99,2742,4
2022-01-18,Monterey,053,433212,65675,57846,13593,71439,650
2022-01-18,Napa,055,140530,21453,19911,661,20572,109
2022-01-18,Nevada,057,99092,13705,12584,872,13456,111
2022-01-18,Orange,059,3164182,493789,461324,36038,497362,5938
2022-01-18,Placer,061,380077,54157,50983,6378,57361,508
2022-01-18,Plumas,063,18699,2347,2218,222,2440,12
2022-01-18,Riverside,065,2383286,525313,497278,25435,522713,5599
2022-01-18,Sacramento,067,1510023,237543,223745,18989,242734,2496
2022-01-18,San Benito,069,59416,11111,10520,462,10982,88
2022-01-18,San Bernardino,071,2135413,508664,483753,21566,505319,6258
2022-01-18,San Diego,073,3302833,644829,605137,40336,645473,4547
2022-01-18,San Francisco,075,870044,105826,96505,10430,106935,694
2022-01-18,San Joaquin,077,732212,144089,134365,8610,142975,1957
2022-01-18,San Luis Obispo,079,281455,44048,40848,3052,43900,381
2022-01-18,San Mateo,081,765935,102371,88225,13023,101248,585
2022-01-18,Santa Barbara,083,443738,71792,67216,3484,70700,581
2022-01-18,Santa Clara,085,1922200,258013,240281,10015,250296,1986
2022-01-18,Santa Cruz,087,273765,34902,32203,1892,34095,237
2022-01-18,Shasta,089,179085,26579,25162,5015,30177,448
2022-01-18,Sierra,091,2930,257,244,30,274,0
2022-01-18,Siskiyou,093,43540,3911,3799,2069,5868,62
2022-01-18,Solano,095,438530,67570,62204,4270,66474,391
2022-01-18,Sonoma,097,501317,68584,63714,1802,65516,419
2022-01-18,Stanislaus,099,539301,103658,98000,13193,111193,1379
2022-01-18,Sutter,101,95872,18008,17295,1077,18372,198
2022-01-18,Tehama,103,63373,10466,9975,2172,12147,142
2022-01-18,Trinity,105,12862,1012,907,248,1155,19
2022-01-18,Tulare,107,460477,88079,82667,22441,105108,1196
2022-01-18,Tuolumne,109,53932,10152,9528,304,9832,91
2022-01-18,Ventura,111,848112,154086,143384,8618,152002,1233
2022-01-18,Yolo,113,214977,31015,28786,2714,31500,270
2022-01-18,Yuba,115,75493,13649,12971,834,13805,101
2022-01-17,Alameda,001,1643700,206623,193276,11937,205213,1565
2022-01-17,Alpine,003,1148,120,118,0,118,0
2022-01-17,Amador,005,37829,7038,6640,257,6897,73
2022-01-17,Butte,007,227075,27891,26303,5290,31593,348
2022-01-17,Calaveras,009,45235,5978,5584,151,5735,94
2022-01-17,Colusa,011,21464,2976,2905,882,3787,21
2022-01-17,Contra Costa,013,1133247,156833,147993,9910,157903,1086
2022-01-17,Del Norte,015,27424,4296,4209,103,4312,43
2022-01-17,El Dorado,017,186661,23102,21540,2614,24154,175
2022-01-17,Fresno,019,978130,186401,176959,16640,193599,2426
2022-01-17,Glenn,021,27897,4271,4055,1315,5370,39
2022-01-17,Humboldt,023,135768,14068,13120,1906,15026,125
2022-01-17,Imperial,025,180216,46317,44412,7176,51588,821
2022-01-17,Inyo,027,18085,3762,3650,192,3842,49
2022-01-17,Kern,029,883053,165910,157645,33620,191265,1944
2022-01-17,Kings,031,150075,41122,39143,2582,41725,392
2022-01-17,Lake,033,64148,8384,7864,650,8514,117
2022-01-17,Lassen,035,31185,7570,7417,635,8052,55
2022-01-17,Los Angeles,037,10098052,2343852,2205740,107380,2313120,27832
2022-01-17,Madera,039,155013,30341,28568,3518,32086,329
2022-01-17,Marin,041,260295,28408,26633,2818,29451,251
2022-01-17,Mariposa,043,17540,1996,1862,93,1955,6
2022-01-17,Mendocino,045,87422,10710,10030,1555,11585,103
2022-01-17,Merced,047,269075,53811,51227,4114,55341,718
2022-01-17,Modoc,049,8938,643,630,222,852,6
2022-01-17,Mono,051,14174,2751,2642,98,2740,4
2022-01-17,Monterey,053,433212,64591,57318,12961,70279,647
2022-01-17,Napa,055,140530,21100,19647,640,20287,109
2022-01-17,Nevada,057,99092,13510,12414,830,13244,111
2022-01-17,Orange,059,3164182,487579,457418,35540,492958,5933
2022-01-17,Placer,061,380077,53368,50511,6212,56723,508
2022-01-17,Plumas,063,18699,2318,2205,187,2392,12
2022-01-17,Riverside,065,2383286,518532,491322,24888,516210,5600
2022-01-17,Sacramento,067,1510023,233545,221143,17533,238676,2497
2022-01-17,San Benito,069,59416,10944,10432,432,10864,88
2022-01-17,San Bernardino,071,2135413,502653,480243,20988,501231,6259
2022-01-17,San Diego,073,3302833,633032,569241,39243,608484,4545
2022-01-17,San Francisco,075,870044,103966,95292,10069,105361,694
2022-01-17,San Joaquin,077,732212,141234,133414,8431,141845,1958
2022-01-17,San Luis Obispo,079,281455,43225,40425,2944,43369,379
2022-01-17,San Mateo,081,765935,100449,87013,12581,99594,585
2022-01-17,Santa Barbara,083,443738,70450,66704,3288,69992,581
2022-01-17,Santa Clara,085,1922200,253467,237934,9510,247444,1985
2022-01-17,Santa Cruz,087,273765,34067,31714,1865,33579,237
2022-01-17,Shasta,089,179085,26283,25025,4874,29899,448
2022-01-17,Sierra,091,2930,254,242,30,272,0
2022-01-17,Siskiyou,093,43540,3873,3764,1985,5749,62
2022-01-17,Solano,095,438530,66543,61497,4005,65502,391
2022-01-17,Sonoma,097,501317,67053,62763,1741,64504,419
2022-01-17,Stanislaus,099,539301,102351,96951,12788,109739,1379
2022-01-17,Sutter,101,95872,17804,17159,944,18103,198
2022-01-17,Tehama,103,63373,10329,9912,2102,12014,142
2022-01-17,Trinity,105,12862,1001,906,242,1148,19
2022-01-17,Tulare,107,460477,86452,81741,21835,103576,1199
2022-01-17,Tuolumne,109,53932,10028,9416,270,9686,91
2022-01-17,Ventura,111,848112,151977,142070,8499,150569,1234
2022-01-17,Yolo,113,214977,30519,28638,2609,31247,270
2022-01-17,Yuba,115,75493,13448,12871,762,13633,101
2022-01-16,Alameda,001,1643700,203680,190691,11643,202334,1564
2022-01-16,Alpine,003,1148,120,118,0,118,0
2022-01-16,Amador,005,37829,6964,6618,248,6866,73
2022-01-16,Butte,007,227075,27558,26139,5247,31386,348
2022-01-16,Calaveras,009,45235,5868,5537,145,5682,94
2022-01-16,Colusa,011,21464,2958,2886,877,3763,21
2022-01-16,Contra Costa,013,1133247,154916,146307,9693,156000,1086
2022-01-16,Del Norte,015,27424,4253,4177,94,4271,43
2022-01-16,El Dorado,017,186661,22858,21303,2579,23882,175
2022-01-16,Fresno,019,978130,183773,174818,16310,191128,2425
2022-01-16,Glenn,021,27897,4216,4049,1291,5340,39
2022-01-16,Humboldt,023,135768,13918,13075,1884,14959,125
2022-01-16,Imperial,025,180216,45736,44035,7026,51061,821
2022-01-16,Inyo,027,18085,3726,3602,169,3771,49
2022-01-16,Kern,029,883053,164694,156655,33268,189923,1944
2022-01-16,Kings,031,150075,40783,38861,2560,41421,392
2022-01-16,Lake,033,64148,8276,7823,610,8433,117
2022-01-16,Lassen,035,31185,7529,7391,623,8014,55
2022-01-16,Los Angeles,037,10098052,2321257,2174403,105910,2280313,27805
2022-01-16,Madera,039,155013,29969,28313,3455,31768,329
2022-01-16,Marin,041,260295,28107,26292,2758,29050,251
2022-01-16,Mariposa,043,17540,1968,1851,88,1939,6
2022-01-16,Mendocino,045,87422,10566,9992,1436,11428,102
2022-01-16,Merced,047,269075,53213,50882,4090,54972,718
2022-01-16,Modoc,049,8938,640,629,222,851,6
2022-01-16,Mono,051,14174,2749,2614,95,2709,4
2022-01-16,Monterey,053,433212,63851,57012,12620,69632,647
2022-01-16,Napa,055,140530,20830,19521,625,20146,109
2022-01-16,Nevada,057,99092,13283,12307,802,13109,111
2022-01-16,Orange,059,3164182,482147,451962,34982,486944,5932
2022-01-16,Placer,061,380077,52593,50076,6092,56168,508
2022-01-16,Plumas,063,18699,2281,2204,166,2370,12
2022-01-16,Riverside,065,2383286,513062,485191,24669,509860,5600
2022-01-16,Sacramento,067,1510023,230654,218819,16786,235605,2491
2022-01-16,San Benito,069,59416,10786,10377,429,10806,88
2022-01-16,San Bernardino,071,2135413,499062,474425,20685,495110,6259
2022-01-16,San Diego,073,3302833,625887,569241,38879,608120,4545
2022-01-16,San Francisco,075,870044,102250,94139,9792,103931,694
2022-01-16,San Joaquin,077,732212,139461,132214,8316,140530,1958
2022-01-16,San Luis Obispo,079,281455,42573,40113,2900,43013,379
2022-01-16,San Mateo,081,765935,98975,85966,12217,98183,585
2022-01-16,Santa Barbara,083,443738,69470,66111,3245,69356,582
2022-01-16,Santa Clara,085,1922200,249751,234293,9337,243630,1984
2022-01-16,Santa Cruz,087,273765,33422,31469,1851,33320,237
2022-01-16,Shasta,089,179085,26042,24980,4794,29774,449
2022-01-16,Sierra,091,2930,251,238,30,268,0
2022-01-16,Siskiyou,093,43540,3846,3748,1943,5691,62
2022-01-16,Solano,095,438530,65839,60885,3869,64754,391
2022-01-16,Sonoma,097,501317,65988,61842,1718,63560,419
2022-01-16,Stanislaus,099,539301,101289,96370,12697,109067,1379
2022-01-16,Sutter,101,95872,17604,16996,928,17924,198
2022-01-16,Tehama,103,63373,10251,9868,2082,11950,142
2022-01-16,Trinity,105,12862,998,889,240,1129,19
2022-01-16,Tulare,107,460477,85177,80867,21548,102415,1199
2022-01-16,Tuolumne,109,53932,9928,9369,258,9627,91
2022-01-16,Ventura,111,848112,150391,140715,8413,149128,1234
2022-01-16,Yolo,113,214977,30159,28481,2536,31017,270
2022-01-16,Yuba,115,75493,13277,12760,753,13513,101
2022-01-15,Alameda,001,1643700,202419,177768,11582,189350,1561
2022-01-15,Alpine,003,1148,120,117,0,117,0
2022-01-15,Amador,005,37829,6933,6434,234,6668,72
2022-01-15,Butte,007,227075,27410,25032,5201,30233,348
2022-01-15,Calaveras,009,45235,5843,5258,145,5403,93
2022-01-15,Colusa,011,21464,2952,2796,876,3672,21
2022-01-15,Contra Costa,013,1133247,153721,137643,9640,147283,1082
2022-01-15,Del Norte,015,27424,4241,4065,91,4156,43
2022-01-15,El Dorado,017,186661,22765,20434,2560,22994,175
2022-01-15,Fresno,019,978130,182870,167361,16252,183613,2415
2022-01-15,Glenn,021,27897,4210,3906,1284,5190,39
2022-01-15,Humboldt,023,135768,13816,12419,1863,14282,123
2022-01-15,Imperial,025,180216,45596,42508,6975,49483,817
2022-01-15,Inyo,027,18085,3716,3395,167,3562,49
2022-01-15,Kern,029,883053,163882,150085,33121,183206,1938
2022-01-15,Kings,031,150075,40564,37221,2550,39771,391
2022-01-15,Lake,033,64148,8238,7641,599,8240,117
2022-01-15,Lassen,035,31185,7503,7274,620,7894,55
2022-01-15,Los Angeles,037,10098052,2310098,2047927,104982,2152909,27641
2022-01-15,Madera,039,155013,29823,27294,3431,30725,329
2022-01-15,Marin,041,260295,27915,25248,2736,27984,251
2022-01-15,Mariposa,043,17540,1961,1762,88,1850,6
2022-01-15,Mendocino,045,87422,10495,9534,1432,10966,102
2022-01-15,Merced,047,269075,53054,48904,4076,52980,715
2022-01-15,Modoc,049,8938,638,628,220,848,6
2022-01-15,Mono,051,14174,2745,2508,95,2603,4
2022-01-15,Monterey,053,433212,63400,55315,12416,67731,647
2022-01-15,Napa,055,140530,20728,17648,620,18268,109
2022-01-15,Nevada,057,99092,13227,11773,785,12558,111
2022-01-15,Orange,059,3164182,479650,433141,34709,467850,5914
2022-01-15,Placer,061,380077,52334,47780,6067,53847,501
2022-01-15,Plumas,063,18699,2263,2158,159,2317,12
2022-01-15,Riverside,065,2383286,510491,466381,24553,490934,5578
2022-01-15,Sacramento,067,1510023,229665,208156,16691,224847,2491
2022-01-15,San Benito,069,59416,10686,9868,422,10290,87
2022-01-15,San Bernardino,071,2135413,496958,454395,20527,474922,6233
2022-01-15,San Diego,073,3302833,622344,559385,38669,598054,4540
2022-01-15,San Francisco,075,870044,101353,88004,9625,97629,692
2022-01-15,San Joaquin,077,732212,138911,125136,8208,133344,1954
2022-01-15,San Luis Obispo,079,281455,42385,38231,2885,41116,374
2022-01-15,San Mateo,081,765935,98023,80494,12094,92588,582
2022-01-15,Santa Barbara,083,443738,68895,62312,3236,65548,579
2022-01-15,Santa Clara,085,1922200,247544,218986,9201,228187,1974
2022-01-15,Santa Cruz,087,273765,33096,29414,1846,31260,235
2022-01-15,Shasta,089,179085,25958,24482,4747,29229,445
2022-01-15,Sierra,091,2930,250,232,29,261,0
2022-01-15,Siskiyou,093,43540,3837,3661,1930,5591,62
2022-01-15,Solano,095,438530,65570,58061,3818,61879,389
2022-01-15,Sonoma,097,501317,65422,58181,1708,59889,418
2022-01-15,Stanislaus,099,539301,100723,92986,12635,105621,1379
2022-01-15,Sutter,101,95872,17517,16345,918,17263,197
2022-01-15,Tehama,103,63373,10208,9572,2067,11639,141
2022-01-15,Trinity,105,12862,996,872,240,1112,19
2022-01-15,Tulare,107,460477,84803,77769,21436,99205,1192
2022-01-15,Tuolumne,109,53932,9841,9042,253,9295,91
2022-01-15,Ventura,111,848112,149618,134736,8369,143105,1227
2022-01-15,Yolo,113,214977,29987,27311,2515,29826,270
2022-01-15,Yuba,115,75493,13213,12200,747,12947,101
2022-01-14,Alameda,001,1643700,200426,177768,11503,189271,1561
2022-01-14,Alpine,003,1148,120,117,0,117,0
2022-01-14,Amador,005,37829,6857,6434,225,6659,72
2022-01-14,Butte,007,227075,27225,25032,5168,30200,348
2022-01-14,Calaveras,009,45235,5810,5258,144,5402,93
2022-01-14,Colusa,011,21464,2943,2796,872,3668,21
2022-01-14,Contra Costa,013,1133247,152275,137643,9517,147160,1082
2022-01-14,Del Norte,015,27424,4223,4065,90,4155,43
2022-01-14,El Dorado,017,186661,22610,20434,2542,22976,175
2022-01-14,Fresno,019,978130,181296,167361,16201,183562,2415
2022-01-14,Glenn,021,27897,4188,3906,1275,5181,39
2022-01-14,Humboldt,023,135768,13711,12419,1828,14247,123
2022-01-14,Imperial,025,180216,45456,42508,6961,49469,817
2022-01-14,Inyo,027,18085,3691,3395,164,3559,49
2022-01-14,Kern,029,883053,162904,150085,32946,183031,1938
2022-01-14,Kings,031,150075,40337,37221,2544,39765,391
2022-01-14,Lake,033,64148,8184,7641,585,8226,117
2022-01-14,Lassen,035,31185,7488,7274,612,7886,55
2022-01-14,Los Angeles,037,10098052,2290770,2047927,104017,2151944,27641
2022-01-14,Madera,039,155013,29587,27294,3406,30700,329
2022-01-14,Marin,041,260295,27660,25248,2684,27932,251
2022-01-14,Mariposa,043,17540,1946,1762,88,1850,6
2022-01-14,Mendocino,045,87422,10386,9534,1414,10948,102
2022-01-14,Merced,047,269075,52869,48904,4055,52959,715
2022-01-14,Modoc,049,8938,637,628,219,847,6
2022-01-14,Mono,051,14174,2722,2508,92,2600,4
2022-01-14,Monterey,053,433212,62769,55315,12092,67407,647
2022-01-14,Napa,055,140530,20553,17648,613,18261,109
2022-01-14,Nevada,057,99092,13114,11773,773,12546,111
2022-01-14,Orange,059,3164182,475936,433141,34432,467573,5914
2022-01-14,Placer,061,380077,51910,47780,5987,53767,501
2022-01-14,Plumas,063,18699,2254,2158,148,2306,12
2022-01-14,Riverside,065,2383286,507075,466381,24411,490792,5578
2022-01-14,Sacramento,067,1510023,227824,208156,16562,224718,2491
2022-01-14,San Benito,069,59416,10634,9868,418,10286,87
2022-01-14,San Bernardino,071,2135413,494018,454395,20323,474718,6233
2022-01-14,San Diego,073,3302833,616836,559385,38456,597841,4540
2022-01-14,San Francisco,075,870044,100298,88004,9322,97326,692
2022-01-14,San Joaquin,077,732212,138064,125136,8146,133282,1954
2022-01-14,San Luis Obispo,079,281455,42221,38231,2853,41084,374
2022-01-14,San Mateo,081,765935,96840,80494,11807,92301,582
2022-01-14,Santa Barbara,083,443738,68393,62312,3225,65537,579
2022-01-14,Santa Clara,085,1922200,244946,218986,9077,228063,1974
2022-01-14,Santa Cruz,087,273765,32770,29414,1840,31254,235
2022-01-14,Shasta,089,179085,25842,24482,4703,29185,445
2022-01-14,Sierra,091,2930,248,232,27,259,0
2022-01-14,Siskiyou,093,43540,3824,3661,1918,5579,62
2022-01-14,Solano,095,438530,64705,58061,3724,61785,389
2022-01-14,Sonoma,097,501317,64894,58181,1675,59856,418
2022-01-14,Stanislaus,099,539301,100135,92986,12563,105549,1379
2022-01-14,Sutter,101,95872,17396,16345,909,17254,197
2022-01-14,Tehama,103,63373,10159,9572,2055,11627,141
2022-01-14,Trinity,105,12862,991,872,239,1111,19
2022-01-14,Tulare,107,460477,84332,77769,21266,99035,1192
2022-01-14,Tuolumne,109,53932,9734,9042,248,9290,91
2022-01-14,Ventura,111,848112,148520,134736,8306,143042,1227
2022-01-14,Yolo,113,214977,29756,27311,2490,29801,270
2022-01-14,Yuba,115,75493,13108,12200,738,12938,101
2022-01-13,Alameda,001,1643700,196213,177768,11089,188857,1561
2022-01-13,Alpine,003,1148,119,117,0,117,0
2022-01-13,Amador,005,37829,6797,6434,201,6635,72
2022-01-13,Butte,007,227075,26927,25032,5066,30098,348
2022-01-13,Calaveras,009,45235,5713,5258,140,5398,93
2022-01-13,Colusa,011,21464,2912,2796,867,3663,21
2022-01-13,Contra Costa,013,1133247,149757,137643,9032,146675,1082
2022-01-13,Del Norte,015,27424,4196,4065,88,4153,43
2022-01-13,El Dorado,017,186661,22370,20434,2495,22929,175
2022-01-13,Fresno,019,978130,178561,167361,15847,183208,2415
2022-01-13,Glenn,021,27897,4141,3906,1252,5158,39
2022-01-13,Humboldt,023,135768,13552,12419,1756,14175,123
2022-01-13,Imperial,025,180216,44923,42508,6810,49318,817
2022-01-13,Inyo,027,18085,3634,3395,143,3538,49
2022-01-13,Kern,029,883053,161360,150085,32571,182656,1938
2022-01-13,Kings,031,150075,39863,37221,2500,39721,391
2022-01-13,Lake,033,64148,8090,7641,569,8210,117
2022-01-13,Lassen,035,31185,7469,7274,594,7868,55
2022-01-13,Los Angeles,037,10098052,2253807,2047927,102310,2150237,27641
2022-01-13,Madera,039,155013,29117,27294,3306,30600,329
2022-01-13,Marin,041,260295,27311,25248,2624,27872,251
2022-01-13,Mariposa,043,17540,1923,1762,85,1847,6
2022-01-13,Mendocino,045,87422,10302,9534,1343,10877,102
2022-01-13,Merced,047,269075,52222,48904,3884,52788,715
2022-01-13,Modoc,049,8938,634,628,219,847,6
2022-01-13,Mono,051,14174,2695,2508,86,2594,4
2022-01-13,Monterey,053,433212,61901,55315,11621,66936,647
2022-01-13,Napa,055,140530,20249,17648,603,18251,109
2022-01-13,Nevada,057,99092,12908,11773,737,12510,111
2022-01-13,Orange,059,3164182,469357,433141,33983,467124,5914
2022-01-13,Placer,061,380077,51253,47780,5871,53651,501
2022-01-13,Plumas,063,18699,2235,2158,135,2293,12
2022-01-13,Riverside,065,2383286,500919,466381,24027,490408,5578
2022-01-13,Sacramento,067,1510023,224836,208156,15715,223871,2491
2022-01-13,San Benito,069,59416,10532,9868,407,10275,87
2022-01-13,San Bernardino,071,2135413,488584,454395,19803,474198,6233
2022-01-13,San Diego,073,3302833,608487,559385,37683,597068,4540
2022-01-13,San Francisco,075,870044,98536,88004,8974,96978,692
2022-01-13,San Joaquin,077,732212,135983,125136,8007,133143,1954
2022-01-13,San Luis Obispo,079,281455,41626,38231,2754,40985,374
2022-01-13,San Mateo,081,765935,95112,80494,11298,91792,582
2022-01-13,Santa Barbara,083,443738,67415,62312,3156,65468,579
2022-01-13,Santa Clara,085,1922200,240659,218986,8701,227687,1974
2022-01-13,Santa Cruz,087,273765,32045,29414,1824,31238,235
2022-01-13,Shasta,089,179085,25631,24482,4616,29098,445
2022-01-13,Sierra,091,2930,247,232,27,259,0
2022-01-13,Siskiyou,093,43540,3804,3661,1869,5530,62
2022-01-13,Solano,095,438530,63578,58061,3608,61669,389
2022-01-13,Sonoma,097,501317,63828,58181,1618,59799,418
2022-01-13,Stanislaus,099,539301,98974,92986,12368,105354,1379
2022-01-13,Sutter,101,95872,17196,16345,853,17198,197
2022-01-13,Tehama,103,63373,10058,9572,2007,11579,141
2022-01-13,Trinity,105,12862,982,872,238,1110,19
2022-01-13,Tulare,107,460477,83166,77769,20930,98699,1192
2022-01-13,Tuolumne,109,53932,9600,9042,225,9267,91
2022-01-13,Ventura,111,848112,146739,134736,8215,142951,1227
2022-01-13,Yolo,113,214977,29364,27311,2443,29754,270
2022-01-13,Yuba,115,75493,12970,12200,708,12908,101
2022-01-12,Alameda,001,1643700,191699,173001,10592,183593,1563
2022-01-12,Alpine,003,1148,119,117,0,117,0
2022-01-12,Amador,005,37829,6750,6354,187,6541,71
2022-01-12,Butte,007,227075,26597,24631,4980,29611,348
2022-01-12,Calaveras,009,45235,5623,5151,132,5283,93
2022-01-12,Colusa,011,21464,2874,2772,854,3626,21
2022-01-12,Contra Costa,013,1133247,147228,134579,8629,143208,1077
2022-01-12,Del Norte,015,27424,4169,4019,85,4104,43
2022-01-12,El Dorado,017,186661,22045,20092,2451,22543,175
2022-01-12,Fresno,019,978130,175864,165316,15503,180819,2413
2022-01-12,Glenn,021,27897,4091,3859,1227,5086,39
2022-01-12,Humboldt,023,135768,13377,12081,1667,13748,122
2022-01-12,Imperial,025,180216,44301,41985,6691,48676,814
2022-01-12,Inyo,027,18085,3588,3334,128,3462,49
2022-01-12,Kern,029,883053,159272,148435,32160,180595,1933
2022-01-12,Kings,031,150075,39268,36780,2458,39238,391
2022-01-12,Lake,033,64148,7976,7535,508,8043,117
2022-01-12,Lassen,035,31185,7429,7223,566,7789,55
2022-01-12,Los Angeles,037,10098052,2214488,2005065,100127,2105192,27601
2022-01-12,Madera,039,155013,28791,26952,3191,30143,329
2022-01-12,Marin,041,260295,26820,24704,2538,27242,251
2022-01-12,Mariposa,043,17540,1893,1725,82,1807,6
2022-01-12,Mendocino,045,87422,10138,9379,1242,10621,103
2022-01-12,Merced,047,269075,51529,48441,3669,52110,710
2022-01-12,Modoc,049,8938,632,627,219,846,6
2022-01-12,Mono,051,14174,2661,2466,82,2548,4
2022-01-12,Monterey,053,433212,60981,54524,10993,65517,647
2022-01-12,Napa,055,140530,19994,17347,575,17922,109
2022-01-12,Nevada,057,99092,12682,11552,689,12241,111
2022-01-12,Orange,059,3164182,462449,425737,33369,459106,5912
2022-01-12,Placer,061,380077,50611,47004,5749,52753,501
2022-01-12,Plumas,063,18699,2212,2135,122,2257,12
2022-01-12,Riverside,065,2383286,493856,458881,23609,482490,5565
2022-01-12,Sacramento,067,1510023,221302,204696,14796,219492,2479
2022-01-12,San Benito,069,59416,10400,9737,388,10125,87
2022-01-12,San Bernardino,071,2135413,482560,447869,19178,467047,6222
2022-01-12,San Diego,073,3302833,598120,551669,36935,588604,4529
2022-01-12,San Francisco,075,870044,96623,85700,8700,94400,691
2022-01-12,San Joaquin,077,732212,133691,122850,7855,130705,1948
2022-01-12,San Luis Obispo,079,281455,40899,37727,2665,40392,373
2022-01-12,San Mateo,081,765935,93131,78476,10633,89109,582
2022-01-12,Santa Barbara,083,443738,66227,60815,3086,63901,578
2022-01-12,Santa Clara,085,1922200,236125,213177,8271,221448,1971
2022-01-12,Santa Cruz,087,273765,31402,28463,1782,30245,235
2022-01-12,Shasta,089,179085,25414,24324,4536,28860,446
2022-01-12,Sierra,091,2930,246,228,27,255,0
2022-01-12,Siskiyou,093,43540,3776,3639,1823,5462,62
2022-01-12,Solano,095,438530,62528,57052,3473,60525,386
2022-01-12,Sonoma,097,501317,62538,56394,1538,57932,417
2022-01-12,Stanislaus,099,539301,97715,91738,12123,103861,1373
2022-01-12,Sutter,101,95872,17005,16135,820,16955,197
2022-01-12,Tehama,103,63373,9975,9475,1945,11420,141
2022-01-12,Trinity,105,12862,979,868,238,1106,19
2022-01-12,Tulare,107,460477,82194,76943,20530,97473,1192
2022-01-12,Tuolumne,109,53932,9482,8870,206,9076,91
2022-01-12,Ventura,111,848112,144845,132180,8124,140304,1220
2022-01-12,Yolo,113,214977,28965,26888,2345,29233,270
2022-01-12,Yuba,115,75493,12808,12015,672,12687,101
2022-01-11,Alameda,001,1643700,187324,169181,10141,179322,1561
2022-01-11,Alpine,003,1148,119,116,0,116,0
2022-01-11,Amador,005,37829,6666,6317,171,6488,71
2022-01-11,Butte,007,227075,26187,24479,4882,29361,347
2022-01-11,Calaveras,009,45235,5478,5083,118,5201,93
2022-01-11,Colusa,011,21464,2848,2766,835,3601,21
2022-01-11,Contra Costa,013,1133247,144269,132410,8115,140525,1077
2022-01-11,Del Norte,015,27424,4134,4006,83,4089,43
2022-01-11,El Dorado,017,186661,21716,19842,2374,22216,174
2022-01-11,Fresno,019,978130,172867,163509,15230,178739,2404
2022-01-11,Glenn,021,27897,4028,3844,1175,5019,39
2022-01-11,Humboldt,023,135768,13145,11960,1568,13528,122
2022-01-11,Imperial,025,180216,43707,41444,6509,47953,813
2022-01-11,Inyo,027,18085,3489,3278,120,3398,49
2022-01-11,Kern,029,883053,157080,146942,31606,178548,1929
2022-01-11,Kings,031,150075,38678,36524,2423,38947,389
2022-01-11,Lake,033,64148,7905,7494,476,7970,117
2022-01-11,Lassen,035,31185,7386,7210,551,7761,55
2022-01-11,Los Angeles,037,10098052,2172935,1966319,97909,2064228,27563
2022-01-11,Madera,039,155013,28368,26688,3105,29793,329
2022-01-11,Marin,041,260295,26471,24387,2461,26848,251
2022-01-11,Mariposa,043,17540,1871,1718,79,1797,6
2022-01-11,Mendocino,045,87422,9972,9301,1142,10443,102
2022-01-11,Merced,047,269075,50771,48068,3485,51553,708
2022-01-11,Modoc,049,8938,631,626,218,844,6
2022-01-11,Mono,051,14174,2612,2425,81,2506,4
2022-01-11,Monterey,053,433212,59970,53911,10365,64276,646
2022-01-11,Napa,055,140530,19541,17020,517,17537,109
2022-01-11,Nevada,057,99092,12427,11467,654,12121,110
2022-01-11,Orange,059,3164182,454699,417703,32707,450410,5909
2022-01-11,Placer,061,380077,49858,46459,5588,52047,500
2022-01-11,Plumas,063,18699,2190,2099,119,2218,12
2022-01-11,Riverside,065,2383286,486249,453766,22996,476762,5551
2022-01-11,Sacramento,067,1510023,217304,201058,13713,214771,2489
2022-01-11,San Benito,069,59416,10261,9624,374,9998,83
2022-01-11,San Bernardino,071,2135413,475213,442960,18544,461504,6198
2022-01-11,San Diego,073,3302833,586416,536954,35971,572925,4520
2022-01-11,San Francisco,075,870044,94400,83678,8276,91954,691
2022-01-11,San Joaquin,077,732212,131330,121139,7669,128808,1944
2022-01-11,San Luis Obispo,079,281455,40142,37183,2542,39725,372
2022-01-11,San Mateo,081,765935,90923,76756,10050,86806,582
2022-01-11,Santa Barbara,083,443738,64909,59758,3009,62767,578
2022-01-11,Santa Clara,085,1922200,230655,208425,7770,216195,1971
2022-01-11,Santa Cruz,087,273765,30921,27709,1730,29439,232
2022-01-11,Shasta,089,179085,25162,24132,4429,28561,446
2022-01-11,Sierra,091,2930,243,228,25,253,0
2022-01-11,Siskiyou,093,43540,3750,3621,1770,5391,62
2022-01-11,Solano,095,438530,61091,56349,3316,59665,388
2022-01-11,Sonoma,097,501317,61051,55411,1456,56867,416
2022-01-11,Stanislaus,099,539301,96356,90998,11810,102808,1372
2022-01-11,Sutter,101,95872,16810,15993,764,16757,197
2022-01-11,Tehama,103,63373,9847,9406,1897,11303,140
2022-01-11,Trinity,105,12862,966,858,236,1094,19
2022-01-11,Tulare,107,460477,81012,76267,20117,96384,1188
2022-01-11,Tuolumne,109,53932,9343,8811,199,9010,91
2022-01-11,Ventura,111,848112,142606,129548,7981,137529,1220
2022-01-11,Yolo,113,214977,28412,26482,2266,28748,270
2022-01-11,Yuba,115,75493,12635,11912,640,12552,101
2022-01-10,Alameda,001,1643700,182331,165657,9541,175198,1559
2022-01-10,Alpine,003,1148,119,116,0,116,0
2022-01-10,Amador,005,37829,6564,6279,154,6433,71
2022-01-10,Butte,007,227075,25825,24217,4775,28992,347
2022-01-10,Calaveras,009,45235,5375,5025,110,5135,93
2022-01-10,Colusa,011,21464,2820,2758,827,3585,21
2022-01-10,Contra Costa,013,1133247,141579,129951,7559,137510,1077
2022-01-10,Del Norte,015,27424,4112,3970,83,4053,43
2022-01-10,El Dorado,017,186661,21185,19606,2316,21922,172
2022-01-10,Fresno,019,978130,169885,161593,14929,176522,2404
2022-01-10,Glenn,021,27897,3969,3807,1162,4969,39
2022-01-10,Humboldt,023,135768,12896,11778,1433,13211,121
2022-01-10,Imperial,025,180216,43052,41080,6313,47393,811
2022-01-10,Inyo,027,18085,3435,3227,108,3335,49
2022-01-10,Kern,029,883053,154530,145744,31128,176872,1929
2022-01-10,Kings,031,150075,38047,36286,2382,38668,389
2022-01-10,Lake,033,64148,7818,7416,433,7849,117
2022-01-10,Lassen,035,31185,7350,7192,530,7722,55
2022-01-10,Los Angeles,037,10098052,2128771,1932475,95524,2027999,27546
2022-01-10,Madera,039,155013,27910,26501,3004,29505,328
2022-01-10,Marin,041,260295,25969,24023,2344,26367,251
2022-01-10,Mariposa,043,17540,1830,1684,73,1757,6
2022-01-10,Mendocino,045,87422,9797,9163,1053,10216,101
2022-01-10,Merced,047,269075,49984,47632,3166,50798,707
2022-01-10,Modoc,049,8938,629,622,216,838,6
2022-01-10,Mono,051,14174,2540,2415,78,2493,4
2022-01-10,Monterey,053,433212,59043,53485,9683,63168,645
2022-01-10,Napa,055,140530,19165,16775,503,17278,109
2022-01-10,Nevada,057,99092,12206,11300,614,11914,110
2022-01-10,Orange,059,3164182,445980,406170,31883,438053,5906
2022-01-10,Placer,061,380077,49040,45642,5419,51061,498
2022-01-10,Plumas,063,18699,2168,2086,117,2203,12
2022-01-10,Riverside,065,2383286,478166,445536,22518,468054,5546
2022-01-10,Sacramento,067,1510023,212991,198023,12624,210647,2474
2022-01-10,San Benito,069,59416,10090,9467,358,9825,83
2022-01-10,San Bernardino,071,2135413,467455,437207,17810,455017,6184
2022-01-10,San Diego,073,3302833,574048,530506,34940,565446,4500
2022-01-10,San Francisco,075,870044,92590,82209,7795,90004,690
2022-01-10,San Joaquin,077,732212,128656,119587,7394,126981,1927
2022-01-10,San Luis Obispo,079,281455,39345,36618,2437,39055,371
2022-01-10,San Mateo,081,765935,88341,75210,9234,84444,582
2022-01-10,Santa Barbara,083,443738,63646,58957,2827,61784,578
2022-01-10,Santa Clara,085,1922200,224811,203540,7216,210756,1971
2022-01-10,Santa Cruz,087,273765,30058,26906,1687,28593,232
2022-01-10,Shasta,089,179085,24965,23983,4342,28325,446
2022-01-10,Sierra,091,2930,240,223,25,248,0
2022-01-10,Siskiyou,093,43540,3716,3592,1724,5316,62
2022-01-10,Solano,095,438530,60044,55663,3106,58769,385
2022-01-10,Sonoma,097,501317,59481,54478,1400,55878,412
2022-01-10,Stanislaus,099,539301,95041,89997,11505,101502,1372
2022-01-10,Sutter,101,95872,16572,15823,708,16531,196
2022-01-10,Tehama,103,63373,9738,9360,1843,11203,140
2022-01-10,Trinity,105,12862,962,849,234,1083,19
2022-01-10,Tulare,107,460477,79659,75498,19696,95194,1186
2022-01-10,Tuolumne,109,53932,9229,8685,183,8868,91
2022-01-10,Ventura,111,848112,140016,126240,7812,134052,1217
2022-01-10,Yolo,113,214977,27856,26065,2192,28257,270
2022-01-10,Yuba,115,75493,12384,11776,599,12375,101
2022-01-09,Alameda,001,1643700,177949,162701,8708,171409,1561
2022-01-09,Alpine,003,1148,119,116,0,116,0
2022-01-09,Amador,005,37829,6478,6215,139,6354,71
2022-01-09,Butte,007,227075,25441,24018,4640,28658,347
2022-01-09,Calaveras,009,45235,5257,4976,99,5075,93
2022-01-09,Colusa,011,21464,2793,2750,809,3559,21
2022-01-09,Contra Costa,013,1133247,138763,128050,6779,134829,1077
2022-01-09,Del Norte,015,27424,4067,3950,77,4027,43
2022-01-09,El Dorado,017,186661,20848,19430,2246,21676,172
2022-01-09,Fresno,019,978130,167364,159989,14628,174617,2405
2022-01-09,Glenn,021,27897,3914,3797,1132,4929,39
2022-01-09,Humboldt,023,135768,12649,11582,1298,12880,121
2022-01-09,Imperial,025,180216,42287,40608,6074,46682,811
2022-01-09,Inyo,027,18085,3327,3149,100,3249,49
2022-01-09,Kern,029,883053,152115,144819,30609,175428,1927
2022-01-09,Kings,031,150075,37363,36041,2344,38385,389
2022-01-09,Lake,033,64148,7705,7393,364,7757,117
2022-01-09,Lassen,035,31185,7290,7172,498,7670,55
2022-01-09,Los Angeles,037,10098052,2082653,1887830,92539,1980369,27532
2022-01-09,Madera,039,155013,27528,26325,2894,29219,328
2022-01-09,Marin,041,260295,25479,23708,2196,25904,251
2022-01-09,Mariposa,043,17540,1780,1660,71,1731,6
2022-01-09,Mendocino,045,87422,9582,9097,943,10040,101
2022-01-09,Merced,047,269075,49112,47294,2892,50186,706
2022-01-09,Modoc,049,8938,627,619,216,835,6
2022-01-09,Mono,051,14174,2504,2390,69,2459,4
2022-01-09,Monterey,053,433212,58021,53251,9096,62347,645
2022-01-09,Napa,055,140530,18673,16614,483,17097,109
2022-01-09,Nevada,057,99092,11966,11152,546,11698,110
2022-01-09,Orange,059,3164182,436023,400563,30913,431476,5905
2022-01-09,Placer,061,380077,48063,45081,5250,50331,498
2022-01-09,Plumas,063,18699,2137,2081,94,2175,12
2022-01-09,Riverside,065,2383286,469346,440413,21889,462302,5546
2022-01-09,Sacramento,067,1510023,208480,195444,11444,206888,2475
2022-01-09,San Benito,069,59416,9904,9363,321,9684,83
2022-01-09,San Bernardino,071,2135413,459818,430257,17008,447265,6180
2022-01-09,San Diego,073,3302833,561184,478206,33193,511399,4500
2022-01-09,San Francisco,075,870044,90740,80463,7369,87832,690
2022-01-09,San Joaquin,077,732212,125585,118422,7141,125563,1927
2022-01-09,San Luis Obispo,079,281455,38542,36291,2302,38593,371
2022-01-09,San Mateo,081,765935,85902,73867,8390,82257,582
2022-01-09,Santa Barbara,083,443738,61984,58280,2562,60842,578
2022-01-09,Santa Clara,085,1922200,218664,199889,6571,206460,1976
2022-01-09,Santa Cruz,087,273765,29311,26513,1644,28157,232
2022-01-09,Shasta,089,179085,24739,23926,4227,28153,446
2022-01-09,Sierra,091,2930,238,223,24,247,0
2022-01-09,Siskiyou,093,43540,3688,3580,1648,5228,62
2022-01-09,Solano,095,438530,58903,54985,2827,57812,384
2022-01-09,Sonoma,097,501317,57828,53543,1344,54887,412
2022-01-09,Stanislaus,099,539301,93668,89248,11233,100481,1372
2022-01-09,Sutter,101,95872,16290,15695,624,16319,196
2022-01-09,Tehama,103,63373,9621,9306,1793,11099,140
2022-01-09,Trinity,105,12862,956,848,234,1082,19
2022-01-09,Tulare,107,460477,78341,75085,19309,94394,1186
2022-01-09,Tuolumne,109,53932,9075,8595,165,8760,91
2022-01-09,Ventura,111,848112,136957,124269,7563,131832,1217
2022-01-09,Yolo,113,214977,27256,25632,2128,27760,270
2022-01-09,Yuba,115,75493,12186,11666,561,12227,101
2022-01-08,Alameda,001,1643700,176097,148560,8428,156988,1558
2022-01-08,Alpine,003,1148,119,114,0,114,0
2022-01-08,Amador,005,37829,6444,6091,133,6224,71
2022-01-08,Butte,007,227075,25262,23429,4605,28034,347
2022-01-08,Calaveras,009,45235,5224,4823,95,4918,93
2022-01-08,Colusa,011,21464,2782,2713,806,3519,21
2022-01-08,Contra Costa,013,1133247,137282,119907,6628,126535,1077
2022-01-08,Del Norte,015,27424,4054,3902,77,3979,43
2022-01-08,El Dorado,017,186661,20677,18599,2210,20809,172
2022-01-08,Fresno,019,978130,166484,155394,14526,169920,2393
2022-01-08,Glenn,021,27897,3906,3732,1130,4862,39
2022-01-08,Humboldt,023,135768,12529,11149,1271,12420,121
2022-01-08,Imperial,025,180216,42116,39429,5928,45357,800
2022-01-08,Inyo,027,18085,3313,3020,97,3117,49
2022-01-08,Kern,029,883053,151012,140410,30269,170679,1921
2022-01-08,Kings,031,150075,37150,35275,2329,37604,390
2022-01-08,Lake,033,64148,7665,7209,354,7563,117
2022-01-08,Lassen,035,31185,7266,7127,483,7610,55
2022-01-08,Los Angeles,037,10098052,2065450,1765787,90799,1856586,27476
2022-01-08,Madera,039,155013,27366,25767,2858,28625,328
2022-01-08,Marin,041,260295,25210,22377,2146,24523,251
2022-01-08,Mariposa,043,17540,1770,1588,71,1659,6
2022-01-08,Mendocino,045,87422,9512,8792,938,9730,101
2022-01-08,Merced,047,269075,48955,46094,2876,48970,703
2022-01-08,Modoc,049,8938,627,610,216,826,6
2022-01-08,Mono,051,14174,2500,2240,65,2305,4
2022-01-08,Monterey,053,433212,57670,51721,8665,60386,644
2022-01-08,Napa,055,140530,18518,15819,451,16270,109
2022-01-08,Nevada,057,99092,11898,10765,531,11296,110
2022-01-08,Orange,059,3164182,432397,375124,30008,405132,5903
2022-01-08,Placer,061,380077,47673,43172,5204,48376,495
2022-01-08,Plumas,063,18699,2130,2053,89,2142,12
2022-01-08,Riverside,065,2383286,465927,422591,21522,444113,5535
2022-01-08,Sacramento,067,1510023,207248,185118,11279,196397,2470
2022-01-08,San Benito,069,59416,9740,9016,317,9333,83
2022-01-08,San Bernardino,071,2135413,456675,411724,16626,428350,6122
2022-01-08,San Diego,073,3302833,556392,472273,32713,504986,4495
2022-01-08,San Francisco,075,870044,89532,73660,6985,80645,690
2022-01-08,San Joaquin,077,732212,124615,112514,6994,119508,1916
2022-01-08,San Luis Obispo,079,281455,38342,34489,2214,36703,369
2022-01-08,San Mateo,081,765935,84564,67918,8089,76007,582
2022-01-08,Santa Barbara,083,443738,61321,54617,2527,57144,575
2022-01-08,Santa Clara,085,1922200,215645,183842,6297,190139,1966
2022-01-08,Santa Cruz,087,273765,28915,24678,1559,26237,230
2022-01-08,Shasta,089,179085,24653,23585,4192,27777,445
2022-01-08,Sierra,091,2930,234,215,24,239,0
2022-01-08,Siskiyou,093,43540,3677,3545,1634,5179,62
2022-01-08,Solano,095,438530,58508,52452,2753,55205,383
2022-01-08,Sonoma,097,501317,57338,50130,1263,51393,411
2022-01-08,Stanislaus,099,539301,93029,87049,11034,98083,1372
2022-01-08,Sutter,101,95872,16174,15261,611,15872,195
2022-01-08,Tehama,103,63373,9590,9109,1788,10897,140
2022-01-08,Trinity,105,12862,951,836,234,1070,19
2022-01-08,Tulare,107,460477,77972,73600,19126,92726,1185
2022-01-08,Tuolumne,109,53932,8983,8360,161,8521,91
2022-01-08,Ventura,111,848112,135797,117229,7408,124637,1216
2022-01-08,Yolo,113,214977,26975,24006,2057,26063,270
2022-01-08,Yuba,115,75493,12103,11277,557,11834,101
2022-01-07,Alameda,001,1643700,173481,148560,8173,156733,1558
2022-01-07,Alpine,003,1148,119,114,0,114,0
2022-01-07,Amador,005,37829,6396,6091,130,6221,71
2022-01-07,Butte,007,227075,25063,23429,4573,28002,347
2022-01-07,Calaveras,009,45235,5193,4823,95,4918,93
2022-01-07,Colusa,011,21464,2774,2713,798,3511,21
2022-01-07,Contra Costa,013,1133247,135451,119907,6399,126306,1077
2022-01-07,Del Norte,015,27424,4037,3902,76,3978,43
2022-01-07,El Dorado,017,186661,20519,18599,2196,20795,172
2022-01-07,Fresno,019,978130,165149,155394,14450,169844,2393
2022-01-07,Glenn,021,27897,3886,3732,1128,4860,39
2022-01-07,Humboldt,023,135768,12381,11149,1241,12390,121
2022-01-07,Imperial,025,180216,41976,39429,5850,45279,800
2022-01-07,Inyo,027,18085,3294,3020,95,3115,49
2022-01-07,Kern,029,883053,150073,140410,29890,170300,1921
2022-01-07,Kings,031,150075,36971,35275,2316,37591,390
2022-01-07,Lake,033,64148,7618,7209,329,7538,117
2022-01-07,Lassen,035,31185,7252,7127,479,7606,55
2022-01-07,Los Angeles,037,10098052,2035351,1765787,89377,1855164,27476
2022-01-07,Madera,039,155013,27189,25767,2829,28596,328
2022-01-07,Marin,041,260295,24842,22377,2107,24484,251
2022-01-07,Mariposa,043,17540,1754,1588,71,1659,6
2022-01-07,Mendocino,045,87422,9419,8792,936,9728,101
2022-01-07,Merced,047,269075,48792,46094,2852,48946,703
2022-01-07,Modoc,049,8938,626,610,216,826,6
2022-01-07,Mono,051,14174,2462,2240,59,2299,4
2022-01-07,Monterey,053,433212,57276,51721,8440,60161,644
2022-01-07,Napa,055,140530,18308,15819,428,16247,109
2022-01-07,Nevada,057,99092,11784,10765,511,11276,110
2022-01-07,Orange,059,3164182,427682,375124,29411,404535,5903
2022-01-07,Placer,061,380077,47220,43172,5156,48328,495
2022-01-07,Plumas,063,18699,2122,2053,88,2141,12
2022-01-07,Riverside,065,2383286,462194,422591,21250,443841,5535
2022-01-07,Sacramento,067,1510023,205233,185118,11127,196245,2470
2022-01-07,San Benito,069,59416,9694,9016,311,9327,83
2022-01-07,San Bernardino,071,2135413,452973,411724,16410,428134,6122
2022-01-07,San Diego,073,3302833,549315,472273,32227,504500,4495
2022-01-07,San Francisco,075,870044,88070,73660,6603,80263,690
2022-01-07,San Joaquin,077,732212,123675,112514,6898,119412,1916
2022-01-07,San Luis Obispo,079,281455,38127,34489,2148,36637,369
2022-01-07,San Mateo,081,765935,83125,67918,7772,75690,582
2022-01-07,Santa Barbara,083,443738,60641,54617,2504,57121,575
2022-01-07,Santa Clara,085,1922200,212399,183842,6155,189997,1966
2022-01-07,Santa Cruz,087,273765,28454,24678,1538,26216,230
2022-01-07,Shasta,089,179085,24561,23585,4152,27737,445
2022-01-07,Sierra,091,2930,231,215,24,239,0
2022-01-07,Siskiyou,093,43540,3669,3545,1625,5170,62
2022-01-07,Solano,095,438530,57971,52452,2709,55161,383
2022-01-07,Sonoma,097,501317,56743,50130,1209,51339,411
2022-01-07,Stanislaus,099,539301,92516,87049,10931,97980,1372
2022-01-07,Sutter,101,95872,16026,15261,598,15859,195
2022-01-07,Tehama,103,63373,9551,9109,1775,10884,140
2022-01-07,Trinity,105,12862,946,836,233,1069,19
2022-01-07,Tulare,107,460477,77588,73600,18967,92567,1185
2022-01-07,Tuolumne,109,53932,8905,8360,155,8515,91
2022-01-07,Ventura,111,848112,134191,117229,7265,124494,1216
2022-01-07,Yolo,113,214977,26616,24006,2023,26029,270
2022-01-07,Yuba,115,75493,12004,11277,554,11831,101
2022-01-06,Alameda,001,1643700,168197,148560,7590,156150,1558
2022-01-06,Alpine,003,1148,118,114,0,114,0
2022-01-06,Amador,005,37829,6348,6091,122,6213,71
2022-01-06,Butte,007,227075,24772,23429,4495,27924,347
2022-01-06,Calaveras,009,45235,5065,4823,94,4917,93
2022-01-06,Colusa,011,21464,2753,2713,790,3503,21
2022-01-06,Contra Costa,013,1133247,132621,119907,5912,125819,1077
2022-01-06,Del Norte,015,27424,4007,3902,74,3976,43
2022-01-06,El Dorado,017,186661,20185,18599,2153,20752,172
2022-01-06,Fresno,019,978130,163045,155394,14218,169612,2393
2022-01-06,Glenn,021,27897,3861,3732,1120,4852,39
2022-01-06,Humboldt,023,135768,12139,11149,1198,12347,121
2022-01-06,Imperial,025,180216,41411,39429,5724,45153,800
2022-01-06,Inyo,027,18085,3253,3020,94,3114,49
2022-01-06,Kern,029,883053,148467,140410,29376,169786,1921
2022-01-06,Kings,031,150075,36628,35275,2294,37569,390
2022-01-06,Lake,033,64148,7547,7209,311,7520,117
2022-01-06,Lassen,035,31185,7228,7127,472,7599,55
2022-01-06,Los Angeles,037,10098052,1982303,1765787,87046,1852833,27476
2022-01-06,Madera,039,155013,26883,25767,2764,28531,328
2022-01-06,Marin,041,260295,24449,22377,2018,24395,251
2022-01-06,Mariposa,043,17540,1735,1588,69,1657,6
2022-01-06,Mendocino,045,87422,9327,8792,894,9686,101
2022-01-06,Merced,047,269075,48233,46094,2718,48812,703
2022-01-06,Modoc,049,8938,625,610,216,826,6
2022-01-06,Mono,051,14174,2432,2240,55,2295,4
2022-01-06,Monterey,053,433212,56567,51721,7781,59502,644
2022-01-06,Napa,055,140530,17910,15819,416,16235,109
2022-01-06,Nevada,057,99092,11587,10765,493,11258,110
2022-01-06,Orange,059,3164182,418381,375124,28638,403762,5903
2022-01-06,Placer,061,380077,46521,43172,5063,48235,495
2022-01-06,Plumas,063,18699,2110,2053,79,2132,12
2022-01-06,Riverside,065,2383286,454822,422591,20787,443378,5535
2022-01-06,Sacramento,067,1510023,201482,185118,10330,195448,2470
2022-01-06,San Benito,069,59416,9594,9016,303,9319,83
2022-01-06,San Bernardino,071,2135413,445959,411724,15973,427697,6122
2022-01-06,San Diego,073,3302833,537838,472273,31316,503589,4495
2022-01-06,San Francisco,075,870044,85654,73660,6175,79835,690
2022-01-06,San Joaquin,077,732212,121522,112514,6774,119288,1916
2022-01-06,San Luis Obispo,079,281455,37426,34489,1995,36484,369
2022-01-06,San Mateo,081,765935,80763,67918,7241,75159,582
2022-01-06,Santa Barbara,083,443738,59477,54617,2439,57056,575
2022-01-06,Santa Clara,085,1922200,207469,183842,5708,189550,1966
2022-01-06,Santa Cruz,087,273765,27918,24678,1499,26177,230
2022-01-06,Shasta,089,179085,24415,23585,4103,27688,445
2022-01-06,Sierra,091,2930,227,215,24,239,0
2022-01-06,Siskiyou,093,43540,3653,3545,1580,5125,62
2022-01-06,Solano,095,438530,56974,52452,2545,54997,383
2022-01-06,Sonoma,097,501317,55376,50130,1138,51268,411
2022-01-06,Stanislaus,099,539301,91371,87049,10706,97755,1372
2022-01-06,Sutter,101,95872,15850,15261,573,15834,195
2022-01-06,Tehama,103,63373,9478,9109,1746,10855,140
2022-01-06,Trinity,105,12862,939,836,232,1068,19
2022-01-06,Tulare,107,460477,76932,73600,18759,92359,1185
2022-01-06,Tuolumne,109,53932,8799,8360,149,8509,91
2022-01-06,Ventura,111,848112,131494,117229,7084,124313,1216
2022-01-06,Yolo,113,214977,26090,24006,1956,25962,270
2022-01-06,Yuba,115,75493,11868,11277,535,11812,101
2022-01-05,Alameda,001,1643700,163120,144824,7041,151865,1548
2022-01-05,Alpine,003,1148,118,112,0,112,0
2022-01-05,Amador,005,37829,6307,6012,119,6131,70
2022-01-05,Butte,007,227075,24458,23134,4440,27574,343
2022-01-05,Calaveras,009,45235,5017,4758,92,4850,90
2022-01-05,Colusa,011,21464,2741,2704,778,3482,21
2022-01-05,Contra Costa,013,1133247,129637,117188,5386,122574,1071
2022-01-05,Del Norte,015,27424,3987,3862,72,3934,43
2022-01-05,El Dorado,017,186661,19813,18367,2119,20486,171
2022-01-05,Fresno,019,978130,161051,153033,13974,167007,2377
2022-01-05,Glenn,021,27897,3814,3700,1111,4811,39
2022-01-05,Humboldt,023,135768,11931,10938,1146,12084,120
2022-01-05,Imperial,025,180216,40795,38789,5582,44371,800
2022-01-05,Inyo,027,18085,3164,2939,89,3028,49
2022-01-05,Kern,029,883053,146749,138186,28892,167078,1913
2022-01-05,Kings,031,150075,36308,34893,2273,37166,387
2022-01-05,Lake,033,64148,7457,7129,290,7419,117
2022-01-05,Lassen,035,31185,7209,7077,463,7540,55
2022-01-05,Los Angeles,037,10098052,1927805,1729640,84732,1814372,27443
2022-01-05,Madera,039,155013,26633,25392,2683,28075,327
2022-01-05,Marin,041,260295,24129,21829,1917,23746,251
2022-01-05,Mariposa,043,17540,1709,1564,68,1632,6
2022-01-05,Mendocino,045,87422,9203,8625,858,9483,101
2022-01-05,Merced,047,269075,47662,45721,2586,48307,700
2022-01-05,Modoc,049,8938,623,603,216,819,6
2022-01-05,Mono,051,14174,2405,2201,50,2251,4
2022-01-05,Monterey,053,433212,55757,51241,7412,58653,639
2022-01-05,Napa,055,140530,17536,15494,383,15877,108
2022-01-05,Nevada,057,99092,11392,10624,474,11098,110
2022-01-05,Orange,059,3164182,408472,366139,27550,393689,5869
2022-01-05,Placer,061,380077,45665,42456,4960,47416,492
2022-01-05,Plumas,063,18699,2094,2020,78,2098,12
2022-01-05,Riverside,065,2383286,447522,415253,20390,435643,5502
2022-01-05,Sacramento,067,1510023,197050,181488,9356,190844,2455
2022-01-05,San Benito,069,59416,9402,8829,288,9117,83
2022-01-05,San Bernardino,071,2135413,437952,405323,15453,420776,6085
2022-01-05,San Diego,073,3302833,524569,466602,30450,497052,4495
2022-01-05,San Francisco,075,870044,82987,71405,5876,77281,686
2022-01-05,San Joaquin,077,732212,118994,110497,6687,117184,1903
2022-01-05,San Luis Obispo,079,281455,36626,34066,1895,35961,369
2022-01-05,San Mateo,081,765935,78633,66018,6852,72870,578
2022-01-05,Santa Barbara,083,443738,58198,53082,2355,55437,570
2022-01-05,Santa Clara,085,1922200,201646,178629,5230,183859,1961
2022-01-05,Santa Cruz,087,273765,27160,24394,1467,25861,229
2022-01-05,Shasta,089,179085,24255,23361,4071,27432,441
2022-01-05,Sierra,091,2930,224,210,23,233,0
2022-01-05,Siskiyou,093,43540,3642,3513,1553,5066,60
2022-01-05,Solano,095,438530,55955,51505,2424,53929,380
2022-01-05,Sonoma,097,501317,54175,49120,1054,50174,412
2022-01-05,Stanislaus,099,539301,90403,86248,10487,96735,1360
2022-01-05,Sutter,101,95872,15648,15117,535,15652,193
2022-01-05,Tehama,103,63373,9382,9011,1715,10726,140
2022-01-05,Trinity,105,12862,936,822,230,1052,19
2022-01-05,Tulare,107,460477,76211,72718,18580,91298,1173
2022-01-05,Tuolumne,109,53932,8708,8223,141,8364,90
2022-01-05,Ventura,111,848112,128739,114752,6876,121628,1211
2022-01-05,Yolo,113,214977,25506,23401,1900,25301,269
2022-01-05,Yuba,115,75493,11688,11138,510,11648,100
2022-01-04,Alameda,001,1643700,157646,143360,6533,149893,1532
2022-01-04,Alpine,003,1148,118,113,0,113,0
2022-01-04,Amador,005,37829,6240,6025,113,6138,71
2022-01-04,Butte,007,227075,24155,23094,4370,27464,346
2022-01-04,Calaveras,009,45235,4943,4767,88,4855,93
2022-01-04,Colusa,011,21464,2729,2689,772,3461,21
2022-01-04,Contra Costa,013,1133247,126562,116005,4940,120945,1075
2022-01-04,Del Norte,015,27424,3956,3882,70,3952,43
2022-01-04,El Dorado,017,186661,19468,18339,2096,20435,172
2022-01-04,Fresno,019,978130,158905,153244,13789,167033,2380
2022-01-04,Glenn,021,27897,3783,3705,1099,4804,39
2022-01-04,Humboldt,023,135768,11669,10865,1093,11958,120
2022-01-04,Imperial,025,180216,40226,38596,5317,43913,800
2022-01-04,Inyo,027,18085,3081,2870,87,2957,49
2022-01-04,Kern,029,883053,144905,138245,28371,166616,1916
2022-01-04,Kings,031,150075,36037,34931,2256,37187,388
2022-01-04,Lake,033,64148,7415,7152,271,7423,117
2022-01-04,Lassen,035,31185,7187,7111,460,7571,55
2022-01-04,Los Angeles,037,10098052,1870072,1705253,82307,1787560,27419
2022-01-04,Madera,039,155013,26291,25425,2620,28045,328
2022-01-04,Marin,041,260295,23670,21675,1747,23422,251
2022-01-04,Mariposa,043,17540,1671,1564,67,1631,6
2022-01-04,Mendocino,045,87422,9082,8636,834,9470,101
2022-01-04,Merced,047,269075,47051,45583,2457,48040,700
2022-01-04,Modoc,049,8938,621,611,216,827,6
2022-01-04,Mono,051,14174,2349,2190,41,2231,4
2022-01-04,Monterey,053,433212,55049,51176,7010,58186,643
2022-01-04,Napa,055,140530,17024,15370,351,15721,107
2022-01-04,Nevada,057,99092,11235,10608,459,11067,110
2022-01-04,Orange,059,3164182,397896,362051,26438,388489,5897
2022-01-04,Placer,061,380077,44852,42285,4845,47130,494
2022-01-04,Plumas,063,18699,2081,2014,76,2090,12
2022-01-04,Riverside,065,2383286,439134,413366,20024,433390,5504
2022-01-04,Sacramento,067,1510023,192515,181271,8594,189865,2453
2022-01-04,San Benito,069,59416,9213,8763,275,9038,79
2022-01-04,San Bernardino,071,2135413,429807,404409,14955,419364,6060
2022-01-04,San Diego,073,3302833,508345,458499,29604,488103,4487
2022-01-04,San Francisco,075,870044,80102,70666,5520,76186,688
2022-01-04,San Joaquin,077,732212,116576,110374,6518,116892,1911
2022-01-04,San Luis Obispo,079,281455,35819,33788,1793,35581,371
2022-01-04,San Mateo,081,765935,76371,65157,6473,71630,582
2022-01-04,Santa Barbara,083,443738,56740,52449,2274,54723,574
2022-01-04,Santa Clara,085,1922200,195655,176854,4574,181428,1964
2022-01-04,Santa Cruz,087,273765,26399,23904,1419,25323,228
2022-01-04,Shasta,089,179085,24113,23366,4015,27381,442
2022-01-04,Sierra,091,2930,224,214,23,237,0
2022-01-04,Siskiyou,093,43540,3625,3509,1533,5042,61
2022-01-04,Solano,095,438530,54687,51300,2221,53521,383
2022-01-04,Sonoma,097,501317,52569,48653,974,49627,410
2022-01-04,Stanislaus,099,539301,89352,86107,10309,96416,1361
2022-01-04,Sutter,101,95872,15496,15032,509,15541,193
2022-01-04,Tehama,103,63373,9303,9020,1693,10713,140
2022-01-04,Trinity,105,12862,929,833,226,1059,18
2022-01-04,Tulare,107,460477,75459,72893,18390,91283,1172
2022-01-04,Tuolumne,109,53932,8604,8235,133,8368,91
2022-01-04,Ventura,111,848112,125636,114079,6639,120718,1213
2022-01-04,Yolo,113,214977,24886,22938,1854,24792,270
2022-01-04,Yuba,115,75493,11509,11104,496,11600,101
2022-01-03,Alameda,001,1643700,151719,142090,6035,148125,1529
2022-01-03,Alpine,003,1148,117,113,0,113,0
2022-01-03,Amador,005,37829,6181,6004,106,6110,71
2022-01-03,Butte,007,227075,23867,22924,4323,27247,345
2022-01-03,Calaveras,009,45235,4884,4742,83,4825,93
2022-01-03,Colusa,011,21464,2721,2683,766,3449,21
2022-01-03,Contra Costa,013,1133247,123336,114966,4255,119221,1073
2022-01-03,Del Norte,015,27424,3937,3873,67,3940,43
2022-01-03,El Dorado,017,186661,19078,18183,2066,20249,172
2022-01-03,Fresno,019,978130,156935,152674,13610,166284,2379
2022-01-03,Glenn,021,27897,3755,3703,1059,4762,39
2022-01-03,Humboldt,023,135768,11465,10784,1042,11826,119
2022-01-03,Imperial,025,180216,39625,38411,5129,43540,800
2022-01-03,Inyo,027,18085,3016,2845,82,2927,49
2022-01-03,Kern,029,883053,142984,137773,27861,165634,1916
2022-01-03,Kings,031,150075,35751,34817,2224,37041,387
2022-01-03,Lake,033,64148,7312,7134,246,7380,117
2022-01-03,Lassen,035,31185,7170,7103,458,7561,55
2022-01-03,Los Angeles,037,10098052,1811379,1686203,79522,1765725,27394
2022-01-03,Madera,039,155013,26006,25323,2578,27901,320
2022-01-03,Marin,041,260295,23098,21532,1549,23081,251
2022-01-03,Mariposa,043,17540,1630,1559,67,1626,6
2022-01-03,Mendocino,045,87422,8934,8573,779,9352,101
2022-01-03,Merced,047,269075,46466,45459,2347,47806,696
2022-01-03,Modoc,049,8938,618,602,216,818,6
2022-01-03,Mono,051,14174,2241,2172,32,2204,4
2022-01-03,Monterey,053,433212,54244,51047,6582,57629,644
2022-01-03,Napa,055,140530,16505,15260,319,15579,107
2022-01-03,Nevada,057,99092,11079,10572,446,11018,110
2022-01-03,Orange,059,3164182,386788,358052,25293,383345,5894
2022-01-03,Placer,061,380077,44081,42054,4778,46832,489
2022-01-03,Plumas,063,18699,2064,2005,75,2080,12
2022-01-03,Riverside,065,2383286,430736,410155,19560,429715,5504
2022-01-03,Sacramento,067,1510023,187790,179992,8013,188005,2452
2022-01-03,San Benito,069,59416,9048,8688,259,8947,79
2022-01-03,San Bernardino,071,2135413,421744,401938,14531,416469,6056
2022-01-03,San Diego,073,3302833,492532,451154,28836,479990,4476
2022-01-03,San Francisco,075,870044,77301,69315,5095,74410,686
2022-01-03,San Joaquin,077,732212,114255,109757,6398,116155,1903
2022-01-03,San Luis Obispo,079,281455,34997,33667,1699,35366,367
2022-01-03,San Mateo,081,765935,73744,64470,5921,70391,582
2022-01-03,Santa Barbara,083,443738,55324,51912,2176,54088,571
2022-01-03,Santa Clara,085,1922200,189716,174215,3996,178211,1963
2022-01-03,Santa Cruz,087,273765,25614,23765,1362,25127,228
2022-01-03,Shasta,089,179085,23930,23301,3987,27288,440
2022-01-03,Sierra,091,2930,218,213,22,235,0
2022-01-03,Siskiyou,093,43540,3600,3500,1509,5009,61
2022-01-03,Solano,095,438530,53405,51030,2016,53046,380
2022-01-03,Sonoma,097,501317,50919,48391,911,49302,410
2022-01-03,Stanislaus,099,539301,88376,85793,10141,95934,1332
2022-01-03,Sutter,101,95872,15344,14973,488,15461,193
2022-01-03,Tehama,103,63373,9229,9005,1665,10670,140
2022-01-03,Trinity,105,12862,924,833,225,1058,18
2022-01-03,Tulare,107,460477,74805,72664,18196,90860,1167
2022-01-03,Tuolumne,109,53932,8476,8179,129,8308,91
2022-01-03,Ventura,111,848112,122456,112762,6408,119170,1211
2022-01-03,Yolo,113,214977,24228,22563,1789,24352,270
2022-01-03,Yuba,115,75493,11377,11037,476,11513,99
2022-01-02,Alameda,001,1643700,147430,133486,5390,138876,1528
2022-01-02,Alpine,003,1148,115,113,0,113,0
2022-01-02,Amador,005,37829,6115,5913,96,6009,70
2022-01-02,Butte,007,227075,23546,22469,4266,26735,341
2022-01-02,Calaveras,009,45235,4824,4668,75,4743,93
2022-01-02,Colusa,011,21464,2716,2659,756,3415,21
2022-01-02,Contra Costa,013,1133247,119900,109593,3689,113282,1073
2022-01-02,Del Norte,015,27424,3908,3841,65,3906,43
2022-01-02,El Dorado,017,186661,18762,17621,2008,19629,172
2022-01-02,Fresno,019,978130,155238,149927,13425,163352,2379
2022-01-02,Glenn,021,27897,3729,3663,1051,4714,39
2022-01-02,Humboldt,023,135768,11232,10381,956,11337,119
2022-01-02,Imperial,025,180216,38964,37672,4902,42574,800
2022-01-02,Inyo,027,18085,2951,2726,71,2797,49
2022-01-02,Kern,029,883053,141132,136123,27312,163435,1917
2022-01-02,Kings,031,150075,35450,34318,2193,36511,386
2022-01-02,Lake,033,64148,7242,7060,227,7287,117
2022-01-02,Lassen,035,31185,7155,7089,456,7545,55
2022-01-02,Los Angeles,037,10098052,1762315,1596123,76588,1672711,27371
2022-01-02,Madera,039,155013,25756,25002,2520,27522,320
2022-01-02,Marin,041,260295,22556,20475,1307,21782,249
2022-01-02,Mariposa,043,17540,1600,1509,65,1574,6
2022-01-02,Mendocino,045,87422,8818,8422,756,9178,101
2022-01-02,Merced,047,269075,45939,44769,2241,47010,694
2022-01-02,Modoc,049,8938,616,601,215,816,6
2022-01-02,Mono,051,14174,2219,2101,30,2131,4
2022-01-02,Monterey,053,433212,53658,50251,6208,56459,643
2022-01-02,Napa,055,140530,15949,14439,305,14744,107
2022-01-02,Nevada,057,99092,10894,10299,429,10728,110
2022-01-02,Orange,059,3164182,375928,339526,24146,363672,5890
2022-01-02,Placer,061,380077,43415,40857,4691,45548,489
2022-01-02,Plumas,063,18699,2049,1994,71,2065,12
2022-01-02,Riverside,065,2383286,422637,397124,19036,416160,5501
2022-01-02,Sacramento,067,1510023,184154,173562,7162,180724,2448
2022-01-02,San Benito,069,59416,8866,8320,242,8562,79
2022-01-02,San Bernardino,071,2135413,414496,386278,14042,400320,6051
2022-01-02,San Diego,073,3302833,477943,427087,27869,454956,4469
2022-01-02,San Francisco,075,870044,74486,64498,4689,69187,682
2022-01-02,San Joaquin,077,732212,112399,106640,6287,112927,1902
2022-01-02,San Luis Obispo,079,281455,34265,32342,1613,33955,365
2022-01-02,San Mateo,081,765935,71285,60504,5190,65694,581
2022-01-02,Santa Barbara,083,443738,53928,49555,2109,51664,568
2022-01-02,Santa Clara,085,1922200,183610,164547,3376,167923,1969
2022-01-02,Santa Cruz,087,273765,24976,22980,1328,24308,228
2022-01-02,Shasta,089,179085,23742,23161,3928,27089,435
2022-01-02,Sierra,091,2930,217,206,22,228,0
2022-01-02,Siskiyou,093,43540,3576,3474,1486,4960,61
2022-01-02,Solano,095,438530,52495,48957,1807,50764,379
2022-01-02,Sonoma,097,501317,49638,46040,861,46901,410
2022-01-02,Stanislaus,099,539301,87540,84367,10017,94384,1332
2022-01-02,Sutter,101,95872,15173,14741,466,15207,193
2022-01-02,Tehama,103,63373,9165,8944,1644,10588,139
2022-01-02,Trinity,105,12862,922,832,224,1056,17
2022-01-02,Tulare,107,460477,74212,71941,18017,89958,1160
2022-01-02,Tuolumne,109,53932,8383,8044,124,8168,91
2022-01-02,Ventura,111,848112,119588,107992,6178,114170,1211
2022-01-02,Yolo,113,214977,23582,21747,1711,23458,270
2022-01-02,Yuba,115,75493,11255,10844,456,11300,99
2022-01-01,Alameda,001,1643700,145671,133486,4802,138288,1528
2022-01-01,Alpine,003,1148,115,113,0,113,0
2022-01-01,Amador,005,37829,6080,5913,92,6005,70
2022-01-01,Butte,007,227075,23374,22469,4241,26710,341
2022-01-01,Calaveras,009,45235,4802,4668,73,4741,93
2022-01-01,Colusa,011,21464,2714,2659,746,3405,21
2022-01-01,Contra Costa,013,1133247,118589,109593,3514,113107,1073
2022-01-01,Del Norte,015,27424,3902,3841,65,3906,43
2022-01-01,El Dorado,017,186661,18621,17621,1990,19611,172
2022-01-01,Fresno,019,978130,154589,149927,13363,163290,2379
2022-01-01,Glenn,021,27897,3724,3663,1051,4714,39
2022-01-01,Humboldt,023,135768,11105,10381,933,11314,119
2022-01-01,Imperial,025,180216,38825,37672,4855,42527,800
2022-01-01,Inyo,027,18085,2923,2726,67,2793,49
2022-01-01,Kern,029,883053,140455,136123,27017,163140,1917
2022-01-01,Kings,031,150075,35318,34318,2177,36495,386
2022-01-01,Lake,033,64148,7210,7060,221,7281,117
2022-01-01,Lassen,035,31185,7149,7089,451,7540,55
2022-01-01,Los Angeles,037,10098052,1743271,1596123,74682,1670805,27371
2022-01-01,Madera,039,155013,25675,25002,2505,27507,320
2022-01-01,Marin,041,260295,22257,20475,1135,21610,249
2022-01-01,Mariposa,043,17540,1589,1509,65,1574,6
2022-01-01,Mendocino,045,87422,8727,8422,739,9161,101
2022-01-01,Merced,047,269075,45809,44769,2219,46988,694
2022-01-01,Modoc,049,8938,613,601,215,816,6
2022-01-01,Mono,051,14174,2209,2101,26,2127,4
2022-01-01,Monterey,053,433212,53385,50251,6019,56270,643
2022-01-01,Napa,055,140530,15807,14439,288,14727,107
2022-01-01,Nevada,057,99092,10832,10299,421,10720,110
2022-01-01,Orange,059,3164182,371764,339526,23424,362950,5890
2022-01-01,Placer,061,380077,43131,40857,4627,45484,489
2022-01-01,Plumas,063,18699,2038,1994,70,2064,12
2022-01-01,Riverside,065,2383286,419256,397124,18842,415966,5501
2022-01-01,Sacramento,067,1510023,183052,173562,6744,180306,2448
2022-01-01,San Benito,069,59416,8771,8320,238,8558,79
2022-01-01,San Bernardino,071,2135413,411557,386278,13776,400054,6051
2022-01-01,San Diego,073,3302833,472264,427087,27413,454500,4469
2022-01-01,San Francisco,075,870044,73123,64498,4388,68886,682
2022-01-01,San Joaquin,077,732212,111715,106640,6234,112874,1902
2022-01-01,San Luis Obispo,079,281455,34067,32342,1602,33944,365
2022-01-01,San Mateo,081,765935,69866,60504,4720,65224,581
2022-01-01,Santa Barbara,083,443738,53219,49555,2031,51586,568
2022-01-01,Santa Clara,085,1922200,180605,164547,3115,167662,1969
2022-01-01,Santa Cruz,087,273765,24671,22980,1284,24264,228
2022-01-01,Shasta,089,179085,23661,23161,3909,27070,435
2022-01-01,Sierra,091,2930,216,206,22,228,0
2022-01-01,Siskiyou,093,43540,3574,3474,1479,4953,61
2022-01-01,Solano,095,438530,52238,48957,1742,50699,379
2022-01-01,Sonoma,097,501317,49273,46040,825,46865,410
2022-01-01,Stanislaus,099,539301,87140,84367,9953,94320,1332
2022-01-01,Sutter,101,95872,15097,14741,457,15198,193
2022-01-01,Tehama,103,63373,9134,8944,1633,10577,139
2022-01-01,Trinity,105,12862,919,832,224,1056,17
2022-01-01,Tulare,107,460477,73982,71941,17919,89860,1160
2022-01-01,Tuolumne,109,53932,8327,8044,121,8165,91
2022-01-01,Ventura,111,848112,118214,107992,6017,114009,1211
2022-01-01,Yolo,113,214977,23162,21747,1669,23416,270
2022-01-01,Yuba,115,75493,11191,10844,450,11294,99
2021-12-31,Alameda,001,1643700,144983,133486,4645,138131,1528
2021-12-31,Alpine,003,1148,115,113,0,113,0
2021-12-31,Amador,005,37829,6057,5913,90,6003,70
2021-12-31,Butte,007,227075,23290,22469,4214,26683,341
2021-12-31,Calaveras,009,45235,4781,4668,73,4741,93
2021-12-31,Colusa,011,21464,2709,2659,740,3399,21
2021-12-31,Contra Costa,013,1133247,117763,109593,3440,113033,1073
2021-12-31,Del Norte,015,27424,3893,3841,63,3904,43
2021-12-31,El Dorado,017,186661,18551,17621,1970,19591,172
2021-12-31,Fresno,019,978130,154302,149927,13345,163272,2379
2021-12-31,Glenn,021,27897,3723,3663,1051,4714,39
2021-12-31,Humboldt,023,135768,11018,10381,915,11296,119
2021-12-31,Imperial,025,180216,38719,37672,4841,42513,800
2021-12-31,Inyo,027,18085,2898,2726,67,2793,49
2021-12-31,Kern,029,883053,139961,136123,26892,163015,1917
2021-12-31,Kings,031,150075,35223,34318,2173,36491,386
2021-12-31,Lake,033,64148,7189,7060,215,7275,117
2021-12-31,Lassen,035,31185,7138,7089,451,7540,55
2021-12-31,Los Angeles,037,10098052,1733314,1596123,73937,1670060,27371
2021-12-31,Madera,039,155013,25611,25002,2489,27491,320
2021-12-31,Marin,041,260295,22108,20475,1065,21540,249
2021-12-31,Mariposa,043,17540,1583,1509,64,1573,6
2021-12-31,Mendocino,045,87422,8696,8422,729,9151,101
2021-12-31,Merced,047,269075,45735,44769,2199,46968,694
2021-12-31,Modoc,049,8938,609,601,213,814,6
2021-12-31,Mono,051,14174,2204,2101,26,2127,4
2021-12-31,Monterey,053,433212,53276,50251,5932,56183,643
2021-12-31,Napa,055,140530,15702,14439,278,14717,107
2021-12-31,Nevada,057,99092,10771,10299,415,10714,110
2021-12-31,Orange,059,3164182,369383,339526,23017,362543,5890
2021-12-31,Placer,061,380077,42915,40857,4560,45417,489
2021-12-31,Plumas,063,18699,2034,1994,69,2063,12
2021-12-31,Riverside,065,2383286,417705,397124,18700,415824,5501
2021-12-31,Sacramento,067,1510023,182324,173562,6605,180167,2448
2021-12-31,San Benito,069,59416,8757,8320,236,8556,79
2021-12-31,San Bernardino,071,2135413,409559,386278,13590,399868,6051
2021-12-31,San Diego,073,3302833,469223,427087,27144,454231,4469
2021-12-31,San Francisco,075,870044,72252,64498,4281,68779,682
2021-12-31,San Joaquin,077,732212,111118,106640,6190,112830,1902
2021-12-31,San Luis Obispo,079,281455,33967,32342,1587,33929,365
2021-12-31,San Mateo,081,765935,69015,60504,4578,65082,581
2021-12-31,Santa Barbara,083,443738,52862,49555,2006,51561,568
2021-12-31,Santa Clara,085,1922200,178693,164547,2940,167487,1969
2021-12-31,Santa Cruz,087,273765,24454,22980,1265,24245,228
2021-12-31,Shasta,089,179085,23597,23161,3886,27047,435
2021-12-31,Sierra,091,2930,216,206,22,228,0
2021-12-31,Siskiyou,093,43540,3569,3474,1463,4937,61
2021-12-31,Solano,095,438530,52090,48957,1700,50657,379
2021-12-31,Sonoma,097,501317,49053,46040,805,46845,410
2021-12-31,Stanislaus,099,539301,86824,84367,9907,94274,1332
2021-12-31,Sutter,101,95872,15037,14741,449,15190,193
2021-12-31,Tehama,103,63373,9104,8944,1625,10569,139
2021-12-31,Trinity,105,12862,918,832,224,1056,17
2021-12-31,Tulare,107,460477,73799,71941,17838,89779,1160
2021-12-31,Tuolumne,109,53932,8284,8044,119,8163,91
2021-12-31,Ventura,111,848112,117264,107992,5918,113910,1211
2021-12-31,Yolo,113,214977,22944,21747,1645,23392,270
2021-12-31,Yuba,115,75493,11136,10844,444,11288,99
2021-12-30,Alameda,001,1643700,143737,133486,4342,137828,1528
2021-12-30,Alpine,003,1148,114,113,0,113,0
2021-12-30,Amador,005,37829,6040,5913,89,6002,70
2021-12-30,Butte,007,227075,23176,22469,4192,26661,341
2021-12-30,Calaveras,009,45235,4765,4668,73,4741,93
2021-12-30,Colusa,011,21464,2708,2659,738,3397,21
2021-12-30,Contra Costa,013,1133247,116678,109593,3293,112886,1073
2021-12-30,Del Norte,015,27424,3883,3841,62,3903,43
2021-12-30,El Dorado,017,186661,18450,17621,1949,19570,172
2021-12-30,Fresno,019,978130,153817,149927,13293,163220,2379
2021-12-30,Glenn,021,27897,3718,3663,1050,4713,39
2021-12-30,Humboldt,023,135768,10950,10381,902,11283,119
2021-12-30,Imperial,025,180216,38568,37672,4741,42413,800
2021-12-30,Inyo,027,18085,2879,2726,65,2791,49
2021-12-30,Kern,029,883053,139444,136123,26629,162752,1917
2021-12-30,Kings,031,150075,35105,34318,2161,36479,386
2021-12-30,Lake,033,64148,7176,7060,209,7269,117
2021-12-30,Lassen,035,31185,7132,7089,451,7540,55
2021-12-30,Los Angeles,037,10098052,1710841,1596123,72644,1668767,27371
2021-12-30,Madera,039,155013,25530,25002,2469,27471,320
2021-12-30,Marin,041,260295,21938,20475,1005,21480,249
2021-12-30,Mariposa,043,17540,1577,1509,64,1573,6
2021-12-30,Mendocino,045,87422,8679,8422,717,9139,101
2021-12-30,Merced,047,269075,45644,44769,2181,46950,694
2021-12-30,Modoc,049,8938,608,601,213,814,6
2021-12-30,Mono,051,14174,2203,2101,25,2126,4
2021-12-30,Monterey,053,433212,52992,50251,5723,55974,643
2021-12-30,Napa,055,140530,15559,14439,264,14703,107
2021-12-30,Nevada,057,99092,10709,10299,406,10705,110
2021-12-30,Orange,059,3164182,364374,339526,22462,361988,5890
2021-12-30,Placer,061,380077,42648,40857,4511,45368,489
2021-12-30,Plumas,063,18699,2031,1994,68,2062,12
2021-12-30,Riverside,065,2383286,414526,397124,18575,415699,5501
2021-12-30,Sacramento,067,1510023,181159,173562,6402,179964,2448
2021-12-30,San Benito,069,59416,8714,8320,229,8549,79
2021-12-30,San Bernardino,071,2135413,407272,386278,13460,399738,6051
2021-12-30,San Diego,073,3302833,464316,427087,26716,453803,4469
2021-12-30,San Francisco,075,870044,71143,64498,4085,68583,682
2021-12-30,San Joaquin,077,732212,110540,106640,6158,112798,1902
2021-12-30,San Luis Obispo,079,281455,33853,32342,1572,33914,365
2021-12-30,San Mateo,081,765935,68014,60504,4223,64727,581
2021-12-30,Santa Barbara,083,443738,52397,49555,1954,51509,568
2021-12-30,Santa Clara,085,1922200,176414,164547,2785,167332,1969
2021-12-30,Santa Cruz,087,273765,24220,22980,1232,24212,228
2021-12-30,Shasta,089,179085,23547,23161,3881,27042,435
2021-12-30,Sierra,091,2930,216,206,22,228,0
2021-12-30,Siskiyou,093,43540,3559,3474,1459,4933,61
2021-12-30,Solano,095,438530,51746,48957,1647,50604,379
2021-12-30,Sonoma,097,501317,48732,46040,790,46830,410
2021-12-30,Stanislaus,099,539301,86508,84367,9853,94220,1332
2021-12-30,Sutter,101,95872,14978,14741,446,15187,193
2021-12-30,Tehama,103,63373,9077,8944,1619,10563,139
2021-12-30,Trinity,105,12862,915,832,224,1056,17
2021-12-30,Tulare,107,460477,73629,71941,17762,89703,1160
2021-12-30,Tuolumne,109,53932,8246,8044,118,8162,91
2021-12-30,Ventura,111,848112,116022,107992,5808,113800,1211
2021-12-30,Yolo,113,214977,22811,21747,1619,23366,270
2021-12-30,Yuba,115,75493,11089,10844,441,11285,99
2021-12-29,Alameda,001,1643700,140556,131586,4133,135719,1529
2021-12-29,Alpine,003,1148,114,113,0,113,0
2021-12-29,Amador,005,37829,6017,5905,85,5990,70
2021-12-29,Butte,007,227075,23039,22353,4156,26509,338
2021-12-29,Calaveras,009,45235,4739,4646,71,4717,93
2021-12-29,Colusa,011,21464,2698,2657,733,3390,21
2021-12-29,Contra Costa,013,1133247,114568,108165,3150,111315,1072
2021-12-29,Del Norte,015,27424,3870,3826,60,3886,43
2021-12-29,El Dorado,017,186661,18224,17489,1931,19420,172
2021-12-29,Fresno,019,978130,152777,149318,13208,162526,2364
2021-12-29,Glenn,021,27897,3708,3653,1048,4701,39
2021-12-29,Humboldt,023,135768,10844,10249,879,11128,119
2021-12-29,Imperial,025,180216,38363,37460,4666,42126,800
2021-12-29,Inyo,027,18085,2847,2703,64,2767,49
2021-12-29,Kern,029,883053,138669,135648,26276,161924,1913
2021-12-29,Kings,031,150075,34983,34216,2159,36375,386
2021-12-29,Lake,033,64148,7147,7048,204,7252,117
2021-12-29,Lassen,035,31185,7129,7085,450,7535,55
2021-12-29,Los Angeles,037,10098052,1681422,1576414,70882,1647296,27349
2021-12-29,Madera,039,155013,25426,24923,2459,27382,320
2021-12-29,Marin,041,260295,21588,20025,969,20994,249
2021-12-29,Mariposa,043,17540,1555,1507,64,1571,6
2021-12-29,Mendocino,045,87422,8620,8386,708,9094,99
2021-12-29,Merced,047,269075,45425,44548,2167,46715,693
2021-12-29,Modoc,049,8938,605,600,213,813,6
2021-12-29,Mono,051,14174,2180,2056,25,2081,4
2021-12-29,Monterey,053,433212,52593,50097,5505,55602,641
2021-12-29,Napa,055,140530,15239,14247,244,14491,107
2021-12-29,Nevada,057,99092,10618,10274,405,10679,110
2021-12-29,Orange,059,3164182,356938,334557,21782,356339,5887
2021-12-29,Placer,061,380077,42164,40545,4436,44981,489
2021-12-29,Plumas,063,18699,2019,1990,68,2058,12
2021-12-29,Riverside,065,2383286,409245,392989,18395,411384,5486
2021-12-29,Sacramento,067,1510023,178916,172145,6236,178381,2437
2021-12-29,San Benito,069,59416,8569,8239,226,8465,79
2021-12-29,San Bernardino,071,2135413,402251,382872,13277,396149,6049
2021-12-29,San Diego,073,3302833,453755,421045,26109,447154,4461
2021-12-29,San Francisco,075,870044,69433,63117,3940,67057,684
2021-12-29,San Joaquin,077,732212,109374,106063,6103,112166,1891
2021-12-29,San Luis Obispo,079,281455,33443,31936,1526,33462,365
2021-12-29,San Mateo,081,765935,66446,59478,3871,63349,581
2021-12-29,Santa Barbara,083,443738,51584,49003,1922,50925,568
2021-12-29,Santa Clara,085,1922200,173279,162008,2640,164648,1962
2021-12-29,Santa Cruz,087,273765,23949,22669,1210,23879,228
2021-12-29,Shasta,089,179085,23472,23083,3870,26953,435
2021-12-29,Sierra,091,2930,216,206,22,228,0
2021-12-29,Siskiyou,093,43540,3547,3472,1449,4921,61
2021-12-29,Solano,095,438530,51051,48562,1590,50152,379
2021-12-29,Sonoma,097,501317,47930,45479,767,46246,410
2021-12-29,Stanislaus,099,539301,86018,84083,9800,93883,1332
2021-12-29,Sutter,101,95872,14913,14688,445,15133,193
2021-12-29,Tehama,103,63373,9056,8914,1607,10521,138
2021-12-29,Trinity,105,12862,914,832,224,1056,17
2021-12-29,Tulare,107,460477,73358,71752,17645,89397,1160
2021-12-29,Tuolumne,109,53932,8193,8012,117,8129,91
2021-12-29,Ventura,111,848112,114085,106974,5639,112613,1207
2021-12-29,Yolo,113,214977,22581,21564,1587,23151,270
2021-12-29,Yuba,115,75493,11027,10808,437,11245,99
2021-12-28,Alameda,001,1643700,137475,130427,3932,134359,1522
2021-12-28,Alpine,003,1148,114,113,0,113,0
2021-12-28,Amador,005,37829,5998,5900,84,5984,70
2021-12-28,Butte,007,227075,22901,22285,4139,26424,338
2021-12-28,Calaveras,009,45235,4724,4641,70,4711,91
2021-12-28,Colusa,011,21464,2692,2653,731,3384,21
2021-12-28,Contra Costa,013,1133247,112306,107160,3027,110187,1072
2021-12-28,Del Norte,015,27424,3864,3815,60,3875,43
2021-12-28,El Dorado,017,186661,18003,17419,1918,19337,172
2021-12-28,Fresno,019,978130,151815,148987,13138,162125,2365
2021-12-28,Glenn,021,27897,3686,3639,1047,4686,39
2021-12-28,Humboldt,023,135768,10725,10198,854,11052,119
2021-12-28,Imperial,025,180216,38096,37223,4558,41781,800
2021-12-28,Inyo,027,18085,2790,2676,62,2738,48
2021-12-28,Kern,029,883053,137972,135346,25964,161310,1909
2021-12-28,Kings,031,150075,34845,34165,2147,36312,386
2021-12-28,Lake,033,64148,7132,7044,198,7242,116
2021-12-28,Lassen,035,31185,7121,7083,450,7533,55
2021-12-28,Los Angeles,037,10098052,1648407,1561791,69307,1631098,27323
2021-12-28,Madera,039,155013,25300,24865,2443,27308,320
2021-12-28,Marin,041,260295,21178,19739,922,20661,249
2021-12-28,Mariposa,043,17540,1544,1499,63,1562,6
2021-12-28,Mendocino,045,87422,8559,8366,699,9065,98
2021-12-28,Merced,047,269075,45185,44434,2159,46593,691
2021-12-28,Modoc,049,8938,605,599,212,811,6
2021-12-28,Mono,051,14174,2161,2045,24,2069,4
2021-12-28,Monterey,053,433212,52245,49973,5313,55286,639
2021-12-28,Napa,055,140530,14924,14131,216,14347,107
2021-12-28,Nevada,057,99092,10528,10250,402,10652,110
2021-12-28,Orange,059,3164182,349346,331279,21034,352313,5882
2021-12-28,Placer,061,380077,41703,40410,4364,44774,489
2021-12-28,Plumas,063,18699,2016,1989,67,2056,12
2021-12-28,Riverside,065,2383286,404100,390343,18166,408509,5470
2021-12-28,Sacramento,067,1510023,176807,171290,6096,177386,2426
2021-12-28,San Benito,069,59416,8429,8170,223,8393,79
2021-12-28,San Bernardino,071,2135413,396939,381316,13092,394408,6047
2021-12-28,San Diego,073,3302833,443220,417383,25668,443051,4450
2021-12-28,San Francisco,075,870044,67820,61745,3788,65533,682
2021-12-28,San Joaquin,077,732212,108328,105572,6058,111630,1884
2021-12-28,San Luis Obispo,079,281455,32951,31759,1510,33269,365
2021-12-28,San Mateo,081,765935,65020,58712,3562,62274,582
2021-12-28,Santa Barbara,083,443738,50964,48493,1897,50390,568
2021-12-28,Santa Clara,085,1922200,170151,160811,2524,163335,1962
2021-12-28,Santa Cruz,087,273765,23580,22513,1181,23694,228
2021-12-28,Shasta,089,179085,23401,23035,3864,26899,434
2021-12-28,Sierra,091,2930,213,206,22,228,0
2021-12-28,Siskiyou,093,43540,3538,3468,1443,4911,60
2021-12-28,Solano,095,438530,50237,48318,1532,49850,378
2021-12-28,Sonoma,097,501317,47088,45086,739,45825,410
2021-12-28,Stanislaus,099,539301,85532,83946,9749,93695,1331
2021-12-28,Sutter,101,95872,14864,14662,443,15105,193
2021-12-28,Tehama,103,63373,9039,8893,1605,10498,138
2021-12-28,Trinity,105,12862,912,831,223,1054,17
2021-12-28,Tulare,107,460477,73100,71630,17520,89150,1156
2021-12-28,Tuolumne,109,53932,8150,8006,117,8123,91
2021-12-28,Ventura,111,848112,111969,105883,5516,111399,1207
2021-12-28,Yolo,113,214977,22257,21320,1538,22858,270
2021-12-28,Yuba,115,75493,10972,10778,435,11213,99
2021-12-27,Alameda,001,1643700,134942,129910,3755,133665,1530
2021-12-27,Alpine,003,1148,114,113,0,113,0
2021-12-27,Amador,005,37829,5970,5891,84,5975,70
2021-12-27,Butte,007,227075,22772,22234,4117,26351,335
2021-12-27,Calaveras,009,45235,4702,4630,69,4699,91
2021-12-27,Colusa,011,21464,2683,2652,725,3377,21
2021-12-27,Contra Costa,013,1133247,110198,106692,2937,109629,1071
2021-12-27,Del Norte,015,27424,3855,3802,59,3861,43
2021-12-27,El Dorado,017,186661,17845,17361,1905,19266,172
2021-12-27,Fresno,019,978130,150962,148826,13072,161898,2364
2021-12-27,Glenn,021,27897,3677,3634,1040,4674,39
2021-12-27,Humboldt,023,135768,10609,10164,829,10993,119
2021-12-27,Imperial,025,180216,37885,37180,4457,41637,800
2021-12-27,Inyo,027,18085,2761,2662,60,2722,48
2021-12-27,Kern,029,883053,137328,135119,25686,160805,1907
2021-12-27,Kings,031,150075,34692,34126,2137,36263,382
2021-12-27,Lake,033,64148,7110,7037,186,7223,116
2021-12-27,Lassen,035,31185,7115,7080,450,7530,55
2021-12-27,Los Angeles,037,10098052,1613063,1554074,67548,1621622,27300
2021-12-27,Madera,039,155013,25185,24840,2427,27267,320
2021-12-27,Marin,041,260295,20791,19601,885,20486,249
2021-12-27,Mariposa,043,17540,1529,1495,63,1558,6
2021-12-27,Mendocino,045,87422,8493,8351,694,9045,98
2021-12-27,Merced,047,269075,44956,44383,2141,46524,690
2021-12-27,Modoc,049,8938,603,599,212,811,6
2021-12-27,Mono,051,14174,2078,2026,24,2050,4
2021-12-27,Monterey,053,433212,51961,49918,5186,55104,639
2021-12-27,Napa,055,140530,14661,14083,207,14290,107
2021-12-27,Nevada,057,99092,10460,10239,394,10633,110
2021-12-27,Orange,059,3164182,341958,329222,20230,349452,5875
2021-12-27,Placer,061,380077,41326,40263,4316,44579,489
2021-12-27,Plumas,063,18699,2015,1988,65,2053,12
2021-12-27,Riverside,065,2383286,399623,389096,17941,407037,5470
2021-12-27,Sacramento,067,1510023,174846,170858,5921,176779,2422
2021-12-27,San Benito,069,59416,8309,8133,213,8346,79
2021-12-27,San Bernardino,071,2135413,391415,380526,12920,393446,6047
2021-12-27,San Diego,073,3302833,433543,414968,25258,440226,4445
2021-12-27,San Francisco,075,870044,66092,60920,3622,64542,682
2021-12-27,San Joaquin,077,732212,107421,105413,6010,111423,1876
2021-12-27,San Luis Obispo,079,281455,32498,31671,1488,33159,365
2021-12-27,San Mateo,081,765935,63559,58397,3253,61650,581
2021-12-27,Santa Barbara,083,443738,50204,48209,1871,50080,568
2021-12-27,Santa Clara,085,1922200,167179,159904,2395,162299,1961
2021-12-27,Santa Cruz,087,273765,23295,22456,1166,23622,228
2021-12-27,Shasta,089,179085,23337,23015,3852,26867,432
2021-12-27,Sierra,091,2930,213,206,22,228,0
2021-12-27,Siskiyou,093,43540,3529,3466,1438,4904,60
2021-12-27,Solano,095,438530,49508,48172,1481,49653,378
2021-12-27,Sonoma,097,501317,46522,44990,718,45708,410
2021-12-27,Stanislaus,099,539301,85080,83833,9713,93546,1331
2021-12-27,Sutter,101,95872,14809,14642,437,15079,191
2021-12-27,Tehama,103,63373,9023,8887,1598,10485,136
2021-12-27,Trinity,105,12862,912,827,223,1050,17
2021-12-27,Tulare,107,460477,72855,71562,17422,88984,1146
2021-12-27,Tuolumne,109,53932,8113,7978,116,8094,91
2021-12-27,Ventura,111,848112,109870,105212,5384,110596,1206
2021-12-27,Yolo,113,214977,21975,21300,1504,22804,270
2021-12-27,Yuba,115,75493,10912,10759,433,11192,98
2021-12-26,Alameda,001,1643700,132928,127221,3670,130891,1525
2021-12-26,Alpine,003,1148,114,113,0,113,0
2021-12-26,Amador,005,37829,5954,5861,80,5941,70
2021-12-26,Butte,007,227075,22624,22087,4094,26181,330
2021-12-26,Calaveras,009,45235,4680,4591,69,4660,91
2021-12-26,Colusa,011,21464,2673,2647,719,3366,21
2021-12-26,Contra Costa,013,1133247,108532,105022,2830,107852,1071
2021-12-26,Del Norte,015,27424,3850,3795,59,3854,43
2021-12-26,El Dorado,017,186661,17696,17188,1896,19084,172
2021-12-26,Fresno,019,978130,150328,148027,13008,161035,2358
2021-12-26,Glenn,021,27897,3670,3611,1036,4647,39
2021-12-26,Humboldt,023,135768,10465,10052,805,10857,119
2021-12-26,Imperial,025,180216,37606,36878,4369,41247,800
2021-12-26,Inyo,027,18085,2736,2636,57,2693,47
2021-12-26,Kern,029,883053,136626,134591,25447,160038,1908
2021-12-26,Kings,031,150075,34543,34009,2132,36141,379
2021-12-26,Lake,033,64148,7090,7019,183,7202,116
2021-12-26,Lassen,035,31185,7109,7072,449,7521,55
2021-12-26,Los Angeles,037,10098052,1584221,1515469,65728,1581197,27257
2021-12-26,Madera,039,155013,25066,24741,2412,27153,320
2021-12-26,Marin,041,260295,20414,19085,819,19904,249
2021-12-26,Mariposa,043,17540,1523,1480,63,1543,6
2021-12-26,Mendocino,045,87422,8443,8314,689,9003,98
2021-12-26,Merced,047,269075,44713,44208,2132,46340,690
2021-12-26,Modoc,049,8938,602,597,210,807,6
2021-12-26,Mono,051,14174,2056,2000,24,2024,4
2021-12-26,Monterey,053,433212,51696,49709,5054,54763,638
2021-12-26,Napa,055,140530,14431,13809,200,14009,107
2021-12-26,Nevada,057,99092,10404,10153,386,10539,110
2021-12-26,Orange,059,3164182,335734,322991,19442,342433,5863
2021-12-26,Placer,061,380077,40980,39852,4242,44094,489
2021-12-26,Plumas,063,18699,2008,1987,64,2051,12
2021-12-26,Riverside,065,2383286,395521,384567,17781,402348,5470
2021-12-26,Sacramento,067,1510023,173214,169144,5764,174908,2418
2021-12-26,San Benito,069,59416,8223,7991,203,8194,79
2021-12-26,San Bernardino,071,2135413,386971,376052,12762,388814,6043
2021-12-26,San Diego,073,3302833,424878,406616,24850,431466,4442
2021-12-26,San Francisco,075,870044,64509,58229,3495,61724,682
2021-12-26,San Joaquin,077,732212,106618,104590,5956,110546,1872
2021-12-26,San Luis Obispo,079,281455,32059,31290,1467,32757,365
2021-12-26,San Mateo,081,765935,62204,56973,2981,59954,581
2021-12-26,Santa Barbara,083,443738,49548,47553,1839,49392,567
2021-12-26,Santa Clara,085,1922200,164474,156872,2247,159119,1967
2021-12-26,Santa Cruz,087,273765,23013,22176,1153,23329,228
2021-12-26,Shasta,089,179085,23254,22959,3840,26799,432
2021-12-26,Sierra,091,2930,213,202,22,224,0
2021-12-26,Siskiyou,093,43540,3521,3460,1429,4889,60
2021-12-26,Solano,095,438530,49008,47646,1442,49088,377
2021-12-26,Sonoma,097,501317,46038,44358,683,45041,408
2021-12-26,Stanislaus,099,539301,84710,83368,9679,93047,1331
2021-12-26,Sutter,101,95872,14746,14533,434,14967,191
2021-12-26,Tehama,103,63373,8991,8861,1595,10456,136
2021-12-26,Trinity,105,12862,912,826,222,1048,17
2021-12-26,Tulare,107,460477,72632,71292,17311,88603,1137
2021-12-26,Tuolumne,109,53932,8076,7919,115,8034,91
2021-12-26,Ventura,111,848112,108044,103498,5231,108729,1206
2021-12-26,Yolo,113,214977,21697,21084,1464,22548,270
2021-12-26,Yuba,115,75493,10864,10694,430,11124,98
2021-12-25,Alameda,001,1643700,131892,127221,3597,130818,1525
2021-12-25,Alpine,003,1148,114,113,0,113,0
2021-12-25,Amador,005,37829,5935,5861,80,5941,70
2021-12-25,Butte,007,227075,22533,22087,4078,26165,330
2021-12-25,Calaveras,009,45235,4652,4591,69,4660,91
2021-12-25,Colusa,011,21464,2669,2647,713,3360,21
2021-12-25,Contra Costa,013,1133247,107737,105022,2774,107796,1071
2021-12-25,Del Norte,015,27424,3843,3795,58,3853,43
2021-12-25,El Dorado,017,186661,17642,17188,1885,19073,172
2021-12-25,Fresno,019,978130,150034,148027,12972,160999,2358
2021-12-25,Glenn,021,27897,3661,3611,1034,4645,39
2021-12-25,Humboldt,023,135768,10389,10052,796,10848,119
2021-12-25,Imperial,025,180216,37498,36878,4343,41221,800
2021-12-25,Inyo,027,18085,2716,2636,57,2693,47
2021-12-25,Kern,029,883053,136279,134591,25325,159916,1908
2021-12-25,Kings,031,150075,34461,34009,2124,36133,379
2021-12-25,Lake,033,64148,7078,7019,180,7199,116
2021-12-25,Lassen,035,31185,7107,7072,449,7521,55
2021-12-25,Los Angeles,037,10098052,1572239,1515469,64410,1579879,27257
2021-12-25,Madera,039,155013,25019,24741,2406,27147,320
2021-12-25,Marin,041,260295,20075,19085,764,19849,249
2021-12-25,Mariposa,043,17540,1517,1480,63,1543,6
2021-12-25,Mendocino,045,87422,8405,8314,689,9003,98
2021-12-25,Merced,047,269075,44615,44208,2130,46338,690
2021-12-25,Modoc,049,8938,602,597,210,807,6
2021-12-25,Mono,051,14174,2050,2000,24,2024,4
2021-12-25,Monterey,053,433212,51535,49709,4960,54669,638
2021-12-25,Napa,055,140530,14320,13809,192,14001,107
2021-12-25,Nevada,057,99092,10376,10153,383,10536,110
2021-12-25,Orange,059,3164182,332946,322991,18875,341866,5863
2021-12-25,Placer,061,380077,40792,39852,4205,44057,489
2021-12-25,Plumas,063,18699,2006,1987,63,2050,12
2021-12-25,Riverside,065,2383286,393291,384567,17658,402225,5470
2021-12-25,Sacramento,067,1510023,172392,169144,5656,174800,2418
2021-12-25,San Benito,069,59416,8159,7991,202,8193,79
2021-12-25,San Bernardino,071,2135413,384881,376052,12634,388686,6043
2021-12-25,San Diego,073,3302833,420913,406616,24625,431241,4442
2021-12-25,San Francisco,075,870044,63476,58229,3428,61657,682
2021-12-25,San Joaquin,077,732212,106288,104590,5924,110514,1872
2021-12-25,San Luis Obispo,079,281455,31931,31290,1457,32747,365
2021-12-25,San Mateo,081,765935,61209,56973,2734,59707,581
2021-12-25,Santa Barbara,083,443738,49193,47553,1824,49377,567
2021-12-25,Santa Clara,085,1922200,162989,156872,2168,159040,1967
2021-12-25,Santa Cruz,087,273765,22856,22176,1148,23324,228
2021-12-25,Shasta,089,179085,23223,22959,3834,26793,432
2021-12-25,Sierra,091,2930,213,202,22,224,0
2021-12-25,Siskiyou,093,43540,3518,3460,1423,4883,60
2021-12-25,Solano,095,438530,48888,47646,1425,49071,377
2021-12-25,Sonoma,097,501317,45658,44358,655,45013,408
2021-12-25,Stanislaus,099,539301,84496,83368,9657,93025,1331
2021-12-25,Sutter,101,95872,14706,14533,430,14963,191
2021-12-25,Tehama,103,63373,8971,8861,1591,10452,136
2021-12-25,Trinity,105,12862,911,826,222,1048,17
2021-12-25,Tulare,107,460477,72508,71292,17234,88526,1137
2021-12-25,Tuolumne,109,53932,8046,7919,115,8034,91
2021-12-25,Ventura,111,848112,106881,103498,5121,108619,1206
2021-12-25,Yolo,113,214977,21585,21084,1443,22527,270
2021-12-25,Yuba,115,75493,10838,10694,429,11123,98
2021-12-24,Alameda,001,1643700,131310,127221,3570,130791,1525
2021-12-24,Alpine,003,1148,114,113,0,113,0
2021-12-24,Amador,005,37829,5927,5861,79,5940,70
2021-12-24,Butte,007,227075,22479,22087,4065,26152,330
2021-12-24,Calaveras,009,45235,4646,4591,69,4660,91
2021-12-24,Colusa,011,21464,2667,2647,712,3359,21
2021-12-24,Contra Costa,013,1133247,107446,105022,2743,107765,1071
2021-12-24,Del Norte,015,27424,3836,3795,58,3853,43
2021-12-24,El Dorado,017,186661,17593,17188,1880,19068,172
2021-12-24,Fresno,019,978130,149875,148027,12962,160989,2358
2021-12-24,Glenn,021,27897,3660,3611,1034,4645,39
2021-12-24,Humboldt,023,135768,10333,10052,790,10842,119
2021-12-24,Imperial,025,180216,37417,36878,4337,41215,800
2021-12-24,Inyo,027,18085,2696,2636,57,2693,47
2021-12-24,Kern,029,883053,136154,134591,25283,159874,1908
2021-12-24,Kings,031,150075,34409,34009,2123,36132,379
2021-12-24,Lake,033,64148,7074,7019,180,7199,116
2021-12-24,Lassen,035,31185,7104,7072,448,7520,55
2021-12-24,Los Angeles,037,10098052,1567999,1515469,63931,1579400,27257
2021-12-24,Madera,039,155013,24986,24741,2401,27142,320
2021-12-24,Marin,041,260295,19931,19085,729,19814,249
2021-12-24,Mariposa,043,17540,1515,1480,63,1543,6
2021-12-24,Mendocino,045,87422,8390,8314,689,9003,98
2021-12-24,Merced,047,269075,44571,44208,2126,46334,690
2021-12-24,Modoc,049,8938,602,597,210,807,6
2021-12-24,Mono,051,14174,2044,2000,24,2024,4
2021-12-24,Monterey,053,433212,51443,49709,4903,54612,638
2021-12-24,Napa,055,140530,14255,13809,188,13997,107
2021-12-24,Nevada,057,99092,10349,10153,381,10534,110
2021-12-24,Orange,059,3164182,331955,322991,18717,341708,5863
2021-12-24,Placer,061,380077,40675,39852,4188,44040,489
2021-12-24,Plumas,063,18699,2005,1987,61,2048,12
2021-12-24,Riverside,065,2383286,392317,384567,17569,402136,5470
2021-12-24,Sacramento,067,1510023,172094,169144,5617,174761,2418
2021-12-24,San Benito,069,59416,8151,7991,201,8192,79
2021-12-24,San Bernardino,071,2135413,383821,376052,12567,388619,6043
2021-12-24,San Diego,073,3302833,419832,406616,24503,431119,4442
2021-12-24,San Francisco,075,870044,62968,58229,3396,61625,682
2021-12-24,San Joaquin,077,732212,106105,104590,5917,110507,1872
2021-12-24,San Luis Obispo,079,281455,31885,31290,1450,32740,365
2021-12-24,San Mateo,081,765935,60785,56973,2645,59618,581
2021-12-24,Santa Barbara,083,443738,48990,47553,1818,49371,567
2021-12-24,Santa Clara,085,1922200,162175,156872,2129,159001,1967
2021-12-24,Santa Cruz,087,273765,22774,22176,1145,23321,228
2021-12-24,Shasta,089,179085,23192,22959,3830,26789,432
2021-12-24,Sierra,091,2930,212,202,22,224,0
2021-12-24,Siskiyou,093,43540,3513,3460,1419,4879,60
2021-12-24,Solano,095,438530,48836,47646,1423,49069,377
2021-12-24,Sonoma,097,501317,45499,44358,646,45004,408
2021-12-24,Stanislaus,099,539301,84385,83368,9642,93010,1331
2021-12-24,Sutter,101,95872,14686,14533,426,14959,191
2021-12-24,Tehama,103,63373,8962,8861,1588,10449,136
2021-12-24,Trinity,105,12862,909,826,222,1048,17
2021-12-24,Tulare,107,460477,72443,71292,17190,88482,1137
2021-12-24,Tuolumne,109,53932,8022,7919,115,8034,91
2021-12-24,Ventura,111,848112,106436,103498,5063,108561,1206
2021-12-24,Yolo,113,214977,21513,21084,1423,22507,270
2021-12-24,Yuba,115,75493,10815,10694,428,11122,98
2021-12-23,Alameda,001,1643700,130646,127221,3527,130748,1525
2021-12-23,Alpine,003,1148,114,113,0,113,0
2021-12-23,Amador,005,37829,5915,5861,77,5938,70
2021-12-23,Butte,007,227075,22429,22087,4053,26140,330
2021-12-23,Calaveras,009,45235,4635,4591,69,4660,91
2021-12-23,Colusa,011,21464,2661,2647,708,3355,21
2021-12-23,Contra Costa,013,1133247,107052,105022,2701,107723,1071
2021-12-23,Del Norte,015,27424,3833,3795,58,3853,43
2021-12-23,El Dorado,017,186661,17535,17188,1874,19062,172
2021-12-23,Fresno,019,978130,149684,148027,12947,160974,2358
2021-12-23,Glenn,021,27897,3657,3611,1034,4645,39
2021-12-23,Humboldt,023,135768,10280,10052,787,10839,119
2021-12-23,Imperial,025,180216,37350,36878,4305,41183,800
2021-12-23,Inyo,027,18085,2684,2636,57,2693,47
2021-12-23,Kern,029,883053,136005,134591,25187,159778,1908
2021-12-23,Kings,031,150075,34370,34009,2122,36131,379
2021-12-23,Lake,033,64148,7064,7019,178,7197,116
2021-12-23,Lassen,035,31185,7103,7072,448,7520,55
2021-12-23,Los Angeles,037,10098052,1558936,1515469,62815,1578284,27257
2021-12-23,Madera,039,155013,24955,24741,2398,27139,320
2021-12-23,Marin,041,260295,19797,19085,711,19796,249
2021-12-23,Mariposa,043,17540,1510,1480,63,1543,6
2021-12-23,Mendocino,045,87422,8381,8314,689,9003,98
2021-12-23,Merced,047,269075,44525,44208,2124,46332,690
2021-12-23,Modoc,049,8938,602,597,210,807,6
2021-12-23,Mono,051,14174,2038,2000,23,2023,4
2021-12-23,Monterey,053,433212,51334,49709,4830,54539,638
2021-12-23,Napa,055,140530,14175,13809,182,13991,107
2021-12-23,Nevada,057,99092,10326,10153,380,10533,110
2021-12-23,Orange,059,3164182,330325,322991,18390,341381,5863
2021-12-23,Placer,061,380077,40551,39852,4172,44024,489
2021-12-23,Plumas,063,18699,2005,1987,61,2048,12
2021-12-23,Riverside,065,2383286,391133,384567,17509,402076,5470
2021-12-23,Sacramento,067,1510023,171663,169144,5572,174716,2418
2021-12-23,San Benito,069,59416,8132,7991,198,8189,79
2021-12-23,San Bernardino,071,2135413,382718,376052,12471,388523,6043
2021-12-23,San Diego,073,3302833,418020,406616,24328,430944,4442
2021-12-23,San Francisco,075,870044,62241,58229,3322,61551,682
2021-12-23,San Joaquin,077,732212,105889,104590,5904,110494,1872
2021-12-23,San Luis Obispo,079,281455,31824,31290,1447,32737,365
2021-12-23,San Mateo,081,765935,60250,56973,2539,59512,581
2021-12-23,Santa Barbara,083,443738,48792,47553,1815,49368,567
2021-12-23,Santa Clara,085,1922200,161264,156872,2058,158930,1967
2021-12-23,Santa Cruz,087,273765,22658,22176,1130,23306,228
2021-12-23,Shasta,089,179085,23166,22959,3826,26785,432
2021-12-23,Sierra,091,2930,209,202,22,224,0
2021-12-23,Siskiyou,093,43540,3513,3460,1417,4877,60
2021-12-23,Solano,095,438530,48734,47646,1408,49054,377
2021-12-23,Sonoma,097,501317,45323,44358,643,45001,408
2021-12-23,Stanislaus,099,539301,84258,83368,9628,92996,1331
2021-12-23,Sutter,101,95872,14668,14533,425,14958,191
2021-12-23,Tehama,103,63373,8950,8861,1584,10445,136
2021-12-23,Trinity,105,12862,909,826,222,1048,17
2021-12-23,Tulare,107,460477,72370,71292,17145,88437,1137
2021-12-23,Tuolumne,109,53932,8004,7919,114,8033,91
2021-12-23,Ventura,111,848112,105904,103498,4996,108494,1206
2021-12-23,Yolo,113,214977,21445,21084,1405,22489,270
2021-12-23,Yuba,115,75493,10802,10694,428,11122,98
2021-12-22,Alameda,001,1643700,129779,126533,3435,129968,1522
2021-12-22,Alpine,003,1148,114,112,0,112,0
2021-12-22,Amador,005,37829,5902,5850,76,5926,70
2021-12-22,Butte,007,227075,22381,22070,4042,26112,330
2021-12-22,Calaveras,009,45235,4626,4580,69,4649,91
2021-12-22,Colusa,011,21464,2661,2645,705,3350,21
2021-12-22,Contra Costa,013,1133247,106466,104559,2656,107215,1070
2021-12-22,Del Norte,015,27424,3833,3794,58,3852,43
2021-12-22,El Dorado,017,186661,17474,17140,1865,19005,172
2021-12-22,Fresno,019,978130,149433,147838,12920,160758,2349
2021-12-22,Glenn,021,27897,3652,3604,1033,4637,39
2021-12-22,Humboldt,023,135768,10220,10022,782,10804,119
2021-12-22,Imperial,025,180216,37270,36755,4266,41021,798
2021-12-22,Inyo,027,18085,2666,2632,57,2689,47
2021-12-22,Kern,029,883053,135770,134433,25104,159537,1900
2021-12-22,Kings,031,150075,34323,33953,2115,36068,376
2021-12-22,Lake,033,64148,7058,7008,176,7184,116
2021-12-22,Lassen,035,31185,7098,7069,447,7516,55
2021-12-22,Los Angeles,037,10098052,1545682,1507110,61622,1568732,27234
2021-12-22,Madera,039,155013,24916,24702,2394,27096,320
2021-12-22,Marin,041,260295,19577,18927,685,19612,249
2021-12-22,Mariposa,043,17540,1503,1480,63,1543,6
2021-12-22,Mendocino,045,87422,8372,8299,689,8988,99
2021-12-22,Merced,047,269075,44454,44137,2122,46259,689
2021-12-22,Modoc,049,8938,602,595,210,805,6
2021-12-22,Mono,051,14174,2033,1979,22,2001,4
2021-12-22,Monterey,053,433212,51188,49650,4762,54412,639
2021-12-22,Napa,055,140530,14048,13746,172,13918,107
2021-12-22,Nevada,057,99092,10299,10101,375,10476,110
2021-12-22,Orange,059,3164182,328090,321765,17969,339734,5858
2021-12-22,Placer,061,380077,40370,39758,4135,43893,489
2021-12-22,Plumas,063,18699,2002,1986,61,2047,12
2021-12-22,Riverside,065,2383286,389347,383319,17400,400719,5472
2021-12-22,Sacramento,067,1510023,171033,168695,5512,174207,2422
2021-12-22,San Benito,069,59416,8079,7971,196,8167,79
2021-12-22,San Bernardino,071,2135413,381108,375044,12389,387433,6039
2021-12-22,San Diego,073,3302833,413931,404269,24022,428291,4434
2021-12-22,San Francisco,075,870044,61248,57520,3260,60780,682
2021-12-22,San Joaquin,077,732212,105620,104385,5889,110274,1870
2021-12-22,San Luis Obispo,079,281455,31689,31175,1427,32602,365
2021-12-22,San Mateo,081,765935,59587,56604,2395,58999,581
2021-12-22,Santa Barbara,083,443738,48539,47372,1800,49172,566
2021-12-22,Santa Clara,085,1922200,160146,156258,2014,158272,1954
2021-12-22,Santa Cruz,087,273765,22553,22075,1124,23199,228
2021-12-22,Shasta,089,179085,23138,22937,3821,26758,432
2021-12-22,Sierra,091,2930,209,202,22,224,0
2021-12-22,Siskiyou,093,43540,3510,3458,1414,4872,59
2021-12-22,Solano,095,438530,48527,47531,1392,48923,375
2021-12-22,Sonoma,097,501317,45047,44201,631,44832,408
2021-12-22,Stanislaus,099,539301,84118,83245,9611,92856,1331
2021-12-22,Sutter,101,95872,14633,14513,422,14935,191
2021-12-22,Tehama,103,63373,8936,8853,1581,10434,136
2021-12-22,Trinity,105,12862,909,826,222,1048,17
2021-12-22,Tulare,107,460477,72274,71226,17093,88319,1137
2021-12-22,Tuolumne,109,53932,7984,7903,114,8017,91
2021-12-22,Ventura,111,848112,105299,103089,4890,107979,1206
2021-12-22,Yolo,113,214977,21372,21012,1391,22403,270
2021-12-22,Yuba,115,75493,10784,10681,428,11109,98
2021-12-21,Alameda,001,1643700,128814,126007,3373,129380,1518
2021-12-21,Alpine,003,1148,114,112,0,112,0
2021-12-21,Amador,005,37829,5892,5845,76,5921,70
2021-12-21,Butte,007,227075,22320,22041,4029,26070,330
2021-12-21,Calaveras,009,45235,4613,4575,68,4643,91
2021-12-21,Colusa,011,21464,2659,2643,704,3347,21
2021-12-21,Contra Costa,013,1133247,105881,104255,2596,106851,1068
2021-12-21,Del Norte,015,27424,3832,3793,58,3851,43
2021-12-21,El Dorado,017,186661,17410,17098,1854,18952,172
2021-12-21,Fresno,019,978130,149169,147707,12891,160598,2341
2021-12-21,Glenn,021,27897,3638,3602,1033,4635,39
2021-12-21,Humboldt,023,135768,10154,9989,777,10766,118
2021-12-21,Imperial,025,180216,37179,36580,4223,40803,792
2021-12-21,Inyo,027,18085,2654,2627,57,2684,47
2021-12-21,Kern,029,883053,135560,134321,24999,159320,1892
2021-12-21,Kings,031,150075,34268,33914,2114,36028,376
2021-12-21,Lake,033,64148,7053,7004,174,7178,116
2021-12-21,Lassen,035,31185,7096,7069,447,7516,55
2021-12-21,Los Angeles,037,10098052,1531984,1501169,60591,1561760,27220
2021-12-21,Madera,039,155013,24881,24688,2388,27076,320
2021-12-21,Marin,041,260295,19406,18828,649,19477,249
2021-12-21,Mariposa,043,17540,1502,1480,62,1542,6
2021-12-21,Mendocino,045,87422,8356,8282,687,8969,97
2021-12-21,Merced,047,269075,44383,44096,2119,46215,688
2021-12-21,Modoc,049,8938,600,595,208,803,6
2021-12-21,Mono,051,14174,2007,1979,21,2000,4
2021-12-21,Monterey,053,433212,51098,49586,4715,54301,638
2021-12-21,Napa,055,140530,13947,13703,161,13864,107
2021-12-21,Nevada,057,99092,10270,10095,375,10470,110
2021-12-21,Orange,059,3164182,325989,320705,17517,338222,5855
2021-12-21,Placer,061,380077,40238,39649,4106,43755,487
2021-12-21,Plumas,063,18699,2002,1975,60,2035,12
2021-12-21,Riverside,065,2383286,387648,382415,17283,399698,5465
2021-12-21,Sacramento,067,1510023,170411,168422,5455,173877,2419
2021-12-21,San Benito,069,59416,8039,7950,194,8144,79
2021-12-21,San Bernardino,071,2135413,379541,374219,12288,386507,6026
2021-12-21,San Diego,073,3302833,410202,402386,23713,426099,4424
2021-12-21,San Francisco,075,870044,60303,56950,3187,60137,681
2021-12-21,San Joaquin,077,732212,105333,104238,5870,110108,1870
2021-12-21,San Luis Obispo,079,281455,31529,31103,1417,32520,365
2021-12-21,San Mateo,081,765935,58990,56381,2282,58663,581
2021-12-21,Santa Barbara,083,443738,48315,47194,1785,48979,564
2021-12-21,Santa Clara,085,1922200,159130,155769,1970,157739,1951
2021-12-21,Santa Cruz,087,273765,22439,22028,1113,23141,228
2021-12-21,Shasta,089,179085,23108,22920,3817,26737,429
2021-12-21,Sierra,091,2930,207,201,22,223,0
2021-12-21,Siskiyou,093,43540,3509,3455,1414,4869,59
2021-12-21,Solano,095,438530,48374,47474,1385,48859,372
2021-12-21,Sonoma,097,501317,44823,44051,621,44672,408
2021-12-21,Stanislaus,099,539301,83963,83167,9582,92749,1331
2021-12-21,Sutter,101,95872,14610,14492,421,14913,190
2021-12-21,Tehama,103,63373,8928,8849,1576,10425,136
2021-12-21,Trinity,105,12862,909,826,222,1048,17
2021-12-21,Tulare,107,460477,72185,71166,17050,88216,1137
2021-12-21,Tuolumne,109,53932,7960,7893,114,8007,91
2021-12-21,Ventura,111,848112,104678,102631,4776,107407,1205
2021-12-21,Yolo,113,214977,21264,20944,1387,22331,267
2021-12-21,Yuba,115,75493,10768,10668,428,11096,98
2021-12-20,Alameda,001,1643700,127915,125762,3303,129065,1515
2021-12-20,Alpine,003,1148,114,112,0,112,0
2021-12-20,Amador,005,37829,5878,5838,76,5914,70
2021-12-20,Butte,007,227075,22258,22030,4020,26050,329
2021-12-20,Calaveras,009,45235,4603,4569,68,4637,91
2021-12-20,Colusa,011,21464,2657,2644,704,3348,21
2021-12-20,Contra Costa,013,1133247,105368,104051,2549,106600,1068
2021-12-20,Del Norte,015,27424,3830,3792,58,3850,43
2021-12-20,El Dorado,017,186661,17349,17083,1844,18927,172
2021-12-20,Fresno,019,978130,148934,147605,12865,160470,2341
2021-12-20,Glenn,021,27897,3631,3597,1033,4630,39
2021-12-20,Humboldt,023,135768,10111,9973,774,10747,118
2021-12-20,Imperial,025,180216,37068,36532,4191,40723,792
2021-12-20,Inyo,027,18085,2651,2615,57,2672,47
2021-12-20,Kern,029,883053,135365,134203,24938,159141,1883
2021-12-20,Kings,031,150075,34224,33898,2113,36011,376
2021-12-20,Lake,033,64148,7048,6999,174,7173,116
2021-12-20,Lassen,035,31185,7094,7065,446,7511,55
2021-12-20,Los Angeles,037,10098052,1520634,1495251,59876,1555127,27188
2021-12-20,Madera,039,155013,24852,24668,2384,27052,313
2021-12-20,Marin,041,260295,19192,18747,630,19377,249
2021-12-20,Mariposa,043,17540,1493,1479,62,1541,6
2021-12-20,Mendocino,045,87422,8344,8264,685,8949,96
2021-12-20,Merced,047,269075,44327,44071,2114,46185,687
2021-12-20,Modoc,049,8938,600,595,205,800,6
2021-12-20,Mono,051,14174,1990,1973,21,1994,4
2021-12-20,Monterey,053,433212,51003,49556,4670,54226,636
2021-12-20,Napa,055,140530,13864,13672,151,13823,107
2021-12-20,Nevada,057,99092,10230,10079,374,10453,109
2021-12-20,Orange,059,3164182,324409,320235,17199,337434,5852
2021-12-20,Placer,061,380077,40110,39579,4074,43653,485
2021-12-20,Plumas,063,18699,2000,1971,58,2029,12
2021-12-20,Riverside,065,2383286,386215,381841,17193,399034,5452
2021-12-20,Sacramento,067,1510023,169846,168153,5411,173564,2414
2021-12-20,San Benito,069,59416,7994,7934,192,8126,79
2021-12-20,San Bernardino,071,2135413,378099,373881,12205,386086,6023
2021-12-20,San Diego,073,3302833,406970,401483,23481,424964,4412
2021-12-20,San Francisco,075,870044,59239,56661,3107,59768,681
2021-12-20,San Joaquin,077,732212,105091,104188,5861,110049,1865
2021-12-20,San Luis Obispo,079,281455,31419,31075,1409,32484,365
2021-12-20,San Mateo,081,765935,58454,56247,2185,58432,581
2021-12-20,Santa Barbara,083,443738,48109,47131,1779,48910,562
2021-12-20,Santa Clara,085,1922200,158162,155427,1915,157342,1950
2021-12-20,Santa Cruz,087,273765,22358,21989,1108,23097,227
2021-12-20,Shasta,089,179085,23087,22888,3812,26700,429
2021-12-20,Sierra,091,2930,206,201,22,223,0
2021-12-20,Siskiyou,093,43540,3508,3453,1412,4865,59
2021-12-20,Solano,095,438530,48247,47394,1377,48771,370
2021-12-20,Sonoma,097,501317,44635,43982,613,44595,408
2021-12-20,Stanislaus,099,539301,83838,83110,9555,92665,1331
2021-12-20,Sutter,101,95872,14588,14480,421,14901,190
2021-12-20,Tehama,103,63373,8920,8840,1574,10414,136
2021-12-20,Trinity,105,12862,909,826,222,1048,17
2021-12-20,Tulare,107,460477,72099,71124,16983,88107,1129
2021-12-20,Tuolumne,109,53932,7947,7867,110,7977,91
2021-12-20,Ventura,111,848112,104167,102452,4697,107149,1203
2021-12-20,Yolo,113,214977,21178,20903,1374,22277,267
2021-12-20,Yuba,115,75493,10752,10656,425,11081,97
2021-12-19,Alameda,001,1643700,127082,125464,3254,128718,1519
2021-12-19,Alpine,003,1148,114,112,0,112,0
2021-12-19,Amador,005,37829,5866,5832,75,5907,70
2021-12-19,Butte,007,227075,22205,22022,4014,26036,329
2021-12-19,Calaveras,009,45235,4587,4563,67,4630,91
2021-12-19,Colusa,011,21464,2657,2643,701,3344,21
2021-12-19,Contra Costa,013,1133247,104886,103906,2509,106415,1068
2021-12-19,Del Norte,015,27424,3826,3797,58,3855,43
2021-12-19,El Dorado,017,186661,17293,17067,1842,18909,172
2021-12-19,Fresno,019,978130,148701,147505,12842,160347,2341
2021-12-19,Glenn,021,27897,3627,3596,1033,4629,39
2021-12-19,Humboldt,023,135768,10072,9957,769,10726,118
2021-12-19,Imperial,025,180216,36944,36501,4145,40646,792
2021-12-19,Inyo,027,18085,2642,2613,57,2670,47
2021-12-19,Kern,029,883053,135169,134136,24869,159005,1883
2021-12-19,Kings,031,150075,34165,33874,2109,35983,378
2021-12-19,Lake,033,64148,7039,6999,171,7170,116
2021-12-19,Lassen,035,31185,7090,7065,446,7511,55
2021-12-19,Los Angeles,037,10098052,1511875,1495082,59269,1554351,27189
2021-12-19,Madera,039,155013,24827,24642,2378,27020,313
2021-12-19,Marin,041,260295,19016,18707,606,19313,249
2021-12-19,Mariposa,043,17540,1487,1475,62,1537,6
2021-12-19,Mendocino,045,87422,8327,8257,682,8939,96
2021-12-19,Merced,047,269075,44232,44045,2106,46151,687
2021-12-19,Modoc,049,8938,599,595,205,800,6
2021-12-19,Mono,051,14174,1983,1968,21,1989,4
2021-12-19,Monterey,053,433212,50904,49516,4623,54139,636
2021-12-19,Napa,055,140530,13791,13659,142,13801,107
2021-12-19,Nevada,057,99092,10195,10057,370,10427,109
2021-12-19,Orange,059,3164182,323045,319615,16972,336587,5852
2021-12-19,Placer,061,380077,39989,39525,4058,43583,485
2021-12-19,Plumas,063,18699,1997,1971,58,2029,12
2021-12-19,Riverside,065,2383286,384794,381305,17117,398422,5452
2021-12-19,Sacramento,067,1510023,169361,167933,5382,173315,2415
2021-12-19,San Benito,069,59416,7968,7929,191,8120,79
2021-12-19,San Bernardino,071,2135413,376827,373480,12165,385645,6023
2021-12-19,San Diego,073,3302833,404465,398197,23290,421487,4406
2021-12-19,San Francisco,075,870044,58366,56358,3029,59387,681
2021-12-19,San Joaquin,077,732212,104834,104125,5848,109973,1865
2021-12-19,San Luis Obispo,079,281455,31298,31035,1398,32433,366
2021-12-19,San Mateo,081,765935,58001,56132,2104,58236,581
2021-12-19,Santa Barbara,083,443738,47889,47070,1772,48842,562
2021-12-19,Santa Clara,085,1922200,157263,155049,1884,156933,1950
2021-12-19,Santa Cruz,087,273765,22258,21960,1102,23062,227
2021-12-19,Shasta,089,179085,23050,22875,3808,26683,429
2021-12-19,Sierra,091,2930,205,201,22,223,0
2021-12-19,Siskiyou,093,43540,3505,3452,1412,4864,59
2021-12-19,Solano,095,438530,48129,47341,1371,48712,370
2021-12-19,Sonoma,097,501317,44454,43944,611,44555,408
2021-12-19,Stanislaus,099,539301,83700,83040,9524,92564,1331
2021-12-19,Sutter,101,95872,14549,14475,420,14895,190
2021-12-19,Tehama,103,63373,8913,8840,1574,10414,136
2021-12-19,Trinity,105,12862,909,826,222,1048,17
2021-12-19,Tulare,107,460477,72004,71085,16941,88026,1129
2021-12-19,Tuolumne,109,53932,7931,7865,109,7974,91
2021-12-19,Ventura,111,848112,103589,102170,4633,106803,1203
2021-12-19,Yolo,113,214977,21104,20887,1355,22242,267
2021-12-19,Yuba,115,75493,10735,10646,423,11069,97
2021-12-18,Alameda,001,1643700,126694,124583,3226,127809,1512
2021-12-18,Alpine,003,1148,114,110,0,110,0
2021-12-18,Amador,005,37829,5860,5821,75,5896,69
2021-12-18,Butte,007,227075,22188,21956,4009,25965,328
2021-12-18,Calaveras,009,45235,4580,4534,67,4601,91
2021-12-18,Colusa,011,21464,2655,2635,699,3334,21
2021-12-18,Contra Costa,013,1133247,104678,103380,2495,105875,1065
2021-12-18,Del Norte,015,27424,3823,3791,58,3849,43
2021-12-18,El Dorado,017,186661,17265,16968,1839,18807,171
2021-12-18,Fresno,019,978130,148599,147038,12831,159869,2335
2021-12-18,Glenn,021,27897,3625,3590,1033,4623,39
2021-12-18,Humboldt,023,135768,10056,9889,769,10658,118
2021-12-18,Imperial,025,180216,36878,36280,4133,40413,790
2021-12-18,Inyo,027,18085,2636,2607,57,2664,47
2021-12-18,Kern,029,883053,135079,133754,24824,158578,1873
2021-12-18,Kings,031,150075,34136,33783,2105,35888,374
2021-12-18,Lake,033,64148,7038,6976,171,7147,115
2021-12-18,Lassen,035,31185,7088,7061,445,7506,55
2021-12-18,Los Angeles,037,10098052,1507941,1484840,58963,1543803,27135
2021-12-18,Madera,039,155013,24813,24575,2376,26951,313
2021-12-18,Marin,041,260295,18918,18537,594,19131,249
2021-12-18,Mariposa,043,17540,1486,1468,62,1530,6
2021-12-18,Mendocino,045,87422,8321,8219,682,8901,95
2021-12-18,Merced,047,269075,44199,43929,2105,46034,686
2021-12-18,Modoc,049,8938,597,595,205,800,6
2021-12-18,Mono,051,14174,1983,1956,21,1977,4
2021-12-18,Monterey,053,433212,50847,49343,4594,53937,635
2021-12-18,Napa,055,140530,13765,13581,140,13721,107
2021-12-18,Nevada,057,99092,10173,9991,367,10358,108
2021-12-18,Orange,059,3164182,322387,318149,16839,334988,5844
2021-12-18,Placer,061,380077,39889,39336,4045,43381,485
2021-12-18,Plumas,063,18699,1997,1964,58,2022,13
2021-12-18,Riverside,065,2383286,384106,379354,17079,396433,5439
2021-12-18,Sacramento,067,1510023,169122,167046,5361,172407,2404
2021-12-18,San Benito,069,59416,7953,7894,191,8085,79
2021-12-18,San Bernardino,071,2135413,376187,371658,12137,383795,6017
2021-12-18,San Diego,073,3302833,403516,397130,23238,420368,4399
2021-12-18,San Francisco,075,870044,57868,55562,2982,58544,679
2021-12-18,San Joaquin,077,732212,104746,103698,5840,109538,1858
2021-12-18,San Luis Obispo,079,281455,31255,30873,1392,32265,365
2021-12-18,San Mateo,081,765935,57768,55730,2077,57807,580
2021-12-18,Santa Barbara,083,443738,47793,46776,1770,48546,562
2021-12-18,Santa Clara,085,1922200,156811,154243,1872,156115,1946
2021-12-18,Santa Cruz,087,273765,22206,21805,1100,22905,225
2021-12-18,Shasta,089,179085,23029,22811,3808,26619,429
2021-12-18,Sierra,091,2930,205,199,22,221,0
2021-12-18,Siskiyou,093,43540,3503,3441,1411,4852,58
2021-12-18,Solano,095,438530,48083,47174,1369,48543,369
2021-12-18,Sonoma,097,501317,44343,43658,607,44265,407
2021-12-18,Stanislaus,099,539301,83618,82736,9512,92248,1330
2021-12-18,Sutter,101,95872,14531,14435,420,14855,190
2021-12-18,Tehama,103,63373,8907,8814,1573,10387,136
2021-12-18,Trinity,105,12862,909,823,222,1045,17
2021-12-18,Tulare,107,460477,71968,70922,16916,87838,1120
2021-12-18,Tuolumne,109,53932,7918,7834,109,7943,91
2021-12-18,Ventura,111,848112,103305,101612,4610,106222,1201
2021-12-18,Yolo,113,214977,21065,20793,1349,22142,267
2021-12-18,Yuba,115,75493,10724,10599,423,11022,96
2021-12-17,Alameda,001,1643700,126382,124583,3206,127789,1512
2021-12-17,Alpine,003,1148,114,110,0,110,0
2021-12-17,Amador,005,37829,5853,5821,75,5896,69
2021-12-17,Butte,007,227075,22168,21956,4003,25959,328
2021-12-17,Calaveras,009,45235,4576,4534,67,4601,91
2021-12-17,Colusa,011,21464,2654,2635,698,3333,21
2021-12-17,Contra Costa,013,1133247,104475,103380,2491,105871,1065
2021-12-17,Del Norte,015,27424,3822,3791,58,3849,43
2021-12-17,El Dorado,017,186661,17236,16968,1836,18804,171
2021-12-17,Fresno,019,978130,148495,147038,12831,159869,2335
2021-12-17,Glenn,021,27897,3619,3590,1033,4623,39
2021-12-17,Humboldt,023,135768,10037,9889,767,10656,118
2021-12-17,Imperial,025,180216,36820,36280,4115,40395,790
2021-12-17,Inyo,027,18085,2631,2607,57,2664,47
2021-12-17,Kern,029,883053,134989,133754,24788,158542,1873
2021-12-17,Kings,031,150075,34118,33783,2105,35888,374
2021-12-17,Lake,033,64148,7034,6976,171,7147,115
2021-12-17,Lassen,035,31185,7088,7061,444,7505,55
2021-12-17,Los Angeles,037,10098052,1504055,1484840,58720,1543560,27135
2021-12-17,Madera,039,155013,24797,24575,2370,26945,313
2021-12-17,Marin,041,260295,18842,18537,589,19126,249
2021-12-17,Mariposa,043,17540,1482,1468,62,1530,6
2021-12-17,Mendocino,045,87422,8310,8219,682,8901,95
2021-12-17,Merced,047,269075,44171,43929,2104,46033,686
2021-12-17,Modoc,049,8938,597,595,205,800,6
2021-12-17,Mono,051,14174,1980,1956,21,1977,4
2021-12-17,Monterey,053,433212,50790,49343,4576,53919,635
2021-12-17,Napa,055,140530,13738,13581,139,13720,107
2021-12-17,Nevada,057,99092,10162,9991,367,10358,108
2021-12-17,Orange,059,3164182,321835,318149,16774,334923,5844
2021-12-17,Placer,061,380077,39836,39336,4038,43374,485
2021-12-17,Plumas,063,18699,1996,1964,58,2022,13
2021-12-17,Riverside,065,2383286,383466,379354,17070,396424,5439
2021-12-17,Sacramento,067,1510023,168897,167046,5348,172394,2404
2021-12-17,San Benito,069,59416,7951,7894,191,8085,79
2021-12-17,San Bernardino,071,2135413,375655,371658,12119,383777,6017
2021-12-17,San Diego,073,3302833,402586,397130,23190,420320,4399
2021-12-17,San Francisco,075,870044,57543,55562,2945,58507,679
2021-12-17,San Joaquin,077,732212,104672,103698,5830,109528,1858
2021-12-17,San Luis Obispo,079,281455,31227,30873,1388,32261,365
2021-12-17,San Mateo,081,765935,57585,55730,2052,57782,580
2021-12-17,Santa Barbara,083,443738,47716,46776,1764,48540,562
2021-12-17,Santa Clara,085,1922200,156441,154243,1855,156098,1946
2021-12-17,Santa Cruz,087,273765,22159,21805,1098,22903,225
2021-12-17,Shasta,089,179085,23016,22811,3806,26617,429
2021-12-17,Sierra,091,2930,204,199,22,221,0
2021-12-17,Siskiyou,093,43540,3499,3441,1409,4850,58
2021-12-17,Solano,095,438530,48015,47174,1365,48539,369
2021-12-17,Sonoma,097,501317,44248,43658,604,44262,407
2021-12-17,Stanislaus,099,539301,83567,82736,9506,92242,1330
2021-12-17,Sutter,101,95872,14520,14435,418,14853,190
2021-12-17,Tehama,103,63373,8900,8814,1572,10386,136
2021-12-17,Trinity,105,12862,909,823,222,1045,17
2021-12-17,Tulare,107,460477,71926,70922,16885,87807,1120
2021-12-17,Tuolumne,109,53932,7906,7834,109,7943,91
2021-12-17,Ventura,111,848112,103056,101612,4599,106211,1201
2021-12-17,Yolo,113,214977,21033,20793,1344,22137,267
2021-12-17,Yuba,115,75493,10713,10599,420,11019,96
2021-12-16,Alameda,001,1643700,126021,124583,3193,127776,1512
2021-12-16,Alpine,003,1148,112,110,0,110,0
2021-12-16,Amador,005,37829,5845,5821,75,5896,69
2021-12-16,Butte,007,227075,22150,21956,4000,25956,328
2021-12-16,Calaveras,009,45235,4568,4534,67,4601,91
2021-12-16,Colusa,011,21464,2654,2635,698,3333,21
2021-12-16,Contra Costa,013,1133247,104254,103380,2479,105859,1065
2021-12-16,Del Norte,015,27424,3819,3791,58,3849,43
2021-12-16,El Dorado,017,186661,17199,16968,1831,18799,171
2021-12-16,Fresno,019,978130,148338,147038,12825,159863,2335
2021-12-16,Glenn,021,27897,3618,3590,1033,4623,39
2021-12-16,Humboldt,023,135768,10012,9889,758,10647,118
2021-12-16,Imperial,025,180216,36736,36280,4085,40365,790
2021-12-16,Inyo,027,18085,2627,2607,56,2663,47
2021-12-16,Kern,029,883053,134847,133754,24738,158492,1873
2021-12-16,Kings,031,150075,34095,33783,2104,35887,374
2021-12-16,Lake,033,64148,7030,6976,171,7147,115
2021-12-16,Lassen,035,31185,7085,7061,443,7504,55
2021-12-16,Los Angeles,037,10098052,1499894,1484840,58468,1543308,27135
2021-12-16,Madera,039,155013,24768,24575,2366,26941,313
2021-12-16,Marin,041,260295,18795,18537,581,19118,249
2021-12-16,Mariposa,043,17540,1479,1468,62,1530,6
2021-12-16,Mendocino,045,87422,8299,8219,679,8898,95
2021-12-16,Merced,047,269075,44133,43929,2104,46033,686
2021-12-16,Modoc,049,8938,597,595,205,800,6
2021-12-16,Mono,051,14174,1971,1956,21,1977,4
2021-12-16,Monterey,053,433212,50719,49343,4549,53892,635
2021-12-16,Napa,055,140530,13706,13581,139,13720,107
2021-12-16,Nevada,057,99092,10135,9991,366,10357,108
2021-12-16,Orange,059,3164182,321242,318149,16697,334846,5844
2021-12-16,Placer,061,380077,39759,39336,4033,43369,485
2021-12-16,Plumas,063,18699,1996,1964,58,2022,13
2021-12-16,Riverside,065,2383286,382669,379354,17056,396410,5439
2021-12-16,Sacramento,067,1510023,168617,167046,5323,172369,2404
2021-12-16,San Benito,069,59416,7944,7894,191,8085,79
2021-12-16,San Bernardino,071,2135413,375018,371658,12102,383760,6017
2021-12-16,San Diego,073,3302833,401404,397130,23129,420259,4399
2021-12-16,San Francisco,075,870044,57179,55562,2914,58476,679
2021-12-16,San Joaquin,077,732212,104554,103698,5822,109520,1858
2021-12-16,San Luis Obispo,079,281455,31157,30873,1381,32254,365
2021-12-16,San Mateo,081,765935,57385,55730,2033,57763,580
2021-12-16,Santa Barbara,083,443738,47597,46776,1761,48537,562
2021-12-16,Santa Clara,085,1922200,156113,154243,1845,156088,1946
2021-12-16,Santa Cruz,087,273765,22112,21805,1097,22902,225
2021-12-16,Shasta,089,179085,22986,22811,3804,26615,429
2021-12-16,Sierra,091,2930,204,199,22,221,0
2021-12-16,Siskiyou,093,43540,3498,3441,1405,4846,58
2021-12-16,Solano,095,438530,47947,47174,1357,48531,369
2021-12-16,Sonoma,097,501317,44150,43658,602,44260,407
2021-12-16,Stanislaus,099,539301,83480,82736,9492,92228,1330
2021-12-16,Sutter,101,95872,14507,14435,417,14852,190
2021-12-16,Tehama,103,63373,8893,8814,1571,10385,136
2021-12-16,Trinity,105,12862,909,823,222,1045,17
2021-12-16,Tulare,107,460477,71878,70922,16858,87780,1120
2021-12-16,Tuolumne,109,53932,7887,7834,109,7943,91
2021-12-16,Ventura,111,848112,102787,101612,4592,106204,1201
2021-12-16,Yolo,113,214977,20984,20793,1339,22132,267
2021-12-16,Yuba,115,75493,10698,10599,419,11018,96
2021-12-15,Alameda,001,1643700,125710,124342,3180,127522,1509
2021-12-15,Alpine,003,1148,112,109,0,109,0
2021-12-15,Amador,005,37829,5839,5810,75,5885,69
2021-12-15,Butte,007,227075,22132,21922,3999,25921,327
2021-12-15,Calaveras,009,45235,4562,4523,67,4590,89
2021-12-15,Colusa,011,21464,2653,2632,697,3329,21
2021-12-15,Contra Costa,013,1133247,104038,103236,2475,105711,1064
2021-12-15,Del Norte,015,27424,3818,3789,57,3846,43
2021-12-15,El Dorado,017,186661,17167,16936,1825,18761,171
2021-12-15,Fresno,019,978130,148210,146859,12813,159672,2319
2021-12-15,Glenn,021,27897,3618,3589,1033,4622,39
2021-12-15,Humboldt,023,135768,9992,9854,757,10611,118
2021-12-15,Imperial,025,180216,36661,36187,4039,40226,789
2021-12-15,Inyo,027,18085,2622,2606,56,2662,47
2021-12-15,Kern,029,883053,134709,133590,24691,158281,1866
2021-12-15,Kings,031,150075,34066,33716,2100,35816,374
2021-12-15,Lake,033,64148,7021,6968,170,7138,115
2021-12-15,Lassen,035,31185,7085,7062,443,7505,55
2021-12-15,Los Angeles,037,10098052,1496028,1482735,58270,1541005,27116
2021-12-15,Madera,039,155013,24750,24549,2360,26909,313
2021-12-15,Marin,041,260295,18737,18514,576,19090,249
2021-12-15,Mariposa,043,17540,1476,1463,62,1525,6
2021-12-15,Mendocino,045,87422,8295,8209,676,8885,95
2021-12-15,Merced,047,269075,44092,43890,2092,45982,685
2021-12-15,Modoc,049,8938,597,595,205,800,6
2021-12-15,Mono,051,14174,1967,1955,21,1976,4
2021-12-15,Monterey,053,433212,50666,49279,4522,53801,635
2021-12-15,Napa,055,140530,13677,13557,137,13694,107
2021-12-15,Nevada,057,99092,10113,9958,366,10324,107
2021-12-15,Orange,059,3164182,320678,317808,16658,334466,5838
2021-12-15,Placer,061,380077,39705,39264,4023,43287,485
2021-12-15,Plumas,063,18699,1992,1957,58,2015,12
2021-12-15,Riverside,065,2383286,381957,378769,17045,395814,5438
2021-12-15,Sacramento,067,1510023,168315,166793,5300,172093,2401
2021-12-15,San Benito,069,59416,7931,7877,191,8068,79
2021-12-15,San Bernardino,071,2135413,374488,371122,12070,383192,6013
2021-12-15,San Diego,073,3302833,400222,396546,23058,419604,4395
2021-12-15,San Francisco,075,870044,56861,55414,2890,58304,679
2021-12-15,San Joaquin,077,732212,104406,103579,5812,109391,1853
2021-12-15,San Luis Obispo,079,281455,31108,30784,1374,32158,365
2021-12-15,San Mateo,081,765935,57252,55657,2010,57667,580
2021-12-15,Santa Barbara,083,443738,47517,46681,1759,48440,562
2021-12-15,Santa Clara,085,1922200,155801,153928,1822,155750,1944
2021-12-15,Santa Cruz,087,273765,22072,21753,1090,22843,225
2021-12-15,Shasta,089,179085,22971,22778,3800,26578,427
2021-12-15,Sierra,091,2930,204,199,22,221,0
2021-12-15,Siskiyou,093,43540,3497,3434,1404,4838,58
2021-12-15,Solano,095,438530,47878,47098,1351,48449,367
2021-12-15,Sonoma,097,501317,44067,43580,597,44177,407
2021-12-15,Stanislaus,099,539301,83370,82628,9484,92112,1298
2021-12-15,Sutter,101,95872,14487,14428,416,14844,189
2021-12-15,Tehama,103,63373,8886,8806,1570,10376,136
2021-12-15,Trinity,105,12862,908,822,222,1044,17
2021-12-15,Tulare,107,460477,71826,70846,16826,87672,1120
2021-12-15,Tuolumne,109,53932,7878,7818,108,7926,91
2021-12-15,Ventura,111,848112,102572,101447,4586,106033,1199
2021-12-15,Yolo,113,214977,20956,20749,1334,22083,267
2021-12-15,Yuba,115,75493,10687,10587,418,11005,96
2021-12-14,Alameda,001,1643700,125407,124272,3168,127440,1506
2021-12-14,Alpine,003,1148,111,109,0,109,0
2021-12-14,Amador,005,37829,5833,5808,74,5882,69
2021-12-14,Butte,007,227075,22100,21901,3997,25898,326
2021-12-14,Calaveras,009,45235,4550,4517,67,4584,89
2021-12-14,Colusa,011,21464,2651,2628,697,3325,21
2021-12-14,Contra Costa,013,1133247,103860,103135,2471,105606,1064
2021-12-14,Del Norte,015,27424,3815,3788,57,3845,43
2021-12-14,El Dorado,017,186661,17134,16915,1823,18738,170
2021-12-14,Fresno,019,978130,148042,146756,12810,159566,2316
2021-12-14,Glenn,021,27897,3617,3589,1033,4622,39
2021-12-14,Humboldt,023,135768,9979,9836,748,10584,118
2021-12-14,Imperial,025,180216,36596,36049,3997,40046,789
2021-12-14,Inyo,027,18085,2622,2601,56,2657,46
2021-12-14,Kern,029,883053,134573,133498,24644,158142,1863
2021-12-14,Kings,031,150075,34029,33693,2097,35790,373
2021-12-14,Lake,033,64148,7011,6961,170,7131,115
2021-12-14,Lassen,035,31185,7084,7061,443,7504,55
2021-12-14,Los Angeles,037,10098052,1492425,1481131,58091,1539222,27099
2021-12-14,Madera,039,155013,24724,24535,2352,26887,313
2021-12-14,Marin,041,260295,18689,18491,574,19065,249
2021-12-14,Mariposa,043,17540,1473,1463,61,1524,6
2021-12-14,Mendocino,045,87422,8268,8206,674,8880,95
2021-12-14,Merced,047,269075,44045,43870,2090,45960,684
2021-12-14,Modoc,049,8938,596,595,205,800,6
2021-12-14,Mono,051,14174,1962,1955,21,1976,4
2021-12-14,Monterey,053,433212,50583,49237,4499,53736,635
2021-12-14,Napa,055,140530,13649,13528,137,13665,107
2021-12-14,Nevada,057,99092,10087,9956,365,10321,106
2021-12-14,Orange,059,3164182,320132,317465,16608,334073,5827
2021-12-14,Placer,061,380077,39628,39221,4018,43239,482
2021-12-14,Plumas,063,18699,1988,1950,56,2006,12
2021-12-14,Riverside,065,2383286,381289,378227,17026,395253,5427
2021-12-14,Sacramento,067,1510023,168005,166605,5276,171881,2394
2021-12-14,San Benito,069,59416,7913,7871,191,8062,79
2021-12-14,San Bernardino,071,2135413,373876,370604,12040,382644,6013
2021-12-14,San Diego,073,3302833,399085,395876,23008,418884,4393
2021-12-14,San Francisco,075,870044,56554,55278,2867,58145,679
2021-12-14,San Joaquin,077,732212,104266,103488,5793,109281,1848
2021-12-14,San Luis Obispo,079,281455,31049,30753,1370,32123,363
2021-12-14,San Mateo,081,765935,57089,55601,1987,57588,580
2021-12-14,Santa Barbara,083,443738,47419,46648,1754,48402,560
2021-12-14,Santa Clara,085,1922200,155488,153814,1809,155623,1945
2021-12-14,Santa Cruz,087,273765,22007,21737,1086,22823,225
2021-12-14,Shasta,089,179085,22944,22756,3799,26555,427
2021-12-14,Sierra,091,2930,202,199,22,221,0
2021-12-14,Siskiyou,093,43540,3492,3430,1403,4833,58
2021-12-14,Solano,095,438530,47831,47065,1345,48410,367
2021-12-14,Sonoma,097,501317,43985,43538,596,44134,407
2021-12-14,Stanislaus,099,539301,83283,82581,9470,92051,1293
2021-12-14,Sutter,101,95872,14475,14421,415,14836,189
2021-12-14,Tehama,103,63373,8882,8805,1570,10375,134
2021-12-14,Trinity,105,12862,908,821,222,1043,17
2021-12-14,Tulare,107,460477,71754,70803,16795,87598,1120
2021-12-14,Tuolumne,109,53932,7865,7815,108,7923,91
2021-12-14,Ventura,111,848112,102350,101343,4579,105922,1199
2021-12-14,Yolo,113,214977,20923,20734,1320,22054,267
2021-12-14,Yuba,115,75493,10670,10574,418,10992,92
2021-12-13,Alameda,001,1643700,125133,124174,3150,127324,1501
2021-12-13,Alpine,003,1148,111,109,0,109,0
2021-12-13,Amador,005,37829,5829,5797,74,5871,69
2021-12-13,Butte,007,227075,22078,21889,3993,25882,326
2021-12-13,Calaveras,009,45235,4543,4507,66,4573,89
2021-12-13,Colusa,011,21464,2649,2627,697,3324,21
2021-12-13,Contra Costa,013,1133247,103714,103041,2459,105500,1064
2021-12-13,Del Norte,015,27424,3811,3787,57,3844,42
2021-12-13,El Dorado,017,186661,17111,16896,1821,18717,170
2021-12-13,Fresno,019,978130,147896,146641,12801,159442,2312
2021-12-13,Glenn,021,27897,3612,3589,1031,4620,37
2021-12-13,Humboldt,023,135768,9950,9821,744,10565,118
2021-12-13,Imperial,025,180216,36517,35974,3978,39952,787
2021-12-13,Inyo,027,18085,2621,2592,56,2648,46
2021-12-13,Kern,029,883053,134446,133381,24592,157973,1863
2021-12-13,Kings,031,150075,33986,33680,2092,35772,372
2021-12-13,Lake,033,64148,7009,6958,168,7126,115
2021-12-13,Lassen,035,31185,7083,7057,443,7500,55
2021-12-13,Los Angeles,037,10098052,1489682,1480195,57927,1538122,27085
2021-12-13,Madera,039,155013,24696,24527,2347,26874,311
2021-12-13,Marin,041,260295,18629,18471,571,19042,249
2021-12-13,Mariposa,043,17540,1470,1462,61,1523,6
2021-12-13,Mendocino,045,87422,8255,8196,672,8868,95
2021-12-13,Merced,047,269075,44006,43848,2086,45934,682
2021-12-13,Modoc,049,8938,595,595,205,800,6
2021-12-13,Mono,051,14174,1960,1952,21,1973,4
2021-12-13,Monterey,053,433212,50531,49222,4473,53695,631
2021-12-13,Napa,055,140530,13636,13518,137,13655,107
2021-12-13,Nevada,057,99092,10068,9946,364,10310,106
2021-12-13,Orange,059,3164182,319671,317112,16556,333668,5824
2021-12-13,Placer,061,380077,39567,39168,4007,43175,481
2021-12-13,Plumas,063,18699,1984,1943,56,1999,12
2021-12-13,Riverside,065,2383286,380709,377728,17010,394738,5414
2021-12-13,Sacramento,067,1510023,167728,166439,5242,171681,2392
2021-12-13,San Benito,069,59416,7904,7856,191,8047,79
2021-12-13,San Bernardino,071,2135413,373311,370274,12033,382307,6011
2021-12-13,San Diego,073,3302833,398278,395266,22956,418222,4389
2021-12-13,San Francisco,075,870044,56283,55245,2850,58095,678
2021-12-13,San Joaquin,077,732212,104151,103449,5784,109233,1846
2021-12-13,San Luis Obispo,079,281455,31002,30746,1367,32113,363
2021-12-13,San Mateo,081,765935,56936,55569,1969,57538,580
2021-12-13,Santa Barbara,083,443738,47334,46608,1749,48357,560
2021-12-13,Santa Clara,085,1922200,155219,153672,1798,155470,1944
2021-12-13,Santa Cruz,087,273765,21953,21698,1083,22781,225
2021-12-13,Shasta,089,179085,22924,22731,3797,26528,426
2021-12-13,Sierra,091,2930,202,199,22,221,0
2021-12-13,Siskiyou,093,43540,3488,3426,1399,4825,57
2021-12-13,Solano,095,438530,47755,47045,1340,48385,365
2021-12-13,Sonoma,097,501317,43889,43492,594,44086,407
2021-12-13,Stanislaus,099,539301,83168,82507,9450,91957,1282
2021-12-13,Sutter,101,95872,14468,14408,415,14823,188
2021-12-13,Tehama,103,63373,8870,8800,1570,10370,134
2021-12-13,Trinity,105,12862,908,820,222,1042,17
2021-12-13,Tulare,107,460477,71699,70758,16771,87529,1114
2021-12-13,Tuolumne,109,53932,7855,7804,108,7912,91
2021-12-13,Ventura,111,848112,102126,101180,4568,105748,1197
2021-12-13,Yolo,113,214977,20878,20706,1314,22020,267
2021-12-13,Yuba,115,75493,10653,10570,418,10988,92
2021-12-12,Alameda,001,1643700,124850,124075,3137,127212,1503
2021-12-12,Alpine,003,1148,111,109,0,109,0
2021-12-12,Amador,005,37829,5822,5797,73,5870,69
2021-12-12,Butte,007,227075,22053,21874,3989,25863,326
2021-12-12,Calaveras,009,45235,4533,4501,66,4567,89
2021-12-12,Colusa,011,21464,2644,2627,694,3321,21
2021-12-12,Contra Costa,013,1133247,103528,102976,2457,105433,1065
2021-12-12,Del Norte,015,27424,3808,3793,57,3850,42
2021-12-12,El Dorado,017,186661,17075,16890,1813,18703,170
2021-12-12,Fresno,019,978130,147733,146518,12786,159304,2310
2021-12-12,Glenn,021,27897,3609,3589,1030,4619,37
2021-12-12,Humboldt,023,135768,9926,9804,737,10541,118
2021-12-12,Imperial,025,180216,36378,35926,3946,39872,787
2021-12-12,Inyo,027,18085,2616,2592,56,2648,46
2021-12-12,Kern,029,883053,134281,133314,24552,157866,1861
2021-12-12,Kings,031,150075,33933,33661,2090,35751,372
2021-12-12,Lake,033,64148,7002,6955,166,7121,115
2021-12-12,Lassen,035,31185,7082,7057,443,7500,55
2021-12-12,Los Angeles,037,10098052,1486862,1479054,57744,1536798,27074
2021-12-12,Madera,039,155013,24666,24493,2339,26832,311
2021-12-12,Marin,041,260295,18576,18451,566,19017,249
2021-12-12,Mariposa,043,17540,1469,1461,61,1522,6
2021-12-12,Mendocino,045,87422,8242,8190,671,8861,95
2021-12-12,Merced,047,269075,43974,43821,2079,45900,682
2021-12-12,Modoc,049,8938,595,595,204,799,6
2021-12-12,Mono,051,14174,1959,1947,21,1968,4
2021-12-12,Monterey,053,433212,50478,49192,4440,53632,631
2021-12-12,Napa,055,140530,13593,13508,135,13643,107
2021-12-12,Nevada,057,99092,10042,9938,363,10301,106
2021-12-12,Orange,059,3164182,319171,316918,16496,333414,5825
2021-12-12,Placer,061,380077,39503,39139,4001,43140,481
2021-12-12,Plumas,063,18699,1980,1942,54,1996,12
2021-12-12,Riverside,065,2383286,380036,377467,16984,394451,5414
2021-12-12,Sacramento,067,1510023,167457,166291,5220,171511,2392
2021-12-12,San Benito,069,59416,7884,7853,191,8044,79
2021-12-12,San Bernardino,071,2135413,372685,369977,12007,381984,6011
2021-12-12,San Diego,073,3302833,397379,393307,22918,416225,4378
2021-12-12,San Francisco,075,870044,56030,55180,2833,58013,678
2021-12-12,San Joaquin,077,732212,104014,103405,5774,109179,1846
2021-12-12,San Luis Obispo,079,281455,30949,30719,1365,32084,363
2021-12-12,San Mateo,081,765935,56823,55505,1955,57460,580
2021-12-12,Santa Barbara,083,443738,47260,46586,1747,48333,560
2021-12-12,Santa Clara,085,1922200,154937,153452,1781,155233,1945
2021-12-12,Santa Cruz,087,273765,21905,21671,1081,22752,225
2021-12-12,Shasta,089,179085,22896,22732,3796,26528,426
2021-12-12,Sierra,091,2930,202,199,22,221,0
2021-12-12,Siskiyou,093,43540,3488,3424,1399,4823,57
2021-12-12,Solano,095,438530,47689,47021,1335,48356,365
2021-12-12,Sonoma,097,501317,43797,43424,591,44015,407
2021-12-12,Stanislaus,099,539301,83068,82460,9440,91900,1282
2021-12-12,Sutter,101,95872,14457,14396,415,14811,189
2021-12-12,Tehama,103,63373,8859,8796,1568,10364,134
2021-12-12,Trinity,105,12862,906,820,222,1042,17
2021-12-12,Tulare,107,460477,71622,70733,16729,87462,1115
2021-12-12,Tuolumne,109,53932,7838,7794,108,7902,91
2021-12-12,Ventura,111,848112,101931,101105,4555,105660,1197
2021-12-12,Yolo,113,214977,20829,20685,1303,21988,267
2021-12-12,Yuba,115,75493,10639,10565,415,10980,92
2021-12-11,Alameda,001,1643700,124727,123572,3134,126706,1496
2021-12-11,Alpine,003,1148,111,109,0,109,0
2021-12-11,Amador,005,37829,5817,5787,73,5860,69
2021-12-11,Butte,007,227075,22039,21819,3988,25807,326
2021-12-11,Calaveras,009,45235,4525,4469,65,4534,89
2021-12-11,Colusa,011,21464,2640,2619,693,3312,21
2021-12-11,Contra Costa,013,1133247,103444,102618,2455,105073,1061
2021-12-11,Del Norte,015,27424,3808,3778,57,3835,42
2021-12-11,El Dorado,017,186661,17054,16796,1812,18608,170
2021-12-11,Fresno,019,978130,147647,145988,12780,158768,2294
2021-12-11,Glenn,021,27897,3608,3585,1029,4614,37
2021-12-11,Humboldt,023,135768,9909,9721,734,10455,118
2021-12-11,Imperial,025,180216,36318,35635,3935,39570,782
2021-12-11,Inyo,027,18085,2611,2576,56,2632,46
2021-12-11,Kern,029,883053,134212,132852,24517,157369,1854
2021-12-11,Kings,031,150075,33919,33530,2088,35618,371
2021-12-11,Lake,033,64148,7001,6932,164,7096,114
2021-12-11,Lassen,035,31185,7081,7049,443,7492,55
2021-12-11,Los Angeles,037,10098052,1485675,1474030,57652,1531682,27031
2021-12-11,Madera,039,155013,24660,24417,2338,26755,311
2021-12-11,Marin,041,260295,18542,18339,563,18902,249
2021-12-11,Mariposa,043,17540,1468,1450,61,1511,6
2021-12-11,Mendocino,045,87422,8235,8130,671,8801,95
2021-12-11,Merced,047,269075,43955,43690,2078,45768,681
2021-12-11,Modoc,049,8938,595,594,204,798,6
2021-12-11,Mono,051,14174,1957,1926,21,1947,4
2021-12-11,Monterey,053,433212,50450,49008,4430,53438,631
2021-12-11,Napa,055,140530,13576,13459,135,13594,107
2021-12-11,Nevada,057,99092,10028,9880,363,10243,106
2021-12-11,Orange,059,3164182,318917,315759,16471,332230,5805
2021-12-11,Placer,061,380077,39445,38959,3994,42953,481
2021-12-11,Plumas,063,18699,1974,1934,54,1988,12
2021-12-11,Riverside,065,2383286,379620,375649,16969,392618,5408
2021-12-11,Sacramento,067,1510023,167332,165530,5210,170740,2386
2021-12-11,San Benito,069,59416,7870,7808,191,7999,79
2021-12-11,San Bernardino,071,2135413,372326,368145,11998,380143,6007
2021-12-11,San Diego,073,3302833,396958,392274,22878,415152,4374
2021-12-11,San Francisco,075,870044,55877,54869,2826,57695,678
2021-12-11,San Joaquin,077,732212,103954,103013,5770,108783,1842
2021-12-11,San Luis Obispo,079,281455,30926,30567,1361,31928,362
2021-12-11,San Mateo,081,765935,56748,55284,1952,57236,580
2021-12-11,Santa Barbara,083,443738,47226,46309,1747,48056,559
2021-12-11,Santa Clara,085,1922200,154740,152846,1769,154615,1941
2021-12-11,Santa Cruz,087,273765,21881,21557,1081,22638,225
2021-12-11,Shasta,089,179085,22881,22660,3792,26452,419
2021-12-11,Sierra,091,2930,202,199,22,221,0
2021-12-11,Siskiyou,093,43540,3482,3418,1396,4814,57
2021-12-11,Solano,095,438530,47660,46891,1330,48221,365
2021-12-11,Sonoma,097,501317,43749,43227,591,43818,407
2021-12-11,Stanislaus,099,539301,83018,82133,9432,91565,1264
2021-12-11,Sutter,101,95872,14448,14354,415,14769,187
2021-12-11,Tehama,103,63373,8856,8776,1566,10342,134
2021-12-11,Trinity,105,12862,906,819,222,1041,17
2021-12-11,Tulare,107,460477,71581,70523,16719,87242,1103
2021-12-11,Tuolumne,109,53932,7829,7760,108,7868,91
2021-12-11,Ventura,111,848112,101855,100711,4548,105259,1195
2021-12-11,Yolo,113,214977,20809,20608,1299,21907,267
2021-12-11,Yuba,115,75493,10627,10519,414,10933,92
2021-12-10,Alameda,001,1643700,124606,123572,3127,126699,1496
2021-12-10,Alpine,003,1148,110,109,0,109,0
2021-12-10,Amador,005,37829,5810,5787,73,5860,69
2021-12-10,Butte,007,227075,22026,21819,3986,25805,326
2021-12-10,Calaveras,009,45235,4522,4469,65,4534,89
2021-12-10,Colusa,011,21464,2639,2619,693,3312,21
2021-12-10,Contra Costa,013,1133247,103348,102618,2454,105072,1061
2021-12-10,Del Norte,015,27424,3808,3778,57,3835,42
2021-12-10,El Dorado,017,186661,17041,16796,1812,18608,170
2021-12-10,Fresno,019,978130,147557,145988,12774,158762,2294
2021-12-10,Glenn,021,27897,3608,3585,1029,4614,37
2021-12-10,Humboldt,023,135768,9892,9721,732,10453,118
2021-12-10,Imperial,025,180216,36261,35635,3919,39554,782
2021-12-10,Inyo,027,18085,2608,2576,56,2632,46
2021-12-10,Kern,029,883053,134124,132852,24493,157345,1854
2021-12-10,Kings,031,150075,33906,33530,2086,35616,371
2021-12-10,Lake,033,64148,6994,6932,164,7096,114
2021-12-10,Lassen,035,31185,7080,7049,443,7492,55
2021-12-10,Los Angeles,037,10098052,1484605,1474030,57567,1531597,27031
2021-12-10,Madera,039,155013,24642,24417,2336,26753,311
2021-12-10,Marin,041,260295,18520,18339,563,18902,249
2021-12-10,Mariposa,043,17540,1465,1450,61,1511,6
2021-12-10,Mendocino,045,87422,8228,8130,670,8800,95
2021-12-10,Merced,047,269075,43938,43690,2076,45766,681
2021-12-10,Modoc,049,8938,595,594,204,798,6
2021-12-10,Mono,051,14174,1954,1926,21,1947,4
2021-12-10,Monterey,053,433212,50413,49008,4419,53427,631
2021-12-10,Napa,055,140530,13564,13459,134,13593,107
2021-12-10,Nevada,057,99092,10019,9880,363,10243,106
2021-12-10,Orange,059,3164182,318643,315759,16439,332198,5805
2021-12-10,Placer,061,380077,39402,38959,3991,42950,481
2021-12-10,Plumas,063,18699,1972,1934,54,1988,12
2021-12-10,Riverside,065,2383286,379213,375649,16958,392607,5408
2021-12-10,Sacramento,067,1510023,167178,165530,5208,170738,2386
2021-12-10,San Benito,069,59416,7866,7808,191,7999,79
2021-12-10,San Bernardino,071,2135413,371952,368145,11975,380120,6007
2021-12-10,San Diego,073,3302833,396478,392274,22864,415138,4374
2021-12-10,San Francisco,075,870044,55793,54869,2820,57689,678
2021-12-10,San Joaquin,077,732212,103900,103013,5766,108779,1842
2021-12-10,San Luis Obispo,079,281455,30916,30567,1358,31925,362
2021-12-10,San Mateo,081,765935,56691,55284,1942,57226,580
2021-12-10,Santa Barbara,083,443738,47190,46309,1746,48055,559
2021-12-10,Santa Clara,085,1922200,154568,152846,1756,154602,1941
2021-12-10,Santa Cruz,087,273765,21862,21557,1080,22637,225
2021-12-10,Shasta,089,179085,22871,22660,3789,26449,419
2021-12-10,Sierra,091,2930,202,199,22,221,0
2021-12-10,Siskiyou,093,43540,3475,3418,1396,4814,57
2021-12-10,Solano,095,438530,47617,46891,1326,48217,365
2021-12-10,Sonoma,097,501317,43715,43227,590,43817,407
2021-12-10,Stanislaus,099,539301,82953,82133,9426,91559,1264
2021-12-10,Sutter,101,95872,14439,14354,415,14769,187
2021-12-10,Tehama,103,63373,8854,8776,1564,10340,134
2021-12-10,Trinity,105,12862,906,819,222,1041,17
2021-12-10,Tulare,107,460477,71551,70523,16692,87215,1103
2021-12-10,Tuolumne,109,53932,7824,7760,108,7868,91
2021-12-10,Ventura,111,848112,101751,100711,4545,105256,1195
2021-12-10,Yolo,113,214977,20794,20608,1297,21905,267
2021-12-10,Yuba,115,75493,10615,10519,413,10932,92
2021-12-09,Alameda,001,1643700,124468,123572,3122,126694,1496
2021-12-09,Alpine,003,1148,110,109,0,109,0
2021-12-09,Amador,005,37829,5807,5787,72,5859,69
2021-12-09,Butte,007,227075,22005,21819,3983,25802,326
2021-12-09,Calaveras,009,45235,4513,4469,65,4534,89
2021-12-09,Colusa,011,21464,2637,2619,693,3312,21
2021-12-09,Contra Costa,013,1133247,103229,102618,2448,105066,1061
2021-12-09,Del Norte,015,27424,3807,3778,57,3835,42
2021-12-09,El Dorado,017,186661,17014,16796,1807,18603,170
2021-12-09,Fresno,019,978130,147411,145988,12764,158752,2294
2021-12-09,Glenn,021,27897,3608,3585,1029,4614,37
2021-12-09,Humboldt,023,135768,9870,9721,731,10452,118
2021-12-09,Imperial,025,180216,36189,35635,3891,39526,782
2021-12-09,Inyo,027,18085,2606,2576,56,2632,46
2021-12-09,Kern,029,883053,133999,132852,24460,157312,1854
2021-12-09,Kings,031,150075,33880,33530,2083,35613,371
2021-12-09,Lake,033,64148,6986,6932,163,7095,114
2021-12-09,Lassen,035,31185,7078,7049,443,7492,55
2021-12-09,Los Angeles,037,10098052,1483078,1474030,57481,1531511,27031
2021-12-09,Madera,039,155013,24617,24417,2333,26750,311
2021-12-09,Marin,041,260295,18507,18339,561,18900,249
2021-12-09,Mariposa,043,17540,1464,1450,61,1511,6
2021-12-09,Mendocino,045,87422,8214,8130,670,8800,95
2021-12-09,Merced,047,269075,43899,43690,2065,45755,681
2021-12-09,Modoc,049,8938,595,594,204,798,6
2021-12-09,Mono,051,14174,1944,1926,21,1947,4
2021-12-09,Monterey,053,433212,50367,49008,4401,53409,631
2021-12-09,Napa,055,140530,13544,13459,130,13589,107
2021-12-09,Nevada,057,99092,10000,9880,363,10243,106
2021-12-09,Orange,059,3164182,318314,315759,16401,332160,5805
2021-12-09,Placer,061,380077,39359,38959,3978,42937,481
2021-12-09,Plumas,063,18699,1964,1934,54,1988,12
2021-12-09,Riverside,065,2383286,378664,375649,16943,392592,5408
2021-12-09,Sacramento,067,1510023,166960,165530,5192,170722,2386
2021-12-09,San Benito,069,59416,7854,7808,190,7998,79
2021-12-09,San Bernardino,071,2135413,371468,368145,11954,380099,6007
2021-12-09,San Diego,073,3302833,395832,392274,22834,415108,4374
2021-12-09,San Francisco,075,870044,55708,54869,2813,57682,678
2021-12-09,San Joaquin,077,732212,103808,103013,5760,108773,1842
2021-12-09,San Luis Obispo,079,281455,30888,30567,1356,31923,362
2021-12-09,San Mateo,081,765935,56601,55284,1935,57219,580
2021-12-09,Santa Barbara,083,443738,47112,46309,1739,48048,559
2021-12-09,Santa Clara,085,1922200,154354,152846,1745,154591,1941
2021-12-09,Santa Cruz,087,273765,21836,21557,1078,22635,225
2021-12-09,Shasta,089,179085,22855,22660,3788,26448,419
2021-12-09,Sierra,091,2930,202,199,22,221,0
2021-12-09,Siskiyou,093,43540,3471,3418,1395,4813,57
2021-12-09,Solano,095,438530,47581,46891,1324,48215,365
2021-12-09,Sonoma,097,501317,43658,43227,589,43816,407
2021-12-09,Stanislaus,099,539301,82881,82133,9413,91546,1264
2021-12-09,Sutter,101,95872,14424,14354,415,14769,187
2021-12-09,Tehama,103,63373,8847,8776,1563,10339,134
2021-12-09,Trinity,105,12862,906,819,222,1041,17
2021-12-09,Tulare,107,460477,71494,70523,16663,87186,1103
2021-12-09,Tuolumne,109,53932,7814,7760,108,7868,91
2021-12-09,Ventura,111,848112,101605,100711,4533,105244,1195
2021-12-09,Yolo,113,214977,20771,20608,1289,21897,267
2021-12-09,Yuba,115,75493,10607,10519,409,10928,92
2021-12-08,Alameda,001,1643700,124327,123438,3112,126550,1496
2021-12-08,Alpine,003,1148,110,108,0,108,0
2021-12-08,Amador,005,37829,5802,5781,72,5853,69
2021-12-08,Butte,007,227075,21989,21780,3980,25760,326
2021-12-08,Calaveras,009,45235,4504,4455,65,4520,89
2021-12-08,Colusa,011,21464,2634,2619,692,3311,21
2021-12-08,Contra Costa,013,1133247,103099,102506,2444,104950,1058
2021-12-08,Del Norte,015,27424,3806,3767,57,3824,42
2021-12-08,El Dorado,017,186661,16982,16757,1807,18564,170
2021-12-08,Fresno,019,978130,147255,145830,12753,158583,2293
2021-12-08,Glenn,021,27897,3607,3584,1027,4611,37
2021-12-08,Humboldt,023,135768,9848,9704,729,10433,117
2021-12-08,Imperial,025,180216,36116,35537,3859,39396,782
2021-12-08,Inyo,027,18085,2603,2570,56,2626,46
2021-12-08,Kern,029,883053,133876,132709,24416,157125,1846
2021-12-08,Kings,031,150075,33845,33468,2082,35550,371
2021-12-08,Lake,033,64148,6981,6927,162,7089,114
2021-12-08,Lassen,035,31185,7076,7041,441,7482,55
2021-12-08,Los Angeles,037,10098052,1481561,1472410,57371,1529781,27018
2021-12-08,Madera,039,155013,24596,24396,2326,26722,311
2021-12-08,Marin,041,260295,18485,18305,558,18863,249
2021-12-08,Mariposa,043,17540,1462,1447,61,1508,6
2021-12-08,Mendocino,045,87422,8202,8118,669,8787,95
2021-12-08,Merced,047,269075,43868,43631,2057,45688,680
2021-12-08,Modoc,049,8938,595,594,204,798,6
2021-12-08,Mono,051,14174,1942,1924,21,1945,4
2021-12-08,Monterey,053,433212,50302,48957,4376,53333,631
2021-12-08,Napa,055,140530,13530,13421,130,13551,107
2021-12-08,Nevada,057,99092,9984,9862,363,10225,106
2021-12-08,Orange,059,3164182,317971,315421,16364,331785,5795
2021-12-08,Placer,061,380077,39306,38934,3973,42907,478
2021-12-08,Plumas,063,18699,1962,1924,54,1978,12
2021-12-08,Riverside,065,2383286,378157,375099,16919,392018,5404
2021-12-08,Sacramento,067,1510023,166709,165278,5164,170442,2373
2021-12-08,San Benito,069,59416,7845,7793,190,7983,79
2021-12-08,San Bernardino,071,2135413,371006,367516,11930,379446,6006
2021-12-08,San Diego,073,3302833,395186,391676,22802,414478,4369
2021-12-08,San Francisco,075,870044,55621,54792,2805,57597,677
2021-12-08,San Joaquin,077,732212,103707,102877,5750,108627,1841
2021-12-08,San Luis Obispo,079,281455,30840,30519,1351,31870,361
2021-12-08,San Mateo,081,765935,56529,55220,1924,57144,580
2021-12-08,Santa Barbara,083,443738,47057,46250,1736,47986,558
2021-12-08,Santa Clara,085,1922200,154191,152674,1733,154407,1937
2021-12-08,Santa Cruz,087,273765,21789,21505,1076,22581,224
2021-12-08,Shasta,089,179085,22834,22616,3782,26398,419
2021-12-08,Sierra,091,2930,202,199,22,221,0
2021-12-08,Siskiyou,093,43540,3470,3415,1393,4808,57
2021-12-08,Solano,095,438530,47551,46837,1323,48160,365
2021-12-08,Sonoma,097,501317,43595,43179,588,43767,405
2021-12-08,Stanislaus,099,539301,82798,82038,9403,91441,1264
2021-12-08,Sutter,101,95872,14408,14336,413,14749,187
2021-12-08,Tehama,103,63373,8838,8768,1563,10331,133
2021-12-08,Trinity,105,12862,906,818,222,1040,17
2021-12-08,Tulare,107,460477,71431,70472,16638,87110,1102
2021-12-08,Tuolumne,109,53932,7801,7749,108,7857,91
2021-12-08,Ventura,111,848112,101476,100647,4530,105177,1194
2021-12-08,Yolo,113,214977,20743,20575,1282,21857,267
2021-12-08,Yuba,115,75493,10593,10499,406,10905,92
2021-12-07,Alameda,001,1643700,124166,123325,3103,126428,1497
2021-12-07,Alpine,003,1148,110,108,0,108,0
2021-12-07,Amador,005,37829,5799,5778,71,5849,69
2021-12-07,Butte,007,227075,21965,21761,3975,25736,324
2021-12-07,Calaveras,009,45235,4488,4445,65,4510,88
2021-12-07,Colusa,011,21464,2633,2619,691,3310,21
2021-12-07,Contra Costa,013,1133247,102977,102421,2435,104856,1058
2021-12-07,Del Norte,015,27424,3805,3766,57,3823,42
2021-12-07,El Dorado,017,186661,16959,16742,1804,18546,170
2021-12-07,Fresno,019,978130,147108,145715,12734,158449,2289
2021-12-07,Glenn,021,27897,3606,3579,1026,4605,36
2021-12-07,Humboldt,023,135768,9824,9693,724,10417,117
2021-12-07,Imperial,025,180216,36036,35502,3838,39340,778
2021-12-07,Inyo,027,18085,2599,2567,56,2623,46
2021-12-07,Kern,029,883053,133720,132564,24362,156926,1838
2021-12-07,Kings,031,150075,33813,33441,2079,35520,372
2021-12-07,Lake,033,64148,6976,6925,162,7087,113
2021-12-07,Lassen,035,31185,7075,7040,440,7480,55
2021-12-07,Los Angeles,037,10098052,1479780,1470904,57269,1528173,27007
2021-12-07,Madera,039,155013,24574,24367,2319,26686,311
2021-12-07,Marin,041,260295,18451,18284,552,18836,249
2021-12-07,Mariposa,043,17540,1460,1446,61,1507,6
2021-12-07,Mendocino,045,87422,8184,8107,669,8776,95
2021-12-07,Merced,047,269075,43826,43600,2051,45651,675
2021-12-07,Modoc,049,8938,595,594,203,797,6
2021-12-07,Mono,051,14174,1937,1921,21,1942,4
2021-12-07,Monterey,053,433212,50220,48880,4345,53225,631
2021-12-07,Napa,055,140530,13512,13409,130,13539,107
2021-12-07,Nevada,057,99092,9970,9858,362,10220,105
2021-12-07,Orange,059,3164182,317640,315138,16315,331453,5784
2021-12-07,Placer,061,380077,39231,38860,3969,42829,474
2021-12-07,Plumas,063,18699,1958,1915,54,1969,12
2021-12-07,Riverside,065,2383286,377631,374552,16903,391455,5397
2021-12-07,Sacramento,067,1510023,166464,165148,5150,170298,2375
2021-12-07,San Benito,069,59416,7829,7776,190,7966,78
2021-12-07,San Bernardino,071,2135413,370454,366981,11912,378893,6007
2021-12-07,San Diego,073,3302833,394333,391110,22763,413873,4357
2021-12-07,San Francisco,075,870044,55511,54729,2797,57526,676
2021-12-07,San Joaquin,077,732212,103589,102797,5738,108535,1839
2021-12-07,San Luis Obispo,079,281455,30801,30495,1349,31844,361
2021-12-07,San Mateo,081,765935,56441,55163,1913,57076,580
2021-12-07,Santa Barbara,083,443738,46986,46205,1734,47939,556
2021-12-07,Santa Clara,085,1922200,154004,152465,1724,154189,1941
2021-12-07,Santa Cruz,087,273765,21742,21493,1076,22569,224
2021-12-07,Shasta,089,179085,22813,22594,3779,26373,418
2021-12-07,Sierra,091,2930,202,199,22,221,0
2021-12-07,Siskiyou,093,43540,3467,3412,1393,4805,57
2021-12-07,Solano,095,438530,47511,46812,1323,48135,365
2021-12-07,Sonoma,097,501317,43521,43154,587,43741,405
2021-12-07,Stanislaus,099,539301,82720,81980,9390,91370,1258
2021-12-07,Sutter,101,95872,14400,14322,412,14734,186
2021-12-07,Tehama,103,63373,8830,8765,1562,10327,133
2021-12-07,Trinity,105,12862,906,818,222,1040,17
2021-12-07,Tulare,107,460477,71372,70411,16609,87020,1103
2021-12-07,Tuolumne,109,53932,7793,7743,108,7851,91
2021-12-07,Ventura,111,848112,101380,100569,4520,105089,1194
2021-12-07,Yolo,113,214977,20717,20560,1279,21839,263
2021-12-07,Yuba,115,75493,10576,10491,405,10896,91
2021-12-06,Alameda,001,1643700,124011,123227,3099,126326,1496
2021-12-06,Alpine,003,1148,110,108,0,108,0
2021-12-06,Amador,005,37829,5793,5769,70,5839,67
2021-12-06,Butte,007,227075,21948,21732,3972,25704,321
2021-12-06,Calaveras,009,45235,4481,4443,65,4508,88
2021-12-06,Colusa,011,21464,2632,2615,687,3302,21
2021-12-06,Contra Costa,013,1133247,102858,102327,2432,104759,1058
2021-12-06,Del Norte,015,27424,3803,3744,57,3801,42
2021-12-06,El Dorado,017,186661,16935,16726,1802,18528,168
2021-12-06,Fresno,019,978130,146914,145539,12724,158263,2285
2021-12-06,Glenn,021,27897,3604,3577,1024,4601,36
2021-12-06,Humboldt,023,135768,9804,9671,717,10388,117
2021-12-06,Imperial,025,180216,35958,35453,3820,39273,778
2021-12-06,Inyo,027,18085,2594,2562,55,2617,46
2021-12-06,Kern,029,883053,133534,132366,24305,156671,1835
2021-12-06,Kings,031,150075,33780,33399,2074,35473,368
2021-12-06,Lake,033,64148,6972,6922,162,7084,113
2021-12-06,Lassen,035,31185,7070,7032,438,7470,51
2021-12-06,Los Angeles,037,10098052,1478134,1470059,57176,1527235,26993
2021-12-06,Madera,039,155013,24547,24334,2315,26649,307
2021-12-06,Marin,041,260295,18423,18252,550,18802,249
2021-12-06,Mariposa,043,17540,1457,1443,61,1504,6
2021-12-06,Mendocino,045,87422,8170,8079,666,8745,95
2021-12-06,Merced,047,269075,43786,43549,2041,45590,672
2021-12-06,Modoc,049,8938,595,593,203,796,6
2021-12-06,Mono,051,14174,1929,1913,21,1934,4
2021-12-06,Monterey,053,433212,50143,48831,4315,53146,626
2021-12-06,Napa,055,140530,13489,13387,128,13515,107
2021-12-06,Nevada,057,99092,9944,9847,361,10208,105
2021-12-06,Orange,059,3164182,317263,314859,16274,331133,5771
2021-12-06,Placer,061,380077,39174,38785,3964,42749,473
2021-12-06,Plumas,063,18699,1950,1913,54,1967,10
2021-12-06,Riverside,065,2383286,377113,374116,16889,391005,5388
2021-12-06,Sacramento,067,1510023,166183,164926,5129,170055,2367
2021-12-06,San Benito,069,59416,7813,7755,190,7945,78
2021-12-06,San Bernardino,071,2135413,369907,366606,11885,378491,5998
2021-12-06,San Diego,073,3302833,393484,390389,22719,413108,4352
2021-12-06,San Francisco,075,870044,55403,54659,2790,57449,674
2021-12-06,San Joaquin,077,732212,103462,102728,5731,108459,1837
2021-12-06,San Luis Obispo,079,281455,30765,30464,1347,31811,361
2021-12-06,San Mateo,081,765935,56366,55112,1900,57012,580
2021-12-06,Santa Barbara,083,443738,46895,46146,1733,47879,556
2021-12-06,Santa Clara,085,1922200,153796,152310,1708,154018,1937
2021-12-06,Santa Cruz,087,273765,21707,21450,1072,22522,224
2021-12-06,Shasta,089,179085,22790,22556,3772,26328,416
2021-12-06,Sierra,091,2930,201,198,22,220,0
2021-12-06,Siskiyou,093,43540,3465,3409,1388,4797,57
2021-12-06,Solano,095,438530,47466,46748,1322,48070,360
2021-12-06,Sonoma,097,501317,43453,43114,579,43693,405
2021-12-06,Stanislaus,099,539301,82623,81889,9365,91254,1241
2021-12-06,Sutter,101,95872,14388,14319,412,14731,186
2021-12-06,Tehama,103,63373,8822,8760,1562,10322,133
2021-12-06,Trinity,105,12862,906,815,221,1036,17
2021-12-06,Tulare,107,460477,71297,70285,16570,86855,1101
2021-12-06,Tuolumne,109,53932,7780,7726,108,7834,91
2021-12-06,Ventura,111,848112,101276,100426,4512,104938,1194
2021-12-06,Yolo,113,214977,20695,20548,1278,21826,263
2021-12-06,Yuba,115,75493,10561,10480,399,10879,91
2021-12-05,Alameda,001,1643700,123828,123104,3091,126195,1496
2021-12-05,Alpine,003,1148,109,108,0,108,0
2021-12-05,Amador,005,37829,5790,5761,70,5831,67
2021-12-05,Butte,007,227075,21914,21720,3966,25686,320
2021-12-05,Calaveras,009,45235,4465,4434,65,4499,88
2021-12-05,Colusa,011,21464,2631,2615,686,3301,21
2021-12-05,Contra Costa,013,1133247,102731,102251,2421,104672,1058
2021-12-05,Del Norte,015,27424,3801,3751,57,3808,42
2021-12-05,El Dorado,017,186661,16898,16717,1796,18513,168
2021-12-05,Fresno,019,978130,146739,145452,12702,158154,2284
2021-12-05,Glenn,021,27897,3602,3577,1022,4599,36
2021-12-05,Humboldt,023,135768,9774,9662,714,10376,117
2021-12-05,Imperial,025,180216,35867,35422,3791,39213,778
2021-12-05,Inyo,027,18085,2587,2559,55,2614,46
2021-12-05,Kern,029,883053,133370,132286,24252,156538,1833
2021-12-05,Kings,031,150075,33715,33360,2074,35434,369
2021-12-05,Lake,033,64148,6968,6919,161,7080,113
2021-12-05,Lassen,035,31185,7068,7031,438,7469,51
2021-12-05,Los Angeles,037,10098052,1476303,1468937,57040,1525977,26991
2021-12-05,Madera,039,155013,24507,24311,2312,26623,307
2021-12-05,Marin,041,260295,18376,18216,542,18758,249
2021-12-05,Mariposa,043,17540,1454,1440,60,1500,6
2021-12-05,Mendocino,045,87422,8152,8069,660,8729,95
2021-12-05,Merced,047,269075,43744,43534,2032,45566,672
2021-12-05,Modoc,049,8938,595,593,203,796,6
2021-12-05,Mono,051,14174,1924,1907,21,1928,4
2021-12-05,Monterey,053,433212,50072,48813,4273,53086,626
2021-12-05,Napa,055,140530,13463,13382,125,13507,107
2021-12-05,Nevada,057,99092,9923,9827,361,10188,105
2021-12-05,Orange,059,3164182,316830,314560,16232,330792,5771
2021-12-05,Placer,061,380077,39117,38738,3955,42693,473
2021-12-05,Plumas,063,18699,1946,1913,53,1966,9
2021-12-05,Riverside,065,2383286,376460,373827,16859,390686,5388
2021-12-05,Sacramento,067,1510023,165876,164721,5111,169832,2367
2021-12-05,San Benito,069,59416,7796,7748,189,7937,78
2021-12-05,San Bernardino,071,2135413,369215,366282,11839,378121,5998
2021-12-05,San Diego,073,3302833,392684,387979,22671,410650,4351
2021-12-05,San Francisco,075,870044,55304,54603,2788,57391,674
2021-12-05,San Joaquin,077,732212,103321,102698,5726,108424,1837
2021-12-05,San Luis Obispo,079,281455,30696,30454,1344,31798,360
2021-12-05,San Mateo,081,765935,56279,55050,1882,56932,580
2021-12-05,Santa Barbara,083,443738,46812,46097,1725,47822,555
2021-12-05,Santa Clara,085,1922200,153540,152114,1688,153802,1933
2021-12-05,Santa Cruz,087,273765,21657,21424,1072,22496,224
2021-12-05,Shasta,089,179085,22732,22550,3771,26321,416
2021-12-05,Sierra,091,2930,201,198,22,220,0
2021-12-05,Siskiyou,093,43540,3463,3409,1385,4794,57
2021-12-05,Solano,095,438530,47405,46715,1320,48035,360
2021-12-05,Sonoma,097,501317,43376,43038,574,43612,405
2021-12-05,Stanislaus,099,539301,82478,81847,9357,91204,1241
2021-12-05,Sutter,101,95872,14364,14303,407,14710,186
2021-12-05,Tehama,103,63373,8815,8755,1561,10316,133
2021-12-05,Trinity,105,12862,905,815,221,1036,17
2021-12-05,Tulare,107,460477,71216,70254,16522,86776,1102
2021-12-05,Tuolumne,109,53932,7768,7718,108,7826,91
2021-12-05,Ventura,111,848112,101139,100367,4499,104866,1194
2021-12-05,Yolo,113,214977,20653,20512,1276,21788,263
2021-12-05,Yuba,115,75493,10548,10467,391,10858,91
2021-12-04,Alameda,001,1643700,123724,122508,3087,125595,1494
2021-12-04,Alpine,003,1148,109,108,0,108,0
2021-12-04,Amador,005,37829,5787,5729,70,5799,67
2021-12-04,Butte,007,227075,21895,21638,3962,25600,318
2021-12-04,Calaveras,009,45235,4457,4392,64,4456,88
2021-12-04,Colusa,011,21464,2631,2600,684,3284,21
2021-12-04,Contra Costa,013,1133247,102661,101824,2415,104239,1056
2021-12-04,Del Norte,015,27424,3798,3726,57,3783,42
2021-12-04,El Dorado,017,186661,16889,16621,1795,18416,168
2021-12-04,Fresno,019,978130,146651,144734,12697,157431,2270
2021-12-04,Glenn,021,27897,3602,3559,1022,4581,36
2021-12-04,Humboldt,023,135768,9759,9596,710,10306,117
2021-12-04,Imperial,025,180216,35812,35206,3778,38984,776
2021-12-04,Inyo,027,18085,2582,2538,55,2593,46
2021-12-04,Kern,029,883053,133292,131771,24229,156000,1817
2021-12-04,Kings,031,150075,33691,33183,2073,35256,367
2021-12-04,Lake,033,64148,6959,6903,160,7063,113
2021-12-04,Lassen,035,31185,7067,7014,436,7450,51
2021-12-04,Los Angeles,037,10098052,1475446,1463270,56962,1520232,26952
2021-12-04,Madera,039,155013,24493,24188,2308,26496,307
2021-12-04,Marin,041,260295,18354,18075,541,18616,249
2021-12-04,Mariposa,043,17540,1450,1421,60,1481,6
2021-12-04,Mendocino,045,87422,8147,7981,660,8641,91
2021-12-04,Merced,047,269075,43716,43337,2030,45367,671
2021-12-04,Modoc,049,8938,595,591,203,794,6
2021-12-04,Mono,051,14174,1924,1883,21,1904,4
2021-12-04,Monterey,053,433212,50039,48682,4261,52943,626
2021-12-04,Napa,055,140530,13453,13327,124,13451,106
2021-12-04,Nevada,057,99092,9916,9752,361,10113,105
2021-12-04,Orange,059,3164182,316602,313112,16206,329318,5748
2021-12-04,Placer,061,380077,39077,38460,3949,42409,473
2021-12-04,Plumas,063,18699,1943,1903,53,1956,7
2021-12-04,Riverside,065,2383286,376102,371768,16853,388621,5381
2021-12-04,Sacramento,067,1510023,165737,163900,5103,169003,2365
2021-12-04,San Benito,069,59416,7770,7688,189,7877,78
2021-12-04,San Bernardino,071,2135413,368828,364154,11826,375980,5983
2021-12-04,San Diego,073,3302833,392205,386710,22642,409352,4350
2021-12-04,San Francisco,075,870044,55237,54286,2784,57070,674
2021-12-04,San Joaquin,077,732212,103268,102286,5724,108010,1835
2021-12-04,San Luis Obispo,079,281455,30675,30318,1340,31658,360
2021-12-04,San Mateo,081,765935,56231,54774,1872,56646,579
2021-12-04,Santa Barbara,083,443738,46767,45774,1725,47499,555
2021-12-04,Santa Clara,085,1922200,153384,151275,1674,152949,1928
2021-12-04,Santa Cruz,087,273765,21631,21286,1071,22357,224
2021-12-04,Shasta,089,179085,22715,22418,3769,26187,414
2021-12-04,Sierra,091,2930,201,196,22,218,0
2021-12-04,Siskiyou,093,43540,3461,3398,1385,4783,57
2021-12-04,Solano,095,438530,47385,46529,1319,47848,360
2021-12-04,Sonoma,097,501317,43330,42778,571,43349,405
2021-12-04,Stanislaus,099,539301,82405,81462,9350,90812,1231
2021-12-04,Sutter,101,95872,14356,14258,406,14664,186
2021-12-04,Tehama,103,63373,8813,8742,1561,10303,131
2021-12-04,Trinity,105,12862,904,801,221,1022,17
2021-12-04,Tulare,107,460477,71178,70014,16494,86508,1100
2021-12-04,Tuolumne,109,53932,7763,7676,108,7784,91
2021-12-04,Ventura,111,848112,101048,99751,4495,104246,1192
2021-12-04,Yolo,113,214977,20631,20442,1275,21717,261
2021-12-04,Yuba,115,75493,10537,10418,390,10808,91
2021-12-03,Alameda,001,1643700,123634,122508,3077,125585,1494
2021-12-03,Alpine,003,1148,109,108,0,108,0
2021-12-03,Amador,005,37829,5782,5729,69,5798,67
2021-12-03,Butte,007,227075,21882,21638,3957,25595,318
2021-12-03,Calaveras,009,45235,4448,4392,64,4456,88
2021-12-03,Colusa,011,21464,2629,2600,684,3284,21
2021-12-03,Contra Costa,013,1133247,102588,101824,2410,104234,1056
2021-12-03,Del Norte,015,27424,3796,3726,57,3783,42
2021-12-03,El Dorado,017,186661,16860,16621,1793,18414,168
2021-12-03,Fresno,019,978130,146536,144734,12695,157429,2270
2021-12-03,Glenn,021,27897,3601,3559,1021,4580,36
2021-12-03,Humboldt,023,135768,9742,9596,708,10304,117
2021-12-03,Imperial,025,180216,35767,35206,3748,38954,776
2021-12-03,Inyo,027,18085,2575,2538,55,2593,46
2021-12-03,Kern,029,883053,133221,131771,24193,155964,1817
2021-12-03,Kings,031,150075,33662,33183,2073,35256,367
2021-12-03,Lake,033,64148,6959,6903,160,7063,113
2021-12-03,Lassen,035,31185,7065,7014,435,7449,51
2021-12-03,Los Angeles,037,10098052,1474517,1463270,56882,1520152,26952
2021-12-03,Madera,039,155013,24467,24188,2304,26492,307
2021-12-03,Marin,041,260295,18322,18075,536,18611,249
2021-12-03,Mariposa,043,17540,1448,1421,60,1481,6
2021-12-03,Mendocino,045,87422,8140,7981,660,8641,91
2021-12-03,Merced,047,269075,43693,43337,2027,45364,671
2021-12-03,Modoc,049,8938,595,591,203,794,6
2021-12-03,Mono,051,14174,1918,1883,21,1904,4
2021-12-03,Monterey,053,433212,50001,48682,4242,52924,626
2021-12-03,Napa,055,140530,13441,13327,124,13451,106
2021-12-03,Nevada,057,99092,9905,9752,361,10113,105
2021-12-03,Orange,059,3164182,316335,313112,16176,329288,5748
2021-12-03,Placer,061,380077,39040,38460,3942,42402,473
2021-12-03,Plumas,063,18699,1940,1903,53,1956,7
2021-12-03,Riverside,065,2383286,375712,371768,16847,388615,5381
2021-12-03,Sacramento,067,1510023,165558,163900,5089,168989,2365
2021-12-03,San Benito,069,59416,7763,7688,189,7877,78
2021-12-03,San Bernardino,071,2135413,368388,364154,11816,375970,5983
2021-12-03,San Diego,073,3302833,391728,386710,22617,409327,4350
2021-12-03,San Francisco,075,870044,55167,54286,2781,57067,674
2021-12-03,San Joaquin,077,732212,103212,102286,5723,108009,1835
2021-12-03,San Luis Obispo,079,281455,30649,30318,1337,31655,360
2021-12-03,San Mateo,081,765935,56169,54774,1866,56640,579
2021-12-03,Santa Barbara,083,443738,46732,45774,1725,47499,555
2021-12-03,Santa Clara,085,1922200,153202,151275,1659,152934,1928
2021-12-03,Santa Cruz,087,273765,21604,21286,1071,22357,224
2021-12-03,Shasta,089,179085,22700,22418,3769,26187,414
2021-12-03,Sierra,091,2930,201,196,22,218,0
2021-12-03,Siskiyou,093,43540,3458,3398,1383,4781,57
2021-12-03,Solano,095,438530,47343,46529,1318,47847,360
2021-12-03,Sonoma,097,501317,43294,42778,569,43347,405
2021-12-03,Stanislaus,099,539301,82348,81462,9341,90803,1231
2021-12-03,Sutter,101,95872,14343,14258,404,14662,186
2021-12-03,Tehama,103,63373,8812,8742,1560,10302,131
2021-12-03,Trinity,105,12862,904,801,221,1022,17
2021-12-03,Tulare,107,460477,71138,70014,16462,86476,1100
2021-12-03,Tuolumne,109,53932,7754,7676,108,7784,91
2021-12-03,Ventura,111,848112,100961,99751,4488,104239,1192
2021-12-03,Yolo,113,214977,20614,20442,1274,21716,261
2021-12-03,Yuba,115,75493,10529,10418,390,10808,91
2021-12-02,Alameda,001,1643700,123486,122508,3068,125576,1494
2021-12-02,Alpine,003,1148,109,108,0,108,0
2021-12-02,Amador,005,37829,5777,5729,68,5797,67
2021-12-02,Butte,007,227075,21857,21638,3954,25592,318
2021-12-02,Calaveras,009,45235,4438,4392,63,4455,88
2021-12-02,Colusa,011,21464,2628,2600,684,3284,21
2021-12-02,Contra Costa,013,1133247,102476,101824,2405,104229,1056
2021-12-02,Del Norte,015,27424,3788,3726,57,3783,42
2021-12-02,El Dorado,017,186661,16839,16621,1791,18412,168
2021-12-02,Fresno,019,978130,146370,144734,12685,157419,2270
2021-12-02,Glenn,021,27897,3601,3559,1020,4579,36
2021-12-02,Humboldt,023,135768,9723,9596,706,10302,117
2021-12-02,Imperial,025,180216,35702,35206,3725,38931,776
2021-12-02,Inyo,027,18085,2570,2538,55,2593,46
2021-12-02,Kern,029,883053,133050,131771,24142,155913,1817
2021-12-02,Kings,031,150075,33608,33183,2071,35254,367
2021-12-02,Lake,033,64148,6955,6903,160,7063,113
2021-12-02,Lassen,035,31185,7061,7014,435,7449,51
2021-12-02,Los Angeles,037,10098052,1473009,1463270,56799,1520069,26952
2021-12-02,Madera,039,155013,24430,24188,2294,26482,307
2021-12-02,Marin,041,260295,18292,18075,532,18607,249
2021-12-02,Mariposa,043,17540,1446,1421,60,1481,6
2021-12-02,Mendocino,045,87422,8124,7981,659,8640,91
2021-12-02,Merced,047,269075,43647,43337,2021,45358,671
2021-12-02,Modoc,049,8938,594,591,203,794,6
2021-12-02,Mono,051,14174,1904,1883,21,1904,4
2021-12-02,Monterey,053,433212,49929,48682,4208,52890,626
2021-12-02,Napa,055,140530,13428,13327,124,13451,106
2021-12-02,Nevada,057,99092,9887,9752,360,10112,105
2021-12-02,Orange,059,3164182,315997,313112,16140,329252,5748
2021-12-02,Placer,061,380077,38975,38460,3936,42396,473
2021-12-02,Plumas,063,18699,1938,1903,53,1956,7
2021-12-02,Riverside,065,2383286,375186,371768,16837,388605,5381
2021-12-02,Sacramento,067,1510023,165332,163900,5078,168978,2365
2021-12-02,San Benito,069,59416,7743,7688,189,7877,78
2021-12-02,San Bernardino,071,2135413,367843,364154,11796,375950,5983
2021-12-02,San Diego,073,3302833,391085,386710,22563,409273,4350
2021-12-02,San Francisco,075,870044,55067,54286,2774,57060,674
2021-12-02,San Joaquin,077,732212,103096,102286,5718,108004,1835
2021-12-02,San Luis Obispo,079,281455,30616,30318,1330,31648,360
2021-12-02,San Mateo,081,765935,56088,54774,1846,56620,579
2021-12-02,Santa Barbara,083,443738,46652,45774,1722,47496,555
2021-12-02,Santa Clara,085,1922200,152956,151275,1642,152917,1928
2021-12-02,Santa Cruz,087,273765,21553,21286,1070,22356,224
2021-12-02,Shasta,089,179085,22668,22418,3768,26186,414
2021-12-02,Sierra,091,2930,201,196,22,218,0
2021-12-02,Siskiyou,093,43540,3457,3398,1376,4774,57
2021-12-02,Solano,095,438530,47292,46529,1316,47845,360
2021-12-02,Sonoma,097,501317,43222,42778,569,43347,405
2021-12-02,Stanislaus,099,539301,82251,81462,9333,90795,1231
2021-12-02,Sutter,101,95872,14330,14258,401,14659,186
2021-12-02,Tehama,103,63373,8805,8742,1558,10300,131
2021-12-02,Trinity,105,12862,904,801,221,1022,17
2021-12-02,Tulare,107,460477,71052,70014,16410,86424,1100
2021-12-02,Tuolumne,109,53932,7739,7676,107,7783,91
2021-12-02,Ventura,111,848112,100836,99751,4485,104236,1192
2021-12-02,Yolo,113,214977,20589,20442,1270,21712,261
2021-12-02,Yuba,115,75493,10513,10418,387,10805,91
2021-12-01,Alameda,001,1643700,123339,122298,3057,125355,1492
2021-12-01,Alpine,003,1148,109,108,0,108,0
2021-12-01,Amador,005,37829,5770,5723,68,5791,67
2021-12-01,Butte,007,227075,21837,21600,3949,25549,318
2021-12-01,Calaveras,009,45235,4433,4371,63,4434,88
2021-12-01,Colusa,011,21464,2621,2595,681,3276,20
2021-12-01,Contra Costa,013,1133247,102371,101651,2394,104045,1048
2021-12-01,Del Norte,015,27424,3786,3722,57,3779,42
2021-12-01,El Dorado,017,186661,16818,16575,1789,18364,166
2021-12-01,Fresno,019,978130,146164,144507,12676,157183,2264
2021-12-01,Glenn,021,27897,3590,3556,1019,4575,36
2021-12-01,Humboldt,023,135768,9699,9573,701,10274,117
2021-12-01,Imperial,025,180216,35622,35085,3698,38783,776
2021-12-01,Inyo,027,18085,2566,2533,55,2588,46
2021-12-01,Kern,029,883053,132904,131580,24089,155669,1804
2021-12-01,Kings,031,150075,33558,33112,2070,35182,364
2021-12-01,Lake,033,64148,6947,6896,159,7055,112
2021-12-01,Lassen,035,31185,7055,7008,433,7441,51
2021-12-01,Los Angeles,037,10098052,1471424,1461394,56703,1518097,26928
2021-12-01,Madera,039,155013,24398,24134,2285,26419,307
2021-12-01,Marin,041,260295,18255,18038,525,18563,249
2021-12-01,Mariposa,043,17540,1442,1415,60,1475,6
2021-12-01,Mendocino,045,87422,8110,7966,654,8620,90
2021-12-01,Merced,047,269075,43591,43259,2000,45259,670
2021-12-01,Modoc,049,8938,594,576,203,779,5
2021-12-01,Mono,051,14174,1903,1876,21,1897,4
2021-12-01,Monterey,053,433212,49880,48611,4196,52807,626
2021-12-01,Napa,055,140530,13411,13319,122,13441,107
2021-12-01,Nevada,057,99092,9874,9706,360,10066,105
2021-12-01,Orange,059,3164182,315636,312772,16102,328874,5735
2021-12-01,Placer,061,380077,38919,38373,3930,42303,472
2021-12-01,Plumas,063,18699,1934,1893,53,1946,7
2021-12-01,Riverside,065,2383286,374665,371189,16820,388009,5369
2021-12-01,Sacramento,067,1510023,165120,163616,5058,168674,2360
2021-12-01,San Benito,069,59416,7729,7669,189,7858,78
2021-12-01,San Bernardino,071,2135413,367267,363368,11771,375139,5973
2021-12-01,San Diego,073,3302833,390289,386056,22512,408568,4346
2021-12-01,San Francisco,075,870044,54986,54199,2767,56966,672
2021-12-01,San Joaquin,077,732212,102989,102109,5717,107826,1834
2021-12-01,San Luis Obispo,079,281455,30575,30238,1326,31564,360
2021-12-01,San Mateo,081,765935,56006,54711,1837,56548,579
2021-12-01,Santa Barbara,083,443738,46582,45681,1719,47400,554
2021-12-01,Santa Clara,085,1922200,152736,150961,1623,152584,1925
2021-12-01,Santa Cruz,087,273765,21523,21191,1069,22260,224
2021-12-01,Shasta,089,179085,22636,22375,3762,26137,410
2021-12-01,Sierra,091,2930,201,195,22,217,0
2021-12-01,Siskiyou,093,43540,3454,3391,1376,4767,55
2021-12-01,Solano,095,438530,47249,46485,1316,47801,360
2021-12-01,Sonoma,097,501317,43149,42713,568,43281,405
2021-12-01,Stanislaus,099,539301,82154,81330,9323,90653,1231
2021-12-01,Sutter,101,95872,14315,14229,400,14629,186
2021-12-01,Tehama,103,63373,8795,8728,1558,10286,130
2021-12-01,Trinity,105,12862,899,801,221,1022,17
2021-12-01,Tulare,107,460477,70973,69953,16369,86322,1098
2021-12-01,Tuolumne,109,53932,7731,7655,107,7762,91
2021-12-01,Ventura,111,848112,100729,99680,4474,104154,1191
2021-12-01,Yolo,113,214977,20560,20393,1269,21662,260
2021-12-01,Yuba,115,75493,10501,10401,386,10787,89
2021-11-30,Alameda,001,1643700,123177,122196,3045,125241,1489
2021-11-30,Alpine,003,1148,109,108,0,108,0
2021-11-30,Amador,005,37829,5762,5716,68,5784,66
2021-11-30,Butte,007,227075,21808,21565,3940,25505,318
2021-11-30,Calaveras,009,45235,4415,4360,63,4423,88
2021-11-30,Colusa,011,21464,2620,2592,681,3273,21
2021-11-30,Contra Costa,013,1133247,102234,101538,2387,103925,1046
2021-11-30,Del Norte,015,27424,3780,3718,57,3775,42
2021-11-30,El Dorado,017,186661,16790,16558,1783,18341,166
2021-11-30,Fresno,019,978130,145967,144384,12669,157053,2259
2021-11-30,Glenn,021,27897,3585,3555,1018,4573,36
2021-11-30,Humboldt,023,135768,9668,9539,695,10234,116
2021-11-30,Imperial,025,180216,35513,34999,3670,38669,773
2021-11-30,Inyo,027,18085,2557,2530,55,2585,46
2021-11-30,Kern,029,883053,132731,131451,24033,155484,1799
2021-11-30,Kings,031,150075,33508,33074,2066,35140,362
2021-11-30,Lake,033,64148,6942,6892,157,7049,110
2021-11-30,Lassen,035,31185,7051,7003,432,7435,51
2021-11-30,Los Angeles,037,10098052,1469642,1460177,56598,1516775,26913
2021-11-30,Madera,039,155013,24364,24108,2280,26388,307
2021-11-30,Marin,041,260295,18211,18010,523,18533,249
2021-11-30,Mariposa,043,17540,1436,1412,60,1472,6
2021-11-30,Mendocino,045,87422,8081,7960,648,8608,89
2021-11-30,Merced,047,269075,43522,43200,1993,45193,668
2021-11-30,Modoc,049,8938,593,576,203,779,5
2021-11-30,Mono,051,14174,1898,1873,21,1894,4
2021-11-30,Monterey,053,433212,49816,48581,4178,52759,626
2021-11-30,Napa,055,140530,13391,13308,122,13430,105
2021-11-30,Nevada,057,99092,9858,9699,359,10058,105
2021-11-30,Orange,059,3164182,315218,312451,16061,328512,5724
2021-11-30,Placer,061,380077,38818,38324,3922,42246,470
2021-11-30,Plumas,063,18699,1929,1887,52,1939,7
2021-11-30,Riverside,065,2383286,373982,370739,16794,387533,5358
2021-11-30,Sacramento,067,1510023,164838,163420,5034,168454,2353
2021-11-30,San Benito,069,59416,7707,7645,188,7833,78
2021-11-30,San Bernardino,071,2135413,366601,363006,11748,374754,5967
2021-11-30,San Diego,073,3302833,389358,385405,22468,407873,4340
2021-11-30,San Francisco,075,870044,54880,54147,2756,56903,672
2021-11-30,San Joaquin,077,732212,102863,101972,5709,107681,1834
2021-11-30,San Luis Obispo,079,281455,30550,30200,1323,31523,360
2021-11-30,San Mateo,081,765935,55906,54656,1812,56468,579
2021-11-30,Santa Barbara,083,443738,46486,45628,1713,47341,553
2021-11-30,Santa Clara,085,1922200,152475,150799,1604,152403,1929
2021-11-30,Santa Cruz,087,273765,21464,21169,1065,22234,224
2021-11-30,Shasta,089,179085,22606,22347,3759,26106,401
2021-11-30,Sierra,091,2930,198,195,22,217,0
2021-11-30,Siskiyou,093,43540,3450,3385,1373,4758,55
2021-11-30,Solano,095,438530,47186,46434,1310,47744,358
2021-11-30,Sonoma,097,501317,43071,42663,567,43230,405
2021-11-30,Stanislaus,099,539301,82049,81276,9297,90573,1227
2021-11-30,Sutter,101,95872,14305,14210,397,14607,186
2021-11-30,Tehama,103,63373,8788,8727,1557,10284,130
2021-11-30,Trinity,105,12862,898,799,221,1020,17
2021-11-30,Tulare,107,460477,70885,69900,16323,86223,1099
2021-11-30,Tuolumne,109,53932,7716,7643,107,7750,91
2021-11-30,Ventura,111,848112,100575,99601,4462,104063,1191
2021-11-30,Yolo,113,214977,20521,20376,1263,21639,260
2021-11-30,Yuba,115,75493,10483,10398,380,10778,89
2021-11-29,Alameda,001,1643700,123023,122136,3035,125171,1489
2021-11-29,Alpine,003,1148,109,108,0,108,0
2021-11-29,Amador,005,37829,5755,5706,68,5774,66
2021-11-29,Butte,007,227075,21781,21544,3934,25478,314
2021-11-29,Calaveras,009,45235,4399,4353,63,4416,88
2021-11-29,Colusa,011,21464,2618,2585,678,3263,20
2021-11-29,Contra Costa,013,1133247,102090,101441,2379,103820,1046
2021-11-29,Del Norte,015,27424,3776,3704,57,3761,42
2021-11-29,El Dorado,017,186661,16772,16534,1778,18312,166
2021-11-29,Fresno,019,978130,145765,144282,12653,156935,2254
2021-11-29,Glenn,021,27897,3582,3555,1017,4572,36
2021-11-29,Humboldt,023,135768,9651,9514,688,10202,115
2021-11-29,Imperial,025,180216,35449,34960,3650,38610,773
2021-11-29,Inyo,027,18085,2552,2529,55,2584,46
2021-11-29,Kern,029,883053,132546,131362,23991,155353,1789
2021-11-29,Kings,031,150075,33455,33059,2062,35121,363
2021-11-29,Lake,033,64148,6930,6889,156,7045,110
2021-11-29,Lassen,035,31185,7048,7003,430,7433,51
2021-11-29,Los Angeles,037,10098052,1467801,1459446,56511,1515957,26889
2021-11-29,Madera,039,155013,24326,24069,2272,26341,307
2021-11-29,Marin,041,260295,18164,17980,518,18498,249
2021-11-29,Mariposa,043,17540,1428,1409,60,1469,6
2021-11-29,Mendocino,045,87422,8064,7954,644,8598,89
2021-11-29,Merced,047,269075,43448,43167,1986,45153,667
2021-11-29,Modoc,049,8938,592,569,203,772,5
2021-11-29,Mono,051,14174,1877,1859,21,1880,4
2021-11-29,Monterey,053,433212,49755,48548,4151,52699,626
2021-11-29,Napa,055,140530,13381,13304,121,13425,104
2021-11-29,Nevada,057,99092,9844,9689,359,10048,105
2021-11-29,Orange,059,3164182,314820,312203,16015,328218,5709
2021-11-29,Placer,061,380077,38753,38261,3917,42178,470
2021-11-29,Plumas,063,18699,1926,1884,52,1936,7
2021-11-29,Riverside,065,2383286,373449,370334,16783,387117,5358
2021-11-29,Sacramento,067,1510023,164587,163282,5000,168282,2342
2021-11-29,San Benito,069,59416,7687,7631,187,7818,77
2021-11-29,San Bernardino,071,2135413,366010,362694,11716,374410,5962
2021-11-29,San Diego,073,3302833,388467,384853,22437,407290,4335
2021-11-29,San Francisco,075,870044,54782,54125,2752,56877,669
2021-11-29,San Joaquin,077,732212,102727,101927,5702,107629,1834
2021-11-29,San Luis Obispo,079,281455,30515,30165,1319,31484,359
2021-11-29,San Mateo,081,765935,55804,54622,1799,56421,579
2021-11-29,Santa Barbara,083,443738,46389,45576,1709,47285,549
2021-11-29,Santa Clara,085,1922200,152205,150620,1598,152218,1925
2021-11-29,Santa Cruz,087,273765,21426,21149,1063,22212,224
2021-11-29,Shasta,089,179085,22572,22315,3755,26070,399
2021-11-29,Sierra,091,2930,198,195,22,217,0
2021-11-29,Siskiyou,093,43540,3447,3374,1366,4740,55
2021-11-29,Solano,095,438530,47134,46412,1308,47720,357
2021-11-29,Sonoma,097,501317,42998,42624,564,43188,405
2021-11-29,Stanislaus,099,539301,81967,81227,9280,90507,1223
2021-11-29,Sutter,101,95872,14289,14204,394,14598,186
2021-11-29,Tehama,103,63373,8783,8720,1552,10272,130
2021-11-29,Trinity,105,12862,893,798,221,1019,17
2021-11-29,Tulare,107,460477,70807,69850,16288,86138,1096
2021-11-29,Tuolumne,109,53932,7703,7627,106,7733,90
2021-11-29,Ventura,111,848112,100454,99520,4452,103972,1190
2021-11-29,Yolo,113,214977,20477,20344,1260,21604,257
2021-11-29,Yuba,115,75493,10466,10395,379,10774,89
2021-11-28,Alameda,001,1643700,122809,122082,3026,125108,1491
2021-11-28,Alpine,003,1148,109,108,0,108,0
2021-11-28,Amador,005,37829,5745,5703,68,5771,66
2021-11-28,Butte,007,227075,21743,21530,3932,25462,313
2021-11-28,Calaveras,009,45235,4377,4350,63,4413,88
2021-11-28,Colusa,011,21464,2614,2586,677,3263,19
2021-11-28,Contra Costa,013,1133247,101918,101355,2367,103722,1046
2021-11-28,Del Norte,015,27424,3771,3703,57,3760,42
2021-11-28,El Dorado,017,186661,16732,16527,1777,18304,166
2021-11-28,Fresno,019,978130,145521,144164,12632,156796,2252
2021-11-28,Glenn,021,27897,3580,3547,1015,4562,36
2021-11-28,Humboldt,023,135768,9619,9499,684,10183,115
2021-11-28,Imperial,025,180216,35341,34929,3627,38556,773
2021-11-28,Inyo,027,18085,2545,2531,55,2586,46
2021-11-28,Kern,029,883053,132338,131279,23935,155214,1789
2021-11-28,Kings,031,150075,33380,33057,2055,35112,364
2021-11-28,Lake,033,64148,6920,6885,154,7039,110
2021-11-28,Lassen,035,31185,7040,7002,426,7428,51
2021-11-28,Los Angeles,037,10098052,1465643,1458646,56422,1515068,26878
2021-11-28,Madera,039,155013,24278,24055,2265,26320,307
2021-11-28,Marin,041,260295,18115,17962,514,18476,249
2021-11-28,Mariposa,043,17540,1424,1406,60,1466,6
2021-11-28,Mendocino,045,87422,8034,7943,639,8582,89
2021-11-28,Merced,047,269075,43382,43166,1971,45137,667
2021-11-28,Modoc,049,8938,591,569,203,772,5
2021-11-28,Mono,051,14174,1872,1841,21,1862,4
2021-11-28,Monterey,053,433212,49690,48537,4123,52660,626
2021-11-28,Napa,055,140530,13369,13303,121,13424,104
2021-11-28,Nevada,057,99092,9815,9684,358,10042,105
2021-11-28,Orange,059,3164182,314440,312028,15977,328005,5693
2021-11-28,Placer,061,380077,38671,38240,3898,42138,470
2021-11-28,Plumas,063,18699,1920,1884,51,1935,7
2021-11-28,Riverside,065,2383286,372793,370051,16762,386813,5358
2021-11-28,Sacramento,067,1510023,164231,163170,4977,168147,2335
2021-11-28,San Benito,069,59416,7669,7623,186,7809,77
2021-11-28,San Bernardino,071,2135413,365298,362407,11690,374097,5958
2021-11-28,San Diego,073,3302833,387576,383025,22373,405398,4325
2021-11-28,San Francisco,075,870044,54706,54082,2746,56828,669
2021-11-28,San Joaquin,077,732212,102544,101895,5685,107580,1834
2021-11-28,San Luis Obispo,079,281455,30452,30152,1315,31467,358
2021-11-28,San Mateo,081,765935,55710,54567,1788,56355,579
2021-11-28,Santa Barbara,083,443738,46310,45551,1698,47249,549
2021-11-28,Santa Clara,085,1922200,151898,150436,1582,152018,1920
2021-11-28,Santa Cruz,087,273765,21355,21110,1062,22172,224
2021-11-28,Shasta,089,179085,22532,22316,3753,26069,400
2021-11-28,Sierra,091,2930,198,195,22,217,0
2021-11-28,Siskiyou,093,43540,3441,3372,1361,4733,55
2021-11-28,Solano,095,438530,47071,46385,1307,47692,356
2021-11-28,Sonoma,097,501317,42914,42583,561,43144,405
2021-11-28,Stanislaus,099,539301,81842,81181,9263,90444,1223
2021-11-28,Sutter,101,95872,14268,14192,388,14580,186
2021-11-28,Tehama,103,63373,8775,8720,1548,10268,130
2021-11-28,Trinity,105,12862,892,797,221,1018,17
2021-11-28,Tulare,107,460477,70712,69833,16233,86066,1095
2021-11-28,Tuolumne,109,53932,7683,7620,106,7726,90
2021-11-28,Ventura,111,848112,100298,99486,4441,103927,1190
2021-11-28,Yolo,113,214977,20436,20333,1259,21592,257
2021-11-28,Yuba,115,75493,10448,10391,377,10768,89
2021-11-27,Alameda,001,1643700,122716,121618,3022,124640,1477
2021-11-27,Alpine,003,1148,109,106,0,106,0
2021-11-27,Amador,005,37829,5744,5670,68,5738,66
2021-11-27,Butte,007,227075,21720,21384,3927,25311,309
2021-11-27,Calaveras,009,45235,4371,4294,63,4357,85
2021-11-27,Colusa,011,21464,2613,2568,675,3243,19
2021-11-27,Contra Costa,013,1133247,101836,100961,2365,103326,1045
2021-11-27,Del Norte,015,27424,3764,3661,57,3718,42
2021-11-27,El Dorado,017,186661,16697,16399,1776,18175,161
2021-11-27,Fresno,019,978130,145412,143386,12627,156013,2246
2021-11-27,Glenn,021,27897,3578,3532,1015,4547,36
2021-11-27,Humboldt,023,135768,9591,9399,682,10081,115
2021-11-27,Imperial,025,180216,35258,34611,3611,38222,769
2021-11-27,Inyo,027,18085,2542,2506,55,2561,45
2021-11-27,Kern,029,883053,132253,130245,23906,154151,1773
2021-11-27,Kings,031,150075,33358,32891,2053,34944,358
2021-11-27,Lake,033,64148,6917,6836,152,6988,110
2021-11-27,Lassen,035,31185,7038,6959,425,7384,47
2021-11-27,Los Angeles,037,10098052,1464649,1454495,56351,1510846,26817
2021-11-27,Madera,039,155013,24258,23880,2261,26141,296
2021-11-27,Marin,041,260295,18077,17857,509,18366,248
2021-11-27,Mariposa,043,17540,1422,1374,60,1434,6
2021-11-27,Mendocino,045,87422,8015,7871,639,8510,89
2021-11-27,Merced,047,269075,43347,42921,1968,44889,664
2021-11-27,Modoc,049,8938,589,551,203,754,5
2021-11-27,Mono,051,14174,1871,1810,21,1831,4
2021-11-27,Monterey,053,433212,49657,48400,4107,52507,625
2021-11-27,Napa,055,140530,13355,13256,121,13377,104
2021-11-27,Nevada,057,99092,9793,9584,357,9941,103
2021-11-27,Orange,059,3164182,314188,310809,15944,326753,5665
2021-11-27,Placer,061,380077,38610,38001,3892,41893,468
2021-11-27,Plumas,063,18699,1916,1860,51,1911,7
2021-11-27,Riverside,065,2383286,372434,367601,16755,384356,5306
2021-11-27,Sacramento,067,1510023,164077,162328,4974,167302,2335
2021-11-27,San Benito,069,59416,7652,7575,186,7761,77
2021-11-27,San Bernardino,071,2135413,364865,360033,11683,371716,5932
2021-11-27,San Diego,073,3302833,387078,382634,22347,404981,4319
2021-11-27,San Francisco,075,870044,54656,53830,2740,56570,669
2021-11-27,San Joaquin,077,732212,102477,101368,5683,107051,1833
2021-11-27,San Luis Obispo,079,281455,30417,29983,1314,31297,358
2021-11-27,San Mateo,081,765935,55654,54360,1780,56140,577
2021-11-27,Santa Barbara,083,443738,46256,45318,1696,47014,548
2021-11-27,Santa Clara,085,1922200,151693,149700,1576,151276,1922
2021-11-27,Santa Cruz,087,273765,21315,20929,1059,21988,222
2021-11-27,Shasta,089,179085,22509,22151,3752,25903,396
2021-11-27,Sierra,091,2930,197,194,22,216,0
2021-11-27,Siskiyou,093,43540,3438,3336,1358,4694,54
2021-11-27,Solano,095,438530,47035,46163,1304,47467,356
2021-11-27,Sonoma,097,501317,42851,42368,561,42929,405
2021-11-27,Stanislaus,099,539301,81769,80782,9245,90027,1220
2021-11-27,Sutter,101,95872,14260,14127,387,14514,181
2021-11-27,Tehama,103,63373,8773,8675,1547,10222,129
2021-11-27,Trinity,105,12862,892,789,221,1010,17
2021-11-27,Tulare,107,460477,70661,69377,16216,85593,1082
2021-11-27,Tuolumne,109,53932,7670,7574,106,7680,90
2021-11-27,Ventura,111,848112,100224,99163,4433,103596,1188
2021-11-27,Yolo,113,214977,20415,20237,1250,21487,257
2021-11-27,Yuba,115,75493,10438,10335,377,10712,88
2021-11-26,Alameda,001,1643700,122612,121618,3020,124638,1477
2021-11-26,Alpine,003,1148,109,106,0,106,0
2021-11-26,Amador,005,37829,5740,5670,68,5738,66
2021-11-26,Butte,007,227075,21697,21384,3922,25306,309
2021-11-26,Calaveras,009,45235,4362,4294,63,4357,85
2021-11-26,Colusa,011,21464,2611,2568,674,3242,19
2021-11-26,Contra Costa,013,1133247,101749,100961,2361,103322,1045
2021-11-26,Del Norte,015,27424,3761,3661,57,3718,42
2021-11-26,El Dorado,017,186661,16680,16399,1773,18172,161
2021-11-26,Fresno,019,978130,145280,143386,12618,156004,2246
2021-11-26,Glenn,021,27897,3571,3532,1015,4547,36
2021-11-26,Humboldt,023,135768,9572,9399,678,10077,115
2021-11-26,Imperial,025,180216,35201,34611,3598,38209,769
2021-11-26,Inyo,027,18085,2542,2506,55,2561,45
2021-11-26,Kern,029,883053,132170,130245,23862,154107,1773
2021-11-26,Kings,031,150075,33334,32891,2051,34942,358
2021-11-26,Lake,033,64148,6915,6836,152,6988,110
2021-11-26,Lassen,035,31185,7032,6959,425,7384,47
2021-11-26,Los Angeles,037,10098052,1463813,1454495,56291,1510786,26817
2021-11-26,Madera,039,155013,24231,23880,2259,26139,296
2021-11-26,Marin,041,260295,18048,17857,509,18366,248
2021-11-26,Mariposa,043,17540,1416,1374,59,1433,6
2021-11-26,Mendocino,045,87422,8005,7871,639,8510,89
2021-11-26,Merced,047,269075,43316,42921,1963,44884,664
2021-11-26,Modoc,049,8938,587,551,203,754,5
2021-11-26,Mono,051,14174,1859,1810,21,1831,4
2021-11-26,Monterey,053,433212,49614,48400,4089,52489,625
2021-11-26,Napa,055,140530,13339,13256,121,13377,104
2021-11-26,Nevada,057,99092,9782,9584,357,9941,103
2021-11-26,Orange,059,3164182,313915,310809,15913,326722,5665
2021-11-26,Placer,061,380077,38565,38001,3884,41885,468
2021-11-26,Plumas,063,18699,1911,1860,51,1911,7
2021-11-26,Riverside,065,2383286,372035,367601,16748,384349,5306
2021-11-26,Sacramento,067,1510023,163966,162328,4969,167297,2335
2021-11-26,San Benito,069,59416,7644,7575,186,7761,77
2021-11-26,San Bernardino,071,2135413,364435,360033,11676,371709,5932
2021-11-26,San Diego,073,3302833,386522,382634,22335,404969,4319
2021-11-26,San Francisco,075,870044,54607,53830,2735,56565,669
2021-11-26,San Joaquin,077,732212,102420,101368,5681,107049,1833
2021-11-26,San Luis Obispo,079,281455,30375,29983,1311,31294,358
2021-11-26,San Mateo,081,765935,55592,54360,1772,56132,577
2021-11-26,Santa Barbara,083,443738,46209,45318,1695,47013,548
2021-11-26,Santa Clara,085,1922200,151525,149700,1567,151267,1922
2021-11-26,Santa Cruz,087,273765,21275,20929,1059,21988,222
2021-11-26,Shasta,089,179085,22490,22151,3750,25901,396
2021-11-26,Sierra,091,2930,197,194,22,216,0
2021-11-26,Siskiyou,093,43540,3435,3336,1357,4693,54
2021-11-26,Solano,095,438530,46992,46163,1303,47466,356
2021-11-26,Sonoma,097,501317,42800,42368,559,42927,405
2021-11-26,Stanislaus,099,539301,81694,80782,9234,90016,1220
2021-11-26,Sutter,101,95872,14247,14127,386,14513,181
2021-11-26,Tehama,103,63373,8771,8675,1546,10221,129
2021-11-26,Trinity,105,12862,891,789,221,1010,17
2021-11-26,Tulare,107,460477,70619,69377,16184,85561,1082
2021-11-26,Tuolumne,109,53932,7660,7574,106,7680,90
2021-11-26,Ventura,111,848112,100144,99163,4428,103591,1188
2021-11-26,Yolo,113,214977,20394,20237,1244,21481,257
2021-11-26,Yuba,115,75493,10432,10335,377,10712,88
2021-11-25,Alameda,001,1643700,122505,121618,3015,124633,1477
2021-11-25,Alpine,003,1148,109,106,0,106,0
2021-11-25,Amador,005,37829,5732,5670,68,5738,66
2021-11-25,Butte,007,227075,21679,21384,3920,25304,309
2021-11-25,Calaveras,009,45235,4357,4294,63,4357,85
2021-11-25,Colusa,011,21464,2608,2568,672,3240,19
2021-11-25,Contra Costa,013,1133247,101644,100961,2356,103317,1045
2021-11-25,Del Norte,015,27424,3756,3661,57,3718,42
2021-11-25,El Dorado,017,186661,16661,16399,1772,18171,161
2021-11-25,Fresno,019,978130,145147,143386,12611,155997,2246
2021-11-25,Glenn,021,27897,3570,3532,1015,4547,36
2021-11-25,Humboldt,023,135768,9553,9399,675,10074,115
2021-11-25,Imperial,025,180216,35156,34611,3586,38197,769
2021-11-25,Inyo,027,18085,2540,2506,55,2561,45
2021-11-25,Kern,029,883053,132072,130245,23816,154061,1773
2021-11-25,Kings,031,150075,33306,32891,2050,34941,358
2021-11-25,Lake,033,64148,6908,6836,152,6988,110
2021-11-25,Lassen,035,31185,7030,6959,424,7383,47
2021-11-25,Los Angeles,037,10098052,1462853,1454495,56232,1510727,26817
2021-11-25,Madera,039,155013,24196,23880,2258,26138,296
2021-11-25,Marin,041,260295,18021,17857,504,18361,248
2021-11-25,Mariposa,043,17540,1413,1374,59,1433,6
2021-11-25,Mendocino,045,87422,7987,7871,639,8510,89
2021-11-25,Merced,047,269075,43277,42921,1958,44879,664
2021-11-25,Modoc,049,8938,586,551,203,754,5
2021-11-25,Mono,051,14174,1847,1810,21,1831,4
2021-11-25,Monterey,053,433212,49570,48400,4075,52475,625
2021-11-25,Napa,055,140530,13331,13256,121,13377,104
2021-11-25,Nevada,057,99092,9764,9584,354,9938,103
2021-11-25,Orange,059,3164182,313650,310809,15885,326694,5665
2021-11-25,Placer,061,380077,38517,38001,3878,41879,468
2021-11-25,Plumas,063,18699,1909,1860,51,1911,7
2021-11-25,Riverside,065,2383286,371622,367601,16741,384342,5306
2021-11-25,Sacramento,067,1510023,163784,162328,4963,167291,2335
2021-11-25,San Benito,069,59416,7637,7575,186,7761,77
2021-11-25,San Bernardino,071,2135413,364041,360033,11661,371694,5932
2021-11-25,San Diego,073,3302833,386077,382634,22315,404949,4319
2021-11-25,San Francisco,075,870044,54557,53830,2732,56562,669
2021-11-25,San Joaquin,077,732212,102336,101368,5677,107045,1833
2021-11-25,San Luis Obispo,079,281455,30346,29983,1308,31291,358
2021-11-25,San Mateo,081,765935,55543,54360,1767,56127,577
2021-11-25,Santa Barbara,083,443738,46172,45318,1693,47011,548
2021-11-25,Santa Clara,085,1922200,151368,149700,1561,151261,1922
2021-11-25,Santa Cruz,087,273765,21243,20929,1059,21988,222
2021-11-25,Shasta,089,179085,22464,22151,3750,25901,396
2021-11-25,Sierra,091,2930,197,194,22,216,0
2021-11-25,Siskiyou,093,43540,3432,3336,1357,4693,54
2021-11-25,Solano,095,438530,46955,46163,1302,47465,356
2021-11-25,Sonoma,097,501317,42743,42368,555,42923,405
2021-11-25,Stanislaus,099,539301,81623,80782,9220,90002,1220
2021-11-25,Sutter,101,95872,14231,14127,385,14512,181
2021-11-25,Tehama,103,63373,8763,8675,1546,10221,129
2021-11-25,Trinity,105,12862,891,789,221,1010,17
2021-11-25,Tulare,107,460477,70554,69377,16157,85534,1082
2021-11-25,Tuolumne,109,53932,7649,7574,106,7680,90
2021-11-25,Ventura,111,848112,100075,99163,4425,103588,1188
2021-11-25,Yolo,113,214977,20365,20237,1240,21477,257
2021-11-25,Yuba,115,75493,10423,10335,376,10711,88
2021-11-24,Alameda,001,1643700,122441,121618,3011,124629,1477
2021-11-24,Alpine,003,1148,109,106,0,106,0
2021-11-24,Amador,005,37829,5722,5670,68,5738,66
2021-11-24,Butte,007,227075,21664,21384,3919,25303,309
2021-11-24,Calaveras,009,45235,4350,4294,63,4357,85
2021-11-24,Colusa,011,21464,2608,2568,671,3239,19
2021-11-24,Contra Costa,013,1133247,101607,100961,2353,103314,1045
2021-11-24,Del Norte,015,27424,3753,3661,57,3718,42
2021-11-24,El Dorado,017,186661,16649,16399,1771,18170,161
2021-11-24,Fresno,019,978130,145092,143386,12611,155997,2246
2021-11-24,Glenn,021,27897,3568,3532,1014,4546,36
2021-11-24,Humboldt,023,135768,9539,9399,675,10074,115
2021-11-24,Imperial,025,180216,35128,34611,3580,38191,769
2021-11-24,Inyo,027,18085,2537,2506,55,2561,45
2021-11-24,Kern,029,883053,132008,130245,23804,154049,1773
2021-11-24,Kings,031,150075,33293,32891,2048,34939,358
2021-11-24,Lake,033,64148,6904,6836,152,6988,110
2021-11-24,Lassen,035,31185,7030,6959,424,7383,47
2021-11-24,Los Angeles,037,10098052,1462371,1454495,56189,1510684,26817
2021-11-24,Madera,039,155013,24173,23880,2252,26132,296
2021-11-24,Marin,041,260295,18009,17857,502,18359,248
2021-11-24,Mariposa,043,17540,1413,1374,59,1433,6
2021-11-24,Mendocino,045,87422,7975,7871,639,8510,89
2021-11-24,Merced,047,269075,43245,42921,1955,44876,664
2021-11-24,Modoc,049,8938,586,551,203,754,5
2021-11-24,Mono,051,14174,1846,1810,21,1831,4
2021-11-24,Monterey,053,433212,49557,48400,4068,52468,625
2021-11-24,Napa,055,140530,13327,13256,121,13377,104
2021-11-24,Nevada,057,99092,9749,9584,354,9938,103
2021-11-24,Orange,059,3164182,313493,310809,15872,326681,5665
2021-11-24,Placer,061,380077,38484,38001,3876,41877,468
2021-11-24,Plumas,063,18699,1907,1860,51,1911,7
2021-11-24,Riverside,065,2383286,371442,367601,16735,384336,5306
2021-11-24,Sacramento,067,1510023,163711,162328,4963,167291,2335
2021-11-24,San Benito,069,59416,7635,7575,186,7761,77
2021-11-24,San Bernardino,071,2135413,363834,360033,11650,371683,5932
2021-11-24,San Diego,073,3302833,385822,382634,22302,404936,4319
2021-11-24,San Francisco,075,870044,54526,53830,2730,56560,669
2021-11-24,San Joaquin,077,732212,102295,101368,5674,107042,1833
2021-11-24,San Luis Obispo,079,281455,30328,29983,1308,31291,358
2021-11-24,San Mateo,081,765935,55513,54360,1766,56126,577
2021-11-24,Santa Barbara,083,443738,46145,45318,1693,47011,548
2021-11-24,Santa Clara,085,1922200,151272,149700,1561,151261,1922
2021-11-24,Santa Cruz,087,273765,21219,20929,1058,21987,222
2021-11-24,Shasta,089,179085,22453,22151,3747,25898,396
2021-11-24,Sierra,091,2930,197,194,22,216,0
2021-11-24,Siskiyou,093,43540,3430,3336,1357,4693,54
2021-11-24,Solano,095,438530,46927,46163,1300,47463,356
2021-11-24,Sonoma,097,501317,42712,42368,553,42921,405
2021-11-24,Stanislaus,099,539301,81585,80782,9215,89997,1220
2021-11-24,Sutter,101,95872,14218,14127,383,14510,181
2021-11-24,Tehama,103,63373,8760,8675,1545,10220,129
2021-11-24,Trinity,105,12862,891,789,221,1010,17
2021-11-24,Tulare,107,460477,70531,69377,16138,85515,1082
2021-11-24,Tuolumne,109,53932,7645,7574,106,7680,90
2021-11-24,Ventura,111,848112,100040,99163,4421,103584,1188
2021-11-24,Yolo,113,214977,20357,20237,1239,21476,257
2021-11-24,Yuba,115,75493,10419,10335,375,10710,88
2021-11-23,Alameda,001,1643700,122327,121618,3003,124621,1477
2021-11-23,Alpine,003,1148,109,106,0,106,0
2021-11-23,Amador,005,37829,5715,5670,68,5738,66
2021-11-23,Butte,007,227075,21635,21384,3915,25299,309
2021-11-23,Calaveras,009,45235,4344,4294,62,4356,85
2021-11-23,Colusa,011,21464,2604,2568,670,3238,19
2021-11-23,Contra Costa,013,1133247,101501,100961,2351,103312,1045
2021-11-23,Del Norte,015,27424,3750,3661,57,3718,42
2021-11-23,El Dorado,017,186661,16617,16399,1768,18167,161
2021-11-23,Fresno,019,978130,144956,143386,12601,155987,2246
2021-11-23,Glenn,021,27897,3562,3532,1014,4546,36
2021-11-23,Humboldt,023,135768,9517,9399,672,10071,115
2021-11-23,Imperial,025,180216,35058,34611,3559,38170,769
2021-11-23,Inyo,027,18085,2533,2506,55,2561,45
2021-11-23,Kern,029,883053,131903,130245,23756,154001,1773
2021-11-23,Kings,031,150075,33253,32891,2047,34938,358
2021-11-23,Lake,033,64148,6899,6836,152,6988,110
2021-11-23,Lassen,035,31185,7026,6959,421,7380,47
2021-11-23,Los Angeles,037,10098052,1461360,1454495,56128,1510623,26817
2021-11-23,Madera,039,155013,24147,23880,2249,26129,296
2021-11-23,Marin,041,260295,17978,17857,498,18355,248
2021-11-23,Mariposa,043,17540,1410,1374,59,1433,6
2021-11-23,Mendocino,045,87422,7954,7871,636,8507,89
2021-11-23,Merced,047,269075,43207,42921,1954,44875,664
2021-11-23,Modoc,049,8938,584,551,203,754,5
2021-11-23,Mono,051,14174,1836,1810,20,1830,4
2021-11-23,Monterey,053,433212,49521,48400,4054,52454,625
2021-11-23,Napa,055,140530,13318,13256,121,13377,104
2021-11-23,Nevada,057,99092,9720,9584,353,9937,103
2021-11-23,Orange,059,3164182,313242,310809,15838,326647,5665
2021-11-23,Placer,061,380077,38426,38001,3859,41860,468
2021-11-23,Plumas,063,18699,1903,1860,51,1911,7
2021-11-23,Riverside,065,2383286,371059,367601,16722,384323,5306
2021-11-23,Sacramento,067,1510023,163527,162328,4951,167279,2335
2021-11-23,San Benito,069,59416,7626,7575,184,7759,77
2021-11-23,San Bernardino,071,2135413,363421,360033,11636,371669,5932
2021-11-23,San Diego,073,3302833,385332,382634,22279,404913,4319
2021-11-23,San Francisco,075,870044,54466,53830,2726,56556,669
2021-11-23,San Joaquin,077,732212,102188,101368,5664,107032,1833
2021-11-23,San Luis Obispo,079,281455,30294,29983,1305,31288,358
2021-11-23,San Mateo,081,765935,55463,54360,1758,56118,577
2021-11-23,Santa Barbara,083,443738,46094,45318,1693,47011,548
2021-11-23,Santa Clara,085,1922200,151060,149700,1549,151249,1922
2021-11-23,Santa Cruz,087,273765,21181,20929,1058,21987,222
2021-11-23,Shasta,089,179085,22417,22151,3745,25896,396
2021-11-23,Sierra,091,2930,197,194,22,216,0
2021-11-23,Siskiyou,093,43540,3425,3336,1356,4692,54
2021-11-23,Solano,095,438530,46873,46163,1296,47459,356
2021-11-23,Sonoma,097,501317,42661,42368,550,42918,405
2021-11-23,Stanislaus,099,539301,81515,80782,9202,89984,1220
2021-11-23,Sutter,101,95872,14202,14127,382,14509,181
2021-11-23,Tehama,103,63373,8747,8675,1544,10219,129
2021-11-23,Trinity,105,12862,890,789,221,1010,17
2021-11-23,Tulare,107,460477,70484,69377,16108,85485,1082
2021-11-23,Tuolumne,109,53932,7634,7574,106,7680,90
2021-11-23,Ventura,111,848112,99957,99163,4415,103578,1188
2021-11-23,Yolo,113,214977,20336,20237,1231,21468,257
2021-11-23,Yuba,115,75493,10407,10335,375,10710,88
2021-11-22,Alameda,001,1643700,122216,121566,3000,124566,1475
2021-11-22,Alpine,003,1148,109,106,0,106,0
2021-11-22,Amador,005,37829,5702,5670,68,5738,66
2021-11-22,Butte,007,227075,21596,21363,3909,25272,305
2021-11-22,Calaveras,009,45235,4332,4294,62,4356,84
2021-11-22,Colusa,011,21464,2601,2565,670,3235,19
2021-11-22,Contra Costa,013,1133247,101415,100877,2346,103223,1045
2021-11-22,Del Norte,015,27424,3747,3659,57,3716,42
2021-11-22,El Dorado,017,186661,16594,16378,1765,18143,161
2021-11-22,Fresno,019,978130,144824,143290,12595,155885,2243
2021-11-22,Glenn,021,27897,3557,3530,1013,4543,36
2021-11-22,Humboldt,023,135768,9490,9389,667,10056,115
2021-11-22,Imperial,025,180216,34996,34562,3545,38107,766
2021-11-22,Inyo,027,18085,2527,2501,55,2556,44
2021-11-22,Kern,029,883053,131741,130091,23706,153797,1762
2021-11-22,Kings,031,150075,33217,32867,2042,34909,358
2021-11-22,Lake,033,64148,6894,6837,152,6989,110
2021-11-22,Lassen,035,31185,7025,6954,420,7374,47
2021-11-22,Los Angeles,037,10098052,1460298,1453945,56050,1509995,26800
2021-11-22,Madera,039,155013,24113,23872,2242,26114,296
2021-11-22,Marin,041,260295,17947,17842,496,18338,248
2021-11-22,Mariposa,043,17540,1406,1372,59,1431,6
2021-11-22,Mendocino,045,87422,7938,7859,635,8494,89
2021-11-22,Merced,047,269075,43156,42898,1943,44841,660
2021-11-22,Modoc,049,8938,583,551,203,754,5
2021-11-22,Mono,051,14174,1823,1809,20,1829,4
2021-11-22,Monterey,053,433212,49494,48374,4045,52419,611
2021-11-22,Napa,055,140530,13310,13255,120,13375,104
2021-11-22,Nevada,057,99092,9701,9575,351,9926,96
2021-11-22,Orange,059,3164182,312998,310654,15812,326466,5663
2021-11-22,Placer,061,380077,38381,37956,3851,41807,465
2021-11-22,Plumas,063,18699,1900,1858,51,1909,7
2021-11-22,Riverside,065,2383286,370624,367301,16712,384013,5283
2021-11-22,Sacramento,067,1510023,163335,162222,4942,167164,2328
2021-11-22,San Benito,069,59416,7606,7567,184,7751,77
2021-11-22,San Bernardino,071,2135413,363013,359851,11626,371477,5916
2021-11-22,San Diego,073,3302833,384837,382132,22255,404387,4317
2021-11-22,San Francisco,075,870044,54374,53778,2718,56496,669
2021-11-22,San Joaquin,077,732212,102063,101299,5659,106958,1833
2021-11-22,San Luis Obispo,079,281455,30268,29963,1304,31267,358
2021-11-22,San Mateo,081,765935,55406,54330,1753,56083,577
2021-11-22,Santa Barbara,083,443738,46023,45279,1693,46972,546
2021-11-22,Santa Clara,085,1922200,150874,149541,1539,151080,1919
2021-11-22,Santa Cruz,087,273765,21140,20891,1058,21949,222
2021-11-22,Shasta,089,179085,22403,22116,3740,25856,393
2021-11-22,Sierra,091,2930,197,193,22,215,0
2021-11-22,Siskiyou,093,43540,3420,3336,1354,4690,54
2021-11-22,Solano,095,438530,46825,46153,1294,47447,356
2021-11-22,Sonoma,097,501317,42604,42344,549,42893,404
2021-11-22,Stanislaus,099,539301,81426,80718,9193,89911,1209
2021-11-22,Sutter,101,95872,14186,14125,380,14505,181
2021-11-22,Tehama,103,63373,8740,8669,1539,10208,127
2021-11-22,Trinity,105,12862,889,785,221,1006,17
2021-11-22,Tulare,107,460477,70421,69314,16073,85387,1075
2021-11-22,Tuolumne,109,53932,7619,7567,106,7673,90
2021-11-22,Ventura,111,848112,99890,99114,4412,103526,1186
2021-11-22,Yolo,113,214977,20313,20227,1229,21456,257
2021-11-22,Yuba,115,75493,10398,10332,374,10706,88
2021-11-21,Alameda,001,1643700,122095,121443,2996,124439,1475
2021-11-21,Alpine,003,1148,107,106,0,106,0
2021-11-21,Amador,005,37829,5697,5662,67,5729,66
2021-11-21,Butte,007,227075,21555,21342,3904,25246,306
2021-11-21,Calaveras,009,45235,4323,4287,62,4349,84
2021-11-21,Colusa,011,21464,2597,2562,669,3231,19
2021-11-21,Contra Costa,013,1133247,101313,100807,2340,103147,1045
2021-11-21,Del Norte,015,27424,3743,3659,57,3716,42
2021-11-21,El Dorado,017,186661,16567,16370,1759,18129,161
2021-11-21,Fresno,019,978130,144658,143203,12581,155784,2242
2021-11-21,Glenn,021,27897,3554,3529,1013,4542,36
2021-11-21,Humboldt,023,135768,9468,9378,666,10044,115
2021-11-21,Imperial,025,180216,34907,34527,3533,38060,766
2021-11-21,Inyo,027,18085,2520,2501,55,2556,44
2021-11-21,Kern,029,883053,131577,130020,23661,153681,1762
2021-11-21,Kings,031,150075,33180,32843,2038,34881,356
2021-11-21,Lake,033,64148,6887,6834,152,6986,110
2021-11-21,Lassen,035,31185,7016,6953,420,7373,47
2021-11-21,Los Angeles,037,10098052,1459231,1453181,56002,1509183,26793
2021-11-21,Madera,039,155013,24087,23856,2237,26093,296
2021-11-21,Marin,041,260295,17918,17829,493,18322,248
2021-11-21,Mariposa,043,17540,1405,1371,58,1429,6
2021-11-21,Mendocino,045,87422,7932,7846,632,8478,89
2021-11-21,Merced,047,269075,43101,42881,1939,44820,660
2021-11-21,Modoc,049,8938,579,551,203,754,5
2021-11-21,Mono,051,14174,1815,1799,20,1819,4
2021-11-21,Monterey,053,433212,49448,48358,4030,52388,611
2021-11-21,Napa,055,140530,13298,13250,120,13370,104
2021-11-21,Nevada,057,99092,9674,9556,350,9906,96
2021-11-21,Orange,059,3164182,312744,310477,15780,326257,5663
2021-11-21,Placer,061,380077,38299,37929,3850,41779,465
2021-11-21,Plumas,063,18699,1899,1858,51,1909,7
2021-11-21,Riverside,065,2383286,370136,367093,16704,383797,5283
2021-11-21,Sacramento,067,1510023,163115,162087,4932,167019,2327
2021-11-21,San Benito,069,59416,7592,7563,183,7746,77
2021-11-21,San Bernardino,071,2135413,362535,359621,11591,371212,5912
2021-11-21,San Diego,073,3302833,384301,380747,22230,402977,4317
2021-11-21,San Francisco,075,870044,54306,53741,2710,56451,669
2021-11-21,San Joaquin,077,732212,101959,101264,5646,106910,1833
2021-11-21,San Luis Obispo,079,281455,30230,29948,1304,31252,358
2021-11-21,San Mateo,081,765935,55355,54290,1747,56037,577
2021-11-21,Santa Barbara,083,443738,45963,45237,1690,46927,546
2021-11-21,Santa Clara,085,1922200,150670,149387,1519,150906,1918
2021-11-21,Santa Cruz,087,273765,21096,20866,1056,21922,222
2021-11-21,Shasta,089,179085,22372,22112,3738,25850,393
2021-11-21,Sierra,091,2930,197,193,22,215,0
2021-11-21,Siskiyou,093,43540,3415,3333,1351,4684,54
2021-11-21,Solano,095,438530,46770,46122,1287,47409,356
2021-11-21,Sonoma,097,501317,42544,42298,548,42846,404
2021-11-21,Stanislaus,099,539301,81328,80687,9180,89867,1209
2021-11-21,Sutter,101,95872,14172,14111,380,14491,181
2021-11-21,Tehama,103,63373,8734,8669,1538,10207,127
2021-11-21,Trinity,105,12862,887,784,219,1003,17
2021-11-21,Tulare,107,460477,70339,69285,16035,85320,1075
2021-11-21,Tuolumne,109,53932,7611,7560,105,7665,90
2021-11-21,Ventura,111,848112,99799,99081,4408,103489,1186
2021-11-21,Yolo,113,214977,20286,20209,1226,21435,257
2021-11-21,Yuba,115,75493,10389,10326,374,10700,88
2021-11-20,Alameda,001,1643700,122004,121059,2989,124048,1473
2021-11-20,Alpine,003,1148,107,105,0,105,0
2021-11-20,Amador,005,37829,5691,5652,66,5718,66
2021-11-20,Butte,007,227075,21539,21265,3900,25165,300
2021-11-20,Calaveras,009,45235,4314,4268,62,4330,84
2021-11-20,Colusa,011,21464,2596,2549,668,3217,19
2021-11-20,Contra Costa,013,1133247,101235,100491,2336,102827,1043
2021-11-20,Del Norte,015,27424,3740,3637,57,3694,42
2021-11-20,El Dorado,017,186661,16546,16308,1757,18065,161
2021-11-20,Fresno,019,978130,144587,142579,12574,155153,2233
2021-11-20,Glenn,021,27897,3554,3526,1012,4538,35
2021-11-20,Humboldt,023,135768,9455,9302,664,9966,115
2021-11-20,Imperial,025,180216,34854,34312,3527,37839,766
2021-11-20,Inyo,027,18085,2519,2467,55,2522,44
2021-11-20,Kern,029,883053,131477,129488,23624,153112,1750
2021-11-20,Kings,031,150075,33170,32720,2038,34758,354
2021-11-20,Lake,033,64148,6884,6808,152,6960,110
2021-11-20,Lassen,035,31185,7015,6931,420,7351,47
2021-11-20,Los Angeles,037,10098052,1458619,1448963,55956,1504919,26741
2021-11-20,Madera,039,155013,24075,23720,2234,25954,296
2021-11-20,Marin,041,260295,17903,17774,493,18267,248
2021-11-20,Mariposa,043,17540,1404,1354,58,1412,6
2021-11-20,Mendocino,045,87422,7924,7773,632,8405,89
2021-11-20,Merced,047,269075,43076,42692,1939,44631,656
2021-11-20,Modoc,049,8938,578,550,203,753,5
2021-11-20,Mono,051,14174,1814,1767,20,1787,4
2021-11-20,Monterey,053,433212,49435,48260,4021,52281,609
2021-11-20,Napa,055,140530,13295,13184,120,13304,103
2021-11-20,Nevada,057,99092,9658,9480,350,9830,92
2021-11-20,Orange,059,3164182,312545,309672,15764,325436,5658
2021-11-20,Placer,061,380077,38258,37800,3845,41645,462
2021-11-20,Plumas,063,18699,1895,1841,51,1892,7
2021-11-20,Riverside,065,2383286,369864,365809,16691,382500,5265
2021-11-20,Sacramento,067,1510023,163012,161533,4928,166461,2316
2021-11-20,San Benito,069,59416,7588,7533,183,7716,77
2021-11-20,San Bernardino,071,2135413,362263,358322,11580,369902,5897
2021-11-20,San Diego,073,3302833,383970,380147,22203,402350,4311
2021-11-20,San Francisco,075,870044,54268,53525,2709,56234,669
2021-11-20,San Joaquin,077,732212,101910,100922,5641,106563,1832
2021-11-20,San Luis Obispo,079,281455,30215,29815,1303,31118,355
2021-11-20,San Mateo,081,765935,55320,54132,1743,55875,577
2021-11-20,Santa Barbara,083,443738,45931,45074,1690,46764,544
2021-11-20,Santa Clara,085,1922200,150565,148829,1518,150347,1917
2021-11-20,Santa Cruz,087,273765,21077,20756,1056,21812,222
2021-11-20,Shasta,089,179085,22348,21968,3737,25705,383
2021-11-20,Sierra,091,2930,197,191,22,213,0
2021-11-20,Siskiyou,093,43540,3412,3313,1351,4664,54
2021-11-20,Solano,095,438530,46749,46006,1287,47293,356
2021-11-20,Sonoma,097,501317,42513,42151,548,42699,403
2021-11-20,Stanislaus,099,539301,81281,80412,9175,89587,1205
2021-11-20,Sutter,101,95872,14164,14074,380,14454,181
2021-11-20,Tehama,103,63373,8729,8648,1538,10186,125
2021-11-20,Trinity,105,12862,883,771,219,990,17
2021-11-20,Tulare,107,460477,70303,69074,16014,85088,1054
2021-11-20,Tuolumne,109,53932,7602,7511,105,7616,90
2021-11-20,Ventura,111,848112,99750,98893,4401,103294,1186
2021-11-20,Yolo,113,214977,20279,20139,1222,21361,257
2021-11-20,Yuba,115,75493,10383,10290,373,10663,88
2021-11-19,Alameda,001,1643700,121933,121059,2986,124045,1473
2021-11-19,Alpine,003,1148,107,105,0,105,0
2021-11-19,Amador,005,37829,5681,5652,66,5718,66
2021-11-19,Butte,007,227075,21516,21265,3893,25158,300
2021-11-19,Calaveras,009,45235,4307,4268,62,4330,84
2021-11-19,Colusa,011,21464,2594,2549,667,3216,19
2021-11-19,Contra Costa,013,1133247,101179,100491,2331,102822,1043
2021-11-19,Del Norte,015,27424,3735,3637,57,3694,42
2021-11-19,El Dorado,017,186661,16525,16308,1755,18063,161
2021-11-19,Fresno,019,978130,144472,142579,12570,155149,2233
2021-11-19,Glenn,021,27897,3553,3526,1011,4537,35
2021-11-19,Humboldt,023,135768,9442,9302,661,9963,115
2021-11-19,Imperial,025,180216,34815,34312,3520,37832,766
2021-11-19,Inyo,027,18085,2515,2467,55,2522,44
2021-11-19,Kern,029,883053,131373,129488,23582,153070,1750
2021-11-19,Kings,031,150075,33144,32720,2036,34756,354
2021-11-19,Lake,033,64148,6881,6808,152,6960,110
2021-11-19,Lassen,035,31185,7011,6931,419,7350,47
2021-11-19,Los Angeles,037,10098052,1457940,1448963,55901,1504864,26741
2021-11-19,Madera,039,155013,24054,23720,2230,25950,296
2021-11-19,Marin,041,260295,17884,17774,491,18265,248
2021-11-19,Mariposa,043,17540,1402,1354,58,1412,6
2021-11-19,Mendocino,045,87422,7904,7773,632,8405,89
2021-11-19,Merced,047,269075,43050,42692,1938,44630,656
2021-11-19,Modoc,049,8938,577,550,203,753,5
2021-11-19,Mono,051,14174,1807,1767,20,1787,4
2021-11-19,Monterey,053,433212,49413,48260,4012,52272,609
2021-11-19,Napa,055,140530,13285,13184,119,13303,103
2021-11-19,Nevada,057,99092,9645,9480,350,9830,92
2021-11-19,Orange,059,3164182,312389,309672,15740,325412,5658
2021-11-19,Placer,061,380077,38221,37800,3841,41641,462
2021-11-19,Plumas,063,18699,1891,1841,51,1892,7
2021-11-19,Riverside,065,2383286,369592,365809,16686,382495,5265
2021-11-19,Sacramento,067,1510023,162890,161533,4924,166457,2316
2021-11-19,San Benito,069,59416,7582,7533,181,7714,77
2021-11-19,San Bernardino,071,2135413,361948,358322,11574,369896,5897
2021-11-19,San Diego,073,3302833,383569,380147,22176,402323,4311
2021-11-19,San Francisco,075,870044,54230,53525,2708,56233,669
2021-11-19,San Joaquin,077,732212,101854,100922,5637,106559,1832
2021-11-19,San Luis Obispo,079,281455,30197,29815,1301,31116,355
2021-11-19,San Mateo,081,765935,55271,54132,1732,55864,577
2021-11-19,Santa Barbara,083,443738,45895,45074,1690,46764,544
2021-11-19,Santa Clara,085,1922200,150417,148829,1515,150344,1917
2021-11-19,Santa Cruz,087,273765,21050,20756,1053,21809,222
2021-11-19,Shasta,089,179085,22336,21968,3736,25704,383
2021-11-19,Sierra,091,2930,197,191,22,213,0
2021-11-19,Siskiyou,093,43540,3409,3313,1351,4664,54
2021-11-19,Solano,095,438530,46719,46006,1283,47289,356
2021-11-19,Sonoma,097,501317,42480,42151,545,42696,403
2021-11-19,Stanislaus,099,539301,81222,80412,9165,89577,1205
2021-11-19,Sutter,101,95872,14162,14074,380,14454,181
2021-11-19,Tehama,103,63373,8726,8648,1538,10186,125
2021-11-19,Trinity,105,12862,881,771,219,990,17
2021-11-19,Tulare,107,460477,70264,69074,15985,85059,1054
2021-11-19,Tuolumne,109,53932,7591,7511,105,7616,90
2021-11-19,Ventura,111,848112,99684,98893,4397,103290,1186
2021-11-19,Yolo,113,214977,20270,20139,1219,21358,257
2021-11-19,Yuba,115,75493,10380,10290,373,10663,88
2021-11-18,Alameda,001,1643700,121814,121059,2977,124036,1473
2021-11-18,Alpine,003,1148,107,105,0,105,0
2021-11-18,Amador,005,37829,5679,5652,66,5718,66
2021-11-18,Butte,007,227075,21499,21265,3886,25151,300
2021-11-18,Calaveras,009,45235,4300,4268,61,4329,84
2021-11-18,Colusa,011,21464,2586,2549,667,3216,19
2021-11-18,Contra Costa,013,1133247,101077,100491,2323,102814,1043
2021-11-18,Del Norte,015,27424,3732,3637,57,3694,42
2021-11-18,El Dorado,017,186661,16506,16308,1752,18060,161
2021-11-18,Fresno,019,978130,144334,142579,12561,155140,2233
2021-11-18,Glenn,021,27897,3552,3526,1010,4536,35
2021-11-18,Humboldt,023,135768,9426,9302,656,9958,115
2021-11-18,Imperial,025,180216,34760,34312,3504,37816,766
2021-11-18,Inyo,027,18085,2507,2467,55,2522,44
2021-11-18,Kern,029,883053,131229,129488,23534,153022,1750
2021-11-18,Kings,031,150075,33107,32720,2033,34753,354
2021-11-18,Lake,033,64148,6876,6808,152,6960,110
2021-11-18,Lassen,035,31185,7008,6931,414,7345,47
2021-11-18,Los Angeles,037,10098052,1456960,1448963,55837,1504800,26741
2021-11-18,Madera,039,155013,24029,23720,2227,25947,296
2021-11-18,Marin,041,260295,17867,17774,487,18261,248
2021-11-18,Mariposa,043,17540,1399,1354,58,1412,6
2021-11-18,Mendocino,045,87422,7882,7773,623,8396,89
2021-11-18,Merced,047,269075,42993,42692,1936,44628,656
2021-11-18,Modoc,049,8938,566,550,203,753,5
2021-11-18,Mono,051,14174,1794,1767,20,1787,4
2021-11-18,Monterey,053,433212,49388,48260,4003,52263,609
2021-11-18,Napa,055,140530,13273,13184,118,13302,103
2021-11-18,Nevada,057,99092,9621,9480,350,9830,92
2021-11-18,Orange,059,3164182,312153,309672,15723,325395,5658
2021-11-18,Placer,061,380077,38179,37800,3830,41630,462
2021-11-18,Plumas,063,18699,1890,1841,51,1892,7
2021-11-18,Riverside,065,2383286,369220,365809,16673,382482,5265
2021-11-18,Sacramento,067,1510023,162661,161533,4909,166442,2316
2021-11-18,San Benito,069,59416,7572,7533,181,7714,77
2021-11-18,San Bernardino,071,2135413,361520,358322,11555,369877,5897
2021-11-18,San Diego,073,3302833,383064,380147,22160,402307,4311
2021-11-18,San Francisco,075,870044,54178,53525,2702,56227,669
2021-11-18,San Joaquin,077,732212,101761,100922,5628,106550,1832
2021-11-18,San Luis Obispo,079,281455,30167,29815,1300,31115,355
2021-11-18,San Mateo,081,765935,55213,54132,1723,55855,577
2021-11-18,Santa Barbara,083,443738,45851,45074,1683,46757,544
2021-11-18,Santa Clara,085,1922200,150233,148829,1507,150336,1917
2021-11-18,Santa Cruz,087,273765,20999,20756,1052,21808,222
2021-11-18,Shasta,089,179085,22300,21968,3731,25699,383
2021-11-18,Sierra,091,2930,196,191,22,213,0
2021-11-18,Siskiyou,093,43540,3409,3313,1346,4659,54
2021-11-18,Solano,095,438530,46677,46006,1281,47287,356
2021-11-18,Sonoma,097,501317,42432,42151,543,42694,403
2021-11-18,Stanislaus,099,539301,81155,80412,9158,89570,1205
2021-11-18,Sutter,101,95872,14151,14074,380,14454,181
2021-11-18,Tehama,103,63373,8721,8648,1538,10186,125
2021-11-18,Trinity,105,12862,880,771,219,990,17
2021-11-18,Tulare,107,460477,70194,69074,15937,85011,1054
2021-11-18,Tuolumne,109,53932,7583,7511,105,7616,90
2021-11-18,Ventura,111,848112,99606,98893,4393,103286,1186
2021-11-18,Yolo,113,214977,20253,20139,1214,21353,257
2021-11-18,Yuba,115,75493,10374,10290,373,10663,88
2021-11-17,Alameda,001,1643700,121695,120913,2975,123888,1472
2021-11-17,Alpine,003,1148,107,105,0,105,0
2021-11-17,Amador,005,37829,5672,5646,66,5712,66
2021-11-17,Butte,007,227075,21473,21230,3883,25113,300
2021-11-17,Calaveras,009,45235,4293,4259,61,4320,84
2021-11-17,Colusa,011,21464,2583,2546,666,3212,19
2021-11-17,Contra Costa,013,1133247,100985,100387,2319,102706,1039
2021-11-17,Del Norte,015,27424,3729,3630,57,3687,42
2021-11-17,El Dorado,017,186661,16487,16269,1751,18020,161
2021-11-17,Fresno,019,978130,144153,142366,12549,154915,2230
2021-11-17,Glenn,021,27897,3551,3527,1009,4536,34
2021-11-17,Humboldt,023,135768,9415,9270,653,9923,115
2021-11-17,Imperial,025,180216,34704,34256,3482,37738,766
2021-11-17,Inyo,027,18085,2501,2457,55,2512,44
2021-11-17,Kern,029,883053,131057,129307,23492,152799,1743
2021-11-17,Kings,031,150075,33079,32669,2029,34698,352
2021-11-17,Lake,033,64148,6872,6795,151,6946,110
2021-11-17,Lassen,035,31185,7006,6918,414,7332,47
2021-11-17,Los Angeles,037,10098052,1455859,1447947,55772,1503719,26721
2021-11-17,Madera,039,155013,23995,23673,2226,25899,287
2021-11-17,Marin,041,260295,17848,17757,485,18242,248
2021-11-17,Mariposa,043,17540,1395,1353,58,1411,6
2021-11-17,Mendocino,045,87422,7874,7735,622,8357,89
2021-11-17,Merced,047,269075,42932,42612,1933,44545,654
2021-11-17,Modoc,049,8938,562,540,203,743,5
2021-11-17,Mono,051,14174,1791,1765,20,1785,5
2021-11-17,Monterey,053,433212,49340,48221,3986,52207,609
2021-11-17,Napa,055,140530,13249,13167,118,13285,103
2021-11-17,Nevada,057,99092,9608,9447,350,9797,92
2021-11-17,Orange,059,3164182,311912,309396,15695,325091,5651
2021-11-17,Placer,061,380077,38130,37725,3821,41546,460
2021-11-17,Plumas,063,18699,1886,1833,51,1884,7
2021-11-17,Riverside,065,2383286,368808,365406,16658,382064,5229
2021-11-17,Sacramento,067,1510023,162490,161269,4901,166170,2302
2021-11-17,San Benito,069,59416,7565,7524,181,7705,77
2021-11-17,San Bernardino,071,2135413,361162,357947,11539,369486,5893
2021-11-17,San Diego,073,3302833,382567,379769,22133,401902,4301
2021-11-17,San Francisco,075,870044,54123,53469,2698,56167,667
2021-11-17,San Joaquin,077,732212,101659,100764,5623,106387,1828
2021-11-17,San Luis Obispo,079,281455,30141,29731,1297,31028,354
2021-11-17,San Mateo,081,765935,55145,54092,1707,55799,577
2021-11-17,Santa Barbara,083,443738,45814,45000,1683,46683,542
2021-11-17,Santa Clara,085,1922200,150070,148626,1499,150125,1915
2021-11-17,Santa Cruz,087,273765,20964,20700,1052,21752,222
2021-11-17,Shasta,089,179085,22267,21883,3729,25612,382
2021-11-17,Sierra,091,2930,195,189,22,211,0
2021-11-17,Siskiyou,093,43540,3405,3307,1343,4650,54
2021-11-17,Solano,095,438530,46644,45948,1280,47228,353
2021-11-17,Sonoma,097,501317,42386,42093,540,42633,403
2021-11-17,Stanislaus,099,539301,81065,80276,9148,89424,1199
2021-11-17,Sutter,101,95872,14137,14064,378,14442,181
2021-11-17,Tehama,103,63373,8712,8633,1535,10168,125
2021-11-17,Trinity,105,12862,879,765,219,984,17
2021-11-17,Tulare,107,460477,70123,68977,15910,84887,1047
2021-11-17,Tuolumne,109,53932,7567,7485,105,7590,90
2021-11-17,Ventura,111,848112,99545,98812,4387,103199,1183
2021-11-17,Yolo,113,214977,20234,20100,1211,21311,257
2021-11-17,Yuba,115,75493,10362,10275,369,10644,88
2021-11-16,Alameda,001,1643700,121588,120809,2971,123780,1467
2021-11-16,Alpine,003,1148,107,105,0,105,0
2021-11-16,Amador,005,37829,5666,5644,66,5710,66
2021-11-16,Butte,007,227075,21448,21208,3878,25086,297
2021-11-16,Calaveras,009,45235,4284,4249,61,4310,83
2021-11-16,Colusa,011,21464,2577,2538,666,3204,19
2021-11-16,Contra Costa,013,1133247,100863,100320,2316,102636,1038
2021-11-16,Del Norte,015,27424,3723,3630,57,3687,42
2021-11-16,El Dorado,017,186661,16462,16248,1749,17997,159
2021-11-16,Fresno,019,978130,143966,142200,12533,154733,2218
2021-11-16,Glenn,021,27897,3550,3527,1006,4533,34
2021-11-16,Humboldt,023,135768,9394,9252,648,9900,115
2021-11-16,Imperial,025,180216,34619,34177,3470,37647,766
2021-11-16,Inyo,027,18085,2494,2449,55,2504,42
2021-11-16,Kern,029,883053,130899,129136,23431,152567,1735
2021-11-16,Kings,031,150075,33027,32614,2024,34638,350
2021-11-16,Lake,033,64148,6867,6789,151,6940,110
2021-11-16,Lassen,035,31185,6996,6915,414,7329,47
2021-11-16,Los Angeles,037,10098052,1454695,1446815,55700,1502515,26703
2021-11-16,Madera,039,155013,23959,23642,2221,25863,287
2021-11-16,Marin,041,260295,17829,17736,484,18220,248
2021-11-16,Mariposa,043,17540,1387,1349,57,1406,6
2021-11-16,Mendocino,045,87422,7832,7723,618,8341,89
2021-11-16,Merced,047,269075,42895,42578,1926,44504,653
2021-11-16,Modoc,049,8938,561,539,202,741,5
2021-11-16,Mono,051,14174,1783,1767,20,1787,4
2021-11-16,Monterey,053,433212,49310,48195,3971,52166,609
2021-11-16,Napa,055,140530,13238,13151,118,13269,103
2021-11-16,Nevada,057,99092,9591,9435,348,9783,92
2021-11-16,Orange,059,3164182,311645,309170,15662,324832,5651
2021-11-16,Placer,061,380077,38087,37676,3815,41491,459
2021-11-16,Plumas,063,18699,1879,1832,51,1883,7
2021-11-16,Riverside,065,2383286,368387,365078,16636,381714,5208
2021-11-16,Sacramento,067,1510023,162311,161102,4888,165990,2299
2021-11-16,San Benito,069,59416,7551,7513,181,7694,77
2021-11-16,San Bernardino,071,2135413,360751,357528,11488,369016,5901
2021-11-16,San Diego,073,3302833,382011,379435,22105,401540,4287
2021-11-16,San Francisco,075,870044,54052,53415,2691,56106,667
2021-11-16,San Joaquin,077,732212,101519,100637,5607,106244,1807
2021-11-16,San Luis Obispo,079,281455,30110,29703,1294,30997,356
2021-11-16,San Mateo,081,765935,55083,54034,1700,55734,577
2021-11-16,Santa Barbara,083,443738,45746,44932,1680,46612,539
2021-11-16,Santa Clara,085,1922200,149891,148452,1487,149939,1916
2021-11-16,Santa Cruz,087,273765,20919,20684,1049,21733,222
2021-11-16,Shasta,089,179085,22228,21853,3725,25578,379
2021-11-16,Sierra,091,2930,195,189,22,211,0
2021-11-16,Siskiyou,093,43540,3402,3304,1341,4645,54
2021-11-16,Solano,095,438530,46603,45908,1279,47187,351
2021-11-16,Sonoma,097,501317,42337,42056,539,42595,401
2021-11-16,Stanislaus,099,539301,80966,80214,9126,89340,1196
2021-11-16,Sutter,101,95872,14125,14058,376,14434,181
2021-11-16,Tehama,103,63373,8705,8621,1528,10149,125
2021-11-16,Trinity,105,12862,879,762,218,980,17
2021-11-16,Tulare,107,460477,70045,68881,15875,84756,1039
2021-11-16,Tuolumne,109,53932,7558,7478,105,7583,90
2021-11-16,Ventura,111,848112,99469,98731,4384,103115,1183
2021-11-16,Yolo,113,214977,20196,20077,1209,21286,257
2021-11-16,Yuba,115,75493,10353,10262,367,10629,85
2021-11-15,Alameda,001,1643700,121436,120731,2966,123697,1464
2021-11-15,Alpine,003,1148,107,105,0,105,0
2021-11-15,Amador,005,37829,5662,5637,66,5703,66
2021-11-15,Butte,007,227075,21424,21182,3874,25056,296
2021-11-15,Calaveras,009,45235,4270,4237,61,4298,83
2021-11-15,Colusa,011,21464,2570,2535,663,3198,19
2021-11-15,Contra Costa,013,1133247,100758,100251,2312,102563,1038
2021-11-15,Del Norte,015,27424,3718,3630,56,3686,42
2021-11-15,El Dorado,017,186661,16438,16236,1745,17981,159
2021-11-15,Fresno,019,978130,143741,142015,12515,154530,2210
2021-11-15,Glenn,021,27897,3548,3526,1006,4532,34
2021-11-15,Humboldt,023,135768,9371,9230,640,9870,115
2021-11-15,Imperial,025,180216,34545,34130,3453,37583,766
2021-11-15,Inyo,027,18085,2489,2442,55,2497,42
2021-11-15,Kern,029,883053,130690,128928,23361,152289,1730
2021-11-15,Kings,031,150075,32993,32584,2020,34604,348
2021-11-15,Lake,033,64148,6863,6784,151,6935,109
2021-11-15,Lassen,035,31185,6986,6915,412,7327,47
2021-11-15,Los Angeles,037,10098052,1453507,1446114,55634,1501748,26677
2021-11-15,Madera,039,155013,23920,23605,2210,25815,287
2021-11-15,Marin,041,260295,17812,17723,483,18206,248
2021-11-15,Mariposa,043,17540,1386,1347,55,1402,6
2021-11-15,Mendocino,045,87422,7812,7694,612,8306,89
2021-11-15,Merced,047,269075,42836,42552,1916,44468,648
2021-11-15,Modoc,049,8938,560,538,202,740,5
2021-11-15,Mono,051,14174,1772,1763,20,1783,4
2021-11-15,Monterey,053,433212,49277,48154,3957,52111,609
2021-11-15,Napa,055,140530,13230,13143,118,13261,103
2021-11-15,Nevada,057,99092,9562,9420,348,9768,92
2021-11-15,Orange,059,3164182,311370,308859,15640,324499,5646
2021-11-15,Placer,061,380077,38023,37610,3811,41421,452
2021-11-15,Plumas,063,18699,1873,1829,51,1880,7
2021-11-15,Riverside,065,2383286,367941,364750,16617,381367,5199
2021-11-15,Sacramento,067,1510023,162089,160937,4875,165812,2293
2021-11-15,San Benito,069,59416,7546,7511,180,7691,77
2021-11-15,San Bernardino,071,2135413,360335,357306,11469,368775,5898
2021-11-15,San Diego,073,3302833,381461,378845,22080,400925,4284
2021-11-15,San Francisco,075,870044,53985,53374,2686,56060,667
2021-11-15,San Joaquin,077,732212,101366,100587,5596,106183,1799
2021-11-15,San Luis Obispo,079,281455,30067,29669,1282,30951,351
2021-11-15,San Mateo,081,765935,55030,54010,1688,55698,576
2021-11-15,Santa Barbara,083,443738,45691,44879,1674,46553,539
2021-11-15,Santa Clara,085,1922200,149672,148313,1480,149793,1914
2021-11-15,Santa Cruz,087,273765,20876,20630,1048,21678,223
2021-11-15,Shasta,089,179085,22182,21779,3720,25499,374
2021-11-15,Sierra,091,2930,195,189,22,211,0
2021-11-15,Siskiyou,093,43540,3395,3302,1339,4641,54
2021-11-15,Solano,095,438530,46566,45885,1276,47161,351
2021-11-15,Sonoma,097,501317,42286,42021,538,42559,401
2021-11-15,Stanislaus,099,539301,80880,80129,9112,89241,1174
2021-11-15,Sutter,101,95872,14112,14043,375,14418,181
2021-11-15,Tehama,103,63373,8699,8615,1527,10142,125
2021-11-15,Trinity,105,12862,877,757,215,972,17
2021-11-15,Tulare,107,460477,69958,68826,15830,84656,1039
2021-11-15,Tuolumne,109,53932,7548,7461,105,7566,90
2021-11-15,Ventura,111,848112,99384,98605,4379,102984,1183
2021-11-15,Yolo,113,214977,20166,20065,1204,21269,255
2021-11-15,Yuba,115,75493,10334,10254,363,10617,85
2021-11-14,Alameda,001,1643700,121268,120629,2962,123591,1461
2021-11-14,Alpine,003,1148,106,105,0,105,0
2021-11-14,Amador,005,37829,5655,5632,65,5697,66
2021-11-14,Butte,007,227075,21394,21146,3865,25011,296
2021-11-14,Calaveras,009,45235,4259,4222,61,4283,83
2021-11-14,Colusa,011,21464,2568,2532,660,3192,19
2021-11-14,Contra Costa,013,1133247,100651,100188,2310,102498,1038
2021-11-14,Del Norte,015,27424,3715,3629,56,3685,42
2021-11-14,El Dorado,017,186661,16397,16212,1740,17952,159
2021-11-14,Fresno,019,978130,143459,141869,12483,154352,2209
2021-11-14,Glenn,021,27897,3547,3521,1006,4527,34
2021-11-14,Humboldt,023,135768,9343,9215,630,9845,115
2021-11-14,Imperial,025,180216,34441,34078,3438,37516,766
2021-11-14,Inyo,027,18085,2477,2441,55,2496,42
2021-11-14,Kern,029,883053,130450,128842,23295,152137,1730
2021-11-14,Kings,031,150075,32936,32545,2013,34558,349
2021-11-14,Lake,033,64148,6855,6777,151,6928,109
2021-11-14,Lassen,035,31185,6976,6911,411,7322,47
2021-11-14,Los Angeles,037,10098052,1452151,1445284,55559,1500843,26667
2021-11-14,Madera,039,155013,23871,23566,2201,25767,287
2021-11-14,Marin,041,260295,17797,17712,483,18195,247
2021-11-14,Mariposa,043,17540,1376,1337,51,1388,6
2021-11-14,Mendocino,045,87422,7778,7684,608,8292,89
2021-11-14,Merced,047,269075,42746,42513,1910,44423,648
2021-11-14,Modoc,049,8938,558,538,202,740,5
2021-11-14,Mono,051,14174,1764,1760,20,1780,4
2021-11-14,Monterey,053,433212,49222,48135,3935,52070,609
2021-11-14,Napa,055,140530,13212,13132,118,13250,103
2021-11-14,Nevada,057,99092,9534,9408,348,9756,92
2021-11-14,Orange,059,3164182,311059,308699,15620,324319,5646
2021-11-14,Placer,061,380077,37942,37569,3801,41370,452
2021-11-14,Plumas,063,18699,1870,1829,50,1879,7
2021-11-14,Riverside,065,2383286,367444,364490,16600,381090,5199
2021-11-14,Sacramento,067,1510023,161853,160761,4858,165619,2295
2021-11-14,San Benito,069,59416,7535,7507,179,7686,77
2021-11-14,San Bernardino,071,2135413,359754,357014,11452,368466,5897
2021-11-14,San Diego,073,3302833,380862,377633,22043,399676,4280
2021-11-14,San Francisco,075,870044,53910,53338,2678,56016,667
2021-11-14,San Joaquin,077,732212,101239,100518,5591,106109,1799
2021-11-14,San Luis Obispo,079,281455,29985,29645,1278,30923,352
2021-11-14,San Mateo,081,765935,54977,53978,1680,55658,576
2021-11-14,Santa Barbara,083,443738,45613,44842,1671,46513,539
2021-11-14,Santa Clara,085,1922200,149473,148152,1470,149622,1913
2021-11-14,Santa Cruz,087,273765,20822,20609,1046,21655,223
2021-11-14,Shasta,089,179085,22130,21771,3707,25478,373
2021-11-14,Sierra,091,2930,195,189,22,211,0
2021-11-14,Siskiyou,093,43540,3386,3302,1338,4640,54
2021-11-14,Solano,095,438530,46510,45860,1269,47129,351
2021-11-14,Sonoma,097,501317,42220,41974,536,42510,401
2021-11-14,Stanislaus,099,539301,80747,80076,9099,89175,1174
2021-11-14,Sutter,101,95872,14095,14031,370,14401,181
2021-11-14,Tehama,103,63373,8689,8607,1525,10132,125
2021-11-14,Trinity,105,12862,874,754,213,967,17
2021-11-14,Tulare,107,460477,69838,68772,15772,84544,1037
2021-11-14,Tuolumne,109,53932,7530,7439,104,7543,90
2021-11-14,Ventura,111,848112,99265,98550,4377,102927,1183
2021-11-14,Yolo,113,214977,20139,20040,1198,21238,255
2021-11-14,Yuba,115,75493,10327,10238,361,10599,85
2021-11-13,Alameda,001,1643700,121199,120407,2960,123367,1454
2021-11-13,Alpine,003,1148,106,105,0,105,0
2021-11-13,Amador,005,37829,5654,5614,65,5679,66
2021-11-13,Butte,007,227075,21374,21104,3862,24966,296
2021-11-13,Calaveras,009,45235,4248,4203,61,4264,83
2021-11-13,Colusa,011,21464,2566,2522,660,3182,19
2021-11-13,Contra Costa,013,1133247,100579,100004,2304,102308,1028
2021-11-13,Del Norte,015,27424,3715,3629,56,3685,42
2021-11-13,El Dorado,017,186661,16385,16163,1737,17900,159
2021-11-13,Fresno,019,978130,143352,141452,12472,153924,2205
2021-11-13,Glenn,021,27897,3547,3514,1005,4519,34
2021-11-13,Humboldt,023,135768,9328,9177,624,9801,115
2021-11-13,Imperial,025,180216,34391,33990,3421,37411,766
2021-11-13,Inyo,027,18085,2471,2436,55,2491,42
2021-11-13,Kern,029,883053,130350,128472,23250,151722,1719
2021-11-13,Kings,031,150075,32919,32452,2012,34464,347
2021-11-13,Lake,033,64148,6850,6769,151,6920,109
2021-11-13,Lassen,035,31185,6971,6897,411,7308,47
2021-11-13,Los Angeles,037,10098052,1451499,1443088,55517,1498605,26649
2021-11-13,Madera,039,155013,23841,23462,2196,25658,287
2021-11-13,Marin,041,260295,17784,17684,481,18165,247
2021-11-13,Mariposa,043,17540,1373,1323,51,1374,6
2021-11-13,Mendocino,045,87422,7759,7652,606,8258,89
2021-11-13,Merced,047,269075,42708,42411,1907,44318,644
2021-11-13,Modoc,049,8938,557,536,202,738,5
2021-11-13,Mono,051,14174,1764,1750,20,1770,4
2021-11-13,Monterey,053,433212,49197,48087,3928,52015,609
2021-11-13,Napa,055,140530,13204,13110,118,13228,103
2021-11-13,Nevada,057,99092,9514,9369,346,9715,92
2021-11-13,Orange,059,3164182,310893,308211,15595,323806,5641
2021-11-13,Placer,061,380077,37892,37453,3798,41251,445
2021-11-13,Plumas,063,18699,1867,1828,50,1878,8
2021-11-13,Riverside,065,2383286,367139,363801,16593,380394,5187
2021-11-13,Sacramento,067,1510023,161720,160397,4845,165242,2291
2021-11-13,San Benito,069,59416,7522,7491,178,7669,77
2021-11-13,San Bernardino,071,2135413,359502,356325,11446,367771,5873
2021-11-13,San Diego,073,3302833,380526,377633,22013,399646,4280
2021-11-13,San Francisco,075,870044,53877,53195,2676,55871,667
2021-11-13,San Joaquin,077,732212,101182,100263,5582,105845,1799
2021-11-13,San Luis Obispo,079,281455,29955,29589,1276,30865,351
2021-11-13,San Mateo,081,765935,54940,53853,1676,55529,574
2021-11-13,Santa Barbara,083,443738,45580,44734,1671,46405,537
2021-11-13,Santa Clara,085,1922200,149356,147821,1464,149285,1905
2021-11-13,Santa Cruz,087,273765,20807,20565,1045,21610,223
2021-11-13,Shasta,089,179085,22099,21713,3703,25416,366
2021-11-13,Sierra,091,2930,194,188,22,210,0
2021-11-13,Siskiyou,093,43540,3377,3299,1337,4636,54
2021-11-13,Solano,095,438530,46481,45774,1265,47039,350
2021-11-13,Sonoma,097,501317,42186,41882,535,42417,399
2021-11-13,Stanislaus,099,539301,80669,79872,9085,88957,1174
2021-11-13,Sutter,101,95872,14085,14017,369,14386,181
2021-11-13,Tehama,103,63373,8683,8592,1521,10113,125
2021-11-13,Trinity,105,12862,873,749,213,962,17
2021-11-13,Tulare,107,460477,69771,68619,15749,84368,1033
2021-11-13,Tuolumne,109,53932,7514,7392,104,7496,90
2021-11-13,Ventura,111,848112,99202,98452,4374,102826,1183
2021-11-13,Yolo,113,214977,20123,20009,1193,21202,255
2021-11-13,Yuba,115,75493,10317,10218,359,10577,85
2021-11-12,Alameda,001,1643700,121118,120407,2957,123364,1454
2021-11-12,Alpine,003,1148,106,105,0,105,0
2021-11-12,Amador,005,37829,5648,5614,64,5678,66
2021-11-12,Butte,007,227075,21357,21104,3858,24962,296
2021-11-12,Calaveras,009,45235,4237,4203,61,4264,83
2021-11-12,Colusa,011,21464,2562,2522,659,3181,19
2021-11-12,Contra Costa,013,1133247,100524,100004,2303,102307,1028
2021-11-12,Del Norte,015,27424,3715,3629,56,3685,42
2021-11-12,El Dorado,017,186661,16366,16163,1736,17899,159
2021-11-12,Fresno,019,978130,143211,141452,12462,153914,2205
2021-11-12,Glenn,021,27897,3544,3514,1004,4518,34
2021-11-12,Humboldt,023,135768,9321,9177,622,9799,115
2021-11-12,Imperial,025,180216,34362,33990,3411,37401,766
2021-11-12,Inyo,027,18085,2467,2436,55,2491,42
2021-11-12,Kern,029,883053,130212,128472,23219,151691,1719
2021-11-12,Kings,031,150075,32893,32452,2011,34463,347
2021-11-12,Lake,033,64148,6846,6769,151,6920,109
2021-11-12,Lassen,035,31185,6967,6897,410,7307,47
2021-11-12,Los Angeles,037,10098052,1450778,1443088,55469,1498557,26649
2021-11-12,Madera,039,155013,23811,23462,2191,25653,287
2021-11-12,Marin,041,260295,17768,17684,480,18164,247
2021-11-12,Mariposa,043,17540,1366,1323,51,1374,6
2021-11-12,Mendocino,045,87422,7748,7652,603,8255,89
2021-11-12,Merced,047,269075,42681,42411,1905,44316,644
2021-11-12,Modoc,049,8938,556,536,202,738,5
2021-11-12,Mono,051,14174,1763,1750,20,1770,4
2021-11-12,Monterey,053,433212,49165,48087,3909,51996,609
2021-11-12,Napa,055,140530,13195,13110,118,13228,103
2021-11-12,Nevada,057,99092,9500,9369,345,9714,92
2021-11-12,Orange,059,3164182,310704,308211,15578,323789,5641
2021-11-12,Placer,061,380077,37852,37453,3795,41248,445
2021-11-12,Plumas,063,18699,1862,1828,50,1878,8
2021-11-12,Riverside,065,2383286,366873,363801,16589,380390,5187
2021-11-12,Sacramento,067,1510023,161563,160397,4840,165237,2291
2021-11-12,San Benito,069,59416,7522,7491,178,7669,77
2021-11-12,San Bernardino,071,2135413,359203,356325,11439,367764,5873
2021-11-12,San Diego,073,3302833,380152,377633,21989,399622,4280
2021-11-12,San Francisco,075,870044,53842,53195,2672,55867,667
2021-11-12,San Joaquin,077,732212,101134,100263,5576,105839,1799
2021-11-12,San Luis Obispo,079,281455,29926,29589,1275,30864,351
2021-11-12,San Mateo,081,765935,54891,53853,1671,55524,574
2021-11-12,Santa Barbara,083,443738,45526,44734,1670,46404,537
2021-11-12,Santa Clara,085,1922200,149212,147821,1459,149280,1905
2021-11-12,Santa Cruz,087,273765,20780,20565,1043,21608,223
2021-11-12,Shasta,089,179085,22067,21713,3700,25413,366
2021-11-12,Sierra,091,2930,193,188,22,210,0
2021-11-12,Siskiyou,093,43540,3376,3299,1335,4634,54
2021-11-12,Solano,095,438530,46454,45774,1261,47035,350
2021-11-12,Sonoma,097,501317,42145,41882,535,42417,399
2021-11-12,Stanislaus,099,539301,80616,79872,9077,88949,1174
2021-11-12,Sutter,101,95872,14077,14017,369,14386,181
2021-11-12,Tehama,103,63373,8679,8592,1520,10112,125
2021-11-12,Trinity,105,12862,866,749,213,962,17
2021-11-12,Tulare,107,460477,69729,68619,15714,84333,1033
2021-11-12,Tuolumne,109,53932,7502,7392,103,7495,90
2021-11-12,Ventura,111,848112,99137,98452,4373,102825,1183
2021-11-12,Yolo,113,214977,20109,20009,1187,21196,255
2021-11-12,Yuba,115,75493,10308,10218,358,10576,85
2021-11-11,Alameda,001,1643700,121002,120147,2949,123096,1453
2021-11-11,Alpine,003,1148,106,105,0,105,0
2021-11-11,Amador,005,37829,5644,5603,63,5666,66
2021-11-11,Butte,007,227075,21315,21047,3853,24900,293
2021-11-11,Calaveras,009,45235,4219,4179,61,4240,83
2021-11-11,Colusa,011,21464,2554,2518,657,3175,19
2021-11-11,Contra Costa,013,1133247,100419,99808,2298,102106,1028
2021-11-11,Del Norte,015,27424,3713,3622,56,3678,42
2021-11-11,El Dorado,017,186661,16330,16085,1733,17818,159
2021-11-11,Fresno,019,978130,143009,140833,12434,153267,2202
2021-11-11,Glenn,021,27897,3542,3503,1004,4507,34
2021-11-11,Humboldt,023,135768,9298,9125,619,9744,115
2021-11-11,Imperial,025,180216,34293,33844,3389,37233,766
2021-11-11,Inyo,027,18085,2462,2428,55,2483,42
2021-11-11,Kern,029,883053,130028,128023,23156,151179,1709
2021-11-11,Kings,031,150075,32842,32318,2009,34327,345
2021-11-11,Lake,033,64148,6839,6745,151,6896,107
2021-11-11,Lassen,035,31185,6961,6875,410,7285,47
2021-11-11,Los Angeles,037,10098052,1449690,1440436,55409,1495845,26614
2021-11-11,Madera,039,155013,23763,23316,2183,25499,287
2021-11-11,Marin,041,260295,17758,17639,480,18119,247
2021-11-11,Mariposa,043,17540,1356,1317,51,1368,6
2021-11-11,Mendocino,045,87422,7733,7612,594,8206,89
2021-11-11,Merced,047,269075,42625,42292,1903,44195,643
2021-11-11,Modoc,049,8938,554,536,202,738,5
2021-11-11,Mono,051,14174,1754,1743,20,1763,4
2021-11-11,Monterey,053,433212,49130,48008,3891,51899,609
2021-11-11,Napa,055,140530,13186,13075,118,13193,103
2021-11-11,Nevada,057,99092,9478,9308,345,9653,92
2021-11-11,Orange,059,3164182,310434,307674,15541,323215,5633
2021-11-11,Placer,061,380077,37801,37333,3787,41120,440
2021-11-11,Plumas,063,18699,1858,1814,50,1864,7
2021-11-11,Riverside,065,2383286,366442,362930,16571,379501,5175
2021-11-11,Sacramento,067,1510023,161351,159962,4821,164783,2289
2021-11-11,San Benito,069,59416,7514,7473,178,7651,76
2021-11-11,San Bernardino,071,2135413,358779,355413,11427,366840,5849
2021-11-11,San Diego,073,3302833,379637,376428,21965,398393,4272
2021-11-11,San Francisco,075,870044,53782,53063,2668,55731,666
2021-11-11,San Joaquin,077,732212,101038,99937,5560,105497,1799
2021-11-11,San Luis Obispo,079,281455,29875,29532,1273,30805,351
2021-11-11,San Mateo,081,765935,54840,53722,1656,55378,574
2021-11-11,Santa Barbara,083,443738,45469,44603,1667,46270,534
2021-11-11,Santa Clara,085,1922200,149030,147458,1453,148911,1901
2021-11-11,Santa Cruz,087,273765,20735,20479,1043,21522,222
2021-11-11,Shasta,089,179085,22020,21600,3698,25298,364
2021-11-11,Sierra,091,2930,192,186,22,208,0
2021-11-11,Siskiyou,093,43540,3370,3297,1334,4631,53
2021-11-11,Solano,095,438530,46416,45679,1260,46939,350
2021-11-11,Sonoma,097,501317,42108,41774,535,42309,395
2021-11-11,Stanislaus,099,539301,80529,79570,9063,88633,1166
2021-11-11,Sutter,101,95872,14064,13993,368,14361,181
2021-11-11,Tehama,103,63373,8667,8565,1518,10083,125
2021-11-11,Trinity,105,12862,865,748,213,961,17
2021-11-11,Tulare,107,460477,69638,68367,15677,84044,1028
2021-11-11,Tuolumne,109,53932,7489,7354,103,7457,90
2021-11-11,Ventura,111,848112,99049,98297,4367,102664,1182
2021-11-11,Yolo,113,214977,20082,19946,1185,21131,255
2021-11-11,Yuba,115,75493,10292,10191,358,10549,85
2021-11-10,Alameda,001,1643700,120894,120147,2940,123087,1453
2021-11-10,Alpine,003,1148,106,105,0,105,0
2021-11-10,Amador,005,37829,5638,5603,63,5666,66
2021-11-10,Butte,007,227075,21289,21047,3849,24896,293
2021-11-10,Calaveras,009,45235,4208,4179,61,4240,83
2021-11-10,Colusa,011,21464,2548,2518,657,3175,19
2021-11-10,Contra Costa,013,1133247,100336,99808,2293,102101,1028
2021-11-10,Del Norte,015,27424,3712,3622,56,3678,42
2021-11-10,El Dorado,017,186661,16314,16085,1732,17817,159
2021-11-10,Fresno,019,978130,142831,140833,12422,153255,2202
2021-11-10,Glenn,021,27897,3542,3503,1003,4506,34
2021-11-10,Humboldt,023,135768,9280,9125,619,9744,115
2021-11-10,Imperial,025,180216,34240,33844,3370,37214,766
2021-11-10,Inyo,027,18085,2455,2428,55,2483,42
2021-11-10,Kern,029,883053,129879,128023,23101,151124,1709
2021-11-10,Kings,031,150075,32810,32318,2007,34325,345
2021-11-10,Lake,033,64148,6829,6745,151,6896,107
2021-11-10,Lassen,035,31185,6956,6875,410,7285,47
2021-11-10,Los Angeles,037,10098052,1448744,1440436,55353,1495789,26614
2021-11-10,Madera,039,155013,23714,23316,2177,25493,287
2021-11-10,Marin,041,260295,17745,17639,478,18117,247
2021-11-10,Mariposa,043,17540,1350,1317,51,1368,6
2021-11-10,Mendocino,045,87422,7721,7612,593,8205,89
2021-11-10,Merced,047,269075,42590,42292,1901,44193,643
2021-11-10,Modoc,049,8938,553,536,201,737,5
2021-11-10,Mono,051,14174,1752,1743,20,1763,4
2021-11-10,Monterey,053,433212,49097,48008,3872,51880,609
2021-11-10,Napa,055,140530,13172,13075,117,13192,103
2021-11-10,Nevada,057,99092,9471,9308,342,9650,92
2021-11-10,Orange,059,3164182,310176,307674,15511,323185,5633
2021-11-10,Placer,061,380077,37756,37333,3780,41113,440
2021-11-10,Plumas,063,18699,1855,1814,49,1863,7
2021-11-10,Riverside,065,2383286,366062,362930,16565,379495,5175
2021-11-10,Sacramento,067,1510023,161198,159962,4811,164773,2289
2021-11-10,San Benito,069,59416,7506,7473,178,7651,76
2021-11-10,San Bernardino,071,2135413,358439,355413,11419,366832,5849
2021-11-10,San Diego,073,3302833,379224,376428,21941,398369,4272
2021-11-10,San Francisco,075,870044,53720,53063,2664,55727,666
2021-11-10,San Joaquin,077,732212,100931,99937,5554,105491,1799
2021-11-10,San Luis Obispo,079,281455,29845,29532,1272,30804,351
2021-11-10,San Mateo,081,765935,54787,53722,1651,55373,574
2021-11-10,Santa Barbara,083,443738,45431,44603,1666,46269,534
2021-11-10,Santa Clara,085,1922200,148883,147458,1446,148904,1901
2021-11-10,Santa Cruz,087,273765,20708,20479,1042,21521,222
2021-11-10,Shasta,089,179085,21984,21600,3696,25296,364
2021-11-10,Sierra,091,2930,191,186,22,208,0
2021-11-10,Siskiyou,093,43540,3368,3297,1334,4631,53
2021-11-10,Solano,095,438530,46386,45679,1258,46937,350
2021-11-10,Sonoma,097,501317,42057,41774,535,42309,395
2021-11-10,Stanislaus,099,539301,80427,79570,9046,88616,1166
2021-11-10,Sutter,101,95872,14056,13993,368,14361,181
2021-11-10,Tehama,103,63373,8656,8565,1512,10077,125
2021-11-10,Trinity,105,12862,861,748,212,960,17
2021-11-10,Tulare,107,460477,69577,68367,15637,84004,1028
2021-11-10,Tuolumne,109,53932,7465,7354,103,7457,90
2021-11-10,Ventura,111,848112,98975,98297,4367,102664,1182
2021-11-10,Yolo,113,214977,20064,19946,1185,21131,255
2021-11-10,Yuba,115,75493,10283,10191,358,10549,85
2021-11-09,Alameda,001,1643700,120757,120051,2931,122982,1450
2021-11-09,Alpine,003,1148,106,105,0,105,0
2021-11-09,Amador,005,37829,5634,5596,63,5659,66
2021-11-09,Butte,007,227075,21268,21022,3846,24868,291
2021-11-09,Calaveras,009,45235,4204,4174,61,4235,84
2021-11-09,Colusa,011,21464,2543,2517,656,3173,19
2021-11-09,Contra Costa,013,1133247,100243,99732,2286,102018,1028
2021-11-09,Del Norte,015,27424,3711,3620,56,3676,42
2021-11-09,El Dorado,017,186661,16276,16073,1727,17800,160
2021-11-09,Fresno,019,978130,142589,140666,12408,153074,2188
2021-11-09,Glenn,021,27897,3537,3499,1002,4501,34
2021-11-09,Humboldt,023,135768,9260,9112,614,9726,115
2021-11-09,Imperial,025,180216,34187,33751,3356,37107,766
2021-11-09,Inyo,027,18085,2451,2404,55,2459,42
2021-11-09,Kern,029,883053,129636,127901,23040,150941,1694
2021-11-09,Kings,031,150075,32743,32279,2003,34282,344
2021-11-09,Lake,033,64148,6820,6743,151,6894,106
2021-11-09,Lassen,035,31185,6944,6846,410,7256,47
2021-11-09,Los Angeles,037,10098052,1447506,1439125,55292,1494417,26581
2021-11-09,Madera,039,155013,23664,23285,2168,25453,287
2021-11-09,Marin,041,260295,17726,17630,476,18106,247
2021-11-09,Mariposa,043,17540,1342,1317,50,1367,5
2021-11-09,Mendocino,045,87422,7698,7598,587,8185,85
2021-11-09,Merced,047,269075,42548,42251,1897,44148,613
2021-11-09,Modoc,049,8938,552,536,199,735,5
2021-11-09,Mono,051,14174,1747,1738,20,1758,4
2021-11-09,Monterey,053,433212,49059,47975,3841,51816,609
2021-11-09,Napa,055,140530,13154,13051,117,13168,103
2021-11-09,Nevada,057,99092,9452,9288,342,9630,92
2021-11-09,Orange,059,3164182,309894,307412,15485,322897,5621
2021-11-09,Placer,061,380077,37702,37291,3763,41054,440
2021-11-09,Plumas,063,18699,1853,1802,49,1851,7
2021-11-09,Riverside,065,2383286,365597,362557,16550,379107,5160
2021-11-09,Sacramento,067,1510023,160959,159856,4800,164656,2286
2021-11-09,San Benito,069,59416,7495,7471,177,7648,76
2021-11-09,San Bernardino,071,2135413,357990,354972,11402,366374,5839
2021-11-09,San Diego,073,3302833,378723,375997,21909,397906,4272
2021-11-09,San Francisco,075,870044,53648,52996,2657,55653,666
2021-11-09,San Joaquin,077,732212,100753,99848,5541,105389,1794
2021-11-09,San Luis Obispo,079,281455,29804,29488,1271,30759,350
2021-11-09,San Mateo,081,765935,54739,53697,1637,55334,574
2021-11-09,Santa Barbara,083,443738,45364,44579,1658,46237,533
2021-11-09,Santa Clara,085,1922200,148677,147281,1439,148720,1901
2021-11-09,Santa Cruz,087,273765,20673,20463,1041,21504,222
2021-11-09,Shasta,089,179085,21929,21558,3691,25249,364
2021-11-09,Sierra,091,2930,191,186,22,208,0
2021-11-09,Siskiyou,093,43540,3366,3295,1332,4627,52
2021-11-09,Solano,095,438530,46332,45639,1257,46896,350
2021-11-09,Sonoma,097,501317,42002,41727,533,42260,395
2021-11-09,Stanislaus,099,539301,80323,79505,9030,88535,1165
2021-11-09,Sutter,101,95872,14041,13988,366,14354,180
2021-11-09,Tehama,103,63373,8638,8555,1510,10065,125
2021-11-09,Trinity,105,12862,860,746,212,958,17
2021-11-09,Tulare,107,460477,69474,68298,15597,83895,1024
2021-11-09,Tuolumne,109,53932,7446,7347,103,7450,90
2021-11-09,Ventura,111,848112,98894,98202,4362,102564,1182
2021-11-09,Yolo,113,214977,20040,19931,1181,21112,255
2021-11-09,Yuba,115,75493,10266,10175,352,10527,85
2021-11-08,Alameda,001,1643700,120618,119983,2924,122907,1447
2021-11-08,Alpine,003,1148,106,105,0,105,0
2021-11-08,Amador,005,37829,5628,5590,63,5653,66
2021-11-08,Butte,007,227075,21240,21000,3838,24838,288
2021-11-08,Calaveras,009,45235,4196,4166,61,4227,82
2021-11-08,Colusa,011,21464,2542,2514,655,3169,19
2021-11-08,Contra Costa,013,1133247,100141,99669,2281,101950,1028
2021-11-08,Del Norte,015,27424,3707,3619,56,3675,42
2021-11-08,El Dorado,017,186661,16257,16055,1722,17777,156
2021-11-08,Fresno,019,978130,142289,140466,12391,152857,2179
2021-11-08,Glenn,021,27897,3534,3496,998,4494,34
2021-11-08,Humboldt,023,135768,9233,9095,604,9699,109
2021-11-08,Imperial,025,180216,34108,33690,3338,37028,766
2021-11-08,Inyo,027,18085,2444,2398,55,2453,41
2021-11-08,Kern,029,883053,129400,127722,22958,150680,1692
2021-11-08,Kings,031,150075,32697,32248,2002,34250,344
2021-11-08,Lake,033,64148,6814,6737,151,6888,106
2021-11-08,Lassen,035,31185,6937,6830,408,7238,46
2021-11-08,Los Angeles,037,10098052,1446165,1438322,55233,1493555,26575
2021-11-08,Madera,039,155013,23615,23253,2157,25410,287
2021-11-08,Marin,041,260295,17709,17617,473,18090,247
2021-11-08,Mariposa,043,17540,1334,1316,49,1365,5
2021-11-08,Mendocino,045,87422,7684,7581,581,8162,85
2021-11-08,Merced,047,269075,42477,42224,1889,44113,607
2021-11-08,Modoc,049,8938,551,529,199,728,5
2021-11-08,Mono,051,14174,1741,1739,20,1759,4
2021-11-08,Monterey,053,433212,49018,47942,3808,51750,602
2021-11-08,Napa,055,140530,13140,13045,117,13162,103
2021-11-08,Nevada,057,99092,9434,9278,340,9618,92
2021-11-08,Orange,059,3164182,309618,307156,15454,322610,5616
2021-11-08,Placer,061,380077,37650,37250,3760,41010,439
2021-11-08,Plumas,063,18699,1852,1788,48,1836,7
2021-11-08,Riverside,065,2383286,365142,362201,16536,378737,5152
2021-11-08,Sacramento,067,1510023,160744,159735,4780,164515,2275
2021-11-08,San Benito,069,59416,7493,7461,177,7638,75
2021-11-08,San Bernardino,071,2135413,357487,354741,11383,366124,5836
2021-11-08,San Diego,073,3302833,378139,375557,21860,397417,4259
2021-11-08,San Francisco,075,870044,53594,52942,2651,55593,666
2021-11-08,San Joaquin,077,732212,100636,99736,5539,105275,1794
2021-11-08,San Luis Obispo,079,281455,29755,29464,1267,30731,350
2021-11-08,San Mateo,081,765935,54662,53658,1629,55287,574
2021-11-08,Santa Barbara,083,443738,45310,44548,1657,46205,532
2021-11-08,Santa Clara,085,1922200,148449,147183,1433,148616,1899
2021-11-08,Santa Cruz,087,273765,20645,20435,1041,21476,222
2021-11-08,Shasta,089,179085,21882,21504,3685,25189,354
2021-11-08,Sierra,091,2930,191,183,22,205,0
2021-11-08,Siskiyou,093,43540,3362,3290,1321,4611,50
2021-11-08,Solano,095,438530,46291,45613,1255,46868,350
2021-11-08,Sonoma,097,501317,41934,41669,531,42200,395
2021-11-08,Stanislaus,099,539301,80171,79417,9016,88433,1150
2021-11-08,Sutter,101,95872,14033,13976,362,14338,180
2021-11-08,Tehama,103,63373,8628,8534,1510,10044,123
2021-11-08,Trinity,105,12862,860,743,211,954,13
2021-11-08,Tulare,107,460477,69357,68199,15559,83758,1020
2021-11-08,Tuolumne,109,53932,7427,7328,102,7430,90
2021-11-08,Ventura,111,848112,98801,98144,4359,102503,1182
2021-11-08,Yolo,113,214977,20002,19916,1176,21092,255
2021-11-08,Yuba,115,75493,10255,10172,349,10521,83
2021-11-07,Alameda,001,1643700,120465,119902,2918,122820,1444
2021-11-07,Alpine,003,1148,106,105,0,105,0
2021-11-07,Amador,005,37829,5621,5580,61,5641,66
2021-11-07,Butte,007,227075,21200,20969,3829,24798,288
2021-11-07,Calaveras,009,45235,4169,4158,60,4218,82
2021-11-07,Colusa,011,21464,2536,2511,653,3164,19
2021-11-07,Contra Costa,013,1133247,100031,99596,2272,101868,1028
2021-11-07,Del Norte,015,27424,3705,3617,56,3673,42
2021-11-07,El Dorado,017,186661,16220,16040,1719,17759,156
2021-11-07,Fresno,019,978130,141948,140263,12369,152632,2179
2021-11-07,Glenn,021,27897,3527,3493,997,4490,34
2021-11-07,Humboldt,023,135768,9207,9074,600,9674,109
2021-11-07,Imperial,025,180216,34035,33674,3318,36992,766
2021-11-07,Inyo,027,18085,2431,2394,55,2449,41
2021-11-07,Kern,029,883053,129128,127583,22866,150449,1692
2021-11-07,Kings,031,150075,32606,32221,1997,34218,343
2021-11-07,Lake,033,64148,6798,6734,150,6884,106
2021-11-07,Lassen,035,31185,6928,6819,404,7223,46
2021-11-07,Los Angeles,037,10098052,1444679,1437314,55154,1492468,26573
2021-11-07,Madera,039,155013,23569,23225,2151,25376,287
2021-11-07,Marin,041,260295,17689,17594,472,18066,247
2021-11-07,Mariposa,043,17540,1333,1306,49,1355,5
2021-11-07,Mendocino,045,87422,7655,7567,577,8144,85
2021-11-07,Merced,047,269075,42396,42186,1859,44045,607
2021-11-07,Modoc,049,8938,548,528,198,726,5
2021-11-07,Mono,051,14174,1737,1739,20,1759,4
2021-11-07,Monterey,053,433212,48966,47924,3790,51714,602
2021-11-07,Napa,055,140530,13119,13041,117,13158,103
2021-11-07,Nevada,057,99092,9385,9254,340,9594,92
2021-11-07,Orange,059,3164182,309297,306954,15420,322374,5616
2021-11-07,Placer,061,380077,37573,37202,3745,40947,439
2021-11-07,Plumas,063,18699,1845,1787,47,1834,7
2021-11-07,Riverside,065,2383286,364608,361960,16517,378477,5152
2021-11-07,Sacramento,067,1510023,160513,159549,4762,164311,2277
2021-11-07,San Benito,069,59416,7480,7460,177,7637,75
2021-11-07,San Bernardino,071,2135413,356986,354488,11360,365848,5832
2021-11-07,San Diego,073,3302833,377553,375165,21825,396990,4250
2021-11-07,San Francisco,075,870044,53511,52868,2642,55510,666
2021-11-07,San Joaquin,077,732212,100450,99696,5533,105229,1794
2021-11-07,San Luis Obispo,079,281455,29706,29454,1263,30717,350
2021-11-07,San Mateo,081,765935,54603,53600,1627,55227,574
2021-11-07,Santa Barbara,083,443738,45247,44501,1656,46157,532
2021-11-07,Santa Clara,085,1922200,148247,147054,1419,148473,1898
2021-11-07,Santa Cruz,087,273765,20587,20397,1040,21437,222
2021-11-07,Shasta,089,179085,21835,21479,3679,25158,354
2021-11-07,Sierra,091,2930,189,183,22,205,0
2021-11-07,Siskiyou,093,43540,3356,3289,1318,4607,51
2021-11-07,Solano,095,438530,46237,45582,1250,46832,350
2021-11-07,Sonoma,097,501317,41885,41630,531,42161,395
2021-11-07,Stanislaus,099,539301,80017,79351,8995,88346,1150
2021-11-07,Sutter,101,95872,14020,13964,359,14323,180
2021-11-07,Tehama,103,63373,8605,8528,1508,10036,121
2021-11-07,Trinity,105,12862,859,742,210,952,13
2021-11-07,Tulare,107,460477,69204,68145,15516,83661,1020
2021-11-07,Tuolumne,109,53932,7409,7300,100,7400,90
2021-11-07,Ventura,111,848112,98697,98085,4357,102442,1182
2021-11-07,Yolo,113,214977,19982,19899,1171,21070,255
2021-11-07,Yuba,115,75493,10238,10162,344,10506,83
2021-11-06,Alameda,001,1643700,120406,119499,2915,122414,1436
2021-11-06,Alpine,003,1148,106,105,0,105,0
2021-11-06,Amador,005,37829,5615,5557,61,5618,66
2021-11-06,Butte,007,227075,21180,20796,3825,24621,288
2021-11-06,Calaveras,009,45235,4161,4105,60,4165,82
2021-11-06,Colusa,011,21464,2535,2501,652,3153,19
2021-11-06,Contra Costa,013,1133247,99977,99282,2270,101552,1025
2021-11-06,Del Norte,015,27424,3702,3607,56,3663,42
2021-11-06,El Dorado,017,186661,16203,15958,1719,17677,156
2021-11-06,Fresno,019,978130,141831,139249,12367,151616,2170
2021-11-06,Glenn,021,27897,3524,3479,997,4476,33
2021-11-06,Humboldt,023,135768,9195,8972,596,9568,109
2021-11-06,Imperial,025,180216,33989,33471,3312,36783,766
2021-11-06,Inyo,027,18085,2425,2353,55,2408,41
2021-11-06,Kern,029,883053,128995,126848,22813,149661,1684
2021-11-06,Kings,031,150075,32574,32018,1992,34010,342
2021-11-06,Lake,033,64148,6796,6695,150,6845,106
2021-11-06,Lassen,035,31185,6923,6796,403,7199,46
2021-11-06,Los Angeles,037,10098052,1443903,1433081,55109,1488190,26533
2021-11-06,Madera,039,155013,23533,22994,2142,25136,287
2021-11-06,Marin,041,260295,17670,17520,469,17989,247
2021-11-06,Mariposa,043,17540,1331,1282,49,1331,5
2021-11-06,Mendocino,045,87422,7633,7486,577,8063,85
2021-11-06,Merced,047,269075,42372,41958,1851,43809,604
2021-11-06,Modoc,049,8938,547,523,198,721,5
2021-11-06,Mono,051,14174,1736,1725,20,1745,4
2021-11-06,Monterey,053,433212,48935,47830,3773,51603,602
2021-11-06,Napa,055,140530,13108,12950,117,13067,103
2021-11-06,Nevada,057,99092,9363,9169,339,9508,91
2021-11-06,Orange,059,3164182,309088,306049,15394,321443,5611
2021-11-06,Placer,061,380077,37532,36967,3742,40709,438
2021-11-06,Plumas,063,18699,1841,1755,46,1801,7
2021-11-06,Riverside,065,2383286,364290,360584,16508,377092,5138
2021-11-06,Sacramento,067,1510023,160421,158766,4757,163523,2263
2021-11-06,San Benito,069,59416,7473,7429,177,7606,75
2021-11-06,San Bernardino,071,2135413,356715,353142,11356,364498,5813
2021-11-06,San Diego,073,3302833,377207,373423,21806,395229,4246
2021-11-06,San Francisco,075,870044,53457,52556,2639,55195,666
2021-11-06,San Joaquin,077,732212,100393,99372,5532,104904,1782
2021-11-06,San Luis Obispo,079,281455,29678,29335,1259,30594,350
2021-11-06,San Mateo,081,765935,54569,53442,1622,55064,574
2021-11-06,Santa Barbara,083,443738,45211,44301,1655,45956,532
2021-11-06,Santa Clara,085,1922200,148102,146519,1414,147933,1894
2021-11-06,Santa Cruz,087,273765,20568,20311,1038,21349,222
2021-11-06,Shasta,089,179085,21816,21281,3674,24955,349
2021-11-06,Sierra,091,2930,189,181,22,203,0
2021-11-06,Siskiyou,093,43540,3356,3279,1316,4595,48
2021-11-06,Solano,095,438530,46207,45465,1249,46714,350
2021-11-06,Sonoma,097,501317,41835,41398,530,41928,395
2021-11-06,Stanislaus,099,539301,79949,78902,8987,87889,1193
2021-11-06,Sutter,101,95872,14016,13908,358,14266,180
2021-11-06,Tehama,103,63373,8594,8474,1506,9980,120
2021-11-06,Trinity,105,12862,856,732,210,942,11
2021-11-06,Tulare,107,460477,69154,67767,15488,83255,1010
2021-11-06,Tuolumne,109,53932,7396,7245,100,7345,90
2021-11-06,Ventura,111,848112,98631,97770,4353,102123,1180
2021-11-06,Yolo,113,214977,19965,19827,1167,20994,255
2021-11-06,Yuba,115,75493,10224,10107,344,10451,83
2021-11-05,Alameda,001,1643700,120327,119499,2913,122412,1436
2021-11-05,Alpine,003,1148,106,105,0,105,0
2021-11-05,Amador,005,37829,5610,5557,61,5618,66
2021-11-05,Butte,007,227075,21166,20796,3824,24620,288
2021-11-05,Calaveras,009,45235,4156,4105,60,4165,82
2021-11-05,Colusa,011,21464,2535,2501,651,3152,19
2021-11-05,Contra Costa,013,1133247,99911,99282,2268,101550,1025
2021-11-05,Del Norte,015,27424,3700,3607,56,3663,42
2021-11-05,El Dorado,017,186661,16185,15958,1713,17671,156
2021-11-05,Fresno,019,978130,141653,139249,12358,151607,2170
2021-11-05,Glenn,021,27897,3524,3479,997,4476,33
2021-11-05,Humboldt,023,135768,9181,8972,596,9568,109
2021-11-05,Imperial,025,180216,33954,33471,3309,36780,766
2021-11-05,Inyo,027,18085,2417,2353,55,2408,41
2021-11-05,Kern,029,883053,128868,126848,22757,149605,1684
2021-11-05,Kings,031,150075,32551,32018,1991,34009,342
2021-11-05,Lake,033,64148,6790,6695,150,6845,106
2021-11-05,Lassen,035,31185,6919,6796,402,7198,46
2021-11-05,Los Angeles,037,10098052,1443085,1433081,55070,1488151,26533
2021-11-05,Madera,039,155013,23495,22994,2141,25135,287
2021-11-05,Marin,041,260295,17648,17520,468,17988,247
2021-11-05,Mariposa,043,17540,1328,1282,48,1330,5
2021-11-05,Mendocino,045,87422,7622,7486,576,8062,85
2021-11-05,Merced,047,269075,42346,41958,1847,43805,604
2021-11-05,Modoc,049,8938,547,523,198,721,5
2021-11-05,Mono,051,14174,1736,1725,20,1745,4
2021-11-05,Monterey,053,433212,48906,47830,3766,51596,602
2021-11-05,Napa,055,140530,13086,12950,117,13067,103
2021-11-05,Nevada,057,99092,9350,9169,339,9508,91
2021-11-05,Orange,059,3164182,308892,306049,15374,321423,5611
2021-11-05,Placer,061,380077,37506,36967,3732,40699,438
2021-11-05,Plumas,063,18699,1834,1755,46,1801,7
2021-11-05,Riverside,065,2383286,363949,360584,16498,377082,5138
2021-11-05,Sacramento,067,1510023,160298,158766,4751,163517,2263
2021-11-05,San Benito,069,59416,7471,7429,176,7605,75
2021-11-05,San Bernardino,071,2135413,356385,353142,11345,364487,5813
2021-11-05,San Diego,073,3302833,376842,373423,21793,395216,4246
2021-11-05,San Francisco,075,870044,53406,52556,2635,55191,666
2021-11-05,San Joaquin,077,732212,100340,99372,5523,104895,1782
2021-11-05,San Luis Obispo,079,281455,29656,29335,1259,30594,350
2021-11-05,San Mateo,081,765935,54530,53442,1620,55062,574
2021-11-05,Santa Barbara,083,443738,45167,44301,1654,45955,532
2021-11-05,Santa Clara,085,1922200,147964,146519,1413,147932,1894
2021-11-05,Santa Cruz,087,273765,20544,20311,1037,21348,222
2021-11-05,Shasta,089,179085,21784,21281,3669,24950,349
2021-11-05,Sierra,091,2930,189,181,22,203,0
2021-11-05,Siskiyou,093,43540,3351,3279,1315,4594,48
2021-11-05,Solano,095,438530,46161,45465,1246,46711,350
2021-11-05,Sonoma,097,501317,41795,41398,530,41928,395
2021-11-05,Stanislaus,099,539301,79891,78902,8975,87877,1193
2021-11-05,Sutter,101,95872,14008,13908,357,14265,180
2021-11-05,Tehama,103,63373,8587,8474,1505,9979,120
2021-11-05,Trinity,105,12862,856,732,210,942,11
2021-11-05,Tulare,107,460477,69084,67767,15450,83217,1010
2021-11-05,Tuolumne,109,53932,7379,7245,99,7344,90
2021-11-05,Ventura,111,848112,98585,97770,4350,102120,1180
2021-11-05,Yolo,113,214977,19955,19827,1166,20993,255
2021-11-05,Yuba,115,75493,10211,10107,342,10449,83
2021-11-04,Alameda,001,1643700,120215,119499,2906,122405,1436
2021-11-04,Alpine,003,1148,106,105,0,105,0
2021-11-04,Amador,005,37829,5602,5557,61,5618,66
2021-11-04,Butte,007,227075,21124,20796,3814,24610,288
2021-11-04,Calaveras,009,45235,4142,4105,58,4163,82
2021-11-04,Colusa,011,21464,2529,2501,650,3151,19
2021-11-04,Contra Costa,013,1133247,99818,99282,2263,101545,1025
2021-11-04,Del Norte,015,27424,3697,3607,56,3663,42
2021-11-04,El Dorado,017,186661,16159,15958,1709,17667,156
2021-11-04,Fresno,019,978130,141375,139249,12351,151600,2170
2021-11-04,Glenn,021,27897,3519,3479,996,4475,33
2021-11-04,Humboldt,023,135768,9156,8972,593,9565,109
2021-11-04,Imperial,025,180216,33895,33471,3300,36771,766
2021-11-04,Inyo,027,18085,2409,2353,55,2408,41
2021-11-04,Kern,029,883053,128635,126848,22692,149540,1684
2021-11-04,Kings,031,150075,32470,32018,1983,34001,342
2021-11-04,Lake,033,64148,6780,6695,148,6843,106
2021-11-04,Lassen,035,31185,6909,6796,397,7193,46
2021-11-04,Los Angeles,037,10098052,1441786,1433081,54986,1488067,26533
2021-11-04,Madera,039,155013,23440,22994,2130,25124,287
2021-11-04,Marin,041,260295,17635,17520,466,17986,247
2021-11-04,Mariposa,043,17540,1321,1282,48,1330,5
2021-11-04,Mendocino,045,87422,7609,7486,570,8056,85
2021-11-04,Merced,047,269075,42291,41958,1843,43801,604
2021-11-04,Modoc,049,8938,546,523,198,721,5
2021-11-04,Mono,051,14174,1733,1725,20,1745,4
2021-11-04,Monterey,053,433212,48861,47830,3742,51572,602
2021-11-04,Napa,055,140530,13065,12950,117,13067,103
2021-11-04,Nevada,057,99092,9319,9169,338,9507,91
2021-11-04,Orange,059,3164182,308641,306049,15356,321405,5611
2021-11-04,Placer,061,380077,37434,36967,3723,40690,438
2021-11-04,Plumas,063,18699,1826,1755,42,1797,7
2021-11-04,Riverside,065,2383286,363553,360584,16489,377073,5138
2021-11-04,Sacramento,067,1510023,160063,158766,4730,163496,2263
2021-11-04,San Benito,069,59416,7465,7429,176,7605,75
2021-11-04,San Bernardino,071,2135413,355952,353142,11338,364480,5813
2021-11-04,San Diego,073,3302833,376364,373423,21771,395194,4246
2021-11-04,San Francisco,075,870044,53328,52556,2631,55187,666
2021-11-04,San Joaquin,077,732212,100233,99372,5511,104883,1782
2021-11-04,San Luis Obispo,079,281455,29632,29335,1253,30588,350
2021-11-04,San Mateo,081,765935,54470,53442,1607,55049,574
2021-11-04,Santa Barbara,083,443738,45111,44301,1654,45955,532
2021-11-04,Santa Clara,085,1922200,147809,146519,1409,147928,1894
2021-11-04,Santa Cruz,087,273765,20509,20311,1037,21348,222
2021-11-04,Shasta,089,179085,21725,21281,3663,24944,349
2021-11-04,Sierra,091,2930,187,181,22,203,0
2021-11-04,Siskiyou,093,43540,3348,3279,1308,4587,48
2021-11-04,Solano,095,438530,46119,45465,1245,46710,350
2021-11-04,Sonoma,097,501317,41734,41398,530,41928,395
2021-11-04,Stanislaus,099,539301,79753,78902,8969,87871,1193
2021-11-04,Sutter,101,95872,13997,13908,355,14263,180
2021-11-04,Tehama,103,63373,8578,8474,1501,9975,120
2021-11-04,Trinity,105,12862,855,732,210,942,11
2021-11-04,Tulare,107,460477,68968,67767,15404,83171,1010
2021-11-04,Tuolumne,109,53932,7357,7245,97,7342,90
2021-11-04,Ventura,111,848112,98494,97770,4345,102115,1180
2021-11-04,Yolo,113,214977,19929,19827,1160,20987,255
2021-11-04,Yuba,115,75493,10197,10107,340,10447,83
2021-11-03,Alameda,001,1643700,120078,119356,2903,122259,1428
2021-11-03,Alpine,003,1148,106,105,0,105,0
2021-11-03,Amador,005,37829,5596,5545,60,5605,66
2021-11-03,Butte,007,227075,21079,20769,3805,24574,284
2021-11-03,Calaveras,009,45235,4124,4087,57,4144,82
2021-11-03,Colusa,011,21464,2523,2499,650,3149,20
2021-11-03,Contra Costa,013,1133247,99719,99168,2258,101426,1025
2021-11-03,Del Norte,015,27424,3695,3600,55,3655,42
2021-11-03,El Dorado,017,186661,16133,15915,1706,17621,156
2021-11-03,Fresno,019,978130,141012,138873,12332,151205,2166
2021-11-03,Glenn,021,27897,3515,3470,996,4466,33
2021-11-03,Humboldt,023,135768,9138,8949,588,9537,109
2021-11-03,Imperial,025,180216,33825,33402,3289,36691,766
2021-11-03,Inyo,027,18085,2389,2344,55,2399,41
2021-11-03,Kern,029,883053,128373,126523,22598,149121,1681
2021-11-03,Kings,031,150075,32415,31923,1975,33898,341
2021-11-03,Lake,033,64148,6764,6685,148,6833,106
2021-11-03,Lassen,035,31185,6893,6782,391,7173,46
2021-11-03,Los Angeles,037,10098052,1440439,1431209,54901,1486110,26517
2021-11-03,Madera,039,155013,23373,22893,2122,25015,287
2021-11-03,Marin,041,260295,17614,17491,462,17953,247
2021-11-03,Mariposa,043,17540,1311,1276,48,1324,5
2021-11-03,Mendocino,045,87422,7593,7457,562,8019,84
2021-11-03,Merced,047,269075,42229,41849,1833,43682,597
2021-11-03,Modoc,049,8938,546,521,196,717,5
2021-11-03,Mono,051,14174,1730,1719,20,1739,4
2021-11-03,Monterey,053,433212,48811,47794,3721,51515,601
2021-11-03,Napa,055,140530,13053,12937,116,13053,103
2021-11-03,Nevada,057,99092,9292,9131,337,9468,91
2021-11-03,Orange,059,3164182,308330,305661,15323,320984,5607
2021-11-03,Placer,061,380077,37364,36868,3718,40586,438
2021-11-03,Plumas,063,18699,1815,1739,41,1780,7
2021-11-03,Riverside,065,2383286,363095,360060,16485,376545,5131
2021-11-03,Sacramento,067,1510023,159837,158311,4719,163030,2259
2021-11-03,San Benito,069,59416,7457,7419,176,7595,75
2021-11-03,San Bernardino,071,2135413,355481,352225,11318,363543,5813
2021-11-03,San Diego,073,3302833,375854,372951,21745,394696,4241
2021-11-03,San Francisco,075,870044,53233,52493,2625,55118,663
2021-11-03,San Joaquin,077,732212,100121,99188,5500,104688,1776
2021-11-03,San Luis Obispo,079,281455,29590,29276,1247,30523,348
2021-11-03,San Mateo,081,765935,54405,53396,1596,54992,571
2021-11-03,Santa Barbara,083,443738,45055,44220,1651,45871,531
2021-11-03,Santa Clara,085,1922200,147641,146259,1402,147661,1897
2021-11-03,Santa Cruz,087,273765,20474,20275,1037,21312,222
2021-11-03,Shasta,089,179085,21667,21215,3656,24871,346
2021-11-03,Sierra,091,2930,185,180,22,202,0
2021-11-03,Siskiyou,093,43540,3344,3276,1306,4582,46
2021-11-03,Solano,095,438530,46092,45411,1243,46654,351
2021-11-03,Sonoma,097,501317,41657,41326,528,41854,395
2021-11-03,Stanislaus,099,539301,79623,78736,8954,87690,1193
2021-11-03,Sutter,101,95872,13984,13876,353,14229,179
2021-11-03,Tehama,103,63373,8567,8438,1501,9939,118
2021-11-03,Trinity,105,12862,854,730,210,940,11
2021-11-03,Tulare,107,460477,68842,67588,15361,82949,1007
2021-11-03,Tuolumne,109,53932,7340,7218,95,7313,90
2021-11-03,Ventura,111,848112,98377,97682,4341,102023,1178
2021-11-03,Yolo,113,214977,19913,19758,1152,20910,250
2021-11-03,Yuba,115,75493,10185,10092,340,10432,83
2021-11-02,Alameda,001,1643700,119941,119241,2897,122138,1425
2021-11-02,Alpine,003,1148,105,105,0,105,0
2021-11-02,Amador,005,37829,5591,5535,60,5595,66
2021-11-02,Butte,007,227075,21035,20744,3794,24538,282
2021-11-02,Calaveras,009,45235,4101,4075,56,4131,82
2021-11-02,Colusa,011,21464,2518,2497,649,3146,19
2021-11-02,Contra Costa,013,1133247,99616,99080,2245,101325,1025
2021-11-02,Del Norte,015,27424,3693,3596,55,3651,42
2021-11-02,El Dorado,017,186661,16104,15883,1706,17589,154
2021-11-02,Fresno,019,978130,140690,138644,12304,150948,2158
2021-11-02,Glenn,021,27897,3507,3469,993,4462,33
2021-11-02,Humboldt,023,135768,9097,8937,584,9521,109
2021-11-02,Imperial,025,180216,33752,33371,3277,36648,766
2021-11-02,Inyo,027,18085,2382,2324,55,2379,41
2021-11-02,Kern,029,883053,128118,126311,22479,148790,1665
2021-11-02,Kings,031,150075,32356,31896,1970,33866,339
2021-11-02,Lake,033,64148,6759,6681,147,6828,106
2021-11-02,Lassen,035,31185,6881,6777,388,7165,45
2021-11-02,Los Angeles,037,10098052,1438988,1429601,54824,1484425,26496
2021-11-02,Madera,039,155013,23291,22837,2111,24948,287
2021-11-02,Marin,041,260295,17586,17482,462,17944,247
2021-11-02,Mariposa,043,17540,1300,1270,47,1317,5
2021-11-02,Mendocino,045,87422,7569,7447,550,7997,84
2021-11-02,Merced,047,269075,42162,41785,1825,43610,596
2021-11-02,Modoc,049,8938,543,520,195,715,5
2021-11-02,Mono,051,14174,1727,1718,20,1738,4
2021-11-02,Monterey,053,433212,48760,47775,3695,51470,599
2021-11-02,Napa,055,140530,13035,12930,116,13046,104
2021-11-02,Nevada,057,99092,9262,9122,336,9458,91
2021-11-02,Orange,059,3164182,308015,305369,15277,320646,5600
2021-11-02,Placer,061,380077,37292,36817,3703,40520,438
2021-11-02,Plumas,063,18699,1804,1721,41,1762,7
2021-11-02,Riverside,065,2383286,362643,359586,16465,376051,5116
2021-11-02,Sacramento,067,1510023,159581,158112,4696,162808,2250
2021-11-02,San Benito,069,59416,7440,7407,176,7583,75
2021-11-02,San Bernardino,071,2135413,355007,351832,11264,363096,5813
2021-11-02,San Diego,073,3302833,375263,372440,21712,394152,4232
2021-11-02,San Francisco,075,870044,53114,52450,2620,55070,663
2021-11-02,San Joaquin,077,732212,99985,99076,5489,104565,1772
2021-11-02,San Luis Obispo,079,281455,29557,29224,1244,30468,348
2021-11-02,San Mateo,081,765935,54333,53351,1583,54934,571
2021-11-02,Santa Barbara,083,443738,44999,44177,1647,45824,531
2021-11-02,Santa Clara,085,1922200,147448,146115,1395,147510,1896
2021-11-02,Santa Cruz,087,273765,20441,20266,1036,21302,222
2021-11-02,Shasta,089,179085,21593,21127,3645,24772,344
2021-11-02,Sierra,091,2930,185,180,21,201,0
2021-11-02,Siskiyou,093,43540,3342,3272,1303,4575,46
2021-11-02,Solano,095,438530,46052,45378,1238,46616,350
2021-11-02,Sonoma,097,501317,41579,41288,527,41815,395
2021-11-02,Stanislaus,099,539301,79469,78629,8934,87563,1193
2021-11-02,Sutter,101,95872,13963,13868,353,14221,179
2021-11-02,Tehama,103,63373,8554,8422,1499,9921,116
2021-11-02,Trinity,105,12862,854,729,210,939,11
2021-11-02,Tulare,107,460477,68717,67502,15311,82813,1002
2021-11-02,Tuolumne,109,53932,7319,7204,93,7297,90
2021-11-02,Ventura,111,848112,98259,97574,4337,101911,1178
2021-11-02,Yolo,113,214977,19882,19736,1150,20886,250
2021-11-02,Yuba,115,75493,10162,10080,338,10418,83
2021-11-01,Alameda,001,1643700,119808,119159,2895,122054,1421
2021-11-01,Alpine,003,1148,105,105,0,105,0
2021-11-01,Amador,005,37829,5589,5532,60,5592,64
2021-11-01,Butte,007,227075,20985,20710,3789,24499,281
2021-11-01,Calaveras,009,45235,4091,4059,55,4114,82
2021-11-01,Colusa,011,21464,2516,2494,646,3140,19
2021-11-01,Contra Costa,013,1133247,99491,99011,2234,101245,1025
2021-11-01,Del Norte,015,27424,3691,3594,55,3649,42
2021-11-01,El Dorado,017,186661,16080,15858,1700,17558,154
2021-11-01,Fresno,019,978130,140314,138421,12275,150696,2149
2021-11-01,Glenn,021,27897,3500,3461,991,4452,33
2021-11-01,Humboldt,023,135768,9069,8929,579,9508,108
2021-11-01,Imperial,025,180216,33701,33342,3268,36610,766
2021-11-01,Inyo,027,18085,2370,2307,55,2362,41
2021-11-01,Kern,029,883053,127818,126092,22368,148460,1660
2021-11-01,Kings,031,150075,32304,31866,1968,33834,337
2021-11-01,Lake,033,64148,6748,6676,146,6822,106
2021-11-01,Lassen,035,31185,6866,6775,385,7160,42
2021-11-01,Los Angeles,037,10098052,1437615,1428891,54732,1483623,26483
2021-11-01,Madera,039,155013,23212,22801,2107,24908,283
2021-11-01,Marin,041,260295,17566,17460,461,17921,247
2021-11-01,Mariposa,043,17540,1292,1266,46,1312,5
2021-11-01,Mendocino,045,87422,7535,7422,532,7954,84
2021-11-01,Merced,047,269075,42074,41740,1823,43563,594
2021-11-01,Modoc,049,8938,538,520,193,713,5
2021-11-01,Mono,051,14174,1722,1714,20,1734,3
2021-11-01,Monterey,053,433212,48718,47756,3677,51433,597
2021-11-01,Napa,055,140530,13008,12916,115,13031,101
2021-11-01,Nevada,057,99092,9239,9108,335,9443,91
2021-11-01,Orange,059,3164182,307677,305192,15235,320427,5596
2021-11-01,Placer,061,380077,37209,36747,3691,40438,435
2021-11-01,Plumas,063,18699,1785,1719,39,1758,7
2021-11-01,Riverside,065,2383286,362142,359263,16443,375706,5115
2021-11-01,Sacramento,067,1510023,159309,157893,4671,162564,2239
2021-11-01,San Benito,069,59416,7430,7406,175,7581,73
2021-11-01,San Bernardino,071,2135413,354521,351620,11244,362864,5815
2021-11-01,San Diego,073,3302833,374681,372043,21692,393735,4232
2021-11-01,San Francisco,075,870044,53027,52418,2608,55026,661
2021-11-01,San Joaquin,077,732212,99822,98969,5482,104451,1772
2021-11-01,San Luis Obispo,079,281455,29513,29199,1240,30439,343
2021-11-01,San Mateo,081,765935,54269,53314,1577,54891,571
2021-11-01,Santa Barbara,083,443738,44933,44146,1643,45789,529
2021-11-01,Santa Clara,085,1922200,147251,145978,1390,147368,1907
2021-11-01,Santa Cruz,087,273765,20406,20238,1036,21274,221
2021-11-01,Shasta,089,179085,21540,21104,3638,24742,338
2021-11-01,Sierra,091,2930,185,180,21,201,0
2021-11-01,Siskiyou,093,43540,3335,3272,1298,4570,46
2021-11-01,Solano,095,438530,45993,45358,1238,46596,350
2021-11-01,Sonoma,097,501317,41506,41234,527,41761,395
2021-11-01,Stanislaus,099,539301,79340,78534,8919,87453,1193
2021-11-01,Sutter,101,95872,13939,13852,351,14203,179
2021-11-01,Tehama,103,63373,8526,8412,1498,9910,116
2021-11-01,Trinity,105,12862,852,727,210,937,11
2021-11-01,Tulare,107,460477,68574,67388,15259,82647,1002
2021-11-01,Tuolumne,109,53932,7303,7175,92,7267,90
2021-11-01,Ventura,111,848112,98178,97507,4331,101838,1178
2021-11-01,Yolo,113,214977,19862,19708,1143,20851,250
2021-11-01,Yuba,115,75493,10144,10066,335,10401,83
2021-10-31,Alameda,001,1643700,119669,119071,2892,121963,1419
2021-10-31,Alpine,003,1148,105,105,0,105,0
2021-10-31,Amador,005,37829,5578,5518,60,5578,64
2021-10-31,Butte,007,227075,20924,20689,3780,24469,281
2021-10-31,Calaveras,009,45235,4073,4052,54,4106,82
2021-10-31,Colusa,011,21464,2514,2493,643,3136,18
2021-10-31,Contra Costa,013,1133247,99365,98936,2231,101167,1025
2021-10-31,Del Norte,015,27424,3685,3591,55,3646,42
2021-10-31,El Dorado,017,186661,16034,15841,1697,17538,154
2021-10-31,Fresno,019,978130,139908,138165,12244,150409,2147
2021-10-31,Glenn,021,27897,3495,3459,991,4450,33
2021-10-31,Humboldt,023,135768,9022,8919,572,9491,108
2021-10-31,Imperial,025,180216,33625,33334,3256,36590,766
2021-10-31,Inyo,027,18085,2351,2309,55,2364,41
2021-10-31,Kern,029,883053,127450,125917,22246,148163,1666
2021-10-31,Kings,031,150075,32217,31814,1955,33769,338
2021-10-31,Lake,033,64148,6737,6665,146,6811,106
2021-10-31,Lassen,035,31185,6851,6768,380,7148,42
2021-10-31,Los Angeles,037,10098052,1436081,1427933,54644,1482577,26474
2021-10-31,Madera,039,155013,23117,22744,2094,24838,283
2021-10-31,Marin,041,260295,17538,17443,460,17903,247
2021-10-31,Mariposa,043,17540,1286,1257,45,1302,5
2021-10-31,Mendocino,045,87422,7493,7403,515,7918,84
2021-10-31,Merced,047,269075,41980,41699,1803,43502,589
2021-10-31,Modoc,049,8938,532,517,190,707,5
2021-10-31,Mono,051,14174,1719,1711,20,1731,3
2021-10-31,Monterey,053,433212,48677,47744,3652,51396,596
2021-10-31,Napa,055,140530,12991,12906,113,13019,101
2021-10-31,Nevada,057,99092,9202,9084,330,9414,91
2021-10-31,Orange,059,3164182,307331,305032,15154,320186,5596
2021-10-31,Placer,061,380077,37112,36698,3677,40375,435
2021-10-31,Plumas,063,18699,1767,1716,38,1754,7
2021-10-31,Riverside,065,2383286,361565,359005,16429,375434,5104
2021-10-31,Sacramento,067,1510023,158960,157667,4656,162323,2243
2021-10-31,San Benito,069,59416,7419,7397,171,7568,73
2021-10-31,San Bernardino,071,2135413,353990,351411,11230,362641,5810
2021-10-31,San Diego,073,3302833,374108,371603,21660,393263,4218
2021-10-31,San Francisco,075,870044,52919,52370,2600,54970,661
2021-10-31,San Joaquin,077,732212,99659,98893,5468,104361,1772
2021-10-31,San Luis Obispo,079,281455,29462,29176,1239,30415,343
2021-10-31,San Mateo,081,765935,54212,53284,1569,54853,571
2021-10-31,Santa Barbara,083,443738,44865,44113,1638,45751,529
2021-10-31,Santa Clara,085,1922200,147037,145829,1376,147205,1908
2021-10-31,Santa Cruz,087,273765,20371,20218,1035,21253,221
2021-10-31,Shasta,089,179085,21457,21086,3626,24712,338
2021-10-31,Sierra,091,2930,185,180,21,201,0
2021-10-31,Siskiyou,093,43540,3329,3271,1297,4568,46
2021-10-31,Solano,095,438530,45945,45310,1232,46542,350
2021-10-31,Sonoma,097,501317,41437,41183,524,41707,395
2021-10-31,Stanislaus,099,539301,79150,78426,8904,87330,1193
2021-10-31,Sutter,101,95872,13920,13838,348,14186,179
2021-10-31,Tehama,103,63373,8495,8391,1494,9885,116
2021-10-31,Trinity,105,12862,852,724,210,934,11
2021-10-31,Tulare,107,460477,68378,67310,15168,82478,1002
2021-10-31,Tuolumne,109,53932,7274,7141,91,7232,90
2021-10-31,Ventura,111,848112,98060,97460,4326,101786,1178
2021-10-31,Yolo,113,214977,19821,19662,1137,20799,250
2021-10-31,Yuba,115,75493,10126,10051,325,10376,83
2021-10-30,Alameda,001,1643700,119612,118632,2889,121521,1419
2021-10-30,Alpine,003,1148,105,105,0,105,0
2021-10-30,Amador,005,37829,5569,5480,59,5539,64
2021-10-30,Butte,007,227075,20909,20516,3774,24290,277
2021-10-30,Calaveras,009,45235,4066,3992,54,4046,82
2021-10-30,Colusa,011,21464,2514,2484,642,3126,19
2021-10-30,Contra Costa,013,1133247,99304,98562,2230,100792,1024
2021-10-30,Del Norte,015,27424,3682,3574,55,3629,42
2021-10-30,El Dorado,017,186661,16018,15752,1692,17444,154
2021-10-30,Fresno,019,978130,139765,136901,12239,149140,2131
2021-10-30,Glenn,021,27897,3491,3442,991,4433,33
2021-10-30,Humboldt,023,135768,9007,8871,570,9441,105
2021-10-30,Imperial,025,180216,33581,33156,3251,36407,766
2021-10-30,Inyo,027,18085,2348,2249,55,2304,41
2021-10-30,Kern,029,883053,127297,124892,22175,147067,1653
2021-10-30,Kings,031,150075,32180,31578,1951,33529,337
2021-10-30,Lake,033,64148,6732,6610,146,6756,106
2021-10-30,Lassen,035,31185,6845,6719,378,7097,42
2021-10-30,Los Angeles,037,10098052,1435361,1424257,54590,1478847,26625
2021-10-30,Madera,039,155013,23073,22524,2089,24613,283
2021-10-30,Marin,041,260295,17523,17380,458,17838,247
2021-10-30,Mariposa,043,17540,1283,1228,45,1273,5
2021-10-30,Mendocino,045,87422,7471,7338,513,7851,84
2021-10-30,Merced,047,269075,41940,41428,1801,43229,586
2021-10-30,Modoc,049,8938,531,513,188,701,5
2021-10-30,Mono,051,14174,1719,1684,20,1704,3
2021-10-30,Monterey,053,433212,48660,47649,3641,51290,588
2021-10-30,Napa,055,140530,12978,12863,112,12975,101
2021-10-30,Nevada,057,99092,9183,9015,330,9345,91
2021-10-30,Orange,059,3164182,307155,304120,15135,319255,5588
2021-10-30,Placer,061,380077,37066,36400,3671,40071,434
2021-10-30,Plumas,063,18699,1762,1695,38,1733,7
2021-10-30,Riverside,065,2383286,361265,357645,16420,374065,5088
2021-10-30,Sacramento,067,1510023,158804,157125,4646,161771,2233
2021-10-30,San Benito,069,59416,7412,7362,171,7533,71
2021-10-30,San Bernardino,071,2135413,353714,350076,11215,361291,5777
2021-10-30,San Diego,073,3302833,373738,370006,21636,391642,4213
2021-10-30,San Francisco,075,870044,52890,52161,2598,54759,661
2021-10-30,San Joaquin,077,732212,99603,98314,5467,103781,1768
2021-10-30,San Luis Obispo,079,281455,29430,29053,1236,30289,341
2021-10-30,San Mateo,081,765935,54172,53083,1564,54647,571
2021-10-30,Santa Barbara,083,443738,44830,43972,1637,45609,528
2021-10-30,Santa Clara,085,1922200,146932,145262,1372,146634,1903
2021-10-30,Santa Cruz,087,273765,20353,20134,1033,21167,221
2021-10-30,Shasta,089,179085,21412,20878,3620,24498,332
2021-10-30,Sierra,091,2930,185,175,21,196,0
2021-10-30,Siskiyou,093,43540,3328,3257,1294,4551,46
2021-10-30,Solano,095,438530,45924,45146,1231,46377,346
2021-10-30,Sonoma,097,501317,41398,40924,524,41448,393
2021-10-30,Stanislaus,099,539301,79081,77871,8897,86768,1191
2021-10-30,Sutter,101,95872,13907,13773,348,14121,178
2021-10-30,Tehama,103,63373,8484,8307,1489,9796,114
2021-10-30,Trinity,105,12862,850,708,209,917,11
2021-10-30,Tulare,107,460477,68308,66745,15120,81865,995
2021-10-30,Tuolumne,109,53932,7250,7050,90,7140,90
2021-10-30,Ventura,111,848112,98015,97182,4325,101507,1174
2021-10-30,Yolo,113,214977,19801,19568,1135,20703,250
2021-10-30,Yuba,115,75493,10115,9969,325,10294,82
2021-10-29,Alameda,001,1643700,119536,118632,2885,121517,1419
2021-10-29,Alpine,003,1148,105,105,0,105,0
2021-10-29,Amador,005,37829,5558,5480,59,5539,64
2021-10-29,Butte,007,227075,20885,20516,3764,24280,277
2021-10-29,Calaveras,009,45235,4059,3992,54,4046,82
2021-10-29,Colusa,011,21464,2514,2484,640,3124,19
2021-10-29,Contra Costa,013,1133247,99238,98562,2228,100790,1024
2021-10-29,Del Norte,015,27424,3675,3574,55,3629,42
2021-10-29,El Dorado,017,186661,16004,15752,1692,17444,154
2021-10-29,Fresno,019,978130,139551,136901,12228,149129,2131
2021-10-29,Glenn,021,27897,3489,3442,990,4432,33
2021-10-29,Humboldt,023,135768,9002,8871,569,9440,105
2021-10-29,Imperial,025,180216,33554,33156,3248,36404,766
2021-10-29,Inyo,027,18085,2345,2249,55,2304,41
2021-10-29,Kern,029,883053,127120,124892,22085,146977,1653
2021-10-29,Kings,031,150075,32145,31578,1949,33527,337
2021-10-29,Lake,033,64148,6723,6610,144,6754,106
2021-10-29,Lassen,035,31185,6836,6719,375,7094,42
2021-10-29,Los Angeles,037,10098052,1434519,1424257,54547,1478804,26625
2021-10-29,Madera,039,155013,23021,22524,2084,24608,283
2021-10-29,Marin,041,260295,17507,17380,457,17837,247
2021-10-29,Mariposa,043,17540,1279,1228,45,1273,5
2021-10-29,Mendocino,045,87422,7463,7338,513,7851,84
2021-10-29,Merced,047,269075,41890,41428,1795,43223,586
2021-10-29,Modoc,049,8938,529,513,187,700,5
2021-10-29,Mono,051,14174,1716,1684,20,1704,3
2021-10-29,Monterey,053,433212,48636,47649,3633,51282,588
2021-10-29,Napa,055,140530,12957,12863,112,12975,101
2021-10-29,Nevada,057,99092,9171,9015,330,9345,91
2021-10-29,Orange,059,3164182,306930,304120,15118,319238,5588
2021-10-29,Placer,061,380077,37030,36400,3660,40060,434
2021-10-29,Plumas,063,18699,1756,1695,38,1733,7
2021-10-29,Riverside,065,2383286,360930,357645,16415,374060,5088
2021-10-29,Sacramento,067,1510023,158616,157125,4637,161762,2233
2021-10-29,San Benito,069,59416,7409,7362,171,7533,71
2021-10-29,San Bernardino,071,2135413,353417,350076,11206,361282,5777
2021-10-29,San Diego,073,3302833,373363,370006,21607,391613,4213
2021-10-29,San Francisco,075,870044,52831,52161,2591,54752,661
2021-10-29,San Joaquin,077,732212,99546,98314,5462,103776,1768
2021-10-29,San Luis Obispo,079,281455,29404,29053,1234,30287,341
2021-10-29,San Mateo,081,765935,54129,53083,1558,54641,571
2021-10-29,Santa Barbara,083,443738,44790,43972,1634,45606,528
2021-10-29,Santa Clara,085,1922200,146817,145262,1364,146626,1903
2021-10-29,Santa Cruz,087,273765,20346,20134,1032,21166,221
2021-10-29,Shasta,089,179085,21373,20878,3614,24492,332
2021-10-29,Sierra,091,2930,183,175,21,196,0
2021-10-29,Siskiyou,093,43540,3328,3257,1293,4550,46
2021-10-29,Solano,095,438530,45888,45146,1230,46376,346
2021-10-29,Sonoma,097,501317,41377,40924,524,41448,393
2021-10-29,Stanislaus,099,539301,78996,77871,8886,86757,1191
2021-10-29,Sutter,101,95872,13888,13773,348,14121,178
2021-10-29,Tehama,103,63373,8471,8307,1488,9795,114
2021-10-29,Trinity,105,12862,849,708,209,917,11
2021-10-29,Tulare,107,460477,68206,66745,15076,81821,995
2021-10-29,Tuolumne,109,53932,7237,7050,90,7140,90
2021-10-29,Ventura,111,848112,97960,97182,4323,101505,1174
2021-10-29,Yolo,113,214977,19783,19568,1131,20699,250
2021-10-29,Yuba,115,75493,10107,9969,321,10290,82
2021-10-28,Alameda,001,1643700,119413,118632,2878,121510,1419
2021-10-28,Alpine,003,1148,105,105,0,105,0
2021-10-28,Amador,005,37829,5545,5480,59,5539,64
2021-10-28,Butte,007,227075,20845,20516,3755,24271,277
2021-10-28,Calaveras,009,45235,4046,3992,54,4046,82
2021-10-28,Colusa,011,21464,2511,2484,639,3123,19
2021-10-28,Contra Costa,013,1133247,99107,98562,2221,100783,1024
2021-10-28,Del Norte,015,27424,3674,3574,55,3629,42
2021-10-28,El Dorado,017,186661,15978,15752,1689,17441,154
2021-10-28,Fresno,019,978130,139221,136901,12201,149102,2131
2021-10-28,Glenn,021,27897,3485,3442,987,4429,33
2021-10-28,Humboldt,023,135768,8986,8871,564,9435,105
2021-10-28,Imperial,025,180216,33489,33156,3242,36398,766
2021-10-28,Inyo,027,18085,2328,2249,55,2304,41
2021-10-28,Kern,029,883053,126875,124892,21971,146863,1653
2021-10-28,Kings,031,150075,32078,31578,1944,33522,337
2021-10-28,Lake,033,64148,6713,6610,144,6754,106
2021-10-28,Lassen,035,31185,6826,6719,371,7090,42
2021-10-28,Los Angeles,037,10098052,1433387,1424257,54472,1478729,26625
2021-10-28,Madera,039,155013,22967,22524,2073,24597,283
2021-10-28,Marin,041,260295,17489,17380,456,17836,247
2021-10-28,Mariposa,043,17540,1275,1228,45,1273,5
2021-10-28,Mendocino,045,87422,7450,7338,502,7840,84
2021-10-28,Merced,047,269075,41805,41428,1784,43212,586
2021-10-28,Modoc,049,8938,528,513,187,700,5
2021-10-28,Mono,051,14174,1711,1684,20,1704,3
2021-10-28,Monterey,053,433212,48607,47649,3608,51257,588
2021-10-28,Napa,055,140530,12948,12863,111,12974,101
2021-10-28,Nevada,057,99092,9153,9015,330,9345,91
2021-10-28,Orange,059,3164182,306644,304120,15054,319174,5588
2021-10-28,Placer,061,380077,36951,36400,3651,40051,434
2021-10-28,Plumas,063,18699,1748,1695,38,1733,7
2021-10-28,Riverside,065,2383286,360492,357645,16391,374036,5088
2021-10-28,Sacramento,067,1510023,158350,157125,4625,161750,2233
2021-10-28,San Benito,069,59416,7401,7362,171,7533,71
2021-10-28,San Bernardino,071,2135413,353003,350076,11184,361260,5777
2021-10-28,San Diego,073,3302833,372890,370006,21584,391590,4213
2021-10-28,San Francisco,075,870044,52786,52161,2584,54745,661
2021-10-28,San Joaquin,077,732212,99418,98314,5461,103775,1768
2021-10-28,San Luis Obispo,079,281455,29375,29053,1231,30284,341
2021-10-28,San Mateo,081,765935,54085,53083,1552,54635,571
2021-10-28,Santa Barbara,083,443738,44751,43972,1632,45604,528
2021-10-28,Santa Clara,085,1922200,146659,145262,1358,146620,1903
2021-10-28,Santa Cruz,087,273765,20322,20134,1032,21166,221
2021-10-28,Shasta,089,179085,21297,20878,3607,24485,332
2021-10-28,Sierra,091,2930,182,175,21,196,0
2021-10-28,Siskiyou,093,43540,3327,3257,1293,4550,46
2021-10-28,Solano,095,438530,45848,45146,1229,46375,346
2021-10-28,Sonoma,097,501317,41309,40924,523,41447,393
2021-10-28,Stanislaus,099,539301,78844,77871,8870,86741,1191
2021-10-28,Sutter,101,95872,13875,13773,344,14117,178
2021-10-28,Tehama,103,63373,8433,8307,1485,9792,114
2021-10-28,Trinity,105,12862,846,708,209,917,11
2021-10-28,Tulare,107,460477,68068,66745,15019,81764,995
2021-10-28,Tuolumne,109,53932,7206,7050,90,7140,90
2021-10-28,Ventura,111,848112,97868,97182,4321,101503,1174
2021-10-28,Yolo,113,214977,19746,19568,1126,20694,250
2021-10-28,Yuba,115,75493,10078,9969,318,10287,82
2021-10-27,Alameda,001,1643700,119292,118487,2874,121361,1414
2021-10-27,Alpine,003,1148,105,105,0,105,0
2021-10-27,Amador,005,37829,5533,5470,58,5528,64
2021-10-27,Butte,007,227075,20801,20446,3741,24187,274
2021-10-27,Calaveras,009,45235,4029,3970,53,4023,82
2021-10-27,Colusa,011,21464,2510,2480,638,3118,18
2021-10-27,Contra Costa,013,1133247,99000,98442,2209,100651,1018
2021-10-27,Del Norte,015,27424,3667,3571,54,3625,42
2021-10-27,El Dorado,017,186661,15947,15723,1684,17407,154
2021-10-27,Fresno,019,978130,138841,136447,12172,148619,2128
2021-10-27,Glenn,021,27897,3479,3435,986,4421,33
2021-10-27,Humboldt,023,135768,8966,8851,561,9412,105
2021-10-27,Imperial,025,180216,33450,33068,3237,36305,766
2021-10-27,Inyo,027,18085,2308,2236,55,2291,41
2021-10-27,Kern,029,883053,126606,124557,21871,146428,1647
2021-10-27,Kings,031,150075,32011,31437,1939,33376,335
2021-10-27,Lake,033,64148,6686,6589,144,6733,105
2021-10-27,Lassen,035,31185,6812,6706,369,7075,42
2021-10-27,Los Angeles,037,10098052,1432154,1422615,54413,1477028,26604
2021-10-27,Madera,039,155013,22881,22413,2050,24463,283
2021-10-27,Marin,041,260295,17474,17362,456,17818,247
2021-10-27,Mariposa,043,17540,1262,1228,45,1273,5
2021-10-27,Mendocino,045,87422,7437,7321,495,7816,84
2021-10-27,Merced,047,269075,41708,41310,1770,43080,583
2021-10-27,Modoc,049,8938,524,513,187,700,5
2021-10-27,Mono,051,14174,1708,1682,20,1702,3
2021-10-27,Monterey,053,433212,48569,47610,3581,51191,588
2021-10-27,Napa,055,140530,12933,12856,110,12966,101
2021-10-27,Nevada,057,99092,9136,8987,329,9316,90
2021-10-27,Orange,059,3164182,306330,303825,15002,318827,5584
2021-10-27,Placer,061,380077,36885,36296,3644,39940,434
2021-10-27,Plumas,063,18699,1740,1686,38,1724,7
2021-10-27,Riverside,065,2383286,360063,357152,16383,373535,5081
2021-10-27,Sacramento,067,1510023,158080,156830,4604,161434,2230
2021-10-27,San Benito,069,59416,7395,7337,171,7508,71
2021-10-27,San Bernardino,071,2135413,352581,349624,11163,360787,5770
2021-10-27,San Diego,073,3302833,372316,369579,21558,391137,4207
2021-10-27,San Francisco,075,870044,52734,52108,2579,54687,655
2021-10-27,San Joaquin,077,732212,99258,98168,5445,103613,1753
2021-10-27,San Luis Obispo,079,281455,29335,29002,1229,30231,341
2021-10-27,San Mateo,081,765935,54030,53032,1541,54573,571
2021-10-27,Santa Barbara,083,443738,44698,43901,1629,45530,527
2021-10-27,Santa Clara,085,1922200,146482,145081,1350,146431,1902
2021-10-27,Santa Cruz,087,273765,20295,20091,1030,21121,221
2021-10-27,Shasta,089,179085,21223,20813,3599,24412,331
2021-10-27,Sierra,091,2930,181,176,21,197,0
2021-10-27,Siskiyou,093,43540,3324,3256,1289,4545,46
2021-10-27,Solano,095,438530,45803,45089,1221,46310,346
2021-10-27,Sonoma,097,501317,41234,40829,521,41350,393
2021-10-27,Stanislaus,099,539301,78684,77687,8856,86543,1191
2021-10-27,Sutter,101,95872,13861,13754,344,14098,177
2021-10-27,Tehama,103,63373,8411,8265,1484,9749,113
2021-10-27,Trinity,105,12862,846,706,208,914,11
2021-10-27,Tulare,107,460477,67914,66568,14962,81530,991
2021-10-27,Tuolumne,109,53932,7179,7009,89,7098,90
2021-10-27,Ventura,111,848112,97778,97108,4317,101425,1172
2021-10-27,Yolo,113,214977,19717,19517,1119,20636,250
2021-10-27,Yuba,115,75493,10057,9945,316,10261,82
2021-10-26,Alameda,001,1643700,119158,118360,2869,121229,1407
2021-10-26,Alpine,003,1148,105,105,0,105,0
2021-10-26,Amador,005,37829,5525,5465,57,5522,64
2021-10-26,Butte,007,227075,20743,20387,3724,24111,274
2021-10-26,Calaveras,009,45235,4018,3966,53,4019,81
2021-10-26,Colusa,011,21464,2508,2478,637,3115,18
2021-10-26,Contra Costa,013,1133247,98879,98352,2199,100551,1017
2021-10-26,Del Norte,015,27424,3662,3563,54,3617,42
2021-10-26,El Dorado,017,186661,15919,15690,1675,17365,153
2021-10-26,Fresno,019,978130,138398,136211,12137,148348,2122
2021-10-26,Glenn,021,27897,3464,3431,983,4414,33
2021-10-26,Humboldt,023,135768,8948,8830,555,9385,105
2021-10-26,Imperial,025,180216,33384,33012,3232,36244,766
2021-10-26,Inyo,027,18085,2293,2200,55,2255,41
2021-10-26,Kern,029,883053,126262,124351,21750,146101,1645
2021-10-26,Kings,031,150075,31948,31382,1932,33314,336
2021-10-26,Lake,033,64148,6676,6584,142,6726,105
2021-10-26,Lassen,035,31185,6792,6689,367,7056,42
2021-10-26,Los Angeles,037,10098052,1430812,1421795,54340,1476135,26599
2021-10-26,Madera,039,155013,22791,22363,2039,24402,283
2021-10-26,Marin,041,260295,17457,17354,455,17809,244
2021-10-26,Mariposa,043,17540,1257,1225,44,1269,5
2021-10-26,Mendocino,045,87422,7408,7308,478,7786,83
2021-10-26,Merced,047,269075,41630,41267,1763,43030,583
2021-10-26,Modoc,049,8938,524,513,187,700,5
2021-10-26,Mono,051,14174,1699,1680,20,1700,3
2021-10-26,Monterey,053,433212,48532,47572,3567,51139,588
2021-10-26,Napa,055,140530,12921,12849,110,12959,101
2021-10-26,Nevada,057,99092,9104,8971,328,9299,90
2021-10-26,Orange,059,3164182,306059,303533,14963,318496,5580
2021-10-26,Placer,061,380077,36788,36245,3638,39883,434
2021-10-26,Plumas,063,18699,1731,1645,38,1683,7
2021-10-26,Riverside,065,2383286,359577,356775,16373,373148,5068
2021-10-26,Sacramento,067,1510023,157775,156643,4587,161230,2228
2021-10-26,San Benito,069,59416,7372,7325,171,7496,71
2021-10-26,San Bernardino,071,2135413,352158,349346,11148,360494,5764
2021-10-26,San Diego,073,3302833,371797,369043,21529,390572,4198
2021-10-26,San Francisco,075,870044,52658,52063,2576,54639,655
2021-10-26,San Joaquin,077,732212,99082,98036,5430,103466,1748
2021-10-26,San Luis Obispo,079,281455,29297,28928,1223,30151,337
2021-10-26,San Mateo,081,765935,53959,52974,1531,54505,571
2021-10-26,Santa Barbara,083,443738,44653,43835,1628,45463,525
2021-10-26,Santa Clara,085,1922200,146285,144932,1344,146276,1903
2021-10-26,Santa Cruz,087,273765,20264,20067,1029,21096,221
2021-10-26,Shasta,089,179085,21163,20725,3581,24306,330
2021-10-26,Sierra,091,2930,181,169,21,190,0
2021-10-26,Siskiyou,093,43540,3318,3254,1287,4541,46
2021-10-26,Solano,095,438530,45746,45044,1221,46265,344
2021-10-26,Sonoma,097,501317,41152,40794,519,41313,393
2021-10-26,Stanislaus,099,539301,78509,77552,8832,86384,1157
2021-10-26,Sutter,101,95872,13831,13739,343,14082,176
2021-10-26,Tehama,103,63373,8383,8247,1478,9725,112
2021-10-26,Trinity,105,12862,842,705,208,913,11
2021-10-26,Tulare,107,460477,67760,66476,14903,81379,991
2021-10-26,Tuolumne,109,53932,7154,6995,87,7082,90
2021-10-26,Ventura,111,848112,97671,97014,4312,101326,1170
2021-10-26,Yolo,113,214977,19689,19490,1116,20606,248
2021-10-26,Yuba,115,75493,10039,9927,311,10238,82
2021-10-25,Alameda,001,1643700,119014,118319,2866,121185,1404
2021-10-25,Alpine,003,1148,105,105,0,105,0
2021-10-25,Amador,005,37829,5511,5455,57,5512,64
2021-10-25,Butte,007,227075,20669,20331,3716,24047,273
2021-10-25,Calaveras,009,45235,3988,3942,52,3994,82
2021-10-25,Colusa,011,21464,2506,2471,635,3106,18
2021-10-25,Contra Costa,013,1133247,98763,98267,2194,100461,1017
2021-10-25,Del Norte,015,27424,3655,3562,54,3616,42
2021-10-25,El Dorado,017,186661,15884,15663,1673,17336,149
2021-10-25,Fresno,019,978130,137962,135974,12098,148072,2112
2021-10-25,Glenn,021,27897,3462,3421,982,4403,33
2021-10-25,Humboldt,023,135768,8924,8825,550,9375,105
2021-10-25,Imperial,025,180216,33322,32968,3221,36189,766
2021-10-25,Inyo,027,18085,2275,2183,55,2238,41
2021-10-25,Kern,029,883053,125911,124078,21611,145689,1649
2021-10-25,Kings,031,150075,31860,31329,1923,33252,335
2021-10-25,Lake,033,64148,6663,6571,142,6713,105
2021-10-25,Lassen,035,31185,6781,6688,365,7053,42
2021-10-25,Los Angeles,037,10098052,1429452,1421061,54273,1475334,26579
2021-10-25,Madera,039,155013,22737,22325,2031,24356,281
2021-10-25,Marin,041,260295,17435,17334,453,17787,244
2021-10-25,Mariposa,043,17540,1243,1220,44,1264,5
2021-10-25,Mendocino,045,87422,7378,7296,474,7770,82
2021-10-25,Merced,047,269075,41563,41207,1736,42943,583
2021-10-25,Modoc,049,8938,522,512,185,697,5
2021-10-25,Mono,051,14174,1683,1677,20,1697,3
2021-10-25,Monterey,053,433212,48502,47547,3563,51110,587
2021-10-25,Napa,055,140530,12908,12841,110,12951,100
2021-10-25,Nevada,057,99092,9078,8958,328,9286,90
2021-10-25,Orange,059,3164182,305761,303279,14925,318204,5574
2021-10-25,Placer,061,380077,36680,36153,3627,39780,431
2021-10-25,Plumas,063,18699,1719,1641,38,1679,7
2021-10-25,Riverside,065,2383286,359151,356381,16358,372739,5056
2021-10-25,Sacramento,067,1510023,157470,156516,4561,161077,2235
2021-10-25,San Benito,069,59416,7358,7314,170,7484,71
2021-10-25,San Bernardino,071,2135413,351661,349075,11135,360210,5748
2021-10-25,San Diego,073,3302833,371214,368386,21499,389885,4196
2021-10-25,San Francisco,075,870044,52585,52041,2568,54609,649
2021-10-25,San Joaquin,077,732212,98880,97980,5421,103401,1740
2021-10-25,San Luis Obispo,079,281455,29249,28907,1218,30125,336
2021-10-25,San Mateo,081,765935,53899,52927,1519,54446,571
2021-10-25,Santa Barbara,083,443738,44596,43775,1628,45403,525
2021-10-25,Santa Clara,085,1922200,146095,144895,1338,146233,1901
2021-10-25,Santa Cruz,087,273765,20235,20053,1028,21081,221
2021-10-25,Shasta,089,179085,21091,20666,3574,24240,326
2021-10-25,Sierra,091,2930,181,168,21,189,0
2021-10-25,Siskiyou,093,43540,3314,3248,1282,4530,46
2021-10-25,Solano,095,438530,45692,45022,1219,46241,344
2021-10-25,Sonoma,097,501317,41079,40746,517,41263,393
2021-10-25,Stanislaus,099,539301,78317,77452,8802,86254,1145
2021-10-25,Sutter,101,95872,13818,13721,340,14061,176
2021-10-25,Tehama,103,63373,8356,8224,1473,9697,111
2021-10-25,Trinity,105,12862,837,699,207,906,11
2021-10-25,Tulare,107,460477,67569,66357,14841,81198,986
2021-10-25,Tuolumne,109,53932,7120,6952,86,7038,90
2021-10-25,Ventura,111,848112,97575,96932,4308,101240,1167
2021-10-25,Yolo,113,214977,19640,19457,1113,20570,248
2021-10-25,Yuba,115,75493,10023,9924,307,10231,82
2021-10-24,Alameda,001,1643700,118885,117816,2861,120677,1397
2021-10-24,Alpine,003,1148,105,105,0,105,0
2021-10-24,Amador,005,37829,5506,5412,57,5469,64
2021-10-24,Butte,007,227075,20600,20101,3704,23805,273
2021-10-24,Calaveras,009,45235,3969,3865,51,3916,81
2021-10-24,Colusa,011,21464,2502,2458,632,3090,18
2021-10-24,Contra Costa,013,1133247,98648,97855,2184,100039,1008
2021-10-24,Del Norte,015,27424,3651,3540,54,3594,42
2021-10-24,El Dorado,017,186661,15849,15540,1669,17209,149
2021-10-24,Fresno,019,978130,137532,134466,12062,146528,2094
2021-10-24,Glenn,021,27897,3451,3399,980,4379,33
2021-10-24,Humboldt,023,135768,8911,8753,544,9297,105
2021-10-24,Imperial,025,180216,33244,32777,3214,35991,766
2021-10-24,Inyo,027,18085,2243,2108,55,2163,41
2021-10-24,Kern,029,883053,125580,122939,21492,144431,1636
2021-10-24,Kings,031,150075,31731,30942,1907,32849,325
2021-10-24,Lake,033,64148,6640,6501,142,6643,105
2021-10-24,Lassen,035,31185,6764,6632,364,6996,27
2021-10-24,Los Angeles,037,10098052,1428013,1415919,54205,1470124,26527
2021-10-24,Madera,039,155013,22660,22062,2018,24080,281
2021-10-24,Marin,041,260295,17419,17264,452,17716,244
2021-10-24,Mariposa,043,17540,1240,1184,44,1228,5
2021-10-24,Mendocino,045,87422,7354,7220,463,7683,82
2021-10-24,Merced,047,269075,41441,40808,1731,42539,581
2021-10-24,Modoc,049,8938,521,507,185,692,5
2021-10-24,Mono,051,14174,1680,1655,20,1675,3
2021-10-24,Monterey,053,433212,48454,47456,3545,51001,586
2021-10-24,Napa,055,140530,12897,12789,110,12899,100
2021-10-24,Nevada,057,99092,9055,8861,325,9186,90
2021-10-24,Orange,059,3164182,305414,302237,14888,317125,5546
2021-10-24,Placer,061,380077,36576,35822,3613,39435,426
2021-10-24,Plumas,063,18699,1709,1623,37,1660,7
2021-10-24,Riverside,065,2383286,358678,354688,16338,371026,5041
2021-10-24,Sacramento,067,1510023,157127,155125,4537,159662,2232
2021-10-24,San Benito,069,59416,7338,7280,170,7450,71
2021-10-24,San Bernardino,071,2135413,351116,347681,11123,358804,5688
2021-10-24,San Diego,073,3302833,370613,366085,21466,387551,4183
2021-10-24,San Francisco,075,870044,52522,51820,2562,54382,649
2021-10-24,San Joaquin,077,732212,98707,97440,5415,102855,1721
2021-10-24,San Luis Obispo,079,281455,29189,28755,1211,29966,333
2021-10-24,San Mateo,081,765935,53825,52719,1513,54232,571
2021-10-24,Santa Barbara,083,443738,44532,43552,1626,45178,523
2021-10-24,Santa Clara,085,1922200,145906,144276,1327,145603,1897
2021-10-24,Santa Cruz,087,273765,20197,19967,1027,20994,221
2021-10-24,Shasta,089,179085,20991,20386,3568,23954,321
2021-10-24,Sierra,091,2930,181,168,21,189,0
2021-10-24,Siskiyou,093,43540,3307,3231,1277,4508,46
2021-10-24,Solano,095,438530,45642,44861,1217,46078,341
2021-10-24,Sonoma,097,501317,40997,40476,517,40993,393
2021-10-24,Stanislaus,099,539301,78127,76812,8790,85602,1145
2021-10-24,Sutter,101,95872,13791,13616,332,13948,175
2021-10-24,Tehama,103,63373,8308,8105,1462,9567,110
2021-10-24,Trinity,105,12862,833,696,204,900,11
2021-10-24,Tulare,107,460477,67399,65585,14768,80353,978
2021-10-24,Tuolumne,109,53932,7079,6840,84,6924,90
2021-10-24,Ventura,111,848112,97471,96664,4306,100970,1167
2021-10-24,Yolo,113,214977,19589,19280,1110,20390,248
2021-10-24,Yuba,115,75493,9998,9838,305,10143,82
2021-10-23,Alameda,001,1643700,118797,117816,2856,120672,1397
2021-10-23,Alpine,003,1148,105,105,0,105,0
2021-10-23,Amador,005,37829,5499,5412,57,5469,64
2021-10-23,Butte,007,227075,20566,20101,3695,23796,273
2021-10-23,Calaveras,009,45235,3962,3865,50,3915,81
2021-10-23,Colusa,011,21464,2500,2458,631,3089,18
2021-10-23,Contra Costa,013,1133247,98596,97855,2180,100035,1008
2021-10-23,Del Norte,015,27424,3649,3540,54,3594,42
2021-10-23,El Dorado,017,186661,15823,15540,1667,17207,149
2021-10-23,Fresno,019,978130,137357,134466,12054,146520,2094
2021-10-23,Glenn,021,27897,3448,3399,979,4378,33
2021-10-23,Humboldt,023,135768,8896,8753,539,9292,105
2021-10-23,Imperial,025,180216,33197,32777,3210,35987,766
2021-10-23,Inyo,027,18085,2232,2108,55,2163,41
2021-10-23,Kern,029,883053,125420,122939,21402,144341,1636
2021-10-23,Kings,031,150075,31685,30942,1905,32847,325
2021-10-23,Lake,033,64148,6635,6501,142,6643,105
2021-10-23,Lassen,035,31185,6761,6632,362,6994,27
2021-10-23,Los Angeles,037,10098052,1427342,1415919,54150,1470069,26527
2021-10-23,Madera,039,155013,22611,22062,2009,24071,281
2021-10-23,Marin,041,260295,17402,17264,451,17715,244
2021-10-23,Mariposa,043,17540,1237,1184,43,1227,5
2021-10-23,Mendocino,045,87422,7349,7220,462,7682,82
2021-10-23,Merced,047,269075,41400,40808,1729,42537,581
2021-10-23,Modoc,049,8938,519,507,185,692,5
2021-10-23,Mono,051,14174,1679,1655,20,1675,3
2021-10-23,Monterey,053,433212,48436,47456,3539,50995,586
2021-10-23,Napa,055,140530,12892,12789,110,12899,100
2021-10-23,Nevada,057,99092,9044,8861,323,9184,90
2021-10-23,Orange,059,3164182,305227,302237,14872,317109,5546
2021-10-23,Placer,061,380077,36514,35822,3607,39429,426
2021-10-23,Plumas,063,18699,1708,1623,37,1660,7
2021-10-23,Riverside,065,2383286,358358,354688,16331,371019,5041
2021-10-23,Sacramento,067,1510023,156998,155125,4529,159654,2232
2021-10-23,San Benito,069,59416,7328,7280,170,7450,71
2021-10-23,San Bernardino,071,2135413,350852,347681,11117,358798,5688
2021-10-23,San Diego,073,3302833,370255,366085,21435,387520,4183
2021-10-23,San Francisco,075,870044,52487,51820,2559,54379,649
2021-10-23,San Joaquin,077,732212,98640,97440,5406,102846,1721
2021-10-23,San Luis Obispo,079,281455,29152,28755,1209,29964,333
2021-10-23,San Mateo,081,765935,53787,52719,1503,54222,571
2021-10-23,Santa Barbara,083,443738,44501,43552,1624,45176,523
2021-10-23,Santa Clara,085,1922200,145797,144276,1323,145599,1897
2021-10-23,Santa Cruz,087,273765,20185,19967,1027,20994,221
2021-10-23,Shasta,089,179085,20955,20386,3556,23942,321
2021-10-23,Sierra,091,2930,180,168,21,189,0
2021-10-23,Siskiyou,093,43540,3305,3231,1277,4508,46
2021-10-23,Solano,095,438530,45617,44861,1214,46075,341
2021-10-23,Sonoma,097,501317,40957,40476,517,40993,393
2021-10-23,Stanislaus,099,539301,78038,76812,8771,85583,1145
2021-10-23,Sutter,101,95872,13786,13616,331,13947,175
2021-10-23,Tehama,103,63373,8296,8105,1461,9566,110
2021-10-23,Trinity,105,12862,832,696,204,900,11
2021-10-23,Tulare,107,460477,67311,65585,14708,80293,978
2021-10-23,Tuolumne,109,53932,7059,6840,84,6924,90
2021-10-23,Ventura,111,848112,97413,96664,4305,100969,1167
2021-10-23,Yolo,113,214977,19571,19280,1107,20387,248
2021-10-23,Yuba,115,75493,9990,9838,305,10143,82
2021-10-22,Alameda,001,1643700,118712,117816,2852,120668,1397
2021-10-22,Alpine,003,1148,105,105,0,105,0
2021-10-22,Amador,005,37829,5488,5412,57,5469,64
2021-10-22,Butte,007,227075,20534,20101,3691,23792,273
2021-10-22,Calaveras,009,45235,3954,3865,50,3915,81
2021-10-22,Colusa,011,21464,2497,2458,631,3089,18
2021-10-22,Contra Costa,013,1133247,98505,97855,2178,100033,1008
2021-10-22,Del Norte,015,27424,3645,3540,54,3594,42
2021-10-22,El Dorado,017,186661,15810,15540,1665,17205,149
2021-10-22,Fresno,019,978130,137144,134466,12049,146515,2094
2021-10-22,Glenn,021,27897,3437,3399,979,4378,33
2021-10-22,Humboldt,023,135768,8883,8753,538,9291,105
2021-10-22,Imperial,025,180216,33154,32777,3210,35987,766
2021-10-22,Inyo,027,18085,2219,2108,55,2163,41
2021-10-22,Kern,029,883053,125233,122939,21329,144268,1636
2021-10-22,Kings,031,150075,31650,30942,1904,32846,325
2021-10-22,Lake,033,64148,6625,6501,142,6643,105
2021-10-22,Lassen,035,31185,6754,6632,359,6991,27
2021-10-22,Los Angeles,037,10098052,1426593,1415919,54091,1470010,26527
2021-10-22,Madera,039,155013,22562,22062,1996,24058,281
2021-10-22,Marin,041,260295,17390,17264,451,17715,244
2021-10-22,Mariposa,043,17540,1234,1184,43,1227,5
2021-10-22,Mendocino,045,87422,7335,7220,461,7681,82
2021-10-22,Merced,047,269075,41361,40808,1724,42532,581
2021-10-22,Modoc,049,8938,519,507,185,692,5
2021-10-22,Mono,051,14174,1679,1655,20,1675,3
2021-10-22,Monterey,053,433212,48403,47456,3524,50980,586
2021-10-22,Napa,055,140530,12886,12789,110,12899,100
2021-10-22,Nevada,057,99092,9027,8861,322,9183,90
2021-10-22,Orange,059,3164182,305010,302237,14846,317083,5546
2021-10-22,Placer,061,380077,36486,35822,3598,39420,426
2021-10-22,Plumas,063,18699,1702,1623,37,1660,7
2021-10-22,Riverside,065,2383286,358047,354688,16326,371014,5041
2021-10-22,Sacramento,067,1510023,156811,155125,4519,159644,2232
2021-10-22,San Benito,069,59416,7323,7280,170,7450,71
2021-10-22,San Bernardino,071,2135413,350526,347681,11103,358784,5688
2021-10-22,San Diego,073,3302833,369843,366085,21416,387501,4183
2021-10-22,San Francisco,075,870044,52455,51820,2552,54372,649
2021-10-22,San Joaquin,077,732212,98581,97440,5403,102843,1721
2021-10-22,San Luis Obispo,079,281455,29122,28755,1209,29964,333
2021-10-22,San Mateo,081,765935,53737,52719,1491,54210,571
2021-10-22,Santa Barbara,083,443738,44461,43552,1624,45176,523
2021-10-22,Santa Clara,085,1922200,145641,144276,1315,145591,1897
2021-10-22,Santa Cruz,087,273765,20163,19967,1027,20994,221
2021-10-22,Shasta,089,179085,20923,20386,3553,23939,321
2021-10-22,Sierra,091,2930,179,168,20,188,0
2021-10-22,Siskiyou,093,43540,3303,3231,1274,4505,46
2021-10-22,Solano,095,438530,45582,44861,1210,46071,341
2021-10-22,Sonoma,097,501317,40900,40476,517,40993,393
2021-10-22,Stanislaus,099,539301,77935,76812,8752,85564,1145
2021-10-22,Sutter,101,95872,13771,13616,331,13947,175
2021-10-22,Tehama,103,63373,8275,8105,1456,9561,110
2021-10-22,Trinity,105,12862,831,696,204,900,11
2021-10-22,Tulare,107,460477,67228,65585,14653,80238,978
2021-10-22,Tuolumne,109,53932,7024,6840,84,6924,90
2021-10-22,Ventura,111,848112,97360,96664,4298,100962,1167
2021-10-22,Yolo,113,214977,19544,19280,1105,20385,248
2021-10-22,Yuba,115,75493,9976,9838,303,10141,82
2021-10-21,Alameda,001,1643700,118597,117816,2847,120663,1397
2021-10-21,Alpine,003,1148,105,105,0,105,0
2021-10-21,Amador,005,37829,5480,5412,57,5469,64
2021-10-21,Butte,007,227075,20451,20101,3678,23779,273
2021-10-21,Calaveras,009,45235,3935,3865,50,3915,81
2021-10-21,Colusa,011,21464,2493,2458,624,3082,18
2021-10-21,Contra Costa,013,1133247,98391,97855,2172,100027,1008
2021-10-21,Del Norte,015,27424,3639,3540,53,3593,42
2021-10-21,El Dorado,017,186661,15782,15540,1658,17198,149
2021-10-21,Fresno,019,978130,136796,134466,12012,146478,2094
2021-10-21,Glenn,021,27897,3433,3399,975,4374,33
2021-10-21,Humboldt,023,135768,8869,8753,534,9287,105
2021-10-21,Imperial,025,180216,33099,32777,3206,35983,766
2021-10-21,Inyo,027,18085,2197,2108,55,2163,41
2021-10-21,Kern,029,883053,124986,122939,21217,144156,1636
2021-10-21,Kings,031,150075,31551,30942,1898,32840,325
2021-10-21,Lake,033,64148,6612,6501,142,6643,105
2021-10-21,Lassen,035,31185,6741,6632,355,6987,27
2021-10-21,Los Angeles,037,10098052,1425482,1415919,54041,1469960,26527
2021-10-21,Madera,039,155013,22504,22062,1986,24048,281
2021-10-21,Marin,041,260295,17372,17264,451,17715,244
2021-10-21,Mariposa,043,17540,1228,1184,42,1226,5
2021-10-21,Mendocino,045,87422,7317,7220,453,7673,82
2021-10-21,Merced,047,269075,41259,40808,1717,42525,581
2021-10-21,Modoc,049,8938,519,507,185,692,5
2021-10-21,Mono,051,14174,1671,1655,20,1675,3
2021-10-21,Monterey,053,433212,48369,47456,3505,50961,586
2021-10-21,Napa,055,140530,12874,12789,110,12899,100
2021-10-21,Nevada,057,99092,9002,8861,322,9183,90
2021-10-21,Orange,059,3164182,304733,302237,14812,317049,5546
2021-10-21,Placer,061,380077,36398,35822,3585,39407,426
2021-10-21,Plumas,063,18699,1688,1623,37,1660,7
2021-10-21,Riverside,065,2383286,357602,354688,16314,371002,5041
2021-10-21,Sacramento,067,1510023,156492,155125,4494,159619,2232
2021-10-21,San Benito,069,59416,7316,7280,168,7448,71
2021-10-21,San Bernardino,071,2135413,350148,347681,11068,358749,5688
2021-10-21,San Diego,073,3302833,369320,366085,21384,387469,4183
2021-10-21,San Francisco,075,870044,52400,51820,2551,54371,649
2021-10-21,San Joaquin,077,732212,98442,97440,5396,102836,1721
2021-10-21,San Luis Obispo,079,281455,29080,28755,1207,29962,333
2021-10-21,San Mateo,081,765935,53691,52719,1488,54207,571
2021-10-21,Santa Barbara,083,443738,44396,43552,1622,45174,523
2021-10-21,Santa Clara,085,1922200,145468,144276,1311,145587,1897
2021-10-21,Santa Cruz,087,273765,20139,19967,1025,20992,221
2021-10-21,Shasta,089,179085,20861,20386,3538,23924,321
2021-10-21,Sierra,091,2930,178,168,19,187,0
2021-10-21,Siskiyou,093,43540,3298,3231,1272,4503,46
2021-10-21,Solano,095,438530,45531,44861,1209,46070,341
2021-10-21,Sonoma,097,501317,40831,40476,515,40991,393
2021-10-21,Stanislaus,099,539301,77766,76812,8741,85553,1145
2021-10-21,Sutter,101,95872,13743,13616,327,13943,175
2021-10-21,Tehama,103,63373,8247,8105,1449,9554,110
2021-10-21,Trinity,105,12862,829,696,204,900,11
2021-10-21,Tulare,107,460477,67040,65585,14581,80166,978
2021-10-21,Tuolumne,109,53932,6987,6840,83,6923,90
2021-10-21,Ventura,111,848112,97268,96664,4297,100961,1167
2021-10-21,Yolo,113,214977,19499,19280,1103,20383,248
2021-10-21,Yuba,115,75493,9952,9838,302,10140,82
2021-10-20,Alameda,001,1643700,118476,117654,2845,120499,1390
2021-10-20,Alpine,003,1148,105,103,0,103,0
2021-10-20,Amador,005,37829,5472,5379,57,5436,64
2021-10-20,Butte,007,227075,20397,20021,3663,23684,270
2021-10-20,Calaveras,009,45235,3914,3844,49,3893,81
2021-10-20,Colusa,011,21464,2489,2454,622,3076,18
2021-10-20,Contra Costa,013,1133247,98279,97721,2166,99887,1008
2021-10-20,Del Norte,015,27424,3635,3536,53,3589,42
2021-10-20,El Dorado,017,186661,15752,15502,1654,17156,149
2021-10-20,Fresno,019,978130,136398,134025,11988,146013,2084
2021-10-20,Glenn,021,27897,3426,3382,973,4355,33
2021-10-20,Humboldt,023,135768,8847,8727,532,9259,105
2021-10-20,Imperial,025,180216,33025,32705,3198,35903,766
2021-10-20,Inyo,027,18085,2177,2077,54,2131,40
2021-10-20,Kern,029,883053,124693,122630,21096,143726,1623
2021-10-20,Kings,031,150075,31476,30805,1888,32693,322
2021-10-20,Lake,033,64148,6590,6475,142,6617,104
2021-10-20,Lassen,035,31185,6726,6622,355,6977,27
2021-10-20,Los Angeles,037,10098052,1424374,1414931,53963,1468894,26506
2021-10-20,Madera,039,155013,22434,21983,1977,23960,281
2021-10-20,Marin,041,260295,17351,17250,449,17699,244
2021-10-20,Mariposa,043,17540,1221,1174,42,1216,5
2021-10-20,Mendocino,045,87422,7290,7189,450,7639,82
2021-10-20,Merced,047,269075,41172,40685,1706,42391,581
2021-10-20,Modoc,049,8938,519,504,185,689,5
2021-10-20,Mono,051,14174,1670,1653,20,1673,3
2021-10-20,Monterey,053,433212,48339,47430,3491,50921,587
2021-10-20,Napa,055,140530,12861,12773,109,12882,100
2021-10-20,Nevada,057,99092,8974,8836,322,9158,90
2021-10-20,Orange,059,3164182,304453,301957,14791,316748,5534
2021-10-20,Placer,061,380077,36309,35729,3576,39305,425
2021-10-20,Plumas,063,18699,1681,1604,37,1641,7
2021-10-20,Riverside,065,2383286,357158,354311,16296,370607,5030
2021-10-20,Sacramento,067,1510023,156193,154822,4470,159292,2222
2021-10-20,San Benito,069,59416,7313,7275,166,7441,71
2021-10-20,San Bernardino,071,2135413,349751,347217,11037,358254,5663
2021-10-20,San Diego,073,3302833,368808,365698,21361,387059,4178
2021-10-20,San Francisco,075,870044,52350,51755,2546,54301,646
2021-10-20,San Joaquin,077,732212,98295,97246,5388,102634,1721
2021-10-20,San Luis Obispo,079,281455,29036,28727,1203,29930,332
2021-10-20,San Mateo,081,765935,53619,52663,1470,54133,571
2021-10-20,Santa Barbara,083,443738,44336,43489,1621,45110,523
2021-10-20,Santa Clara,085,1922200,145332,144124,1306,145430,1896
2021-10-20,Santa Cruz,087,273765,20126,19951,1025,20976,219
2021-10-20,Shasta,089,179085,20800,20313,3511,23824,320
2021-10-20,Sierra,091,2930,178,168,19,187,0
2021-10-20,Siskiyou,093,43540,3298,3224,1266,4490,46
2021-10-20,Solano,095,438530,45499,44819,1207,46026,341
2021-10-20,Sonoma,097,501317,40785,40404,515,40919,393
2021-10-20,Stanislaus,099,539301,77616,76631,8722,85353,1145
2021-10-20,Sutter,101,95872,13719,13592,321,13913,175
2021-10-20,Tehama,103,63373,8216,8081,1438,9519,110
2021-10-20,Trinity,105,12862,829,693,203,896,11
2021-10-20,Tulare,107,460477,66866,65413,14536,79949,967
2021-10-20,Tuolumne,109,53932,6966,6803,83,6886,89
2021-10-20,Ventura,111,848112,97178,96610,4294,100904,1166
2021-10-20,Yolo,113,214977,19455,19236,1101,20337,248
2021-10-20,Yuba,115,75493,9935,9808,299,10107,82
2021-10-19,Alameda,001,1643700,118365,117542,2839,120381,1383
2021-10-19,Alpine,003,1148,105,103,0,103,0
2021-10-19,Amador,005,37829,5456,5367,57,5424,64
2021-10-19,Butte,007,227075,20343,19974,3655,23629,268
2021-10-19,Calaveras,009,45235,3897,3826,48,3874,80
2021-10-19,Colusa,011,21464,2486,2447,620,3067,18
2021-10-19,Contra Costa,013,1133247,98189,97613,2160,99773,1004
2021-10-19,Del Norte,015,27424,3628,3531,53,3584,42
2021-10-19,El Dorado,017,186661,15727,15478,1649,17127,149
2021-10-19,Fresno,019,978130,136041,133813,11953,145766,2073
2021-10-19,Glenn,021,27897,3425,3380,969,4349,33
2021-10-19,Humboldt,023,135768,8823,8714,526,9240,105
2021-10-19,Imperial,025,180216,32957,32632,3194,35826,764
2021-10-19,Inyo,027,18085,2146,2045,54,2099,40
2021-10-19,Kern,029,883053,124374,122391,20972,143363,1613
2021-10-19,Kings,031,150075,31381,30757,1881,32638,322
2021-10-19,Lake,033,64148,6586,6465,142,6607,104
2021-10-19,Lassen,035,31185,6720,6612,350,6962,27
2021-10-19,Los Angeles,037,10098052,1423138,1413882,53885,1467767,26473
2021-10-19,Madera,039,155013,22371,21950,1969,23919,281
2021-10-19,Marin,041,260295,17337,17241,446,17687,244
2021-10-19,Mariposa,043,17540,1215,1171,40,1211,5
2021-10-19,Mendocino,045,87422,7275,7172,447,7619,82
2021-10-19,Merced,047,269075,41056,40628,1686,42314,580
2021-10-19,Modoc,049,8938,517,502,185,687,5
2021-10-19,Mono,051,14174,1664,1651,20,1671,3
2021-10-19,Monterey,053,433212,48301,47412,3471,50883,583
2021-10-19,Napa,055,140530,12854,12769,109,12878,100
2021-10-19,Nevada,057,99092,8953,8829,321,9150,90
2021-10-19,Orange,059,3164182,304200,301700,14761,316461,5527
2021-10-19,Placer,061,380077,36188,35663,3561,39224,422
2021-10-19,Plumas,063,18699,1663,1586,37,1623,8
2021-10-19,Riverside,065,2383286,356736,353891,16288,370179,5020
2021-10-19,Sacramento,067,1510023,155885,154570,4444,159014,2227
2021-10-19,San Benito,069,59416,7297,7264,166,7430,71
2021-10-19,San Bernardino,071,2135413,349355,346814,11007,357821,5627
2021-10-19,San Diego,073,3302833,368217,365285,21328,386613,4170
2021-10-19,San Francisco,075,870044,52289,51704,2543,54247,645
2021-10-19,San Joaquin,077,732212,98127,97105,5376,102481,1721
2021-10-19,San Luis Obispo,079,281455,28989,28670,1200,29870,332
2021-10-19,San Mateo,081,765935,53561,52617,1462,54079,571
2021-10-19,Santa Barbara,083,443738,44269,43413,1619,45032,522
2021-10-19,Santa Clara,085,1922200,145158,143989,1297,145286,1898
2021-10-19,Santa Cruz,087,273765,20102,19895,1023,20918,218
2021-10-19,Shasta,089,179085,20723,20209,3503,23712,319
2021-10-19,Sierra,091,2930,175,168,19,187,0
2021-10-19,Siskiyou,093,43540,3294,3216,1261,4477,46
2021-10-19,Solano,095,438530,45456,44782,1203,45985,341
2021-10-19,Sonoma,097,501317,40711,40379,514,40893,392
2021-10-19,Stanislaus,099,539301,77474,76526,8707,85233,1145
2021-10-19,Sutter,101,95872,13695,13569,320,13889,174
2021-10-19,Tehama,103,63373,8186,8057,1422,9479,108
2021-10-19,Trinity,105,12862,822,691,203,894,11
2021-10-19,Tulare,107,460477,66683,65253,14468,79721,958
2021-10-19,Tuolumne,109,53932,6938,6782,82,6864,89
2021-10-19,Ventura,111,848112,97098,96539,4290,100829,1166
2021-10-19,Yolo,113,214977,19412,19206,1096,20302,248
2021-10-19,Yuba,115,75493,9917,9796,298,10094,82
2021-10-18,Alameda,001,1643700,118231,117506,2830,120336,1381
2021-10-18,Alpine,003,1148,105,103,0,103,0
2021-10-18,Amador,005,37829,5445,5345,57,5402,64
2021-10-18,Butte,007,227075,20293,19921,3647,23568,265
2021-10-18,Calaveras,009,45235,3872,3819,47,3866,80
2021-10-18,Colusa,011,21464,2485,2444,618,3062,18
2021-10-18,Contra Costa,013,1133247,98078,97585,2156,99741,995
2021-10-18,Del Norte,015,27424,3621,3529,53,3582,41
2021-10-18,El Dorado,017,186661,15696,15452,1646,17098,149
2021-10-18,Fresno,019,978130,135646,133688,11918,145606,2063
2021-10-18,Glenn,021,27897,3419,3370,963,4333,32
2021-10-18,Humboldt,023,135768,8804,8699,517,9216,104
2021-10-18,Imperial,025,180216,32866,32558,3194,35752,764
2021-10-18,Inyo,027,18085,2128,2020,54,2074,40
2021-10-18,Kern,029,883053,124073,122231,20875,143106,1605
2021-10-18,Kings,031,150075,31265,30698,1868,32566,320
2021-10-18,Lake,033,64148,6567,6455,140,6595,104
2021-10-18,Lassen,035,31185,6700,6607,347,6954,26
2021-10-18,Los Angeles,037,10098052,1421902,1413291,53806,1467097,26446
2021-10-18,Madera,039,155013,22317,21909,1957,23866,277
2021-10-18,Marin,041,260295,17317,17232,443,17675,244
2021-10-18,Mariposa,043,17540,1207,1160,40,1200,5
2021-10-18,Mendocino,045,87422,7256,7156,438,7594,82
2021-10-18,Merced,047,269075,40932,40573,1676,42249,579
2021-10-18,Modoc,049,8938,517,498,185,683,5
2021-10-18,Mono,051,14174,1653,1648,19,1667,3
2021-10-18,Monterey,053,433212,48279,47389,3461,50850,583
2021-10-18,Napa,055,140530,12839,12762,109,12871,100
2021-10-18,Nevada,057,99092,8934,8816,321,9137,90
2021-10-18,Orange,059,3164182,303860,301573,14728,316301,5524
2021-10-18,Placer,061,380077,36110,35598,3557,39155,420
2021-10-18,Plumas,063,18699,1655,1579,37,1616,6
2021-10-18,Riverside,065,2383286,356321,353699,16274,369973,5008
2021-10-18,Sacramento,067,1510023,155580,154428,4412,158840,2203
2021-10-18,San Benito,069,59416,7285,7253,166,7419,71
2021-10-18,San Bernardino,071,2135413,348935,346742,10993,357735,5606
2021-10-18,San Diego,073,3302833,367654,364948,21287,386235,4169
2021-10-18,San Francisco,075,870044,52226,51671,2536,54207,644
2021-10-18,San Joaquin,077,732212,97960,97041,5366,102407,1721
2021-10-18,San Luis Obispo,079,281455,28950,28644,1197,29841,331
2021-10-18,San Mateo,081,765935,53497,52594,1460,54054,571
2021-10-18,Santa Barbara,083,443738,44212,43386,1617,45003,522
2021-10-18,Santa Clara,085,1922200,145002,143891,1288,145179,1895
2021-10-18,Santa Cruz,087,273765,20088,19876,1021,20897,218
2021-10-18,Shasta,089,179085,20642,20146,3491,23637,313
2021-10-18,Sierra,091,2930,175,166,19,185,0
2021-10-18,Siskiyou,093,43540,3291,3210,1253,4463,42
2021-10-18,Solano,095,438530,45412,44758,1201,45959,339
2021-10-18,Sonoma,097,501317,40647,40349,511,40860,392
2021-10-18,Stanislaus,099,539301,77308,76466,8694,85160,1145
2021-10-18,Sutter,101,95872,13661,13557,318,13875,172
2021-10-18,Tehama,103,63373,8152,8042,1410,9452,107
2021-10-18,Trinity,105,12862,821,688,203,891,11
2021-10-18,Tulare,107,460477,66508,65171,14404,79575,958
2021-10-18,Tuolumne,109,53932,6909,6755,82,6837,89
2021-10-18,Ventura,111,848112,97005,96506,4288,100794,1165
2021-10-18,Yolo,113,214977,19375,19197,1093,20290,248
2021-10-18,Yuba,115,75493,9890,9782,295,10077,82
2021-10-17,Alameda,001,1643700,118083,117423,2825,120248,1376
2021-10-17,Alpine,003,1148,105,103,0,103,0
2021-10-17,Amador,005,37829,5422,5341,57,5398,64
2021-10-17,Butte,007,227075,20207,19897,3638,23535,265
2021-10-17,Calaveras,009,45235,3856,3805,47,3852,80
2021-10-17,Colusa,011,21464,2480,2442,611,3053,18
2021-10-17,Contra Costa,013,1133247,97955,97485,2145,99630,995
2021-10-17,Del Norte,015,27424,3616,3526,53,3579,41
2021-10-17,El Dorado,017,186661,15638,15438,1639,17077,149
2021-10-17,Fresno,019,978130,135180,133429,11887,145316,2063
2021-10-17,Glenn,021,27897,3403,3364,961,4325,32
2021-10-17,Humboldt,023,135768,8784,8690,514,9204,104
2021-10-17,Imperial,025,180216,32784,32520,3188,35708,764
2021-10-17,Inyo,027,18085,2100,2000,54,2054,40
2021-10-17,Kern,029,883053,123724,122085,20777,142862,1603
2021-10-17,Kings,031,150075,31151,30636,1859,32495,315
2021-10-17,Lake,033,64148,6551,6437,139,6576,104
2021-10-17,Lassen,035,31185,6688,6605,342,6947,26
2021-10-17,Los Angeles,037,10098052,1420565,1412371,53729,1466100,26443
2021-10-17,Madera,039,155013,22255,21869,1947,23816,277
2021-10-17,Marin,041,260295,17295,17211,443,17654,243
2021-10-17,Mariposa,043,17540,1200,1150,40,1190,5
2021-10-17,Mendocino,045,87422,7228,7148,432,7580,82
2021-10-17,Merced,047,269075,40805,40531,1662,42193,579
2021-10-17,Modoc,049,8938,514,498,183,681,5
2021-10-17,Mono,051,14174,1652,1640,18,1658,3
2021-10-17,Monterey,053,433212,48237,47369,3441,50810,583
2021-10-17,Napa,055,140530,12824,12753,106,12859,100
2021-10-17,Nevada,057,99092,8917,8794,320,9114,90
2021-10-17,Orange,059,3164182,303548,301414,14697,316111,5524
2021-10-17,Placer,061,380077,36009,35559,3542,39101,420
2021-10-17,Plumas,063,18699,1631,1571,34,1605,6
2021-10-17,Riverside,065,2383286,355838,353500,16261,369761,5008
2021-10-17,Sacramento,067,1510023,155178,154080,4393,158473,2213
2021-10-17,San Benito,069,59416,7276,7250,165,7415,71
2021-10-17,San Bernardino,071,2135413,348505,346524,10972,357496,5597
2021-10-17,San Diego,073,3302833,367047,364675,21258,385933,4163
2021-10-17,San Francisco,075,870044,52153,51625,2526,54151,644
2021-10-17,San Joaquin,077,732212,97787,96950,5357,102307,1721
2021-10-17,San Luis Obispo,079,281455,28899,28604,1189,29793,331
2021-10-17,San Mateo,081,765935,53445,52541,1448,53989,571
2021-10-17,Santa Barbara,083,443738,44150,43344,1616,44960,522
2021-10-17,Santa Clara,085,1922200,144826,143768,1278,145046,1895
2021-10-17,Santa Cruz,087,273765,20060,19861,1019,20880,218
2021-10-17,Shasta,089,179085,20552,20116,3481,23597,312
2021-10-17,Sierra,091,2930,173,165,19,184,0
2021-10-17,Siskiyou,093,43540,3283,3204,1250,4454,42
2021-10-17,Solano,095,438530,45355,44722,1200,45922,340
2021-10-17,Sonoma,097,501317,40571,40306,511,40817,392
2021-10-17,Stanislaus,099,539301,77110,76354,8681,85035,1145
2021-10-17,Sutter,101,95872,13644,13543,316,13859,172
2021-10-17,Tehama,103,63373,8120,8015,1393,9408,107
2021-10-17,Trinity,105,12862,818,686,202,888,11
2021-10-17,Tulare,107,460477,66325,65057,14330,79387,958
2021-10-17,Tuolumne,109,53932,6875,6735,81,6816,89
2021-10-17,Ventura,111,848112,96910,96458,4285,100743,1165
2021-10-17,Yolo,113,214977,19334,19171,1083,20254,248
2021-10-17,Yuba,115,75493,9864,9771,293,10064,82
2021-10-16,Alameda,001,1643700,117996,117027,2824,119851,1365
2021-10-16,Alpine,003,1148,104,102,0,102,0
2021-10-16,Amador,005,37829,5415,5310,57,5367,64
2021-10-16,Butte,007,227075,20176,19612,3631,23243,260
2021-10-16,Calaveras,009,45235,3849,3771,47,3818,80
2021-10-16,Colusa,011,21464,2476,2431,608,3039,18
2021-10-16,Contra Costa,013,1133247,97864,97107,2138,99245,982
2021-10-16,Del Norte,015,27424,3613,3516,53,3569,41
2021-10-16,El Dorado,017,186661,15616,15315,1637,16952,149
2021-10-16,Fresno,019,978130,135031,132433,11880,144313,2051
2021-10-16,Glenn,021,27897,3400,3331,961,4292,26
2021-10-16,Humboldt,023,135768,8772,8621,509,9130,104
2021-10-16,Imperial,025,180216,32769,32368,3186,35554,764
2021-10-16,Inyo,027,18085,2086,1932,54,1986,39
2021-10-16,Kern,029,883053,123570,121354,20692,142046,1590
2021-10-16,Kings,031,150075,31103,30418,1856,32274,314
2021-10-16,Lake,033,64148,6540,6378,139,6517,104
2021-10-16,Lassen,035,31185,6680,6559,337,6896,26
2021-10-16,Los Angeles,037,10098052,1419918,1409418,53674,1463092,26398
2021-10-16,Madera,039,155013,22211,21707,1944,23651,277
2021-10-16,Marin,041,260295,17286,17148,443,17591,243
2021-10-16,Mariposa,043,17540,1197,1096,40,1136,5
2021-10-16,Mendocino,045,87422,7218,7099,432,7531,82
2021-10-16,Merced,047,269075,40772,40265,1661,41926,577
2021-10-16,Modoc,049,8938,511,492,183,675,5
2021-10-16,Mono,051,14174,1651,1628,18,1646,3
2021-10-16,Monterey,053,433212,48220,47293,3430,50723,582
2021-10-16,Napa,055,140530,12813,12706,106,12812,100
2021-10-16,Nevada,057,99092,8897,8739,320,9059,90
2021-10-16,Orange,059,3164182,303371,300722,14675,315397,5509
2021-10-16,Placer,061,380077,35924,35343,3536,38879,412
2021-10-16,Plumas,063,18699,1626,1542,33,1575,6
2021-10-16,Riverside,065,2383286,355569,352435,16249,368684,4990
2021-10-16,Sacramento,067,1510023,154979,153264,4389,157653,2192
2021-10-16,San Benito,069,59416,7263,7210,164,7374,71
2021-10-16,San Bernardino,071,2135413,348300,345418,10965,356383,5566
2021-10-16,San Diego,073,3302833,366724,363109,21242,384351,4151
2021-10-16,San Francisco,075,870044,52105,51436,2521,53957,645
2021-10-16,San Joaquin,077,732212,97716,96507,5354,101861,1708
2021-10-16,San Luis Obispo,079,281455,28873,28460,1188,29648,329
2021-10-16,San Mateo,081,765935,53397,52399,1442,53841,569
2021-10-16,Santa Barbara,083,443738,44114,43175,1615,44790,521
2021-10-16,Santa Clara,085,1922200,144725,143282,1270,144552,1890
2021-10-16,Santa Cruz,087,273765,20045,19794,1018,20812,218
2021-10-16,Shasta,089,179085,20502,19932,3469,23401,309
2021-10-16,Sierra,091,2930,171,160,19,179,0
2021-10-16,Siskiyou,093,43540,3281,3173,1243,4416,42
2021-10-16,Solano,095,438530,45329,44585,1196,45781,334
2021-10-16,Sonoma,097,501317,40531,40195,511,40706,390
2021-10-16,Stanislaus,099,539301,77024,75868,8672,84540,1142
2021-10-16,Sutter,101,95872,13625,13471,315,13786,169
2021-10-16,Tehama,103,63373,8106,7907,1388,9295,104
2021-10-16,Trinity,105,12862,818,679,202,881,11
2021-10-16,Tulare,107,460477,66191,64489,14297,78786,951
2021-10-16,Tuolumne,109,53932,6843,6666,81,6747,89
2021-10-16,Ventura,111,848112,96882,96181,4280,100461,1164
2021-10-16,Yolo,113,214977,19307,19078,1077,20155,247
2021-10-16,Yuba,115,75493,9840,9705,289,9994,82
2021-10-15,Alameda,001,1643700,117925,117027,2820,119847,1365
2021-10-15,Alpine,003,1148,104,102,0,102,0
2021-10-15,Amador,005,37829,5391,5310,57,5367,64
2021-10-15,Butte,007,227075,20140,19612,3624,23236,260
2021-10-15,Calaveras,009,45235,3843,3771,47,3818,80
2021-10-15,Colusa,011,21464,2474,2431,605,3036,18
2021-10-15,Contra Costa,013,1133247,97783,97107,2134,99241,982
2021-10-15,Del Norte,015,27424,3611,3516,53,3569,41
2021-10-15,El Dorado,017,186661,15596,15315,1632,16947,149
2021-10-15,Fresno,019,978130,134778,132433,11874,144307,2051
2021-10-15,Glenn,021,27897,3396,3331,960,4291,26
2021-10-15,Humboldt,023,135768,8763,8621,507,9128,104
2021-10-15,Imperial,025,180216,32722,32368,3182,35550,764
2021-10-15,Inyo,027,18085,2068,1932,54,1986,39
2021-10-15,Kern,029,883053,123435,121354,20618,141972,1590
2021-10-15,Kings,031,150075,31047,30418,1852,32270,314
2021-10-15,Lake,033,64148,6531,6378,139,6517,104
2021-10-15,Lassen,035,31185,6668,6559,336,6895,26
2021-10-15,Los Angeles,037,10098052,1419228,1409418,53625,1463043,26398
2021-10-15,Madera,039,155013,22167,21707,1936,23643,277
2021-10-15,Marin,041,260295,17275,17148,443,17591,243
2021-10-15,Mariposa,043,17540,1189,1096,40,1136,5
2021-10-15,Mendocino,045,87422,7203,7099,432,7531,82
2021-10-15,Merced,047,269075,40742,40265,1658,41923,577
2021-10-15,Modoc,049,8938,510,492,183,675,5
2021-10-15,Mono,051,14174,1650,1628,18,1646,3
2021-10-15,Monterey,053,433212,48198,47293,3426,50719,582
2021-10-15,Napa,055,140530,12809,12706,106,12812,100
2021-10-15,Nevada,057,99092,8882,8739,320,9059,90
2021-10-15,Orange,059,3164182,303201,300722,14658,315380,5509
2021-10-15,Placer,061,380077,35870,35343,3530,38873,412
2021-10-15,Plumas,063,18699,1618,1542,33,1575,6
2021-10-15,Riverside,065,2383286,355327,352435,16244,368679,4990
2021-10-15,Sacramento,067,1510023,154794,153264,4379,157643,2192
2021-10-15,San Benito,069,59416,7260,7210,164,7374,71
2021-10-15,San Bernardino,071,2135413,348065,345418,10963,356381,5566
2021-10-15,San Diego,073,3302833,366360,363109,21217,384326,4151
2021-10-15,San Francisco,075,870044,52065,51436,2513,53949,645
2021-10-15,San Joaquin,077,732212,97639,96507,5347,101854,1708
2021-10-15,San Luis Obispo,079,281455,28852,28460,1186,29646,329
2021-10-15,San Mateo,081,765935,53353,52399,1435,53834,569
2021-10-15,Santa Barbara,083,443738,44078,43175,1615,44790,521
2021-10-15,Santa Clara,085,1922200,144604,143282,1262,144544,1890
2021-10-15,Santa Cruz,087,273765,20034,19794,1018,20812,218
2021-10-15,Shasta,089,179085,20445,19932,3461,23393,309
2021-10-15,Sierra,091,2930,170,160,19,179,0
2021-10-15,Siskiyou,093,43540,3280,3173,1240,4413,42
2021-10-15,Solano,095,438530,45303,44585,1196,45781,334
2021-10-15,Sonoma,097,501317,40497,40195,510,40705,390
2021-10-15,Stanislaus,099,539301,76944,75868,8656,84524,1142
2021-10-15,Sutter,101,95872,13608,13471,313,13784,169
2021-10-15,Tehama,103,63373,8084,7907,1382,9289,104
2021-10-15,Trinity,105,12862,818,679,202,881,11
2021-10-15,Tulare,107,460477,66112,64489,14260,78749,951
2021-10-15,Tuolumne,109,53932,6820,6666,79,6745,89
2021-10-15,Ventura,111,848112,96841,96181,4276,100457,1164
2021-10-15,Yolo,113,214977,19293,19078,1073,20151,247
2021-10-15,Yuba,115,75493,9830,9705,288,9993,82
2021-10-14,Alameda,001,1643700,117818,117027,2814,119841,1365
2021-10-14,Alpine,003,1148,104,102,0,102,0
2021-10-14,Amador,005,37829,5380,5310,57,5367,64
2021-10-14,Butte,007,227075,20088,19612,3619,23231,260
2021-10-14,Calaveras,009,45235,3830,3771,46,3817,80
2021-10-14,Colusa,011,21464,2472,2431,603,3034,18
2021-10-14,Contra Costa,013,1133247,97649,97107,2126,99233,982
2021-10-14,Del Norte,015,27424,3605,3516,53,3569,41
2021-10-14,El Dorado,017,186661,15557,15315,1629,16944,149
2021-10-14,Fresno,019,978130,134485,132433,11854,144287,2051
2021-10-14,Glenn,021,27897,3393,3331,959,4290,26
2021-10-14,Humboldt,023,135768,8745,8621,504,9125,104
2021-10-14,Imperial,025,180216,32658,32368,3175,35543,764
2021-10-14,Inyo,027,18085,2049,1932,54,1986,39
2021-10-14,Kern,029,883053,123165,121354,20518,141872,1590
2021-10-14,Kings,031,150075,30982,30418,1844,32262,314
2021-10-14,Lake,033,64148,6510,6378,138,6516,104
2021-10-14,Lassen,035,31185,6662,6559,335,6894,26
2021-10-14,Los Angeles,037,10098052,1418249,1409418,53573,1462991,26398
2021-10-14,Madera,039,155013,22102,21707,1932,23639,277
2021-10-14,Marin,041,260295,17270,17148,441,17589,243
2021-10-14,Mariposa,043,17540,1176,1096,39,1135,5
2021-10-14,Mendocino,045,87422,7189,7099,431,7530,82
2021-10-14,Merced,047,269075,40653,40265,1645,41910,577
2021-10-14,Modoc,049,8938,510,492,183,675,5
2021-10-14,Mono,051,14174,1644,1628,18,1646,3
2021-10-14,Monterey,053,433212,48172,47293,3419,50712,582
2021-10-14,Napa,055,140530,12794,12706,106,12812,100
2021-10-14,Nevada,057,99092,8854,8739,318,9057,90
2021-10-14,Orange,059,3164182,302994,300722,14642,315364,5509
2021-10-14,Placer,061,380077,35803,35343,3516,38859,412
2021-10-14,Plumas,063,18699,1603,1542,33,1575,6
2021-10-14,Riverside,065,2383286,354930,352435,16233,368668,4990
2021-10-14,Sacramento,067,1510023,154542,153264,4357,157621,2192
2021-10-14,San Benito,069,59416,7249,7210,164,7374,71
2021-10-14,San Bernardino,071,2135413,347707,345418,10957,356375,5566
2021-10-14,San Diego,073,3302833,365912,363109,21190,384299,4151
2021-10-14,San Francisco,075,870044,52010,51436,2507,53943,645
2021-10-14,San Joaquin,077,732212,97510,96507,5338,101845,1708
2021-10-14,San Luis Obispo,079,281455,28809,28460,1182,29642,329
2021-10-14,San Mateo,081,765935,53305,52399,1431,53830,569
2021-10-14,Santa Barbara,083,443738,44022,43175,1610,44785,521
2021-10-14,Santa Clara,085,1922200,144463,143282,1256,144538,1890
2021-10-14,Santa Cruz,087,273765,20011,19794,1018,20812,218
2021-10-14,Shasta,089,179085,20389,19932,3449,23381,309
2021-10-14,Sierra,091,2930,170,160,19,179,0
2021-10-14,Siskiyou,093,43540,3277,3173,1232,4405,42
2021-10-14,Solano,095,438530,45253,44585,1190,45775,334
2021-10-14,Sonoma,097,501317,40446,40195,507,40702,390
2021-10-14,Stanislaus,099,539301,76798,75868,8643,84511,1142
2021-10-14,Sutter,101,95872,13588,13471,312,13783,169
2021-10-14,Tehama,103,63373,8053,7907,1375,9282,104
2021-10-14,Trinity,105,12862,817,679,201,880,11
2021-10-14,Tulare,107,460477,65932,64489,14213,78702,951
2021-10-14,Tuolumne,109,53932,6790,6666,78,6744,89
2021-10-14,Ventura,111,848112,96775,96181,4269,100450,1164
2021-10-14,Yolo,113,214977,19261,19078,1066,20144,247
2021-10-14,Yuba,115,75493,9816,9705,279,9984,82
2021-10-13,Alameda,001,1643700,117717,116914,2808,119722,1360
2021-10-13,Alpine,003,1148,104,102,0,102,0
2021-10-13,Amador,005,37829,5366,5305,57,5362,63
2021-10-13,Butte,007,227075,20014,19546,3615,23161,257
2021-10-13,Calaveras,009,45235,3809,3756,44,3800,79
2021-10-13,Colusa,011,21464,2465,2430,599,3029,18
2021-10-13,Contra Costa,013,1133247,97535,96975,2125,99100,969
2021-10-13,Del Norte,015,27424,3600,3512,53,3565,39
2021-10-13,El Dorado,017,186661,15534,15302,1624,16926,149
2021-10-13,Fresno,019,978130,134154,132055,11833,143888,2048
2021-10-13,Glenn,021,27897,3382,3327,956,4283,26
2021-10-13,Humboldt,023,135768,8734,8604,498,9102,102
2021-10-13,Imperial,025,180216,32598,32317,3172,35489,762
2021-10-13,Inyo,027,18085,2012,1907,54,1961,39
2021-10-13,Kern,029,883053,122923,120956,20426,141382,1586
2021-10-13,Kings,031,150075,30901,30246,1837,32083,312
2021-10-13,Lake,033,64148,6490,6371,138,6509,103
2021-10-13,Lassen,035,31185,6652,6535,329,6864,25
2021-10-13,Los Angeles,037,10098052,1417196,1408384,53515,1461899,26379
2021-10-13,Madera,039,155013,22047,21609,1917,23526,277
2021-10-13,Marin,041,260295,17246,17137,440,17577,243
2021-10-13,Mariposa,043,17540,1162,1090,39,1129,5
2021-10-13,Mendocino,045,87422,7174,7088,423,7511,82
2021-10-13,Merced,047,269075,40568,40164,1634,41798,577
2021-10-13,Modoc,049,8938,508,490,181,671,5
2021-10-13,Mono,051,14174,1644,1612,18,1630,3
2021-10-13,Monterey,053,433212,48153,47273,3410,50683,582
2021-10-13,Napa,055,140530,12783,12695,104,12799,100
2021-10-13,Nevada,057,99092,8832,8725,318,9043,90
2021-10-13,Orange,059,3164182,302788,300468,14626,315094,5503
2021-10-13,Placer,061,380077,35736,35254,3504,38758,412
2021-10-13,Plumas,063,18699,1589,1514,33,1547,6
2021-10-13,Riverside,065,2383286,354600,352044,16220,368264,4978
2021-10-13,Sacramento,067,1510023,154291,153141,4335,157476,2182
2021-10-13,San Benito,069,59416,7243,7196,163,7359,71
2021-10-13,San Bernardino,071,2135413,347384,344951,10941,355892,5562
2021-10-13,San Diego,073,3302833,365476,362564,21168,383732,4141
2021-10-13,San Francisco,075,870044,51968,51379,2503,53882,644
2021-10-13,San Joaquin,077,732212,97367,96343,5333,101676,1696
2021-10-13,San Luis Obispo,079,281455,28771,28397,1179,29576,330
2021-10-13,San Mateo,081,765935,53253,52352,1425,53777,569
2021-10-13,Santa Barbara,083,443738,43970,43109,1610,44719,518
2021-10-13,Santa Clara,085,1922200,144324,143064,1255,144319,1886
2021-10-13,Santa Cruz,087,273765,19985,19763,1017,20780,217
2021-10-13,Shasta,089,179085,20319,19802,3427,23229,307
2021-10-13,Sierra,091,2930,170,155,19,174,0
2021-10-13,Siskiyou,093,43540,3269,3173,1231,4404,42
2021-10-13,Solano,095,438530,45214,44558,1188,45746,334
2021-10-13,Sonoma,097,501317,40390,40122,507,40629,390
2021-10-13,Stanislaus,099,539301,76657,75698,8634,84332,1136
2021-10-13,Sutter,101,95872,13558,13458,310,13768,169
2021-10-13,Tehama,103,63373,8015,7849,1369,9218,103
2021-10-13,Trinity,105,12862,814,677,201,878,11
2021-10-13,Tulare,107,460477,65753,64297,14158,78455,945
2021-10-13,Tuolumne,109,53932,6776,6644,77,6721,89
2021-10-13,Ventura,111,848112,96701,96099,4264,100363,1162
2021-10-13,Yolo,113,214977,19231,19023,1064,20087,247
2021-10-13,Yuba,115,75493,9791,9690,265,9955,80
2021-10-12,Alameda,001,1643700,117616,116813,2803,119616,1357
2021-10-12,Alpine,003,1148,104,102,0,102,0
2021-10-12,Amador,005,37829,5355,5301,57,5358,63
2021-10-12,Butte,007,227075,19945,19506,3603,23109,256
2021-10-12,Calaveras,009,45235,3794,3750,44,3794,75
2021-10-12,Colusa,011,21464,2462,2428,597,3025,18
2021-10-12,Contra Costa,013,1133247,97422,96894,2116,99010,960
2021-10-12,Del Norte,015,27424,3594,3511,53,3564,39
2021-10-12,El Dorado,017,186661,15500,15287,1622,16909,148
2021-10-12,Fresno,019,978130,133795,131848,11805,143653,2042
2021-10-12,Glenn,021,27897,3372,3321,953,4274,26
2021-10-12,Humboldt,023,135768,8707,8587,491,9078,102
2021-10-12,Imperial,025,180216,32546,32267,3170,35437,762
2021-10-12,Inyo,027,18085,1980,1889,54,1943,39
2021-10-12,Kern,029,883053,122638,120826,20317,141143,1580
2021-10-12,Kings,031,150075,30829,30200,1826,32026,312
2021-10-12,Lake,033,64148,6475,6372,138,6510,97
2021-10-12,Lassen,035,31185,6642,6526,328,6854,25
2021-10-12,Los Angeles,037,10098052,1416134,1407462,53467,1460929,26362
2021-10-12,Madera,039,155013,21976,21574,1905,23479,277
2021-10-12,Marin,041,260295,17223,17126,440,17566,242
2021-10-12,Mariposa,043,17540,1148,1088,39,1127,5
2021-10-12,Mendocino,045,87422,7145,7077,421,7498,82
2021-10-12,Merced,047,269075,40489,40113,1628,41741,567
2021-10-12,Modoc,049,8938,503,485,180,665,5
2021-10-12,Mono,051,14174,1640,1608,18,1626,3
2021-10-12,Monterey,053,433212,48122,47254,3399,50653,582
2021-10-12,Napa,055,140530,12769,12671,104,12775,97
2021-10-12,Nevada,057,99092,8820,8720,317,9037,89
2021-10-12,Orange,059,3164182,302530,300256,14602,314858,5499
2021-10-12,Placer,061,380077,35673,35214,3496,38710,404
2021-10-12,Plumas,063,18699,1575,1488,32,1520,6
2021-10-12,Riverside,065,2383286,354274,351771,16207,367978,4973
2021-10-12,Sacramento,067,1510023,153987,152935,4310,157245,2170
2021-10-12,San Benito,069,59416,7229,7193,163,7356,71
2021-10-12,San Bernardino,071,2135413,347071,344788,10931,355719,5563
2021-10-12,San Diego,073,3302833,364953,362256,21138,383394,4137
2021-10-12,San Francisco,075,870044,51905,51301,2500,53801,643
2021-10-12,San Joaquin,077,732212,97230,96237,5328,101565,1690
2021-10-12,San Luis Obispo,079,281455,28724,28379,1178,29557,327
2021-10-12,San Mateo,081,765935,53203,52328,1421,53749,569
2021-10-12,Santa Barbara,083,443738,43909,43076,1610,44686,515
2021-10-12,Santa Clara,085,1922200,144170,142954,1253,144207,1882
2021-10-12,Santa Cruz,087,273765,19960,19757,1017,20774,218
2021-10-12,Shasta,089,179085,20245,19731,3405,23136,304
2021-10-12,Sierra,091,2930,170,153,19,172,0
2021-10-12,Siskiyou,093,43540,3258,3166,1224,4390,42
2021-10-12,Solano,095,438530,45171,44516,1183,45699,329
2021-10-12,Sonoma,097,501317,40348,40105,507,40612,390
2021-10-12,Stanislaus,099,539301,76505,75589,8619,84208,1126
2021-10-12,Sutter,101,95872,13535,13436,306,13742,168
2021-10-12,Tehama,103,63373,7982,7820,1365,9185,103
2021-10-12,Trinity,105,12862,811,676,201,877,11
2021-10-12,Tulare,107,460477,65575,64216,14101,78317,944
2021-10-12,Tuolumne,109,53932,6759,6637,76,6713,89
2021-10-12,Ventura,111,848112,96593,96022,4260,100282,1160
2021-10-12,Yolo,113,214977,19205,18987,1056,20043,247
2021-10-12,Yuba,115,75493,9776,9676,261,9937,70
2021-10-11,Alameda,001,1643700,117478,116759,2802,119561,1358
2021-10-11,Alpine,003,1148,103,102,0,102,0
2021-10-11,Amador,005,37829,5343,5286,57,5343,62
2021-10-11,Butte,007,227075,19886,19452,3598,23050,253
2021-10-11,Calaveras,009,45235,3773,3750,44,3794,75
2021-10-11,Colusa,011,21464,2458,2427,590,3017,18
2021-10-11,Contra Costa,013,1133247,97285,96832,2111,98943,960
2021-10-11,Del Norte,015,27424,3591,3510,49,3559,39
2021-10-11,El Dorado,017,186661,15472,15273,1618,16891,146
2021-10-11,Fresno,019,978130,133468,131703,11776,143479,2036
2021-10-11,Glenn,021,27897,3354,3308,952,4260,26
2021-10-11,Humboldt,023,135768,8682,8571,484,9055,101
2021-10-11,Imperial,025,180216,32496,32207,3164,35371,762
2021-10-11,Inyo,027,18085,1957,1862,53,1915,39
2021-10-11,Kern,029,883053,122404,120684,20220,140904,1575
2021-10-11,Kings,031,150075,30741,30180,1816,31996,309
2021-10-11,Lake,033,64148,6459,6361,134,6495,97
2021-10-11,Lassen,035,31185,6622,6499,325,6824,25
2021-10-11,Los Angeles,037,10098052,1415090,1406826,53415,1460241,26346
2021-10-11,Madera,039,155013,21919,21555,1888,23443,272
2021-10-11,Marin,041,260295,17205,17121,436,17557,242
2021-10-11,Mariposa,043,17540,1118,1083,38,1121,5
2021-10-11,Mendocino,045,87422,7129,7064,417,7481,82
2021-10-11,Merced,047,269075,40372,40064,1604,41668,566
2021-10-11,Modoc,049,8938,500,482,177,659,5
2021-10-11,Mono,051,14174,1630,1604,18,1622,3
2021-10-11,Monterey,053,433212,48093,47241,3392,50633,580
2021-10-11,Napa,055,140530,12746,12654,102,12756,96
2021-10-11,Nevada,057,99092,8800,8716,316,9032,90
2021-10-11,Orange,059,3164182,302302,299941,14574,314515,5499
2021-10-11,Placer,061,380077,35604,35173,3479,38652,404
2021-10-11,Plumas,063,18699,1557,1469,30,1499,6
2021-10-11,Riverside,065,2383286,353932,351444,16201,367645,4973
2021-10-11,Sacramento,067,1510023,153698,152681,4279,156960,2169
2021-10-11,San Benito,069,59416,7207,7184,161,7345,71
2021-10-11,San Bernardino,071,2135413,346683,344594,10922,355516,5549
2021-10-11,San Diego,073,3302833,364432,361712,21105,382817,4124
2021-10-11,San Francisco,075,870044,51834,51275,2494,53769,643
2021-10-11,San Joaquin,077,732212,97077,96152,5317,101469,1681
2021-10-11,San Luis Obispo,079,281455,28678,28355,1173,29528,327
2021-10-11,San Mateo,081,765935,53155,52298,1420,53718,569
2021-10-11,Santa Barbara,083,443738,43862,43018,1609,44627,515
2021-10-11,Santa Clara,085,1922200,144008,142836,1250,144086,1882
2021-10-11,Santa Cruz,087,273765,19936,19745,1016,20761,217
2021-10-11,Shasta,089,179085,20166,19662,3389,23051,295
2021-10-11,Sierra,091,2930,165,147,18,165,0
2021-10-11,Siskiyou,093,43540,3250,3159,1220,4379,42
2021-10-11,Solano,095,438530,45123,44474,1180,45654,329
2021-10-11,Sonoma,097,501317,40303,40067,507,40574,390
2021-10-11,Stanislaus,099,539301,76332,75478,8598,84076,1118
2021-10-11,Sutter,101,95872,13516,13427,304,13731,165
2021-10-11,Tehama,103,63373,7941,7795,1355,9150,102
2021-10-11,Trinity,105,12862,805,675,200,875,11
2021-10-11,Tulare,107,460477,65396,64094,14034,78128,942
2021-10-11,Tuolumne,109,53932,6723,6602,76,6678,89
2021-10-11,Ventura,111,848112,96492,95876,4252,100128,1160
2021-10-11,Yolo,113,214977,19159,18977,1053,20030,247
2021-10-11,Yuba,115,75493,9759,9657,249,9906,69
2021-10-10,Alameda,001,1643700,117358,116679,2798,119477,1358
2021-10-10,Alpine,003,1148,103,102,0,102,0
2021-10-10,Amador,005,37829,5328,5278,57,5335,62
2021-10-10,Butte,007,227075,19822,19430,3584,23014,253
2021-10-10,Calaveras,009,45235,3761,3747,44,3791,75
2021-10-10,Colusa,011,21464,2457,2425,589,3014,18
2021-10-10,Contra Costa,013,1133247,97186,96760,2105,98865,960
2021-10-10,Del Norte,015,27424,3587,3507,49,3556,39
2021-10-10,El Dorado,017,186661,15441,15250,1612,16862,146
2021-10-10,Fresno,019,978130,133140,131434,11748,143182,2035
2021-10-10,Glenn,021,27897,3352,3297,950,4247,26
2021-10-10,Humboldt,023,135768,8660,8554,480,9034,101
2021-10-10,Imperial,025,180216,32422,32167,3163,35330,762
2021-10-10,Inyo,027,18085,1936,1857,53,1910,39
2021-10-10,Kern,029,883053,122078,120552,20116,140668,1573
2021-10-10,Kings,031,150075,30653,30122,1806,31928,308
2021-10-10,Lake,033,64148,6443,6349,133,6482,97
2021-10-10,Lassen,035,31185,6602,6495,324,6819,26
2021-10-10,Los Angeles,037,10098052,1413917,1406034,53340,1459374,26338
2021-10-10,Madera,039,155013,21873,21486,1879,23365,272
2021-10-10,Marin,041,260295,17188,17112,436,17548,242
2021-10-10,Mariposa,043,17540,1115,1074,38,1112,5
2021-10-10,Mendocino,045,87422,7114,7060,409,7469,81
2021-10-10,Merced,047,269075,40288,40036,1586,41622,566
2021-10-10,Modoc,049,8938,500,482,177,659,5
2021-10-10,Mono,051,14174,1629,1596,18,1614,3
2021-10-10,Monterey,053,433212,48063,47228,3386,50614,580
2021-10-10,Napa,055,140530,12723,12641,102,12743,96
2021-10-10,Nevada,057,99092,8788,8689,316,9005,90
2021-10-10,Orange,059,3164182,302039,299787,14548,314335,5499
2021-10-10,Placer,061,380077,35511,35128,3467,38595,404
2021-10-10,Plumas,063,18699,1541,1468,28,1496,6
2021-10-10,Riverside,065,2383286,353560,351248,16182,367430,4973
2021-10-10,Sacramento,067,1510023,153434,152405,4262,156667,2178
2021-10-10,San Benito,069,59416,7202,7180,160,7340,71
2021-10-10,San Bernardino,071,2135413,346378,344423,10914,355337,5551
2021-10-10,San Diego,073,3302833,363910,361038,21054,382092,4113
2021-10-10,San Francisco,075,870044,51786,51216,2489,53705,643
2021-10-10,San Joaquin,077,732212,96906,96084,5300,101384,1681
2021-10-10,San Luis Obispo,079,281455,28637,28343,1173,29516,326
2021-10-10,San Mateo,081,765935,53114,52273,1419,53692,569
2021-10-10,Santa Barbara,083,443738,43817,42987,1608,44595,515
2021-10-10,Santa Clara,085,1922200,143843,142768,1243,144011,1881
2021-10-10,Santa Cruz,087,273765,19916,19727,1016,20743,217
2021-10-10,Shasta,089,179085,20077,19635,3380,23015,296
2021-10-10,Sierra,091,2930,163,147,18,165,0
2021-10-10,Siskiyou,093,43540,3236,3155,1213,4368,42
2021-10-10,Solano,095,438530,45067,44431,1180,45611,329
2021-10-10,Sonoma,097,501317,40251,40027,507,40534,390
2021-10-10,Stanislaus,099,539301,76153,75403,8583,83986,1118
2021-10-10,Sutter,101,95872,13492,13412,299,13711,165
2021-10-10,Tehama,103,63373,7903,7764,1346,9110,102
2021-10-10,Trinity,105,12862,804,669,199,868,11
2021-10-10,Tulare,107,460477,65227,63930,13985,77915,940
2021-10-10,Tuolumne,109,53932,6700,6580,75,6655,89
2021-10-10,Ventura,111,848112,96405,95829,4250,100079,1160
2021-10-10,Yolo,113,214977,19127,18952,1048,20000,247
2021-10-10,Yuba,115,75493,9742,9641,245,9886,69
2021-10-09,Alameda,001,1643700,117264,116253,2796,119049,1356
2021-10-09,Alpine,003,1148,102,102,0,102,0
2021-10-09,Amador,005,37829,5326,5237,56,5293,62
2021-10-09,Butte,007,227075,19792,19277,3581,22858,250
2021-10-09,Calaveras,009,45235,3757,3716,44,3760,75
2021-10-09,Colusa,011,21464,2453,2419,588,3007,18
2021-10-09,Contra Costa,013,1133247,97121,96378,2098,98476,958
2021-10-09,Del Norte,015,27424,3586,3495,49,3544,39
2021-10-09,El Dorado,017,186661,15423,15153,1609,16762,144
2021-10-09,Fresno,019,978130,133008,130508,11731,142239,2018
2021-10-09,Glenn,021,27897,3348,3277,949,4226,26
2021-10-09,Humboldt,023,135768,8646,8448,478,8926,97
2021-10-09,Imperial,025,180216,32388,31989,3161,35150,760
2021-10-09,Inyo,027,18085,1927,1808,53,1861,39
2021-10-09,Kern,029,883053,121939,119795,20088,139883,1559
2021-10-09,Kings,031,150075,30604,29894,1804,31698,308
2021-10-09,Lake,033,64148,6424,6283,131,6414,97
2021-10-09,Lassen,035,31185,6597,6442,323,6765,25
2021-10-09,Los Angeles,037,10098052,1413331,1402810,53300,1456110,26280
2021-10-09,Madera,039,155013,21840,21313,1866,23179,271
2021-10-09,Marin,041,260295,17183,17049,434,17483,242
2021-10-09,Mariposa,043,17540,1108,1042,37,1079,5
2021-10-09,Mendocino,045,87422,7107,7011,409,7420,82
2021-10-09,Merced,047,269075,40247,39784,1586,41370,565
2021-10-09,Modoc,049,8938,498,477,176,653,5
2021-10-09,Mono,051,14174,1627,1577,18,1595,3
2021-10-09,Monterey,053,433212,48051,47168,3382,50550,577
2021-10-09,Napa,055,140530,12719,12586,102,12688,96
2021-10-09,Nevada,057,99092,8777,8613,315,8928,90
2021-10-09,Orange,059,3164182,301860,299089,14529,313618,5457
2021-10-09,Placer,061,380077,35473,34877,3460,38337,393
2021-10-09,Plumas,063,18699,1530,1418,28,1446,6
2021-10-09,Riverside,065,2383286,353309,350082,16165,366247,4965
2021-10-09,Sacramento,067,1510023,153225,151566,4249,155815,2160
2021-10-09,San Benito,069,59416,7194,7123,160,7283,71
2021-10-09,San Bernardino,071,2135413,346194,343452,10910,354362,5556
2021-10-09,San Diego,073,3302833,363597,359909,21047,380956,4111
2021-10-09,San Francisco,075,870044,51740,50960,2482,53442,643
2021-10-09,San Joaquin,077,732212,96839,95606,5295,100901,1669
2021-10-09,San Luis Obispo,079,281455,28620,28197,1171,29368,324
2021-10-09,San Mateo,081,765935,53081,52121,1417,53538,569
2021-10-09,Santa Barbara,083,443738,43790,42735,1608,44343,514
2021-10-09,Santa Clara,085,1922200,143720,142298,1237,143535,1873
2021-10-09,Santa Cruz,087,273765,19907,19635,1015,20650,217
2021-10-09,Shasta,089,179085,20027,19437,3375,22812,290
2021-10-09,Sierra,091,2930,160,141,18,159,0
2021-10-09,Siskiyou,093,43540,3235,3124,1212,4336,42
2021-10-09,Solano,095,438530,45050,44265,1179,45444,329
2021-10-09,Sonoma,097,501317,40207,39848,507,40355,387
2021-10-09,Stanislaus,099,539301,76063,74899,8572,83471,1114
2021-10-09,Sutter,101,95872,13483,13314,297,13611,165
2021-10-09,Tehama,103,63373,7892,7670,1341,9011,99
2021-10-09,Trinity,105,12862,803,660,199,859,11
2021-10-09,Tulare,107,460477,65120,63398,13964,77362,932
2021-10-09,Tuolumne,109,53932,6681,6521,75,6596,89
2021-10-09,Ventura,111,848112,96349,95542,4247,99789,1158
2021-10-09,Yolo,113,214977,19106,18850,1045,19895,247
2021-10-09,Yuba,115,75493,9730,9551,243,9794,69
2021-10-08,Alameda,001,1643700,117182,116253,2793,119046,1356
2021-10-08,Alpine,003,1148,102,102,0,102,0
2021-10-08,Amador,005,37829,5313,5237,56,5293,62
2021-10-08,Butte,007,227075,19763,19277,3577,22854,250
2021-10-08,Calaveras,009,45235,3752,3716,44,3760,75
2021-10-08,Colusa,011,21464,2451,2419,588,3007,18
2021-10-08,Contra Costa,013,1133247,97077,96378,2093,98471,958
2021-10-08,Del Norte,015,27424,3585,3495,49,3544,39
2021-10-08,El Dorado,017,186661,15404,15153,1605,16758,144
2021-10-08,Fresno,019,978130,132812,130508,11710,142218,2018
2021-10-08,Glenn,021,27897,3337,3277,948,4225,26
2021-10-08,Humboldt,023,135768,8635,8448,475,8923,97
2021-10-08,Imperial,025,180216,32358,31989,3157,35146,760
2021-10-08,Inyo,027,18085,1909,1808,53,1861,39
2021-10-08,Kern,029,883053,121802,119795,20046,139841,1559
2021-10-08,Kings,031,150075,30511,29894,1803,31697,308
2021-10-08,Lake,033,64148,6416,6283,131,6414,97
2021-10-08,Lassen,035,31185,6583,6442,319,6761,25
2021-10-08,Los Angeles,037,10098052,1412668,1402810,53264,1456074,26280
2021-10-08,Madera,039,155013,21782,21313,1859,23172,271
2021-10-08,Marin,041,260295,17172,17049,433,17482,242
2021-10-08,Mariposa,043,17540,1101,1042,35,1077,5
2021-10-08,Mendocino,045,87422,7094,7011,409,7420,82
2021-10-08,Merced,047,269075,40215,39784,1583,41367,565
2021-10-08,Modoc,049,8938,496,477,176,653,5
2021-10-08,Mono,051,14174,1625,1577,18,1595,3
2021-10-08,Monterey,053,433212,48024,47168,3377,50545,577
2021-10-08,Napa,055,140530,12703,12586,102,12688,96
2021-10-08,Nevada,057,99092,8764,8613,315,8928,90
2021-10-08,Orange,059,3164182,301711,299089,14511,313600,5457
2021-10-08,Placer,061,380077,35435,34877,3452,38329,393
2021-10-08,Plumas,063,18699,1518,1418,28,1446,6
2021-10-08,Riverside,065,2383286,353039,350082,16154,366236,4965
2021-10-08,Sacramento,067,1510023,153059,151566,4235,155801,2160
2021-10-08,San Benito,069,59416,7190,7123,158,7281,71
2021-10-08,San Bernardino,071,2135413,345991,343452,10902,354354,5556
2021-10-08,San Diego,073,3302833,363262,359909,21027,380936,4111
2021-10-08,San Francisco,075,870044,51692,50960,2473,53433,643
2021-10-08,San Joaquin,077,732212,96771,95606,5289,100895,1669
2021-10-08,San Luis Obispo,079,281455,28593,28197,1170,29367,324
2021-10-08,San Mateo,081,765935,53054,52121,1416,53537,569
2021-10-08,Santa Barbara,083,443738,43755,42735,1607,44342,514
2021-10-08,Santa Clara,085,1922200,143607,142298,1232,143530,1873
2021-10-08,Santa Cruz,087,273765,19892,19635,1015,20650,217
2021-10-08,Shasta,089,179085,19985,19437,3369,22806,290
2021-10-08,Sierra,091,2930,158,141,16,157,0
2021-10-08,Siskiyou,093,43540,3227,3124,1211,4335,42
2021-10-08,Solano,095,438530,45011,44265,1178,45443,329
2021-10-08,Sonoma,097,501317,40172,39848,507,40355,387
2021-10-08,Stanislaus,099,539301,75994,74899,8564,83463,1114
2021-10-08,Sutter,101,95872,13470,13314,294,13608,165
2021-10-08,Tehama,103,63373,7875,7670,1339,9009,99
2021-10-08,Trinity,105,12862,802,660,199,859,11
2021-10-08,Tulare,107,460477,65003,63398,13931,77329,932
2021-10-08,Tuolumne,109,53932,6658,6521,75,6596,89
2021-10-08,Ventura,111,848112,96304,95542,4242,99784,1158
2021-10-08,Yolo,113,214977,19093,18850,1041,19891,247
2021-10-08,Yuba,115,75493,9710,9551,242,9793,69
2021-10-07,Alameda,001,1643700,117066,116253,2791,119044,1356
2021-10-07,Alpine,003,1148,102,102,0,102,0
2021-10-07,Amador,005,37829,5306,5237,56,5293,62
2021-10-07,Butte,007,227075,19714,19277,3566,22843,250
2021-10-07,Calaveras,009,45235,3740,3716,44,3760,75
2021-10-07,Colusa,011,21464,2448,2419,582,3001,18
2021-10-07,Contra Costa,013,1133247,96957,96378,2087,98465,958
2021-10-07,Del Norte,015,27424,3582,3495,49,3544,39
2021-10-07,El Dorado,017,186661,15368,15153,1601,16754,144
2021-10-07,Fresno,019,978130,132538,130508,11687,142195,2018
2021-10-07,Glenn,021,27897,3330,3277,945,4222,26
2021-10-07,Humboldt,023,135768,8609,8448,472,8920,97
2021-10-07,Imperial,025,180216,32286,31989,3144,35133,760
2021-10-07,Inyo,027,18085,1890,1808,53,1861,39
2021-10-07,Kern,029,883053,121571,119795,19980,139775,1559
2021-10-07,Kings,031,150075,30446,29894,1797,31691,308
2021-10-07,Lake,033,64148,6405,6283,131,6414,97
2021-10-07,Lassen,035,31185,6565,6442,317,6759,25
2021-10-07,Los Angeles,037,10098052,1411710,1402810,53219,1456029,26280
2021-10-07,Madera,039,155013,21709,21313,1844,23157,271
2021-10-07,Marin,041,260295,17154,17049,433,17482,242
2021-10-07,Mariposa,043,17540,1093,1042,35,1077,5
2021-10-07,Mendocino,045,87422,7084,7011,405,7416,82
2021-10-07,Merced,047,269075,40148,39784,1567,41351,565
2021-10-07,Modoc,049,8938,493,477,175,652,5
2021-10-07,Mono,051,14174,1614,1577,18,1595,3
2021-10-07,Monterey,053,433212,47999,47168,3364,50532,577
2021-10-07,Napa,055,140530,12688,12586,102,12688,96
2021-10-07,Nevada,057,99092,8736,8613,315,8928,90
2021-10-07,Orange,059,3164182,301487,299089,14498,313587,5457
2021-10-07,Placer,061,380077,35373,34877,3445,38322,393
2021-10-07,Plumas,063,18699,1501,1418,28,1446,6
2021-10-07,Riverside,065,2383286,352705,350082,16142,366224,4965
2021-10-07,Sacramento,067,1510023,152779,151566,4208,155774,2160
2021-10-07,San Benito,069,59416,7174,7123,156,7279,71
2021-10-07,San Bernardino,071,2135413,345717,343452,10895,354347,5556
2021-10-07,San Diego,073,3302833,362850,359909,21006,380915,4111
2021-10-07,San Francisco,075,870044,51622,50960,2470,53430,643
2021-10-07,San Joaquin,077,732212,96619,95606,5281,100887,1669
2021-10-07,San Luis Obispo,079,281455,28542,28197,1168,29365,324
2021-10-07,San Mateo,081,765935,53014,52121,1412,53533,569
2021-10-07,Santa Barbara,083,443738,43687,42735,1601,44336,514
2021-10-07,Santa Clara,085,1922200,143456,142298,1226,143524,1873
2021-10-07,Santa Cruz,087,273765,19872,19635,1014,20649,217
2021-10-07,Shasta,089,179085,19896,19437,3353,22790,290
2021-10-07,Sierra,091,2930,158,141,16,157,0
2021-10-07,Siskiyou,093,43540,3224,3124,1206,4330,42
2021-10-07,Solano,095,438530,44966,44265,1174,45439,329
2021-10-07,Sonoma,097,501317,40135,39848,505,40353,387
2021-10-07,Stanislaus,099,539301,75832,74899,8539,83438,1114
2021-10-07,Sutter,101,95872,13448,13314,291,13605,165
2021-10-07,Tehama,103,63373,7843,7670,1333,9003,99
2021-10-07,Trinity,105,12862,800,660,199,859,11
2021-10-07,Tulare,107,460477,64842,63398,13892,77290,932
2021-10-07,Tuolumne,109,53932,6636,6521,75,6596,89
2021-10-07,Ventura,111,848112,96221,95542,4239,99781,1158
2021-10-07,Yolo,113,214977,19060,18850,1036,19886,247
2021-10-07,Yuba,115,75493,9684,9551,235,9786,69
2021-10-06,Alameda,001,1643700,116932,116058,2785,118843,1353
2021-10-06,Alpine,003,1148,102,102,0,102,0
2021-10-06,Amador,005,37829,5303,5205,56,5261,62
2021-10-06,Butte,007,227075,19651,19208,3559,22767,247
2021-10-06,Calaveras,009,45235,3731,3669,44,3713,75
2021-10-06,Colusa,011,21464,2446,2414,575,2989,18
2021-10-06,Contra Costa,013,1133247,96830,96184,2083,98267,953
2021-10-06,Del Norte,015,27424,3579,3490,46,3536,39
2021-10-06,El Dorado,017,186661,15343,15078,1599,16677,140
2021-10-06,Fresno,019,978130,132250,130074,11660,141734,2008
2021-10-06,Glenn,021,27897,3320,3270,942,4212,26
2021-10-06,Humboldt,023,135768,8594,8416,465,8881,94
2021-10-06,Imperial,025,180216,32233,31930,3133,35063,760
2021-10-06,Inyo,027,18085,1875,1806,53,1859,39
2021-10-06,Kern,029,883053,121314,119491,19887,139378,1552
2021-10-06,Kings,031,150075,30380,29785,1789,31574,308
2021-10-06,Lake,033,64148,6391,6271,131,6402,97
2021-10-06,Lassen,035,31185,6549,6429,316,6745,25
2021-10-06,Los Angeles,037,10098052,1410752,1401675,53173,1454848,26252
2021-10-06,Madera,039,155013,21654,21230,1834,23064,269
2021-10-06,Marin,041,260295,17145,17042,430,17472,242
2021-10-06,Mariposa,043,17540,1086,1036,35,1071,5
2021-10-06,Mendocino,045,87422,7075,6986,404,7390,81
2021-10-06,Merced,047,269075,40070,39666,1558,41224,563
2021-10-06,Modoc,049,8938,493,477,173,650,5
2021-10-06,Mono,051,14174,1603,1568,18,1586,3
2021-10-06,Monterey,053,433212,47967,47136,3358,50494,577
2021-10-06,Napa,055,140530,12664,12552,101,12653,96
2021-10-06,Nevada,057,99092,8720,8582,314,8896,90
2021-10-06,Orange,059,3164182,301252,298785,14485,313270,5448
2021-10-06,Placer,061,380077,35322,34764,3438,38202,390
2021-10-06,Plumas,063,18699,1478,1383,28,1411,6
2021-10-06,Riverside,065,2383286,352349,349645,16121,365766,4953
2021-10-06,Sacramento,067,1510023,152526,151164,4177,155341,2141
2021-10-06,San Benito,069,59416,7159,7108,156,7264,69
2021-10-06,San Bernardino,071,2135413,345425,343022,10888,353910,5551
2021-10-06,San Diego,073,3302833,362351,359564,20978,380542,4104
2021-10-06,San Francisco,075,870044,51558,50894,2466,53360,641
2021-10-06,San Joaquin,077,732212,96484,95418,5269,100687,1658
2021-10-06,San Luis Obispo,079,281455,28493,28170,1162,29332,323
2021-10-06,San Mateo,081,765935,52964,52056,1402,53458,569
2021-10-06,Santa Barbara,083,443738,43604,42687,1599,44286,513
2021-10-06,Santa Clara,085,1922200,143305,142124,1221,143345,1872
2021-10-06,Santa Cruz,087,273765,19843,19604,1012,20616,217
2021-10-06,Shasta,089,179085,19821,19325,3339,22664,287
2021-10-06,Sierra,091,2930,156,138,16,154,0
2021-10-06,Siskiyou,093,43540,3214,3116,1198,4314,42
2021-10-06,Solano,095,438530,44932,44185,1173,45358,328
2021-10-06,Sonoma,097,501317,40085,39787,505,40292,383
2021-10-06,Stanislaus,099,539301,75690,74699,8526,83225,1114
2021-10-06,Sutter,101,95872,13427,13284,289,13573,164
2021-10-06,Tehama,103,63373,7807,7629,1326,8955,99
2021-10-06,Trinity,105,12862,797,656,199,855,11
2021-10-06,Tulare,107,460477,64666,63198,13834,77032,926
2021-10-06,Tuolumne,109,53932,6611,6486,75,6561,89
2021-10-06,Ventura,111,848112,96132,95449,4232,99681,1158
2021-10-06,Yolo,113,214977,19028,18815,1031,19846,247
2021-10-06,Yuba,115,75493,9660,9520,234,9754,69
2021-10-05,Alameda,001,1643700,116790,115968,2779,118747,1350
2021-10-05,Alpine,003,1148,102,102,0,102,0
2021-10-05,Amador,005,37829,5282,5194,55,5249,61
2021-10-05,Butte,007,227075,19603,19137,3549,22686,246
2021-10-05,Calaveras,009,45235,3715,3657,44,3701,73
2021-10-05,Colusa,011,21464,2439,2414,574,2988,18
2021-10-05,Contra Costa,013,1133247,96714,96108,2075,98183,941
2021-10-05,Del Norte,015,27424,3577,3485,45,3530,39
2021-10-05,El Dorado,017,186661,15304,15052,1596,16648,140
2021-10-05,Fresno,019,978130,131911,129957,11630,141587,1987
2021-10-05,Glenn,021,27897,3311,3270,938,4208,26
2021-10-05,Humboldt,023,135768,8562,8398,461,8859,94
2021-10-05,Imperial,025,180216,32185,31909,3128,35037,759
2021-10-05,Inyo,027,18085,1858,1800,53,1853,39
2021-10-05,Kern,029,883053,121048,119260,19786,139046,1540
2021-10-05,Kings,031,150075,30305,29749,1783,31532,301
2021-10-05,Lake,033,64148,6370,6264,130,6394,97
2021-10-05,Lassen,035,31185,6530,6417,314,6731,25
2021-10-05,Los Angeles,037,10098052,1409609,1400300,53121,1453421,26223
2021-10-05,Madera,039,155013,21596,21183,1821,23004,269
2021-10-05,Marin,041,260295,17133,17024,430,17454,242
2021-10-05,Mariposa,043,17540,1067,1033,32,1065,5
2021-10-05,Mendocino,045,87422,7059,6972,397,7369,79
2021-10-05,Merced,047,269075,40004,39608,1549,41157,562
2021-10-05,Modoc,049,8938,489,475,172,647,5
2021-10-05,Mono,051,14174,1597,1565,18,1583,3
2021-10-05,Monterey,053,433212,47950,47087,3344,50431,573
2021-10-05,Napa,055,140530,12640,12533,101,12634,96
2021-10-05,Nevada,057,99092,8690,8576,314,8890,90
2021-10-05,Orange,059,3164182,300977,298589,14454,313043,5441
2021-10-05,Placer,061,380077,35242,34728,3431,38159,382
2021-10-05,Plumas,063,18699,1453,1357,28,1385,6
2021-10-05,Riverside,065,2383286,351990,349365,16106,365471,4942
2021-10-05,Sacramento,067,1510023,152253,151111,4149,155260,2126
2021-10-05,San Benito,069,59416,7140,7103,154,7257,69
2021-10-05,San Bernardino,071,2135413,345097,342711,10881,353592,5557
2021-10-05,San Diego,073,3302833,361769,359194,20949,380143,4092
2021-10-05,San Francisco,075,870044,51464,50826,2460,53286,641
2021-10-05,San Joaquin,077,732212,96331,95276,5242,100518,1651
2021-10-05,San Luis Obispo,079,281455,28449,28113,1160,29273,324
2021-10-05,San Mateo,081,765935,52919,52008,1401,53409,569
2021-10-05,Santa Barbara,083,443738,43526,42595,1595,44190,511
2021-10-05,Santa Clara,085,1922200,143147,141971,1214,143185,1873
2021-10-05,Santa Cruz,087,273765,19801,19582,1011,20593,216
2021-10-05,Shasta,089,179085,19748,19285,3326,22611,286
2021-10-05,Sierra,091,2930,152,136,16,152,0
2021-10-05,Siskiyou,093,43540,3200,3107,1198,4305,42
2021-10-05,Solano,095,438530,44861,44149,1171,45320,325
2021-10-05,Sonoma,097,501317,40031,39756,500,40256,383
2021-10-05,Stanislaus,099,539301,75528,74599,8509,83108,1114
2021-10-05,Sutter,101,95872,13399,13270,288,13558,164
2021-10-05,Tehama,103,63373,7779,7607,1317,8924,98
2021-10-05,Trinity,105,12862,794,655,199,854,11
2021-10-05,Tulare,107,460477,64463,63093,13780,76873,920
2021-10-05,Tuolumne,109,53932,6596,6473,74,6547,89
2021-10-05,Ventura,111,848112,96027,95351,4231,99582,1155
2021-10-05,Yolo,113,214977,18993,18782,1025,19807,245
2021-10-05,Yuba,115,75493,9628,9504,231,9735,69
2021-10-04,Alameda,001,1643700,116632,115845,2775,118620,1347
2021-10-04,Alpine,003,1148,102,102,0,102,0
2021-10-04,Amador,005,37829,5272,5163,54,5217,61
2021-10-04,Butte,007,227075,19526,19081,3537,22618,245
2021-10-04,Calaveras,009,45235,3706,3641,44,3685,73
2021-10-04,Colusa,011,21464,2438,2414,573,2987,18
2021-10-04,Contra Costa,013,1133247,96573,95958,2070,98028,937
2021-10-04,Del Norte,015,27424,3575,3485,41,3526,39
2021-10-04,El Dorado,017,186661,15256,15031,1589,16620,138
2021-10-04,Fresno,019,978130,131603,129665,11609,141274,1978
2021-10-04,Glenn,021,27897,3305,3270,932,4202,26
2021-10-04,Humboldt,023,135768,8528,8355,453,8808,94
2021-10-04,Imperial,025,180216,32136,31866,3121,34987,757
2021-10-04,Inyo,027,18085,1846,1792,50,1842,39
2021-10-04,Kern,029,883053,120760,118984,19662,138646,1531
2021-10-04,Kings,031,150075,30212,29702,1780,31482,303
2021-10-04,Lake,033,64148,6357,6248,130,6378,97
2021-10-04,Lassen,035,31185,6514,6405,314,6719,25
2021-10-04,Los Angeles,037,10098052,1408497,1399604,53062,1452666,26186
2021-10-04,Madera,039,155013,21532,21126,1811,22937,266
2021-10-04,Marin,041,260295,17117,17008,429,17437,242
2021-10-04,Mariposa,043,17540,1055,1024,32,1056,5
2021-10-04,Mendocino,045,87422,7041,6947,394,7341,79
2021-10-04,Merced,047,269075,39889,39565,1532,41097,558
2021-10-04,Modoc,049,8938,486,473,172,645,5
2021-10-04,Mono,051,14174,1587,1561,18,1579,3
2021-10-04,Monterey,053,433212,47929,47058,3336,50394,571
2021-10-04,Napa,055,140530,12616,12506,101,12607,96
2021-10-04,Nevada,057,99092,8670,8563,314,8877,90
2021-10-04,Orange,059,3164182,300684,298165,14421,312586,5438
2021-10-04,Placer,061,380077,35158,34630,3403,38033,379
2021-10-04,Plumas,063,18699,1431,1329,28,1357,6
2021-10-04,Riverside,065,2383286,351609,348828,16096,364924,4923
2021-10-04,Sacramento,067,1510023,151931,150887,4122,155009,2115
2021-10-04,San Benito,069,59416,7127,7099,154,7253,69
2021-10-04,San Bernardino,071,2135413,344740,342418,10869,353287,5551
2021-10-04,San Diego,073,3302833,361191,358525,20918,379443,4090
2021-10-04,San Francisco,075,870044,51369,50798,2455,53253,638
2021-10-04,San Joaquin,077,732212,96133,95198,5222,100420,1649
2021-10-04,San Luis Obispo,079,281455,28404,28090,1154,29244,323
2021-10-04,San Mateo,081,765935,52860,51958,1393,53351,569
2021-10-04,Santa Barbara,083,443738,43443,42585,1594,44179,511
2021-10-04,Santa Clara,085,1922200,143003,141840,1208,143048,1869
2021-10-04,Santa Cruz,087,273765,19772,19559,1010,20569,216
2021-10-04,Shasta,089,179085,19641,19170,3312,22482,279
2021-10-04,Sierra,091,2930,145,136,15,151,0
2021-10-04,Siskiyou,093,43540,3191,3103,1183,4286,42
2021-10-04,Solano,095,438530,44802,44092,1169,45261,322
2021-10-04,Sonoma,097,501317,39966,39720,500,40220,381
2021-10-04,Stanislaus,099,539301,75375,74444,8490,82934,1106
2021-10-04,Sutter,101,95872,13370,13261,287,13548,164
2021-10-04,Tehama,103,63373,7738,7585,1311,8896,95
2021-10-04,Trinity,105,12862,793,649,198,847,11
2021-10-04,Tulare,107,460477,64277,62957,13711,76668,920
2021-10-04,Tuolumne,109,53932,6570,6442,74,6516,89
2021-10-04,Ventura,111,848112,95940,95170,4224,99394,1153
2021-10-04,Yolo,113,214977,18949,18761,1020,19781,242
2021-10-04,Yuba,115,75493,9589,9481,229,9710,68
2021-10-03,Alameda,001,1643700,116493,115751,2766,118517,1349
2021-10-03,Alpine,003,1148,102,102,0,102,0
2021-10-03,Amador,005,37829,5254,5160,52,5212,61
2021-10-03,Butte,007,227075,19453,19066,3521,22587,245
2021-10-03,Calaveras,009,45235,3689,3632,44,3676,73
2021-10-03,Colusa,011,21464,2437,2413,570,2983,18
2021-10-03,Contra Costa,013,1133247,96443,95890,2063,97953,937
2021-10-03,Del Norte,015,27424,3569,3483,40,3523,39
2021-10-03,El Dorado,017,186661,15198,15014,1582,16596,139
2021-10-03,Fresno,019,978130,131224,129365,11575,140940,1978
2021-10-03,Glenn,021,27897,3293,3266,924,4190,26
2021-10-03,Humboldt,023,135768,8483,8352,449,8801,94
2021-10-03,Imperial,025,180216,32069,31844,3113,34957,757
2021-10-03,Inyo,027,18085,1825,1788,49,1837,39
2021-10-03,Kern,029,883053,120456,118851,19540,138391,1535
2021-10-03,Kings,031,150075,30112,29623,1773,31396,300
2021-10-03,Lake,033,64148,6331,6239,130,6369,97
2021-10-03,Lassen,035,31185,6492,6400,312,6712,25
2021-10-03,Los Angeles,037,10098052,1407225,1398790,53007,1451797,26179
2021-10-03,Madera,039,155013,21460,21066,1801,22867,266
2021-10-03,Marin,041,260295,17094,16995,424,17419,242
2021-10-03,Mariposa,043,17540,1048,1011,32,1043,5
2021-10-03,Mendocino,045,87422,7021,6939,385,7324,79
2021-10-03,Merced,047,269075,39781,39516,1515,41031,558
2021-10-03,Modoc,049,8938,485,472,171,643,5
2021-10-03,Mono,051,14174,1576,1554,18,1572,3
2021-10-03,Monterey,053,433212,47904,47049,3320,50369,571
2021-10-03,Napa,055,140530,12588,12489,99,12588,96
2021-10-03,Nevada,057,99092,8635,8545,314,8859,90
2021-10-03,Orange,059,3164182,300403,298027,14403,312430,5447
2021-10-03,Placer,061,380077,35020,34596,3386,37982,379
2021-10-03,Plumas,063,18699,1403,1328,28,1356,6
2021-10-03,Riverside,065,2383286,351178,348593,16076,364669,4924
2021-10-03,Sacramento,067,1510023,151641,150664,4094,154758,2120
2021-10-03,San Benito,069,59416,7118,7095,154,7249,69
2021-10-03,San Bernardino,071,2135413,344333,342302,10862,353164,5555
2021-10-03,San Diego,073,3302833,360598,358153,20883,379036,4081
2021-10-03,San Francisco,075,870044,51281,50733,2449,53182,638
2021-10-03,San Joaquin,077,732212,95943,95133,5214,100347,1649
2021-10-03,San Luis Obispo,079,281455,28337,28065,1149,29214,325
2021-10-03,San Mateo,081,765935,52794,51923,1383,53306,569
2021-10-03,Santa Barbara,083,443738,43348,42550,1586,44136,511
2021-10-03,Santa Clara,085,1922200,142833,141737,1200,142937,1869
2021-10-03,Santa Cruz,087,273765,19732,19548,1008,20556,216
2021-10-03,Shasta,089,179085,19536,19132,3281,22413,279
2021-10-03,Sierra,091,2930,142,136,15,151,0
2021-10-03,Siskiyou,093,43540,3178,3096,1172,4268,42
2021-10-03,Solano,095,438530,44738,44051,1166,45217,322
2021-10-03,Sonoma,097,501317,39900,39679,500,40179,381
2021-10-03,Stanislaus,099,539301,75187,74366,8472,82838,1106
2021-10-03,Sutter,101,95872,13355,13248,283,13531,164
2021-10-03,Tehama,103,63373,7695,7564,1306,8870,94
2021-10-03,Trinity,105,12862,789,647,196,843,11
2021-10-03,Tulare,107,460477,64082,62860,13638,76498,924
2021-10-03,Tuolumne,109,53932,6541,6430,72,6502,89
2021-10-03,Ventura,111,848112,95829,95108,4221,99329,1153
2021-10-03,Yolo,113,214977,18919,18720,1013,19733,242
2021-10-03,Yuba,115,75493,9571,9462,228,9690,68
2021-10-02,Alameda,001,1643700,116390,115185,2762,117947,1343
2021-10-02,Alpine,003,1148,102,102,0,102,0
2021-10-02,Amador,005,37829,5245,5105,52,5157,61
2021-10-02,Butte,007,227075,19422,18911,3514,22425,243
2021-10-02,Calaveras,009,45235,3682,3585,44,3629,72
2021-10-02,Colusa,011,21464,2436,2403,568,2971,18
2021-10-02,Contra Costa,013,1133247,96372,95369,2059,97428,933
2021-10-02,Del Norte,015,27424,3564,3468,40,3508,39
2021-10-02,El Dorado,017,186661,15172,14887,1581,16468,136
2021-10-02,Fresno,019,978130,131053,128450,11564,140014,1964
2021-10-02,Glenn,021,27897,3293,3234,924,4158,26
2021-10-02,Humboldt,023,135768,8464,8244,449,8693,94
2021-10-02,Imperial,025,180216,32035,31674,3109,34783,757
2021-10-02,Inyo,027,18085,1816,1746,49,1795,39
2021-10-02,Kern,029,883053,120323,117962,19457,137419,1524
2021-10-02,Kings,031,150075,30062,29339,1770,31109,301
2021-10-02,Lake,033,64148,6322,6191,130,6321,97
2021-10-02,Lassen,035,31185,6487,6360,312,6672,25
2021-10-02,Los Angeles,037,10098052,1406621,1395070,52970,1448040,26126
2021-10-02,Madera,039,155013,21435,20931,1792,22723,266
2021-10-02,Marin,041,260295,17089,16936,421,17357,242
2021-10-02,Mariposa,043,17540,1046,967,32,999,5
2021-10-02,Mendocino,045,87422,7011,6869,385,7254,78
2021-10-02,Merced,047,269075,39754,39196,1512,40708,552
2021-10-02,Modoc,049,8938,483,468,171,639,5
2021-10-02,Mono,051,14174,1574,1540,18,1558,3
2021-10-02,Monterey,053,433212,47851,46964,3311,50275,571
2021-10-02,Napa,055,140530,12578,12433,99,12532,96
2021-10-02,Nevada,057,99092,8624,8474,313,8787,87
2021-10-02,Orange,059,3164182,300237,297307,14383,311690,5435
2021-10-02,Placer,061,380077,34954,34377,3377,37754,381
2021-10-02,Plumas,063,18699,1392,1298,28,1326,6
2021-10-02,Riverside,065,2383286,350937,347227,16065,363292,4895
2021-10-02,Sacramento,067,1510023,151467,149897,4086,153983,2099
2021-10-02,San Benito,069,59416,7111,7055,154,7209,69
2021-10-02,San Bernardino,071,2135413,344148,341212,10812,352024,5540
2021-10-02,San Diego,073,3302833,360278,356454,20859,377313,4078
2021-10-02,San Francisco,075,870044,51232,50393,2441,52834,634
2021-10-02,San Joaquin,077,732212,95878,94599,5207,99806,1646
2021-10-02,San Luis Obispo,079,281455,28314,27915,1149,29064,323
2021-10-02,San Mateo,081,765935,52753,51767,1377,53144,573
2021-10-02,Santa Barbara,083,443738,43308,42423,1586,44009,508
2021-10-02,Santa Clara,085,1922200,142719,141231,1196,142427,1862
2021-10-02,Santa Cruz,087,273765,19715,19461,1007,20468,214
2021-10-02,Shasta,089,179085,19490,18912,3275,22187,270
2021-10-02,Sierra,091,2930,141,131,15,146,0
2021-10-02,Siskiyou,093,43540,3177,3053,1169,4222,42
2021-10-02,Solano,095,438530,44693,43800,1165,44965,321
2021-10-02,Sonoma,097,501317,39866,39497,499,39996,382
2021-10-02,Stanislaus,099,539301,75101,73859,8458,82317,1099
2021-10-02,Sutter,101,95872,13346,13160,282,13442,160
2021-10-02,Tehama,103,63373,7680,7453,1306,8759,93
2021-10-02,Trinity,105,12862,786,625,196,821,10
2021-10-02,Tulare,107,460477,64008,62247,13611,75858,908
2021-10-02,Tuolumne,109,53932,6527,6369,72,6441,89
2021-10-02,Ventura,111,848112,95766,94854,4216,99070,1148
2021-10-02,Yolo,113,214977,18894,18640,1009,19649,242
2021-10-02,Yuba,115,75493,9552,9370,227,9597,66
2021-10-01,Alameda,001,1643700,116317,115185,2756,117941,1343
2021-10-01,Alpine,003,1148,102,102,0,102,0
2021-10-01,Amador,005,37829,5225,5105,52,5157,61
2021-10-01,Butte,007,227075,19381,18911,3508,22419,243
2021-10-01,Calaveras,009,45235,3672,3585,44,3629,72
2021-10-01,Colusa,011,21464,2434,2403,568,2971,18
2021-10-01,Contra Costa,013,1133247,96275,95369,2055,97424,933
2021-10-01,Del Norte,015,27424,3561,3468,39,3507,39
2021-10-01,El Dorado,017,186661,15154,14887,1577,16464,136
2021-10-01,Fresno,019,978130,130865,128450,11555,140005,1964
2021-10-01,Glenn,021,27897,3293,3234,922,4156,26
2021-10-01,Humboldt,023,135768,8447,8244,448,8692,94
2021-10-01,Imperial,025,180216,32017,31674,3099,34773,757
2021-10-01,Inyo,027,18085,1807,1746,49,1795,39
2021-10-01,Kern,029,883053,120171,117962,19399,137361,1524
2021-10-01,Kings,031,150075,30028,29339,1764,31103,301
2021-10-01,Lake,033,64148,6312,6191,130,6321,97
2021-10-01,Lassen,035,31185,6476,6360,310,6670,25
2021-10-01,Los Angeles,037,10098052,1405862,1395070,52925,1447995,26126
2021-10-01,Madera,039,155013,21385,20931,1783,22714,266
2021-10-01,Marin,041,260295,17074,16936,420,17356,242
2021-10-01,Mariposa,043,17540,1039,967,32,999,5
2021-10-01,Mendocino,045,87422,6999,6869,385,7254,78
2021-10-01,Merced,047,269075,39709,39196,1503,40699,552
2021-10-01,Modoc,049,8938,482,468,171,639,5
2021-10-01,Mono,051,14174,1572,1540,18,1558,3
2021-10-01,Monterey,053,433212,47830,46964,3306,50270,571
2021-10-01,Napa,055,140530,12568,12433,98,12531,96
2021-10-01,Nevada,057,99092,8610,8474,312,8786,87
2021-10-01,Orange,059,3164182,300052,297307,14366,311673,5435
2021-10-01,Placer,061,380077,34920,34377,3373,37750,381
2021-10-01,Plumas,063,18699,1383,1298,28,1326,6
2021-10-01,Riverside,065,2383286,350645,347227,16058,363285,4895
2021-10-01,Sacramento,067,1510023,151316,149897,4075,153972,2099
2021-10-01,San Benito,069,59416,7109,7055,152,7207,69
2021-10-01,San Bernardino,071,2135413,343949,341212,10809,352021,5540
2021-10-01,San Diego,073,3302833,359911,356454,20838,377292,4078
2021-10-01,San Francisco,075,870044,51191,50393,2439,52832,634
2021-10-01,San Joaquin,077,732212,95808,94599,5203,99802,1646
2021-10-01,San Luis Obispo,079,281455,28291,27915,1146,29061,323
2021-10-01,San Mateo,081,765935,52713,51767,1368,53135,573
2021-10-01,Santa Barbara,083,443738,43273,42423,1586,44009,508
2021-10-01,Santa Clara,085,1922200,142626,141231,1191,142422,1862
2021-10-01,Santa Cruz,087,273765,19695,19461,1006,20467,214
2021-10-01,Shasta,089,179085,19436,18912,3267,22179,270
2021-10-01,Sierra,091,2930,141,131,15,146,0
2021-10-01,Siskiyou,093,43540,3176,3053,1166,4219,42
2021-10-01,Solano,095,438530,44641,43800,1159,44959,321
2021-10-01,Sonoma,097,501317,39834,39497,498,39995,382
2021-10-01,Stanislaus,099,539301,75017,73859,8446,82305,1099
2021-10-01,Sutter,101,95872,13330,13160,280,13440,160
2021-10-01,Tehama,103,63373,7668,7453,1304,8757,93
2021-10-01,Trinity,105,12862,784,625,196,821,10
2021-10-01,Tulare,107,460477,63905,62247,13576,75823,908
2021-10-01,Tuolumne,109,53932,6510,6369,72,6441,89
2021-10-01,Ventura,111,848112,95706,94854,4211,99065,1148
2021-10-01,Yolo,113,214977,18870,18640,1006,19646,242
2021-10-01,Yuba,115,75493,9530,9370,227,9597,66
2021-09-30,Alameda,001,1643700,116175,115185,2752,117937,1343
2021-09-30,Alpine,003,1148,102,102,0,102,0
2021-09-30,Amador,005,37829,5213,5105,52,5157,61
2021-09-30,Butte,007,227075,19332,18911,3499,22410,243
2021-09-30,Calaveras,009,45235,3658,3585,44,3629,72
2021-09-30,Colusa,011,21464,2431,2403,567,2970,18
2021-09-30,Contra Costa,013,1133247,96172,95369,2049,97418,933
2021-09-30,Del Norte,015,27424,3557,3468,36,3504,39
2021-09-30,El Dorado,017,186661,15129,14887,1569,16456,136
2021-09-30,Fresno,019,978130,130588,128450,11526,139976,1964
2021-09-30,Glenn,021,27897,3282,3234,922,4156,26
2021-09-30,Humboldt,023,135768,8415,8244,442,8686,94
2021-09-30,Imperial,025,180216,31966,31674,3097,34771,757
2021-09-30,Inyo,027,18085,1797,1746,49,1795,39
2021-09-30,Kern,029,883053,119928,117962,19317,137279,1524
2021-09-30,Kings,031,150075,29940,29339,1760,31099,301
2021-09-30,Lake,033,64148,6294,6191,130,6321,97
2021-09-30,Lassen,035,31185,6462,6360,310,6670,25
2021-09-30,Los Angeles,037,10098052,1404656,1395070,52865,1447935,26126
2021-09-30,Madera,039,155013,21302,20931,1768,22699,266
2021-09-30,Marin,041,260295,17054,16936,419,17355,242
2021-09-30,Mariposa,043,17540,1017,967,32,999,5
2021-09-30,Mendocino,045,87422,6990,6869,376,7245,78
2021-09-30,Merced,047,269075,39612,39196,1500,40696,552
2021-09-30,Modoc,049,8938,482,468,170,638,5
2021-09-30,Mono,051,14174,1563,1540,18,1558,3
2021-09-30,Monterey,053,433212,47800,46964,3284,50248,571
2021-09-30,Napa,055,140530,12548,12433,98,12531,96
2021-09-30,Nevada,057,99092,8593,8474,311,8785,87
2021-09-30,Orange,059,3164182,299781,297307,14328,311635,5435
2021-09-30,Placer,061,380077,34868,34377,3352,37729,381
2021-09-30,Plumas,063,18699,1365,1298,28,1326,6
2021-09-30,Riverside,065,2383286,350213,347227,16037,363264,4895
2021-09-30,Sacramento,067,1510023,151059,149897,4049,153946,2099
2021-09-30,San Benito,069,59416,7103,7055,152,7207,69
2021-09-30,San Bernardino,071,2135413,343639,341212,10794,352006,5540
2021-09-30,San Diego,073,3302833,359419,356454,20810,377264,4078
2021-09-30,San Francisco,075,870044,51116,50393,2435,52828,634
2021-09-30,San Joaquin,077,732212,95679,94599,5195,99794,1646
2021-09-30,San Luis Obispo,079,281455,28243,27915,1142,29057,323
2021-09-30,San Mateo,081,765935,52667,51767,1363,53130,573
2021-09-30,Santa Barbara,083,443738,43218,42423,1585,44008,508
2021-09-30,Santa Clara,085,1922200,142476,141231,1188,142419,1862
2021-09-30,Santa Cruz,087,273765,19655,19461,1004,20465,214
2021-09-30,Shasta,089,179085,19374,18912,3252,22164,270
2021-09-30,Sierra,091,2930,140,131,15,146,0
2021-09-30,Siskiyou,093,43540,3168,3053,1161,4214,42
2021-09-30,Solano,095,438530,44589,43800,1156,44956,321
2021-09-30,Sonoma,097,501317,39785,39497,498,39995,382
2021-09-30,Stanislaus,099,539301,74857,73859,8426,82285,1099
2021-09-30,Sutter,101,95872,13309,13160,280,13440,160
2021-09-30,Tehama,103,63373,7631,7453,1293,8746,93
2021-09-30,Trinity,105,12862,780,625,196,821,10
2021-09-30,Tulare,107,460477,63733,62247,13517,75764,908
2021-09-30,Tuolumne,109,53932,6486,6369,72,6441,89
2021-09-30,Ventura,111,848112,95611,94854,4204,99058,1148
2021-09-30,Yolo,113,214977,18831,18640,1002,19642,242
2021-09-30,Yuba,115,75493,9507,9370,226,9596,66
2021-09-29,Alameda,001,1643700,116030,114998,2749,117747,1339
2021-09-29,Alpine,003,1148,102,101,0,101,0
2021-09-29,Amador,005,37829,5191,5058,52,5110,61
2021-09-29,Butte,007,227075,19278,18835,3492,22327,242
2021-09-29,Calaveras,009,45235,3641,3553,43,3596,72
2021-09-29,Colusa,011,21464,2429,2401,567,2968,18
2021-09-29,Contra Costa,013,1133247,96058,95213,2041,97254,929
2021-09-29,Del Norte,015,27424,3551,3467,36,3503,39
2021-09-29,El Dorado,017,186661,15096,14834,1562,16396,136
2021-09-29,Fresno,019,978130,130291,128068,11506,139574,1957
2021-09-29,Glenn,021,27897,3275,3213,920,4133,26
2021-09-29,Humboldt,023,135768,8392,8203,441,8644,94
2021-09-29,Imperial,025,180216,31899,31600,3091,34691,757
2021-09-29,Inyo,027,18085,1787,1740,48,1788,39
2021-09-29,Kern,029,883053,119693,117605,19241,136846,1513
2021-09-29,Kings,031,150075,29856,29195,1745,30940,299
2021-09-29,Lake,033,64148,6274,6164,130,6294,97
2021-09-29,Lassen,035,31185,6448,6347,310,6657,25
2021-09-29,Los Angeles,037,10098052,1403452,1393617,52793,1446410,26098
2021-09-29,Madera,039,155013,21257,20818,1753,22571,266
2021-09-29,Marin,041,260295,17036,16921,417,17338,242
2021-09-29,Mariposa,043,17540,1003,963,32,995,5
2021-09-29,Mendocino,045,87422,6978,6821,368,7189,78
2021-09-29,Merced,047,269075,39518,39026,1488,40514,552
2021-09-29,Modoc,049,8938,480,468,170,638,5
2021-09-29,Mono,051,14174,1562,1527,18,1545,3
2021-09-29,Monterey,053,433212,47763,46917,3263,50180,571
2021-09-29,Napa,055,140530,12528,12416,94,12510,96
2021-09-29,Nevada,057,99092,8580,8434,311,8745,87
2021-09-29,Orange,059,3164182,299512,296936,14293,311229,5429
2021-09-29,Placer,061,380077,34804,34271,3329,37600,379
2021-09-29,Plumas,063,18699,1346,1289,28,1317,6
2021-09-29,Riverside,065,2383286,349779,346558,16026,362584,4886
2021-09-29,Sacramento,067,1510023,150809,149686,4039,153725,2099
2021-09-29,San Benito,069,59416,7092,7039,152,7191,69
2021-09-29,San Bernardino,071,2135413,343318,340672,10781,351453,5539
2021-09-29,San Diego,073,3302833,358917,355899,20780,376679,4066
2021-09-29,San Francisco,075,870044,51031,50286,2432,52718,629
2021-09-29,San Joaquin,077,732212,95521,94356,5173,99529,1645
2021-09-29,San Luis Obispo,079,281455,28197,27800,1136,28936,323
2021-09-29,San Mateo,081,765935,52608,51673,1356,53029,573
2021-09-29,Santa Barbara,083,443738,43146,42328,1582,43910,507
2021-09-29,Santa Clara,085,1922200,142342,141036,1182,142218,1861
2021-09-29,Santa Cruz,087,273765,19637,19425,1002,20427,214
2021-09-29,Shasta,089,179085,19308,18805,3240,22045,271
2021-09-29,Sierra,091,2930,136,130,15,145,0
2021-09-29,Siskiyou,093,43540,3155,3043,1154,4197,42
2021-09-29,Solano,095,438530,44533,43724,1149,44873,321
2021-09-29,Sonoma,097,501317,39724,39426,496,39922,370
2021-09-29,Stanislaus,099,539301,74726,73634,8413,82047,1096
2021-09-29,Sutter,101,95872,13282,13135,277,13412,155
2021-09-29,Tehama,103,63373,7601,7409,1278,8687,88
2021-09-29,Trinity,105,12862,776,616,196,812,10
2021-09-29,Tulare,107,460477,63563,62046,13458,75504,908
2021-09-29,Tuolumne,109,53932,6469,6336,72,6408,89
2021-09-29,Ventura,111,848112,95523,94753,4200,98953,1144
2021-09-29,Yolo,113,214977,18798,18587,997,19584,239
2021-09-29,Yuba,115,75493,9476,9351,222,9573,66
2021-09-28,Alameda,001,1643700,115872,114869,2742,117611,1333
2021-09-28,Alpine,003,1148,102,101,0,101,0
2021-09-28,Amador,005,37829,5169,5049,52,5101,61
2021-09-28,Butte,007,227075,19227,18764,3479,22243,241
2021-09-28,Calaveras,009,45235,3621,3530,43,3573,72
2021-09-28,Colusa,011,21464,2426,2399,565,2964,18
2021-09-28,Contra Costa,013,1133247,95916,95115,2036,97151,929
2021-09-28,Del Norte,015,27424,3548,3462,36,3498,39
2021-09-28,El Dorado,017,186661,15049,14793,1558,16351,133
2021-09-28,Fresno,019,978130,129945,127877,11479,139356,1948
2021-09-28,Glenn,021,27897,3269,3205,919,4124,26
2021-09-28,Humboldt,023,135768,8350,8159,438,8597,91
2021-09-28,Imperial,025,180216,31855,31543,3087,34630,757
2021-09-28,Inyo,027,18085,1773,1708,47,1755,39
2021-09-28,Kern,029,883053,119425,117420,19145,136565,1506
2021-09-28,Kings,031,150075,29756,29141,1736,30877,295
2021-09-28,Lake,033,64148,6259,6155,130,6285,95
2021-09-28,Lassen,035,31185,6442,6340,306,6646,25
2021-09-28,Los Angeles,037,10098052,1402161,1392445,52726,1445171,26068
2021-09-28,Madera,039,155013,21203,20764,1739,22503,266
2021-09-28,Marin,041,260295,17017,16887,415,17302,242
2021-09-28,Mariposa,043,17540,998,952,32,984,5
2021-09-28,Mendocino,045,87422,6956,6804,366,7170,78
2021-09-28,Merced,047,269075,39431,38953,1474,40427,551
2021-09-28,Modoc,049,8938,479,467,170,637,5
2021-09-28,Mono,051,14174,1552,1527,18,1545,3
2021-09-28,Monterey,053,433212,47726,46859,3249,50108,571
2021-09-28,Napa,055,140530,12511,12388,93,12481,96
2021-09-28,Nevada,057,99092,8557,8409,310,8719,84
2021-09-28,Orange,059,3164182,299260,296596,14266,310862,5421
2021-09-28,Placer,061,380077,34739,34187,3311,37498,370
2021-09-28,Plumas,063,18699,1337,1276,28,1304,6
2021-09-28,Riverside,065,2383286,349320,346096,16004,362100,4874
2021-09-28,Sacramento,067,1510023,150519,149310,4017,153327,2086
2021-09-28,San Benito,069,59416,7075,7028,151,7179,69
2021-09-28,San Bernardino,071,2135413,342967,340342,10764,351106,5540
2021-09-28,San Diego,073,3302833,358355,355373,20749,376122,4054
2021-09-28,San Francisco,075,870044,50928,50234,2427,52661,627
2021-09-28,San Joaquin,077,732212,95368,94194,5160,99354,1639
2021-09-28,San Luis Obispo,079,281455,28162,27755,1131,28886,321
2021-09-28,San Mateo,081,765935,52563,51620,1351,52971,571
2021-09-28,Santa Barbara,083,443738,43074,42226,1578,43804,506
2021-09-28,Santa Clara,085,1922200,142180,140886,1173,142059,1858
2021-09-28,Santa Cruz,087,273765,19596,19324,1001,20325,214
2021-09-28,Shasta,089,179085,19246,18701,3226,21927,267
2021-09-28,Sierra,091,2930,135,130,14,144,0
2021-09-28,Siskiyou,093,43540,3143,3032,1151,4183,42
2021-09-28,Solano,095,438530,44460,43652,1146,44798,316
2021-09-28,Sonoma,097,501317,39677,39395,495,39890,370
2021-09-28,Stanislaus,099,539301,74555,73528,8400,81928,1094
2021-09-28,Sutter,101,95872,13263,13102,273,13375,155
2021-09-28,Tehama,103,63373,7583,7382,1263,8645,88
2021-09-28,Trinity,105,12862,773,613,196,809,10
2021-09-28,Tulare,107,460477,63403,61916,13399,75315,905
2021-09-28,Tuolumne,109,53932,6443,6308,72,6380,89
2021-09-28,Ventura,111,848112,95404,94632,4197,98829,1143
2021-09-28,Yolo,113,214977,18772,18564,994,19558,239
2021-09-28,Yuba,115,75493,9457,9323,221,9544,66
2021-09-27,Alameda,001,1643700,115684,114731,2733,117464,1327
2021-09-27,Alpine,003,1148,102,101,0,101,0
2021-09-27,Amador,005,37829,5155,5017,52,5069,59
2021-09-27,Butte,007,227075,19170,18687,3463,22150,239
2021-09-27,Calaveras,009,45235,3601,3514,42,3556,70
2021-09-27,Colusa,011,21464,2425,2393,564,2957,18
2021-09-27,Contra Costa,013,1133247,95785,94979,2027,97006,924
2021-09-27,Del Norte,015,27424,3546,3468,34,3502,37
2021-09-27,El Dorado,017,186661,15010,14764,1551,16315,132
2021-09-27,Fresno,019,978130,129625,127475,11447,138922,1942
2021-09-27,Glenn,021,27897,3256,3189,915,4104,26
2021-09-27,Humboldt,023,135768,8310,8118,438,8556,91
2021-09-27,Imperial,025,180216,31792,31491,3080,34571,756
2021-09-27,Inyo,027,18085,1761,1698,47,1745,39
2021-09-27,Kern,029,883053,119149,117064,19047,136111,1503
2021-09-27,Kings,031,150075,29658,28998,1724,30722,297
2021-09-27,Lake,033,64148,6239,6126,130,6256,95
2021-09-27,Lassen,035,31185,6427,6327,302,6629,25
2021-09-27,Los Angeles,037,10098052,1400828,1391538,52656,1444194,26040
2021-09-27,Madera,039,155013,21138,20691,1731,22422,262
2021-09-27,Marin,041,260295,16995,16861,414,17275,242
2021-09-27,Mariposa,043,17540,988,931,32,963,5
2021-09-27,Mendocino,045,87422,6930,6761,359,7120,74
2021-09-27,Merced,047,269075,39333,38840,1468,40308,548
2021-09-27,Modoc,049,8938,478,465,168,633,5
2021-09-27,Mono,051,14174,1537,1525,18,1543,3
2021-09-27,Monterey,053,433212,47683,46811,3233,50044,571
2021-09-27,Napa,055,140530,12487,12354,92,12446,95
2021-09-27,Nevada,057,99092,8534,8379,307,8686,84
2021-09-27,Orange,059,3164182,298954,296334,14236,310570,5409
2021-09-27,Placer,061,380077,34652,34087,3306,37393,370
2021-09-27,Plumas,063,18699,1328,1269,28,1297,6
2021-09-27,Riverside,065,2383286,348878,345529,15994,361523,4864
2021-09-27,Sacramento,067,1510023,150202,149096,3995,153091,2076
2021-09-27,San Benito,069,59416,7058,7017,151,7168,67
2021-09-27,San Bernardino,071,2135413,342554,339952,10739,350691,5544
2021-09-27,San Diego,073,3302833,357697,354755,20724,375479,4054
2021-09-27,San Francisco,075,870044,50844,50157,2423,52580,622
2021-09-27,San Joaquin,077,732212,95185,94085,5157,99242,1633
2021-09-27,San Luis Obispo,079,281455,28107,27674,1128,28802,320
2021-09-27,San Mateo,081,765935,52487,51552,1342,52894,571
2021-09-27,Santa Barbara,083,443738,43008,42012,1574,43586,505
2021-09-27,Santa Clara,085,1922200,141998,140802,1162,141964,1853
2021-09-27,Santa Cruz,087,273765,19572,19292,1000,20292,214
2021-09-27,Shasta,089,179085,19164,18599,3198,21797,267
2021-09-27,Sierra,091,2930,135,128,14,142,0
2021-09-27,Siskiyou,093,43540,3131,3015,1146,4161,42
2021-09-27,Solano,095,438530,44385,43582,1141,44723,314
2021-09-27,Sonoma,097,501317,39622,39347,495,39842,370
2021-09-27,Stanislaus,099,539301,74400,73370,8381,81751,1091
2021-09-27,Sutter,101,95872,13232,13082,269,13351,155
2021-09-27,Tehama,103,63373,7542,7345,1253,8598,88
2021-09-27,Trinity,105,12862,762,605,195,800,9
2021-09-27,Tulare,107,460477,63204,61708,13328,75036,904
2021-09-27,Tuolumne,109,53932,6425,6264,72,6336,89
2021-09-27,Ventura,111,848112,95281,94477,4193,98670,1138
2021-09-27,Yolo,113,214977,18740,18524,993,19517,239
2021-09-27,Yuba,115,75493,9420,9292,217,9509,64
2021-09-26,Alameda,001,1643700,115487,114601,2726,117327,1326
2021-09-26,Alpine,003,1148,101,101,0,101,0
2021-09-26,Amador,005,37829,5123,5001,51,5052,59
2021-09-26,Butte,007,227075,19094,18634,3446,22080,238
2021-09-26,Calaveras,009,45235,3579,3505,42,3547,70
2021-09-26,Colusa,011,21464,2419,2392,561,2953,18
2021-09-26,Contra Costa,013,1133247,95612,94877,2013,96890,924
2021-09-26,Del Norte,015,27424,3540,3466,33,3499,37
2021-09-26,El Dorado,017,186661,14969,14738,1543,16281,132
2021-09-26,Fresno,019,978130,129270,127235,11408,138643,1939
2021-09-26,Glenn,021,27897,3244,3182,915,4097,26
2021-09-26,Humboldt,023,135768,8275,8098,437,8535,91
2021-09-26,Imperial,025,180216,31731,31462,3079,34541,756
2021-09-26,Inyo,027,18085,1746,1685,47,1732,39
2021-09-26,Kern,029,883053,118813,116927,18936,135863,1502
2021-09-26,Kings,031,150075,29556,28930,1713,30643,293
2021-09-26,Lake,033,64148,6222,6113,130,6243,95
2021-09-26,Lassen,035,31185,6417,6319,297,6616,25
2021-09-26,Los Angeles,037,10098052,1399342,1390577,52584,1443161,26035
2021-09-26,Madera,039,155013,21064,20629,1712,22341,262
2021-09-26,Marin,041,260295,16972,16860,414,17274,242
2021-09-26,Mariposa,043,17540,982,929,32,961,5
2021-09-26,Mendocino,045,87422,6897,6744,344,7088,74
2021-09-26,Merced,047,269075,39172,38717,1463,40180,548
2021-09-26,Modoc,049,8938,478,465,167,632,5
2021-09-26,Mono,051,14174,1535,1516,18,1534,3
2021-09-26,Monterey,053,433212,47636,46792,3217,50009,571
2021-09-26,Napa,055,140530,12463,12340,91,12431,95
2021-09-26,Nevada,057,99092,8503,8356,302,8658,84
2021-09-26,Orange,059,3164182,298620,296085,14204,310289,5409
2021-09-26,Placer,061,380077,34558,34043,3296,37339,370
2021-09-26,Plumas,063,18699,1310,1268,28,1296,6
2021-09-26,Riverside,065,2383286,348345,345257,15980,361237,4864
2021-09-26,Sacramento,067,1510023,149798,148745,3976,152721,2071
2021-09-26,San Benito,069,59416,7041,7012,150,7162,67
2021-09-26,San Bernardino,071,2135413,342101,339771,10724,350495,5545
2021-09-26,San Diego,073,3302833,357058,354414,20681,375095,4051
2021-09-26,San Francisco,075,870044,50718,50092,2413,52505,622
2021-09-26,San Joaquin,077,732212,94979,93935,5143,99078,1633
2021-09-26,San Luis Obispo,079,281455,28034,27624,1123,28747,319
2021-09-26,San Mateo,081,765935,52420,51496,1329,52825,571
2021-09-26,Santa Barbara,083,443738,42922,41946,1571,43517,505
2021-09-26,Santa Clara,085,1922200,141798,140667,1159,141826,1852
2021-09-26,Santa Cruz,087,273765,19547,19279,1000,20279,214
2021-09-26,Shasta,089,179085,19055,18566,3175,21741,266
2021-09-26,Sierra,091,2930,135,128,14,142,0
2021-09-26,Siskiyou,093,43540,3117,2998,1136,4134,42
2021-09-26,Solano,095,438530,44318,43537,1140,44677,314
2021-09-26,Sonoma,097,501317,39563,39302,495,39797,370
2021-09-26,Stanislaus,099,539301,74198,73243,8354,81597,1091
2021-09-26,Sutter,101,95872,13195,13045,268,13313,155
2021-09-26,Tehama,103,63373,7484,7323,1243,8566,88
2021-09-26,Trinity,105,12862,759,591,195,786,9
2021-09-26,Tulare,107,460477,62983,61560,13248,74808,904
2021-09-26,Tuolumne,109,53932,6397,6236,70,6306,89
2021-09-26,Ventura,111,848112,95169,94391,4186,98577,1138
2021-09-26,Yolo,113,214977,18705,18496,985,19481,239
2021-09-26,Yuba,115,75493,9393,9275,217,9492,64
2021-09-25,Alameda,001,1643700,115411,114014,2722,116736,1324
2021-09-25,Alpine,003,1148,101,101,0,101,0
2021-09-25,Amador,005,37829,5109,4934,51,4985,59
2021-09-25,Butte,007,227075,19065,18396,3437,21833,236
2021-09-25,Calaveras,009,45235,3576,3461,42,3503,70
2021-09-25,Colusa,011,21464,2417,2387,559,2946,16
2021-09-25,Contra Costa,013,1133247,95541,94337,2009,96346,924
2021-09-25,Del Norte,015,27424,3539,3404,33,3437,35
2021-09-25,El Dorado,017,186661,14946,14641,1539,16180,130
2021-09-25,Fresno,019,978130,129126,126299,11395,137694,1927
2021-09-25,Glenn,021,27897,3242,3144,914,4058,25
2021-09-25,Humboldt,023,135768,8256,8014,435,8449,88
2021-09-25,Imperial,025,180216,31704,31280,3079,34359,755
2021-09-25,Inyo,027,18085,1738,1657,47,1704,39
2021-09-25,Kern,029,883053,118658,116021,18867,134888,1485
2021-09-25,Kings,031,150075,29505,28636,1710,30346,293
2021-09-25,Lake,033,64148,6217,6046,128,6174,92
2021-09-25,Lassen,035,31185,6405,6248,296,6544,25
2021-09-25,Los Angeles,037,10098052,1398627,1386417,52544,1438961,25964
2021-09-25,Madera,039,155013,21039,20432,1706,22138,262
2021-09-25,Marin,041,260295,16963,16802,412,17214,242
2021-09-25,Mariposa,043,17540,977,906,32,938,5
2021-09-25,Mendocino,045,87422,6878,6657,343,7000,74
2021-09-25,Merced,047,269075,39126,38393,1461,39854,546
2021-09-25,Modoc,049,8938,478,460,167,627,5
2021-09-25,Mono,051,14174,1534,1501,18,1519,3
2021-09-25,Monterey,053,433212,47606,46653,3210,49863,567
2021-09-25,Napa,055,140530,12443,12266,91,12357,95
2021-09-25,Nevada,057,99092,8486,8285,302,8587,84
2021-09-25,Orange,059,3164182,298447,294514,14186,308700,5374
2021-09-25,Placer,061,380077,34494,33764,3293,37057,367
2021-09-25,Plumas,063,18699,1306,1238,28,1266,6
2021-09-25,Riverside,065,2383286,348022,343463,15972,359435,4843
2021-09-25,Sacramento,067,1510023,149622,147728,3967,151695,2049
2021-09-25,San Benito,069,59416,7036,6965,150,7115,67
2021-09-25,San Bernardino,071,2135413,341866,338413,10710,349123,5540
2021-09-25,San Diego,073,3302833,356708,352017,20655,372672,4039
2021-09-25,San Francisco,075,870044,50674,49840,2412,52252,615
2021-09-25,San Joaquin,077,732212,94893,93273,5141,98414,1628
2021-09-25,San Luis Obispo,079,281455,27996,27447,1119,28566,318
2021-09-25,San Mateo,081,765935,52355,51266,1319,52585,568
2021-09-25,Santa Barbara,083,443738,42864,41728,1571,43299,505
2021-09-25,Santa Clara,085,1922200,141692,140023,1156,141179,1844
2021-09-25,Santa Cruz,087,273765,19531,19200,998,20198,214
2021-09-25,Shasta,089,179085,19004,18256,3166,21422,262
2021-09-25,Sierra,091,2930,134,127,14,141,0
2021-09-25,Siskiyou,093,43540,3110,2956,1126,4082,41
2021-09-25,Solano,095,438530,44277,43331,1137,44468,312
2021-09-25,Sonoma,097,501317,39522,39112,495,39607,369
2021-09-25,Stanislaus,099,539301,74088,72628,8340,80968,1091
2021-09-25,Sutter,101,95872,13177,12976,265,13241,154
2021-09-25,Tehama,103,63373,7469,7200,1241,8441,86
2021-09-25,Trinity,105,12862,759,576,195,771,9
2021-09-25,Tulare,107,460477,62900,60909,13203,74112,898
2021-09-25,Tuolumne,109,53932,6386,6168,70,6238,89
2021-09-25,Ventura,111,848112,95103,94059,4182,98241,1129
2021-09-25,Yolo,113,214977,18683,18393,984,19377,239
2021-09-25,Yuba,115,75493,9373,9191,217,9408,61
2021-09-24,Alameda,001,1643700,115307,114014,2717,116731,1324
2021-09-24,Alpine,003,1148,101,101,0,101,0
2021-09-24,Amador,005,37829,5079,4934,51,4985,59
2021-09-24,Butte,007,227075,19013,18396,3428,21824,236
2021-09-24,Calaveras,009,45235,3569,3461,41,3502,70
2021-09-24,Colusa,011,21464,2414,2387,558,2945,16
2021-09-24,Contra Costa,013,1133247,95433,94337,2005,96342,924
2021-09-24,Del Norte,015,27424,3536,3404,33,3437,35
2021-09-24,El Dorado,017,186661,14928,14641,1535,16176,130
2021-09-24,Fresno,019,978130,128927,126299,11383,137682,1927
2021-09-24,Glenn,021,27897,3237,3144,914,4058,25
2021-09-24,Humboldt,023,135768,8237,8014,432,8446,88
2021-09-24,Imperial,025,180216,31666,31280,3077,34357,755
2021-09-24,Inyo,027,18085,1729,1657,47,1704,39
2021-09-24,Kern,029,883053,118521,116021,18801,134822,1485
2021-09-24,Kings,031,150075,29464,28636,1705,30341,293
2021-09-24,Lake,033,64148,6209,6046,128,6174,92
2021-09-24,Lassen,035,31185,6397,6248,295,6543,25
2021-09-24,Los Angeles,037,10098052,1397748,1386417,52501,1438918,25964
2021-09-24,Madera,039,155013,21008,20432,1697,22129,262
2021-09-24,Marin,041,260295,16949,16802,411,17213,242
2021-09-24,Mariposa,043,17540,965,906,32,938,5
2021-09-24,Mendocino,045,87422,6865,6657,343,7000,74
2021-09-24,Merced,047,269075,39082,38393,1461,39854,546
2021-09-24,Modoc,049,8938,478,460,166,626,5
2021-09-24,Mono,051,14174,1531,1501,18,1519,3
2021-09-24,Monterey,053,433212,47585,46653,3197,49850,567
2021-09-24,Napa,055,140530,12424,12266,91,12357,95
2021-09-24,Nevada,057,99092,8472,8285,299,8584,84
2021-09-24,Orange,059,3164182,298241,294514,14168,308682,5374
2021-09-24,Placer,061,380077,34439,33764,3280,37044,367
2021-09-24,Plumas,063,18699,1302,1238,28,1266,6
2021-09-24,Riverside,065,2383286,347688,343463,15963,359426,4843
2021-09-24,Sacramento,067,1510023,149438,147728,3963,151691,2049
2021-09-24,San Benito,069,59416,7030,6965,150,7115,67
2021-09-24,San Bernardino,071,2135413,341601,338413,10700,349113,5540
2021-09-24,San Diego,073,3302833,356354,352017,20640,372657,4039
2021-09-24,San Francisco,075,870044,50610,49840,2402,52242,615
2021-09-24,San Joaquin,077,732212,94779,93273,5139,98412,1628
2021-09-24,San Luis Obispo,079,281455,27965,27447,1114,28561,318
2021-09-24,San Mateo,081,765935,52296,51266,1312,52578,568
2021-09-24,Santa Barbara,083,443738,42825,41728,1570,43298,505
2021-09-24,Santa Clara,085,1922200,141580,140023,1155,141178,1844
2021-09-24,Santa Cruz,087,273765,19508,19200,997,20197,214
2021-09-24,Shasta,089,179085,18949,18256,3152,21408,262
2021-09-24,Sierra,091,2930,133,127,14,141,0
2021-09-24,Siskiyou,093,43540,3101,2956,1120,4076,41
2021-09-24,Solano,095,438530,44240,43331,1135,44466,312
2021-09-24,Sonoma,097,501317,39490,39112,495,39607,369
2021-09-24,Stanislaus,099,539301,73973,72628,8325,80953,1091
2021-09-24,Sutter,101,95872,13158,12976,264,13240,154
2021-09-24,Tehama,103,63373,7457,7200,1236,8436,86
2021-09-24,Trinity,105,12862,756,576,195,771,9
2021-09-24,Tulare,107,460477,62808,60909,13159,74068,898
2021-09-24,Tuolumne,109,53932,6357,6168,70,6238,89
2021-09-24,Ventura,111,848112,95025,94059,4175,98234,1129
2021-09-24,Yolo,113,214977,18651,18393,981,19374,239
2021-09-24,Yuba,115,75493,9354,9191,217,9408,61
2021-09-23,Alameda,001,1643700,115153,114014,2712,116726,1324
2021-09-23,Alpine,003,1148,101,101,0,101,0
2021-09-23,Amador,005,37829,5066,4934,51,4985,59
2021-09-23,Butte,007,227075,18951,18396,3404,21800,236
2021-09-23,Calaveras,009,45235,3548,3461,41,3502,70
2021-09-23,Colusa,011,21464,2412,2387,556,2943,16
2021-09-23,Contra Costa,013,1133247,95291,94337,1997,96334,924
2021-09-23,Del Norte,015,27424,3527,3404,32,3436,35
2021-09-23,El Dorado,017,186661,14902,14641,1529,16170,130
2021-09-23,Fresno,019,978130,128631,126299,11366,137665,1927
2021-09-23,Glenn,021,27897,3223,3144,911,4055,25
2021-09-23,Humboldt,023,135768,8211,8014,430,8444,88
2021-09-23,Imperial,025,180216,31630,31280,3077,34357,755
2021-09-23,Inyo,027,18085,1715,1657,47,1704,39
2021-09-23,Kern,029,883053,118262,116021,18720,134741,1485
2021-09-23,Kings,031,150075,29361,28636,1696,30332,293
2021-09-23,Lake,033,64148,6199,6046,128,6174,92
2021-09-23,Lassen,035,31185,6388,6248,290,6538,25
2021-09-23,Los Angeles,037,10098052,1396557,1386417,52437,1438854,25964
2021-09-23,Madera,039,155013,20926,20432,1693,22125,262
2021-09-23,Marin,041,260295,16934,16802,410,17212,242
2021-09-23,Mariposa,043,17540,952,906,32,938,5
2021-09-23,Mendocino,045,87422,6844,6657,341,6998,74
2021-09-23,Merced,047,269075,38979,38393,1454,39847,546
2021-09-23,Modoc,049,8938,477,460,166,626,5
2021-09-23,Mono,051,14174,1529,1501,18,1519,3
2021-09-23,Monterey,053,433212,47536,46653,3177,49830,567
2021-09-23,Napa,055,140530,12407,12266,91,12357,95
2021-09-23,Nevada,057,99092,8445,8285,299,8584,84
2021-09-23,Orange,059,3164182,297942,294514,14145,308659,5374
2021-09-23,Placer,061,380077,34363,33764,3273,37037,367
2021-09-23,Plumas,063,18699,1285,1238,27,1265,6
2021-09-23,Riverside,065,2383286,347236,343463,15955,359418,4843
2021-09-23,Sacramento,067,1510023,149108,147728,3943,151671,2049
2021-09-23,San Benito,069,59416,7019,6965,150,7115,67
2021-09-23,San Bernardino,071,2135413,341242,338413,10685,349098,5540
2021-09-23,San Diego,073,3302833,355891,352017,20601,372618,4039
2021-09-23,San Francisco,075,870044,50537,49840,2399,52239,615
2021-09-23,San Joaquin,077,732212,94606,93273,5124,98397,1628
2021-09-23,San Luis Obispo,079,281455,27922,27447,1112,28559,318
2021-09-23,San Mateo,081,765935,52222,51266,1303,52569,568
2021-09-23,Santa Barbara,083,443738,42747,41728,1567,43295,505
2021-09-23,Santa Clara,085,1922200,141430,140023,1147,141170,1844
2021-09-23,Santa Cruz,087,273765,19477,19200,997,20197,214
2021-09-23,Shasta,089,179085,18869,18256,3135,21391,262
2021-09-23,Sierra,091,2930,133,127,14,141,0
2021-09-23,Siskiyou,093,43540,3097,2956,1109,4065,41
2021-09-23,Solano,095,438530,44172,43331,1132,44463,312
2021-09-23,Sonoma,097,501317,39431,39112,492,39604,369
2021-09-23,Stanislaus,099,539301,73816,72628,8293,80921,1091
2021-09-23,Sutter,101,95872,13129,12976,264,13240,154
2021-09-23,Tehama,103,63373,7416,7200,1231,8431,86
2021-09-23,Trinity,105,12862,742,576,194,770,9
2021-09-23,Tulare,107,460477,62631,60909,13104,74013,898
2021-09-23,Tuolumne,109,53932,6332,6168,69,6237,89
2021-09-23,Ventura,111,848112,94922,94059,4168,98227,1129
2021-09-23,Yolo,113,214977,18622,18393,976,19369,239
2021-09-23,Yuba,115,75493,9326,9191,216,9407,61
2021-09-22,Alameda,001,1643700,114999,113862,2708,116570,1322
2021-09-22,Alpine,003,1148,101,100,0,100,0
2021-09-22,Amador,005,37829,5050,4915,51,4966,59
2021-09-22,Butte,007,227075,18892,18337,3389,21726,235
2021-09-22,Calaveras,009,45235,3532,3448,41,3489,70
2021-09-22,Colusa,011,21464,2407,2384,555,2939,16
2021-09-22,Contra Costa,013,1133247,95107,94209,1988,96197,924
2021-09-22,Del Norte,015,27424,3516,3386,31,3417,35
2021-09-22,El Dorado,017,186661,14866,14605,1522,16127,127
2021-09-22,Fresno,019,978130,128374,126006,11354,137360,1908
2021-09-22,Glenn,021,27897,3221,3138,910,4048,25
2021-09-22,Humboldt,023,135768,8188,7998,422,8420,80
2021-09-22,Imperial,025,180216,31578,31243,3070,34313,755
2021-09-22,Inyo,027,18085,1705,1651,47,1698,39
2021-09-22,Kern,029,883053,118019,115757,18598,134355,1477
2021-09-22,Kings,031,150075,29277,28589,1690,30279,292
2021-09-22,Lake,033,64148,6187,6035,128,6163,93
2021-09-22,Lassen,035,31185,6368,6209,286,6495,25
2021-09-22,Los Angeles,037,10098052,1395235,1384719,52380,1437099,25930
2021-09-22,Madera,039,155013,20869,20382,1685,22067,262
2021-09-22,Marin,041,260295,16924,16782,407,17189,242
2021-09-22,Mariposa,043,17540,946,901,32,933,5
2021-09-22,Mendocino,045,87422,6817,6624,335,6959,70
2021-09-22,Merced,047,269075,38847,38305,1451,39756,541
2021-09-22,Modoc,049,8938,474,458,166,624,5
2021-09-22,Mono,051,14174,1520,1496,17,1513,3
2021-09-22,Monterey,053,433212,47486,46615,3164,49779,566
2021-09-22,Napa,055,140530,12384,12248,90,12338,95
2021-09-22,Nevada,057,99092,8422,8273,296,8569,84
2021-09-22,Orange,059,3164182,297667,294214,14128,308342,5366
2021-09-22,Placer,061,380077,34276,33661,3260,36921,367
2021-09-22,Plumas,063,18699,1273,1230,27,1257,6
2021-09-22,Riverside,065,2383286,346701,342946,15930,358876,4830
2021-09-22,Sacramento,067,1510023,148793,147533,3912,151445,2043
2021-09-22,San Benito,069,59416,7008,6961,148,7109,67
2021-09-22,San Bernardino,071,2135413,340848,337938,10676,348614,5528
2021-09-22,San Diego,073,3302833,355430,351132,20579,371711,4027
2021-09-22,San Francisco,075,870044,50453,49734,2394,52128,610
2021-09-22,San Joaquin,077,732212,94373,93010,5097,98107,1626
2021-09-22,San Luis Obispo,079,281455,27874,27398,1109,28507,315
2021-09-22,San Mateo,081,765935,52148,51197,1293,52490,568
2021-09-22,Santa Barbara,083,443738,42684,41678,1566,43244,504
2021-09-22,Santa Clara,085,1922200,141267,139803,1140,140943,1844
2021-09-22,Santa Cruz,087,273765,19438,19177,997,20174,214
2021-09-22,Shasta,089,179085,18779,18153,3123,21276,260
2021-09-22,Sierra,091,2930,133,127,14,141,0
2021-09-22,Siskiyou,093,43540,3080,2947,1099,4046,41
2021-09-22,Solano,095,438530,44107,43269,1131,44400,312
2021-09-22,Sonoma,097,501317,39378,39063,491,39554,369
2021-09-22,Stanislaus,099,539301,73650,72355,8274,80629,1091
2021-09-22,Sutter,101,95872,13109,12960,261,13221,153
2021-09-22,Tehama,103,63373,7389,7173,1228,8401,86
2021-09-22,Trinity,105,12862,741,572,194,766,9
2021-09-22,Tulare,107,460477,62421,60776,13032,73808,896
2021-09-22,Tuolumne,109,53932,6311,6155,68,6223,89
2021-09-22,Ventura,111,848112,94818,93978,4162,98140,1122
2021-09-22,Yolo,113,214977,18583,18342,968,19310,239
2021-09-22,Yuba,115,75493,9297,9169,211,9380,61
2021-09-21,Alameda,001,1643700,114849,113765,2708,116473,1321
2021-09-21,Alpine,003,1148,101,100,0,100,0
2021-09-21,Amador,005,37829,5028,4897,51,4948,59
2021-09-21,Butte,007,227075,18795,18229,3351,21580,232
2021-09-21,Calaveras,009,45235,3514,3437,41,3478,70
2021-09-21,Colusa,011,21464,2404,2378,554,2932,16
2021-09-21,Contra Costa,013,1133247,94914,94101,1974,96075,924
2021-09-21,Del Norte,015,27424,3503,3378,31,3409,34
2021-09-21,El Dorado,017,186661,14836,14578,1515,16093,127
2021-09-21,Fresno,019,978130,128023,125789,11336,137125,1892
2021-09-21,Glenn,021,27897,3213,3134,903,4037,25
2021-09-21,Humboldt,023,135768,8156,7955,417,8372,80
2021-09-21,Imperial,025,180216,31520,31185,3068,34253,755
2021-09-21,Inyo,027,18085,1695,1646,47,1693,39
2021-09-21,Kern,029,883053,117726,115534,18484,134018,1467
2021-09-21,Kings,031,150075,29189,28545,1682,30227,291
2021-09-21,Lake,033,64148,6164,6013,128,6141,90
2021-09-21,Lassen,035,31185,6350,6159,282,6441,25
2021-09-21,Los Angeles,037,10098052,1393792,1383277,52324,1435601,25893
2021-09-21,Madera,039,155013,20809,20317,1674,21991,262
2021-09-21,Marin,041,260295,16909,16748,406,17154,242
2021-09-21,Mariposa,043,17540,941,894,31,925,5
2021-09-21,Mendocino,045,87422,6776,6580,326,6906,68
2021-09-21,Merced,047,269075,38726,38225,1447,39672,539
2021-09-21,Modoc,049,8938,471,458,166,624,5
2021-09-21,Mono,051,14174,1517,1495,16,1511,3
2021-09-21,Monterey,053,433212,47419,46583,3145,49728,565
2021-09-21,Napa,055,140530,12363,12238,90,12328,95
2021-09-21,Nevada,057,99092,8395,8259,287,8546,84
2021-09-21,Orange,059,3164182,297339,293898,14097,307995,5357
2021-09-21,Placer,061,380077,34175,33609,3249,36858,365
2021-09-21,Plumas,063,18699,1266,1225,27,1252,5
2021-09-21,Riverside,065,2383286,346140,342460,15905,358365,4817
2021-09-21,Sacramento,067,1510023,148410,147378,3884,151262,2027
2021-09-21,San Benito,069,59416,6997,6950,147,7097,67
2021-09-21,San Bernardino,071,2135413,340408,337387,10659,348046,5520
2021-09-21,San Diego,073,3302833,354811,350265,20555,370820,4021
2021-09-21,San Francisco,075,870044,50358,49653,2389,52042,609
2021-09-21,San Joaquin,077,732212,94139,92762,5085,97847,1621
2021-09-21,San Luis Obispo,079,281455,27816,27318,1105,28423,314
2021-09-21,San Mateo,081,765935,52080,51136,1287,52423,568
2021-09-21,Santa Barbara,083,443738,42617,41644,1562,43206,503
2021-09-21,Santa Clara,085,1922200,141050,139657,1136,140793,1843
2021-09-21,Santa Cruz,087,273765,19408,19140,996,20136,212
2021-09-21,Shasta,089,179085,18651,18027,3100,21127,258
2021-09-21,Sierra,091,2930,133,127,14,141,0
2021-09-21,Siskiyou,093,43540,3066,2927,1084,4011,36
2021-09-21,Solano,095,438530,44031,43220,1131,44351,311
2021-09-21,Sonoma,097,501317,39325,39042,491,39533,369
2021-09-21,Stanislaus,099,539301,73463,72211,8252,80463,1091
2021-09-21,Sutter,101,95872,13086,12930,258,13188,153
2021-09-21,Tehama,103,63373,7343,7151,1223,8374,85
2021-09-21,Trinity,105,12862,730,572,192,764,9
2021-09-21,Tulare,107,460477,62206,60607,12972,73579,896
2021-09-21,Tuolumne,109,53932,6280,6139,68,6207,89
2021-09-21,Ventura,111,848112,94714,93818,4155,97973,1120
2021-09-21,Yolo,113,214977,18548,18313,964,19277,239
2021-09-21,Yuba,115,75493,9269,9135,211,9346,61
2021-09-20,Alameda,001,1643700,114670,113637,2704,116341,1320
2021-09-20,Alpine,003,1148,101,100,0,100,0
2021-09-20,Amador,005,37829,5010,4883,50,4933,59
2021-09-20,Butte,007,227075,18713,18135,3335,21470,231
2021-09-20,Calaveras,009,45235,3492,3395,40,3435,66
2021-09-20,Colusa,011,21464,2402,2376,551,2927,16
2021-09-20,Contra Costa,013,1133247,94764,93919,1968,95887,924
2021-09-20,Del Norte,015,27424,3495,3374,30,3404,34
2021-09-20,El Dorado,017,186661,14803,14545,1503,16048,127
2021-09-20,Fresno,019,978130,127609,125287,11314,136601,1889
2021-09-20,Glenn,021,27897,3203,3112,900,4012,25
2021-09-20,Humboldt,023,135768,8120,7938,412,8350,80
2021-09-20,Imperial,025,180216,31439,31146,3067,34213,755
2021-09-20,Inyo,027,18085,1687,1641,46,1687,39
2021-09-20,Kern,029,883053,117385,115271,18352,133623,1459
2021-09-20,Kings,031,150075,29102,28471,1676,30147,285
2021-09-20,Lake,033,64148,6149,5984,127,6111,87
2021-09-20,Lassen,035,31185,6320,6132,282,6414,25
2021-09-20,Los Angeles,037,10098052,1392274,1382206,52243,1434449,25858
2021-09-20,Madera,039,155013,20757,20203,1665,21868,257
2021-09-20,Marin,041,260295,16884,16732,404,17136,242
2021-09-20,Mariposa,043,17540,930,887,31,918,5
2021-09-20,Mendocino,045,87422,6742,6568,321,6889,67
2021-09-20,Merced,047,269075,38618,38144,1437,39581,536
2021-09-20,Modoc,049,8938,470,457,164,621,5
2021-09-20,Mono,051,14174,1512,1480,16,1496,3
2021-09-20,Monterey,053,433212,47376,46506,3119,49625,565
2021-09-20,Napa,055,140530,12338,12209,89,12298,95
2021-09-20,Nevada,057,99092,8375,8228,285,8513,84
2021-09-20,Orange,059,3164182,296998,293642,14071,307713,5354
2021-09-20,Placer,061,380077,34085,33531,3234,36765,364
2021-09-20,Plumas,063,18699,1261,1211,27,1238,5
2021-09-20,Riverside,065,2383286,345640,341961,15892,357853,4802
2021-09-20,Sacramento,067,1510023,148036,147016,3850,150866,2016
2021-09-20,San Benito,069,59416,6988,6947,146,7093,67
2021-09-20,San Bernardino,071,2135413,340015,337059,10643,347702,5507
2021-09-20,San Diego,073,3302833,354136,349579,20518,370097,4009
2021-09-20,San Francisco,075,870044,50251,49559,2383,51942,605
2021-09-20,San Joaquin,077,732212,93896,92614,5072,97686,1615
2021-09-20,San Luis Obispo,079,281455,27740,27259,1097,28356,313
2021-09-20,San Mateo,081,765935,51997,51100,1277,52377,567
2021-09-20,Santa Barbara,083,443738,42521,41589,1558,43147,500
2021-09-20,Santa Clara,085,1922200,140849,139578,1134,140712,1841
2021-09-20,Santa Cruz,087,273765,19376,19121,996,20117,211
2021-09-20,Shasta,089,179085,18552,17893,3069,20962,258
2021-09-20,Sierra,091,2930,131,126,14,140,0
2021-09-20,Siskiyou,093,43540,3044,2902,1071,3973,35
2021-09-20,Solano,095,438530,43963,43152,1124,44276,312
2021-09-20,Sonoma,097,501317,39280,38991,491,39482,369
2021-09-20,Stanislaus,099,539301,73261,72031,8233,80264,1091
2021-09-20,Sutter,101,95872,13050,12896,253,13149,153
2021-09-20,Tehama,103,63373,7311,7121,1211,8332,84
2021-09-20,Trinity,105,12862,724,568,191,759,7
2021-09-20,Tulare,107,460477,62004,60302,12916,73218,896
2021-09-20,Tuolumne,109,53932,6254,6113,68,6181,89
2021-09-20,Ventura,111,848112,94602,93700,4148,97848,1120
2021-09-20,Yolo,113,214977,18503,18287,962,19249,239
2021-09-20,Yuba,115,75493,9233,9107,209,9316,61
2021-09-19,Alameda,001,1643700,114463,113446,2700,116146,1320
2021-09-19,Alpine,003,1148,100,100,0,100,0
2021-09-19,Amador,005,37829,4970,4875,49,4924,59
2021-09-19,Butte,007,227075,18620,18063,3308,21371,230
2021-09-19,Calaveras,009,45235,3467,3390,37,3427,66
2021-09-19,Colusa,011,21464,2400,2375,549,2924,16
2021-09-19,Contra Costa,013,1133247,94580,93788,1958,95746,924
2021-09-19,Del Norte,015,27424,3468,3344,29,3373,34
2021-09-19,El Dorado,017,186661,14751,14512,1497,16009,127
2021-09-19,Fresno,019,978130,127206,124985,11283,136268,1888
2021-09-19,Glenn,021,27897,3194,3102,895,3997,25
2021-09-19,Humboldt,023,135768,8074,7914,410,8324,80
2021-09-19,Imperial,025,180216,31370,31122,3064,34186,755
2021-09-19,Inyo,027,18085,1678,1639,46,1685,39
2021-09-19,Kern,029,883053,117072,115074,18245,133319,1459
2021-09-19,Kings,031,150075,28974,28416,1667,30083,284
2021-09-19,Lake,033,64148,6118,5962,127,6089,87
2021-09-19,Lassen,035,31185,6300,6129,276,6405,25
2021-09-19,Los Angeles,037,10098052,1390307,1381200,52143,1433343,25852
2021-09-19,Madera,039,155013,20678,20161,1655,21816,257
2021-09-19,Marin,041,260295,16855,16711,402,17113,242
2021-09-19,Mariposa,043,17540,922,881,31,912,5
2021-09-19,Mendocino,045,87422,6697,6538,315,6853,67
2021-09-19,Merced,047,269075,38461,38068,1429,39497,535
2021-09-19,Modoc,049,8938,467,457,162,619,5
2021-09-19,Mono,051,14174,1507,1480,16,1496,3
2021-09-19,Monterey,053,433212,47323,46486,3106,49592,565
2021-09-19,Napa,055,140530,12317,12190,87,12277,95
2021-09-19,Nevada,057,99092,8347,8203,283,8486,84
2021-09-19,Orange,059,3164182,296628,293258,14050,307308,5354
2021-09-19,Placer,061,380077,33972,33406,3216,36622,364
2021-09-19,Plumas,063,18699,1253,1211,27,1238,5
2021-09-19,Riverside,065,2383286,345046,341566,15883,357449,4804
2021-09-19,Sacramento,067,1510023,147676,146603,3805,150408,2012
2021-09-19,San Benito,069,59416,6969,6942,146,7088,67
2021-09-19,San Bernardino,071,2135413,339526,336688,10632,347320,5506
2021-09-19,San Diego,073,3302833,353421,349225,20482,369707,4006
2021-09-19,San Francisco,075,870044,50143,49458,2375,51833,605
2021-09-19,San Joaquin,077,732212,93600,92467,5061,97528,1615
2021-09-19,San Luis Obispo,079,281455,27639,27208,1088,28296,313
2021-09-19,San Mateo,081,765935,51898,51028,1262,52290,567
2021-09-19,Santa Barbara,083,443738,42417,41512,1558,43070,500
2021-09-19,Santa Clara,085,1922200,140662,139410,1129,140539,1841
2021-09-19,Santa Cruz,087,273765,19338,19096,996,20092,211
2021-09-19,Shasta,089,179085,18438,17813,3034,20847,258
2021-09-19,Sierra,091,2930,130,126,14,140,0
2021-09-19,Siskiyou,093,43540,3018,2882,1062,3944,35
2021-09-19,Solano,095,438530,43874,43056,1119,44175,312
2021-09-19,Sonoma,097,501317,39208,38956,487,39443,369
2021-09-19,Stanislaus,099,539301,73016,71830,8210,80040,1091
2021-09-19,Sutter,101,95872,13023,12868,246,13114,153
2021-09-19,Tehama,103,63373,7257,7081,1201,8282,84
2021-09-19,Trinity,105,12862,713,562,189,751,7
2021-09-19,Tulare,107,460477,61743,60160,12822,72982,896
2021-09-19,Tuolumne,109,53932,6212,6097,68,6165,89
2021-09-19,Ventura,111,848112,94440,93491,4139,97630,1120
2021-09-19,Yolo,113,214977,18453,18238,956,19194,239
2021-09-19,Yuba,115,75493,9207,9087,208,9295,61
2021-09-18,Alameda,001,1643700,114359,113300,2699,115999,1320
2021-09-18,Alpine,003,1148,100,100,0,100,0
2021-09-18,Amador,005,37829,4960,4850,49,4899,59
2021-09-18,Butte,007,227075,18583,17961,3294,21255,230
2021-09-18,Calaveras,009,45235,3461,3361,36,3397,66
2021-09-18,Colusa,011,21464,2400,2373,548,2921,16
2021-09-18,Contra Costa,013,1133247,94490,93656,1954,95610,924
2021-09-18,Del Norte,015,27424,3460,3326,27,3353,34
2021-09-18,El Dorado,017,186661,14728,14472,1493,15965,127
2021-09-18,Fresno,019,978130,127064,124771,11270,136041,1889
2021-09-18,Glenn,021,27897,3186,3086,894,3980,25
2021-09-18,Humboldt,023,135768,8060,7881,409,8290,80
2021-09-18,Imperial,025,180216,31346,31096,3063,34159,755
2021-09-18,Inyo,027,18085,1672,1636,46,1682,39
2021-09-18,Kern,029,883053,116918,114781,18181,132962,1459
2021-09-18,Kings,031,150075,28926,28330,1662,29992,285
2021-09-18,Lake,033,64148,6101,5936,127,6063,87
2021-09-18,Lassen,035,31185,6290,6121,273,6394,25
2021-09-18,Los Angeles,037,10098052,1389550,1379880,52091,1431971,25849
2021-09-18,Madera,039,155013,20634,20126,1646,21772,257
2021-09-18,Marin,041,260295,16838,16685,401,17086,242
2021-09-18,Mariposa,043,17540,919,871,31,902,5
2021-09-18,Mendocino,045,87422,6676,6523,315,6838,67
2021-09-18,Merced,047,269075,38424,37977,1423,39400,535
2021-09-18,Modoc,049,8938,467,457,161,618,5
2021-09-18,Mono,051,14174,1505,1480,16,1496,3
2021-09-18,Monterey,053,433212,47285,46466,3097,49563,565
2021-09-18,Napa,055,140530,12305,12168,87,12255,95
2021-09-18,Nevada,057,99092,8330,8183,283,8466,84
2021-09-18,Orange,059,3164182,296431,293005,14036,307041,5354
2021-09-18,Placer,061,380077,33900,33309,3213,36522,364
2021-09-18,Plumas,063,18699,1252,1204,27,1231,5
2021-09-18,Riverside,065,2383286,344659,341136,15870,357006,4802
2021-09-18,Sacramento,067,1510023,147493,146162,3796,149958,2016
2021-09-18,San Benito,069,59416,6964,6937,146,7083,67
2021-09-18,San Bernardino,071,2135413,339254,336380,10619,346999,5501
2021-09-18,San Diego,073,3302833,353020,348848,20472,369320,4006
2021-09-18,San Francisco,075,870044,50081,49359,2369,51728,605
2021-09-18,San Joaquin,077,732212,93491,92242,5049,97291,1615
2021-09-18,San Luis Obispo,079,281455,27602,27181,1085,28266,313
2021-09-18,San Mateo,081,765935,51847,50961,1258,52219,567
2021-09-18,Santa Barbara,083,443738,42353,41465,1558,43023,500
2021-09-18,Santa Clara,085,1922200,140541,139233,1126,140359,1841
2021-09-18,Santa Cruz,087,273765,19318,19079,996,20075,211
2021-09-18,Shasta,089,179085,18375,17777,3016,20793,258
2021-09-18,Sierra,091,2930,129,125,14,139,0
2021-09-18,Siskiyou,093,43540,3015,2875,1056,3931,35
2021-09-18,Solano,095,438530,43834,42966,1116,44082,312
2021-09-18,Sonoma,097,501317,39173,38891,485,39376,369
2021-09-18,Stanislaus,099,539301,72870,71587,8185,79772,1091
2021-09-18,Sutter,101,95872,13009,12829,246,13075,153
2021-09-18,Tehama,103,63373,7242,7055,1193,8248,84
2021-09-18,Trinity,105,12862,711,561,189,750,7
2021-09-18,Tulare,107,460477,61668,60003,12770,72773,896
2021-09-18,Tuolumne,109,53932,6197,6069,68,6137,89
2021-09-18,Ventura,111,848112,94372,93424,4134,97558,1120
2021-09-18,Yolo,113,214977,18427,18213,950,19163,239
2021-09-18,Yuba,115,75493,9193,9061,207,9268,61
2021-09-17,Alameda,001,1643700,114237,113070,2697,115767,1320
2021-09-17,Alpine,003,1148,100,99,0,99,0
2021-09-17,Amador,005,37829,4944,4835,48,4883,58
2021-09-17,Butte,007,227075,18532,17870,3285,21155,230
2021-09-17,Calaveras,009,45235,3449,3338,35,3373,66
2021-09-17,Colusa,011,21464,2399,2369,543,2912,16
2021-09-17,Contra Costa,013,1133247,94390,93485,1951,95436,924
2021-09-17,Del Norte,015,27424,3455,3311,25,3336,34
2021-09-17,El Dorado,017,186661,14709,14421,1491,15912,127
2021-09-17,Fresno,019,978130,126845,124296,11261,135557,1882
2021-09-17,Glenn,021,27897,3171,3072,892,3964,25
2021-09-17,Humboldt,023,135768,8039,7850,409,8259,80
2021-09-17,Imperial,025,180216,31320,31031,3062,34093,755
2021-09-17,Inyo,027,18085,1664,1634,46,1680,39
2021-09-17,Kern,029,883053,116727,114303,18084,132387,1456
2021-09-17,Kings,031,150075,28861,28240,1660,29900,281
2021-09-17,Lake,033,64148,6088,5915,127,6042,87
2021-09-17,Lassen,035,31185,6275,6080,271,6351,25
2021-09-17,Los Angeles,037,10098052,1388579,1377905,52022,1429927,25820
2021-09-17,Madera,039,155013,20582,20040,1634,21674,257
2021-09-17,Marin,041,260295,16825,16658,399,17057,242
2021-09-17,Mariposa,043,17540,917,869,31,900,5
2021-09-17,Mendocino,045,87422,6657,6498,315,6813,67
2021-09-17,Merced,047,269075,38377,37803,1421,39224,533
2021-09-17,Modoc,049,8938,467,456,161,617,5
2021-09-17,Mono,051,14174,1501,1457,16,1473,3
2021-09-17,Monterey,053,433212,47262,46421,3093,49514,564
2021-09-17,Napa,055,140530,12284,12153,87,12240,95
2021-09-17,Nevada,057,99092,8315,8157,283,8440,84
2021-09-17,Orange,059,3164182,296214,292685,14018,306703,5346
2021-09-17,Placer,061,380077,33839,33188,3202,36390,362
2021-09-17,Plumas,063,18699,1243,1192,26,1218,5
2021-09-17,Riverside,065,2383286,344258,340445,15860,356305,4792
2021-09-17,Sacramento,067,1510023,147294,145985,3785,149770,1999
2021-09-17,San Benito,069,59416,6961,6929,146,7075,67
2021-09-17,San Bernardino,071,2135413,338900,335810,10612,346422,5488
2021-09-17,San Diego,073,3302833,352587,348098,20454,368552,4002
2021-09-17,San Francisco,075,870044,50029,49249,2362,51611,605
2021-09-17,San Joaquin,077,732212,93353,91977,5037,97014,1610
2021-09-17,San Luis Obispo,079,281455,27568,27102,1074,28176,311
2021-09-17,San Mateo,081,765935,51793,50854,1252,52106,564
2021-09-17,Santa Barbara,083,443738,42291,41354,1558,42912,498
2021-09-17,Santa Clara,085,1922200,140392,138939,1125,140064,1838
2021-09-17,Santa Cruz,087,273765,19293,19039,996,20035,211
2021-09-17,Shasta,089,179085,18304,17617,3003,20620,254
2021-09-17,Sierra,091,2930,129,124,14,138,0
2021-09-17,Siskiyou,093,43540,3000,2852,1056,3908,35
2021-09-17,Solano,095,438530,43771,42898,1112,44010,312
2021-09-17,Sonoma,097,501317,39136,38808,484,39292,369
2021-09-17,Stanislaus,099,539301,72764,71408,8167,79575,1091
2021-09-17,Sutter,101,95872,12993,12799,244,13043,153
2021-09-17,Tehama,103,63373,7218,7020,1181,8201,84
2021-09-17,Trinity,105,12862,706,556,188,744,7
2021-09-17,Tulare,107,460477,61552,59689,12736,72425,895
2021-09-17,Tuolumne,109,53932,6178,6047,68,6115,89
2021-09-17,Ventura,111,848112,94260,93273,4132,97405,1116
2021-09-17,Yolo,113,214977,18396,18177,946,19123,239
2021-09-17,Yuba,115,75493,9166,9019,206,9225,61
2021-09-16,Alameda,001,1643700,114057,112770,2694,115464,1318
2021-09-16,Alpine,003,1148,100,99,0,99,0
2021-09-16,Amador,005,37829,4924,4819,48,4867,58
2021-09-16,Butte,007,227075,18458,17750,3269,21019,230
2021-09-16,Calaveras,009,45235,3415,3313,35,3348,66
2021-09-16,Colusa,011,21464,2397,2363,541,2904,16
2021-09-16,Contra Costa,013,1133247,94220,93213,1942,95155,917
2021-09-16,Del Norte,015,27424,3437,3285,25,3310,34
2021-09-16,El Dorado,017,186661,14669,14372,1483,15855,127
2021-09-16,Fresno,019,978130,126487,123853,11220,135073,1868
2021-09-16,Glenn,021,27897,3159,3068,890,3958,24
2021-09-16,Humboldt,023,135768,8005,7809,399,8208,80
2021-09-16,Imperial,025,180216,31277,30966,3054,34020,753
2021-09-16,Inyo,027,18085,1662,1623,46,1669,39
2021-09-16,Kern,029,883053,116456,113828,18016,131844,1448
2021-09-16,Kings,031,150075,28775,28114,1651,29765,280
2021-09-16,Lake,033,64148,6064,5890,124,6014,87
2021-09-16,Lassen,035,31185,6240,6028,265,6293,25
2021-09-16,Los Angeles,037,10098052,1387192,1376277,51957,1428234,25796
2021-09-16,Madera,039,155013,20506,19974,1628,21602,257
2021-09-16,Marin,041,260295,16798,16625,398,17023,242
2021-09-16,Mariposa,043,17540,911,849,31,880,6
2021-09-16,Mendocino,045,87422,6625,6445,306,6751,67
2021-09-16,Merced,047,269075,38270,37675,1418,39093,532
2021-09-16,Modoc,049,8938,465,455,161,616,5
2021-09-16,Mono,051,14174,1492,1449,16,1465,3
2021-09-16,Monterey,053,433212,47208,46342,3079,49421,562
2021-09-16,Napa,055,140530,12259,12115,83,12198,95
2021-09-16,Nevada,057,99092,8287,8121,282,8403,84
2021-09-16,Orange,059,3164182,295871,292183,13998,306181,5340
2021-09-16,Placer,061,380077,33743,33037,3183,36220,354
2021-09-16,Plumas,063,18699,1235,1178,26,1204,5
2021-09-16,Riverside,065,2383286,343726,339770,15846,355616,4786
2021-09-16,Sacramento,067,1510023,146936,145754,3753,149507,1996
2021-09-16,San Benito,069,59416,6948,6913,145,7058,67
2021-09-16,San Bernardino,071,2135413,338473,335129,10605,345734,5474
2021-09-16,San Diego,073,3302833,351961,347472,20419,367891,3994
2021-09-16,San Francisco,075,870044,49944,49133,2352,51485,605
2021-09-16,San Joaquin,077,732212,93113,91650,4992,96642,1608
2021-09-16,San Luis Obispo,079,281455,27496,27044,1070,28114,310
2021-09-16,San Mateo,081,765935,51717,50773,1236,52009,564
2021-09-16,Santa Barbara,083,443738,42225,41272,1555,42827,497
2021-09-16,Santa Clara,085,1922200,140237,138685,1121,139806,1835
2021-09-16,Santa Cruz,087,273765,19265,19011,996,20007,211
2021-09-16,Shasta,089,179085,18179,17438,2969,20407,251
2021-09-16,Sierra,091,2930,129,123,14,137,0
2021-09-16,Siskiyou,093,43540,2980,2819,1049,3868,35
2021-09-16,Solano,095,438530,43699,42792,1106,43898,312
2021-09-16,Sonoma,097,501317,39073,38707,483,39190,369
2021-09-16,Stanislaus,099,539301,72528,71105,8151,79256,1091
2021-09-16,Sutter,101,95872,12949,12729,238,12967,152
2021-09-16,Tehama,103,63373,7179,6953,1170,8123,83
2021-09-16,Trinity,105,12862,703,547,187,734,7
2021-09-16,Tulare,107,460477,61331,59459,12662,72121,894
2021-09-16,Tuolumne,109,53932,6158,5999,67,6066,89
2021-09-16,Ventura,111,848112,94121,93087,4128,97215,1110
2021-09-16,Yolo,113,214977,18365,18135,944,19079,239
2021-09-16,Yuba,115,75493,9132,8981,203,9184,61
2021-09-15,Alameda,001,1643700,113884,112498,2686,115184,1317
2021-09-15,Alpine,003,1148,100,99,0,99,0
2021-09-15,Amador,005,37829,4916,4792,48,4840,58
2021-09-15,Butte,007,227075,18360,17664,3249,20913,228
2021-09-15,Calaveras,009,45235,3383,3293,33,3326,66
2021-09-15,Colusa,011,21464,2395,2352,538,2890,16
2021-09-15,Contra Costa,013,1133247,94040,92989,1930,94919,913
2021-09-15,Del Norte,015,27424,3424,3271,23,3294,34
2021-09-15,El Dorado,017,186661,14643,14309,1475,15784,127
2021-09-15,Fresno,019,978130,126109,123370,11178,134548,1867
2021-09-15,Glenn,021,27897,3146,3051,885,3936,20
2021-09-15,Humboldt,023,135768,7970,7754,394,8148,52
2021-09-15,Imperial,025,180216,31222,30891,3049,33940,753
2021-09-15,Inyo,027,18085,1658,1614,46,1660,39
2021-09-15,Kern,029,883053,116107,113546,17917,131463,1434
2021-09-15,Kings,031,150075,28695,27991,1642,29633,279
2021-09-15,Lake,033,64148,6032,5852,123,5975,85
2021-09-15,Lassen,035,31185,6180,6018,260,6278,25
2021-09-15,Los Angeles,037,10098052,1385699,1374307,51888,1426195,25767
2021-09-15,Madera,039,155013,20432,19880,1621,21501,257
2021-09-15,Marin,041,260295,16763,16592,393,16985,242
2021-09-15,Mariposa,043,17540,900,843,31,874,5
2021-09-15,Mendocino,045,87422,6595,6399,301,6700,66
2021-09-15,Merced,047,269075,38162,37508,1416,38924,529
2021-09-15,Modoc,049,8938,465,454,161,615,5
2021-09-15,Mono,051,14174,1488,1445,16,1461,3
2021-09-15,Monterey,053,433212,47138,46317,3062,49379,562
2021-09-15,Napa,055,140530,12238,12082,83,12165,95
2021-09-15,Nevada,057,99092,8265,8081,279,8360,84
2021-09-15,Orange,059,3164182,295548,291834,13979,305813,5328
2021-09-15,Placer,061,380077,33631,32860,3161,36021,352
2021-09-15,Plumas,063,18699,1230,1164,25,1189,5
2021-09-15,Riverside,065,2383286,343143,339077,15822,354899,4769
2021-09-15,Sacramento,067,1510023,146509,145202,3722,148924,1981
2021-09-15,San Benito,069,59416,6945,6902,145,7047,67
2021-09-15,San Bernardino,071,2135413,338015,334556,10591,345147,5470
2021-09-15,San Diego,073,3302833,351332,346933,20393,367326,3983
2021-09-15,San Francisco,075,870044,49834,48999,2347,51346,605
2021-09-15,San Joaquin,077,732212,92838,91322,4949,96271,1607
2021-09-15,San Luis Obispo,079,281455,27413,26943,1064,28007,306
2021-09-15,San Mateo,081,765935,51635,50691,1230,51921,564
2021-09-15,Santa Barbara,083,443738,42126,41077,1551,42628,497
2021-09-15,Santa Clara,085,1922200,140065,138410,1116,139526,1833
2021-09-15,Santa Cruz,087,273765,19227,18984,994,19978,210
2021-09-15,Shasta,089,179085,18068,17317,2948,20265,250
2021-09-15,Sierra,091,2930,129,123,14,137,0
2021-09-15,Siskiyou,093,43540,2960,2804,1018,3822,35
2021-09-15,Solano,095,438530,43627,42682,1101,43783,312
2021-09-15,Sonoma,097,501317,39014,38629,483,39112,369
2021-09-15,Stanislaus,099,539301,72304,70852,8130,78982,1091
2021-09-15,Sutter,101,95872,12916,12699,233,12932,151
2021-09-15,Tehama,103,63373,7138,6894,1161,8055,79
2021-09-15,Trinity,105,12862,701,541,185,726,7
2021-09-15,Tulare,107,460477,61073,59149,12600,71749,890
2021-09-15,Tuolumne,109,53932,6132,5969,67,6036,89
2021-09-15,Ventura,111,848112,93980,92960,4120,97080,1109
2021-09-15,Yolo,113,214977,18331,18064,936,19000,239
2021-09-15,Yuba,115,75493,9097,8953,203,9156,61
2021-09-14,Alameda,001,1643700,113673,112329,2680,115009,1316
2021-09-14,Alpine,003,1148,100,98,0,98,0
2021-09-14,Amador,005,37829,4896,4790,48,4838,57
2021-09-14,Butte,007,227075,18228,17516,3226,20742,226
2021-09-14,Calaveras,009,45235,3360,3280,30,3310,66
2021-09-14,Colusa,011,21464,2391,2344,534,2878,16
2021-09-14,Contra Costa,013,1133247,93842,92822,1921,94743,908
2021-09-14,Del Norte,015,27424,3408,3252,22,3274,32
2021-09-14,El Dorado,017,186661,14591,14247,1467,15714,123
2021-09-14,Fresno,019,978130,125633,123151,11136,134287,1856
2021-09-14,Glenn,021,27897,3125,3045,880,3925,20
2021-09-14,Humboldt,023,135768,7936,7717,389,8106,52
2021-09-14,Imperial,025,180216,31171,30845,3046,33891,752
2021-09-14,Inyo,027,18085,1649,1605,45,1650,39
2021-09-14,Kern,029,883053,115728,113250,17791,131041,1428
2021-09-14,Kings,031,150075,28619,27955,1634,29589,278
2021-09-14,Lake,033,64148,6000,5845,123,5968,83
2021-09-14,Lassen,035,31185,6166,5977,255,6232,25
2021-09-14,Los Angeles,037,10098052,1383863,1372831,51804,1424635,25729
2021-09-14,Madera,039,155013,20350,19800,1612,21412,254
2021-09-14,Marin,041,260295,16736,16584,391,16975,242
2021-09-14,Mariposa,043,17540,889,834,30,864,5
2021-09-14,Mendocino,045,87422,6560,6372,289,6661,65
2021-09-14,Merced,047,269075,38012,37430,1412,38842,526
2021-09-14,Modoc,049,8938,464,453,161,614,5
2021-09-14,Mono,051,14174,1476,1440,16,1456,4
2021-09-14,Monterey,053,433212,47096,46224,3038,49262,558
2021-09-14,Napa,055,140530,12205,12070,82,12152,91
2021-09-14,Nevada,057,99092,8231,8056,279,8335,83
2021-09-14,Orange,059,3164182,295159,291423,13955,305378,5319
2021-09-14,Placer,061,380077,33500,32735,3140,35875,350
2021-09-14,Plumas,063,18699,1215,1148,25,1173,5
2021-09-14,Riverside,065,2383286,342503,338534,15793,354327,4748
2021-09-14,Sacramento,067,1510023,146124,145051,3673,148724,1977
2021-09-14,San Benito,069,59416,6935,6887,144,7031,64
2021-09-14,San Bernardino,071,2135413,337521,333968,10566,344534,5465
2021-09-14,San Diego,073,3302833,350660,346204,20348,366552,3966
2021-09-14,San Francisco,075,870044,49699,48998,2332,51330,603
2021-09-14,San Joaquin,077,732212,92599,91128,4939,96067,1596
2021-09-14,San Luis Obispo,079,281455,27340,26845,1059,27904,304
2021-09-14,San Mateo,081,765935,51537,50602,1219,51821,564
2021-09-14,Santa Barbara,083,443738,42031,40783,1542,42325,495
2021-09-14,Santa Clara,085,1922200,139830,138321,1112,139433,1828
2021-09-14,Santa Cruz,087,273765,19187,18965,992,19957,210
2021-09-14,Shasta,089,179085,17937,17152,2927,20079,246
2021-09-14,Sierra,091,2930,129,123,14,137,0
2021-09-14,Siskiyou,093,43540,2936,2756,1001,3757,35
2021-09-14,Solano,095,438530,43544,42599,1098,43697,307
2021-09-14,Sonoma,097,501317,38944,38595,479,39074,369
2021-09-14,Stanislaus,099,539301,72046,70697,8102,78799,1091
2021-09-14,Sutter,101,95872,12874,12670,226,12896,149
2021-09-14,Tehama,103,63373,7084,6859,1153,8012,80
2021-09-14,Trinity,105,12862,695,538,184,722,7
2021-09-14,Tulare,107,460477,60821,58961,12528,71489,888
2021-09-14,Tuolumne,109,53932,6111,5951,65,6016,89
2021-09-14,Ventura,111,848112,93800,92841,4104,96945,1107
2021-09-14,Yolo,113,214977,18287,18039,931,18970,239
2021-09-14,Yuba,115,75493,9061,8928,203,9131,61
2021-09-13,Alameda,001,1643700,113456,112159,2675,114834,1309
2021-09-13,Alpine,003,1148,99,98,0,98,0
2021-09-13,Amador,005,37829,4878,4761,48,4809,56
2021-09-13,Butte,007,227075,18104,17393,3199,20592,225
2021-09-13,Calaveras,009,45235,3330,3253,28,3281,65
2021-09-13,Colusa,011,21464,2381,2346,529,2875,16
2021-09-13,Contra Costa,013,1133247,93596,92658,1916,94574,908
2021-09-13,Del Norte,015,27424,3372,3232,22,3254,28
2021-09-13,El Dorado,017,186661,14530,14194,1458,15652,119
2021-09-13,Fresno,019,978130,125166,122650,11079,133729,1853
2021-09-13,Glenn,021,27897,3113,3026,872,3898,20
2021-09-13,Humboldt,023,135768,7904,7659,386,8045,52
2021-09-13,Imperial,025,180216,31119,30802,3043,33845,751
2021-09-13,Inyo,027,18085,1642,1602,45,1647,39
2021-09-13,Kern,029,883053,115347,112930,17666,130596,1424
2021-09-13,Kings,031,150075,28509,27858,1622,29480,275
2021-09-13,Lake,033,64148,5978,5809,123,5932,82
2021-09-13,Lassen,035,31185,6131,5953,254,6207,25
2021-09-13,Los Angeles,037,10098052,1382005,1371423,51736,1423159,25703
2021-09-13,Madera,039,155013,20279,19735,1602,21337,252
2021-09-13,Marin,041,260295,16700,16557,390,16947,242
2021-09-13,Mariposa,043,17540,875,825,30,855,5
2021-09-13,Mendocino,045,87422,6526,6323,280,6603,61
2021-09-13,Merced,047,269075,37860,37291,1406,38697,521
2021-09-13,Modoc,049,8938,463,451,161,612,5
2021-09-13,Mono,051,14174,1470,1435,16,1451,3
2021-09-13,Monterey,053,433212,47005,46188,3017,49205,558
2021-09-13,Napa,055,140530,12187,12039,82,12121,91
2021-09-13,Nevada,057,99092,8205,8021,277,8298,83
2021-09-13,Orange,059,3164182,294723,291128,13934,305062,5312
2021-09-13,Placer,061,380077,33335,32617,3123,35740,343
2021-09-13,Plumas,063,18699,1206,1142,25,1167,5
2021-09-13,Riverside,065,2383286,341858,337876,15775,353651,4731
2021-09-13,Sacramento,067,1510023,145637,144537,3639,148176,1956
2021-09-13,San Benito,069,59416,6920,6867,143,7010,64
2021-09-13,San Bernardino,071,2135413,337033,333613,10542,344155,5441
2021-09-13,San Diego,073,3302833,349870,345647,20298,365945,3961
2021-09-13,San Francisco,075,870044,49570,48914,2326,51240,603
2021-09-13,San Joaquin,077,732212,92315,90966,4921,95887,1581
2021-09-13,San Luis Obispo,079,281455,27243,26805,1056,27861,300
2021-09-13,San Mateo,081,765935,51447,50525,1205,51730,564
2021-09-13,Santa Barbara,083,443738,41914,40661,1535,42196,494
2021-09-13,Santa Clara,085,1922200,139582,138152,1106,139258,1820
2021-09-13,Santa Cruz,087,273765,19147,18917,991,19908,210
2021-09-13,Shasta,089,179085,17807,17033,2886,19919,243
2021-09-13,Sierra,091,2930,129,123,14,137,0
2021-09-13,Siskiyou,093,43540,2921,2745,989,3734,35
2021-09-13,Solano,095,438530,43440,42501,1094,43595,306
2021-09-13,Sonoma,097,501317,38877,38513,476,38989,368
2021-09-13,Stanislaus,099,539301,71792,70477,8065,78542,1091
2021-09-13,Sutter,101,95872,12816,12624,222,12846,145
2021-09-13,Tehama,103,63373,7021,6803,1141,7944,79
2021-09-13,Trinity,105,12862,693,533,182,715,7
2021-09-13,Tulare,107,460477,60534,58768,12465,71233,887
2021-09-13,Tuolumne,109,53932,6080,5909,65,5974,89
2021-09-13,Ventura,111,848112,93647,92679,4096,96775,1107
2021-09-13,Yolo,113,214977,18245,17974,926,18900,239
2021-09-13,Yuba,115,75493,9016,8884,202,9086,61
2021-09-12,Alameda,001,1643700,113185,111961,2671,114632,1309
2021-09-12,Alpine,003,1148,99,98,0,98,0
2021-09-12,Amador,005,37829,4857,4752,48,4800,56
2021-09-12,Butte,007,227075,17959,17257,3155,20412,221
2021-09-12,Calaveras,009,45235,3298,3236,24,3260,65
2021-09-12,Colusa,011,21464,2378,2344,528,2872,16
2021-09-12,Contra Costa,013,1133247,93329,92498,1904,94402,908
2021-09-12,Del Norte,015,27424,3337,3200,22,3222,28
2021-09-12,El Dorado,017,186661,14457,14167,1442,15609,119
2021-09-12,Fresno,019,978130,124651,122407,11031,133438,1853
2021-09-12,Glenn,021,27897,3094,3016,865,3881,20
2021-09-12,Humboldt,023,135768,7833,7636,375,8011,52
2021-09-12,Imperial,025,180216,31056,30790,3037,33827,751
2021-09-12,Inyo,027,18085,1632,1596,43,1639,39
2021-09-12,Kern,029,883053,114936,112602,17507,130109,1424
2021-09-12,Kings,031,150075,28399,27764,1605,29369,274
2021-09-12,Lake,033,64148,5939,5781,121,5902,82
2021-09-12,Lassen,035,31185,6094,5943,244,6187,25
2021-09-12,Los Angeles,037,10098052,1379952,1365968,51659,1417627,25630
2021-09-12,Madera,039,155013,20192,19691,1590,21281,252
2021-09-12,Marin,041,260295,16677,16526,389,16915,242
2021-09-12,Mariposa,043,17540,864,811,28,839,5
2021-09-12,Mendocino,045,87422,6485,6283,272,6555,61
2021-09-12,Merced,047,269075,37687,37172,1395,38567,521
2021-09-12,Modoc,049,8938,463,451,160,611,5
2021-09-12,Mono,051,14174,1460,1431,16,1447,3
2021-09-12,Monterey,053,433212,46907,46167,2989,49156,558
2021-09-12,Napa,055,140530,12157,12011,82,12093,91
2021-09-12,Nevada,057,99092,8166,7987,274,8261,83
2021-09-12,Orange,059,3164182,294257,290718,13909,304627,5312
2021-09-12,Placer,061,380077,33187,32520,3099,35619,343
2021-09-12,Plumas,063,18699,1189,1138,25,1163,5
2021-09-12,Riverside,065,2383286,341175,337332,15743,353075,4731
2021-09-12,Sacramento,067,1510023,145128,144030,3599,147629,1959
2021-09-12,San Benito,069,59416,6901,6852,142,6994,64
2021-09-12,San Bernardino,071,2135413,336423,333049,10529,343578,5439
2021-09-12,San Diego,073,3302833,349047,345058,20225,365283,3942
2021-09-12,San Francisco,075,870044,49458,48819,2318,51137,603
2021-09-12,San Joaquin,077,732212,91986,90730,4913,95643,1581
2021-09-12,San Luis Obispo,079,281455,27125,26729,1043,27772,299
2021-09-12,San Mateo,081,765935,51340,50432,1191,51623,564
2021-09-12,Santa Barbara,083,443738,41807,40600,1527,42127,494
2021-09-12,Santa Clara,085,1922200,139328,137899,1102,139001,1820
2021-09-12,Santa Cruz,087,273765,19115,18892,990,19882,210
2021-09-12,Shasta,089,179085,17642,16957,2828,19785,243
2021-09-12,Sierra,091,2930,129,123,14,137,0
2021-09-12,Siskiyou,093,43540,2893,2730,974,3704,35
2021-09-12,Solano,095,438530,43334,42409,1089,43498,306
2021-09-12,Sonoma,097,501317,38799,38456,474,38930,368
2021-09-12,Stanislaus,099,539301,71493,70184,8024,78208,1091
2021-09-12,Sutter,101,95872,12774,12589,216,12805,145
2021-09-12,Tehama,103,63373,6957,6732,1129,7861,79
2021-09-12,Trinity,105,12862,689,529,180,709,7
2021-09-12,Tulare,107,460477,60176,58582,12404,70986,887
2021-09-12,Tuolumne,109,53932,6047,5888,65,5953,89
2021-09-12,Ventura,111,848112,93530,92496,4090,96586,1107
2021-09-12,Yolo,113,214977,18179,17943,918,18861,239
2021-09-12,Yuba,115,75493,8979,8842,202,9044,61
2021-09-11,Alameda,001,1643700,113059,111715,2669,114384,1309
2021-09-11,Alpine,003,1148,99,98,0,98,0
2021-09-11,Amador,005,37829,4844,4728,47,4775,56
2021-09-11,Butte,007,227075,17877,17218,3128,20346,221
2021-09-11,Calaveras,009,45235,3295,3208,23,3231,65
2021-09-11,Colusa,011,21464,2377,2338,525,2863,16
2021-09-11,Contra Costa,013,1133247,93211,92269,1899,94168,908
2021-09-11,Del Norte,015,27424,3321,3184,22,3206,28
2021-09-11,El Dorado,017,186661,14438,14117,1435,15552,119
2021-09-11,Fresno,019,978130,124470,122224,11011,133235,1853
2021-09-11,Glenn,021,27897,3090,3007,863,3870,20
2021-09-11,Humboldt,023,135768,7811,7615,372,7987,52
2021-09-11,Imperial,025,180216,31031,30760,3033,33793,751
2021-09-11,Inyo,027,18085,1629,1590,43,1633,39
2021-09-11,Kern,029,883053,114686,112205,17390,129595,1424
2021-09-11,Kings,031,150075,28350,27631,1599,29230,275
2021-09-11,Lake,033,64148,5919,5761,121,5882,82
2021-09-11,Lassen,035,31185,6079,5930,240,6170,25
2021-09-11,Los Angeles,037,10098052,1378988,1365831,51594,1417425,25630
2021-09-11,Madera,039,155013,20139,19648,1584,21232,252
2021-09-11,Marin,041,260295,16649,16496,388,16884,242
2021-09-11,Mariposa,043,17540,859,799,28,827,5
2021-09-11,Mendocino,045,87422,6461,6257,272,6529,61
2021-09-11,Merced,047,269075,37633,37042,1392,38434,521
2021-09-11,Modoc,049,8938,463,449,160,609,5
2021-09-11,Mono,051,14174,1456,1431,16,1447,3
2021-09-11,Monterey,053,433212,46870,46140,2981,49121,558
2021-09-11,Napa,055,140530,12134,11991,82,12073,91
2021-09-11,Nevada,057,99092,8151,7967,274,8241,83
2021-09-11,Orange,059,3164182,293957,290429,13892,304321,5306
2021-09-11,Placer,061,380077,33103,32414,3088,35502,344
2021-09-11,Plumas,063,18699,1184,1112,25,1137,5
2021-09-11,Riverside,065,2383286,340737,336585,15729,352314,4731
2021-09-11,Sacramento,067,1510023,144828,143557,3587,147144,1955
2021-09-11,San Benito,069,59416,6888,6844,142,6986,64
2021-09-11,San Bernardino,071,2135413,336083,332512,10515,343027,5430
2021-09-11,San Diego,073,3302833,348557,344355,20201,364556,3942
2021-09-11,San Francisco,075,870044,49403,48660,2313,50973,603
2021-09-11,San Joaquin,077,732212,91841,90482,4906,95388,1581
2021-09-11,San Luis Obispo,079,281455,27079,26651,1042,27693,299
2021-09-11,San Mateo,081,765935,51271,50341,1189,51530,564
2021-09-11,Santa Barbara,083,443738,41734,40451,1527,41978,494
2021-09-11,Santa Clara,085,1922200,139178,137659,1099,138758,1820
2021-09-11,Santa Cruz,087,273765,19086,18865,990,19855,210
2021-09-11,Shasta,089,179085,17549,16877,2808,19685,243
2021-09-11,Sierra,091,2930,129,123,14,137,0
2021-09-11,Siskiyou,093,43540,2876,2717,971,3688,35
2021-09-11,Solano,095,438530,43283,42344,1086,43430,306
2021-09-11,Sonoma,097,501317,38752,38399,472,38871,368
2021-09-11,Stanislaus,099,539301,71367,69974,8009,77983,1091
2021-09-11,Sutter,101,95872,12749,12538,213,12751,145
2021-09-11,Tehama,103,63373,6936,6703,1121,7824,79
2021-09-11,Trinity,105,12862,682,526,180,706,7
2021-09-11,Tulare,107,460477,60065,58321,12357,70678,889
2021-09-11,Tuolumne,109,53932,6028,5879,62,5941,89
2021-09-11,Ventura,111,848112,93451,92328,4085,96413,1107
2021-09-11,Yolo,113,214977,18156,17906,913,18819,239
2021-09-11,Yuba,115,75493,8954,8813,202,9015,61
2021-09-10,Alameda,001,1643700,112867,111386,2668,114054,1306
2021-09-10,Alpine,003,1148,98,97,0,97,0
2021-09-10,Amador,005,37829,4832,4706,47,4753,56
2021-09-10,Butte,007,227075,17802,17051,3113,20164,222
2021-09-10,Calaveras,009,45235,3289,3183,23,3206,65
2021-09-10,Colusa,011,21464,2373,2327,522,2849,16
2021-09-10,Contra Costa,013,1133247,93090,92024,1897,93921,908
2021-09-10,Del Norte,015,27424,3306,3128,21,3149,28
2021-09-10,El Dorado,017,186661,14407,14051,1430,15481,119
2021-09-10,Fresno,019,978130,124148,121659,10991,132650,1846
2021-09-10,Glenn,021,27897,3085,2977,863,3840,20
2021-09-10,Humboldt,023,135768,7778,7543,368,7911,52
2021-09-10,Imperial,025,180216,31007,30716,3031,33747,751
2021-09-10,Inyo,027,18085,1625,1590,43,1633,39
2021-09-10,Kern,029,883053,114432,111832,17271,129103,1419
2021-09-10,Kings,031,150075,28276,27473,1591,29064,274
2021-09-10,Lake,033,64148,5903,5713,119,5832,79
2021-09-10,Lassen,035,31185,6071,5914,237,6151,25
2021-09-10,Los Angeles,037,10098052,1377781,1365709,51527,1417236,25630
2021-09-10,Madera,039,155013,20093,19520,1579,21099,252
2021-09-10,Marin,041,260295,16629,16458,385,16843,242
2021-09-10,Mariposa,043,17540,854,795,28,823,5
2021-09-10,Mendocino,045,87422,6430,6184,271,6455,61
2021-09-10,Merced,047,269075,37581,36884,1391,38275,521
2021-09-10,Modoc,049,8938,463,448,160,608,5
2021-09-10,Mono,051,14174,1453,1422,16,1438,3
2021-09-10,Monterey,053,433212,46826,46084,2962,49046,557
2021-09-10,Napa,055,140530,12110,11948,82,12030,90
2021-09-10,Nevada,057,99092,8133,7932,273,8205,83
2021-09-10,Orange,059,3164182,293653,290022,13883,303905,5302
2021-09-10,Placer,061,380077,33003,32264,3075,35339,343
2021-09-10,Plumas,063,18699,1176,1111,25,1136,5
2021-09-10,Riverside,065,2383286,340263,335988,15722,351710,4720
2021-09-10,Sacramento,067,1510023,144485,143244,3579,146823,1950
2021-09-10,San Benito,069,59416,6884,6824,142,6966,64
2021-09-10,San Bernardino,071,2135413,335662,331894,10505,342399,5422
2021-09-10,San Diego,073,3302833,347994,343173,20160,363333,3941
2021-09-10,San Francisco,075,870044,49324,48518,2304,50822,602
2021-09-10,San Joaquin,077,732212,91662,90208,4899,95107,1573
2021-09-10,San Luis Obispo,079,281455,27046,26526,1040,27566,299
2021-09-10,San Mateo,081,765935,51207,50251,1183,51434,564
2021-09-10,Santa Barbara,083,443738,41680,40321,1524,41845,492
2021-09-10,Santa Clara,085,1922200,138994,137337,1098,138435,1817
2021-09-10,Santa Cruz,087,273765,19067,18785,989,19774,210
2021-09-10,Shasta,089,179085,17455,16667,2780,19447,242
2021-09-10,Sierra,091,2930,129,117,14,131,0
2021-09-10,Siskiyou,093,43540,2864,2702,967,3669,35
2021-09-10,Solano,095,438530,43209,42230,1079,43309,305
2021-09-10,Sonoma,097,501317,38694,38271,471,38742,368
2021-09-10,Stanislaus,099,539301,71209,69617,7985,77602,1091
2021-09-10,Sutter,101,95872,12715,12468,213,12681,145
2021-09-10,Tehama,103,63373,6903,6652,1115,7767,77
2021-09-10,Trinity,105,12862,678,524,180,704,7
2021-09-10,Tulare,107,460477,59917,57930,12312,70242,883
2021-09-10,Tuolumne,109,53932,6010,5842,61,5903,89
2021-09-10,Ventura,111,848112,93362,92145,4080,96225,1104
2021-09-10,Yolo,113,214977,18131,17825,908,18733,239
2021-09-10,Yuba,115,75493,8935,8760,201,8961,62
2021-09-09,Alameda,001,1643700,112648,111014,2662,113676,1306
2021-09-09,Alpine,003,1148,98,94,0,94,0
2021-09-09,Amador,005,37829,4811,4698,46,4744,56
2021-09-09,Butte,007,227075,17657,16874,3087,19961,221
2021-09-09,Calaveras,009,45235,3255,3165,23,3188,65
2021-09-09,Colusa,011,21464,2366,2321,520,2841,16
2021-09-09,Contra Costa,013,1133247,92881,91687,1892,93579,904
2021-09-09,Del Norte,015,27424,3283,3102,21,3123,28
2021-09-09,El Dorado,017,186661,14350,13970,1420,15390,119
2021-09-09,Fresno,019,978130,123675,121040,10958,131998,1838
2021-09-09,Glenn,021,27897,3072,2947,856,3803,20
2021-09-09,Humboldt,023,135768,7728,7471,362,7833,52
2021-09-09,Imperial,025,180216,30969,30661,3028,33689,751
2021-09-09,Inyo,027,18085,1618,1586,43,1629,39
2021-09-09,Kern,029,883053,114083,111390,17114,128504,1414
2021-09-09,Kings,031,150075,28175,27282,1580,28862,273
2021-09-09,Lake,033,64148,5879,5638,117,5755,79
2021-09-09,Lassen,035,31185,6021,5860,231,6091,25
2021-09-09,Los Angeles,037,10098052,1375919,1363735,51455,1415190,25583
2021-09-09,Madera,039,155013,20020,19401,1566,20967,252
2021-09-09,Marin,041,260295,16605,16416,382,16798,242
2021-09-09,Mariposa,043,17540,841,779,27,806,5
2021-09-09,Mendocino,045,87422,6398,6089,262,6351,61
2021-09-09,Merced,047,269075,37426,36634,1378,38012,516
2021-09-09,Modoc,049,8938,463,448,160,608,5
2021-09-09,Mono,051,14174,1447,1420,16,1436,3
2021-09-09,Monterey,053,433212,46772,45991,2939,48930,556
2021-09-09,Napa,055,140530,12078,11878,82,11960,90
2021-09-09,Nevada,057,99092,8095,7855,273,8128,82
2021-09-09,Orange,059,3164182,293246,289109,13851,302960,5299
2021-09-09,Placer,061,380077,32886,32048,3060,35108,342
2021-09-09,Plumas,063,18699,1166,1098,24,1122,5
2021-09-09,Riverside,065,2383286,339624,334774,15704,350478,4701
2021-09-09,Sacramento,067,1510023,144003,142728,3533,146261,1929
2021-09-09,San Benito,069,59416,6874,6820,141,6961,64
2021-09-09,San Bernardino,071,2135413,335099,331040,10493,341533,5417
2021-09-09,San Diego,073,3302833,347268,342149,20103,362252,3929
2021-09-09,San Francisco,075,870044,49210,48404,2291,50695,597
2021-09-09,San Joaquin,077,732212,91388,89874,4881,94755,1570
2021-09-09,San Luis Obispo,079,281455,26964,26472,1037,27509,296
2021-09-09,San Mateo,081,765935,51086,50143,1171,51314,561
2021-09-09,Santa Barbara,083,443738,41575,40180,1519,41699,490
2021-09-09,Santa Clara,085,1922200,138771,137017,1093,138110,1816
2021-09-09,Santa Cruz,087,273765,19021,18728,989,19717,210
2021-09-09,Shasta,089,179085,17309,16401,2738,19139,238
2021-09-09,Sierra,091,2930,129,115,14,129,0
2021-09-09,Siskiyou,093,43540,2841,2683,953,3636,35
2021-09-09,Solano,095,438530,43093,42081,1075,43156,303
2021-09-09,Sonoma,097,501317,38626,38171,470,38641,360
2021-09-09,Stanislaus,099,539301,70923,69178,7951,77129,1074
2021-09-09,Sutter,101,95872,12660,12396,211,12607,144
2021-09-09,Tehama,103,63373,6849,6554,1110,7664,75
2021-09-09,Trinity,105,12862,672,523,178,701,6
2021-09-09,Tulare,107,460477,59675,57564,12252,69816,879
2021-09-09,Tuolumne,109,53932,5982,5802,60,5862,89
2021-09-09,Ventura,111,848112,93219,91610,4071,95681,1098
2021-09-09,Yolo,113,214977,18075,17724,905,18629,239
2021-09-09,Yuba,115,75493,8890,8707,198,8905,55
2021-09-08,Alameda,001,1643700,112392,110781,2659,113440,1305
2021-09-08,Alpine,003,1148,98,94,0,94,0
2021-09-08,Amador,005,37829,4799,4693,46,4739,56
2021-09-08,Butte,007,227075,17524,16775,3070,19845,220
2021-09-08,Calaveras,009,45235,3236,3157,23,3180,63
2021-09-08,Colusa,011,21464,2364,2308,518,2826,16
2021-09-08,Contra Costa,013,1133247,92609,91471,1887,93358,900
2021-09-08,Del Norte,015,27424,3259,3085,21,3106,25
2021-09-08,El Dorado,017,186661,14270,13928,1398,15326,119
2021-09-08,Fresno,019,978130,123184,120644,10906,131550,1831
2021-09-08,Glenn,021,27897,3054,2942,844,3786,20
2021-09-08,Humboldt,023,135768,7684,7438,354,7792,52
2021-09-08,Imperial,025,180216,30936,30609,3015,33624,751
2021-09-08,Inyo,027,18085,1607,1580,43,1623,39
2021-09-08,Kern,029,883053,113686,110933,16974,127907,1409
2021-09-08,Kings,031,150075,28046,27235,1565,28800,267
2021-09-08,Lake,033,64148,5849,5618,115,5733,79
2021-09-08,Lassen,035,31185,6003,5848,224,6072,25
2021-09-08,Los Angeles,037,10098052,1373855,1362029,51367,1413396,25533
2021-09-08,Madera,039,155013,19960,19352,1552,20904,252
2021-09-08,Marin,041,260295,16577,16386,381,16767,242
2021-09-08,Mariposa,043,17540,829,777,26,803,5
2021-09-08,Mendocino,045,87422,6353,6069,253,6322,61
2021-09-08,Merced,047,269075,37264,36500,1366,37866,516
2021-09-08,Modoc,049,8938,463,448,160,608,5
2021-09-08,Mono,051,14174,1444,1418,16,1434,3
2021-09-08,Monterey,053,433212,46723,45959,2921,48880,554
2021-09-08,Napa,055,140530,12043,11842,80,11922,90
2021-09-08,Nevada,057,99092,8059,7843,272,8115,82
2021-09-08,Orange,059,3164182,292839,288511,13827,302338,5290
2021-09-08,Placer,061,380077,32749,31852,3043,34895,337
2021-09-08,Plumas,063,18699,1159,1072,23,1095,5
2021-09-08,Riverside,065,2383286,338864,334037,15677,349714,4683
2021-09-08,Sacramento,067,1510023,143525,142448,3484,145932,1921
2021-09-08,San Benito,069,59416,6856,6800,140,6940,64
2021-09-08,San Bernardino,071,2135413,334497,330279,10477,340756,5411
2021-09-08,San Diego,073,3302833,346332,341437,20057,361494,3926
2021-09-08,San Francisco,075,870044,49070,48263,2288,50551,589
2021-09-08,San Joaquin,077,732212,91109,89631,4857,94488,1561
2021-09-08,San Luis Obispo,079,281455,26871,26303,1032,27335,294
2021-09-08,San Mateo,081,765935,50985,50051,1168,51219,561
2021-09-08,Santa Barbara,083,443738,41464,40000,1515,41515,490
2021-09-08,Santa Clara,085,1922200,138538,136836,1087,137923,1810
2021-09-08,Santa Cruz,087,273765,18984,18699,989,19688,210
2021-09-08,Shasta,089,179085,17154,16227,2691,18918,234
2021-09-08,Sierra,091,2930,129,113,14,127,0
2021-09-08,Siskiyou,093,43540,2808,2643,942,3585,35
2021-09-08,Solano,095,438530,43001,41971,1072,43043,302
2021-09-08,Sonoma,097,501317,38543,38075,469,38544,360
2021-09-08,Stanislaus,099,539301,70677,68945,7912,76857,1074
2021-09-08,Sutter,101,95872,12595,12349,208,12557,144
2021-09-08,Tehama,103,63373,6782,6520,1093,7613,75
2021-09-08,Trinity,105,12862,669,520,174,694,6
2021-09-08,Tulare,107,460477,59350,57425,12196,69621,876
2021-09-08,Tuolumne,109,53932,5949,5783,58,5841,89
2021-09-08,Ventura,111,848112,93069,91345,4053,95398,1096
2021-09-08,Yolo,113,214977,17993,17680,900,18580,239
2021-09-08,Yuba,115,75493,8848,8675,196,8871,55
2021-09-07,Alameda,001,1643700,112086,110550,2653,113203,1301
2021-09-07,Alpine,003,1148,97,94,0,94,0
2021-09-07,Amador,005,37829,4772,4679,46,4725,53
2021-09-07,Butte,007,227075,17368,16723,3034,19757,220
2021-09-07,Calaveras,009,45235,3196,3140,21,3161,63
2021-09-07,Colusa,011,21464,2353,2306,517,2823,16
2021-09-07,Contra Costa,013,1133247,92349,91167,1881,93048,891
2021-09-07,Del Norte,015,27424,3245,3081,21,3102,24
2021-09-07,El Dorado,017,186661,14198,13892,1382,15274,119
2021-09-07,Fresno,019,978130,122634,120268,10846,131114,1828
2021-09-07,Glenn,021,27897,3037,2937,836,3773,20
2021-09-07,Humboldt,023,135768,7624,7397,337,7734,52
2021-09-07,Imperial,025,180216,30896,30584,3007,33591,751
2021-09-07,Inyo,027,18085,1601,1579,42,1621,39
2021-09-07,Kern,029,883053,113253,110674,16811,127485,1408
2021-09-07,Kings,031,150075,27922,27169,1547,28716,267
2021-09-07,Lake,033,64148,5806,5597,107,5704,78
2021-09-07,Lassen,035,31185,5985,5842,218,6060,21
2021-09-07,Los Angeles,037,10098052,1371629,1360407,51274,1411681,25486
2021-09-07,Madera,039,155013,19873,19316,1544,20860,249
2021-09-07,Marin,041,260295,16539,16363,381,16744,242
2021-09-07,Mariposa,043,17540,814,771,26,797,5
2021-09-07,Mendocino,045,87422,6296,6036,242,6278,61
2021-09-07,Merced,047,269075,37090,36400,1360,37760,513
2021-09-07,Modoc,049,8938,461,449,160,609,5
2021-09-07,Mono,051,14174,1435,1416,16,1432,3
2021-09-07,Monterey,053,433212,46640,45911,2890,48801,543
2021-09-07,Napa,055,140530,12002,11814,80,11894,90
2021-09-07,Nevada,057,99092,8031,7829,272,8101,82
2021-09-07,Orange,059,3164182,292407,288225,13796,302021,5274
2021-09-07,Placer,061,380077,32596,31710,3014,34724,337
2021-09-07,Plumas,063,18699,1144,1071,23,1094,5
2021-09-07,Riverside,065,2383286,338078,333390,15659,349049,4666
2021-09-07,Sacramento,067,1510023,142984,142364,3438,145802,1905
2021-09-07,San Benito,069,59416,6838,6786,140,6926,64
2021-09-07,San Bernardino,071,2135413,333751,329962,10451,340413,5407
2021-09-07,San Diego,073,3302833,345321,340709,19993,360702,3922
2021-09-07,San Francisco,075,870044,48930,48175,2280,50455,589
2021-09-07,San Joaquin,077,732212,90774,89468,4843,94311,1548
2021-09-07,San Luis Obispo,079,281455,26753,26253,1023,27276,287
2021-09-07,San Mateo,081,765935,50892,49913,1162,51075,561
2021-09-07,Santa Barbara,083,443738,41339,39957,1510,41467,489
2021-09-07,Santa Clara,085,1922200,138251,136631,1080,137711,1807
2021-09-07,Santa Cruz,087,273765,18935,18669,987,19656,210
2021-09-07,Shasta,089,179085,16996,16096,2637,18733,226
2021-09-07,Sierra,091,2930,129,111,14,125,0
2021-09-07,Siskiyou,093,43540,2782,2607,925,3532,34
2021-09-07,Solano,095,438530,42871,41862,1068,42930,300
2021-09-07,Sonoma,097,501317,38459,38013,467,38480,358
2021-09-07,Stanislaus,099,539301,70391,68831,7884,76715,1074
2021-09-07,Sutter,101,95872,12521,12310,202,12512,138
2021-09-07,Tehama,103,63373,6730,6482,1073,7555,74
2021-09-07,Trinity,105,12862,663,517,174,691,6
2021-09-07,Tulare,107,460477,58997,57228,12116,69344,874
2021-09-07,Tuolumne,109,53932,5912,5759,58,5817,88
2021-09-07,Ventura,111,848112,92858,91246,4043,95289,1093
2021-09-07,Yolo,113,214977,17924,17653,895,18548,235
2021-09-07,Yuba,115,75493,8805,8642,191,8833,55
2021-09-06,Alameda,001,1643700,111776,110357,2644,113001,1301
2021-09-06,Alpine,003,1148,95,94,0,94,0
2021-09-06,Amador,005,37829,4756,4648,45,4693,53
2021-09-06,Butte,007,227075,17176,16588,2990,19578,218
2021-09-06,Calaveras,009,45235,3178,3122,21,3143,63
2021-09-06,Colusa,011,21464,2346,2306,512,2818,16
2021-09-06,Contra Costa,013,1133247,92055,90971,1871,92842,891
2021-09-06,Del Norte,015,27424,3204,3037,20,3057,24
2021-09-06,El Dorado,017,186661,14129,13848,1366,15214,119
2021-09-06,Fresno,019,978130,122066,119738,10783,130521,1828
2021-09-06,Glenn,021,27897,3004,2912,822,3734,20
2021-09-06,Humboldt,023,135768,7547,7320,319,7639,52
2021-09-06,Imperial,025,180216,30833,30576,3001,33577,751
2021-09-06,Inyo,027,18085,1592,1578,30,1608,39
2021-09-06,Kern,029,883053,112742,110347,16622,126969,1408
2021-09-06,Kings,031,150075,27779,27094,1532,28626,264
2021-09-06,Lake,033,64148,5742,5548,100,5648,78
2021-09-06,Lassen,035,31185,5959,5822,207,6029,21
2021-09-06,Los Angeles,037,10098052,1369254,1359348,51155,1410503,25477
2021-09-06,Madera,039,155013,19771,19191,1520,20711,249
2021-09-06,Marin,041,260295,16499,16356,381,16737,242
2021-09-06,Mariposa,043,17540,802,764,26,790,5
2021-09-06,Mendocino,045,87422,6228,5984,229,6213,61
2021-09-06,Merced,047,269075,36873,36300,1351,37651,513
2021-09-06,Modoc,049,8938,458,449,160,609,5
2021-09-06,Mono,051,14174,1432,1416,16,1432,3
2021-09-06,Monterey,053,433212,46546,45833,2846,48679,541
2021-09-06,Napa,055,140530,11959,11792,79,11871,90
2021-09-06,Nevada,057,99092,7983,7748,270,8018,82
2021-09-06,Orange,059,3164182,291910,287948,13742,301690,5274
2021-09-06,Placer,061,380077,32419,31595,2975,34570,337
2021-09-06,Plumas,063,18699,1123,1068,20,1088,5
2021-09-06,Riverside,065,2383286,337260,333052,15638,348690,4666
2021-09-06,Sacramento,067,1510023,142343,141730,3369,145099,1905
2021-09-06,San Benito,069,59416,6815,6777,137,6914,64
2021-09-06,San Bernardino,071,2135413,332869,329693,10420,340113,5398
2021-09-06,San Diego,073,3302833,344305,340222,19898,360120,3922
2021-09-06,San Francisco,075,870044,48796,48120,2274,50394,589
2021-09-06,San Joaquin,077,732212,90429,89293,4817,94110,1548
2021-09-06,San Luis Obispo,079,281455,26624,26183,1020,27203,286
2021-09-06,San Mateo,081,765935,50766,49859,1145,51004,561
2021-09-06,Santa Barbara,083,443738,41211,39876,1500,41376,489
2021-09-06,Santa Clara,085,1922200,137961,136458,1077,137535,1807
2021-09-06,Santa Cruz,087,273765,18883,18615,984,19599,210
2021-09-06,Shasta,089,179085,16816,15985,2582,18567,226
2021-09-06,Sierra,091,2930,129,109,14,123,0
2021-09-06,Siskiyou,093,43540,2738,2595,891,3486,34
2021-09-06,Solano,095,438530,42724,41774,1062,42836,300
2021-09-06,Sonoma,097,501317,38339,37929,466,38395,358
2021-09-06,Stanislaus,099,539301,70014,68596,7836,76432,1074
2021-09-06,Sutter,101,95872,12459,12238,193,12431,138
2021-09-06,Tehama,103,63373,6668,6413,1046,7459,74
2021-09-06,Trinity,105,12862,660,515,172,687,6
2021-09-06,Tulare,107,460477,58643,57068,12035,69103,874
2021-09-06,Tuolumne,109,53932,5877,5697,58,5755,88
2021-09-06,Ventura,111,848112,92682,91132,4031,95163,1093
2021-09-06,Yolo,113,214977,17841,17576,889,18465,235
2021-09-06,Yuba,115,75493,8755,8584,187,8771,55
2021-09-05,Alameda,001,1643700,111586,110173,2641,112814,1301
2021-09-05,Alpine,003,1148,95,94,0,94,0
2021-09-05,Amador,005,37829,4744,4642,45,4687,53
2021-09-05,Butte,007,227075,17086,16504,2962,19466,218
2021-09-05,Calaveras,009,45235,3171,3106,21,3127,63
2021-09-05,Colusa,011,21464,2338,2305,510,2815,16
2021-09-05,Contra Costa,013,1133247,91871,90862,1866,92728,891
2021-09-05,Del Norte,015,27424,3183,3023,20,3043,24
2021-09-05,El Dorado,017,186661,14100,13827,1351,15178,119
2021-09-05,Fresno,019,978130,121769,119384,10748,130132,1828
2021-09-05,Glenn,021,27897,2995,2899,819,3718,20
2021-09-05,Humboldt,023,135768,7514,7312,316,7628,52
2021-09-05,Imperial,025,180216,30804,30548,2999,33547,751
2021-09-05,Inyo,027,18085,1589,1572,30,1602,39
2021-09-05,Kern,029,883053,112442,110073,16461,126534,1408
2021-09-05,Kings,031,150075,27702,26989,1528,28517,264
2021-09-05,Lake,033,64148,5722,5525,100,5625,78
2021-09-05,Lassen,035,31185,5937,5820,203,6023,21
2021-09-05,Los Angeles,037,10098052,1367968,1357748,51083,1408831,25465
2021-09-05,Madera,039,155013,19728,19155,1509,20664,249
2021-09-05,Marin,041,260295,16480,16342,380,16722,242
2021-09-05,Mariposa,043,17540,798,761,26,787,5
2021-09-05,Mendocino,045,87422,6194,5965,229,6194,61
2021-09-05,Merced,047,269075,36797,36243,1350,37593,513
2021-09-05,Modoc,049,8938,458,447,160,607,5
2021-09-05,Mono,051,14174,1432,1416,16,1432,3
2021-09-05,Monterey,053,433212,46518,45795,2833,48628,540
2021-09-05,Napa,055,140530,11934,11770,79,11849,90
2021-09-05,Nevada,057,99092,7961,7722,269,7991,82
2021-09-05,Orange,059,3164182,291624,287614,13725,301339,5274
2021-09-05,Placer,061,380077,32292,31487,2961,34448,337
2021-09-05,Plumas,063,18699,1116,1067,20,1087,5
2021-09-05,Riverside,065,2383286,336809,332604,15627,348231,4654
2021-09-05,Sacramento,067,1510023,141904,141276,3351,144627,1905
2021-09-05,San Benito,069,59416,6814,6764,137,6901,64
2021-09-05,San Bernardino,071,2135413,332488,329062,10405,339467,5392
2021-09-05,San Diego,073,3302833,343746,339427,19862,359289,3914
2021-09-05,San Francisco,075,870044,48718,48035,2269,50304,589
2021-09-05,San Joaquin,077,732212,90264,89121,4800,93921,1548
2021-09-05,San Luis Obispo,079,281455,26576,26098,1019,27117,285
2021-09-05,San Mateo,081,765935,50700,49809,1139,50948,561
2021-09-05,Santa Barbara,083,443738,41144,39762,1498,41260,489
2021-09-05,Santa Clara,085,1922200,137751,136146,1075,137221,1807
2021-09-05,Santa Cruz,087,273765,18863,18588,982,19570,210
2021-09-05,Shasta,089,179085,16733,15960,2556,18516,226
2021-09-05,Sierra,091,2930,128,109,14,123,0
2021-09-05,Siskiyou,093,43540,2721,2585,877,3462,34
2021-09-05,Solano,095,438530,42629,41687,1057,42744,300
2021-09-05,Sonoma,097,501317,38254,37881,465,38346,358
2021-09-05,Stanislaus,099,539301,69865,68434,7811,76245,1074
2021-09-05,Sutter,101,95872,12429,12179,187,12366,138
2021-09-05,Tehama,103,63373,6643,6400,1040,7440,74
2021-09-05,Trinity,105,12862,653,505,171,676,6
2021-09-05,Tulare,107,460477,58475,56915,11991,68906,874
2021-09-05,Tuolumne,109,53932,5865,5688,58,5746,88
2021-09-05,Ventura,111,848112,92547,91004,4027,95031,1093
2021-09-05,Yolo,113,214977,17806,17557,883,18440,235
2021-09-05,Yuba,115,75493,8729,8521,185,8706,55
2021-09-04,Alameda,001,1643700,111459,109944,2634,112578,1301
2021-09-04,Alpine,003,1148,95,94,0,94,0
2021-09-04,Amador,005,37829,4726,4637,44,4681,53
2021-09-04,Butte,007,227075,17029,16403,2946,19349,218
2021-09-04,Calaveras,009,45235,3160,3087,20,3107,63
2021-09-04,Colusa,011,21464,2336,2301,510,2811,16
2021-09-04,Contra Costa,013,1133247,91758,90623,1863,92486,891
2021-09-04,Del Norte,015,27424,3172,2984,20,3004,24
2021-09-04,El Dorado,017,186661,14074,13782,1343,15125,119
2021-09-04,Fresno,019,978130,121576,119033,10732,129765,1828
2021-09-04,Glenn,021,27897,2986,2878,816,3694,20
2021-09-04,Humboldt,023,135768,7483,7298,310,7608,52
2021-09-04,Imperial,025,180216,30781,30526,2997,33523,751
2021-09-04,Inyo,027,18085,1587,1571,30,1601,39
2021-09-04,Kern,029,883053,112197,109751,16330,126081,1408
2021-09-04,Kings,031,150075,27614,26896,1522,28418,263
2021-09-04,Lake,033,64148,5704,5507,100,5607,78
2021-09-04,Lassen,035,31185,5922,5814,195,6009,21
2021-09-04,Los Angeles,037,10098052,1367027,1355634,51021,1406655,25454
2021-09-04,Madera,039,155013,19695,19112,1502,20614,249
2021-09-04,Marin,041,260295,16464,16319,379,16698,242
2021-09-04,Mariposa,043,17540,793,759,26,785,5
2021-09-04,Mendocino,045,87422,6158,5933,229,6162,61
2021-09-04,Merced,047,269075,36752,36083,1347,37430,513
2021-09-04,Modoc,049,8938,458,447,160,607,5
2021-09-04,Mono,051,14174,1432,1417,16,1433,3
2021-09-04,Monterey,053,433212,46487,45756,2820,48576,540
2021-09-04,Napa,055,140530,11909,11760,77,11837,90
2021-09-04,Nevada,057,99092,7946,7691,268,7959,82
2021-09-04,Orange,059,3164182,291358,287244,13704,300948,5274
2021-09-04,Placer,061,380077,32188,31374,2944,34318,337
2021-09-04,Plumas,063,18699,1108,1067,20,1087,5
2021-09-04,Riverside,065,2383286,336339,331958,15615,347573,4654
2021-09-04,Sacramento,067,1510023,141611,140735,3343,144078,1896
2021-09-04,San Benito,069,59416,6805,6758,137,6895,64
2021-09-04,San Bernardino,071,2135413,332156,328425,10392,338817,5393
2021-09-04,San Diego,073,3302833,343312,338748,19840,358588,3914
2021-09-04,San Francisco,075,870044,48644,47937,2256,50193,589
2021-09-04,San Joaquin,077,732212,90148,88846,4790,93636,1548
2021-09-04,San Luis Obispo,079,281455,26545,26020,1019,27039,285
2021-09-04,San Mateo,081,765935,50645,49721,1130,50851,560
2021-09-04,Santa Barbara,083,443738,41078,39667,1496,41163,489
2021-09-04,Santa Clara,085,1922200,137565,135845,1072,136917,1806
2021-09-04,Santa Cruz,087,273765,18845,18579,978,19557,210
2021-09-04,Shasta,089,179085,16656,15924,2530,18454,226
2021-09-04,Sierra,091,2930,126,108,14,122,0
2021-09-04,Siskiyou,093,43540,2695,2563,866,3429,34
2021-09-04,Solano,095,438530,42556,41614,1055,42669,300
2021-09-04,Sonoma,097,501317,38221,37809,465,38274,358
2021-09-04,Stanislaus,099,539301,69707,68210,7787,75997,1074
2021-09-04,Sutter,101,95872,12388,12137,186,12323,138
2021-09-04,Tehama,103,63373,6618,6367,1022,7389,74
2021-09-04,Trinity,105,12862,651,497,171,668,6
2021-09-04,Tulare,107,460477,58367,56719,11948,68667,874
2021-09-04,Tuolumne,109,53932,5847,5667,56,5723,88
2021-09-04,Ventura,111,848112,92412,90904,4024,94928,1090
2021-09-04,Yolo,113,214977,17772,17522,879,18401,235
2021-09-04,Yuba,115,75493,8701,8475,184,8659,55
2021-09-03,Alameda,001,1643700,111309,109636,2632,112268,1301
2021-09-03,Alpine,003,1148,95,94,0,94,0
2021-09-03,Amador,005,37829,4704,4614,44,4658,53
2021-09-03,Butte,007,227075,16939,16259,2920,19179,215
2021-09-03,Calaveras,009,45235,3150,3069,20,3089,63
2021-09-03,Colusa,011,21464,2331,2295,509,2804,16
2021-09-03,Contra Costa,013,1133247,91607,90299,1860,92159,886
2021-09-03,Del Norte,015,27424,3144,2943,19,2962,24
2021-09-03,El Dorado,017,186661,14041,13710,1339,15049,119
2021-09-03,Fresno,019,978130,121244,118508,10713,129221,1822
2021-09-03,Glenn,021,27897,2978,2867,810,3677,20
2021-09-03,Humboldt,023,135768,7459,7194,305,7499,52
2021-09-03,Imperial,025,180216,30758,30475,2991,33466,751
2021-09-03,Inyo,027,18085,1582,1567,30,1597,39
2021-09-03,Kern,029,883053,111980,109296,16219,125515,1407
2021-09-03,Kings,031,150075,27530,26753,1519,28272,263
2021-09-03,Lake,033,64148,5684,5479,98,5577,78
2021-09-03,Lassen,035,31185,5905,5789,190,5979,21
2021-09-03,Los Angeles,037,10098052,1365698,1351185,50956,1402141,25384
2021-09-03,Madera,039,155013,19610,19021,1497,20518,247
2021-09-03,Marin,041,260295,16442,16293,378,16671,242
2021-09-03,Mariposa,043,17540,785,753,26,779,5
2021-09-03,Mendocino,045,87422,6123,5891,228,6119,61
2021-09-03,Merced,047,269075,36698,35941,1338,37279,512
2021-09-03,Modoc,049,8938,458,445,160,605,5
2021-09-03,Mono,051,14174,1431,1410,16,1426,3
2021-09-03,Monterey,053,433212,46449,45707,2805,48512,540
2021-09-03,Napa,055,140530,11888,11733,77,11810,89
2021-09-03,Nevada,057,99092,7913,7632,268,7900,82
2021-09-03,Orange,059,3164182,291036,286818,13674,300492,5253
2021-09-03,Placer,061,380077,32080,31238,2920,34158,335
2021-09-03,Plumas,063,18699,1097,1057,20,1077,5
2021-09-03,Riverside,065,2383286,335807,331011,15599,346610,4653
2021-09-03,Sacramento,067,1510023,141242,139982,3324,143306,1886
2021-09-03,San Benito,069,59416,6799,6746,137,6883,64
2021-09-03,San Bernardino,071,2135413,331744,327599,10382,337981,5381
2021-09-03,San Diego,073,3302833,342690,337627,19809,357436,3911
2021-09-03,San Francisco,075,870044,48568,47822,2248,50070,589
2021-09-03,San Joaquin,077,732212,89995,88366,4782,93148,1540
2021-09-03,San Luis Obispo,079,281455,26470,25917,1017,26934,283
2021-09-03,San Mateo,081,765935,50550,49617,1115,50732,560
2021-09-03,Santa Barbara,083,443738,41012,39507,1493,41000,489
2021-09-03,Santa Clara,085,1922200,137363,135522,1068,136590,1801
2021-09-03,Santa Cruz,087,273765,18820,18532,978,19510,210
2021-09-03,Shasta,089,179085,16581,15778,2506,18284,226
2021-09-03,Sierra,091,2930,124,105,14,119,0
2021-09-03,Siskiyou,093,43540,2683,2529,853,3382,34
2021-09-03,Solano,095,438530,42460,41457,1052,42509,300
2021-09-03,Sonoma,097,501317,38159,37699,465,38164,358
2021-09-03,Stanislaus,099,539301,69527,67887,7761,75648,1074
2021-09-03,Sutter,101,95872,12349,12073,185,12258,139
2021-09-03,Tehama,103,63373,6579,6334,1015,7349,72
2021-09-03,Trinity,105,12862,650,490,166,656,6
2021-09-03,Tulare,107,460477,58240,56401,11895,68296,872
2021-09-03,Tuolumne,109,53932,5805,5630,56,5686,88
2021-09-03,Ventura,111,848112,92278,90742,4020,94762,1088
2021-09-03,Yolo,113,214977,17749,17446,873,18319,235
2021-09-03,Yuba,115,75493,8669,8412,184,8596,55
2021-09-02,Alameda,001,1643700,111051,109377,2628,112005,1301
2021-09-02,Alpine,003,1148,94,92,0,92,0
2021-09-02,Amador,005,37829,4688,4606,44,4650,53
2021-09-02,Butte,007,227075,16813,16154,2902,19056,215
2021-09-02,Calaveras,009,45235,3139,3042,20,3062,62
2021-09-02,Colusa,011,21464,2328,2290,507,2797,16
2021-09-02,Contra Costa,013,1133247,91427,90038,1850,91888,886
2021-09-02,Del Norte,015,27424,3113,2891,19,2910,24
2021-09-02,El Dorado,017,186661,13981,13641,1313,14954,119
2021-09-02,Fresno,019,978130,120758,117974,10674,128648,1804
2021-09-02,Glenn,021,27897,2961,2855,806,3661,20
2021-09-02,Humboldt,023,135768,7411,7141,293,7434,52
2021-09-02,Imperial,025,180216,30714,30449,2987,33436,751
2021-09-02,Inyo,027,18085,1577,1564,29,1593,39
2021-09-02,Kern,029,883053,111567,108930,16074,125004,1404
2021-09-02,Kings,031,150075,27438,26638,1509,28147,263
2021-09-02,Lake,033,64148,5654,5432,94,5526,78
2021-09-02,Lassen,035,31185,5891,5747,183,5930,21
2021-09-02,Los Angeles,037,10098052,1363842,1351105,50862,1401967,25382
2021-09-02,Madera,039,155013,19519,18937,1479,20416,247
2021-09-02,Marin,041,260295,16429,16244,376,16620,242
2021-09-02,Mariposa,043,17540,779,745,23,768,5
2021-09-02,Mendocino,045,87422,6082,5848,225,6073,61
2021-09-02,Merced,047,269075,36535,35820,1331,37151,508
2021-09-02,Modoc,049,8938,458,437,160,597,5
2021-09-02,Mono,051,14174,1431,1409,16,1425,3
2021-09-02,Monterey,053,433212,46384,45648,2778,48426,539
2021-09-02,Napa,055,140530,11859,11684,77,11761,88
2021-09-02,Nevada,057,99092,7861,7575,267,7842,82
2021-09-02,Orange,059,3164182,290577,286326,13639,299965,5240
2021-09-02,Placer,061,380077,31942,31067,2890,33957,330
2021-09-02,Plumas,063,18699,1086,1045,19,1064,5
2021-09-02,Riverside,065,2383286,335091,330190,15573,345763,4644
2021-09-02,Sacramento,067,1510023,140659,139274,3284,142558,1882
2021-09-02,San Benito,069,59416,6794,6734,136,6870,64
2021-09-02,San Bernardino,071,2135413,331140,326940,10307,337247,5369
2021-09-02,San Diego,073,3302833,341722,336382,19757,356139,3909
2021-09-02,San Francisco,075,870044,48458,47674,2242,49916,587
2021-09-02,San Joaquin,077,732212,89710,88056,4757,92813,1540
2021-09-02,San Luis Obispo,079,281455,26386,25851,1012,26863,283
2021-09-02,San Mateo,081,765935,50451,49490,1101,50591,558
2021-09-02,Santa Barbara,083,443738,40921,39386,1480,40866,486
2021-09-02,Santa Clara,085,1922200,137061,135216,1061,136277,1799
2021-09-02,Santa Cruz,087,273765,18786,18473,975,19448,210
2021-09-02,Shasta,089,179085,16443,15670,2477,18147,224
2021-09-02,Sierra,091,2930,124,105,14,119,0
2021-09-02,Siskiyou,093,43540,2662,2513,823,3336,34
2021-09-02,Solano,095,438530,42354,41293,1049,42342,294
2021-09-02,Sonoma,097,501317,38078,37558,465,38023,352
2021-09-02,Stanislaus,099,539301,69270,67576,7739,75315,1074
2021-09-02,Sutter,101,95872,12279,11995,181,12176,138
2021-09-02,Tehama,103,63373,6520,6265,996,7261,72
2021-09-02,Trinity,105,12862,646,484,164,648,6
2021-09-02,Tulare,107,460477,58011,56105,11842,67947,872
2021-09-02,Tuolumne,109,53932,5750,5578,56,5634,88
2021-09-02,Ventura,111,848112,92096,90610,4015,94625,1084
2021-09-02,Yolo,113,214977,17680,17357,862,18219,235
2021-09-02,Yuba,115,75493,8609,8363,184,8547,55
2021-09-01,Alameda,001,1643700,110779,109075,2622,111697,1299
2021-09-01,Alpine,003,1148,94,92,0,92,0
2021-09-01,Amador,005,37829,4672,4599,43,4642,53
2021-09-01,Butte,007,227075,16697,16046,2877,18923,215
2021-09-01,Calaveras,009,45235,3125,3023,20,3043,59
2021-09-01,Colusa,011,21464,2323,2281,507,2788,16
2021-09-01,Contra Costa,013,1133247,91200,89834,1839,91673,877
2021-09-01,Del Norte,015,27424,3080,2860,19,2879,24
2021-09-01,El Dorado,017,186661,13925,13577,1286,14863,119
2021-09-01,Fresno,019,978130,120271,117492,10621,128113,1800
2021-09-01,Glenn,021,27897,2933,2846,796,3642,20
2021-09-01,Humboldt,023,135768,7363,7090,286,7376,52
2021-09-01,Imperial,025,180216,30677,30393,2982,33375,750
2021-09-01,Inyo,027,18085,1573,1561,28,1589,39
2021-09-01,Kern,029,883053,111143,108449,15932,124381,1400
2021-09-01,Kings,031,150075,27325,26443,1498,27941,263
2021-09-01,Lake,033,64148,5612,5396,89,5485,77
2021-09-01,Lassen,035,31185,5869,5731,179,5910,21
2021-09-01,Los Angeles,037,10098052,1361614,1348589,50754,1399343,25341
2021-09-01,Madera,039,155013,19441,18852,1464,20316,247
2021-09-01,Marin,041,260295,16407,16224,371,16595,240
2021-09-01,Mariposa,043,17540,771,735,23,758,5
2021-09-01,Mendocino,045,87422,6042,5821,220,6041,59
2021-09-01,Merced,047,269075,36359,35686,1322,37008,500
2021-09-01,Modoc,049,8938,452,436,158,594,5
2021-09-01,Mono,051,14174,1431,1400,16,1416,3
2021-09-01,Monterey,053,433212,46304,45590,2752,48342,539
2021-09-01,Napa,055,140530,11826,11653,77,11730,88
2021-09-01,Nevada,057,99092,7808,7508,266,7774,82
2021-09-01,Orange,059,3164182,290104,285840,13599,299439,5233
2021-09-01,Placer,061,380077,31788,30902,2876,33778,330
2021-09-01,Plumas,063,18699,1078,1033,19,1052,5
2021-09-01,Riverside,065,2383286,334275,329388,15541,344929,4634
2021-09-01,Sacramento,067,1510023,140048,138499,3238,141737,1875
2021-09-01,San Benito,069,59416,6777,6716,136,6852,64
2021-09-01,San Bernardino,071,2135413,330493,326250,10278,336528,5364
2021-09-01,San Diego,073,3302833,340681,335302,19708,355010,3908
2021-09-01,San Francisco,075,870044,48349,47538,2232,49770,584
2021-09-01,San Joaquin,077,732212,89389,87640,4733,92373,1540
2021-09-01,San Luis Obispo,079,281455,26290,25691,1007,26698,283
2021-09-01,San Mateo,081,765935,50333,49394,1087,50481,558
2021-09-01,Santa Barbara,083,443738,40804,39263,1464,40727,483
2021-09-01,Santa Clara,085,1922200,136793,134855,1054,135909,1796
2021-09-01,Santa Cruz,087,273765,18739,18453,973,19426,210
2021-09-01,Shasta,089,179085,16309,15552,2435,17987,221
2021-09-01,Sierra,091,2930,123,98,14,112,0
2021-09-01,Siskiyou,093,43540,2632,2482,802,3284,34
2021-09-01,Solano,095,438530,42203,41194,1044,42238,293
2021-09-01,Sonoma,097,501317,37983,37454,464,37918,352
2021-09-01,Stanislaus,099,539301,68979,67287,7708,74995,1075
2021-09-01,Sutter,101,95872,12215,11945,174,12119,136
2021-09-01,Tehama,103,63373,6486,6228,979,7207,72
2021-09-01,Trinity,105,12862,645,482,161,643,5
2021-09-01,Tulare,107,460477,57729,55768,11805,67573,870
2021-09-01,Tuolumne,109,53932,5710,5553,56,5609,88
2021-09-01,Ventura,111,848112,91881,90471,3999,94470,1089
2021-09-01,Yolo,113,214977,17626,17264,856,18120,235
2021-09-01,Yuba,115,75493,8548,8308,184,8492,55
2021-08-31,Alameda,001,1643700,110473,108837,2615,111452,1297
2021-08-31,Alpine,003,1148,92,92,0,92,0
2021-08-31,Amador,005,37829,4651,4555,43,4598,53
2021-08-31,Butte,007,227075,16556,15896,2836,18732,216
2021-08-31,Calaveras,009,45235,3086,3008,20,3028,59
2021-08-31,Colusa,011,21464,2321,2275,505,2780,16
2021-08-31,Contra Costa,013,1133247,90907,89546,1827,91373,871
2021-08-31,Del Norte,015,27424,3044,2830,19,2849,19
2021-08-31,El Dorado,017,186661,13855,13539,1268,14807,119
2021-08-31,Fresno,019,978130,119699,117155,10552,127707,1801
2021-08-31,Glenn,021,27897,2916,2829,782,3611,20
2021-08-31,Humboldt,023,135768,7287,7030,272,7302,52
2021-08-31,Imperial,025,180216,30640,30348,2974,33322,750
2021-08-31,Inyo,027,18085,1569,1550,28,1578,39
2021-08-31,Kern,029,883053,110640,108151,15751,123902,1393
2021-08-31,Kings,031,150075,27184,26405,1483,27888,260
2021-08-31,Lake,033,64148,5568,5359,86,5445,74
2021-08-31,Lassen,035,31185,5843,5702,176,5878,21
2021-08-31,Los Angeles,037,10098052,1359106,1346686,50673,1397359,25303
2021-08-31,Madera,039,155013,19351,18811,1446,20257,247
2021-08-31,Marin,041,260295,16378,16215,368,16583,240
2021-08-31,Mariposa,043,17540,763,732,23,755,5
2021-08-31,Mendocino,045,87422,6002,5777,218,5995,59
2021-08-31,Merced,047,269075,36189,35512,1317,36829,498
2021-08-31,Modoc,049,8938,451,436,158,594,5
2021-08-31,Mono,051,14174,1415,1398,16,1414,3
2021-08-31,Monterey,053,433212,46220,45550,2719,48269,539
2021-08-31,Napa,055,140530,11779,11618,77,11695,88
2021-08-31,Nevada,057,99092,7741,7460,266,7726,82
2021-08-31,Orange,059,3164182,289503,285310,13563,298873,5229
2021-08-31,Placer,061,380077,31601,30745,2838,33583,325
2021-08-31,Plumas,063,18699,1074,1018,18,1036,5
2021-08-31,Riverside,065,2383286,333302,328556,15508,344064,4627
2021-08-31,Sacramento,067,1510023,139361,137879,3202,141081,1863
2021-08-31,San Benito,069,59416,6765,6694,134,6828,64
2021-08-31,San Bernardino,071,2135413,329751,325446,10258,335704,5350
2021-08-31,San Diego,073,3302833,339412,334377,19660,354037,3888
2021-08-31,San Francisco,075,870044,48198,47440,2208,49648,581
2021-08-31,San Joaquin,077,732212,88944,87365,4718,92083,1540
2021-08-31,San Luis Obispo,079,281455,26166,25518,1003,26521,282
2021-08-31,San Mateo,081,765935,50222,49299,1080,50379,556
2021-08-31,Santa Barbara,083,443738,40656,39091,1456,40547,481
2021-08-31,Santa Clara,085,1922200,136442,134637,1047,135684,1793
2021-08-31,Santa Cruz,087,273765,18698,18419,970,19389,210
2021-08-31,Shasta,089,179085,16155,15368,2407,17775,220
2021-08-31,Sierra,091,2930,120,95,14,109,0
2021-08-31,Siskiyou,093,43540,2612,2435,787,3222,33
2021-08-31,Solano,095,438530,42064,41067,1037,42104,289
2021-08-31,Sonoma,097,501317,37887,37379,463,37842,352
2021-08-31,Stanislaus,099,539301,68615,67004,7674,74678,1075
2021-08-31,Sutter,101,95872,12149,11901,170,12071,136
2021-08-31,Tehama,103,63373,6426,6169,948,7117,72
2021-08-31,Trinity,105,12862,639,480,161,641,3
2021-08-31,Tulare,107,460477,57394,55567,11733,67300,870
2021-08-31,Tuolumne,109,53932,5674,5516,56,5572,88
2021-08-31,Ventura,111,848112,91664,90292,3986,94278,1081
2021-08-31,Yolo,113,214977,17547,17205,847,18052,234
2021-08-31,Yuba,115,75493,8494,8253,184,8437,54
2021-08-30,Alameda,001,1643700,110148,107734,2604,110338,1296
2021-08-30,Alpine,003,1148,92,92,0,92,0
2021-08-30,Amador,005,37829,4640,4507,43,4550,53
2021-08-30,Butte,007,227075,16404,15719,2803,18522,214
2021-08-30,Calaveras,009,45235,3068,2975,20,2995,59
2021-08-30,Colusa,011,21464,2312,2271,501,2772,16
2021-08-30,Contra Costa,013,1133247,90649,87679,1814,89493,872
2021-08-30,Del Norte,015,27424,3002,2796,18,2814,11
2021-08-30,El Dorado,017,186661,13786,13217,1251,14468,119
2021-08-30,Fresno,019,978130,119134,115867,10490,126357,1790
2021-08-30,Glenn,021,27897,2905,2804,780,3584,20
2021-08-30,Humboldt,023,135768,7234,6930,265,7195,52
2021-08-30,Imperial,025,180216,30602,30311,2968,33279,750
2021-08-30,Inyo,027,18085,1564,1544,28,1572,39
2021-08-30,Kern,029,883053,110163,107615,15585,123200,1389
2021-08-30,Kings,031,150075,27069,26236,1468,27704,259
2021-08-30,Lake,033,64148,5533,5323,83,5406,74
2021-08-30,Lassen,035,31185,5821,5667,170,5837,21
2021-08-30,Los Angeles,037,10098052,1356657,1344949,50586,1395535,25269
2021-08-30,Madera,039,155013,19269,18622,1427,20049,247
2021-08-30,Marin,041,260295,16347,16160,368,16528,240
2021-08-30,Mariposa,043,17540,757,715,22,737,5
2021-08-30,Mendocino,045,87422,5969,5721,214,5935,55
2021-08-30,Merced,047,269075,36059,35335,1315,36650,497
2021-08-30,Modoc,049,8938,449,436,157,593,5
2021-08-30,Mono,051,14174,1415,1390,16,1406,3
2021-08-30,Monterey,053,433212,46158,45463,2694,48157,539
2021-08-30,Napa,055,140530,11729,11579,75,11654,87
2021-08-30,Nevada,057,99092,7682,7356,263,7619,82
2021-08-30,Orange,059,3164182,288925,284750,13512,298262,5223
2021-08-30,Placer,061,380077,31437,29825,2814,32639,319
2021-08-30,Plumas,063,18699,1057,998,18,1016,5
2021-08-30,Riverside,065,2383286,332401,327593,15477,343070,4623
2021-08-30,Sacramento,067,1510023,138706,134571,3154,137725,1847
2021-08-30,San Benito,069,59416,6756,6663,134,6797,64
2021-08-30,San Bernardino,071,2135413,329074,324870,10228,335098,5348
2021-08-30,San Diego,073,3302833,338132,333011,19589,352600,3885
2021-08-30,San Francisco,075,870044,48059,46966,2190,49156,581
2021-08-30,San Joaquin,077,732212,88613,86203,4698,90901,1528
2021-08-30,San Luis Obispo,079,281455,26040,25422,996,26418,280
2021-08-30,San Mateo,081,765935,50096,48839,1063,49902,554
2021-08-30,Santa Barbara,083,443738,40508,38998,1451,40449,481
2021-08-30,Santa Clara,085,1922200,136120,133281,1039,134320,1789
2021-08-30,Santa Cruz,087,273765,18643,18326,966,19292,210
2021-08-30,Shasta,089,179085,16024,15238,2362,17600,217
2021-08-30,Sierra,091,2930,118,91,14,105,0
2021-08-30,Siskiyou,093,43540,2599,2411,776,3187,33
2021-08-30,Solano,095,438530,41906,39986,1033,41019,290
2021-08-30,Sonoma,097,501317,37784,36764,463,37227,352
2021-08-30,Stanislaus,099,539301,68271,66173,7644,73817,1074
2021-08-30,Sutter,101,95872,12078,11791,163,11954,136
2021-08-30,Tehama,103,63373,6347,6085,923,7008,71
2021-08-30,Trinity,105,12862,628,468,158,626,3
2021-08-30,Tulare,107,460477,57080,55140,11657,66797,870
2021-08-30,Tuolumne,109,53932,5628,5492,56,5548,74
2021-08-30,Ventura,111,848112,91448,90149,3974,94123,1082
2021-08-30,Yolo,113,214977,17484,17071,843,17914,231
2021-08-30,Yuba,115,75493,8420,8129,183,8312,54
2021-08-29,Alameda,001,1643700,109806,107494,2589,110083,1296
2021-08-29,Alpine,003,1148,92,92,0,92,0
2021-08-29,Amador,005,37829,4626,4501,43,4544,53
2021-08-29,Butte,007,227075,16234,15602,2767,18369,214
2021-08-29,Calaveras,009,45235,3034,2970,20,2990,59
2021-08-29,Colusa,011,21464,2302,2260,495,2755,16
2021-08-29,Contra Costa,013,1133247,90352,87439,1809,89248,872
2021-08-29,Del Norte,015,27424,2959,2752,18,2770,11
2021-08-29,El Dorado,017,186661,13731,13166,1240,14406,119
2021-08-29,Fresno,019,978130,118539,115502,10435,125937,1790
2021-08-29,Glenn,021,27897,2891,2778,773,3551,20
2021-08-29,Humboldt,023,135768,7190,6922,250,7172,52
2021-08-29,Imperial,025,180216,30541,30293,2958,33251,750
2021-08-29,Inyo,027,18085,1554,1543,27,1570,39
2021-08-29,Kern,029,883053,109712,107324,15414,122738,1389
2021-08-29,Kings,031,150075,26916,26143,1453,27596,259
2021-08-29,Lake,033,64148,5493,5293,73,5366,74
2021-08-29,Lassen,035,31185,5798,5666,166,5832,21
2021-08-29,Los Angeles,037,10098052,1353904,1342541,50472,1393013,25263
2021-08-29,Madera,039,155013,19182,18594,1411,20005,247
2021-08-29,Marin,041,260295,16316,16134,365,16499,240
2021-08-29,Mariposa,043,17540,751,709,20,729,5
2021-08-29,Mendocino,045,87422,5913,5689,201,5890,55
2021-08-29,Merced,047,269075,35820,35250,1302,36552,497
2021-08-29,Modoc,049,8938,446,436,157,593,5
2021-08-29,Mono,051,14174,1409,1387,16,1403,3
2021-08-29,Monterey,053,433212,46052,45424,2649,48073,539
2021-08-29,Napa,055,140530,11698,11552,75,11627,87
2021-08-29,Nevada,057,99092,7626,7294,262,7556,82
2021-08-29,Orange,059,3164182,288305,284432,13472,297904,5223
2021-08-29,Placer,061,380077,31264,29674,2773,32447,319
2021-08-29,Plumas,063,18699,1046,996,18,1014,5
2021-08-29,Riverside,065,2383286,331542,326987,15456,342443,4623
2021-08-29,Sacramento,067,1510023,137953,133981,3105,137086,1843
2021-08-29,San Benito,069,59416,6730,6646,134,6780,64
2021-08-29,San Bernardino,071,2135413,328285,324266,10194,334460,5347
2021-08-29,San Diego,073,3302833,337021,332014,19497,351511,3880
2021-08-29,San Francisco,075,870044,47924,46885,2174,49059,581
2021-08-29,San Joaquin,077,732212,88165,85922,4678,90600,1528
2021-08-29,San Luis Obispo,079,281455,25843,25288,991,26279,280
2021-08-29,San Mateo,081,765935,49982,48737,1053,49790,554
2021-08-29,Santa Barbara,083,443738,40343,38900,1447,40347,481
2021-08-29,Santa Clara,085,1922200,135768,132979,1033,134012,1789
2021-08-29,Santa Cruz,087,273765,18596,18285,964,19249,210
2021-08-29,Shasta,089,179085,15870,15198,2335,17533,217
2021-08-29,Sierra,091,2930,116,91,14,105,0
2021-08-29,Siskiyou,093,43540,2552,2407,756,3163,33
2021-08-29,Solano,095,438530,41751,39887,1028,40915,290
2021-08-29,Sonoma,097,501317,37648,36650,459,37109,352
2021-08-29,Stanislaus,099,539301,67926,65956,7610,73566,1074
2021-08-29,Sutter,101,95872,12020,11719,156,11875,136
2021-08-29,Tehama,103,63373,6276,6040,900,6940,71
2021-08-29,Trinity,105,12862,625,468,154,622,3
2021-08-29,Tulare,107,460477,56746,54974,11573,66547,870
2021-08-29,Tuolumne,109,53932,5603,5478,55,5533,74
2021-08-29,Ventura,111,848112,91191,90114,3965,94079,1082
2021-08-29,Yolo,113,214977,17385,17015,831,17846,231
2021-08-29,Yuba,115,75493,8356,8042,183,8225,54
2021-08-28,Alameda,001,1643700,109643,107007,2580,109587,1296
2021-08-28,Alpine,003,1148,92,92,0,92,0
2021-08-28,Amador,005,37829,4607,4484,43,4527,53
2021-08-28,Butte,007,227075,16175,15487,2739,18226,214
2021-08-28,Calaveras,009,45235,3026,2926,20,2946,59
2021-08-28,Colusa,011,21464,2298,2252,493,2745,16
2021-08-28,Contra Costa,013,1133247,90140,86938,1807,88745,872
2021-08-28,Del Norte,015,27424,2932,2734,17,2751,11
2021-08-28,El Dorado,017,186661,13691,13089,1234,14323,119
2021-08-28,Fresno,019,978130,118298,115079,10411,125490,1792
2021-08-28,Glenn,021,27897,2883,2773,766,3539,20
2021-08-28,Humboldt,023,135768,7155,6887,245,7132,52
2021-08-28,Imperial,025,180216,30514,30260,2955,33215,750
2021-08-28,Inyo,027,18085,1552,1539,27,1566,39
2021-08-28,Kern,029,883053,109474,107012,15271,122283,1389
2021-08-28,Kings,031,150075,26849,26059,1450,27509,257
2021-08-28,Lake,033,64148,5470,5267,69,5336,74
2021-08-28,Lassen,035,31185,5783,5665,165,5830,21
2021-08-28,Los Angeles,037,10098052,1352698,1337097,50398,1387495,25234
2021-08-28,Madera,039,155013,19131,18553,1395,19948,247
2021-08-28,Marin,041,260295,16301,16106,365,16471,240
2021-08-28,Mariposa,043,17540,749,704,20,724,5
2021-08-28,Mendocino,045,87422,5888,5658,201,5859,55
2021-08-28,Merced,047,269075,35768,35108,1299,36407,497
2021-08-28,Modoc,049,8938,446,436,156,592,5
2021-08-28,Mono,051,14174,1406,1385,16,1401,3
2021-08-28,Monterey,053,433212,46010,45394,2638,48032,539
2021-08-28,Napa,055,140530,11675,11512,74,11586,88
2021-08-28,Nevada,057,99092,7602,7238,260,7498,82
2021-08-28,Orange,059,3164182,287946,283953,13423,297376,5222
2021-08-28,Placer,061,380077,31154,29428,2760,32188,319
2021-08-28,Plumas,063,18699,1039,991,18,1009,5
2021-08-28,Riverside,065,2383286,330954,326222,15445,341667,4623
2021-08-28,Sacramento,067,1510023,137561,132985,3089,136074,1844
2021-08-28,San Benito,069,59416,6723,6636,134,6770,64
2021-08-28,San Bernardino,071,2135413,327839,323672,10186,333858,5348
2021-08-28,San Diego,073,3302833,336436,331330,19463,350793,3880
2021-08-28,San Francisco,075,870044,47851,46654,2167,48821,581
2021-08-28,San Joaquin,077,732212,87996,85481,4669,90150,1527
2021-08-28,San Luis Obispo,079,281455,25777,25138,986,26124,280
2021-08-28,San Mateo,081,765935,49907,48575,1045,49620,554
2021-08-28,Santa Barbara,083,443738,40271,38780,1446,40226,481
2021-08-28,Santa Clara,085,1922200,135561,132488,1031,133519,1789
2021-08-28,Santa Cruz,087,273765,18579,18240,961,19201,210
2021-08-28,Shasta,089,179085,15767,15147,2316,17463,217
2021-08-28,Sierra,091,2930,112,91,14,105,0
2021-08-28,Siskiyou,093,43540,2544,2402,745,3147,33
2021-08-28,Solano,095,438530,41702,39610,1027,40637,290
2021-08-28,Sonoma,097,501317,37575,36466,457,36923,352
2021-08-28,Stanislaus,099,539301,67764,65670,7592,73262,1074
2021-08-28,Sutter,101,95872,11999,11669,155,11824,136
2021-08-28,Tehama,103,63373,6251,6004,888,6892,71
2021-08-28,Trinity,105,12862,621,463,153,616,3
2021-08-28,Tulare,107,460477,56615,54746,11531,66277,870
2021-08-28,Tuolumne,109,53932,5587,5469,55,5524,74
2021-08-28,Ventura,111,848112,91073,89934,3963,93897,1081
2021-08-28,Yolo,113,214977,17349,16907,824,17731,231
2021-08-28,Yuba,115,75493,8324,7985,182,8167,55
2021-08-27,Alameda,001,1643700,109431,106622,2577,109199,1296
2021-08-27,Alpine,003,1148,92,92,0,92,0
2021-08-27,Amador,005,37829,4591,4458,42,4500,53
2021-08-27,Butte,007,227075,16095,15277,2720,17997,214
2021-08-27,Calaveras,009,45235,3012,2903,20,2923,59
2021-08-27,Colusa,011,21464,2292,2240,491,2731,16
2021-08-27,Contra Costa,013,1133247,89943,86386,1804,88190,872
2021-08-27,Del Norte,015,27424,2900,2695,17,2712,11
2021-08-27,El Dorado,017,186661,13652,12968,1230,14198,119
2021-08-27,Fresno,019,978130,117864,114481,10393,124874,1774
2021-08-27,Glenn,021,27897,2865,2754,757,3511,20
2021-08-27,Humboldt,023,135768,7122,6782,241,7023,52
2021-08-27,Imperial,025,180216,30494,30201,2952,33153,750
2021-08-27,Inyo,027,18085,1551,1529,27,1556,39
2021-08-27,Kern,029,883053,109180,106570,15161,121731,1385
2021-08-27,Kings,031,150075,26770,25957,1448,27405,257
2021-08-27,Lake,033,64148,5445,5228,67,5295,74
2021-08-27,Lassen,035,31185,5767,5646,160,5806,21
2021-08-27,Los Angeles,037,10098052,1351184,1337006,50330,1387336,25230
2021-08-27,Madera,039,155013,19075,18476,1382,19858,247
2021-08-27,Marin,041,260295,16285,16055,363,16418,240
2021-08-27,Mariposa,043,17540,743,690,20,710,5
2021-08-27,Mendocino,045,87422,5857,5602,200,5802,55
2021-08-27,Merced,047,269075,35714,34906,1290,36196,495
2021-08-27,Modoc,049,8938,446,434,156,590,5
2021-08-27,Mono,051,14174,1397,1385,16,1401,3
2021-08-27,Monterey,053,433212,45961,45337,2621,47958,539
2021-08-27,Napa,055,140530,11641,11460,74,11534,87
2021-08-27,Nevada,057,99092,7562,7169,258,7427,82
2021-08-27,Orange,059,3164182,287589,283407,13385,296792,5206
2021-08-27,Placer,061,380077,31024,29157,2740,31897,320
2021-08-27,Plumas,063,18699,1033,984,18,1002,5
2021-08-27,Riverside,065,2383286,330437,325379,15430,340809,4622
2021-08-27,Sacramento,067,1510023,137125,131921,3076,134997,1838
2021-08-27,San Benito,069,59416,6717,6622,134,6756,64
2021-08-27,San Bernardino,071,2135413,327316,322893,10168,333061,5342
2021-08-27,San Diego,073,3302833,335651,330162,19409,349571,3877
2021-08-27,San Francisco,075,870044,47775,46456,2147,48603,581
2021-08-27,San Joaquin,077,732212,87813,84949,4650,89599,1524
2021-08-27,San Luis Obispo,079,281455,25729,24952,983,25935,280
2021-08-27,San Mateo,081,765935,49832,48424,1037,49461,553
2021-08-27,Santa Barbara,083,443738,40180,38675,1443,40118,480
2021-08-27,Santa Clara,085,1922200,135331,132011,1028,133039,1783
2021-08-27,Santa Cruz,087,273765,18540,18163,957,19120,210
2021-08-27,Shasta,089,179085,15686,14996,2300,17296,217
2021-08-27,Sierra,091,2930,111,91,14,105,0
2021-08-27,Siskiyou,093,43540,2529,2358,731,3089,33
2021-08-27,Solano,095,438530,41588,39347,1023,40370,287
2021-08-27,Sonoma,097,501317,37503,36326,456,36782,342
2021-08-27,Stanislaus,099,539301,67553,65167,7553,72720,1061
2021-08-27,Sutter,101,95872,11953,11590,153,11743,135
2021-08-27,Tehama,103,63373,6218,5964,873,6837,71
2021-08-27,Trinity,105,12862,621,458,152,610,3
2021-08-27,Tulare,107,460477,56479,54443,11485,65928,870
2021-08-27,Tuolumne,109,53932,5555,5438,55,5493,74
2021-08-27,Ventura,111,848112,90944,89774,3959,93733,1076
2021-08-27,Yolo,113,214977,17307,16805,819,17624,231
2021-08-27,Yuba,115,75493,8267,7926,182,8108,54
2021-08-26,Alameda,001,1643700,109152,106146,2566,108712,1296
2021-08-26,Alpine,003,1148,92,92,0,92,0
2021-08-26,Amador,005,37829,4576,4442,41,4483,53
2021-08-26,Butte,007,227075,15962,15159,2684,17843,214
2021-08-26,Calaveras,009,45235,3003,2873,20,2893,59
2021-08-26,Colusa,011,21464,2286,2234,487,2721,16
2021-08-26,Contra Costa,013,1133247,89584,85808,1798,87606,866
2021-08-26,Del Norte,015,27424,2864,2625,17,2642,8
2021-08-26,El Dorado,017,186661,13583,12863,1216,14079,118
2021-08-26,Fresno,019,978130,117362,113854,10343,124197,1770
2021-08-26,Glenn,021,27897,2845,2740,748,3488,20
2021-08-26,Humboldt,023,135768,7064,6695,231,6926,53
2021-08-26,Imperial,025,180216,30445,30121,2944,33065,748
2021-08-26,Inyo,027,18085,1541,1521,26,1547,39
2021-08-26,Kern,029,883053,108752,106051,15015,121066,1380
2021-08-26,Kings,031,150075,26647,25838,1440,27278,260
2021-08-26,Lake,033,64148,5399,5196,64,5260,74
2021-08-26,Lassen,035,31185,5755,5626,158,5784,21
2021-08-26,Los Angeles,037,10098052,1348930,1334372,50234,1384606,25199
2021-08-26,Madera,039,155013,19005,18393,1370,19763,247
2021-08-26,Marin,041,260295,16256,15983,360,16343,240
2021-08-26,Mariposa,043,17540,733,677,20,697,5
2021-08-26,Mendocino,045,87422,5821,5533,195,5728,55
2021-08-26,Merced,047,269075,35547,34755,1269,36024,495
2021-08-26,Modoc,049,8938,446,433,156,589,5
2021-08-26,Mono,051,14174,1395,1385,16,1401,3
2021-08-26,Monterey,053,433212,45889,45265,2593,47858,539
2021-08-26,Napa,055,140530,11619,11394,73,11467,87
2021-08-26,Nevada,057,99092,7504,7086,255,7341,80
2021-08-26,Orange,059,3164182,287094,282814,13362,296176,5200
2021-08-26,Placer,061,380077,30856,28898,2714,31612,319
2021-08-26,Plumas,063,18699,1026,971,17,988,5
2021-08-26,Riverside,065,2383286,329645,324486,15411,339897,4615
2021-08-26,Sacramento,067,1510023,136592,130977,3034,134011,1827
2021-08-26,San Benito,069,59416,6707,6604,134,6738,64
2021-08-26,San Bernardino,071,2135413,326657,322100,10144,332244,5339
2021-08-26,San Diego,073,3302833,334622,328276,19343,347619,3869
2021-08-26,San Francisco,075,870044,47648,46288,2139,48427,581
2021-08-26,San Joaquin,077,732212,87435,84429,4627,89056,1513
2021-08-26,San Luis Obispo,079,281455,25580,24831,977,25808,278
2021-08-26,San Mateo,081,765935,49702,48263,1028,49291,553
2021-08-26,Santa Barbara,083,443738,40097,38566,1442,40008,479
2021-08-26,Santa Clara,085,1922200,135005,131443,1023,132466,1782
2021-08-26,Santa Cruz,087,273765,18480,18072,955,19027,210
2021-08-26,Shasta,089,179085,15562,14891,2273,17164,217
2021-08-26,Sierra,091,2930,109,90,14,104,0
2021-08-26,Siskiyou,093,43540,2507,2342,717,3059,33
2021-08-26,Solano,095,438530,41439,39027,1015,40042,286
2021-08-26,Sonoma,097,501317,37414,36102,456,36558,337
2021-08-26,Stanislaus,099,539301,67236,64785,7513,72298,1061
2021-08-26,Sutter,101,95872,11893,11499,150,11649,135
2021-08-26,Tehama,103,63373,6160,5913,860,6773,68
2021-08-26,Trinity,105,12862,616,450,150,600,3
2021-08-26,Tulare,107,460477,56219,54157,11436,65593,870
2021-08-26,Tuolumne,109,53932,5535,5387,55,5442,74
2021-08-26,Ventura,111,848112,90758,89595,3950,93545,1080
2021-08-26,Yolo,113,214977,17240,16727,808,17535,231
2021-08-26,Yuba,115,75493,8194,7834,180,8014,54
2021-08-25,Alameda,001,1643700,108823,105636,2558,108194,1296
2021-08-25,Alpine,003,1148,92,92,0,92,0
2021-08-25,Amador,005,37829,4561,4415,41,4456,53
2021-08-25,Butte,007,227075,15856,15039,2643,17682,214
2021-08-25,Calaveras,009,45235,2983,2851,20,2871,59
2021-08-25,Colusa,011,21464,2279,2227,478,2705,16
2021-08-25,Contra Costa,013,1133247,89202,85322,1791,87113,863
2021-08-25,Del Norte,015,27424,2819,2573,17,2590,8
2021-08-25,El Dorado,017,186661,13524,12787,1200,13987,118
2021-08-25,Fresno,019,978130,116824,113384,10301,123685,1761
2021-08-25,Glenn,021,27897,2823,2728,736,3464,20
2021-08-25,Humboldt,023,135768,6995,6653,221,6874,52
2021-08-25,Imperial,025,180216,30408,30085,2938,33023,748
2021-08-25,Inyo,027,18085,1537,1518,26,1544,39
2021-08-25,Kern,029,883053,108321,105687,14859,120546,1379
2021-08-25,Kings,031,150075,26540,25676,1433,27109,258
2021-08-25,Lake,033,64148,5369,5163,61,5224,74
2021-08-25,Lassen,035,31185,5738,5583,157,5740,21
2021-08-25,Los Angeles,037,10098052,1346336,1331400,50147,1381547,25170
2021-08-25,Madera,039,155013,18941,18311,1348,19659,247
2021-08-25,Marin,041,260295,16234,15938,354,16292,240
2021-08-25,Mariposa,043,17540,727,676,20,696,5
2021-08-25,Mendocino,045,87422,5785,5486,190,5676,53
2021-08-25,Merced,047,269075,35409,34600,1264,35864,492
2021-08-25,Modoc,049,8938,446,433,156,589,5
2021-08-25,Mono,051,14174,1391,1382,16,1398,3
2021-08-25,Monterey,053,433212,45815,45196,2566,47762,539
2021-08-25,Napa,055,140530,11585,11348,72,11420,87
2021-08-25,Nevada,057,99092,7438,7000,254,7254,77
2021-08-25,Orange,059,3164182,286572,282061,13328,295389,5193
2021-08-25,Placer,061,380077,30680,28740,2681,31421,319
2021-08-25,Plumas,063,18699,1011,962,17,979,5
2021-08-25,Riverside,065,2383286,328802,323548,15389,338937,4610
2021-08-25,Sacramento,067,1510023,135910,130046,2994,133040,1827
2021-08-25,San Benito,069,59416,6686,6587,133,6720,64
2021-08-25,San Bernardino,071,2135413,325962,321228,10123,331351,5337
2021-08-25,San Diego,073,3302833,333343,327166,19268,346434,3859
2021-08-25,San Francisco,075,870044,47499,46107,2130,48237,578
2021-08-25,San Joaquin,077,732212,87050,84002,4611,88613,1510
2021-08-25,San Luis Obispo,079,281455,25388,24607,974,25581,276
2021-08-25,San Mateo,081,765935,49578,48153,1010,49163,553
2021-08-25,Santa Barbara,083,443738,39968,38450,1442,39892,479
2021-08-25,Santa Clara,085,1922200,134636,130995,1020,132015,1783
2021-08-25,Santa Cruz,087,273765,18419,17987,952,18939,210
2021-08-25,Shasta,089,179085,15433,14752,2241,16993,217
2021-08-25,Sierra,091,2930,106,90,14,104,0
2021-08-25,Siskiyou,093,43540,2462,2322,698,3020,33
2021-08-25,Solano,095,438530,41268,38848,1003,39851,286
2021-08-25,Sonoma,097,501317,37290,35986,453,36439,336
2021-08-25,Stanislaus,099,539301,66945,64441,7479,71920,1061
2021-08-25,Sutter,101,95872,11825,11451,146,11597,134
2021-08-25,Tehama,103,63373,6101,5861,843,6704,68
2021-08-25,Trinity,105,12862,610,450,149,599,3
2021-08-25,Tulare,107,460477,55935,53877,11365,65242,866
2021-08-25,Tuolumne,109,53932,5509,5354,55,5409,74
2021-08-25,Ventura,111,848112,90575,89379,3936,93315,1068
2021-08-25,Yolo,113,214977,17176,16667,798,17465,231
2021-08-25,Yuba,115,75493,8128,7771,179,7950,54
2021-08-24,Alameda,001,1643700,108492,105319,2547,107866,1296
2021-08-24,Alpine,003,1148,92,92,0,92,0
2021-08-24,Amador,005,37829,4542,4380,41,4421,50
2021-08-24,Butte,007,227075,15700,14964,2609,17573,214
2021-08-24,Calaveras,009,45235,2943,2811,20,2831,59
2021-08-24,Colusa,011,21464,2271,2221,474,2695,16
2021-08-24,Contra Costa,013,1133247,88842,84963,1785,86748,857
2021-08-24,Del Norte,015,27424,2792,2543,17,2560,8
2021-08-24,El Dorado,017,186661,13447,12732,1184,13916,118
2021-08-24,Fresno,019,978130,116221,113024,10247,123271,1761
2021-08-24,Glenn,021,27897,2808,2717,728,3445,20
2021-08-24,Humboldt,023,135768,6932,6585,208,6793,52
2021-08-24,Imperial,025,180216,30347,30045,2932,32977,748
2021-08-24,Inyo,027,18085,1532,1512,26,1538,39
2021-08-24,Kern,029,883053,107857,105399,14692,120091,1375
2021-08-24,Kings,031,150075,26419,25629,1418,27047,258
2021-08-24,Lake,033,64148,5334,5135,61,5196,72
2021-08-24,Lassen,035,31185,5722,5576,155,5731,21
2021-08-24,Los Angeles,037,10098052,1343482,1328777,50046,1378823,25135
2021-08-24,Madera,039,155013,18865,18251,1331,19582,247
2021-08-24,Marin,041,260295,16198,15900,350,16250,240
2021-08-24,Mariposa,043,17540,720,670,20,690,5
2021-08-24,Mendocino,045,87422,5741,5416,183,5599,52
2021-08-24,Merced,047,269075,35241,34490,1253,35743,491
2021-08-24,Modoc,049,8938,446,432,156,588,5
2021-08-24,Mono,051,14174,1389,1382,16,1398,3
2021-08-24,Monterey,053,433212,45749,45126,2535,47661,539
2021-08-24,Napa,055,140530,11552,11299,70,11369,85
2021-08-24,Nevada,057,99092,7368,6981,250,7231,77
2021-08-24,Orange,059,3164182,285968,281461,13302,294763,5187
2021-08-24,Placer,061,380077,30476,28618,2641,31259,318
2021-08-24,Plumas,063,18699,1001,953,17,970,5
2021-08-24,Riverside,065,2383286,327928,322620,15358,337978,4605
2021-08-24,Sacramento,067,1510023,135225,129542,2946,132488,1812
2021-08-24,San Benito,069,59416,6673,6576,133,6709,64
2021-08-24,San Bernardino,071,2135413,325207,320300,10093,330393,5328
2021-08-24,San Diego,073,3302833,331880,325823,19172,344995,3851
2021-08-24,San Francisco,075,870044,47324,46010,2112,48122,574
2021-08-24,San Joaquin,077,732212,86610,83684,4573,88257,1508
2021-08-24,San Luis Obispo,079,281455,25211,24443,964,25407,274
2021-08-24,San Mateo,081,765935,49429,48050,997,49047,553
2021-08-24,Santa Barbara,083,443738,39839,38307,1441,39748,478
2021-08-24,Santa Clara,085,1922200,134210,130763,1015,131778,1779
2021-08-24,Santa Cruz,087,273765,18345,17928,946,18874,209
2021-08-24,Shasta,089,179085,15325,14664,2209,16873,217
2021-08-24,Sierra,091,2930,103,90,14,104,0
2021-08-24,Siskiyou,093,43540,2440,2294,683,2977,33
2021-08-24,Solano,095,438530,41059,38724,992,39716,283
2021-08-24,Sonoma,097,501317,37162,35849,451,36300,336
2021-08-24,Stanislaus,099,539301,66585,64195,7428,71623,1058
2021-08-24,Sutter,101,95872,11758,11384,143,11527,134
2021-08-24,Tehama,103,63373,6055,5826,828,6654,67
2021-08-24,Trinity,105,12862,599,446,141,587,3
2021-08-24,Tulare,107,460477,55582,53702,11275,64977,856
2021-08-24,Tuolumne,109,53932,5478,5287,55,5342,74
2021-08-24,Ventura,111,848112,90390,89167,3925,93092,1068
2021-08-24,Yolo,113,214977,17100,16492,785,17277,231
2021-08-24,Yuba,115,75493,8045,7723,177,7900,54
2021-08-23,Alameda,001,1643700,108090,104922,2535,107457,1294
2021-08-23,Alpine,003,1148,92,91,0,91,0
2021-08-23,Amador,005,37829,4528,4369,41,4410,50
2021-08-23,Butte,007,227075,15554,14847,2574,17421,211
2021-08-23,Calaveras,009,45235,2908,2803,20,2823,59
2021-08-23,Colusa,011,21464,2267,2206,471,2677,16
2021-08-23,Contra Costa,013,1133247,88463,84651,1777,86428,857
2021-08-23,Del Norte,015,27424,2746,2499,17,2516,8
2021-08-23,El Dorado,017,186661,13344,12684,1162,13846,118
2021-08-23,Fresno,019,978130,115662,112445,10202,122647,1759
2021-08-23,Glenn,021,27897,2790,2696,721,3417,20
2021-08-23,Humboldt,023,135768,6857,6498,192,6690,52
2021-08-23,Imperial,025,180216,30296,30011,2929,32940,748
2021-08-23,Inyo,027,18085,1525,1509,26,1535,39
2021-08-23,Kern,029,883053,107402,104995,14536,119531,1375
2021-08-23,Kings,031,150075,26287,25465,1412,26877,257
2021-08-23,Lake,033,64148,5294,5099,59,5158,69
2021-08-23,Lassen,035,31185,5710,5562,155,5717,21
2021-08-23,Los Angeles,037,10098052,1340537,1326412,49919,1376331,25096
2021-08-23,Madera,039,155013,18779,18155,1316,19471,246
2021-08-23,Marin,041,260295,16150,15856,346,16202,240
2021-08-23,Mariposa,043,17540,709,645,20,665,5
2021-08-23,Mendocino,045,87422,5674,5374,176,5550,51
2021-08-23,Merced,047,269075,35058,34322,1248,35570,488
2021-08-23,Modoc,049,8938,443,431,155,586,6
2021-08-23,Mono,051,14174,1387,1384,16,1400,3
2021-08-23,Monterey,053,433212,45651,45047,2504,47551,538
2021-08-23,Napa,055,140530,11514,11257,70,11327,85
2021-08-23,Nevada,057,99092,7288,6930,248,7178,77
2021-08-23,Orange,059,3164182,285331,280891,13267,294158,5181
2021-08-23,Placer,061,380077,30276,28540,2603,31143,314
2021-08-23,Plumas,063,18699,993,934,17,951,5
2021-08-23,Riverside,065,2383286,327015,321650,15332,336982,4598
2021-08-23,Sacramento,067,1510023,134438,128969,2877,131846,1807
2021-08-23,San Benito,069,59416,6655,6562,131,6693,64
2021-08-23,San Bernardino,071,2135413,324404,319577,10054,329631,5324
2021-08-23,San Diego,073,3302833,330422,324536,19068,343604,3848
2021-08-23,San Francisco,075,870044,47171,45945,2097,48042,573
2021-08-23,San Joaquin,077,732212,86176,83466,4539,88005,1499
2021-08-23,San Luis Obispo,079,281455,25029,24317,962,25279,274
2021-08-23,San Mateo,081,765935,49291,47935,987,48922,553
2021-08-23,Santa Barbara,083,443738,39662,38181,1439,39620,478
2021-08-23,Santa Clara,085,1922200,133812,130489,1011,131500,1778
2021-08-23,Santa Cruz,087,273765,18288,17871,944,18815,209
2021-08-23,Shasta,089,179085,15199,14537,2170,16707,216
2021-08-23,Sierra,091,2930,103,90,14,104,0
2021-08-23,Siskiyou,093,43540,2419,2274,662,2936,33
2021-08-23,Solano,095,438530,40906,38612,984,39596,283
2021-08-23,Sonoma,097,501317,37042,35769,449,36218,336
2021-08-23,Stanislaus,099,539301,66233,63922,7389,71311,1058
2021-08-23,Sutter,101,95872,11669,11314,135,11449,133
2021-08-23,Tehama,103,63373,6001,5805,810,6615,67
2021-08-23,Trinity,105,12862,596,435,138,573,3
2021-08-23,Tulare,107,460477,55276,53370,11202,64572,856
2021-08-23,Tuolumne,109,53932,5436,5240,55,5295,73
2021-08-23,Ventura,111,848112,90171,88960,3913,92873,1063
2021-08-23,Yolo,113,214977,17013,16445,770,17215,226
2021-08-23,Yuba,115,75493,7974,7653,175,7828,54
2021-08-22,Alameda,001,1643700,107641,104539,2500,107039,1294
2021-08-22,Alpine,003,1148,92,91,0,91,0
2021-08-22,Amador,005,37829,4498,4349,41,4390,50
2021-08-22,Butte,007,227075,15415,14791,2538,17329,211
2021-08-22,Calaveras,009,45235,2869,2771,20,2791,59
2021-08-22,Colusa,011,21464,2259,2201,465,2666,16
2021-08-22,Contra Costa,013,1133247,87922,84371,1762,86133,857
2021-08-22,Del Norte,015,27424,2686,2455,17,2472,8
2021-08-22,El Dorado,017,186661,13240,12629,1142,13771,118
2021-08-22,Fresno,019,978130,115064,112057,10130,122187,1759
2021-08-22,Glenn,021,27897,2768,2678,707,3385,20
2021-08-22,Humboldt,023,135768,6780,6483,173,6656,52
2021-08-22,Imperial,025,180216,30238,29993,2924,32917,748
2021-08-22,Inyo,027,18085,1519,1505,26,1531,39
2021-08-22,Kern,029,883053,106877,104691,14379,119070,1375
2021-08-22,Kings,031,150075,26129,25391,1395,26786,257
2021-08-22,Lake,033,64148,5248,5069,56,5125,69
2021-08-22,Lassen,035,31185,5678,5556,150,5706,21
2021-08-22,Los Angeles,037,10098052,1337244,1324151,49787,1373938,25089
2021-08-22,Madera,039,155013,18660,18120,1302,19422,246
2021-08-22,Marin,041,260295,16098,15822,338,16160,240
2021-08-22,Mariposa,043,17540,699,638,18,656,5
2021-08-22,Mendocino,045,87422,5615,5336,176,5512,51
2021-08-22,Merced,047,269075,34854,34234,1236,35470,488
2021-08-22,Modoc,049,8938,442,431,155,586,6
2021-08-22,Mono,051,14174,1386,1378,16,1394,3
2021-08-22,Monterey,053,433212,45552,45017,2478,47495,538
2021-08-22,Napa,055,140530,11469,11231,70,11301,85
2021-08-22,Nevada,057,99092,7214,6864,246,7110,77
2021-08-22,Orange,059,3164182,284641,280390,13222,293612,5181
2021-08-22,Placer,061,380077,30067,28395,2566,30961,314
2021-08-22,Plumas,063,18699,975,923,16,939,5
2021-08-22,Riverside,065,2383286,325994,320836,15282,336118,4594
2021-08-22,Sacramento,067,1510023,133662,128231,2831,131062,1802
2021-08-22,San Benito,069,59416,6638,6550,131,6681,64
2021-08-22,San Bernardino,071,2135413,323434,318839,10019,328858,5324
2021-08-22,San Diego,073,3302833,329094,323591,18963,342554,3848
2021-08-22,San Francisco,075,870044,47005,45831,2080,47911,573
2021-08-22,San Joaquin,077,732212,85719,83121,4504,87625,1498
2021-08-22,San Luis Obispo,079,281455,24823,24250,955,25205,274
2021-08-22,San Mateo,081,765935,49115,47821,954,48775,553
2021-08-22,Santa Barbara,083,443738,39481,38099,1431,39530,478
2021-08-22,Santa Clara,085,1922200,133395,130189,1004,131193,1778
2021-08-22,Santa Cruz,087,273765,18227,17823,939,18762,209
2021-08-22,Shasta,089,179085,15060,14478,2134,16612,216
2021-08-22,Sierra,091,2930,103,87,14,101,0
2021-08-22,Siskiyou,093,43540,2390,2261,644,2905,33
2021-08-22,Solano,095,438530,40707,38489,971,39460,283
2021-08-22,Sonoma,097,501317,36886,35676,446,36122,336
2021-08-22,Stanislaus,099,539301,65867,63683,7296,70979,1058
2021-08-22,Sutter,101,95872,11587,11251,131,11382,133
2021-08-22,Tehama,103,63373,5955,5791,790,6581,67
2021-08-22,Trinity,105,12862,589,433,136,569,3
2021-08-22,Tulare,107,460477,54954,53220,11118,64338,856
2021-08-22,Tuolumne,109,53932,5394,5214,55,5269,73
2021-08-22,Ventura,111,848112,89962,88791,3896,92687,1063
2021-08-22,Yolo,113,214977,16911,16374,761,17135,226
2021-08-22,Yuba,115,75493,7900,7626,174,7800,54
2021-08-21,Alameda,001,1643700,107438,104281,2491,106772,1294
2021-08-21,Alpine,003,1148,92,91,0,91,0
2021-08-21,Amador,005,37829,4488,4338,39,4377,50
2021-08-21,Butte,007,227075,15347,14714,2517,17231,211
2021-08-21,Calaveras,009,45235,2856,2744,20,2764,59
2021-08-21,Colusa,011,21464,2253,2192,460,2652,16
2021-08-21,Contra Costa,013,1133247,87666,84136,1756,85892,857
2021-08-21,Del Norte,015,27424,2663,2409,17,2426,8
2021-08-21,El Dorado,017,186661,13196,12590,1138,13728,118
2021-08-21,Fresno,019,978130,114868,111765,10117,121882,1759
2021-08-21,Glenn,021,27897,2758,2654,700,3354,20
2021-08-21,Humboldt,023,135768,6742,6446,167,6613,52
2021-08-21,Imperial,025,180216,30195,29976,2921,32897,748
2021-08-21,Inyo,027,18085,1516,1500,26,1526,39
2021-08-21,Kern,029,883053,106621,104443,14254,118697,1375
2021-08-21,Kings,031,150075,26058,25313,1390,26703,257
2021-08-21,Lake,033,64148,5228,5055,54,5109,69
2021-08-21,Lassen,035,31185,5664,5553,150,5703,21
2021-08-21,Los Angeles,037,10098052,1335961,1321308,49697,1371005,25080
2021-08-21,Madera,039,155013,18622,18067,1296,19363,246
2021-08-21,Marin,041,260295,16064,15775,336,16111,240
2021-08-21,Mariposa,043,17540,689,634,18,652,5
2021-08-21,Mendocino,045,87422,5570,5307,175,5482,51
2021-08-21,Merced,047,269075,34749,34148,1231,35379,488
2021-08-21,Modoc,049,8938,442,430,155,585,6
2021-08-21,Mono,051,14174,1386,1378,16,1394,3
2021-08-21,Monterey,053,433212,45506,44969,2463,47432,538
2021-08-21,Napa,055,140530,11434,11211,70,11281,85
2021-08-21,Nevada,057,99092,7170,6810,245,7055,77
2021-08-21,Orange,059,3164182,284195,279855,13188,293043,5181
2021-08-21,Placer,061,380077,29929,28289,2541,30830,314
2021-08-21,Plumas,063,18699,971,916,15,931,5
2021-08-21,Riverside,065,2383286,325413,320086,15269,335355,4594
2021-08-21,Sacramento,067,1510023,133166,127751,2819,130570,1809
2021-08-21,San Benito,069,59416,6628,6542,130,6672,64
2021-08-21,San Bernardino,071,2135413,322984,318293,9999,328292,5324
2021-08-21,San Diego,073,3302833,328429,322620,18923,341543,3848
2021-08-21,San Francisco,075,870044,46903,45637,2065,47702,573
2021-08-21,San Joaquin,077,732212,85502,82825,4489,87314,1498
2021-08-21,San Luis Obispo,079,281455,24768,24169,955,25124,273
2021-08-21,San Mateo,081,765935,49018,47685,948,48633,553
2021-08-21,Santa Barbara,083,443738,39401,37951,1427,39378,478
2021-08-21,Santa Clara,085,1922200,133130,129911,1000,130911,1778
2021-08-21,Santa Cruz,087,273765,18190,17763,934,18697,209
2021-08-21,Shasta,089,179085,14986,14417,2120,16537,217
2021-08-21,Sierra,091,2930,98,85,14,99,0
2021-08-21,Siskiyou,093,43540,2376,2246,633,2879,33
2021-08-21,Solano,095,438530,40596,38423,961,39384,281
2021-08-21,Sonoma,097,501317,36799,35582,445,36027,336
2021-08-21,Stanislaus,099,539301,65674,63512,7278,70790,1058
2021-08-21,Sutter,101,95872,11542,11204,129,11333,133
2021-08-21,Tehama,103,63373,5930,5757,783,6540,67
2021-08-21,Trinity,105,12862,584,431,134,565,3
2021-08-21,Tulare,107,460477,54810,53045,11073,64118,857
2021-08-21,Tuolumne,109,53932,5363,5193,55,5248,73
2021-08-21,Ventura,111,848112,89818,88558,3881,92439,1063
2021-08-21,Yolo,113,214977,16864,16322,755,17077,226
2021-08-21,Yuba,115,75493,7854,7580,173,7753,54
2021-08-20,Alameda,001,1643700,107193,103812,2482,106294,1294
2021-08-20,Alpine,003,1148,92,91,0,91,0
2021-08-20,Amador,005,37829,4462,4323,39,4362,50
2021-08-20,Butte,007,227075,15275,14617,2495,17112,211
2021-08-20,Calaveras,009,45235,2841,2717,20,2737,59
2021-08-20,Colusa,011,21464,2248,2178,458,2636,16
2021-08-20,Contra Costa,013,1133247,87393,83721,1749,85470,857
2021-08-20,Del Norte,015,27424,2631,2316,17,2333,8
2021-08-20,El Dorado,017,186661,13158,12495,1130,13625,118
2021-08-20,Fresno,019,978130,114515,111315,10084,121399,1759
2021-08-20,Glenn,021,27897,2751,2642,695,3337,20
2021-08-20,Humboldt,023,135768,6691,6349,162,6511,52
2021-08-20,Imperial,025,180216,30172,29934,2921,32855,747
2021-08-20,Inyo,027,18085,1510,1495,26,1521,39
2021-08-20,Kern,029,883053,106336,104048,14126,118174,1373
2021-08-20,Kings,031,150075,25992,25241,1388,26629,256
2021-08-20,Lake,033,64148,5213,5024,51,5075,69
2021-08-20,Lassen,035,31185,5644,5539,150,5689,21
2021-08-20,Los Angeles,037,10098052,1334096,1317541,49598,1367139,25049
2021-08-20,Madera,039,155013,18573,18018,1281,19299,246
2021-08-20,Marin,041,260295,16046,15727,332,16059,240
2021-08-20,Mariposa,043,17540,684,630,18,648,5
2021-08-20,Mendocino,045,87422,5524,5241,174,5415,51
2021-08-20,Merced,047,269075,34684,34035,1223,35258,486
2021-08-20,Modoc,049,8938,442,429,155,584,6
2021-08-20,Mono,051,14174,1385,1368,16,1384,3
2021-08-20,Monterey,053,433212,45468,44890,2449,47339,538
2021-08-20,Napa,055,140530,11402,11152,70,11222,83
2021-08-20,Nevada,057,99092,7128,6753,239,6992,77
2021-08-20,Orange,059,3164182,283750,279193,13167,292360,5179
2021-08-20,Placer,061,380077,29834,28156,2512,30668,313
2021-08-20,Plumas,063,18699,963,908,15,923,5
2021-08-20,Riverside,065,2383286,324718,319072,15238,334310,4594
2021-08-20,Sacramento,067,1510023,132692,127226,2802,130028,1797
2021-08-20,San Benito,069,59416,6614,6508,130,6638,64
2021-08-20,San Bernardino,071,2135413,322371,317372,9970,327342,5322
2021-08-20,San Diego,073,3302833,327523,321102,18854,339956,3846
2021-08-20,San Francisco,075,870044,46806,45432,2049,47481,573
2021-08-20,San Joaquin,077,732212,85272,82419,4471,86890,1496
2021-08-20,San Luis Obispo,079,281455,24691,23986,951,24937,273
2021-08-20,San Mateo,081,765935,48904,47561,938,48499,551
2021-08-20,Santa Barbara,083,443738,39317,37794,1422,39216,477
2021-08-20,Santa Clara,085,1922200,132848,129510,995,130505,1774
2021-08-20,Santa Cruz,087,273765,18150,17701,931,18632,209
2021-08-20,Shasta,089,179085,14907,14277,2101,16378,215
2021-08-20,Sierra,091,2930,96,83,14,97,0
2021-08-20,Siskiyou,093,43540,2360,2226,628,2854,33
2021-08-20,Solano,095,438530,40456,38214,950,39164,277
2021-08-20,Sonoma,097,501317,36730,35416,444,35860,336
2021-08-20,Stanislaus,099,539301,65472,63219,7255,70474,1047
2021-08-20,Sutter,101,95872,11486,11136,128,11264,133
2021-08-20,Tehama,103,63373,5914,5730,771,6501,66
2021-08-20,Trinity,105,12862,584,422,133,555,3
2021-08-20,Tulare,107,460477,54678,52855,11029,63884,856
2021-08-20,Tuolumne,109,53932,5339,5153,54,5207,73
2021-08-20,Ventura,111,848112,89652,88285,3878,92163,1061
2021-08-20,Yolo,113,214977,16810,16236,749,16985,225
2021-08-20,Yuba,115,75493,7813,7523,173,7696,54
2021-08-19,Alameda,001,1643700,106742,103276,2456,105732,1294
2021-08-19,Alpine,003,1148,92,91,0,91,0
2021-08-19,Amador,005,37829,4455,4317,39,4356,50
2021-08-19,Butte,007,227075,15140,14518,2465,16983,211
2021-08-19,Calaveras,009,45235,2822,2673,20,2693,59
2021-08-19,Colusa,011,21464,2239,2167,454,2621,16
2021-08-19,Contra Costa,013,1133247,86956,83296,1734,85030,852
2021-08-19,Del Norte,015,27424,2581,2257,17,2274,8
2021-08-19,El Dorado,017,186661,13073,12410,1109,13519,118
2021-08-19,Fresno,019,978130,114077,110947,10034,120981,1759
2021-08-19,Glenn,021,27897,2733,2629,688,3317,20
2021-08-19,Humboldt,023,135768,6630,6246,156,6402,52
2021-08-19,Imperial,025,180216,30126,29865,2916,32781,747
2021-08-19,Inyo,027,18085,1503,1494,26,1520,39
2021-08-19,Kern,029,883053,105940,103731,13984,117715,1371
2021-08-19,Kings,031,150075,25861,25128,1376,26504,256
2021-08-19,Lake,033,64148,5183,4991,47,5038,69
2021-08-19,Lassen,035,31185,5626,5520,149,5669,21
2021-08-19,Los Angeles,037,10098052,1331127,1314453,49458,1363911,25020
2021-08-19,Madera,039,155013,18511,17947,1266,19213,246
2021-08-19,Marin,041,260295,16013,15672,329,16001,240
2021-08-19,Mariposa,043,17540,669,618,18,636,5
2021-08-19,Mendocino,045,87422,5491,5167,172,5339,51
2021-08-19,Merced,047,269075,34549,33851,1209,35060,486
2021-08-19,Modoc,049,8938,442,427,155,582,6
2021-08-19,Mono,051,14174,1381,1349,16,1365,3
2021-08-19,Monterey,053,433212,45395,44821,2430,47251,538
2021-08-19,Napa,055,140530,11350,11104,70,11174,83
2021-08-19,Nevada,057,99092,7064,6695,237,6932,77
2021-08-19,Orange,059,3164182,283117,278562,13115,291677,5172
2021-08-19,Placer,061,380077,29654,27953,2494,30447,313
2021-08-19,Plumas,063,18699,950,896,15,911,5
2021-08-19,Riverside,065,2383286,323690,318056,15208,333264,4589
2021-08-19,Sacramento,067,1510023,131989,126720,2765,129485,1801
2021-08-19,San Benito,069,59416,6596,6493,128,6621,64
2021-08-19,San Bernardino,071,2135413,321550,316398,9947,326345,5318
2021-08-19,San Diego,073,3302833,326259,319582,18764,338346,3839
2021-08-19,San Francisco,075,870044,46643,45220,2031,47251,571
2021-08-19,San Joaquin,077,732212,84827,82047,4422,86469,1491
2021-08-19,San Luis Obispo,079,281455,24551,23878,944,24822,271
2021-08-19,San Mateo,081,765935,48769,47431,928,48359,551
2021-08-19,Santa Barbara,083,443738,39172,37693,1419,39112,477
2021-08-19,Santa Clara,085,1922200,132458,129133,988,130121,1774
2021-08-19,Santa Cruz,087,273765,18088,17644,924,18568,209
2021-08-19,Shasta,089,179085,14783,14200,2078,16278,214
2021-08-19,Sierra,091,2930,92,83,14,97,0
2021-08-19,Siskiyou,093,43540,2345,2218,616,2834,33
2021-08-19,Solano,095,438530,40298,38025,939,38964,273
2021-08-19,Sonoma,097,501317,36643,35233,443,35676,336
2021-08-19,Stanislaus,099,539301,65112,62928,7208,70136,1047
2021-08-19,Sutter,101,95872,11402,11057,127,11184,133
2021-08-19,Tehama,103,63373,5878,5683,743,6426,66
2021-08-19,Trinity,105,12862,580,414,131,545,3
2021-08-19,Tulare,107,460477,54447,52685,10965,63650,856
2021-08-19,Tuolumne,109,53932,5303,5112,53,5165,64
2021-08-19,Ventura,111,848112,89449,88073,3863,91936,1060
2021-08-19,Yolo,113,214977,16725,16153,741,16894,225
2021-08-19,Yuba,115,75493,7760,7458,171,7629,51
2021-08-18,Alameda,001,1643700,106330,102696,2427,105123,1294
2021-08-18,Alpine,003,1148,91,91,0,91,0
2021-08-18,Amador,005,37829,4438,4279,38,4317,50
2021-08-18,Butte,007,227075,15030,14426,2439,16865,208
2021-08-18,Calaveras,009,45235,2781,2643,19,2662,59
2021-08-18,Colusa,011,21464,2232,2160,450,2610,16
2021-08-18,Contra Costa,013,1133247,86461,82767,1727,84494,851
2021-08-18,Del Norte,015,27424,2524,2219,17,2236,8
2021-08-18,El Dorado,017,186661,12983,12306,1094,13400,118
2021-08-18,Fresno,019,978130,113624,110523,9978,120501,1759
2021-08-18,Glenn,021,27897,2705,2623,681,3304,20
2021-08-18,Humboldt,023,135768,6558,6195,150,6345,52
2021-08-18,Imperial,025,180216,30093,29821,2914,32735,746
2021-08-18,Inyo,027,18085,1500,1494,26,1520,39
2021-08-18,Kern,029,883053,105592,103440,13889,117329,1370
2021-08-18,Kings,031,150075,25752,24984,1369,26353,256
2021-08-18,Lake,033,64148,5142,4957,46,5003,69
2021-08-18,Lassen,035,31185,5607,5506,148,5654,21
2021-08-18,Los Angeles,037,10098052,1327986,1311477,49326,1360803,24984
2021-08-18,Madera,039,155013,18451,17871,1253,19124,246
2021-08-18,Marin,041,260295,15975,15610,326,15936,240
2021-08-18,Mariposa,043,17540,656,615,17,632,5
2021-08-18,Mendocino,045,87422,5440,5129,169,5298,51
2021-08-18,Merced,047,269075,34384,33708,1198,34906,484
2021-08-18,Modoc,049,8938,442,427,154,581,6
2021-08-18,Mono,051,14174,1378,1344,16,1360,3
2021-08-18,Monterey,053,433212,45311,44735,2400,47135,532
2021-08-18,Napa,055,140530,11311,11060,69,11129,83
2021-08-18,Nevada,057,99092,6998,6633,237,6870,76
2021-08-18,Orange,059,3164182,282476,277795,13059,290854,5168
2021-08-18,Placer,061,380077,29428,27741,2466,30207,312
2021-08-18,Plumas,063,18699,941,874,15,889,5
2021-08-18,Riverside,065,2383286,322690,317107,15174,332281,4585
2021-08-18,Sacramento,067,1510023,131228,125599,2730,128329,1781
2021-08-18,San Benito,069,59416,6585,6481,127,6608,64
2021-08-18,San Bernardino,071,2135413,320749,315477,9928,325405,5304
2021-08-18,San Diego,073,3302833,324915,318152,18699,336851,3834
2021-08-18,San Francisco,075,870044,46438,44957,2017,46974,568
2021-08-18,San Joaquin,077,732212,84376,81601,4392,85993,1491
2021-08-18,San Luis Obispo,079,281455,24401,23726,933,24659,270
2021-08-18,San Mateo,081,765935,48601,47255,918,48173,551
2021-08-18,Santa Barbara,083,443738,39040,37599,1413,39012,475
2021-08-18,Santa Clara,085,1922200,132094,128563,984,129547,1773
2021-08-18,Santa Cruz,087,273765,18033,17566,920,18486,209
2021-08-18,Shasta,089,179085,14684,14087,2059,16146,213
2021-08-18,Sierra,091,2930,91,83,14,97,0
2021-08-18,Siskiyou,093,43540,2316,2204,604,2808,33
2021-08-18,Solano,095,438530,40092,37812,927,38739,271
2021-08-18,Sonoma,097,501317,36499,35063,442,35505,333
2021-08-18,Stanislaus,099,539301,64763,62613,7165,69778,1047
2021-08-18,Sutter,101,95872,11330,11004,122,11126,130
2021-08-18,Tehama,103,63373,5843,5653,733,6386,66
2021-08-18,Trinity,105,12862,573,409,128,537,3
2021-08-18,Tulare,107,460477,54206,52486,10896,63382,856
2021-08-18,Tuolumne,109,53932,5267,5081,51,5132,64
2021-08-18,Ventura,111,848112,89217,87835,3853,91688,1055
2021-08-18,Yolo,113,214977,16642,16047,722,16769,225
2021-08-18,Yuba,115,75493,7695,7391,171,7562,51
2021-08-17,Alameda,001,1643700,105915,102379,2411,104790,1290
2021-08-17,Alpine,003,1148,91,91,0,91,0
2021-08-17,Amador,005,37829,4409,4266,38,4304,50
2021-08-17,Butte,007,227075,14923,14357,2405,16762,206
2021-08-17,Calaveras,009,45235,2740,2624,19,2643,59
2021-08-17,Colusa,011,21464,2223,2156,446,2602,16
2021-08-17,Contra Costa,013,1133247,86013,82482,1716,84198,848
2021-08-17,Del Norte,015,27424,2470,2188,17,2205,8
2021-08-17,El Dorado,017,186661,12895,12242,1080,13322,118
2021-08-17,Fresno,019,978130,113142,110263,9918,120181,1755
2021-08-17,Glenn,021,27897,2691,2608,674,3282,20
2021-08-17,Humboldt,023,135768,6480,6155,148,6303,52
2021-08-17,Imperial,025,180216,30042,29768,2910,32678,746
2021-08-17,Inyo,027,18085,1497,1492,26,1518,39
2021-08-17,Kern,029,883053,105197,103048,13765,116813,1367
2021-08-17,Kings,031,150075,25645,24930,1358,26288,254
2021-08-17,Lake,033,64148,5099,4930,40,4970,68
2021-08-17,Lassen,035,31185,5590,5499,146,5645,21
2021-08-17,Los Angeles,037,10098052,1324450,1307999,49191,1357190,24952
2021-08-17,Madera,039,155013,18377,17838,1232,19070,246
2021-08-17,Marin,041,260295,15920,15570,326,15896,240
2021-08-17,Mariposa,043,17540,648,609,16,625,5
2021-08-17,Mendocino,045,87422,5385,5097,169,5266,51
2021-08-17,Merced,047,269075,34236,33508,1184,34692,482
2021-08-17,Modoc,049,8938,439,424,152,576,6
2021-08-17,Mono,051,14174,1372,1341,16,1357,3
2021-08-17,Monterey,053,433212,45228,44672,2384,47056,528
2021-08-17,Napa,055,140530,11270,11007,68,11075,83
2021-08-17,Nevada,057,99092,6923,6605,235,6840,75
2021-08-17,Orange,059,3164182,281834,277121,13023,290144,5164
2021-08-17,Placer,061,380077,29213,27634,2437,30071,312
2021-08-17,Plumas,063,18699,929,860,15,875,5
2021-08-17,Riverside,065,2383286,321679,316051,15136,331187,4582
2021-08-17,Sacramento,067,1510023,130436,125151,2687,127838,1774
2021-08-17,San Benito,069,59416,6566,6470,127,6597,64
2021-08-17,San Bernardino,071,2135413,319812,314402,9887,324289,5302
2021-08-17,San Diego,073,3302833,323299,317058,18603,335661,3824
2021-08-17,San Francisco,075,870044,46238,44820,2006,46826,567
2021-08-17,San Joaquin,077,732212,83907,81300,4360,85660,1489
2021-08-17,San Luis Obispo,079,281455,24242,23556,930,24486,268
2021-08-17,San Mateo,081,765935,48444,47127,899,48026,551
2021-08-17,Santa Barbara,083,443738,38885,37478,1405,38883,475
2021-08-17,Santa Clara,085,1922200,131692,128354,979,129333,1773
2021-08-17,Santa Cruz,087,273765,17947,17528,918,18446,209
2021-08-17,Shasta,089,179085,14553,14012,2040,16052,214
2021-08-17,Sierra,091,2930,90,82,14,96,0
2021-08-17,Siskiyou,093,43540,2300,2183,590,2773,33
2021-08-17,Solano,095,438530,39863,37662,917,38579,269
2021-08-17,Sonoma,097,501317,36351,34943,438,35381,333
2021-08-17,Stanislaus,099,539301,64410,62385,7103,69488,1047
2021-08-17,Sutter,101,95872,11258,10973,122,11095,130
2021-08-17,Tehama,103,63373,5809,5612,711,6323,66
2021-08-17,Trinity,105,12862,568,406,125,531,3
2021-08-17,Tulare,107,460477,53938,52362,10828,63190,856
2021-08-17,Tuolumne,109,53932,5224,5042,50,5092,64
2021-08-17,Ventura,111,848112,88979,87601,3832,91433,1053
2021-08-17,Yolo,113,214977,16553,15975,707,16682,225
2021-08-17,Yuba,115,75493,7625,7355,171,7526,51
2021-08-16,Alameda,001,1643700,105411,102052,2399,104451,1287
2021-08-16,Alpine,003,1148,91,91,0,91,0
2021-08-16,Amador,005,37829,4399,4235,38,4273,50
2021-08-16,Butte,007,227075,14805,14283,2372,16655,206
2021-08-16,Calaveras,009,45235,2682,2609,18,2627,57
2021-08-16,Colusa,011,21464,2212,2147,442,2589,16
2021-08-16,Contra Costa,013,1133247,85471,82070,1705,83775,848
2021-08-16,Del Norte,015,27424,2393,2125,17,2142,8
2021-08-16,El Dorado,017,186661,12793,12139,1067,13206,118
2021-08-16,Fresno,019,978130,112642,109623,9871,119494,1753
2021-08-16,Glenn,021,27897,2672,2593,668,3261,20
2021-08-16,Humboldt,023,135768,6409,6064,126,6190,52
2021-08-16,Imperial,025,180216,30002,29737,2895,32632,746
2021-08-16,Inyo,027,18085,1494,1490,26,1516,39
2021-08-16,Kern,029,883053,104822,102690,13649,116339,1367
2021-08-16,Kings,031,150075,25543,24817,1348,26165,254
2021-08-16,Lake,033,64148,5072,4898,39,4937,68
2021-08-16,Lassen,035,31185,5574,5481,138,5619,21
2021-08-16,Los Angeles,037,10098052,1321079,1305330,49045,1354375,24923
2021-08-16,Madera,039,155013,18302,17756,1211,18967,246
2021-08-16,Marin,041,260295,15861,15497,324,15821,239
2021-08-16,Mariposa,043,17540,631,597,16,613,5
2021-08-16,Mendocino,045,87422,5329,5037,167,5204,49
2021-08-16,Merced,047,269075,34035,33364,1172,34536,481
2021-08-16,Modoc,049,8938,437,421,151,572,5
2021-08-16,Mono,051,14174,1363,1339,16,1355,3
2021-08-16,Monterey,053,433212,45149,44595,2356,46951,527
2021-08-16,Napa,055,140530,11241,10946,68,11014,83
2021-08-16,Nevada,057,99092,6867,6535,234,6769,74
2021-08-16,Orange,059,3164182,281040,275985,12978,288963,5161
2021-08-16,Placer,061,380077,29030,27384,2403,29787,306
2021-08-16,Plumas,063,18699,918,851,15,866,5
2021-08-16,Riverside,065,2383286,320589,314774,15099,329873,4582
2021-08-16,Sacramento,067,1510023,129626,124554,2644,127198,1762
2021-08-16,San Benito,069,59416,6542,6452,127,6579,64
2021-08-16,San Bernardino,071,2135413,318851,313617,9859,323476,5301
2021-08-16,San Diego,073,3302833,321692,315348,18468,333816,3824
2021-08-16,San Francisco,075,870044,46034,44681,1989,46670,567
2021-08-16,San Joaquin,077,732212,83404,81087,4333,85420,1488
2021-08-16,San Luis Obispo,079,281455,24091,23452,922,24374,265
2021-08-16,San Mateo,081,765935,48262,47024,877,47901,548
2021-08-16,Santa Barbara,083,443738,38718,37358,1400,38758,475
2021-08-16,Santa Clara,085,1922200,131227,127978,973,128951,1773
2021-08-16,Santa Cruz,087,273765,17885,17491,912,18403,209
2021-08-16,Shasta,089,179085,14462,13862,2023,15885,211
2021-08-16,Sierra,091,2930,87,82,14,96,0
2021-08-16,Siskiyou,093,43540,2283,2169,570,2739,33
2021-08-16,Solano,095,438530,39582,37436,903,38339,263
2021-08-16,Sonoma,097,501317,36181,34844,436,35280,333
2021-08-16,Stanislaus,099,539301,64047,62033,7051,69084,1039
2021-08-16,Sutter,101,95872,11189,10902,121,11023,130
2021-08-16,Tehama,103,63373,5745,5565,706,6271,66
2021-08-16,Trinity,105,12862,562,400,124,524,3
2021-08-16,Tulare,107,460477,53693,52162,10757,62919,856
2021-08-16,Tuolumne,109,53932,5185,4984,50,5034,64
2021-08-16,Ventura,111,848112,88734,86954,3814,90768,1052
2021-08-16,Yolo,113,214977,16452,15922,699,16621,225
2021-08-16,Yuba,115,75493,7541,7314,170,7484,51
2021-08-15,Alameda,001,1643700,104918,101660,2382,104042,1287
2021-08-15,Alpine,003,1148,91,91,0,91,0
2021-08-15,Amador,005,37829,4371,4231,38,4269,49
2021-08-15,Butte,007,227075,14680,14263,2348,16611,206
2021-08-15,Calaveras,009,45235,2635,2599,18,2617,57
2021-08-15,Colusa,011,21464,2200,2140,432,2572,16
2021-08-15,Contra Costa,013,1133247,84989,81781,1690,83471,848
2021-08-15,Del Norte,015,27424,2326,2060,17,2077,8
2021-08-15,El Dorado,017,186661,12658,12057,1050,13107,118
2021-08-15,Fresno,019,978130,112170,109382,9808,119190,1753
2021-08-15,Glenn,021,27897,2648,2592,656,3248,20
2021-08-15,Humboldt,023,135768,6335,6024,119,6143,52
2021-08-15,Imperial,025,180216,29935,29711,2891,32602,746
2021-08-15,Inyo,027,18085,1493,1489,26,1515,39
2021-08-15,Kern,029,883053,104378,102524,13536,116060,1367
2021-08-15,Kings,031,150075,25393,24736,1338,26074,254
2021-08-15,Lake,033,64148,5013,4886,38,4924,68
2021-08-15,Lassen,035,31185,5557,5482,137,5619,21
2021-08-15,Los Angeles,037,10098052,1317557,1302882,48871,1351753,24918
2021-08-15,Madera,039,155013,18214,17714,1196,18910,246
2021-08-15,Marin,041,260295,15802,15461,322,15783,239
2021-08-15,Mariposa,043,17540,624,591,15,606,5
2021-08-15,Mendocino,045,87422,5273,5022,161,5183,49
2021-08-15,Merced,047,269075,33791,33305,1161,34466,481
2021-08-15,Modoc,049,8938,435,421,151,572,5
2021-08-15,Mono,051,14174,1355,1334,16,1350,3
2021-08-15,Monterey,053,433212,45026,44567,2323,46890,527
2021-08-15,Napa,055,140530,11186,10919,68,10987,83
2021-08-15,Nevada,057,99092,6783,6486,234,6720,74
2021-08-15,Orange,059,3164182,280263,275447,12937,288384,5161
2021-08-15,Placer,061,380077,28808,27220,2355,29575,306
2021-08-15,Plumas,063,18699,906,850,15,865,5
2021-08-15,Riverside,065,2383286,319450,314133,15069,329202,4582
2021-08-15,Sacramento,067,1510023,128812,123924,2611,126535,1761
2021-08-15,San Benito,069,59416,6524,6446,126,6572,64
2021-08-15,San Bernardino,071,2135413,317778,313120,9827,322947,5301
2021-08-15,San Diego,073,3302833,320207,314247,18353,332600,3824
2021-08-15,San Francisco,075,870044,45805,44531,1966,46497,567
2021-08-15,San Joaquin,077,732212,82915,80832,4292,85124,1488
2021-08-15,San Luis Obispo,079,281455,23894,23404,912,24316,265
2021-08-15,San Mateo,081,765935,48076,46897,854,47751,548
2021-08-15,Santa Barbara,083,443738,38549,37276,1393,38669,475
2021-08-15,Santa Clara,085,1922200,130794,127715,967,128682,1773
2021-08-15,Santa Cruz,087,273765,17815,17440,904,18344,209
2021-08-15,Shasta,089,179085,14359,13835,1997,15832,211
2021-08-15,Sierra,091,2930,86,82,13,95,0
2021-08-15,Siskiyou,093,43540,2262,2169,556,2725,33
2021-08-15,Solano,095,438530,39327,37320,892,38212,263
2021-08-15,Sonoma,097,501317,35985,34706,428,35134,333
2021-08-15,Stanislaus,099,539301,63656,61795,6974,68769,1039
2021-08-15,Sutter,101,95872,11098,10863,121,10984,130
2021-08-15,Tehama,103,63373,5696,5550,700,6250,66
2021-08-15,Trinity,105,12862,558,400,123,523,3
2021-08-15,Tulare,107,460477,53437,52046,10697,62743,856
2021-08-15,Tuolumne,109,53932,5146,4934,48,4982,64
2021-08-15,Ventura,111,848112,88429,86797,3799,90596,1052
2021-08-15,Yolo,113,214977,16356,15873,689,16562,225
2021-08-15,Yuba,115,75493,7464,7265,169,7434,51
2021-08-14,Alameda,001,1643700,104699,101305,2378,103683,1287
2021-08-14,Alpine,003,1148,91,91,0,91,0
2021-08-14,Amador,005,37829,4353,4206,38,4244,49
2021-08-14,Butte,007,227075,14643,14192,2332,16524,206
2021-08-14,Calaveras,009,45235,2630,2579,18,2597,57
2021-08-14,Colusa,011,21464,2190,2134,428,2562,16
2021-08-14,Contra Costa,013,1133247,84741,81458,1682,83140,848
2021-08-14,Del Norte,015,27424,2299,2015,17,2032,8
2021-08-14,El Dorado,017,186661,12622,12019,1041,13060,118
2021-08-14,Fresno,019,978130,112012,109056,9778,118834,1753
2021-08-14,Glenn,021,27897,2637,2583,654,3237,20
2021-08-14,Humboldt,023,135768,6281,5998,115,6113,52
2021-08-14,Imperial,025,180216,29908,29671,2891,32562,746
2021-08-14,Inyo,027,18085,1491,1487,26,1513,39
2021-08-14,Kern,029,883053,104183,102306,13440,115746,1367
2021-08-14,Kings,031,150075,25299,24647,1329,25976,254
2021-08-14,Lake,033,64148,4996,4850,37,4887,68
2021-08-14,Lassen,035,31185,5550,5475,136,5611,21
2021-08-14,Los Angeles,037,10098052,1315794,1299346,48732,1348078,24911
2021-08-14,Madera,039,155013,18167,17691,1191,18882,246
2021-08-14,Marin,041,260295,15768,15441,322,15763,239
2021-08-14,Mariposa,043,17540,620,584,15,599,5
2021-08-14,Mendocino,045,87422,5237,4977,158,5135,49
2021-08-14,Merced,047,269075,33727,33234,1155,34389,481
2021-08-14,Modoc,049,8938,435,421,151,572,5
2021-08-14,Mono,051,14174,1353,1332,16,1348,3
2021-08-14,Monterey,053,433212,44982,44514,2315,46829,527
2021-08-14,Napa,055,140530,11156,10878,67,10945,83
2021-08-14,Nevada,057,99092,6748,6419,233,6652,74
2021-08-14,Orange,059,3164182,279830,274732,12909,287641,5161
2021-08-14,Placer,061,380077,28662,27115,2331,29446,306
2021-08-14,Plumas,063,18699,896,849,15,864,5
2021-08-14,Riverside,065,2383286,318735,313264,15046,328310,4582
2021-08-14,Sacramento,067,1510023,128319,123438,2593,126031,1758
2021-08-14,San Benito,069,59416,6511,6428,126,6554,64
2021-08-14,San Bernardino,071,2135413,317230,312142,9806,321948,5301
2021-08-14,San Diego,073,3302833,319536,313589,18285,331874,3824
2021-08-14,San Francisco,075,870044,45677,44353,1946,46299,567
2021-08-14,San Joaquin,077,732212,82699,80585,4276,84861,1488
2021-08-14,San Luis Obispo,079,281455,23833,23328,909,24237,265
2021-08-14,San Mateo,081,765935,47957,46792,842,47634,548
2021-08-14,Santa Barbara,083,443738,38455,37118,1390,38508,475
2021-08-14,Santa Clara,085,1922200,130515,127432,964,128396,1772
2021-08-14,Santa Cruz,087,273765,17776,17384,903,18287,209
2021-08-14,Shasta,089,179085,14284,13813,1976,15789,211
2021-08-14,Sierra,091,2930,86,81,13,94,0
2021-08-14,Siskiyou,093,43540,2252,2160,546,2706,33
2021-08-14,Solano,095,438530,39240,37237,880,38117,263
2021-08-14,Sonoma,097,501317,35862,34606,426,35032,333
2021-08-14,Stanislaus,099,539301,63466,61564,6929,68493,1039
2021-08-14,Sutter,101,95872,11053,10808,120,10928,130
2021-08-14,Tehama,103,63373,5672,5530,696,6226,66
2021-08-14,Trinity,105,12862,552,399,123,522,3
2021-08-14,Tulare,107,460477,53302,51951,10651,62602,856
2021-08-14,Tuolumne,109,53932,5111,4924,48,4972,64
2021-08-14,Ventura,111,848112,88272,86569,3779,90348,1052
2021-08-14,Yolo,113,214977,16311,15815,679,16494,225
2021-08-14,Yuba,115,75493,7415,7223,169,7392,51
2021-08-13,Alameda,001,1643700,104399,100930,2369,103299,1284
2021-08-13,Alpine,003,1148,91,91,0,91,0
2021-08-13,Amador,005,37829,4325,4169,38,4207,49
2021-08-13,Butte,007,227075,14572,14100,2316,16416,206
2021-08-13,Calaveras,009,45235,2620,2564,18,2582,57
2021-08-13,Colusa,011,21464,2183,2123,423,2546,16
2021-08-13,Contra Costa,013,1133247,84428,81046,1674,82720,848
2021-08-13,Del Norte,015,27424,2258,1973,17,1990,8
2021-08-13,El Dorado,017,186661,12583,11951,1029,12980,118
2021-08-13,Fresno,019,978130,111723,108638,9757,118395,1753
2021-08-13,Glenn,021,27897,2626,2574,652,3226,20
2021-08-13,Humboldt,023,135768,6233,5882,112,5994,52
2021-08-13,Imperial,025,180216,29881,29654,2890,32544,745
2021-08-13,Inyo,027,18085,1490,1484,26,1510,39
2021-08-13,Kern,029,883053,103975,102029,13331,115360,1364
2021-08-13,Kings,031,150075,25215,24531,1322,25853,253
2021-08-13,Lake,033,64148,4973,4811,36,4847,68
2021-08-13,Lassen,035,31185,5542,5455,135,5590,21
2021-08-13,Los Angeles,037,10098052,1313482,1295406,48597,1344003,24891
2021-08-13,Madera,039,155013,18118,17614,1182,18796,246
2021-08-13,Marin,041,260295,15738,15380,322,15702,239
2021-08-13,Mariposa,043,17540,614,577,15,592,5
2021-08-13,Mendocino,045,87422,5190,4924,156,5080,49
2021-08-13,Merced,047,269075,33679,33111,1150,34261,480
2021-08-13,Modoc,049,8938,434,421,150,571,5
2021-08-13,Mono,051,14174,1351,1331,16,1347,3
2021-08-13,Monterey,053,433212,44922,44450,2307,46757,527
2021-08-13,Napa,055,140530,11120,10830,67,10897,83
2021-08-13,Nevada,057,99092,6707,6356,232,6588,74
2021-08-13,Orange,059,3164182,279337,274004,12860,286864,5159
2021-08-13,Placer,061,380077,28562,26987,2304,29291,306
2021-08-13,Plumas,063,18699,882,842,15,857,5
2021-08-13,Riverside,065,2383286,317997,312408,15021,327429,4581
2021-08-13,Sacramento,067,1510023,127851,122868,2565,125433,1758
2021-08-13,San Benito,069,59416,6505,6422,124,6546,64
2021-08-13,San Bernardino,071,2135413,316562,311378,9787,321165,5301
2021-08-13,San Diego,073,3302833,318490,312293,18205,330498,3821
2021-08-13,San Francisco,075,870044,45540,44196,1921,46117,567
2021-08-13,San Joaquin,077,732212,82482,80232,4260,84492,1481
2021-08-13,San Luis Obispo,079,281455,23771,23226,906,24132,265
2021-08-13,San Mateo,081,765935,47839,46660,833,47493,548
2021-08-13,Santa Barbara,083,443738,38371,37023,1386,38409,474
2021-08-13,Santa Clara,085,1922200,130228,126958,959,127917,1769
2021-08-13,Santa Cruz,087,273765,17737,17332,895,18227,209
2021-08-13,Shasta,089,179085,14221,13698,1962,15660,211
2021-08-13,Sierra,091,2930,85,81,13,94,0
2021-08-13,Siskiyou,093,43540,2243,2147,542,2689,33
2021-08-13,Solano,095,438530,39106,37104,872,37976,264
2021-08-13,Sonoma,097,501317,35757,34464,426,34890,333
2021-08-13,Stanislaus,099,539301,63283,61294,6887,68181,1039
2021-08-13,Sutter,101,95872,11009,10751,119,10870,130
2021-08-13,Tehama,103,63373,5648,5496,694,6190,66
2021-08-13,Trinity,105,12862,548,392,123,515,3
2021-08-13,Tulare,107,460477,53198,51770,10576,62346,856
2021-08-13,Tuolumne,109,53932,5078,4899,47,4946,64
2021-08-13,Ventura,111,848112,88114,86368,3766,90134,1052
2021-08-13,Yolo,113,214977,16258,15761,669,16430,225
2021-08-13,Yuba,115,75493,7377,7184,169,7353,51
2021-08-12,Alameda,001,1643700,103897,100472,2355,102827,1284
2021-08-12,Alpine,003,1148,91,91,0,91,0
2021-08-12,Amador,005,37829,4295,4161,37,4198,49
2021-08-12,Butte,007,227075,14494,14006,2298,16304,206
2021-08-12,Calaveras,009,45235,2600,2531,18,2549,57
2021-08-12,Colusa,011,21464,2178,2111,422,2533,17
2021-08-12,Contra Costa,013,1133247,83946,80738,1659,82397,846
2021-08-12,Del Norte,015,27424,2186,1923,17,1940,8
2021-08-12,El Dorado,017,186661,12469,11880,1021,12901,118
2021-08-12,Fresno,019,978130,111307,108193,9696,117889,1753
2021-08-12,Glenn,021,27897,2618,2559,646,3205,20
2021-08-12,Humboldt,023,135768,6163,5845,108,5953,52
2021-08-12,Imperial,025,180216,29825,29585,2884,32469,745
2021-08-12,Inyo,027,18085,1488,1483,26,1509,39
2021-08-12,Kern,029,883053,103688,101698,13251,114949,1364
2021-08-12,Kings,031,150075,25115,24423,1313,25736,252
2021-08-12,Lake,033,64148,4948,4774,35,4809,68
2021-08-12,Lassen,035,31185,5520,5428,134,5562,21
2021-08-12,Los Angeles,037,10098052,1310299,1291875,48462,1340337,24874
2021-08-12,Madera,039,155013,18054,17564,1170,18734,246
2021-08-12,Marin,041,260295,15689,15277,318,15595,239
2021-08-12,Mariposa,043,17540,605,568,14,582,5
2021-08-12,Mendocino,045,87422,5160,4873,150,5023,49
2021-08-12,Merced,047,269075,33555,32960,1143,34103,480
2021-08-12,Modoc,049,8938,433,423,150,573,5
2021-08-12,Mono,051,14174,1348,1325,16,1341,3
2021-08-12,Monterey,053,433212,44846,44383,2279,46662,527
2021-08-12,Napa,055,140530,11071,10780,66,10846,83
2021-08-12,Nevada,057,99092,6646,6283,232,6515,74
2021-08-12,Orange,059,3164182,278660,273167,12802,285969,5158
2021-08-12,Placer,061,380077,28362,26856,2280,29136,306
2021-08-12,Plumas,063,18699,874,829,15,844,5
2021-08-12,Riverside,065,2383286,316988,311304,14988,326292,4575
2021-08-12,Sacramento,067,1510023,127081,122222,2534,124756,1758
2021-08-12,San Benito,069,59416,6488,6398,122,6520,64
2021-08-12,San Bernardino,071,2135413,315688,310420,9758,320178,5297
2021-08-12,San Diego,073,3302833,317112,310596,18120,328716,3821
2021-08-12,San Francisco,075,870044,45332,43774,1905,45679,564
2021-08-12,San Joaquin,077,732212,82088,79945,4237,84182,1479
2021-08-12,San Luis Obispo,079,281455,23671,23101,893,23994,264
2021-08-12,San Mateo,081,765935,47695,46435,819,47254,548
2021-08-12,Santa Barbara,083,443738,38234,36881,1377,38258,473
2021-08-12,Santa Clara,085,1922200,129779,126614,953,127567,1769
2021-08-12,Santa Cruz,087,273765,17673,17261,894,18155,209
2021-08-12,Shasta,089,179085,14135,13621,1935,15556,211
2021-08-12,Sierra,091,2930,85,81,13,94,0
2021-08-12,Siskiyou,093,43540,2236,2134,532,2666,33
2021-08-12,Solano,095,438530,38877,36980,863,37843,262
2021-08-12,Sonoma,097,501317,35609,34299,423,34722,333
2021-08-12,Stanislaus,099,539301,63008,61026,6828,67854,1039
2021-08-12,Sutter,101,95872,10948,10695,117,10812,130
2021-08-12,Tehama,103,63373,5618,5462,685,6147,66
2021-08-12,Trinity,105,12862,544,386,122,508,3
2021-08-12,Tulare,107,460477,53053,51632,10525,62157,856
2021-08-12,Tuolumne,109,53932,5031,4845,45,4890,64
2021-08-12,Ventura,111,848112,87878,86106,3742,89848,1052
2021-08-12,Yolo,113,214977,16187,15686,656,16342,224
2021-08-12,Yuba,115,75493,7329,7128,168,7296,51
2021-08-11,Alameda,001,1643700,103367,100040,2350,102390,1281
2021-08-11,Alpine,003,1148,91,91,0,91,0
2021-08-11,Amador,005,37829,4271,4127,37,4164,49
2021-08-11,Butte,007,227075,14390,13905,2273,16178,206
2021-08-11,Calaveras,009,45235,2578,2505,18,2523,57
2021-08-11,Colusa,011,21464,2168,2101,420,2521,16
2021-08-11,Contra Costa,013,1133247,83448,80275,1642,81917,843
2021-08-11,Del Norte,015,27424,2127,1893,17,1910,8
2021-08-11,El Dorado,017,186661,12356,11799,1009,12808,119
2021-08-11,Fresno,019,978130,110849,107773,9653,117426,1751
2021-08-11,Glenn,021,27897,2610,2547,639,3186,20
2021-08-11,Humboldt,023,135768,6116,5765,107,5872,52
2021-08-11,Imperial,025,180216,29782,29565,2880,32445,745
2021-08-11,Inyo,027,18085,1488,1483,26,1509,39
2021-08-11,Kern,029,883053,103374,101448,13140,114588,1363
2021-08-11,Kings,031,150075,25000,24304,1304,25608,250
2021-08-11,Lake,033,64148,4911,4713,34,4747,68
2021-08-11,Lassen,035,31185,5511,5408,132,5540,21
2021-08-11,Los Angeles,037,10098052,1306989,1288238,48273,1336511,24851
2021-08-11,Madera,039,155013,18004,17511,1159,18670,245
2021-08-11,Marin,041,260295,15640,15235,318,15553,239
2021-08-11,Mariposa,043,17540,595,554,13,567,5
2021-08-11,Mendocino,045,87422,5091,4796,142,4938,49
2021-08-11,Merced,047,269075,33421,32802,1139,33941,479
2021-08-11,Modoc,049,8938,433,421,150,571,5
2021-08-11,Mono,051,14174,1343,1320,16,1336,3
2021-08-11,Monterey,053,433212,44747,44314,2252,46566,527
2021-08-11,Napa,055,140530,11030,10732,66,10798,83
2021-08-11,Nevada,057,99092,6591,6172,229,6401,74
2021-08-11,Orange,059,3164182,277807,272212,12760,284972,5155
2021-08-11,Placer,061,380077,28150,26687,2254,28941,305
2021-08-11,Plumas,063,18699,865,824,15,839,5
2021-08-11,Riverside,065,2383286,315995,310265,14944,325209,4570
2021-08-11,Sacramento,067,1510023,126288,121603,2491,124094,1757
2021-08-11,San Benito,069,59416,6475,6381,122,6503,64
2021-08-11,San Bernardino,071,2135413,314796,309498,9736,319234,5296
2021-08-11,San Diego,073,3302833,315626,309406,18021,327427,3818
2021-08-11,San Francisco,075,870044,45107,43555,1895,45450,564
2021-08-11,San Joaquin,077,732212,81682,79641,4210,83851,1478
2021-08-11,San Luis Obispo,079,281455,23567,22920,886,23806,264
2021-08-11,San Mateo,081,765935,47527,46300,805,47105,548
2021-08-11,Santa Barbara,083,443738,38072,36699,1367,38066,472
2021-08-11,Santa Clara,085,1922200,129299,126301,944,127245,1769
2021-08-11,Santa Cruz,087,273765,17607,17191,891,18082,209
2021-08-11,Shasta,089,179085,14061,13546,1918,15464,211
2021-08-11,Sierra,091,2930,84,81,13,94,0
2021-08-11,Siskiyou,093,43540,2222,2124,525,2649,33
2021-08-11,Solano,095,438530,38641,36862,849,37711,262
2021-08-11,Sonoma,097,501317,35432,34188,418,34606,333
2021-08-11,Stanislaus,099,539301,62664,60767,6798,67565,1037
2021-08-11,Sutter,101,95872,10876,10628,117,10745,130
2021-08-11,Tehama,103,63373,5588,5410,668,6078,66
2021-08-11,Trinity,105,12862,542,385,122,507,3
2021-08-11,Tulare,107,460477,52884,51464,10479,61943,854
2021-08-11,Tuolumne,109,53932,4999,4794,45,4839,64
2021-08-11,Ventura,111,848112,87626,85863,3721,89584,1051
2021-08-11,Yolo,113,214977,16112,15593,642,16235,218
2021-08-11,Yuba,115,75493,7270,7063,167,7230,53
2021-08-10,Alameda,001,1643700,102879,99771,2341,102112,1281
2021-08-10,Alpine,003,1148,91,91,0,91,0
2021-08-10,Amador,005,37829,4255,4093,37,4130,49
2021-08-10,Butte,007,227075,14306,13853,2251,16104,205
2021-08-10,Calaveras,009,45235,2555,2491,16,2507,57
2021-08-10,Colusa,011,21464,2155,2088,411,2499,16
2021-08-10,Contra Costa,013,1133247,82907,80018,1631,81649,840
2021-08-10,Del Norte,015,27424,2083,1870,17,1887,8
2021-08-10,El Dorado,017,186661,12257,11734,999,12733,117
2021-08-10,Fresno,019,978130,110396,107616,9603,117219,1747
2021-08-10,Glenn,021,27897,2597,2538,630,3168,20
2021-08-10,Humboldt,023,135768,6062,5718,104,5822,52
2021-08-10,Imperial,025,180216,29747,29522,2874,32396,745
2021-08-10,Inyo,027,18085,1488,1482,26,1508,39
2021-08-10,Kern,029,883053,103046,101254,13043,114297,1359
2021-08-10,Kings,031,150075,24871,24252,1288,25540,251
2021-08-10,Lake,033,64148,4870,4700,34,4734,67
2021-08-10,Lassen,035,31185,5493,5401,132,5533,21
2021-08-10,Los Angeles,037,10098052,1303249,1285140,48108,1333248,24821
2021-08-10,Madera,039,155013,17931,17481,1149,18630,245
2021-08-10,Marin,041,260295,15593,15194,318,15512,239
2021-08-10,Mariposa,043,17540,582,550,13,563,5
2021-08-10,Mendocino,045,87422,5046,4775,139,4914,49
2021-08-10,Merced,047,269075,33273,32721,1131,33852,477
2021-08-10,Modoc,049,8938,432,421,150,571,5
2021-08-10,Mono,051,14174,1338,1320,16,1336,3
2021-08-10,Monterey,053,433212,44685,44259,2226,46485,527
2021-08-10,Napa,055,140530,10974,10703,65,10768,83
2021-08-10,Nevada,057,99092,6525,6151,228,6379,73
2021-08-10,Orange,059,3164182,276922,271688,12713,284401,5155
2021-08-10,Placer,061,380077,27931,26561,2212,28773,305
2021-08-10,Plumas,063,18699,856,816,15,831,5
2021-08-10,Riverside,065,2383286,314880,309529,14918,324447,4564
2021-08-10,Sacramento,067,1510023,125436,121159,2461,123620,1755
2021-08-10,San Benito,069,59416,6461,6371,122,6493,64
2021-08-10,San Bernardino,071,2135413,313877,308672,9719,318391,5295
2021-08-10,San Diego,073,3302833,313963,308288,17945,326233,3815
2021-08-10,San Francisco,075,870044,44851,43389,1867,45256,564
2021-08-10,San Joaquin,077,732212,81281,79391,4193,83584,1478
2021-08-10,San Luis Obispo,079,281455,23441,22776,884,23660,264
2021-08-10,San Mateo,081,765935,47351,46184,788,46972,548
2021-08-10,Santa Barbara,083,443738,37908,36574,1360,37934,472
2021-08-10,Santa Clara,085,1922200,128837,126019,935,126954,1770
2021-08-10,Santa Cruz,087,273765,17524,17142,889,18031,209
2021-08-10,Shasta,089,179085,13983,13461,1894,15355,211
2021-08-10,Sierra,091,2930,84,76,13,89,0
2021-08-10,Siskiyou,093,43540,2214,2088,517,2605,33
2021-08-10,Solano,095,438530,38396,36767,839,37606,262
2021-08-10,Sonoma,097,501317,35288,34054,415,34469,333
2021-08-10,Stanislaus,099,539301,62315,60605,6760,67365,1037
2021-08-10,Sutter,101,95872,10811,10569,117,10686,130
2021-08-10,Tehama,103,63373,5559,5392,663,6055,66
2021-08-10,Trinity,105,12862,542,384,122,506,3
2021-08-10,Tulare,107,460477,52721,51390,10428,61818,854
2021-08-10,Tuolumne,109,53932,4971,4780,43,4823,64
2021-08-10,Ventura,111,848112,87336,85714,3700,89414,1051
2021-08-10,Yolo,113,214977,16024,15568,631,16199,218
2021-08-10,Yuba,115,75493,7220,7028,167,7195,50
2021-08-09,Alameda,001,1643700,102318,99496,2337,101833,1276
2021-08-09,Alpine,003,1148,91,91,0,91,0
2021-08-09,Amador,005,37829,4229,4078,37,4115,48
2021-08-09,Butte,007,227075,14211,13813,2220,16033,205
2021-08-09,Calaveras,009,45235,2527,2472,16,2488,57
2021-08-09,Colusa,011,21464,2145,2075,403,2478,16
2021-08-09,Contra Costa,013,1133247,82362,79740,1619,81359,840
2021-08-09,Del Norte,015,27424,2015,1848,17,1865,8
2021-08-09,El Dorado,017,186661,12149,11672,985,12657,117
2021-08-09,Fresno,019,978130,109904,107310,9567,116877,1747
2021-08-09,Glenn,021,27897,2586,2532,620,3152,20
2021-08-09,Humboldt,023,135768,5971,5632,102,5734,52
2021-08-09,Imperial,025,180216,29703,29512,2869,32381,745
2021-08-09,Inyo,027,18085,1488,1481,26,1507,39
2021-08-09,Kern,029,883053,102735,101069,12957,114026,1359
2021-08-09,Kings,031,150075,24764,24155,1273,25428,250
2021-08-09,Lake,033,64148,4835,4670,32,4702,66
2021-08-09,Lassen,035,31185,5471,5393,131,5524,21
2021-08-09,Los Angeles,037,10098052,1299255,1282891,47914,1330805,24798
2021-08-09,Madera,039,155013,17872,17429,1129,18558,245
2021-08-09,Marin,041,260295,15540,15154,317,15471,239
2021-08-09,Mariposa,043,17540,569,545,13,558,5
2021-08-09,Mendocino,045,87422,4995,4732,131,4863,49
2021-08-09,Merced,047,269075,33127,32666,1124,33790,477
2021-08-09,Modoc,049,8938,432,419,150,569,5
2021-08-09,Mono,051,14174,1335,1337,16,1353,3
2021-08-09,Monterey,053,433212,44612,44190,2201,46391,527
2021-08-09,Napa,055,140530,10927,10679,65,10744,83
2021-08-09,Nevada,057,99092,6454,6088,227,6315,73
2021-08-09,Orange,059,3164182,275889,271036,12661,283697,5153
2021-08-09,Placer,061,380077,27708,26457,2181,28638,305
2021-08-09,Plumas,063,18699,839,803,15,818,5
2021-08-09,Riverside,065,2383286,313802,308678,14898,323576,4562
2021-08-09,Sacramento,067,1510023,124601,120812,2436,123248,1748
2021-08-09,San Benito,069,59416,6441,6359,120,6479,63
2021-08-09,San Bernardino,071,2135413,312895,308038,9695,317733,5295
2021-08-09,San Diego,073,3302833,312291,306855,17850,324705,3811
2021-08-09,San Francisco,075,870044,44606,43261,1846,45107,564
2021-08-09,San Joaquin,077,732212,80897,79198,4175,83373,1469
2021-08-09,San Luis Obispo,079,281455,23302,22695,875,23570,264
2021-08-09,San Mateo,081,765935,47179,46040,768,46808,548
2021-08-09,Santa Barbara,083,443738,37722,36474,1352,37826,470
2021-08-09,Santa Clara,085,1922200,128333,125791,925,126716,2187
2021-08-09,Santa Cruz,087,273765,17463,17082,889,17971,209
2021-08-09,Shasta,089,179085,13866,13397,1883,15280,210
2021-08-09,Sierra,091,2930,83,75,13,88,0
2021-08-09,Siskiyou,093,43540,2202,2047,499,2546,32
2021-08-09,Solano,095,438530,38120,36653,837,37490,262
2021-08-09,Sonoma,097,501317,35107,33933,413,34346,333
2021-08-09,Stanislaus,099,539301,62032,60410,6709,67119,1037
2021-08-09,Sutter,101,95872,10762,10525,114,10639,129
2021-08-09,Tehama,103,63373,5516,5373,661,6034,66
2021-08-09,Trinity,105,12862,540,378,120,498,3
2021-08-09,Tulare,107,460477,52561,51274,10362,61636,854
2021-08-09,Tuolumne,109,53932,4929,4745,43,4788,64
2021-08-09,Ventura,111,848112,87065,85514,3690,89204,1047
2021-08-09,Yolo,113,214977,15946,15521,610,16131,218
2021-08-09,Yuba,115,75493,7161,6994,167,7161,50
2021-08-08,Alameda,001,1643700,101762,99135,2329,101464,1276
2021-08-08,Alpine,003,1148,91,91,0,91,0
2021-08-08,Amador,005,37829,4195,4057,36,4093,48
2021-08-08,Butte,007,227075,14126,13791,2201,15992,205
2021-08-08,Calaveras,009,45235,2495,2462,16,2478,57
2021-08-08,Colusa,011,21464,2128,2070,396,2466,16
2021-08-08,Contra Costa,013,1133247,81839,79454,1612,81066,840
2021-08-08,Del Norte,015,27424,1968,1810,17,1827,8
2021-08-08,El Dorado,017,186661,12030,11631,974,12605,117
2021-08-08,Fresno,019,978130,109466,107078,9535,116613,1747
2021-08-08,Glenn,021,27897,2576,2527,615,3142,20
2021-08-08,Humboldt,023,135768,5880,5571,102,5673,52
2021-08-08,Imperial,025,180216,29679,29485,2859,32344,745
2021-08-08,Inyo,027,18085,1488,1481,26,1507,39
2021-08-08,Kern,029,883053,102416,100909,12844,113753,1359
2021-08-08,Kings,031,150075,24650,24095,1264,25359,250
2021-08-08,Lake,033,64148,4785,4636,31,4667,66
2021-08-08,Lassen,035,31185,5456,5391,130,5521,21
2021-08-08,Los Angeles,037,10098052,1295018,1279982,47727,1327709,24793
2021-08-08,Madera,039,155013,17793,17398,1112,18510,245
2021-08-08,Marin,041,260295,15487,15124,315,15439,239
2021-08-08,Mariposa,043,17540,565,538,13,551,5
2021-08-08,Mendocino,045,87422,4933,4702,118,4820,49
2021-08-08,Merced,047,269075,32980,32634,1115,33749,477
2021-08-08,Modoc,049,8938,431,419,149,568,5
2021-08-08,Mono,051,14174,1331,1336,16,1352,3
2021-08-08,Monterey,053,433212,44542,44171,2181,46352,527
2021-08-08,Napa,055,140530,10891,10668,65,10733,83
2021-08-08,Nevada,057,99092,6369,6009,224,6233,73
2021-08-08,Orange,059,3164182,274977,270532,12622,283154,5153
2021-08-08,Placer,061,380077,27502,26332,2139,28471,305
2021-08-08,Plumas,063,18699,830,803,15,818,5
2021-08-08,Riverside,065,2383286,312680,308042,14874,322916,4562
2021-08-08,Sacramento,067,1510023,123774,120109,2423,122532,1744
2021-08-08,San Benito,069,59416,6424,6350,119,6469,63
2021-08-08,San Bernardino,071,2135413,311749,307378,9665,317043,5295
2021-08-08,San Diego,073,3302833,310944,305983,17756,323739,3811
2021-08-08,San Francisco,075,870044,44351,43098,1820,44918,564
2021-08-08,San Joaquin,077,732212,80449,79002,4159,83161,1469
2021-08-08,San Luis Obispo,079,281455,23128,22668,867,23535,263
2021-08-08,San Mateo,081,765935,46989,45927,753,46680,548
2021-08-08,Santa Barbara,083,443738,37546,36417,1345,37762,470
2021-08-08,Santa Clara,085,1922200,127882,125553,919,126472,2187
2021-08-08,Santa Cruz,087,273765,17388,17035,884,17919,209
2021-08-08,Shasta,089,179085,13780,13381,1872,15253,210
2021-08-08,Sierra,091,2930,83,74,13,87,0
2021-08-08,Siskiyou,093,43540,2186,2041,494,2535,32
2021-08-08,Solano,095,438530,37868,36551,834,37385,262
2021-08-08,Sonoma,097,501317,34863,33805,412,34217,333
2021-08-08,Stanislaus,099,539301,61688,60269,6664,66933,1037
2021-08-08,Sutter,101,95872,10702,10481,113,10594,129
2021-08-08,Tehama,103,63373,5478,5359,658,6017,66
2021-08-08,Trinity,105,12862,535,378,120,498,3
2021-08-08,Tulare,107,460477,52381,51220,10302,61522,854
2021-08-08,Tuolumne,109,53932,4890,4731,43,4774,64
2021-08-08,Ventura,111,848112,86774,85382,3680,89062,1047
2021-08-08,Yolo,113,214977,15854,15477,603,16080,218
2021-08-08,Yuba,115,75493,7122,6967,167,7134,50
2021-08-07,Alameda,001,1643700,101512,98812,2323,101135,1276
2021-08-07,Alpine,003,1148,91,91,0,91,0
2021-08-07,Amador,005,37829,4178,4041,35,4076,48
2021-08-07,Butte,007,227075,14074,13714,2190,15904,205
2021-08-07,Calaveras,009,45235,2485,2446,16,2462,57
2021-08-07,Colusa,011,21464,2123,2067,387,2454,16
2021-08-07,Contra Costa,013,1133247,81543,79168,1608,80776,840
2021-08-07,Del Norte,015,27424,1936,1791,17,1808,8
2021-08-07,El Dorado,017,186661,11980,11575,967,12542,117
2021-08-07,Fresno,019,978130,109264,106861,9513,116374,1747
2021-08-07,Glenn,021,27897,2569,2515,614,3129,20
2021-08-07,Humboldt,023,135768,5830,5510,99,5609,52
2021-08-07,Imperial,025,180216,29660,29470,2859,32329,745
2021-08-07,Inyo,027,18085,1486,1476,26,1502,39
2021-08-07,Kern,029,883053,102258,100693,12789,113482,1359
2021-08-07,Kings,031,150075,24592,24048,1258,25306,250
2021-08-07,Lake,033,64148,4764,4613,31,4644,66
2021-08-07,Lassen,035,31185,5452,5386,130,5516,21
2021-08-07,Los Angeles,037,10098052,1293016,1276853,47576,1324429,24786
2021-08-07,Madera,039,155013,17758,17366,1107,18473,245
2021-08-07,Marin,041,260295,15453,15085,313,15398,239
2021-08-07,Mariposa,043,17540,562,530,13,543,5
2021-08-07,Mendocino,045,87422,4897,4690,116,4806,49
2021-08-07,Merced,047,269075,32916,32569,1112,33681,477
2021-08-07,Modoc,049,8938,431,419,149,568,5
2021-08-07,Mono,051,14174,1329,1329,16,1345,3
2021-08-07,Monterey,053,433212,44490,44124,2172,46296,527
2021-08-07,Napa,055,140530,10870,10658,64,10722,83
2021-08-07,Nevada,057,99092,6319,5967,222,6189,73
2021-08-07,Orange,059,3164182,274389,269900,12591,282491,5153
2021-08-07,Placer,061,380077,27315,26244,2131,28375,305
2021-08-07,Plumas,063,18699,825,801,15,816,5
2021-08-07,Riverside,065,2383286,312008,307326,14866,322192,4562
2021-08-07,Sacramento,067,1510023,123274,119636,2419,122055,1744
2021-08-07,San Benito,069,59416,6414,6332,119,6451,63
2021-08-07,San Bernardino,071,2135413,311162,306663,9648,316311,5295
2021-08-07,San Diego,073,3302833,310189,304974,17720,322694,3811
2021-08-07,San Francisco,075,870044,44179,42926,1793,44719,564
2021-08-07,San Joaquin,077,732212,80285,78769,4145,82914,1469
2021-08-07,San Luis Obispo,079,281455,23059,22579,866,23445,263
2021-08-07,San Mateo,081,765935,46862,45804,742,46546,548
2021-08-07,Santa Barbara,083,443738,37450,36303,1339,37642,470
2021-08-07,Santa Clara,085,1922200,127611,125196,914,126110,2188
2021-08-07,Santa Cruz,087,273765,17346,16994,882,17876,209
2021-08-07,Shasta,089,179085,13725,13361,1864,15225,210
2021-08-07,Sierra,091,2930,83,74,13,87,0
2021-08-07,Siskiyou,093,43540,2174,2039,492,2531,32
2021-08-07,Solano,095,438530,37752,36458,826,37284,262
2021-08-07,Sonoma,097,501317,34741,33716,412,34128,333
2021-08-07,Stanislaus,099,539301,61499,60093,6634,66727,1037
2021-08-07,Sutter,101,95872,10665,10447,113,10560,129
2021-08-07,Tehama,103,63373,5468,5343,653,5996,66
2021-08-07,Trinity,105,12862,531,377,119,496,3
2021-08-07,Tulare,107,460477,52294,51133,10264,61397,854
2021-08-07,Tuolumne,109,53932,4860,4721,43,4764,64
2021-08-07,Ventura,111,848112,86594,85232,3665,88897,1047
2021-08-07,Yolo,113,214977,15810,15423,595,16018,218
2021-08-07,Yuba,115,75493,7098,6937,165,7102,50
2021-08-06,Alameda,001,1643700,101181,98487,2316,100803,1275
2021-08-06,Alpine,003,1148,91,91,0,91,0
2021-08-06,Amador,005,37829,4157,4002,35,4037,48
2021-08-06,Butte,007,227075,14026,13626,2178,15804,205
2021-08-06,Calaveras,009,45235,2475,2419,16,2435,57
2021-08-06,Colusa,011,21464,2117,2045,381,2426,16
2021-08-06,Contra Costa,013,1133247,81249,78796,1602,80398,840
2021-08-06,Del Norte,015,27424,1909,1755,16,1771,8
2021-08-06,El Dorado,017,186661,11931,11498,955,12453,117
2021-08-06,Fresno,019,978130,109003,106542,9487,116029,1747
2021-08-06,Glenn,021,27897,2554,2504,612,3116,20
2021-08-06,Humboldt,023,135768,5779,5421,96,5517,52
2021-08-06,Imperial,025,180216,29649,29404,2855,32259,745
2021-08-06,Inyo,027,18085,1483,1471,26,1497,39
2021-08-06,Kern,029,883053,102081,100427,12703,113130,1359
2021-08-06,Kings,031,150075,24535,23974,1254,25228,250
2021-08-06,Lake,033,64148,4741,4557,31,4588,66
2021-08-06,Lassen,035,31185,5430,5368,128,5496,21
2021-08-06,Los Angeles,037,10098052,1290536,1273081,47426,1320507,24772
2021-08-06,Madera,039,155013,17720,17324,1098,18422,245
2021-08-06,Marin,041,260295,15420,15051,313,15364,239
2021-08-06,Mariposa,043,17540,553,511,13,524,5
2021-08-06,Mendocino,045,87422,4855,4649,115,4764,49
2021-08-06,Merced,047,269075,32856,32456,1109,33565,477
2021-08-06,Modoc,049,8938,431,419,149,568,5
2021-08-06,Mono,051,14174,1327,1328,16,1344,3
2021-08-06,Monterey,053,433212,44422,44058,2150,46208,527
2021-08-06,Napa,055,140530,10843,10620,64,10684,83
2021-08-06,Nevada,057,99092,6263,5874,222,6096,73
2021-08-06,Orange,059,3164182,273828,269077,12574,281651,5151
2021-08-06,Placer,061,380077,27192,26086,2109,28195,305
2021-08-06,Plumas,063,18699,816,795,15,810,5
2021-08-06,Riverside,065,2383286,311298,306304,14855,321159,4562
2021-08-06,Sacramento,067,1510023,122786,119169,2398,121567,1740
2021-08-06,San Benito,069,59416,6397,6315,119,6434,63
2021-08-06,San Bernardino,071,2135413,310463,305806,9639,315445,5286
2021-08-06,San Diego,073,3302833,309151,303691,17671,321362,3810
2021-08-06,San Francisco,075,870044,44022,42659,1770,44429,565
2021-08-06,San Joaquin,077,732212,80137,78405,4133,82538,1469
2021-08-06,San Luis Obispo,079,281455,22991,22472,861,23333,263
2021-08-06,San Mateo,081,765935,46709,45665,726,46391,548
2021-08-06,Santa Barbara,083,443738,37360,36208,1335,37543,470
2021-08-06,Santa Clara,085,1922200,127320,124767,909,125676,2185
2021-08-06,Santa Cruz,087,273765,17304,16924,878,17802,207
2021-08-06,Shasta,089,179085,13659,13284,1858,15142,210
2021-08-06,Sierra,091,2930,83,73,13,86,0
2021-08-06,Siskiyou,093,43540,2164,2030,488,2518,32
2021-08-06,Solano,095,438530,37642,36351,817,37168,262
2021-08-06,Sonoma,097,501317,34654,33594,411,34005,333
2021-08-06,Stanislaus,099,539301,61345,59854,6613,66467,1037
2021-08-06,Sutter,101,95872,10622,10391,113,10504,128
2021-08-06,Tehama,103,63373,5444,5325,652,5977,66
2021-08-06,Trinity,105,12862,530,371,118,489,3
2021-08-06,Tulare,107,460477,52194,51018,10217,61235,854
2021-08-06,Tuolumne,109,53932,4833,4674,43,4717,64
2021-08-06,Ventura,111,848112,86423,85046,3653,88699,1047
2021-08-06,Yolo,113,214977,15757,15299,590,15889,218
2021-08-06,Yuba,115,75493,7075,6904,165,7069,50
2021-08-05,Alameda,001,1643700,100690,98052,2311,100363,1275
2021-08-05,Alpine,003,1148,91,91,0,91,0
2021-08-05,Amador,005,37829,4137,3992,35,4027,48
2021-08-05,Butte,007,227075,13970,13564,2156,15720,206
2021-08-05,Calaveras,009,45235,2457,2397,16,2413,57
2021-08-05,Colusa,011,21464,2105,2036,377,2413,16
2021-08-05,Contra Costa,013,1133247,80822,78514,1594,80108,840
2021-08-05,Del Norte,015,27424,1882,1731,16,1747,8
2021-08-05,El Dorado,017,186661,11847,11408,944,12352,117
2021-08-05,Fresno,019,978130,108634,106219,9451,115670,1747
2021-08-05,Glenn,021,27897,2549,2494,609,3103,20
2021-08-05,Humboldt,023,135768,5705,5328,95,5423,52
2021-08-05,Imperial,025,180216,29618,29383,2851,32234,745
2021-08-05,Inyo,027,18085,1479,1468,26,1494,38
2021-08-05,Kern,029,883053,101859,100091,12618,112709,1358
2021-08-05,Kings,031,150075,24451,23906,1249,25155,249
2021-08-05,Lake,033,64148,4702,4490,29,4519,66
2021-08-05,Lassen,035,31185,5422,5344,128,5472,21
2021-08-05,Los Angeles,037,10098052,1287327,1269445,47297,1316742,24756
2021-08-05,Madera,039,155013,17679,17301,1090,18391,245
2021-08-05,Marin,041,260295,15376,15005,309,15314,239
2021-08-05,Mariposa,043,17540,542,504,12,516,5
2021-08-05,Mendocino,045,87422,4812,4597,106,4703,49
2021-08-05,Merced,047,269075,32788,32381,1098,33479,477
2021-08-05,Modoc,049,8938,430,418,149,567,5
2021-08-05,Mono,051,14174,1317,1309,16,1325,3
2021-08-05,Monterey,053,433212,44364,43992,2129,46121,527
2021-08-05,Napa,055,140530,10807,10591,62,10653,83
2021-08-05,Nevada,057,99092,6181,5778,219,5997,73
2021-08-05,Orange,059,3164182,273051,268329,12549,280878,5149
2021-08-05,Placer,061,380077,26992,25965,2082,28047,305
2021-08-05,Plumas,063,18699,807,787,14,801,5
2021-08-05,Riverside,065,2383286,310381,305415,14827,320242,4562
2021-08-05,Sacramento,067,1510023,122077,118590,2385,120975,1739
2021-08-05,San Benito,069,59416,6379,6305,119,6424,63
2021-08-05,San Bernardino,071,2135413,309626,304956,9618,314574,5284
2021-08-05,San Diego,073,3302833,307871,302220,17594,319814,3806
2021-08-05,San Francisco,075,870044,43812,42301,1757,44058,564
2021-08-05,San Joaquin,077,732212,79777,78151,4115,82266,1468
2021-08-05,San Luis Obispo,079,281455,22877,22362,855,23217,263
2021-08-05,San Mateo,081,765935,46537,45554,714,46268,548
2021-08-05,Santa Barbara,083,443738,37255,36112,1332,37444,470
2021-08-05,Santa Clara,085,1922200,126987,124490,909,125399,2185
2021-08-05,Santa Cruz,087,273765,17261,16867,875,17742,207
2021-08-05,Shasta,089,179085,13601,13217,1849,15066,210
2021-08-05,Sierra,091,2930,78,73,13,86,0
2021-08-05,Siskiyou,093,43540,2143,2024,478,2502,32
2021-08-05,Solano,095,438530,37461,36250,810,37060,262
2021-08-05,Sonoma,097,501317,34519,33455,410,33865,330
2021-08-05,Stanislaus,099,539301,61098,59692,6575,66267,1037
2021-08-05,Sutter,101,95872,10567,10349,113,10462,127
2021-08-05,Tehama,103,63373,5426,5305,648,5953,66
2021-08-05,Trinity,105,12862,524,367,118,485,3
2021-08-05,Tulare,107,460477,52078,50889,10160,61049,854
2021-08-05,Tuolumne,109,53932,4803,4619,43,4662,64
2021-08-05,Ventura,111,848112,86173,84837,3639,88476,1047
2021-08-05,Yolo,113,214977,15691,15250,580,15830,218
2021-08-05,Yuba,115,75493,7032,6872,163,7035,50
2021-08-04,Alameda,001,1643700,100185,97477,2300,99777,1274
2021-08-04,Alpine,003,1148,91,91,0,91,0
2021-08-04,Amador,005,37829,4107,3962,34,3996,48
2021-08-04,Butte,007,227075,13903,13509,2140,15649,205
2021-08-04,Calaveras,009,45235,2434,2374,16,2390,57
2021-08-04,Colusa,011,21464,2093,2025,371,2396,16
2021-08-04,Contra Costa,013,1133247,80305,77966,1588,79554,840
2021-08-04,Del Norte,015,27424,1859,1701,16,1717,8
2021-08-04,El Dorado,017,186661,11769,11319,933,12252,117
2021-08-04,Fresno,019,978130,108270,105899,9414,115313,1747
2021-08-04,Glenn,021,27897,2541,2487,609,3096,20
2021-08-04,Humboldt,023,135768,5629,5271,94,5365,52
2021-08-04,Imperial,025,180216,29570,29375,2849,32224,745
2021-08-04,Inyo,027,18085,1478,1465,26,1491,38
2021-08-04,Kern,029,883053,101609,99868,12533,112401,1358
2021-08-04,Kings,031,150075,24381,23840,1241,25081,250
2021-08-04,Lake,033,64148,4671,4423,23,4446,65
2021-08-04,Lassen,035,31185,5414,5340,128,5468,21
2021-08-04,Los Angeles,037,10098052,1283858,1265788,47139,1312927,24737
2021-08-04,Madera,039,155013,17644,17251,1083,18334,245
2021-08-04,Marin,041,260295,15329,14950,308,15258,239
2021-08-04,Mariposa,043,17540,527,497,12,509,5
2021-08-04,Mendocino,045,87422,4788,4560,102,4662,49
2021-08-04,Merced,047,269075,32650,32274,1093,33367,476
2021-08-04,Modoc,049,8938,430,416,149,565,5
2021-08-04,Mono,051,14174,1314,1307,16,1323,3
2021-08-04,Monterey,053,433212,44299,43926,2112,46038,526
2021-08-04,Napa,055,140530,10770,10544,62,10606,82
2021-08-04,Nevada,057,99092,6116,5702,218,5920,73
2021-08-04,Orange,059,3164182,272179,267199,12510,279709,5146
2021-08-04,Placer,061,380077,26775,25688,2062,27750,305
2021-08-04,Plumas,063,18699,801,784,14,798,5
2021-08-04,Riverside,065,2383286,309456,304272,14801,319073,4562
2021-08-04,Sacramento,067,1510023,121318,117882,2359,120241,1736
2021-08-04,San Benito,069,59416,6364,6300,119,6419,63
2021-08-04,San Bernardino,071,2135413,308770,304164,9601,313765,5285
2021-08-04,San Diego,073,3302833,306348,301100,17534,318634,3805
2021-08-04,San Francisco,075,870044,43558,41913,1741,43654,562
2021-08-04,San Joaquin,077,732212,79420,77846,4103,81949,1466
2021-08-04,San Luis Obispo,079,281455,22769,22245,849,23094,262
2021-08-04,San Mateo,081,765935,46362,45392,706,46098,548
2021-08-04,Santa Barbara,083,443738,37127,36013,1324,37337,470
2021-08-04,Santa Clara,085,1922200,126596,124127,902,125029,2183
2021-08-04,Santa Cruz,087,273765,17200,16820,868,17688,208
2021-08-04,Shasta,089,179085,13549,13134,1838,14972,211
2021-08-04,Sierra,091,2930,78,73,13,86,0
2021-08-04,Siskiyou,093,43540,2123,2010,473,2483,32
2021-08-04,Solano,095,438530,37261,36025,801,36826,262
2021-08-04,Sonoma,097,501317,34348,33311,408,33719,330
2021-08-04,Stanislaus,099,539301,60859,59396,6536,65932,1037
2021-08-04,Sutter,101,95872,10530,10294,113,10407,127
2021-08-04,Tehama,103,63373,5400,5281,643,5924,66
2021-08-04,Trinity,105,12862,522,362,115,477,3
2021-08-04,Tulare,107,460477,51968,50797,10116,60913,855
2021-08-04,Tuolumne,109,53932,4778,4584,43,4627,64
2021-08-04,Ventura,111,848112,85915,84406,3617,88023,1047
2021-08-04,Yolo,113,214977,15613,15189,567,15756,215
2021-08-04,Yuba,115,75493,6992,6827,161,6988,50
2021-08-03,Alameda,001,1643700,99727,97275,2295,99570,1270
2021-08-03,Alpine,003,1148,91,91,0,91,0
2021-08-03,Amador,005,37829,4071,3953,34,3987,48
2021-08-03,Butte,007,227075,13837,13468,2125,15593,205
2021-08-03,Calaveras,009,45235,2411,2356,16,2372,57
2021-08-03,Colusa,011,21464,2080,2023,365,2388,16
2021-08-03,Contra Costa,013,1133247,79822,77739,1581,79320,836
2021-08-03,Del Norte,015,27424,1827,1691,15,1706,8
2021-08-03,El Dorado,017,186661,11679,11255,923,12178,117
2021-08-03,Fresno,019,978130,107911,105732,9382,115114,1746
2021-08-03,Glenn,021,27897,2534,2481,607,3088,20
2021-08-03,Humboldt,023,135768,5564,5199,89,5288,52
2021-08-03,Imperial,025,180216,29548,29333,2842,32175,745
2021-08-03,Inyo,027,18085,1475,1459,26,1485,38
2021-08-03,Kern,029,883053,101347,99708,12454,112162,1358
2021-08-03,Kings,031,150075,24294,23780,1234,25014,249
2021-08-03,Lake,033,64148,4615,4408,19,4427,66
2021-08-03,Lassen,035,31185,5404,5341,128,5469,21
2021-08-03,Los Angeles,037,10098052,1280129,1262678,46965,1309643,24721
2021-08-03,Madera,039,155013,17603,17220,1068,18288,245
2021-08-03,Marin,041,260295,15280,14906,305,15211,243
2021-08-03,Mariposa,043,17540,516,495,12,507,5
2021-08-03,Mendocino,045,87422,4739,4546,100,4646,49
2021-08-03,Merced,047,269075,32567,32197,1091,33288,476
2021-08-03,Modoc,049,8938,430,416,149,565,5
2021-08-03,Mono,051,14174,1310,1303,16,1319,3
2021-08-03,Monterey,053,433212,44236,43872,2096,45968,525
2021-08-03,Napa,055,140530,10727,10527,61,10588,82
2021-08-03,Nevada,057,99092,6035,5685,217,5902,73
2021-08-03,Orange,059,3164182,271439,266649,12479,279128,5146
2021-08-03,Placer,061,380077,26573,25624,2037,27661,305
2021-08-03,Plumas,063,18699,795,779,14,793,5
2021-08-03,Riverside,065,2383286,308532,303499,14774,318273,4562
2021-08-03,Sacramento,067,1510023,120575,117591,2338,119929,1732
2021-08-03,San Benito,069,59416,6348,6284,118,6402,63
2021-08-03,San Bernardino,071,2135413,307848,303386,9581,312967,5265
2021-08-03,San Diego,073,3302833,304899,300189,17434,317623,3803
2021-08-03,San Francisco,075,870044,43275,41758,1717,43475,562
2021-08-03,San Joaquin,077,732212,79071,77615,4082,81697,1461
2021-08-03,San Luis Obispo,079,281455,22629,22166,842,23008,264
2021-08-03,San Mateo,081,765935,46168,45255,686,45941,548
2021-08-03,Santa Barbara,083,443738,37008,35912,1318,37230,469
2021-08-03,Santa Clara,085,1922200,126175,123914,896,124810,2183
2021-08-03,Santa Cruz,087,273765,17133,16778,865,17643,207
2021-08-03,Shasta,089,179085,13475,13091,1827,14918,211
2021-08-03,Sierra,091,2930,78,72,13,85,0
2021-08-03,Siskiyou,093,43540,2112,1998,468,2466,32
2021-08-03,Solano,095,438530,37041,35953,789,36742,261
2021-08-03,Sonoma,097,501317,34166,33243,407,33650,330
2021-08-03,Stanislaus,099,539301,60626,59282,6518,65800,1037
2021-08-03,Sutter,101,95872,10490,10263,112,10375,127
2021-08-03,Tehama,103,63373,5375,5269,638,5907,66
2021-08-03,Trinity,105,12862,518,361,112,473,3
2021-08-03,Tulare,107,460477,51872,50729,10070,60799,854
2021-08-03,Tuolumne,109,53932,4743,4563,43,4606,64
2021-08-03,Ventura,111,848112,85671,84270,3596,87866,1046
2021-08-03,Yolo,113,214977,15522,15149,553,15702,215
2021-08-03,Yuba,115,75493,6956,6781,159,6940,50
2021-08-02,Alameda,001,1643700,99168,96954,2290,99244,1270
2021-08-02,Alpine,003,1148,91,91,0,91,0
2021-08-02,Amador,005,37829,4051,3927,34,3961,48
2021-08-02,Butte,007,227075,13761,13442,2106,15548,205
2021-08-02,Calaveras,009,45235,2382,2347,16,2363,57
2021-08-02,Colusa,011,21464,2068,2019,362,2381,16
2021-08-02,Contra Costa,013,1133247,79314,77516,1566,79082,836
2021-08-02,Del Norte,015,27424,1797,1653,15,1668,8
2021-08-02,El Dorado,017,186661,11576,11226,909,12135,116
2021-08-02,Fresno,019,978130,107568,105471,9346,114817,1744
2021-08-02,Glenn,021,27897,2526,2477,605,3082,20
2021-08-02,Humboldt,023,135768,5480,5161,87,5248,52
2021-08-02,Imperial,025,180216,29515,29302,2838,32140,743
2021-08-02,Inyo,027,18085,1469,1455,26,1481,38
2021-08-02,Kern,029,883053,101092,99556,12360,111916,1357
2021-08-02,Kings,031,150075,24225,23722,1227,24949,249
2021-08-02,Lake,033,64148,4573,4375,19,4394,66
2021-08-02,Lassen,035,31185,5381,5338,126,5464,21
2021-08-02,Los Angeles,037,10098052,1276417,1260807,46758,1307565,24705
2021-08-02,Madera,039,155013,17559,17158,1055,18213,245
2021-08-02,Marin,041,260295,15237,14859,303,15162,239
2021-08-02,Mariposa,043,17540,507,490,12,502,5
2021-08-02,Mendocino,045,87422,4699,4512,97,4609,49
2021-08-02,Merced,047,269075,32469,32163,1084,33247,474
2021-08-02,Modoc,049,8938,430,415,149,564,5
2021-08-02,Mono,051,14174,1305,1296,16,1312,3
2021-08-02,Monterey,053,433212,44176,43842,2086,45928,525
2021-08-02,Napa,055,140530,10684,10490,58,10548,82
2021-08-02,Nevada,057,99092,5964,5611,216,5827,73
2021-08-02,Orange,059,3164182,270522,266050,12433,278483,5146
2021-08-02,Placer,061,380077,26425,25516,2003,27519,306
2021-08-02,Plumas,063,18699,788,762,14,776,5
2021-08-02,Riverside,065,2383286,307595,302756,14759,317515,4562
2021-08-02,Sacramento,067,1510023,119880,117183,2317,119500,1728
2021-08-02,San Benito,069,59416,6329,6276,117,6393,63
2021-08-02,San Bernardino,071,2135413,306970,303000,9548,312548,5253
2021-08-02,San Diego,073,3302833,303404,299021,17364,316385,3798
2021-08-02,San Francisco,075,870044,42982,41553,1690,43243,562
2021-08-02,San Joaquin,077,732212,78728,77447,4055,81502,1461
2021-08-02,San Luis Obispo,079,281455,22535,22093,836,22929,261
2021-08-02,San Mateo,081,765935,45993,45154,663,45817,548
2021-08-02,Santa Barbara,083,443738,36870,35851,1312,37163,469
2021-08-02,Santa Clara,085,1922200,125705,123655,888,124543,2183
2021-08-02,Santa Cruz,087,273765,17076,16746,861,17607,207
2021-08-02,Shasta,089,179085,13411,13049,1813,14862,212
2021-08-02,Sierra,091,2930,78,71,13,84,0
2021-08-02,Siskiyou,093,43540,2101,1992,454,2446,31
2021-08-02,Solano,095,438530,36792,35852,778,36630,260
2021-08-02,Sonoma,097,501317,33939,33132,402,33534,330
2021-08-02,Stanislaus,099,539301,60393,59160,6490,65650,1037
2021-08-02,Sutter,101,95872,10444,10220,112,10332,127
2021-08-02,Tehama,103,63373,5351,5260,634,5894,66
2021-08-02,Trinity,105,12862,513,359,111,470,3
2021-08-02,Tulare,107,460477,51771,50640,9996,60636,854
2021-08-02,Tuolumne,109,53932,4677,4524,43,4567,64
2021-08-02,Ventura,111,848112,85486,84143,3573,87716,1044
2021-08-02,Yolo,113,214977,15422,15072,536,15608,215
2021-08-02,Yuba,115,75493,6914,6743,156,6899,50
2021-08-01,Alameda,001,1643700,98632,96775,2285,99060,1270
2021-08-01,Alpine,003,1148,91,91,0,91,0
2021-08-01,Amador,005,37829,4013,3923,34,3957,48
2021-08-01,Butte,007,227075,13680,13406,2089,15495,205
2021-08-01,Calaveras,009,45235,2357,2341,16,2357,57
2021-08-01,Colusa,011,21464,2057,2014,360,2374,16
2021-08-01,Contra Costa,013,1133247,78878,77360,1558,78918,836
2021-08-01,Del Norte,015,27424,1765,1642,15,1657,8
2021-08-01,El Dorado,017,186661,11475,11189,899,12088,116
2021-08-01,Fresno,019,978130,107242,105339,9300,114639,1744
2021-08-01,Glenn,021,27897,2520,2476,603,3079,20
2021-08-01,Humboldt,023,135768,5404,5118,83,5201,52
2021-08-01,Imperial,025,180216,29480,29297,2834,32131,743
2021-08-01,Inyo,027,18085,1467,1454,26,1480,38
2021-08-01,Kern,029,883053,100815,99396,12285,111681,1357
2021-08-01,Kings,031,150075,24136,23700,1222,24922,249
2021-08-01,Lake,033,64148,4494,4356,19,4375,66
2021-08-01,Lassen,035,31185,5368,5336,124,5460,21
2021-08-01,Los Angeles,037,10098052,1272738,1258461,46536,1304997,24700
2021-08-01,Madera,039,155013,17502,17146,1050,18196,245
2021-08-01,Marin,041,260295,15160,14844,302,15146,239
2021-08-01,Mariposa,043,17540,500,482,12,494,5
2021-08-01,Mendocino,045,87422,4653,4476,93,4569,49
2021-08-01,Merced,047,269075,32378,32144,1078,33222,474
2021-08-01,Modoc,049,8938,428,413,149,562,5
2021-08-01,Mono,051,14174,1302,1294,16,1310,3
2021-08-01,Monterey,053,433212,44128,43808,2071,45879,525
2021-08-01,Napa,055,140530,10636,10473,56,10529,82
2021-08-01,Nevada,057,99092,5877,5561,215,5776,73
2021-08-01,Orange,059,3164182,269717,265467,12389,277856,5146
2021-08-01,Placer,061,380077,26210,25464,1973,27437,306
2021-08-01,Plumas,063,18699,782,761,14,775,5
2021-08-01,Riverside,065,2383286,306664,302256,14741,316997,4562
2021-08-01,Sacramento,067,1510023,119145,116923,2300,119223,1727
2021-08-01,San Benito,069,59416,6312,6271,117,6388,63
2021-08-01,San Bernardino,071,2135413,306036,302542,9537,312079,5248
2021-08-01,San Diego,073,3302833,302210,298002,17305,315307,3798
2021-08-01,San Francisco,075,870044,42643,41432,1676,43108,562
2021-08-01,San Joaquin,077,732212,78361,77338,4028,81366,1461
2021-08-01,San Luis Obispo,079,281455,22433,22083,831,22914,261
2021-08-01,San Mateo,081,765935,45813,45036,647,45683,548
2021-08-01,Santa Barbara,083,443738,36749,35809,1308,37117,469
2021-08-01,Santa Clara,085,1922200,125294,123511,879,124390,2183
2021-08-01,Santa Cruz,087,273765,16997,16709,854,17563,207
2021-08-01,Shasta,089,179085,13340,13036,1804,14840,212
2021-08-01,Sierra,091,2930,76,71,13,84,0
2021-08-01,Siskiyou,093,43540,2095,1989,448,2437,31
2021-08-01,Solano,095,438530,36557,35800,770,36570,260
2021-08-01,Sonoma,097,501317,33747,33076,399,33475,330
2021-08-01,Stanislaus,099,539301,60151,59078,6457,65535,1037
2021-08-01,Sutter,101,95872,10389,10198,109,10307,127
2021-08-01,Tehama,103,63373,5334,5252,629,5881,66
2021-08-01,Trinity,105,12862,510,359,110,469,3
2021-08-01,Tulare,107,460477,51614,50600,9933,60533,854
2021-08-01,Tuolumne,109,53932,4639,4489,43,4532,64
2021-08-01,Ventura,111,848112,85256,84040,3558,87598,1044
2021-08-01,Yolo,113,214977,15350,15042,527,15569,215
2021-08-01,Yuba,115,75493,6876,6721,155,6876,50
2021-07-31,Alameda,001,1643700,98312,95279,2279,97558,1265
2021-07-31,Alpine,003,1148,91,89,0,89,0
2021-07-31,Amador,005,37829,3993,3877,34,3911,48
2021-07-31,Butte,007,227075,13647,13235,2069,15304,205
2021-07-31,Calaveras,009,45235,2350,2294,16,2310,57
2021-07-31,Colusa,011,21464,2051,2006,358,2364,16
2021-07-31,Contra Costa,013,1133247,78599,75866,1556,77422,832
2021-07-31,Del Norte,015,27424,1739,1576,15,1591,8
2021-07-31,El Dorado,017,186661,11422,11017,893,11910,116
2021-07-31,Fresno,019,978130,107082,104639,9286,113925,1744
2021-07-31,Glenn,021,27897,2515,2465,598,3063,20
2021-07-31,Humboldt,023,135768,5349,4978,82,5060,52
2021-07-31,Imperial,025,180216,29463,29164,2831,31995,743
2021-07-31,Inyo,027,18085,1464,1442,26,1468,38
2021-07-31,Kern,029,883053,100651,98903,12225,111128,1357
2021-07-31,Kings,031,150075,24084,23548,1217,24765,248
2021-07-31,Lake,033,64148,4469,4238,19,4257,66
2021-07-31,Lassen,035,31185,5362,5320,124,5444,21
2021-07-31,Los Angeles,037,10098052,1270551,1248545,46388,1294933,24691
2021-07-31,Madera,039,155013,17469,17058,1044,18102,245
2021-07-31,Marin,041,260295,15116,14701,301,15002,239
2021-07-31,Mariposa,043,17540,491,470,12,482,5
2021-07-31,Mendocino,045,87422,4628,4400,90,4490,49
2021-07-31,Merced,047,269075,32330,31959,1073,33032,474
2021-07-31,Modoc,049,8938,428,413,149,562,5
2021-07-31,Mono,051,14174,1301,1287,16,1303,3
2021-07-31,Monterey,053,433212,44088,43720,2061,45781,525
2021-07-31,Napa,055,140530,10616,10401,55,10456,82
2021-07-31,Nevada,057,99092,5838,5373,214,5587,72
2021-07-31,Orange,059,3164182,269143,263446,12370,275816,5144
2021-07-31,Placer,061,380077,26077,25104,1966,27070,306
2021-07-31,Plumas,063,18699,779,743,14,757,5
2021-07-31,Riverside,065,2383286,306049,300315,14732,315047,4554
2021-07-31,Sacramento,067,1510023,118732,115259,2294,117553,1720
2021-07-31,San Benito,069,59416,6301,6251,117,6368,63
2021-07-31,San Bernardino,071,2135413,305467,300726,9534,310260,5240
2021-07-31,San Diego,073,3302833,301532,295054,17269,312323,3798
2021-07-31,San Francisco,075,870044,42419,40412,1651,42063,562
2021-07-31,San Joaquin,077,732212,78196,76575,4015,80590,1443
2021-07-31,San Luis Obispo,079,281455,22379,21922,829,22751,260
2021-07-31,San Mateo,081,765935,45656,44622,635,45257,548
2021-07-31,Santa Barbara,083,443738,36668,35531,1307,36838,467
2021-07-31,Santa Clara,085,1922200,125039,122614,877,123491,2099
2021-07-31,Santa Cruz,087,273765,16958,16576,853,17429,207
2021-07-31,Shasta,089,179085,13304,12918,1796,14714,212
2021-07-31,Sierra,091,2930,76,68,13,81,0
2021-07-31,Siskiyou,093,43540,2086,1976,442,2418,31
2021-07-31,Solano,095,438530,36456,35340,763,36103,263
2021-07-31,Sonoma,097,501317,33622,32601,399,33000,329
2021-07-31,Stanislaus,099,539301,59989,58586,6434,65020,1035
2021-07-31,Sutter,101,95872,10354,10068,108,10176,127
2021-07-31,Tehama,103,63373,5319,5216,626,5842,66
2021-07-31,Trinity,105,12862,509,354,109,463,3
2021-07-31,Tulare,107,460477,51525,50409,9880,60289,854
2021-07-31,Tuolumne,109,53932,4600,4362,43,4405,64
2021-07-31,Ventura,111,848112,85095,83509,3541,87050,1044
2021-07-31,Yolo,113,214977,15302,14863,516,15379,215
2021-07-31,Yuba,115,75493,6853,6615,151,6766,50
2021-07-30,Alameda,001,1643700,97980,95279,2275,97554,1265
2021-07-30,Alpine,003,1148,91,89,0,89,0
2021-07-30,Amador,005,37829,3970,3877,34,3911,48
2021-07-30,Butte,007,227075,13592,13235,2056,15291,205
2021-07-30,Calaveras,009,45235,2345,2294,16,2310,57
2021-07-30,Colusa,011,21464,2047,2006,356,2362,16
2021-07-30,Contra Costa,013,1133247,78357,75866,1552,77418,832
2021-07-30,Del Norte,015,27424,1721,1576,15,1591,8
2021-07-30,El Dorado,017,186661,11389,11017,887,11904,116
2021-07-30,Fresno,019,978130,106887,104639,9274,113913,1744
2021-07-30,Glenn,021,27897,2510,2465,597,3062,20
2021-07-30,Humboldt,023,135768,5285,4978,79,5057,52
2021-07-30,Imperial,025,180216,29449,29164,2828,31992,743
2021-07-30,Inyo,027,18085,1463,1442,26,1468,38
2021-07-30,Kern,029,883053,100526,98903,12177,111080,1357
2021-07-30,Kings,031,150075,24043,23548,1213,24761,248
2021-07-30,Lake,033,64148,4441,4238,19,4257,66
2021-07-30,Lassen,035,31185,5358,5320,124,5444,21
2021-07-30,Los Angeles,037,10098052,1268233,1248545,46236,1294781,24691
2021-07-30,Madera,039,155013,17427,17058,1041,18099,245
2021-07-30,Marin,041,260295,15082,14701,301,15002,239
2021-07-30,Mariposa,043,17540,488,470,12,482,5
2021-07-30,Mendocino,045,87422,4598,4400,89,4489,49
2021-07-30,Merced,047,269075,32289,31959,1068,33027,474
2021-07-30,Modoc,049,8938,426,413,149,562,5
2021-07-30,Mono,051,14174,1295,1287,16,1303,3
2021-07-30,Monterey,053,433212,44054,43720,2051,45771,525
2021-07-30,Napa,055,140530,10594,10401,54,10455,82
2021-07-30,Nevada,057,99092,5781,5373,214,5587,72
2021-07-30,Orange,059,3164182,268511,263446,12344,275790,5144
2021-07-30,Placer,061,380077,25988,25104,1948,27052,306
2021-07-30,Plumas,063,18699,774,743,14,757,5
2021-07-30,Riverside,065,2383286,305412,300315,14722,315037,4554
2021-07-30,Sacramento,067,1510023,118281,115259,2289,117548,1720
2021-07-30,San Benito,069,59416,6294,6251,117,6368,63
2021-07-30,San Bernardino,071,2135413,304954,300726,9528,310254,5240
2021-07-30,San Diego,073,3302833,300759,295054,17211,312265,3798
2021-07-30,San Francisco,075,870044,42205,40412,1635,42047,562
2021-07-30,San Joaquin,077,732212,78042,76575,4010,80585,1443
2021-07-30,San Luis Obispo,079,281455,22341,21922,825,22747,260
2021-07-30,San Mateo,081,765935,45532,44622,619,45241,548
2021-07-30,Santa Barbara,083,443738,36599,35531,1301,36832,467
2021-07-30,Santa Clara,085,1922200,124815,122614,875,123489,2099
2021-07-30,Santa Cruz,087,273765,16932,16576,851,17427,207
2021-07-30,Shasta,089,179085,13257,12918,1796,14714,212
2021-07-30,Sierra,091,2930,75,68,13,81,0
2021-07-30,Siskiyou,093,43540,2077,1976,441,2417,31
2021-07-30,Solano,095,438530,36365,35340,747,36087,263
2021-07-30,Sonoma,097,501317,33528,32601,399,33000,329
2021-07-30,Stanislaus,099,539301,59844,58586,6413,64999,1035
2021-07-30,Sutter,101,95872,10318,10068,108,10176,127
2021-07-30,Tehama,103,63373,5308,5216,626,5842,66
2021-07-30,Trinity,105,12862,509,354,109,463,3
2021-07-30,Tulare,107,460477,51482,50409,9843,60252,854
2021-07-30,Tuolumne,109,53932,4582,4362,43,4405,64
2021-07-30,Ventura,111,848112,84931,83509,3526,87035,1044
2021-07-30,Yolo,113,214977,15240,14863,512,15375,215
2021-07-30,Yuba,115,75493,6817,6615,150,6765,50
2021-07-29,Alameda,001,1643700,97554,95279,2269,97548,1265
2021-07-29,Alpine,003,1148,91,89,0,89,0
2021-07-29,Amador,005,37829,3951,3877,34,3911,48
2021-07-29,Butte,007,227075,13544,13235,2048,15283,205
2021-07-29,Calaveras,009,45235,2325,2294,16,2310,57
2021-07-29,Colusa,011,21464,2040,2006,356,2362,16
2021-07-29,Contra Costa,013,1133247,77919,75866,1548,77414,832
2021-07-29,Del Norte,015,27424,1697,1576,15,1591,8
2021-07-29,El Dorado,017,186661,11325,11017,875,11892,116
2021-07-29,Fresno,019,978130,106625,104639,9247,113886,1744
2021-07-29,Glenn,021,27897,2500,2465,596,3061,20
2021-07-29,Humboldt,023,135768,5224,4978,77,5055,52
2021-07-29,Imperial,025,180216,29403,29164,2825,31989,743
2021-07-29,Inyo,027,18085,1459,1442,25,1467,38
2021-07-29,Kern,029,883053,100319,98903,12099,111002,1357
2021-07-29,Kings,031,150075,23998,23548,1209,24757,248
2021-07-29,Lake,033,64148,4406,4238,19,4257,66
2021-07-29,Lassen,035,31185,5350,5320,121,5441,21
2021-07-29,Los Angeles,037,10098052,1265151,1248545,46053,1294598,24691
2021-07-29,Madera,039,155013,17381,17058,1037,18095,245
2021-07-29,Marin,041,260295,15039,14701,301,15002,239
2021-07-29,Mariposa,043,17540,484,470,12,482,5
2021-07-29,Mendocino,045,87422,4575,4400,87,4487,49
2021-07-29,Merced,047,269075,32234,31959,1068,33027,474
2021-07-29,Modoc,049,8938,426,413,149,562,5
2021-07-29,Mono,051,14174,1294,1287,16,1303,3
2021-07-29,Monterey,053,433212,44004,43720,2040,45760,525
2021-07-29,Napa,055,140530,10562,10401,52,10453,82
2021-07-29,Nevada,057,99092,5729,5373,213,5586,72
2021-07-29,Orange,059,3164182,267801,263446,12312,275758,5144
2021-07-29,Placer,061,380077,25865,25104,1933,27037,306
2021-07-29,Plumas,063,18699,766,743,14,757,5
2021-07-29,Riverside,065,2383286,304707,300315,14699,315014,4554
2021-07-29,Sacramento,067,1510023,117725,115259,2276,117535,1720
2021-07-29,San Benito,069,59416,6283,6251,117,6368,63
2021-07-29,San Bernardino,071,2135413,304316,300726,9518,310244,5240
2021-07-29,San Diego,073,3302833,299697,295054,17151,312205,3798
2021-07-29,San Francisco,075,870044,41958,40412,1612,42024,562
2021-07-29,San Joaquin,077,732212,77787,76575,4002,80577,1443
2021-07-29,San Luis Obispo,079,281455,22288,21922,823,22745,260
2021-07-29,San Mateo,081,765935,45405,44622,609,45231,548
2021-07-29,Santa Barbara,083,443738,36515,35531,1300,36831,467
2021-07-29,Santa Clara,085,1922200,124518,122614,872,123486,2099
2021-07-29,Santa Cruz,087,273765,16879,16576,849,17425,207
2021-07-29,Shasta,089,179085,13203,12918,1787,14705,212
2021-07-29,Sierra,091,2930,75,68,13,81,0
2021-07-29,Siskiyou,093,43540,2072,1976,439,2415,31
2021-07-29,Solano,095,438530,36205,35340,737,36077,263
2021-07-29,Sonoma,097,501317,33353,32601,397,32998,329
2021-07-29,Stanislaus,099,539301,59671,58586,6396,64982,1035
2021-07-29,Sutter,101,95872,10272,10068,107,10175,127
2021-07-29,Tehama,103,63373,5296,5216,620,5836,66
2021-07-29,Trinity,105,12862,507,354,108,462,3
2021-07-29,Tulare,107,460477,51392,50409,9803,60212,854
2021-07-29,Tuolumne,109,53932,4544,4362,42,4404,64
2021-07-29,Ventura,111,848112,84764,83509,3519,87028,1044
2021-07-29,Yolo,113,214977,15172,14863,498,15361,215
2021-07-29,Yuba,115,75493,6769,6615,147,6762,50
2021-07-28,Alameda,001,1643700,97093,94965,2262,97227,1262
2021-07-28,Alpine,003,1148,91,89,0,89,0
2021-07-28,Amador,005,37829,3937,3870,34,3904,48
2021-07-28,Butte,007,227075,13488,13184,2035,15219,205
2021-07-28,Calaveras,009,45235,2311,2289,16,2305,57
2021-07-28,Colusa,011,21464,2036,2001,355,2356,16
2021-07-28,Contra Costa,013,1133247,77435,75487,1540,77027,832
2021-07-28,Del Norte,015,27424,1664,1545,15,1560,8
2021-07-28,El Dorado,017,186661,11276,10967,865,11832,116
2021-07-28,Fresno,019,978130,106379,104458,9227,113685,1744
2021-07-28,Glenn,021,27897,2496,2464,593,3057,20
2021-07-28,Humboldt,023,135768,5173,4946,76,5022,52
2021-07-28,Imperial,025,180216,29356,29096,2825,31921,743
2021-07-28,Inyo,027,18085,1453,1439,24,1463,38
2021-07-28,Kern,029,883053,100162,98781,12052,110833,1352
2021-07-28,Kings,031,150075,23934,23503,1199,24702,248
2021-07-28,Lake,033,64148,4360,4191,17,4208,65
2021-07-28,Lassen,035,31185,5342,5318,121,5439,21
2021-07-28,Los Angeles,037,10098052,1261994,1245485,45882,1291367,24673
2021-07-28,Madera,039,155013,17340,17024,1031,18055,245
2021-07-28,Marin,041,260295,14984,14652,301,14953,239
2021-07-28,Mariposa,043,17540,477,469,12,481,5
2021-07-28,Mendocino,045,87422,4547,4377,87,4464,49
2021-07-28,Merced,047,269075,32170,31886,1064,32950,474
2021-07-28,Modoc,049,8938,424,413,149,562,5
2021-07-28,Mono,051,14174,1293,1286,16,1302,3
2021-07-28,Monterey,053,433212,43957,43668,2030,45698,524
2021-07-28,Napa,055,140530,10522,10376,50,10426,82
2021-07-28,Nevada,057,99092,5674,5320,213,5533,72
2021-07-28,Orange,059,3164182,267010,262735,12282,275017,5143
2021-07-28,Placer,061,380077,25717,24978,1917,26895,306
2021-07-28,Plumas,063,18699,761,754,14,768,5
2021-07-28,Riverside,065,2383286,303938,299611,14680,314291,4554
2021-07-28,Sacramento,067,1510023,117074,114665,2254,116919,1714
2021-07-28,San Benito,069,59416,6272,6236,117,6353,63
2021-07-28,San Bernardino,071,2135413,303687,300121,9506,309627,5236
2021-07-28,San Diego,073,3302833,298413,294176,17086,311262,3798
2021-07-28,San Francisco,075,870044,41624,40144,1585,41729,561
2021-07-28,San Joaquin,077,732212,77537,76312,3972,80284,1443
2021-07-28,San Luis Obispo,079,281455,22229,21865,822,22687,260
2021-07-28,San Mateo,081,765935,45255,44477,599,45076,547
2021-07-28,Santa Barbara,083,443738,36439,35431,1295,36726,467
2021-07-28,Santa Clara,085,1922200,124257,122345,870,123215,2099
2021-07-28,Santa Cruz,087,273765,16841,16551,848,17399,207
2021-07-28,Shasta,089,179085,13159,12882,1776,14658,212
2021-07-28,Sierra,091,2930,71,67,13,80,0
2021-07-28,Siskiyou,093,43540,2063,1971,436,2407,31
2021-07-28,Solano,095,438530,36031,35204,730,35934,262
2021-07-28,Sonoma,097,501317,33210,32434,394,32828,328
2021-07-28,Stanislaus,099,539301,59472,58427,6380,64807,1035
2021-07-28,Sutter,101,95872,10240,10033,106,10139,126
2021-07-28,Tehama,103,63373,5284,5209,617,5826,66
2021-07-28,Trinity,105,12862,506,352,108,460,3
2021-07-28,Tulare,107,460477,51304,50363,9755,60118,854
2021-07-28,Tuolumne,109,53932,4505,4313,42,4355,64
2021-07-28,Ventura,111,848112,84568,83360,3503,86863,1043
2021-07-28,Yolo,113,214977,15100,14801,490,15291,215
2021-07-28,Yuba,115,75493,6736,6591,146,6737,51
2021-07-27,Alameda,001,1643700,96688,94682,2253,96935,1256
2021-07-27,Alpine,003,1148,91,89,0,89,0
2021-07-27,Amador,005,37829,3921,3861,34,3895,48
2021-07-27,Butte,007,227075,13439,13127,2024,15151,205
2021-07-27,Calaveras,009,45235,2299,2280,16,2296,57
2021-07-27,Colusa,011,21464,2028,1999,354,2353,16
2021-07-27,Contra Costa,013,1133247,76946,75227,1536,76763,830
2021-07-27,Del Norte,015,27424,1644,1538,15,1553,8
2021-07-27,El Dorado,017,186661,11216,10941,855,11796,116
2021-07-27,Fresno,019,978130,106086,104288,9203,113491,1746
2021-07-27,Glenn,021,27897,2488,2460,591,3051,20
2021-07-27,Humboldt,023,135768,5119,4925,75,5000,52
2021-07-27,Imperial,025,180216,29311,29048,2824,31872,743
2021-07-27,Inyo,027,18085,1451,1430,24,1454,38
2021-07-27,Kern,029,883053,99992,98724,11996,110720,1352
2021-07-27,Kings,031,150075,23877,23463,1189,24652,248
2021-07-27,Lake,033,64148,4321,4157,17,4174,65
2021-07-27,Lassen,035,31185,5336,5315,121,5436,21
2021-07-27,Los Angeles,037,10098052,1258561,1243336,45712,1289048,24658
2021-07-27,Madera,039,155013,17287,16998,1026,18024,245
2021-07-27,Marin,041,260295,14936,14631,298,14929,239
2021-07-27,Mariposa,043,17540,474,468,12,480,5
2021-07-27,Mendocino,045,87422,4523,4371,87,4458,49
2021-07-27,Merced,047,269075,32103,31825,1061,32886,473
2021-07-27,Modoc,049,8938,423,413,149,562,5
2021-07-27,Mono,051,14174,1289,1288,16,1304,3
2021-07-27,Monterey,053,433212,43917,43646,2019,45665,523
2021-07-27,Napa,055,140530,10492,10354,50,10404,82
2021-07-27,Nevada,057,99092,5597,5305,211,5516,72
2021-07-27,Orange,059,3164182,266269,262193,12256,274449,5143
2021-07-27,Placer,061,380077,25558,24916,1891,26807,306
2021-07-27,Plumas,063,18699,758,752,14,766,5
2021-07-27,Riverside,065,2383286,303207,299160,14661,313821,4554
2021-07-27,Sacramento,067,1510023,116471,114413,2245,116658,1710
2021-07-27,San Benito,069,59416,6263,6229,117,6346,63
2021-07-27,San Bernardino,071,2135413,302980,299593,9484,309077,5236
2021-07-27,San Diego,073,3302833,297322,293408,17013,310421,3798
2021-07-27,San Francisco,075,870044,41265,39939,1567,41506,561
2021-07-27,San Joaquin,077,732212,77275,76166,3952,80118,1442
2021-07-27,San Luis Obispo,079,281455,22174,21803,813,22616,260
2021-07-27,San Mateo,081,765935,45102,44378,595,44973,547
2021-07-27,Santa Barbara,083,443738,36341,35355,1293,36648,467
2021-07-27,Santa Clara,085,1922200,123963,122154,868,123022,2099
2021-07-27,Santa Cruz,087,273765,16795,16523,847,17370,207
2021-07-27,Shasta,089,179085,13108,12846,1763,14609,212
2021-07-27,Sierra,091,2930,71,65,13,78,0
2021-07-27,Siskiyou,093,43540,2058,1964,433,2397,31
2021-07-27,Solano,095,438530,35899,35093,720,35813,261
2021-07-27,Sonoma,097,501317,33064,32367,392,32759,328
2021-07-27,Stanislaus,099,539301,59300,58333,6354,64687,1033
2021-07-27,Sutter,101,95872,10199,9998,106,10104,115
2021-07-27,Tehama,103,63373,5263,5192,615,5807,66
2021-07-27,Trinity,105,12862,505,351,108,459,3
2021-07-27,Tulare,107,460477,51236,50324,9724,60048,854
2021-07-27,Tuolumne,109,53932,4453,4282,42,4324,64
2021-07-27,Ventura,111,848112,84360,83189,3491,86680,1043
2021-07-27,Yolo,113,214977,15026,14759,484,15243,215
2021-07-27,Yuba,115,75493,6714,6564,144,6708,51
2021-07-26,Alameda,001,1643700,96235,94436,2245,96681,1259
2021-07-26,Alpine,003,1148,91,89,0,89,0
2021-07-26,Amador,005,37829,3911,3854,34,3888,48
2021-07-26,Butte,007,227075,13384,13082,2012,15094,203
2021-07-26,Calaveras,009,45235,2294,2276,16,2292,57
2021-07-26,Colusa,011,21464,2021,1996,352,2348,16
2021-07-26,Contra Costa,013,1133247,76446,74854,1529,76383,830
2021-07-26,Del Norte,015,27424,1623,1530,15,1545,8
2021-07-26,El Dorado,017,186661,11152,10899,852,11751,116
2021-07-26,Fresno,019,978130,105883,104143,9180,113323,1742
2021-07-26,Glenn,021,27897,2486,2461,590,3051,20
2021-07-26,Humboldt,023,135768,5080,4906,73,4979,52
2021-07-26,Imperial,025,180216,29271,29034,2824,31858,743
2021-07-26,Inyo,027,18085,1446,1429,24,1453,38
2021-07-26,Kern,029,883053,99826,98633,11931,110564,1351
2021-07-26,Kings,031,150075,23829,23426,1185,24611,247
2021-07-26,Lake,033,64148,4300,4133,17,4150,65
2021-07-26,Lassen,035,31185,5332,5314,121,5435,21
2021-07-26,Los Angeles,037,10098052,1255242,1241527,45544,1287071,24647
2021-07-26,Madera,039,155013,17259,16971,1017,17988,245
2021-07-26,Marin,041,260295,14879,14579,297,14876,239
2021-07-26,Mariposa,043,17540,473,467,12,479,5
2021-07-26,Mendocino,045,87422,4503,4354,87,4441,49
2021-07-26,Merced,047,269075,32019,31774,1057,32831,473
2021-07-26,Modoc,049,8938,423,413,149,562,5
2021-07-26,Mono,051,14174,1287,1286,16,1302,3
2021-07-26,Monterey,053,433212,43874,43595,2005,45600,521
2021-07-26,Napa,055,140530,10469,10332,50,10382,82
2021-07-26,Nevada,057,99092,5510,5280,211,5491,72
2021-07-26,Orange,059,3164182,265635,261803,12235,274038,5142
2021-07-26,Placer,061,380077,25423,24842,1870,26712,304
2021-07-26,Plumas,063,18699,754,750,14,764,5
2021-07-26,Riverside,065,2383286,302514,298626,14647,313273,4553
2021-07-26,Sacramento,067,1510023,115871,113986,2228,116214,1705
2021-07-26,San Benito,069,59416,6257,6222,117,6339,63
2021-07-26,San Bernardino,071,2135413,302368,299238,9471,308709,5237
2021-07-26,San Diego,073,3302833,296209,292688,16939,309627,3793
2021-07-26,San Francisco,075,870044,40910,39800,1538,41338,561
2021-07-26,San Joaquin,077,732212,77040,76033,3948,79981,1440
2021-07-26,San Luis Obispo,079,281455,22125,21752,810,22562,260
2021-07-26,San Mateo,081,765935,44953,44297,584,44881,547
2021-07-26,Santa Barbara,083,443738,36270,35311,1281,36592,467
2021-07-26,Santa Clara,085,1922200,123654,121978,859,122837,2099
2021-07-26,Santa Cruz,087,273765,16756,16493,844,17337,207
2021-07-26,Shasta,089,179085,13059,12819,1750,14569,211
2021-07-26,Sierra,091,2930,70,65,13,78,0
2021-07-26,Siskiyou,093,43540,2055,1962,431,2393,31
2021-07-26,Solano,095,438530,35744,34990,712,35702,259
2021-07-26,Sonoma,097,501317,32929,32283,390,32673,328
2021-07-26,Stanislaus,099,539301,59154,58219,6335,64554,1033
2021-07-26,Sutter,101,95872,10159,9963,103,10066,115
2021-07-26,Tehama,103,63373,5253,5183,611,5794,66
2021-07-26,Trinity,105,12862,505,351,107,458,3
2021-07-26,Tulare,107,460477,51171,50265,9692,59957,854
2021-07-26,Tuolumne,109,53932,4423,4271,42,4313,64
2021-07-26,Ventura,111,848112,84187,83072,3476,86548,1041
2021-07-26,Yolo,113,214977,14966,14727,471,15198,215
2021-07-26,Yuba,115,75493,6680,6538,142,6680,51
2021-07-25,Alameda,001,1643700,95747,94146,2239,96385,1259
2021-07-25,Alpine,003,1148,89,89,0,89,0
2021-07-25,Amador,005,37829,3896,3848,34,3882,48
2021-07-25,Butte,007,227075,13345,13074,2002,15076,203
2021-07-25,Calaveras,009,45235,2283,2275,16,2291,57
2021-07-25,Colusa,011,21464,2012,1996,348,2344,16
2021-07-25,Contra Costa,013,1133247,75961,74634,1515,76149,830
2021-07-25,Del Norte,015,27424,1602,1526,15,1541,8
2021-07-25,El Dorado,017,186661,11094,10878,849,11727,116
2021-07-25,Fresno,019,978130,105642,104019,9164,113183,1742
2021-07-25,Glenn,021,27897,2477,2461,588,3049,20
2021-07-25,Humboldt,023,135768,5021,4892,71,4963,52
2021-07-25,Imperial,025,180216,29235,29037,2824,31861,743
2021-07-25,Inyo,027,18085,1441,1427,24,1451,38
2021-07-25,Kern,029,883053,99654,98503,11860,110363,1351
2021-07-25,Kings,031,150075,23776,23396,1181,24577,247
2021-07-25,Lake,033,64148,4247,4109,16,4125,65
2021-07-25,Lassen,035,31185,5328,5314,121,5435,21
2021-07-25,Los Angeles,037,10098052,1251848,1239596,45368,1284964,24643
2021-07-25,Madera,039,155013,17222,16947,1010,17957,245
2021-07-25,Marin,041,260295,14829,14558,294,14852,239
2021-07-25,Mariposa,043,17540,470,465,12,477,5
2021-07-25,Mendocino,045,87422,4473,4335,85,4420,49
2021-07-25,Merced,047,269075,31947,31760,1055,32815,473
2021-07-25,Modoc,049,8938,423,413,149,562,5
2021-07-25,Mono,051,14174,1285,1286,16,1302,3
2021-07-25,Monterey,053,433212,43835,43590,1997,45587,521
2021-07-25,Napa,055,140530,10432,10316,49,10365,82
2021-07-25,Nevada,057,99092,5445,5256,208,5464,72
2021-07-25,Orange,059,3164182,264927,261351,12212,273563,5142
2021-07-25,Placer,061,380077,25302,24755,1849,26604,304
2021-07-25,Plumas,063,18699,752,750,14,764,5
2021-07-25,Riverside,065,2383286,301748,298181,14631,312812,4553
2021-07-25,Sacramento,067,1510023,115323,113611,2211,115822,1704
2021-07-25,San Benito,069,59416,6250,6217,117,6334,63
2021-07-25,San Bernardino,071,2135413,301714,298982,9465,308447,5237
2021-07-25,San Diego,073,3302833,295135,290626,16871,307497,3793
2021-07-25,San Francisco,075,870044,40572,39663,1512,41175,561
2021-07-25,San Joaquin,077,732212,76785,75926,3929,79855,1440
2021-07-25,San Luis Obispo,079,281455,22052,21741,807,22548,260
2021-07-25,San Mateo,081,765935,44790,44189,578,44767,547
2021-07-25,Santa Barbara,083,443738,36193,35261,1278,36539,467
2021-07-25,Santa Clara,085,1922200,123323,121800,854,122654,2099
2021-07-25,Santa Cruz,087,273765,16709,16474,843,17317,207
2021-07-25,Shasta,089,179085,13012,12815,1745,14560,211
2021-07-25,Sierra,091,2930,70,65,13,78,0
2021-07-25,Siskiyou,093,43540,2047,1963,428,2391,31
2021-07-25,Solano,095,438530,35550,34863,709,35572,259
2021-07-25,Sonoma,097,501317,32804,32202,387,32589,328
2021-07-25,Stanislaus,099,539301,58987,58154,6330,64484,1033
2021-07-25,Sutter,101,95872,10105,9937,101,10038,115
2021-07-25,Tehama,103,63373,5237,5181,610,5791,66
2021-07-25,Trinity,105,12862,503,351,105,456,3
2021-07-25,Tulare,107,460477,51094,50221,9654,59875,854
2021-07-25,Tuolumne,109,53932,4371,4267,42,4309,64
2021-07-25,Ventura,111,848112,83973,82986,3454,86440,1041
2021-07-25,Yolo,113,214977,14905,14693,457,15150,215
2021-07-25,Yuba,115,75493,6647,6519,142,6661,51
2021-07-24,Alameda,001,1643700,95471,93170,2233,95403,1259
2021-07-24,Alpine,003,1148,89,89,0,89,0
2021-07-24,Amador,005,37829,3887,3816,34,3850,48
2021-07-24,Butte,007,227075,13316,12982,1999,14981,203
2021-07-24,Calaveras,009,45235,2279,2267,16,2283,57
2021-07-24,Colusa,011,21464,2011,1992,346,2338,16
2021-07-24,Contra Costa,013,1133247,75736,73682,1512,75194,830
2021-07-24,Del Norte,015,27424,1591,1497,15,1512,8
2021-07-24,El Dorado,017,186661,11060,10773,846,11619,116
2021-07-24,Fresno,019,978130,105524,103637,9155,112792,1736
2021-07-24,Glenn,021,27897,2476,2457,588,3045,20
2021-07-24,Humboldt,023,135768,4987,4780,70,4850,52
2021-07-24,Imperial,025,180216,29215,28996,2824,31820,742
2021-07-24,Inyo,027,18085,1438,1424,24,1448,38
2021-07-24,Kern,029,883053,99575,98261,11838,110099,1350
2021-07-24,Kings,031,150075,23745,23304,1178,24482,246
2021-07-24,Lake,033,64148,4224,3963,16,3979,64
2021-07-24,Lassen,035,31185,5327,5311,121,5432,21
2021-07-24,Los Angeles,037,10098052,1250085,1232164,45248,1277412,24623
2021-07-24,Madera,039,155013,17198,16885,1008,17893,245
2021-07-24,Marin,041,260295,14790,14454,294,14748,238
2021-07-24,Mariposa,043,17540,470,453,12,465,5
2021-07-24,Mendocino,045,87422,4448,4293,85,4378,49
2021-07-24,Merced,047,269075,31925,31661,1054,32715,473
2021-07-24,Modoc,049,8938,423,413,149,562,5
2021-07-24,Mono,051,14174,1283,1284,16,1300,3
2021-07-24,Monterey,053,433212,43810,43525,1990,45515,521
2021-07-24,Napa,055,140530,10416,10230,49,10279,81
2021-07-24,Nevada,057,99092,5412,5183,208,5391,72
2021-07-24,Orange,059,3164182,264461,259973,12199,272172,5141
2021-07-24,Placer,061,380077,25219,24530,1844,26374,303
2021-07-24,Plumas,063,18699,751,737,14,751,4
2021-07-24,Riverside,065,2383286,301280,296912,14621,311533,4552
2021-07-24,Sacramento,067,1510023,115005,112438,2207,114645,1698
2021-07-24,San Benito,069,59416,6246,6200,116,6316,63
2021-07-24,San Bernardino,071,2135413,301323,297899,9456,307355,5236
2021-07-24,San Diego,073,3302833,294668,289368,16844,306212,3788
2021-07-24,San Francisco,075,870044,40408,38954,1495,40449,561
2021-07-24,San Joaquin,077,732212,76658,75461,3918,79379,1436
2021-07-24,San Luis Obispo,079,281455,22021,21616,805,22421,260
2021-07-24,San Mateo,081,765935,44672,43880,572,44452,542
2021-07-24,Santa Barbara,083,443738,36134,35071,1274,36345,465
2021-07-24,Santa Clara,085,1922200,123111,121092,853,121945,2099
2021-07-24,Santa Cruz,087,273765,16687,16416,843,17259,207
2021-07-24,Shasta,089,179085,12984,12759,1742,14501,211
2021-07-24,Sierra,091,2930,69,64,13,77,0
2021-07-24,Siskiyou,093,43540,2047,1951,428,2379,31
2021-07-24,Solano,095,438530,35458,34499,700,35199,259
2021-07-24,Sonoma,097,501317,32680,31928,385,32313,327
2021-07-24,Stanislaus,099,539301,58894,57879,6320,64199,1030
2021-07-24,Sutter,101,95872,10078,9890,101,9991,115
2021-07-24,Tehama,103,63373,5230,5166,608,5774,65
2021-07-24,Trinity,105,12862,503,345,105,450,3
2021-07-24,Tulare,107,460477,51051,50104,9636,59740,854
2021-07-24,Tuolumne,109,53932,4345,4216,42,4258,64
2021-07-24,Ventura,111,848112,83846,82687,3437,86124,1041
2021-07-24,Yolo,113,214977,14868,14557,454,15011,214
2021-07-24,Yuba,115,75493,6628,6449,142,6591,51
2021-07-23,Alameda,001,1643700,95217,93170,2227,95397,1259
2021-07-23,Alpine,003,1148,89,89,0,89,0
2021-07-23,Amador,005,37829,3880,3816,34,3850,48
2021-07-23,Butte,007,227075,13287,12982,1991,14973,203
2021-07-23,Calaveras,009,45235,2277,2267,16,2283,57
2021-07-23,Colusa,011,21464,2010,1992,346,2338,16
2021-07-23,Contra Costa,013,1133247,75479,73682,1502,75184,830
2021-07-23,Del Norte,015,27424,1583,1497,15,1512,8
2021-07-23,El Dorado,017,186661,11031,10773,842,11615,116
2021-07-23,Fresno,019,978130,105393,103637,9146,112783,1736
2021-07-23,Glenn,021,27897,2474,2457,585,3042,20
2021-07-23,Humboldt,023,135768,4966,4780,68,4848,52
2021-07-23,Imperial,025,180216,29203,28996,2824,31820,742
2021-07-23,Inyo,027,18085,1435,1424,24,1448,38
2021-07-23,Kern,029,883053,99492,98261,11812,110073,1350
2021-07-23,Kings,031,150075,23714,23304,1175,24479,246
2021-07-23,Lake,033,64148,4194,3963,16,3979,64
2021-07-23,Lassen,035,31185,5325,5311,121,5432,21
2021-07-23,Los Angeles,037,10098052,1248163,1232164,45162,1277326,24623
2021-07-23,Madera,039,155013,17168,16885,1003,17888,245
2021-07-23,Marin,041,260295,14753,14454,292,14746,238
2021-07-23,Mariposa,043,17540,467,453,12,465,5
2021-07-23,Mendocino,045,87422,4435,4293,85,4378,49
2021-07-23,Merced,047,269075,31899,31661,1054,32715,473
2021-07-23,Modoc,049,8938,423,413,149,562,5
2021-07-23,Mono,051,14174,1282,1284,16,1300,3
2021-07-23,Monterey,053,433212,43785,43525,1990,45515,521
2021-07-23,Napa,055,140530,10395,10230,49,10279,81
2021-07-23,Nevada,057,99092,5367,5183,208,5391,72
2021-07-23,Orange,059,3164182,264009,259973,12176,272149,5141
2021-07-23,Placer,061,380077,25139,24530,1828,26358,303
2021-07-23,Plumas,063,18699,749,737,14,751,4
2021-07-23,Riverside,065,2383286,300815,296912,14609,311521,4552
2021-07-23,Sacramento,067,1510023,114649,112438,2205,114643,1698
2021-07-23,San Benito,069,59416,6240,6200,116,6316,63
2021-07-23,San Bernardino,071,2135413,300945,297899,9447,307346,5236
2021-07-23,San Diego,073,3302833,294067,289368,16796,306164,3788
2021-07-23,San Francisco,075,870044,40225,38954,1481,40435,561
2021-07-23,San Joaquin,077,732212,76558,75461,3903,79364,1436
2021-07-23,San Luis Obispo,079,281455,21983,21616,805,22421,260
2021-07-23,San Mateo,081,765935,44567,43880,567,44447,542
2021-07-23,Santa Barbara,083,443738,36067,35071,1273,36344,465
2021-07-23,Santa Clara,085,1922200,122892,121092,850,121942,2099
2021-07-23,Santa Cruz,087,273765,16662,16416,843,17259,207
2021-07-23,Shasta,089,179085,12957,12759,1739,14498,211
2021-07-23,Sierra,091,2930,69,64,13,77,0
2021-07-23,Siskiyou,093,43540,2045,1951,428,2379,31
2021-07-23,Solano,095,438530,35365,34499,696,35195,259
2021-07-23,Sonoma,097,501317,32586,31928,384,32312,327
2021-07-23,Stanislaus,099,539301,58814,57879,6310,64189,1030
2021-07-23,Sutter,101,95872,10049,9890,101,9991,115
2021-07-23,Tehama,103,63373,5221,5166,608,5774,65
2021-07-23,Trinity,105,12862,502,345,104,449,3
2021-07-23,Tulare,107,460477,51005,50104,9611,59715,854
2021-07-23,Tuolumne,109,53932,4323,4216,42,4258,64
2021-07-23,Ventura,111,848112,83684,82687,3419,86106,1041
2021-07-23,Yolo,113,214977,14829,14557,447,15004,214
2021-07-23,Yuba,115,75493,6602,6449,141,6590,51
2021-07-22,Alameda,001,1643700,94854,93170,2221,95391,1259
2021-07-22,Alpine,003,1148,89,89,0,89,0
2021-07-22,Amador,005,37829,3871,3816,34,3850,48
2021-07-22,Butte,007,227075,13253,12982,1982,14964,203
2021-07-22,Calaveras,009,45235,2274,2267,16,2283,57
2021-07-22,Colusa,011,21464,2008,1992,344,2336,16
2021-07-22,Contra Costa,013,1133247,75139,73682,1498,75180,830
2021-07-22,Del Norte,015,27424,1566,1497,15,1512,8
2021-07-22,El Dorado,017,186661,10997,10773,834,11607,116
2021-07-22,Fresno,019,978130,105264,103637,9136,112773,1736
2021-07-22,Glenn,021,27897,2470,2457,585,3042,20
2021-07-22,Humboldt,023,135768,4935,4780,66,4846,52
2021-07-22,Imperial,025,180216,29173,28996,2824,31820,742
2021-07-22,Inyo,027,18085,1433,1424,24,1448,38
2021-07-22,Kern,029,883053,99376,98261,11770,110031,1350
2021-07-22,Kings,031,150075,23675,23304,1173,24477,246
2021-07-22,Lake,033,64148,4143,3963,16,3979,64
2021-07-22,Lassen,035,31185,5322,5311,121,5432,21
2021-07-22,Los Angeles,037,10098052,1245767,1232164,45005,1277169,24623
2021-07-22,Madera,039,155013,17133,16885,1001,17886,245
2021-07-22,Marin,041,260295,14712,14454,291,14745,238
2021-07-22,Mariposa,043,17540,460,453,12,465,5
2021-07-22,Mendocino,045,87422,4422,4293,84,4377,49
2021-07-22,Merced,047,269075,31857,31661,1052,32713,473
2021-07-22,Modoc,049,8938,423,413,149,562,5
2021-07-22,Mono,051,14174,1281,1284,16,1300,3
2021-07-22,Monterey,053,433212,43756,43525,1984,45509,521
2021-07-22,Napa,055,140530,10377,10230,49,10279,81
2021-07-22,Nevada,057,99092,5341,5183,207,5390,72
2021-07-22,Orange,059,3164182,263456,259973,12167,272140,5141
2021-07-22,Placer,061,380077,25045,24530,1817,26347,303
2021-07-22,Plumas,063,18699,748,737,14,751,4
2021-07-22,Riverside,065,2383286,300305,296912,14589,311501,4552
2021-07-22,Sacramento,067,1510023,114213,112438,2196,114634,1698
2021-07-22,San Benito,069,59416,6232,6200,116,6316,63
2021-07-22,San Bernardino,071,2135413,300548,297899,9431,307330,5236
2021-07-22,San Diego,073,3302833,293344,289368,16736,306104,3788
2021-07-22,San Francisco,075,870044,40012,38954,1469,40423,561
2021-07-22,San Joaquin,077,732212,76415,75461,3890,79351,1436
2021-07-22,San Luis Obispo,079,281455,21946,21616,801,22417,260
2021-07-22,San Mateo,081,765935,44455,43880,562,44442,542
2021-07-22,Santa Barbara,083,443738,36003,35071,1271,36342,465
2021-07-22,Santa Clara,085,1922200,122650,121092,847,121939,2099
2021-07-22,Santa Cruz,087,273765,16625,16416,843,17259,207
2021-07-22,Shasta,089,179085,12933,12759,1735,14494,211
2021-07-22,Sierra,091,2930,67,64,13,77,0
2021-07-22,Siskiyou,093,43540,2042,1951,428,2379,31
2021-07-22,Solano,095,438530,35215,34499,689,35188,259
2021-07-22,Sonoma,097,501317,32477,31928,382,32310,327
2021-07-22,Stanislaus,099,539301,58684,57879,6298,64177,1030
2021-07-22,Sutter,101,95872,10028,9890,101,9991,115
2021-07-22,Tehama,103,63373,5215,5166,608,5774,65
2021-07-22,Trinity,105,12862,502,345,104,449,3
2021-07-22,Tulare,107,460477,50962,50104,9583,59687,854
2021-07-22,Tuolumne,109,53932,4311,4216,42,4258,64
2021-07-22,Ventura,111,848112,83550,82687,3406,86093,1041
2021-07-22,Yolo,113,214977,14791,14557,446,15003,214
2021-07-22,Yuba,115,75493,6572,6449,138,6587,51
2021-07-21,Alameda,001,1643700,94525,92840,2218,95058,1256
2021-07-21,Alpine,003,1148,89,89,0,89,0
2021-07-21,Amador,005,37829,3858,3813,34,3847,48
2021-07-21,Butte,007,227075,13212,12939,1977,14916,203
2021-07-21,Calaveras,009,45235,2273,2257,16,2273,57
2021-07-21,Colusa,011,21464,2004,1988,343,2331,16
2021-07-21,Contra Costa,013,1133247,74874,73320,1489,74809,827
2021-07-21,Del Norte,015,27424,1556,1492,15,1507,8
2021-07-21,El Dorado,017,186661,10962,10742,830,11572,116
2021-07-21,Fresno,019,978130,105116,103504,9127,112631,1736
2021-07-21,Glenn,021,27897,2468,2455,584,3039,20
2021-07-21,Humboldt,023,135768,4903,4763,64,4827,52
2021-07-21,Imperial,025,180216,29161,28964,2821,31785,742
2021-07-21,Inyo,027,18085,1433,1423,24,1447,38
2021-07-21,Kern,029,883053,99258,98152,11729,109881,1350
2021-07-21,Kings,031,150075,23647,23270,1169,24439,246
2021-07-21,Lake,033,64148,4078,3896,16,3912,64
2021-07-21,Lassen,035,31185,5319,5310,121,5431,21
2021-07-21,Los Angeles,037,10098052,1243292,1229598,44880,1274478,24609
2021-07-21,Madera,039,155013,17109,16858,998,17856,245
2021-07-21,Marin,041,260295,14662,14427,291,14718,238
2021-07-21,Mariposa,043,17540,456,449,12,461,5
2021-07-21,Mendocino,045,87422,4404,4274,84,4358,49
2021-07-21,Merced,047,269075,31818,31607,1047,32654,473
2021-07-21,Modoc,049,8938,423,413,149,562,5
2021-07-21,Mono,051,14174,1278,1282,16,1298,3
2021-07-21,Monterey,053,433212,43726,43502,1980,45482,515
2021-07-21,Napa,055,140530,10352,10209,49,10258,81
2021-07-21,Nevada,057,99092,5306,5152,207,5359,72
2021-07-21,Orange,059,3164182,262905,259615,12135,271750,5139
2021-07-21,Placer,061,380077,24936,24441,1806,26247,303
2021-07-21,Plumas,063,18699,748,736,14,750,4
2021-07-21,Riverside,065,2383286,299792,296419,14572,310991,4552
2021-07-21,Sacramento,067,1510023,113797,112043,2185,114228,1696
2021-07-21,San Benito,069,59416,6222,6196,116,6312,63
2021-07-21,San Bernardino,071,2135413,300104,297519,9423,306942,5230
2021-07-21,San Diego,073,3302833,292496,288682,16672,305354,3787
2021-07-21,San Francisco,075,870044,39788,38699,1464,40163,559
2021-07-21,San Joaquin,077,732212,76226,75288,3878,79166,1434
2021-07-21,San Luis Obispo,079,281455,21909,21579,798,22377,260
2021-07-21,San Mateo,081,765935,44362,43755,558,44313,542
2021-07-21,Santa Barbara,083,443738,35944,34998,1255,36253,465
2021-07-21,Santa Clara,085,1922200,122440,120838,845,121683,2099
2021-07-21,Santa Cruz,087,273765,16591,16407,843,17250,207
2021-07-21,Shasta,089,179085,12900,12751,1732,14483,211
2021-07-21,Sierra,091,2930,67,64,13,77,0
2021-07-21,Siskiyou,093,43540,2040,1943,426,2369,31
2021-07-21,Solano,095,438530,35058,34374,684,35058,258
2021-07-21,Sonoma,097,501317,32361,31789,382,32171,327
2021-07-21,Stanislaus,099,539301,58582,57774,6289,64063,1028
2021-07-21,Sutter,101,95872,10004,9862,101,9963,113
2021-07-21,Tehama,103,63373,5211,5161,608,5769,65
2021-07-21,Trinity,105,12862,501,345,103,448,3
2021-07-21,Tulare,107,460477,50903,50066,9557,59623,854
2021-07-21,Tuolumne,109,53932,4274,4156,42,4198,64
2021-07-21,Ventura,111,848112,83428,82573,3394,85967,1041
2021-07-21,Yolo,113,214977,14750,14525,445,14970,213
2021-07-21,Yuba,115,75493,6544,6425,138,6563,52
2021-07-20,Alameda,001,1643700,94146,92625,2205,94830,1256
2021-07-20,Alpine,003,1148,89,89,0,89,0
2021-07-20,Amador,005,37829,3847,3807,34,3841,48
2021-07-20,Butte,007,227075,13175,12916,1972,14888,203
2021-07-20,Calaveras,009,45235,2270,2249,16,2265,57
2021-07-20,Colusa,011,21464,2004,1985,343,2328,16
2021-07-20,Contra Costa,013,1133247,74589,73143,1471,74614,825
2021-07-20,Del Norte,015,27424,1546,1490,15,1505,8
2021-07-20,El Dorado,017,186661,10922,10727,825,11552,116
2021-07-20,Fresno,019,978130,104980,103438,9108,112546,1736
2021-07-20,Glenn,021,27897,2468,2453,584,3037,20
2021-07-20,Humboldt,023,135768,4858,4735,62,4797,52
2021-07-20,Imperial,025,180216,29141,28933,2821,31754,742
2021-07-20,Inyo,027,18085,1429,1420,24,1444,36
2021-07-20,Kern,029,883053,99148,98082,11701,109783,1350
2021-07-20,Kings,031,150075,23606,23254,1165,24419,246
2021-07-20,Lake,033,64148,4053,3871,16,3887,64
2021-07-20,Lassen,035,31185,5319,5306,121,5427,21
2021-07-20,Los Angeles,037,10098052,1240518,1227404,44722,1272126,24603
2021-07-20,Madera,039,155013,17088,16856,994,17850,245
2021-07-20,Marin,041,260295,14627,14396,288,14684,234
2021-07-20,Mariposa,043,17540,455,448,12,460,5
2021-07-20,Mendocino,045,87422,4387,4259,84,4343,49
2021-07-20,Merced,047,269075,31780,31578,1040,32618,473
2021-07-20,Modoc,049,8938,423,413,149,562,5
2021-07-20,Mono,051,14174,1274,1281,16,1297,3
2021-07-20,Monterey,053,433212,43695,43481,1977,45458,515
2021-07-20,Napa,055,140530,10329,10191,49,10240,81
2021-07-20,Nevada,057,99092,5287,5148,206,5354,72
2021-07-20,Orange,059,3164182,262352,259303,12103,271406,5139
2021-07-20,Placer,061,380077,24844,24408,1782,26190,303
2021-07-20,Plumas,063,18699,746,736,14,750,4
2021-07-20,Riverside,065,2383286,299258,296118,14558,310676,4543
2021-07-20,Sacramento,067,1510023,113359,111796,2155,113951,1695
2021-07-20,San Benito,069,59416,6215,6196,116,6312,63
2021-07-20,San Bernardino,071,2135413,299693,297222,9398,306620,5231
2021-07-20,San Diego,073,3302833,291575,288209,16576,304785,3786
2021-07-20,San Francisco,075,870044,39531,38536,1452,39988,558
2021-07-20,San Joaquin,077,732212,76054,75198,3865,79063,1433
2021-07-20,San Luis Obispo,079,281455,21864,21556,797,22353,259
2021-07-20,San Mateo,081,765935,44245,43670,556,44226,542
2021-07-20,Santa Barbara,083,443738,35873,34935,1249,36184,462
2021-07-20,Santa Clara,085,1922200,122183,120704,843,121547,2098
2021-07-20,Santa Cruz,087,273765,16562,16399,843,17242,207
2021-07-20,Shasta,089,179085,12874,12734,1728,14462,211
2021-07-20,Sierra,091,2930,67,64,13,77,0
2021-07-20,Siskiyou,093,43540,2036,1931,425,2356,31
2021-07-20,Solano,095,438530,34925,34337,677,35014,258
2021-07-20,Sonoma,097,501317,32242,31763,381,32144,326
2021-07-20,Stanislaus,099,539301,58466,57706,6283,63989,1028
2021-07-20,Sutter,101,95872,9977,9854,98,9952,114
2021-07-20,Tehama,103,63373,5209,5153,608,5761,65
2021-07-20,Trinity,105,12862,499,344,102,446,3
2021-07-20,Tulare,107,460477,50861,50047,9540,59587,854
2021-07-20,Tuolumne,109,53932,4255,4156,42,4198,64
2021-07-20,Ventura,111,848112,83275,82504,3377,85881,1041
2021-07-20,Yolo,113,214977,14687,14495,442,14937,213
2021-07-20,Yuba,115,75493,6519,6393,135,6528,52
2021-07-19,Alameda,001,1643700,93775,92357,2189,94546,1256
2021-07-19,Alpine,003,1148,89,89,0,89,0
2021-07-19,Amador,005,37829,3843,3802,34,3836,48
2021-07-19,Butte,007,227075,13132,12901,1966,14867,202
2021-07-19,Calaveras,009,45235,2269,2245,16,2261,57
2021-07-19,Colusa,011,21464,2002,1981,342,2323,16
2021-07-19,Contra Costa,013,1133247,74277,72935,1451,74386,825
2021-07-19,Del Norte,015,27424,1533,1484,15,1499,8
2021-07-19,El Dorado,017,186661,10892,10703,817,11520,114
2021-07-19,Fresno,019,978130,104850,103350,9095,112445,1731
2021-07-19,Glenn,021,27897,2468,2452,583,3035,20
2021-07-19,Humboldt,023,135768,4828,4719,60,4779,52
2021-07-19,Imperial,025,180216,29114,28888,2821,31709,742
2021-07-19,Inyo,027,18085,1428,1417,24,1441,36
2021-07-19,Kern,029,883053,99036,97999,11666,109665,1349
2021-07-19,Kings,031,150075,23576,23221,1159,24380,246
2021-07-19,Lake,033,64148,4017,3848,16,3864,64
2021-07-19,Lassen,035,31185,5318,5305,121,5426,21
2021-07-19,Los Angeles,037,10098052,1237935,1225946,44535,1270481,24600
2021-07-19,Madera,039,155013,17065,16846,991,17837,244
2021-07-19,Marin,041,260295,14592,14369,285,14654,234
2021-07-19,Mariposa,043,17540,449,447,12,459,5
2021-07-19,Mendocino,045,87422,4369,4251,84,4335,49
2021-07-19,Merced,047,269075,31716,31565,1033,32598,472
2021-07-19,Modoc,049,8938,422,413,149,562,5
2021-07-19,Mono,051,14174,1272,1280,16,1296,3
2021-07-19,Monterey,053,433212,43671,43436,1975,45411,515
2021-07-19,Napa,055,140530,10304,10180,47,10227,81
2021-07-19,Nevada,057,99092,5259,5133,205,5338,72
2021-07-19,Orange,059,3164182,261832,258927,12071,270998,5138
2021-07-19,Placer,061,380077,24745,24359,1760,26119,303
2021-07-19,Plumas,063,18699,746,730,14,744,4
2021-07-19,Riverside,065,2383286,298769,295736,14520,310256,4543
2021-07-19,Sacramento,067,1510023,112996,111470,2131,113601,1696
2021-07-19,San Benito,069,59416,6212,6193,116,6309,63
2021-07-19,San Bernardino,071,2135413,299321,296929,9380,306309,5235
2021-07-19,San Diego,073,3302833,290686,287695,16475,304170,3786
2021-07-19,San Francisco,075,870044,39262,38463,1439,39902,560
2021-07-19,San Joaquin,077,732212,75888,75086,3859,78945,1431
2021-07-19,San Luis Obispo,079,281455,21819,21531,793,22324,259
2021-07-19,San Mateo,081,765935,44100,43563,547,44110,542
2021-07-19,Santa Barbara,083,443738,35799,34904,1247,36151,461
2021-07-19,Santa Clara,085,1922200,121925,120554,842,121396,2098
2021-07-19,Santa Cruz,087,273765,16546,16387,843,17230,207
2021-07-19,Shasta,089,179085,12856,12723,1726,14449,209
2021-07-19,Sierra,091,2930,66,64,13,77,0
2021-07-19,Siskiyou,093,43540,2031,1927,423,2350,31
2021-07-19,Solano,095,438530,34752,34262,666,34928,261
2021-07-19,Sonoma,097,501317,32121,31713,380,32093,325
2021-07-19,Stanislaus,099,539301,58363,57644,6273,63917,1027
2021-07-19,Sutter,101,95872,9961,9834,98,9932,114
2021-07-19,Tehama,103,63373,5203,5152,606,5758,65
2021-07-19,Trinity,105,12862,499,344,101,445,3
2021-07-19,Tulare,107,460477,50816,49994,9522,59516,855
2021-07-19,Tuolumne,109,53932,4245,4151,42,4193,64
2021-07-19,Ventura,111,848112,83179,82409,3355,85764,1041
2021-07-19,Yolo,113,214977,14656,14439,440,14879,213
2021-07-19,Yuba,115,75493,6495,6370,135,6505,52
2021-07-18,Alameda,001,1643700,93424,92162,2175,94337,1256
2021-07-18,Alpine,003,1148,89,89,0,89,0
2021-07-18,Amador,005,37829,3832,3799,34,3833,48
2021-07-18,Butte,007,227075,13089,12888,1961,14849,202
2021-07-18,Calaveras,009,45235,2268,2243,16,2259,57
2021-07-18,Colusa,011,21464,2002,1981,341,2322,16
2021-07-18,Contra Costa,013,1133247,73962,72849,1433,74282,825
2021-07-18,Del Norte,015,27424,1524,1482,15,1497,8
2021-07-18,El Dorado,017,186661,10854,10687,809,11496,114
2021-07-18,Fresno,019,978130,104697,103298,9077,112375,1731
2021-07-18,Glenn,021,27897,2467,2452,582,3034,20
2021-07-18,Humboldt,023,135768,4792,4714,60,4774,52
2021-07-18,Imperial,025,180216,29077,28877,2820,31697,742
2021-07-18,Inyo,027,18085,1424,1417,24,1441,36
2021-07-18,Kern,029,883053,98910,97963,11624,109587,1349
2021-07-18,Kings,031,150075,23555,23203,1155,24358,246
2021-07-18,Lake,033,64148,3981,3825,16,3841,64
2021-07-18,Lassen,035,31185,5318,5305,121,5426,21
2021-07-18,Los Angeles,037,10098052,1235264,1224691,44358,1269049,24598
2021-07-18,Madera,039,155013,17040,16838,987,17825,244
2021-07-18,Marin,041,260295,14556,14358,283,14641,234
2021-07-18,Mariposa,043,17540,448,447,12,459,5
2021-07-18,Mendocino,045,87422,4349,4246,84,4330,49
2021-07-18,Merced,047,269075,31685,31537,1031,32568,471
2021-07-18,Modoc,049,8938,422,413,149,562,5
2021-07-18,Mono,051,14174,1271,1280,16,1296,3
2021-07-18,Monterey,053,433212,43653,43422,1966,45388,515
2021-07-18,Napa,055,140530,10287,10174,44,10218,81
2021-07-18,Nevada,057,99092,5233,5124,205,5329,72
2021-07-18,Orange,059,3164182,261348,258724,12041,270765,5138
2021-07-18,Placer,061,380077,24678,24313,1733,26046,303
2021-07-18,Plumas,063,18699,746,730,14,744,4
2021-07-18,Riverside,065,2383286,298277,295522,14479,310001,4543
2021-07-18,Sacramento,067,1510023,112565,111255,2099,113354,1696
2021-07-18,San Benito,069,59416,6204,6191,116,6307,63
2021-07-18,San Bernardino,071,2135413,298846,296739,9365,306104,5233
2021-07-18,San Diego,073,3302833,289870,286287,16392,302679,3786
2021-07-18,San Francisco,075,870044,39030,38367,1427,39794,560
2021-07-18,San Joaquin,077,732212,75713,74997,3846,78843,1431
2021-07-18,San Luis Obispo,079,281455,21784,21527,790,22317,259
2021-07-18,San Mateo,081,765935,43986,43506,541,44047,542
2021-07-18,Santa Barbara,083,443738,35734,34880,1245,36125,461
2021-07-18,Santa Clara,085,1922200,121711,120438,834,121272,2098
2021-07-18,Santa Cruz,087,273765,16514,16372,842,17214,207
2021-07-18,Shasta,089,179085,12831,12714,1722,14436,209
2021-07-18,Sierra,091,2930,66,64,13,77,0
2021-07-18,Siskiyou,093,43540,2025,1927,418,2345,31
2021-07-18,Solano,095,438530,34625,34215,662,34877,261
2021-07-18,Sonoma,097,501317,32016,31675,379,32054,325
2021-07-18,Stanislaus,099,539301,58252,57600,6248,63848,1028
2021-07-18,Sutter,101,95872,9929,9826,98,9924,114
2021-07-18,Tehama,103,63373,5200,5150,605,5755,65
2021-07-18,Trinity,105,12862,499,344,101,445,3
2021-07-18,Tulare,107,460477,50763,49985,9499,59484,855
2021-07-18,Tuolumne,109,53932,4227,4149,42,4191,64
2021-07-18,Ventura,111,848112,83065,82361,3331,85692,1041
2021-07-18,Yolo,113,214977,14598,14425,434,14859,213
2021-07-18,Yuba,115,75493,6454,6357,135,6492,52
2021-07-17,Alameda,001,1643700,93202,91346,2163,93509,1255
2021-07-17,Alpine,003,1148,89,89,0,89,0
2021-07-17,Amador,005,37829,3823,3785,34,3819,48
2021-07-17,Butte,007,227075,13075,12824,1956,14780,202
2021-07-17,Calaveras,009,45235,2262,2237,16,2253,57
2021-07-17,Colusa,011,21464,1999,1976,341,2317,16
2021-07-17,Contra Costa,013,1133247,73782,72254,1420,73674,824
2021-07-17,Del Norte,015,27424,1516,1475,15,1490,8
2021-07-17,El Dorado,017,186661,10827,10622,805,11427,114
2021-07-17,Fresno,019,978130,104625,103055,9064,112119,1730
2021-07-17,Glenn,021,27897,2466,2451,582,3033,20
2021-07-17,Humboldt,023,135768,4779,4654,59,4713,52
2021-07-17,Imperial,025,180216,29061,28840,2820,31660,742
2021-07-17,Inyo,027,18085,1424,1416,24,1440,36
2021-07-17,Kern,029,883053,98853,97796,11587,109383,1348
2021-07-17,Kings,031,150075,23535,23163,1154,24317,246
2021-07-17,Lake,033,64148,3956,3760,16,3776,64
2021-07-17,Lassen,035,31185,5318,5302,121,5423,21
2021-07-17,Los Angeles,037,10098052,1233757,1219733,44213,1263946,24582
2021-07-17,Madera,039,155013,17032,16804,987,17791,240
2021-07-17,Marin,041,260295,14538,14297,281,14578,234
2021-07-17,Mariposa,043,17540,448,445,12,457,5
2021-07-17,Mendocino,045,87422,4337,4209,84,4293,49
2021-07-17,Merced,047,269075,31664,31451,1027,32478,471
2021-07-17,Modoc,049,8938,422,412,149,561,5
2021-07-17,Mono,051,14174,1269,1277,16,1293,3
2021-07-17,Monterey,053,433212,43630,43367,1961,45328,515
2021-07-17,Napa,055,140530,10271,10129,44,10173,81
2021-07-17,Nevada,057,99092,5218,5066,205,5271,72
2021-07-17,Orange,059,3164182,261038,257805,12002,269807,5136
2021-07-17,Placer,061,380077,24611,24169,1719,25888,303
2021-07-17,Plumas,063,18699,741,721,14,735,4
2021-07-17,Riverside,065,2383286,297970,294751,14447,309198,4542
2021-07-17,Sacramento,067,1510023,112329,110432,2077,112509,1694
2021-07-17,San Benito,069,59416,6198,6181,116,6297,63
2021-07-17,San Bernardino,071,2135413,298612,296048,9346,305394,5218
2021-07-17,San Diego,073,3302833,289463,285698,16325,302023,3786
2021-07-17,San Francisco,075,870044,38909,37978,1423,39401,560
2021-07-17,San Joaquin,077,732212,75626,74695,3838,78533,1430
2021-07-17,San Luis Obispo,079,281455,21757,21462,790,22252,258
2021-07-17,San Mateo,081,765935,43915,43324,539,43863,542
2021-07-17,Santa Barbara,083,443738,35693,34769,1242,36011,461
2021-07-17,Santa Clara,085,1922200,121539,119980,831,120811,2097
2021-07-17,Santa Cruz,087,273765,16507,16337,842,17179,207
2021-07-17,Shasta,089,179085,12816,12683,1717,14400,210
2021-07-17,Sierra,091,2930,66,62,13,75,0
2021-07-17,Siskiyou,093,43540,2020,1922,415,2337,29
2021-07-17,Solano,095,438530,34560,34015,654,34669,263
2021-07-17,Sonoma,097,501317,31949,31536,378,31914,322
2021-07-17,Stanislaus,099,539301,58174,57400,6234,63634,1028
2021-07-17,Sutter,101,95872,9919,9778,98,9876,114
2021-07-17,Tehama,103,63373,5197,5145,605,5750,64
2021-07-17,Trinity,105,12862,498,341,101,442,3
2021-07-17,Tulare,107,460477,50742,49937,9487,59424,854
2021-07-17,Tuolumne,109,53932,4217,4131,42,4173,64
2021-07-17,Ventura,111,848112,82997,82125,3320,85445,1041
2021-07-17,Yolo,113,214977,14567,14356,427,14783,213
2021-07-17,Yuba,115,75493,6443,6309,135,6444,52
2021-07-16,Alameda,001,1643700,92968,91346,2151,93497,1255
2021-07-16,Alpine,003,1148,89,89,0,89,0
2021-07-16,Amador,005,37829,3820,3785,34,3819,48
2021-07-16,Butte,007,227075,13050,12824,1953,14777,202
2021-07-16,Calaveras,009,45235,2262,2237,16,2253,57
2021-07-16,Colusa,011,21464,1997,1976,340,2316,16
2021-07-16,Contra Costa,013,1133247,73594,72254,1416,73670,824
2021-07-16,Del Norte,015,27424,1514,1475,15,1490,8
2021-07-16,El Dorado,017,186661,10808,10622,804,11426,114
2021-07-16,Fresno,019,978130,104573,103055,9045,112100,1730
2021-07-16,Glenn,021,27897,2466,2451,582,3033,20
2021-07-16,Humboldt,023,135768,4757,4654,59,4713,52
2021-07-16,Imperial,025,180216,29049,28840,2820,31660,742
2021-07-16,Inyo,027,18085,1422,1416,24,1440,36
2021-07-16,Kern,029,883053,98791,97796,11548,109344,1348
2021-07-16,Kings,031,150075,23510,23163,1152,24315,246
2021-07-16,Lake,033,64148,3929,3760,16,3776,64
2021-07-16,Lassen,035,31185,5317,5302,121,5423,21
2021-07-16,Los Angeles,037,10098052,1232264,1219733,44070,1263803,24582
2021-07-16,Madera,039,155013,17014,16804,987,17791,240
2021-07-16,Marin,041,260295,14514,14297,278,14575,234
2021-07-16,Mariposa,043,17540,448,445,12,457,5
2021-07-16,Mendocino,045,87422,4328,4209,83,4292,49
2021-07-16,Merced,047,269075,31642,31451,1025,32476,471
2021-07-16,Modoc,049,8938,422,412,149,561,5
2021-07-16,Mono,051,14174,1268,1277,16,1293,3
2021-07-16,Monterey,053,433212,43608,43367,1960,45327,515
2021-07-16,Napa,055,140530,10247,10129,43,10172,81
2021-07-16,Nevada,057,99092,5208,5066,205,5271,72
2021-07-16,Orange,059,3164182,260765,257805,11962,269767,5136
2021-07-16,Placer,061,380077,24558,24169,1714,25883,303
2021-07-16,Plumas,063,18699,740,721,14,735,4
2021-07-16,Riverside,065,2383286,297693,294751,14422,309173,4542
2021-07-16,Sacramento,067,1510023,112112,110432,2064,112496,1694
2021-07-16,San Benito,069,59416,6196,6181,116,6297,63
2021-07-16,San Bernardino,071,2135413,298334,296048,9329,305377,5218
2021-07-16,San Diego,073,3302833,289017,285698,16278,301976,3786
2021-07-16,San Francisco,075,870044,38792,37978,1418,39396,560
2021-07-16,San Joaquin,077,732212,75531,74695,3835,78530,1430
2021-07-16,San Luis Obispo,079,281455,21740,21462,790,22252,258
2021-07-16,San Mateo,081,765935,43862,43324,538,43862,542
2021-07-16,Santa Barbara,083,443738,35655,34769,1242,36011,461
2021-07-16,Santa Clara,085,1922200,121392,119980,823,120803,2097
2021-07-16,Santa Cruz,087,273765,16494,16337,842,17179,207
2021-07-16,Shasta,089,179085,12806,12683,1716,14399,210
2021-07-16,Sierra,091,2930,66,62,13,75,0
2021-07-16,Siskiyou,093,43540,2018,1922,413,2335,29
2021-07-16,Solano,095,438530,34493,34015,646,34661,263
2021-07-16,Sonoma,097,501317,31897,31536,375,31911,322
2021-07-16,Stanislaus,099,539301,58125,57400,6223,63623,1028
2021-07-16,Sutter,101,95872,9907,9778,98,9876,114
2021-07-16,Tehama,103,63373,5195,5145,605,5750,64
2021-07-16,Trinity,105,12862,498,341,100,441,3
2021-07-16,Tulare,107,460477,50718,49937,9477,59414,854
2021-07-16,Tuolumne,109,53932,4211,4131,42,4173,64
2021-07-16,Ventura,111,848112,82932,82125,3313,85438,1041
2021-07-16,Yolo,113,214977,14541,14356,423,14779,213
2021-07-16,Yuba,115,75493,6421,6309,134,6443,52
2021-07-15,Alameda,001,1643700,92671,91346,2142,93488,1255
2021-07-15,Alpine,003,1148,89,89,0,89,0
2021-07-15,Amador,005,37829,3817,3785,34,3819,48
2021-07-15,Butte,007,227075,13024,12824,1951,14775,202
2021-07-15,Calaveras,009,45235,2260,2237,16,2253,57
2021-07-15,Colusa,011,21464,1996,1976,339,2315,16
2021-07-15,Contra Costa,013,1133247,73381,72254,1408,73662,824
2021-07-15,Del Norte,015,27424,1511,1475,15,1490,8
2021-07-15,El Dorado,017,186661,10781,10622,802,11424,114
2021-07-15,Fresno,019,978130,104476,103055,9024,112079,1730
2021-07-15,Glenn,021,27897,2466,2451,582,3033,20
2021-07-15,Humboldt,023,135768,4739,4654,58,4712,52
2021-07-15,Imperial,025,180216,29026,28840,2819,31659,742
2021-07-15,Inyo,027,18085,1422,1416,24,1440,36
2021-07-15,Kern,029,883053,98721,97796,11520,109316,1348
2021-07-15,Kings,031,150075,23472,23163,1149,24312,246
2021-07-15,Lake,033,64148,3890,3760,16,3776,64
2021-07-15,Lassen,035,31185,5316,5302,121,5423,21
2021-07-15,Los Angeles,037,10098052,1230296,1219733,43908,1263641,24582
2021-07-15,Madera,039,155013,16992,16804,983,17787,240
2021-07-15,Marin,041,260295,14489,14297,278,14575,234
2021-07-15,Mariposa,043,17540,448,445,12,457,5
2021-07-15,Mendocino,045,87422,4320,4209,82,4291,49
2021-07-15,Merced,047,269075,31612,31451,1025,32476,471
2021-07-15,Modoc,049,8938,422,412,149,561,5
2021-07-15,Mono,051,14174,1268,1277,16,1293,3
2021-07-15,Monterey,053,433212,43579,43367,1957,45324,515
2021-07-15,Napa,055,140530,10222,10129,42,10171,81
2021-07-15,Nevada,057,99092,5190,5066,204,5270,72
2021-07-15,Orange,059,3164182,260413,257805,11930,269735,5136
2021-07-15,Placer,061,380077,24499,24169,1697,25866,303
2021-07-15,Plumas,063,18699,739,721,14,735,4
2021-07-15,Riverside,065,2383286,297370,294751,14407,309158,4542
2021-07-15,Sacramento,067,1510023,111808,110432,2046,112478,1694
2021-07-15,San Benito,069,59416,6194,6181,116,6297,63
2021-07-15,San Bernardino,071,2135413,298029,296048,9314,305362,5218
2021-07-15,San Diego,073,3302833,288385,285698,16202,301900,3786
2021-07-15,San Francisco,075,870044,38640,37978,1409,39387,560
2021-07-15,San Joaquin,077,732212,75414,74695,3830,78525,1430
2021-07-15,San Luis Obispo,079,281455,21708,21462,790,22252,258
2021-07-15,San Mateo,081,765935,43758,43324,534,43858,542
2021-07-15,Santa Barbara,083,443738,35602,34769,1241,36010,461
2021-07-15,Santa Clara,085,1922200,121270,119980,820,120800,2097
2021-07-15,Santa Cruz,087,273765,16481,16337,842,17179,207
2021-07-15,Shasta,089,179085,12798,12683,1711,14394,210
2021-07-15,Sierra,091,2930,66,62,13,75,0
2021-07-15,Siskiyou,093,43540,2017,1922,413,2335,29
2021-07-15,Solano,095,438530,34418,34015,640,34655,263
2021-07-15,Sonoma,097,501317,31836,31536,375,31911,322
2021-07-15,Stanislaus,099,539301,58057,57400,6210,63610,1028
2021-07-15,Sutter,101,95872,9887,9778,97,9875,114
2021-07-15,Tehama,103,63373,5189,5145,604,5749,64
2021-07-15,Trinity,105,12862,498,341,100,441,3
2021-07-15,Tulare,107,460477,50697,49937,9460,59397,854
2021-07-15,Tuolumne,109,53932,4199,4131,42,4173,64
2021-07-15,Ventura,111,848112,82855,82125,3308,85433,1041
2021-07-15,Yolo,113,214977,14514,14356,422,14778,213
2021-07-15,Yuba,115,75493,6406,6309,133,6442,52
2021-07-14,Alameda,001,1643700,92410,91092,2124,93216,1255
2021-07-14,Alpine,003,1148,89,89,0,89,0
2021-07-14,Amador,005,37829,3809,3784,34,3818,48
2021-07-14,Butte,007,227075,12997,12813,1944,14757,202
2021-07-14,Calaveras,009,45235,2252,2234,16,2250,57
2021-07-14,Colusa,011,21464,1993,1974,339,2313,16
2021-07-14,Contra Costa,013,1133247,73156,72091,1395,73486,823
2021-07-14,Del Norte,015,27424,1510,1472,15,1487,8
2021-07-14,El Dorado,017,186661,10755,10598,799,11397,114
2021-07-14,Fresno,019,978130,104396,102966,9013,111979,1728
2021-07-14,Glenn,021,27897,2466,2449,582,3031,20
2021-07-14,Humboldt,023,135768,4716,4644,56,4700,52
2021-07-14,Imperial,025,180216,28997,28822,2819,31641,742
2021-07-14,Inyo,027,18085,1421,1415,24,1439,36
2021-07-14,Kern,029,883053,98657,97736,11495,109231,1346
2021-07-14,Kings,031,150075,23459,23142,1149,24291,246
2021-07-14,Lake,033,64148,3857,3739,16,3755,63
2021-07-14,Lassen,035,31185,5315,5298,121,5419,21
2021-07-14,Los Angeles,037,10098052,1228294,1218265,43762,1262027,24578
2021-07-14,Madera,039,155013,16980,16786,981,17767,240
2021-07-14,Marin,041,260295,14455,14269,276,14545,233
2021-07-14,Mariposa,043,17540,446,445,12,457,5
2021-07-14,Mendocino,045,87422,4307,4193,82,4275,49
2021-07-14,Merced,047,269075,31575,31412,1022,32434,471
2021-07-14,Modoc,049,8938,422,412,149,561,4
2021-07-14,Mono,051,14174,1268,1278,16,1294,3
2021-07-14,Monterey,053,433212,43555,43347,1955,45302,504
2021-07-14,Napa,055,140530,10200,10121,42,10163,81
2021-07-14,Nevada,057,99092,5171,5058,204,5262,72
2021-07-14,Orange,059,3164182,260098,257558,11901,269459,5137
2021-07-14,Placer,061,380077,24446,24125,1685,25810,303
2021-07-14,Plumas,063,18699,732,719,14,733,4
2021-07-14,Riverside,065,2383286,297045,294511,14391,308902,4542
2021-07-14,Sacramento,067,1510023,111481,110193,2022,112215,1688
2021-07-14,San Benito,069,59416,6191,6177,116,6293,63
2021-07-14,San Bernardino,071,2135413,297727,295820,9299,305119,5193
2021-07-14,San Diego,073,3302833,287814,285269,16123,301392,3786
2021-07-14,San Francisco,075,870044,38501,37836,1402,39238,559
2021-07-14,San Joaquin,077,732212,75322,74599,3821,78420,1416
2021-07-14,San Luis Obispo,079,281455,21686,21444,788,22232,258
2021-07-14,San Mateo,081,765935,43661,43249,530,43779,542
2021-07-14,Santa Barbara,083,443738,35562,34719,1239,35958,461
2021-07-14,Santa Clara,085,1922200,121120,119844,817,120661,2098
2021-07-14,Santa Cruz,087,273765,16467,16326,842,17168,207
2021-07-14,Shasta,089,179085,12778,12669,1708,14377,209
2021-07-14,Sierra,091,2930,66,62,13,75,0
2021-07-14,Siskiyou,093,43540,2010,1922,410,2332,29
2021-07-14,Solano,095,438530,34345,33948,640,34588,268
2021-07-14,Sonoma,097,501317,31784,31470,375,31845,322
2021-07-14,Stanislaus,099,539301,57982,57340,6198,63538,1028
2021-07-14,Sutter,101,95872,9864,9766,97,9863,114
2021-07-14,Tehama,103,63373,5187,5142,604,5746,64
2021-07-14,Trinity,105,12862,498,341,100,441,3
2021-07-14,Tulare,107,460477,50680,49908,9446,59354,853
2021-07-14,Tuolumne,109,53932,4196,4128,41,4169,64
2021-07-14,Ventura,111,848112,82761,82041,3297,85338,1040
2021-07-14,Yolo,113,214977,14481,14332,419,14751,213
2021-07-14,Yuba,115,75493,6388,6294,133,6427,52
2021-07-13,Alameda,001,1643700,92143,90874,2113,92987,1255
2021-07-13,Alpine,003,1148,89,89,0,89,0
2021-07-13,Amador,005,37829,3802,3783,34,3817,48
2021-07-13,Butte,007,227075,12983,12802,1943,14745,202
2021-07-13,Calaveras,009,45235,2248,2230,16,2246,57
2021-07-13,Colusa,011,21464,1991,1972,335,2307,16
2021-07-13,Contra Costa,013,1133247,72931,71963,1386,73349,823
2021-07-13,Del Norte,015,27424,1506,1471,15,1486,8
2021-07-13,El Dorado,017,186661,10737,10581,796,11377,114
2021-07-13,Fresno,019,978130,104320,102909,9003,111912,1727
2021-07-13,Glenn,021,27897,2464,2448,582,3030,20
2021-07-13,Humboldt,023,135768,4701,4634,56,4690,51
2021-07-13,Imperial,025,180216,28986,28792,2819,31611,741
2021-07-13,Inyo,027,18085,1420,1415,24,1439,36
2021-07-13,Kern,029,883053,98568,97698,11456,109154,1346
2021-07-13,Kings,031,150075,23441,23132,1149,24281,246
2021-07-13,Lake,033,64148,3830,3719,15,3734,63
2021-07-13,Lassen,035,31185,5313,5292,121,5413,21
2021-07-13,Los Angeles,037,10098052,1226454,1217184,43590,1260774,24569
2021-07-13,Madera,039,155013,16971,16773,977,17750,240
2021-07-13,Marin,041,260295,14426,14254,275,14529,233
2021-07-13,Mariposa,043,17540,445,443,12,455,5
2021-07-13,Mendocino,045,87422,4300,4185,82,4267,49
2021-07-13,Merced,047,269075,31554,31379,1019,32398,471
2021-07-13,Modoc,049,8938,422,411,149,560,4
2021-07-13,Mono,051,14174,1267,1277,16,1293,3
2021-07-13,Monterey,053,433212,43537,43333,1951,45284,504
2021-07-13,Napa,055,140530,10179,10118,42,10160,81
2021-07-13,Nevada,057,99092,5146,5053,204,5257,72
2021-07-13,Orange,059,3164182,259766,257339,11872,269211,5136
2021-07-13,Placer,061,380077,24400,24091,1672,25763,303
2021-07-13,Plumas,063,18699,731,716,14,730,4
2021-07-13,Riverside,065,2383286,296722,294302,14365,308667,4541
2021-07-13,Sacramento,067,1510023,111171,109990,1999,111989,1687
2021-07-13,San Benito,069,59416,6189,6173,116,6289,63
2021-07-13,San Bernardino,071,2135413,297451,295596,9277,304873,5183
2021-07-13,San Diego,073,3302833,287272,284997,16044,301041,3785
2021-07-13,San Francisco,075,870044,38357,37725,1394,39119,559
2021-07-13,San Joaquin,077,732212,75206,74500,3818,78318,1417
2021-07-13,San Luis Obispo,079,281455,21660,21423,785,22208,258
2021-07-13,San Mateo,081,765935,43593,43180,529,43709,542
2021-07-13,Santa Barbara,083,443738,35513,34679,1236,35915,461
2021-07-13,Santa Clara,085,1922200,120966,119727,813,120540,2098
2021-07-13,Santa Cruz,087,273765,16458,16315,840,17155,207
2021-07-13,Shasta,089,179085,12765,12659,1701,14360,209
2021-07-13,Sierra,091,2930,66,62,13,75,0
2021-07-13,Siskiyou,093,43540,2009,1916,408,2324,29
2021-07-13,Solano,095,438530,34281,33918,634,34552,268
2021-07-13,Sonoma,097,501317,31725,31431,375,31806,322
2021-07-13,Stanislaus,099,539301,57913,57282,6184,63466,1028
2021-07-13,Sutter,101,95872,9846,9752,96,9848,114
2021-07-13,Tehama,103,63373,5180,5144,604,5748,64
2021-07-13,Trinity,105,12862,498,341,99,440,3
2021-07-13,Tulare,107,460477,50656,49891,9430,59321,853
2021-07-13,Tuolumne,109,53932,4188,4122,40,4162,64
2021-07-13,Ventura,111,848112,82677,81982,3272,85254,1040
2021-07-13,Yolo,113,214977,14453,14320,412,14732,213
2021-07-13,Yuba,115,75493,6371,6279,133,6412,52
2021-07-12,Alameda,001,1643700,91887,90720,2105,92825,1254
2021-07-12,Alpine,003,1148,89,89,0,89,0
2021-07-12,Amador,005,37829,3795,3781,34,3815,47
2021-07-12,Butte,007,227075,12963,12796,1941,14737,202
2021-07-12,Calaveras,009,45235,2246,2228,16,2244,57
2021-07-12,Colusa,011,21464,1987,1971,334,2305,16
2021-07-12,Contra Costa,013,1133247,72729,71833,1381,73214,823
2021-07-12,Del Norte,015,27424,1503,1469,15,1484,8
2021-07-12,El Dorado,017,186661,10709,10569,794,11363,114
2021-07-12,Fresno,019,978130,104226,102853,8992,111845,1728
2021-07-12,Glenn,021,27897,2464,2446,582,3028,20
2021-07-12,Humboldt,023,135768,4685,4621,56,4677,51
2021-07-12,Imperial,025,180216,28956,28789,2819,31608,741
2021-07-12,Inyo,027,18085,1420,1415,24,1439,36
2021-07-12,Kern,029,883053,98499,97660,11431,109091,1346
2021-07-12,Kings,031,150075,23421,23124,1147,24271,246
2021-07-12,Lake,033,64148,3809,3706,15,3721,63
2021-07-12,Lassen,035,31185,5312,5292,121,5413,21
2021-07-12,Los Angeles,037,10098052,1224675,1216230,43451,1259681,24559
2021-07-12,Madera,039,155013,16960,16772,977,17749,240
2021-07-12,Marin,041,260295,14401,14238,274,14512,233
2021-07-12,Mariposa,043,17540,445,442,12,454,5
2021-07-12,Mendocino,045,87422,4289,4175,82,4257,49
2021-07-12,Merced,047,269075,31523,31374,1018,32392,471
2021-07-12,Modoc,049,8938,421,411,149,560,4
2021-07-12,Mono,051,14174,1265,1275,16,1291,3
2021-07-12,Monterey,053,433212,43516,43315,1947,45262,504
2021-07-12,Napa,055,140530,10161,10104,41,10145,81
2021-07-12,Nevada,057,99092,5123,5046,204,5250,72
2021-07-12,Orange,059,3164182,259416,257171,11847,269018,5136
2021-07-12,Placer,061,380077,24349,24052,1666,25718,302
2021-07-12,Plumas,063,18699,731,716,14,730,4
2021-07-12,Riverside,065,2383286,296414,294108,14334,308442,4541
2021-07-12,Sacramento,067,1510023,110955,109849,1972,111821,1685
2021-07-12,San Benito,069,59416,6186,6166,116,6282,63
2021-07-12,San Bernardino,071,2135413,297180,295447,9263,304710,5171
2021-07-12,San Diego,073,3302833,286807,284648,15968,300616,3785
2021-07-12,San Francisco,075,870044,38210,37656,1390,39046,559
2021-07-12,San Joaquin,077,732212,75111,74424,3808,78232,1415
2021-07-12,San Luis Obispo,079,281455,21641,21408,784,22192,258
2021-07-12,San Mateo,081,765935,43500,43138,522,43660,542
2021-07-12,Santa Barbara,083,443738,35471,34664,1234,35898,461
2021-07-12,Santa Clara,085,1922200,120801,119634,810,120444,2098
2021-07-12,Santa Cruz,087,273765,16433,16310,839,17149,207
2021-07-12,Shasta,089,179085,12757,12648,1698,14346,208
2021-07-12,Sierra,091,2930,66,62,13,75,0
2021-07-12,Siskiyou,093,43540,2004,1916,403,2319,29
2021-07-12,Solano,095,438530,34191,33859,625,34484,268
2021-07-12,Sonoma,097,501317,31677,31377,374,31751,322
2021-07-12,Stanislaus,099,539301,57840,57243,6177,63420,1028
2021-07-12,Sutter,101,95872,9829,9736,95,9831,114
2021-07-12,Tehama,103,63373,5175,5138,603,5741,63
2021-07-12,Trinity,105,12862,494,340,97,437,3
2021-07-12,Tulare,107,460477,50628,49882,9417,59299,853
2021-07-12,Tuolumne,109,53932,4184,4116,40,4156,64
2021-07-12,Ventura,111,848112,82576,81919,3251,85170,1040
2021-07-12,Yolo,113,214977,14424,14303,408,14711,213
2021-07-12,Yuba,115,75493,6356,6266,133,6399,52
2021-07-11,Alameda,001,1643700,91559,90597,2090,92687,1254
2021-07-11,Alpine,003,1148,89,89,0,89,0
2021-07-11,Amador,005,37829,3793,3779,34,3813,47
2021-07-11,Butte,007,227075,12940,12794,1935,14729,202
2021-07-11,Calaveras,009,45235,2238,2226,15,2241,57
2021-07-11,Colusa,011,21464,1986,1971,333,2304,16
2021-07-11,Contra Costa,013,1133247,72519,71744,1374,73118,823
2021-07-11,Del Norte,015,27424,1499,1467,14,1481,8
2021-07-11,El Dorado,017,186661,10680,10554,792,11346,114
2021-07-11,Fresno,019,978130,104131,102813,8973,111786,1728
2021-07-11,Glenn,021,27897,2463,2446,582,3028,20
2021-07-11,Humboldt,023,135768,4672,4611,55,4666,51
2021-07-11,Imperial,025,180216,28938,28787,2818,31605,741
2021-07-11,Inyo,027,18085,1418,1415,24,1439,36
2021-07-11,Kern,029,883053,98426,97637,11415,109052,1346
2021-07-11,Kings,031,150075,23390,23116,1144,24260,246
2021-07-11,Lake,033,64148,3778,3699,15,3714,63
2021-07-11,Lassen,035,31185,5309,5291,121,5412,21
2021-07-11,Los Angeles,037,10098052,1222930,1215182,43292,1258474,24558
2021-07-11,Madera,039,155013,16941,16766,976,17742,240
2021-07-11,Marin,041,260295,14375,14231,274,14505,233
2021-07-11,Mariposa,043,17540,444,442,12,454,5
2021-07-11,Mendocino,045,87422,4269,4167,82,4249,49
2021-07-11,Merced,047,269075,31499,31366,1013,32379,471
2021-07-11,Modoc,049,8938,420,411,149,560,4
2021-07-11,Mono,051,14174,1265,1275,16,1291,3
2021-07-11,Monterey,053,433212,43497,43307,1943,45250,504
2021-07-11,Napa,055,140530,10157,10100,41,10141,81
2021-07-11,Nevada,057,99092,5112,5035,203,5238,72
2021-07-11,Orange,059,3164182,259103,257009,11818,268827,5136
2021-07-11,Placer,061,380077,24292,24017,1654,25671,302
2021-07-11,Plumas,063,18699,731,716,14,730,4
2021-07-11,Riverside,065,2383286,296150,293969,14316,308285,4541
2021-07-11,Sacramento,067,1510023,110677,109696,1962,111658,1685
2021-07-11,San Benito,069,59416,6181,6163,116,6279,63
2021-07-11,San Bernardino,071,2135413,296875,295342,9238,304580,5167
2021-07-11,San Diego,073,3302833,286394,283819,15882,299701,3784
2021-07-11,San Francisco,075,870044,38082,37596,1384,38980,559
2021-07-11,San Joaquin,077,732212,74995,74376,3791,78167,1415
2021-07-11,San Luis Obispo,079,281455,21608,21403,783,22186,258
2021-07-11,San Mateo,081,765935,43421,43107,515,43622,542
2021-07-11,Santa Barbara,083,443738,35425,34646,1234,35880,461
2021-07-11,Santa Clara,085,1922200,120647,119549,809,120358,2098
2021-07-11,Santa Cruz,087,273765,16417,16303,839,17142,207
2021-07-11,Shasta,089,179085,12740,12647,1696,14343,208
2021-07-11,Sierra,091,2930,66,62,13,75,0
2021-07-11,Siskiyou,093,43540,2000,1915,401,2316,29
2021-07-11,Solano,095,438530,34109,33837,620,34457,268
2021-07-11,Sonoma,097,501317,31595,31352,374,31726,322
2021-07-11,Stanislaus,099,539301,57767,57230,6166,63396,1028
2021-07-11,Sutter,101,95872,9815,9728,95,9823,114
2021-07-11,Tehama,103,63373,5172,5138,603,5741,63
2021-07-11,Trinity,105,12862,493,340,97,437,3
2021-07-11,Tulare,107,460477,50603,49877,9398,59275,853
2021-07-11,Tuolumne,109,53932,4178,4116,40,4156,64
2021-07-11,Ventura,111,848112,82504,81875,3231,85106,1040
2021-07-11,Yolo,113,214977,14397,14285,402,14687,213
2021-07-11,Yuba,115,75493,6345,6260,133,6393,52
2021-07-10,Alameda,001,1643700,91409,90090,2087,92177,1252
2021-07-10,Alpine,003,1148,89,89,0,89,0
2021-07-10,Amador,005,37829,3787,3773,34,3807,47
2021-07-10,Butte,007,227075,12929,12764,1932,14696,202
2021-07-10,Calaveras,009,45235,2237,2214,15,2229,57
2021-07-10,Colusa,011,21464,1984,1969,333,2302,16
2021-07-10,Contra Costa,013,1133247,72419,71376,1373,72749,821
2021-07-10,Del Norte,015,27424,1497,1451,14,1465,8
2021-07-10,El Dorado,017,186661,10664,10508,788,11296,114
2021-07-10,Fresno,019,978130,104098,102675,8966,111641,1730
2021-07-10,Glenn,021,27897,2460,2440,581,3021,20
2021-07-10,Humboldt,023,135768,4663,4574,55,4629,51
2021-07-10,Imperial,025,180216,28925,28729,2818,31547,741
2021-07-10,Inyo,027,18085,1417,1415,24,1439,36
2021-07-10,Kern,029,883053,98386,97538,11398,108936,1346
2021-07-10,Kings,031,150075,23383,23090,1143,24233,246
2021-07-10,Lake,033,64148,3761,3667,15,3682,63
2021-07-10,Lassen,035,31185,5309,5290,121,5411,21
2021-07-10,Los Angeles,037,10098052,1221912,1212043,43189,1255232,24542
2021-07-10,Madera,039,155013,16935,16744,973,17717,241
2021-07-10,Marin,041,260295,14361,14194,274,14468,233
2021-07-10,Mariposa,043,17540,444,442,12,454,5
2021-07-10,Mendocino,045,87422,4262,4153,81,4234,49
2021-07-10,Merced,047,269075,31486,31328,1013,32341,470
2021-07-10,Modoc,049,8938,420,410,149,559,4
2021-07-10,Mono,051,14174,1265,1275,16,1291,3
2021-07-10,Monterey,053,433212,43483,43251,1941,45192,499
2021-07-10,Napa,055,140530,10145,10077,41,10118,81
2021-07-10,Nevada,057,99092,5103,5000,203,5203,72
2021-07-10,Orange,059,3164182,258930,256438,11802,268240,5135
2021-07-10,Placer,061,380077,24263,23916,1644,25560,302
2021-07-10,Plumas,063,18699,730,717,14,731,4
2021-07-10,Riverside,065,2383286,295963,293474,14302,307776,4541
2021-07-10,Sacramento,067,1510023,110528,109091,1957,111048,1682
2021-07-10,San Benito,069,59416,6176,6141,116,6257,63
2021-07-10,San Bernardino,071,2135413,296687,294932,9226,304158,5117
2021-07-10,San Diego,073,3302833,286104,283577,15829,299406,3783
2021-07-10,San Francisco,075,870044,37997,37338,1381,38719,559
2021-07-10,San Joaquin,077,732212,74938,74150,3785,77935,1412
2021-07-10,San Luis Obispo,079,281455,21597,21375,782,22157,258
2021-07-10,San Mateo,081,765935,43371,42948,513,43461,542
2021-07-10,Santa Barbara,083,443738,35399,34595,1234,35829,460
2021-07-10,Santa Clara,085,1922200,120544,119330,806,120136,2094
2021-07-10,Santa Cruz,087,273765,16410,16286,839,17125,207
2021-07-10,Shasta,089,179085,12727,12623,1691,14314,206
2021-07-10,Sierra,091,2930,66,61,13,74,0
2021-07-10,Siskiyou,093,43540,1998,1909,398,2307,29
2021-07-10,Solano,095,438530,34068,33678,614,34292,268
2021-07-10,Sonoma,097,501317,31544,31231,374,31605,317
2021-07-10,Stanislaus,099,539301,57726,57104,6156,63260,1026
2021-07-10,Sutter,101,95872,9802,9692,95,9787,114
2021-07-10,Tehama,103,63373,5169,5131,603,5734,63
2021-07-10,Trinity,105,12862,493,341,97,438,3
2021-07-10,Tulare,107,460477,50593,49850,9392,59242,853
2021-07-10,Tuolumne,109,53932,4176,4114,40,4154,64
2021-07-10,Ventura,111,848112,82459,81713,3213,84926,1039
2021-07-10,Yolo,113,214977,14376,14250,399,14649,213
2021-07-10,Yuba,115,75493,6335,6238,133,6371,52
2021-07-09,Alameda,001,1643700,91256,90090,2081,92171,1252
2021-07-09,Alpine,003,1148,89,89,0,89,0
2021-07-09,Amador,005,37829,3786,3773,34,3807,47
2021-07-09,Butte,007,227075,12918,12764,1930,14694,202
2021-07-09,Calaveras,009,45235,2235,2214,15,2229,57
2021-07-09,Colusa,011,21464,1983,1969,333,2302,16
2021-07-09,Contra Costa,013,1133247,72294,71376,1372,72748,821
2021-07-09,Del Norte,015,27424,1492,1451,14,1465,8
2021-07-09,El Dorado,017,186661,10649,10508,787,11295,114
2021-07-09,Fresno,019,978130,104042,102675,8959,111634,1730
2021-07-09,Glenn,021,27897,2459,2440,579,3019,20
2021-07-09,Humboldt,023,135768,4644,4574,55,4629,51
2021-07-09,Imperial,025,180216,28917,28729,2817,31546,741
2021-07-09,Inyo,027,18085,1416,1415,24,1439,36
2021-07-09,Kern,029,883053,98348,97538,11386,108924,1346
2021-07-09,Kings,031,150075,23373,23090,1142,24232,246
2021-07-09,Lake,033,64148,3747,3667,15,3682,63
2021-07-09,Lassen,035,31185,5307,5290,120,5410,21
2021-07-09,Los Angeles,037,10098052,1220909,1212043,43116,1255159,24542
2021-07-09,Madera,039,155013,16926,16744,972,17716,241
2021-07-09,Marin,041,260295,14340,14194,273,14467,233
2021-07-09,Mariposa,043,17540,444,442,12,454,5
2021-07-09,Mendocino,045,87422,4255,4153,81,4234,49
2021-07-09,Merced,047,269075,31471,31328,1013,32341,470
2021-07-09,Modoc,049,8938,420,410,149,559,4
2021-07-09,Mono,051,14174,1265,1275,16,1291,3
2021-07-09,Monterey,053,433212,43474,43251,1941,45192,499
2021-07-09,Napa,055,140530,10138,10077,41,10118,81
2021-07-09,Nevada,057,99092,5094,5000,203,5203,72
2021-07-09,Orange,059,3164182,258726,256438,11788,268226,5135
2021-07-09,Placer,061,380077,24241,23916,1638,25554,302
2021-07-09,Plumas,063,18699,728,717,14,731,4
2021-07-09,Riverside,065,2383286,295777,293474,14289,307763,4541
2021-07-09,Sacramento,067,1510023,110375,109091,1948,111039,1682
2021-07-09,San Benito,069,59416,6174,6141,116,6257,63
2021-07-09,San Bernardino,071,2135413,296535,294932,9219,304151,5117
2021-07-09,San Diego,073,3302833,285818,283577,15781,299358,3783
2021-07-09,San Francisco,075,870044,37917,37338,1374,38712,559
2021-07-09,San Joaquin,077,732212,74865,74150,3778,77928,1412
2021-07-09,San Luis Obispo,079,281455,21585,21375,782,22157,258
2021-07-09,San Mateo,081,765935,43325,42948,509,43457,542
2021-07-09,Santa Barbara,083,443738,35380,34595,1233,35828,460
2021-07-09,Santa Clara,085,1922200,120434,119330,806,120136,2094
2021-07-09,Santa Cruz,087,273765,16407,16286,839,17125,207
2021-07-09,Shasta,089,179085,12721,12623,1686,14309,206
2021-07-09,Sierra,091,2930,66,61,13,74,0
2021-07-09,Siskiyou,093,43540,1996,1909,397,2306,29
2021-07-09,Solano,095,438530,34033,33678,610,34288,268
2021-07-09,Sonoma,097,501317,31508,31231,374,31605,317
2021-07-09,Stanislaus,099,539301,57684,57104,6154,63258,1026
2021-07-09,Sutter,101,95872,9793,9692,95,9787,114
2021-07-09,Tehama,103,63373,5167,5131,603,5734,63
2021-07-09,Trinity,105,12862,492,341,94,435,3
2021-07-09,Tulare,107,460477,50580,49850,9386,59236,853
2021-07-09,Tuolumne,109,53932,4173,4114,40,4154,64
2021-07-09,Ventura,111,848112,82404,81713,3204,84917,1039
2021-07-09,Yolo,113,214977,14361,14250,395,14645,213
2021-07-09,Yuba,115,75493,6322,6238,133,6371,52
2021-07-08,Alameda,001,1643700,91046,90090,2076,92166,1252
2021-07-08,Alpine,003,1148,89,89,0,89,0
2021-07-08,Amador,005,37829,3784,3773,34,3807,47
2021-07-08,Butte,007,227075,12905,12764,1927,14691,202
2021-07-08,Calaveras,009,45235,2230,2214,14,2228,57
2021-07-08,Colusa,011,21464,1983,1969,333,2302,16
2021-07-08,Contra Costa,013,1133247,72166,71376,1367,72743,821
2021-07-08,Del Norte,015,27424,1490,1451,14,1465,8
2021-07-08,El Dorado,017,186661,10632,10508,782,11290,114
2021-07-08,Fresno,019,978130,103979,102675,8948,111623,1730
2021-07-08,Glenn,021,27897,2459,2440,579,3019,20
2021-07-08,Humboldt,023,135768,4629,4574,54,4628,51
2021-07-08,Imperial,025,180216,28904,28729,2816,31545,741
2021-07-08,Inyo,027,18085,1416,1415,24,1439,36
2021-07-08,Kern,029,883053,98300,97538,11371,108909,1346
2021-07-08,Kings,031,150075,23364,23090,1142,24232,246
2021-07-08,Lake,033,64148,3733,3667,15,3682,63
2021-07-08,Lassen,035,31185,5304,5290,120,5410,21
2021-07-08,Los Angeles,037,10098052,1219698,1212043,43020,1255063,24542
2021-07-08,Madera,039,155013,16910,16744,972,17716,241
2021-07-08,Marin,041,260295,14326,14194,273,14467,233
2021-07-08,Mariposa,043,17540,443,442,12,454,5
2021-07-08,Mendocino,045,87422,4252,4153,81,4234,49
2021-07-08,Merced,047,269075,31457,31328,1011,32339,470
2021-07-08,Modoc,049,8938,420,410,149,559,4
2021-07-08,Mono,051,14174,1265,1275,16,1291,3
2021-07-08,Monterey,053,433212,43454,43251,1935,45186,499
2021-07-08,Napa,055,140530,10134,10077,41,10118,81
2021-07-08,Nevada,057,99092,5088,5000,203,5203,72
2021-07-08,Orange,059,3164182,258533,256438,11767,268205,5135
2021-07-08,Placer,061,380077,24202,23916,1630,25546,302
2021-07-08,Plumas,063,18699,727,717,14,731,4
2021-07-08,Riverside,065,2383286,295576,293474,14273,307747,4541
2021-07-08,Sacramento,067,1510023,110153,109091,1941,111032,1682
2021-07-08,San Benito,069,59416,6171,6141,116,6257,63
2021-07-08,San Bernardino,071,2135413,296359,294932,9210,304142,5117
2021-07-08,San Diego,073,3302833,285490,283577,15733,299310,3783
2021-07-08,San Francisco,075,870044,37837,37338,1370,38708,559
2021-07-08,San Joaquin,077,732212,74777,74150,3765,77915,1412
2021-07-08,San Luis Obispo,079,281455,21573,21375,779,22154,258
2021-07-08,San Mateo,081,765935,43275,42948,508,43456,542
2021-07-08,Santa Barbara,083,443738,35353,34595,1231,35826,460
2021-07-08,Santa Clara,085,1922200,120341,119330,805,120135,2094
2021-07-08,Santa Cruz,087,273765,16401,16286,839,17125,207
2021-07-08,Shasta,089,179085,12715,12623,1682,14305,206
2021-07-08,Sierra,091,2930,66,61,13,74,0
2021-07-08,Siskiyou,093,43540,1991,1909,394,2303,29
2021-07-08,Solano,095,438530,33978,33678,603,34281,268
2021-07-08,Sonoma,097,501317,31477,31231,373,31604,317
2021-07-08,Stanislaus,099,539301,57649,57104,6150,63254,1026
2021-07-08,Sutter,101,95872,9778,9692,93,9785,114
2021-07-08,Tehama,103,63373,5164,5131,602,5733,63
2021-07-08,Trinity,105,12862,492,341,94,435,3
2021-07-08,Tulare,107,460477,50562,49850,9378,59228,853
2021-07-08,Tuolumne,109,53932,4171,4114,40,4154,64
2021-07-08,Ventura,111,848112,82339,81713,3188,84901,1039
2021-07-08,Yolo,113,214977,14343,14250,393,14643,213
2021-07-08,Yuba,115,75493,6314,6238,133,6371,52
2021-07-07,Alameda,001,1643700,90862,89995,2070,92065,1253
2021-07-07,Alpine,003,1148,89,89,0,89,0
2021-07-07,Amador,005,37829,3779,3770,34,3804,47
2021-07-07,Butte,007,227075,12892,12750,1922,14672,202
2021-07-07,Calaveras,009,45235,2225,2212,14,2226,57
2021-07-07,Colusa,011,21464,1979,1969,333,2302,16
2021-07-07,Contra Costa,013,1133247,72021,71308,1365,72673,821
2021-07-07,Del Norte,015,27424,1485,1446,14,1460,8
2021-07-07,El Dorado,017,186661,10612,10494,780,11274,114
2021-07-07,Fresno,019,978130,103929,102639,8941,111580,1729
2021-07-07,Glenn,021,27897,2459,2441,579,3020,20
2021-07-07,Humboldt,023,135768,4615,4566,54,4620,51
2021-07-07,Imperial,025,180216,28897,28701,2816,31517,740
2021-07-07,Inyo,027,18085,1415,1415,24,1439,36
2021-07-07,Kern,029,883053,98256,97507,11356,108863,1348
2021-07-07,Kings,031,150075,23351,23085,1139,24224,245
2021-07-07,Lake,033,64148,3714,3660,15,3675,63
2021-07-07,Lassen,035,31185,5304,5286,120,5406,21
2021-07-07,Los Angeles,037,10098052,1218520,1211316,42914,1254230,24531
2021-07-07,Madera,039,155013,16899,16733,970,17703,241
2021-07-07,Marin,041,260295,14307,14183,272,14455,233
2021-07-07,Mariposa,043,17540,441,442,12,454,5
2021-07-07,Mendocino,045,87422,4243,4145,81,4226,49
2021-07-07,Merced,047,269075,31442,31317,1011,32328,470
2021-07-07,Modoc,049,8938,420,410,149,559,4
2021-07-07,Mono,051,14174,1264,1274,16,1290,3
2021-07-07,Monterey,053,433212,43430,43233,1933,45166,494
2021-07-07,Napa,055,140530,10123,10078,41,10119,81
2021-07-07,Nevada,057,99092,5081,4996,203,5199,72
2021-07-07,Orange,059,3164182,258305,256301,11745,268046,5132
2021-07-07,Placer,061,380077,24166,23901,1620,25521,302
2021-07-07,Plumas,063,18699,727,710,14,724,4
2021-07-07,Riverside,065,2383286,295361,293331,14263,307594,4538
2021-07-07,Sacramento,067,1510023,109962,108954,1933,110887,1682
2021-07-07,San Benito,069,59416,6166,6137,116,6253,63
2021-07-07,San Bernardino,071,2135413,296191,294787,9203,303990,5087
2021-07-07,San Diego,073,3302833,285172,283377,15693,299070,3782
2021-07-07,San Francisco,075,870044,37745,37284,1367,38651,558
2021-07-07,San Joaquin,077,732212,74701,74095,3749,77844,1410
2021-07-07,San Luis Obispo,079,281455,21564,21360,777,22137,258
2021-07-07,San Mateo,081,765935,43220,42908,505,43413,542
2021-07-07,Santa Barbara,083,443738,35327,34582,1231,35813,460
2021-07-07,Santa Clara,085,1922200,120243,119250,804,120054,2094
2021-07-07,Santa Cruz,087,273765,16392,16279,838,17117,207
2021-07-07,Shasta,089,179085,12707,12613,1679,14292,206
2021-07-07,Sierra,091,2930,66,60,13,73,0
2021-07-07,Siskiyou,093,43540,1985,1908,390,2298,29
2021-07-07,Solano,095,438530,33929,33659,596,34255,268
2021-07-07,Sonoma,097,501317,31431,31172,373,31545,316
2021-07-07,Stanislaus,099,539301,57604,57102,6145,63247,1028
2021-07-07,Sutter,101,95872,9768,9683,93,9776,114
2021-07-07,Tehama,103,63373,5163,5129,602,5731,63
2021-07-07,Trinity,105,12862,492,341,94,435,3
2021-07-07,Tulare,107,460477,50558,49835,9369,59204,853
2021-07-07,Tuolumne,109,53932,4167,4115,39,4154,64
2021-07-07,Ventura,111,848112,82295,81608,3174,84782,1036
2021-07-07,Yolo,113,214977,14333,14236,390,14626,213
2021-07-07,Yuba,115,75493,6298,6233,133,6366,51
2021-07-06,Alameda,001,1643700,90666,89918,2061,91979,1253
2021-07-06,Alpine,003,1148,89,89,0,89,0
2021-07-06,Amador,005,37829,3778,3768,33,3801,47
2021-07-06,Butte,007,227075,12879,12744,1919,14663,201
2021-07-06,Calaveras,009,45235,2225,2211,14,2225,55
2021-07-06,Colusa,011,21464,1978,1967,330,2297,16
2021-07-06,Contra Costa,013,1133247,71892,71262,1363,72625,820
2021-07-06,Del Norte,015,27424,1481,1445,14,1459,8
2021-07-06,El Dorado,017,186661,10594,10484,779,11263,113
2021-07-06,Fresno,019,978130,103877,102616,8929,111545,1727
2021-07-06,Glenn,021,27897,2458,2438,579,3017,20
2021-07-06,Humboldt,023,135768,4601,4565,53,4618,49
2021-07-06,Imperial,025,180216,28882,28693,2814,31507,739
2021-07-06,Inyo,027,18085,1415,1412,24,1436,36
2021-07-06,Kern,029,883053,98214,97491,11345,108836,1346
2021-07-06,Kings,031,150075,23343,23077,1138,24215,245
2021-07-06,Lake,033,64148,3704,3659,15,3674,63
2021-07-06,Lassen,035,31185,5303,5288,119,5407,21
2021-07-06,Los Angeles,037,10098052,1217308,1210965,42815,1253780,24525
2021-07-06,Madera,039,155013,16887,16730,970,17700,241
2021-07-06,Marin,041,260295,14293,14181,272,14453,233
2021-07-06,Mariposa,043,17540,441,442,12,454,5
2021-07-06,Mendocino,045,87422,4236,4143,81,4224,49
2021-07-06,Merced,047,269075,31425,31317,1010,32327,470
2021-07-06,Modoc,049,8938,420,411,149,560,4
2021-07-06,Mono,051,14174,1263,1274,16,1290,3
2021-07-06,Monterey,053,433212,43408,43224,1932,45156,494
2021-07-06,Napa,055,140530,10112,10081,41,10122,81
2021-07-06,Nevada,057,99092,5072,4988,203,5191,72
2021-07-06,Orange,059,3164182,258063,256227,11728,267955,5129
2021-07-06,Placer,061,380077,24125,23876,1614,25490,302
2021-07-06,Plumas,063,18699,726,708,14,722,4
2021-07-06,Riverside,065,2383286,295158,293227,14245,307472,4539
2021-07-06,Sacramento,067,1510023,109751,108850,1925,110775,1679
2021-07-06,San Benito,069,59416,6162,6137,116,6253,63
2021-07-06,San Bernardino,071,2135413,296012,294712,9190,303902,5056
2021-07-06,San Diego,073,3302833,284817,283278,15634,298912,3782
2021-07-06,San Francisco,075,870044,37627,37251,1366,38617,558
2021-07-06,San Joaquin,077,732212,74631,74019,3737,77756,1410
2021-07-06,San Luis Obispo,079,281455,21547,21354,776,22130,257
2021-07-06,San Mateo,081,765935,43144,42895,505,43400,541
2021-07-06,Santa Barbara,083,443738,35309,34572,1229,35801,460
2021-07-06,Santa Clara,085,1922200,120125,119194,801,119995,2095
2021-07-06,Santa Cruz,087,273765,16387,16274,837,17111,207
2021-07-06,Shasta,089,179085,12697,12606,1677,14283,205
2021-07-06,Sierra,091,2930,65,60,13,73,0
2021-07-06,Siskiyou,093,43540,1982,1905,386,2291,29
2021-07-06,Solano,095,438530,33878,33619,593,34212,268
2021-07-06,Sonoma,097,501317,31368,31130,372,31502,316
2021-07-06,Stanislaus,099,539301,57542,57120,6133,63253,1029
2021-07-06,Sutter,101,95872,9759,9674,92,9766,114
2021-07-06,Tehama,103,63373,5160,5126,601,5727,63
2021-07-06,Trinity,105,12862,492,341,94,435,3
2021-07-06,Tulare,107,460477,50543,49826,9358,59184,853
2021-07-06,Tuolumne,109,53932,4165,4113,39,4152,64
2021-07-06,Ventura,111,848112,82255,81534,3148,84682,1033
2021-07-06,Yolo,113,214977,14311,14227,387,14614,213
2021-07-06,Yuba,115,75493,6287,6231,133,6364,51
2021-07-05,Alameda,001,1643700,90490,89892,2055,91947,1253
2021-07-05,Alpine,003,1148,89,89,0,89,0
2021-07-05,Amador,005,37829,3776,3768,33,3801,47
2021-07-05,Butte,007,227075,12871,12740,1909,14649,201
2021-07-05,Calaveras,009,45235,2223,2211,14,2225,55
2021-07-05,Colusa,011,21464,1976,1966,329,2295,16
2021-07-05,Contra Costa,013,1133247,71765,71235,1363,72598,820
2021-07-05,Del Norte,015,27424,1477,1446,14,1460,8
2021-07-05,El Dorado,017,186661,10569,10481,779,11260,113
2021-07-05,Fresno,019,978130,103819,102592,8912,111504,1727
2021-07-05,Glenn,021,27897,2455,2438,578,3016,20
2021-07-05,Humboldt,023,135768,4587,4563,53,4616,49
2021-07-05,Imperial,025,180216,28864,28689,2814,31503,739
2021-07-05,Inyo,027,18085,1415,1412,24,1436,36
2021-07-05,Kern,029,883053,98166,97479,11324,108803,1346
2021-07-05,Kings,031,150075,23335,23065,1135,24200,245
2021-07-05,Lake,033,64148,3686,3645,15,3660,63
2021-07-05,Lassen,035,31185,5300,5288,118,5406,21
2021-07-05,Los Angeles,037,10098052,1216123,1210653,42712,1253365,24522
2021-07-05,Madera,039,155013,16876,16722,969,17691,241
2021-07-05,Marin,041,260295,14272,14178,272,14450,233
2021-07-05,Mariposa,043,17540,441,441,12,453,5
2021-07-05,Mendocino,045,87422,4231,4139,81,4220,49
2021-07-05,Merced,047,269075,31405,31312,1010,32322,470
2021-07-05,Modoc,049,8938,420,410,149,559,4
2021-07-05,Mono,051,14174,1263,1273,16,1289,3
2021-07-05,Monterey,053,433212,43388,43218,1927,45145,494
2021-07-05,Napa,055,140530,10106,10074,41,10115,81
2021-07-05,Nevada,057,99092,5054,4980,202,5182,72
2021-07-05,Orange,059,3164182,257862,256173,11710,267883,5129
2021-07-05,Placer,061,380077,24078,23867,1606,25473,302
2021-07-05,Plumas,063,18699,725,708,14,722,4
2021-07-05,Riverside,065,2383286,294965,293193,14233,307426,4539
2021-07-05,Sacramento,067,1510023,109569,108758,1916,110674,1679
2021-07-05,San Benito,069,59416,6155,6137,116,6253,63
2021-07-05,San Bernardino,071,2135413,295850,294647,9183,303830,5037
2021-07-05,San Diego,073,3302833,284457,282834,15589,298423,3782
2021-07-05,San Francisco,075,870044,37540,37237,1361,38598,558
2021-07-05,San Joaquin,077,732212,74561,73999,3732,77731,1410
2021-07-05,San Luis Obispo,079,281455,21534,21351,775,22126,257
2021-07-05,San Mateo,081,765935,43092,42876,502,43378,541
2021-07-05,Santa Barbara,083,443738,35289,34569,1229,35798,460
2021-07-05,Santa Clara,085,1922200,120020,119184,799,119983,2095
2021-07-05,Santa Cruz,087,273765,16378,16273,836,17109,208
2021-07-05,Shasta,089,179085,12688,12603,1675,14278,205
2021-07-05,Sierra,091,2930,65,60,13,73,0
2021-07-05,Siskiyou,093,43540,1980,1904,385,2289,29
2021-07-05,Solano,095,438530,33809,33612,587,34199,268
2021-07-05,Sonoma,097,501317,31315,31116,372,31488,316
2021-07-05,Stanislaus,099,539301,57506,57109,6123,63232,1029
2021-07-05,Sutter,101,95872,9747,9667,92,9759,114
2021-07-05,Tehama,103,63373,5159,5125,601,5726,63
2021-07-05,Trinity,105,12862,491,341,93,434,3
2021-07-05,Tulare,107,460477,50525,49818,9355,59173,853
2021-07-05,Tuolumne,109,53932,4161,4112,39,4151,64
2021-07-05,Ventura,111,848112,82205,81519,3128,84647,1033
2021-07-05,Yolo,113,214977,14292,14225,379,14604,213
2021-07-05,Yuba,115,75493,6279,6223,133,6356,51
2021-07-04,Alameda,001,1643700,90323,89683,2051,91734,1253
2021-07-04,Alpine,003,1148,89,89,0,89,0
2021-07-04,Amador,005,37829,3775,3758,33,3791,46
2021-07-04,Butte,007,227075,12861,12684,1909,14593,201
2021-07-04,Calaveras,009,45235,2223,2200,14,2214,55
2021-07-04,Colusa,011,21464,1976,1969,329,2298,15
2021-07-04,Contra Costa,013,1133247,71659,70941,1358,72299,818
2021-07-04,Del Norte,015,27424,1474,1439,14,1453,8
2021-07-04,El Dorado,017,186661,10560,10433,778,11211,113
2021-07-04,Fresno,019,978130,103773,102512,8895,111407,1727
2021-07-04,Glenn,021,27897,2453,2442,577,3019,20
2021-07-04,Humboldt,023,135768,4579,4530,53,4583,49
2021-07-04,Imperial,025,180216,28858,28661,2814,31475,739
2021-07-04,Inyo,027,18085,1415,1412,24,1436,35
2021-07-04,Kern,029,883053,98147,97421,11315,108736,1347
2021-07-04,Kings,031,150075,23327,23051,1135,24186,245
2021-07-04,Lake,033,64148,3676,3623,15,3638,62
2021-07-04,Lassen,035,31185,5299,5277,118,5395,20
2021-07-04,Los Angeles,037,10098052,1215269,1208705,42626,1251331,24506
2021-07-04,Madera,039,155013,16864,16696,967,17663,240
2021-07-04,Marin,041,260295,14257,14143,272,14415,233
2021-07-04,Mariposa,043,17540,441,441,12,453,5
2021-07-04,Mendocino,045,87422,4221,4122,81,4203,49
2021-07-04,Merced,047,269075,31394,31297,1010,32307,469
2021-07-04,Modoc,049,8938,420,410,149,559,4
2021-07-04,Mono,051,14174,1263,1275,16,1291,3
2021-07-04,Monterey,053,433212,43372,43212,1926,45138,492
2021-07-04,Napa,055,140530,10098,10045,40,10085,81
2021-07-04,Nevada,057,99092,5045,4966,202,5168,72
2021-07-04,Orange,059,3164182,257687,255823,11689,267512,5126
2021-07-04,Placer,061,380077,24041,23764,1599,25363,299
2021-07-04,Plumas,063,18699,725,707,14,721,4
2021-07-04,Riverside,065,2383286,294805,293260,14227,307487,4536
2021-07-04,Sacramento,067,1510023,109399,108257,1910,110167,1676
2021-07-04,San Benito,069,59416,6148,6108,116,6224,63
2021-07-04,San Bernardino,071,2135413,295683,294294,9176,303470,5003
2021-07-04,San Diego,073,3302833,284233,282692,15551,298243,3780
2021-07-04,San Francisco,075,870044,37483,37107,1355,38462,558
2021-07-04,San Joaquin,077,732212,74495,73841,3724,77565,1409
2021-07-04,San Luis Obispo,079,281455,21528,21330,774,22104,256
2021-07-04,San Mateo,081,765935,43058,42691,502,43193,541
2021-07-04,Santa Barbara,083,443738,35267,34526,1228,35754,456
2021-07-04,Santa Clara,085,1922200,119930,118966,798,119764,2090
2021-07-04,Santa Cruz,087,273765,16367,16254,836,17090,208
2021-07-04,Shasta,089,179085,12684,12582,1674,14256,204
2021-07-04,Sierra,091,2930,64,60,13,73,0
2021-07-04,Siskiyou,093,43540,1976,1899,384,2283,29
2021-07-04,Solano,095,438530,33768,33486,585,34071,268
2021-07-04,Sonoma,097,501317,31285,31000,371,31371,316
2021-07-04,Stanislaus,099,539301,57483,57018,6117,63135,1018
2021-07-04,Sutter,101,95872,9736,9644,92,9736,114
2021-07-04,Tehama,103,63373,5155,5124,601,5725,63
2021-07-04,Trinity,105,12862,490,341,93,434,3
2021-07-04,Tulare,107,460477,50515,49789,9352,59141,853
2021-07-04,Tuolumne,109,53932,4153,4113,39,4152,64
2021-07-04,Ventura,111,848112,82148,81425,3117,84542,1033
2021-07-04,Yolo,113,214977,14272,14188,376,14564,213
2021-07-04,Yuba,115,75493,6271,6197,133,6330,51
2021-07-03,Alameda,001,1643700,90239,89683,2043,91726,1253
2021-07-03,Alpine,003,1148,89,89,0,89,0
2021-07-03,Amador,005,37829,3775,3758,33,3791,46
2021-07-03,Butte,007,227075,12857,12684,1908,14592,201
2021-07-03,Calaveras,009,45235,2222,2200,14,2214,55
2021-07-03,Colusa,011,21464,1975,1969,329,2298,15
2021-07-03,Contra Costa,013,1133247,71600,70941,1355,72296,818
2021-07-03,Del Norte,015,27424,1471,1439,14,1453,8
2021-07-03,El Dorado,017,186661,10553,10433,776,11209,113
2021-07-03,Fresno,019,978130,103748,102512,8886,111398,1727
2021-07-03,Glenn,021,27897,2453,2442,577,3019,20
2021-07-03,Humboldt,023,135768,4574,4530,53,4583,49
2021-07-03,Imperial,025,180216,28848,28661,2814,31475,739
2021-07-03,Inyo,027,18085,1415,1412,24,1436,35
2021-07-03,Kern,029,883053,98127,97421,11307,108728,1347
2021-07-03,Kings,031,150075,23327,23051,1134,24185,245
2021-07-03,Lake,033,64148,3666,3623,15,3638,62
2021-07-03,Lassen,035,31185,5298,5277,118,5395,20
2021-07-03,Los Angeles,037,10098052,1214843,1208705,42596,1251301,24506
2021-07-03,Madera,039,155013,16855,16696,964,17660,240
2021-07-03,Marin,041,260295,14253,14143,272,14415,233
2021-07-03,Mariposa,043,17540,441,441,12,453,5
2021-07-03,Mendocino,045,87422,4220,4122,81,4203,49
2021-07-03,Merced,047,269075,31381,31297,1009,32306,469
2021-07-03,Modoc,049,8938,419,410,149,559,4
2021-07-03,Mono,051,14174,1262,1275,16,1291,3
2021-07-03,Monterey,053,433212,43360,43212,1923,45135,492
2021-07-03,Napa,055,140530,10093,10045,40,10085,81
2021-07-03,Nevada,057,99092,5031,4966,202,5168,72
2021-07-03,Orange,059,3164182,257603,255823,11682,267505,5126
2021-07-03,Placer,061,380077,24022,23764,1596,25360,299
2021-07-03,Plumas,063,18699,725,707,14,721,4
2021-07-03,Riverside,065,2383286,294713,293260,14223,307483,4536
2021-07-03,Sacramento,067,1510023,109325,108257,1907,110164,1676
2021-07-03,San Benito,069,59416,6141,6108,116,6224,63
2021-07-03,San Bernardino,071,2135413,295593,294294,9173,303467,5003
2021-07-03,San Diego,073,3302833,284102,282692,15532,298224,3780
2021-07-03,San Francisco,075,870044,37442,37107,1352,38459,558
2021-07-03,San Joaquin,077,732212,74459,73841,3719,77560,1409
2021-07-03,San Luis Obispo,079,281455,21516,21330,774,22104,256
2021-07-03,San Mateo,081,765935,43033,42691,501,43192,541
2021-07-03,Santa Barbara,083,443738,35258,34526,1227,35753,456
2021-07-03,Santa Clara,085,1922200,119883,118966,798,119764,2090
2021-07-03,Santa Cruz,087,273765,16360,16254,836,17090,208
2021-07-03,Shasta,089,179085,12680,12582,1672,14254,204
2021-07-03,Sierra,091,2930,64,60,13,73,0
2021-07-03,Siskiyou,093,43540,1975,1899,383,2282,29
2021-07-03,Solano,095,438530,33724,33486,585,34071,268
2021-07-03,Sonoma,097,501317,31251,31000,371,31371,316
2021-07-03,Stanislaus,099,539301,57469,57018,6109,63127,1018
2021-07-03,Sutter,101,95872,9726,9644,92,9736,114
2021-07-03,Tehama,103,63373,5153,5124,601,5725,63
2021-07-03,Trinity,105,12862,490,341,93,434,3
2021-07-03,Tulare,107,460477,50509,49789,9346,59135,853
2021-07-03,Tuolumne,109,53932,4152,4113,39,4152,64
2021-07-03,Ventura,111,848112,82118,81425,3109,84534,1033
2021-07-03,Yolo,113,214977,14262,14188,373,14561,213
2021-07-03,Yuba,115,75493,6265,6197,133,6330,51
2021-07-02,Alameda,001,1643700,90157,89683,2042,91725,1253
2021-07-02,Alpine,003,1148,89,89,0,89,0
2021-07-02,Amador,005,37829,3773,3758,33,3791,46
2021-07-02,Butte,007,227075,12850,12684,1908,14592,201
2021-07-02,Calaveras,009,45235,2221,2200,14,2214,55
2021-07-02,Colusa,011,21464,1974,1969,328,2297,15
2021-07-02,Contra Costa,013,1133247,71531,70941,1351,72292,818
2021-07-02,Del Norte,015,27424,1471,1439,14,1453,8
2021-07-02,El Dorado,017,186661,10545,10433,776,11209,113
2021-07-02,Fresno,019,978130,103719,102512,8880,111392,1727
2021-07-02,Glenn,021,27897,2452,2442,576,3018,20
2021-07-02,Humboldt,023,135768,4571,4530,52,4582,49
2021-07-02,Imperial,025,180216,28842,28661,2813,31474,739
2021-07-02,Inyo,027,18085,1415,1412,24,1436,35
2021-07-02,Kern,029,883053,98109,97421,11298,108719,1347
2021-07-02,Kings,031,150075,23317,23051,1134,24185,245
2021-07-02,Lake,033,64148,3660,3623,15,3638,62
2021-07-02,Lassen,035,31185,5298,5277,118,5395,20
2021-07-02,Los Angeles,037,10098052,1214369,1208705,42557,1251262,24506
2021-07-02,Madera,039,155013,16846,16696,963,17659,240
2021-07-02,Marin,041,260295,14248,14143,272,14415,233
2021-07-02,Mariposa,043,17540,441,441,12,453,5
2021-07-02,Mendocino,045,87422,4216,4122,80,4202,49
2021-07-02,Merced,047,269075,31372,31297,1009,32306,469
2021-07-02,Modoc,049,8938,419,410,149,559,4
2021-07-02,Mono,051,14174,1261,1275,16,1291,3
2021-07-02,Monterey,053,433212,43352,43212,1922,45134,492
2021-07-02,Napa,055,140530,10088,10045,40,10085,81
2021-07-02,Nevada,057,99092,5022,4966,202,5168,72
2021-07-02,Orange,059,3164182,257490,255823,11675,267498,5126
2021-07-02,Placer,061,380077,24005,23764,1589,25353,299
2021-07-02,Plumas,063,18699,725,707,14,721,4
2021-07-02,Riverside,065,2383286,294616,293260,14218,307478,4536
2021-07-02,Sacramento,067,1510023,109247,108257,1906,110163,1676
2021-07-02,San Benito,069,59416,6138,6108,116,6224,63
2021-07-02,San Bernardino,071,2135413,295506,294294,9171,303465,5003
2021-07-02,San Diego,073,3302833,283957,282692,15506,298198,3780
2021-07-02,San Francisco,075,870044,37394,37107,1350,38457,558
2021-07-02,San Joaquin,077,732212,74427,73841,3713,77554,1409
2021-07-02,San Luis Obispo,079,281455,21510,21330,773,22103,256
2021-07-02,San Mateo,081,765935,42997,42691,501,43192,541
2021-07-02,Santa Barbara,083,443738,35249,34526,1227,35753,456
2021-07-02,Santa Clara,085,1922200,119805,118966,798,119764,2090
2021-07-02,Santa Cruz,087,273765,16356,16254,836,17090,208
2021-07-02,Shasta,089,179085,12676,12582,1672,14254,204
2021-07-02,Sierra,091,2930,63,60,13,73,0
2021-07-02,Siskiyou,093,43540,1972,1899,382,2281,29
2021-07-02,Solano,095,438530,33699,33486,585,34071,268
2021-07-02,Sonoma,097,501317,31228,31000,371,31371,316
2021-07-02,Stanislaus,099,539301,57447,57018,6108,63126,1018
2021-07-02,Sutter,101,95872,9721,9644,92,9736,114
2021-07-02,Tehama,103,63373,5151,5124,599,5723,63
2021-07-02,Trinity,105,12862,490,341,93,434,3
2021-07-02,Tulare,107,460477,50499,49789,9338,59127,853
2021-07-02,Tuolumne,109,53932,4149,4113,39,4152,64
2021-07-02,Ventura,111,848112,82075,81425,3101,84526,1033
2021-07-02,Yolo,113,214977,14246,14188,371,14559,213
2021-07-02,Yuba,115,75493,6257,6197,133,6330,51
2021-07-01,Alameda,001,1643700,90053,89683,2040,91723,1253
2021-07-01,Alpine,003,1148,89,89,0,89,0
2021-07-01,Amador,005,37829,3772,3758,33,3791,46
2021-07-01,Butte,007,227075,12838,12684,1906,14590,201
2021-07-01,Calaveras,009,45235,2219,2200,14,2214,55
2021-07-01,Colusa,011,21464,1974,1969,326,2295,15
2021-07-01,Contra Costa,013,1133247,71460,70941,1350,72291,818
2021-07-01,Del Norte,015,27424,1470,1439,14,1453,8
2021-07-01,El Dorado,017,186661,10533,10433,776,11209,113
2021-07-01,Fresno,019,978130,103680,102512,8875,111387,1727
2021-07-01,Glenn,021,27897,2452,2442,576,3018,20
2021-07-01,Humboldt,023,135768,4569,4530,52,4582,49
2021-07-01,Imperial,025,180216,28825,28661,2813,31474,739
2021-07-01,Inyo,027,18085,1415,1412,24,1436,35
2021-07-01,Kern,029,883053,98083,97421,11287,108708,1347
2021-07-01,Kings,031,150075,23303,23051,1134,24185,245
2021-07-01,Lake,033,64148,3657,3623,15,3638,62
2021-07-01,Lassen,035,31185,5296,5277,118,5395,20
2021-07-01,Los Angeles,037,10098052,1213772,1208705,42502,1251207,24506
2021-07-01,Madera,039,155013,16837,16696,962,17658,240
2021-07-01,Marin,041,260295,14244,14143,272,14415,233
2021-07-01,Mariposa,043,17540,441,441,12,453,5
2021-07-01,Mendocino,045,87422,4212,4122,79,4201,49
2021-07-01,Merced,047,269075,31366,31297,1009,32306,469
2021-07-01,Modoc,049,8938,419,410,149,559,4
2021-07-01,Mono,051,14174,1260,1275,16,1291,3
2021-07-01,Monterey,053,433212,43344,43212,1918,45130,492
2021-07-01,Napa,055,140530,10081,10045,40,10085,81
2021-07-01,Nevada,057,99092,5017,4966,202,5168,72
2021-07-01,Orange,059,3164182,257369,255823,11656,267479,5126
2021-07-01,Placer,061,380077,23987,23764,1586,25350,299
2021-07-01,Plumas,063,18699,722,707,12,719,4
2021-07-01,Riverside,065,2383286,294507,293260,14210,307470,4536
2021-07-01,Sacramento,067,1510023,109121,108257,1899,110156,1676
2021-07-01,San Benito,069,59416,6134,6108,116,6224,63
2021-07-01,San Bernardino,071,2135413,295386,294294,9166,303460,5003
2021-07-01,San Diego,073,3302833,283779,282692,15469,298161,3780
2021-07-01,San Francisco,075,870044,37358,37107,1348,38455,558
2021-07-01,San Joaquin,077,732212,74376,73841,3709,77550,1409
2021-07-01,San Luis Obispo,079,281455,21495,21330,772,22102,256
2021-07-01,San Mateo,081,765935,42969,42691,500,43191,541
2021-07-01,Santa Barbara,083,443738,35237,34526,1227,35753,456
2021-07-01,Santa Clara,085,1922200,119756,118966,798,119764,2090
2021-07-01,Santa Cruz,087,273765,16351,16254,836,17090,208
2021-07-01,Shasta,089,179085,12668,12582,1671,14253,204
2021-07-01,Sierra,091,2930,63,60,13,73,0
2021-07-01,Siskiyou,093,43540,1972,1899,382,2281,29
2021-07-01,Solano,095,438530,33657,33486,584,34070,268
2021-07-01,Sonoma,097,501317,31184,31000,371,31371,316
2021-07-01,Stanislaus,099,539301,57423,57018,6104,63122,1018
2021-07-01,Sutter,101,95872,9712,9644,92,9736,114
2021-07-01,Tehama,103,63373,5151,5124,598,5722,63
2021-07-01,Trinity,105,12862,490,341,93,434,3
2021-07-01,Tulare,107,460477,50490,49789,9331,59120,853
2021-07-01,Tuolumne,109,53932,4142,4113,39,4152,64
2021-07-01,Ventura,111,848112,82044,81425,3090,84515,1033
2021-07-01,Yolo,113,214977,14231,14188,369,14557,213
2021-07-01,Yuba,115,75493,6250,6197,133,6330,51
2021-06-30,Alameda,001,1643700,89968,89597,2036,91633,1256
2021-06-30,Alpine,003,1148,89,89,0,89,0
2021-06-30,Amador,005,37829,3770,3756,33,3789,46
2021-06-30,Butte,007,227075,12831,12676,1897,14573,201
2021-06-30,Calaveras,009,45235,2214,2198,14,2212,55
2021-06-30,Colusa,011,21464,1972,1967,323,2290,15
2021-06-30,Contra Costa,013,1133247,71396,70869,1347,72216,818
2021-06-30,Del Norte,015,27424,1465,1435,14,1449,8
2021-06-30,El Dorado,017,186661,10514,10420,776,11196,113
2021-06-30,Fresno,019,978130,103644,102490,8872,111362,1727
2021-06-30,Glenn,021,27897,2450,2440,576,3016,20
2021-06-30,Humboldt,023,135768,4553,4522,50,4572,49
2021-06-30,Imperial,025,180216,28817,28651,2813,31464,739
2021-06-30,Inyo,027,18085,1415,1409,24,1433,35
2021-06-30,Kern,029,883053,98042,97267,11275,108542,1348
2021-06-30,Kings,031,150075,23298,23038,1133,24171,245
2021-06-30,Lake,033,64148,3644,3601,15,3616,56
2021-06-30,Lassen,035,31185,5291,5269,118,5387,20
2021-06-30,Los Angeles,037,10098052,1213102,1208246,42458,1250704,24499
2021-06-30,Madera,039,155013,16829,16688,960,17648,240
2021-06-30,Marin,041,260295,14235,14133,271,14404,232
2021-06-30,Mariposa,043,17540,440,441,12,453,5
2021-06-30,Mendocino,045,87422,4202,4115,79,4194,49
2021-06-30,Merced,047,269075,31356,31286,1009,32295,469
2021-06-30,Modoc,049,8938,419,410,149,559,4
2021-06-30,Mono,051,14174,1260,1275,16,1291,3
2021-06-30,Monterey,053,433212,43339,43209,1916,45125,492
2021-06-30,Napa,055,140530,10073,10039,40,10079,81
2021-06-30,Nevada,057,99092,5006,4958,202,5160,72
2021-06-30,Orange,059,3164182,257240,255764,11646,267410,5125
2021-06-30,Placer,061,380077,23963,23721,1582,25303,299
2021-06-30,Plumas,063,18699,722,705,12,717,4
2021-06-30,Riverside,065,2383286,294393,293280,14199,307479,4535
2021-06-30,Sacramento,067,1510023,108982,108137,1895,110032,1676
2021-06-30,San Benito,069,59416,6130,6105,116,6221,63
2021-06-30,San Bernardino,071,2135413,295227,294211,9161,303372,4975
2021-06-30,San Diego,073,3302833,283643,282583,15441,298024,3780
2021-06-30,San Francisco,075,870044,37309,37065,1343,38408,558
2021-06-30,San Joaquin,077,732212,74314,73777,3708,77485,1409
2021-06-30,San Luis Obispo,079,281455,21482,21326,771,22097,256
2021-06-30,San Mateo,081,765935,42932,42599,499,43098,537
2021-06-30,Santa Barbara,083,443738,35221,34521,1227,35748,456
2021-06-30,Santa Clara,085,1922200,119709,118930,795,119725,2090
2021-06-30,Santa Cruz,087,273765,16345,16250,836,17086,208
2021-06-30,Shasta,089,179085,12662,12564,1671,14235,204
2021-06-30,Sierra,091,2930,63,60,13,73,0
2021-06-30,Siskiyou,093,43540,1970,1900,379,2279,29
2021-06-30,Solano,095,438530,33618,33453,582,34035,268
2021-06-30,Sonoma,097,501317,31154,30947,371,31318,316
2021-06-30,Stanislaus,099,539301,57401,56997,6103,63100,1018
2021-06-30,Sutter,101,95872,9702,9638,92,9730,114
2021-06-30,Tehama,103,63373,5149,5124,598,5722,63
2021-06-30,Trinity,105,12862,490,341,93,434,3
2021-06-30,Tulare,107,460477,50479,49764,9320,59084,853
2021-06-30,Tuolumne,109,53932,4139,4112,39,4151,64
2021-06-30,Ventura,111,848112,82001,81392,3085,84477,1032
2021-06-30,Yolo,113,214977,14225,14178,366,14544,213
2021-06-30,Yuba,115,75493,6243,6191,133,6324,51
2021-06-29,Alameda,001,1643700,89864,89519,2035,91554,1257
2021-06-29,Alpine,003,1148,89,89,0,89,0
2021-06-29,Amador,005,37829,3766,3754,33,3787,46
2021-06-29,Butte,007,227075,12823,12669,1897,14566,201
2021-06-29,Calaveras,009,45235,2208,2198,14,2212,55
2021-06-29,Colusa,011,21464,1970,1967,323,2290,15
2021-06-29,Contra Costa,013,1133247,71322,70775,1347,72122,817
2021-06-29,Del Norte,015,27424,1464,1435,14,1449,8
2021-06-29,El Dorado,017,186661,10501,10403,772,11175,113
2021-06-29,Fresno,019,978130,103611,102464,8869,111333,1725
2021-06-29,Glenn,021,27897,2449,2439,576,3015,20
2021-06-29,Humboldt,023,135768,4549,4514,49,4563,49
2021-06-29,Imperial,025,180216,28808,28645,2812,31457,737
2021-06-29,Inyo,027,18085,1415,1408,24,1432,35
2021-06-29,Kern,029,883053,98021,97173,11269,108442,1347
2021-06-29,Kings,031,150075,23289,23035,1132,24167,245
2021-06-29,Lake,033,64148,3638,3594,15,3609,56
2021-06-29,Lassen,035,31185,5284,5268,118,5386,20
2021-06-29,Los Angeles,037,10098052,1212495,1207895,42427,1250322,24498
2021-06-29,Madera,039,155013,16825,16680,959,17639,240
2021-06-29,Marin,041,260295,14223,14127,271,14398,232
2021-06-29,Mariposa,043,17540,440,441,12,453,5
2021-06-29,Mendocino,045,87422,4199,4107,78,4185,49
2021-06-29,Merced,047,269075,31344,31277,1009,32286,469
2021-06-29,Modoc,049,8938,418,408,149,557,3
2021-06-29,Mono,051,14174,1260,1275,16,1291,3
2021-06-29,Monterey,053,433212,43329,43196,1914,45110,471
2021-06-29,Napa,055,140530,10067,10033,40,10073,81
2021-06-29,Nevada,057,99092,4999,4952,202,5154,72
2021-06-29,Orange,059,3164182,257142,255686,11631,267317,5124
2021-06-29,Placer,061,380077,23943,23693,1580,25273,299
2021-06-29,Plumas,063,18699,722,704,12,716,4
2021-06-29,Riverside,065,2383286,294294,292962,14192,307154,4524
2021-06-29,Sacramento,067,1510023,108830,108067,1892,109959,1677
2021-06-29,San Benito,069,59416,6119,6099,116,6215,63
2021-06-29,San Bernardino,071,2135413,295115,294118,9159,303277,4940
2021-06-29,San Diego,073,3302833,283488,282499,15414,297913,3780
2021-06-29,San Francisco,075,870044,37271,37041,1340,38381,558
2021-06-29,San Joaquin,077,732212,74266,73724,3705,77429,1409
2021-06-29,San Luis Obispo,079,281455,21472,21324,770,22094,256
2021-06-29,San Mateo,081,765935,42898,42540,497,43037,540
2021-06-29,Santa Barbara,083,443738,35211,34507,1226,35733,455
2021-06-29,Santa Clara,085,1922200,119654,118893,794,119687,2090
2021-06-29,Santa Cruz,087,273765,16339,16249,836,17085,208
2021-06-29,Shasta,089,179085,12650,12564,1670,14234,204
2021-06-29,Sierra,091,2930,63,59,13,72,0
2021-06-29,Siskiyou,093,43540,1967,1897,375,2272,29
2021-06-29,Solano,095,438530,33585,33440,580,34020,268
2021-06-29,Sonoma,097,501317,31112,30950,369,31319,316
2021-06-29,Stanislaus,099,539301,57373,56980,6096,63076,1018
2021-06-29,Sutter,101,95872,9691,9634,92,9726,114
2021-06-29,Tehama,103,63373,5149,5124,598,5722,63
2021-06-29,Trinity,105,12862,490,341,93,434,3
2021-06-29,Tulare,107,460477,50466,49751,9315,59066,852
2021-06-29,Tuolumne,109,53932,4137,4111,39,4150,64
2021-06-29,Ventura,111,848112,81963,81363,3079,84442,1032
2021-06-29,Yolo,113,214977,14213,14171,365,14536,213
2021-06-29,Yuba,115,75493,6233,6188,133,6321,51
2021-06-28,Alameda,001,1643700,89772,89638,2033,91671,1259
2021-06-28,Alpine,003,1148,89,89,0,89,0
2021-06-28,Amador,005,37829,3765,3753,33,3786,46
2021-06-28,Butte,007,227075,12814,12697,1895,14592,198
2021-06-28,Calaveras,009,45235,2205,2203,14,2217,55
2021-06-28,Colusa,011,21464,1968,1974,323,2297,15
2021-06-28,Contra Costa,013,1133247,71248,70807,1345,72152,816
2021-06-28,Del Norte,015,27424,1464,1436,14,1450,8
2021-06-28,El Dorado,017,186661,10491,10422,768,11190,115
2021-06-28,Fresno,019,978130,103581,103121,8867,111988,1727
2021-06-28,Glenn,021,27897,2449,2439,576,3015,20
2021-06-28,Humboldt,023,135768,4542,4520,48,4568,49
2021-06-28,Imperial,025,180216,28800,28981,2811,31792,741
2021-06-28,Inyo,027,18085,1412,1407,24,1431,35
2021-06-28,Kern,029,883053,98002,97252,11264,108516,1348
2021-06-28,Kings,031,150075,23283,23134,1132,24266,246
2021-06-28,Lake,033,64148,3630,3591,15,3606,56
2021-06-28,Lassen,035,31185,5282,5268,118,5386,20
2021-06-28,Los Angeles,037,10098052,1211978,1207714,42391,1250105,24496
2021-06-28,Madera,039,155013,16815,16683,958,17641,240
2021-06-28,Marin,041,260295,14208,14186,271,14457,232
2021-06-28,Mariposa,043,17540,440,440,12,452,5
2021-06-28,Mendocino,045,87422,4190,4102,77,4179,49
2021-06-28,Merced,047,269075,31332,31277,1009,32286,469
2021-06-28,Modoc,049,8938,418,411,148,559,3
2021-06-28,Mono,051,14174,1260,1276,16,1292,3
2021-06-28,Monterey,053,433212,43325,43202,1913,45115,462
2021-06-28,Napa,055,140530,10058,10050,39,10089,81
2021-06-28,Nevada,057,99092,4995,4951,202,5153,72
2021-06-28,Orange,059,3164182,257052,255755,11617,267372,5123
2021-06-28,Placer,061,380077,23923,23756,1575,25331,299
2021-06-28,Plumas,063,18699,720,704,12,716,4
2021-06-28,Riverside,065,2383286,294168,292647,14179,306826,4507
2021-06-28,Sacramento,067,1510023,108698,108342,1887,110229,1675
2021-06-28,San Benito,069,59416,6117,6101,116,6217,63
2021-06-28,San Bernardino,071,2135413,295014,294151,9154,303305,4928
2021-06-28,San Diego,073,3302833,283325,282417,15385,297802,3780
2021-06-28,San Francisco,075,870044,37235,37372,1338,38710,559
2021-06-28,San Joaquin,077,732212,74218,73973,3701,77674,1411
2021-06-28,San Luis Obispo,079,281455,21468,21340,769,22109,256
2021-06-28,San Mateo,081,765935,42864,42927,496,43423,540
2021-06-28,Santa Barbara,083,443738,35204,34534,1224,35758,455
2021-06-28,Santa Clara,085,1922200,119590,120377,793,121170,2103
2021-06-28,Santa Cruz,087,273765,16334,16245,836,17081,208
2021-06-28,Shasta,089,179085,12646,12642,1668,14310,203
2021-06-28,Sierra,091,2930,63,58,13,71,0
2021-06-28,Siskiyou,093,43540,1966,1896,375,2271,29
2021-06-28,Solano,095,438530,33549,33524,578,34102,267
2021-06-28,Sonoma,097,501317,31075,31137,368,31505,315
2021-06-28,Stanislaus,099,539301,57354,57047,6092,63139,1018
2021-06-28,Sutter,101,95872,9687,9682,92,9774,114
2021-06-28,Tehama,103,63373,5147,5122,598,5720,63
2021-06-28,Trinity,105,12862,490,341,93,434,3
2021-06-28,Tulare,107,460477,50456,49751,9311,59062,850
2021-06-28,Tuolumne,109,53932,4130,4121,39,4160,64
2021-06-28,Ventura,111,848112,81906,81393,3074,84467,1032
2021-06-28,Yolo,113,214977,14204,14199,362,14561,213
2021-06-28,Yuba,115,75493,6228,6207,133,6340,51
2021-06-27,Alameda,001,1643700,89686,89611,2029,91640,1259
2021-06-27,Alpine,003,1148,89,89,0,89,0
2021-06-27,Amador,005,37829,3764,3752,33,3785,46
2021-06-27,Butte,007,227075,12805,12696,1894,14590,198
2021-06-27,Calaveras,009,45235,2204,2203,14,2217,55
2021-06-27,Colusa,011,21464,1968,1974,323,2297,15
2021-06-27,Contra Costa,013,1133247,71162,70762,1341,72103,816
2021-06-27,Del Norte,015,27424,1461,1436,14,1450,8
2021-06-27,El Dorado,017,186661,10479,10418,765,11183,115
2021-06-27,Fresno,019,978130,103552,103110,8865,111975,1727
2021-06-27,Glenn,021,27897,2448,2439,575,3014,20
2021-06-27,Humboldt,023,135768,4530,4513,45,4558,49
2021-06-27,Imperial,025,180216,28786,28987,2811,31798,741
2021-06-27,Inyo,027,18085,1412,1407,24,1431,35
2021-06-27,Kern,029,883053,97976,97249,11257,108506,1348
2021-06-27,Kings,031,150075,23273,23132,1132,24264,246
2021-06-27,Lake,033,64148,3623,3581,15,3596,56
2021-06-27,Lassen,035,31185,5281,5265,118,5383,20
2021-06-27,Los Angeles,037,10098052,1211434,1207461,42351,1249812,24493
2021-06-27,Madera,039,155013,16807,16680,958,17638,240
2021-06-27,Marin,041,260295,14199,14182,271,14453,232
2021-06-27,Mariposa,043,17540,440,440,12,452,5
2021-06-27,Mendocino,045,87422,4183,4100,77,4177,49
2021-06-27,Merced,047,269075,31320,31266,1009,32275,469
2021-06-27,Modoc,049,8938,418,411,148,559,3
2021-06-27,Mono,051,14174,1260,1279,16,1295,3
2021-06-27,Monterey,053,433212,43312,43199,1913,45112,462
2021-06-27,Napa,055,140530,10052,10046,39,10085,81
2021-06-27,Nevada,057,99092,4989,4946,202,5148,72
2021-06-27,Orange,059,3164182,256938,255710,11606,267316,5123
2021-06-27,Placer,061,380077,23890,23731,1572,25303,299
2021-06-27,Plumas,063,18699,720,704,12,716,4
2021-06-27,Riverside,065,2383286,294065,292641,14173,306814,4507
2021-06-27,Sacramento,067,1510023,108564,108279,1883,110162,1675
2021-06-27,San Benito,069,59416,6111,6101,116,6217,63
2021-06-27,San Bernardino,071,2135413,294901,294115,9152,303267,4927
2021-06-27,San Diego,073,3302833,283185,282359,15359,297718,3780
2021-06-27,San Francisco,075,870044,37198,37360,1337,38697,559
2021-06-27,San Joaquin,077,732212,74182,73960,3699,77659,1411
2021-06-27,San Luis Obispo,079,281455,21461,21340,768,22108,256
2021-06-27,San Mateo,081,765935,42835,42925,493,43418,539
2021-06-27,Santa Barbara,083,443738,35189,34533,1222,35755,455
2021-06-27,Santa Clara,085,1922200,119539,120352,792,121144,2103
2021-06-27,Santa Cruz,087,273765,16325,16241,836,17077,208
2021-06-27,Shasta,089,179085,12640,12640,1667,14307,203
2021-06-27,Sierra,091,2930,63,58,13,71,0
2021-06-27,Siskiyou,093,43540,1964,1896,374,2270,29
2021-06-27,Solano,095,438530,33521,33516,578,34094,267
2021-06-27,Sonoma,097,501317,31037,31129,368,31497,315
2021-06-27,Stanislaus,099,539301,57307,57021,6089,63110,1018
2021-06-27,Sutter,101,95872,9681,9678,92,9770,114
2021-06-27,Tehama,103,63373,5143,5122,598,5720,63
2021-06-27,Trinity,105,12862,490,341,92,433,3
2021-06-27,Tulare,107,460477,50443,49749,9304,59053,850
2021-06-27,Tuolumne,109,53932,4128,4121,39,4160,64
2021-06-27,Ventura,111,848112,81872,81361,3065,84426,1032
2021-06-27,Yolo,113,214977,14189,14194,358,14552,213
2021-06-27,Yuba,115,75493,6222,6205,133,6338,51
2021-06-26,Alameda,001,1643700,89628,89560,2027,91587,1259
2021-06-26,Alpine,003,1148,89,89,0,89,0
2021-06-26,Amador,005,37829,3764,3748,33,3781,46
2021-06-26,Butte,007,227075,12801,12693,1891,14584,198
2021-06-26,Calaveras,009,45235,2202,2202,14,2216,55
2021-06-26,Colusa,011,21464,1968,1973,323,2296,15
2021-06-26,Contra Costa,013,1133247,71119,70712,1340,72052,816
2021-06-26,Del Norte,015,27424,1460,1432,14,1446,8
2021-06-26,El Dorado,017,186661,10471,10414,764,11178,115
2021-06-26,Fresno,019,978130,103532,103091,8863,111954,1727
2021-06-26,Glenn,021,27897,2446,2441,575,3016,20
2021-06-26,Humboldt,023,135768,4527,4509,45,4554,49
2021-06-26,Imperial,025,180216,28782,28970,2811,31781,741
2021-06-26,Inyo,027,18085,1412,1407,24,1431,35
2021-06-26,Kern,029,883053,97950,97239,11248,108487,1348
2021-06-26,Kings,031,150075,23269,23128,1131,24259,246
2021-06-26,Lake,033,64148,3612,3576,15,3591,56
2021-06-26,Lassen,035,31185,5278,5263,118,5381,20
2021-06-26,Los Angeles,037,10098052,1211131,1207198,42316,1249514,24490
2021-06-26,Madera,039,155013,16800,16679,957,17636,240
2021-06-26,Marin,041,260295,14190,14180,271,14451,232
2021-06-26,Mariposa,043,17540,440,440,12,452,5
2021-06-26,Mendocino,045,87422,4181,4096,77,4173,49
2021-06-26,Merced,047,269075,31314,31259,1008,32267,469
2021-06-26,Modoc,049,8938,418,411,148,559,3
2021-06-26,Mono,051,14174,1260,1279,16,1295,3
2021-06-26,Monterey,053,433212,43309,43192,1913,45105,462
2021-06-26,Napa,055,140530,10046,10043,39,10082,81
2021-06-26,Nevada,057,99092,4984,4939,202,5141,72
2021-06-26,Orange,059,3164182,256860,255640,11599,267239,5123
2021-06-26,Placer,061,380077,23876,23702,1570,25272,299
2021-06-26,Plumas,063,18699,720,704,12,716,4
2021-06-26,Riverside,065,2383286,294007,292480,14167,306647,4505
2021-06-26,Sacramento,067,1510023,108493,108179,1881,110060,1675
2021-06-26,San Benito,069,59416,6107,6100,116,6216,63
2021-06-26,San Bernardino,071,2135413,294807,294034,9147,303181,4928
2021-06-26,San Diego,073,3302833,283100,282263,15341,297604,3780
2021-06-26,San Francisco,075,870044,37166,37348,1336,38684,559
2021-06-26,San Joaquin,077,732212,74153,73928,3698,77626,1411
2021-06-26,San Luis Obispo,079,281455,21460,21330,767,22097,256
2021-06-26,San Mateo,081,765935,42815,42898,493,43391,539
2021-06-26,Santa Barbara,083,443738,35180,34525,1222,35747,455
2021-06-26,Santa Clara,085,1922200,119506,120321,792,121113,2103
2021-06-26,Santa Cruz,087,273765,16322,16239,836,17075,208
2021-06-26,Shasta,089,179085,12636,12635,1663,14298,203
2021-06-26,Sierra,091,2930,63,58,13,71,0
2021-06-26,Siskiyou,093,43540,1963,1896,373,2269,29
2021-06-26,Solano,095,438530,33503,33489,576,34065,267
2021-06-26,Sonoma,097,501317,31011,31088,368,31456,315
2021-06-26,Stanislaus,099,539301,57287,57006,6087,63093,1018
2021-06-26,Sutter,101,95872,9680,9669,92,9761,114
2021-06-26,Tehama,103,63373,5143,5119,598,5717,63
2021-06-26,Trinity,105,12862,490,341,92,433,3
2021-06-26,Tulare,107,460477,50437,49745,9304,59049,850
2021-06-26,Tuolumne,109,53932,4128,4121,39,4160,64
2021-06-26,Ventura,111,848112,81848,81352,3064,84416,1032
2021-06-26,Yolo,113,214977,14181,14184,358,14542,213
2021-06-26,Yuba,115,75493,6219,6200,133,6333,51
2021-06-25,Alameda,001,1643700,89562,89453,2024,91477,1271
2021-06-25,Alpine,003,1148,89,89,0,89,0
2021-06-25,Amador,005,37829,3763,3746,33,3779,46
2021-06-25,Butte,007,227075,12796,12682,1888,14570,198
2021-06-25,Calaveras,009,45235,2201,2201,14,2215,55
2021-06-25,Colusa,011,21464,1968,1972,323,2295,15
2021-06-25,Contra Costa,013,1133247,71083,70659,1340,71999,815
2021-06-25,Del Norte,015,27424,1460,1426,14,1440,8
2021-06-25,El Dorado,017,186661,10463,10406,761,11167,115
2021-06-25,Fresno,019,978130,103515,103073,8859,111932,1727
2021-06-25,Glenn,021,27897,2446,2441,575,3016,20
2021-06-25,Humboldt,023,135768,4521,4503,43,4546,49
2021-06-25,Imperial,025,180216,28779,28968,2811,31779,740
2021-06-25,Inyo,027,18085,1411,1406,24,1430,35
2021-06-25,Kern,029,883053,97931,97182,11244,108426,1347
2021-06-25,Kings,031,150075,23263,23118,1131,24249,246
2021-06-25,Lake,033,64148,3606,3571,15,3586,56
2021-06-25,Lassen,035,31185,5277,5259,118,5377,20
2021-06-25,Los Angeles,037,10098052,1210855,1206909,42298,1249207,24483
2021-06-25,Madera,039,155013,16797,16670,957,17627,240
2021-06-25,Marin,041,260295,14187,14179,271,14450,232
2021-06-25,Mariposa,043,17540,440,440,12,452,5
2021-06-25,Mendocino,045,87422,4178,4089,77,4166,49
2021-06-25,Merced,047,269075,31306,31256,1008,32264,467
2021-06-25,Modoc,049,8938,418,411,148,559,3
2021-06-25,Mono,051,14174,1260,1279,16,1295,3
2021-06-25,Monterey,053,433212,43304,43184,1912,45096,462
2021-06-25,Napa,055,140530,10041,10037,39,10076,81
2021-06-25,Nevada,057,99092,4981,4932,202,5134,72
2021-06-25,Orange,059,3164182,256789,255574,11597,267171,5119
2021-06-25,Placer,061,380077,23857,23672,1569,25241,299
2021-06-25,Plumas,063,18699,720,702,11,713,4
2021-06-25,Riverside,065,2383286,293940,291663,14161,305824,4490
2021-06-25,Sacramento,067,1510023,108421,108034,1878,109912,1673
2021-06-25,San Benito,069,59416,6103,6098,116,6214,63
2021-06-25,San Bernardino,071,2135413,294752,293941,9145,303086,4911
2021-06-25,San Diego,073,3302833,283040,282157,15328,297485,3779
2021-06-25,San Francisco,075,870044,37143,37338,1335,38673,559
2021-06-25,San Joaquin,077,732212,74120,73860,3696,77556,1410
2021-06-25,San Luis Obispo,079,281455,21457,21325,766,22091,256
2021-06-25,San Mateo,081,765935,42797,42849,493,43342,537
2021-06-25,Santa Barbara,083,443738,35172,34518,1221,35739,454
2021-06-25,Santa Clara,085,1922200,119486,120272,792,121064,2103
2021-06-25,Santa Cruz,087,273765,16319,16230,834,17064,208
2021-06-25,Shasta,089,179085,12626,12633,1662,14295,202
2021-06-25,Sierra,091,2930,63,58,13,71,0
2021-06-25,Siskiyou,093,43540,1962,1894,373,2267,29
2021-06-25,Solano,095,438530,33483,33449,576,34025,267
2021-06-25,Sonoma,097,501317,30989,31043,368,31411,314
2021-06-25,Stanislaus,099,539301,57268,56973,6080,63053,1018
2021-06-25,Sutter,101,95872,9673,9664,92,9756,114
2021-06-25,Tehama,103,63373,5142,5119,598,5717,63
2021-06-25,Trinity,105,12862,490,338,92,430,3
2021-06-25,Tulare,107,460477,50430,49731,9300,59031,850
2021-06-25,Tuolumne,109,53932,4127,4121,39,4160,64
2021-06-25,Ventura,111,848112,81819,81342,3058,84400,1032
2021-06-25,Yolo,113,214977,14175,14172,358,14530,213
2021-06-25,Yuba,115,75493,6215,6195,133,6328,51
2021-06-24,Alameda,001,1643700,89490,89358,2021,91379,1268
2021-06-24,Alpine,003,1148,89,89,0,89,0
2021-06-24,Amador,005,37829,3759,3745,33,3778,46
2021-06-24,Butte,007,227075,12790,12673,1886,14559,198
2021-06-24,Calaveras,009,45235,2198,2202,14,2216,55
2021-06-24,Colusa,011,21464,1967,1972,323,2295,15
2021-06-24,Contra Costa,013,1133247,71024,70590,1340,71930,813
2021-06-24,Del Norte,015,27424,1459,1421,14,1435,8
2021-06-24,El Dorado,017,186661,10455,10402,761,11163,115
2021-06-24,Fresno,019,978130,103495,103061,8856,111917,1727
2021-06-24,Glenn,021,27897,2445,2439,575,3014,20
2021-06-24,Humboldt,023,135768,4516,4493,43,4536,49
2021-06-24,Imperial,025,180216,28776,28981,2811,31792,740
2021-06-24,Inyo,027,18085,1410,1406,24,1430,35
2021-06-24,Kern,029,883053,97912,97129,11231,108360,1346
2021-06-24,Kings,031,150075,23259,23114,1129,24243,246
2021-06-24,Lake,033,64148,3600,3571,15,3586,56
2021-06-24,Lassen,035,31185,5276,5258,118,5376,20
2021-06-24,Los Angeles,037,10098052,1210531,1206590,42275,1248865,24480
2021-06-24,Madera,039,155013,16786,16662,956,17618,240
2021-06-24,Marin,041,260295,14183,14180,271,14451,232
2021-06-24,Mariposa,043,17540,440,440,12,452,5
2021-06-24,Mendocino,045,87422,4170,4085,77,4162,49
2021-06-24,Merced,047,269075,31296,31248,1007,32255,466
2021-06-24,Modoc,049,8938,418,411,148,559,3
2021-06-24,Mono,051,14174,1260,1276,16,1292,3
2021-06-24,Monterey,053,433212,43297,43180,1912,45092,451
2021-06-24,Napa,055,140530,10039,10036,39,10075,80
2021-06-24,Nevada,057,99092,4979,4927,202,5129,72
2021-06-24,Orange,059,3164182,256725,255520,11589,267109,5117
2021-06-24,Placer,061,380077,23832,23659,1567,25226,299
2021-06-24,Plumas,063,18699,719,702,11,713,4
2021-06-24,Riverside,065,2383286,293860,291067,14150,305217,4473
2021-06-24,Sacramento,067,1510023,108333,107965,1876,109841,1672
2021-06-24,San Benito,069,59416,6100,6098,116,6214,63
2021-06-24,San Bernardino,071,2135413,294684,293895,9140,303035,4898
2021-06-24,San Diego,073,3302833,282935,282053,15316,297369,3778
2021-06-24,San Francisco,075,870044,37121,37320,1333,38653,559
2021-06-24,San Joaquin,077,732212,74072,73814,3696,77510,1408
2021-06-24,San Luis Obispo,079,281455,21451,21326,766,22092,256
2021-06-24,San Mateo,081,765935,42771,42814,492,43306,542
2021-06-24,Santa Barbara,083,443738,35166,34512,1220,35732,454
2021-06-24,Santa Clara,085,1922200,119456,120274,791,121065,2103
2021-06-24,Santa Cruz,087,273765,16318,16227,834,17061,208
2021-06-24,Shasta,089,179085,12621,12629,1658,14287,202
2021-06-24,Sierra,091,2930,63,58,13,71,0
2021-06-24,Siskiyou,093,43540,1962,1892,373,2265,28
2021-06-24,Solano,095,438530,33461,33432,574,34006,267
2021-06-24,Sonoma,097,501317,30960,31020,368,31388,314
2021-06-24,Stanislaus,099,539301,57236,56946,6080,63026,1018
2021-06-24,Sutter,101,95872,9666,9660,92,9752,113
2021-06-24,Tehama,103,63373,5139,5115,598,5713,63
2021-06-24,Trinity,105,12862,489,338,92,430,3
2021-06-24,Tulare,107,460477,50419,49730,9298,59028,850
2021-06-24,Tuolumne,109,53932,4125,4120,39,4159,64
2021-06-24,Ventura,111,848112,81791,81332,3057,84389,1032
2021-06-24,Yolo,113,214977,14166,14169,355,14524,213
2021-06-24,Yuba,115,75493,6210,6195,133,6328,51
2021-06-23,Alameda,001,1643700,89418,89338,2020,91358,1266
2021-06-23,Alpine,003,1148,89,88,0,88,0
2021-06-23,Amador,005,37829,3757,3743,33,3776,46
2021-06-23,Butte,007,227075,12783,12666,1886,14552,198
2021-06-23,Calaveras,009,45235,2197,2199,14,2213,55
2021-06-23,Colusa,011,21464,1966,1972,323,2295,15
2021-06-23,Contra Costa,013,1133247,70959,70526,1339,71865,813
2021-06-23,Del Norte,015,27424,1455,1418,14,1432,8
2021-06-23,El Dorado,017,186661,10446,10395,758,11153,115
2021-06-23,Fresno,019,978130,103466,103020,8854,111874,1724
2021-06-23,Glenn,021,27897,2445,2437,574,3011,20
2021-06-23,Humboldt,023,135768,4507,4490,43,4533,48
2021-06-23,Imperial,025,180216,28769,28908,2811,31719,740
2021-06-23,Inyo,027,18085,1410,1406,24,1430,35
2021-06-23,Kern,029,883053,97884,97078,11218,108296,1345
2021-06-23,Kings,031,150075,23252,23105,1127,24232,245
2021-06-23,Lake,033,64148,3591,3566,15,3581,53
2021-06-23,Lassen,035,31185,5273,5257,118,5375,20
2021-06-23,Los Angeles,037,10098052,1210194,1206358,42265,1248623,24472
2021-06-23,Madera,039,155013,16780,16660,956,17616,240
2021-06-23,Marin,041,260295,14177,14177,271,14448,230
2021-06-23,Mariposa,043,17540,440,439,12,451,5
2021-06-23,Mendocino,045,87422,4166,4078,77,4155,49
2021-06-23,Merced,047,269075,31287,31260,1007,32267,465
2021-06-23,Modoc,049,8938,416,407,148,555,3
2021-06-23,Mono,051,14174,1260,1279,16,1295,3
2021-06-23,Monterey,053,433212,43288,43166,1912,45078,439
2021-06-23,Napa,055,140530,10030,10032,39,10071,80
2021-06-23,Nevada,057,99092,4976,4924,202,5126,72
2021-06-23,Orange,059,3164182,256658,255479,11581,267060,5116
2021-06-23,Placer,061,380077,23803,23630,1562,25192,299
2021-06-23,Plumas,063,18699,718,701,11,712,4
2021-06-23,Riverside,065,2383286,293777,290343,14148,304491,4462
2021-06-23,Sacramento,067,1510023,108241,107868,1871,109739,1671
2021-06-23,San Benito,069,59416,6096,6097,116,6213,63
2021-06-23,San Bernardino,071,2135413,294605,293816,9135,302951,4886
2021-06-23,San Diego,073,3302833,282835,281937,15295,297232,3777
2021-06-23,San Francisco,075,870044,37097,37304,1332,38636,559
2021-06-23,San Joaquin,077,732212,74033,73764,3694,77458,1405
2021-06-23,San Luis Obispo,079,281455,21447,21323,765,22088,257
2021-06-23,San Mateo,081,765935,42755,42756,492,43248,542
2021-06-23,Santa Barbara,083,443738,35156,34505,1220,35725,454
2021-06-23,Santa Clara,085,1922200,119427,120233,791,121024,2098
2021-06-23,Santa Cruz,087,273765,16314,16215,834,17049,209
2021-06-23,Shasta,089,179085,12614,12604,1656,14260,202
2021-06-23,Sierra,091,2930,63,57,13,70,0
2021-06-23,Siskiyou,093,43540,1960,1892,373,2265,28
2021-06-23,Solano,095,438530,33417,33408,574,33982,267
2021-06-23,Sonoma,097,501317,30920,30959,366,31325,314
2021-06-23,Stanislaus,099,539301,57203,56926,6079,63005,1017
2021-06-23,Sutter,101,95872,9660,9653,92,9745,113
2021-06-23,Tehama,103,63373,5139,5119,597,5716,63
2021-06-23,Trinity,105,12862,489,338,92,430,3
2021-06-23,Tulare,107,460477,50412,49711,9294,59005,850
2021-06-23,Tuolumne,109,53932,4122,4120,39,4159,64
2021-06-23,Ventura,111,848112,81768,81312,3054,84366,1032
2021-06-23,Yolo,113,214977,14156,14161,355,14516,212
2021-06-23,Yuba,115,75493,6207,6190,133,6323,51
2021-06-22,Alameda,001,1643700,89350,89308,2020,91328,1263
2021-06-22,Alpine,003,1148,89,88,0,88,0
2021-06-22,Amador,005,37829,3754,3743,33,3776,46
2021-06-22,Butte,007,227075,12779,12662,1883,14545,198
2021-06-22,Calaveras,009,45235,2196,2198,14,2212,55
2021-06-22,Colusa,011,21464,1965,1971,323,2294,15
2021-06-22,Contra Costa,013,1133247,70903,70480,1338,71818,813
2021-06-22,Del Norte,015,27424,1452,1417,14,1431,8
2021-06-22,El Dorado,017,186661,10441,10380,757,11137,113
2021-06-22,Fresno,019,978130,103447,102996,8850,111846,1724
2021-06-22,Glenn,021,27897,2444,2435,572,3007,19
2021-06-22,Humboldt,023,135768,4497,4483,43,4526,42
2021-06-22,Imperial,025,180216,28764,28880,2811,31691,740
2021-06-22,Inyo,027,18085,1410,1405,24,1429,35
2021-06-22,Kern,029,883053,97871,97013,11214,108227,1342
2021-06-22,Kings,031,150075,23244,23098,1126,24224,245
2021-06-22,Lake,033,64148,3589,3564,15,3579,45
2021-06-22,Lassen,035,31185,5268,5254,118,5372,20
2021-06-22,Los Angeles,037,10098052,1209881,1206146,42253,1248399,24461
2021-06-22,Madera,039,155013,16775,16652,956,17608,240
2021-06-22,Marin,041,260295,14175,14174,271,14445,230
2021-06-22,Mariposa,043,17540,440,439,12,451,5
2021-06-22,Mendocino,045,87422,4160,4072,77,4149,49
2021-06-22,Merced,047,269075,31276,31267,1007,32274,464
2021-06-22,Modoc,049,8938,414,405,147,552,3
2021-06-22,Mono,051,14174,1260,1277,16,1293,3
2021-06-22,Monterey,053,433212,43285,43162,1911,45073,427
2021-06-22,Napa,055,140530,10025,10029,39,10068,80
2021-06-22,Nevada,057,99092,4970,4923,202,5125,72
2021-06-22,Orange,059,3164182,256589,255452,11570,267022,5114
2021-06-22,Placer,061,380077,23781,23603,1562,25165,299
2021-06-22,Plumas,063,18699,718,697,11,708,4
2021-06-22,Riverside,065,2383286,293716,289839,14144,303983,4456
2021-06-22,Sacramento,067,1510023,108140,107801,1866,109667,1670
2021-06-22,San Benito,069,59416,6095,6098,116,6214,63
2021-06-22,San Bernardino,071,2135413,294529,293770,9129,302899,4873
2021-06-22,San Diego,073,3302833,282731,281867,15272,297139,3771
2021-06-22,San Francisco,075,870044,37083,37287,1332,38619,556
2021-06-22,San Joaquin,077,732212,74003,73723,3692,77415,1405
2021-06-22,San Luis Obispo,079,281455,21444,21321,764,22085,257
2021-06-22,San Mateo,081,765935,42741,42725,486,43211,542
2021-06-22,Santa Barbara,083,443738,35145,34500,1219,35719,454
2021-06-22,Santa Clara,085,1922200,119395,120194,791,120985,2095
2021-06-22,Santa Cruz,087,273765,16309,16218,834,17052,209
2021-06-22,Shasta,089,179085,12603,12616,1653,14269,202
2021-06-22,Sierra,091,2930,62,57,13,70,0
2021-06-22,Siskiyou,093,43540,1960,1892,373,2265,28
2021-06-22,Solano,095,438530,33399,33397,573,33970,267
2021-06-22,Sonoma,097,501317,30880,30933,366,31299,314
2021-06-22,Stanislaus,099,539301,57183,56915,6077,62992,1017
2021-06-22,Sutter,101,95872,9653,9649,92,9741,113
2021-06-22,Tehama,103,63373,5137,5118,596,5714,63
2021-06-22,Trinity,105,12862,487,337,92,429,3
2021-06-22,Tulare,107,460477,50404,49706,9289,58995,850
2021-06-22,Tuolumne,109,53932,4120,4119,39,4158,64
2021-06-22,Ventura,111,848112,81754,81300,3053,84353,1032
2021-06-22,Yolo,113,214977,14151,14157,353,14510,212
2021-06-22,Yuba,115,75493,6203,6181,133,6314,51
2021-06-21,Alameda,001,1643700,89290,89281,2019,91300,1262
2021-06-21,Alpine,003,1148,89,88,0,88,0
2021-06-21,Amador,005,37829,3748,3742,33,3775,46
2021-06-21,Butte,007,227075,12773,12668,1881,14549,195
2021-06-21,Calaveras,009,45235,2195,2194,14,2208,55
2021-06-21,Colusa,011,21464,1964,1970,322,2292,15
2021-06-21,Contra Costa,013,1133247,70832,70439,1336,71775,813
2021-06-21,Del Norte,015,27424,1448,1416,14,1430,8
2021-06-21,El Dorado,017,186661,10435,10375,756,11131,113
2021-06-21,Fresno,019,978130,103427,102971,8847,111818,1724
2021-06-21,Glenn,021,27897,2443,2433,572,3005,19
2021-06-21,Humboldt,023,135768,4488,4478,42,4520,42
2021-06-21,Imperial,025,180216,28760,28855,2811,31666,740
2021-06-21,Inyo,027,18085,1409,1405,24,1429,35
2021-06-21,Kern,029,883053,97842,96995,11205,108200,1342
2021-06-21,Kings,031,150075,23237,23091,1123,24214,245
2021-06-21,Lake,033,64148,3583,3563,15,3578,45
2021-06-21,Lassen,035,31185,5266,5233,118,5351,19
2021-06-21,Los Angeles,037,10098052,1209590,1205994,42232,1248226,24459
2021-06-21,Madera,039,155013,16766,16647,956,17603,240
2021-06-21,Marin,041,260295,14171,14173,271,14444,230
2021-06-21,Mariposa,043,17540,440,439,12,451,5
2021-06-21,Mendocino,045,87422,4157,4085,77,4162,49
2021-06-21,Merced,047,269075,31266,31264,1006,32270,465
2021-06-21,Modoc,049,8938,414,405,147,552,3
2021-06-21,Mono,051,14174,1260,1277,16,1293,3
2021-06-21,Monterey,053,433212,43282,43157,1911,45068,427
2021-06-21,Napa,055,140530,10021,10028,39,10067,80
2021-06-21,Nevada,057,99092,4966,4921,202,5123,72
2021-06-21,Orange,059,3164182,256517,255400,11563,266963,5113
2021-06-21,Placer,061,380077,23756,23577,1562,25139,298
2021-06-21,Plumas,063,18699,716,697,11,708,4
2021-06-21,Riverside,065,2383286,293640,289797,14139,303936,4456
2021-06-21,Sacramento,067,1510023,108028,107757,1865,109622,1669
2021-06-21,San Benito,069,59416,6091,6098,116,6214,63
2021-06-21,San Bernardino,071,2135413,294442,293736,9125,302861,4850
2021-06-21,San Diego,073,3302833,282625,281811,15252,297063,3771
2021-06-21,San Francisco,075,870044,37067,37275,1331,38606,556
2021-06-21,San Joaquin,077,732212,73962,73687,3691,77378,1405
2021-06-21,San Luis Obispo,079,281455,21435,21316,764,22080,257
2021-06-21,San Mateo,081,765935,42724,42685,485,43170,542
2021-06-21,Santa Barbara,083,443738,35140,34492,1219,35711,455
2021-06-21,Santa Clara,085,1922200,119362,120192,790,120982,2093
2021-06-21,Santa Cruz,087,273765,16307,16212,834,17046,208
2021-06-21,Shasta,089,179085,12590,12617,1650,14267,201
2021-06-21,Sierra,091,2930,62,57,13,70,0
2021-06-21,Siskiyou,093,43540,1960,1892,373,2265,27
2021-06-21,Solano,095,438530,33376,33383,572,33955,266
2021-06-21,Sonoma,097,501317,30858,30912,366,31278,314
2021-06-21,Stanislaus,099,539301,57153,56891,6072,62963,1017
2021-06-21,Sutter,101,95872,9652,9649,92,9741,113
2021-06-21,Tehama,103,63373,5137,5115,595,5710,63
2021-06-21,Trinity,105,12862,487,337,92,429,3
2021-06-21,Tulare,107,460477,50393,49689,9285,58974,849
2021-06-21,Tuolumne,109,53932,4116,4119,39,4158,63
2021-06-21,Ventura,111,848112,81726,81291,3049,84340,1031
2021-06-21,Yolo,113,214977,14145,14165,353,14518,212
2021-06-21,Yuba,115,75493,6202,6172,133,6305,51
2021-06-20,Alameda,001,1643700,89227,89255,2018,91273,1263
2021-06-20,Alpine,003,1148,89,88,0,88,0
2021-06-20,Amador,005,37829,3745,3740,33,3773,46
2021-06-20,Butte,007,227075,12766,12668,1880,14548,194
2021-06-20,Calaveras,009,45235,2193,2193,14,2207,55
2021-06-20,Colusa,011,21464,1964,1970,322,2292,15
2021-06-20,Contra Costa,013,1133247,70776,70401,1334,71735,813
2021-06-20,Del Norte,015,27424,1444,1416,14,1430,8
2021-06-20,El Dorado,017,186661,10421,10372,754,11126,113
2021-06-20,Fresno,019,978130,103386,102947,8844,111791,1724
2021-06-20,Glenn,021,27897,2443,2434,572,3006,19
2021-06-20,Humboldt,023,135768,4482,4472,42,4514,42
2021-06-20,Imperial,025,180216,28751,28855,2811,31666,740
2021-06-20,Inyo,027,18085,1408,1405,24,1429,35
2021-06-20,Kern,029,883053,97821,96985,11194,108179,1342
2021-06-20,Kings,031,150075,23232,23088,1121,24209,245
2021-06-20,Lake,033,64148,3581,3563,15,3578,45
2021-06-20,Lassen,035,31185,5263,5230,118,5348,19
2021-06-20,Los Angeles,037,10098052,1209293,1205874,42223,1248097,24456
2021-06-20,Madera,039,155013,16758,16638,954,17592,240
2021-06-20,Marin,041,260295,14168,14166,271,14437,230
2021-06-20,Mariposa,043,17540,438,439,12,451,5
2021-06-20,Mendocino,045,87422,4150,4080,77,4157,49
2021-06-20,Merced,047,269075,31253,31265,1006,32271,465
2021-06-20,Modoc,049,8938,414,405,147,552,3
2021-06-20,Mono,051,14174,1260,1275,16,1291,3
2021-06-20,Monterey,053,433212,43273,43156,1910,45066,427
2021-06-20,Napa,055,140530,10014,10026,38,10064,80
2021-06-20,Nevada,057,99092,4959,4919,202,5121,72
2021-06-20,Orange,059,3164182,256453,255377,11552,266929,5113
2021-06-20,Placer,061,380077,23723,23562,1558,25120,298
2021-06-20,Plumas,063,18699,715,697,11,708,4
2021-06-20,Riverside,065,2383286,293560,289770,14129,303899,4456
2021-06-20,Sacramento,067,1510023,107917,107700,1862,109562,1669
2021-06-20,San Benito,069,59416,6091,6098,116,6214,63
2021-06-20,San Bernardino,071,2135413,294342,293713,9121,302834,4845
2021-06-20,San Diego,073,3302833,282519,281750,15230,296980,3771
2021-06-20,San Francisco,075,870044,37045,37269,1331,38600,556
2021-06-20,San Joaquin,077,732212,73917,73676,3682,77358,1405
2021-06-20,San Luis Obispo,079,281455,21433,21313,764,22077,257
2021-06-20,San Mateo,081,765935,42695,42681,485,43166,542
2021-06-20,Santa Barbara,083,443738,35131,34487,1219,35706,455
2021-06-20,Santa Clara,085,1922200,119327,120163,790,120953,2093
2021-06-20,Santa Cruz,087,273765,16302,16210,834,17044,208
2021-06-20,Shasta,089,179085,12585,12617,1648,14265,201
2021-06-20,Sierra,091,2930,62,57,13,70,0
2021-06-20,Siskiyou,093,43540,1959,1891,373,2264,27
2021-06-20,Solano,095,438530,33354,33361,570,33931,266
2021-06-20,Sonoma,097,501317,30811,30884,363,31247,314
2021-06-20,Stanislaus,099,539301,57119,56868,6071,62939,1017
2021-06-20,Sutter,101,95872,9649,9645,92,9737,113
2021-06-20,Tehama,103,63373,5133,5115,595,5710,63
2021-06-20,Trinity,105,12862,487,337,92,429,3
2021-06-20,Tulare,107,460477,50384,49685,9283,58968,849
2021-06-20,Tuolumne,109,53932,4113,4117,39,4156,63
2021-06-20,Ventura,111,848112,81710,81282,3047,84329,1031
2021-06-20,Yolo,113,214977,14138,14160,353,14513,212
2021-06-20,Yuba,115,75493,6195,6167,133,6300,51
2021-06-19,Alameda,001,1643700,89194,89202,2018,91220,1263
2021-06-19,Alpine,003,1148,89,88,0,88,0
2021-06-19,Amador,005,37829,3743,3739,33,3772,46
2021-06-19,Butte,007,227075,12762,12659,1880,14539,194
2021-06-19,Calaveras,009,45235,2193,2192,14,2206,55
2021-06-19,Colusa,011,21464,1964,1969,322,2291,15
2021-06-19,Contra Costa,013,1133247,70745,70334,1333,71667,813
2021-06-19,Del Norte,015,27424,1443,1416,14,1430,8
2021-06-19,El Dorado,017,186661,10420,10363,753,11116,113
2021-06-19,Fresno,019,978130,103373,102922,8841,111763,1724
2021-06-19,Glenn,021,27897,2442,2434,571,3005,19
2021-06-19,Humboldt,023,135768,4471,4463,42,4505,42
2021-06-19,Imperial,025,180216,28750,28813,2811,31624,740
2021-06-19,Inyo,027,18085,1408,1405,24,1429,35
2021-06-19,Kern,029,883053,97805,96966,11190,108156,1342
2021-06-19,Kings,031,150075,23229,23086,1121,24207,245
2021-06-19,Lake,033,64148,3577,3563,15,3578,45
2021-06-19,Lassen,035,31185,5262,5225,118,5343,19
2021-06-19,Los Angeles,037,10098052,1209095,1205602,42209,1247811,24454
2021-06-19,Madera,039,155013,16756,16632,954,17586,240
2021-06-19,Marin,041,260295,14160,14152,271,14423,230
2021-06-19,Mariposa,043,17540,438,439,12,451,5
2021-06-19,Mendocino,045,87422,4144,4077,77,4154,49
2021-06-19,Merced,047,269075,31251,31256,1006,32262,465
2021-06-19,Modoc,049,8938,413,402,147,549,3
2021-06-19,Mono,051,14174,1260,1275,16,1291,3
2021-06-19,Monterey,053,433212,43267,43153,1910,45063,427
2021-06-19,Napa,055,140530,10010,10025,38,10063,80
2021-06-19,Nevada,057,99092,4954,4910,202,5112,72
2021-06-19,Orange,059,3164182,256406,255329,11548,266877,5112
2021-06-19,Placer,061,380077,23707,23537,1555,25092,298
2021-06-19,Plumas,063,18699,714,697,11,708,4
2021-06-19,Riverside,065,2383286,293514,289720,14129,303849,4456
2021-06-19,Sacramento,067,1510023,107871,107631,1859,109490,1669
2021-06-19,San Benito,069,59416,6090,6098,116,6214,63
2021-06-19,San Bernardino,071,2135413,294298,293673,9118,302791,4844
2021-06-19,San Diego,073,3302833,282459,281682,15216,296898,3771
2021-06-19,San Francisco,075,870044,37032,37256,1331,38587,556
2021-06-19,San Joaquin,077,732212,73901,73652,3678,77330,1405
2021-06-19,San Luis Obispo,079,281455,21431,21308,764,22072,257
2021-06-19,San Mateo,081,765935,42677,42646,483,43129,542
2021-06-19,Santa Barbara,083,443738,35129,34472,1219,35691,455
2021-06-19,Santa Clara,085,1922200,119304,120110,789,120899,2093
2021-06-19,Santa Cruz,087,273765,16297,16206,834,17040,208
2021-06-19,Shasta,089,179085,12583,12615,1647,14262,201
2021-06-19,Sierra,091,2930,62,57,13,70,0
2021-06-19,Siskiyou,093,43540,1959,1891,372,2263,27
2021-06-19,Solano,095,438530,33344,33341,569,33910,266
2021-06-19,Sonoma,097,501317,30770,30841,362,31203,314
2021-06-19,Stanislaus,099,539301,57100,56847,6068,62915,1017
2021-06-19,Sutter,101,95872,9646,9645,92,9737,113
2021-06-19,Tehama,103,63373,5132,5115,595,5710,63
2021-06-19,Trinity,105,12862,487,337,92,429,3
2021-06-19,Tulare,107,460477,50377,49681,9278,58959,849
2021-06-19,Tuolumne,109,53932,4113,4117,39,4156,63
2021-06-19,Ventura,111,848112,81697,81270,3046,84316,1031
2021-06-19,Yolo,113,214977,14134,14156,352,14508,212
2021-06-19,Yuba,115,75493,6194,6157,133,6290,51
2021-06-18,Alameda,001,1643700,89157,89123,2018,91141,1263
2021-06-18,Alpine,003,1148,89,88,0,88,0
2021-06-18,Amador,005,37829,3743,3739,33,3772,46
2021-06-18,Butte,007,227075,12759,12653,1877,14530,194
2021-06-18,Calaveras,009,45235,2193,2191,14,2205,55
2021-06-18,Colusa,011,21464,1963,1969,322,2291,15
2021-06-18,Contra Costa,013,1133247,70703,70271,1331,71602,813
2021-06-18,Del Norte,015,27424,1443,1415,14,1429,8
2021-06-18,El Dorado,017,186661,10417,10348,751,11099,113
2021-06-18,Fresno,019,978130,103357,102894,8839,111733,1722
2021-06-18,Glenn,021,27897,2441,2430,571,3001,19
2021-06-18,Humboldt,023,135768,4463,4450,42,4492,42
2021-06-18,Imperial,025,180216,28748,28809,2811,31620,740
2021-06-18,Inyo,027,18085,1408,1405,24,1429,35
2021-06-18,Kern,029,883053,97794,96948,11184,108132,1341
2021-06-18,Kings,031,150075,23224,23082,1121,24203,245
2021-06-18,Lake,033,64148,3573,3563,15,3578,45
2021-06-18,Lassen,035,31185,5261,5224,118,5342,19
2021-06-18,Los Angeles,037,10098052,1208939,1205472,42192,1247664,24451
2021-06-18,Madera,039,155013,16750,16625,954,17579,241
2021-06-18,Marin,041,260295,14157,14147,271,14418,230
2021-06-18,Mariposa,043,17540,438,439,12,451,5
2021-06-18,Mendocino,045,87422,4139,4068,77,4145,49
2021-06-18,Merced,047,269075,31249,31262,1006,32268,464
2021-06-18,Modoc,049,8938,413,402,147,549,3
2021-06-18,Mono,051,14174,1259,1275,15,1290,3
2021-06-18,Monterey,053,433212,43264,43148,1910,45058,427
2021-06-18,Napa,055,140530,10006,10021,38,10059,80
2021-06-18,Nevada,057,99092,4946,4903,202,5105,72
2021-06-18,Orange,059,3164182,256368,255274,11545,266819,5108
2021-06-18,Placer,061,380077,23699,23500,1552,25052,298
2021-06-18,Plumas,063,18699,714,697,11,708,4
2021-06-18,Riverside,065,2383286,293466,289676,14128,303804,4457
2021-06-18,Sacramento,067,1510023,107823,107570,1859,109429,1669
2021-06-18,San Benito,069,59416,6089,6097,116,6213,63
2021-06-18,San Bernardino,071,2135413,294253,293629,9114,302743,4826
2021-06-18,San Diego,073,3302833,282383,281608,15205,296813,3771
2021-06-18,San Francisco,075,870044,37023,37246,1331,38577,556
2021-06-18,San Joaquin,077,732212,73883,73623,3676,77299,1403
2021-06-18,San Luis Obispo,079,281455,21427,21301,763,22064,257
2021-06-18,San Mateo,081,765935,42666,42630,482,43112,542
2021-06-18,Santa Barbara,083,443738,35118,34469,1219,35688,455
2021-06-18,Santa Clara,085,1922200,119283,120081,788,120869,2093
2021-06-18,Santa Cruz,087,273765,16293,16202,834,17036,208
2021-06-18,Shasta,089,179085,12579,12607,1645,14252,201
2021-06-18,Sierra,091,2930,61,57,13,70,0
2021-06-18,Siskiyou,093,43540,1959,1890,372,2262,27
2021-06-18,Solano,095,438530,33330,33323,569,33892,266
2021-06-18,Sonoma,097,501317,30752,30816,361,31177,313
2021-06-18,Stanislaus,099,539301,57085,56803,6066,62869,1012
2021-06-18,Sutter,101,95872,9643,9643,92,9735,113
2021-06-18,Tehama,103,63373,5130,5114,595,5709,63
2021-06-18,Trinity,105,12862,487,337,91,428,3
2021-06-18,Tulare,107,460477,50375,49664,9271,58935,849
2021-06-18,Tuolumne,109,53932,4111,4116,39,4155,63
2021-06-18,Ventura,111,848112,81687,81256,3041,84297,1031
2021-06-18,Yolo,113,214977,14131,14148,350,14498,212
2021-06-18,Yuba,115,75493,6188,6150,133,6283,51
2021-06-17,Alameda,001,1643700,89111,89087,2018,91105,1262
2021-06-17,Alpine,003,1148,89,88,0,88,0
2021-06-17,Amador,005,37829,3741,3731,33,3764,46
2021-06-17,Butte,007,227075,12749,12644,1876,14520,194
2021-06-17,Calaveras,009,45235,2192,2189,14,2203,55
2021-06-17,Colusa,011,21464,1962,1969,322,2291,15
2021-06-17,Contra Costa,013,1133247,70664,70190,1328,71518,810
2021-06-17,Del Norte,015,27424,1441,1413,14,1427,8
2021-06-17,El Dorado,017,186661,10407,10341,751,11092,113
2021-06-17,Fresno,019,978130,103331,102867,8835,111702,1722
2021-06-17,Glenn,021,27897,2441,2430,571,3001,19
2021-06-17,Humboldt,023,135768,4454,4438,42,4480,42
2021-06-17,Imperial,025,180216,28740,28801,2811,31612,741
2021-06-17,Inyo,027,18085,1408,1405,24,1429,35
2021-06-17,Kern,029,883053,97779,96840,11178,108018,1340
2021-06-17,Kings,031,150075,23220,23078,1120,24198,245
2021-06-17,Lake,033,64148,3570,3563,11,3574,45
2021-06-17,Lassen,035,31185,5257,5223,118,5341,19
2021-06-17,Los Angeles,037,10098052,1208728,1205301,42163,1247464,24444
2021-06-17,Madera,039,155013,16745,16618,954,17572,241
2021-06-17,Marin,041,260295,14157,14141,271,14412,229
2021-06-17,Mariposa,043,17540,438,439,12,451,5
2021-06-17,Mendocino,045,87422,4132,4054,77,4131,49
2021-06-17,Merced,047,269075,31244,31262,1006,32268,464
2021-06-17,Modoc,049,8938,412,401,147,548,3
2021-06-17,Mono,051,14174,1258,1275,15,1290,3
2021-06-17,Monterey,053,433212,43256,43140,1910,45050,416
2021-06-17,Napa,055,140530,10006,10014,38,10052,80
2021-06-17,Nevada,057,99092,4942,4898,202,5100,72
2021-06-17,Orange,059,3164182,256322,255240,11534,266774,5109
2021-06-17,Placer,061,380077,23683,23461,1550,25011,298
2021-06-17,Plumas,063,18699,713,697,11,708,4
2021-06-17,Riverside,065,2383286,293413,289627,14125,303752,4458
2021-06-17,Sacramento,067,1510023,107759,107492,1857,109349,1666
2021-06-17,San Benito,069,59416,6089,6097,116,6213,63
2021-06-17,San Bernardino,071,2135413,294213,293560,9114,302674,4811
2021-06-17,San Diego,073,3302833,282307,281531,15191,296722,3771
2021-06-17,San Francisco,075,870044,37012,37243,1330,38573,556
2021-06-17,San Joaquin,077,732212,73859,73560,3671,77231,1403
2021-06-17,San Luis Obispo,079,281455,21425,21297,763,22060,257
2021-06-17,San Mateo,081,765935,42660,42615,482,43097,542
2021-06-17,Santa Barbara,083,443738,35112,34466,1219,35685,453
2021-06-17,Santa Clara,085,1922200,119258,120032,787,120819,2093
2021-06-17,Santa Cruz,087,273765,16289,16197,834,17031,208
2021-06-17,Shasta,089,179085,12571,12597,1645,14242,201
2021-06-17,Sierra,091,2930,61,56,13,69,0
2021-06-17,Siskiyou,093,43540,1958,1889,372,2261,27
2021-06-17,Solano,095,438530,33309,33296,568,33864,266
2021-06-17,Sonoma,097,501317,30721,30793,361,31154,323
2021-06-17,Stanislaus,099,539301,57054,56752,6060,62812,1012
2021-06-17,Sutter,101,95872,9640,9629,92,9721,113
2021-06-17,Tehama,103,63373,5129,5112,593,5705,63
2021-06-17,Trinity,105,12862,486,337,91,428,3
2021-06-17,Tulare,107,460477,50370,49649,9263,58912,849
2021-06-17,Tuolumne,109,53932,4110,4116,39,4155,63
2021-06-17,Ventura,111,848112,81678,81248,3038,84286,1030
2021-06-17,Yolo,113,214977,14123,14141,350,14491,212
2021-06-17,Yuba,115,75493,6179,6140,133,6273,51
2021-06-16,Alameda,001,1643700,89060,89045,2014,91059,1265
2021-06-16,Alpine,003,1148,89,88,0,88,0
2021-06-16,Amador,005,37829,3740,3730,33,3763,46
2021-06-16,Butte,007,227075,12747,12635,1874,14509,194
2021-06-16,Calaveras,009,45235,2190,2188,14,2202,55
2021-06-16,Colusa,011,21464,1962,1967,322,2289,15
2021-06-16,Contra Costa,013,1133247,70612,70136,1327,71463,810
2021-06-16,Del Norte,015,27424,1438,1413,14,1427,8
2021-06-16,El Dorado,017,186661,10401,10334,750,11084,113
2021-06-16,Fresno,019,978130,103301,102842,8831,111673,1722
2021-06-16,Glenn,021,27897,2441,2430,571,3001,19
2021-06-16,Humboldt,023,135768,4445,4427,41,4468,42
2021-06-16,Imperial,025,180216,28737,28796,2811,31607,741
2021-06-16,Inyo,027,18085,1407,1405,24,1429,35
2021-06-16,Kern,029,883053,97757,96789,11170,107959,1339
2021-06-16,Kings,031,150075,23219,23072,1119,24191,245
2021-06-16,Lake,033,64148,3570,3562,11,3573,45
2021-06-16,Lassen,035,31185,5254,5216,118,5334,19
2021-06-16,Los Angeles,037,10098052,1208505,1205102,42152,1247254,24439
2021-06-16,Madera,039,155013,16741,16603,954,17557,240
2021-06-16,Marin,041,260295,14155,14137,271,14408,229
2021-06-16,Mariposa,043,17540,438,437,12,449,5
2021-06-16,Mendocino,045,87422,4124,4041,77,4118,49
2021-06-16,Merced,047,269075,31236,31250,1006,32256,463
2021-06-16,Modoc,049,8938,411,383,146,529,3
2021-06-16,Mono,051,14174,1258,1275,15,1290,3
2021-06-16,Monterey,053,433212,43253,43122,1910,45032,416
2021-06-16,Napa,055,140530,10002,10011,38,10049,80
2021-06-16,Nevada,057,99092,4937,4894,202,5096,72
2021-06-16,Orange,059,3164182,256269,255188,11527,266715,5109
2021-06-16,Placer,061,380077,23673,23425,1546,24971,298
2021-06-16,Plumas,063,18699,713,697,11,708,4
2021-06-16,Riverside,065,2383286,293351,289539,14123,303662,4457
2021-06-16,Sacramento,067,1510023,107689,107422,1853,109275,1665
2021-06-16,San Benito,069,59416,6089,6090,116,6206,63
2021-06-16,San Bernardino,071,2135413,294164,293499,9112,302611,4797
2021-06-16,San Diego,073,3302833,282229,281423,15178,296601,3770
2021-06-16,San Francisco,075,870044,36999,37222,1328,38550,555
2021-06-16,San Joaquin,077,732212,73822,73530,3667,77197,1399
2021-06-16,San Luis Obispo,079,281455,21420,21294,763,22057,257
2021-06-16,San Mateo,081,765935,42644,42601,482,43083,542
2021-06-16,Santa Barbara,083,443738,35106,34459,1219,35678,460
2021-06-16,Santa Clara,085,1922200,119226,119982,787,120769,2087
2021-06-16,Santa Cruz,087,273765,16286,16187,834,17021,208
2021-06-16,Shasta,089,179085,12566,12592,1644,14236,200
2021-06-16,Sierra,091,2930,61,56,13,69,0
2021-06-16,Siskiyou,093,43540,1957,1886,372,2258,26
2021-06-16,Solano,095,438530,33281,33276,568,33844,266
2021-06-16,Sonoma,097,501317,30685,30741,361,31102,323
2021-06-16,Stanislaus,099,539301,57023,56738,6058,62796,984
2021-06-16,Sutter,101,95872,9636,9620,92,9712,113
2021-06-16,Tehama,103,63373,5127,5106,593,5699,63
2021-06-16,Trinity,105,12862,485,332,91,423,3
2021-06-16,Tulare,107,460477,50365,49578,9259,58837,849
2021-06-16,Tuolumne,109,53932,4110,4110,39,4149,63
2021-06-16,Ventura,111,848112,81664,81229,3036,84265,1029
2021-06-16,Yolo,113,214977,14114,14135,349,14484,212
2021-06-16,Yuba,115,75493,6169,6134,133,6267,51
2021-06-15,Alameda,001,1643700,89017,89008,2014,91022,1262
2021-06-15,Alpine,003,1148,89,88,0,88,0
2021-06-15,Amador,005,37829,3737,3723,33,3756,46
2021-06-15,Butte,007,227075,12739,12620,1873,14493,194
2021-06-15,Calaveras,009,45235,2188,2188,14,2202,55
2021-06-15,Colusa,011,21464,1962,1967,320,2287,15
2021-06-15,Contra Costa,013,1133247,70550,70101,1327,71428,810
2021-06-15,Del Norte,015,27424,1437,1411,14,1425,8
2021-06-15,El Dorado,017,186661,10392,10330,750,11080,113
2021-06-15,Fresno,019,978130,103270,102828,8830,111658,1722
2021-06-15,Glenn,021,27897,2440,2426,571,2997,19
2021-06-15,Humboldt,023,135768,4436,4414,40,4454,42
2021-06-15,Imperial,025,180216,28731,28789,2811,31600,741
2021-06-15,Inyo,027,18085,1407,1405,24,1429,35
2021-06-15,Kern,029,883053,97729,96782,11162,107944,1338
2021-06-15,Kings,031,150075,23213,23070,1117,24187,245
2021-06-15,Lake,033,64148,3569,3559,11,3570,45
2021-06-15,Lassen,035,31185,5253,5211,118,5329,19
2021-06-15,Los Angeles,037,10098052,1208276,1204926,42144,1247070,24435
2021-06-15,Madera,039,155013,16734,16600,953,17553,240
2021-06-15,Marin,041,260295,14147,14135,271,14406,229
2021-06-15,Mariposa,043,17540,438,437,12,449,5
2021-06-15,Mendocino,045,87422,4117,4034,77,4111,49
2021-06-15,Merced,047,269075,31230,31244,1006,32250,461
2021-06-15,Modoc,049,8938,410,383,146,529,3
2021-06-15,Mono,051,14174,1258,1275,15,1290,3
2021-06-15,Monterey,053,433212,43247,43118,1910,45028,416
2021-06-15,Napa,055,140530,10000,10010,38,10048,80
2021-06-15,Nevada,057,99092,4934,4888,202,5090,72
2021-06-15,Orange,059,3164182,256230,255127,11518,266645,5105
2021-06-15,Placer,061,380077,23651,23396,1545,24941,298
2021-06-15,Plumas,063,18699,712,697,11,708,4
2021-06-15,Riverside,065,2383286,293291,289508,14119,303627,4455
2021-06-15,Sacramento,067,1510023,107614,107370,1846,109216,1662
2021-06-15,San Benito,069,59416,6088,6089,116,6205,63
2021-06-15,San Bernardino,071,2135413,294114,293463,9106,302569,4790
2021-06-15,San Diego,073,3302833,282145,281375,15164,296539,3770
2021-06-15,San Francisco,075,870044,36990,37210,1327,38537,555
2021-06-15,San Joaquin,077,732212,73782,73494,3662,77156,1399
2021-06-15,San Luis Obispo,079,281455,21415,21293,762,22055,257
2021-06-15,San Mateo,081,765935,42631,42593,482,43075,543
2021-06-15,Santa Barbara,083,443738,35101,34451,1219,35670,460
2021-06-15,Santa Clara,085,1922200,119188,119963,787,120750,2086
2021-06-15,Santa Cruz,087,273765,16279,16180,833,17013,208
2021-06-15,Shasta,089,179085,12560,12583,1644,14227,201
2021-06-15,Sierra,091,2930,60,55,13,68,0
2021-06-15,Siskiyou,093,43540,1956,1887,372,2259,26
2021-06-15,Solano,095,438530,33262,33264,568,33832,266
2021-06-15,Sonoma,097,501317,30646,30707,360,31067,323
2021-06-15,Stanislaus,099,539301,56994,56724,6054,62778,979
2021-06-15,Sutter,101,95872,9627,9616,92,9708,113
2021-06-15,Tehama,103,63373,5125,5102,593,5695,63
2021-06-15,Trinity,105,12862,484,332,91,423,3
2021-06-15,Tulare,107,460477,50358,49561,9256,58817,848
2021-06-15,Tuolumne,109,53932,4110,4111,39,4150,63
2021-06-15,Ventura,111,848112,81653,81215,3033,84248,1029
2021-06-15,Yolo,113,214977,14110,14127,347,14474,212
2021-06-15,Yuba,115,75493,6158,6130,133,6263,51
2021-06-14,Alameda,001,1643700,88967,88966,2013,90979,1264
2021-06-14,Alpine,003,1148,89,88,0,88,0
2021-06-14,Amador,005,37829,3736,3722,33,3755,46
2021-06-14,Butte,007,227075,12728,12613,1869,14482,194
2021-06-14,Calaveras,009,45235,2186,2190,14,2204,55
2021-06-14,Colusa,011,21464,1961,1966,320,2286,15
2021-06-14,Contra Costa,013,1133247,70497,70069,1325,71394,810
2021-06-14,Del Norte,015,27424,1437,1411,14,1425,8
2021-06-14,El Dorado,017,186661,10383,10327,749,11076,113
2021-06-14,Fresno,019,978130,103248,102812,8828,111640,1719
2021-06-14,Glenn,021,27897,2440,2426,571,2997,19
2021-06-14,Humboldt,023,135768,4428,4407,39,4446,42
2021-06-14,Imperial,025,180216,28719,28836,2811,31647,741
2021-06-14,Inyo,027,18085,1406,1405,24,1429,35
2021-06-14,Kern,029,883053,97709,96760,11152,107912,1337
2021-06-14,Kings,031,150075,23210,23071,1116,24187,245
2021-06-14,Lake,033,64148,3568,3557,11,3568,45
2021-06-14,Lassen,035,31185,5250,5209,117,5326,19
2021-06-14,Los Angeles,037,10098052,1208042,1204748,42134,1246882,24434
2021-06-14,Madera,039,155013,16728,16597,952,17549,240
2021-06-14,Marin,041,260295,14145,14133,271,14404,229
2021-06-14,Mariposa,043,17540,437,437,12,449,5
2021-06-14,Mendocino,045,87422,4111,4028,77,4105,49
2021-06-14,Merced,047,269075,31221,31241,1005,32246,461
2021-06-14,Modoc,049,8938,401,382,144,526,3
2021-06-14,Mono,051,14174,1258,1275,15,1290,3
2021-06-14,Monterey,053,433212,43244,43110,1910,45020,415
2021-06-14,Napa,055,140530,9996,10000,38,10038,80
2021-06-14,Nevada,057,99092,4927,4885,202,5087,72
2021-06-14,Orange,059,3164182,256192,255069,11514,266583,5103
2021-06-14,Placer,061,380077,23626,23379,1544,24923,298
2021-06-14,Plumas,063,18699,712,696,11,707,4
2021-06-14,Riverside,065,2383286,293237,289476,14119,303595,4453
2021-06-14,Sacramento,067,1510023,107560,107334,1841,109175,1661
2021-06-14,San Benito,069,59416,6088,6087,116,6203,63
2021-06-14,San Bernardino,071,2135413,294058,293446,9102,302548,4790
2021-06-14,San Diego,073,3302833,282039,281314,15144,296458,3770
2021-06-14,San Francisco,075,870044,36977,37206,1327,38533,555
2021-06-14,San Joaquin,077,732212,73753,73453,3662,77115,1398
2021-06-14,San Luis Obispo,079,281455,21413,21302,762,22064,256
2021-06-14,San Mateo,081,765935,42617,42619,481,43100,543
2021-06-14,Santa Barbara,083,443738,35098,34449,1219,35668,460
2021-06-14,Santa Clara,085,1922200,119157,119957,786,120743,2085
2021-06-14,Santa Cruz,087,273765,16277,16175,833,17008,208
2021-06-14,Shasta,089,179085,12549,12561,1641,14202,201
2021-06-14,Sierra,091,2930,59,55,13,68,0
2021-06-14,Siskiyou,093,43540,1956,1886,372,2258,26
2021-06-14,Solano,095,438530,33245,33243,567,33810,266
2021-06-14,Sonoma,097,501317,30614,30679,359,31038,323
2021-06-14,Stanislaus,099,539301,56957,56689,6051,62740,975
2021-06-14,Sutter,101,95872,9624,9607,92,9699,112
2021-06-14,Tehama,103,63373,5123,5102,593,5695,63
2021-06-14,Trinity,105,12862,484,332,91,423,3
2021-06-14,Tulare,107,460477,50353,49538,9253,58791,848
2021-06-14,Tuolumne,109,53932,4107,4108,39,4147,63
2021-06-14,Ventura,111,848112,81643,81209,3033,84242,1028
2021-06-14,Yolo,113,214977,14102,14123,347,14470,212
2021-06-14,Yuba,115,75493,6151,6127,133,6260,50
2021-06-13,Alameda,001,1643700,88911,88947,2011,90958,1264
2021-06-13,Alpine,003,1148,88,88,0,88,0
2021-06-13,Amador,005,37829,3732,3721,33,3754,46
2021-06-13,Butte,007,227075,12717,12586,1866,14452,194
2021-06-13,Calaveras,009,45235,2186,2189,14,2203,55
2021-06-13,Colusa,011,21464,1961,1965,319,2284,15
2021-06-13,Contra Costa,013,1133247,70443,70040,1323,71363,810
2021-06-13,Del Norte,015,27424,1435,1412,14,1426,8
2021-06-13,El Dorado,017,186661,10374,10324,749,11073,113
2021-06-13,Fresno,019,978130,103217,102795,8823,111618,1719
2021-06-13,Glenn,021,27897,2439,2425,569,2994,19
2021-06-13,Humboldt,023,135768,4415,4401,39,4440,42
2021-06-13,Imperial,025,180216,28710,28800,2811,31611,741
2021-06-13,Inyo,027,18085,1406,1405,24,1429,35
2021-06-13,Kern,029,883053,97685,96743,11140,107883,1337
2021-06-13,Kings,031,150075,23205,23069,1115,24184,245
2021-06-13,Lake,033,64148,3568,3556,11,3567,45
2021-06-13,Lassen,035,31185,5245,5209,117,5326,19
2021-06-13,Los Angeles,037,10098052,1207781,1204614,42121,1246735,24433
2021-06-13,Madera,039,155013,16714,16590,952,17542,240
2021-06-13,Marin,041,260295,14139,14126,271,14397,229
2021-06-13,Mariposa,043,17540,437,434,12,446,5
2021-06-13,Mendocino,045,87422,4104,4026,77,4103,49
2021-06-13,Merced,047,269075,31215,31240,1004,32244,461
2021-06-13,Modoc,049,8938,399,382,142,524,3
2021-06-13,Mono,051,14174,1258,1275,15,1290,3
2021-06-13,Monterey,053,433212,43236,43108,1910,45018,415
2021-06-13,Napa,055,140530,9990,9995,38,10033,80
2021-06-13,Nevada,057,99092,4922,4883,202,5085,72
2021-06-13,Orange,059,3164182,256136,255043,11512,266555,5103
2021-06-13,Placer,061,380077,23600,23365,1542,24907,295
2021-06-13,Plumas,063,18699,711,696,11,707,4
2021-06-13,Riverside,065,2383286,293170,289447,14116,303563,4453
2021-06-13,Sacramento,067,1510023,107484,107289,1838,109127,1658
2021-06-13,San Benito,069,59416,6088,6086,116,6202,63
2021-06-13,San Bernardino,071,2135413,294007,293416,9097,302513,4788
2021-06-13,San Diego,073,3302833,281960,281268,15128,296396,3770
2021-06-13,San Francisco,075,870044,36966,37197,1327,38524,555
2021-06-13,San Joaquin,077,732212,73719,73438,3660,77098,1398
2021-06-13,San Luis Obispo,079,281455,21407,21298,761,22059,256
2021-06-13,San Mateo,081,765935,42604,42611,481,43092,542
2021-06-13,Santa Barbara,083,443738,35087,34449,1218,35667,460
2021-06-13,Santa Clara,085,1922200,119133,119946,786,120732,2085
2021-06-13,Santa Cruz,087,273765,16270,16172,833,17005,208
2021-06-13,Shasta,089,179085,12540,12560,1640,14200,201
2021-06-13,Sierra,091,2930,59,55,13,68,0
2021-06-13,Siskiyou,093,43540,1955,1885,372,2257,26
2021-06-13,Solano,095,438530,33223,33234,567,33801,266
2021-06-13,Sonoma,097,501317,30579,30663,357,31020,323
2021-06-13,Stanislaus,099,539301,56930,56671,6050,62721,975
2021-06-13,Sutter,101,95872,9617,9603,92,9695,112
2021-06-13,Tehama,103,63373,5121,5100,593,5693,63
2021-06-13,Trinity,105,12862,483,332,91,423,3
2021-06-13,Tulare,107,460477,50344,49537,9248,58785,848
2021-06-13,Tuolumne,109,53932,4105,4107,38,4145,63
2021-06-13,Ventura,111,848112,81629,81201,3033,84234,1028
2021-06-13,Yolo,113,214977,14095,14120,345,14465,212
2021-06-13,Yuba,115,75493,6144,6125,133,6258,50
2021-06-12,Alameda,001,1643700,88882,88901,2011,90912,1271
2021-06-12,Alpine,003,1148,88,88,0,88,0
2021-06-12,Amador,005,37829,3731,3721,33,3754,46
2021-06-12,Butte,007,227075,12713,12576,1866,14442,194
2021-06-12,Calaveras,009,45235,2186,2189,14,2203,55
2021-06-12,Colusa,011,21464,1961,1965,319,2284,15
2021-06-12,Contra Costa,013,1133247,70412,69989,1320,71309,810
2021-06-12,Del Norte,015,27424,1435,1412,14,1426,8
2021-06-12,El Dorado,017,186661,10369,10320,748,11068,113
2021-06-12,Fresno,019,978130,103207,102783,8822,111605,1720
2021-06-12,Glenn,021,27897,2437,2425,569,2994,19
2021-06-12,Humboldt,023,135768,4407,4396,39,4435,42
2021-06-12,Imperial,025,180216,28707,28799,2811,31610,741
2021-06-12,Inyo,027,18085,1406,1405,24,1429,35
2021-06-12,Kern,029,883053,97670,96731,11136,107867,1337
2021-06-12,Kings,031,150075,23203,23067,1115,24182,245
2021-06-12,Lake,033,64148,3567,3552,11,3563,45
2021-06-12,Lassen,035,31185,5245,5208,117,5325,19
2021-06-12,Los Angeles,037,10098052,1207644,1204439,42114,1246553,24434
2021-06-12,Madera,039,155013,16710,16586,952,17538,240
2021-06-12,Marin,041,260295,14136,14121,271,14392,229
2021-06-12,Mariposa,043,17540,437,434,12,446,5
2021-06-12,Mendocino,045,87422,4101,4024,77,4101,49
2021-06-12,Merced,047,269075,31212,31236,1004,32240,461
2021-06-12,Modoc,049,8938,398,382,142,524,3
2021-06-12,Mono,051,14174,1258,1275,15,1290,3
2021-06-12,Monterey,053,433212,43231,43103,1910,45013,415
2021-06-12,Napa,055,140530,9986,9986,38,10024,80
2021-06-12,Nevada,057,99092,4916,4878,202,5080,72
2021-06-12,Orange,059,3164182,256103,255004,11510,266514,5103
2021-06-12,Placer,061,380077,23581,23345,1542,24887,295
2021-06-12,Plumas,063,18699,711,696,11,707,4
2021-06-12,Riverside,065,2383286,293128,289413,14113,303526,4453
2021-06-12,Sacramento,067,1510023,107423,107199,1835,109034,1658
2021-06-12,San Benito,069,59416,6086,6083,116,6199,63
2021-06-12,San Bernardino,071,2135413,293973,293375,9095,302470,4788
2021-06-12,San Diego,073,3302833,281903,281203,15119,296322,3770
2021-06-12,San Francisco,075,870044,36956,37189,1327,38516,555
2021-06-12,San Joaquin,077,732212,73700,73413,3659,77072,1398
2021-06-12,San Luis Obispo,079,281455,21404,21293,761,22054,256
2021-06-12,San Mateo,081,765935,42599,42604,481,43085,542
2021-06-12,Santa Barbara,083,443738,35083,34450,1218,35668,460
2021-06-12,Santa Clara,085,1922200,119093,119894,786,120680,2085
2021-06-12,Santa Cruz,087,273765,16262,16170,833,17003,208
2021-06-12,Shasta,089,179085,12537,12556,1639,14195,201
2021-06-12,Sierra,091,2930,59,55,13,68,0
2021-06-12,Siskiyou,093,43540,1954,1884,372,2256,25
2021-06-12,Solano,095,438530,33214,33219,567,33786,266
2021-06-12,Sonoma,097,501317,30550,30647,356,31003,323
2021-06-12,Stanislaus,099,539301,56913,56649,6049,62698,974
2021-06-12,Sutter,101,95872,9613,9603,92,9695,112
2021-06-12,Tehama,103,63373,5121,5099,592,5691,63
2021-06-12,Trinity,105,12862,483,332,91,423,3
2021-06-12,Tulare,107,460477,50339,49533,9241,58774,848
2021-06-12,Tuolumne,109,53932,4104,4105,38,4143,63
2021-06-12,Ventura,111,848112,81617,81197,3033,84230,1028
2021-06-12,Yolo,113,214977,14092,14118,343,14461,212
2021-06-12,Yuba,115,75493,6139,6120,133,6253,50
2021-06-11,Alameda,001,1643700,88854,88844,2011,90855,1278
2021-06-11,Alpine,003,1148,88,88,0,88,0
2021-06-11,Amador,005,37829,3731,3710,33,3743,46
2021-06-11,Butte,007,227075,12709,12576,1864,14440,194
2021-06-11,Calaveras,009,45235,2186,2188,14,2202,55
2021-06-11,Colusa,011,21464,1960,1964,319,2283,15
2021-06-11,Contra Costa,013,1133247,70379,69940,1318,71258,808
2021-06-11,Del Norte,015,27424,1435,1409,14,1423,8
2021-06-11,El Dorado,017,186661,10366,10316,748,11064,113
2021-06-11,Fresno,019,978130,103189,102770,8821,111591,1720
2021-06-11,Glenn,021,27897,2437,2425,569,2994,19
2021-06-11,Humboldt,023,135768,4403,4389,39,4428,42
2021-06-11,Imperial,025,180216,28702,28793,2811,31604,741
2021-06-11,Inyo,027,18085,1406,1405,24,1429,35
2021-06-11,Kern,029,883053,97658,96718,11132,107850,1340
2021-06-11,Kings,031,150075,23199,23069,1114,24183,245
2021-06-11,Lake,033,64148,3566,3550,11,3561,45
2021-06-11,Lassen,035,31185,5244,5204,117,5321,18
2021-06-11,Los Angeles,037,10098052,1207498,1204259,42100,1246359,24434
2021-06-11,Madera,039,155013,16707,16582,952,17534,240
2021-06-11,Marin,041,260295,14133,14116,271,14387,229
2021-06-11,Mariposa,043,17540,437,434,12,446,5
2021-06-11,Mendocino,045,87422,4098,4022,77,4099,49
2021-06-11,Merced,047,269075,31207,31231,1004,32235,461
2021-06-11,Modoc,049,8938,398,382,141,523,3
2021-06-11,Mono,051,14174,1258,1274,15,1289,3
2021-06-11,Monterey,053,433212,43227,43097,1910,45007,415
2021-06-11,Napa,055,140530,9983,9977,38,10015,80
2021-06-11,Nevada,057,99092,4914,4873,202,5075,72
2021-06-11,Orange,059,3164182,256069,254975,11507,266482,5101
2021-06-11,Placer,061,380077,23576,23330,1542,24872,294
2021-06-11,Plumas,063,18699,711,696,11,707,4
2021-06-11,Riverside,065,2383286,293090,289376,14110,303486,4451
2021-06-11,Sacramento,067,1510023,107363,107119,1834,108953,1659
2021-06-11,San Benito,069,59416,6085,6082,116,6198,63
2021-06-11,San Bernardino,071,2135413,293937,293335,9091,302426,4788
2021-06-11,San Diego,073,3302833,281863,281144,15112,296256,3768
2021-06-11,San Francisco,075,870044,36951,37177,1327,38504,555
2021-06-11,San Joaquin,077,732212,73683,73347,3656,77003,1397
2021-06-11,San Luis Obispo,079,281455,21403,21288,761,22049,256
2021-06-11,San Mateo,081,765935,42585,42585,481,43066,542
2021-06-11,Santa Barbara,083,443738,35080,34438,1218,35656,460
2021-06-11,Santa Clara,085,1922200,119073,119860,786,120646,2083
2021-06-11,Santa Cruz,087,273765,16254,16164,833,16997,208
2021-06-11,Shasta,089,179085,12529,12550,1637,14187,201
2021-06-11,Sierra,091,2930,59,55,13,68,0
2021-06-11,Siskiyou,093,43540,1953,1882,372,2254,25
2021-06-11,Solano,095,438530,33194,33179,566,33745,266
2021-06-11,Sonoma,097,501317,30532,30624,356,30980,323
2021-06-11,Stanislaus,099,539301,56887,56617,6045,62662,974
2021-06-11,Sutter,101,95872,9610,9600,91,9691,112
2021-06-11,Tehama,103,63373,5120,5099,592,5691,63
2021-06-11,Trinity,105,12862,483,331,91,422,3
2021-06-11,Tulare,107,460477,50333,49516,9240,58756,848
2021-06-11,Tuolumne,109,53932,4101,4104,38,4142,63
2021-06-11,Ventura,111,848112,81607,81189,3033,84222,1026
2021-06-11,Yolo,113,214977,14085,14111,339,14450,212
2021-06-11,Yuba,115,75493,6135,6113,133,6246,50
2021-06-10,Alameda,001,1643700,88808,88806,2010,90816,1275
2021-06-10,Alpine,003,1148,88,88,0,88,0
2021-06-10,Amador,005,37829,3727,3709,33,3742,46
2021-06-10,Butte,007,227075,12692,12565,1864,14429,194
2021-06-10,Calaveras,009,45235,2185,2188,14,2202,55
2021-06-10,Colusa,011,21464,1958,1964,319,2283,15
2021-06-10,Contra Costa,013,1133247,70325,69876,1318,71194,807
2021-06-10,Del Norte,015,27424,1435,1405,14,1419,8
2021-06-10,El Dorado,017,186661,10359,10314,744,11058,113
2021-06-10,Fresno,019,978130,103164,102724,8820,111544,1717
2021-06-10,Glenn,021,27897,2437,2425,569,2994,19
2021-06-10,Humboldt,023,135768,4395,4384,39,4423,42
2021-06-10,Imperial,025,180216,28696,28779,2811,31590,739
2021-06-10,Inyo,027,18085,1406,1405,24,1429,35
2021-06-10,Kern,029,883053,97644,96706,11127,107833,1336
2021-06-10,Kings,031,150075,23198,23067,1114,24181,245
2021-06-10,Lake,033,64148,3561,3550,11,3561,45
2021-06-10,Lassen,035,31185,5242,5201,117,5318,18
2021-06-10,Los Angeles,037,10098052,1207335,1204110,42083,1246193,24440
2021-06-10,Madera,039,155013,16700,16581,951,17532,240
2021-06-10,Marin,041,260295,14130,14118,271,14389,229
2021-06-10,Mariposa,043,17540,435,434,12,446,5
2021-06-10,Mendocino,045,87422,4093,4016,77,4093,48
2021-06-10,Merced,047,269075,31199,31231,1001,32232,461
2021-06-10,Modoc,049,8938,397,381,141,522,3
2021-06-10,Mono,051,14174,1257,1274,15,1289,3
2021-06-10,Monterey,053,433212,43221,43090,1910,45000,415
2021-06-10,Napa,055,140530,9982,9974,38,10012,80
2021-06-10,Nevada,057,99092,4909,4866,202,5068,72
2021-06-10,Orange,059,3164182,256039,254950,11500,266450,5097
2021-06-10,Placer,061,380077,23563,23296,1542,24838,293
2021-06-10,Plumas,063,18699,711,696,11,707,4
2021-06-10,Riverside,065,2383286,293049,289335,14105,303440,4450
2021-06-10,Sacramento,067,1510023,107301,107049,1834,108883,1658
2021-06-10,San Benito,069,59416,6085,6079,116,6195,63
2021-06-10,San Bernardino,071,2135413,293896,293281,9088,302369,4782
2021-06-10,San Diego,073,3302833,281805,281052,15095,296147,3766
2021-06-10,San Francisco,075,870044,36941,37159,1325,38484,552
2021-06-10,San Joaquin,077,732212,73649,73276,3655,76931,1393
2021-06-10,San Luis Obispo,079,281455,21400,21280,761,22041,256
2021-06-10,San Mateo,081,765935,42578,42562,481,43043,666
2021-06-10,Santa Barbara,083,443738,35076,34434,1218,35652,460
2021-06-10,Santa Clara,085,1922200,119038,119832,785,120617,2075
2021-06-10,Santa Cruz,087,273765,16253,16159,833,16992,208
2021-06-10,Shasta,089,179085,12519,12536,1636,14172,201
2021-06-10,Sierra,091,2930,58,55,13,68,0
2021-06-10,Siskiyou,093,43540,1953,1881,372,2253,25
2021-06-10,Solano,095,438530,33177,33150,565,33715,265
2021-06-10,Sonoma,097,501317,30497,30571,354,30925,323
2021-06-10,Stanislaus,099,539301,56866,56588,6041,62629,974
2021-06-10,Sutter,101,95872,9603,9594,91,9685,112
2021-06-10,Tehama,103,63373,5120,5096,592,5688,63
2021-06-10,Trinity,105,12862,483,331,91,422,3
2021-06-10,Tulare,107,460477,50325,49503,9240,58743,848
2021-06-10,Tuolumne,109,53932,4101,4100,38,4138,63
2021-06-10,Ventura,111,848112,81596,81172,3032,84204,1026
2021-06-10,Yolo,113,214977,14082,14107,339,14446,212
2021-06-10,Yuba,115,75493,6131,6112,133,6245,50
2021-06-09,Alameda,001,1643700,88762,88762,2008,90770,1271
2021-06-09,Alpine,003,1148,88,88,0,88,0
2021-06-09,Amador,005,37829,3723,3706,33,3739,46
2021-06-09,Butte,007,227075,12686,12555,1862,14417,194
2021-06-09,Calaveras,009,45235,2183,2184,14,2198,55
2021-06-09,Colusa,011,21464,1958,1962,318,2280,15
2021-06-09,Contra Costa,013,1133247,70288,69829,1317,71146,803
2021-06-09,Del Norte,015,27424,1431,1403,14,1417,8
2021-06-09,El Dorado,017,186661,10356,10312,743,11055,113
2021-06-09,Fresno,019,978130,103144,102690,8816,111506,1717
2021-06-09,Glenn,021,27897,2436,2424,569,2993,19
2021-06-09,Humboldt,023,135768,4390,4379,38,4417,42
2021-06-09,Imperial,025,180216,28693,28754,2811,31565,739
2021-06-09,Inyo,027,18085,1406,1405,24,1429,35
2021-06-09,Kern,029,883053,97630,96697,11118,107815,1328
2021-06-09,Kings,031,150075,23196,23061,1114,24175,245
2021-06-09,Lake,033,64148,3558,3541,11,3552,45
2021-06-09,Lassen,035,31185,5241,5200,117,5317,18
2021-06-09,Los Angeles,037,10098052,1207151,1203955,42072,1246027,24432
2021-06-09,Madera,039,155013,16695,16580,951,17531,240
2021-06-09,Marin,041,260295,14125,14114,271,14385,229
2021-06-09,Mariposa,043,17540,435,434,12,446,5
2021-06-09,Mendocino,045,87422,4087,4008,77,4085,47
2021-06-09,Merced,047,269075,31195,31225,1001,32226,461
2021-06-09,Modoc,049,8938,395,377,140,517,3
2021-06-09,Mono,051,14174,1257,1274,15,1289,3
2021-06-09,Monterey,053,433212,43214,43082,1910,44992,415
2021-06-09,Napa,055,140530,9976,9971,38,10009,80
2021-06-09,Nevada,057,99092,4899,4863,201,5064,72
2021-06-09,Orange,059,3164182,255994,254893,11496,266389,5080
2021-06-09,Placer,061,380077,23544,23237,1542,24779,293
2021-06-09,Plumas,063,18699,710,697,11,708,4
2021-06-09,Riverside,065,2383286,293004,289299,14103,303402,4450
2021-06-09,Sacramento,067,1510023,107239,106971,1831,108802,1657
2021-06-09,San Benito,069,59416,6082,6078,116,6194,63
2021-06-09,San Bernardino,071,2135413,293854,293222,9088,302310,4782
2021-06-09,San Diego,073,3302833,281740,280941,15083,296024,3765
2021-06-09,San Francisco,075,870044,36928,37143,1324,38467,552
2021-06-09,San Joaquin,077,732212,73623,73232,3654,76886,1392
2021-06-09,San Luis Obispo,079,281455,21399,21259,761,22020,256
2021-06-09,San Mateo,081,765935,42562,42502,480,42982,666
2021-06-09,Santa Barbara,083,443738,35065,34422,1218,35640,460
2021-06-09,Santa Clara,085,1922200,119000,119793,784,120577,2068
2021-06-09,Santa Cruz,087,273765,16250,16155,833,16988,208
2021-06-09,Shasta,089,179085,12509,12521,1634,14155,201
2021-06-09,Sierra,091,2930,57,55,13,68,0
2021-06-09,Siskiyou,093,43540,1952,1871,372,2243,25
2021-06-09,Solano,095,438530,33161,33137,564,33701,264
2021-06-09,Sonoma,097,501317,30475,30540,354,30894,323
2021-06-09,Stanislaus,099,539301,56846,56560,6038,62598,974
2021-06-09,Sutter,101,95872,9594,9586,90,9676,111
2021-06-09,Tehama,103,63373,5119,5093,592,5685,63
2021-06-09,Trinity,105,12862,482,331,91,422,3
2021-06-09,Tulare,107,460477,50321,49496,9238,58734,847
2021-06-09,Tuolumne,109,53932,4098,4100,38,4138,63
2021-06-09,Ventura,111,848112,81586,81154,3031,84185,1026
2021-06-09,Yolo,113,214977,14080,14102,338,14440,212
2021-06-09,Yuba,115,75493,6127,6109,133,6242,50
2021-06-08,Alameda,001,1643700,88714,88731,2008,90739,1267
2021-06-08,Alpine,003,1148,88,88,0,88,0
2021-06-08,Amador,005,37829,3722,3704,33,3737,46
2021-06-08,Butte,007,227075,12680,12540,1859,14399,194
2021-06-08,Calaveras,009,45235,2182,2181,14,2195,55
2021-06-08,Colusa,011,21464,1958,1961,318,2279,15
2021-06-08,Contra Costa,013,1133247,70240,69762,1316,71078,803
2021-06-08,Del Norte,015,27424,1429,1402,14,1416,8
2021-06-08,El Dorado,017,186661,10351,10306,741,11047,113
2021-06-08,Fresno,019,978130,103118,102680,8814,111494,1717
2021-06-08,Glenn,021,27897,2435,2423,569,2992,19
2021-06-08,Humboldt,023,135768,4385,4363,38,4401,42
2021-06-08,Imperial,025,180216,28684,28752,2811,31563,738
2021-06-08,Inyo,027,18085,1406,1405,24,1429,35
2021-06-08,Kern,029,883053,97611,96671,11111,107782,1325
2021-06-08,Kings,031,150075,23195,23036,1114,24150,245
2021-06-08,Lake,033,64148,3557,3540,11,3551,45
2021-06-08,Lassen,035,31185,5241,5200,117,5317,18
2021-06-08,Los Angeles,037,10098052,1206957,1203794,42061,1245855,24426
2021-06-08,Madera,039,155013,16689,16579,950,17529,240
2021-06-08,Marin,041,260295,14123,14111,270,14381,229
2021-06-08,Mariposa,043,17540,435,434,12,446,5
2021-06-08,Mendocino,045,87422,4080,4002,77,4079,47
2021-06-08,Merced,047,269075,31187,31225,1001,32226,461
2021-06-08,Modoc,049,8938,389,377,139,516,3
2021-06-08,Mono,051,14174,1257,1274,15,1289,3
2021-06-08,Monterey,053,433212,43208,43078,1909,44987,415
2021-06-08,Napa,055,140530,9972,9962,38,10000,80
2021-06-08,Nevada,057,99092,4894,4861,201,5062,72
2021-06-08,Orange,059,3164182,255952,254852,11489,266341,5078
2021-06-08,Placer,061,380077,23526,23209,1538,24747,293
2021-06-08,Plumas,063,18699,710,692,11,703,4
2021-06-08,Riverside,065,2383286,292968,289268,14095,303363,4452
2021-06-08,Sacramento,067,1510023,107177,106901,1828,108729,1654
2021-06-08,San Benito,069,59416,6080,6076,116,6192,63
2021-06-08,San Bernardino,071,2135413,293804,293186,9084,302270,4778
2021-06-08,San Diego,073,3302833,281678,280879,15074,295953,3764
2021-06-08,San Francisco,075,870044,36913,37134,1323,38457,552
2021-06-08,San Joaquin,077,732212,73579,73186,3649,76835,1390
2021-06-08,San Luis Obispo,079,281455,21393,21251,760,22011,255
2021-06-08,San Mateo,081,765935,42549,42488,480,42968,663
2021-06-08,Santa Barbara,083,443738,35060,34418,1218,35636,459
2021-06-08,Santa Clara,085,1922200,118979,119770,783,120553,2068
2021-06-08,Santa Cruz,087,273765,16247,16160,833,16993,208
2021-06-08,Shasta,089,179085,12494,12498,1634,14132,201
2021-06-08,Sierra,091,2930,57,55,13,68,0
2021-06-08,Siskiyou,093,43540,1950,1870,370,2240,21
2021-06-08,Solano,095,438530,33140,33130,564,33694,259
2021-06-08,Sonoma,097,501317,30448,30523,352,30875,323
2021-06-08,Stanislaus,099,539301,56819,56548,6036,62584,973
2021-06-08,Sutter,101,95872,9591,9581,90,9671,111
2021-06-08,Tehama,103,63373,5116,5093,592,5685,63
2021-06-08,Trinity,105,12862,482,330,90,420,3
2021-06-08,Tulare,107,460477,50309,49485,9233,58718,847
2021-06-08,Tuolumne,109,53932,4095,4099,38,4137,63
2021-06-08,Ventura,111,848112,81570,81142,3030,84172,1026
2021-06-08,Yolo,113,214977,14075,14099,337,14436,212
2021-06-08,Yuba,115,75493,6125,6103,133,6236,50
2021-06-07,Alameda,001,1643700,88656,88688,2008,90696,1267
2021-06-07,Alpine,003,1148,88,88,0,88,0
2021-06-07,Amador,005,37829,3712,3697,33,3730,46
2021-06-07,Butte,007,227075,12673,12533,1858,14391,194
2021-06-07,Calaveras,009,45235,2181,2181,14,2195,55
2021-06-07,Colusa,011,21464,1957,1960,318,2278,15
2021-06-07,Contra Costa,013,1133247,70183,69718,1315,71033,817
2021-06-07,Del Norte,015,27424,1429,1401,14,1415,8
2021-06-07,El Dorado,017,186661,10346,10305,741,11046,113
2021-06-07,Fresno,019,978130,103088,102659,8807,111466,1717
2021-06-07,Glenn,021,27897,2435,2423,569,2992,19
2021-06-07,Humboldt,023,135768,4377,4354,38,4392,42
2021-06-07,Imperial,025,180216,28682,28754,2811,31565,738
2021-06-07,Inyo,027,18085,1406,1404,24,1428,35
2021-06-07,Kern,029,883053,97595,96645,11104,107749,1324
2021-06-07,Kings,031,150075,23191,23023,1114,24137,244
2021-06-07,Lake,033,64148,3555,3540,11,3551,45
2021-06-07,Lassen,035,31185,5236,5198,117,5315,18
2021-06-07,Los Angeles,037,10098052,1206735,1203664,42047,1245711,24413
2021-06-07,Madera,039,155013,16682,16572,950,17522,240
2021-06-07,Marin,041,260295,14119,14108,269,14377,229
2021-06-07,Mariposa,043,17540,435,434,12,446,5
2021-06-07,Mendocino,045,87422,4074,3998,77,4075,47
2021-06-07,Merced,047,269075,31175,31212,1000,32212,459
2021-06-07,Modoc,049,8938,388,375,136,511,3
2021-06-07,Mono,051,14174,1257,1275,15,1290,3
2021-06-07,Monterey,053,433212,43201,43077,1909,44986,415
2021-06-07,Napa,055,140530,9964,9962,38,10000,80
2021-06-07,Nevada,057,99092,4892,4860,201,5061,72
2021-06-07,Orange,059,3164182,255912,254808,11482,266290,5073
2021-06-07,Placer,061,380077,23507,23176,1536,24712,293
2021-06-07,Plumas,063,18699,710,692,11,703,4
2021-06-07,Riverside,065,2383286,292925,289232,14092,303324,4451
2021-06-07,Sacramento,067,1510023,107101,106841,1825,108666,1655
2021-06-07,San Benito,069,59416,6079,6074,116,6190,63
2021-06-07,San Bernardino,071,2135413,293766,293129,9083,302212,4775
2021-06-07,San Diego,073,3302833,281596,280808,15061,295869,3764
2021-06-07,San Francisco,075,870044,36897,37122,1323,38445,552
2021-06-07,San Joaquin,077,732212,73534,73130,3642,76772,1388
2021-06-07,San Luis Obispo,079,281455,21380,21252,760,22012,255
2021-06-07,San Mateo,081,765935,42533,42479,480,42959,664
2021-06-07,Santa Barbara,083,443738,35054,34407,1218,35625,459
2021-06-07,Santa Clara,085,1922200,118947,119743,783,120526,2066
2021-06-07,Santa Cruz,087,273765,16245,16159,833,16992,208
2021-06-07,Shasta,089,179085,12480,12483,1629,14112,200
2021-06-07,Sierra,091,2930,57,55,13,68,0
2021-06-07,Siskiyou,093,43540,1950,1869,370,2239,21
2021-06-07,Solano,095,438530,33118,33124,563,33687,258
2021-06-07,Sonoma,097,501317,30412,30504,351,30855,323
2021-06-07,Stanislaus,099,539301,56785,56521,6034,62555,972
2021-06-07,Sutter,101,95872,9587,9571,90,9661,111
2021-06-07,Tehama,103,63373,5112,5092,592,5684,63
2021-06-07,Trinity,105,12862,482,329,90,419,3
2021-06-07,Tulare,107,460477,50303,49471,9233,58704,847
2021-06-07,Tuolumne,109,53932,4094,4098,38,4136,63
2021-06-07,Ventura,111,848112,81553,81137,3029,84166,1025
2021-06-07,Yolo,113,214977,14070,14097,336,14433,211
2021-06-07,Yuba,115,75493,6123,6099,130,6229,49
2021-06-06,Alameda,001,1643700,88617,88636,2007,90643,1267
2021-06-06,Alpine,003,1148,88,88,0,88,0
2021-06-06,Amador,005,37829,3709,3696,33,3729,46
2021-06-06,Butte,007,227075,12662,12527,1857,14384,194
2021-06-06,Calaveras,009,45235,2180,2181,14,2195,55
2021-06-06,Colusa,011,21464,1955,1959,318,2277,15
2021-06-06,Contra Costa,013,1133247,70118,69659,1313,70972,817
2021-06-06,Del Norte,015,27424,1424,1401,13,1414,8
2021-06-06,El Dorado,017,186661,10339,10294,741,11035,113
2021-06-06,Fresno,019,978130,103055,102642,8804,111446,1717
2021-06-06,Glenn,021,27897,2434,2423,569,2992,19
2021-06-06,Humboldt,023,135768,4366,4353,38,4391,42
2021-06-06,Imperial,025,180216,28676,28762,2811,31573,738
2021-06-06,Inyo,027,18085,1405,1404,24,1428,35
2021-06-06,Kern,029,883053,97577,96623,11097,107720,1324
2021-06-06,Kings,031,150075,23185,23021,1114,24135,244
2021-06-06,Lake,033,64148,3555,3535,11,3546,45
2021-06-06,Lassen,035,31185,5234,5191,117,5308,18
2021-06-06,Los Angeles,037,10098052,1206536,1203539,42035,1245574,24410
2021-06-06,Madera,039,155013,16675,16567,950,17517,240
2021-06-06,Marin,041,260295,14113,14106,268,14374,229
2021-06-06,Mariposa,043,17540,434,435,12,447,5
2021-06-06,Mendocino,045,87422,4070,3993,77,4070,47
2021-06-06,Merced,047,269075,31169,31215,999,32214,459
2021-06-06,Modoc,049,8938,388,375,135,510,3
2021-06-06,Mono,051,14174,1257,1275,15,1290,3
2021-06-06,Monterey,053,433212,43196,43078,1909,44987,415
2021-06-06,Napa,055,140530,9958,9963,38,10001,80
2021-06-06,Nevada,057,99092,4885,4854,200,5054,72
2021-06-06,Orange,059,3164182,255876,254782,11477,266259,5073
2021-06-06,Placer,061,380077,23482,23156,1533,24689,293
2021-06-06,Plumas,063,18699,710,692,11,703,4
2021-06-06,Riverside,065,2383286,292891,289201,14085,303286,4451
2021-06-06,Sacramento,067,1510023,107015,106749,1824,108573,1655
2021-06-06,San Benito,069,59416,6073,6074,116,6190,63
2021-06-06,San Bernardino,071,2135413,293710,293117,9074,302191,4773
2021-06-06,San Diego,073,3302833,281516,280743,15044,295787,3764
2021-06-06,San Francisco,075,870044,36885,37118,1322,38440,552
2021-06-06,San Joaquin,077,732212,73502,73105,3638,76743,1388
2021-06-06,San Luis Obispo,079,281455,21377,21246,760,22006,255
2021-06-06,San Mateo,081,765935,42516,42457,480,42937,664
2021-06-06,Santa Barbara,083,443738,35050,34403,1217,35620,459
2021-06-06,Santa Clara,085,1922200,118925,119711,783,120494,2066
2021-06-06,Santa Cruz,087,273765,16244,16158,833,16991,208
2021-06-06,Shasta,089,179085,12465,12478,1625,14103,200
2021-06-06,Sierra,091,2930,57,55,13,68,0
2021-06-06,Siskiyou,093,43540,1947,1869,370,2239,21
2021-06-06,Solano,095,438530,33091,33093,563,33656,258
2021-06-06,Sonoma,097,501317,30381,30478,350,30828,323
2021-06-06,Stanislaus,099,539301,56743,56486,6031,62517,972
2021-06-06,Sutter,101,95872,9580,9567,90,9657,111
2021-06-06,Tehama,103,63373,5108,5092,591,5683,63
2021-06-06,Trinity,105,12862,482,328,90,418,3
2021-06-06,Tulare,107,460477,50295,49466,9228,58694,847
2021-06-06,Tuolumne,109,53932,4092,4097,38,4135,63
2021-06-06,Ventura,111,848112,81542,81130,3026,84156,1025
2021-06-06,Yolo,113,214977,14062,14089,335,14424,210
2021-06-06,Yuba,115,75493,6115,6096,130,6226,49
2021-06-05,Alameda,001,1643700,88586,88612,2006,90618,1268
2021-06-05,Alpine,003,1148,88,88,0,88,0
2021-06-05,Amador,005,37829,3709,3694,33,3727,46
2021-06-05,Butte,007,227075,12656,12514,1856,14370,194
2021-06-05,Calaveras,009,45235,2180,2181,14,2195,55
2021-06-05,Colusa,011,21464,1955,1959,318,2277,15
2021-06-05,Contra Costa,013,1133247,70089,69601,1313,70914,817
2021-06-05,Del Norte,015,27424,1424,1400,13,1413,8
2021-06-05,El Dorado,017,186661,10337,10288,740,11028,113
2021-06-05,Fresno,019,978130,103046,102626,8804,111430,1717
2021-06-05,Glenn,021,27897,2433,2423,569,2992,19
2021-06-05,Humboldt,023,135768,4361,4346,38,4384,42
2021-06-05,Imperial,025,180216,28673,28764,2811,31575,738
2021-06-05,Inyo,027,18085,1405,1405,24,1429,35
2021-06-05,Kern,029,883053,97565,96597,11092,107689,1324
2021-06-05,Kings,031,150075,23182,23017,1114,24131,244
2021-06-05,Lake,033,64148,3552,3534,11,3545,45
2021-06-05,Lassen,035,31185,5233,5191,117,5308,18
2021-06-05,Los Angeles,037,10098052,1206409,1203338,42026,1245364,24411
2021-06-05,Madera,039,155013,16671,16563,950,17513,240
2021-06-05,Marin,041,260295,14111,14101,268,14369,229
2021-06-05,Mariposa,043,17540,434,435,12,447,5
2021-06-05,Mendocino,045,87422,4067,3989,77,4066,47
2021-06-05,Merced,047,269075,31167,31212,998,32210,459
2021-06-05,Modoc,049,8938,388,375,134,509,3
2021-06-05,Mono,051,14174,1257,1274,15,1289,3
2021-06-05,Monterey,053,433212,43192,43071,1908,44979,415
2021-06-05,Napa,055,140530,9953,9960,38,9998,80
2021-06-05,Nevada,057,99092,4883,4849,200,5049,72
2021-06-05,Orange,059,3164182,255852,254752,11474,266226,5069
2021-06-05,Placer,061,380077,23466,23133,1533,24666,293
2021-06-05,Plumas,063,18699,710,692,11,703,4
2021-06-05,Riverside,065,2383286,292856,289157,14081,303238,4451
2021-06-05,Sacramento,067,1510023,106963,106688,1821,108509,1655
2021-06-05,San Benito,069,59416,6071,6074,116,6190,63
2021-06-05,San Bernardino,071,2135413,293677,293081,9072,302153,4772
2021-06-05,San Diego,073,3302833,281475,280676,15031,295707,3764
2021-06-05,San Francisco,075,870044,36876,37111,1322,38433,552
2021-06-05,San Joaquin,077,732212,73486,73078,3632,76710,1388
2021-06-05,San Luis Obispo,079,281455,21374,21236,760,21996,255
2021-06-05,San Mateo,081,765935,42506,42433,480,42913,664
2021-06-05,Santa Barbara,083,443738,35047,34399,1216,35615,459
2021-06-05,Santa Clara,085,1922200,118903,119676,781,120457,2066
2021-06-05,Santa Cruz,087,273765,16244,16154,833,16987,208
2021-06-05,Shasta,089,179085,12456,12472,1624,14096,200
2021-06-05,Sierra,091,2930,57,55,13,68,0
2021-06-05,Siskiyou,093,43540,1947,1867,370,2237,21
2021-06-05,Solano,095,438530,33076,33074,563,33637,257
2021-06-05,Sonoma,097,501317,30354,30450,348,30798,323
2021-06-05,Stanislaus,099,539301,56722,56463,6029,62492,973
2021-06-05,Sutter,101,95872,9577,9559,90,9649,111
2021-06-05,Tehama,103,63373,5107,5092,590,5682,63
2021-06-05,Trinity,105,12862,482,328,90,418,3
2021-06-05,Tulare,107,460477,50289,49463,9228,58691,847
2021-06-05,Tuolumne,109,53932,4090,4098,38,4136,63
2021-06-05,Ventura,111,848112,81533,81119,3024,84143,1025
2021-06-05,Yolo,113,214977,14060,14088,335,14423,210
2021-06-05,Yuba,115,75493,6114,6087,130,6217,49
2021-06-04,Alameda,001,1643700,88559,88585,2004,90589,1263
2021-06-04,Alpine,003,1148,88,88,0,88,0
2021-06-04,Amador,005,37829,3709,3690,33,3723,46
2021-06-04,Butte,007,227075,12645,12494,1853,14347,193
2021-06-04,Calaveras,009,45235,2180,2179,14,2193,55
2021-06-04,Colusa,011,21464,1955,1959,318,2277,15
2021-06-04,Contra Costa,013,1133247,70054,69540,1310,70850,816
2021-06-04,Del Norte,015,27424,1424,1398,13,1411,8
2021-06-04,El Dorado,017,186661,10333,10284,738,11022,112
2021-06-04,Fresno,019,978130,103030,102601,8804,111405,1712
2021-06-04,Glenn,021,27897,2433,2423,568,2991,19
2021-06-04,Humboldt,023,135768,4356,4327,38,4365,42
2021-06-04,Imperial,025,180216,28669,28753,2811,31564,738
2021-06-04,Inyo,027,18085,1405,1404,24,1428,35
2021-06-04,Kern,029,883053,97547,96573,11090,107663,1327
2021-06-04,Kings,031,150075,23181,23002,1114,24116,244
2021-06-04,Lake,033,64148,3550,3528,11,3539,45
2021-06-04,Lassen,035,31185,5233,5180,117,5297,18
2021-06-04,Los Angeles,037,10098052,1206287,1203106,42017,1245123,24400
2021-06-04,Madera,039,155013,16669,16557,950,17507,240
2021-06-04,Marin,041,260295,14110,14099,267,14366,229
2021-06-04,Mariposa,043,17540,434,435,12,447,5
2021-06-04,Mendocino,045,87422,4058,3983,77,4060,47
2021-06-04,Merced,047,269075,31162,31204,997,32201,459
2021-06-04,Modoc,049,8938,386,375,134,509,3
2021-06-04,Mono,051,14174,1257,1275,15,1290,3
2021-06-04,Monterey,053,433212,43188,43068,1908,44976,415
2021-06-04,Napa,055,140530,9949,9958,38,9996,80
2021-06-04,Nevada,057,99092,4879,4844,200,5044,72
2021-06-04,Orange,059,3164182,255815,254730,11471,266201,5059
2021-06-04,Placer,061,380077,23450,23110,1532,24642,293
2021-06-04,Plumas,063,18699,710,691,11,702,4
2021-06-04,Riverside,065,2383286,292830,289098,14077,303175,4452
2021-06-04,Sacramento,067,1510023,106909,106616,1820,108436,1654
2021-06-04,San Benito,069,59416,6069,6073,116,6189,63
2021-06-04,San Bernardino,071,2135413,293654,293056,9070,302126,4768
2021-06-04,San Diego,073,3302833,281432,280556,15024,295580,3763
2021-06-04,San Francisco,075,870044,36871,37079,1321,38400,551
2021-06-04,San Joaquin,077,732212,73467,73039,3630,76669,1388
2021-06-04,San Luis Obispo,079,281455,21371,21234,759,21993,255
2021-06-04,San Mateo,081,765935,42494,42413,480,42893,478
2021-06-04,Santa Barbara,083,443738,35041,34402,1215,35617,459
2021-06-04,Santa Clara,085,1922200,118873,119619,781,120400,2065
2021-06-04,Santa Cruz,087,273765,16242,16150,833,16983,207
2021-06-04,Shasta,089,179085,12450,12458,1619,14077,200
2021-06-04,Sierra,091,2930,57,55,13,68,0
2021-06-04,Siskiyou,093,43540,1946,1865,370,2235,21
2021-06-04,Solano,095,438530,33065,33058,563,33621,256
2021-06-04,Sonoma,097,501317,30333,30411,348,30759,323
2021-06-04,Stanislaus,099,539301,56699,56442,6026,62468,973
2021-06-04,Sutter,101,95872,9572,9554,90,9644,111
2021-06-04,Tehama,103,63373,5102,5090,590,5680,63
2021-06-04,Trinity,105,12862,482,328,90,418,3
2021-06-04,Tulare,107,460477,50280,49452,9226,58678,847
2021-06-04,Tuolumne,109,53932,4089,4095,38,4133,63
2021-06-04,Ventura,111,848112,81526,81104,3022,84126,1023
2021-06-04,Yolo,113,214977,14058,14083,335,14418,210
2021-06-04,Yuba,115,75493,6111,6084,130,6214,49
2021-06-03,Alameda,001,1643700,88521,88555,2001,90556,1257
2021-06-03,Alpine,003,1148,88,88,0,88,0
2021-06-03,Amador,005,37829,3701,3688,33,3721,46
2021-06-03,Butte,007,227075,12641,12478,1852,14330,193
2021-06-03,Calaveras,009,45235,2180,2179,14,2193,55
2021-06-03,Colusa,011,21464,1955,1957,318,2275,15
2021-06-03,Contra Costa,013,1133247,70000,69500,1305,70805,816
2021-06-03,Del Norte,015,27424,1422,1397,13,1410,8
2021-06-03,El Dorado,017,186661,10327,10284,735,11019,112
2021-06-03,Fresno,019,978130,103013,102566,8804,111370,1709
2021-06-03,Glenn,021,27897,2433,2421,568,2989,19
2021-06-03,Humboldt,023,135768,4348,4314,38,4352,42
2021-06-03,Imperial,025,180216,28657,28737,2811,31548,738
2021-06-03,Inyo,027,18085,1405,1404,24,1428,35
2021-06-03,Kern,029,883053,97520,96507,11076,107583,1326
2021-06-03,Kings,031,150075,23177,22982,1114,24096,244
2021-06-03,Lake,033,64148,3548,3526,11,3537,45
2021-06-03,Lassen,035,31185,5224,5177,117,5294,12
2021-06-03,Los Angeles,037,10098052,1206113,1202923,42009,1244932,24386
2021-06-03,Madera,039,155013,16662,16554,950,17504,240
2021-06-03,Marin,041,260295,14105,14095,267,14362,230
2021-06-03,Mariposa,043,17540,434,435,12,447,5
2021-06-03,Mendocino,045,87422,4051,3978,77,4055,47
2021-06-03,Merced,047,269075,31159,31199,997,32196,459
2021-06-03,Modoc,049,8938,385,376,133,509,3
2021-06-03,Mono,051,14174,1257,1275,15,1290,3
2021-06-03,Monterey,053,433212,43185,43063,1908,44971,415
2021-06-03,Napa,055,140530,9942,9957,38,9995,81
2021-06-03,Nevada,057,99092,4875,4837,200,5037,72
2021-06-03,Orange,059,3164182,255787,254676,11461,266137,5056
2021-06-03,Placer,061,380077,23441,23100,1531,24631,293
2021-06-03,Plumas,063,18699,710,691,11,702,4
2021-06-03,Riverside,065,2383286,292775,289035,14073,303108,4447
2021-06-03,Sacramento,067,1510023,106831,106526,1818,108344,1654
2021-06-03,San Benito,069,59416,6069,6073,116,6189,63
2021-06-03,San Bernardino,071,2135413,293622,293021,9070,302091,4762
2021-06-03,San Diego,073,3302833,281369,280430,15014,295444,3761
2021-06-03,San Francisco,075,870044,36865,37072,1321,38393,551
2021-06-03,San Joaquin,077,732212,73439,72989,3626,76615,1388
2021-06-03,San Luis Obispo,079,281455,21366,21224,759,21983,255
2021-06-03,San Mateo,081,765935,42481,42396,480,42876,467
2021-06-03,Santa Barbara,083,443738,35038,34391,1215,35606,459
2021-06-03,Santa Clara,085,1922200,118851,119592,779,120371,2058
2021-06-03,Santa Cruz,087,273765,16240,16144,833,16977,207
2021-06-03,Shasta,089,179085,12435,12441,1616,14057,199
2021-06-03,Sierra,091,2930,57,55,13,68,0
2021-06-03,Siskiyou,093,43540,1946,1862,369,2231,21
2021-06-03,Solano,095,438530,33051,33019,563,33582,256
2021-06-03,Sonoma,097,501317,30311,30383,347,30730,322
2021-06-03,Stanislaus,099,539301,56667,56401,6020,62421,973
2021-06-03,Sutter,101,95872,9563,9539,90,9629,111
2021-06-03,Tehama,103,63373,5102,5087,590,5677,63
2021-06-03,Trinity,105,12862,482,328,90,418,3
2021-06-03,Tulare,107,460477,50277,49442,9222,58664,848
2021-06-03,Tuolumne,109,53932,4087,4095,38,4133,63
2021-06-03,Ventura,111,848112,81514,81078,3020,84098,1023
2021-06-03,Yolo,113,214977,14054,14078,332,14410,210
2021-06-03,Yuba,115,75493,6104,6077,130,6207,49
2021-06-02,Alameda,001,1643700,88476,88525,1999,90524,1254
2021-06-02,Alpine,003,1148,88,88,0,88,0
2021-06-02,Amador,005,37829,3699,3687,33,3720,46
2021-06-02,Butte,007,227075,12621,12432,1849,14281,193
2021-06-02,Calaveras,009,45235,2177,2174,14,2188,55
2021-06-02,Colusa,011,21464,1954,1957,318,2275,15
2021-06-02,Contra Costa,013,1133247,69949,69455,1303,70758,814
2021-06-02,Del Norte,015,27424,1420,1395,13,1408,8
2021-06-02,El Dorado,017,186661,10323,10275,735,11010,110
2021-06-02,Fresno,019,978130,102989,102547,8801,111348,1707
2021-06-02,Glenn,021,27897,2433,2421,568,2989,19
2021-06-02,Humboldt,023,135768,4333,4302,38,4340,42
2021-06-02,Imperial,025,180216,28651,28737,2810,31547,738
2021-06-02,Inyo,027,18085,1404,1403,24,1427,35
2021-06-02,Kern,029,883053,97493,96481,11068,107549,1326
2021-06-02,Kings,031,150075,23175,22981,1114,24095,244
2021-06-02,Lake,033,64148,3543,3522,11,3533,45
2021-06-02,Lassen,035,31185,5223,5177,117,5294,6
2021-06-02,Los Angeles,037,10098052,1205911,1202760,42000,1244760,24375
2021-06-02,Madera,039,155013,16654,16550,950,17500,240
2021-06-02,Marin,041,260295,14103,14091,267,14358,229
2021-06-02,Mariposa,043,17540,434,434,12,446,5
2021-06-02,Mendocino,045,87422,4045,3970,77,4047,47
2021-06-02,Merced,047,269075,31146,31195,996,32191,458
2021-06-02,Modoc,049,8938,384,375,132,507,3
2021-06-02,Mono,051,14174,1257,1275,15,1290,3
2021-06-02,Monterey,053,433212,43183,43056,1908,44964,380
2021-06-02,Napa,055,140530,9941,9953,38,9991,82
2021-06-02,Nevada,057,99092,4872,4833,200,5033,72
2021-06-02,Orange,059,3164182,255739,254637,11456,266093,5055
2021-06-02,Placer,061,380077,23420,23058,1529,24587,293
2021-06-02,Plumas,063,18699,710,690,11,701,4
2021-06-02,Riverside,065,2383286,292720,289012,14063,303075,4445
2021-06-02,Sacramento,067,1510023,106766,106435,1812,108247,1649
2021-06-02,San Benito,069,59416,6068,6073,116,6189,63
2021-06-02,San Bernardino,071,2135413,293574,293004,9065,302069,4760
2021-06-02,San Diego,073,3302833,281289,280347,14993,295340,3760
2021-06-02,San Francisco,075,870044,36845,37050,1320,38370,550
2021-06-02,San Joaquin,077,732212,73408,72893,3623,76516,1387
2021-06-02,San Luis Obispo,079,281455,21359,21214,758,21972,255
2021-06-02,San Mateo,081,765935,42471,42383,479,42862,464
2021-06-02,Santa Barbara,083,443738,35032,34381,1215,35596,456
2021-06-02,Santa Clara,085,1922200,118823,119553,778,120331,2058
2021-06-02,Santa Cruz,087,273765,16237,16144,833,16977,207
2021-06-02,Shasta,089,179085,12417,12426,1611,14037,199
2021-06-02,Sierra,091,2930,57,55,13,68,0
2021-06-02,Siskiyou,093,43540,1946,1861,367,2228,21
2021-06-02,Solano,095,438530,33039,33007,562,33569,256
2021-06-02,Sonoma,097,501317,30292,30359,342,30701,322
2021-06-02,Stanislaus,099,539301,56638,56377,6015,62392,973
2021-06-02,Sutter,101,95872,9560,9533,90,9623,111
2021-06-02,Tehama,103,63373,5099,5081,590,5671,63
2021-06-02,Trinity,105,12862,480,328,90,418,3
2021-06-02,Tulare,107,460477,50269,49434,9218,58652,846
2021-06-02,Tuolumne,109,53932,4087,4095,38,4133,63
2021-06-02,Ventura,111,848112,81489,81033,3020,84053,1020
2021-06-02,Yolo,113,214977,14051,14074,331,14405,210
2021-06-02,Yuba,115,75493,6098,6072,130,6202,48
2021-06-01,Alameda,001,1643700,88443,88472,1997,90469,1253
2021-06-01,Alpine,003,1148,88,88,0,88,0
2021-06-01,Amador,005,37829,3697,3687,33,3720,46
2021-06-01,Butte,007,227075,12607,12427,1848,14275,193
2021-06-01,Calaveras,009,45235,2175,2173,14,2187,55
2021-06-01,Colusa,011,21464,1953,1955,317,2272,15
2021-06-01,Contra Costa,013,1133247,69892,69404,1303,70707,813
2021-06-01,Del Norte,015,27424,1419,1394,13,1407,8
2021-06-01,El Dorado,017,186661,10317,10271,735,11006,110
2021-06-01,Fresno,019,978130,102965,102534,8798,111332,1706
2021-06-01,Glenn,021,27897,2433,2422,568,2990,18
2021-06-01,Humboldt,023,135768,4323,4299,38,4337,42
2021-06-01,Imperial,025,180216,28647,28722,2809,31531,736
2021-06-01,Inyo,027,18085,1404,1403,24,1427,35
2021-06-01,Kern,029,883053,97466,96477,11060,107537,1319
2021-06-01,Kings,031,150075,23171,22977,1114,24091,244
2021-06-01,Lake,033,64148,3542,3523,11,3534,45
2021-06-01,Lassen,035,31185,5216,5172,117,5289,6
2021-06-01,Los Angeles,037,10098052,1205678,1202673,41987,1244660,24367
2021-06-01,Madera,039,155013,16645,16549,949,17498,240
2021-06-01,Marin,041,260295,14101,14081,267,14348,229
2021-06-01,Mariposa,043,17540,434,431,12,443,5
2021-06-01,Mendocino,045,87422,4038,3966,77,4043,47
2021-06-01,Merced,047,269075,31136,31195,996,32191,456
2021-06-01,Modoc,049,8938,382,375,132,507,3
2021-06-01,Mono,051,14174,1257,1275,15,1290,3
2021-06-01,Monterey,053,433212,43177,43051,1908,44959,379
2021-06-01,Napa,055,140530,9939,9949,38,9987,82
2021-06-01,Nevada,057,99092,4867,4825,200,5025,72
2021-06-01,Orange,059,3164182,255704,254603,11448,266051,5051
2021-06-01,Placer,061,380077,23390,23021,1527,24548,293
2021-06-01,Plumas,063,18699,709,690,11,701,4
2021-06-01,Riverside,065,2383286,292669,288996,14057,303053,4442
2021-06-01,Sacramento,067,1510023,106694,106330,1810,108140,1644
2021-06-01,San Benito,069,59416,6067,6073,115,6188,63
2021-06-01,San Bernardino,071,2135413,293550,292990,9064,302054,4758
2021-06-01,San Diego,073,3302833,281185,280305,14976,295281,3756
2021-06-01,San Francisco,075,870044,36829,37031,1320,38351,550
2021-06-01,San Joaquin,077,732212,73376,72858,3621,76479,1383
2021-06-01,San Luis Obispo,079,281455,21354,21217,758,21975,256
2021-06-01,San Mateo,081,765935,42454,42383,478,42861,462
2021-06-01,Santa Barbara,083,443738,35028,34374,1215,35589,456
2021-06-01,Santa Clara,085,1922200,118795,119528,778,120306,2057
2021-06-01,Santa Cruz,087,273765,16233,16143,832,16975,207
2021-06-01,Shasta,089,179085,12408,12409,1606,14015,199
2021-06-01,Sierra,091,2930,57,55,13,68,0
2021-06-01,Siskiyou,093,43540,1939,1860,366,2226,21
2021-06-01,Solano,095,438530,33014,32974,561,33535,256
2021-06-01,Sonoma,097,501317,30253,30324,341,30665,322
2021-06-01,Stanislaus,099,539301,56613,56348,6013,62361,973
2021-06-01,Sutter,101,95872,9553,9528,90,9618,111
2021-06-01,Tehama,103,63373,5097,5079,590,5669,63
2021-06-01,Trinity,105,12862,479,328,89,417,3
2021-06-01,Tulare,107,460477,50261,49419,9214,58633,845
2021-06-01,Tuolumne,109,53932,4087,4094,38,4132,63
2021-06-01,Ventura,111,848112,81473,81018,3019,84037,1021
2021-06-01,Yolo,113,214977,14045,14067,331,14398,210
2021-06-01,Yuba,115,75493,6094,6067,130,6197,48
2021-05-31,Alameda,001,1643700,88406,88458,1993,90451,1253
2021-05-31,Alpine,003,1148,88,88,0,88,0
2021-05-31,Amador,005,37829,3691,3687,33,3720,46
2021-05-31,Butte,007,227075,12594,12429,1848,14277,193
2021-05-31,Calaveras,009,45235,2174,2171,14,2185,55
2021-05-31,Colusa,011,21464,1953,1956,316,2272,15
2021-05-31,Contra Costa,013,1133247,69855,69390,1301,70691,813
2021-05-31,Del Norte,015,27424,1416,1394,13,1407,8
2021-05-31,El Dorado,017,186661,10311,10271,733,11004,110
2021-05-31,Fresno,019,978130,102928,102507,8798,111305,1706
2021-05-31,Glenn,021,27897,2432,2422,567,2989,18
2021-05-31,Humboldt,023,135768,4311,4295,38,4333,42
2021-05-31,Imperial,025,180216,28641,28732,2806,31538,736
2021-05-31,Inyo,027,18085,1403,1403,24,1427,35
2021-05-31,Kern,029,883053,97430,96457,11051,107508,1319
2021-05-31,Kings,031,150075,23167,22977,1114,24091,244
2021-05-31,Lake,033,64148,3537,3523,11,3534,45
2021-05-31,Lassen,035,31185,5214,5172,116,5288,6
2021-05-31,Los Angeles,037,10098052,1205437,1202567,41979,1244546,24364
2021-05-31,Madera,039,155013,16644,16543,948,17491,240
2021-05-31,Marin,041,260295,14099,14080,266,14346,229
2021-05-31,Mariposa,043,17540,434,430,12,442,5
2021-05-31,Mendocino,045,87422,4028,3961,77,4038,47
2021-05-31,Merced,047,269075,31131,31194,996,32190,456
2021-05-31,Modoc,049,8938,381,374,132,506,3
2021-05-31,Mono,051,14174,1257,1275,15,1290,3
2021-05-31,Monterey,053,433212,43173,43051,1908,44959,379
2021-05-31,Napa,055,140530,9932,9948,38,9986,82
2021-05-31,Nevada,057,99092,4857,4823,199,5022,72
2021-05-31,Orange,059,3164182,255677,254572,11441,266013,5051
2021-05-31,Placer,061,380077,23363,23019,1522,24541,293
2021-05-31,Plumas,063,18699,708,690,11,701,4
2021-05-31,Riverside,065,2383286,292612,288970,14045,303015,4442
2021-05-31,Sacramento,067,1510023,106597,106278,1804,108082,1644
2021-05-31,San Benito,069,59416,6067,6072,115,6187,63
2021-05-31,San Bernardino,071,2135413,293502,292973,9063,302036,4758
2021-05-31,San Diego,073,3302833,281081,280254,14964,295218,3756
2021-05-31,San Francisco,075,870044,36814,37022,1319,38341,550
2021-05-31,San Joaquin,077,732212,73328,72856,3615,76471,1383
2021-05-31,San Luis Obispo,079,281455,21346,21215,758,21973,256
2021-05-31,San Mateo,081,765935,42438,42389,478,42867,442
2021-05-31,Santa Barbara,083,443738,35015,34369,1213,35582,456
2021-05-31,Santa Clara,085,1922200,118751,119515,778,120293,2057
2021-05-31,Santa Cruz,087,273765,16230,16139,832,16971,207
2021-05-31,Shasta,089,179085,12392,12408,1603,14011,199
2021-05-31,Sierra,091,2930,57,55,13,68,0
2021-05-31,Siskiyou,093,43540,1938,1856,365,2221,21
2021-05-31,Solano,095,438530,32963,32973,561,33534,256
2021-05-31,Sonoma,097,501317,30210,30314,341,30655,322
2021-05-31,Stanislaus,099,539301,56563,56335,6010,62345,973
2021-05-31,Sutter,101,95872,9534,9523,90,9613,111
2021-05-31,Tehama,103,63373,5095,5076,589,5665,63
2021-05-31,Trinity,105,12862,479,328,89,417,3
2021-05-31,Tulare,107,460477,50250,49404,9209,58613,845
2021-05-31,Tuolumne,109,53932,4085,4095,38,4133,63
2021-05-31,Ventura,111,848112,81458,81017,3016,84033,1021
2021-05-31,Yolo,113,214977,14041,14064,331,14395,210
2021-05-31,Yuba,115,75493,6088,6063,127,6190,48
2021-05-30,Alameda,001,1643700,88381,88429,1993,90422,1253
2021-05-30,Alpine,003,1148,88,88,0,88,0
2021-05-30,Amador,005,37829,3687,3685,33,3718,46
2021-05-30,Butte,007,227075,12584,12427,1846,14273,190
2021-05-30,Calaveras,009,45235,2170,2166,14,2180,55
2021-05-30,Colusa,011,21464,1953,1954,316,2270,15
2021-05-30,Contra Costa,013,1133247,69821,69381,1299,70680,813
2021-05-30,Del Norte,015,27424,1415,1393,13,1406,8
2021-05-30,El Dorado,017,186661,10308,10271,733,11004,110
2021-05-30,Fresno,019,978130,102911,102499,8794,111293,1706
2021-05-30,Glenn,021,27897,2432,2422,566,2988,18
2021-05-30,Humboldt,023,135768,4302,4291,38,4329,42
2021-05-30,Imperial,025,180216,28636,28732,2805,31537,736
2021-05-30,Inyo,027,18085,1403,1403,24,1427,35
2021-05-30,Kern,029,883053,97414,96443,11048,107491,1319
2021-05-30,Kings,031,150075,23166,22974,1113,24087,244
2021-05-30,Lake,033,64148,3537,3517,11,3528,45
2021-05-30,Lassen,035,31185,5212,5171,116,5287,6
2021-05-30,Los Angeles,037,10098052,1205332,1202425,41972,1244397,24360
2021-05-30,Madera,039,155013,16640,16538,948,17486,240
2021-05-30,Marin,041,260295,14095,14083,265,14348,229
2021-05-30,Mariposa,043,17540,434,430,12,442,5
2021-05-30,Mendocino,045,87422,4021,3955,77,4032,47
2021-05-30,Merced,047,269075,31127,31189,995,32184,456
2021-05-30,Modoc,049,8938,381,374,132,506,3
2021-05-30,Mono,051,14174,1257,1275,15,1290,3
2021-05-30,Monterey,053,433212,43170,43049,1908,44957,379
2021-05-30,Napa,055,140530,9931,9948,38,9986,82
2021-05-30,Nevada,057,99092,4851,4818,199,5017,72
2021-05-30,Orange,059,3164182,255654,254559,11440,265999,5051
2021-05-30,Placer,061,380077,23357,23016,1522,24538,293
2021-05-30,Plumas,063,18699,706,690,11,701,4
2021-05-30,Riverside,065,2383286,292591,288961,14043,303004,4442
2021-05-30,Sacramento,067,1510023,106552,106252,1802,108054,1644
2021-05-30,San Benito,069,59416,6067,6072,115,6187,63
2021-05-30,San Bernardino,071,2135413,293476,292981,9062,302043,4758
2021-05-30,San Diego,073,3302833,281025,280209,14959,295168,3756
2021-05-30,San Francisco,075,870044,36795,37016,1319,38335,550
2021-05-30,San Joaquin,077,732212,73311,72853,3614,76467,1383
2021-05-30,San Luis Obispo,079,281455,21337,21211,757,21968,256
2021-05-30,San Mateo,081,765935,42430,42386,478,42864,439
2021-05-30,Santa Barbara,083,443738,35011,34369,1212,35581,456
2021-05-30,Santa Clara,085,1922200,118729,119510,774,120284,2057
2021-05-30,Santa Cruz,087,273765,16228,16140,832,16972,207
2021-05-30,Shasta,089,179085,12390,12408,1600,14008,199
2021-05-30,Sierra,091,2930,57,55,13,68,0
2021-05-30,Siskiyou,093,43540,1938,1856,365,2221,21
2021-05-30,Solano,095,438530,32952,32952,560,33512,256
2021-05-30,Sonoma,097,501317,30193,30310,340,30650,322
2021-05-30,Stanislaus,099,539301,56544,56323,6009,62332,973
2021-05-30,Sutter,101,95872,9533,9519,89,9608,111
2021-05-30,Tehama,103,63373,5095,5073,589,5662,63
2021-05-30,Trinity,105,12862,479,328,89,417,3
2021-05-30,Tulare,107,460477,50243,49397,9200,58597,845
2021-05-30,Tuolumne,109,53932,4085,4094,38,4132,63
2021-05-30,Ventura,111,848112,81454,81012,3015,84027,1021
2021-05-30,Yolo,113,214977,14036,14059,330,14389,210
2021-05-30,Yuba,115,75493,6081,6063,126,6189,48
2021-05-29,Alameda,001,1643700,88358,88433,1991,90424,1253
2021-05-29,Alpine,003,1148,88,88,0,88,0
2021-05-29,Amador,005,37829,3686,3683,33,3716,46
2021-05-29,Butte,007,227075,12578,12425,1846,14271,190
2021-05-29,Calaveras,009,45235,2169,2166,14,2180,55
2021-05-29,Colusa,011,21464,1950,1954,316,2270,15
2021-05-29,Contra Costa,013,1133247,69788,69351,1299,70650,813
2021-05-29,Del Norte,015,27424,1415,1391,13,1404,8
2021-05-29,El Dorado,017,186661,10307,10269,731,11000,110
2021-05-29,Fresno,019,978130,102899,102470,8791,111261,1706
2021-05-29,Glenn,021,27897,2432,2422,565,2987,18
2021-05-29,Humboldt,023,135768,4296,4283,38,4321,42
2021-05-29,Imperial,025,180216,28633,28729,2804,31533,736
2021-05-29,Inyo,027,18085,1403,1404,24,1428,35
2021-05-29,Kern,029,883053,97403,96424,11035,107459,1319
2021-05-29,Kings,031,150075,23165,22970,1112,24082,244
2021-05-29,Lake,033,64148,3537,3515,11,3526,45
2021-05-29,Lassen,035,31185,5212,5171,116,5287,6
2021-05-29,Los Angeles,037,10098052,1205209,1202264,41968,1244232,24359
2021-05-29,Madera,039,155013,16638,16535,948,17483,240
2021-05-29,Marin,041,260295,14091,14071,264,14335,229
2021-05-29,Mariposa,043,17540,433,428,12,440,5
2021-05-29,Mendocino,045,87422,4015,3952,77,4029,47
2021-05-29,Merced,047,269075,31115,31187,995,32182,456
2021-05-29,Modoc,049,8938,381,374,132,506,3
2021-05-29,Mono,051,14174,1257,1275,15,1290,3
2021-05-29,Monterey,053,433212,43168,43042,1908,44950,379
2021-05-29,Napa,055,140530,9928,9948,38,9986,82
2021-05-29,Nevada,057,99092,4850,4816,199,5015,72
2021-05-29,Orange,059,3164182,255632,254537,11430,265967,5049
2021-05-29,Placer,061,380077,23342,23009,1521,24530,293
2021-05-29,Plumas,063,18699,706,689,11,700,4
2021-05-29,Riverside,065,2383286,292571,288908,14042,302950,4442
2021-05-29,Sacramento,067,1510023,106522,106218,1801,108019,1643
2021-05-29,San Benito,069,59416,6066,6072,115,6187,63
2021-05-29,San Bernardino,071,2135413,293444,292961,9061,302022,4757
2021-05-29,San Diego,073,3302833,280966,280151,14954,295105,3756
2021-05-29,San Francisco,075,870044,36786,37008,1319,38327,550
2021-05-29,San Joaquin,077,732212,73295,72827,3612,76439,1383
2021-05-29,San Luis Obispo,079,281455,21335,21201,757,21958,256
2021-05-29,San Mateo,081,765935,42423,42375,477,42852,439
2021-05-29,Santa Barbara,083,443738,35007,34367,1212,35579,456
2021-05-29,Santa Clara,085,1922200,118705,119498,773,120271,2056
2021-05-29,Santa Cruz,087,273765,16227,16137,832,16969,207
2021-05-29,Shasta,089,179085,12382,12401,1599,14000,199
2021-05-29,Sierra,091,2930,57,55,13,68,0
2021-05-29,Siskiyou,093,43540,1933,1856,365,2221,21
2021-05-29,Solano,095,438530,32943,32917,560,33477,256
2021-05-29,Sonoma,097,501317,30170,30298,339,30637,322
2021-05-29,Stanislaus,099,539301,56524,56305,6007,62312,974
2021-05-29,Sutter,101,95872,9529,9516,89,9605,111
2021-05-29,Tehama,103,63373,5094,5070,589,5659,63
2021-05-29,Trinity,105,12862,479,328,89,417,3
2021-05-29,Tulare,107,460477,50233,49392,9196,58588,845
2021-05-29,Tuolumne,109,53932,4085,4093,38,4131,63
2021-05-29,Ventura,111,848112,81446,81008,3015,84023,1021
2021-05-29,Yolo,113,214977,14035,14055,330,14385,210
2021-05-29,Yuba,115,75493,6081,6059,126,6185,48
2021-05-28,Alameda,001,1643700,88334,88391,1987,90378,1261
2021-05-28,Alpine,003,1148,88,88,0,88,0
2021-05-28,Amador,005,37829,3686,3680,33,3713,46
2021-05-28,Butte,007,227075,12575,12407,1845,14252,190
2021-05-28,Calaveras,009,45235,2168,2165,14,2179,55
2021-05-28,Colusa,011,21464,1950,1954,314,2268,15
2021-05-28,Contra Costa,013,1133247,69752,69290,1298,70588,813
2021-05-28,Del Norte,015,27424,1414,1390,13,1403,8
2021-05-28,El Dorado,017,186661,10304,10265,731,10996,110
2021-05-28,Fresno,019,978130,102884,102437,8791,111228,1705
2021-05-28,Glenn,021,27897,2432,2419,565,2984,18
2021-05-28,Humboldt,023,135768,4290,4265,38,4303,42
2021-05-28,Imperial,025,180216,28630,28722,2804,31526,736
2021-05-28,Inyo,027,18085,1403,1404,24,1428,35
2021-05-28,Kern,029,883053,97386,96396,11027,107423,1320
2021-05-28,Kings,031,150075,23163,22962,1112,24074,244
2021-05-28,Lake,033,64148,3535,3515,11,3526,45
2021-05-28,Lassen,035,31185,5212,5169,116,5285,6
2021-05-28,Los Angeles,037,10098052,1205100,1202103,41957,1244060,24357
2021-05-28,Madera,039,155013,16636,16530,948,17478,240
2021-05-28,Marin,041,260295,14090,14063,263,14326,229
2021-05-28,Mariposa,043,17540,433,428,12,440,5
2021-05-28,Mendocino,045,87422,4010,3947,77,4024,47
2021-05-28,Merced,047,269075,31112,31176,995,32171,455
2021-05-28,Modoc,049,8938,381,374,132,506,3
2021-05-28,Mono,051,14174,1257,1274,15,1289,3
2021-05-28,Monterey,053,433212,43167,43036,1908,44944,379
2021-05-28,Napa,055,140530,9928,9941,38,9979,82
2021-05-28,Nevada,057,99092,4848,4813,199,5012,71
2021-05-28,Orange,059,3164182,255612,254494,11428,265922,5047
2021-05-28,Placer,061,380077,23332,22987,1519,24506,293
2021-05-28,Plumas,063,18699,704,688,11,699,4
2021-05-28,Riverside,065,2383286,292549,288872,14040,302912,4442
2021-05-28,Sacramento,067,1510023,106466,106131,1799,107930,1642
2021-05-28,San Benito,069,59416,6066,6074,115,6189,63
2021-05-28,San Bernardino,071,2135413,293421,292905,9061,301966,4757
2021-05-28,San Diego,073,3302833,280903,280043,14943,294986,3756
2021-05-28,San Francisco,075,870044,36780,36987,1319,38306,546
2021-05-28,San Joaquin,077,732212,73265,72793,3610,76403,1383
2021-05-28,San Luis Obispo,079,281455,21331,21190,755,21945,256
2021-05-28,San Mateo,081,765935,42417,42364,477,42841,439
2021-05-28,Santa Barbara,083,443738,35005,34371,1212,35583,455
2021-05-28,Santa Clara,085,1922200,118681,119462,773,120235,2056
2021-05-28,Santa Cruz,087,273765,16226,16129,832,16961,207
2021-05-28,Shasta,089,179085,12373,12383,1597,13980,198
2021-05-28,Sierra,091,2930,57,54,13,67,0
2021-05-28,Siskiyou,093,43540,1931,1850,365,2215,19
2021-05-28,Solano,095,438530,32928,32892,560,33452,256
2021-05-28,Sonoma,097,501317,30151,30270,339,30609,321
2021-05-28,Stanislaus,099,539301,56501,56278,6004,62282,974
2021-05-28,Sutter,101,95872,9525,9511,89,9600,111
2021-05-28,Tehama,103,63373,5088,5064,589,5653,63
2021-05-28,Trinity,105,12862,479,328,89,417,3
2021-05-28,Tulare,107,460477,50228,49375,9186,58561,846
2021-05-28,Tuolumne,109,53932,4085,4090,38,4128,63
2021-05-28,Ventura,111,848112,81435,80985,3014,83999,1021
2021-05-28,Yolo,113,214977,14031,14050,329,14379,210
2021-05-28,Yuba,115,75493,6079,6050,125,6175,48
2021-05-27,Alameda,001,1643700,88297,88342,1986,90328,1274
2021-05-27,Alpine,003,1148,88,88,0,88,0
2021-05-27,Amador,005,37829,3683,3680,33,3713,46
2021-05-27,Butte,007,227075,12569,12401,1844,14245,190
2021-05-27,Calaveras,009,45235,2167,2163,14,2177,55
2021-05-27,Colusa,011,21464,1947,1952,314,2266,15
2021-05-27,Contra Costa,013,1133247,69710,69245,1296,70541,813
2021-05-27,Del Norte,015,27424,1414,1388,13,1401,8
2021-05-27,El Dorado,017,186661,10303,10248,731,10979,112
2021-05-27,Fresno,019,978130,102867,102413,8788,111201,1704
2021-05-27,Glenn,021,27897,2432,2415,565,2980,18
2021-05-27,Humboldt,023,135768,4282,4260,38,4298,42
2021-05-27,Imperial,025,180216,28619,28728,2804,31532,736
2021-05-27,Inyo,027,18085,1403,1404,24,1428,35
2021-05-27,Kern,029,883053,97370,96364,11019,107383,1322
2021-05-27,Kings,031,150075,23160,22953,1112,24065,245
2021-05-27,Lake,033,64148,3530,3509,11,3520,45
2021-05-27,Lassen,035,31185,5211,5170,115,5285,6
2021-05-27,Los Angeles,037,10098052,1204939,1201927,41941,1243868,24348
2021-05-27,Madera,039,155013,16627,16527,948,17475,240
2021-05-27,Marin,041,260295,14086,14061,263,14324,229
2021-05-27,Mariposa,043,17540,431,427,12,439,5
2021-05-27,Mendocino,045,87422,4004,3945,77,4022,47
2021-05-27,Merced,047,269075,31100,31161,995,32156,455
2021-05-27,Modoc,049,8938,380,374,132,506,3
2021-05-27,Mono,051,14174,1257,1276,15,1291,3
2021-05-27,Monterey,053,433212,43161,43032,1908,44940,379
2021-05-27,Napa,055,140530,9927,9934,38,9972,82
2021-05-27,Nevada,057,99092,4844,4807,197,5004,71
2021-05-27,Orange,059,3164182,255575,254438,11424,265862,5059
2021-05-27,Placer,061,380077,23323,22966,1519,24485,293
2021-05-27,Plumas,063,18699,704,687,11,698,4
2021-05-27,Riverside,065,2383286,292514,288835,14035,302870,4443
2021-05-27,Sacramento,067,1510023,106390,106015,1796,107811,1642
2021-05-27,San Benito,069,59416,6065,6074,115,6189,63
2021-05-27,San Bernardino,071,2135413,293385,292755,9059,301814,4756
2021-05-27,San Diego,073,3302833,280829,279960,14929,294889,3756
2021-05-27,San Francisco,075,870044,36774,36980,1316,38296,546
2021-05-27,San Joaquin,077,732212,73233,72714,3606,76320,1388
2021-05-27,San Luis Obispo,079,281455,21328,21171,755,21926,256
2021-05-27,San Mateo,081,765935,42408,42345,477,42822,436
2021-05-27,Santa Barbara,083,443738,35001,34355,1212,35567,456
2021-05-27,Santa Clara,085,1922200,118660,119452,773,120225,2053
2021-05-27,Santa Cruz,087,273765,16223,16134,832,16966,207
2021-05-27,Shasta,089,179085,12362,12380,1597,13977,202
2021-05-27,Sierra,091,2930,57,54,13,67,0
2021-05-27,Siskiyou,093,43540,1928,1846,365,2211,18
2021-05-27,Solano,095,438530,32887,32855,559,33414,257
2021-05-27,Sonoma,097,501317,30124,30253,335,30588,321
2021-05-27,Stanislaus,099,539301,56473,56207,6003,62210,974
2021-05-27,Sutter,101,95872,9521,9501,89,9590,111
2021-05-27,Tehama,103,63373,5085,5064,588,5652,63
2021-05-27,Trinity,105,12862,479,328,89,417,3
2021-05-27,Tulare,107,460477,50214,49366,9177,58543,840
2021-05-27,Tuolumne,109,53932,4084,4090,38,4128,66
2021-05-27,Ventura,111,848112,81422,80965,3011,83976,1023
2021-05-27,Yolo,113,214977,14028,14036,329,14365,213
2021-05-27,Yuba,115,75493,6074,6040,124,6164,48
2021-05-26,Alameda,001,1643700,88268,88297,1986,90283,1266
2021-05-26,Alpine,003,1148,88,88,0,88,0
2021-05-26,Amador,005,37829,3683,3679,33,3712,46
2021-05-26,Butte,007,227075,12560,12332,1843,14175,190
2021-05-26,Calaveras,009,45235,2165,2154,14,2168,55
2021-05-26,Colusa,011,21464,1946,1952,314,2266,15
2021-05-26,Contra Costa,013,1133247,69673,69210,1296,70506,812
2021-05-26,Del Norte,015,27424,1414,1386,12,1398,8
2021-05-26,El Dorado,017,186661,10299,10242,730,10972,112
2021-05-26,Fresno,019,978130,102835,102374,8783,111157,1702
2021-05-26,Glenn,021,27897,2431,2415,565,2980,18
2021-05-26,Humboldt,023,135768,4277,4246,38,4284,42
2021-05-26,Imperial,025,180216,28614,28712,2802,31514,734
2021-05-26,Inyo,027,18085,1403,1403,24,1427,36
2021-05-26,Kern,029,883053,97345,96343,11012,107355,1320
2021-05-26,Kings,031,150075,23156,22950,1111,24061,245
2021-05-26,Lake,033,64148,3529,3508,11,3519,45
2021-05-26,Lassen,035,31185,5210,5164,115,5279,6
2021-05-26,Los Angeles,037,10098052,1204773,1198100,41924,1240024,24221
2021-05-26,Madera,039,155013,16624,16520,947,17467,240
2021-05-26,Marin,041,260295,14083,14061,262,14323,227
2021-05-26,Mariposa,043,17540,431,427,12,439,5
2021-05-26,Mendocino,045,87422,3998,3938,77,4015,47
2021-05-26,Merced,047,269075,31091,31139,995,32134,455
2021-05-26,Modoc,049,8938,380,371,131,502,3
2021-05-26,Mono,051,14174,1257,1274,15,1289,3
2021-05-26,Monterey,053,433212,43155,43018,1907,44925,379
2021-05-26,Napa,055,140530,9920,9932,36,9968,82
2021-05-26,Nevada,057,99092,4839,4803,197,5000,70
2021-05-26,Orange,059,3164182,255537,254368,11421,265789,5058
2021-05-26,Placer,061,380077,23298,22940,1519,24459,293
2021-05-26,Plumas,063,18699,703,685,11,696,4
2021-05-26,Riverside,065,2383286,292468,288782,14028,302810,4443
2021-05-26,Sacramento,067,1510023,106304,105919,1792,107711,1637
2021-05-26,San Benito,069,59416,6065,6074,115,6189,63
2021-05-26,San Bernardino,071,2135413,293350,292662,9058,301720,4755
2021-05-26,San Diego,073,3302833,280754,279859,14919,294778,3755
2021-05-26,San Francisco,075,870044,36762,36954,1316,38270,546
2021-05-26,San Joaquin,077,732212,73192,72681,3603,76284,1388
2021-05-26,San Luis Obispo,079,281455,21323,21163,755,21918,256
2021-05-26,San Mateo,081,765935,42399,42331,477,42808,436
2021-05-26,Santa Barbara,083,443738,34992,34348,1212,35560,459
2021-05-26,Santa Clara,085,1922200,118633,119421,772,120193,2031
2021-05-26,Santa Cruz,087,273765,16222,16139,832,16971,207
2021-05-26,Shasta,089,179085,12348,12357,1594,13951,202
2021-05-26,Sierra,091,2930,57,54,13,67,0
2021-05-26,Siskiyou,093,43540,1926,1847,363,2210,18
2021-05-26,Solano,095,438530,32851,32831,559,33390,257
2021-05-26,Sonoma,097,501317,30098,30230,335,30565,321
2021-05-26,Stanislaus,099,539301,56450,56193,6000,62193,974
2021-05-26,Sutter,101,95872,9516,9495,89,9584,112
2021-05-26,Tehama,103,63373,5084,5054,585,5639,63
2021-05-26,Trinity,105,12862,479,328,89,417,3
2021-05-26,Tulare,107,460477,50207,49352,9173,58525,839
2021-05-26,Tuolumne,109,53932,4080,4088,37,4125,66
2021-05-26,Ventura,111,848112,81399,80944,3009,83953,1023
2021-05-26,Yolo,113,214977,14025,14025,329,14354,213
2021-05-26,Yuba,115,75493,6069,6036,124,6160,49
2021-05-25,Alameda,001,1643700,88239,88237,1986,90223,1263
2021-05-25,Alpine,003,1148,88,88,0,88,0
2021-05-25,Amador,005,37829,3678,3676,33,3709,46
2021-05-25,Butte,007,227075,12549,12295,1842,14137,189
2021-05-25,Calaveras,009,45235,2163,2148,14,2162,55
2021-05-25,Colusa,011,21464,1945,1949,314,2263,15
2021-05-25,Contra Costa,013,1133247,69620,69167,1290,70457,809
2021-05-25,Del Norte,015,27424,1414,1385,12,1397,8
2021-05-25,El Dorado,017,186661,10292,10240,729,10969,112
2021-05-25,Fresno,019,978130,102813,102329,8782,111111,1701
2021-05-25,Glenn,021,27897,2430,2414,564,2978,17
2021-05-25,Humboldt,023,135768,4270,4231,36,4267,42
2021-05-25,Imperial,025,180216,28607,28586,2802,31388,735
2021-05-25,Inyo,027,18085,1403,1402,24,1426,36
2021-05-25,Kern,029,883053,97314,96319,10998,107317,1319
2021-05-25,Kings,031,150075,23149,22944,1111,24055,245
2021-05-25,Lake,033,64148,3528,3508,11,3519,44
2021-05-25,Lassen,035,31185,5206,5164,115,5279,6
2021-05-25,Los Angeles,037,10098052,1204597,1197940,41905,1239845,24212
2021-05-25,Madera,039,155013,16619,16519,946,17465,240
2021-05-25,Marin,041,260295,14077,14053,262,14315,227
2021-05-25,Mariposa,043,17540,430,427,12,439,5
2021-05-25,Mendocino,045,87422,3993,3928,77,4005,47
2021-05-25,Merced,047,269075,31070,31132,995,32127,455
2021-05-25,Modoc,049,8938,379,367,131,498,3
2021-05-25,Mono,051,14174,1257,1274,15,1289,3
2021-05-25,Monterey,053,433212,43151,43012,1906,44918,379
2021-05-25,Napa,055,140530,9918,9926,36,9962,82
2021-05-25,Nevada,057,99092,4833,4795,197,4992,70
2021-05-25,Orange,059,3164182,255508,254321,11420,265741,5057
2021-05-25,Placer,061,380077,23287,22920,1517,24437,292
2021-05-25,Plumas,063,18699,703,684,11,695,4
2021-05-25,Riverside,065,2383286,292429,288725,14025,302750,4443
2021-05-25,Sacramento,067,1510023,106223,105828,1788,107616,1633
2021-05-25,San Benito,069,59416,6065,6073,115,6188,63
2021-05-25,San Bernardino,071,2135413,293290,292485,9056,301541,4755
2021-05-25,San Diego,073,3302833,280674,279786,14914,294700,3753
2021-05-25,San Francisco,075,870044,36739,36939,1316,38255,546
2021-05-25,San Joaquin,077,732212,73151,72628,3600,76228,1387
2021-05-25,San Luis Obispo,079,281455,21320,21153,755,21908,256
2021-05-25,San Mateo,081,765935,42389,42268,477,42745,435
2021-05-25,Santa Barbara,083,443738,34989,34337,1212,35549,459
2021-05-25,Santa Clara,085,1922200,118609,119393,771,120164,2032
2021-05-25,Santa Cruz,087,273765,16217,16141,832,16973,207
2021-05-25,Shasta,089,179085,12338,12328,1591,13919,202
2021-05-25,Sierra,091,2930,56,54,13,67,0
2021-05-25,Siskiyou,093,43540,1925,1845,362,2207,18
2021-05-25,Solano,095,438530,32832,32817,558,33375,256
2021-05-25,Sonoma,097,501317,30069,30207,334,30541,321
2021-05-25,Stanislaus,099,539301,56413,56168,5998,62166,974
2021-05-25,Sutter,101,95872,9512,9495,89,9584,112
2021-05-25,Tehama,103,63373,5082,5048,584,5632,63
2021-05-25,Trinity,105,12862,479,328,88,416,3
2021-05-25,Tulare,107,460477,50197,49326,9165,58491,838
2021-05-25,Tuolumne,109,53932,4080,4084,37,4121,66
2021-05-25,Ventura,111,848112,81381,80905,3009,83914,1022
2021-05-25,Yolo,113,214977,14018,14018,327,14345,213
2021-05-25,Yuba,115,75493,6062,6028,124,6152,49
2021-05-24,Alameda,001,1643700,88177,88182,1985,90167,1263
2021-05-24,Alpine,003,1148,88,88,0,88,0
2021-05-24,Amador,005,37829,3676,3675,33,3708,46
2021-05-24,Butte,007,227075,12536,12279,1839,14118,189
2021-05-24,Calaveras,009,45235,2162,2146,14,2160,54
2021-05-24,Colusa,011,21464,1945,1949,314,2263,15
2021-05-24,Contra Costa,013,1133247,69581,69107,1286,70393,809
2021-05-24,Del Norte,015,27424,1413,1384,12,1396,8
2021-05-24,El Dorado,017,186661,10282,10227,728,10955,112
2021-05-24,Fresno,019,978130,102771,102289,8781,111070,1698
2021-05-24,Glenn,021,27897,2430,2413,564,2977,17
2021-05-24,Humboldt,023,135768,4263,4225,36,4261,42
2021-05-24,Imperial,025,180216,28605,28575,2802,31377,735
2021-05-24,Inyo,027,18085,1403,1402,24,1426,36
2021-05-24,Kern,029,883053,97287,96296,10993,107289,1319
2021-05-24,Kings,031,150075,23145,22940,1111,24051,246
2021-05-24,Lake,033,64148,3526,3506,11,3517,43
2021-05-24,Lassen,035,31185,5202,5163,115,5278,6
2021-05-24,Los Angeles,037,10098052,1204424,1197782,41890,1239672,24201
2021-05-24,Madera,039,155013,16616,16513,945,17458,239
2021-05-24,Marin,041,260295,14075,14051,262,14313,227
2021-05-24,Mariposa,043,17540,429,427,12,439,5
2021-05-24,Mendocino,045,87422,3991,3919,77,3996,47
2021-05-24,Merced,047,269075,31060,31128,994,32122,455
2021-05-24,Modoc,049,8938,379,366,130,496,3
2021-05-24,Mono,051,14174,1257,1270,15,1285,3
2021-05-24,Monterey,053,433212,43146,43005,1905,44910,379
2021-05-24,Napa,055,140530,9918,9924,36,9960,82
2021-05-24,Nevada,057,99092,4830,4790,197,4987,70
2021-05-24,Orange,059,3164182,255472,254287,11410,265697,5056
2021-05-24,Placer,061,380077,23268,22895,1516,24411,292
2021-05-24,Plumas,063,18699,702,683,11,694,4
2021-05-24,Riverside,065,2383286,292375,288669,14015,302684,4442
2021-05-24,Sacramento,067,1510023,106108,105716,1787,107503,1632
2021-05-24,San Benito,069,59416,6065,6072,115,6187,63
2021-05-24,San Bernardino,071,2135413,293250,292343,9055,301398,4747
2021-05-24,San Diego,073,3302833,280565,279715,14904,294619,3749
2021-05-24,San Francisco,075,870044,36720,36934,1314,38248,547
2021-05-24,San Joaquin,077,732212,73119,72586,3599,76185,1371
2021-05-24,San Luis Obispo,079,281455,21302,21146,754,21900,256
2021-05-24,San Mateo,081,765935,42379,42249,477,42726,433
2021-05-24,Santa Barbara,083,443738,34984,34322,1212,35534,459
2021-05-24,Santa Clara,085,1922200,118577,119358,771,120129,2030
2021-05-24,Santa Cruz,087,273765,16212,16135,832,16967,207
2021-05-24,Shasta,089,179085,12321,12315,1588,13903,201
2021-05-24,Sierra,091,2930,56,54,13,67,0
2021-05-24,Siskiyou,093,43540,1922,1840,362,2202,17
2021-05-24,Solano,095,438530,32807,32792,557,33349,254
2021-05-24,Sonoma,097,501317,30054,30187,334,30521,321
2021-05-24,Stanislaus,099,539301,56379,56128,5994,62122,974
2021-05-24,Sutter,101,95872,9506,9486,89,9575,113
2021-05-24,Tehama,103,63373,5079,5043,582,5625,63
2021-05-24,Trinity,105,12862,479,328,88,416,3
2021-05-24,Tulare,107,460477,50190,49318,9161,58479,838
2021-05-24,Tuolumne,109,53932,4080,4083,37,4120,65
2021-05-24,Ventura,111,848112,81368,80876,3007,83883,1022
2021-05-24,Yolo,113,214977,14001,14012,325,14337,213
2021-05-24,Yuba,115,75493,6053,6022,124,6146,49
2021-05-23,Alameda,001,1643700,88106,88157,1982,90139,1263
2021-05-23,Alpine,003,1148,88,88,0,88,0
2021-05-23,Amador,005,37829,3675,3673,33,3706,46
2021-05-23,Butte,007,227075,12522,12271,1838,14109,189
2021-05-23,Calaveras,009,45235,2153,2144,14,2158,54
2021-05-23,Colusa,011,21464,1945,1949,312,2261,15
2021-05-23,Contra Costa,013,1133247,69536,69075,1284,70359,809
2021-05-23,Del Norte,015,27424,1409,1383,12,1395,8
2021-05-23,El Dorado,017,186661,10276,10222,728,10950,112
2021-05-23,Fresno,019,978130,102725,102270,8776,111046,1698
2021-05-23,Glenn,021,27897,2428,2413,564,2977,17
2021-05-23,Humboldt,023,135768,4246,4216,36,4252,42
2021-05-23,Imperial,025,180216,28599,28569,2801,31370,735
2021-05-23,Inyo,027,18085,1403,1402,24,1426,36
2021-05-23,Kern,029,883053,97263,96282,10985,107267,1319
2021-05-23,Kings,031,150075,23132,22939,1109,24048,246
2021-05-23,Lake,033,64148,3523,3504,11,3515,43
2021-05-23,Lassen,035,31185,5198,5163,114,5277,6
2021-05-23,Los Angeles,037,10098052,1204239,1197633,41878,1239511,24197
2021-05-23,Madera,039,155013,16610,16504,945,17449,239
2021-05-23,Marin,041,260295,14066,14048,261,14309,227
2021-05-23,Mariposa,043,17540,429,427,12,439,5
2021-05-23,Mendocino,045,87422,3985,3913,76,3989,47
2021-05-23,Merced,047,269075,31050,31118,994,32112,455
2021-05-23,Modoc,049,8938,375,366,130,496,3
2021-05-23,Mono,051,14174,1256,1270,15,1285,3
2021-05-23,Monterey,053,433212,43136,43003,1905,44908,379
2021-05-23,Napa,055,140530,9914,9923,36,9959,82
2021-05-23,Nevada,057,99092,4820,4790,197,4987,70
2021-05-23,Orange,059,3164182,255434,254277,11404,265681,5050
2021-05-23,Placer,061,380077,23248,22888,1516,24404,292
2021-05-23,Plumas,063,18699,701,683,11,694,4
2021-05-23,Riverside,065,2383286,292307,288641,14011,302652,4442
2021-05-23,Sacramento,067,1510023,105992,105663,1784,107447,1632
2021-05-23,San Benito,069,59416,6064,6072,115,6187,63
2021-05-23,San Bernardino,071,2135413,293199,292327,9054,301381,4747
2021-05-23,San Diego,073,3302833,280475,279690,14893,294583,3751
2021-05-23,San Francisco,075,870044,36709,36927,1313,38240,547
2021-05-23,San Joaquin,077,732212,73070,72571,3596,76167,1371
2021-05-23,San Luis Obispo,079,281455,21292,21141,753,21894,256
2021-05-23,San Mateo,081,765935,42362,42248,477,42725,433
2021-05-23,Santa Barbara,083,443738,34977,34319,1212,35531,459
2021-05-23,Santa Clara,085,1922200,118553,119333,771,120104,2030
2021-05-23,Santa Cruz,087,273765,16209,16130,832,16962,207
2021-05-23,Shasta,089,179085,12304,12313,1584,13897,201
2021-05-23,Sierra,091,2930,56,54,13,67,0
2021-05-23,Siskiyou,093,43540,1917,1826,355,2181,17
2021-05-23,Solano,095,438530,32789,32780,556,33336,254
2021-05-23,Sonoma,097,501317,30025,30168,333,30501,321
2021-05-23,Stanislaus,099,539301,56329,56104,5991,62095,974
2021-05-23,Sutter,101,95872,9497,9479,89,9568,113
2021-05-23,Tehama,103,63373,5072,5041,580,5621,63
2021-05-23,Trinity,105,12862,479,328,88,416,3
2021-05-23,Tulare,107,460477,50176,49310,9157,58467,838
2021-05-23,Tuolumne,109,53932,4077,4081,37,4118,65
2021-05-23,Ventura,111,848112,81338,80872,3006,83878,1022
2021-05-23,Yolo,113,214977,13989,14004,322,14326,213
2021-05-23,Yuba,115,75493,6048,6017,124,6141,49
2021-05-22,Alameda,001,1643700,88080,88101,1982,90083,1263
2021-05-22,Alpine,003,1148,88,88,0,88,0
2021-05-22,Amador,005,37829,3674,3672,33,3705,46
2021-05-22,Butte,007,227075,12510,12265,1837,14102,189
2021-05-22,Calaveras,009,45235,2150,2141,14,2155,54
2021-05-22,Colusa,011,21464,1941,1949,311,2260,15
2021-05-22,Contra Costa,013,1133247,69503,69004,1283,70287,809
2021-05-22,Del Norte,015,27424,1408,1381,12,1393,8
2021-05-22,El Dorado,017,186661,10271,10215,728,10943,112
2021-05-22,Fresno,019,978130,102711,102238,8774,111012,1698
2021-05-22,Glenn,021,27897,2428,2412,564,2976,17
2021-05-22,Humboldt,023,135768,4237,4194,35,4229,42
2021-05-22,Imperial,025,180216,28590,28574,2800,31374,735
2021-05-22,Inyo,027,18085,1403,1402,24,1426,36
2021-05-22,Kern,029,883053,97251,96260,10978,107238,1319
2021-05-22,Kings,031,150075,23132,22936,1109,24045,246
2021-05-22,Lake,033,64148,3520,3502,11,3513,43
2021-05-22,Lassen,035,31185,5198,5163,114,5277,6
2021-05-22,Los Angeles,037,10098052,1204133,1197454,41869,1239323,24192
2021-05-22,Madera,039,155013,16607,16503,945,17448,239
2021-05-22,Marin,041,260295,14063,14043,261,14304,227
2021-05-22,Mariposa,043,17540,429,427,12,439,5
2021-05-22,Mendocino,045,87422,3979,3908,76,3984,47
2021-05-22,Merced,047,269075,31040,31099,994,32093,455
2021-05-22,Modoc,049,8938,375,366,130,496,3
2021-05-22,Mono,051,14174,1254,1270,15,1285,3
2021-05-22,Monterey,053,433212,43130,42998,1905,44903,379
2021-05-22,Napa,055,140530,9912,9918,36,9954,82
2021-05-22,Nevada,057,99092,4813,4787,196,4983,70
2021-05-22,Orange,059,3164182,255413,254238,11398,265636,5048
2021-05-22,Placer,061,380077,23234,22865,1515,24380,292
2021-05-22,Plumas,063,18699,700,683,11,694,4
2021-05-22,Riverside,065,2383286,292276,288580,14010,302590,4442
2021-05-22,Sacramento,067,1510023,105917,105551,1781,107332,1632
2021-05-22,San Benito,069,59416,6064,6071,115,6186,63
2021-05-22,San Bernardino,071,2135413,293174,292292,9054,301346,4747
2021-05-22,San Diego,073,3302833,280416,279614,14885,294499,3751
2021-05-22,San Francisco,075,870044,36699,36906,1311,38217,547
2021-05-22,San Joaquin,077,732212,73048,72528,3593,76121,1371
2021-05-22,San Luis Obispo,079,281455,21284,21134,752,21886,256
2021-05-22,San Mateo,081,765935,42352,42218,477,42695,433
2021-05-22,Santa Barbara,083,443738,34973,34313,1211,35524,459
2021-05-22,Santa Clara,085,1922200,118530,119292,771,120063,2030
2021-05-22,Santa Cruz,087,273765,16209,16125,832,16957,207
2021-05-22,Shasta,089,179085,12298,12307,1581,13888,201
2021-05-22,Sierra,091,2930,56,54,13,67,0
2021-05-22,Siskiyou,093,43540,1916,1824,354,2178,17
2021-05-22,Solano,095,438530,32776,32753,556,33309,254
2021-05-22,Sonoma,097,501317,30013,30154,333,30487,321
2021-05-22,Stanislaus,099,539301,56304,56069,5989,62058,974
2021-05-22,Sutter,101,95872,9492,9476,89,9565,113
2021-05-22,Tehama,103,63373,5071,5036,580,5616,63
2021-05-22,Trinity,105,12862,479,328,88,416,3
2021-05-22,Tulare,107,460477,50170,49299,9152,58451,838
2021-05-22,Tuolumne,109,53932,4077,4078,37,4115,65
2021-05-22,Ventura,111,848112,81334,80859,3006,83865,1022
2021-05-22,Yolo,113,214977,13987,13997,322,14319,213
2021-05-22,Yuba,115,75493,6045,6010,124,6134,49
2021-05-21,Alameda,001,1643700,88053,88041,1981,90022,1263
2021-05-21,Alpine,003,1148,88,88,0,88,0
2021-05-21,Amador,005,37829,3671,3672,33,3705,46
2021-05-21,Butte,007,227075,12503,12236,1835,14071,188
2021-05-21,Calaveras,009,45235,2148,2138,14,2152,54
2021-05-21,Colusa,011,21464,1941,1947,311,2258,15
2021-05-21,Contra Costa,013,1133247,69460,68965,1282,70247,810
2021-05-21,Del Norte,015,27424,1407,1376,12,1388,8
2021-05-21,El Dorado,017,186661,10267,10204,728,10932,112
2021-05-21,Fresno,019,978130,102683,102189,8772,110961,1698
2021-05-21,Glenn,021,27897,2428,2408,564,2972,17
2021-05-21,Humboldt,023,135768,4230,4175,35,4210,42
2021-05-21,Imperial,025,180216,28583,28572,2799,31371,732
2021-05-21,Inyo,027,18085,1403,1402,24,1426,36
2021-05-21,Kern,029,883053,97237,96233,10971,107204,1318
2021-05-21,Kings,031,150075,23132,22927,1109,24036,246
2021-05-21,Lake,033,64148,3518,3500,11,3511,43
2021-05-21,Lassen,035,31185,5197,5161,114,5275,6
2021-05-21,Los Angeles,037,10098052,1204023,1197263,41860,1239123,24180
2021-05-21,Madera,039,155013,16606,16500,944,17444,238
2021-05-21,Marin,041,260295,14058,14042,261,14303,227
2021-05-21,Mariposa,043,17540,428,427,12,439,5
2021-05-21,Mendocino,045,87422,3973,3897,76,3973,47
2021-05-21,Merced,047,269075,31032,31076,994,32070,455
2021-05-21,Modoc,049,8938,375,365,130,495,3
2021-05-21,Mono,051,14174,1254,1269,15,1284,3
2021-05-21,Monterey,053,433212,43128,42995,1905,44900,379
2021-05-21,Napa,055,140530,9908,9913,36,9949,82
2021-05-21,Nevada,057,99092,4812,4779,196,4975,70
2021-05-21,Orange,059,3164182,255393,254171,11396,265567,5042
2021-05-21,Placer,061,380077,23226,22853,1515,24368,292
2021-05-21,Plumas,063,18699,700,683,10,693,4
2021-05-21,Riverside,065,2383286,292249,288499,14003,302502,4442
2021-05-21,Sacramento,067,1510023,105850,105476,1778,107254,1632
2021-05-21,San Benito,069,59416,6064,6068,115,6183,63
2021-05-21,San Bernardino,071,2135413,293142,292205,9051,301256,4744
2021-05-21,San Diego,073,3302833,280345,279554,14875,294429,3748
2021-05-21,San Francisco,075,870044,36693,36879,1311,38190,546
2021-05-21,San Joaquin,077,732212,73029,72467,3591,76058,1371
2021-05-21,San Luis Obispo,079,281455,21278,21128,749,21877,256
2021-05-21,San Mateo,081,765935,42339,42163,476,42639,432
2021-05-21,Santa Barbara,083,443738,34968,34302,1211,35513,459
2021-05-21,Santa Clara,085,1922200,118503,119247,771,120018,2029
2021-05-21,Santa Cruz,087,273765,16205,16120,832,16952,207
2021-05-21,Shasta,089,179085,12281,12289,1579,13868,201
2021-05-21,Sierra,091,2930,56,54,13,67,0
2021-05-21,Siskiyou,093,43540,1915,1815,354,2169,16
2021-05-21,Solano,095,438530,32761,32742,556,33298,254
2021-05-21,Sonoma,097,501317,30000,30126,333,30459,321
2021-05-21,Stanislaus,099,539301,56272,56036,5987,62023,975
2021-05-21,Sutter,101,95872,9490,9470,89,9559,113
2021-05-21,Tehama,103,63373,5065,5030,580,5610,63
2021-05-21,Trinity,105,12862,479,329,87,416,3
2021-05-21,Tulare,107,460477,50165,49271,9150,58421,838
2021-05-21,Tuolumne,109,53932,4075,4079,37,4116,65
2021-05-21,Ventura,111,848112,81326,80821,3003,83824,1021
2021-05-21,Yolo,113,214977,13980,13983,322,14305,213
2021-05-21,Yuba,115,75493,6039,6006,124,6130,49
2021-05-20,Alameda,001,1643700,88006,87975,1980,89955,1264
2021-05-20,Alpine,003,1148,88,88,0,88,0
2021-05-20,Amador,005,37829,3670,3671,33,3704,46
2021-05-20,Butte,007,227075,12496,12220,1832,14052,188
2021-05-20,Calaveras,009,45235,2144,2138,14,2152,54
2021-05-20,Colusa,011,21464,1940,1946,309,2255,15
2021-05-20,Contra Costa,013,1133247,69415,68913,1280,70193,809
2021-05-20,Del Norte,015,27424,1407,1373,12,1385,8
2021-05-20,El Dorado,017,186661,10258,10188,728,10916,112
2021-05-20,Fresno,019,978130,102661,102135,8770,110905,1696
2021-05-20,Glenn,021,27897,2424,2406,564,2970,17
2021-05-20,Humboldt,023,135768,4213,4162,34,4196,42
2021-05-20,Imperial,025,180216,28578,28551,2799,31350,732
2021-05-20,Inyo,027,18085,1403,1402,24,1426,36
2021-05-20,Kern,029,883053,97216,96204,10964,107168,1317
2021-05-20,Kings,031,150075,23130,22922,1109,24031,246
2021-05-20,Lake,033,64148,3515,3500,11,3511,43
2021-05-20,Lassen,035,31185,5195,5160,113,5273,6
2021-05-20,Los Angeles,037,10098052,1203867,1197073,41851,1238924,24168
2021-05-20,Madera,039,155013,16600,16499,942,17441,238
2021-05-20,Marin,041,260295,14054,14036,260,14296,227
2021-05-20,Mariposa,043,17540,428,426,12,438,5
2021-05-20,Mendocino,045,87422,3966,3897,76,3973,47
2021-05-20,Merced,047,269075,31019,31046,993,32039,454
2021-05-20,Modoc,049,8938,375,365,130,495,3
2021-05-20,Mono,051,14174,1253,1269,15,1284,3
2021-05-20,Monterey,053,433212,43122,42984,1904,44888,379
2021-05-20,Napa,055,140530,9905,9913,36,9949,82
2021-05-20,Nevada,057,99092,4811,4775,196,4971,70
2021-05-20,Orange,059,3164182,255349,254127,11393,265520,5038
2021-05-20,Placer,061,380077,23213,22823,1514,24337,292
2021-05-20,Plumas,063,18699,698,682,10,692,4
2021-05-20,Riverside,065,2383286,292201,288453,13998,302451,4442
2021-05-20,Sacramento,067,1510023,105754,105414,1775,107189,1629
2021-05-20,San Benito,069,59416,6063,6067,115,6182,63
2021-05-20,San Bernardino,071,2135413,293096,292153,9050,301203,4728
2021-05-20,San Diego,073,3302833,280257,279490,14863,294353,3749
2021-05-20,San Francisco,075,870044,36684,36860,1311,38171,546
2021-05-20,San Joaquin,077,732212,72991,72388,3589,75977,1371
2021-05-20,San Luis Obispo,079,281455,21266,21095,747,21842,256
2021-05-20,San Mateo,081,765935,42325,42152,474,42626,432
2021-05-20,Santa Barbara,083,443738,34964,34293,1211,35504,459
2021-05-20,Santa Clara,085,1922200,118482,119222,771,119993,2029
2021-05-20,Santa Cruz,087,273765,16200,16119,832,16951,207
2021-05-20,Shasta,089,179085,12268,12266,1576,13842,200
2021-05-20,Sierra,091,2930,56,54,13,67,0
2021-05-20,Siskiyou,093,43540,1908,1811,353,2164,16
2021-05-20,Solano,095,438530,32746,32725,556,33281,253
2021-05-20,Sonoma,097,501317,29983,30107,332,30439,321
2021-05-20,Stanislaus,099,539301,56241,55979,5985,61964,970
2021-05-20,Sutter,101,95872,9486,9467,89,9556,113
2021-05-20,Tehama,103,63373,5063,5029,580,5609,63
2021-05-20,Trinity,105,12862,479,329,86,415,3
2021-05-20,Tulare,107,460477,50154,49217,9147,58364,837
2021-05-20,Tuolumne,109,53932,4074,4077,37,4114,65
2021-05-20,Ventura,111,848112,81315,80800,3003,83803,1019
2021-05-20,Yolo,113,214977,13975,13973,322,14295,211
2021-05-20,Yuba,115,75493,6030,6002,124,6126,49
2021-05-19,Alameda,001,1643700,87965,87889,1978,89867,1260
2021-05-19,Alpine,003,1148,88,88,0,88,0
2021-05-19,Amador,005,37829,3670,3669,33,3702,46
2021-05-19,Butte,007,227075,12486,12198,1832,14030,188
2021-05-19,Calaveras,009,45235,2140,2132,14,2146,54
2021-05-19,Colusa,011,21464,1940,1945,307,2252,15
2021-05-19,Contra Costa,013,1133247,69368,68836,1280,70116,808
2021-05-19,Del Norte,015,27424,1405,1371,12,1383,8
2021-05-19,El Dorado,017,186661,10253,10179,727,10906,112
2021-05-19,Fresno,019,978130,102631,102085,8767,110852,1693
2021-05-19,Glenn,021,27897,2424,2404,564,2968,17
2021-05-19,Humboldt,023,135768,4203,4143,34,4177,42
2021-05-19,Imperial,025,180216,28569,28550,2799,31349,732
2021-05-19,Inyo,027,18085,1403,1402,24,1426,36
2021-05-19,Kern,029,883053,97187,96173,10956,107129,1316
2021-05-19,Kings,031,150075,23124,22919,1109,24028,246
2021-05-19,Lake,033,64148,3515,3497,11,3508,43
2021-05-19,Lassen,035,31185,5194,5157,113,5270,6
2021-05-19,Los Angeles,037,10098052,1203674,1196856,41836,1238692,24143
2021-05-19,Madera,039,155013,16597,16496,942,17438,238
2021-05-19,Marin,041,260295,14050,14033,258,14291,227
2021-05-19,Mariposa,043,17540,428,425,12,437,5
2021-05-19,Mendocino,045,87422,3962,3886,76,3962,47
2021-05-19,Merced,047,269075,31003,31044,993,32037,452
2021-05-19,Modoc,049,8938,375,364,127,491,3
2021-05-19,Mono,051,14174,1253,1266,15,1281,3
2021-05-19,Monterey,053,433212,43117,42973,1903,44876,379
2021-05-19,Napa,055,140530,9902,9906,36,9942,82
2021-05-19,Nevada,057,99092,4809,4769,196,4965,70
2021-05-19,Orange,059,3164182,255312,254087,11383,265470,5035
2021-05-19,Placer,061,380077,23194,22784,1509,24293,291
2021-05-19,Plumas,063,18699,698,682,10,692,4
2021-05-19,Riverside,065,2383286,292154,288398,13996,302394,4442
2021-05-19,Sacramento,067,1510023,105676,105225,1774,106999,1629
2021-05-19,San Benito,069,59416,6062,6064,115,6179,63
2021-05-19,San Bernardino,071,2135413,293052,292078,9047,301125,4725
2021-05-19,San Diego,073,3302833,280173,279345,14842,294187,3746
2021-05-19,San Francisco,075,870044,36671,36835,1310,38145,546
2021-05-19,San Joaquin,077,732212,72948,72338,3584,75922,1369
2021-05-19,San Luis Obispo,079,281455,21258,21085,746,21831,256
2021-05-19,San Mateo,081,765935,42318,42126,474,42600,429
2021-05-19,Santa Barbara,083,443738,34956,34292,1211,35503,459
2021-05-19,Santa Clara,085,1922200,118442,119176,770,119946,2015
2021-05-19,Santa Cruz,087,273765,16196,16121,831,16952,207
2021-05-19,Shasta,089,179085,12250,12233,1572,13805,200
2021-05-19,Sierra,091,2930,56,54,13,67,0
2021-05-19,Siskiyou,093,43540,1905,1803,352,2155,16
2021-05-19,Solano,095,438530,32719,32678,554,33232,253
2021-05-19,Sonoma,097,501317,29968,30080,332,30412,321
2021-05-19,Stanislaus,099,539301,56219,55912,5980,61892,967
2021-05-19,Sutter,101,95872,9479,9459,88,9547,113
2021-05-19,Tehama,103,63373,5055,5026,577,5603,63
2021-05-19,Trinity,105,12862,479,329,86,415,3
2021-05-19,Tulare,107,460477,50141,49163,9142,58305,837
2021-05-19,Tuolumne,109,53932,4074,4074,37,4111,64
2021-05-19,Ventura,111,848112,81299,80747,3002,83749,1019
2021-05-19,Yolo,113,214977,13969,13961,321,14282,211
2021-05-19,Yuba,115,75493,6026,5993,124,6117,49
2021-05-18,Alameda,001,1643700,87892,87816,1978,89794,1254
2021-05-18,Alpine,003,1148,88,88,0,88,0
2021-05-18,Amador,005,37829,3670,3669,33,3702,46
2021-05-18,Butte,007,227075,12473,12164,1830,13994,191
2021-05-18,Calaveras,009,45235,2136,2131,14,2145,54
2021-05-18,Colusa,011,21464,1940,1943,307,2250,14
2021-05-18,Contra Costa,013,1133247,69311,68750,1279,70029,808
2021-05-18,Del Norte,015,27424,1402,1371,12,1383,8
2021-05-18,El Dorado,017,186661,10242,10169,726,10895,112
2021-05-18,Fresno,019,978130,102593,102056,8764,110820,1690
2021-05-18,Glenn,021,27897,2418,2403,563,2966,17
2021-05-18,Humboldt,023,135768,4185,4132,34,4166,42
2021-05-18,Imperial,025,180216,28563,28538,2797,31335,730
2021-05-18,Inyo,027,18085,1403,1401,24,1425,36
2021-05-18,Kern,029,883053,97153,96128,10942,107070,1315
2021-05-18,Kings,031,150075,23118,22916,1109,24025,247
2021-05-18,Lake,033,64148,3513,3495,11,3506,43
2021-05-18,Lassen,035,31185,5193,5157,112,5269,6
2021-05-18,Los Angeles,037,10098052,1203496,1196668,41824,1238492,24133
2021-05-18,Madera,039,155013,16587,16491,941,17432,238
2021-05-18,Marin,041,260295,14047,14026,258,14284,227
2021-05-18,Mariposa,043,17540,428,424,12,436,5
2021-05-18,Mendocino,045,87422,3951,3877,75,3952,47
2021-05-18,Merced,047,269075,30984,31036,993,32029,452
2021-05-18,Modoc,049,8938,374,364,126,490,3
2021-05-18,Mono,051,14174,1252,1265,15,1280,3
2021-05-18,Monterey,053,433212,43111,43001,1903,44904,379
2021-05-18,Napa,055,140530,9902,9905,36,9941,82
2021-05-18,Nevada,057,99092,4802,4762,196,4958,70
2021-05-18,Orange,059,3164182,255271,254041,11373,265414,5031
2021-05-18,Placer,061,380077,23161,22726,1505,24231,291
2021-05-18,Plumas,063,18699,698,682,10,692,4
2021-05-18,Riverside,065,2383286,292100,288354,13989,302343,4438
2021-05-18,Sacramento,067,1510023,105575,105083,1772,106855,1629
2021-05-18,San Benito,069,59416,6061,6065,115,6180,63
2021-05-18,San Bernardino,071,2135413,292995,292014,9042,301056,4722
2021-05-18,San Diego,073,3302833,280065,279254,14833,294087,3742
2021-05-18,San Francisco,075,870044,36651,36818,1310,38128,546
2021-05-18,San Joaquin,077,732212,72901,72282,3579,75861,1368
2021-05-18,San Luis Obispo,079,281455,21248,21080,744,21824,256
2021-05-18,San Mateo,081,765935,42306,42099,473,42572,428
2021-05-18,Santa Barbara,083,443738,34947,34278,1211,35489,459
2021-05-18,Santa Clara,085,1922200,118415,119171,770,119941,2014
2021-05-18,Santa Cruz,087,273765,16188,16137,831,16968,207
2021-05-18,Shasta,089,179085,12232,12197,1566,13763,200
2021-05-18,Sierra,091,2930,56,54,13,67,0
2021-05-18,Siskiyou,093,43540,1904,1799,352,2151,16
2021-05-18,Solano,095,438530,32694,32644,554,33198,253
2021-05-18,Sonoma,097,501317,29948,30054,331,30385,321
2021-05-18,Stanislaus,099,539301,56180,55860,5980,61840,959
2021-05-18,Sutter,101,95872,9471,9453,88,9541,113
2021-05-18,Tehama,103,63373,5051,5020,574,5594,63
2021-05-18,Trinity,105,12862,479,329,85,414,3
2021-05-18,Tulare,107,460477,50133,49142,9137,58279,836
2021-05-18,Tuolumne,109,53932,4072,4073,37,4110,64
2021-05-18,Ventura,111,848112,81283,80726,2999,83725,1017
2021-05-18,Yolo,113,214977,13962,13951,320,14271,211
2021-05-18,Yuba,115,75493,6022,5989,123,6112,49
2021-05-17,Alameda,001,1643700,87840,87766,1975,89741,1253
2021-05-17,Alpine,003,1148,88,88,0,88,0
2021-05-17,Amador,005,37829,3667,3668,33,3701,46
2021-05-17,Butte,007,227075,12465,12144,1830,13974,192
2021-05-17,Calaveras,009,45235,2136,2131,14,2145,53
2021-05-17,Colusa,011,21464,1940,1943,307,2250,14
2021-05-17,Contra Costa,013,1133247,69256,68720,1278,69998,805
2021-05-17,Del Norte,015,27424,1397,1369,12,1381,8
2021-05-17,El Dorado,017,186661,10225,10163,726,10889,112
2021-05-17,Fresno,019,978130,102550,102013,8756,110769,1690
2021-05-17,Glenn,021,27897,2418,2401,563,2964,17
2021-05-17,Humboldt,023,135768,4174,4112,34,4146,42
2021-05-17,Imperial,025,180216,28557,28533,2795,31328,729
2021-05-17,Inyo,027,18085,1403,1401,24,1425,36
2021-05-17,Kern,029,883053,97124,96095,10925,107020,1315
2021-05-17,Kings,031,150075,23115,22918,1109,24027,246
2021-05-17,Lake,033,64148,3508,3489,11,3500,43
2021-05-17,Lassen,035,31185,5190,5156,111,5267,6
2021-05-17,Los Angeles,037,10098052,1203322,1196556,41818,1238374,24123
2021-05-17,Madera,039,155013,16580,16486,941,17427,238
2021-05-17,Marin,041,260295,14041,14021,258,14279,227
2021-05-17,Mariposa,043,17540,427,423,12,435,5
2021-05-17,Mendocino,045,87422,3942,3868,75,3943,46
2021-05-17,Merced,047,269075,30969,31031,993,32024,450
2021-05-17,Modoc,049,8938,373,362,126,488,3
2021-05-17,Mono,051,14174,1248,1265,15,1280,3
2021-05-17,Monterey,053,433212,43104,42995,1903,44898,379
2021-05-17,Napa,055,140530,9901,9894,36,9930,82
2021-05-17,Nevada,057,99092,4798,4761,195,4956,70
2021-05-17,Orange,059,3164182,255225,253993,11366,265359,5031
2021-05-17,Placer,061,380077,23135,22706,1498,24204,289
2021-05-17,Plumas,063,18699,698,682,10,692,4
2021-05-17,Riverside,065,2383286,292031,288304,13985,302289,4433
2021-05-17,Sacramento,067,1510023,105467,105035,1769,106804,1629
2021-05-17,San Benito,069,59416,6058,6067,115,6182,63
2021-05-17,San Bernardino,071,2135413,292946,291989,9034,301023,4724
2021-05-17,San Diego,073,3302833,279933,279146,14811,293957,3742
2021-05-17,San Francisco,075,870044,36639,36816,1308,38124,546
2021-05-17,San Joaquin,077,732212,72863,72234,3576,75810,1359
2021-05-17,San Luis Obispo,079,281455,21239,21079,742,21821,256
2021-05-17,San Mateo,081,765935,42278,42083,473,42556,428
2021-05-17,Santa Barbara,083,443738,34940,34275,1211,35486,459
2021-05-17,Santa Clara,085,1922200,118378,119116,768,119884,2015
2021-05-17,Santa Cruz,087,273765,16185,16151,831,16982,206
2021-05-17,Shasta,089,179085,12210,12163,1565,13728,200
2021-05-17,Sierra,091,2930,56,54,13,67,0
2021-05-17,Siskiyou,093,43540,1895,1795,349,2144,15
2021-05-17,Solano,095,438530,32676,32627,553,33180,253
2021-05-17,Sonoma,097,501317,29925,30043,330,30373,321
2021-05-17,Stanislaus,099,539301,56129,55839,5973,61812,951
2021-05-17,Sutter,101,95872,9464,9447,88,9535,113
2021-05-17,Tehama,103,63373,5048,5016,573,5589,63
2021-05-17,Trinity,105,12862,479,328,85,413,3
2021-05-17,Tulare,107,460477,50111,49107,9130,58237,836
2021-05-17,Tuolumne,109,53932,4072,4071,37,4108,64
2021-05-17,Ventura,111,848112,81263,80699,2999,83698,1017
2021-05-17,Yolo,113,214977,13955,13941,320,14261,211
2021-05-17,Yuba,115,75493,6014,5987,123,6110,49
2021-05-16,Alameda,001,1643700,87776,87743,1975,89718,1253
2021-05-16,Alpine,003,1148,88,88,0,88,0
2021-05-16,Amador,005,37829,3666,3667,33,3700,46
2021-05-16,Butte,007,227075,12451,12140,1830,13970,192
2021-05-16,Calaveras,009,45235,2134,2129,14,2143,53
2021-05-16,Colusa,011,21464,1938,1943,307,2250,14
2021-05-16,Contra Costa,013,1133247,69188,68694,1275,69969,805
2021-05-16,Del Norte,015,27424,1394,1365,12,1377,8
2021-05-16,El Dorado,017,186661,10209,10159,725,10884,112
2021-05-16,Fresno,019,978130,102506,101987,8750,110737,1690
2021-05-16,Glenn,021,27897,2418,2401,562,2963,17
2021-05-16,Humboldt,023,135768,4159,4104,34,4138,42
2021-05-16,Imperial,025,180216,28546,28516,2794,31310,729
2021-05-16,Inyo,027,18085,1403,1401,24,1425,36
2021-05-16,Kern,029,883053,97091,96083,10904,106987,1315
2021-05-16,Kings,031,150075,23111,22918,1106,24024,246
2021-05-16,Lake,033,64148,3505,3489,11,3500,43
2021-05-16,Lassen,035,31185,5189,5156,111,5267,6
2021-05-16,Los Angeles,037,10098052,1203102,1196397,41802,1238199,24120
2021-05-16,Madera,039,155013,16575,16483,938,17421,238
2021-05-16,Marin,041,260295,14038,14015,258,14273,227
2021-05-16,Mariposa,043,17540,427,423,12,435,5
2021-05-16,Mendocino,045,87422,3932,3863,75,3938,46
2021-05-16,Merced,047,269075,30948,31023,991,32014,450
2021-05-16,Modoc,049,8938,373,362,126,488,3
2021-05-16,Mono,051,14174,1248,1265,15,1280,3
2021-05-16,Monterey,053,433212,43099,42991,1903,44894,379
2021-05-16,Napa,055,140530,9898,9891,36,9927,82
2021-05-16,Nevada,057,99092,4793,4755,195,4950,70
2021-05-16,Orange,059,3164182,255192,253962,11363,265325,5031
2021-05-16,Placer,061,380077,23103,22696,1492,24188,289
2021-05-16,Plumas,063,18699,697,682,10,692,4
2021-05-16,Riverside,065,2383286,291956,288259,13976,302235,4433
2021-05-16,Sacramento,067,1510023,105353,105013,1767,106780,1628
2021-05-16,San Benito,069,59416,6057,6067,114,6181,63
2021-05-16,San Bernardino,071,2135413,292873,291940,9032,300972,4724
2021-05-16,San Diego,073,3302833,279815,279099,14798,293897,3742
2021-05-16,San Francisco,075,870044,36617,36808,1307,38115,546
2021-05-16,San Joaquin,077,732212,72815,72218,3571,75789,1359
2021-05-16,San Luis Obispo,079,281455,21232,21072,741,21813,256
2021-05-16,San Mateo,081,765935,42267,42063,472,42535,428
2021-05-16,Santa Barbara,083,443738,34933,34270,1211,35481,459
2021-05-16,Santa Clara,085,1922200,118349,119098,767,119865,2015
2021-05-16,Santa Cruz,087,273765,16183,16143,831,16974,206
2021-05-16,Shasta,089,179085,12194,12156,1561,13717,200
2021-05-16,Sierra,091,2930,56,54,13,67,0
2021-05-16,Siskiyou,093,43540,1891,1790,348,2138,15
2021-05-16,Solano,095,438530,32643,32619,551,33170,253
2021-05-16,Sonoma,097,501317,29906,30033,330,30363,321
2021-05-16,Stanislaus,099,539301,56074,55814,5961,61775,951
2021-05-16,Sutter,101,95872,9457,9445,88,9533,113
2021-05-16,Tehama,103,63373,5044,5013,572,5585,63
2021-05-16,Trinity,105,12862,479,328,85,413,3
2021-05-16,Tulare,107,460477,50094,49091,9127,58218,837
2021-05-16,Tuolumne,109,53932,4068,4070,37,4107,64
2021-05-16,Ventura,111,848112,81232,80689,2999,83688,1017
2021-05-16,Yolo,113,214977,13940,13938,320,14258,211
2021-05-16,Yuba,115,75493,6011,5987,123,6110,49
2021-05-15,Alameda,001,1643700,87750,87677,1974,89651,1252
2021-05-15,Alpine,003,1148,88,88,0,88,0
2021-05-15,Amador,005,37829,3666,3666,33,3699,46
2021-05-15,Butte,007,227075,12444,12095,1829,13924,192
2021-05-15,Calaveras,009,45235,2133,2126,14,2140,53
2021-05-15,Colusa,011,21464,1938,1941,305,2246,14
2021-05-15,Contra Costa,013,1133247,69142,68658,1275,69933,805
2021-05-15,Del Norte,015,27424,1389,1359,12,1371,8
2021-05-15,El Dorado,017,186661,10197,10156,724,10880,112
2021-05-15,Fresno,019,978130,102469,101957,8747,110704,1690
2021-05-15,Glenn,021,27897,2418,2400,562,2962,17
2021-05-15,Humboldt,023,135768,4149,4080,34,4114,42
2021-05-15,Imperial,025,180216,28543,28504,2793,31297,729
2021-05-15,Inyo,027,18085,1403,1402,24,1426,36
2021-05-15,Kern,029,883053,97078,96061,10888,106949,1315
2021-05-15,Kings,031,150075,23110,22913,1106,24019,246
2021-05-15,Lake,033,64148,3504,3485,11,3496,43
2021-05-15,Lassen,035,31185,5186,5156,110,5266,6
2021-05-15,Los Angeles,037,10098052,1202980,1196255,41789,1238044,24115
2021-05-15,Madera,039,155013,16572,16482,938,17420,238
2021-05-15,Marin,041,260295,14034,14012,258,14270,227
2021-05-15,Mariposa,043,17540,427,423,12,435,5
2021-05-15,Mendocino,045,87422,3929,3861,75,3936,46
2021-05-15,Merced,047,269075,30927,31012,991,32003,450
2021-05-15,Modoc,049,8938,373,362,126,488,3
2021-05-15,Mono,051,14174,1248,1265,15,1280,3
2021-05-15,Monterey,053,433212,43095,42982,1903,44885,379
2021-05-15,Napa,055,140530,9895,9887,36,9923,82
2021-05-15,Nevada,057,99092,4792,4755,195,4950,70
2021-05-15,Orange,059,3164182,255165,253919,11356,265275,5030
2021-05-15,Placer,061,380077,23082,22688,1492,24180,289
2021-05-15,Plumas,063,18699,697,681,10,691,4
2021-05-15,Riverside,065,2383286,291914,288203,13971,302174,4433
2021-05-15,Sacramento,067,1510023,105281,104929,1764,106693,1628
2021-05-15,San Benito,069,59416,6057,6066,114,6180,63
2021-05-15,San Bernardino,071,2135413,292831,291892,9030,300922,4724
2021-05-15,San Diego,073,3302833,279744,278991,14783,293774,3737
2021-05-15,San Francisco,075,870044,36601,36795,1305,38100,546
2021-05-15,San Joaquin,077,732212,72789,72197,3569,75766,1359
2021-05-15,San Luis Obispo,079,281455,21229,21061,740,21801,256
2021-05-15,San Mateo,081,765935,42251,42059,472,42531,428
2021-05-15,Santa Barbara,083,443738,34926,34259,1211,35470,459
2021-05-15,Santa Clara,085,1922200,118329,119060,767,119827,2016
2021-05-15,Santa Cruz,087,273765,16179,16137,831,16968,206
2021-05-15,Shasta,089,179085,12182,12152,1558,13710,200
2021-05-15,Sierra,091,2930,56,54,13,67,0
2021-05-15,Siskiyou,093,43540,1885,1788,346,2134,15
2021-05-15,Solano,095,438530,32634,32604,550,33154,253
2021-05-15,Sonoma,097,501317,29887,30020,330,30350,321
2021-05-15,Stanislaus,099,539301,56042,55795,5954,61749,952
2021-05-15,Sutter,101,95872,9455,9436,88,9524,113
2021-05-15,Tehama,103,63373,5040,5012,570,5582,63
2021-05-15,Trinity,105,12862,479,328,85,413,3
2021-05-15,Tulare,107,460477,50084,49080,9123,58203,837
2021-05-15,Tuolumne,109,53932,4066,4064,37,4101,63
2021-05-15,Ventura,111,848112,81221,80662,2999,83661,1017
2021-05-15,Yolo,113,214977,13933,13932,319,14251,211
2021-05-15,Yuba,115,75493,6008,5979,122,6101,49
2021-05-14,Alameda,001,1643700,87716,87621,1971,89592,1249
2021-05-14,Alpine,003,1148,88,88,0,88,0
2021-05-14,Amador,005,37829,3666,3665,33,3698,46
2021-05-14,Butte,007,227075,12435,12076,1826,13902,192
2021-05-14,Calaveras,009,45235,2129,2121,14,2135,53
2021-05-14,Colusa,011,21464,1937,1940,304,2244,14
2021-05-14,Contra Costa,013,1133247,69100,68589,1273,69862,806
2021-05-14,Del Norte,015,27424,1389,1355,12,1367,8
2021-05-14,El Dorado,017,186661,10190,10143,723,10866,113
2021-05-14,Fresno,019,978130,102440,101917,8741,110658,1688
2021-05-14,Glenn,021,27897,2417,2398,562,2960,17
2021-05-14,Humboldt,023,135768,4141,4050,34,4084,37
2021-05-14,Imperial,025,180216,28536,28485,2792,31277,728
2021-05-14,Inyo,027,18085,1403,1400,24,1424,36
2021-05-14,Kern,029,883053,97048,96033,10879,106912,1311
2021-05-14,Kings,031,150075,23109,22910,1106,24016,246
2021-05-14,Lake,033,64148,3500,3483,11,3494,43
2021-05-14,Lassen,035,31185,5186,5154,110,5264,6
2021-05-14,Los Angeles,037,10098052,1202846,1196038,41784,1237822,24101
2021-05-14,Madera,039,155013,16569,16474,938,17412,238
2021-05-14,Marin,041,260295,14030,14010,258,14268,227
2021-05-14,Mariposa,043,17540,427,422,12,434,5
2021-05-14,Mendocino,045,87422,3927,3855,75,3930,46
2021-05-14,Merced,047,269075,30917,31010,991,32001,450
2021-05-14,Modoc,049,8938,373,362,126,488,3
2021-05-14,Mono,051,14174,1247,1265,15,1280,3
2021-05-14,Monterey,053,433212,43090,42973,1903,44876,380
2021-05-14,Napa,055,140530,9892,9883,36,9919,82
2021-05-14,Nevada,057,99092,4787,4745,195,4940,70
2021-05-14,Orange,059,3164182,255132,253855,11349,265204,5028
2021-05-14,Placer,061,380077,23063,22660,1486,24146,287
2021-05-14,Plumas,063,18699,696,680,10,690,4
2021-05-14,Riverside,065,2383286,291864,288140,13968,302108,4433
2021-05-14,Sacramento,067,1510023,105192,104828,1763,106591,1627
2021-05-14,San Benito,069,59416,6057,6064,114,6178,63
2021-05-14,San Bernardino,071,2135413,292783,291834,9030,300864,4721
2021-05-14,San Diego,073,3302833,279671,278853,14772,293625,3732
2021-05-14,San Francisco,075,870044,36592,36771,1301,38072,545
2021-05-14,San Joaquin,077,732212,72757,72160,3562,75722,1359
2021-05-14,San Luis Obispo,079,281455,21225,21051,740,21791,256
2021-05-14,San Mateo,081,765935,42240,42041,472,42513,428
2021-05-14,Santa Barbara,083,443738,34916,34243,1211,35454,456
2021-05-14,Santa Clara,085,1922200,118300,119006,767,119773,2014
2021-05-14,Santa Cruz,087,273765,16174,16130,831,16961,207
2021-05-14,Shasta,089,179085,12176,12130,1553,13683,200
2021-05-14,Sierra,091,2930,56,54,13,67,0
2021-05-14,Siskiyou,093,43540,1878,1779,345,2124,14
2021-05-14,Solano,095,438530,32614,32585,549,33134,252
2021-05-14,Sonoma,097,501317,29869,30007,330,30337,321
2021-05-14,Stanislaus,099,539301,56006,55752,5948,61700,950
2021-05-14,Sutter,101,95872,9446,9433,86,9519,113
2021-05-14,Tehama,103,63373,5033,5005,570,5575,63
2021-05-14,Trinity,105,12862,479,328,85,413,3
2021-05-14,Tulare,107,460477,50067,49060,9118,58178,836
2021-05-14,Tuolumne,109,53932,4066,4060,37,4097,63
2021-05-14,Ventura,111,848112,81207,80628,2999,83627,1014
2021-05-14,Yolo,113,214977,13928,13922,315,14237,210
2021-05-14,Yuba,115,75493,6004,5970,122,6092,47
2021-05-13,Alameda,001,1643700,87671,87557,1970,89527,1250
2021-05-13,Alpine,003,1148,88,88,0,88,0
2021-05-13,Amador,005,37829,3666,3662,33,3695,46
2021-05-13,Butte,007,227075,12422,12051,1825,13876,196
2021-05-13,Calaveras,009,45235,2129,2120,14,2134,53
2021-05-13,Colusa,011,21464,1936,1939,300,2239,14
2021-05-13,Contra Costa,013,1133247,69052,68522,1272,69794,806
2021-05-13,Del Norte,015,27424,1387,1354,12,1366,8
2021-05-13,El Dorado,017,186661,10188,10133,723,10856,112
2021-05-13,Fresno,019,978130,102411,101862,8740,110602,1687
2021-05-13,Glenn,021,27897,2416,2395,562,2957,17
2021-05-13,Humboldt,023,135768,4123,4027,34,4061,37
2021-05-13,Imperial,025,180216,28521,28468,2790,31258,729
2021-05-13,Inyo,027,18085,1403,1400,24,1424,36
2021-05-13,Kern,029,883053,97024,95996,10861,106857,1311
2021-05-13,Kings,031,150075,23108,22904,1106,24010,246
2021-05-13,Lake,033,64148,3498,3479,11,3490,43
2021-05-13,Lassen,035,31185,5186,5152,109,5261,6
2021-05-13,Los Angeles,037,10098052,1202657,1195504,41771,1237275,24083
2021-05-13,Madera,039,155013,16561,16467,938,17405,238
2021-05-13,Marin,041,260295,14025,14004,256,14260,227
2021-05-13,Mariposa,043,17540,427,422,12,434,5
2021-05-13,Mendocino,045,87422,3923,3846,75,3921,46
2021-05-13,Merced,047,269075,30909,30989,991,31980,450
2021-05-13,Modoc,049,8938,373,362,126,488,3
2021-05-13,Mono,051,14174,1247,1265,15,1280,3
2021-05-13,Monterey,053,433212,43075,42966,1903,44869,380
2021-05-13,Napa,055,140530,9885,9877,36,9913,82
2021-05-13,Nevada,057,99092,4783,4743,194,4937,70
2021-05-13,Orange,059,3164182,255089,253778,11347,265125,5026
2021-05-13,Placer,061,380077,23039,22668,1479,24147,288
2021-05-13,Plumas,063,18699,696,680,10,690,4
2021-05-13,Riverside,065,2383286,291801,288067,13965,302032,4433
2021-05-13,Sacramento,067,1510023,105105,104711,1761,106472,1626
2021-05-13,San Benito,069,59416,6055,6062,114,6176,63
2021-05-13,San Bernardino,071,2135413,292717,291765,9030,300795,4722
2021-05-13,San Diego,073,3302833,279557,278592,14755,293347,3729
2021-05-13,San Francisco,075,870044,36568,36741,1299,38040,544
2021-05-13,San Joaquin,077,732212,72714,72096,3558,75654,1357
2021-05-13,San Luis Obispo,079,281455,21210,21043,739,21782,255
2021-05-13,San Mateo,081,765935,42223,42059,472,42531,426
2021-05-13,Santa Barbara,083,443738,34904,34242,1211,35453,456
2021-05-13,Santa Clara,085,1922200,118273,118952,767,119719,2013
2021-05-13,Santa Cruz,087,273765,16168,16129,831,16960,208
2021-05-13,Shasta,089,179085,12156,12111,1549,13660,200
2021-05-13,Sierra,091,2930,56,54,13,67,0
2021-05-13,Siskiyou,093,43540,1871,1769,342,2111,14
2021-05-13,Solano,095,438530,32601,32548,547,33095,252
2021-05-13,Sonoma,097,501317,29844,29991,330,30321,321
2021-05-13,Stanislaus,099,539301,55968,55678,5942,61620,949
2021-05-13,Sutter,101,95872,9441,9431,85,9516,112
2021-05-13,Tehama,103,63373,5028,4997,570,5567,63
2021-05-13,Trinity,105,12862,478,327,84,411,3
2021-05-13,Tulare,107,460477,50041,49032,9110,58142,837
2021-05-13,Tuolumne,109,53932,4065,4059,37,4096,63
2021-05-13,Ventura,111,848112,81177,80615,2998,83613,1012
2021-05-13,Yolo,113,214977,13919,13914,313,14227,210
2021-05-13,Yuba,115,75493,5995,5962,122,6084,47
2021-05-12,Alameda,001,1643700,87637,87482,1968,89450,1261
2021-05-12,Alpine,003,1148,88,88,0,88,0
2021-05-12,Amador,005,37829,3666,3658,33,3691,46
2021-05-12,Butte,007,227075,12412,12026,1825,13851,199
2021-05-12,Calaveras,009,45235,2126,2119,14,2133,53
2021-05-12,Colusa,011,21464,1934,1939,299,2238,14
2021-05-12,Contra Costa,013,1133247,68994,68462,1266,69728,805
2021-05-12,Del Norte,015,27424,1385,1352,12,1364,8
2021-05-12,El Dorado,017,186661,10179,10123,723,10846,112
2021-05-12,Fresno,019,978130,102362,101838,8729,110567,1688
2021-05-12,Glenn,021,27897,2413,2391,562,2953,17
2021-05-12,Humboldt,023,135768,4095,3982,34,4016,37
2021-05-12,Imperial,025,180216,28503,28443,2787,31230,726
2021-05-12,Inyo,027,18085,1403,1400,24,1424,36
2021-05-12,Kern,029,883053,96988,95955,10854,106809,1310
2021-05-12,Kings,031,150075,23106,22896,1106,24002,246
2021-05-12,Lake,033,64148,3496,3476,11,3487,43
2021-05-12,Lassen,035,31185,5184,5151,109,5260,6
2021-05-12,Los Angeles,037,10098052,1202477,1195318,41755,1237073,24067
2021-05-12,Madera,039,155013,16554,16462,937,17399,238
2021-05-12,Marin,041,260295,14020,13997,256,14253,227
2021-05-12,Mariposa,043,17540,427,422,12,434,5
2021-05-12,Mendocino,045,87422,3913,3836,75,3911,46
2021-05-12,Merced,047,269075,30893,30941,991,31932,450
2021-05-12,Modoc,049,8938,372,362,126,488,3
2021-05-12,Mono,051,14174,1247,1265,15,1280,3
2021-05-12,Monterey,053,433212,43063,42950,1902,44852,380
2021-05-12,Napa,055,140530,9879,9870,36,9906,82
2021-05-12,Nevada,057,99092,4779,4738,194,4932,70
2021-05-12,Orange,059,3164182,255037,253587,11344,264931,5024
2021-05-12,Placer,061,380077,23020,22652,1472,24124,288
2021-05-12,Plumas,063,18699,696,681,10,691,4
2021-05-12,Riverside,065,2383286,291729,287830,13961,301791,4431
2021-05-12,Sacramento,067,1510023,105009,104592,1760,106352,1621
2021-05-12,San Benito,069,59416,6055,6062,114,6176,63
2021-05-12,San Bernardino,071,2135413,292669,291505,9025,300530,4715
2021-05-12,San Diego,073,3302833,279453,278402,14734,293136,3729
2021-05-12,San Francisco,075,870044,36549,36720,1298,38018,544
2021-05-12,San Joaquin,077,732212,72660,72043,3554,75597,1356
2021-05-12,San Luis Obispo,079,281455,21200,21021,739,21760,255
2021-05-12,San Mateo,081,765935,42214,42038,470,42508,426
2021-05-12,Santa Barbara,083,443738,34897,34218,1211,35429,456
2021-05-12,Santa Clara,085,1922200,118230,118897,767,119664,2005
2021-05-12,Santa Cruz,087,273765,16162,16123,831,16954,207
2021-05-12,Shasta,089,179085,12136,12092,1547,13639,200
2021-05-12,Sierra,091,2930,56,54,13,67,0
2021-05-12,Siskiyou,093,43540,1867,1760,341,2101,13
2021-05-12,Solano,095,438530,32577,32519,547,33066,252
2021-05-12,Sonoma,097,501317,29832,29976,330,30306,320
2021-05-12,Stanislaus,099,539301,55926,55632,5935,61567,919
2021-05-12,Sutter,101,95872,9438,9427,85,9512,112
2021-05-12,Tehama,103,63373,5024,4989,570,5559,62
2021-05-12,Trinity,105,12862,478,327,84,411,3
2021-05-12,Tulare,107,460477,50025,49001,9102,58103,838
2021-05-12,Tuolumne,109,53932,4064,4056,37,4093,63
2021-05-12,Ventura,111,848112,81158,80577,2998,83575,1010
2021-05-12,Yolo,113,214977,13912,13910,312,14222,210
2021-05-12,Yuba,115,75493,5992,5956,122,6078,47
2021-05-11,Alameda,001,1643700,87573,87413,1964,89377,1290
2021-05-11,Alpine,003,1148,88,88,0,88,0
2021-05-11,Amador,005,37829,3664,3657,33,3690,46
2021-05-11,Butte,007,227075,12397,12008,1822,13830,199
2021-05-11,Calaveras,009,45235,2126,2118,14,2132,52
2021-05-11,Colusa,011,21464,1933,1939,299,2238,14
2021-05-11,Contra Costa,013,1133247,68934,68406,1265,69671,806
2021-05-11,Del Norte,015,27424,1383,1347,12,1359,8
2021-05-11,El Dorado,017,186661,10173,10108,722,10830,112
2021-05-11,Fresno,019,978130,102316,101792,8723,110515,1686
2021-05-11,Glenn,021,27897,2412,2387,561,2948,17
2021-05-11,Humboldt,023,135768,4074,3964,33,3997,37
2021-05-11,Imperial,025,180216,28495,28413,2783,31196,722
2021-05-11,Inyo,027,18085,1402,1402,24,1426,36
2021-05-11,Kern,029,883053,96960,95938,10841,106779,1310
2021-05-11,Kings,031,150075,23098,22887,1106,23993,246
2021-05-11,Lake,033,64148,3496,3473,11,3484,43
2021-05-11,Lassen,035,31185,5182,5148,109,5257,6
2021-05-11,Los Angeles,037,10098052,1202241,1195100,41743,1236843,24048
2021-05-11,Madera,039,155013,16550,16459,937,17396,238
2021-05-11,Marin,041,260295,14013,13987,256,14243,227
2021-05-11,Mariposa,043,17540,427,421,12,433,5
2021-05-11,Mendocino,045,87422,3905,3821,75,3896,46
2021-05-11,Merced,047,269075,30884,30893,991,31884,449
2021-05-11,Modoc,049,8938,372,362,125,487,3
2021-05-11,Mono,051,14174,1247,1265,15,1280,3
2021-05-11,Monterey,053,433212,43055,42934,1901,44835,380
2021-05-11,Napa,055,140530,9872,9870,36,9906,81
2021-05-11,Nevada,057,99092,4775,4737,194,4931,70
2021-05-11,Orange,059,3164182,254974,253545,11336,264881,5017
2021-05-11,Placer,061,380077,22998,22615,1468,24083,287
2021-05-11,Plumas,063,18699,694,679,10,689,4
2021-05-11,Riverside,065,2383286,291669,287757,13956,301713,4429
2021-05-11,Sacramento,067,1510023,104910,104496,1757,106253,1616
2021-05-11,San Benito,069,59416,6052,6058,114,6172,63
2021-05-11,San Bernardino,071,2135413,292609,291421,9023,300444,4707
2021-05-11,San Diego,073,3302833,279318,278308,14715,293023,3725
2021-05-11,San Francisco,075,870044,36529,36707,1298,38005,543
2021-05-11,San Joaquin,077,732212,72612,71999,3551,75550,1356
2021-05-11,San Luis Obispo,079,281455,21193,21008,737,21745,255
2021-05-11,San Mateo,081,765935,42195,41985,469,42454,425
2021-05-11,Santa Barbara,083,443738,34888,34207,1211,35418,456
2021-05-11,Santa Clara,085,1922200,118184,118857,766,119623,2005
2021-05-11,Santa Cruz,087,273765,16158,16113,831,16944,206
2021-05-11,Shasta,089,179085,12113,12050,1541,13591,200
2021-05-11,Sierra,091,2930,56,54,13,67,0
2021-05-11,Siskiyou,093,43540,1858,1756,339,2095,13
2021-05-11,Solano,095,438530,32559,32499,545,33044,250
2021-05-11,Sonoma,097,501317,29817,29966,330,30296,318
2021-05-11,Stanislaus,099,539301,55876,55589,5931,61520,909
2021-05-11,Sutter,101,95872,9431,9417,85,9502,112
2021-05-11,Tehama,103,63373,5020,4985,569,5554,62
2021-05-11,Trinity,105,12862,478,327,83,410,3
2021-05-11,Tulare,107,460477,49999,48974,9087,58061,837
2021-05-11,Tuolumne,109,53932,4063,4056,37,4093,63
2021-05-11,Ventura,111,848112,81134,80544,2995,83539,1008
2021-05-11,Yolo,113,214977,13899,13902,309,14211,210
2021-05-11,Yuba,115,75493,5983,5950,122,6072,46
2021-05-10,Alameda,001,1643700,87502,87366,1963,89329,1284
2021-05-10,Alpine,003,1148,88,88,0,88,0
2021-05-10,Amador,005,37829,3663,3657,33,3690,46
2021-05-10,Butte,007,227075,12381,11993,1818,13811,199
2021-05-10,Calaveras,009,45235,2119,2118,14,2132,52
2021-05-10,Colusa,011,21464,1933,1939,299,2238,14
2021-05-10,Contra Costa,013,1133247,68871,68357,1265,69622,806
2021-05-10,Del Norte,015,27424,1380,1339,12,1351,8
2021-05-10,El Dorado,017,186661,10159,10093,722,10815,113
2021-05-10,Fresno,019,978130,102285,101755,8717,110472,1682
2021-05-10,Glenn,021,27897,2411,2384,559,2943,17
2021-05-10,Humboldt,023,135768,4044,3961,33,3994,36
2021-05-10,Imperial,025,180216,28481,28397,2779,31176,722
2021-05-10,Inyo,027,18085,1402,1401,24,1425,36
2021-05-10,Kern,029,883053,96917,95920,10827,106747,1310
2021-05-10,Kings,031,150075,23087,22884,1105,23989,246
2021-05-10,Lake,033,64148,3488,3471,11,3482,43
2021-05-10,Lassen,035,31185,5178,5148,109,5257,5
2021-05-10,Los Angeles,037,10098052,1201985,1194976,41727,1236703,24030
2021-05-10,Madera,039,155013,16540,16450,937,17387,238
2021-05-10,Marin,041,260295,14010,13981,256,14237,228
2021-05-10,Mariposa,043,17540,426,420,12,432,5
2021-05-10,Mendocino,045,87422,3899,3818,75,3893,46
2021-05-10,Merced,047,269075,30873,30880,991,31871,448
2021-05-10,Modoc,049,8938,372,361,125,486,3
2021-05-10,Mono,051,14174,1247,1265,15,1280,3
2021-05-10,Monterey,053,433212,43049,42927,1896,44823,380
2021-05-10,Napa,055,140530,9870,9860,36,9896,81
2021-05-10,Nevada,057,99092,4768,4735,194,4929,70
2021-05-10,Orange,059,3164182,254921,253484,11330,264814,5008
2021-05-10,Placer,061,380077,22976,22590,1465,24055,286
2021-05-10,Plumas,063,18699,693,679,10,689,4
2021-05-10,Riverside,065,2383286,291602,287689,13950,301639,4427
2021-05-10,Sacramento,067,1510023,104797,104378,1752,106130,1613
2021-05-10,San Benito,069,59416,6051,6058,114,6172,63
2021-05-10,San Bernardino,071,2135413,292557,291360,9022,300382,4707
2021-05-10,San Diego,073,3302833,279153,278183,14688,292871,3725
2021-05-10,San Francisco,075,870044,36510,36683,1298,37981,543
2021-05-10,San Joaquin,077,732212,72575,71954,3536,75490,1356
2021-05-10,San Luis Obispo,079,281455,21175,20993,736,21729,256
2021-05-10,San Mateo,081,765935,42177,41926,469,42395,424
2021-05-10,Santa Barbara,083,443738,34881,34201,1211,35412,456
2021-05-10,Santa Clara,085,1922200,118125,118822,766,119588,2003
2021-05-10,Santa Cruz,087,273765,16152,16114,831,16945,206
2021-05-10,Shasta,089,179085,12099,12036,1537,13573,200
2021-05-10,Sierra,091,2930,56,54,13,67,0
2021-05-10,Siskiyou,093,43540,1848,1752,337,2089,13
2021-05-10,Solano,095,438530,32539,32466,543,33009,250
2021-05-10,Sonoma,097,501317,29802,29955,329,30284,318
2021-05-10,Stanislaus,099,539301,55802,55541,5925,61466,898
2021-05-10,Sutter,101,95872,9425,9412,85,9497,111
2021-05-10,Tehama,103,63373,5016,4980,569,5549,62
2021-05-10,Trinity,105,12862,478,327,81,408,3
2021-05-10,Tulare,107,460477,49975,48956,9081,58037,837
2021-05-10,Tuolumne,109,53932,4059,4054,36,4090,63
2021-05-10,Ventura,111,848112,81118,80501,2993,83494,1008
2021-05-10,Yolo,113,214977,13887,13898,307,14205,209
2021-05-10,Yuba,115,75493,5981,5942,122,6064,46
2021-05-09,Alameda,001,1643700,87431,87292,1960,89252,1284
2021-05-09,Alpine,003,1148,88,88,0,88,0
2021-05-09,Amador,005,37829,3661,3655,33,3688,46
2021-05-09,Butte,007,227075,12362,11985,1814,13799,199
2021-05-09,Calaveras,009,45235,2118,2116,14,2130,52
2021-05-09,Colusa,011,21464,1932,1940,299,2239,14
2021-05-09,Contra Costa,013,1133247,68807,68302,1263,69565,806
2021-05-09,Del Norte,015,27424,1373,1338,12,1350,8
2021-05-09,El Dorado,017,186661,10145,10089,719,10808,113
2021-05-09,Fresno,019,978130,102247,101729,8708,110437,1682
2021-05-09,Glenn,021,27897,2404,2382,556,2938,17
2021-05-09,Humboldt,023,135768,4024,3950,33,3983,36
2021-05-09,Imperial,025,180216,28458,28388,2771,31159,722
2021-05-09,Inyo,027,18085,1402,1401,23,1424,36
2021-05-09,Kern,029,883053,96889,95903,10817,106720,1310
2021-05-09,Kings,031,150075,23078,22878,1105,23983,246
2021-05-09,Lake,033,64148,3484,3471,11,3482,43
2021-05-09,Lassen,035,31185,5176,5147,109,5256,5
2021-05-09,Los Angeles,037,10098052,1201725,1194820,41713,1236533,24026
2021-05-09,Madera,039,155013,16531,16444,931,17375,238
2021-05-09,Marin,041,260295,13999,13979,255,14234,228
2021-05-09,Mariposa,043,17540,423,420,12,432,5
2021-05-09,Mendocino,045,87422,3889,3814,75,3889,46
2021-05-09,Merced,047,269075,30850,30883,991,31874,448
2021-05-09,Modoc,049,8938,372,360,125,485,3
2021-05-09,Mono,051,14174,1247,1264,15,1279,3
2021-05-09,Monterey,053,433212,43031,42918,1896,44814,380
2021-05-09,Napa,055,140530,9859,9857,36,9893,81
2021-05-09,Nevada,057,99092,4761,4727,194,4921,70
2021-05-09,Orange,059,3164182,254867,253451,11322,264773,5008
2021-05-09,Placer,061,380077,22950,22566,1462,24028,286
2021-05-09,Plumas,063,18699,692,679,10,689,4
2021-05-09,Riverside,065,2383286,291524,287644,13944,301588,4427
2021-05-09,Sacramento,067,1510023,104648,104309,1746,106055,1612
2021-05-09,San Benito,069,59416,6049,6056,114,6170,63
2021-05-09,San Bernardino,071,2135413,292474,291337,9016,300353,4707
2021-05-09,San Diego,073,3302833,278986,277950,14666,292616,3725
2021-05-09,San Francisco,075,870044,36484,36669,1296,37965,543
2021-05-09,San Joaquin,077,732212,72529,71927,3535,75462,1356
2021-05-09,San Luis Obispo,079,281455,21165,20999,736,21735,256
2021-05-09,San Mateo,081,765935,42148,41903,469,42372,424
2021-05-09,Santa Barbara,083,443738,34868,34196,1210,35406,456
2021-05-09,Santa Clara,085,1922200,118071,118798,765,119563,2003
2021-05-09,Santa Cruz,087,273765,16146,16094,831,16925,206
2021-05-09,Shasta,089,179085,12069,12034,1532,13566,200
2021-05-09,Sierra,091,2930,56,54,13,67,0
2021-05-09,Siskiyou,093,43540,1842,1741,334,2075,13
2021-05-09,Solano,095,438530,32500,32434,540,32974,250
2021-05-09,Sonoma,097,501317,29788,29953,328,30281,318
2021-05-09,Stanislaus,099,539301,55736,55511,5921,61432,898
2021-05-09,Sutter,101,95872,9419,9413,85,9498,111
2021-05-09,Tehama,103,63373,5011,4979,569,5548,62
2021-05-09,Trinity,105,12862,478,327,81,408,3
2021-05-09,Tulare,107,460477,49948,48948,9076,58024,837
2021-05-09,Tuolumne,109,53932,4058,4053,36,4089,63
2021-05-09,Ventura,111,848112,81103,80487,2992,83479,1008
2021-05-09,Yolo,113,214977,13876,13897,306,14203,209
2021-05-09,Yuba,115,75493,5975,5934,122,6056,46
2021-05-08,Alameda,001,1643700,87389,87213,1956,89169,1284
2021-05-08,Alpine,003,1148,88,88,0,88,0
2021-05-08,Amador,005,37829,3659,3652,33,3685,46
2021-05-08,Butte,007,227075,12350,11962,1813,13775,199
2021-05-08,Calaveras,009,45235,2117,2114,14,2128,52
2021-05-08,Colusa,011,21464,1932,1939,299,2238,14
2021-05-08,Contra Costa,013,1133247,68774,68223,1261,69484,803
2021-05-08,Del Norte,015,27424,1370,1335,12,1347,8
2021-05-08,El Dorado,017,186661,10131,10079,719,10798,113
2021-05-08,Fresno,019,978130,102212,101676,8703,110379,1682
2021-05-08,Glenn,021,27897,2402,2382,554,2936,17
2021-05-08,Humboldt,023,135768,4008,3939,33,3972,36
2021-05-08,Imperial,025,180216,28450,28373,2771,31144,721
2021-05-08,Inyo,027,18085,1402,1402,23,1425,36
2021-05-08,Kern,029,883053,96865,95880,10803,106683,1310
2021-05-08,Kings,031,150075,23075,22872,1104,23976,246
2021-05-08,Lake,033,64148,3483,3470,11,3481,43
2021-05-08,Lassen,035,31185,5175,5145,109,5254,5
2021-05-08,Los Angeles,037,10098052,1201578,1194584,41697,1236281,24022
2021-05-08,Madera,039,155013,16527,16442,931,17373,238
2021-05-08,Marin,041,260295,13996,13974,254,14228,228
2021-05-08,Mariposa,043,17540,423,420,12,432,5
2021-05-08,Mendocino,045,87422,3884,3810,74,3884,46
2021-05-08,Merced,047,269075,30841,30876,991,31867,448
2021-05-08,Modoc,049,8938,372,360,124,484,3
2021-05-08,Mono,051,14174,1247,1262,15,1277,3
2021-05-08,Monterey,053,433212,43026,42914,1895,44809,380
2021-05-08,Napa,055,140530,9852,9853,36,9889,81
2021-05-08,Nevada,057,99092,4758,4716,194,4910,70
2021-05-08,Orange,059,3164182,254831,253412,11319,264731,5006
2021-05-08,Placer,061,380077,22932,22547,1460,24007,286
2021-05-08,Plumas,063,18699,691,679,10,689,4
2021-05-08,Riverside,065,2383286,291482,287574,13942,301516,4427
2021-05-08,Sacramento,067,1510023,104563,104208,1743,105951,1610
2021-05-08,San Benito,069,59416,6048,6048,114,6162,63
2021-05-08,San Bernardino,071,2135413,292431,291296,9016,300312,4707
2021-05-08,San Diego,073,3302833,278902,277760,14649,292409,3725
2021-05-08,San Francisco,075,870044,36461,36642,1296,37938,543
2021-05-08,San Joaquin,077,732212,72500,71869,3526,75395,1356
2021-05-08,San Luis Obispo,079,281455,21154,20992,736,21728,256
2021-05-08,San Mateo,081,765935,42137,41871,469,42340,424
2021-05-08,Santa Barbara,083,443738,34855,34185,1210,35395,456
2021-05-08,Santa Clara,085,1922200,118040,118751,765,119516,2003
2021-05-08,Santa Cruz,087,273765,16143,16089,831,16920,206
2021-05-08,Shasta,089,179085,12059,12030,1528,13558,200
2021-05-08,Sierra,091,2930,56,54,13,67,0
2021-05-08,Siskiyou,093,43540,1841,1741,330,2071,13
2021-05-08,Solano,095,438530,32475,32395,538,32933,249
2021-05-08,Sonoma,097,501317,29775,29942,328,30270,318
2021-05-08,Stanislaus,099,539301,55703,55467,5917,61384,898
2021-05-08,Sutter,101,95872,9416,9413,85,9498,111
2021-05-08,Tehama,103,63373,5009,4977,569,5546,62
2021-05-08,Trinity,105,12862,478,327,81,408,3
2021-05-08,Tulare,107,460477,49934,48929,9066,57995,837
2021-05-08,Tuolumne,109,53932,4057,4050,36,4086,63
2021-05-08,Ventura,111,848112,81092,80481,2989,83470,1008
2021-05-08,Yolo,113,214977,13873,13894,305,14199,209
2021-05-08,Yuba,115,75493,5967,5928,122,6050,46
2021-05-07,Alameda,001,1643700,87337,87128,1955,89083,1280
2021-05-07,Alpine,003,1148,88,88,0,88,0
2021-05-07,Amador,005,37829,3656,3651,33,3684,46
2021-05-07,Butte,007,227075,12330,11943,1810,13753,199
2021-05-07,Calaveras,009,45235,2115,2114,14,2128,52
2021-05-07,Colusa,011,21464,1932,1937,299,2236,14
2021-05-07,Contra Costa,013,1133247,68728,68156,1259,69415,804
2021-05-07,Del Norte,015,27424,1365,1329,12,1341,8
2021-05-07,El Dorado,017,186661,10118,10065,717,10782,112
2021-05-07,Fresno,019,978130,102178,101625,8702,110327,1684
2021-05-07,Glenn,021,27897,2399,2381,553,2934,17
2021-05-07,Humboldt,023,135768,3993,3919,33,3952,36
2021-05-07,Imperial,025,180216,28442,28352,2770,31122,721
2021-05-07,Inyo,027,18085,1402,1402,23,1425,36
2021-05-07,Kern,029,883053,96852,95839,10791,106630,1308
2021-05-07,Kings,031,150075,23074,22857,1103,23960,246
2021-05-07,Lake,033,64148,3481,3467,11,3478,43
2021-05-07,Lassen,035,31185,5174,5144,108,5252,5
2021-05-07,Los Angeles,037,10098052,1201404,1194294,41689,1235983,24008
2021-05-07,Madera,039,155013,16522,16439,930,17369,238
2021-05-07,Marin,041,260295,13992,13968,254,14222,228
2021-05-07,Mariposa,043,17540,422,419,12,431,5
2021-05-07,Mendocino,045,87422,3879,3805,74,3879,46
2021-05-07,Merced,047,269075,30838,30862,991,31853,446
2021-05-07,Modoc,049,8938,372,360,124,484,3
2021-05-07,Mono,051,14174,1246,1261,15,1276,3
2021-05-07,Monterey,053,433212,43020,42909,1893,44802,380
2021-05-07,Napa,055,140530,9851,9849,36,9885,81
2021-05-07,Nevada,057,99092,4754,4704,194,4898,70
2021-05-07,Orange,059,3164182,254793,253338,11309,264647,5000
2021-05-07,Placer,061,380077,22912,22524,1457,23981,286
2021-05-07,Plumas,063,18699,691,678,10,688,4
2021-05-07,Riverside,065,2383286,291425,287479,13941,301420,4426
2021-05-07,Sacramento,067,1510023,104490,104068,1737,105805,1609
2021-05-07,San Benito,069,59416,6047,6048,114,6162,63
2021-05-07,San Bernardino,071,2135413,292389,291185,9011,300196,4697
2021-05-07,San Diego,073,3302833,278817,277534,14634,292168,3718
2021-05-07,San Francisco,075,870044,36448,36616,1295,37911,543
2021-05-07,San Joaquin,077,732212,72460,71804,3524,75328,1351
2021-05-07,San Luis Obispo,079,281455,21147,20979,736,21715,256
2021-05-07,San Mateo,081,765935,42121,41844,469,42313,424
2021-05-07,Santa Barbara,083,443738,34845,34166,1210,35376,453
2021-05-07,Santa Clara,085,1922200,118007,118691,764,119455,2002
2021-05-07,Santa Cruz,087,273765,16140,16074,831,16905,206
2021-05-07,Shasta,089,179085,12037,12005,1526,13531,200
2021-05-07,Sierra,091,2930,56,54,13,67,0
2021-05-07,Siskiyou,093,43540,1838,1723,330,2053,13
2021-05-07,Solano,095,438530,32448,32352,536,32888,249
2021-05-07,Sonoma,097,501317,29757,29925,326,30251,318
2021-05-07,Stanislaus,099,539301,55662,55407,5911,61318,896
2021-05-07,Sutter,101,95872,9416,9407,84,9491,111
2021-05-07,Tehama,103,63373,5002,4974,569,5543,57
2021-05-07,Trinity,105,12862,478,327,81,408,3
2021-05-07,Tulare,107,460477,49917,48913,9061,57974,837
2021-05-07,Tuolumne,109,53932,4055,4048,36,4084,63
2021-05-07,Ventura,111,848112,81068,80444,2989,83433,1008
2021-05-07,Yolo,113,214977,13868,13875,304,14179,209
2021-05-07,Yuba,115,75493,5957,5910,122,6032,46
2021-05-06,Alameda,001,1643700,87259,87028,1952,88980,1278
2021-05-06,Alpine,003,1148,88,88,0,88,0
2021-05-06,Amador,005,37829,3654,3650,33,3683,46
2021-05-06,Butte,007,227075,12310,11929,1805,13734,198
2021-05-06,Calaveras,009,45235,2114,2111,14,2125,52
2021-05-06,Colusa,011,21464,1932,1935,299,2234,14
2021-05-06,Contra Costa,013,1133247,68673,68076,1256,69332,802
2021-05-06,Del Norte,015,27424,1357,1324,12,1336,6
2021-05-06,El Dorado,017,186661,10111,10048,717,10765,112
2021-05-06,Fresno,019,978130,102134,101536,8698,110234,1680
2021-05-06,Glenn,021,27897,2398,2380,552,2932,17
2021-05-06,Humboldt,023,135768,3968,3898,33,3931,36
2021-05-06,Imperial,025,180216,28431,28311,2769,31080,720
2021-05-06,Inyo,027,18085,1402,1401,23,1424,36
2021-05-06,Kern,029,883053,96827,95801,10774,106575,1307
2021-05-06,Kings,031,150075,23067,22848,1102,23950,246
2021-05-06,Lake,033,64148,3480,3465,11,3476,43
2021-05-06,Lassen,035,31185,5173,5143,108,5251,1
2021-05-06,Los Angeles,037,10098052,1201165,1193954,41672,1235626,23991
2021-05-06,Madera,039,155013,16514,16430,930,17360,238
2021-05-06,Marin,041,260295,13988,13956,254,14210,228
2021-05-06,Mariposa,043,17540,421,419,12,431,5
2021-05-06,Mendocino,045,87422,3868,3802,74,3876,46
2021-05-06,Merced,047,269075,30822,30863,990,31853,444
2021-05-06,Modoc,049,8938,372,360,124,484,3
2021-05-06,Mono,051,14174,1244,1261,15,1276,3
2021-05-06,Monterey,053,433212,43005,42899,1893,44792,379
2021-05-06,Napa,055,140530,9845,9843,36,9879,81
2021-05-06,Nevada,057,99092,4753,4687,194,4881,70
2021-05-06,Orange,059,3164182,254724,253286,11302,264588,4991
2021-05-06,Placer,061,380077,22890,22493,1457,23950,286
2021-05-06,Plumas,063,18699,691,678,10,688,4
2021-05-06,Riverside,065,2383286,291352,287399,13936,301335,4422
2021-05-06,Sacramento,067,1510023,104374,103956,1734,105690,1609
2021-05-06,San Benito,069,59416,6046,6045,114,6159,63
2021-05-06,San Bernardino,071,2135413,292319,291085,9010,300095,4683
2021-05-06,San Diego,073,3302833,278693,277324,14611,291935,3716
2021-05-06,San Francisco,075,870044,36433,36599,1295,37894,543
2021-05-06,San Joaquin,077,732212,72405,71729,3521,75250,1350
2021-05-06,San Luis Obispo,079,281455,21135,20965,734,21699,256
2021-05-06,San Mateo,081,765935,42103,41802,468,42270,424
2021-05-06,Santa Barbara,083,443738,34832,34152,1210,35362,453
2021-05-06,Santa Clara,085,1922200,117966,118591,764,119355,2001
2021-05-06,Santa Cruz,087,273765,16133,16050,831,16881,206
2021-05-06,Shasta,089,179085,12015,11983,1520,13503,199
2021-05-06,Sierra,091,2930,56,54,13,67,0
2021-05-06,Siskiyou,093,43540,1828,1711,329,2040,12
2021-05-06,Solano,095,438530,32422,32320,528,32848,249
2021-05-06,Sonoma,097,501317,29749,29911,326,30237,318
2021-05-06,Stanislaus,099,539301,55605,55323,5907,61230,834
2021-05-06,Sutter,101,95872,9410,9396,84,9480,111
2021-05-06,Tehama,103,63373,4997,4970,569,5539,53
2021-05-06,Trinity,105,12862,478,327,81,408,3
2021-05-06,Tulare,107,460477,49892,48890,9046,57936,836
2021-05-06,Tuolumne,109,53932,4051,4047,36,4083,63
2021-05-06,Ventura,111,848112,81037,80411,2986,83397,1005
2021-05-06,Yolo,113,214977,13860,13871,300,14171,209
2021-05-06,Yuba,115,75493,5945,5901,122,6023,46
2021-05-05,Alameda,001,1643700,87198,86950,1950,88900,1278
2021-05-05,Alpine,003,1148,88,88,0,88,0
2021-05-05,Amador,005,37829,3651,3650,33,3683,46
2021-05-05,Butte,007,227075,12292,11907,1802,13709,198
2021-05-05,Calaveras,009,45235,2110,2103,14,2117,52
2021-05-05,Colusa,011,21464,1931,1933,299,2232,14
2021-05-05,Contra Costa,013,1133247,68608,67997,1251,69248,803
2021-05-05,Del Norte,015,27424,1354,1317,12,1329,6
2021-05-05,El Dorado,017,186661,10100,10020,716,10736,111
2021-05-05,Fresno,019,978130,102085,101491,8689,110180,1680
2021-05-05,Glenn,021,27897,2395,2380,551,2931,17
2021-05-05,Humboldt,023,135768,3949,3886,32,3918,36
2021-05-05,Imperial,025,180216,28390,28295,2762,31057,720
2021-05-05,Inyo,027,18085,1401,1401,23,1424,36
2021-05-05,Kern,029,883053,96783,95753,10770,106523,1304
2021-05-05,Kings,031,150075,23061,22840,1101,23941,246
2021-05-05,Lake,033,64148,3477,3458,11,3469,43
2021-05-05,Lassen,035,31185,5173,5143,107,5250,1
2021-05-05,Los Angeles,037,10098052,1200897,1193608,41659,1235267,23977
2021-05-05,Madera,039,155013,16512,16423,930,17353,235
2021-05-05,Marin,041,260295,13980,13950,253,14203,228
2021-05-05,Mariposa,043,17540,421,418,12,430,5
2021-05-05,Mendocino,045,87422,3864,3799,74,3873,46
2021-05-05,Merced,047,269075,30801,30844,990,31834,444
2021-05-05,Modoc,049,8938,371,361,123,484,3
2021-05-05,Mono,051,14174,1244,1260,15,1275,3
2021-05-05,Monterey,053,433212,42992,42870,1890,44760,379
2021-05-05,Napa,055,140530,9839,9833,36,9869,81
2021-05-05,Nevada,057,99092,4750,4666,194,4860,70
2021-05-05,Orange,059,3164182,254668,253237,11298,264535,4978
2021-05-05,Placer,061,380077,22858,22362,1453,23815,287
2021-05-05,Plumas,063,18699,691,677,10,687,4
2021-05-05,Riverside,065,2383286,291263,287353,13926,301279,4414
2021-05-05,Sacramento,067,1510023,104286,103476,1729,105205,1607
2021-05-05,San Benito,069,59416,6037,6046,114,6160,63
2021-05-05,San Bernardino,071,2135413,292245,291008,9006,300014,4677
2021-05-05,San Diego,073,3302833,278556,277098,14591,291689,3716
2021-05-05,San Francisco,075,870044,36418,36577,1294,37871,543
2021-05-05,San Joaquin,077,732212,72352,71638,3518,75156,1345
2021-05-05,San Luis Obispo,079,281455,21127,20958,734,21692,256
2021-05-05,San Mateo,081,765935,42072,41755,467,42222,415
2021-05-05,Santa Barbara,083,443738,34818,34139,1209,35348,453
2021-05-05,Santa Clara,085,1922200,117936,118482,760,119242,1992
2021-05-05,Santa Cruz,087,273765,16127,16013,831,16844,207
2021-05-05,Shasta,089,179085,11999,11939,1516,13455,200
2021-05-05,Sierra,091,2930,56,54,13,67,0
2021-05-05,Siskiyou,093,43540,1811,1706,321,2027,11
2021-05-05,Solano,095,438530,32387,32250,526,32776,249
2021-05-05,Sonoma,097,501317,29736,29879,326,30205,318
2021-05-05,Stanislaus,099,539301,55547,55231,5905,61136,807
2021-05-05,Sutter,101,95872,9404,9387,84,9471,111
2021-05-05,Tehama,103,63373,4994,4968,569,5537,53
2021-05-05,Trinity,105,12862,478,326,81,407,3
2021-05-05,Tulare,107,460477,49868,48875,9039,57914,835
2021-05-05,Tuolumne,109,53932,4048,4040,36,4076,63
2021-05-05,Ventura,111,848112,81008,80372,2982,83354,1005
2021-05-05,Yolo,113,214977,13856,13846,298,14144,209
2021-05-05,Yuba,115,75493,5935,5895,121,6016,44
2021-05-04,Alameda,001,1643700,87106,86894,1950,88844,1277
2021-05-04,Alpine,003,1148,88,88,0,88,0
2021-05-04,Amador,005,37829,3651,3650,33,3683,46
2021-05-04,Butte,007,227075,12268,11883,1800,13683,198
2021-05-04,Calaveras,009,45235,2105,2100,14,2114,52
2021-05-04,Colusa,011,21464,1930,1933,299,2232,14
2021-05-04,Contra Costa,013,1133247,68529,67931,1248,69179,799
2021-05-04,Del Norte,015,27424,1354,1314,12,1326,6
2021-05-04,El Dorado,017,186661,10089,10009,712,10721,110
2021-05-04,Fresno,019,978130,102030,101451,8682,110133,1677
2021-05-04,Glenn,021,27897,2392,2379,548,2927,17
2021-05-04,Humboldt,023,135768,3923,3877,32,3909,36
2021-05-04,Imperial,025,180216,28370,28276,2758,31034,720
2021-05-04,Inyo,027,18085,1401,1399,23,1422,36
2021-05-04,Kern,029,883053,96747,95720,10752,106472,1301
2021-05-04,Kings,031,150075,23047,22822,1098,23920,246
2021-05-04,Lake,033,64148,3476,3454,11,3465,43
2021-05-04,Lassen,035,31185,5172,5142,107,5249,1
2021-05-04,Los Angeles,037,10098052,1200609,1193453,41647,1235100,23957
2021-05-04,Madera,039,155013,16511,16418,930,17348,235
2021-05-04,Marin,041,260295,13972,13935,253,14188,228
2021-05-04,Mariposa,043,17540,421,418,12,430,5
2021-05-04,Mendocino,045,87422,3859,3794,74,3868,46
2021-05-04,Merced,047,269075,30784,30829,990,31819,444
2021-05-04,Modoc,049,8938,370,360,122,482,3
2021-05-04,Mono,051,14174,1244,1260,15,1275,3
2021-05-04,Monterey,053,433212,42980,42845,1889,44734,380
2021-05-04,Napa,055,140530,9830,9824,36,9860,81
2021-05-04,Nevada,057,99092,4743,4656,194,4850,70
2021-05-04,Orange,059,3164182,254601,253177,11288,264465,4977
2021-05-04,Placer,061,380077,22829,22326,1450,23776,287
2021-05-04,Plumas,063,18699,690,675,10,685,4
2021-05-04,Riverside,065,2383286,291180,287285,13919,301204,4411
2021-05-04,Sacramento,067,1510023,104157,103383,1724,105107,1604
2021-05-04,San Benito,069,59416,6036,6039,114,6153,63
2021-05-04,San Bernardino,071,2135413,292168,290934,8999,299933,4668
2021-05-04,San Diego,073,3302833,278390,276879,14574,291453,3713
2021-05-04,San Francisco,075,870044,36400,36550,1294,37844,541
2021-05-04,San Joaquin,077,732212,72291,71582,3513,75095,1342
2021-05-04,San Luis Obispo,079,281455,21121,20923,732,21655,255
2021-05-04,San Mateo,081,765935,42046,41708,467,42175,415
2021-05-04,Santa Barbara,083,443738,34802,34131,1208,35339,453
2021-05-04,Santa Clara,085,1922200,117873,118431,759,119190,1988
2021-05-04,Santa Cruz,087,273765,16121,16005,831,16836,207
2021-05-04,Shasta,089,179085,11979,11923,1510,13433,198
2021-05-04,Sierra,091,2930,56,54,13,67,0
2021-05-04,Siskiyou,093,43540,1804,1694,319,2013,11
2021-05-04,Solano,095,438530,32346,32220,524,32744,249
2021-05-04,Sonoma,097,501317,29716,29867,325,30192,318
2021-05-04,Stanislaus,099,539301,55491,55165,5901,61066,807
2021-05-04,Sutter,101,95872,9399,9375,84,9459,111
2021-05-04,Tehama,103,63373,4992,4959,568,5527,53
2021-05-04,Trinity,105,12862,478,326,81,407,3
2021-05-04,Tulare,107,460477,49841,48857,9030,57887,835
2021-05-04,Tuolumne,109,53932,4046,4041,36,4077,61
2021-05-04,Ventura,111,848112,80979,80351,2980,83331,1005
2021-05-04,Yolo,113,214977,13843,13820,296,14116,208
2021-05-04,Yuba,115,75493,5929,5891,121,6012,44
2021-05-03,Alameda,001,1643700,87028,86845,1944,88789,1272
2021-05-03,Alpine,003,1148,88,88,0,88,0
2021-05-03,Amador,005,37829,3651,3651,33,3684,46
2021-05-03,Butte,007,227075,12258,11864,1797,13661,198
2021-05-03,Calaveras,009,45235,2104,2099,14,2113,50
2021-05-03,Colusa,011,21464,1929,1931,297,2228,14
2021-05-03,Contra Costa,013,1133247,68470,67895,1244,69139,799
2021-05-03,Del Norte,015,27424,1349,1306,11,1317,6
2021-05-03,El Dorado,017,186661,10071,9984,707,10691,110
2021-05-03,Fresno,019,978130,101975,101405,8671,110076,1678
2021-05-03,Glenn,021,27897,2392,2375,547,2922,17
2021-05-03,Humboldt,023,135768,3908,3865,32,3897,36
2021-05-03,Imperial,025,180216,28348,28280,2755,31035,720
2021-05-03,Inyo,027,18085,1400,1398,23,1421,36
2021-05-03,Kern,029,883053,96710,95693,10739,106432,1299
2021-05-03,Kings,031,150075,23038,22821,1098,23919,246
2021-05-03,Lake,033,64148,3474,3446,11,3457,43
2021-05-03,Lassen,035,31185,5171,5142,107,5249,1
2021-05-03,Los Angeles,037,10098052,1200341,1193261,41621,1234882,23942
2021-05-03,Madera,039,155013,16507,16414,929,17343,235
2021-05-03,Marin,041,260295,13966,13927,253,14180,228
2021-05-03,Mariposa,043,17540,421,418,12,430,5
2021-05-03,Mendocino,045,87422,3852,3792,74,3866,46
2021-05-03,Merced,047,269075,30773,30814,988,31802,444
2021-05-03,Modoc,049,8938,370,360,122,482,3
2021-05-03,Mono,051,14174,1244,1259,15,1274,3
2021-05-03,Monterey,053,433212,42969,42837,1887,44724,380
2021-05-03,Napa,055,140530,9825,9815,36,9851,81
2021-05-03,Nevada,057,99092,4735,4650,194,4844,70
2021-05-03,Orange,059,3164182,254542,253107,11279,264386,4968
2021-05-03,Placer,061,380077,22798,22289,1444,23733,287
2021-05-03,Plumas,063,18699,689,675,10,685,4
2021-05-03,Riverside,065,2383286,291108,287233,13918,301151,4412
2021-05-03,Sacramento,067,1510023,104004,103303,1714,105017,1602
2021-05-03,San Benito,069,59416,6035,6038,114,6152,63
2021-05-03,San Bernardino,071,2135413,292100,290886,8996,299882,4659
2021-05-03,San Diego,073,3302833,278227,276693,14549,291242,3712
2021-05-03,San Francisco,075,870044,36374,36538,1294,37832,541
2021-05-03,San Joaquin,077,732212,72240,71504,3510,75014,1325
2021-05-03,San Luis Obispo,079,281455,21105,20915,729,21644,254
2021-05-03,San Mateo,081,765935,42023,41689,466,42155,413
2021-05-03,Santa Barbara,083,443738,34790,34119,1208,35327,453
2021-05-03,Santa Clara,085,1922200,117819,118373,758,119131,1988
2021-05-03,Santa Cruz,087,273765,16118,16000,831,16831,207
2021-05-03,Shasta,089,179085,11956,11890,1505,13395,197
2021-05-03,Sierra,091,2930,56,54,13,67,0
2021-05-03,Siskiyou,093,43540,1798,1683,313,1996,11
2021-05-03,Solano,095,438530,32305,32201,523,32724,249
2021-05-03,Sonoma,097,501317,29704,29855,322,30177,318
2021-05-03,Stanislaus,099,539301,55425,55116,5891,61007,774
2021-05-03,Sutter,101,95872,9387,9370,84,9454,111
2021-05-03,Tehama,103,63373,4983,4952,568,5520,53
2021-05-03,Trinity,105,12862,478,326,81,407,3
2021-05-03,Tulare,107,460477,49824,48844,9020,57864,835
2021-05-03,Tuolumne,109,53932,4045,4038,36,4074,61
2021-05-03,Ventura,111,848112,80957,80291,2980,83271,1005
2021-05-03,Yolo,113,214977,13830,13809,294,14103,208
2021-05-03,Yuba,115,75493,5924,5880,121,6001,44
2021-05-02,Alameda,001,1643700,86943,86784,1943,88727,1272
2021-05-02,Alpine,003,1148,88,88,0,88,0
2021-05-02,Amador,005,37829,3651,3650,33,3683,46
2021-05-02,Butte,007,227075,12234,11859,1794,13653,198
2021-05-02,Calaveras,009,45235,2100,2098,14,2112,50
2021-05-02,Colusa,011,21464,1928,1931,296,2227,14
2021-05-02,Contra Costa,013,1133247,68384,67843,1241,69084,800
2021-05-02,Del Norte,015,27424,1342,1305,11,1316,6
2021-05-02,El Dorado,017,186661,10056,9962,706,10668,110
2021-05-02,Fresno,019,978130,101904,101372,8660,110032,1678
2021-05-02,Glenn,021,27897,2391,2374,545,2919,17
2021-05-02,Humboldt,023,135768,3896,3858,31,3889,36
2021-05-02,Imperial,025,180216,28314,28275,2746,31021,721
2021-05-02,Inyo,027,18085,1398,1398,23,1421,36
2021-05-02,Kern,029,883053,96652,95668,10732,106400,1299
2021-05-02,Kings,031,150075,23020,22816,1097,23913,246
2021-05-02,Lake,033,64148,3472,3443,11,3454,43
2021-05-02,Lassen,035,31185,5170,5142,106,5248,1
2021-05-02,Los Angeles,037,10098052,1199995,1193056,41598,1234654,23943
2021-05-02,Madera,039,155013,16501,16410,929,17339,235
2021-05-02,Marin,041,260295,13956,13917,253,14170,228
2021-05-02,Mariposa,043,17540,421,419,12,431,5
2021-05-02,Mendocino,045,87422,3847,3787,74,3861,46
2021-05-02,Merced,047,269075,30751,30793,986,31779,444
2021-05-02,Modoc,049,8938,369,360,122,482,3
2021-05-02,Mono,051,14174,1243,1259,15,1274,3
2021-05-02,Monterey,053,433212,42955,42837,1886,44723,380
2021-05-02,Napa,055,140530,9821,9805,36,9841,81
2021-05-02,Nevada,057,99092,4719,4635,194,4829,70
2021-05-02,Orange,059,3164182,254467,253025,11266,264291,4968
2021-05-02,Placer,061,380077,22769,22264,1441,23705,287
2021-05-02,Plumas,063,18699,689,675,10,685,4
2021-05-02,Riverside,065,2383286,291008,287197,13908,301105,4412
2021-05-02,Sacramento,067,1510023,103865,103153,1707,104860,1602
2021-05-02,San Benito,069,59416,6030,6037,114,6151,63
2021-05-02,San Bernardino,071,2135413,292001,290859,8994,299853,4655
2021-05-02,San Diego,073,3302833,278030,276521,14522,291043,3712
2021-05-02,San Francisco,075,870044,36348,36522,1294,37816,541
2021-05-02,San Joaquin,077,732212,72176,71447,3503,74950,1325
2021-05-02,San Luis Obispo,079,281455,21085,20910,728,21638,254
2021-05-02,San Mateo,081,765935,42007,41656,465,42121,412
2021-05-02,Santa Barbara,083,443738,34775,34106,1208,35314,453
2021-05-02,Santa Clara,085,1922200,117745,118321,758,119079,1988
2021-05-02,Santa Cruz,087,273765,16113,15995,830,16825,207
2021-05-02,Shasta,089,179085,11940,11885,1497,13382,197
2021-05-02,Sierra,091,2930,56,54,13,67,0
2021-05-02,Siskiyou,093,43540,1787,1661,312,1973,11
2021-05-02,Solano,095,438530,32266,32151,519,32670,249
2021-05-02,Sonoma,097,501317,29682,29842,322,30164,318
2021-05-02,Stanislaus,099,539301,55352,55057,5884,60941,774
2021-05-02,Sutter,101,95872,9380,9363,84,9447,111
2021-05-02,Tehama,103,63373,4978,4950,566,5516,53
2021-05-02,Trinity,105,12862,478,326,81,407,3
2021-05-02,Tulare,107,460477,49806,48834,9012,57846,835
2021-05-02,Tuolumne,109,53932,4042,4038,36,4074,61
2021-05-02,Ventura,111,848112,80920,80284,2979,83263,1005
2021-05-02,Yolo,113,214977,13818,13799,293,14092,208
2021-05-02,Yuba,115,75493,5914,5879,121,6000,44
2021-05-01,Alameda,001,1643700,86899,86704,1940,88644,1270
2021-05-01,Alpine,003,1148,88,88,0,88,0
2021-05-01,Amador,005,37829,3651,3650,33,3683,46
2021-05-01,Butte,007,227075,12220,11845,1789,13634,198
2021-05-01,Calaveras,009,45235,2098,2096,14,2110,50
2021-05-01,Colusa,011,21464,1927,1931,296,2227,14
2021-05-01,Contra Costa,013,1133247,68332,67779,1238,69017,800
2021-05-01,Del Norte,015,27424,1341,1292,11,1303,6
2021-05-01,El Dorado,017,186661,10042,9944,704,10648,110
2021-05-01,Fresno,019,978130,101859,101326,8654,109980,1678
2021-05-01,Glenn,021,27897,2388,2369,544,2913,17
2021-05-01,Humboldt,023,135768,3882,3845,31,3876,36
2021-05-01,Imperial,025,180216,28307,28262,2746,31008,721
2021-05-01,Inyo,027,18085,1398,1397,23,1420,36
2021-05-01,Kern,029,883053,96625,95645,10720,106365,1299
2021-05-01,Kings,031,150075,23017,22797,1096,23893,246
2021-05-01,Lake,033,64148,3470,3441,11,3452,43
2021-05-01,Lassen,035,31185,5168,5142,106,5248,1
2021-05-01,Los Angeles,037,10098052,1199828,1192781,41583,1234364,23946
2021-05-01,Madera,039,155013,16497,16408,929,17337,235
2021-05-01,Marin,041,260295,13949,13902,253,14155,228
2021-05-01,Mariposa,043,17540,421,418,12,430,5
2021-05-01,Mendocino,045,87422,3845,3782,74,3856,46
2021-05-01,Merced,047,269075,30733,30771,986,31757,444
2021-05-01,Modoc,049,8938,369,361,122,483,3
2021-05-01,Mono,051,14174,1243,1258,15,1273,3
2021-05-01,Monterey,053,433212,42949,42828,1886,44714,379
2021-05-01,Napa,055,140530,9818,9800,36,9836,81
2021-05-01,Nevada,057,99092,4714,4625,194,4819,70
2021-05-01,Orange,059,3164182,254424,252969,11255,264224,4964
2021-05-01,Placer,061,380077,22743,22240,1439,23679,287
2021-05-01,Plumas,063,18699,688,675,10,685,4
2021-05-01,Riverside,065,2383286,290969,287129,13906,301035,4412
2021-05-01,Sacramento,067,1510023,103784,103043,1706,104749,1602
2021-05-01,San Benito,069,59416,6027,6030,114,6144,63
2021-05-01,San Bernardino,071,2135413,291958,290802,8992,299794,4652
2021-05-01,San Diego,073,3302833,277906,276367,14501,290868,3706
2021-05-01,San Francisco,075,870044,36333,36496,1294,37790,541
2021-05-01,San Joaquin,077,732212,72128,71389,3501,74890,1325
2021-05-01,San Luis Obispo,079,281455,21080,20896,728,21624,254
2021-05-01,San Mateo,081,765935,41978,41617,464,42081,411
2021-05-01,Santa Barbara,083,443738,34770,34085,1207,35292,453
2021-05-01,Santa Clara,085,1922200,117693,118265,756,119021,1988
2021-05-01,Santa Cruz,087,273765,16110,15984,830,16814,207
2021-05-01,Shasta,089,179085,11920,11878,1489,13367,197
2021-05-01,Sierra,091,2930,56,53,13,66,0
2021-05-01,Siskiyou,093,43540,1779,1653,311,1964,11
2021-05-01,Solano,095,438530,32236,32124,511,32635,249
2021-05-01,Sonoma,097,501317,29679,29835,322,30157,318
2021-05-01,Stanislaus,099,539301,55317,55005,5878,60883,774
2021-05-01,Sutter,101,95872,9377,9358,84,9442,110
2021-05-01,Tehama,103,63373,4977,4950,565,5515,53
2021-05-01,Trinity,105,12862,478,326,80,406,3
2021-05-01,Tulare,107,460477,49799,48818,9006,57824,835
2021-05-01,Tuolumne,109,53932,4036,4035,36,4071,61
2021-05-01,Ventura,111,848112,80902,80268,2979,83247,1005
2021-05-01,Yolo,113,214977,13811,13784,291,14075,208
2021-05-01,Yuba,115,75493,5912,5875,121,5996,44
2021-04-30,Alameda,001,1643700,86837,86602,1937,88539,1268
2021-04-30,Alpine,003,1148,88,88,0,88,0
2021-04-30,Amador,005,37829,3649,3650,33,3683,46
2021-04-30,Butte,007,227075,12201,11812,1785,13597,197
2021-04-30,Calaveras,009,45235,2097,2087,14,2101,50
2021-04-30,Colusa,011,21464,1927,1931,295,2226,14
2021-04-30,Contra Costa,013,1133247,68284,67684,1235,68919,800
2021-04-30,Del Norte,015,27424,1329,1276,11,1287,6
2021-04-30,El Dorado,017,186661,10028,9906,704,10610,110
2021-04-30,Fresno,019,978130,101813,101263,8650,109913,1670
2021-04-30,Glenn,021,27897,2387,2369,544,2913,17
2021-04-30,Humboldt,023,135768,3869,3834,31,3865,36
2021-04-30,Imperial,025,180216,28298,28244,2743,30987,721
2021-04-30,Inyo,027,18085,1398,1397,23,1420,36
2021-04-30,Kern,029,883053,96608,95605,10716,106321,1298
2021-04-30,Kings,031,150075,23014,22793,1095,23888,246
2021-04-30,Lake,033,64148,3466,3440,11,3451,43
2021-04-30,Lassen,035,31185,5167,5140,106,5246,1
2021-04-30,Los Angeles,037,10098052,1199622,1192393,41570,1233963,23919
2021-04-30,Madera,039,155013,16491,16395,929,17324,235
2021-04-30,Marin,041,260295,13941,13895,251,14146,228
2021-04-30,Mariposa,043,17540,421,417,12,429,5
2021-04-30,Mendocino,045,87422,3841,3777,74,3851,46
2021-04-30,Merced,047,269075,30720,30740,985,31725,444
2021-04-30,Modoc,049,8938,368,360,122,482,3
2021-04-30,Mono,051,14174,1243,1258,15,1273,3
2021-04-30,Monterey,053,433212,42935,42810,1885,44695,379
2021-04-30,Napa,055,140530,9814,9792,36,9828,81
2021-04-30,Nevada,057,99092,4706,4608,194,4802,70
2021-04-30,Orange,059,3164182,254368,252883,11249,264132,4956
2021-04-30,Placer,061,380077,22724,22190,1435,23625,287
2021-04-30,Plumas,063,18699,688,677,10,687,4
2021-04-30,Riverside,065,2383286,290914,287030,13899,300929,4412
2021-04-30,Sacramento,067,1510023,103683,102864,1702,104566,1596
2021-04-30,San Benito,069,59416,6023,6024,113,6137,63
2021-04-30,San Bernardino,071,2135413,291897,290704,8991,299695,4640
2021-04-30,San Diego,073,3302833,277812,276157,14490,290647,3702
2021-04-30,San Francisco,075,870044,36322,36453,1293,37746,538
2021-04-30,San Joaquin,077,732212,72077,71311,3498,74809,1306
2021-04-30,San Luis Obispo,079,281455,21074,20884,728,21612,255
2021-04-30,San Mateo,081,765935,41963,41583,463,42046,380
2021-04-30,Santa Barbara,083,443738,34757,34061,1207,35268,451
2021-04-30,Santa Clara,085,1922200,117635,118170,752,118922,1988
2021-04-30,Santa Cruz,087,273765,16105,15975,830,16805,207
2021-04-30,Shasta,089,179085,11899,11848,1486,13334,197
2021-04-30,Sierra,091,2930,56,53,13,66,0
2021-04-30,Siskiyou,093,43540,1768,1628,308,1936,11
2021-04-30,Solano,095,438530,32204,32050,508,32558,249
2021-04-30,Sonoma,097,501317,29669,29816,320,30136,318
2021-04-30,Stanislaus,099,539301,55266,54938,5875,60813,774
2021-04-30,Sutter,101,95872,9375,9353,84,9437,110
2021-04-30,Tehama,103,63373,4975,4944,565,5509,53
2021-04-30,Trinity,105,12862,478,326,80,406,3
2021-04-30,Tulare,107,460477,49789,48797,8990,57787,836
2021-04-30,Tuolumne,109,53932,4035,4033,36,4069,61
2021-04-30,Ventura,111,848112,80862,80232,2974,83206,1004
2021-04-30,Yolo,113,214977,13799,13756,291,14047,208
2021-04-30,Yuba,115,75493,5904,5870,121,5991,44
2021-04-29,Alameda,001,1643700,86771,86490,1935,88425,1263
2021-04-29,Alpine,003,1148,88,88,0,88,0
2021-04-29,Amador,005,37829,3649,3649,33,3682,46
2021-04-29,Butte,007,227075,12186,11787,1783,13570,196
2021-04-29,Calaveras,009,45235,2094,2082,14,2096,50
2021-04-29,Colusa,011,21464,1927,1929,295,2224,14
2021-04-29,Contra Costa,013,1133247,68229,67606,1232,68838,795
2021-04-29,Del Norte,015,27424,1325,1271,11,1282,6
2021-04-29,El Dorado,017,186661,10008,9884,701,10585,107
2021-04-29,Fresno,019,978130,101759,101189,8639,109828,1667
2021-04-29,Glenn,021,27897,2384,2369,544,2913,17
2021-04-29,Humboldt,023,135768,3855,3815,31,3846,36
2021-04-29,Imperial,025,180216,28286,28235,2742,30977,720
2021-04-29,Inyo,027,18085,1398,1396,23,1419,36
2021-04-29,Kern,029,883053,96575,95547,10712,106259,1295
2021-04-29,Kings,031,150075,23004,22777,1090,23867,245
2021-04-29,Lake,033,64148,3458,3438,11,3449,43
2021-04-29,Lassen,035,31185,5167,5140,106,5246,1
2021-04-29,Los Angeles,037,10098052,1199347,1192068,41549,1233617,23899
2021-04-29,Madera,039,155013,16486,16383,928,17311,235
2021-04-29,Marin,041,260295,13937,13884,243,14127,228
2021-04-29,Mariposa,043,17540,420,416,12,428,5
2021-04-29,Mendocino,045,87422,3835,3774,74,3848,46
2021-04-29,Merced,047,269075,30700,30706,985,31691,444
2021-04-29,Modoc,049,8938,368,360,122,482,3
2021-04-29,Mono,051,14174,1241,1259,15,1274,3
2021-04-29,Monterey,053,433212,42918,42797,1884,44681,379
2021-04-29,Napa,055,140530,9800,9789,36,9825,81
2021-04-29,Nevada,057,99092,4695,4590,194,4784,70
2021-04-29,Orange,059,3164182,254298,252823,11234,264057,4934
2021-04-29,Placer,061,380077,22699,22161,1433,23594,286
2021-04-29,Plumas,063,18699,687,676,10,686,4
2021-04-29,Riverside,065,2383286,290847,286947,13896,300843,4409
2021-04-29,Sacramento,067,1510023,103550,102686,1692,104378,1593
2021-04-29,San Benito,069,59416,6022,6023,113,6136,63
2021-04-29,San Bernardino,071,2135413,291825,290606,8986,299592,4609
2021-04-29,San Diego,073,3302833,277662,275961,14473,290434,3700
2021-04-29,San Francisco,075,870044,36296,36412,1293,37705,537
2021-04-29,San Joaquin,077,732212,72011,71225,3493,74718,1301
2021-04-29,San Luis Obispo,079,281455,21063,20876,728,21604,255
2021-04-29,San Mateo,081,765935,41935,41538,462,42000,358
2021-04-29,Santa Barbara,083,443738,34741,34039,1205,35244,448
2021-04-29,Santa Clara,085,1922200,117580,118082,749,118831,1984
2021-04-29,Santa Cruz,087,273765,16099,15961,830,16791,205
2021-04-29,Shasta,089,179085,11868,11836,1478,13314,193
2021-04-29,Sierra,091,2930,56,53,13,66,0
2021-04-29,Siskiyou,093,43540,1759,1615,305,1920,11
2021-04-29,Solano,095,438530,32163,32002,504,32506,248
2021-04-29,Sonoma,097,501317,29654,29785,317,30102,318
2021-04-29,Stanislaus,099,539301,55199,54836,5870,60706,774
2021-04-29,Sutter,101,95872,9368,9346,84,9430,110
2021-04-29,Tehama,103,63373,4967,4939,565,5504,53
2021-04-29,Trinity,105,12862,478,326,80,406,3
2021-04-29,Tulare,107,460477,49771,48785,8978,57763,832
2021-04-29,Tuolumne,109,53932,4034,4030,36,4066,58
2021-04-29,Ventura,111,848112,80828,80188,2972,83160,1002
2021-04-29,Yolo,113,214977,13779,13745,290,14035,205
2021-04-29,Yuba,115,75493,5894,5865,121,5986,44
2021-04-28,Alameda,001,1643700,86699,86390,1931,88321,1260
2021-04-28,Alpine,003,1148,88,88,0,88,0
2021-04-28,Amador,005,37829,3649,3646,33,3679,46
2021-04-28,Butte,007,227075,12166,11762,1778,13540,196
2021-04-28,Calaveras,009,45235,2090,2078,13,2091,50
2021-04-28,Colusa,011,21464,1924,1927,294,2221,14
2021-04-28,Contra Costa,013,1133247,68169,67539,1231,68770,795
2021-04-28,Del Norte,015,27424,1317,1267,11,1278,6
2021-04-28,El Dorado,017,186661,9984,9873,701,10574,107
2021-04-28,Fresno,019,978130,101712,101161,8628,109789,1666
2021-04-28,Glenn,021,27897,2381,2368,544,2912,17
2021-04-28,Humboldt,023,135768,3839,3796,31,3827,36
2021-04-28,Imperial,025,180216,28272,28177,2741,30918,720
2021-04-28,Inyo,027,18085,1398,1396,22,1418,36
2021-04-28,Kern,029,883053,96545,95494,10703,106197,1295
2021-04-28,Kings,031,150075,22992,22767,1088,23855,245
2021-04-28,Lake,033,64148,3455,3433,11,3444,43
2021-04-28,Lassen,035,31185,5167,5138,106,5244,1
2021-04-28,Los Angeles,037,10098052,1199051,1191729,41523,1233252,23858
2021-04-28,Madera,039,155013,16482,16372,928,17300,235
2021-04-28,Marin,041,260295,13926,13866,243,14109,227
2021-04-28,Mariposa,043,17540,417,415,12,427,5
2021-04-28,Mendocino,045,87422,3829,3770,72,3842,46
2021-04-28,Merced,047,269075,30681,30649,985,31634,443
2021-04-28,Modoc,049,8938,368,360,122,482,3
2021-04-28,Mono,051,14174,1241,1258,15,1273,3
2021-04-28,Monterey,053,433212,42913,42776,1884,44660,379
2021-04-28,Napa,055,140530,9789,9777,36,9813,81
2021-04-28,Nevada,057,99092,4675,4570,194,4764,70
2021-04-28,Orange,059,3164182,254218,252747,11221,263968,4931
2021-04-28,Placer,061,380077,22672,22115,1432,23547,285
2021-04-28,Plumas,063,18699,687,676,10,686,4
2021-04-28,Riverside,065,2383286,290791,286868,13891,300759,4407
2021-04-28,Sacramento,067,1510023,103428,102613,1688,104301,1591
2021-04-28,San Benito,069,59416,6020,6021,113,6134,63
2021-04-28,San Bernardino,071,2135413,291747,290548,8976,299524,4582
2021-04-28,San Diego,073,3302833,277507,275821,14460,290281,3698
2021-04-28,San Francisco,075,870044,36267,36382,1292,37674,534
2021-04-28,San Joaquin,077,732212,71931,71171,3485,74656,1301
2021-04-28,San Luis Obispo,079,281455,21055,20851,728,21579,255
2021-04-28,San Mateo,081,765935,41910,41498,460,41958,358
2021-04-28,Santa Barbara,083,443738,34727,34003,1205,35208,448
2021-04-28,Santa Clara,085,1922200,117511,117997,746,118743,1969
2021-04-28,Santa Cruz,087,273765,16095,15943,829,16772,205
2021-04-28,Shasta,089,179085,11852,11815,1471,13286,192
2021-04-28,Sierra,091,2930,56,51,13,64,0
2021-04-28,Siskiyou,093,43540,1746,1603,303,1906,11
2021-04-28,Solano,095,438530,32131,31982,499,32481,248
2021-04-28,Sonoma,097,501317,29640,29773,313,30086,318
2021-04-28,Stanislaus,099,539301,55144,54745,5866,60611,774
2021-04-28,Sutter,101,95872,9363,9343,84,9427,110
2021-04-28,Tehama,103,63373,4961,4930,564,5494,53
2021-04-28,Trinity,105,12862,478,326,80,406,3
2021-04-28,Tulare,107,460477,49753,48754,8963,57717,832
2021-04-28,Tuolumne,109,53932,4031,4029,36,4065,58
2021-04-28,Ventura,111,848112,80793,80172,2970,83142,1000
2021-04-28,Yolo,113,214977,13764,13721,289,14010,205
2021-04-28,Yuba,115,75493,5888,5857,121,5978,44
2021-04-27,Alameda,001,1643700,86600,86301,1925,88226,1260
2021-04-27,Alpine,003,1148,88,88,0,88,0
2021-04-27,Amador,005,37829,3649,3645,33,3678,46
2021-04-27,Butte,007,227075,12141,11738,1772,13510,196
2021-04-27,Calaveras,009,45235,2087,2076,13,2089,50
2021-04-27,Colusa,011,21464,1923,1926,294,2220,14
2021-04-27,Contra Costa,013,1133247,68100,67470,1227,68697,791
2021-04-27,Del Norte,015,27424,1305,1266,11,1277,6
2021-04-27,El Dorado,017,186661,9955,9866,698,10564,106
2021-04-27,Fresno,019,978130,101647,101138,8618,109756,1663
2021-04-27,Glenn,021,27897,2381,2368,544,2912,17
2021-04-27,Humboldt,023,135768,3827,3780,31,3811,35
2021-04-27,Imperial,025,180216,28256,28149,2735,30884,720
2021-04-27,Inyo,027,18085,1398,1396,22,1418,36
2021-04-27,Kern,029,883053,96488,95466,10692,106158,1295
2021-04-27,Kings,031,150075,22977,22759,1086,23845,244
2021-04-27,Lake,033,64148,3454,3431,11,3442,43
2021-04-27,Lassen,035,31185,5167,5137,106,5243,1
2021-04-27,Los Angeles,037,10098052,1198731,1191504,41493,1232997,23825
2021-04-27,Madera,039,155013,16475,16365,928,17293,235
2021-04-27,Marin,041,260295,13904,13855,243,14098,227
2021-04-27,Mariposa,043,17540,416,413,12,425,5
2021-04-27,Mendocino,045,87422,3825,3765,72,3837,46
2021-04-27,Merced,047,269075,30641,30620,985,31605,443
2021-04-27,Modoc,049,8938,367,360,122,482,3
2021-04-27,Mono,051,14174,1241,1257,15,1272,3
2021-04-27,Monterey,053,433212,42895,42752,1881,44633,379
2021-04-27,Napa,055,140530,9782,9774,34,9808,81
2021-04-27,Nevada,057,99092,4660,4557,194,4751,70
2021-04-27,Orange,059,3164182,254148,252667,11216,263883,4925
2021-04-27,Placer,061,380077,22641,22050,1429,23479,285
2021-04-27,Plumas,063,18699,686,675,10,685,4
2021-04-27,Riverside,065,2383286,290716,286820,13887,300707,4405
2021-04-27,Sacramento,067,1510023,103299,102595,1677,104272,1589
2021-04-27,San Benito,069,59416,6015,6016,113,6129,63
2021-04-27,San Bernardino,071,2135413,291679,290461,8971,299432,4575
2021-04-27,San Diego,073,3302833,277350,275685,14440,290125,3692
2021-04-27,San Francisco,075,870044,36239,36358,1291,37649,533
2021-04-27,San Joaquin,077,732212,71878,71104,3479,74583,1301
2021-04-27,San Luis Obispo,079,281455,21048,20841,728,21569,255
2021-04-27,San Mateo,081,765935,41875,41474,459,41933,358
2021-04-27,Santa Barbara,083,443738,34704,33973,1204,35177,448
2021-04-27,Santa Clara,085,1922200,117461,117945,745,118690,1969
2021-04-27,Santa Cruz,087,273765,16088,15905,828,16733,205
2021-04-27,Shasta,089,179085,11825,11802,1464,13266,192
2021-04-27,Sierra,091,2930,56,51,13,64,0
2021-04-27,Siskiyou,093,43540,1731,1597,302,1899,11
2021-04-27,Solano,095,438530,32083,31964,498,32462,248
2021-04-27,Sonoma,097,501317,29622,29761,312,30073,318
2021-04-27,Stanislaus,099,539301,55074,54695,5858,60553,752
2021-04-27,Sutter,101,95872,9358,9342,84,9426,110
2021-04-27,Tehama,103,63373,4958,4922,560,5482,53
2021-04-27,Trinity,105,12862,478,326,80,406,3
2021-04-27,Tulare,107,460477,49737,48744,8954,57698,832
2021-04-27,Tuolumne,109,53932,4028,4028,36,4064,58
2021-04-27,Ventura,111,848112,80764,80152,2968,83120,1000
2021-04-27,Yolo,113,214977,13751,13697,287,13984,205
2021-04-27,Yuba,115,75493,5888,5853,121,5974,44
2021-04-26,Alameda,001,1643700,86510,86230,1922,88152,1256
2021-04-26,Alpine,003,1148,88,88,0,88,0
2021-04-26,Amador,005,37829,3648,3645,33,3678,46
2021-04-26,Butte,007,227075,12117,11720,1768,13488,196
2021-04-26,Calaveras,009,45235,2078,2074,13,2087,50
2021-04-26,Colusa,011,21464,1923,1925,293,2218,14
2021-04-26,Contra Costa,013,1133247,68032,67392,1223,68615,789
2021-04-26,Del Norte,015,27424,1296,1263,11,1274,6
2021-04-26,El Dorado,017,186661,9934,9849,697,10546,106
2021-04-26,Fresno,019,978130,101592,101099,8605,109704,1662
2021-04-26,Glenn,021,27897,2379,2367,544,2911,17
2021-04-26,Humboldt,023,135768,3817,3764,30,3794,35
2021-04-26,Imperial,025,180216,28243,28148,2732,30880,720
2021-04-26,Inyo,027,18085,1397,1396,22,1418,36
2021-04-26,Kern,029,883053,96461,95429,10686,106115,1295
2021-04-26,Kings,031,150075,22974,22756,1083,23839,244
2021-04-26,Lake,033,64148,3449,3428,11,3439,43
2021-04-26,Lassen,035,31185,5167,5138,106,5244,1
2021-04-26,Los Angeles,037,10098052,1198406,1191253,41474,1232727,23802
2021-04-26,Madera,039,155013,16463,16353,927,17280,231
2021-04-26,Marin,041,260295,13889,13849,243,14092,227
2021-04-26,Mariposa,043,17540,415,410,12,422,5
2021-04-26,Mendocino,045,87422,3823,3757,72,3829,46
2021-04-26,Merced,047,269075,30624,30611,982,31593,443
2021-04-26,Modoc,049,8938,367,360,122,482,3
2021-04-26,Mono,051,14174,1241,1258,15,1273,3
2021-04-26,Monterey,053,433212,42879,42740,1880,44620,379
2021-04-26,Napa,055,140530,9770,9769,34,9803,79
2021-04-26,Nevada,057,99092,4639,4548,194,4742,70
2021-04-26,Orange,059,3164182,254064,252592,11205,263797,4919
2021-04-26,Placer,061,380077,22612,22032,1424,23456,285
2021-04-26,Plumas,063,18699,686,670,10,680,4
2021-04-26,Riverside,065,2383286,290653,286724,13879,300603,4401
2021-04-26,Sacramento,067,1510023,103127,102459,1664,104123,1587
2021-04-26,San Benito,069,59416,6013,6013,113,6126,63
2021-04-26,San Bernardino,071,2135413,291628,290394,8970,299364,4572
2021-04-26,San Diego,073,3302833,277176,275541,14412,289953,3692
2021-04-26,San Francisco,075,870044,36211,36330,1290,37620,532
2021-04-26,San Joaquin,077,732212,71812,71050,3471,74521,1301
2021-04-26,San Luis Obispo,079,281455,21040,20830,727,21557,255
2021-04-26,San Mateo,081,765935,41845,41457,459,41916,357
2021-04-26,Santa Barbara,083,443738,34673,33948,1204,35152,448
2021-04-26,Santa Clara,085,1922200,117361,117874,742,118616,1968
2021-04-26,Santa Cruz,087,273765,16079,15877,828,16705,205
2021-04-26,Shasta,089,179085,11808,11787,1458,13245,192
2021-04-26,Sierra,091,2930,55,51,13,64,0
2021-04-26,Siskiyou,093,43540,1721,1592,298,1890,11
2021-04-26,Solano,095,438530,32038,31913,496,32409,247
2021-04-26,Sonoma,097,501317,29599,29755,310,30065,318
2021-04-26,Stanislaus,099,539301,54984,54638,5852,60490,744
2021-04-26,Sutter,101,95872,9353,9328,84,9412,110
2021-04-26,Tehama,103,63373,4953,4920,557,5477,53
2021-04-26,Trinity,105,12862,478,326,80,406,3
2021-04-26,Tulare,107,460477,49717,48735,8945,57680,831
2021-04-26,Tuolumne,109,53932,4027,4024,36,4060,58
2021-04-26,Ventura,111,848112,80739,80137,2965,83102,999
2021-04-26,Yolo,113,214977,13731,13684,284,13968,205
2021-04-26,Yuba,115,75493,5886,5851,121,5972,44
2021-04-25,Alameda,001,1643700,86404,86162,1915,88077,1256
2021-04-25,Alpine,003,1148,88,87,0,87,0
2021-04-25,Amador,005,37829,3647,3643,33,3676,46
2021-04-25,Butte,007,227075,12088,11709,1761,13470,196
2021-04-25,Calaveras,009,45235,2072,2072,12,2084,50
2021-04-25,Colusa,011,21464,1922,1924,293,2217,14
2021-04-25,Contra Costa,013,1133247,67940,67316,1222,68538,789
2021-04-25,Del Norte,015,27424,1290,1259,11,1270,6
2021-04-25,El Dorado,017,186661,9918,9837,695,10532,106
2021-04-25,Fresno,019,978130,101533,101061,8593,109654,1662
2021-04-25,Glenn,021,27897,2379,2366,544,2910,17
2021-04-25,Humboldt,023,135768,3804,3751,30,3781,35
2021-04-25,Imperial,025,180216,28217,28136,2729,30865,720
2021-04-25,Inyo,027,18085,1397,1396,22,1418,36
2021-04-25,Kern,029,883053,96395,95398,10673,106071,1295
2021-04-25,Kings,031,150075,22960,22755,1081,23836,244
2021-04-25,Lake,033,64148,3447,3427,11,3438,43
2021-04-25,Lassen,035,31185,5165,5138,106,5244,1
2021-04-25,Los Angeles,037,10098052,1198073,1190970,41454,1232424,23799
2021-04-25,Madera,039,155013,16451,16346,927,17273,231
2021-04-25,Marin,041,260295,13880,13852,243,14095,227
2021-04-25,Mariposa,043,17540,415,410,12,422,5
2021-04-25,Mendocino,045,87422,3816,3757,72,3829,46
2021-04-25,Merced,047,269075,30589,30586,982,31568,443
2021-04-25,Modoc,049,8938,367,360,122,482,3
2021-04-25,Mono,051,14174,1241,1257,15,1272,3
2021-04-25,Monterey,053,433212,42866,42737,1878,44615,379
2021-04-25,Napa,055,140530,9765,9762,34,9796,79
2021-04-25,Nevada,057,99092,4627,4536,194,4730,70
2021-04-25,Orange,059,3164182,253987,252531,11198,263729,4919
2021-04-25,Placer,061,380077,22565,22011,1416,23427,285
2021-04-25,Plumas,063,18699,685,670,10,680,4
2021-04-25,Riverside,065,2383286,290559,286651,13873,300524,4401
2021-04-25,Sacramento,067,1510023,102959,102319,1654,103973,1587
2021-04-25,San Benito,069,59416,6011,6014,112,6126,63
2021-04-25,San Bernardino,071,2135413,291553,290357,8962,299319,4571
2021-04-25,San Diego,073,3302833,276963,275412,14379,289791,3692
2021-04-25,San Francisco,075,870044,36180,36310,1290,37600,532
2021-04-25,San Joaquin,077,732212,71717,70987,3461,74448,1301
2021-04-25,San Luis Obispo,079,281455,21021,20820,725,21545,255
2021-04-25,San Mateo,081,765935,41810,41465,458,41923,356
2021-04-25,Santa Barbara,083,443738,34647,33931,1204,35135,448
2021-04-25,Santa Clara,085,1922200,117282,117778,740,118518,1968
2021-04-25,Santa Cruz,087,273765,16073,15868,826,16694,205
2021-04-25,Shasta,089,179085,11785,11784,1453,13237,192
2021-04-25,Sierra,091,2930,55,51,13,64,0
2021-04-25,Siskiyou,093,43540,1710,1580,296,1876,11
2021-04-25,Solano,095,438530,31991,31864,488,32352,247
2021-04-25,Sonoma,097,501317,29581,29756,310,30066,318
2021-04-25,Stanislaus,099,539301,54888,54543,5844,60387,744
2021-04-25,Sutter,101,95872,9347,9326,84,9410,110
2021-04-25,Tehama,103,63373,4949,4916,555,5471,53
2021-04-25,Trinity,105,12862,478,326,80,406,3
2021-04-25,Tulare,107,460477,49701,48728,8931,57659,831
2021-04-25,Tuolumne,109,53932,4025,4022,36,4058,58
2021-04-25,Ventura,111,848112,80715,80110,2965,83075,999
2021-04-25,Yolo,113,214977,13708,13667,282,13949,205
2021-04-25,Yuba,115,75493,5883,5849,120,5969,44
2021-04-24,Alameda,001,1643700,86350,86016,1913,87929,1257
2021-04-24,Alpine,003,1148,88,86,0,86,0
2021-04-24,Amador,005,37829,3646,3640,33,3673,46
2021-04-24,Butte,007,227075,12072,11678,1759,13437,196
2021-04-24,Calaveras,009,45235,2069,2067,12,2079,50
2021-04-24,Colusa,011,21464,1921,1921,293,2214,14
2021-04-24,Contra Costa,013,1133247,67871,67222,1220,68442,789
2021-04-24,Del Norte,015,27424,1285,1255,11,1266,6
2021-04-24,El Dorado,017,186661,9907,9814,694,10508,106
2021-04-24,Fresno,019,978130,101502,100991,8587,109578,1662
2021-04-24,Glenn,021,27897,2379,2363,544,2907,17
2021-04-24,Humboldt,023,135768,3790,3722,30,3752,35
2021-04-24,Imperial,025,180216,28210,28124,2728,30852,720
2021-04-24,Inyo,027,18085,1396,1396,22,1418,36
2021-04-24,Kern,029,883053,96376,95365,10663,106028,1295
2021-04-24,Kings,031,150075,22957,22749,1081,23830,244
2021-04-24,Lake,033,64148,3446,3426,11,3437,43
2021-04-24,Lassen,035,31185,5164,5137,106,5243,1
2021-04-24,Los Angeles,037,10098052,1197849,1190603,41437,1232040,23802
2021-04-24,Madera,039,155013,16448,16338,927,17265,231
2021-04-24,Marin,041,260295,13872,13847,243,14090,227
2021-04-24,Mariposa,043,17540,415,409,12,421,5
2021-04-24,Mendocino,045,87422,3814,3754,71,3825,46
2021-04-24,Merced,047,269075,30569,30559,982,31541,443
2021-04-24,Modoc,049,8938,367,360,122,482,3
2021-04-24,Mono,051,14174,1241,1256,15,1271,3
2021-04-24,Monterey,053,433212,42854,42727,1877,44604,379
2021-04-24,Napa,055,140530,9759,9756,34,9790,79
2021-04-24,Nevada,057,99092,4620,4522,194,4716,70
2021-04-24,Orange,059,3164182,253943,252441,11192,263633,4910
2021-04-24,Placer,061,380077,22553,21983,1415,23398,285
2021-04-24,Plumas,063,18699,684,670,10,680,4
2021-04-24,Riverside,065,2383286,290490,286552,13869,300421,4400
2021-04-24,Sacramento,067,1510023,102876,102179,1647,103826,1587
2021-04-24,San Benito,069,59416,6009,6007,112,6119,63
2021-04-24,San Bernardino,071,2135413,291504,290264,8961,299225,4568
2021-04-24,San Diego,073,3302833,276859,275252,14359,289611,3688
2021-04-24,San Francisco,075,870044,36151,36285,1286,37571,532
2021-04-24,San Joaquin,077,732212,71673,70911,3458,74369,1301
2021-04-24,San Luis Obispo,079,281455,21011,20797,724,21521,255
2021-04-24,San Mateo,081,765935,41797,41424,456,41880,355
2021-04-24,Santa Barbara,083,443738,34632,33911,1203,35114,448
2021-04-24,Santa Clara,085,1922200,117227,117674,738,118412,1968
2021-04-24,Santa Cruz,087,273765,16065,15840,826,16666,205
2021-04-24,Shasta,089,179085,11767,11770,1450,13220,192
2021-04-24,Sierra,091,2930,55,51,13,64,0
2021-04-24,Siskiyou,093,43540,1700,1574,295,1869,11
2021-04-24,Solano,095,438530,31968,31821,485,32306,247
2021-04-24,Sonoma,097,501317,29579,29739,310,30049,318
2021-04-24,Stanislaus,099,539301,54839,54455,5841,60296,744
2021-04-24,Sutter,101,95872,9344,9316,84,9400,110
2021-04-24,Tehama,103,63373,4944,4907,555,5462,53
2021-04-24,Trinity,105,12862,478,326,80,406,3
2021-04-24,Tulare,107,460477,49690,48705,8921,57626,830
2021-04-24,Tuolumne,109,53932,4021,4020,36,4056,58
2021-04-24,Ventura,111,848112,80702,80097,2963,83060,999
2021-04-24,Yolo,113,214977,13697,13653,282,13935,205
2021-04-24,Yuba,115,75493,5881,5837,120,5957,44
2021-04-23,Alameda,001,1643700,86279,85935,1910,87845,1256
2021-04-23,Alpine,003,1148,87,86,0,86,0
2021-04-23,Amador,005,37829,3645,3637,33,3670,46
2021-04-23,Butte,007,227075,12051,11672,1754,13426,196
2021-04-23,Calaveras,009,45235,2067,2064,12,2076,50
2021-04-23,Colusa,011,21464,1920,1921,293,2214,14
2021-04-23,Contra Costa,013,1133247,67816,67164,1217,68381,785
2021-04-23,Del Norte,015,27424,1284,1254,11,1265,6
2021-04-23,El Dorado,017,186661,9890,9788,691,10479,106
2021-04-23,Fresno,019,978130,101461,100928,8581,109509,1662
2021-04-23,Glenn,021,27897,2379,2361,543,2904,17
2021-04-23,Humboldt,023,135768,3779,3698,30,3728,35
2021-04-23,Imperial,025,180216,28195,28108,2727,30835,720
2021-04-23,Inyo,027,18085,1396,1395,22,1417,36
2021-04-23,Kern,029,883053,96351,95330,10657,105987,1295
2021-04-23,Kings,031,150075,22954,22735,1081,23816,244
2021-04-23,Lake,033,64148,3444,3425,11,3436,43
2021-04-23,Lassen,035,31185,5164,5141,106,5247,1
2021-04-23,Los Angeles,037,10098052,1197586,1190264,41411,1231675,23785
2021-04-23,Madera,039,155013,16439,16328,927,17255,231
2021-04-23,Marin,041,260295,13867,13838,243,14081,227
2021-04-23,Mariposa,043,17540,414,405,12,417,5
2021-04-23,Mendocino,045,87422,3812,3745,70,3815,46
2021-04-23,Merced,047,269075,30551,30530,982,31512,443
2021-04-23,Modoc,049,8938,367,360,122,482,3
2021-04-23,Mono,051,14174,1239,1256,15,1271,3
2021-04-23,Monterey,053,433212,42848,42722,1877,44599,377
2021-04-23,Napa,055,140530,9753,9752,34,9786,79
2021-04-23,Nevada,057,99092,4611,4510,194,4704,70
2021-04-23,Orange,059,3164182,253899,252399,11185,263584,4904
2021-04-23,Placer,061,380077,22530,21959,1414,23373,282
2021-04-23,Plumas,063,18699,683,670,10,680,4
2021-04-23,Riverside,065,2383286,290432,286456,13864,300320,4399
2021-04-23,Sacramento,067,1510023,102789,102041,1644,103685,1586
2021-04-23,San Benito,069,59416,6007,6005,112,6117,63
2021-04-23,San Bernardino,071,2135413,291453,290189,8960,299149,4568
2021-04-23,San Diego,073,3302833,276721,275097,14336,289433,3684
2021-04-23,San Francisco,075,870044,36134,36252,1285,37537,532
2021-04-23,San Joaquin,077,732212,71617,70840,3455,74295,1295
2021-04-23,San Luis Obispo,079,281455,21002,20781,723,21504,255
2021-04-23,San Mateo,081,765935,41770,41386,456,41842,355
2021-04-23,Santa Barbara,083,443738,34622,33895,1201,35096,447
2021-04-23,Santa Clara,085,1922200,117165,117593,737,118330,1965
2021-04-23,Santa Cruz,087,273765,16058,15802,826,16628,205
2021-04-23,Shasta,089,179085,11760,11759,1449,13208,192
2021-04-23,Sierra,091,2930,55,51,13,64,0
2021-04-23,Siskiyou,093,43540,1688,1567,294,1861,11
2021-04-23,Solano,095,438530,31936,31784,481,32265,247
2021-04-23,Sonoma,097,501317,29566,29727,310,30037,318
2021-04-23,Stanislaus,099,539301,54776,54391,5833,60224,744
2021-04-23,Sutter,101,95872,9342,9312,84,9396,110
2021-04-23,Tehama,103,63373,4941,4906,555,5461,53
2021-04-23,Trinity,105,12862,478,326,80,406,3
2021-04-23,Tulare,107,460477,49673,48694,8913,57607,829
2021-04-23,Tuolumne,109,53932,4020,4020,36,4056,58
2021-04-23,Ventura,111,848112,80683,80095,2963,83058,996
2021-04-23,Yolo,113,214977,13686,13647,281,13928,205
2021-04-23,Yuba,115,75493,5878,5828,120,5948,44
2021-04-22,Alameda,001,1643700,86188,85829,1909,87738,1253
2021-04-22,Alpine,003,1148,87,86,0,86,0
2021-04-22,Amador,005,37829,3644,3633,33,3666,46
2021-04-22,Butte,007,227075,12037,11656,1751,13407,196
2021-04-22,Calaveras,009,45235,2065,2059,12,2071,50
2021-04-22,Colusa,011,21464,1918,1920,291,2211,14
2021-04-22,Contra Costa,013,1133247,67744,67029,1212,68241,782
2021-04-22,Del Norte,015,27424,1279,1252,11,1263,6
2021-04-22,El Dorado,017,186661,9879,9773,688,10461,106
2021-04-22,Fresno,019,978130,101416,100864,8570,109434,1657
2021-04-22,Glenn,021,27897,2378,2361,543,2904,17
2021-04-22,Humboldt,023,135768,3770,3680,30,3710,35
2021-04-22,Imperial,025,180216,28174,28096,2724,30820,720
2021-04-22,Inyo,027,18085,1395,1394,22,1416,36
2021-04-22,Kern,029,883053,96308,95292,10642,105934,1299
2021-04-22,Kings,031,150075,22944,22725,1081,23806,243
2021-04-22,Lake,033,64148,3442,3423,11,3434,43
2021-04-22,Lassen,035,31185,5164,5155,106,5261,1
2021-04-22,Los Angeles,037,10098052,1197268,1189878,41389,1231267,23762
2021-04-22,Madera,039,155013,16420,16316,927,17243,231
2021-04-22,Marin,041,260295,13859,13832,243,14075,227
2021-04-22,Mariposa,043,17540,413,403,12,415,5
2021-04-22,Mendocino,045,87422,3806,3729,70,3799,46
2021-04-22,Merced,047,269075,30516,30490,981,31471,443
2021-04-22,Modoc,049,8938,367,360,122,482,3
2021-04-22,Mono,051,14174,1239,1254,15,1269,3
2021-04-22,Monterey,053,433212,42841,42708,1875,44583,377
2021-04-22,Napa,055,140530,9743,9734,34,9768,79
2021-04-22,Nevada,057,99092,4602,4504,192,4696,70
2021-04-22,Orange,059,3164182,253827,252307,11173,263480,4898
2021-04-22,Placer,061,380077,22500,21916,1410,23326,282
2021-04-22,Plumas,063,18699,682,670,10,680,4
2021-04-22,Riverside,065,2383286,290326,286362,13855,300217,4398
2021-04-22,Sacramento,067,1510023,102640,101870,1635,103505,1585
2021-04-22,San Benito,069,59416,6003,5998,112,6110,63
2021-04-22,San Bernardino,071,2135413,291382,290125,8951,299076,4571
2021-04-22,San Diego,073,3302833,276555,275913,14314,290227,3684
2021-04-22,San Francisco,075,870044,36112,36218,1282,37500,532
2021-04-22,San Joaquin,077,732212,71558,70751,3448,74199,1295
2021-04-22,San Luis Obispo,079,281455,20988,20761,723,21484,255
2021-04-22,San Mateo,081,765935,41743,41345,454,41799,355
2021-04-22,Santa Barbara,083,443738,34599,33870,1200,35070,446
2021-04-22,Santa Clara,085,1922200,117077,117457,733,118190,1954
2021-04-22,Santa Cruz,087,273765,16055,15737,825,16562,205
2021-04-22,Shasta,089,179085,11745,11738,1446,13184,192
2021-04-22,Sierra,091,2930,55,51,13,64,0
2021-04-22,Siskiyou,093,43540,1684,1564,293,1857,11
2021-04-22,Solano,095,438530,31890,31731,478,32209,247
2021-04-22,Sonoma,097,501317,29551,29705,306,30011,318
2021-04-22,Stanislaus,099,539301,54703,54313,5827,60140,744
2021-04-22,Sutter,101,95872,9338,9302,84,9386,110
2021-04-22,Tehama,103,63373,4935,4896,551,5447,53
2021-04-22,Trinity,105,12862,478,326,80,406,3
2021-04-22,Tulare,107,460477,49653,48669,8904,57573,828
2021-04-22,Tuolumne,109,53932,4016,4020,36,4056,58
2021-04-22,Ventura,111,848112,80657,80073,2961,83034,996
2021-04-22,Yolo,113,214977,13665,13616,281,13897,205
2021-04-22,Yuba,115,75493,5868,5825,120,5945,44
2021-04-21,Alameda,001,1643700,86107,85762,1907,87669,1249
2021-04-21,Alpine,003,1148,87,86,0,86,0
2021-04-21,Amador,005,37829,3641,3632,33,3665,46
2021-04-21,Butte,007,227075,12017,11643,1749,13392,196
2021-04-21,Calaveras,009,45235,2055,2057,12,2069,50
2021-04-21,Colusa,011,21464,1916,1920,290,2210,14
2021-04-21,Contra Costa,013,1133247,67678,66981,1211,68192,782
2021-04-21,Del Norte,015,27424,1275,1252,11,1263,6
2021-04-21,El Dorado,017,186661,9862,9760,686,10446,106
2021-04-21,Fresno,019,978130,101360,100838,8564,109402,1654
2021-04-21,Glenn,021,27897,2377,2361,543,2904,17
2021-04-21,Humboldt,023,135768,3750,3642,30,3672,35
2021-04-21,Imperial,025,180216,28162,28052,2723,30775,719
2021-04-21,Inyo,027,18085,1395,1392,22,1414,36
2021-04-21,Kern,029,883053,96262,95257,10632,105889,1297
2021-04-21,Kings,031,150075,22937,22713,1080,23793,243
2021-04-21,Lake,033,64148,3439,3421,11,3432,43
2021-04-21,Lassen,035,31185,5163,5156,106,5262,1
2021-04-21,Los Angeles,037,10098052,1196929,1189530,41368,1230898,23729
2021-04-21,Madera,039,155013,16415,16309,927,17236,231
2021-04-21,Marin,041,260295,13844,13822,243,14065,227
2021-04-21,Mariposa,043,17540,412,402,12,414,5
2021-04-21,Mendocino,045,87422,3804,3729,70,3799,46
2021-04-21,Merced,047,269075,30495,30471,980,31451,442
2021-04-21,Modoc,049,8938,367,360,122,482,3
2021-04-21,Mono,051,14174,1239,1254,15,1269,3
2021-04-21,Monterey,053,433212,42826,42699,1873,44572,377
2021-04-21,Napa,055,140530,9737,9727,34,9761,79
2021-04-21,Nevada,057,99092,4588,4499,192,4691,70
2021-04-21,Orange,059,3164182,253752,252243,11160,263403,4889
2021-04-21,Placer,061,380077,22469,21896,1405,23301,282
2021-04-21,Plumas,063,18699,682,670,10,680,4
2021-04-21,Riverside,065,2383286,290232,286299,13848,300147,4388
2021-04-21,Sacramento,067,1510023,102511,101803,1629,103432,1579
2021-04-21,San Benito,069,59416,6000,5998,112,6110,63
2021-04-21,San Bernardino,071,2135413,291307,290049,8949,298998,4572
2021-04-21,San Diego,073,3302833,276346,275632,14276,289908,3681
2021-04-21,San Francisco,075,870044,36092,36194,1281,37475,529
2021-04-21,San Joaquin,077,732212,71503,70687,3438,74125,1295
2021-04-21,San Luis Obispo,079,281455,20973,20724,722,21446,255
2021-04-21,San Mateo,081,765935,41711,41318,453,41771,355
2021-04-21,Santa Barbara,083,443738,34580,33830,1199,35029,445
2021-04-21,Santa Clara,085,1922200,116999,117318,727,118045,1946
2021-04-21,Santa Cruz,087,273765,16046,15698,825,16523,204
2021-04-21,Shasta,089,179085,11726,11722,1444,13166,192
2021-04-21,Sierra,091,2930,55,51,13,64,0
2021-04-21,Siskiyou,093,43540,1677,1557,293,1850,11
2021-04-21,Solano,095,438530,31851,31712,477,32189,244
2021-04-21,Sonoma,097,501317,29539,29697,304,30001,318
2021-04-21,Stanislaus,099,539301,54642,54290,5821,60111,742
2021-04-21,Sutter,101,95872,9330,9297,84,9381,110
2021-04-21,Tehama,103,63373,4928,4893,550,5443,53
2021-04-21,Trinity,105,12862,478,326,80,406,3
2021-04-21,Tulare,107,460477,49638,48653,8891,57544,828
2021-04-21,Tuolumne,109,53932,4013,4019,36,4055,58
2021-04-21,Ventura,111,848112,80625,80039,2958,82997,996
2021-04-21,Yolo,113,214977,13645,13606,280,13886,200
2021-04-21,Yuba,115,75493,5861,5822,119,5941,44
2021-04-20,Alameda,001,1643700,86015,85652,1905,87557,1248
2021-04-20,Alpine,003,1148,86,85,0,85,0
2021-04-20,Amador,005,37829,3640,3631,33,3664,46
2021-04-20,Butte,007,227075,11998,11619,1747,13366,196
2021-04-20,Calaveras,009,45235,2053,2053,12,2065,50
2021-04-20,Colusa,011,21464,1916,1915,289,2204,14
2021-04-20,Contra Costa,013,1133247,67594,66889,1208,68097,782
2021-04-20,Del Norte,015,27424,1274,1250,11,1261,6
2021-04-20,El Dorado,017,186661,9834,9743,684,10427,106
2021-04-20,Fresno,019,978130,101302,100768,8554,109322,1650
2021-04-20,Glenn,021,27897,2375,2359,542,2901,17
2021-04-20,Humboldt,023,135768,3730,3612,30,3642,35
2021-04-20,Imperial,025,180216,28143,28024,2719,30743,719
2021-04-20,Inyo,027,18085,1395,1393,22,1415,36
2021-04-20,Kern,029,883053,96226,95223,10615,105838,1295
2021-04-20,Kings,031,150075,22931,22693,1077,23770,243
2021-04-20,Lake,033,64148,3437,3418,11,3429,43
2021-04-20,Lassen,035,31185,5163,5155,106,5261,1
2021-04-20,Los Angeles,037,10098052,1196585,1189256,41339,1230595,23694
2021-04-20,Madera,039,155013,16409,16301,927,17228,231
2021-04-20,Marin,041,260295,13830,13807,243,14050,227
2021-04-20,Mariposa,043,17540,411,402,12,414,5
2021-04-20,Mendocino,045,87422,3803,3726,70,3796,46
2021-04-20,Merced,047,269075,30467,30439,980,31419,441
2021-04-20,Modoc,049,8938,367,359,122,481,3
2021-04-20,Mono,051,14174,1238,1254,15,1269,3
2021-04-20,Monterey,053,433212,42815,42663,1870,44533,363
2021-04-20,Napa,055,140530,9733,9711,34,9745,79
2021-04-20,Nevada,057,99092,4570,4485,192,4677,70
2021-04-20,Orange,059,3164182,253662,252134,11148,263282,4887
2021-04-20,Placer,061,380077,22435,21846,1401,23247,282
2021-04-20,Plumas,063,18699,681,670,10,680,4
2021-04-20,Riverside,065,2383286,290131,286194,13843,300037,4388
2021-04-20,Sacramento,067,1510023,102373,101629,1620,103249,1574
2021-04-20,San Benito,069,59416,5997,5988,112,6100,63
2021-04-20,San Bernardino,071,2135413,291227,289905,8947,298852,4569
2021-04-20,San Diego,073,3302833,276116,275369,14243,289612,3674
2021-04-20,San Francisco,075,870044,36073,36117,1280,37397,529
2021-04-20,San Joaquin,077,732212,71430,70590,3429,74019,1289
2021-04-20,San Luis Obispo,079,281455,20950,20691,714,21405,254
2021-04-20,San Mateo,081,765935,41680,41251,453,41704,355
2021-04-20,Santa Barbara,083,443738,34562,33803,1199,35002,445
2021-04-20,Santa Clara,085,1922200,116900,117228,723,117951,1944
2021-04-20,Santa Cruz,087,273765,16034,15647,825,16472,204
2021-04-20,Shasta,089,179085,11710,11677,1441,13118,189
2021-04-20,Sierra,091,2930,55,51,13,64,0
2021-04-20,Siskiyou,093,43540,1669,1551,292,1843,10
2021-04-20,Solano,095,438530,31796,31673,473,32146,243
2021-04-20,Sonoma,097,501317,29530,29676,302,29978,311
2021-04-20,Stanislaus,099,539301,54577,54236,5808,60044,735
2021-04-20,Sutter,101,95872,9326,9279,84,9363,109
2021-04-20,Tehama,103,63373,4923,4887,549,5436,52
2021-04-20,Trinity,105,12862,478,326,80,406,3
2021-04-20,Tulare,107,460477,49615,48650,8883,57533,831
2021-04-20,Tuolumne,109,53932,4013,4014,36,4050,58
2021-04-20,Ventura,111,848112,80597,80018,2956,82974,995
2021-04-20,Yolo,113,214977,13625,13581,278,13859,200
2021-04-20,Yuba,115,75493,5851,5814,119,5933,44
2021-04-19,Alameda,001,1643700,85893,85583,1902,87485,1247
2021-04-19,Alpine,003,1148,86,85,0,85,0
2021-04-19,Amador,005,37829,3639,3629,33,3662,46
2021-04-19,Butte,007,227075,11979,11601,1742,13343,196
2021-04-19,Calaveras,009,45235,2050,2050,12,2062,50
2021-04-19,Colusa,011,21464,1916,1913,288,2201,14
2021-04-19,Contra Costa,013,1133247,67516,66833,1206,68039,782
2021-04-19,Del Norte,015,27424,1272,1247,11,1258,6
2021-04-19,El Dorado,017,186661,9818,9726,679,10405,106
2021-04-19,Fresno,019,978130,101234,100702,8541,109243,1646
2021-04-19,Glenn,021,27897,2375,2358,541,2899,17
2021-04-19,Humboldt,023,135768,3710,3602,28,3630,35
2021-04-19,Imperial,025,180216,28122,27995,2719,30714,719
2021-04-19,Inyo,027,18085,1395,1392,22,1414,36
2021-04-19,Kern,029,883053,96196,95162,10600,105762,1290
2021-04-19,Kings,031,150075,22915,22688,1077,23765,243
2021-04-19,Lake,033,64148,3436,3416,11,3427,43
2021-04-19,Lassen,035,31185,5162,5156,106,5262,1
2021-04-19,Los Angeles,037,10098052,1196208,1188945,41314,1230259,23666
2021-04-19,Madera,039,155013,16398,16289,926,17215,231
2021-04-19,Marin,041,260295,13819,13804,242,14046,226
2021-04-19,Mariposa,043,17540,410,401,12,413,5
2021-04-19,Mendocino,045,87422,3801,3722,70,3792,46
2021-04-19,Merced,047,269075,30438,30422,979,31401,441
2021-04-19,Modoc,049,8938,367,359,122,481,3
2021-04-19,Mono,051,14174,1237,1254,15,1269,3
2021-04-19,Monterey,053,433212,42802,42642,1865,44507,356
2021-04-19,Napa,055,140530,9725,9680,34,9714,79
2021-04-19,Nevada,057,99092,4554,4477,192,4669,70
2021-04-19,Orange,059,3164182,253544,252013,11134,263147,4883
2021-04-19,Placer,061,380077,22412,21814,1397,23211,282
2021-04-19,Plumas,063,18699,681,665,10,675,4
2021-04-19,Riverside,065,2383286,290035,286087,13834,299921,4371
2021-04-19,Sacramento,067,1510023,102238,101482,1610,103092,1572
2021-04-19,San Benito,069,59416,5989,5989,112,6101,63
2021-04-19,San Bernardino,071,2135413,291142,289738,8941,298679,4561
2021-04-19,San Diego,073,3302833,275868,275113,14210,289323,3674
2021-04-19,San Francisco,075,870044,36038,36094,1277,37371,529
2021-04-19,San Joaquin,077,732212,71351,70514,3422,73936,1289
2021-04-19,San Luis Obispo,079,281455,20924,20669,708,21377,254
2021-04-19,San Mateo,081,765935,41647,41226,452,41678,355
2021-04-19,Santa Barbara,083,443738,34547,33786,1199,34985,446
2021-04-19,Santa Clara,085,1922200,116789,117099,719,117818,1944
2021-04-19,Santa Cruz,087,273765,16022,15600,825,16425,204
2021-04-19,Shasta,089,179085,11695,11662,1433,13095,189
2021-04-19,Sierra,091,2930,55,51,13,64,0
2021-04-19,Siskiyou,093,43540,1659,1544,292,1836,10
2021-04-19,Solano,095,438530,31757,31643,468,32111,239
2021-04-19,Sonoma,097,501317,29511,29667,302,29969,311
2021-04-19,Stanislaus,099,539301,54501,54179,5804,59983,728
2021-04-19,Sutter,101,95872,9315,9269,84,9353,109
2021-04-19,Tehama,103,63373,4918,4878,549,5427,52
2021-04-19,Trinity,105,12862,478,326,79,405,3
2021-04-19,Tulare,107,460477,49599,48630,8870,57500,831
2021-04-19,Tuolumne,109,53932,4012,4010,36,4046,58
2021-04-19,Ventura,111,848112,80571,80000,2954,82954,996
2021-04-19,Yolo,113,214977,13613,13572,275,13847,200
2021-04-19,Yuba,115,75493,5844,5804,118,5922,44
2021-04-18,Alameda,001,1643700,85780,85481,1894,87375,1247
2021-04-18,Alpine,003,1148,86,85,0,85,0
2021-04-18,Amador,005,37829,3636,3627,33,3660,46
2021-04-18,Butte,007,227075,11961,11591,1737,13328,196
2021-04-18,Calaveras,009,45235,2046,2047,12,2059,50
2021-04-18,Colusa,011,21464,1912,1912,287,2199,14
2021-04-18,Contra Costa,013,1133247,67411,66750,1202,67952,782
2021-04-18,Del Norte,015,27424,1272,1240,11,1251,6
2021-04-18,El Dorado,017,186661,9795,9710,677,10387,106
2021-04-18,Fresno,019,978130,101176,100621,8536,109157,1646
2021-04-18,Glenn,021,27897,2370,2358,541,2899,17
2021-04-18,Humboldt,023,135768,3682,3590,28,3618,35
2021-04-18,Imperial,025,180216,28107,27991,2714,30705,719
2021-04-18,Inyo,027,18085,1394,1392,22,1414,36
2021-04-18,Kern,029,883053,96160,95129,10584,105713,1290
2021-04-18,Kings,031,150075,22906,22685,1077,23762,243
2021-04-18,Lake,033,64148,3435,3413,11,3424,43
2021-04-18,Lassen,035,31185,5159,5156,106,5262,1
2021-04-18,Los Angeles,037,10098052,1195752,1188620,41291,1229911,23648
2021-04-18,Madera,039,155013,16387,16277,925,17202,231
2021-04-18,Marin,041,260295,13812,13801,241,14042,226
2021-04-18,Mariposa,043,17540,409,400,11,411,5
2021-04-18,Mendocino,045,87422,3798,3722,70,3792,46
2021-04-18,Merced,047,269075,30401,30405,977,31382,441
2021-04-18,Modoc,049,8938,367,359,122,481,3
2021-04-18,Mono,051,14174,1237,1254,15,1269,3
2021-04-18,Monterey,053,433212,42790,42638,1864,44502,356
2021-04-18,Napa,055,140530,9709,9674,34,9708,79
2021-04-18,Nevada,057,99092,4539,4464,192,4656,70
2021-04-18,Orange,059,3164182,253429,251940,11126,263066,4883
2021-04-18,Placer,061,380077,22368,21783,1391,23174,282
2021-04-18,Plumas,063,18699,680,665,10,675,4
2021-04-18,Riverside,065,2383286,289944,286043,13830,299873,4371
2021-04-18,Sacramento,067,1510023,102062,101354,1604,102958,1572
2021-04-18,San Benito,069,59416,5987,5989,112,6101,63
2021-04-18,San Bernardino,071,2135413,291049,289691,8932,298623,4556
2021-04-18,San Diego,073,3302833,275589,274961,14175,289136,3674
2021-04-18,San Francisco,075,870044,36002,36073,1273,37346,525
2021-04-18,San Joaquin,077,732212,71270,70466,3413,73879,1289
2021-04-18,San Luis Obispo,079,281455,20902,20656,702,21358,254
2021-04-18,San Mateo,081,765935,41618,41201,451,41652,352
2021-04-18,Santa Barbara,083,443738,34512,33769,1198,34967,446
2021-04-18,Santa Clara,085,1922200,116623,116996,702,117698,1944
2021-04-18,Santa Cruz,087,273765,16012,15580,824,16404,204
2021-04-18,Shasta,089,179085,11674,11658,1430,13088,189
2021-04-18,Sierra,091,2930,55,51,13,64,0
2021-04-18,Siskiyou,093,43540,1648,1538,290,1828,10
2021-04-18,Solano,095,438530,31707,31606,467,32073,239
2021-04-18,Sonoma,097,501317,29495,29660,300,29960,311
2021-04-18,Stanislaus,099,539301,54419,54132,5797,59929,728
2021-04-18,Sutter,101,95872,9301,9261,84,9345,109
2021-04-18,Tehama,103,63373,4909,4877,548,5425,52
2021-04-18,Trinity,105,12862,478,326,79,405,3
2021-04-18,Tulare,107,460477,49587,48618,8864,57482,829
2021-04-18,Tuolumne,109,53932,4011,4008,35,4043,58
2021-04-18,Ventura,111,848112,80541,79984,2950,82934,996
2021-04-18,Yolo,113,214977,13601,13562,273,13835,200
2021-04-18,Yuba,115,75493,5837,5804,118,5922,44
2021-04-17,Alameda,001,1643700,85707,85367,1890,87257,1247
2021-04-17,Alpine,003,1148,86,85,0,85,0
2021-04-17,Amador,005,37829,3634,3625,33,3658,46
2021-04-17,Butte,007,227075,11941,11573,1733,13306,196
2021-04-17,Calaveras,009,45235,2044,2045,12,2057,50
2021-04-17,Colusa,011,21464,1912,1912,287,2199,14
2021-04-17,Contra Costa,013,1133247,67363,66657,1194,67851,782
2021-04-17,Del Norte,015,27424,1272,1238,11,1249,6
2021-04-17,El Dorado,017,186661,9780,9692,674,10366,106
2021-04-17,Fresno,019,978130,101143,100562,8530,109092,1646
2021-04-17,Glenn,021,27897,2370,2357,541,2898,17
2021-04-17,Humboldt,023,135768,3659,3579,28,3607,35
2021-04-17,Imperial,025,180216,28096,27987,2713,30700,719
2021-04-17,Inyo,027,18085,1391,1392,22,1414,36
2021-04-17,Kern,029,883053,96142,95102,10580,105682,1290
2021-04-17,Kings,031,150075,22901,22678,1076,23754,243
2021-04-17,Lake,033,64148,3434,3409,11,3420,43
2021-04-17,Lassen,035,31185,5159,5154,106,5260,1
2021-04-17,Los Angeles,037,10098052,1195497,1188262,41258,1229520,23653
2021-04-17,Madera,039,155013,16383,16260,924,17184,231
2021-04-17,Marin,041,260295,13808,13797,241,14038,226
2021-04-17,Mariposa,043,17540,408,398,11,409,5
2021-04-17,Mendocino,045,87422,3795,3721,70,3791,46
2021-04-17,Merced,047,269075,30385,30392,976,31368,441
2021-04-17,Modoc,049,8938,367,357,122,479,3
2021-04-17,Mono,051,14174,1237,1253,15,1268,3
2021-04-17,Monterey,053,433212,42781,42630,1862,44492,356
2021-04-17,Napa,055,140530,9705,9666,34,9700,79
2021-04-17,Nevada,057,99092,4531,4457,192,4649,70
2021-04-17,Orange,059,3164182,253360,251873,11114,262987,4878
2021-04-17,Placer,061,380077,22345,21736,1386,23122,282
2021-04-17,Plumas,063,18699,679,666,10,676,4
2021-04-17,Riverside,065,2383286,289875,285963,13822,299785,4371
2021-04-17,Sacramento,067,1510023,101952,101172,1593,102765,1572
2021-04-17,San Benito,069,59416,5981,5986,112,6098,63
2021-04-17,San Bernardino,071,2135413,290994,289624,8929,298553,4555
2021-04-17,San Diego,073,3302833,275442,274812,14141,288953,3674
2021-04-17,San Francisco,075,870044,35981,36032,1270,37302,523
2021-04-17,San Joaquin,077,732212,71230,70372,3403,73775,1288
2021-04-17,San Luis Obispo,079,281455,20889,20642,699,21341,254
2021-04-17,San Mateo,081,765935,41595,41157,451,41608,352
2021-04-17,Santa Barbara,083,443738,34481,33738,1196,34934,446
2021-04-17,Santa Clara,085,1922200,116531,116887,700,117587,1944
2021-04-17,Santa Cruz,087,273765,16006,15571,824,16395,204
2021-04-17,Shasta,089,179085,11659,11647,1429,13076,189
2021-04-17,Sierra,091,2930,55,51,13,64,0
2021-04-17,Siskiyou,093,43540,1643,1539,289,1828,10
2021-04-17,Solano,095,438530,31676,31541,464,32005,239
2021-04-17,Sonoma,097,501317,29488,29637,300,29937,311
2021-04-17,Stanislaus,099,539301,54382,54058,5792,59850,728
2021-04-17,Sutter,101,95872,9295,9252,84,9336,109
2021-04-17,Tehama,103,63373,4903,4875,547,5422,52
2021-04-17,Trinity,105,12862,478,326,79,405,3
2021-04-17,Tulare,107,460477,49575,48603,8860,57463,829
2021-04-17,Tuolumne,109,53932,4009,4005,35,4040,58
2021-04-17,Ventura,111,848112,80520,79964,2950,82914,996
2021-04-17,Yolo,113,214977,13591,13580,273,13853,200
2021-04-17,Yuba,115,75493,5832,5802,117,5919,44
2021-04-16,Alameda,001,1643700,85628,85243,1888,87131,1245
2021-04-16,Alpine,003,1148,86,85,0,85,0
2021-04-16,Amador,005,37829,3629,3621,33,3654,46
2021-04-16,Butte,007,227075,11929,11549,1731,13280,196
2021-04-16,Calaveras,009,45235,2043,2042,12,2054,50
2021-04-16,Colusa,011,21464,1910,1911,287,2198,14
2021-04-16,Contra Costa,013,1133247,67309,66569,1191,67760,782
2021-04-16,Del Norte,015,27424,1271,1237,11,1248,6
2021-04-16,El Dorado,017,186661,9760,9665,670,10335,106
2021-04-16,Fresno,019,978130,101093,100500,8524,109024,1643
2021-04-16,Glenn,021,27897,2370,2355,541,2896,17
2021-04-16,Humboldt,023,135768,3638,3570,27,3597,35
2021-04-16,Imperial,025,180216,28086,27962,2712,30674,719
2021-04-16,Inyo,027,18085,1391,1392,22,1414,36
2021-04-16,Kern,029,883053,96113,95066,10577,105643,1288
2021-04-16,Kings,031,150075,22897,22667,1075,23742,243
2021-04-16,Lake,033,64148,3428,3406,11,3417,43
2021-04-16,Lassen,035,31185,5158,5155,106,5261,1
2021-04-16,Los Angeles,037,10098052,1195196,1187818,41222,1229040,23627
2021-04-16,Madera,039,155013,16377,16250,923,17173,231
2021-04-16,Marin,041,260295,13805,13788,241,14029,226
2021-04-16,Mariposa,043,17540,407,396,10,406,5
2021-04-16,Mendocino,045,87422,3793,3719,70,3789,46
2021-04-16,Merced,047,269075,30370,30355,976,31331,438
2021-04-16,Modoc,049,8938,367,355,122,477,3
2021-04-16,Mono,051,14174,1237,1253,15,1268,3
2021-04-16,Monterey,053,433212,42770,42620,1860,44480,351
2021-04-16,Napa,055,140530,9697,9653,34,9687,79
2021-04-16,Nevada,057,99092,4522,4443,192,4635,70
2021-04-16,Orange,059,3164182,253296,251770,11105,262875,4873
2021-04-16,Placer,061,380077,22318,21680,1381,23061,282
2021-04-16,Plumas,063,18699,678,665,10,675,4
2021-04-16,Riverside,065,2383286,289797,285818,13820,299638,4369
2021-04-16,Sacramento,067,1510023,101855,100993,1588,102581,1572
2021-04-16,San Benito,069,59416,5979,5982,112,6094,63
2021-04-16,San Bernardino,071,2135413,290947,289424,8927,298351,4550
2021-04-16,San Diego,073,3302833,275288,274567,14123,288690,3662
2021-04-16,San Francisco,075,870044,35955,35993,1266,37259,517
2021-04-16,San Joaquin,077,732212,71163,70280,3395,73675,1288
2021-04-16,San Luis Obispo,079,281455,20877,20623,698,21321,253
2021-04-16,San Mateo,081,765935,41566,41107,450,41557,352
2021-04-16,Santa Barbara,083,443738,34463,33703,1196,34899,446
2021-04-16,Santa Clara,085,1922200,116431,116693,697,117390,1941
2021-04-16,Santa Cruz,087,273765,16004,15539,824,16363,204
2021-04-16,Shasta,089,179085,11647,11623,1427,13050,189
2021-04-16,Sierra,091,2930,55,51,13,64,0
2021-04-16,Siskiyou,093,43540,1639,1530,287,1817,10
2021-04-16,Solano,095,438530,31637,31470,461,31931,239
2021-04-16,Sonoma,097,501317,29477,29617,300,29917,311
2021-04-16,Stanislaus,099,539301,54334,53983,5790,59773,728
2021-04-16,Sutter,101,95872,9289,9247,84,9331,109
2021-04-16,Tehama,103,63373,4902,4866,547,5413,52
2021-04-16,Trinity,105,12862,478,326,79,405,3
2021-04-16,Tulare,107,460477,49563,48583,8856,57439,830
2021-04-16,Tuolumne,109,53932,4006,4005,35,4040,58
2021-04-16,Ventura,111,848112,80495,79942,2944,82886,994
2021-04-16,Yolo,113,214977,13578,13559,271,13830,198
2021-04-16,Yuba,115,75493,5829,5795,116,5911,44
2021-04-15,Alameda,001,1643700,85522,85089,1886,86975,1246
2021-04-15,Alpine,003,1148,86,85,0,85,0
2021-04-15,Amador,005,37829,3628,3616,33,3649,46
2021-04-15,Butte,007,227075,11914,11529,1727,13256,196
2021-04-15,Calaveras,009,45235,2043,2039,12,2051,50
2021-04-15,Colusa,011,21464,1908,1909,286,2195,14
2021-04-15,Contra Costa,013,1133247,67235,66480,1187,67667,781
2021-04-15,Del Norte,015,27424,1264,1235,11,1246,6
2021-04-15,El Dorado,017,186661,9747,9639,668,10307,106
2021-04-15,Fresno,019,978130,101032,100431,8518,108949,1642
2021-04-15,Glenn,021,27897,2370,2354,541,2895,17
2021-04-15,Humboldt,023,135768,3616,3561,27,3588,35
2021-04-15,Imperial,025,180216,28058,27920,2709,30629,718
2021-04-15,Inyo,027,18085,1391,1393,22,1415,36
2021-04-15,Kern,029,883053,96080,94989,10563,105552,1289
2021-04-15,Kings,031,150075,22883,22648,1075,23723,242
2021-04-15,Lake,033,64148,3427,3399,11,3410,43
2021-04-15,Lassen,035,31185,5157,5152,106,5258,1
2021-04-15,Los Angeles,037,10098052,1194798,1187274,41186,1228460,23598
2021-04-15,Madera,039,155013,16362,16234,923,17157,231
2021-04-15,Marin,041,260295,13801,13783,240,14023,226
2021-04-15,Mariposa,043,17540,405,395,10,405,5
2021-04-15,Mendocino,045,87422,3792,3714,70,3784,46
2021-04-15,Merced,047,269075,30344,30325,975,31300,437
2021-04-15,Modoc,049,8938,367,355,122,477,3
2021-04-15,Mono,051,14174,1236,1253,15,1268,3
2021-04-15,Monterey,053,433212,42760,42604,1858,44462,347
2021-04-15,Napa,055,140530,9689,9645,34,9679,79
2021-04-15,Nevada,057,99092,4510,4434,191,4625,70
2021-04-15,Orange,059,3164182,253201,251679,11092,262771,4857
2021-04-15,Placer,061,380077,22288,21614,1374,22988,281
2021-04-15,Plumas,063,18699,676,665,10,675,4
2021-04-15,Riverside,065,2383286,289693,285698,13813,299511,4363
2021-04-15,Sacramento,067,1510023,101725,100782,1574,102356,1570
2021-04-15,San Benito,069,59416,5976,5969,111,6080,63
2021-04-15,San Bernardino,071,2135413,290858,289288,8920,298208,4544
2021-04-15,San Diego,073,3302833,275042,274250,14064,288314,3653
2021-04-15,San Francisco,075,870044,35936,35947,1264,37211,510
2021-04-15,San Joaquin,077,732212,71082,70189,3387,73576,1288
2021-04-15,San Luis Obispo,079,281455,20861,20591,695,21286,253
2021-04-15,San Mateo,081,765935,41527,41050,449,41499,352
2021-04-15,Santa Barbara,083,443738,34445,33672,1192,34864,446
2021-04-15,Santa Clara,085,1922200,116325,116602,693,117295,1927
2021-04-15,Santa Cruz,087,273765,15994,15509,824,16333,203
2021-04-15,Shasta,089,179085,11633,11597,1423,13020,191
2021-04-15,Sierra,091,2930,55,51,13,64,0
2021-04-15,Siskiyou,093,43540,1633,1524,287,1811,10
2021-04-15,Solano,095,438530,31599,31394,460,31854,239
2021-04-15,Sonoma,097,501317,29463,29587,300,29887,311
2021-04-15,Stanislaus,099,539301,54280,53918,5781,59699,728
2021-04-15,Sutter,101,95872,9282,9237,84,9321,109
2021-04-15,Tehama,103,63373,4900,4854,546,5400,52
2021-04-15,Trinity,105,12862,478,326,79,405,3
2021-04-15,Tulare,107,460477,49542,48556,8856,57412,829
2021-04-15,Tuolumne,109,53932,4006,4003,35,4038,57
2021-04-15,Ventura,111,848112,80476,79917,2942,82859,989
2021-04-15,Yolo,113,214977,13559,13547,269,13816,198
2021-04-15,Yuba,115,75493,5826,5788,116,5904,44
2021-04-14,Alameda,001,1643700,85424,85009,1885,86894,1247
2021-04-14,Alpine,003,1148,86,85,0,85,0
2021-04-14,Amador,005,37829,3627,3613,33,3646,46
2021-04-14,Butte,007,227075,11901,11513,1726,13239,196
2021-04-14,Calaveras,009,45235,2043,2037,12,2049,50
2021-04-14,Colusa,011,21464,1908,1905,286,2191,14
2021-04-14,Contra Costa,013,1133247,67149,66400,1181,67581,781
2021-04-14,Del Norte,015,27424,1264,1228,11,1239,6
2021-04-14,El Dorado,017,186661,9732,9625,663,10288,106
2021-04-14,Fresno,019,978130,100975,100376,8505,108881,1640
2021-04-14,Glenn,021,27897,2370,2353,541,2894,17
2021-04-14,Humboldt,023,135768,3595,3551,26,3577,35
2021-04-14,Imperial,025,180216,28036,27907,2707,30614,718
2021-04-14,Inyo,027,18085,1391,1392,22,1414,36
2021-04-14,Kern,029,883053,96055,94947,10556,105503,1287
2021-04-14,Kings,031,150075,22874,22641,1073,23714,243
2021-04-14,Lake,033,64148,3422,3396,11,3407,43
2021-04-14,Lassen,035,31185,5156,5151,106,5257,1
2021-04-14,Los Angeles,037,10098052,1194401,1186821,41139,1227960,23579
2021-04-14,Madera,039,155013,16353,16218,923,17141,231
2021-04-14,Marin,041,260295,13799,13768,239,14007,226
2021-04-14,Mariposa,043,17540,404,394,10,404,5
2021-04-14,Mendocino,045,87422,3787,3711,70,3781,46
2021-04-14,Merced,047,269075,30326,30296,975,31271,436
2021-04-14,Modoc,049,8938,367,355,122,477,3
2021-04-14,Mono,051,14174,1236,1252,15,1267,3
2021-04-14,Monterey,053,433212,42744,42595,1854,44449,347
2021-04-14,Napa,055,140530,9678,9643,34,9677,79
2021-04-14,Nevada,057,99092,4503,4421,191,4612,70
2021-04-14,Orange,059,3164182,253095,251568,11072,262640,4849
2021-04-14,Placer,061,380077,22255,21575,1373,22948,280
2021-04-14,Plumas,063,18699,676,665,10,675,4
2021-04-14,Riverside,065,2383286,289584,285583,13807,299390,4358
2021-04-14,Sacramento,067,1510023,101550,100645,1560,102205,1570
2021-04-14,San Benito,069,59416,5974,5960,111,6071,62
2021-04-14,San Bernardino,071,2135413,290791,289078,8917,297995,4523
2021-04-14,San Diego,073,3302833,274831,273969,14035,288004,3648
2021-04-14,San Francisco,075,870044,35898,35898,1263,37161,510
2021-04-14,San Joaquin,077,732212,71012,70095,3381,73476,1288
2021-04-14,San Luis Obispo,079,281455,20838,20561,685,21246,253
2021-04-14,San Mateo,081,765935,41487,40982,446,41428,352
2021-04-14,Santa Barbara,083,443738,34416,33650,1191,34841,445
2021-04-14,Santa Clara,085,1922200,116207,116488,690,117178,1922
2021-04-14,Santa Cruz,087,273765,15984,15481,824,16305,203
2021-04-14,Shasta,089,179085,11607,11581,1421,13002,190
2021-04-14,Sierra,091,2930,55,51,13,64,0
2021-04-14,Siskiyou,093,43540,1625,1518,286,1804,10
2021-04-14,Solano,095,438530,31546,31357,453,31810,239
2021-04-14,Sonoma,097,501317,29455,29572,298,29870,311
2021-04-14,Stanislaus,099,539301,54209,53836,5772,59608,727
2021-04-14,Sutter,101,95872,9274,9230,84,9314,106
2021-04-14,Tehama,103,63373,4894,4853,545,5398,52
2021-04-14,Trinity,105,12862,478,326,79,405,3
2021-04-14,Tulare,107,460477,49516,48527,8853,57380,827
2021-04-14,Tuolumne,109,53932,4005,3997,35,4032,57
2021-04-14,Ventura,111,848112,80440,79891,2940,82831,986
2021-04-14,Yolo,113,214977,13543,13530,267,13797,198
2021-04-14,Yuba,115,75493,5824,5778,116,5894,44
2021-04-13,Alameda,001,1643700,85319,84921,1881,86802,1239
2021-04-13,Alpine,003,1148,86,85,0,85,0
2021-04-13,Amador,005,37829,3624,3609,33,3642,46
2021-04-13,Butte,007,227075,11883,11497,1723,13220,196
2021-04-13,Calaveras,009,45235,2041,2035,12,2047,50
2021-04-13,Colusa,011,21464,1906,1905,284,2189,14
2021-04-13,Contra Costa,013,1133247,67059,66304,1181,67485,778
2021-04-13,Del Norte,015,27424,1259,1221,11,1232,6
2021-04-13,El Dorado,017,186661,9706,9609,661,10270,106
2021-04-13,Fresno,019,978130,100893,100357,8499,108856,1636
2021-04-13,Glenn,021,27897,2369,2351,541,2892,17
2021-04-13,Humboldt,023,135768,3578,3540,26,3566,35
2021-04-13,Imperial,025,180216,28017,27887,2699,30586,718
2021-04-13,Inyo,027,18085,1391,1391,22,1413,36
2021-04-13,Kern,029,883053,96011,94908,10544,105452,1285
2021-04-13,Kings,031,150075,22858,22636,1072,23708,243
2021-04-13,Lake,033,64148,3419,3390,11,3401,43
2021-04-13,Lassen,035,31185,5155,5147,106,5253,1
2021-04-13,Los Angeles,037,10098052,1193949,1186482,41096,1227578,23526
2021-04-13,Madera,039,155013,16343,16207,921,17128,231
2021-04-13,Marin,041,260295,13791,13760,238,13998,224
2021-04-13,Mariposa,043,17540,403,394,7,401,5
2021-04-13,Mendocino,045,87422,3781,3702,70,3772,46
2021-04-13,Merced,047,269075,30295,30276,973,31249,435
2021-04-13,Modoc,049,8938,367,355,122,477,3
2021-04-13,Mono,051,14174,1236,1251,15,1266,3
2021-04-13,Monterey,053,433212,42733,42577,1854,44431,347
2021-04-13,Napa,055,140530,9668,9627,34,9661,79
2021-04-13,Nevada,057,99092,4491,4415,191,4606,69
2021-04-13,Orange,059,3164182,252999,251491,11053,262544,4836
2021-04-13,Placer,061,380077,22218,21534,1370,22904,280
2021-04-13,Plumas,063,18699,675,665,10,675,4
2021-04-13,Riverside,065,2383286,289465,285505,13801,299306,4348
2021-04-13,Sacramento,067,1510023,101375,100551,1555,102106,1569
2021-04-13,San Benito,069,59416,5971,5946,111,6057,62
2021-04-13,San Bernardino,071,2135413,290675,288929,8911,297840,4521
2021-04-13,San Diego,073,3302833,274577,273709,14000,287709,3623
2021-04-13,San Francisco,075,870044,35862,35869,1259,37128,506
2021-04-13,San Joaquin,077,732212,70904,70034,3373,73407,1288
2021-04-13,San Luis Obispo,079,281455,20811,20536,675,21211,253
2021-04-13,San Mateo,081,765935,41442,40955,446,41401,353
2021-04-13,Santa Barbara,083,443738,34394,33613,1188,34801,444
2021-04-13,Santa Clara,085,1922200,116078,116363,688,117051,1923
2021-04-13,Santa Cruz,087,273765,15977,15449,824,16273,203
2021-04-13,Shasta,089,179085,11587,11536,1418,12954,189
2021-04-13,Sierra,091,2930,55,51,13,64,0
2021-04-13,Siskiyou,093,43540,1617,1511,282,1793,10
2021-04-13,Solano,095,438530,31497,31335,449,31784,239
2021-04-13,Sonoma,097,501317,29447,29544,297,29841,311
2021-04-13,Stanislaus,099,539301,54136,53797,5763,59560,722
2021-04-13,Sutter,101,95872,9270,9226,84,9310,106
2021-04-13,Tehama,103,63373,4887,4850,542,5392,52
2021-04-13,Trinity,105,12862,478,326,79,405,3
2021-04-13,Tulare,107,460477,49503,48511,8850,57361,825
2021-04-13,Tuolumne,109,53932,4003,3995,35,4030,57
2021-04-13,Ventura,111,848112,80408,79854,2938,82792,986
2021-04-13,Yolo,113,214977,13531,13516,266,13782,198
2021-04-13,Yuba,115,75493,5815,5776,116,5892,44
2021-04-12,Alameda,001,1643700,85216,84817,1880,86697,1238
2021-04-12,Alpine,003,1148,86,85,0,85,0
2021-04-12,Amador,005,37829,3623,3607,33,3640,46
2021-04-12,Butte,007,227075,11868,11488,1719,13207,193
2021-04-12,Calaveras,009,45235,2041,2033,12,2045,50
2021-04-12,Colusa,011,21464,1904,1904,282,2186,14
2021-04-12,Contra Costa,013,1133247,66978,66176,1181,67357,777
2021-04-12,Del Norte,015,27424,1256,1216,11,1227,6
2021-04-12,El Dorado,017,186661,9689,9588,659,10247,106
2021-04-12,Fresno,019,978130,100832,100277,8475,108752,1633
2021-04-12,Glenn,021,27897,2368,2349,541,2890,17
2021-04-12,Humboldt,023,135768,3564,3533,25,3558,35
2021-04-12,Imperial,025,180216,27987,27851,2694,30545,717
2021-04-12,Inyo,027,18085,1391,1390,22,1412,36
2021-04-12,Kern,029,883053,95974,94861,10533,105394,1283
2021-04-12,Kings,031,150075,22850,22621,1071,23692,241
2021-04-12,Lake,033,64148,3415,3380,11,3391,43
2021-04-12,Lassen,035,31185,5154,5147,106,5253,1
2021-04-12,Los Angeles,037,10098052,1193451,1186145,41056,1227201,23505
2021-04-12,Madera,039,155013,16331,16174,919,17093,231
2021-04-12,Marin,041,260295,13778,13751,236,13987,224
2021-04-12,Mariposa,043,17540,402,394,7,401,5
2021-04-12,Mendocino,045,87422,3780,3699,70,3769,46
2021-04-12,Merced,047,269075,30263,30261,971,31232,435
2021-04-12,Modoc,049,8938,365,352,122,474,3
2021-04-12,Mono,051,14174,1236,1251,15,1266,3
2021-04-12,Monterey,053,433212,42719,42555,1852,44407,346
2021-04-12,Napa,055,140530,9654,9603,34,9637,80
2021-04-12,Nevada,057,99092,4480,4408,191,4599,69
2021-04-12,Orange,059,3164182,252913,251350,11032,262382,4826
2021-04-12,Placer,061,380077,22168,21475,1366,22841,278
2021-04-12,Plumas,063,18699,673,666,10,676,4
2021-04-12,Riverside,065,2383286,289357,285361,13795,299156,4336
2021-04-12,Sacramento,067,1510023,101200,100394,1550,101944,1566
2021-04-12,San Benito,069,59416,5963,5942,110,6052,62
2021-04-12,San Bernardino,071,2135413,290568,288736,8899,297635,4493
2021-04-12,San Diego,073,3302833,274318,273431,13971,287402,3621
2021-04-12,San Francisco,075,870044,35828,35841,1258,37099,506
2021-04-12,San Joaquin,077,732212,70832,69968,3365,73333,1288
2021-04-12,San Luis Obispo,079,281455,20766,20515,662,21177,253
2021-04-12,San Mateo,081,765935,41400,40920,442,41362,353
2021-04-12,Santa Barbara,083,443738,34363,33606,1188,34794,444
2021-04-12,Santa Clara,085,1922200,115950,116252,686,116938,1923
2021-04-12,Santa Cruz,087,273765,15957,15406,824,16230,203
2021-04-12,Shasta,089,179085,11570,11509,1414,12923,189
2021-04-12,Sierra,091,2930,55,51,13,64,0
2021-04-12,Siskiyou,093,43540,1606,1511,280,1791,7
2021-04-12,Solano,095,438530,31455,31305,446,31751,238
2021-04-12,Sonoma,097,501317,29419,29500,297,29797,310
2021-04-12,Stanislaus,099,539301,54070,53722,5756,59478,707
2021-04-12,Sutter,101,95872,9259,9221,84,9305,106
2021-04-12,Tehama,103,63373,4878,4834,538,5372,52
2021-04-12,Trinity,105,12862,478,324,79,403,3
2021-04-12,Tulare,107,460477,49483,48495,8840,57335,824
2021-04-12,Tuolumne,109,53932,3999,3993,35,4028,57
2021-04-12,Ventura,111,848112,80375,79818,2936,82754,985
2021-04-12,Yolo,113,214977,13517,13510,265,13775,198
2021-04-12,Yuba,115,75493,5809,5773,116,5889,43
2021-04-11,Alameda,001,1643700,85079,84756,1875,86631,1238
2021-04-11,Alpine,003,1148,86,85,0,85,0
2021-04-11,Amador,005,37829,3621,3605,33,3638,46
2021-04-11,Butte,007,227075,11833,11487,1716,13203,193
2021-04-11,Calaveras,009,45235,2039,2036,12,2048,50
2021-04-11,Colusa,011,21464,1903,1904,281,2185,14
2021-04-11,Contra Costa,013,1133247,66869,66107,1178,67285,777
2021-04-11,Del Norte,015,27424,1250,1214,11,1225,6
2021-04-11,El Dorado,017,186661,9675,9575,656,10231,106
2021-04-11,Fresno,019,978130,100764,100230,8465,108695,1633
2021-04-11,Glenn,021,27897,2364,2348,540,2888,17
2021-04-11,Humboldt,023,135768,3554,3523,25,3548,35
2021-04-11,Imperial,025,180216,27963,27841,2692,30533,717
2021-04-11,Inyo,027,18085,1391,1390,22,1412,36
2021-04-11,Kern,029,883053,95913,94830,10525,105355,1283
2021-04-11,Kings,031,150075,22841,22618,1068,23686,241
2021-04-11,Lake,033,64148,3411,3377,11,3388,43
2021-04-11,Lassen,035,31185,5150,5147,106,5253,1
2021-04-11,Los Angeles,037,10098052,1192939,1185757,41014,1226771,23503
2021-04-11,Madera,039,155013,16312,16166,918,17084,231
2021-04-11,Marin,041,260295,13771,13741,235,13976,226
2021-04-11,Mariposa,043,17540,402,394,7,401,5
2021-04-11,Mendocino,045,87422,3778,3696,70,3766,46
2021-04-11,Merced,047,269075,30225,30249,970,31219,435
2021-04-11,Modoc,049,8938,364,352,120,472,3
2021-04-11,Mono,051,14174,1235,1250,15,1265,3
2021-04-11,Monterey,053,433212,42712,42547,1845,44392,346
2021-04-11,Napa,055,140530,9643,9592,34,9626,80
2021-04-11,Nevada,057,99092,4466,4394,191,4585,69
2021-04-11,Orange,059,3164182,252785,251233,11020,262253,4826
2021-04-11,Placer,061,380077,22110,21458,1361,22819,278
2021-04-11,Plumas,063,18699,673,666,10,676,4
2021-04-11,Riverside,065,2383286,289227,285269,13785,299054,4336
2021-04-11,Sacramento,067,1510023,101030,100296,1538,101834,1566
2021-04-11,San Benito,069,59416,5955,5941,109,6050,62
2021-04-11,San Bernardino,071,2135413,290459,288686,8893,297579,4492
2021-04-11,San Diego,073,3302833,274021,273287,13912,287199,3621
2021-04-11,San Francisco,075,870044,35792,35815,1255,37070,498
2021-04-11,San Joaquin,077,732212,70745,69939,3354,73293,1288
2021-04-11,San Luis Obispo,079,281455,20740,20501,659,21160,253
2021-04-11,San Mateo,081,765935,41342,40901,441,41342,353
2021-04-11,Santa Barbara,083,443738,34327,33591,1187,34778,444
2021-04-11,Santa Clara,085,1922200,115814,116161,683,116844,1923
2021-04-11,Santa Cruz,087,273765,15945,15382,824,16206,203
2021-04-11,Shasta,089,179085,11526,11504,1413,12917,189
2021-04-11,Sierra,091,2930,55,51,13,64,0
2021-04-11,Siskiyou,093,43540,1599,1509,277,1786,7
2021-04-11,Solano,095,438530,31403,31268,442,31710,238
2021-04-11,Sonoma,097,501317,29393,29496,293,29789,310
2021-04-11,Stanislaus,099,539301,53987,53683,5747,59430,707
2021-04-11,Sutter,101,95872,9250,9222,84,9306,106
2021-04-11,Tehama,103,63373,4875,4832,536,5368,52
2021-04-11,Trinity,105,12862,478,324,79,403,3
2021-04-11,Tulare,107,460477,49469,48479,8833,57312,824
2021-04-11,Tuolumne,109,53932,3997,3993,35,4028,57
2021-04-11,Ventura,111,848112,80327,79800,2930,82730,985
2021-04-11,Yolo,113,214977,13496,13496,263,13759,198
2021-04-11,Yuba,115,75493,5799,5768,116,5884,43
2021-04-10,Alameda,001,1643700,85014,84626,1875,86501,1238
2021-04-10,Alpine,003,1148,86,85,0,85,0
2021-04-10,Amador,005,37829,3619,3603,33,3636,46
2021-04-10,Butte,007,227075,11822,11482,1715,13197,193
2021-04-10,Calaveras,009,45235,2037,2032,12,2044,50
2021-04-10,Colusa,011,21464,1903,1902,281,2183,14
2021-04-10,Contra Costa,013,1133247,66808,66001,1175,67176,778
2021-04-10,Del Norte,015,27424,1247,1212,11,1223,6
2021-04-10,El Dorado,017,186661,9663,9549,653,10202,106
2021-04-10,Fresno,019,978130,100731,100135,8458,108593,1633
2021-04-10,Glenn,021,27897,2364,2343,540,2883,17
2021-04-10,Humboldt,023,135768,3544,3508,25,3533,35
2021-04-10,Imperial,025,180216,27949,27816,2692,30508,717
2021-04-10,Inyo,027,18085,1391,1387,22,1409,36
2021-04-10,Kern,029,883053,95899,94802,10519,105321,1284
2021-04-10,Kings,031,150075,22837,22614,1066,23680,241
2021-04-10,Lake,033,64148,3406,3368,11,3379,43
2021-04-10,Lassen,035,31185,5150,5146,105,5251,1
2021-04-10,Los Angeles,037,10098052,1192667,1185246,40996,1226242,23493
2021-04-10,Madera,039,155013,16304,16143,917,17060,231
2021-04-10,Marin,041,260295,13766,13731,235,13966,226
2021-04-10,Mariposa,043,17540,399,393,7,400,5
2021-04-10,Mendocino,045,87422,3776,3696,70,3766,46
2021-04-10,Merced,047,269075,30205,30225,969,31194,435
2021-04-10,Modoc,049,8938,364,352,120,472,3
2021-04-10,Mono,051,14174,1235,1249,15,1264,3
2021-04-10,Monterey,053,433212,42701,42527,1844,44371,346
2021-04-10,Napa,055,140530,9636,9569,34,9603,79
2021-04-10,Nevada,057,99092,4459,4379,191,4570,69
2021-04-10,Orange,059,3164182,252692,251139,11013,262152,4818
2021-04-10,Placer,061,380077,22079,21402,1355,22757,278
2021-04-10,Plumas,063,18699,673,666,10,676,4
2021-04-10,Riverside,065,2383286,289148,285082,13777,298859,4336
2021-04-10,Sacramento,067,1510023,100927,100048,1536,101584,1566
2021-04-10,San Benito,069,59416,5944,5932,108,6040,62
2021-04-10,San Bernardino,071,2135413,290395,288590,8886,297476,4489
2021-04-10,San Diego,073,3302833,273805,273058,13893,286951,3613
2021-04-10,San Francisco,075,870044,35762,35774,1251,37025,498
2021-04-10,San Joaquin,077,732212,70710,69852,3344,73196,1288
2021-04-10,San Luis Obispo,079,281455,20724,20461,658,21119,253
2021-04-10,San Mateo,081,765935,41309,40878,441,41319,350
2021-04-10,Santa Barbara,083,443738,34299,33541,1185,34726,444
2021-04-10,Santa Clara,085,1922200,115718,116015,682,116697,1923
2021-04-10,Santa Cruz,087,273765,15939,15360,824,16184,203
2021-04-10,Shasta,089,179085,11517,11492,1410,12902,189
2021-04-10,Sierra,091,2930,55,51,13,64,0
2021-04-10,Siskiyou,093,43540,1596,1512,277,1789,7
2021-04-10,Solano,095,438530,31369,31218,438,31656,238
2021-04-10,Sonoma,097,501317,29378,29469,293,29762,310
2021-04-10,Stanislaus,099,539301,53952,53596,5741,59337,707
2021-04-10,Sutter,101,95872,9248,9214,84,9298,106
2021-04-10,Tehama,103,63373,4873,4820,534,5354,52
2021-04-10,Trinity,105,12862,478,324,79,403,3
2021-04-10,Tulare,107,460477,49460,48470,8827,57297,824
2021-04-10,Tuolumne,109,53932,3994,3991,35,4026,57
2021-04-10,Ventura,111,848112,80299,79758,2928,82686,985
2021-04-10,Yolo,113,214977,13488,13494,262,13756,198
2021-04-10,Yuba,115,75493,5796,5757,115,5872,43
2021-04-09,Alameda,001,1643700,84942,84404,1867,86271,1237
2021-04-09,Alpine,003,1148,86,85,0,85,0
2021-04-09,Amador,005,37829,3618,3600,33,3633,46
2021-04-09,Butte,007,227075,11812,11454,1714,13168,193
2021-04-09,Calaveras,009,45235,2036,2028,12,2040,50
2021-04-09,Colusa,011,21464,1903,1898,281,2179,14
2021-04-09,Contra Costa,013,1133247,66715,65857,1169,67026,777
2021-04-09,Del Norte,015,27424,1246,1207,11,1218,6
2021-04-09,El Dorado,017,186661,9640,9528,649,10177,106
2021-04-09,Fresno,019,978130,100697,100027,8453,108480,1630
2021-04-09,Glenn,021,27897,2364,2337,540,2877,17
2021-04-09,Humboldt,023,135768,3534,3496,25,3521,35
2021-04-09,Imperial,025,180216,27934,27764,2690,30454,717
2021-04-09,Inyo,027,18085,1390,1386,22,1408,36
2021-04-09,Kern,029,883053,95861,94675,10517,105192,1282
2021-04-09,Kings,031,150075,22828,22595,1063,23658,242
2021-04-09,Lake,033,64148,3402,3362,11,3373,43
2021-04-09,Lassen,035,31185,5150,5140,105,5245,1
2021-04-09,Los Angeles,037,10098052,1192298,1184501,40966,1225467,23458
2021-04-09,Madera,039,155013,16301,16118,917,17035,231
2021-04-09,Marin,041,260295,13759,13721,235,13956,226
2021-04-09,Mariposa,043,17540,399,393,7,400,5
2021-04-09,Mendocino,045,87422,3774,3693,70,3763,46
2021-04-09,Merced,047,269075,30176,30179,968,31147,435
2021-04-09,Modoc,049,8938,363,352,120,472,3
2021-04-09,Mono,051,14174,1235,1247,15,1262,3
2021-04-09,Monterey,053,433212,42692,42481,1840,44321,344
2021-04-09,Napa,055,140530,9617,9574,34,9608,80
2021-04-09,Nevada,057,99092,4451,4373,191,4564,69
2021-04-09,Orange,059,3164182,252618,250852,11008,261860,4813
2021-04-09,Placer,061,380077,22048,21327,1347,22674,278
2021-04-09,Plumas,063,18699,672,666,10,676,4
2021-04-09,Riverside,065,2383286,289065,284562,13771,298333,4325
2021-04-09,Sacramento,067,1510023,100772,99722,1530,101252,1564
2021-04-09,San Benito,069,59416,5939,5925,107,6032,62
2021-04-09,San Bernardino,071,2135413,290326,288000,8883,296883,4467
2021-04-09,San Diego,073,3302833,273607,272697,13851,286548,3600
2021-04-09,San Francisco,075,870044,35721,35716,1246,36962,497
2021-04-09,San Joaquin,077,732212,70647,69675,3332,73007,1281
2021-04-09,San Luis Obispo,079,281455,20710,20427,658,21085,252
2021-04-09,San Mateo,081,765935,41273,40800,440,41240,350
2021-04-09,Santa Barbara,083,443738,34276,33424,1182,34606,444
2021-04-09,Santa Clara,085,1922200,115634,115749,680,116429,1923
2021-04-09,Santa Cruz,087,273765,15934,15331,824,16155,203
2021-04-09,Shasta,089,179085,11507,11478,1407,12885,188
2021-04-09,Sierra,091,2930,55,51,13,64,0
2021-04-09,Siskiyou,093,43540,1593,1510,276,1786,7
2021-04-09,Solano,095,438530,31336,31166,433,31599,238
2021-04-09,Sonoma,097,501317,29365,29433,293,29726,310
2021-04-09,Stanislaus,099,539301,53897,53504,5732,59236,705
2021-04-09,Sutter,101,95872,9241,9201,84,9285,106
2021-04-09,Tehama,103,63373,4867,4806,534,5340,52
2021-04-09,Trinity,105,12862,477,324,79,403,3
2021-04-09,Tulare,107,460477,49456,48430,8821,57251,824
2021-04-09,Tuolumne,109,53932,3993,3986,35,4021,57
2021-04-09,Ventura,111,848112,80271,79698,2928,82626,987
2021-04-09,Yolo,113,214977,13477,13478,260,13738,198
2021-04-09,Yuba,115,75493,5789,5754,115,5869,43
2021-04-08,Alameda,001,1643700,84839,84213,1864,86077,1232
2021-04-08,Alpine,003,1148,86,85,0,85,0
2021-04-08,Amador,005,37829,3614,3595,33,3628,46
2021-04-08,Butte,007,227075,11801,11414,1713,13127,193
2021-04-08,Calaveras,009,45235,2035,2027,12,2039,50
2021-04-08,Colusa,011,21464,1902,1897,281,2178,14
2021-04-08,Contra Costa,013,1133247,66605,65706,1166,66872,775
2021-04-08,Del Norte,015,27424,1240,1201,11,1212,6
2021-04-08,El Dorado,017,186661,9624,9513,644,10157,106
2021-04-08,Fresno,019,978130,100633,99935,8446,108381,1627
2021-04-08,Glenn,021,27897,2362,2337,540,2877,17
2021-04-08,Humboldt,023,135768,3524,3486,25,3511,35
2021-04-08,Imperial,025,180216,27907,27744,2687,30431,713
2021-04-08,Inyo,027,18085,1389,1386,22,1408,36
2021-04-08,Kern,029,883053,95815,94493,10504,104997,1281
2021-04-08,Kings,031,150075,22821,22589,1060,23649,243
2021-04-08,Lake,033,64148,3395,3360,11,3371,43
2021-04-08,Lassen,035,31185,5149,5136,105,5241,1
2021-04-08,Los Angeles,037,10098052,1191799,1184443,40928,1225371,23416
2021-04-08,Madera,039,155013,16289,16103,917,17020,231
2021-04-08,Marin,041,260295,13752,13704,235,13939,226
2021-04-08,Mariposa,043,17540,398,393,7,400,5
2021-04-08,Mendocino,045,87422,3772,3690,70,3760,45
2021-04-08,Merced,047,269075,30154,30163,968,31131,430
2021-04-08,Modoc,049,8938,363,352,120,472,3
2021-04-08,Mono,051,14174,1233,1247,15,1262,3
2021-04-08,Monterey,053,433212,42670,42437,1834,44271,342
2021-04-08,Napa,055,140530,9600,9569,34,9603,80
2021-04-08,Nevada,057,99092,4440,4367,191,4558,69
2021-04-08,Orange,059,3164182,252508,250529,10993,261522,4797
2021-04-08,Placer,061,380077,22007,21258,1338,22596,277
2021-04-08,Plumas,063,18699,672,665,10,675,4
2021-04-08,Riverside,065,2383286,288954,283853,13766,297619,4296
2021-04-08,Sacramento,067,1510023,100632,99319,1519,100838,1561
2021-04-08,San Benito,069,59416,5936,5914,105,6019,62
2021-04-08,San Bernardino,071,2135413,290228,287190,8880,296070,4445
2021-04-08,San Diego,073,3302833,273377,272495,13815,286310,3592
2021-04-08,San Francisco,075,870044,35698,35657,1245,36902,494
2021-04-08,San Joaquin,077,732212,70575,69479,3326,72805,1279
2021-04-08,San Luis Obispo,079,281455,20690,20402,656,21058,252
2021-04-08,San Mateo,081,765935,41233,40749,440,41189,350
2021-04-08,Santa Barbara,083,443738,34252,33309,1181,34490,444
2021-04-08,Santa Clara,085,1922200,115528,115487,679,116166,1905
2021-04-08,Santa Cruz,087,273765,15928,15296,824,16120,203
2021-04-08,Shasta,089,179085,11497,11466,1403,12869,186
2021-04-08,Sierra,091,2930,55,51,13,64,0
2021-04-08,Siskiyou,093,43540,1590,1511,276,1787,7
2021-04-08,Solano,095,438530,31287,31120,433,31553,238
2021-04-08,Sonoma,097,501317,29345,29410,292,29702,310
2021-04-08,Stanislaus,099,539301,53819,53401,5722,59123,706
2021-04-08,Sutter,101,95872,9237,9195,84,9279,106
2021-04-08,Tehama,103,63373,4863,4802,534,5336,52
2021-04-08,Trinity,105,12862,477,324,79,403,3
2021-04-08,Tulare,107,460477,49443,48409,8811,57220,821
2021-04-08,Tuolumne,109,53932,3993,3986,35,4021,57
2021-04-08,Ventura,111,848112,80234,79626,2924,82550,986
2021-04-08,Yolo,113,214977,13468,13468,259,13727,198
2021-04-08,Yuba,115,75493,5785,5743,115,5858,43
2021-04-07,Alameda,001,1643700,84754,84130,1862,85992,1224
2021-04-07,Alpine,003,1148,86,85,0,85,0
2021-04-07,Amador,005,37829,3611,3590,33,3623,46
2021-04-07,Butte,007,227075,11797,11405,1710,13115,193
2021-04-07,Calaveras,009,45235,2032,2022,12,2034,50
2021-04-07,Colusa,011,21464,1898,1894,280,2174,14
2021-04-07,Contra Costa,013,1133247,66519,65619,1165,66784,775
2021-04-07,Del Norte,015,27424,1238,1198,11,1209,6
2021-04-07,El Dorado,017,186661,9603,9500,639,10139,106
2021-04-07,Fresno,019,978130,100568,99865,8436,108301,1627
2021-04-07,Glenn,021,27897,2359,2337,539,2876,17
2021-04-07,Humboldt,023,135768,3512,3484,25,3509,35
2021-04-07,Imperial,025,180216,27883,27704,2681,30385,713
2021-04-07,Inyo,027,18085,1388,1386,22,1408,36
2021-04-07,Kern,029,883053,95779,94456,10489,104945,1275
2021-04-07,Kings,031,150075,22819,22589,1060,23649,243
2021-04-07,Lake,033,64148,3393,3358,11,3369,43
2021-04-07,Lassen,035,31185,5149,5137,105,5242,1
2021-04-07,Los Angeles,037,10098052,1191364,1183862,40906,1224768,23372
2021-04-07,Madera,039,155013,16270,16090,916,17006,231
2021-04-07,Marin,041,260295,13741,13688,233,13921,225
2021-04-07,Mariposa,043,17540,397,391,7,398,5
2021-04-07,Mendocino,045,87422,3771,3691,70,3761,45
2021-04-07,Merced,047,269075,30130,30132,964,31096,430
2021-04-07,Modoc,049,8938,363,351,120,471,3
2021-04-07,Mono,051,14174,1233,1246,15,1261,3
2021-04-07,Monterey,053,433212,42652,42427,1833,44260,341
2021-04-07,Napa,055,140530,9586,9556,34,9590,80
2021-04-07,Nevada,057,99092,4434,4364,191,4555,69
2021-04-07,Orange,059,3164182,252385,250378,10970,261348,4778
2021-04-07,Placer,061,380077,21962,21227,1330,22557,276
2021-04-07,Plumas,063,18699,672,665,10,675,4
2021-04-07,Riverside,065,2383286,288844,283749,13756,297505,4285
2021-04-07,Sacramento,067,1510023,100464,99202,1513,100715,1544
2021-04-07,San Benito,069,59416,5931,5912,104,6016,62
2021-04-07,San Bernardino,071,2135413,290111,286978,8875,295853,4433
2021-04-07,San Diego,073,3302833,273152,272195,13786,285981,3588
2021-04-07,San Francisco,075,870044,35658,35618,1241,36859,493
2021-04-07,San Joaquin,077,732212,70506,69375,3321,72696,1278
2021-04-07,San Luis Obispo,079,281455,20664,20373,653,21026,252
2021-04-07,San Mateo,081,765935,41189,40693,440,41133,350
2021-04-07,Santa Barbara,083,443738,34227,33289,1178,34467,444
2021-04-07,Santa Clara,085,1922200,115396,115311,677,115988,1900
2021-04-07,Santa Cruz,087,273765,15917,15275,823,16098,203
2021-04-07,Shasta,089,179085,11485,11456,1398,12854,184
2021-04-07,Sierra,091,2930,55,51,13,64,0
2021-04-07,Siskiyou,093,43540,1584,1512,275,1787,7
2021-04-07,Solano,095,438530,31236,31097,432,31529,238
2021-04-07,Sonoma,097,501317,29327,29394,291,29685,310
2021-04-07,Stanislaus,099,539301,53751,53344,5712,59056,686
2021-04-07,Sutter,101,95872,9234,9188,84,9272,106
2021-04-07,Tehama,103,63373,4855,4802,532,5334,52
2021-04-07,Trinity,105,12862,477,322,79,401,3
2021-04-07,Tulare,107,460477,49428,48386,8799,57185,820
2021-04-07,Tuolumne,109,53932,3991,3982,35,4017,57
2021-04-07,Ventura,111,848112,80200,79595,2922,82517,986
2021-04-07,Yolo,113,214977,13453,13450,257,13707,198
2021-04-07,Yuba,115,75493,5781,5737,115,5852,43
2021-04-06,Alameda,001,1643700,84641,84091,1858,85949,1223
2021-04-06,Alpine,003,1148,86,85,0,85,0
2021-04-06,Amador,005,37829,3610,3587,33,3620,45
2021-04-06,Butte,007,227075,11782,11396,1708,13104,193
2021-04-06,Calaveras,009,45235,2029,2021,12,2033,50
2021-04-06,Colusa,011,21464,1896,1894,278,2172,14
2021-04-06,Contra Costa,013,1133247,66442,65575,1164,66739,774
2021-04-06,Del Norte,015,27424,1233,1197,11,1208,6
2021-04-06,El Dorado,017,186661,9573,9489,637,10126,106
2021-04-06,Fresno,019,978130,100504,99814,8430,108244,1626
2021-04-06,Glenn,021,27897,2358,2335,539,2874,17
2021-04-06,Humboldt,023,135768,3503,3477,25,3502,35
2021-04-06,Imperial,025,180216,27849,27661,2671,30332,713
2021-04-06,Inyo,027,18085,1388,1379,22,1401,36
2021-04-06,Kern,029,883053,95735,94422,10483,104905,1259
2021-04-06,Kings,031,150075,22813,22587,1060,23647,240
2021-04-06,Lake,033,64148,3390,3358,11,3369,43
2021-04-06,Lassen,035,31185,5147,5137,105,5242,1
2021-04-06,Los Angeles,037,10098052,1190856,1183499,40865,1224364,23323
2021-04-06,Madera,039,155013,16250,16085,911,16996,230
2021-04-06,Marin,041,260295,13732,13675,230,13905,224
2021-04-06,Mariposa,043,17540,397,390,7,397,5
2021-04-06,Mendocino,045,87422,3769,3686,70,3756,45
2021-04-06,Merced,047,269075,30101,30100,959,31059,430
2021-04-06,Modoc,049,8938,362,351,120,471,3
2021-04-06,Mono,051,14174,1233,1246,15,1261,3
2021-04-06,Monterey,053,433212,42643,42412,1832,44244,341
2021-04-06,Napa,055,140530,9567,9509,34,9543,78
2021-04-06,Nevada,057,99092,4424,4356,189,4545,69
2021-04-06,Orange,059,3164182,252277,250304,10956,261260,4771
2021-04-06,Placer,061,380077,21914,21184,1328,22512,276
2021-04-06,Plumas,063,18699,672,665,10,675,4
2021-04-06,Riverside,065,2383286,288666,283622,13746,297368,4264
2021-04-06,Sacramento,067,1510023,100255,99110,1505,100615,1537
2021-04-06,San Benito,069,59416,5922,5907,104,6011,62
2021-04-06,San Bernardino,071,2135413,289999,286792,8865,295657,4428
2021-04-06,San Diego,073,3302833,272890,271867,13758,285625,3585
2021-04-06,San Francisco,075,870044,35615,35572,1241,36813,488
2021-04-06,San Joaquin,077,732212,70423,69316,3309,72625,1278
2021-04-06,San Luis Obispo,079,281455,20642,20350,650,21000,252
2021-04-06,San Mateo,081,765935,41141,40649,439,41088,350
2021-04-06,Santa Barbara,083,443738,34209,33257,1177,34434,443
2021-04-06,Santa Clara,085,1922200,115225,115184,676,115860,1900
2021-04-06,Santa Cruz,087,273765,15907,15252,823,16075,203
2021-04-06,Shasta,089,179085,11464,11443,1396,12839,184
2021-04-06,Sierra,091,2930,55,51,13,64,0
2021-04-06,Siskiyou,093,43540,1580,1510,274,1784,7
2021-04-06,Solano,095,438530,31189,31078,431,31509,237
2021-04-06,Sonoma,097,501317,29302,29386,289,29675,311
2021-04-06,Stanislaus,099,539301,53694,53304,5706,59010,686
2021-04-06,Sutter,101,95872,9224,9179,84,9263,106
2021-04-06,Tehama,103,63373,4846,4798,532,5330,52
2021-04-06,Trinity,105,12862,477,321,79,400,3
2021-04-06,Tulare,107,460477,49385,48372,8795,57167,819
2021-04-06,Tuolumne,109,53932,3991,3981,35,4016,57
2021-04-06,Ventura,111,848112,80163,79556,2920,82476,983
2021-04-06,Yolo,113,214977,13440,13443,256,13699,198
2021-04-06,Yuba,115,75493,5777,5733,114,5847,43
2021-04-05,Alameda,001,1643700,84523,84007,1854,85861,1219
2021-04-05,Alpine,003,1148,86,85,0,85,0
2021-04-05,Amador,005,37829,3607,3584,33,3617,45
2021-04-05,Butte,007,227075,11767,11384,1706,13090,193
2021-04-05,Calaveras,009,45235,2027,2019,12,2031,50
2021-04-05,Colusa,011,21464,1896,1894,277,2171,14
2021-04-05,Contra Costa,013,1133247,66376,65457,1162,66619,774
2021-04-05,Del Norte,015,27424,1231,1189,11,1200,6
2021-04-05,El Dorado,017,186661,9558,9463,637,10100,106
2021-04-05,Fresno,019,978130,100416,99755,8422,108177,1622
2021-04-05,Glenn,021,27897,2357,2335,539,2874,17
2021-04-05,Humboldt,023,135768,3494,3475,25,3500,35
2021-04-05,Imperial,025,180216,27817,27604,2666,30270,710
2021-04-05,Inyo,027,18085,1385,1377,22,1399,36
2021-04-05,Kern,029,883053,95680,94401,10458,104859,1249
2021-04-05,Kings,031,150075,22809,22580,1060,23640,239
2021-04-05,Lake,033,64148,3382,3359,11,3370,43
2021-04-05,Lassen,035,31185,5147,5138,104,5242,1
2021-04-05,Los Angeles,037,10098052,1190322,1183200,40814,1224014,23302
2021-04-05,Madera,039,155013,16236,16065,910,16975,230
2021-04-05,Marin,041,260295,13718,13666,226,13892,221
2021-04-05,Mariposa,043,17540,397,390,7,397,5
2021-04-05,Mendocino,045,87422,3767,3687,70,3757,45
2021-04-05,Merced,047,269075,30074,30068,958,31026,427
2021-04-05,Modoc,049,8938,360,346,120,466,3
2021-04-05,Mono,051,14174,1233,1246,15,1261,3
2021-04-05,Monterey,053,433212,42630,42396,1828,44224,341
2021-04-05,Napa,055,140530,9544,9492,34,9526,78
2021-04-05,Nevada,057,99092,4413,4346,189,4535,69
2021-04-05,Orange,059,3164182,252163,250177,10932,261109,4759
2021-04-05,Placer,061,380077,21868,21133,1320,22453,276
2021-04-05,Plumas,063,18699,672,666,10,676,4
2021-04-05,Riverside,065,2383286,288533,283549,13734,297283,4237
2021-04-05,Sacramento,067,1510023,100093,98908,1496,100404,1533
2021-04-05,San Benito,069,59416,5916,5904,104,6008,61
2021-04-05,San Bernardino,071,2135413,289888,286597,8862,295459,4425
2021-04-05,San Diego,073,3302833,272641,271655,13717,285372,3583
2021-04-05,San Francisco,075,870044,35584,35538,1241,36779,488
2021-04-05,San Joaquin,077,732212,70334,69214,3300,72514,1268
2021-04-05,San Luis Obispo,079,281455,20605,20333,650,20983,252
2021-04-05,San Mateo,081,765935,41098,40609,438,41047,350
2021-04-05,Santa Barbara,083,443738,34176,33235,1177,34412,443
2021-04-05,Santa Clara,085,1922200,115058,115091,673,115764,1893
2021-04-05,Santa Cruz,087,273765,15900,15228,823,16051,201
2021-04-05,Shasta,089,179085,11443,11435,1393,12828,184
2021-04-05,Sierra,091,2930,55,50,13,63,0
2021-04-05,Siskiyou,093,43540,1577,1509,272,1781,7
2021-04-05,Solano,095,438530,31148,31026,429,31455,237
2021-04-05,Sonoma,097,501317,29270,29361,287,29648,311
2021-04-05,Stanislaus,099,539301,53614,53238,5703,58941,686
2021-04-05,Sutter,101,95872,9217,9169,84,9253,106
2021-04-05,Tehama,103,63373,4840,4794,532,5326,52
2021-04-05,Trinity,105,12862,476,321,79,400,3
2021-04-05,Tulare,107,460477,49373,48356,8788,57144,818
2021-04-05,Tuolumne,109,53932,3990,3980,35,4015,57
2021-04-05,Ventura,111,848112,80132,79549,2917,82466,983
2021-04-05,Yolo,113,214977,13426,13427,255,13682,198
2021-04-05,Yuba,115,75493,5772,5728,113,5841,43
2021-04-04,Alameda,001,1643700,84404,83951,1850,85801,1219
2021-04-04,Alpine,003,1148,86,85,0,85,0
2021-04-04,Amador,005,37829,3601,3582,33,3615,45
2021-04-04,Butte,007,227075,11752,11375,1705,13080,193
2021-04-04,Calaveras,009,45235,2023,2020,12,2032,50
2021-04-04,Colusa,011,21464,1895,1893,277,2170,14
2021-04-04,Contra Costa,013,1133247,66270,65408,1157,66565,774
2021-04-04,Del Norte,015,27424,1223,1186,11,1197,6
2021-04-04,El Dorado,017,186661,9539,9455,633,10088,106
2021-04-04,Fresno,019,978130,100342,99702,8409,108111,1622
2021-04-04,Glenn,021,27897,2354,2335,538,2873,17
2021-04-04,Humboldt,023,135768,3483,3472,25,3497,35
2021-04-04,Imperial,025,180216,27761,27588,2664,30252,710
2021-04-04,Inyo,027,18085,1381,1377,22,1399,36
2021-04-04,Kern,029,883053,95636,94388,10437,104825,1247
2021-04-04,Kings,031,150075,22807,22580,1059,23639,239
2021-04-04,Lake,033,64148,3376,3355,10,3365,43
2021-04-04,Lassen,035,31185,5146,5138,104,5242,1
2021-04-04,Los Angeles,037,10098052,1189780,1182872,40768,1223640,23301
2021-04-04,Madera,039,155013,16210,16052,906,16958,230
2021-04-04,Marin,041,260295,13705,13663,225,13888,221
2021-04-04,Mariposa,043,17540,397,390,7,397,5
2021-04-04,Mendocino,045,87422,3764,3684,70,3754,45
2021-04-04,Merced,047,269075,30031,30048,955,31003,427
2021-04-04,Modoc,049,8938,360,346,120,466,3
2021-04-04,Mono,051,14174,1232,1245,15,1260,3
2021-04-04,Monterey,053,433212,42613,42391,1827,44218,341
2021-04-04,Napa,055,140530,9532,9486,34,9520,78
2021-04-04,Nevada,057,99092,4401,4337,188,4525,69
2021-04-04,Orange,059,3164182,252027,250117,10916,261033,4759
2021-04-04,Placer,061,380077,21823,21104,1302,22406,276
2021-04-04,Plumas,063,18699,672,666,10,676,4
2021-04-04,Riverside,065,2383286,288409,283537,13730,297267,4237
2021-04-04,Sacramento,067,1510023,99894,98821,1486,100307,1531
2021-04-04,San Benito,069,59416,5906,5901,100,6001,61
2021-04-04,San Bernardino,071,2135413,289747,286561,8854,295415,4423
2021-04-04,San Diego,073,3302833,272330,271528,13675,285203,3583
2021-04-04,San Francisco,075,870044,35530,35525,1238,36763,488
2021-04-04,San Joaquin,077,732212,70233,69147,3288,72435,1268
2021-04-04,San Luis Obispo,079,281455,20573,20328,642,20970,252
2021-04-04,San Mateo,081,765935,41055,40587,435,41022,350
2021-04-04,Santa Barbara,083,443738,34140,33213,1177,34390,443
2021-04-04,Santa Clara,085,1922200,114892,114976,666,115642,1893
2021-04-04,Santa Cruz,087,273765,15891,15219,823,16042,201
2021-04-04,Shasta,089,179085,11417,11433,1392,12825,184
2021-04-04,Sierra,091,2930,55,50,13,63,0
2021-04-04,Siskiyou,093,43540,1574,1509,268,1777,7
2021-04-04,Solano,095,438530,31101,31002,427,31429,237
2021-04-04,Sonoma,097,501317,29238,29340,285,29625,311
2021-04-04,Stanislaus,099,539301,53521,53181,5695,58876,686
2021-04-04,Sutter,101,95872,9210,9164,84,9248,106
2021-04-04,Tehama,103,63373,4828,4792,531,5323,52
2021-04-04,Trinity,105,12862,474,321,79,400,3
2021-04-04,Tulare,107,460477,49358,48343,8780,57123,818
2021-04-04,Tuolumne,109,53932,3982,3980,35,4015,57
2021-04-04,Ventura,111,848112,80089,79526,2915,82441,983
2021-04-04,Yolo,113,214977,13405,13425,254,13679,198
2021-04-04,Yuba,115,75493,5765,5722,113,5835,43
2021-04-03,Alameda,001,1643700,84336,83861,1848,85709,1218
2021-04-03,Alpine,003,1148,86,85,0,85,0
2021-04-03,Amador,005,37829,3598,3577,33,3610,45
2021-04-03,Butte,007,227075,11748,11359,1701,13060,193
2021-04-03,Calaveras,009,45235,2020,2019,12,2031,50
2021-04-03,Colusa,011,21464,1895,1891,277,2168,14
2021-04-03,Contra Costa,013,1133247,66198,65338,1157,66495,774
2021-04-03,Del Norte,015,27424,1218,1183,11,1194,6
2021-04-03,El Dorado,017,186661,9530,9448,632,10080,106
2021-04-03,Fresno,019,978130,100285,99602,8404,108006,1622
2021-04-03,Glenn,021,27897,2354,2334,537,2871,17
2021-04-03,Humboldt,023,135768,3481,3467,25,3492,35
2021-04-03,Imperial,025,180216,27745,27572,2661,30233,710
2021-04-03,Inyo,027,18085,1380,1376,22,1398,36
2021-04-03,Kern,029,883053,95610,94369,10421,104790,1243
2021-04-03,Kings,031,150075,22805,22580,1059,23639,239
2021-04-03,Lake,033,64148,3375,3350,10,3360,43
2021-04-03,Lassen,035,31185,5145,5136,104,5240,1
2021-04-03,Los Angeles,037,10098052,1189481,1182402,40750,1223152,23301
2021-04-03,Madera,039,155013,16201,16051,904,16955,230
2021-04-03,Marin,041,260295,13697,13658,224,13882,221
2021-04-03,Mariposa,043,17540,397,390,6,396,5
2021-04-03,Mendocino,045,87422,3763,3684,70,3754,45
2021-04-03,Merced,047,269075,30016,30031,955,30986,427
2021-04-03,Modoc,049,8938,360,346,120,466,3
2021-04-03,Mono,051,14174,1232,1245,15,1260,3
2021-04-03,Monterey,053,433212,42600,42376,1825,44201,341
2021-04-03,Napa,055,140530,9523,9473,34,9507,78
2021-04-03,Nevada,057,99092,4397,4323,188,4511,69
2021-04-03,Orange,059,3164182,251947,249982,10898,260880,4755
2021-04-03,Placer,061,380077,21792,21060,1298,22358,276
2021-04-03,Plumas,063,18699,672,666,10,676,4
2021-04-03,Riverside,065,2383286,288332,283423,13727,297150,4237
2021-04-03,Sacramento,067,1510023,99786,98660,1480,100140,1531
2021-04-03,San Benito,069,59416,5903,5893,99,5992,61
2021-04-03,San Bernardino,071,2135413,289681,286473,8848,295321,4422
2021-04-03,San Diego,073,3302833,272161,271335,13658,284993,3571
2021-04-03,San Francisco,075,870044,35512,35488,1236,36724,489
2021-04-03,San Joaquin,077,732212,70192,69100,3272,72372,1268
2021-04-03,San Luis Obispo,079,281455,20554,20301,642,20943,252
2021-04-03,San Mateo,081,765935,41030,40560,435,40995,350
2021-04-03,Santa Barbara,083,443738,34114,33172,1176,34348,443
2021-04-03,Santa Clara,085,1922200,114783,114865,664,115529,1893
2021-04-03,Santa Cruz,087,273765,15884,15205,823,16028,201
2021-04-03,Shasta,089,179085,11409,11418,1392,12810,184
2021-04-03,Sierra,091,2930,55,50,13,63,0
2021-04-03,Siskiyou,093,43540,1573,1509,268,1777,7
2021-04-03,Solano,095,438530,31080,30970,424,31394,237
2021-04-03,Sonoma,097,501317,29222,29315,284,29599,311
2021-04-03,Stanislaus,099,539301,53486,53137,5689,58826,686
2021-04-03,Sutter,101,95872,9204,9158,84,9242,106
2021-04-03,Tehama,103,63373,4821,4788,531,5319,52
2021-04-03,Trinity,105,12862,474,321,79,400,3
2021-04-03,Tulare,107,460477,49348,48327,8776,57103,818
2021-04-03,Tuolumne,109,53932,3982,3980,35,4015,57
2021-04-03,Ventura,111,848112,80068,79489,2913,82402,983
2021-04-03,Yolo,113,214977,13399,13414,254,13668,198
2021-04-03,Yuba,115,75493,5759,5716,113,5829,43
2021-04-02,Alameda,001,1643700,84263,83776,1844,85620,1217
2021-04-02,Alpine,003,1148,86,85,0,85,0
2021-04-02,Amador,005,37829,3594,3573,32,3605,45
2021-04-02,Butte,007,227075,11740,11350,1701,13051,193
2021-04-02,Calaveras,009,45235,2016,2010,12,2022,50
2021-04-02,Colusa,011,21464,1895,1891,277,2168,14
2021-04-02,Contra Costa,013,1133247,66134,65299,1156,66455,774
2021-04-02,Del Norte,015,27424,1215,1174,11,1185,6
2021-04-02,El Dorado,017,186661,9517,9437,629,10066,106
2021-04-02,Fresno,019,978130,100231,99551,8393,107944,1620
2021-04-02,Glenn,021,27897,2354,2331,537,2868,17
2021-04-02,Humboldt,023,135768,3477,3465,25,3490,35
2021-04-02,Imperial,025,180216,27732,27553,2655,30208,710
2021-04-02,Inyo,027,18085,1380,1377,22,1399,36
2021-04-02,Kern,029,883053,95592,94348,10418,104766,1233
2021-04-02,Kings,031,150075,22805,22571,1056,23627,239
2021-04-02,Lake,033,64148,3373,3348,10,3358,43
2021-04-02,Lassen,035,31185,5145,5134,104,5238,1
2021-04-02,Los Angeles,037,10098052,1189172,1181682,40727,1222409,23264
2021-04-02,Madera,039,155013,16192,16036,903,16939,230
2021-04-02,Marin,041,260295,13689,13649,224,13873,221
2021-04-02,Mariposa,043,17540,395,390,6,396,5
2021-04-02,Mendocino,045,87422,3760,3682,70,3752,45
2021-04-02,Merced,047,269075,29992,29998,955,30953,426
2021-04-02,Modoc,049,8938,357,346,120,466,3
2021-04-02,Mono,051,14174,1232,1246,15,1261,3
2021-04-02,Monterey,053,433212,42590,42359,1822,44181,341
2021-04-02,Napa,055,140530,9508,9453,34,9487,78
2021-04-02,Nevada,057,99092,4393,4323,188,4511,69
2021-04-02,Orange,059,3164182,251850,249891,10885,260776,4748
2021-04-02,Placer,061,380077,21756,21035,1292,22327,275
2021-04-02,Plumas,063,18699,672,666,10,676,4
2021-04-02,Riverside,065,2383286,288248,283328,13719,297047,4213
2021-04-02,Sacramento,067,1510023,99679,98648,1473,100121,1527
2021-04-02,San Benito,069,59416,5901,5888,97,5985,61
2021-04-02,San Bernardino,071,2135413,289608,286308,8844,295152,4417
2021-04-02,San Diego,073,3302833,271975,271036,13632,284668,3568
2021-04-02,San Francisco,075,870044,35477,35451,1234,36685,488
2021-04-02,San Joaquin,077,732212,70127,68996,3257,72253,1268
2021-04-02,San Luis Obispo,079,281455,20537,20271,641,20912,252
2021-04-02,San Mateo,081,765935,40988,40514,435,40949,350
2021-04-02,Santa Barbara,083,443738,34086,33145,1176,34321,443
2021-04-02,Santa Clara,085,1922200,114672,114777,662,115439,1882
2021-04-02,Santa Cruz,087,273765,15876,15216,823,16039,202
2021-04-02,Shasta,089,179085,11404,11377,1384,12761,181
2021-04-02,Sierra,091,2930,55,50,13,63,0
2021-04-02,Siskiyou,093,43540,1573,1508,267,1775,7
2021-04-02,Solano,095,438530,31051,30951,421,31372,237
2021-04-02,Sonoma,097,501317,29201,29288,283,29571,311
2021-04-02,Stanislaus,099,539301,53441,53073,5683,58756,687
2021-04-02,Sutter,101,95872,9196,9131,84,9215,106
2021-04-02,Tehama,103,63373,4814,4775,530,5305,52
2021-04-02,Trinity,105,12862,474,320,79,399,3
2021-04-02,Tulare,107,460477,49342,48306,8770,57076,818
2021-04-02,Tuolumne,109,53932,3979,3980,35,4015,57
2021-04-02,Ventura,111,848112,80040,79434,2911,82345,982
2021-04-02,Yolo,113,214977,13389,13381,254,13635,197
2021-04-02,Yuba,115,75493,5755,5709,113,5822,44
2021-04-01,Alameda,001,1643700,84181,83574,1839,85413,1216
2021-04-01,Alpine,003,1148,86,85,0,85,0
2021-04-01,Amador,005,37829,3590,3558,32,3590,45
2021-04-01,Butte,007,227075,11722,11328,1699,13027,193
2021-04-01,Calaveras,009,45235,2012,2006,12,2018,50
2021-04-01,Colusa,011,21464,1892,1890,277,2167,14
2021-04-01,Contra Costa,013,1133247,66074,65176,1154,66330,771
2021-04-01,Del Norte,015,27424,1210,1138,11,1149,6
2021-04-01,El Dorado,017,186661,9508,9393,625,10018,106
2021-04-01,Fresno,019,978130,100178,99317,8385,107702,1616
2021-04-01,Glenn,021,27897,2354,2322,536,2858,17
2021-04-01,Humboldt,023,135768,3473,3464,25,3489,35
2021-04-01,Imperial,025,180216,27702,27520,2649,30169,710
2021-04-01,Inyo,027,18085,1379,1374,22,1396,36
2021-04-01,Kern,029,883053,95556,94244,10406,104650,1233
2021-04-01,Kings,031,150075,22798,22560,1055,23615,239
2021-04-01,Lake,033,64148,3368,3337,10,3347,43
2021-04-01,Lassen,035,31185,5144,5132,104,5236,1
2021-04-01,Los Angeles,037,10098052,1188685,1181101,40701,1221802,23220
2021-04-01,Madera,039,155013,16176,16023,903,16926,230
2021-04-01,Marin,041,260295,13679,13635,224,13859,221
2021-04-01,Mariposa,043,17540,393,389,6,395,5
2021-04-01,Mendocino,045,87422,3760,3680,70,3750,45
2021-04-01,Merced,047,269075,29958,29820,955,30775,425
2021-04-01,Modoc,049,8938,356,346,120,466,3
2021-04-01,Mono,051,14174,1232,1245,15,1260,3
2021-04-01,Monterey,053,433212,42582,42324,1820,44144,339
2021-04-01,Napa,055,140530,9496,9410,34,9444,78
2021-04-01,Nevada,057,99092,4383,4288,187,4475,68
2021-04-01,Orange,059,3164182,251730,249617,10868,260485,4742
2021-04-01,Placer,061,380077,21717,20909,1280,22189,274
2021-04-01,Plumas,063,18699,672,664,10,674,4
2021-04-01,Riverside,065,2383286,288145,283128,13716,296844,4193
2021-04-01,Sacramento,067,1510023,99534,97952,1459,99411,1521
2021-04-01,San Benito,069,59416,5893,5878,96,5974,61
2021-04-01,San Bernardino,071,2135413,289491,286086,8835,294921,4404
2021-04-01,San Diego,073,3302833,271750,270540,13602,284142,3555
2021-04-01,San Francisco,075,870044,35456,35386,1231,36617,488
2021-04-01,San Joaquin,077,732212,70045,68802,3249,72051,1262
2021-04-01,San Luis Obispo,079,281455,20508,20235,640,20875,252
2021-04-01,San Mateo,081,765935,40947,40454,435,40889,350
2021-04-01,Santa Barbara,083,443738,34041,33096,1171,34267,443
2021-04-01,Santa Clara,085,1922200,114559,114606,661,115267,1874
2021-04-01,Santa Cruz,087,273765,15861,15271,823,16094,202
2021-04-01,Shasta,089,179085,11389,11355,1378,12733,181
2021-04-01,Sierra,091,2930,55,50,13,63,0
2021-04-01,Siskiyou,093,43540,1571,1507,266,1773,7
2021-04-01,Solano,095,438530,31018,30850,418,31268,237
2021-04-01,Sonoma,097,501317,29170,29241,276,29517,311
2021-04-01,Stanislaus,099,539301,53378,52825,5677,58502,687
2021-04-01,Sutter,101,95872,9184,9105,84,9189,106
2021-04-01,Tehama,103,63373,4808,4764,527,5291,52
2021-04-01,Trinity,105,12862,474,319,79,398,3
2021-04-01,Tulare,107,460477,49319,48279,8760,57039,817
2021-04-01,Tuolumne,109,53932,3978,3978,35,4013,57
2021-04-01,Ventura,111,848112,80016,79369,2910,82279,977
2021-04-01,Yolo,113,214977,13376,13342,254,13596,197
2021-04-01,Yuba,115,75493,5750,5694,113,5807,44
2021-03-31,Alameda,001,1643700,84099,83475,1834,85309,1215
2021-03-31,Alpine,003,1148,86,85,0,85,0
2021-03-31,Amador,005,37829,3587,3556,32,3588,45
2021-03-31,Butte,007,227075,11712,11321,1696,13017,193
2021-03-31,Calaveras,009,45235,2010,2005,12,2017,50
2021-03-31,Colusa,011,21464,1892,1890,277,2167,14
2021-03-31,Contra Costa,013,1133247,65989,65109,1153,66262,769
2021-03-31,Del Norte,015,27424,1201,1129,11,1140,6
2021-03-31,El Dorado,017,186661,9491,9390,625,10015,106
2021-03-31,Fresno,019,978130,100085,99240,8370,107610,1616
2021-03-31,Glenn,021,27897,2349,2318,534,2852,17
2021-03-31,Humboldt,023,135768,3467,3460,25,3485,35
2021-03-31,Imperial,025,180216,27682,27506,2648,30154,710
2021-03-31,Inyo,027,18085,1376,1373,22,1395,35
2021-03-31,Kern,029,883053,95513,94205,10397,104602,1229
2021-03-31,Kings,031,150075,22795,22540,1055,23595,239
2021-03-31,Lake,033,64148,3364,3332,10,3342,43
2021-03-31,Lassen,035,31185,5140,5132,104,5236,1
2021-03-31,Los Angeles,037,10098052,1188221,1180538,40661,1221199,23171
2021-03-31,Madera,039,155013,16162,16015,902,16917,229
2021-03-31,Marin,041,260295,13668,13624,224,13848,221
2021-03-31,Mariposa,043,17540,393,389,6,395,5
2021-03-31,Mendocino,045,87422,3754,3675,70,3745,45
2021-03-31,Merced,047,269075,29929,29780,955,30735,423
2021-03-31,Modoc,049,8938,356,346,120,466,3
2021-03-31,Mono,051,14174,1232,1245,15,1260,3
2021-03-31,Monterey,053,433212,42565,42309,1818,44127,338
2021-03-31,Napa,055,140530,9478,9401,34,9435,78
2021-03-31,Nevada,057,99092,4377,4283,187,4470,68
2021-03-31,Orange,059,3164182,251619,249518,10853,260371,4731
2021-03-31,Placer,061,380077,21667,20885,1273,22158,271
2021-03-31,Plumas,063,18699,671,663,10,673,4
2021-03-31,Riverside,065,2383286,288045,283006,13706,296712,4171
2021-03-31,Sacramento,067,1510023,99358,97760,1452,99212,1519
2021-03-31,San Benito,069,59416,5883,5875,96,5971,61
2021-03-31,San Bernardino,071,2135413,289397,285916,8832,294748,4356
2021-03-31,San Diego,073,3302833,271519,270288,13567,283855,3555
2021-03-31,San Francisco,075,870044,35412,35347,1230,36577,474
2021-03-31,San Joaquin,077,732212,69956,68685,3233,71918,1259
2021-03-31,San Luis Obispo,079,281455,20487,20215,639,20854,251
2021-03-31,San Mateo,081,765935,40917,40423,435,40858,350
2021-03-31,Santa Barbara,083,443738,34010,33052,1169,34221,443
2021-03-31,Santa Clara,085,1922200,114432,114499,661,115160,1874
2021-03-31,Santa Cruz,087,273765,15848,15295,822,16117,201
2021-03-31,Shasta,089,179085,11377,11327,1370,12697,179
2021-03-31,Sierra,091,2930,55,50,13,63,0
2021-03-31,Siskiyou,093,43540,1570,1505,266,1771,7
2021-03-31,Solano,095,438530,30972,30824,417,31241,235
2021-03-31,Sonoma,097,501317,29143,29216,276,29492,311
2021-03-31,Stanislaus,099,539301,53310,52782,5665,58447,687
2021-03-31,Sutter,101,95872,9173,9111,84,9195,106
2021-03-31,Tehama,103,63373,4803,4762,524,5286,52
2021-03-31,Trinity,105,12862,474,319,79,398,3
2021-03-31,Tulare,107,460477,49299,48261,8744,57005,816
2021-03-31,Tuolumne,109,53932,3978,3976,35,4011,57
2021-03-31,Ventura,111,848112,79984,79326,2906,82232,969
2021-03-31,Yolo,113,214977,13359,13359,253,13612,197
2021-03-31,Yuba,115,75493,5743,5686,113,5799,44
2021-03-30,Alameda,001,1643700,84001,83395,1831,85226,1211
2021-03-30,Alpine,003,1148,86,85,0,85,0
2021-03-30,Amador,005,37829,3584,3551,32,3583,45
2021-03-30,Butte,007,227075,11700,11296,1693,12989,193
2021-03-30,Calaveras,009,45235,2004,1997,12,2009,50
2021-03-30,Colusa,011,21464,1891,1890,276,2166,14
2021-03-30,Contra Costa,013,1133247,65901,65041,1151,66192,767
2021-03-30,Del Norte,015,27424,1193,1118,10,1128,6
2021-03-30,El Dorado,017,186661,9472,9381,622,10003,105
2021-03-30,Fresno,019,978130,100022,99156,8358,107514,1609
2021-03-30,Glenn,021,27897,2349,2310,533,2843,17
2021-03-30,Humboldt,023,135768,3465,3461,25,3486,35
2021-03-30,Imperial,025,180216,27653,27471,2646,30117,706
2021-03-30,Inyo,027,18085,1376,1374,22,1396,35
2021-03-30,Kern,029,883053,95471,94151,10388,104539,1221
2021-03-30,Kings,031,150075,22791,22530,1053,23583,238
2021-03-30,Lake,033,64148,3358,3330,10,3340,43
2021-03-30,Lassen,035,31185,5140,5132,104,5236,1
2021-03-30,Los Angeles,037,10098052,1187728,1180044,40639,1220683,23136
2021-03-30,Madera,039,155013,16152,16003,898,16901,229
2021-03-30,Marin,041,260295,13659,13611,216,13827,221
2021-03-30,Mariposa,043,17540,393,388,6,394,5
2021-03-30,Mendocino,045,87422,3752,3670,70,3740,45
2021-03-30,Merced,047,269075,29893,29731,955,30686,423
2021-03-30,Modoc,049,8938,355,346,120,466,3
2021-03-30,Mono,051,14174,1231,1245,15,1260,3
2021-03-30,Monterey,053,433212,42539,42308,1815,44123,338
2021-03-30,Napa,055,140530,9463,9391,34,9425,78
2021-03-30,Nevada,057,99092,4365,4266,186,4452,68
2021-03-30,Orange,059,3164182,251490,249412,10826,260238,4727
2021-03-30,Placer,061,380077,21627,20866,1267,22133,271
2021-03-30,Plumas,063,18699,671,661,10,671,4
2021-03-30,Riverside,065,2383286,287925,282930,13698,296628,4154
2021-03-30,Sacramento,067,1510023,99221,97718,1448,99166,1516
2021-03-30,San Benito,069,59416,5877,5870,96,5966,61
2021-03-30,San Bernardino,071,2135413,289289,285758,8823,294581,4343
2021-03-30,San Diego,073,3302833,271282,269998,13529,283527,3555
2021-03-30,San Francisco,075,870044,35362,35325,1229,36554,474
2021-03-30,San Joaquin,077,732212,69868,68613,3223,71836,1232
2021-03-30,San Luis Obispo,079,281455,20467,20194,639,20833,251
2021-03-30,San Mateo,081,765935,40872,40377,435,40812,349
2021-03-30,Santa Barbara,083,443738,33984,33016,1169,34185,441
2021-03-30,Santa Clara,085,1922200,114310,114413,660,115073,1873
2021-03-30,Santa Cruz,087,273765,15842,15278,822,16100,201
2021-03-30,Shasta,089,179085,11369,11316,1369,12685,184
2021-03-30,Sierra,091,2930,55,50,13,63,0
2021-03-30,Siskiyou,093,43540,1569,1501,266,1767,7
2021-03-30,Solano,095,438530,30942,30802,416,31218,232
2021-03-30,Sonoma,097,501317,29111,29198,276,29474,311
2021-03-30,Stanislaus,099,539301,53232,52690,5657,58347,677
2021-03-30,Sutter,101,95872,9169,9107,83,9190,106
2021-03-30,Tehama,103,63373,4794,4748,523,5271,52
2021-03-30,Trinity,105,12862,474,316,79,395,3
2021-03-30,Tulare,107,460477,49285,48249,8735,56984,815
2021-03-30,Tuolumne,109,53932,3973,3972,35,4007,57
2021-03-30,Ventura,111,848112,79940,79282,2903,82185,958
2021-03-30,Yolo,113,214977,13347,13353,253,13606,195
2021-03-30,Yuba,115,75493,5732,5679,107,5786,42
2021-03-29,Alameda,001,1643700,83902,83338,1829,85167,1211
2021-03-29,Alpine,003,1148,86,85,0,85,0
2021-03-29,Amador,005,37829,3578,3549,32,3581,45
2021-03-29,Butte,007,227075,11691,11291,1690,12981,191
2021-03-29,Calaveras,009,45235,2003,1998,12,2010,50
2021-03-29,Colusa,011,21464,1891,1889,275,2164,14
2021-03-29,Contra Costa,013,1133247,65832,64971,1150,66121,767
2021-03-29,Del Norte,015,27424,1188,1116,9,1125,6
2021-03-29,El Dorado,017,186661,9452,9374,616,9990,105
2021-03-29,Fresno,019,978130,99939,99085,8343,107428,1606
2021-03-29,Glenn,021,27897,2343,2310,533,2843,17
2021-03-29,Humboldt,023,135768,3460,3459,25,3484,34
2021-03-29,Imperial,025,180216,27633,27442,2642,30084,704
2021-03-29,Inyo,027,18085,1376,1372,22,1394,35
2021-03-29,Kern,029,883053,95423,94098,10368,104466,1220
2021-03-29,Kings,031,150075,22779,22522,1052,23574,238
2021-03-29,Lake,033,64148,3355,3325,10,3335,43
2021-03-29,Lassen,035,31185,5140,5131,104,5235,1
2021-03-29,Los Angeles,037,10098052,1187235,1179736,40599,1220335,23108
2021-03-29,Madera,039,155013,16132,15987,896,16883,210
2021-03-29,Marin,041,260295,13647,13600,212,13812,220
2021-03-29,Mariposa,043,17540,392,388,6,394,5
2021-03-29,Mendocino,045,87422,3749,3667,70,3737,45
2021-03-29,Merced,047,269075,29869,29699,955,30654,422
2021-03-29,Modoc,049,8938,354,344,120,464,3
2021-03-29,Mono,051,14174,1230,1243,15,1258,3
2021-03-29,Monterey,053,433212,42523,42305,1810,44115,337
2021-03-29,Napa,055,140530,9447,9379,34,9413,78
2021-03-29,Nevada,057,99092,4358,4258,186,4444,68
2021-03-29,Orange,059,3164182,251378,249295,10813,260108,4713
2021-03-29,Placer,061,380077,21592,20827,1260,22087,267
2021-03-29,Plumas,063,18699,670,660,10,670,4
2021-03-29,Riverside,065,2383286,287833,282867,13697,296564,4133
2021-03-29,Sacramento,067,1510023,99027,97577,1440,99017,1514
2021-03-29,San Benito,069,59416,5870,5865,96,5961,61
2021-03-29,San Bernardino,071,2135413,289193,285615,8819,294434,4335
2021-03-29,San Diego,073,3302833,271016,269771,13503,283274,3547
2021-03-29,San Francisco,075,870044,35327,35291,1226,36517,474
2021-03-29,San Joaquin,077,732212,69782,68537,3210,71747,1211
2021-03-29,San Luis Obispo,079,281455,20432,20176,638,20814,250
2021-03-29,San Mateo,081,765935,40830,40357,434,40791,348
2021-03-29,Santa Barbara,083,443738,33950,32983,1168,34151,439
2021-03-29,Santa Clara,085,1922200,114202,114335,655,114990,1871
2021-03-29,Santa Cruz,087,273765,15831,15249,821,16070,201
2021-03-29,Shasta,089,179085,11351,11313,1367,12680,183
2021-03-29,Sierra,091,2930,55,50,13,63,0
2021-03-29,Siskiyou,093,43540,1568,1497,265,1762,6
2021-03-29,Solano,095,438530,30903,30762,414,31176,232
2021-03-29,Sonoma,097,501317,29088,29184,273,29457,310
2021-03-29,Stanislaus,099,539301,53148,52614,5649,58263,677
2021-03-29,Sutter,101,95872,9162,9105,83,9188,106
2021-03-29,Tehama,103,63373,4786,4742,522,5264,52
2021-03-29,Trinity,105,12862,474,314,79,393,3
2021-03-29,Tulare,107,460477,49257,48226,8724,56950,815
2021-03-29,Tuolumne,109,53932,3971,3969,35,4004,57
2021-03-29,Ventura,111,848112,79898,79252,2902,82154,956
2021-03-29,Yolo,113,214977,13329,13346,253,13599,195
2021-03-29,Yuba,115,75493,5725,5671,106,5777,42
2021-03-28,Alameda,001,1643700,83780,83239,1827,85066,1212
2021-03-28,Alpine,003,1148,86,85,0,85,0
2021-03-28,Amador,005,37829,3574,3541,32,3573,45
2021-03-28,Butte,007,227075,11678,11285,1688,12973,191
2021-03-28,Calaveras,009,45235,2001,1995,12,2007,50
2021-03-28,Colusa,011,21464,1890,1889,275,2164,14
2021-03-28,Contra Costa,013,1133247,65758,64878,1146,66024,767
2021-03-28,Del Norte,015,27424,1181,1107,7,1114,6
2021-03-28,El Dorado,017,186661,9437,9371,614,9985,105
2021-03-28,Fresno,019,978130,99857,99004,8331,107335,1606
2021-03-28,Glenn,021,27897,2340,2309,531,2840,17
2021-03-28,Humboldt,023,135768,3457,3452,24,3476,34
2021-03-28,Imperial,025,180216,27606,27426,2639,30065,704
2021-03-28,Inyo,027,18085,1375,1372,22,1394,35
2021-03-28,Kern,029,883053,95378,94084,10356,104440,1219
2021-03-28,Kings,031,150075,22775,22514,1048,23562,238
2021-03-28,Lake,033,64148,3350,3320,10,3330,43
2021-03-28,Lassen,035,31185,5140,5131,103,5234,1
2021-03-28,Los Angeles,037,10098052,1186686,1179316,40540,1219856,23101
2021-03-28,Madera,039,155013,16117,15973,895,16868,210
2021-03-28,Marin,041,260295,13634,13594,210,13804,221
2021-03-28,Mariposa,043,17540,392,388,6,394,5
2021-03-28,Mendocino,045,87422,3747,3666,70,3736,45
2021-03-28,Merced,047,269075,29812,29679,955,30634,422
2021-03-28,Modoc,049,8938,354,344,120,464,3
2021-03-28,Mono,051,14174,1229,1242,15,1257,3
2021-03-28,Monterey,053,433212,42500,42294,1806,44100,337
2021-03-28,Napa,055,140530,9433,9368,34,9402,78
2021-03-28,Nevada,057,99092,4344,4239,186,4425,68
2021-03-28,Orange,059,3164182,251223,249238,10803,260041,4713
2021-03-28,Placer,061,380077,21548,20796,1254,22050,267
2021-03-28,Plumas,063,18699,668,657,10,667,4
2021-03-28,Riverside,065,2383286,287729,282811,13689,296500,4132
2021-03-28,Sacramento,067,1510023,98852,97425,1434,98859,1514
2021-03-28,San Benito,069,59416,5865,5862,96,5958,61
2021-03-28,San Bernardino,071,2135413,289074,285570,8810,294380,4332
2021-03-28,San Diego,073,3302833,270742,269476,13475,282951,3547
2021-03-28,San Francisco,075,870044,35281,35286,1222,36508,474
2021-03-28,San Joaquin,077,732212,69657,68459,3190,71649,1211
2021-03-28,San Luis Obispo,079,281455,20397,20172,635,20807,250
2021-03-28,San Mateo,081,765935,40785,40305,434,40739,348
2021-03-28,Santa Barbara,083,443738,33908,32953,1167,34120,439
2021-03-28,Santa Clara,085,1922200,114102,114232,651,114883,1871
2021-03-28,Santa Cruz,087,273765,15817,15238,820,16058,201
2021-03-28,Shasta,089,179085,11325,11308,1356,12664,183
2021-03-28,Sierra,091,2930,55,50,13,63,0
2021-03-28,Siskiyou,093,43540,1568,1497,264,1761,6
2021-03-28,Solano,095,438530,30866,30719,412,31131,232
2021-03-28,Sonoma,097,501317,29052,29161,271,29432,310
2021-03-28,Stanislaus,099,539301,53060,52567,5634,58201,678
2021-03-28,Sutter,101,95872,9153,9094,83,9177,106
2021-03-28,Tehama,103,63373,4776,4740,519,5259,52
2021-03-28,Trinity,105,12862,472,314,78,392,3
2021-03-28,Tulare,107,460477,49228,48218,8718,56936,815
2021-03-28,Tuolumne,109,53932,3969,3969,34,4003,57
2021-03-28,Ventura,111,848112,79847,79222,2897,82119,956
2021-03-28,Yolo,113,214977,13311,13325,252,13577,194
2021-03-28,Yuba,115,75493,5721,5662,106,5768,42
2021-03-27,Alameda,001,1643700,83709,83169,1823,84992,1211
2021-03-27,Alpine,003,1148,86,85,0,85,0
2021-03-27,Amador,005,37829,3569,3538,32,3570,45
2021-03-27,Butte,007,227075,11671,11278,1687,12965,191
2021-03-27,Calaveras,009,45235,1998,1992,12,2004,50
2021-03-27,Colusa,011,21464,1890,1889,275,2164,14
2021-03-27,Contra Costa,013,1133247,65688,64804,1143,65947,767
2021-03-27,Del Norte,015,27424,1171,1104,7,1111,6
2021-03-27,El Dorado,017,186661,9423,9367,614,9981,105
2021-03-27,Fresno,019,978130,99805,98901,8325,107226,1606
2021-03-27,Glenn,021,27897,2339,2308,531,2839,17
2021-03-27,Humboldt,023,135768,3452,3442,24,3466,34
2021-03-27,Imperial,025,180216,27594,27406,2636,30042,704
2021-03-27,Inyo,027,18085,1373,1372,22,1394,35
2021-03-27,Kern,029,883053,95358,94041,10343,104384,1217
2021-03-27,Kings,031,150075,22772,22502,1048,23550,238
2021-03-27,Lake,033,64148,3348,3317,10,3327,43
2021-03-27,Lassen,035,31185,5140,5129,103,5232,1
2021-03-27,Los Angeles,037,10098052,1186373,1178831,40512,1219343,23103
2021-03-27,Madera,039,155013,16110,15968,893,16861,210
2021-03-27,Marin,041,260295,13629,13579,210,13789,222
2021-03-27,Mariposa,043,17540,392,386,6,392,5
2021-03-27,Mendocino,045,87422,3746,3666,70,3736,45
2021-03-27,Merced,047,269075,29779,29647,953,30600,422
2021-03-27,Modoc,049,8938,354,344,120,464,3
2021-03-27,Mono,051,14174,1227,1241,15,1256,3
2021-03-27,Monterey,053,433212,42490,42271,1806,44077,337
2021-03-27,Napa,055,140530,9421,9360,34,9394,78
2021-03-27,Nevada,057,99092,4334,4231,186,4417,68
2021-03-27,Orange,059,3164182,251129,249160,10787,259947,4698
2021-03-27,Placer,061,380077,21528,20717,1247,21964,267
2021-03-27,Plumas,063,18699,667,655,10,665,4
2021-03-27,Riverside,065,2383286,287667,282707,13681,296388,4132
2021-03-27,Sacramento,067,1510023,98762,97247,1432,98679,1513
2021-03-27,San Benito,069,59416,5863,5862,94,5956,61
2021-03-27,San Bernardino,071,2135413,289012,285480,8808,294288,4325
2021-03-27,San Diego,073,3302833,270572,269271,13453,282724,3540
2021-03-27,San Francisco,075,870044,35257,35244,1220,36464,474
2021-03-27,San Joaquin,077,732212,69597,68365,3182,71547,1211
2021-03-27,San Luis Obispo,079,281455,20386,20153,632,20785,250
2021-03-27,San Mateo,081,765935,40762,40264,434,40698,348
2021-03-27,Santa Barbara,083,443738,33885,32921,1167,34088,439
2021-03-27,Santa Clara,085,1922200,114006,114124,649,114773,1871
2021-03-27,Santa Cruz,087,273765,15811,15215,820,16035,201
2021-03-27,Shasta,089,179085,11314,11288,1354,12642,183
2021-03-27,Sierra,091,2930,55,50,13,63,0
2021-03-27,Siskiyou,093,43540,1568,1497,264,1761,6
2021-03-27,Solano,095,438530,30838,30669,411,31080,232
2021-03-27,Sonoma,097,501317,29037,29133,269,29402,310
2021-03-27,Stanislaus,099,539301,52996,52497,5626,58123,678
2021-03-27,Sutter,101,95872,9145,9093,83,9176,106
2021-03-27,Tehama,103,63373,4770,4738,517,5255,52
2021-03-27,Trinity,105,12862,472,313,78,391,3
2021-03-27,Tulare,107,460477,49212,48203,8710,56913,813
2021-03-27,Tuolumne,109,53932,3966,3968,34,4002,57
2021-03-27,Ventura,111,848112,79820,79184,2895,82079,956
2021-03-27,Yolo,113,214977,13306,13317,251,13568,194
2021-03-27,Yuba,115,75493,5719,5657,106,5763,42
2021-03-26,Alameda,001,1643700,83647,83043,1821,84864,1208
2021-03-26,Alpine,003,1148,86,85,0,85,0
2021-03-26,Amador,005,37829,3564,3532,32,3564,45
2021-03-26,Butte,007,227075,11661,11278,1687,12965,191
2021-03-26,Calaveras,009,45235,1997,1989,12,2001,50
2021-03-26,Colusa,011,21464,1890,1889,275,2164,14
2021-03-26,Contra Costa,013,1133247,65628,64699,1141,65840,761
2021-03-26,Del Norte,015,27424,1168,1101,7,1108,6
2021-03-26,El Dorado,017,186661,9418,9353,614,9967,105
2021-03-26,Fresno,019,978130,99744,98731,8313,107044,1601
2021-03-26,Glenn,021,27897,2339,2307,530,2837,17
2021-03-26,Humboldt,023,135768,3450,3431,24,3455,34
2021-03-26,Imperial,025,180216,27570,27374,2636,30010,701
2021-03-26,Inyo,027,18085,1372,1369,22,1391,35
2021-03-26,Kern,029,883053,95332,93949,10337,104286,1211
2021-03-26,Kings,031,150075,22764,22493,1046,23539,239
2021-03-26,Lake,033,64148,3347,3314,10,3324,43
2021-03-26,Lassen,035,31185,5139,5131,103,5234,1
2021-03-26,Los Angeles,037,10098052,1186037,1178213,40498,1218711,23080
2021-03-26,Madera,039,155013,16100,15952,893,16845,210
2021-03-26,Marin,041,260295,13623,13553,205,13758,221
2021-03-26,Mariposa,043,17540,392,386,6,392,5
2021-03-26,Mendocino,045,87422,3745,3664,70,3734,45
2021-03-26,Merced,047,269075,29756,29613,951,30564,419
2021-03-26,Modoc,049,8938,354,344,120,464,3
2021-03-26,Mono,051,14174,1226,1236,15,1251,3
2021-03-26,Monterey,053,433212,42477,42241,1802,44043,338
2021-03-26,Napa,055,140530,9411,9349,34,9383,78
2021-03-26,Nevada,057,99092,4314,4222,186,4408,83
2021-03-26,Orange,059,3164182,251066,248995,10773,259768,4671
2021-03-26,Placer,061,380077,21502,20679,1245,21924,259
2021-03-26,Plumas,063,18699,666,654,10,664,4
2021-03-26,Riverside,065,2383286,287589,282602,13675,296277,4109
2021-03-26,Sacramento,067,1510023,98662,97040,1427,98467,1509
2021-03-26,San Benito,069,59416,5860,5855,94,5949,61
2021-03-26,San Bernardino,071,2135413,288956,285313,8806,294119,4288
2021-03-26,San Diego,073,3302833,270394,269045,13427,282472,3525
2021-03-26,San Francisco,075,870044,35231,35186,1220,36406,472
2021-03-26,San Joaquin,077,732212,69534,68249,3178,71427,1202
2021-03-26,San Luis Obispo,079,281455,20373,20118,632,20750,250
2021-03-26,San Mateo,081,765935,40727,40199,434,40633,348
2021-03-26,Santa Barbara,083,443738,33855,32895,1166,34061,439
2021-03-26,Santa Clara,085,1922200,113908,113959,648,114607,1868
2021-03-26,Santa Cruz,087,273765,15796,15199,819,16018,201
2021-03-26,Shasta,089,179085,11305,11276,1348,12624,182
2021-03-26,Sierra,091,2930,55,50,13,63,0
2021-03-26,Siskiyou,093,43540,1568,1493,263,1756,6
2021-03-26,Solano,095,438530,30813,30640,411,31051,205
2021-03-26,Sonoma,097,501317,29021,29101,266,29367,310
2021-03-26,Stanislaus,099,539301,52928,52420,5622,58042,678
2021-03-26,Sutter,101,95872,9142,9082,83,9165,104
2021-03-26,Tehama,103,63373,4769,4722,516,5238,51
2021-03-26,Trinity,105,12862,472,311,78,389,3
2021-03-26,Tulare,107,460477,49197,48179,8702,56881,813
2021-03-26,Tuolumne,109,53932,3965,3965,34,3999,57
2021-03-26,Ventura,111,848112,79786,79122,2893,82015,953
2021-03-26,Yolo,113,214977,13299,13299,249,13548,194
2021-03-26,Yuba,115,75493,5709,5653,106,5759,42
2021-03-25,Alameda,001,1643700,83553,82945,1819,84764,1206
2021-03-25,Alpine,003,1148,86,84,0,84,0
2021-03-25,Amador,005,37829,3562,3530,32,3562,45
2021-03-25,Butte,007,227075,11651,11270,1687,12957,188
2021-03-25,Calaveras,009,45235,1996,1982,12,1994,50
2021-03-25,Colusa,011,21464,1890,1888,275,2163,14
2021-03-25,Contra Costa,013,1133247,65561,64606,1137,65743,757
2021-03-25,Del Norte,015,27424,1162,1095,7,1102,6
2021-03-25,El Dorado,017,186661,9408,9331,614,9945,105
2021-03-25,Fresno,019,978130,99625,98602,8300,106902,1593
2021-03-25,Glenn,021,27897,2338,2302,529,2831,17
2021-03-25,Humboldt,023,135768,3445,3423,24,3447,34
2021-03-25,Imperial,025,180216,27554,27352,2635,29987,699
2021-03-25,Inyo,027,18085,1372,1369,22,1391,35
2021-03-25,Kern,029,883053,95300,93857,10331,104188,1206
2021-03-25,Kings,031,150075,22754,22472,1046,23518,237
2021-03-25,Lake,033,64148,3342,3312,10,3322,43
2021-03-25,Lassen,035,31185,5139,5129,103,5232,1
2021-03-25,Los Angeles,037,10098052,1185608,1177490,40463,1217953,23051
2021-03-25,Madera,039,155013,16081,15937,891,16828,210
2021-03-25,Marin,041,260295,13614,13538,202,13740,219
2021-03-25,Mariposa,043,17540,392,386,6,392,5
2021-03-25,Mendocino,045,87422,3744,3664,70,3734,45
2021-03-25,Merced,047,269075,29721,29576,943,30519,416
2021-03-25,Modoc,049,8938,354,343,120,463,3
2021-03-25,Mono,051,14174,1226,1235,15,1250,3
2021-03-25,Monterey,053,433212,42456,42220,1797,44017,336
2021-03-25,Napa,055,140530,9392,9321,34,9355,78
2021-03-25,Nevada,057,99092,4296,4202,184,4386,84
2021-03-25,Orange,059,3164182,250952,248871,10753,259624,4655
2021-03-25,Placer,061,380077,21461,20639,1238,21877,252
2021-03-25,Plumas,063,18699,666,654,10,664,4
2021-03-25,Riverside,065,2383286,287492,282492,13664,296156,4078
2021-03-25,Sacramento,067,1510023,98517,96823,1424,98247,1505
2021-03-25,San Benito,069,59416,5857,5850,94,5944,61
2021-03-25,San Bernardino,071,2135413,288874,285134,8801,293935,4222
2021-03-25,San Diego,073,3302833,270167,268623,13396,282019,3520
2021-03-25,San Francisco,075,870044,35192,35154,1218,36372,468
2021-03-25,San Joaquin,077,732212,69437,68089,3139,71228,1196
2021-03-25,San Luis Obispo,079,281455,20355,20076,632,20708,250
2021-03-25,San Mateo,081,765935,40687,40147,434,40581,348
2021-03-25,Santa Barbara,083,443738,33825,32857,1166,34023,439
2021-03-25,Santa Clara,085,1922200,113804,113877,646,114523,1868
2021-03-25,Santa Cruz,087,273765,15775,15170,819,15989,201
2021-03-25,Shasta,089,179085,11288,11262,1345,12607,181
2021-03-25,Sierra,091,2930,55,50,13,63,0
2021-03-25,Siskiyou,093,43540,1566,1491,262,1753,6
2021-03-25,Solano,095,438530,30752,30583,409,30992,193
2021-03-25,Sonoma,097,501317,28986,29060,262,29322,310
2021-03-25,Stanislaus,099,539301,52861,52321,5615,57936,678
2021-03-25,Sutter,101,95872,9133,9069,83,9152,104
2021-03-25,Tehama,103,63373,4767,4719,515,5234,52
2021-03-25,Trinity,105,12862,472,310,78,388,3
2021-03-25,Tulare,107,460477,49170,48148,8689,56837,811
2021-03-25,Tuolumne,109,53932,3964,3962,34,3996,57
2021-03-25,Ventura,111,848112,79745,79045,2889,81934,952
2021-03-25,Yolo,113,214977,13293,13287,249,13536,194
2021-03-25,Yuba,115,75493,5703,5647,100,5747,42
2021-03-24,Alameda,001,1643700,83455,82871,1816,84687,1199
2021-03-24,Alpine,003,1148,86,84,0,84,0
2021-03-24,Amador,005,37829,3556,3529,32,3561,45
2021-03-24,Butte,007,227075,11641,11252,1683,12935,187
2021-03-24,Calaveras,009,45235,1993,1975,12,1987,50
2021-03-24,Colusa,011,21464,1890,1886,275,2161,14
2021-03-24,Contra Costa,013,1133247,65481,64539,1136,65675,755
2021-03-24,Del Norte,015,27424,1157,1087,7,1094,6
2021-03-24,El Dorado,017,186661,9402,9319,613,9932,105
2021-03-24,Fresno,019,978130,99534,98437,8285,106722,1585
2021-03-24,Glenn,021,27897,2337,2297,528,2825,17
2021-03-24,Humboldt,023,135768,3442,3414,24,3438,34
2021-03-24,Imperial,025,180216,27545,27325,2634,29959,699
2021-03-24,Inyo,027,18085,1372,1368,22,1390,35
2021-03-24,Kern,029,883053,95252,93800,10322,104122,1198
2021-03-24,Kings,031,150075,22739,22456,1044,23500,237
2021-03-24,Lake,033,64148,3338,3307,10,3317,43
2021-03-24,Lassen,035,31185,5137,5130,102,5232,1
2021-03-24,Los Angeles,037,10098052,1185133,1177015,40427,1217442,22993
2021-03-24,Madera,039,155013,16072,15918,890,16808,210
2021-03-24,Marin,041,260295,13601,13526,200,13726,219
2021-03-24,Mariposa,043,17540,392,384,6,390,5
2021-03-24,Mendocino,045,87422,3741,3660,70,3730,45
2021-03-24,Merced,047,269075,29679,29525,943,30468,415
2021-03-24,Modoc,049,8938,353,341,120,461,3
2021-03-24,Mono,051,14174,1225,1243,15,1258,3
2021-03-24,Monterey,053,433212,42434,42201,1794,43995,335
2021-03-24,Napa,055,140530,9372,9310,34,9344,78
2021-03-24,Nevada,057,99092,4282,4191,183,4374,85
2021-03-24,Orange,059,3164182,250835,248775,10735,259510,4638
2021-03-24,Placer,061,380077,21430,20606,1230,21836,250
2021-03-24,Plumas,063,18699,664,652,10,662,4
2021-03-24,Riverside,065,2383286,287409,282410,13662,296072,4058
2021-03-24,Sacramento,067,1510023,98342,96628,1412,98040,1500
2021-03-24,San Benito,069,59416,5856,5847,94,5941,61
2021-03-24,San Bernardino,071,2135413,288789,284983,8799,293782,4170
2021-03-24,San Diego,073,3302833,269952,268413,13368,281781,3509
2021-03-24,San Francisco,075,870044,35165,35103,1215,36318,462
2021-03-24,San Joaquin,077,732212,69366,67978,3127,71105,1196
2021-03-24,San Luis Obispo,079,281455,20325,20021,631,20652,250
2021-03-24,San Mateo,081,765935,40637,40083,434,40517,348
2021-03-24,Santa Barbara,083,443738,33797,32810,1166,33976,438
2021-03-24,Santa Clara,085,1922200,113688,113757,643,114400,1851
2021-03-24,Santa Cruz,087,273765,15761,15138,818,15956,202
2021-03-24,Shasta,089,179085,11269,11243,1343,12586,181
2021-03-24,Sierra,091,2930,55,50,13,63,0
2021-03-24,Siskiyou,093,43540,1564,1490,262,1752,6
2021-03-24,Solano,095,438530,30715,30552,408,30960,178
2021-03-24,Sonoma,097,501317,28966,29034,258,29292,310
2021-03-24,Stanislaus,099,539301,52785,52259,5606,57865,677
2021-03-24,Sutter,101,95872,9117,9049,83,9132,104
2021-03-24,Tehama,103,63373,4761,4719,514,5233,49
2021-03-24,Trinity,105,12862,471,310,78,388,3
2021-03-24,Tulare,107,460477,49159,48109,8676,56785,808
2021-03-24,Tuolumne,109,53932,3963,3961,34,3995,57
2021-03-24,Ventura,111,848112,79693,78993,2882,81875,944
2021-03-24,Yolo,113,214977,13282,13269,249,13518,194
2021-03-24,Yuba,115,75493,5697,5634,97,5731,42
2021-03-23,Alameda,001,1643700,83352,82799,1812,84611,1190
2021-03-23,Alpine,003,1148,86,84,0,84,0
2021-03-23,Amador,005,37829,3550,3524,32,3556,45
2021-03-23,Butte,007,227075,11629,11227,1682,12909,187
2021-03-23,Calaveras,009,45235,1991,1971,12,1983,50
2021-03-23,Colusa,011,21464,1888,1885,274,2159,14
2021-03-23,Contra Costa,013,1133247,65382,64491,1135,65626,750
2021-03-23,Del Norte,015,27424,1152,1082,7,1089,6
2021-03-23,El Dorado,017,186661,9392,9318,611,9929,105
2021-03-23,Fresno,019,978130,99420,98362,8260,106622,1575
2021-03-23,Glenn,021,27897,2332,2293,526,2819,17
2021-03-23,Humboldt,023,135768,3433,3405,24,3429,34
2021-03-23,Imperial,025,180216,27537,27320,2634,29954,699
2021-03-23,Inyo,027,18085,1370,1364,22,1386,35
2021-03-23,Kern,029,883053,95145,93728,10315,104043,1191
2021-03-23,Kings,031,150075,22728,22439,1042,23481,237
2021-03-23,Lake,033,64148,3336,3294,10,3304,43
2021-03-23,Lassen,035,31185,5137,5130,102,5232,1
2021-03-23,Los Angeles,037,10098052,1184617,1176572,40388,1216960,22904
2021-03-23,Madera,039,155013,16056,15908,889,16797,210
2021-03-23,Marin,041,260295,13578,13514,198,13712,221
2021-03-23,Mariposa,043,17540,391,384,6,390,5
2021-03-23,Mendocino,045,87422,3739,3652,70,3722,45
2021-03-23,Merced,047,269075,29647,29485,943,30428,415
2021-03-23,Modoc,049,8938,352,342,120,462,3
2021-03-23,Mono,051,14174,1224,1263,15,1278,3
2021-03-23,Monterey,053,433212,42423,42180,1792,43972,335
2021-03-23,Napa,055,140530,9347,9299,34,9333,78
2021-03-23,Nevada,057,99092,4263,4179,182,4361,89
2021-03-23,Orange,059,3164182,250710,248661,10717,259378,4626
2021-03-23,Placer,061,380077,21395,20567,1226,21793,248
2021-03-23,Plumas,063,18699,664,652,10,662,4
2021-03-23,Riverside,065,2383286,287313,282317,13655,295972,4035
2021-03-23,Sacramento,067,1510023,98150,96521,1406,97927,1496
2021-03-23,San Benito,069,59416,5851,5845,93,5938,61
2021-03-23,San Bernardino,071,2135413,288705,284875,8791,293666,4134
2021-03-23,San Diego,073,3302833,269707,268156,13336,281492,3498
2021-03-23,San Francisco,075,870044,35107,35071,1209,36280,462
2021-03-23,San Joaquin,077,732212,69270,67903,3109,71012,1182
2021-03-23,San Luis Obispo,079,281455,20285,20009,630,20639,250
2021-03-23,San Mateo,081,765935,40581,40032,433,40465,348
2021-03-23,Santa Barbara,083,443738,33759,32771,1165,33936,438
2021-03-23,Santa Clara,085,1922200,113571,113645,640,114285,1848
2021-03-23,Santa Cruz,087,273765,15746,15106,818,15924,201
2021-03-23,Shasta,089,179085,11256,11234,1342,12576,175
2021-03-23,Sierra,091,2930,55,50,13,63,0
2021-03-23,Siskiyou,093,43540,1559,1485,260,1745,6
2021-03-23,Solano,095,438530,30674,30524,407,30931,178
2021-03-23,Sonoma,097,501317,28929,29020,257,29277,310
2021-03-23,Stanislaus,099,539301,52685,52148,5598,57746,677
2021-03-23,Sutter,101,95872,9109,9039,83,9122,104
2021-03-23,Tehama,103,63373,4750,4707,513,5220,46
2021-03-23,Trinity,105,12862,471,310,78,388,3
2021-03-23,Tulare,107,460477,49132,48095,8659,56754,808
2021-03-23,Tuolumne,109,53932,3960,3957,34,3991,57
2021-03-23,Ventura,111,848112,79632,78930,2879,81809,932
2021-03-23,Yolo,113,214977,13271,13255,249,13504,194
2021-03-23,Yuba,115,75493,5692,5628,97,5725,42
2021-03-22,Alameda,001,1643700,83259,82748,1806,84554,1189
2021-03-22,Alpine,003,1148,85,83,0,83,0
2021-03-22,Amador,005,37829,3542,3522,32,3554,44
2021-03-22,Butte,007,227075,11620,11211,1680,12891,185
2021-03-22,Calaveras,009,45235,1987,1963,12,1975,49
2021-03-22,Colusa,011,21464,1886,1885,274,2159,13
2021-03-22,Contra Costa,013,1133247,65287,64432,1133,65565,740
2021-03-22,Del Norte,015,27424,1146,1082,7,1089,6
2021-03-22,El Dorado,017,186661,9376,9310,608,9918,105
2021-03-22,Fresno,019,978130,99322,98276,8247,106523,1556
2021-03-22,Glenn,021,27897,2324,2291,526,2817,17
2021-03-22,Humboldt,023,135768,3428,3403,24,3427,34
2021-03-22,Imperial,025,180216,27522,27302,2630,29932,699
2021-03-22,Inyo,027,18085,1367,1363,22,1385,35
2021-03-22,Kern,029,883053,95074,93675,10298,103973,1178
2021-03-22,Kings,031,150075,22715,22433,1037,23470,236
2021-03-22,Lake,033,64148,3335,3290,10,3300,43
2021-03-22,Lassen,035,31185,5135,5129,102,5231,1
2021-03-22,Los Angeles,037,10098052,1184106,1176205,40355,1216560,22843
2021-03-22,Madera,039,155013,16041,15904,889,16793,210
2021-03-22,Marin,041,260295,13569,13501,197,13698,221
2021-03-22,Mariposa,043,17540,390,381,6,387,5
2021-03-22,Mendocino,045,87422,3737,3653,70,3723,45
2021-03-22,Merced,047,269075,29604,29468,940,30408,413
2021-03-22,Modoc,049,8938,350,342,120,462,3
2021-03-22,Mono,051,14174,1219,1263,15,1278,3
2021-03-22,Monterey,053,433212,42406,42161,1790,43951,335
2021-03-22,Napa,055,140530,9336,9288,34,9322,77
2021-03-22,Nevada,057,99092,4252,4174,177,4351,89
2021-03-22,Orange,059,3164182,250559,248517,10683,259200,4599
2021-03-22,Placer,061,380077,21359,20543,1221,21764,242
2021-03-22,Plumas,063,18699,664,652,10,662,4
2021-03-22,Riverside,065,2383286,287220,282242,13644,295886,4009
2021-03-22,Sacramento,067,1510023,97972,96385,1395,97780,1493
2021-03-22,San Benito,069,59416,5848,5844,92,5936,61
2021-03-22,San Bernardino,071,2135413,288618,284771,8779,293550,4107
2021-03-22,San Diego,073,3302833,269495,267913,13316,281229,3494
2021-03-22,San Francisco,075,870044,35065,35040,1205,36245,462
2021-03-22,San Joaquin,077,732212,69178,67815,3091,70906,1182
2021-03-22,San Luis Obispo,079,281455,20261,20000,629,20629,250
2021-03-22,San Mateo,081,765935,40530,40024,432,40456,348
2021-03-22,Santa Barbara,083,443738,33712,32756,1163,33919,437
2021-03-22,Santa Clara,085,1922200,113452,113575,640,114215,1845
2021-03-22,Santa Cruz,087,273765,15734,15077,817,15894,201
2021-03-22,Shasta,089,179085,11242,11218,1341,12559,150
2021-03-22,Sierra,091,2930,55,50,13,63,0
2021-03-22,Siskiyou,093,43540,1558,1487,259,1746,5
2021-03-22,Solano,095,438530,30634,30490,403,30893,171
2021-03-22,Sonoma,097,501317,28900,29010,253,29263,310
2021-03-22,Stanislaus,099,539301,52601,52083,5593,57676,677
2021-03-22,Sutter,101,95872,9096,9024,83,9107,104
2021-03-22,Tehama,103,63373,4742,4704,513,5217,45
2021-03-22,Trinity,105,12862,471,310,78,388,3
2021-03-22,Tulare,107,460477,49117,48074,8638,56712,807
2021-03-22,Tuolumne,109,53932,3957,3954,34,3988,57
2021-03-22,Ventura,111,848112,79584,78890,2876,81766,927
2021-03-22,Yolo,113,214977,13259,13243,248,13491,190
2021-03-22,Yuba,115,75493,5681,5627,95,5722,42
2021-03-21,Alameda,001,1643700,83170,82684,1803,84487,1187
2021-03-21,Alpine,003,1148,85,83,0,83,0
2021-03-21,Amador,005,37829,3538,3519,32,3551,44
2021-03-21,Butte,007,227075,11604,11208,1674,12882,185
2021-03-21,Calaveras,009,45235,1982,1962,12,1974,49
2021-03-21,Colusa,011,21464,1886,1885,274,2159,13
2021-03-21,Contra Costa,013,1133247,65204,64382,1130,65512,740
2021-03-21,Del Norte,015,27424,1131,1076,7,1083,6
2021-03-21,El Dorado,017,186661,9366,9302,603,9905,105
2021-03-21,Fresno,019,978130,99207,98211,8224,106435,1556
2021-03-21,Glenn,021,27897,2321,2288,525,2813,17
2021-03-21,Humboldt,023,135768,3423,3402,24,3426,34
2021-03-21,Imperial,025,180216,27504,27267,2622,29889,699
2021-03-21,Inyo,027,18085,1367,1363,22,1385,35
2021-03-21,Kern,029,883053,95008,93649,10289,103938,1170
2021-03-21,Kings,031,150075,22698,22422,1036,23458,236
2021-03-21,Lake,033,64148,3331,3286,10,3296,43
2021-03-21,Lassen,035,31185,5135,5129,102,5231,1
2021-03-21,Los Angeles,037,10098052,1183575,1175684,40307,1215991,22834
2021-03-21,Madera,039,155013,16022,15895,887,16782,210
2021-03-21,Marin,041,260295,13553,13495,196,13691,220
2021-03-21,Mariposa,043,17540,390,381,6,387,5
2021-03-21,Mendocino,045,87422,3734,3651,70,3721,45
2021-03-21,Merced,047,269075,29544,29446,934,30380,413
2021-03-21,Modoc,049,8938,350,341,120,461,3
2021-03-21,Mono,051,14174,1214,1263,15,1278,3
2021-03-21,Monterey,053,433212,42381,42153,1787,43940,335
2021-03-21,Napa,055,140530,9316,9282,34,9316,77
2021-03-21,Nevada,057,99092,4239,4169,177,4346,89
2021-03-21,Orange,059,3164182,250425,248442,10657,259099,4598
2021-03-21,Placer,061,380077,21323,20520,1213,21733,242
2021-03-21,Plumas,063,18699,664,653,10,663,4
2021-03-21,Riverside,065,2383286,287114,282187,13633,295820,4009
2021-03-21,Sacramento,067,1510023,97777,96269,1387,97656,1489
2021-03-21,San Benito,069,59416,5842,5842,92,5934,61
2021-03-21,San Bernardino,071,2135413,288530,284732,8773,293505,4094
2021-03-21,San Diego,073,3302833,269235,267724,13290,281014,3494
2021-03-21,San Francisco,075,870044,35018,35012,1198,36210,460
2021-03-21,San Joaquin,077,732212,69056,67729,3073,70802,1182
2021-03-21,San Luis Obispo,079,281455,20229,19979,627,20606,250
2021-03-21,San Mateo,081,765935,40485,39988,431,40419,344
2021-03-21,Santa Barbara,083,443738,33672,32743,1162,33905,437
2021-03-21,Santa Clara,085,1922200,113323,113487,637,114124,1840
2021-03-21,Santa Cruz,087,273765,15727,15064,817,15881,199
2021-03-21,Shasta,089,179085,11222,11215,1340,12555,150
2021-03-21,Sierra,091,2930,55,50,13,63,0
2021-03-21,Siskiyou,093,43540,1558,1486,258,1744,5
2021-03-21,Solano,095,438530,30594,30474,400,30874,171
2021-03-21,Sonoma,097,501317,28871,28986,252,29238,310
2021-03-21,Stanislaus,099,539301,52511,52014,5591,57605,677
2021-03-21,Sutter,101,95872,9083,9021,83,9104,104
2021-03-21,Tehama,103,63373,4738,4701,513,5214,45
2021-03-21,Trinity,105,12862,469,310,78,388,3
2021-03-21,Tulare,107,460477,49101,48060,8626,56686,807
2021-03-21,Tuolumne,109,53932,3955,3953,34,3987,57
2021-03-21,Ventura,111,848112,79520,78863,2871,81734,927
2021-03-21,Yolo,113,214977,13238,13235,248,13483,190
2021-03-21,Yuba,115,75493,5671,5624,95,5719,42
2021-03-20,Alameda,001,1643700,83102,82614,1801,84415,1178
2021-03-20,Alpine,003,1148,85,83,0,83,0
2021-03-20,Amador,005,37829,3536,3518,32,3550,44
2021-03-20,Butte,007,227075,11598,11199,1672,12871,185
2021-03-20,Calaveras,009,45235,1978,1961,12,1973,49
2021-03-20,Colusa,011,21464,1886,1883,274,2157,12
2021-03-20,Contra Costa,013,1133247,65144,64313,1130,65443,713
2021-03-20,Del Norte,015,27424,1130,1075,7,1082,6
2021-03-20,El Dorado,017,186661,9360,9290,603,9893,105
2021-03-20,Fresno,019,978130,99146,98112,8218,106330,1532
2021-03-20,Glenn,021,27897,2320,2288,523,2811,17
2021-03-20,Humboldt,023,135768,3416,3399,24,3423,33
2021-03-20,Imperial,025,180216,27498,27239,2620,29859,695
2021-03-20,Inyo,027,18085,1367,1362,22,1384,35
2021-03-20,Kern,029,883053,94979,93606,10285,103891,1155
2021-03-20,Kings,031,150075,22693,22415,1035,23450,236
2021-03-20,Lake,033,64148,3327,3280,10,3290,43
2021-03-20,Lassen,035,31185,5135,5128,102,5230,1
2021-03-20,Los Angeles,037,10098052,1183276,1175290,40282,1215572,22810
2021-03-20,Madera,039,155013,16014,15891,886,16777,210
2021-03-20,Marin,041,260295,13541,13470,192,13662,220
2021-03-20,Mariposa,043,17540,389,381,6,387,5
2021-03-20,Mendocino,045,87422,3733,3639,70,3709,43
2021-03-20,Merced,047,269075,29513,29411,931,30342,412
2021-03-20,Modoc,049,8938,349,341,120,461,3
2021-03-20,Mono,051,14174,1214,1256,15,1271,3
2021-03-20,Monterey,053,433212,42372,42146,1786,43932,334
2021-03-20,Napa,055,140530,9308,9274,34,9308,77
2021-03-20,Nevada,057,99092,4228,4164,176,4340,89
2021-03-20,Orange,059,3164182,250343,248348,10645,258993,4522
2021-03-20,Placer,061,380077,21301,20505,1211,21716,242
2021-03-20,Plumas,063,18699,661,652,10,662,4
2021-03-20,Riverside,065,2383286,287041,282081,13629,295710,4000
2021-03-20,Sacramento,067,1510023,97666,96126,1384,97510,1488
2021-03-20,San Benito,069,59416,5838,5840,92,5932,61
2021-03-20,San Bernardino,071,2135413,288465,284690,8769,293459,3965
2021-03-20,San Diego,073,3302833,269064,267532,13283,280815,3493
2021-03-20,San Francisco,075,870044,34995,34968,1191,36159,453
2021-03-20,San Joaquin,077,732212,69015,67662,3066,70728,1161
2021-03-20,San Luis Obispo,079,281455,20213,19951,621,20572,250
2021-03-20,San Mateo,081,765935,40451,39958,430,40388,344
2021-03-20,Santa Barbara,083,443738,33648,32723,1161,33884,434
2021-03-20,Santa Clara,085,1922200,113231,113384,636,114020,1799
2021-03-20,Santa Cruz,087,273765,15711,15053,817,15870,199
2021-03-20,Shasta,089,179085,11216,11211,1340,12551,147
2021-03-20,Sierra,091,2930,55,50,13,63,0
2021-03-20,Siskiyou,093,43540,1558,1483,258,1741,5
2021-03-20,Solano,095,438530,30564,30439,400,30839,170
2021-03-20,Sonoma,097,501317,28856,28962,251,29213,309
2021-03-20,Stanislaus,099,539301,52455,51925,5584,57509,673
2021-03-20,Sutter,101,95872,9075,9014,83,9097,103
2021-03-20,Tehama,103,63373,4733,4696,511,5207,33
2021-03-20,Trinity,105,12862,468,310,78,388,3
2021-03-20,Tulare,107,460477,49086,48030,8609,56639,804
2021-03-20,Tuolumne,109,53932,3952,3950,34,3984,57
2021-03-20,Ventura,111,848112,79483,78818,2869,81687,922
2021-03-20,Yolo,113,214977,13234,13226,248,13474,190
2021-03-20,Yuba,115,75493,5668,5621,94,5715,42
2021-03-19,Alameda,001,1643700,83030,82499,1799,84298,1187
2021-03-19,Alpine,003,1148,84,82,0,82,0
2021-03-19,Amador,005,37829,3533,3515,32,3547,44
2021-03-19,Butte,007,227075,11590,11191,1669,12860,185
2021-03-19,Calaveras,009,45235,1977,1957,12,1969,49
2021-03-19,Colusa,011,21464,1885,1883,274,2157,12
2021-03-19,Contra Costa,013,1133247,65085,64195,1127,65322,737
2021-03-19,Del Norte,015,27424,1124,1071,5,1076,6
2021-03-19,El Dorado,017,186661,9351,9274,603,9877,105
2021-03-19,Fresno,019,978130,99062,97969,8204,106173,1527
2021-03-19,Glenn,021,27897,2320,2282,523,2805,17
2021-03-19,Humboldt,023,135768,3407,3388,24,3412,33
2021-03-19,Imperial,025,180216,27486,27218,2616,29834,695
2021-03-19,Inyo,027,18085,1365,1356,22,1378,35
2021-03-19,Kern,029,883053,94946,93534,10272,103806,1152
2021-03-19,Kings,031,150075,22684,22369,1032,23401,235
2021-03-19,Lake,033,64148,3321,3262,10,3272,43
2021-03-19,Lassen,035,31185,5135,5126,102,5228,1
2021-03-19,Los Angeles,037,10098052,1182941,1174818,40266,1215084,22752
2021-03-19,Madera,039,155013,16007,15877,885,16762,210
2021-03-19,Marin,041,260295,13529,13441,192,13633,220
2021-03-19,Mariposa,043,17540,388,380,6,386,5
2021-03-19,Mendocino,045,87422,3732,3639,70,3709,45
2021-03-19,Merced,047,269075,29484,29376,930,30306,412
2021-03-19,Modoc,049,8938,349,341,120,461,3
2021-03-19,Mono,051,14174,1212,1244,15,1259,3
2021-03-19,Monterey,053,433212,42363,42125,1784,43909,335
2021-03-19,Napa,055,140530,9296,9256,34,9290,77
2021-03-19,Nevada,057,99092,4217,4156,176,4332,88
2021-03-19,Orange,059,3164182,250242,248146,10634,258780,4501
2021-03-19,Placer,061,380077,21283,20451,1209,21660,242
2021-03-19,Plumas,063,18699,661,650,10,660,4
2021-03-19,Riverside,065,2383286,286959,281937,13624,295561,3989
2021-03-19,Sacramento,067,1510023,97564,95934,1381,97315,1486
2021-03-19,San Benito,069,59416,5838,5845,92,5937,61
2021-03-19,San Bernardino,071,2135413,288393,284501,8767,293268,4017
2021-03-19,San Diego,073,3302833,268929,267173,13273,280446,3491
2021-03-19,San Francisco,075,870044,34949,34936,1188,36124,461
2021-03-19,San Joaquin,077,732212,68945,67515,3052,70567,1180
2021-03-19,San Luis Obispo,079,281455,20193,19913,619,20532,249
2021-03-19,San Mateo,081,765935,40427,39893,430,40323,344
2021-03-19,Santa Barbara,083,443738,33619,32685,1160,33845,435
2021-03-19,Santa Clara,085,1922200,113156,113232,635,113867,1797
2021-03-19,Santa Cruz,087,273765,15704,15026,817,15843,199
2021-03-19,Shasta,089,179085,11209,11104,1338,12442,103
2021-03-19,Sierra,091,2930,54,49,13,62,0
2021-03-19,Siskiyou,093,43540,1558,1480,257,1737,5
2021-03-19,Solano,095,438530,30534,30395,398,30793,172
2021-03-19,Sonoma,097,501317,28835,28932,249,29181,292
2021-03-19,Stanislaus,099,539301,52397,51755,5581,57336,679
2021-03-19,Sutter,101,95872,9073,9005,83,9088,103
2021-03-19,Tehama,103,63373,4725,4685,511,5196,33
2021-03-19,Trinity,105,12862,468,310,78,388,3
2021-03-19,Tulare,107,460477,49063,47989,8586,56575,805
2021-03-19,Tuolumne,109,53932,3949,3946,34,3980,57
2021-03-19,Ventura,111,848112,79445,78753,2865,81618,920
2021-03-19,Yolo,113,214977,13226,13197,248,13445,189
2021-03-19,Yuba,115,75493,5665,5615,93,5708,42
2021-03-18,Alameda,001,1643700,82949,82419,1796,84215,1189
2021-03-18,Alpine,003,1148,84,82,0,82,0
2021-03-18,Amador,005,37829,3529,3513,32,3545,44
2021-03-18,Butte,007,227075,11579,11179,1667,12846,185
2021-03-18,Calaveras,009,45235,1975,1954,12,1966,49
2021-03-18,Colusa,011,21464,1885,1882,274,2156,12
2021-03-18,Contra Costa,013,1133247,65012,64103,1124,65227,739
2021-03-18,Del Norte,015,27424,1115,1059,5,1064,6
2021-03-18,El Dorado,017,186661,9338,9261,602,9863,105
2021-03-18,Fresno,019,978130,98965,97856,8189,106045,1527
2021-03-18,Glenn,021,27897,2316,2275,522,2797,17
2021-03-18,Humboldt,023,135768,3399,3381,24,3405,34
2021-03-18,Imperial,025,180216,27470,27190,2610,29800,695
2021-03-18,Inyo,027,18085,1362,1354,22,1376,35
2021-03-18,Kern,029,883053,94889,93458,10258,103716,1158
2021-03-18,Kings,031,150075,22677,22354,1031,23385,235
2021-03-18,Lake,033,64148,3318,3260,10,3270,43
2021-03-18,Lassen,035,31185,5134,5126,102,5228,1
2021-03-18,Los Angeles,037,10098052,1182510,1174205,40237,1214442,22689
2021-03-18,Madera,039,155013,15995,15860,882,16742,211
2021-03-18,Marin,041,260295,13511,13435,191,13626,219
2021-03-18,Mariposa,043,17540,386,380,6,386,5
2021-03-18,Mendocino,045,87422,3722,3630,70,3700,45
2021-03-18,Merced,047,269075,29449,29317,930,30247,410
2021-03-18,Modoc,049,8938,349,341,120,461,3
2021-03-18,Mono,051,14174,1208,1215,15,1230,3
2021-03-18,Monterey,053,433212,42350,42105,1784,43889,335
2021-03-18,Napa,055,140530,9287,9243,34,9277,77
2021-03-18,Nevada,057,99092,4210,4154,176,4330,74
2021-03-18,Orange,059,3164182,250138,248050,10622,258672,4514
2021-03-18,Placer,061,380077,21251,20421,1206,21627,243
2021-03-18,Plumas,063,18699,659,648,10,658,4
2021-03-18,Riverside,065,2383286,286880,281789,13617,295406,3957
2021-03-18,Sacramento,067,1510023,97416,95819,1377,97196,1481
2021-03-18,San Benito,069,59416,5836,5842,92,5934,61
2021-03-18,San Bernardino,071,2135413,288312,284294,8737,293031,4076
2021-03-18,San Diego,073,3302833,268777,266752,13263,280015,3478
2021-03-18,San Francisco,075,870044,34910,34904,1187,36091,461
2021-03-18,San Joaquin,077,732212,68845,67301,3040,70341,1169
2021-03-18,San Luis Obispo,079,281455,20164,19894,618,20512,249
2021-03-18,San Mateo,081,765935,40386,39874,430,40304,344
2021-03-18,Santa Barbara,083,443738,33577,32640,1160,33800,434
2021-03-18,Santa Clara,085,1922200,113039,113119,631,113750,1808
2021-03-18,Santa Cruz,087,273765,15694,14998,817,15815,198
2021-03-18,Shasta,089,179085,11195,11059,1336,12395,100
2021-03-18,Sierra,091,2930,54,49,13,62,0
2021-03-18,Siskiyou,093,43540,1555,1480,256,1736,5
2021-03-18,Solano,095,438530,30492,30352,395,30747,172
2021-03-18,Sonoma,097,501317,28813,28915,247,29162,292
2021-03-18,Stanislaus,099,539301,52325,51615,5577,57192,682
2021-03-18,Sutter,101,95872,9061,8999,83,9082,103
2021-03-18,Tehama,103,63373,4719,4683,510,5193,35
2021-03-18,Trinity,105,12862,468,310,78,388,3
2021-03-18,Tulare,107,460477,49044,47964,8571,56535,805
2021-03-18,Tuolumne,109,53932,3949,3942,34,3976,57
2021-03-18,Ventura,111,848112,79388,78697,2865,81562,918
2021-03-18,Yolo,113,214977,13213,13183,248,13431,191
2021-03-18,Yuba,115,75493,5661,5612,93,5705,42
2021-03-17,Alameda,001,1643700,82873,82353,1791,84144,1185
2021-03-17,Alpine,003,1148,84,82,0,82,0
2021-03-17,Amador,005,37829,3527,3511,32,3543,44
2021-03-17,Butte,007,227075,11570,11170,1665,12835,185
2021-03-17,Calaveras,009,45235,1972,1946,12,1958,49
2021-03-17,Colusa,011,21464,1884,1882,274,2156,12
2021-03-17,Contra Costa,013,1133247,64943,64026,1123,65149,737
2021-03-17,Del Norte,015,27424,1111,1053,5,1058,6
2021-03-17,El Dorado,017,186661,9328,9252,602,9854,105
2021-03-17,Fresno,019,978130,98854,97727,8171,105898,1507
2021-03-17,Glenn,021,27897,2309,2269,521,2790,17
2021-03-17,Humboldt,023,135768,3391,3365,24,3389,33
2021-03-17,Imperial,025,180216,27454,27168,2608,29776,691
2021-03-17,Inyo,027,18085,1360,1351,22,1373,35
2021-03-17,Kern,029,883053,94833,93392,10245,103637,1149
2021-03-17,Kings,031,150075,22661,22336,1030,23366,233
2021-03-17,Lake,033,64148,3311,3251,10,3261,43
2021-03-17,Lassen,035,31185,5133,5125,102,5227,1
2021-03-17,Los Angeles,037,10098052,1182057,1173416,40204,1213620,22602
2021-03-17,Madera,039,155013,15988,15835,881,16716,214
2021-03-17,Marin,041,260295,13493,13428,190,13618,218
2021-03-17,Mariposa,043,17540,386,379,6,385,5
2021-03-17,Mendocino,045,87422,3718,3625,70,3695,44
2021-03-17,Merced,047,269075,29421,29250,926,30176,408
2021-03-17,Modoc,049,8938,349,341,120,461,3
2021-03-17,Mono,051,14174,1206,1212,15,1227,3
2021-03-17,Monterey,053,433212,42331,42061,1781,43842,334
2021-03-17,Napa,055,140530,9272,9219,34,9253,76
2021-03-17,Nevada,057,99092,4200,4145,176,4321,74
2021-03-17,Orange,059,3164182,250020,247943,10594,258537,4502
2021-03-17,Placer,061,380077,21224,20369,1204,21573,243
2021-03-17,Plumas,063,18699,658,645,10,655,4
2021-03-17,Riverside,065,2383286,286769,281649,13609,295258,3925
2021-03-17,Sacramento,067,1510023,97288,95650,1372,97022,1477
2021-03-17,San Benito,069,59416,5833,5841,92,5933,61
2021-03-17,San Bernardino,071,2135413,288195,284170,8732,292902,4049
2021-03-17,San Diego,073,3302833,268566,266313,13245,279558,3470
2021-03-17,San Francisco,075,870044,34875,34873,1186,36059,457
2021-03-17,San Joaquin,077,732212,68760,67093,3024,70117,1164
2021-03-17,San Luis Obispo,079,281455,20141,19858,614,20472,249
2021-03-17,San Mateo,081,765935,40356,39838,429,40267,344
2021-03-17,Santa Barbara,083,443738,33557,32585,1159,33744,433
2021-03-17,Santa Clara,085,1922200,112946,112983,630,113613,1805
2021-03-17,Santa Cruz,087,273765,15686,14967,817,15784,199
2021-03-17,Shasta,089,179085,11190,11045,1333,12378,100
2021-03-17,Sierra,091,2930,54,49,13,62,0
2021-03-17,Siskiyou,093,43540,1554,1479,254,1733,5
2021-03-17,Solano,095,438530,30466,30320,393,30713,171
2021-03-17,Sonoma,097,501317,28789,28877,246,29123,292
2021-03-17,Stanislaus,099,539301,52251,51524,5570,57094,682
2021-03-17,Sutter,101,95872,9051,8982,83,9065,103
2021-03-17,Tehama,103,63373,4713,4670,510,5180,34
2021-03-17,Trinity,105,12862,468,308,78,386,3
2021-03-17,Tulare,107,460477,49024,47929,8561,56490,805
2021-03-17,Tuolumne,109,53932,3946,3938,34,3972,57
2021-03-17,Ventura,111,848112,79333,78648,2862,81510,916
2021-03-17,Yolo,113,214977,13196,13169,247,13416,190
2021-03-17,Yuba,115,75493,5658,5603,93,5696,42
2021-03-16,Alameda,001,1643700,82759,82259,1789,84048,1177
2021-03-16,Alpine,003,1148,84,82,0,82,0
2021-03-16,Amador,005,37829,3525,3510,32,3542,44
2021-03-16,Butte,007,227075,11558,11154,1664,12818,184
2021-03-16,Calaveras,009,45235,1967,1945,12,1957,49
2021-03-16,Colusa,011,21464,1883,1882,274,2156,12
2021-03-16,Contra Costa,013,1133247,64861,63951,1120,65071,736
2021-03-16,Del Norte,015,27424,1103,1048,5,1053,6
2021-03-16,El Dorado,017,186661,9312,9249,602,9851,105
2021-03-16,Fresno,019,978130,98716,97638,8148,105786,1498
2021-03-16,Glenn,021,27897,2301,2267,517,2784,17
2021-03-16,Humboldt,023,135768,3387,3351,24,3375,33
2021-03-16,Imperial,025,180216,27443,27143,2606,29749,689
2021-03-16,Inyo,027,18085,1359,1346,22,1368,35
2021-03-16,Kern,029,883053,94767,93340,10230,103570,1144
2021-03-16,Kings,031,150075,22625,22320,1029,23349,233
2021-03-16,Lake,033,64148,3303,3246,10,3256,43
2021-03-16,Lassen,035,31185,5132,5126,102,5228,1
2021-03-16,Los Angeles,037,10098052,1181525,1172676,40166,1212842,22527
2021-03-16,Madera,039,155013,15972,15822,879,16701,214
2021-03-16,Marin,041,260295,13475,13419,190,13609,218
2021-03-16,Mariposa,043,17540,383,379,6,385,5
2021-03-16,Mendocino,045,87422,3713,3623,70,3693,44
2021-03-16,Merced,047,269075,29368,29198,925,30123,407
2021-03-16,Modoc,049,8938,349,341,120,461,3
2021-03-16,Mono,051,14174,1205,1207,15,1222,3
2021-03-16,Monterey,053,433212,42312,42023,1781,43804,334
2021-03-16,Napa,055,140530,9262,9209,34,9243,75
2021-03-16,Nevada,057,99092,4191,4132,175,4307,67
2021-03-16,Orange,059,3164182,249881,247843,10575,258418,4479
2021-03-16,Placer,061,380077,21190,20339,1200,21539,240
2021-03-16,Plumas,063,18699,657,643,10,653,4
2021-03-16,Riverside,065,2383286,286663,281540,13596,295136,3893
2021-03-16,Sacramento,067,1510023,97145,95522,1368,96890,1466
2021-03-16,San Benito,069,59416,5828,5831,92,5923,61
2021-03-16,San Bernardino,071,2135413,288065,283980,8725,292705,4032
2021-03-16,San Diego,073,3302833,268334,265903,13232,279135,3462
2021-03-16,San Francisco,075,870044,34846,34833,1181,36014,456
2021-03-16,San Joaquin,077,732212,68658,66856,3011,69867,1163
2021-03-16,San Luis Obispo,079,281455,20112,19832,612,20444,248
2021-03-16,San Mateo,081,765935,40322,39806,427,40233,344
2021-03-16,Santa Barbara,083,443738,33525,32556,1158,33714,433
2021-03-16,Santa Clara,085,1922200,112828,112845,627,113472,1797
2021-03-16,Santa Cruz,087,273765,15680,14926,817,15743,199
2021-03-16,Shasta,089,179085,11174,11035,1330,12365,100
2021-03-16,Sierra,091,2930,53,49,13,62,0
2021-03-16,Siskiyou,093,43540,1550,1477,254,1731,5
2021-03-16,Solano,095,438530,30432,30298,391,30689,171
2021-03-16,Sonoma,097,501317,28757,28850,244,29094,291
2021-03-16,Stanislaus,099,539301,52171,51410,5563,56973,683
2021-03-16,Sutter,101,95872,9043,8970,83,9053,102
2021-03-16,Tehama,103,63373,4709,4660,509,5169,34
2021-03-16,Trinity,105,12862,468,308,77,385,3
2021-03-16,Tulare,107,460477,48977,47895,8553,56448,803
2021-03-16,Tuolumne,109,53932,3943,3938,34,3972,57
2021-03-16,Ventura,111,848112,79266,78671,2855,81526,916
2021-03-16,Yolo,113,214977,13181,13162,247,13409,190
2021-03-16,Yuba,115,75493,5655,5596,92,5688,42
2021-03-15,Alameda,001,1643700,82672,82159,1789,83948,1167
2021-03-15,Alpine,003,1148,84,82,0,82,0
2021-03-15,Amador,005,37829,3524,3506,32,3538,44
2021-03-15,Butte,007,227075,11545,11141,1660,12801,185
2021-03-15,Calaveras,009,45235,1966,1941,12,1953,49
2021-03-15,Colusa,011,21464,1883,1883,274,2157,12
2021-03-15,Contra Costa,013,1133247,64799,63847,1119,64966,732
2021-03-15,Del Norte,015,27424,1100,1048,5,1053,6
2021-03-15,El Dorado,017,186661,9306,9235,601,9836,103
2021-03-15,Fresno,019,978130,98589,97520,8133,105653,1496
2021-03-15,Glenn,021,27897,2296,2261,514,2775,15
2021-03-15,Humboldt,023,135768,3381,3337,24,3361,32
2021-03-15,Imperial,025,180216,27422,27122,2604,29726,684
2021-03-15,Inyo,027,18085,1359,1346,22,1368,35
2021-03-15,Kern,029,883053,94707,93266,10223,103489,1141
2021-03-15,Kings,031,150075,22608,22294,1024,23318,233
2021-03-15,Lake,033,64148,3291,3237,10,3247,43
2021-03-15,Lassen,035,31185,5132,5125,102,5227,1
2021-03-15,Los Angeles,037,10098052,1180958,1172445,40131,1212576,22477
2021-03-15,Madera,039,155013,15961,15806,877,16683,214
2021-03-15,Marin,041,260295,13469,13408,189,13597,218
2021-03-15,Mariposa,043,17540,383,376,6,382,5
2021-03-15,Mendocino,045,87422,3709,3615,70,3685,44
2021-03-15,Merced,047,269075,29328,29169,924,30093,407
2021-03-15,Modoc,049,8938,349,340,120,460,3
2021-03-15,Mono,051,14174,1204,1206,15,1221,3
2021-03-15,Monterey,053,433212,42284,42011,1778,43789,333
2021-03-15,Napa,055,140530,9251,9196,34,9230,75
2021-03-15,Nevada,057,99092,4186,4123,174,4297,66
2021-03-15,Orange,059,3164182,249768,247697,10553,258250,4481
2021-03-15,Placer,061,380077,21167,20308,1200,21508,238
2021-03-15,Plumas,063,18699,657,642,10,652,4
2021-03-15,Riverside,065,2383286,286518,281367,13586,294953,3856
2021-03-15,Sacramento,067,1510023,96992,95414,1362,96776,1463
2021-03-15,San Benito,069,59416,5825,5831,92,5923,61
2021-03-15,San Bernardino,071,2135413,287972,283815,8717,292532,4004
2021-03-15,San Diego,073,3302833,268084,265646,13216,278862,3452
2021-03-15,San Francisco,075,870044,34810,34820,1177,35997,456
2021-03-15,San Joaquin,077,732212,68554,66622,2998,69620,1140
2021-03-15,San Luis Obispo,079,281455,20081,19813,608,20421,247
2021-03-15,San Mateo,081,765935,40268,39765,427,40192,344
2021-03-15,Santa Barbara,083,443738,33503,32529,1155,33684,431
2021-03-15,Santa Clara,085,1922200,112725,112729,625,113354,1798
2021-03-15,Santa Cruz,087,273765,15674,14899,815,15714,200
2021-03-15,Shasta,089,179085,11158,11019,1325,12344,92
2021-03-15,Sierra,091,2930,53,49,13,62,0
2021-03-15,Siskiyou,093,43540,1550,1475,254,1729,5
2021-03-15,Solano,095,438530,30403,30258,390,30648,171
2021-03-15,Sonoma,097,501317,28739,28814,241,29055,285
2021-03-15,Stanislaus,099,539301,52093,51357,5556,56913,683
2021-03-15,Sutter,101,95872,9037,8962,83,9045,102
2021-03-15,Tehama,103,63373,4699,4650,508,5158,34
2021-03-15,Trinity,105,12862,468,308,77,385,3
2021-03-15,Tulare,107,460477,48947,47857,8538,56395,800
2021-03-15,Tuolumne,109,53932,3941,3937,33,3970,57
2021-03-15,Ventura,111,848112,79212,78626,2854,81480,910
2021-03-15,Yolo,113,214977,13162,13131,245,13376,190
2021-03-15,Yuba,115,75493,5650,5585,91,5676,42
2021-03-14,Alameda,001,1643700,82586,82116,1786,83902,1168
2021-03-14,Alpine,003,1148,84,82,0,82,0
2021-03-14,Amador,005,37829,3519,3504,32,3536,44
2021-03-14,Butte,007,227075,11532,11140,1656,12796,185
2021-03-14,Calaveras,009,45235,1962,1939,12,1951,49
2021-03-14,Colusa,011,21464,1883,1883,274,2157,12
2021-03-14,Contra Costa,013,1133247,64694,63808,1118,64926,731
2021-03-14,Del Norte,015,27424,1086,1048,5,1053,6
2021-03-14,El Dorado,017,186661,9296,9231,601,9832,103
2021-03-14,Fresno,019,978130,98481,97461,8115,105576,1496
2021-03-14,Glenn,021,27897,2291,2260,511,2771,15
2021-03-14,Humboldt,023,135768,3367,3335,24,3359,32
2021-03-14,Imperial,025,180216,27404,27122,2600,29722,685
2021-03-14,Inyo,027,18085,1355,1346,22,1368,35
2021-03-14,Kern,029,883053,94624,93252,10205,103457,1141
2021-03-14,Kings,031,150075,22589,22292,1022,23314,232
2021-03-14,Lake,033,64148,3286,3237,10,3247,43
2021-03-14,Lassen,035,31185,5130,5125,102,5227,1
2021-03-14,Los Angeles,037,10098052,1180389,1172100,40095,1212195,22476
2021-03-14,Madera,039,155013,15936,15804,877,16681,214
2021-03-14,Marin,041,260295,13453,13405,187,13592,218
2021-03-14,Mariposa,043,17540,381,376,6,382,5
2021-03-14,Mendocino,045,87422,3704,3613,70,3683,44
2021-03-14,Merced,047,269075,29260,29149,920,30069,407
2021-03-14,Modoc,049,8938,349,340,120,460,3
2021-03-14,Mono,051,14174,1198,1206,15,1221,3
2021-03-14,Monterey,053,433212,42262,42007,1774,43781,333
2021-03-14,Napa,055,140530,9233,9194,34,9228,75
2021-03-14,Nevada,057,99092,4180,4122,172,4294,66
2021-03-14,Orange,059,3164182,249634,247656,10533,258189,4460
2021-03-14,Placer,061,380077,21133,20288,1192,21480,238
2021-03-14,Plumas,063,18699,655,642,10,652,4
2021-03-14,Riverside,065,2383286,286365,281332,13578,294910,3845
2021-03-14,Sacramento,067,1510023,96814,95343,1357,96700,1462
2021-03-14,San Benito,069,59416,5816,5829,92,5921,61
2021-03-14,San Bernardino,071,2135413,287848,283791,8706,292497,3996
2021-03-14,San Diego,073,3302833,267849,265468,13203,278671,3452
2021-03-14,San Francisco,075,870044,34771,34810,1174,35984,455
2021-03-14,San Joaquin,077,732212,68426,66563,2981,69544,1140
2021-03-14,San Luis Obispo,079,281455,20052,19806,606,20412,247
2021-03-14,San Mateo,081,765935,40229,39744,427,40171,342
2021-03-14,Santa Barbara,083,443738,33459,32514,1153,33667,431
2021-03-14,Santa Clara,085,1922200,112597,112648,624,113272,1796
2021-03-14,Santa Cruz,087,273765,15657,14887,813,15700,200
2021-03-14,Shasta,089,179085,11142,11019,1318,12337,92
2021-03-14,Sierra,091,2930,53,49,13,62,0
2021-03-14,Siskiyou,093,43540,1546,1473,253,1726,5
2021-03-14,Solano,095,438530,30371,30230,385,30615,171
2021-03-14,Sonoma,097,501317,28705,28798,237,29035,284
2021-03-14,Stanislaus,099,539301,51972,51306,5548,56854,690
2021-03-14,Sutter,101,95872,9021,8958,83,9041,102
2021-03-14,Tehama,103,63373,4687,4650,507,5157,34
2021-03-14,Trinity,105,12862,467,308,76,384,3
2021-03-14,Tulare,107,460477,48914,47845,8517,56362,800
2021-03-14,Tuolumne,109,53932,3939,3937,33,3970,57
2021-03-14,Ventura,111,848112,79159,78611,2848,81459,910
2021-03-14,Yolo,113,214977,13140,13128,241,13369,189
2021-03-14,Yuba,115,75493,5640,5583,91,5674,42
2021-03-13,Alameda,001,1643700,82527,82010,1786,83796,1168
2021-03-13,Alpine,003,1148,84,82,0,82,0
2021-03-13,Amador,005,37829,3516,3504,32,3536,44
2021-03-13,Butte,007,227075,11523,11131,1655,12786,185
2021-03-13,Calaveras,009,45235,1962,1939,12,1951,49
2021-03-13,Colusa,011,21464,1883,1882,274,2156,12
2021-03-13,Contra Costa,013,1133247,64633,63689,1118,64807,731
2021-03-13,Del Norte,015,27424,1082,1041,5,1046,6
2021-03-13,El Dorado,017,186661,9288,9221,601,9822,103
2021-03-13,Fresno,019,978130,98422,97324,8095,105419,1495
2021-03-13,Glenn,021,27897,2290,2260,510,2770,15
2021-03-13,Humboldt,023,135768,3360,3325,24,3349,32
2021-03-13,Imperial,025,180216,27399,27099,2595,29694,677
2021-03-13,Inyo,027,18085,1354,1344,22,1366,35
2021-03-13,Kern,029,883053,94585,93197,10199,103396,1140
2021-03-13,Kings,031,150075,22573,22265,1021,23286,232
2021-03-13,Lake,033,64148,3279,3234,9,3243,43
2021-03-13,Lassen,035,31185,5130,5125,102,5227,1
2021-03-13,Los Angeles,037,10098052,1180073,1171505,40052,1211557,22451
2021-03-13,Madera,039,155013,15924,15780,877,16657,214
2021-03-13,Marin,041,260295,13447,13391,185,13576,218
2021-03-13,Mariposa,043,17540,380,376,6,382,5
2021-03-13,Mendocino,045,87422,3700,3611,70,3681,44
2021-03-13,Merced,047,269075,29229,29106,920,30026,406
2021-03-13,Modoc,049,8938,349,340,119,459,3
2021-03-13,Mono,051,14174,1198,1207,15,1222,3
2021-03-13,Monterey,053,433212,42252,41989,1772,43761,332
2021-03-13,Napa,055,140530,9227,9190,34,9224,75
2021-03-13,Nevada,057,99092,4173,4111,171,4282,66
2021-03-13,Orange,059,3164182,249554,247514,10517,258031,4423
2021-03-13,Placer,061,380077,21112,20238,1189,21427,239
2021-03-13,Plumas,063,18699,653,642,10,652,4
2021-03-13,Riverside,065,2383286,286277,281191,13570,294761,3848
2021-03-13,Sacramento,067,1510023,96728,95192,1355,96547,1461
2021-03-13,San Benito,069,59416,5813,5823,92,5915,61
2021-03-13,San Bernardino,071,2135413,287795,283727,8700,292427,3972
2021-03-13,San Diego,073,3302833,267694,265270,13189,278459,3444
2021-03-13,San Francisco,075,870044,34754,34784,1165,35949,455
2021-03-13,San Joaquin,077,732212,68370,66480,2959,69439,1141
2021-03-13,San Luis Obispo,079,281455,20034,19789,605,20394,247
2021-03-13,San Mateo,081,765935,40202,39689,426,40115,341
2021-03-13,Santa Barbara,083,443738,33434,32486,1152,33638,431
2021-03-13,Santa Clara,085,1922200,112512,112531,623,113154,1790
2021-03-13,Santa Cruz,087,273765,15650,14875,813,15688,199
2021-03-13,Shasta,089,179085,11134,11021,1315,12336,108
2021-03-13,Sierra,091,2930,52,49,13,62,0
2021-03-13,Siskiyou,093,43540,1545,1470,253,1723,5
2021-03-13,Solano,095,438530,30354,30198,385,30583,171
2021-03-13,Sonoma,097,501317,28685,28762,233,28995,285
2021-03-13,Stanislaus,099,539301,51921,51257,5543,56800,695
2021-03-13,Sutter,101,95872,9014,8948,83,9031,102
2021-03-13,Tehama,103,63373,4685,4647,507,5154,33
2021-03-13,Trinity,105,12862,467,306,76,382,3
2021-03-13,Tulare,107,460477,48888,47818,8509,56327,798
2021-03-13,Tuolumne,109,53932,3936,3937,33,3970,57
2021-03-13,Ventura,111,848112,79110,78693,2848,81541,906
2021-03-13,Yolo,113,214977,13132,13087,240,13327,189
2021-03-13,Yuba,115,75493,5639,5577,91,5668,42
2021-03-12,Alameda,001,1643700,82451,81898,1785,83683,1164
2021-03-12,Alpine,003,1148,84,82,0,82,0
2021-03-12,Amador,005,37829,3513,3503,32,3535,44
2021-03-12,Butte,007,227075,11513,11126,1653,12779,184
2021-03-12,Calaveras,009,45235,1960,1916,12,1928,49
2021-03-12,Colusa,011,21464,1883,1883,274,2157,12
2021-03-12,Contra Costa,013,1133247,64557,63583,1118,64701,728
2021-03-12,Del Norte,015,27424,1076,1033,5,1038,6
2021-03-12,El Dorado,017,186661,9279,9219,601,9820,103
2021-03-12,Fresno,019,978130,98325,97185,8084,105269,1489
2021-03-12,Glenn,021,27897,2289,2258,509,2767,15
2021-03-12,Humboldt,023,135768,3355,3315,24,3339,32
2021-03-12,Imperial,025,180216,27388,27071,2593,29664,677
2021-03-12,Inyo,027,18085,1352,1339,22,1361,35
2021-03-12,Kern,029,883053,94551,93142,10183,103325,1132
2021-03-12,Kings,031,150075,22554,22233,1021,23254,232
2021-03-12,Lake,033,64148,3273,3226,8,3234,43
2021-03-12,Lassen,035,31185,5130,5125,101,5226,1
2021-03-12,Los Angeles,037,10098052,1179674,1170860,40035,1210895,22409
2021-03-12,Madera,039,155013,15912,15761,874,16635,214
2021-03-12,Marin,041,260295,13440,13375,185,13560,218
2021-03-12,Mariposa,043,17540,378,376,6,382,5
2021-03-12,Mendocino,045,87422,3697,3605,70,3675,43
2021-03-12,Merced,047,269075,29198,29064,920,29984,403
2021-03-12,Modoc,049,8938,349,340,119,459,3
2021-03-12,Mono,051,14174,1197,1206,15,1221,3
2021-03-12,Monterey,053,433212,42238,41964,1767,43731,329
2021-03-12,Napa,055,140530,9218,9180,34,9214,75
2021-03-12,Nevada,057,99092,4163,4101,171,4272,66
2021-03-12,Orange,059,3164182,249462,247388,10506,257894,4401
2021-03-12,Placer,061,380077,21079,20210,1184,21394,239
2021-03-12,Plumas,063,18699,652,641,10,651,4
2021-03-12,Riverside,065,2383286,286178,281037,13562,294599,3854
2021-03-12,Sacramento,067,1510023,96604,95061,1348,96409,1460
2021-03-12,San Benito,069,59416,5810,5817,92,5909,61
2021-03-12,San Bernardino,071,2135413,287737,283558,8695,292253,3917
2021-03-12,San Diego,073,3302833,267531,264886,13181,278067,3434
2021-03-12,San Francisco,075,870044,34733,34758,1162,35920,452
2021-03-12,San Joaquin,077,732212,68299,66482,2950,69432,1144
2021-03-12,San Luis Obispo,079,281455,20020,19769,603,20372,247
2021-03-12,San Mateo,081,765935,40166,39638,424,40062,341
2021-03-12,Santa Barbara,083,443738,33411,32457,1149,33606,429
2021-03-12,Santa Clara,085,1922200,112417,112396,622,113018,1766
2021-03-12,Santa Cruz,087,273765,15638,14846,811,15657,195
2021-03-12,Shasta,089,179085,11126,11143,1313,12456,153
2021-03-12,Sierra,091,2930,52,49,13,62,0
2021-03-12,Siskiyou,093,43540,1545,1468,252,1720,5
2021-03-12,Solano,095,438530,30335,30180,384,30564,171
2021-03-12,Sonoma,097,501317,28658,28714,233,28947,285
2021-03-12,Stanislaus,099,539301,51863,51146,5536,56682,701
2021-03-12,Sutter,101,95872,9008,8940,83,9023,101
2021-03-12,Tehama,103,63373,4681,4638,506,5144,33
2021-03-12,Trinity,105,12862,466,306,75,381,3
2021-03-12,Tulare,107,460477,48863,47772,8503,56275,798
2021-03-12,Tuolumne,109,53932,3935,3936,33,3969,57
2021-03-12,Ventura,111,848112,79067,78698,2844,81542,899
2021-03-12,Yolo,113,214977,13122,13061,233,13294,189
2021-03-12,Yuba,115,75493,5632,5563,90,5653,42
2021-03-11,Alameda,001,1643700,82358,81809,1780,83589,1164
2021-03-11,Alpine,003,1148,84,78,0,78,0
2021-03-11,Amador,005,37829,3512,3498,32,3530,42
2021-03-11,Butte,007,227075,11502,11110,1651,12761,185
2021-03-11,Calaveras,009,45235,1957,1915,12,1927,49
2021-03-11,Colusa,011,21464,1883,1883,274,2157,12
2021-03-11,Contra Costa,013,1133247,64484,63469,1116,64585,728
2021-03-11,Del Norte,015,27424,1071,1027,5,1032,6
2021-03-11,El Dorado,017,186661,9265,9211,601,9812,101
2021-03-11,Fresno,019,978130,98210,97026,8056,105082,1481
2021-03-11,Glenn,021,27897,2286,2255,509,2764,15
2021-03-11,Humboldt,023,135768,3338,3302,24,3326,32
2021-03-11,Imperial,025,180216,27381,27045,2590,29635,675
2021-03-11,Inyo,027,18085,1347,1335,22,1357,35
2021-03-11,Kern,029,883053,94495,93052,10144,103196,1121
2021-03-11,Kings,031,150075,22539,22183,1018,23201,230
2021-03-11,Lake,033,64148,3269,3214,8,3222,42
2021-03-11,Lassen,035,31185,5129,5124,101,5225,1
2021-03-11,Los Angeles,037,10098052,1179143,1170111,40003,1210114,22316
2021-03-11,Madera,039,155013,15901,15725,872,16597,214
2021-03-11,Marin,041,260295,13428,13356,184,13540,217
2021-03-11,Mariposa,043,17540,378,376,6,382,5
2021-03-11,Mendocino,045,87422,3690,3604,70,3674,42
2021-03-11,Merced,047,269075,29149,29001,919,29920,401
2021-03-11,Modoc,049,8938,349,340,119,459,3
2021-03-11,Mono,051,14174,1196,1206,15,1221,3
2021-03-11,Monterey,053,433212,42215,41936,1761,43697,329
2021-03-11,Napa,055,140530,9205,9173,34,9207,75
2021-03-11,Nevada,057,99092,4151,4085,169,4254,66
2021-03-11,Orange,059,3164182,249324,247217,10488,257705,4373
2021-03-11,Placer,061,380077,21036,20178,1180,21358,239
2021-03-11,Plumas,063,18699,651,640,10,650,4
2021-03-11,Riverside,065,2383286,286013,280881,13549,294430,3842
2021-03-11,Sacramento,067,1510023,96463,94912,1345,96257,1455
2021-03-11,San Benito,069,59416,5807,5816,92,5908,61
2021-03-11,San Bernardino,071,2135413,287640,283312,8689,292001,3869
2021-03-11,San Diego,073,3302833,267367,264524,13165,277689,3422
2021-03-11,San Francisco,075,870044,34697,34722,1156,35878,452
2021-03-11,San Joaquin,077,732212,68186,66522,2942,69464,1157
2021-03-11,San Luis Obispo,079,281455,19996,19748,602,20350,247
2021-03-11,San Mateo,081,765935,40129,39590,423,40013,341
2021-03-11,Santa Barbara,083,443738,33384,32408,1145,33553,430
2021-03-11,Santa Clara,085,1922200,112286,112246,619,112865,1765
2021-03-11,Santa Cruz,087,273765,15626,14812,810,15622,193
2021-03-11,Shasta,089,179085,11116,11139,1308,12447,158
2021-03-11,Sierra,091,2930,52,48,13,61,0
2021-03-11,Siskiyou,093,43540,1542,1466,252,1718,5
2021-03-11,Solano,095,438530,30307,30138,383,30521,171
2021-03-11,Sonoma,097,501317,28629,28677,233,28910,285
2021-03-11,Stanislaus,099,539301,51778,51038,5528,56566,707
2021-03-11,Sutter,101,95872,9002,8933,83,9016,101
2021-03-11,Tehama,103,63373,4672,4632,505,5137,33
2021-03-11,Trinity,105,12862,465,304,74,378,3
2021-03-11,Tulare,107,460477,48826,47709,8492,56201,797
2021-03-11,Tuolumne,109,53932,3933,3934,33,3967,57
2021-03-11,Ventura,111,848112,79017,78697,2840,81537,889
2021-03-11,Yolo,113,214977,13105,13041,231,13272,190
2021-03-11,Yuba,115,75493,5628,5553,90,5643,42
2021-03-10,Alameda,001,1643700,82250,81701,1775,83476,1160
2021-03-10,Alpine,003,1148,83,78,0,78,0
2021-03-10,Amador,005,37829,3510,3496,32,3528,42
2021-03-10,Butte,007,227075,11492,11096,1651,12747,185
2021-03-10,Calaveras,009,45235,1951,1913,12,1925,48
2021-03-10,Colusa,011,21464,1883,1882,274,2156,12
2021-03-10,Contra Costa,013,1133247,64385,63372,1112,64484,725
2021-03-10,Del Norte,015,27424,1069,1020,5,1025,5
2021-03-10,El Dorado,017,186661,9252,9203,601,9804,100
2021-03-10,Fresno,019,978130,98102,96866,8040,104906,1471
2021-03-10,Glenn,021,27897,2283,2253,507,2760,15
2021-03-10,Humboldt,023,135768,3328,3296,23,3319,32
2021-03-10,Imperial,025,180216,27366,27051,2590,29641,675
2021-03-10,Inyo,027,18085,1347,1328,22,1350,35
2021-03-10,Kern,029,883053,94429,92965,10121,103086,1102
2021-03-10,Kings,031,150075,22520,22166,1016,23182,226
2021-03-10,Lake,033,64148,3259,3207,8,3215,42
2021-03-10,Lassen,035,31185,5129,5120,101,5221,1
2021-03-10,Los Angeles,037,10098052,1178598,1169079,39976,1209055,22199
2021-03-10,Madera,039,155013,15880,15705,869,16574,212
2021-03-10,Marin,041,260295,13418,13348,183,13531,216
2021-03-10,Mariposa,043,17540,378,376,6,382,5
2021-03-10,Mendocino,045,87422,3685,3602,70,3672,42
2021-03-10,Merced,047,269075,29112,28927,916,29843,401
2021-03-10,Modoc,049,8938,348,338,119,457,3
2021-03-10,Mono,051,14174,1193,1204,15,1219,3
2021-03-10,Monterey,053,433212,42193,41920,1757,43677,329
2021-03-10,Napa,055,140530,9196,9165,34,9199,75
2021-03-10,Nevada,057,99092,4147,4074,169,4243,66
2021-03-10,Orange,059,3164182,249175,247075,10472,257547,4342
2021-03-10,Placer,061,380077,21001,20144,1174,21318,239
2021-03-10,Plumas,063,18699,650,639,10,649,4
2021-03-10,Riverside,065,2383286,285876,280708,13535,294243,3822
2021-03-10,Sacramento,067,1510023,96333,94796,1339,96135,1452
2021-03-10,San Benito,069,59416,5798,5811,92,5903,61
2021-03-10,San Bernardino,071,2135413,287548,283140,8683,291823,3841
2021-03-10,San Diego,073,3302833,267146,264094,13153,277247,3413
2021-03-10,San Francisco,075,870044,34662,34688,1147,35835,450
2021-03-10,San Joaquin,077,732212,68084,66483,2925,69408,1156
2021-03-10,San Luis Obispo,079,281455,19972,19710,598,20308,247
2021-03-10,San Mateo,081,765935,40105,39571,423,39994,338
2021-03-10,Santa Barbara,083,443738,33357,32356,1142,33498,429
2021-03-10,Santa Clara,085,1922200,112179,112103,615,112718,1759
2021-03-10,Santa Cruz,087,273765,15611,14790,809,15599,192
2021-03-10,Shasta,089,179085,11106,11125,1305,12430,155
2021-03-10,Sierra,091,2930,52,48,13,61,0
2021-03-10,Siskiyou,093,43540,1540,1458,252,1710,5
2021-03-10,Solano,095,438530,30277,30111,382,30493,170
2021-03-10,Sonoma,097,501317,28594,28638,232,28870,286
2021-03-10,Stanislaus,099,539301,51689,50968,5509,56477,706
2021-03-10,Sutter,101,95872,8991,8918,83,9001,101
2021-03-10,Tehama,103,63373,4662,4623,505,5128,33
2021-03-10,Trinity,105,12862,465,304,74,378,3
2021-03-10,Tulare,107,460477,48778,47659,8473,56132,793
2021-03-10,Tuolumne,109,53932,3932,3931,33,3964,57
2021-03-10,Ventura,111,848112,78940,78609,2838,81447,878
2021-03-10,Yolo,113,214977,13082,13021,230,13251,189
2021-03-10,Yuba,115,75493,5614,5545,89,5634,42
2021-03-09,Alameda,001,1643700,82161,81618,1775,83393,1151
2021-03-09,Alpine,003,1148,83,78,0,78,0
2021-03-09,Amador,005,37829,3508,3494,32,3526,42
2021-03-09,Butte,007,227075,11479,11092,1649,12741,185
2021-03-09,Calaveras,009,45235,1949,1913,12,1925,48
2021-03-09,Colusa,011,21464,1883,1880,274,2154,11
2021-03-09,Contra Costa,013,1133247,64292,63314,1110,64424,723
2021-03-09,Del Norte,015,27424,1061,1017,5,1022,5
2021-03-09,El Dorado,017,186661,9245,9198,601,9799,98
2021-03-09,Fresno,019,978130,97983,96744,8014,104758,1463
2021-03-09,Glenn,021,27897,2279,2251,505,2756,15
2021-03-09,Humboldt,023,135768,3316,3288,22,3310,32
2021-03-09,Imperial,025,180216,27357,27045,2586,29631,675
2021-03-09,Inyo,027,18085,1345,1324,22,1346,35
2021-03-09,Kern,029,883053,94350,92924,10103,103027,1088
2021-03-09,Kings,031,150075,22495,22143,1014,23157,226
2021-03-09,Lake,033,64148,3253,3202,8,3210,42
2021-03-09,Lassen,035,31185,5129,5120,101,5221,1
2021-03-09,Los Angeles,037,10098052,1178002,1167967,39942,1207909,22080
2021-03-09,Madera,039,155013,15869,15701,867,16568,211
2021-03-09,Marin,041,260295,13400,13335,181,13516,214
2021-03-09,Mariposa,043,17540,378,376,6,382,5
2021-03-09,Mendocino,045,87422,3681,3595,70,3665,42
2021-03-09,Merced,047,269075,29050,28876,915,29791,399
2021-03-09,Modoc,049,8938,348,338,118,456,3
2021-03-09,Mono,051,14174,1192,1203,15,1218,3
2021-03-09,Monterey,053,433212,42174,41894,1748,43642,329
2021-03-09,Napa,055,140530,9182,9155,34,9189,75
2021-03-09,Nevada,057,99092,4139,4062,169,4231,66
2021-03-09,Orange,059,3164182,249033,246989,10451,257440,4310
2021-03-09,Placer,061,380077,20959,20122,1169,21291,239
2021-03-09,Plumas,063,18699,647,639,10,649,4
2021-03-09,Riverside,065,2383286,285746,280562,13530,294092,3821
2021-03-09,Sacramento,067,1510023,96165,94720,1333,96053,1442
2021-03-09,San Benito,069,59416,5794,5800,92,5892,61
2021-03-09,San Bernardino,071,2135413,287435,282971,8676,291647,3823
2021-03-09,San Diego,073,3302833,266914,263745,13132,276877,3405
2021-03-09,San Francisco,075,870044,34631,34654,1143,35797,450
2021-03-09,San Joaquin,077,732212,67956,66383,2915,69298,1150
2021-03-09,San Luis Obispo,079,281455,19954,19672,591,20263,245
2021-03-09,San Mateo,081,765935,40058,39535,421,39956,336
2021-03-09,Santa Barbara,083,443738,33316,32314,1140,33454,428
2021-03-09,Santa Clara,085,1922200,112068,111963,610,112573,1756
2021-03-09,Santa Cruz,087,273765,15589,14764,808,15572,188
2021-03-09,Shasta,089,179085,11099,11113,1300,12413,155
2021-03-09,Sierra,091,2930,52,48,13,61,0
2021-03-09,Siskiyou,093,43540,1536,1447,250,1697,5
2021-03-09,Solano,095,438530,30241,30090,380,30470,169
2021-03-09,Sonoma,097,501317,28544,28601,229,28830,284
2021-03-09,Stanislaus,099,539301,51594,50884,5499,56383,703
2021-03-09,Sutter,101,95872,8978,8914,83,8997,101
2021-03-09,Tehama,103,63373,4654,4620,504,5124,33
2021-03-09,Trinity,105,12862,465,304,74,378,3
2021-03-09,Tulare,107,460477,48751,47637,8450,56087,792
2021-03-09,Tuolumne,109,53932,3930,3929,33,3962,56
2021-03-09,Ventura,111,848112,78870,78526,2836,81362,863
2021-03-09,Yolo,113,214977,13071,13015,229,13244,189
2021-03-09,Yuba,115,75493,5607,5539,89,5628,42
2021-03-08,Alameda,001,1643700,82049,81543,1774,83317,1142
2021-03-08,Alpine,003,1148,83,78,0,78,0
2021-03-08,Amador,005,37829,3505,3490,32,3522,42
2021-03-08,Butte,007,227075,11464,11082,1648,12730,185
2021-03-08,Calaveras,009,45235,1945,1909,12,1921,48
2021-03-08,Colusa,011,21464,1883,1877,274,2151,11
2021-03-08,Contra Costa,013,1133247,64199,63240,1110,64350,719
2021-03-08,Del Norte,015,27424,1056,1012,5,1017,5
2021-03-08,El Dorado,017,186661,9242,9188,600,9788,97
2021-03-08,Fresno,019,978130,97884,96665,7993,104658,1442
2021-03-08,Glenn,021,27897,2278,2249,505,2754,15
2021-03-08,Humboldt,023,135768,3302,3278,22,3300,31
2021-03-08,Imperial,025,180216,27350,27033,2583,29616,663
2021-03-08,Inyo,027,18085,1343,1320,22,1342,35
2021-03-08,Kern,029,883053,94283,92857,10082,102939,1087
2021-03-08,Kings,031,150075,22474,22130,1012,23142,226
2021-03-08,Lake,033,64148,3241,3195,8,3203,42
2021-03-08,Lassen,035,31185,5129,5119,101,5220,1
2021-03-08,Los Angeles,037,10098052,1177385,1163409,39910,1203319,21868
2021-03-08,Madera,039,155013,15859,15691,865,16556,211
2021-03-08,Marin,041,260295,13380,13328,179,13507,214
2021-03-08,Mariposa,043,17540,378,376,6,382,5
2021-03-08,Mendocino,045,87422,3679,3590,69,3659,42
2021-03-08,Merced,047,269075,28990,28841,914,29755,398
2021-03-08,Modoc,049,8938,348,338,118,456,3
2021-03-08,Mono,051,14174,1191,1200,15,1215,3
2021-03-08,Monterey,053,433212,42153,41863,1747,43610,328
2021-03-08,Napa,055,140530,9179,9146,34,9180,75
2021-03-08,Nevada,057,99092,4131,4059,169,4228,66
2021-03-08,Orange,059,3164182,248861,246900,10419,257319,4243
2021-03-08,Placer,061,380077,20924,20102,1158,21260,239
2021-03-08,Plumas,063,18699,646,635,10,645,4
2021-03-08,Riverside,065,2383286,285606,280463,13521,293984,3783
2021-03-08,Sacramento,067,1510023,95995,94654,1328,95982,1438
2021-03-08,San Benito,069,59416,5791,5797,92,5889,61
2021-03-08,San Bernardino,071,2135413,287326,282894,8669,291563,3811
2021-03-08,San Diego,073,3302833,266673,263272,13117,276389,3390
2021-03-08,San Francisco,075,870044,34604,34634,1139,35773,446
2021-03-08,San Joaquin,077,732212,67840,66307,2906,69213,1139
2021-03-08,San Luis Obispo,079,281455,19911,19656,587,20243,245
2021-03-08,San Mateo,081,765935,40009,39492,419,39911,335
2021-03-08,Santa Barbara,083,443738,33283,32293,1140,33433,427
2021-03-08,Santa Clara,085,1922200,111940,111882,608,112490,1756
2021-03-08,Santa Cruz,087,273765,15569,14729,808,15537,188
2021-03-08,Shasta,089,179085,11091,11088,1295,12383,155
2021-03-08,Sierra,091,2930,52,48,13,61,0
2021-03-08,Siskiyou,093,43540,1535,1440,250,1690,5
2021-03-08,Solano,095,438530,30201,30068,378,30446,169
2021-03-08,Sonoma,097,501317,28500,28571,228,28799,284
2021-03-08,Stanislaus,099,539301,51514,50825,5494,56319,690
2021-03-08,Sutter,101,95872,8975,8905,83,8988,100
2021-03-08,Tehama,103,63373,4651,4615,503,5118,33
2021-03-08,Trinity,105,12862,464,302,74,376,3
2021-03-08,Tulare,107,460477,48710,47587,8424,56011,791
2021-03-08,Tuolumne,109,53932,3929,3921,33,3954,56
2021-03-08,Ventura,111,848112,78799,78526,2828,81354,852
2021-03-08,Yolo,113,214977,13048,13000,228,13228,189
2021-03-08,Yuba,115,75493,5597,5530,89,5619,42
2021-03-07,Alameda,001,1643700,81931,81413,1773,83186,1145
2021-03-07,Alpine,003,1148,83,78,0,78,0
2021-03-07,Amador,005,37829,3502,3489,32,3521,42
2021-03-07,Butte,007,227075,11449,11075,1647,12722,185
2021-03-07,Calaveras,009,45235,1941,1906,12,1918,48
2021-03-07,Colusa,011,21464,1882,1876,274,2150,11
2021-03-07,Contra Costa,013,1133247,64100,63148,1108,64256,719
2021-03-07,Del Norte,015,27424,1051,1010,5,1015,5
2021-03-07,El Dorado,017,186661,9239,9184,599,9783,97
2021-03-07,Fresno,019,978130,97706,96549,7971,104520,1442
2021-03-07,Glenn,021,27897,2276,2244,505,2749,15
2021-03-07,Humboldt,023,135768,3292,3274,22,3296,31
2021-03-07,Imperial,025,180216,27341,27019,2581,29600,658
2021-03-07,Inyo,027,18085,1340,1320,22,1342,35
2021-03-07,Kern,029,883053,94196,92746,10052,102798,1086
2021-03-07,Kings,031,150075,22453,22103,1011,23114,224
2021-03-07,Lake,033,64148,3235,3192,8,3200,42
2021-03-07,Lassen,035,31185,5128,5119,101,5220,1
2021-03-07,Los Angeles,037,10098052,1176661,1162749,39872,1202621,21857
2021-03-07,Madera,039,155013,15840,15675,865,16540,211
2021-03-07,Marin,041,260295,13372,13313,177,13490,214
2021-03-07,Mariposa,043,17540,377,376,6,382,5
2021-03-07,Mendocino,045,87422,3676,3581,69,3650,42
2021-03-07,Merced,047,269075,28917,28829,910,29739,399
2021-03-07,Modoc,049,8938,348,338,118,456,3
2021-03-07,Mono,051,14174,1189,1199,15,1214,3
2021-03-07,Monterey,053,433212,42132,41858,1744,43602,328
2021-03-07,Napa,055,140530,9169,9137,34,9171,75
2021-03-07,Nevada,057,99092,4117,4052,168,4220,66
2021-03-07,Orange,059,3164182,248670,246771,10391,257162,4218
2021-03-07,Placer,061,380077,20884,20070,1154,21224,239
2021-03-07,Plumas,063,18699,645,635,10,645,4
2021-03-07,Riverside,065,2383286,285459,280379,13512,293891,3779
2021-03-07,Sacramento,067,1510023,95818,94513,1320,95833,1437
2021-03-07,San Benito,069,59416,5784,5795,92,5887,61
2021-03-07,San Bernardino,071,2135413,287175,282860,8663,291523,3810
2021-03-07,San Diego,073,3302833,266391,262965,13093,276058,3390
2021-03-07,San Francisco,075,870044,34570,34594,1134,35728,445
2021-03-07,San Joaquin,077,732212,67705,66252,2892,69144,1139
2021-03-07,San Luis Obispo,079,281455,19874,19614,585,20199,245
2021-03-07,San Mateo,081,765935,39969,39436,416,39852,329
2021-03-07,Santa Barbara,083,443738,33236,32218,1139,33357,425
2021-03-07,Santa Clara,085,1922200,111794,111745,604,112349,1752
2021-03-07,Santa Cruz,087,273765,15547,14715,807,15522,189
2021-03-07,Shasta,089,179085,11078,11083,1287,12370,156
2021-03-07,Sierra,091,2930,51,48,13,61,0
2021-03-07,Siskiyou,093,43540,1532,1435,246,1681,5
2021-03-07,Solano,095,438530,30164,30027,378,30405,169
2021-03-07,Sonoma,097,501317,28451,28533,226,28759,284
2021-03-07,Stanislaus,099,539301,51382,50783,5476,56259,699
2021-03-07,Sutter,101,95872,8965,8900,83,8983,100
2021-03-07,Tehama,103,63373,4641,4614,500,5114,33
2021-03-07,Trinity,105,12862,464,302,74,376,3
2021-03-07,Tulare,107,460477,48651,47569,8392,55961,790
2021-03-07,Tuolumne,109,53932,3928,3922,32,3954,56
2021-03-07,Ventura,111,848112,78701,78487,2824,81311,851
2021-03-07,Yolo,113,214977,13029,12988,228,13216,189
2021-03-07,Yuba,115,75493,5592,5516,89,5605,42
2021-03-06,Alameda,001,1643700,81876,81310,1772,83082,1143
2021-03-06,Alpine,003,1148,83,78,0,78,0
2021-03-06,Amador,005,37829,3498,3487,32,3519,42
2021-03-06,Butte,007,227075,11446,11065,1646,12711,185
2021-03-06,Calaveras,009,45235,1938,1904,12,1916,48
2021-03-06,Colusa,011,21464,1880,1874,274,2148,11
2021-03-06,Contra Costa,013,1133247,64039,63040,1104,64144,719
2021-03-06,Del Norte,015,27424,1046,1000,5,1005,5
2021-03-06,El Dorado,017,186661,9235,9166,599,9765,97
2021-03-06,Fresno,019,978130,97611,96366,7959,104325,1440
2021-03-06,Glenn,021,27897,2276,2241,505,2746,15
2021-03-06,Humboldt,023,135768,3282,3260,22,3282,31
2021-03-06,Imperial,025,180216,27337,27009,2576,29585,658
2021-03-06,Inyo,027,18085,1337,1312,22,1334,35
2021-03-06,Kern,029,883053,94150,92684,10032,102716,1082
2021-03-06,Kings,031,150075,22436,22094,1011,23105,224
2021-03-06,Lake,033,64148,3233,3189,8,3197,42
2021-03-06,Lassen,035,31185,5128,5119,101,5220,1
2021-03-06,Los Angeles,037,10098052,1176226,1161745,39842,1201587,21843
2021-03-06,Madera,039,155013,15831,15646,863,16509,211
2021-03-06,Marin,041,260295,13363,13289,177,13466,213
2021-03-06,Mariposa,043,17540,377,376,6,382,5
2021-03-06,Mendocino,045,87422,3674,3579,69,3648,42
2021-03-06,Merced,047,269075,28875,28771,910,29681,399
2021-03-06,Modoc,049,8938,347,338,118,456,3
2021-03-06,Mono,051,14174,1188,1198,15,1213,3
2021-03-06,Monterey,053,433212,42127,41838,1741,43579,327
2021-03-06,Napa,055,140530,9161,9129,34,9163,75
2021-03-06,Nevada,057,99092,4111,4044,168,4212,66
2021-03-06,Orange,059,3164182,248579,246634,10377,257011,4165
2021-03-06,Placer,061,380077,20861,20030,1152,21182,239
2021-03-06,Plumas,063,18699,645,634,10,644,4
2021-03-06,Riverside,065,2383286,285367,280225,13504,293729,3781
2021-03-06,Sacramento,067,1510023,95730,94332,1311,95643,1436
2021-03-06,San Benito,069,59416,5779,5793,92,5885,61
2021-03-06,San Bernardino,071,2135413,287091,282737,8661,291398,3791
2021-03-06,San Diego,073,3302833,266204,262778,13076,275854,3385
2021-03-06,San Francisco,075,870044,34539,34560,1130,35690,435
2021-03-06,San Joaquin,077,732212,67630,66162,2882,69044,1138
2021-03-06,San Luis Obispo,079,281455,19854,19592,583,20175,245
2021-03-06,San Mateo,081,765935,39945,39384,416,39800,329
2021-03-06,Santa Barbara,083,443738,33204,32176,1138,33314,424
2021-03-06,Santa Clara,085,1922200,111697,111570,602,112172,1749
2021-03-06,Santa Cruz,087,273765,15536,14701,807,15508,188
2021-03-06,Shasta,089,179085,11069,11076,1285,12361,158
2021-03-06,Sierra,091,2930,51,48,13,61,0
2021-03-06,Siskiyou,093,43540,1530,1432,246,1678,5
2021-03-06,Solano,095,438530,30135,30000,377,30377,169
2021-03-06,Sonoma,097,501317,28428,28484,224,28708,284
2021-03-06,Stanislaus,099,539301,51312,50691,5470,56161,711
2021-03-06,Sutter,101,95872,8959,8887,83,8970,100
2021-03-06,Tehama,103,63373,4641,4610,498,5108,33
2021-03-06,Trinity,105,12862,464,302,74,376,3
2021-03-06,Tulare,107,460477,48619,47515,8363,55878,789
2021-03-06,Tuolumne,109,53932,3926,3920,32,3952,56
2021-03-06,Ventura,111,848112,78646,78439,2823,81262,848
2021-03-06,Yolo,113,214977,13023,12951,228,13179,189
2021-03-06,Yuba,115,75493,5583,5504,89,5593,42
2021-03-05,Alameda,001,1643700,81786,81215,1770,82985,1141
2021-03-05,Alpine,003,1148,83,78,0,78,0
2021-03-05,Amador,005,37829,3497,3484,32,3516,42
2021-03-05,Butte,007,227075,11435,11050,1645,12695,185
2021-03-05,Calaveras,009,45235,1934,1902,12,1914,48
2021-03-05,Colusa,011,21464,1880,1874,274,2148,11
2021-03-05,Contra Costa,013,1133247,63959,62886,1101,63987,711
2021-03-05,Del Norte,015,27424,1042,995,5,1000,5
2021-03-05,El Dorado,017,186661,9230,9150,598,9748,97
2021-03-05,Fresno,019,978130,97503,96184,7940,104124,1432
2021-03-05,Glenn,021,27897,2271,2241,505,2746,15
2021-03-05,Humboldt,023,135768,3275,3234,22,3256,31
2021-03-05,Imperial,025,180216,27327,26970,2567,29537,651
2021-03-05,Inyo,027,18085,1333,1309,22,1331,35
2021-03-05,Kern,029,883053,94110,92601,10019,102620,1076
2021-03-05,Kings,031,150075,22418,22063,1010,23073,224
2021-03-05,Lake,033,64148,3231,3185,8,3193,42
2021-03-05,Lassen,035,31185,5128,5117,99,5216,1
2021-03-05,Los Angeles,037,10098052,1175738,1160688,39811,1200499,21745
2021-03-05,Madera,039,155013,15821,15624,861,16485,211
2021-03-05,Marin,041,260295,13350,13275,176,13451,215
2021-03-05,Mariposa,043,17540,377,375,6,381,4
2021-03-05,Mendocino,045,87422,3671,3577,69,3646,42
2021-03-05,Merced,047,269075,28841,28734,909,29643,399
2021-03-05,Modoc,049,8938,347,337,118,455,3
2021-03-05,Mono,051,14174,1187,1197,15,1212,3
2021-03-05,Monterey,053,433212,42114,41802,1741,43543,325
2021-03-05,Napa,055,140530,9153,9109,34,9143,75
2021-03-05,Nevada,057,99092,4107,4033,168,4201,66
2021-03-05,Orange,059,3164182,248465,246489,10364,256853,4108
2021-03-05,Placer,061,380077,20835,19973,1148,21121,239
2021-03-05,Plumas,063,18699,645,635,10,645,4
2021-03-05,Riverside,065,2383286,285257,280075,13498,293573,3781
2021-03-05,Sacramento,067,1510023,95634,94182,1304,95486,1430
2021-03-05,San Benito,069,59416,5776,5790,92,5882,61
2021-03-05,San Bernardino,071,2135413,286997,282640,8657,291297,3774
2021-03-05,San Diego,073,3302833,265971,262357,13060,275417,3371
2021-03-05,San Francisco,075,870044,34499,34526,1126,35652,430
2021-03-05,San Joaquin,077,732212,67550,66041,2873,68914,1133
2021-03-05,San Luis Obispo,079,281455,19833,19557,581,20138,244
2021-03-05,San Mateo,081,765935,39913,39305,416,39721,326
2021-03-05,Santa Barbara,083,443738,33169,32139,1133,33272,424
2021-03-05,Santa Clara,085,1922200,111601,111384,602,111986,1745
2021-03-05,Santa Cruz,087,273765,15525,14694,807,15501,188
2021-03-05,Shasta,089,179085,11057,11062,1279,12341,148
2021-03-05,Sierra,091,2930,51,48,13,61,0
2021-03-05,Siskiyou,093,43540,1526,1429,245,1674,5
2021-03-05,Solano,095,438530,30118,29951,375,30326,168
2021-03-05,Sonoma,097,501317,28402,28417,224,28641,279
2021-03-05,Stanislaus,099,539301,51261,50606,5460,56066,721
2021-03-05,Sutter,101,95872,8952,8876,83,8959,100
2021-03-05,Tehama,103,63373,4632,4606,498,5104,33
2021-03-05,Trinity,105,12862,464,302,74,376,3
2021-03-05,Tulare,107,460477,48590,47469,8344,55813,789
2021-03-05,Tuolumne,109,53932,3924,3917,32,3949,56
2021-03-05,Ventura,111,848112,78579,78368,2822,81190,839
2021-03-05,Yolo,113,214977,13011,12920,227,13147,188
2021-03-05,Yuba,115,75493,5571,5496,89,5585,42
2021-03-04,Alameda,001,1643700,81677,81115,1770,82885,1136
2021-03-04,Alpine,003,1148,83,78,0,78,0
2021-03-04,Amador,005,37829,3496,3480,32,3512,42
2021-03-04,Butte,007,227075,11428,11033,1644,12677,185
2021-03-04,Calaveras,009,45235,1933,1896,12,1908,48
2021-03-04,Colusa,011,21464,1878,1873,269,2142,11
2021-03-04,Contra Costa,013,1133247,63860,62789,1099,63888,708
2021-03-04,Del Norte,015,27424,1034,989,5,994,5
2021-03-04,El Dorado,017,186661,9215,9133,598,9731,97
2021-03-04,Fresno,019,978130,97339,96023,7919,103942,1422
2021-03-04,Glenn,021,27897,2265,2236,504,2740,15
2021-03-04,Humboldt,023,135768,3261,3212,22,3234,31
2021-03-04,Imperial,025,180216,27315,26946,2564,29510,646
2021-03-04,Inyo,027,18085,1330,1300,22,1322,35
2021-03-04,Kern,029,883053,94022,92525,10000,102525,1070
2021-03-04,Kings,031,150075,22393,22025,1007,23032,224
2021-03-04,Lake,033,64148,3223,3181,8,3189,42
2021-03-04,Lassen,035,31185,5128,5116,99,5215,1
2021-03-04,Los Angeles,037,10098052,1175129,1159405,39762,1199167,21610
2021-03-04,Madera,039,155013,15786,15596,858,16454,208
2021-03-04,Marin,041,260295,13333,13240,173,13413,215
2021-03-04,Mariposa,043,17540,377,376,6,382,4
2021-03-04,Mendocino,045,87422,3668,3569,69,3638,42
2021-03-04,Merced,047,269075,28791,28671,907,29578,396
2021-03-04,Modoc,049,8938,346,336,118,454,3
2021-03-04,Mono,051,14174,1187,1197,15,1212,3
2021-03-04,Monterey,053,433212,42094,41771,1738,43509,325
2021-03-04,Napa,055,140530,9145,9094,34,9128,74
2021-03-04,Nevada,057,99092,4097,4020,168,4188,66
2021-03-04,Orange,059,3164182,248309,246354,10347,256701,4096
2021-03-04,Placer,061,380077,20803,19900,1142,21042,239
2021-03-04,Plumas,063,18699,645,634,10,644,4
2021-03-04,Riverside,065,2383286,285131,279871,13485,293356,3766
2021-03-04,Sacramento,067,1510023,95499,93982,1301,95283,1426
2021-03-04,San Benito,069,59416,5776,5781,92,5873,61
2021-03-04,San Bernardino,071,2135413,286867,282407,8653,291060,3757
2021-03-04,San Diego,073,3302833,265712,261858,13016,274874,3359
2021-03-04,San Francisco,075,870044,34465,34480,1123,35603,426
2021-03-04,San Joaquin,077,732212,67457,65931,2863,68794,1129
2021-03-04,San Luis Obispo,079,281455,19795,19520,579,20099,243
2021-03-04,San Mateo,081,765935,39869,39225,415,39640,322
2021-03-04,Santa Barbara,083,443738,33130,32090,1132,33222,423
2021-03-04,Santa Clara,085,1922200,111467,111194,600,111794,1723
2021-03-04,Santa Cruz,087,273765,15506,14669,807,15476,186
2021-03-04,Shasta,089,179085,11054,11050,1270,12320,150
2021-03-04,Sierra,091,2930,51,48,13,61,0
2021-03-04,Siskiyou,093,43540,1520,1427,245,1672,5
2021-03-04,Solano,095,438530,30091,29905,374,30279,168
2021-03-04,Sonoma,097,501317,28347,28379,223,28602,279
2021-03-04,Stanislaus,099,539301,51172,50521,5452,55973,731
2021-03-04,Sutter,101,95872,8940,8849,83,8932,100
2021-03-04,Tehama,103,63373,4626,4604,498,5102,33
2021-03-04,Trinity,105,12862,464,302,74,376,3
2021-03-04,Tulare,107,460477,48545,47398,8319,55717,784
2021-03-04,Tuolumne,109,53932,3918,3916,32,3948,56
2021-03-04,Ventura,111,848112,78492,78184,2820,81004,831
2021-03-04,Yolo,113,214977,12991,12895,227,13122,189
2021-03-04,Yuba,115,75493,5559,5483,89,5572,41
2021-03-03,Alameda,001,1643700,81554,80972,1768,82740,1127
2021-03-03,Alpine,003,1148,83,77,0,77,0
2021-03-03,Amador,005,37829,3494,3478,31,3509,42
2021-03-03,Butte,007,227075,11421,11014,1643,12657,184
2021-03-03,Calaveras,009,45235,1932,1893,12,1905,48
2021-03-03,Colusa,011,21464,1877,1873,269,2142,11
2021-03-03,Contra Costa,013,1133247,63762,62668,1096,63764,708
2021-03-03,Del Norte,015,27424,1031,988,5,993,5
2021-03-03,El Dorado,017,186661,9205,9121,598,9719,97
2021-03-03,Fresno,019,978130,97195,95893,7901,103794,1415
2021-03-03,Glenn,021,27897,2265,2233,504,2737,15
2021-03-03,Humboldt,023,135768,3250,3196,22,3218,30
2021-03-03,Imperial,025,180216,27298,26939,2559,29498,640
2021-03-03,Inyo,027,18085,1322,1294,22,1316,35
2021-03-03,Kern,029,883053,93946,92434,9983,102417,1063
2021-03-03,Kings,031,150075,22377,22009,1006,23015,223
2021-03-03,Lake,033,64148,3216,3175,8,3183,40
2021-03-03,Lassen,035,31185,5128,5115,99,5214,1
2021-03-03,Los Angeles,037,10098052,1174490,1157911,39721,1197632,21500
2021-03-03,Madera,039,155013,15767,15553,852,16405,203
2021-03-03,Marin,041,260295,13320,13216,173,13389,214
2021-03-03,Mariposa,043,17540,376,376,6,382,4
2021-03-03,Mendocino,045,87422,3660,3564,69,3633,42
2021-03-03,Merced,047,269075,28739,28625,907,29532,393
2021-03-03,Modoc,049,8938,346,333,117,450,3
2021-03-03,Mono,051,14174,1187,1191,15,1206,3
2021-03-03,Monterey,053,433212,42061,41731,1735,43466,325
2021-03-03,Napa,055,140530,9137,9090,34,9124,72
2021-03-03,Nevada,057,99092,4087,4009,168,4177,66
2021-03-03,Orange,059,3164182,248164,246120,10332,256452,4072
2021-03-03,Placer,061,380077,20777,19851,1139,20990,239
2021-03-03,Plumas,063,18699,644,631,10,641,4
2021-03-03,Riverside,065,2383286,285002,279626,13480,293106,3735
2021-03-03,Sacramento,067,1510023,95338,93819,1293,95112,1419
2021-03-03,San Benito,069,59416,5775,5774,92,5866,61
2021-03-03,San Bernardino,071,2135413,286726,282138,8646,290784,3664
2021-03-03,San Diego,073,3302833,265449,261350,12985,274335,3342
2021-03-03,San Francisco,075,870044,34434,34443,1120,35563,426
2021-03-03,San Joaquin,077,732212,67345,65855,2856,68711,1115
2021-03-03,San Luis Obispo,079,281455,19769,19479,576,20055,241
2021-03-03,San Mateo,081,765935,39823,39189,414,39603,319
2021-03-03,Santa Barbara,083,443738,33093,32027,1132,33159,421
2021-03-03,Santa Clara,085,1922200,111312,110991,598,111589,1720
2021-03-03,Santa Cruz,087,273765,15495,14645,807,15452,185
2021-03-03,Shasta,089,179085,11044,11023,1263,12286,150
2021-03-03,Sierra,091,2930,51,48,13,61,0
2021-03-03,Siskiyou,093,43540,1518,1424,245,1669,5
2021-03-03,Solano,095,438530,30055,29866,373,30239,167
2021-03-03,Sonoma,097,501317,28308,28307,222,28529,279
2021-03-03,Stanislaus,099,539301,51094,50438,5445,55883,730
2021-03-03,Sutter,101,95872,8931,8840,83,8923,99
2021-03-03,Tehama,103,63373,4623,4601,498,5099,32
2021-03-03,Trinity,105,12862,464,302,74,376,3
2021-03-03,Tulare,107,460477,48494,47348,8288,55636,778
2021-03-03,Tuolumne,109,53932,3916,3914,31,3945,56
2021-03-03,Ventura,111,848112,78409,78057,2814,80871,822
2021-03-03,Yolo,113,214977,12978,12890,227,13117,189
2021-03-03,Yuba,115,75493,5546,5479,89,5568,41
2021-03-02,Alameda,001,1643700,81435,80904,1766,82670,1116
2021-03-02,Alpine,003,1148,83,77,0,77,0
2021-03-02,Amador,005,37829,3492,3474,31,3505,42
2021-03-02,Butte,007,227075,11411,11007,1641,12648,182
2021-03-02,Calaveras,009,45235,1924,1890,12,1902,48
2021-03-02,Colusa,011,21464,1877,1872,268,2140,11
2021-03-02,Contra Costa,013,1133247,63650,62557,1092,63649,694
2021-03-02,Del Norte,015,27424,1024,983,5,988,5
2021-03-02,El Dorado,017,186661,9197,9116,598,9714,98
2021-03-02,Fresno,019,978130,97048,95785,7875,103660,1410
2021-03-02,Glenn,021,27897,2259,2232,503,2735,15
2021-03-02,Humboldt,023,135768,3231,3184,22,3206,30
2021-03-02,Imperial,025,180216,27288,26926,2557,29483,637
2021-03-02,Inyo,027,18085,1318,1292,22,1314,35
2021-03-02,Kern,029,883053,93840,92313,9956,102269,1046
2021-03-02,Kings,031,150075,22325,21999,1004,23003,217
2021-03-02,Lake,033,64148,3210,3169,8,3177,40
2021-03-02,Lassen,035,31185,5123,5115,98,5213,1
2021-03-02,Los Angeles,037,10098052,1173853,1156826,39675,1196501,21395
2021-03-02,Madera,039,155013,15747,15523,849,16372,194
2021-03-02,Marin,041,260295,13297,13186,172,13358,214
2021-03-02,Mariposa,043,17540,376,376,6,382,4
2021-03-02,Mendocino,045,87422,3657,3562,68,3630,41
2021-03-02,Merced,047,269075,28682,28598,907,29505,389
2021-03-02,Modoc,049,8938,346,332,117,449,3
2021-03-02,Mono,051,14174,1186,1191,15,1206,3
2021-03-02,Monterey,053,433212,42034,41716,1733,43449,325
2021-03-02,Napa,055,140530,9125,9080,34,9114,71
2021-03-02,Nevada,057,99092,4077,3983,167,4150,66
2021-03-02,Orange,059,3164182,248018,246004,10315,256319,4037
2021-03-02,Placer,061,380077,20723,19828,1136,20964,239
2021-03-02,Plumas,063,18699,642,628,10,638,4
2021-03-02,Riverside,065,2383286,284835,279486,13472,292958,3721
2021-03-02,Sacramento,067,1510023,95171,93690,1291,94981,1411
2021-03-02,San Benito,069,59416,5768,5770,92,5862,60
2021-03-02,San Bernardino,071,2135413,286593,281919,8640,290559,3604
2021-03-02,San Diego,073,3302833,265205,260998,12963,273961,3317
2021-03-02,San Francisco,075,870044,34394,34387,1116,35503,424
2021-03-02,San Joaquin,077,732212,67237,65769,2837,68606,1111
2021-03-02,San Luis Obispo,079,281455,19736,19452,576,20028,241
2021-03-02,San Mateo,081,765935,39771,39148,413,39561,317
2021-03-02,Santa Barbara,083,443738,33045,31964,1128,33092,416
2021-03-02,Santa Clara,085,1922200,111133,110832,597,111429,1706
2021-03-02,Santa Cruz,087,273765,15481,14611,805,15416,185
2021-03-02,Shasta,089,179085,11030,11012,1252,12264,149
2021-03-02,Sierra,091,2930,51,48,13,61,0
2021-03-02,Siskiyou,093,43540,1514,1412,243,1655,5
2021-03-02,Solano,095,438530,30022,29827,371,30198,167
2021-03-02,Sonoma,097,501317,28253,28261,222,28483,279
2021-03-02,Stanislaus,099,539301,51007,50359,5431,55790,724
2021-03-02,Sutter,101,95872,8922,8832,83,8915,99
2021-03-02,Tehama,103,63373,4621,4597,498,5095,32
2021-03-02,Trinity,105,12862,464,301,74,375,3
2021-03-02,Tulare,107,460477,48431,47326,8267,55593,783
2021-03-02,Tuolumne,109,53932,3912,3908,31,3939,53
2021-03-02,Ventura,111,848112,78318,77952,2810,80762,780
2021-03-02,Yolo,113,214977,12961,12867,227,13094,189
2021-03-02,Yuba,115,75493,5538,5475,89,5564,41
2021-03-01,Alameda,001,1643700,81312,80805,1764,82569,1105
2021-03-01,Alpine,003,1148,81,77,0,77,0
2021-03-01,Amador,005,37829,3489,3469,31,3500,42
2021-03-01,Butte,007,227075,11395,10981,1636,12617,180
2021-03-01,Calaveras,009,45235,1920,1885,12,1897,46
2021-03-01,Colusa,011,21464,1876,1871,268,2139,11
2021-03-01,Contra Costa,013,1133247,63541,62458,1091,63549,694
2021-03-01,Del Norte,015,27424,1019,982,5,987,5
2021-03-01,El Dorado,017,186661,9173,9085,598,9683,98
2021-03-01,Fresno,019,978130,96910,95677,7853,103530,1405
2021-03-01,Glenn,021,27897,2254,2232,502,2734,15
2021-03-01,Humboldt,023,135768,3212,3179,22,3201,30
2021-03-01,Imperial,025,180216,27278,26913,2549,29462,636
2021-03-01,Inyo,027,18085,1315,1285,22,1307,35
2021-03-01,Kern,029,883053,93751,92219,9930,102149,1041
2021-03-01,Kings,031,150075,22308,21988,998,22986,217
2021-03-01,Lake,033,64148,3205,3164,8,3172,40
2021-03-01,Lassen,035,31185,5121,5111,98,5209,1
2021-03-01,Los Angeles,037,10098052,1173196,1155984,39633,1195617,21293
2021-03-01,Madera,039,155013,15718,15505,838,16343,194
2021-03-01,Marin,041,260295,13270,13161,171,13332,214
2021-03-01,Mariposa,043,17540,376,375,6,381,4
2021-03-01,Mendocino,045,87422,3650,3561,68,3629,41
2021-03-01,Merced,047,269075,28637,28575,903,29478,385
2021-03-01,Modoc,049,8938,343,331,116,447,3
2021-03-01,Mono,051,14174,1185,1192,15,1207,3
2021-03-01,Monterey,053,433212,42009,41697,1731,43428,324
2021-03-01,Napa,055,140530,9116,9056,34,9090,70
2021-03-01,Nevada,057,99092,4058,3979,167,4146,66
2021-03-01,Orange,059,3164182,247825,245852,10300,256152,3976
2021-03-01,Placer,061,380077,20685,19803,1133,20936,239
2021-03-01,Plumas,063,18699,642,628,10,638,4
2021-03-01,Riverside,065,2383286,284620,279323,13465,292788,3680
2021-03-01,Sacramento,067,1510023,95026,93546,1289,94835,1401
2021-03-01,San Benito,069,59416,5763,5772,92,5864,57
2021-03-01,San Bernardino,071,2135413,286449,281685,8636,290321,3603
2021-03-01,San Diego,073,3302833,264887,260622,12930,273552,3303
2021-03-01,San Francisco,075,870044,34350,34318,1108,35426,424
2021-03-01,San Joaquin,077,732212,67128,65699,2826,68525,1097
2021-03-01,San Luis Obispo,079,281455,19714,19429,574,20003,239
2021-03-01,San Mateo,081,765935,39719,39096,412,39508,314
2021-03-01,Santa Barbara,083,443738,33002,31909,1127,33036,413
2021-03-01,Santa Clara,085,1922200,110975,110684,594,111278,1704
2021-03-01,Santa Cruz,087,273765,15462,14575,804,15379,185
2021-03-01,Shasta,089,179085,11018,10990,1249,12239,149
2021-03-01,Sierra,091,2930,51,48,13,61,0
2021-03-01,Siskiyou,093,43540,1510,1408,241,1649,5
2021-03-01,Solano,095,438530,29979,29779,370,30149,166
2021-03-01,Sonoma,097,501317,28205,28222,220,28442,278
2021-03-01,Stanislaus,099,539301,50931,50293,5425,55718,722
2021-03-01,Sutter,101,95872,8910,8825,83,8908,99
2021-03-01,Tehama,103,63373,4617,4595,498,5093,32
2021-03-01,Trinity,105,12862,464,298,73,371,3
2021-03-01,Tulare,107,460477,48393,47275,8233,55508,781
2021-03-01,Tuolumne,109,53932,3909,3907,31,3938,53
2021-03-01,Ventura,111,848112,78236,77849,2809,80658,775
2021-03-01,Yolo,113,214977,12944,12854,225,13079,188
2021-03-01,Yuba,115,75493,5526,5466,89,5555,41
2021-02-28,Alameda,001,1643700,81191,80727,1762,82489,1105
2021-02-28,Alpine,003,1148,81,77,0,77,0
2021-02-28,Amador,005,37829,3484,3466,30,3496,42
2021-02-28,Butte,007,227075,11380,10970,1636,12606,180
2021-02-28,Calaveras,009,45235,1914,1881,12,1893,46
2021-02-28,Colusa,011,21464,1876,1871,267,2138,11
2021-02-28,Contra Costa,013,1133247,63414,62386,1086,63472,694
2021-02-28,Del Norte,015,27424,1017,981,5,986,5
2021-02-28,El Dorado,017,186661,9162,9082,598,9680,98
2021-02-28,Fresno,019,978130,96728,95548,7818,103366,1405
2021-02-28,Glenn,021,27897,2252,2230,500,2730,15
2021-02-28,Humboldt,023,135768,3189,3179,22,3201,30
2021-02-28,Imperial,025,180216,27251,26909,2543,29452,636
2021-02-28,Inyo,027,18085,1310,1282,22,1304,35
2021-02-28,Kern,029,883053,93636,92169,9909,102078,1012
2021-02-28,Kings,031,150075,22287,21967,997,22964,217
2021-02-28,Lake,033,64148,3200,3164,8,3172,40
2021-02-28,Lassen,035,31185,5120,5106,98,5204,1
2021-02-28,Los Angeles,037,10098052,1172411,1155141,39571,1194712,21261
2021-02-28,Madera,039,155013,15676,15496,835,16331,199
2021-02-28,Marin,041,260295,13247,13152,169,13321,214
2021-02-28,Mariposa,043,17540,376,374,6,380,4
2021-02-28,Mendocino,045,87422,3644,3558,68,3626,41
2021-02-28,Merced,047,269075,28573,28546,902,29448,384
2021-02-28,Modoc,049,8938,343,331,116,447,3
2021-02-28,Mono,051,14174,1182,1192,15,1207,3
2021-02-28,Monterey,053,433212,41977,41683,1730,43413,323
2021-02-28,Napa,055,140530,9097,9053,34,9087,70
2021-02-28,Nevada,057,99092,4045,3972,167,4139,66
2021-02-28,Orange,059,3164182,247625,245706,10292,255998,3970
2021-02-28,Placer,061,380077,20638,19775,1131,20906,239
2021-02-28,Plumas,063,18699,642,628,10,638,4
2021-02-28,Riverside,065,2383286,284400,279214,13454,292668,3661
2021-02-28,Sacramento,067,1510023,94842,93463,1284,94747,1398
2021-02-28,San Benito,069,59416,5752,5772,92,5864,57
2021-02-28,San Bernardino,071,2135413,286309,281620,8623,290243,3595
2021-02-28,San Diego,073,3302833,264591,260353,12896,273249,3303
2021-02-28,San Francisco,075,870044,34308,34291,1102,35393,417
2021-02-28,San Joaquin,077,732212,67020,65662,2817,68479,1097
2021-02-28,San Luis Obispo,079,281455,19678,19422,572,19994,237
2021-02-28,San Mateo,081,765935,39666,39059,411,39470,314
2021-02-28,Santa Barbara,083,443738,32949,31877,1127,33004,413
2021-02-28,Santa Clara,085,1922200,110776,110556,591,111147,1704
2021-02-28,Santa Cruz,087,273765,15433,14571,801,15372,185
2021-02-28,Shasta,089,179085,10997,10990,1245,12235,149
2021-02-28,Sierra,091,2930,51,48,13,61,0
2021-02-28,Siskiyou,093,43540,1502,1408,240,1648,5
2021-02-28,Solano,095,438530,29923,29758,364,30122,166
2021-02-28,Sonoma,097,501317,28142,28193,219,28412,279
2021-02-28,Stanislaus,099,539301,50840,50228,5412,55640,728
2021-02-28,Sutter,101,95872,8895,8825,83,8908,99
2021-02-28,Tehama,103,63373,4610,4590,498,5088,32
2021-02-28,Trinity,105,12862,464,298,73,371,3
2021-02-28,Tulare,107,460477,48331,47258,8202,55460,780
2021-02-28,Tuolumne,109,53932,3904,3905,31,3936,53
2021-02-28,Ventura,111,848112,78125,77749,2806,80555,775
2021-02-28,Yolo,113,214977,12922,12851,225,13076,188
2021-02-28,Yuba,115,75493,5516,5461,89,5550,41
2021-02-27,Alameda,001,1643700,81117,80565,1760,82325,1108
2021-02-27,Alpine,003,1148,81,77,0,77,0
2021-02-27,Amador,005,37829,3482,3463,30,3493,42
2021-02-27,Butte,007,227075,11368,10962,1636,12598,180
2021-02-27,Calaveras,009,45235,1909,1875,12,1887,46
2021-02-27,Colusa,011,21464,1875,1869,267,2136,11
2021-02-27,Contra Costa,013,1133247,63343,62248,1083,63331,693
2021-02-27,Del Norte,015,27424,1015,978,5,983,5
2021-02-27,El Dorado,017,186661,9158,9072,598,9670,98
2021-02-27,Fresno,019,978130,96651,95393,7807,103200,1400
2021-02-27,Glenn,021,27897,2252,2225,499,2724,15
2021-02-27,Humboldt,023,135768,3183,3167,22,3189,30
2021-02-27,Imperial,025,180216,27243,26903,2542,29445,633
2021-02-27,Inyo,027,18085,1307,1275,22,1297,35
2021-02-27,Kern,029,883053,93575,92053,9894,101947,996
2021-02-27,Kings,031,150075,22277,21955,994,22949,216
2021-02-27,Lake,033,64148,3197,3156,8,3164,40
2021-02-27,Lassen,035,31185,5120,5106,98,5204,1
2021-02-27,Los Angeles,037,10098052,1171917,1154275,39544,1193819,21158
2021-02-27,Madera,039,155013,15659,15467,834,16301,199
2021-02-27,Marin,041,260295,13223,13134,169,13303,214
2021-02-27,Mariposa,043,17540,376,374,6,380,4
2021-02-27,Mendocino,045,87422,3641,3555,68,3623,41
2021-02-27,Merced,047,269075,28531,28501,894,29395,384
2021-02-27,Modoc,049,8938,343,331,115,446,3
2021-02-27,Mono,051,14174,1180,1191,15,1206,3
2021-02-27,Monterey,053,433212,41968,41665,1730,43395,322
2021-02-27,Napa,055,140530,9086,9038,34,9072,71
2021-02-27,Nevada,057,99092,4039,3960,167,4127,66
2021-02-27,Orange,059,3164182,247498,245542,10281,255823,3960
2021-02-27,Placer,061,380077,20602,19726,1128,20854,239
2021-02-27,Plumas,063,18699,642,628,10,638,4
2021-02-27,Riverside,065,2383286,284290,279048,13444,292492,3663
2021-02-27,Sacramento,067,1510023,94759,93281,1274,94555,1396
2021-02-27,San Benito,069,59416,5751,5767,91,5858,57
2021-02-27,San Bernardino,071,2135413,286230,281471,8616,290087,3527
2021-02-27,San Diego,073,3302833,264401,260091,12858,272949,3284
2021-02-27,San Francisco,075,870044,34274,34260,1099,35359,413
2021-02-27,San Joaquin,077,732212,66974,65578,2815,68393,1100
2021-02-27,San Luis Obispo,079,281455,19657,19411,571,19982,237
2021-02-27,San Mateo,081,765935,39625,38998,410,39408,313
2021-02-27,Santa Barbara,083,443738,32913,31805,1126,32931,411
2021-02-27,Santa Clara,085,1922200,110628,110361,589,110950,1703
2021-02-27,Santa Cruz,087,273765,15424,14552,800,15352,185
2021-02-27,Shasta,089,179085,10991,10985,1241,12226,149
2021-02-27,Sierra,091,2930,51,48,13,61,0
2021-02-27,Siskiyou,093,43540,1500,1407,239,1646,5
2021-02-27,Solano,095,438530,29895,29718,363,30081,165
2021-02-27,Sonoma,097,501317,28098,28141,213,28354,281
2021-02-27,Stanislaus,099,539301,50785,50147,5402,55549,733
2021-02-27,Sutter,101,95872,8890,8820,83,8903,99
2021-02-27,Tehama,103,63373,4607,4584,498,5082,32
2021-02-27,Trinity,105,12862,464,298,73,371,3
2021-02-27,Tulare,107,460477,48294,47209,8176,55385,770
2021-02-27,Tuolumne,109,53932,3901,3899,31,3930,53
2021-02-27,Ventura,111,848112,78053,77623,2803,80426,771
2021-02-27,Yolo,113,214977,12910,12834,225,13059,188
2021-02-27,Yuba,115,75493,5513,5450,89,5539,39
2021-02-26,Alameda,001,1643700,81022,80387,1755,82142,1106
2021-02-26,Alpine,003,1148,81,77,0,77,0
2021-02-26,Amador,005,37829,3476,3457,30,3487,42
2021-02-26,Butte,007,227075,11357,10941,1636,12577,180
2021-02-26,Calaveras,009,45235,1906,1873,12,1885,46
2021-02-26,Colusa,011,21464,1875,1865,267,2132,11
2021-02-26,Contra Costa,013,1133247,63261,62114,1083,63197,685
2021-02-26,Del Norte,015,27424,1011,968,5,973,5
2021-02-26,El Dorado,017,186661,9153,9038,596,9634,98
2021-02-26,Fresno,019,978130,96546,95202,7799,103001,1391
2021-02-26,Glenn,021,27897,2249,2220,499,2719,15
2021-02-26,Humboldt,023,135768,3177,3152,22,3174,30
2021-02-26,Imperial,025,180216,27235,26888,2540,29428,631
2021-02-26,Inyo,027,18085,1305,1271,22,1293,34
2021-02-26,Kern,029,883053,93496,91884,9878,101762,997
2021-02-26,Kings,031,150075,22261,21917,991,22908,216
2021-02-26,Lake,033,64148,3192,3153,8,3161,40
2021-02-26,Lassen,035,31185,5120,5102,98,5200,1
2021-02-26,Los Angeles,037,10098052,1171343,1153131,39483,1192614,21070
2021-02-26,Madera,039,155013,15643,15436,832,16268,199
2021-02-26,Marin,041,260295,13209,13091,169,13260,214
2021-02-26,Mariposa,043,17540,376,375,6,381,4
2021-02-26,Mendocino,045,87422,3636,3549,68,3617,41
2021-02-26,Merced,047,269075,28497,28455,894,29349,382
2021-02-26,Modoc,049,8938,342,330,115,445,3
2021-02-26,Mono,051,14174,1178,1191,15,1206,3
2021-02-26,Monterey,053,433212,41942,41607,1730,43337,322
2021-02-26,Napa,055,140530,9080,9014,34,9048,70
2021-02-26,Nevada,057,99092,4028,3952,167,4119,66
2021-02-26,Orange,059,3164182,247358,245278,10271,255549,3918
2021-02-26,Placer,061,380077,20576,19712,1122,20834,239
2021-02-26,Plumas,063,18699,642,628,10,638,4
2021-02-26,Riverside,065,2383286,284146,278772,13438,292210,3653
2021-02-26,Sacramento,067,1510023,94636,93180,1271,94451,1390
2021-02-26,San Benito,069,59416,5750,5759,91,5850,57
2021-02-26,San Bernardino,071,2135413,286131,281132,8614,289746,3461
2021-02-26,San Diego,073,3302833,264174,259641,12837,272478,3271
2021-02-26,San Francisco,075,870044,34244,34213,1094,35307,413
2021-02-26,San Joaquin,077,732212,66893,65492,2809,68301,1070
2021-02-26,San Luis Obispo,079,281455,19641,19359,569,19928,234
2021-02-26,San Mateo,081,765935,39579,38922,410,39332,313
2021-02-26,Santa Barbara,083,443738,32869,31724,1125,32849,410
2021-02-26,Santa Clara,085,1922200,110496,110168,587,110755,1700
2021-02-26,Santa Cruz,087,273765,15412,14528,799,15327,185
2021-02-26,Shasta,089,179085,10984,10972,1232,12204,149
2021-02-26,Sierra,091,2930,51,47,13,60,0
2021-02-26,Siskiyou,093,43540,1500,1401,239,1640,5
2021-02-26,Solano,095,438530,29861,29651,362,30013,165
2021-02-26,Sonoma,097,501317,28069,28063,212,28275,280
2021-02-26,Stanislaus,099,539301,50729,50054,5394,55448,737
2021-02-26,Sutter,101,95872,8881,8806,83,8889,99
2021-02-26,Tehama,103,63373,4605,4581,498,5079,32
2021-02-26,Trinity,105,12862,463,298,73,371,3
2021-02-26,Tulare,107,460477,48259,47135,8146,55281,770
2021-02-26,Tuolumne,109,53932,3900,3896,31,3927,53
2021-02-26,Ventura,111,848112,77953,77534,2801,80335,765
2021-02-26,Yolo,113,214977,12903,12816,225,13041,188
2021-02-26,Yuba,115,75493,5508,5438,89,5527,39
2021-02-25,Alameda,001,1643700,80900,80181,1754,81935,1093
2021-02-25,Alpine,003,1148,81,77,0,77,0
2021-02-25,Amador,005,37829,3473,3448,30,3478,41
2021-02-25,Butte,007,227075,11336,10922,1631,12553,178
2021-02-25,Calaveras,009,45235,1898,1868,12,1880,46
2021-02-25,Colusa,011,21464,1872,1863,266,2129,11
2021-02-25,Contra Costa,013,1133247,63159,61910,1083,62993,686
2021-02-25,Del Norte,015,27424,1001,966,5,971,5
2021-02-25,El Dorado,017,186661,9137,9012,596,9608,98
2021-02-25,Fresno,019,978130,96402,95015,7777,102792,1377
2021-02-25,Glenn,021,27897,2246,2219,498,2717,15
2021-02-25,Humboldt,023,135768,3170,3129,22,3151,30
2021-02-25,Imperial,025,180216,27229,26855,2536,29391,628
2021-02-25,Inyo,027,18085,1299,1264,22,1286,33
2021-02-25,Kern,029,883053,93380,91735,9853,101588,992
2021-02-25,Kings,031,150075,22252,21900,988,22888,216
2021-02-25,Lake,033,64148,3183,3141,8,3149,40
2021-02-25,Lassen,035,31185,5119,5097,97,5194,1
2021-02-25,Los Angeles,037,10098052,1170604,1151846,39425,1191271,20931
2021-02-25,Madera,039,155013,15608,15414,828,16242,194
2021-02-25,Marin,041,260295,13185,13067,169,13236,214
2021-02-25,Mariposa,043,17540,376,375,6,381,4
2021-02-25,Mendocino,045,87422,3631,3542,68,3610,41
2021-02-25,Merced,047,269075,28447,28383,893,29276,382
2021-02-25,Modoc,049,8938,342,329,115,444,3
2021-02-25,Mono,051,14174,1177,1190,15,1205,3
2021-02-25,Monterey,053,433212,41917,41564,1725,43289,321
2021-02-25,Napa,055,140530,9054,8998,34,9032,70
2021-02-25,Nevada,057,99092,4011,3940,166,4106,66
2021-02-25,Orange,059,3164182,247185,245000,10261,255261,3882
2021-02-25,Placer,061,380077,20535,19661,1120,20781,239
2021-02-25,Plumas,063,18699,642,626,10,636,4
2021-02-25,Riverside,065,2383286,283959,278544,13417,291961,3646
2021-02-25,Sacramento,067,1510023,94478,92961,1259,94220,1386
2021-02-25,San Benito,069,59416,5745,5752,91,5843,58
2021-02-25,San Bernardino,071,2135413,285996,280946,8606,289552,3409
2021-02-25,San Diego,073,3302833,263880,258979,12807,271786,3260
2021-02-25,San Francisco,075,870044,34202,34138,1091,35229,408
2021-02-25,San Joaquin,077,732212,66809,65389,2797,68186,1047
2021-02-25,San Luis Obispo,079,281455,19620,19335,567,19902,234
2021-02-25,San Mateo,081,765935,39532,38872,410,39282,300
2021-02-25,Santa Barbara,083,443738,32792,31631,1124,32755,408
2021-02-25,Santa Clara,085,1922200,110332,109923,586,110509,1677
2021-02-25,Santa Cruz,087,273765,15393,14492,798,15290,185
2021-02-25,Shasta,089,179085,10972,10947,1227,12174,148
2021-02-25,Sierra,091,2930,51,47,13,60,0
2021-02-25,Siskiyou,093,43540,1496,1390,236,1626,4
2021-02-25,Solano,095,438530,29829,29616,362,29978,161
2021-02-25,Sonoma,097,501317,28015,28004,209,28213,278
2021-02-25,Stanislaus,099,539301,50639,49964,5384,55348,738
2021-02-25,Sutter,101,95872,8867,8789,82,8871,99
2021-02-25,Tehama,103,63373,4601,4578,496,5074,32
2021-02-25,Trinity,105,12862,463,297,73,370,3
2021-02-25,Tulare,107,460477,48209,47052,8120,55172,765
2021-02-25,Tuolumne,109,53932,3897,3894,31,3925,53
2021-02-25,Ventura,111,848112,77848,77395,2795,80190,751
2021-02-25,Yolo,113,214977,12886,12787,225,13012,188
2021-02-25,Yuba,115,75493,5501,5429,89,5518,39
2021-02-24,Alameda,001,1643700,80778,80070,1750,81820,1082
2021-02-24,Alpine,003,1148,80,77,0,77,0
2021-02-24,Amador,005,37829,3468,3444,30,3474,41
2021-02-24,Butte,007,227075,11324,10915,1627,12542,178
2021-02-24,Calaveras,009,45235,1896,1864,12,1876,31
2021-02-24,Colusa,011,21464,1870,1863,266,2129,11
2021-02-24,Contra Costa,013,1133247,63051,61776,1083,62859,663
2021-02-24,Del Norte,015,27424,1000,960,4,964,5
2021-02-24,El Dorado,017,186661,9125,8993,596,9589,98
2021-02-24,Fresno,019,978130,96255,94794,7761,102555,1369
2021-02-24,Glenn,021,27897,2244,2210,498,2708,14
2021-02-24,Humboldt,023,135768,3158,3123,22,3145,29
2021-02-24,Imperial,025,180216,27214,26843,2532,29375,596
2021-02-24,Inyo,027,18085,1294,1253,22,1275,32
2021-02-24,Kern,029,883053,93247,91525,9837,101362,992
2021-02-24,Kings,031,150075,22227,21871,986,22857,216
2021-02-24,Lake,033,64148,3176,3134,8,3142,40
2021-02-24,Lassen,035,31185,5115,5095,96,5191,1
2021-02-24,Los Angeles,037,10098052,1169843,1150322,39381,1189703,20817
2021-02-24,Madera,039,155013,15581,15390,828,16218,194
2021-02-24,Marin,041,260295,13162,13044,168,13212,214
2021-02-24,Mariposa,043,17540,376,374,6,380,4
2021-02-24,Mendocino,045,87422,3624,3540,68,3608,41
2021-02-24,Merced,047,269075,28408,28295,889,29184,383
2021-02-24,Modoc,049,8938,341,329,115,444,3
2021-02-24,Mono,051,14174,1175,1189,15,1204,3
2021-02-24,Monterey,053,433212,41892,41495,1723,43218,320
2021-02-24,Napa,055,140530,9037,8976,33,9009,70
2021-02-24,Nevada,057,99092,4001,3927,166,4093,66
2021-02-24,Orange,059,3164182,246967,244743,10247,254990,3835
2021-02-24,Placer,061,380077,20497,19648,1114,20762,239
2021-02-24,Plumas,063,18699,640,626,10,636,4
2021-02-24,Riverside,065,2383286,283735,278293,13408,291701,3603
2021-02-24,Sacramento,067,1510023,94324,92742,1254,93996,1375
2021-02-24,San Benito,069,59416,5744,5743,91,5834,57
2021-02-24,San Bernardino,071,2135413,285845,280583,8602,289185,3360
2021-02-24,San Diego,073,3302833,263586,258460,12791,271251,3230
2021-02-24,San Francisco,075,870044,34156,34061,1088,35149,406
2021-02-24,San Joaquin,077,732212,66698,65274,2795,68069,1019
2021-02-24,San Luis Obispo,079,281455,19597,19309,565,19874,233
2021-02-24,San Mateo,081,765935,39495,38763,410,39173,300
2021-02-24,Santa Barbara,083,443738,32740,31563,1121,32684,405
2021-02-24,Santa Clara,085,1922200,110181,109671,585,110256,1674
2021-02-24,Santa Cruz,087,273765,15372,14458,798,15256,185
2021-02-24,Shasta,089,179085,10958,10922,1224,12146,148
2021-02-24,Sierra,091,2930,51,47,13,60,0
2021-02-24,Siskiyou,093,43540,1489,1385,232,1617,4
2021-02-24,Solano,095,438530,29790,29577,359,29936,158
2021-02-24,Sonoma,097,501317,27951,27954,205,28159,278
2021-02-24,Stanislaus,099,539301,50568,49851,5376,55227,732
2021-02-24,Sutter,101,95872,8857,8778,82,8860,99
2021-02-24,Tehama,103,63373,4597,4566,496,5062,31
2021-02-24,Trinity,105,12862,463,294,72,366,3
2021-02-24,Tulare,107,460477,48154,46976,8091,55067,759
2021-02-24,Tuolumne,109,53932,3894,3887,31,3918,53
2021-02-24,Ventura,111,848112,77740,77238,2794,80032,718
2021-02-24,Yolo,113,214977,12873,12760,221,12981,188
2021-02-24,Yuba,115,75493,5490,5425,87,5512,39
2021-02-23,Alameda,001,1643700,80639,79948,1747,81695,1070
2021-02-23,Alpine,003,1148,79,77,0,77,0
2021-02-23,Amador,005,37829,3466,3440,30,3470,41
2021-02-23,Butte,007,227075,11309,10887,1623,12510,176
2021-02-23,Calaveras,009,45235,1895,1863,12,1875,21
2021-02-23,Colusa,011,21464,1867,1862,266,2128,11
2021-02-23,Contra Costa,013,1133247,62917,61613,1080,62693,661
2021-02-23,Del Norte,015,27424,998,953,4,957,3
2021-02-23,El Dorado,017,186661,9112,8969,596,9565,96
2021-02-23,Fresno,019,978130,96094,94741,7747,102488,1356
2021-02-23,Glenn,021,27897,2242,2209,498,2707,14
2021-02-23,Humboldt,023,135768,3141,3108,22,3130,29
2021-02-23,Imperial,025,180216,27194,26816,2527,29343,591
2021-02-23,Inyo,027,18085,1290,1250,22,1272,32
2021-02-23,Kern,029,883053,93108,91390,9809,101199,982
2021-02-23,Kings,031,150075,22212,21839,982,22821,216
2021-02-23,Lake,033,64148,3168,3121,8,3129,40
2021-02-23,Lassen,035,31185,5112,5092,96,5188,1
2021-02-23,Los Angeles,037,10098052,1168977,1148965,39326,1188291,19887
2021-02-23,Madera,039,155013,15567,15352,822,16174,193
2021-02-23,Marin,041,260295,13142,13015,167,13182,214
2021-02-23,Mariposa,043,17540,376,374,6,380,4
2021-02-23,Mendocino,045,87422,3622,3540,67,3607,41
2021-02-23,Merced,047,269075,28320,28209,888,29097,381
2021-02-23,Modoc,049,8938,340,328,114,442,3
2021-02-23,Mono,051,14174,1175,1189,15,1204,3
2021-02-23,Monterey,053,433212,41851,41439,1717,43156,317
2021-02-23,Napa,055,140530,9025,8967,33,9000,70
2021-02-23,Nevada,057,99092,3993,3912,166,4078,66
2021-02-23,Orange,059,3164182,246770,244566,10228,254794,3843
2021-02-23,Placer,061,380077,20471,19608,1110,20718,238
2021-02-23,Plumas,063,18699,639,626,10,636,4
2021-02-23,Riverside,065,2383286,283503,278075,13395,291470,3599
2021-02-23,Sacramento,067,1510023,94167,92632,1248,93880,1370
2021-02-23,San Benito,069,59416,5738,5731,90,5821,57
2021-02-23,San Bernardino,071,2135413,285656,280279,8597,288876,3283
2021-02-23,San Diego,073,3302833,263211,257802,12761,270563,3218
2021-02-23,San Francisco,075,870044,34107,33994,1087,35081,405
2021-02-23,San Joaquin,077,732212,66599,65141,2788,67929,1004
2021-02-23,San Luis Obispo,079,281455,19568,19233,564,19797,230
2021-02-23,San Mateo,081,765935,39434,38662,410,39072,299
2021-02-23,Santa Barbara,083,443738,32686,31483,1119,32602,402
2021-02-23,Santa Clara,085,1922200,109984,109449,582,110031,1661
2021-02-23,Santa Cruz,087,273765,15343,14435,796,15231,178
2021-02-23,Shasta,089,179085,10946,10903,1220,12123,146
2021-02-23,Sierra,091,2930,51,47,13,60,0
2021-02-23,Siskiyou,093,43540,1484,1380,230,1610,4
2021-02-23,Solano,095,438530,29750,29545,356,29901,154
2021-02-23,Sonoma,097,501317,27908,27882,202,28084,278
2021-02-23,Stanislaus,099,539301,50490,49749,5360,55109,722
2021-02-23,Sutter,101,95872,8844,8766,82,8848,98
2021-02-23,Tehama,103,63373,4593,4556,495,5051,30
2021-02-23,Trinity,105,12862,463,292,71,363,3
2021-02-23,Tulare,107,460477,48075,46937,8056,54993,757
2021-02-23,Tuolumne,109,53932,3890,3864,31,3895,53
2021-02-23,Ventura,111,848112,77624,77093,2785,79878,689
2021-02-23,Yolo,113,214977,12844,12729,221,12950,188
2021-02-23,Yuba,115,75493,5477,5417,86,5503,38
2021-02-22,Alameda,001,1643700,80488,79796,1744,81540,1062
2021-02-22,Alpine,003,1148,79,77,0,77,0
2021-02-22,Amador,005,37829,3461,3438,30,3468,39
2021-02-22,Butte,007,227075,11296,10855,1618,12473,176
2021-02-22,Calaveras,009,45235,1893,1862,12,1874,21
2021-02-22,Colusa,011,21464,1867,1860,266,2126,11
2021-02-22,Contra Costa,013,1133247,62782,61478,1078,62556,661
2021-02-22,Del Norte,015,27424,997,948,4,952,3
2021-02-22,El Dorado,017,186661,9095,8940,596,9536,96
2021-02-22,Fresno,019,978130,95932,94584,7730,102314,1351
2021-02-22,Glenn,021,27897,2236,2207,496,2703,14
2021-02-22,Humboldt,023,135768,3129,3095,22,3117,29
2021-02-22,Imperial,025,180216,27171,26778,2519,29297,590
2021-02-22,Inyo,027,18085,1285,1248,22,1270,32
2021-02-22,Kern,029,883053,92991,91201,9787,100988,982
2021-02-22,Kings,031,150075,22189,21801,979,22780,214
2021-02-22,Lake,033,64148,3162,3107,8,3115,40
2021-02-22,Lassen,035,31185,5112,5088,95,5183,1
2021-02-22,Los Angeles,037,10098052,1168105,1147541,39270,1186811,19730
2021-02-22,Madera,039,155013,15542,15325,818,16143,193
2021-02-22,Marin,041,260295,13118,12991,164,13155,213
2021-02-22,Mariposa,043,17540,375,374,6,380,4
2021-02-22,Mendocino,045,87422,3616,3535,67,3602,41
2021-02-22,Merced,047,269075,28252,28166,886,29052,379
2021-02-22,Modoc,049,8938,340,329,114,443,3
2021-02-22,Mono,051,14174,1171,1189,15,1204,3
2021-02-22,Monterey,053,433212,41800,41397,1710,43107,311
2021-02-22,Napa,055,140530,8998,8950,33,8983,69
2021-02-22,Nevada,057,99092,3984,3900,164,4064,66
2021-02-22,Orange,059,3164182,246534,244118,10210,254328,3843
2021-02-22,Placer,061,380077,20435,19587,1102,20689,238
2021-02-22,Plumas,063,18699,639,625,10,635,4
2021-02-22,Riverside,065,2383286,283242,277730,13387,291117,3567
2021-02-22,Sacramento,067,1510023,94000,92476,1237,93713,1359
2021-02-22,San Benito,069,59416,5736,5723,90,5813,57
2021-02-22,San Bernardino,071,2135413,285474,279984,8584,288568,3259
2021-02-22,San Diego,073,3302833,262801,257348,12728,270076,3189
2021-02-22,San Francisco,075,870044,34047,33947,1082,35029,405
2021-02-22,San Joaquin,077,732212,66499,65060,2775,67835,1001
2021-02-22,San Luis Obispo,079,281455,19531,19198,562,19760,229
2021-02-22,San Mateo,081,765935,39377,38542,407,38949,282
2021-02-22,Santa Barbara,083,443738,32621,31421,1116,32537,399
2021-02-22,Santa Clara,085,1922200,109772,109213,571,109784,1655
2021-02-22,Santa Cruz,087,273765,15317,14417,796,15213,176
2021-02-22,Shasta,089,179085,10931,10872,1215,12087,145
2021-02-22,Sierra,091,2930,51,47,13,60,0
2021-02-22,Siskiyou,093,43540,1478,1373,229,1602,4
2021-02-22,Solano,095,438530,29711,29508,355,29863,150
2021-02-22,Sonoma,097,501317,27863,27845,201,28046,278
2021-02-22,Stanislaus,099,539301,50385,49630,5341,54971,722
2021-02-22,Sutter,101,95872,8836,8698,82,8780,98
2021-02-22,Tehama,103,63373,4584,4550,495,5045,30
2021-02-22,Trinity,105,12862,463,287,70,357,3
2021-02-22,Tulare,107,460477,48012,46879,8024,54903,751
2021-02-22,Tuolumne,109,53932,3886,3856,31,3887,53
2021-02-22,Ventura,111,848112,77496,76947,2780,79727,677
2021-02-22,Yolo,113,214977,12817,12689,221,12910,183
2021-02-22,Yuba,115,75493,5474,5404,85,5489,38
2021-02-21,Alameda,001,1643700,80294,79649,1739,81388,1061
2021-02-21,Alpine,003,1148,79,77,0,77,0
2021-02-21,Amador,005,37829,3453,3435,30,3465,39
2021-02-21,Butte,007,227075,11273,10855,1616,12471,176
2021-02-21,Calaveras,009,45235,1892,1860,12,1872,21
2021-02-21,Colusa,011,21464,1866,1860,262,2122,11
2021-02-21,Contra Costa,013,1133247,62617,61364,1075,62439,661
2021-02-21,Del Norte,015,27424,991,942,4,946,3
2021-02-21,El Dorado,017,186661,9077,8927,595,9522,96
2021-02-21,Fresno,019,978130,95789,94374,7712,102086,1349
2021-02-21,Glenn,021,27897,2234,2201,494,2695,14
2021-02-21,Humboldt,023,135768,3117,3096,22,3118,29
2021-02-21,Imperial,025,180216,27152,26779,2515,29294,590
2021-02-21,Inyo,027,18085,1279,1232,22,1254,32
2021-02-21,Kern,029,883053,92866,91141,9748,100889,980
2021-02-21,Kings,031,150075,22153,21784,977,22761,213
2021-02-21,Lake,033,64148,3154,3100,8,3108,40
2021-02-21,Lassen,035,31185,5104,5077,95,5172,1
2021-02-21,Los Angeles,037,10098052,1167075,1146756,39222,1185978,19711
2021-02-21,Madera,039,155013,15509,15298,815,16113,192
2021-02-21,Marin,041,260295,13088,12968,164,13132,212
2021-02-21,Mariposa,043,17540,375,373,6,379,4
2021-02-21,Mendocino,045,87422,3611,3535,67,3602,41
2021-02-21,Merced,047,269075,28162,28106,874,28980,379
2021-02-21,Modoc,049,8938,337,329,114,443,3
2021-02-21,Mono,051,14174,1171,1189,15,1204,3
2021-02-21,Monterey,053,433212,41744,41373,1699,43072,309
2021-02-21,Napa,055,140530,8983,8929,33,8962,69
2021-02-21,Nevada,057,99092,3971,3895,164,4059,66
2021-02-21,Orange,059,3164182,246234,243985,10193,254178,3801
2021-02-21,Placer,061,380077,20399,19553,1098,20651,238
2021-02-21,Plumas,063,18699,639,625,10,635,4
2021-02-21,Riverside,065,2383286,283011,277555,13374,290929,3564
2021-02-21,Sacramento,067,1510023,93790,92288,1224,93512,1354
2021-02-21,San Benito,069,59416,5726,5716,87,5803,57
2021-02-21,San Bernardino,071,2135413,285227,279870,8570,288440,3247
2021-02-21,San Diego,073,3302833,262367,257027,12682,269709,3190
2021-02-21,San Francisco,075,870044,33982,33891,1078,34969,405
2021-02-21,San Joaquin,077,732212,66350,64997,2762,67759,1001
2021-02-21,San Luis Obispo,079,281455,19498,19178,560,19738,229
2021-02-21,San Mateo,081,765935,39317,38448,403,38851,282
2021-02-21,Santa Barbara,083,443738,32559,31374,1113,32487,399
2021-02-21,Santa Clara,085,1922200,109546,108992,562,109554,1654
2021-02-21,Santa Cruz,087,273765,15294,14401,795,15196,176
2021-02-21,Shasta,089,179085,10916,10867,1210,12077,145
2021-02-21,Sierra,091,2930,51,47,13,60,0
2021-02-21,Siskiyou,093,43540,1472,1371,229,1600,4
2021-02-21,Solano,095,438530,29654,29471,354,29825,150
2021-02-21,Sonoma,097,501317,27797,27793,194,27987,278
2021-02-21,Stanislaus,099,539301,50259,49527,5325,54852,726
2021-02-21,Sutter,101,95872,8818,8687,81,8768,97
2021-02-21,Tehama,103,63373,4572,4547,495,5042,30
2021-02-21,Trinity,105,12862,461,286,70,356,3
2021-02-21,Tulare,107,460477,47942,46830,7989,54819,749
2021-02-21,Tuolumne,109,53932,3872,3828,31,3859,53
2021-02-21,Ventura,111,848112,77348,76862,2766,79628,677
2021-02-21,Yolo,113,214977,12786,12670,221,12891,183
2021-02-21,Yuba,115,75493,5466,5396,84,5480,38
2021-02-20,Alameda,001,1643700,80204,79496,1735,81231,1055
2021-02-20,Alpine,003,1148,79,77,0,77,0
2021-02-20,Amador,005,37829,3451,3432,30,3462,39
2021-02-20,Butte,007,227075,11265,10838,1614,12452,176
2021-02-20,Calaveras,009,45235,1891,1858,12,1870,21
2021-02-20,Colusa,011,21464,1865,1858,262,2120,11
2021-02-20,Contra Costa,013,1133247,62528,61205,1073,62278,663
2021-02-20,Del Norte,015,27424,987,937,4,941,3
2021-02-20,El Dorado,017,186661,9067,8911,595,9506,96
2021-02-20,Fresno,019,978130,95705,94234,7693,101927,1341
2021-02-20,Glenn,021,27897,2231,2199,493,2692,14
2021-02-20,Humboldt,023,135768,3109,3073,22,3095,29
2021-02-20,Imperial,025,180216,27144,26771,2515,29286,590
2021-02-20,Inyo,027,18085,1275,1226,22,1248,32
2021-02-20,Kern,029,883053,92794,91025,9716,100741,968
2021-02-20,Kings,031,150075,22135,21773,976,22749,212
2021-02-20,Lake,033,64148,3147,3089,8,3097,40
2021-02-20,Lassen,035,31185,5102,5067,95,5162,1
2021-02-20,Los Angeles,037,10098052,1166510,1145594,39179,1184773,19630
2021-02-20,Madera,039,155013,15489,15274,814,16088,191
2021-02-20,Marin,041,260295,13067,12945,162,13107,211
2021-02-20,Mariposa,043,17540,375,372,6,378,4
2021-02-20,Mendocino,045,87422,3609,3533,67,3600,40
2021-02-20,Merced,047,269075,28117,28066,872,28938,379
2021-02-20,Modoc,049,8938,337,328,114,442,3
2021-02-20,Mono,051,14174,1170,1187,15,1202,3
2021-02-20,Monterey,053,433212,41724,41313,1697,43010,309
2021-02-20,Napa,055,140530,8974,8910,33,8943,69
2021-02-20,Nevada,057,99092,3961,3887,163,4050,66
2021-02-20,Orange,059,3164182,246066,243761,10180,253941,3755
2021-02-20,Placer,061,380077,20359,19509,1094,20603,236
2021-02-20,Plumas,063,18699,639,626,10,636,4
2021-02-20,Riverside,065,2383286,282858,277267,13364,290631,3559
2021-02-20,Sacramento,067,1510023,93666,92057,1222,93279,1352
2021-02-20,San Benito,069,59416,5714,5709,87,5796,57
2021-02-20,San Bernardino,071,2135413,285126,279608,8565,288173,3203
2021-02-20,San Diego,073,3302833,262125,256510,12653,269163,3188
2021-02-20,San Francisco,075,870044,33940,33820,1069,34889,399
2021-02-20,San Joaquin,077,732212,66277,64916,2757,67673,1001
2021-02-20,San Luis Obispo,079,281455,19474,19138,559,19697,229
2021-02-20,San Mateo,081,765935,39273,38371,402,38773,282
2021-02-20,Santa Barbara,083,443738,32524,31289,1112,32401,396
2021-02-20,Santa Clara,085,1922200,109370,108728,559,109287,1649
2021-02-20,Santa Cruz,087,273765,15283,14378,793,15171,176
2021-02-20,Shasta,089,179085,10902,10850,1205,12055,146
2021-02-20,Sierra,091,2930,51,47,13,60,0
2021-02-20,Siskiyou,093,43540,1469,1366,229,1595,4
2021-02-20,Solano,095,438530,29639,29440,352,29792,150
2021-02-20,Sonoma,097,501317,27768,27703,192,27895,278
2021-02-20,Stanislaus,099,539301,50204,49445,5312,54757,733
2021-02-20,Sutter,101,95872,8812,8681,81,8762,97
2021-02-20,Tehama,103,63373,4571,4545,495,5040,30
2021-02-20,Trinity,105,12862,460,285,69,354,3
2021-02-20,Tulare,107,460477,47906,46769,7967,54736,739
2021-02-20,Tuolumne,109,53932,3867,3823,31,3854,53
2021-02-20,Ventura,111,848112,77252,76757,2763,79520,671
2021-02-20,Yolo,113,214977,12772,12639,220,12859,183
2021-02-20,Yuba,115,75493,5463,5386,84,5470,38
2021-02-19,Alameda,001,1643700,80101,79318,1731,81049,1047
2021-02-19,Alpine,003,1148,79,77,0,77,0
2021-02-19,Amador,005,37829,3447,3427,30,3457,39
2021-02-19,Butte,007,227075,11255,10823,1609,12432,176
2021-02-19,Calaveras,009,45235,1890,1856,12,1868,21
2021-02-19,Colusa,011,21464,1865,1858,262,2120,11
2021-02-19,Contra Costa,013,1133247,62420,61017,1071,62088,651
2021-02-19,Del Norte,015,27424,982,932,4,936,2
2021-02-19,El Dorado,017,186661,9058,8882,594,9476,96
2021-02-19,Fresno,019,978130,95574,93973,7677,101650,1330
2021-02-19,Glenn,021,27897,2226,2199,492,2691,14
2021-02-19,Humboldt,023,135768,3097,3037,22,3059,29
2021-02-19,Imperial,025,180216,27139,26751,2512,29263,589
2021-02-19,Inyo,027,18085,1270,1212,22,1234,32
2021-02-19,Kern,029,883053,92724,90807,9673,100480,963
2021-02-19,Kings,031,150075,22121,21724,974,22698,211
2021-02-19,Lake,033,64148,3141,3078,8,3086,40
2021-02-19,Lassen,035,31185,5101,5057,95,5152,1
2021-02-19,Los Angeles,037,10098052,1165763,1143828,39138,1182966,19498
2021-02-19,Madera,039,155013,15472,15222,812,16034,188
2021-02-19,Marin,041,260295,13043,12919,160,13079,210
2021-02-19,Mariposa,043,17540,375,371,6,377,4
2021-02-19,Mendocino,045,87422,3607,3526,67,3593,39
2021-02-19,Merced,047,269075,28086,27985,869,28854,376
2021-02-19,Modoc,049,8938,337,328,114,442,3
2021-02-19,Mono,051,14174,1170,1186,15,1201,3
2021-02-19,Monterey,053,433212,41695,41209,1693,42902,309
2021-02-19,Napa,055,140530,8962,8899,33,8932,69
2021-02-19,Nevada,057,99092,3955,3863,163,4026,66
2021-02-19,Orange,059,3164182,245884,243397,10167,253564,3715
2021-02-19,Placer,061,380077,20337,19457,1094,20551,236
2021-02-19,Plumas,063,18699,637,624,10,634,4
2021-02-19,Riverside,065,2383286,282686,276941,13347,290288,3541
2021-02-19,Sacramento,067,1510023,93545,91815,1218,93033,1351
2021-02-19,San Benito,069,59416,5709,5699,87,5786,57
2021-02-19,San Bernardino,071,2135413,284999,279209,8560,287769,3117
2021-02-19,San Diego,073,3302833,261834,255799,12630,268429,3169
2021-02-19,San Francisco,075,870044,33892,33746,1063,34809,387
2021-02-19,San Joaquin,077,732212,66205,64774,2748,67522,988
2021-02-19,San Luis Obispo,079,281455,19444,19061,557,19618,230
2021-02-19,San Mateo,081,765935,39215,38256,400,38656,282
2021-02-19,Santa Barbara,083,443738,32460,31204,1111,32315,392
2021-02-19,Santa Clara,085,1922200,109157,108400,557,108957,1634
2021-02-19,Santa Cruz,087,273765,15268,14354,793,15147,176
2021-02-19,Shasta,089,179085,10890,10833,1202,12035,140
2021-02-19,Sierra,091,2930,51,47,13,60,0
2021-02-19,Siskiyou,093,43540,1465,1363,227,1590,4
2021-02-19,Solano,095,438530,29608,29383,351,29734,150
2021-02-19,Sonoma,097,501317,27721,27595,190,27785,280
2021-02-19,Stanislaus,099,539301,50143,49282,5296,54578,739
2021-02-19,Sutter,101,95872,8802,8665,81,8746,96
2021-02-19,Tehama,103,63373,4569,4535,495,5030,30
2021-02-19,Trinity,105,12862,458,282,67,349,3
2021-02-19,Tulare,107,460477,47859,46662,7942,54604,736
2021-02-19,Tuolumne,109,53932,3860,3817,31,3848,52
2021-02-19,Ventura,111,848112,77172,76582,2760,79342,667
2021-02-19,Yolo,113,214977,12756,12606,220,12826,183
2021-02-19,Yuba,115,75493,5453,5376,84,5460,38
2021-02-18,Alameda,001,1643700,79954,79111,1724,80835,1012
2021-02-18,Alpine,003,1148,79,77,0,77,0
2021-02-18,Amador,005,37829,3443,3417,29,3446,38
2021-02-18,Butte,007,227075,11237,10791,1606,12397,175
2021-02-18,Calaveras,009,45235,1885,1873,12,1885,21
2021-02-18,Colusa,011,21464,1863,1856,260,2116,11
2021-02-18,Contra Costa,013,1133247,62309,60868,1070,61938,640
2021-02-18,Del Norte,015,27424,977,929,4,933,2
2021-02-18,El Dorado,017,186661,9043,8850,593,9443,94
2021-02-18,Fresno,019,978130,95403,93734,7651,101385,1323
2021-02-18,Glenn,021,27897,2220,2195,492,2687,14
2021-02-18,Humboldt,023,135768,3085,3023,22,3045,29
2021-02-18,Imperial,025,180216,27113,26731,2507,29238,591
2021-02-18,Inyo,027,18085,1266,1213,21,1234,32
2021-02-18,Kern,029,883053,92566,90655,9645,100300,961
2021-02-18,Kings,031,150075,22097,21648,973,22621,211
2021-02-18,Lake,033,64148,3133,3066,8,3074,40
2021-02-18,Lassen,035,31185,5092,5052,95,5147,1
2021-02-18,Los Angeles,037,10098052,1164804,1141930,39072,1181002,19358
2021-02-18,Madera,039,155013,15450,15175,807,15982,188
2021-02-18,Marin,041,260295,13029,12895,160,13055,209
2021-02-18,Mariposa,043,17540,374,369,6,375,4
2021-02-18,Mendocino,045,87422,3604,3519,66,3585,39
2021-02-18,Merced,047,269075,28036,27870,863,28733,372
2021-02-18,Modoc,049,8938,335,327,113,440,3
2021-02-18,Mono,051,14174,1170,1182,15,1197,3
2021-02-18,Monterey,053,433212,41630,41091,1685,42776,307
2021-02-18,Napa,055,140530,8945,8877,33,8910,68
2021-02-18,Nevada,057,99092,3946,3836,162,3998,66
2021-02-18,Orange,059,3164182,245664,243098,10150,253248,3673
2021-02-18,Placer,061,380077,20310,19429,1093,20522,232
2021-02-18,Plumas,063,18699,637,624,10,634,4
2021-02-18,Riverside,065,2383286,282405,276595,13327,289922,3510
2021-02-18,Sacramento,067,1510023,93383,91476,1212,92688,1334
2021-02-18,San Benito,069,59416,5706,5697,86,5783,58
2021-02-18,San Bernardino,071,2135413,284789,278887,8546,287433,3066
2021-02-18,San Diego,073,3302833,261480,254987,12607,267594,3135
2021-02-18,San Francisco,075,870044,33834,33650,1060,34710,386
2021-02-18,San Joaquin,077,732212,66118,64634,2738,67372,982
2021-02-18,San Luis Obispo,079,281455,19402,18987,554,19541,230
2021-02-18,San Mateo,081,765935,39153,38185,396,38581,282
2021-02-18,Santa Barbara,083,443738,32381,31054,1103,32157,387
2021-02-18,Santa Clara,085,1922200,108931,108210,554,108764,1605
2021-02-18,Santa Cruz,087,273765,15242,14314,793,15107,176
2021-02-18,Shasta,089,179085,10870,10811,1199,12010,139
2021-02-18,Sierra,091,2930,50,47,13,60,0
2021-02-18,Siskiyou,093,43540,1460,1359,226,1585,4
2021-02-18,Solano,095,438530,29581,29349,350,29699,150
2021-02-18,Sonoma,097,501317,27653,27512,189,27701,281
2021-02-18,Stanislaus,099,539301,50045,49150,5281,54431,738
2021-02-18,Sutter,101,95872,8794,8654,81,8735,96
2021-02-18,Tehama,103,63373,4566,4528,494,5022,30
2021-02-18,Trinity,105,12862,457,282,67,349,3
2021-02-18,Tulare,107,460477,47798,46591,7902,54493,728
2021-02-18,Tuolumne,109,53932,3823,3811,31,3842,52
2021-02-18,Ventura,111,848112,77040,76442,2752,79194,659
2021-02-18,Yolo,113,214977,12729,12549,217,12766,183
2021-02-18,Yuba,115,75493,5436,5358,84,5442,38
2021-02-17,Alameda,001,1643700,79793,78895,1722,80617,1002
2021-02-17,Alpine,003,1148,79,77,0,77,0
2021-02-17,Amador,005,37829,3439,3415,29,3444,38
2021-02-17,Butte,007,227075,11219,10770,1603,12373,174
2021-02-17,Calaveras,009,45235,1885,1876,12,1888,21
2021-02-17,Colusa,011,21464,1860,1854,260,2114,10
2021-02-17,Contra Costa,013,1133247,62168,60723,1067,61790,635
2021-02-17,Del Norte,015,27424,971,920,4,924,2
2021-02-17,El Dorado,017,186661,9031,8847,593,9440,94
2021-02-17,Fresno,019,978130,95263,93555,7624,101179,1307
2021-02-17,Glenn,021,27897,2220,2189,491,2680,14
2021-02-17,Humboldt,023,135768,3070,3006,22,3028,29
2021-02-17,Imperial,025,180216,27098,26726,2505,29231,580
2021-02-17,Inyo,027,18085,1258,1197,21,1218,32
2021-02-17,Kern,029,883053,92447,90454,9599,100053,962
2021-02-17,Kings,031,150075,22059,21617,969,22586,211
2021-02-17,Lake,033,64148,3122,3057,4,3061,38
2021-02-17,Lassen,035,31185,5087,5052,94,5146,1
2021-02-17,Los Angeles,037,10098052,1163753,1139786,39009,1178795,19213
2021-02-17,Madera,039,155013,15424,15135,798,15933,177
2021-02-17,Marin,041,260295,13003,12881,160,13041,207
2021-02-17,Mariposa,043,17540,374,368,5,373,4
2021-02-17,Mendocino,045,87422,3602,3494,65,3559,39
2021-02-17,Merced,047,269075,27982,27824,854,28678,372
2021-02-17,Modoc,049,8938,335,327,113,440,3
2021-02-17,Mono,051,14174,1170,1180,15,1195,3
2021-02-17,Monterey,053,433212,41576,41014,1673,42687,304
2021-02-17,Napa,055,140530,8931,8865,33,8898,68
2021-02-17,Nevada,057,99092,3927,3822,159,3981,52
2021-02-17,Orange,059,3164182,245397,242716,10116,252832,3626
2021-02-17,Placer,061,380077,20277,19405,1089,20494,230
2021-02-17,Plumas,063,18699,636,623,10,633,4
2021-02-17,Riverside,065,2383286,282128,276289,13305,289594,3491
2021-02-17,Sacramento,067,1510023,93225,91309,1205,92514,1326
2021-02-17,San Benito,069,59416,5700,5661,86,5747,57
2021-02-17,San Bernardino,071,2135413,284581,278461,8526,286987,3020
2021-02-17,San Diego,073,3302833,261103,254177,12586,266763,3099
2021-02-17,San Francisco,075,870044,33758,33558,1055,34613,379
2021-02-17,San Joaquin,077,732212,66017,64556,2732,67288,979
2021-02-17,San Luis Obispo,079,281455,19357,18964,554,19518,230
2021-02-17,San Mateo,081,765935,39087,38124,395,38519,282
2021-02-17,Santa Barbara,083,443738,32313,30927,1102,32029,384
2021-02-17,Santa Clara,085,1922200,108699,107949,552,108501,1592
2021-02-17,Santa Cruz,087,273765,15209,14268,790,15058,174
2021-02-17,Shasta,089,179085,10850,10770,1198,11968,139
2021-02-17,Sierra,091,2930,50,47,13,60,0
2021-02-17,Siskiyou,093,43540,1454,1352,223,1575,4
2021-02-17,Solano,095,438530,29524,29288,350,29638,149
2021-02-17,Sonoma,097,501317,27579,27408,184,27592,281
2021-02-17,Stanislaus,099,539301,49936,49050,5265,54315,730
2021-02-17,Sutter,101,95872,8784,8681,81,8762,95
2021-02-17,Tehama,103,63373,4562,4511,493,5004,30
2021-02-17,Trinity,105,12862,457,277,65,342,3
2021-02-17,Tulare,107,460477,47732,46495,7875,54370,726
2021-02-17,Tuolumne,109,53932,3814,3806,31,3837,49
2021-02-17,Ventura,111,848112,76915,76234,2745,78979,646
2021-02-17,Yolo,113,214977,12712,12506,215,12721,182
2021-02-17,Yuba,115,75493,5427,5345,84,5429,38
2021-02-16,Alameda,001,1643700,79621,78756,1719,80475,997
2021-02-16,Alpine,003,1148,79,76,0,76,0
2021-02-16,Amador,005,37829,3432,3413,29,3442,39
2021-02-16,Butte,007,227075,11192,10748,1600,12348,164
2021-02-16,Calaveras,009,45235,1883,1872,12,1884,21
2021-02-16,Colusa,011,21464,1857,1852,258,2110,10
2021-02-16,Contra Costa,013,1133247,62020,60564,1062,61626,631
2021-02-16,Del Norte,015,27424,963,913,4,917,2
2021-02-16,El Dorado,017,186661,9021,8836,592,9428,94
2021-02-16,Fresno,019,978130,95099,93363,7595,100958,1293
2021-02-16,Glenn,021,27897,2211,2189,486,2675,14
2021-02-16,Humboldt,023,135768,3047,2994,21,3015,29
2021-02-16,Imperial,025,180216,27085,26711,2501,29212,580
2021-02-16,Inyo,027,18085,1250,1191,21,1212,32
2021-02-16,Kern,029,883053,92312,90267,9570,99837,959
2021-02-16,Kings,031,150075,22013,21583,965,22548,206
2021-02-16,Lake,033,64148,3113,3041,4,3045,38
2021-02-16,Lassen,035,31185,5075,5047,94,5141,1
2021-02-16,Los Angeles,037,10098052,1162505,1138262,38948,1177210,19044
2021-02-16,Madera,039,155013,15385,15120,793,15913,172
2021-02-16,Marin,041,260295,12979,12832,160,12992,205
2021-02-16,Mariposa,043,17540,374,367,5,372,4
2021-02-16,Mendocino,045,87422,3598,3489,65,3554,39
2021-02-16,Merced,047,269075,27909,27724,848,28572,368
2021-02-16,Modoc,049,8938,335,326,113,439,3
2021-02-16,Mono,051,14174,1170,1180,15,1195,3
2021-02-16,Monterey,053,433212,41502,40962,1664,42626,303
2021-02-16,Napa,055,140530,8918,8854,33,8887,66
2021-02-16,Nevada,057,99092,3914,3774,158,3932,47
2021-02-16,Orange,059,3164182,245074,242382,10100,252482,3612
2021-02-16,Placer,061,380077,20245,19367,1086,20453,230
2021-02-16,Plumas,063,18699,636,619,10,629,4
2021-02-16,Riverside,065,2383286,281825,275954,13281,289235,3471
2021-02-16,Sacramento,067,1510023,92970,91246,1199,92445,1305
2021-02-16,San Benito,069,59416,5692,5659,85,5744,56
2021-02-16,San Bernardino,071,2135413,284359,277947,8515,286462,2978
2021-02-16,San Diego,073,3302833,260640,253638,12548,266186,3042
2021-02-16,San Francisco,075,870044,33687,33491,1050,34541,373
2021-02-16,San Joaquin,077,732212,65895,64448,2729,67177,979
2021-02-16,San Luis Obispo,079,281455,19312,18925,551,19476,229
2021-02-16,San Mateo,081,765935,39028,38041,393,38434,277
2021-02-16,Santa Barbara,083,443738,32238,30865,1099,31964,378
2021-02-16,Santa Clara,085,1922200,108447,107754,549,108303,1591
2021-02-16,Santa Cruz,087,273765,15189,14256,789,15045,174
2021-02-16,Shasta,089,179085,10834,10736,1196,11932,139
2021-02-16,Sierra,091,2930,50,47,13,60,0
2021-02-16,Siskiyou,093,43540,1450,1351,223,1574,4
2021-02-16,Solano,095,438530,29484,29246,349,29595,148
2021-02-16,Sonoma,097,501317,27517,27380,178,27558,279
2021-02-16,Stanislaus,099,539301,49815,48927,5251,54178,716
2021-02-16,Sutter,101,95872,8761,8671,81,8752,95
2021-02-16,Tehama,103,63373,4553,4501,492,4993,30
2021-02-16,Trinity,105,12862,453,275,65,340,3
2021-02-16,Tulare,107,460477,47666,46444,7831,54275,716
2021-02-16,Tuolumne,109,53932,3812,3796,31,3827,49
2021-02-16,Ventura,111,848112,76770,76043,2741,78784,631
2021-02-16,Yolo,113,214977,12681,12457,215,12672,175
2021-02-16,Yuba,115,75493,5420,5332,83,5415,38
2021-02-15,Alameda,001,1643700,79423,78647,1708,80355,996
2021-02-15,Alpine,003,1148,79,76,0,76,0
2021-02-15,Amador,005,37829,3428,3409,29,3438,39
2021-02-15,Butte,007,227075,11174,10723,1596,12319,155
2021-02-15,Calaveras,009,45235,1879,1871,12,1883,21
2021-02-15,Colusa,011,21464,1857,1849,254,2103,10
2021-02-15,Contra Costa,013,1133247,61844,60444,1056,61500,631
2021-02-15,Del Norte,015,27424,959,913,4,917,2
2021-02-15,El Dorado,017,186661,9004,8816,592,9408,94
2021-02-15,Fresno,019,978130,94899,93231,7556,100787,1288
2021-02-15,Glenn,021,27897,2208,2185,483,2668,14
2021-02-15,Humboldt,023,135768,3040,2997,21,3018,29
2021-02-15,Imperial,025,180216,27066,26700,2496,29196,580
2021-02-15,Inyo,027,18085,1231,1184,21,1205,32
2021-02-15,Kern,029,883053,92168,90181,9537,99718,959
2021-02-15,Kings,031,150075,21968,21574,961,22535,205
2021-02-15,Lake,033,64148,3099,3030,3,3033,38
2021-02-15,Lassen,035,31185,5073,5047,93,5140,1
2021-02-15,Los Angeles,037,10098052,1161117,1137164,38884,1176048,18925
2021-02-15,Madera,039,155013,15354,15108,791,15899,106
2021-02-15,Marin,041,260295,12959,12810,157,12967,203
2021-02-15,Mariposa,043,17540,372,367,5,372,4
2021-02-15,Mendocino,045,87422,3586,3481,65,3546,39
2021-02-15,Merced,047,269075,27834,27656,841,28497,368
2021-02-15,Modoc,049,8938,335,326,113,439,3
2021-02-15,Mono,051,14174,1167,1178,15,1193,3
2021-02-15,Monterey,053,433212,41441,40911,1650,42561,302
2021-02-15,Napa,055,140530,8904,8837,33,8870,57
2021-02-15,Nevada,057,99092,3897,3767,157,3924,47
2021-02-15,Orange,059,3164182,244756,242176,10072,252248,3586
2021-02-15,Placer,061,380077,20219,19361,1085,20446,230
2021-02-15,Plumas,063,18699,636,620,10,630,4
2021-02-15,Riverside,065,2383286,281479,275771,13265,289036,3468
2021-02-15,Sacramento,067,1510023,92643,91091,1194,92285,1304
2021-02-15,San Benito,069,59416,5683,5649,85,5734,56
2021-02-15,San Bernardino,071,2135413,284103,277869,8507,286376,2945
2021-02-15,San Diego,073,3302833,260126,252940,12517,265457,3037
2021-02-15,San Francisco,075,870044,33613,33454,1043,34497,373
2021-02-15,San Joaquin,077,732212,65730,64382,2722,67104,979
2021-02-15,San Luis Obispo,079,281455,19259,18891,549,19440,227
2021-02-15,San Mateo,081,765935,38951,37969,390,38359,277
2021-02-15,Santa Barbara,083,443738,32136,30810,1096,31906,378
2021-02-15,Santa Clara,085,1922200,108212,107630,547,108177,1588
2021-02-15,Santa Cruz,087,273765,15157,14239,786,15025,175
2021-02-15,Shasta,089,179085,10814,10730,1191,11921,139
2021-02-15,Sierra,091,2930,50,47,13,60,0
2021-02-15,Siskiyou,093,43540,1442,1345,222,1567,4
2021-02-15,Solano,095,438530,29429,29225,349,29574,148
2021-02-15,Sonoma,097,501317,27432,27359,174,27533,276
2021-02-15,Stanislaus,099,539301,49690,48808,5238,54046,716
2021-02-15,Sutter,101,95872,8746,8652,81,8733,95
2021-02-15,Tehama,103,63373,4542,4492,490,4982,30
2021-02-15,Trinity,105,12862,452,274,65,339,3
2021-02-15,Tulare,107,460477,47593,46344,7791,54135,715
2021-02-15,Tuolumne,109,53932,3802,3794,31,3825,49
2021-02-15,Ventura,111,848112,76614,75889,2738,78627,629
2021-02-15,Yolo,113,214977,12644,12412,209,12621,175
2021-02-15,Yuba,115,75493,5403,5320,82,5402,38
2021-02-14,Alameda,001,1643700,79267,78442,1707,80149,995
2021-02-14,Alpine,003,1148,79,76,0,76,0
2021-02-14,Amador,005,37829,3423,3398,29,3427,39
2021-02-14,Butte,007,227075,11150,10717,1591,12308,155
2021-02-14,Calaveras,009,45235,1876,1866,12,1878,21
2021-02-14,Colusa,011,21464,1853,1845,251,2096,10
2021-02-14,Contra Costa,013,1133247,61696,60272,1053,61325,631
2021-02-14,Del Norte,015,27424,955,911,4,915,2
2021-02-14,El Dorado,017,186661,8973,8790,591,9381,94
2021-02-14,Fresno,019,978130,94729,93065,7532,100597,1287
2021-02-14,Glenn,021,27897,2206,2184,483,2667,14
2021-02-14,Humboldt,023,135768,3027,2992,21,3013,29
2021-02-14,Imperial,025,180216,27058,26696,2495,29191,580
2021-02-14,Inyo,027,18085,1225,1177,21,1198,32
2021-02-14,Kern,029,883053,92008,90038,9483,99521,959
2021-02-14,Kings,031,150075,21942,21538,959,22497,205
2021-02-14,Lake,033,64148,3090,3030,3,3033,38
2021-02-14,Lassen,035,31185,5069,5037,93,5130,1
2021-02-14,Los Angeles,037,10098052,1159779,1135450,38797,1174247,18898
2021-02-14,Madera,039,155013,15322,15089,787,15876,106
2021-02-14,Marin,041,260295,12935,12784,157,12941,201
2021-02-14,Mariposa,043,17540,372,365,5,370,4
2021-02-14,Mendocino,045,87422,3581,3475,65,3540,39
2021-02-14,Merced,047,269075,27756,27601,836,28437,368
2021-02-14,Modoc,049,8938,335,326,113,439,3
2021-02-14,Mono,051,14174,1166,1180,15,1195,3
2021-02-14,Monterey,053,433212,41391,40842,1646,42488,302
2021-02-14,Napa,055,140530,8884,8826,33,8859,57
2021-02-14,Nevada,057,99092,3881,3761,157,3918,47
2021-02-14,Orange,059,3164182,244445,241859,10053,251912,3564
2021-02-14,Placer,061,380077,20180,19313,1080,20393,230
2021-02-14,Plumas,063,18699,635,620,10,630,4
2021-02-14,Riverside,065,2383286,281161,275518,13246,288764,3471
2021-02-14,Sacramento,067,1510023,92436,90856,1190,92046,1304
2021-02-14,San Benito,069,59416,5675,5641,84,5725,56
2021-02-14,San Bernardino,071,2135413,283786,277664,8487,286151,2929
2021-02-14,San Diego,073,3302833,259634,252247,12469,264716,3037
2021-02-14,San Francisco,075,870044,33539,33374,1034,34408,372
2021-02-14,San Joaquin,077,732212,65631,64243,2708,66951,979
2021-02-14,San Luis Obispo,079,281455,19221,18868,546,19414,225
2021-02-14,San Mateo,081,765935,38867,37859,390,38249,277
2021-02-14,Santa Barbara,083,443738,32044,30744,1092,31836,377
2021-02-14,Santa Clara,085,1922200,108011,107412,543,107955,1582
2021-02-14,Santa Cruz,087,273765,15129,14225,781,15006,175
2021-02-14,Shasta,089,179085,10783,10720,1186,11906,139
2021-02-14,Sierra,091,2930,50,47,13,60,0
2021-02-14,Siskiyou,093,43540,1438,1340,222,1562,4
2021-02-14,Solano,095,438530,29391,29150,346,29496,148
2021-02-14,Sonoma,097,501317,27355,27266,172,27438,276
2021-02-14,Stanislaus,099,539301,49583,48672,5223,53895,716
2021-02-14,Sutter,101,95872,8723,8642,81,8723,95
2021-02-14,Tehama,103,63373,4534,4490,488,4978,30
2021-02-14,Trinity,105,12862,452,272,65,337,3
2021-02-14,Tulare,107,460477,47512,46263,7742,54005,715
2021-02-14,Tuolumne,109,53932,3801,3764,31,3795,49
2021-02-14,Ventura,111,848112,76439,75742,2727,78469,629
2021-02-14,Yolo,113,214977,12615,12399,208,12607,175
2021-02-14,Yuba,115,75493,5393,5314,82,5396,38
2021-02-13,Alameda,001,1643700,79152,78246,1704,79950,995
2021-02-13,Alpine,003,1148,79,76,0,76,0
2021-02-13,Amador,005,37829,3420,3387,29,3416,38
2021-02-13,Butte,007,227075,11134,10699,1590,12289,155
2021-02-13,Calaveras,009,45235,1872,1863,12,1875,21
2021-02-13,Colusa,011,21464,1853,1837,251,2088,10
2021-02-13,Contra Costa,013,1133247,61576,60100,1053,61153,629
2021-02-13,Del Norte,015,27424,953,908,4,912,2
2021-02-13,El Dorado,017,186661,8962,8758,590,9348,93
2021-02-13,Fresno,019,978130,94615,92807,7510,100317,1287
2021-02-13,Glenn,021,27897,2205,2182,483,2665,14
2021-02-13,Humboldt,023,135768,3014,2974,20,2994,29
2021-02-13,Imperial,025,180216,27051,26680,2493,29173,580
2021-02-13,Inyo,027,18085,1221,1168,21,1189,32
2021-02-13,Kern,029,883053,91919,89915,9458,99373,957
2021-02-13,Kings,031,150075,21927,21513,957,22470,205
2021-02-13,Lake,033,64148,3084,3025,3,3028,37
2021-02-13,Lassen,035,31185,5066,5028,93,5121,1
2021-02-13,Los Angeles,037,10098052,1158920,1133752,38750,1172502,18822
2021-02-13,Madera,039,155013,15313,15053,782,15835,106
2021-02-13,Marin,041,260295,12914,12757,157,12914,201
2021-02-13,Mariposa,043,17540,372,365,5,370,4
2021-02-13,Mendocino,045,87422,3571,3466,65,3531,38
2021-02-13,Merced,047,269075,27712,27541,833,28374,368
2021-02-13,Modoc,049,8938,335,325,113,438,3
2021-02-13,Mono,051,14174,1166,1176,15,1191,3
2021-02-13,Monterey,053,433212,41359,40731,1644,42375,301
2021-02-13,Napa,055,140530,8875,8809,33,8842,57
2021-02-13,Nevada,057,99092,3872,3742,156,3898,47
2021-02-13,Orange,059,3164182,244239,241545,10034,251579,3520
2021-02-13,Placer,061,380077,20160,19214,1080,20294,230
2021-02-13,Plumas,063,18699,635,616,10,626,4
2021-02-13,Riverside,065,2383286,280931,275276,13237,288513,3462
2021-02-13,Sacramento,067,1510023,92269,90401,1187,91588,1302
2021-02-13,San Benito,069,59416,5661,5633,84,5717,56
2021-02-13,San Bernardino,071,2135413,283634,277405,8475,285880,2899
2021-02-13,San Diego,073,3302833,259303,251679,12457,264136,3009
2021-02-13,San Francisco,075,870044,33489,33291,1023,34314,364
2021-02-13,San Joaquin,077,732212,65563,64105,2698,66803,977
2021-02-13,San Luis Obispo,079,281455,19193,18803,540,19343,225
2021-02-13,San Mateo,081,765935,38814,37745,390,38135,277
2021-02-13,Santa Barbara,083,443738,31992,30594,1090,31684,374
2021-02-13,Santa Clara,085,1922200,107826,107125,539,107664,1570
2021-02-13,Santa Cruz,087,273765,15102,14198,780,14978,173
2021-02-13,Shasta,089,179085,10771,10713,1181,11894,139
2021-02-13,Sierra,091,2930,50,47,13,60,0
2021-02-13,Siskiyou,093,43540,1435,1336,222,1558,4
2021-02-13,Solano,095,438530,29354,29084,346,29430,148
2021-02-13,Sonoma,097,501317,27309,27157,170,27327,276
2021-02-13,Stanislaus,099,539301,49514,48568,5217,53785,697
2021-02-13,Sutter,101,95872,8711,8626,81,8707,94
2021-02-13,Tehama,103,63373,4525,4484,487,4971,30
2021-02-13,Trinity,105,12862,451,272,64,336,3
2021-02-13,Tulare,107,460477,47463,46162,7710,53872,709
2021-02-13,Tuolumne,109,53932,3800,3752,31,3783,49
2021-02-13,Ventura,111,848112,76301,75481,2721,78202,618
2021-02-13,Yolo,113,214977,12603,12374,207,12581,175
2021-02-13,Yuba,115,75493,5385,5289,82,5371,38
2021-02-12,Alameda,001,1643700,79018,77958,1698,79656,974
2021-02-12,Alpine,003,1148,79,76,0,76,0
2021-02-12,Amador,005,37829,3416,3381,29,3410,38
2021-02-12,Butte,007,227075,11119,10655,1583,12238,155
2021-02-12,Calaveras,009,45235,1869,1860,12,1872,21
2021-02-12,Colusa,011,21464,1853,1836,251,2087,10
2021-02-12,Contra Costa,013,1133247,61426,59878,1049,60927,620
2021-02-12,Del Norte,015,27424,943,901,4,905,2
2021-02-12,El Dorado,017,186661,8946,8725,587,9312,92
2021-02-12,Fresno,019,978130,94461,92520,7490,100010,1273
2021-02-12,Glenn,021,27897,2202,2175,483,2658,14
2021-02-12,Humboldt,023,135768,3006,2961,20,2981,29
2021-02-12,Imperial,025,180216,27042,26646,2491,29137,585
2021-02-12,Inyo,027,18085,1215,1156,21,1177,32
2021-02-12,Kern,029,883053,91808,89532,9423,98955,949
2021-02-12,Kings,031,150075,21895,21462,951,22413,202
2021-02-12,Lake,033,64148,3080,3012,3,3015,36
2021-02-12,Lassen,035,31185,5064,5015,93,5108,1
2021-02-12,Los Angeles,037,10098052,1157717,1131185,38681,1169866,18637
2021-02-12,Madera,039,155013,15286,15022,779,15801,106
2021-02-12,Marin,041,260295,12888,12720,157,12877,200
2021-02-12,Mariposa,043,17540,371,365,5,370,4
2021-02-12,Mendocino,045,87422,3569,3447,65,3512,38
2021-02-12,Merced,047,269075,27661,27453,830,28283,367
2021-02-12,Modoc,049,8938,335,324,113,437,3
2021-02-12,Mono,051,14174,1165,1172,15,1187,3
2021-02-12,Monterey,053,433212,41312,40633,1635,42268,297
2021-02-12,Napa,055,140530,8863,8785,33,8818,55
2021-02-12,Nevada,057,99092,3867,3728,156,3884,47
2021-02-12,Orange,059,3164182,244000,241075,10020,251095,3505
2021-02-12,Placer,061,380077,20118,19174,1075,20249,230
2021-02-12,Plumas,063,18699,634,614,10,624,4
2021-02-12,Riverside,065,2383286,280657,274792,13219,288011,3438
2021-02-12,Sacramento,067,1510023,92066,90252,1186,91438,1295
2021-02-12,San Benito,069,59416,5645,5622,83,5705,56
2021-02-12,San Bernardino,071,2135413,283441,276890,8464,285354,2827
2021-02-12,San Diego,073,3302833,258920,250788,12431,263219,2979
2021-02-12,San Francisco,075,870044,33430,33179,1019,34198,359
2021-02-12,San Joaquin,077,732212,65469,63966,2690,66656,975
2021-02-12,San Luis Obispo,079,281455,19152,18687,539,19226,224
2021-02-12,San Mateo,081,765935,38742,37560,390,37950,254
2021-02-12,Santa Barbara,083,443738,31921,30454,1085,31539,372
2021-02-12,Santa Clara,085,1922200,107657,106759,536,107295,1543
2021-02-12,Santa Cruz,087,273765,15082,14147,780,14927,170
2021-02-12,Shasta,089,179085,10753,10693,1171,11864,142
2021-02-12,Sierra,091,2930,49,45,13,58,0
2021-02-12,Siskiyou,093,43540,1431,1324,219,1543,4
2021-02-12,Solano,095,438530,29322,28996,343,29339,147
2021-02-12,Sonoma,097,501317,27255,27064,166,27230,275
2021-02-12,Stanislaus,099,539301,49429,48418,5194,53612,697
2021-02-12,Sutter,101,95872,8697,8609,81,8690,93
2021-02-12,Tehama,103,63373,4517,4470,486,4956,27
2021-02-12,Trinity,105,12862,451,269,64,333,3
2021-02-12,Tulare,107,460477,47385,46016,7683,53699,710
2021-02-12,Tuolumne,109,53932,3798,3736,30,3766,49
2021-02-12,Ventura,111,848112,76133,75210,2714,77924,605
2021-02-12,Yolo,113,214977,12583,12340,207,12547,175
2021-02-12,Yuba,115,75493,5377,5274,82,5356,38
2021-02-11,Alameda,001,1643700,78789,77564,1693,79257,960
2021-02-11,Alpine,003,1148,78,76,0,76,0
2021-02-11,Amador,005,37829,3412,3368,29,3397,35
2021-02-11,Butte,007,227075,11095,10624,1581,12205,155
2021-02-11,Calaveras,009,45235,1866,1856,12,1868,21
2021-02-11,Colusa,011,21464,1848,1823,249,2072,10
2021-02-11,Contra Costa,013,1133247,61259,59633,1045,60678,605
2021-02-11,Del Norte,015,27424,938,894,4,898,2
2021-02-11,El Dorado,017,186661,8925,8698,587,9285,92
2021-02-11,Fresno,019,978130,94306,92168,7464,99632,1255
2021-02-11,Glenn,021,27897,2199,2166,481,2647,14
2021-02-11,Humboldt,023,135768,2993,2954,19,2973,29
2021-02-11,Imperial,025,180216,27019,26545,2489,29034,578
2021-02-11,Inyo,027,18085,1206,1144,21,1165,32
2021-02-11,Kern,029,883053,91617,89224,9379,98603,941
2021-02-11,Kings,031,150075,21865,21373,948,22321,202
2021-02-11,Lake,033,64148,3070,3002,3,3005,36
2021-02-11,Lassen,035,31185,5053,5004,90,5094,1
2021-02-11,Los Angeles,037,10098052,1156087,1128437,38611,1167048,18500
2021-02-11,Madera,039,155013,15265,14984,777,15761,106
2021-02-11,Marin,041,260295,12851,12682,157,12839,200
2021-02-11,Mariposa,043,17540,371,361,5,366,4
2021-02-11,Mendocino,045,87422,3562,3420,65,3485,38
2021-02-11,Merced,047,269075,27596,27325,826,28151,363
2021-02-11,Modoc,049,8938,334,317,113,430,3
2021-02-11,Mono,051,14174,1161,1173,15,1188,3
2021-02-11,Monterey,053,433212,41204,40469,1629,42098,295
2021-02-11,Napa,055,140530,8842,8777,33,8810,55
2021-02-11,Nevada,057,99092,3851,3720,155,3875,47
2021-02-11,Orange,059,3164182,243634,240590,9997,250587,3476
2021-02-11,Placer,061,380077,20078,19118,1074,20192,224
2021-02-11,Plumas,063,18699,633,592,10,602,4
2021-02-11,Riverside,065,2383286,280291,274313,13205,287518,3394
2021-02-11,Sacramento,067,1510023,91824,89988,1180,91168,1286
2021-02-11,San Benito,069,59416,5636,5609,83,5692,56
2021-02-11,San Bernardino,071,2135413,283125,276349,8450,284799,2774
2021-02-11,San Diego,073,3302833,258368,249971,12397,262368,2955
2021-02-11,San Francisco,075,870044,33345,33076,1009,34085,356
2021-02-11,San Joaquin,077,732212,65299,63719,2680,66399,971
2021-02-11,San Luis Obispo,079,281455,19087,18615,535,19150,219
2021-02-11,San Mateo,081,765935,38651,37439,387,37826,253
2021-02-11,Santa Barbara,083,443738,31827,30375,1080,31455,370
2021-02-11,Santa Clara,085,1922200,107400,106392,530,106922,1507
2021-02-11,Santa Cruz,087,273765,15059,14088,775,14863,165
2021-02-11,Shasta,089,179085,10729,10672,1167,11839,140
2021-02-11,Sierra,091,2930,49,45,13,58,0
2021-02-11,Siskiyou,093,43540,1416,1320,219,1539,4
2021-02-11,Solano,095,438530,29270,28885,343,29228,138
2021-02-11,Sonoma,097,501317,27172,26971,163,27134,272
2021-02-11,Stanislaus,099,539301,49285,48205,5183,53388,697
2021-02-11,Sutter,101,95872,8683,8590,80,8670,93
2021-02-11,Tehama,103,63373,4511,4463,486,4949,26
2021-02-11,Trinity,105,12862,451,269,64,333,3
2021-02-11,Tulare,107,460477,47291,45897,7640,53537,706
2021-02-11,Tuolumne,109,53932,3761,3716,30,3746,48
2021-02-11,Ventura,111,848112,75932,74959,2705,77664,590
2021-02-11,Yolo,113,214977,12560,12303,205,12508,173
2021-02-11,Yuba,115,75493,5363,5261,80,5341,38
2021-02-10,Alameda,001,1643700,78585,77344,1692,79036,944
2021-02-10,Alpine,003,1148,78,76,0,76,0
2021-02-10,Amador,005,37829,3400,3348,29,3377,35
2021-02-10,Butte,007,227075,11069,10594,1580,12174,155
2021-02-10,Calaveras,009,45235,1864,1850,12,1862,21
2021-02-10,Colusa,011,21464,1841,1815,247,2062,10
2021-02-10,Contra Costa,013,1133247,61087,59488,1043,60531,590
2021-02-10,Del Norte,015,27424,932,888,4,892,2
2021-02-10,El Dorado,017,186661,8894,8682,583,9265,87
2021-02-10,Fresno,019,978130,94131,91876,7438,99314,1247
2021-02-10,Glenn,021,27897,2197,2160,478,2638,14
2021-02-10,Humboldt,023,135768,2985,2924,19,2943,29
2021-02-10,Imperial,025,180216,26979,26522,2486,29008,578
2021-02-10,Inyo,027,18085,1194,1138,21,1159,30
2021-02-10,Kern,029,883053,91410,88933,9325,98258,926
2021-02-10,Kings,031,150075,21822,21294,946,22240,197
2021-02-10,Lake,033,64148,3057,2975,3,2978,36
2021-02-10,Lassen,035,31185,5049,4993,90,5083,1
2021-02-10,Los Angeles,037,10098052,1154344,1125437,38481,1163918,18338
2021-02-10,Madera,039,155013,15227,14925,775,15700,105
2021-02-10,Marin,041,260295,12814,12651,157,12808,199
2021-02-10,Mariposa,043,17540,369,360,5,365,4
2021-02-10,Mendocino,045,87422,3547,3395,65,3460,38
2021-02-10,Merced,047,269075,27514,27246,815,28061,359
2021-02-10,Modoc,049,8938,333,315,111,426,3
2021-02-10,Mono,051,14174,1156,1170,15,1185,3
2021-02-10,Monterey,053,433212,41123,40366,1615,41981,288
2021-02-10,Napa,055,140530,8823,8769,33,8802,55
2021-02-10,Nevada,057,99092,3836,3693,153,3846,47
2021-02-10,Orange,059,3164182,243214,239974,9966,249940,3439
2021-02-10,Placer,061,380077,20039,19062,1069,20131,220
2021-02-10,Plumas,063,18699,630,589,10,599,2
2021-02-10,Riverside,065,2383286,279878,273721,13195,286916,3374
2021-02-10,Sacramento,067,1510023,91573,89653,1176,90829,1275
2021-02-10,San Benito,069,59416,5622,5591,83,5674,55
2021-02-10,San Bernardino,071,2135413,282762,275616,8434,284050,2696
2021-02-10,San Diego,073,3302833,257787,248858,12359,261217,2904
2021-02-10,San Francisco,075,870044,33263,32955,1006,33961,351
2021-02-10,San Joaquin,077,732212,65158,63484,2666,66150,954
2021-02-10,San Luis Obispo,079,281455,19008,18549,533,19082,216
2021-02-10,San Mateo,081,765935,38561,37323,387,37710,245
2021-02-10,Santa Barbara,083,443738,31737,30216,1075,31291,359
2021-02-10,Santa Clara,085,1922200,107161,106048,527,106575,1489
2021-02-10,Santa Cruz,087,273765,15023,14007,773,14780,165
2021-02-10,Shasta,089,179085,10706,10645,1164,11809,142
2021-02-10,Sierra,091,2930,49,45,13,58,0
2021-02-10,Siskiyou,093,43540,1411,1314,218,1532,4
2021-02-10,Solano,095,438530,29195,28835,341,29176,137
2021-02-10,Sonoma,097,501317,27080,26881,161,27042,271
2021-02-10,Stanislaus,099,539301,49170,48016,5166,53182,696
2021-02-10,Sutter,101,95872,8666,8571,80,8651,93
2021-02-10,Tehama,103,63373,4503,4445,486,4931,23
2021-02-10,Trinity,105,12862,448,268,64,332,3
2021-02-10,Tulare,107,460477,47175,45782,7601,53383,696
2021-02-10,Tuolumne,109,53932,3753,3691,30,3721,48
2021-02-10,Ventura,111,848112,75705,74651,2688,77339,580
2021-02-10,Yolo,113,214977,12536,12276,204,12480,174
2021-02-10,Yuba,115,75493,5345,5241,80,5321,38
2021-02-09,Alameda,001,1643700,78323,77018,1689,78707,936
2021-02-09,Alpine,003,1148,78,76,0,76,0
2021-02-09,Amador,005,37829,3392,3347,29,3376,35
2021-02-09,Butte,007,227075,11042,10563,1578,12141,153
2021-02-09,Calaveras,009,45235,1860,1847,12,1859,21
2021-02-09,Colusa,011,21464,1832,1812,242,2054,10
2021-02-09,Contra Costa,013,1133247,60899,59307,1036,60343,583
2021-02-09,Del Norte,015,27424,926,886,4,890,2
2021-02-09,El Dorado,017,186661,8867,8663,582,9245,87
2021-02-09,Fresno,019,978130,93889,91730,7409,99139,1211
2021-02-09,Glenn,021,27897,2193,2156,477,2633,14
2021-02-09,Humboldt,023,135768,2977,2904,19,2923,29
2021-02-09,Imperial,025,180216,26951,26509,2483,28992,568
2021-02-09,Inyo,027,18085,1186,1137,21,1158,30
2021-02-09,Kern,029,883053,91161,88684,9279,97963,920
2021-02-09,Kings,031,150075,21781,21275,944,22219,196
2021-02-09,Lake,033,64148,3046,2955,3,2958,36
2021-02-09,Lassen,035,31185,5042,4983,90,5073,1
2021-02-09,Los Angeles,037,10098052,1152377,1122745,38394,1161139,18198
2021-02-09,Madera,039,155013,15207,14912,772,15684,105
2021-02-09,Marin,041,260295,12781,12623,156,12779,197
2021-02-09,Mariposa,043,17540,367,355,5,360,4
2021-02-09,Mendocino,045,87422,3529,3369,65,3434,38
2021-02-09,Merced,047,269075,27416,27166,810,27976,354
2021-02-09,Modoc,049,8938,332,316,111,427,3
2021-02-09,Mono,051,14174,1155,1167,15,1182,3
2021-02-09,Monterey,053,433212,41015,40279,1604,41883,285
2021-02-09,Napa,055,140530,8810,8749,33,8782,55
2021-02-09,Nevada,057,99092,3820,3687,153,3840,44
2021-02-09,Orange,059,3164182,242796,239169,9935,249104,3406
2021-02-09,Placer,061,380077,19975,19008,1062,20070,220
2021-02-09,Plumas,063,18699,630,584,10,594,2
2021-02-09,Riverside,065,2383286,279391,273465,13180,286645,3334
2021-02-09,Sacramento,067,1510023,91262,89378,1175,90553,1265
2021-02-09,San Benito,069,59416,5610,5566,82,5648,54
2021-02-09,San Bernardino,071,2135413,282387,274998,8421,283419,2613
2021-02-09,San Diego,073,3302833,257130,248048,12316,260364,2853
2021-02-09,San Francisco,075,870044,33184,32782,996,33778,349
2021-02-09,San Joaquin,077,732212,64984,63341,2661,66002,937
2021-02-09,San Luis Obispo,079,281455,18949,18489,532,19021,216
2021-02-09,San Mateo,081,765935,38430,37227,386,37613,235
2021-02-09,Santa Barbara,083,443738,31627,30118,1068,31186,351
2021-02-09,Santa Clara,085,1922200,106854,105762,524,106286,1463
2021-02-09,Santa Cruz,087,273765,14973,13958,768,14726,162
2021-02-09,Shasta,089,179085,10680,10595,1162,11757,139
2021-02-09,Sierra,091,2930,49,44,13,57,0
2021-02-09,Siskiyou,093,43540,1403,1306,216,1522,4
2021-02-09,Solano,095,438530,29118,28769,338,29107,131
2021-02-09,Sonoma,097,501317,26991,26826,159,26985,267
2021-02-09,Stanislaus,099,539301,49009,47906,5150,53056,679
2021-02-09,Sutter,101,95872,8649,8541,80,8621,92
2021-02-09,Tehama,103,63373,4496,4416,484,4900,22
2021-02-09,Trinity,105,12862,448,266,64,330,3
2021-02-09,Tulare,107,460477,47042,45704,7546,53250,686
2021-02-09,Tuolumne,109,53932,3733,3673,30,3703,48
2021-02-09,Ventura,111,848112,75455,74333,2680,77013,567
2021-02-09,Yolo,113,214977,12494,12220,204,12424,174
2021-02-09,Yuba,115,75493,5336,5235,80,5315,35
2021-02-08,Alameda,001,1643700,78061,76735,1684,78419,924
2021-02-08,Alpine,003,1148,78,73,0,73,0
2021-02-08,Amador,005,37829,3385,3344,28,3372,33
2021-02-08,Butte,007,227075,11020,10524,1575,12099,152
2021-02-08,Calaveras,009,45235,1859,1840,12,1852,21
2021-02-08,Colusa,011,21464,1824,1802,238,2040,10
2021-02-08,Contra Costa,013,1133247,60691,59039,1034,60073,567
2021-02-08,Del Norte,015,27424,923,885,4,889,2
2021-02-08,El Dorado,017,186661,8836,8627,580,9207,86
2021-02-08,Fresno,019,978130,93679,91430,7382,98812,1207
2021-02-08,Glenn,021,27897,2186,2148,475,2623,14
2021-02-08,Humboldt,023,135768,2969,2902,19,2921,29
2021-02-08,Imperial,025,180216,26932,26526,2481,29007,567
2021-02-08,Inyo,027,18085,1173,1126,21,1147,30
2021-02-08,Kern,029,883053,90946,88380,9221,97601,920
2021-02-08,Kings,031,150075,21719,21232,941,22173,195
2021-02-08,Lake,033,64148,3027,2949,3,2952,36
2021-02-08,Lassen,035,31185,5029,4976,90,5066,1
2021-02-08,Los Angeles,037,10098052,1150286,1120179,38275,1158454,17977
2021-02-08,Madera,039,155013,15171,14887,765,15652,93
2021-02-08,Marin,041,260295,12752,12591,156,12747,194
2021-02-08,Mariposa,043,17540,367,355,5,360,4
2021-02-08,Mendocino,045,87422,3515,3355,65,3420,38
2021-02-08,Merced,047,269075,27331,27082,805,27887,346
2021-02-08,Modoc,049,8938,330,318,111,429,3
2021-02-08,Mono,051,14174,1155,1165,15,1180,3
2021-02-08,Monterey,053,433212,40892,40186,1585,41771,283
2021-02-08,Napa,055,140530,8795,8719,33,8752,55
2021-02-08,Nevada,057,99092,3808,3671,153,3824,44
2021-02-08,Orange,059,3164182,242328,238715,9911,248626,3361
2021-02-08,Placer,061,380077,19931,18944,1056,20000,211
2021-02-08,Plumas,063,18699,629,584,10,594,2
2021-02-08,Riverside,065,2383286,278833,272904,13156,286060,3301
2021-02-08,Sacramento,067,1510023,90975,89267,1172,90439,1247
2021-02-08,San Benito,069,59416,5605,5553,81,5634,52
2021-02-08,San Bernardino,071,2135413,281984,274661,8415,283076,2587
2021-02-08,San Diego,073,3302833,256388,247259,12275,259534,2821
2021-02-08,San Francisco,075,870044,33090,32679,988,33667,348
2021-02-08,San Joaquin,077,732212,64823,63148,2651,65799,929
2021-02-08,San Luis Obispo,079,281455,18892,18421,527,18948,214
2021-02-08,San Mateo,081,765935,38321,37084,386,37470,232
2021-02-08,Santa Barbara,083,443738,31514,29978,1061,31039,340
2021-02-08,Santa Clara,085,1922200,106529,105413,516,105929,1456
2021-02-08,Santa Cruz,087,273765,14934,13921,761,14682,161
2021-02-08,Shasta,089,179085,10654,10574,1156,11730,137
2021-02-08,Sierra,091,2930,49,44,13,57,0
2021-02-08,Siskiyou,093,43540,1400,1303,216,1519,4
2021-02-08,Solano,095,438530,29055,28644,336,28980,130
2021-02-08,Sonoma,097,501317,26900,26760,158,26918,259
2021-02-08,Stanislaus,099,539301,48856,47704,5122,52826,679
2021-02-08,Sutter,101,95872,8630,8526,80,8606,92
2021-02-08,Tehama,103,63373,4481,4403,482,4885,22
2021-02-08,Trinity,105,12862,446,266,64,330,3
2021-02-08,Tulare,107,460477,46935,45617,7506,53123,673
2021-02-08,Tuolumne,109,53932,3725,3647,30,3677,48
2021-02-08,Ventura,111,848112,75198,74068,2674,76742,565
2021-02-08,Yolo,113,214977,12462,12169,203,12372,162
2021-02-08,Yuba,115,75493,5320,5215,80,5295,35
2021-02-07,Alameda,001,1643700,77757,76500,1676,78176,924
2021-02-07,Alpine,003,1148,75,72,0,72,0
2021-02-07,Amador,005,37829,3364,3343,28,3371,33
2021-02-07,Butte,007,227075,10987,10513,1565,12078,152
2021-02-07,Calaveras,009,45235,1855,1837,12,1849,21
2021-02-07,Colusa,011,21464,1813,1795,236,2031,10
2021-02-07,Contra Costa,013,1133247,60454,58836,1029,59865,566
2021-02-07,Del Norte,015,27424,919,881,4,885,2
2021-02-07,El Dorado,017,186661,8807,8596,578,9174,86
2021-02-07,Fresno,019,978130,93449,91184,7344,98528,1207
2021-02-07,Glenn,021,27897,2183,2141,471,2612,14
2021-02-07,Humboldt,023,135768,2948,2895,19,2914,28
2021-02-07,Imperial,025,180216,26905,26518,2475,28993,567
2021-02-07,Inyo,027,18085,1162,1124,21,1145,27
2021-02-07,Kern,029,883053,90701,88146,9164,97310,920
2021-02-07,Kings,031,150075,21658,21180,938,22118,192
2021-02-07,Lake,033,64148,3011,2940,3,2943,36
2021-02-07,Lassen,035,31185,5018,4973,90,5063,1
2021-02-07,Los Angeles,037,10098052,1147535,1117551,38146,1155697,17889
2021-02-07,Madera,039,155013,15137,14850,761,15611,93
2021-02-07,Marin,041,260295,12718,12571,154,12725,194
2021-02-07,Mariposa,043,17540,366,355,5,360,4
2021-02-07,Mendocino,045,87422,3498,3348,65,3413,38
2021-02-07,Merced,047,269075,27220,26977,793,27770,346
2021-02-07,Modoc,049,8938,330,317,107,424,3
2021-02-07,Mono,051,14174,1152,1165,15,1180,3
2021-02-07,Monterey,053,433212,40756,40113,1564,41677,283
2021-02-07,Napa,055,140530,8772,8701,33,8734,55
2021-02-07,Nevada,057,99092,3797,3643,152,3795,44
2021-02-07,Orange,059,3164182,241730,238155,9879,248034,3336
2021-02-07,Placer,061,380077,19883,18903,1042,19945,211
2021-02-07,Plumas,063,18699,629,584,10,594,2
2021-02-07,Riverside,065,2383286,278319,272301,13135,285436,3267
2021-02-07,Sacramento,067,1510023,90643,88919,1165,90084,1246
2021-02-07,San Benito,069,59416,5586,5548,80,5628,52
2021-02-07,San Bernardino,071,2135413,281401,274316,8390,282706,2587
2021-02-07,San Diego,073,3302833,255602,246561,12212,258773,2821
2021-02-07,San Francisco,075,870044,32969,32609,976,33585,348
2021-02-07,San Joaquin,077,732212,64550,63051,2636,65687,929
2021-02-07,San Luis Obispo,079,281455,18820,18349,520,18869,214
2021-02-07,San Mateo,081,765935,38187,36984,384,37368,232
2021-02-07,Santa Barbara,083,443738,31376,29815,1050,30865,340
2021-02-07,Santa Clara,085,1922200,106189,105118,506,105624,1450
2021-02-07,Santa Cruz,087,273765,14880,13887,757,14644,161
2021-02-07,Shasta,089,179085,10634,10570,1148,11718,137
2021-02-07,Sierra,091,2930,49,43,13,56,0
2021-02-07,Siskiyou,093,43540,1393,1295,214,1509,4
2021-02-07,Solano,095,438530,28945,28567,335,28902,130
2021-02-07,Sonoma,097,501317,26793,26684,154,26838,257
2021-02-07,Stanislaus,099,539301,48666,47551,5090,52641,679
2021-02-07,Sutter,101,95872,8602,8515,80,8595,92
2021-02-07,Tehama,103,63373,4467,4396,480,4876,22
2021-02-07,Trinity,105,12862,443,264,62,326,3
2021-02-07,Tulare,107,460477,46813,45520,7427,52947,671
2021-02-07,Tuolumne,109,53932,3701,3619,29,3648,48
2021-02-07,Ventura,111,848112,74889,73759,2662,76421,561
2021-02-07,Yolo,113,214977,12418,12135,203,12338,162
2021-02-07,Yuba,115,75493,5305,5198,78,5276,35
2021-02-06,Alameda,001,1643700,77600,76170,1665,77835,922
2021-02-06,Alpine,003,1148,75,72,0,72,0
2021-02-06,Amador,005,37829,3358,3306,28,3334,33
2021-02-06,Butte,007,227075,10970,10480,1561,12041,150
2021-02-06,Calaveras,009,45235,1853,1832,12,1844,21
2021-02-06,Colusa,011,21464,1811,1791,235,2026,10
2021-02-06,Contra Costa,013,1133247,60308,58567,1023,59590,566
2021-02-06,Del Norte,015,27424,915,879,4,883,2
2021-02-06,El Dorado,017,186661,8800,8575,574,9149,86
2021-02-06,Fresno,019,978130,93336,90944,7323,98267,1207
2021-02-06,Glenn,021,27897,2182,2136,469,2605,14
2021-02-06,Humboldt,023,135768,2937,2880,19,2899,28
2021-02-06,Imperial,025,180216,26895,26514,2474,28988,567
2021-02-06,Inyo,027,18085,1159,1113,21,1134,27
2021-02-06,Kern,029,883053,90549,87919,9118,97037,912
2021-02-06,Kings,031,150075,21628,21156,938,22094,190
2021-02-06,Lake,033,64148,3006,2920,3,2923,34
2021-02-06,Lassen,035,31185,5014,4964,89,5053,1
2021-02-06,Los Angeles,037,10098052,1146181,1114718,38047,1152765,17793
2021-02-06,Madera,039,155013,15116,14807,759,15566,93
2021-02-06,Marin,041,260295,12698,12531,154,12685,194
2021-02-06,Mariposa,043,17540,365,355,4,359,4
2021-02-06,Mendocino,045,87422,3480,3316,64,3380,38
2021-02-06,Merced,047,269075,27134,26881,785,27666,346
2021-02-06,Modoc,049,8938,330,313,107,420,3
2021-02-06,Mono,051,14174,1151,1159,15,1174,3
2021-02-06,Monterey,053,433212,40700,39995,1556,41551,282
2021-02-06,Napa,055,140530,8759,8639,33,8672,55
2021-02-06,Nevada,057,99092,3785,3624,152,3776,43
2021-02-06,Orange,059,3164182,241366,237391,9845,247236,3293
2021-02-06,Placer,061,380077,19846,18836,1039,19875,211
2021-02-06,Plumas,063,18699,629,584,10,594,2
2021-02-06,Riverside,065,2383286,277959,271741,13116,284857,3243
2021-02-06,Sacramento,067,1510023,90426,88532,1156,89688,1237
2021-02-06,San Benito,069,59416,5568,5516,80,5596,52
2021-02-06,San Bernardino,071,2135413,281095,273718,8367,282085,2564
2021-02-06,San Diego,073,3302833,255106,245331,12177,257508,2812
2021-02-06,San Francisco,075,870044,32895,32437,966,33403,346
2021-02-06,San Joaquin,077,732212,64471,62840,2625,65465,906
2021-02-06,San Luis Obispo,079,281455,18778,18284,516,18800,214
2021-02-06,San Mateo,081,765935,38119,36824,381,37205,232
2021-02-06,Santa Barbara,083,443738,31301,29645,1048,30693,337
2021-02-06,Santa Clara,085,1922200,105968,104639,501,105140,1439
2021-02-06,Santa Cruz,087,273765,14849,13845,753,14598,161
2021-02-06,Shasta,089,179085,10623,10561,1146,11707,137
2021-02-06,Sierra,091,2930,49,43,13,56,0
2021-02-06,Siskiyou,093,43540,1390,1289,213,1502,4
2021-02-06,Solano,095,438530,28909,28446,334,28780,129
2021-02-06,Sonoma,097,501317,26757,26564,152,26716,257
2021-02-06,Stanislaus,099,539301,48568,47325,5074,52399,679
2021-02-06,Sutter,101,95872,8594,8485,80,8565,92
2021-02-06,Tehama,103,63373,4460,4380,478,4858,22
2021-02-06,Trinity,105,12862,443,263,62,325,3
2021-02-06,Tulare,107,460477,46745,45349,7380,52729,664
2021-02-06,Tuolumne,109,53932,3694,3612,29,3641,48
2021-02-06,Ventura,111,848112,74709,73431,2656,76087,552
2021-02-06,Yolo,113,214977,12395,12061,203,12264,161
2021-02-06,Yuba,115,75493,5295,5177,77,5254,35
2021-02-05,Alameda,001,1643700,77376,75716,1663,77379,916
2021-02-05,Alpine,003,1148,75,72,0,72,0
2021-02-05,Amador,005,37829,3353,3299,27,3326,33
2021-02-05,Butte,007,227075,10952,10421,1555,11976,150
2021-02-05,Calaveras,009,45235,1849,1818,12,1830,21
2021-02-05,Colusa,011,21464,1807,1785,235,2020,10
2021-02-05,Contra Costa,013,1133247,60147,58195,1021,59216,560
2021-02-05,Del Norte,015,27424,914,874,4,878,2
2021-02-05,El Dorado,017,186661,8780,8527,572,9099,86
2021-02-05,Fresno,019,978130,93134,90513,7302,97815,1194
2021-02-05,Glenn,021,27897,2176,2122,464,2586,14
2021-02-05,Humboldt,023,135768,2927,2857,19,2876,28
2021-02-05,Imperial,025,180216,26876,26474,2474,28948,557
2021-02-05,Inyo,027,18085,1155,1104,21,1125,27
2021-02-05,Kern,029,883053,90380,87470,9051,96521,906
2021-02-05,Kings,031,150075,21590,21021,935,21956,190
2021-02-05,Lake,033,64148,2994,2906,3,2909,33
2021-02-05,Lassen,035,31185,5010,4936,89,5025,1
2021-02-05,Los Angeles,037,10098052,1144087,1110384,37910,1148294,17608
2021-02-05,Madera,039,155013,15082,14752,754,15506,95
2021-02-05,Marin,041,260295,12663,12479,154,12633,193
2021-02-05,Mariposa,043,17540,365,352,4,356,4
2021-02-05,Mendocino,045,87422,3466,3272,64,3336,38
2021-02-05,Merced,047,269075,27074,26760,784,27544,345
2021-02-05,Modoc,049,8938,330,312,107,419,3
2021-02-05,Mono,051,14174,1150,1157,15,1172,3
2021-02-05,Monterey,053,433212,40636,39840,1545,41385,281
2021-02-05,Napa,055,140530,8745,8598,33,8631,55
2021-02-05,Nevada,057,99092,3782,3607,152,3759,43
2021-02-05,Orange,059,3164182,240939,236335,9818,246153,3260
2021-02-05,Placer,061,380077,19811,18756,1037,19793,211
2021-02-05,Plumas,063,18699,627,578,10,588,2
2021-02-05,Riverside,065,2383286,277553,270666,13097,283763,3235
2021-02-05,Sacramento,067,1510023,90246,87992,1149,89141,1231
2021-02-05,San Benito,069,59416,5557,5502,80,5582,51
2021-02-05,San Bernardino,071,2135413,280756,272938,8349,281287,2495
2021-02-05,San Diego,073,3302833,254530,244066,12142,256208,2777
2021-02-05,San Francisco,075,870044,32805,32229,955,33184,337
2021-02-05,San Joaquin,077,732212,64321,62565,2617,65182,902
2021-02-05,San Luis Obispo,079,281455,18717,18152,512,18664,213
2021-02-05,San Mateo,081,765935,38035,36582,380,36962,227
2021-02-05,Santa Barbara,083,443738,31207,29455,1035,30490,334
2021-02-05,Santa Clara,085,1922200,105720,104112,499,104611,1421
2021-02-05,Santa Cruz,087,273765,14828,13776,751,14527,161
2021-02-05,Shasta,089,179085,10607,10507,1139,11646,136
2021-02-05,Sierra,091,2930,49,42,13,55,0
2021-02-05,Siskiyou,093,43540,1383,1276,211,1487,4
2021-02-05,Solano,095,438530,28859,28283,334,28617,127
2021-02-05,Sonoma,097,501317,26688,26423,149,26572,252
2021-02-05,Stanislaus,099,539301,48426,47024,5056,52080,678
2021-02-05,Sutter,101,95872,8574,8443,80,8523,92
2021-02-05,Tehama,103,63373,4452,4355,478,4833,22
2021-02-05,Trinity,105,12862,442,260,62,322,3
2021-02-05,Tulare,107,460477,46669,45138,7330,52468,663
2021-02-05,Tuolumne,109,53932,3668,3595,29,3624,45
2021-02-05,Ventura,111,848112,74464,72953,2644,75597,546
2021-02-05,Yolo,113,214977,12376,12025,198,12223,162
2021-02-05,Yuba,115,75493,5278,5145,77,5222,35
2021-02-04,Alameda,001,1643700,77092,75422,1657,77079,899
2021-02-04,Alpine,003,1148,74,72,0,72,0
2021-02-04,Amador,005,37829,3350,3288,27,3315,33
2021-02-04,Butte,007,227075,10919,10386,1547,11933,147
2021-02-04,Calaveras,009,45235,1847,1808,12,1820,21
2021-02-04,Colusa,011,21464,1803,1777,233,2010,10
2021-02-04,Contra Costa,013,1133247,59958,57991,1017,59008,550
2021-02-04,Del Norte,015,27424,908,870,4,874,2
2021-02-04,El Dorado,017,186661,8754,8490,569,9059,86
2021-02-04,Fresno,019,978130,92919,90126,7275,97401,1114
2021-02-04,Glenn,021,27897,2172,2102,464,2566,14
2021-02-04,Humboldt,023,135768,2917,2827,19,2846,28
2021-02-04,Imperial,025,180216,26829,26411,2471,28882,556
2021-02-04,Inyo,027,18085,1143,1084,21,1105,27
2021-02-04,Kern,029,883053,90106,87156,8973,96129,898
2021-02-04,Kings,031,150075,21539,20918,928,21846,187
2021-02-04,Lake,033,64148,2982,2882,3,2885,34
2021-02-04,Lassen,035,31185,5007,4927,89,5016,1
2021-02-04,Los Angeles,037,10098052,1141297,1106323,37782,1144105,17396
2021-02-04,Madera,039,155013,15052,14706,750,15456,95
2021-02-04,Marin,041,260295,12627,12431,154,12585,192
2021-02-04,Mariposa,043,17540,365,348,4,352,4
2021-02-04,Mendocino,045,87422,3448,3240,62,3302,38
2021-02-04,Merced,047,269075,26981,26629,781,27410,345
2021-02-04,Modoc,049,8938,330,309,107,416,3
2021-02-04,Mono,051,14174,1148,1153,15,1168,3
2021-02-04,Monterey,053,433212,40527,39619,1528,41147,279
2021-02-04,Napa,055,140530,8716,8573,33,8606,55
2021-02-04,Nevada,057,99092,3762,3590,151,3741,37
2021-02-04,Orange,059,3164182,240298,235677,9776,245453,3238
2021-02-04,Placer,061,380077,19751,18711,1028,19739,210
2021-02-04,Plumas,063,18699,624,562,10,572,2
2021-02-04,Riverside,065,2383286,276812,269851,13058,282909,3230
2021-02-04,Sacramento,067,1510023,89945,87658,1139,88797,1222
2021-02-04,San Benito,069,59416,5543,5488,79,5567,51
2021-02-04,San Bernardino,071,2135413,280207,272223,8329,280552,2409
2021-02-04,San Diego,073,3302833,253742,242613,12077,254690,2738
2021-02-04,San Francisco,075,870044,32691,32116,946,33062,326
2021-02-04,San Joaquin,077,732212,64096,62374,2609,64983,883
2021-02-04,San Luis Obispo,079,281455,18650,18058,510,18568,211
2021-02-04,San Mateo,081,765935,37915,36437,377,36814,226
2021-02-04,Santa Barbara,083,443738,31075,29344,1017,30361,322
2021-02-04,Santa Clara,085,1922200,105371,103781,496,104277,1404
2021-02-04,Santa Cruz,087,273765,14795,13713,743,14456,156
2021-02-04,Shasta,089,179085,10581,10466,1134,11600,131
2021-02-04,Sierra,091,2930,49,42,13,55,0
2021-02-04,Siskiyou,093,43540,1374,1273,211,1484,4
2021-02-04,Solano,095,438530,28756,28192,333,28525,120
2021-02-04,Sonoma,097,501317,26606,26276,145,26421,249
2021-02-04,Stanislaus,099,539301,48263,46822,5037,51859,678
2021-02-04,Sutter,101,95872,8554,8401,80,8481,92
2021-02-04,Tehama,103,63373,4436,4327,478,4805,21
2021-02-04,Trinity,105,12862,441,260,61,321,3
2021-02-04,Tulare,107,460477,46543,44983,7266,52249,656
2021-02-04,Tuolumne,109,53932,3628,3585,29,3614,45
2021-02-04,Ventura,111,848112,74132,72595,2631,75226,537
2021-02-04,Yolo,113,214977,12342,11982,197,12179,161
2021-02-04,Yuba,115,75493,5252,5135,77,5212,34
2021-02-03,Alameda,001,1643700,76761,74968,1653,76621,880
2021-02-03,Alpine,003,1148,74,72,0,72,0
2021-02-03,Amador,005,37829,3346,3281,27,3308,33
2021-02-03,Butte,007,227075,10883,10355,1540,11895,144
2021-02-03,Calaveras,009,45235,1833,1799,11,1810,21
2021-02-03,Colusa,011,21464,1798,1773,232,2005,10
2021-02-03,Contra Costa,013,1133247,59719,57762,1005,58767,537
2021-02-03,Del Norte,015,27424,903,869,4,873,2
2021-02-03,El Dorado,017,186661,8734,8428,568,8996,86
2021-02-03,Fresno,019,978130,92698,89748,7235,96983,1015
2021-02-03,Glenn,021,27897,2163,2098,462,2560,14
2021-02-03,Humboldt,023,135768,2907,2800,19,2819,27
2021-02-03,Imperial,025,180216,26795,26363,2465,28828,547
2021-02-03,Inyo,027,18085,1133,1071,21,1092,27
2021-02-03,Kern,029,883053,89864,86771,8932,95703,877
2021-02-03,Kings,031,150075,21478,20831,926,21757,172
2021-02-03,Lake,033,64148,2965,2869,3,2872,33
2021-02-03,Lassen,035,31185,4996,4910,89,4999,1
2021-02-03,Los Angeles,037,10098052,1138224,1101890,37657,1139547,17163
2021-02-03,Madera,039,155013,15013,14605,748,15353,94
2021-02-03,Marin,041,260295,12593,12406,154,12560,190
2021-02-03,Mariposa,043,17540,364,347,4,351,4
2021-02-03,Mendocino,045,87422,3422,3236,61,3297,38
2021-02-03,Merced,047,269075,26865,26520,776,27296,343
2021-02-03,Modoc,049,8938,329,308,107,415,3
2021-02-03,Mono,051,14174,1141,1146,15,1161,3
2021-02-03,Monterey,053,433212,40399,39500,1510,41010,279
2021-02-03,Napa,055,140530,8681,8534,33,8567,54
2021-02-03,Nevada,057,99092,3748,3572,151,3723,35
2021-02-03,Orange,059,3164182,239555,234738,9744,244482,3189
2021-02-03,Placer,061,380077,19695,18646,1026,19672,210
2021-02-03,Plumas,063,18699,624,559,10,569,2
2021-02-03,Riverside,065,2383286,276087,269019,13027,282046,3195
2021-02-03,Sacramento,067,1510023,89622,87415,1135,88550,1212
2021-02-03,San Benito,069,59416,5525,5463,76,5539,51
2021-02-03,San Bernardino,071,2135413,279726,271477,8306,279783,2308
2021-02-03,San Diego,073,3302833,252841,241015,12030,253045,2683
2021-02-03,San Francisco,075,870044,32561,31983,941,32924,325
2021-02-03,San Joaquin,077,732212,63868,61976,2599,64575,880
2021-02-03,San Luis Obispo,079,281455,18573,17922,507,18429,206
2021-02-03,San Mateo,081,765935,37777,36227,373,36600,225
2021-02-03,Santa Barbara,083,443738,30928,29121,1007,30128,315
2021-02-03,Santa Clara,085,1922200,105053,103278,494,103772,1364
2021-02-03,Santa Cruz,087,273765,14740,13611,736,14347,154
2021-02-03,Shasta,089,179085,10538,10422,1129,11551,130
2021-02-03,Sierra,091,2930,49,42,13,55,0
2021-02-03,Siskiyou,093,43540,1363,1268,210,1478,4
2021-02-03,Solano,095,438530,28634,28057,333,28390,119
2021-02-03,Sonoma,097,501317,26522,26155,144,26299,248
2021-02-03,Stanislaus,099,539301,48087,46598,5017,51615,662
2021-02-03,Sutter,101,95872,8529,8379,80,8459,90
2021-02-03,Tehama,103,63373,4414,4309,475,4784,21
2021-02-03,Trinity,105,12862,441,260,60,320,3
2021-02-03,Tulare,107,460477,46372,44838,7207,52045,640
2021-02-03,Tuolumne,109,53932,3617,3568,29,3597,45
2021-02-03,Ventura,111,848112,73796,72124,2619,74743,526
2021-02-03,Yolo,113,214977,12318,11933,196,12129,161
2021-02-03,Yuba,115,75493,5234,5124,77,5201,34
2021-02-02,Alameda,001,1643700,76416,74642,1640,76282,869
2021-02-02,Alpine,003,1148,74,72,0,72,0
2021-02-02,Amador,005,37829,3315,3275,27,3302,33
2021-02-02,Butte,007,227075,10856,10307,1532,11839,141
2021-02-02,Calaveras,009,45235,1824,1786,11,1797,21
2021-02-02,Colusa,011,21464,1790,1769,227,1996,9
2021-02-02,Contra Costa,013,1133247,59439,57551,1001,58552,536
2021-02-02,Del Norte,015,27424,897,868,4,872,2
2021-02-02,El Dorado,017,186661,8694,8405,568,8973,84
2021-02-02,Fresno,019,978130,92396,89542,7199,96741,1009
2021-02-02,Glenn,021,27897,2151,2090,459,2549,14
2021-02-02,Humboldt,023,135768,2895,2784,19,2803,25
2021-02-02,Imperial,025,180216,26744,26317,2460,28777,535
2021-02-02,Inyo,027,18085,1130,1074,21,1095,27
2021-02-02,Kern,029,883053,89562,86485,8856,95341,867
2021-02-02,Kings,031,150075,21400,20785,918,21703,172
2021-02-02,Lake,033,64148,2945,2857,3,2860,33
2021-02-02,Lassen,035,31185,4989,4908,89,4997,1
2021-02-02,Los Angeles,037,10098052,1134848,1097573,37491,1135064,16913
2021-02-02,Madera,039,155013,14962,14595,743,15338,94
2021-02-02,Marin,041,260295,12564,12367,154,12521,189
2021-02-02,Mariposa,043,17540,361,345,4,349,4
2021-02-02,Mendocino,045,87422,3389,3210,61,3271,38
2021-02-02,Merced,047,269075,26768,26427,769,27196,340
2021-02-02,Modoc,049,8938,324,306,107,413,3
2021-02-02,Mono,051,14174,1139,1147,15,1162,3
2021-02-02,Monterey,053,433212,40264,39371,1496,40867,278
2021-02-02,Napa,055,140530,8652,8505,33,8538,53
2021-02-02,Nevada,057,99092,3733,3548,151,3699,20
2021-02-02,Orange,059,3164182,238753,233783,9709,243492,3152
2021-02-02,Placer,061,380077,19635,18615,1022,19637,205
2021-02-02,Plumas,063,18699,624,560,10,570,2
2021-02-02,Riverside,065,2383286,275251,267901,12993,280894,3169
2021-02-02,Sacramento,067,1510023,89333,87107,1124,88231,1202
2021-02-02,San Benito,069,59416,5511,5444,75,5519,50
2021-02-02,San Bernardino,071,2135413,279050,270486,8276,278762,2244
2021-02-02,San Diego,073,3302833,251802,240047,11943,251990,2629
2021-02-02,San Francisco,075,870044,32406,31788,931,32719,324
2021-02-02,San Joaquin,077,732212,63648,61708,2585,64293,878
2021-02-02,San Luis Obispo,079,281455,18479,17811,505,18316,201
2021-02-02,San Mateo,081,765935,37613,36004,366,36370,225
2021-02-02,Santa Barbara,083,443738,30759,28951,1000,29951,304
2021-02-02,Santa Clara,085,1922200,104589,102872,489,103361,1349
2021-02-02,Santa Cruz,087,273765,14681,13572,732,14304,150
2021-02-02,Shasta,089,179085,10512,10371,1119,11490,128
2021-02-02,Sierra,091,2930,49,42,13,55,0
2021-02-02,Siskiyou,093,43540,1356,1252,207,1459,4
2021-02-02,Solano,095,438530,28538,27963,329,28292,118
2021-02-02,Sonoma,097,501317,26404,26054,144,26198,247
2021-02-02,Stanislaus,099,539301,47867,46306,4985,51291,641
2021-02-02,Sutter,101,95872,8506,8340,80,8420,89
2021-02-02,Tehama,103,63373,4401,4289,474,4763,21
2021-02-02,Trinity,105,12862,441,260,60,320,3
2021-02-02,Tulare,107,460477,46216,44720,7141,51861,625
2021-02-02,Tuolumne,109,53932,3605,3548,29,3577,39
2021-02-02,Ventura,111,848112,73378,71557,2609,74166,514
2021-02-02,Yolo,113,214977,12273,11886,189,12075,158
2021-02-02,Yuba,115,75493,5216,5111,77,5188,34
2021-02-01,Alameda,001,1643700,76060,74374,1635,76009,858
2021-02-01,Alpine,003,1148,74,72,0,72,0
2021-02-01,Amador,005,37829,3304,3234,27,3261,32
2021-02-01,Butte,007,227075,10814,10263,1528,11791,141
2021-02-01,Calaveras,009,45235,1816,1785,11,1796,21
2021-02-01,Colusa,011,21464,1785,1763,218,1981,9
2021-02-01,Contra Costa,013,1133247,59194,57324,1000,58324,531
2021-02-01,Del Norte,015,27424,894,865,4,869,2
2021-02-01,El Dorado,017,186661,8655,8337,568,8905,83
2021-02-01,Fresno,019,978130,92065,89272,7164,96436,994
2021-02-01,Glenn,021,27897,2136,2086,451,2537,14
2021-02-01,Humboldt,023,135768,2873,2773,18,2791,25
2021-02-01,Imperial,025,180216,26701,26224,2458,28682,530
2021-02-01,Inyo,027,18085,1120,1072,21,1093,27
2021-02-01,Kern,029,883053,89165,86170,8787,94957,862
2021-02-01,Kings,031,150075,21309,20746,909,21655,172
2021-02-01,Lake,033,64148,2929,2843,3,2846,33
2021-02-01,Lassen,035,31185,4969,4907,89,4996,1
2021-02-01,Los Angeles,037,10098052,1131033,1094341,37320,1131661,16695
2021-02-01,Madera,039,155013,14927,14572,740,15312,94
2021-02-01,Marin,041,260295,12524,12341,153,12494,188
2021-02-01,Mariposa,043,17540,359,344,4,348,4
2021-02-01,Mendocino,045,87422,3356,3192,61,3253,37
2021-02-01,Merced,047,269075,26642,26282,760,27042,337
2021-02-01,Modoc,049,8938,318,303,103,406,1
2021-02-01,Mono,051,14174,1136,1145,15,1160,3
2021-02-01,Monterey,053,433212,40083,39196,1474,40670,278
2021-02-01,Napa,055,140530,8620,8449,33,8482,52
2021-02-01,Nevada,057,99092,3716,3535,150,3685,20
2021-02-01,Orange,059,3164182,237844,233155,9662,242817,3100
2021-02-01,Placer,061,380077,19566,18574,1015,19589,204
2021-02-01,Plumas,063,18699,622,554,10,564,2
2021-02-01,Riverside,065,2383286,274337,267025,12959,279984,3092
2021-02-01,Sacramento,067,1510023,88932,86856,1113,87969,1193
2021-02-01,San Benito,069,59416,5493,5432,75,5507,48
2021-02-01,San Bernardino,071,2135413,278355,270012,8236,278248,2172
2021-02-01,San Diego,073,3302833,250578,239121,11868,250989,2619
2021-02-01,San Francisco,075,870044,32272,31703,919,32622,324
2021-02-01,San Joaquin,077,732212,63443,61542,2574,64116,877
2021-02-01,San Luis Obispo,079,281455,18359,17690,498,18188,199
2021-02-01,San Mateo,081,765935,37463,35843,366,36209,220
2021-02-01,Santa Barbara,083,443738,30590,28837,992,29829,297
2021-02-01,Santa Clara,085,1922200,104174,102462,488,102950,1343
2021-02-01,Santa Cruz,087,273765,14628,13524,730,14254,149
2021-02-01,Shasta,089,179085,10487,10329,1113,11442,112
2021-02-01,Sierra,091,2930,49,42,13,55,0
2021-02-01,Siskiyou,093,43540,1349,1238,204,1442,4
2021-02-01,Solano,095,438530,28433,27844,328,28172,117
2021-02-01,Sonoma,097,501317,26316,26011,143,26154,243
2021-02-01,Stanislaus,099,539301,47608,46112,4957,51069,642
2021-02-01,Sutter,101,95872,8466,8313,80,8393,89
2021-02-01,Tehama,103,63373,4377,4263,474,4737,21
2021-02-01,Trinity,105,12862,439,260,60,320,3
2021-02-01,Tulare,107,460477,46072,44569,7060,51629,618
2021-02-01,Tuolumne,109,53932,3597,3534,29,3563,39
2021-02-01,Ventura,111,848112,72972,71104,2593,73697,502
2021-02-01,Yolo,113,214977,12228,11824,181,12005,151
2021-02-01,Yuba,115,75493,5202,5084,76,5160,33
2021-01-31,Alameda,001,1643700,75637,73979,1626,75605,857
2021-01-31,Alpine,003,1148,74,72,0,72,0
2021-01-31,Amador,005,37829,3294,3212,25,3237,32
2021-01-31,Butte,007,227075,10772,10215,1517,11732,140
2021-01-31,Calaveras,009,45235,1793,1778,11,1789,21
2021-01-31,Colusa,011,21464,1778,1754,213,1967,9
2021-01-31,Contra Costa,013,1133247,58863,57079,1000,58079,531
2021-01-31,Del Norte,015,27424,892,865,4,869,2
2021-01-31,El Dorado,017,186661,8619,8317,565,8882,83
2021-01-31,Fresno,019,978130,91753,88852,7111,95963,994
2021-01-31,Glenn,021,27897,2125,2083,450,2533,14
2021-01-31,Humboldt,023,135768,2857,2767,18,2785,25
2021-01-31,Imperial,025,180216,26629,26206,2448,28654,530
2021-01-31,Inyo,027,18085,1107,1072,21,1093,27
2021-01-31,Kern,029,883053,88669,85872,8701,94573,861
2021-01-31,Kings,031,150075,21224,20709,897,21606,172
2021-01-31,Lake,033,64148,2908,2826,3,2829,33
2021-01-31,Lassen,035,31185,4953,4900,89,4989,1
2021-01-31,Los Angeles,037,10098052,1126420,1090304,37116,1127420,16609
2021-01-31,Madera,039,155013,14873,14496,732,15228,94
2021-01-31,Marin,041,260295,12477,12297,149,12446,185
2021-01-31,Mariposa,043,17540,357,344,4,348,4
2021-01-31,Mendocino,045,87422,3333,3181,60,3241,37
2021-01-31,Merced,047,269075,26498,26222,755,26977,337
2021-01-31,Modoc,049,8938,315,304,101,405,1
2021-01-31,Mono,051,14174,1133,1146,15,1161,3
2021-01-31,Monterey,053,433212,39903,39035,1446,40481,278
2021-01-31,Napa,055,140530,8578,8404,33,8437,52
2021-01-31,Nevada,057,99092,3694,3518,148,3666,20
2021-01-31,Orange,059,3164182,236825,232347,9621,241968,3053
2021-01-31,Placer,061,380077,19493,18506,1003,19509,204
2021-01-31,Plumas,063,18699,621,554,10,564,2
2021-01-31,Riverside,065,2383286,273362,266145,12912,279057,3074
2021-01-31,Sacramento,067,1510023,88490,86560,1099,87659,1186
2021-01-31,San Benito,069,59416,5471,5425,73,5498,48
2021-01-31,San Bernardino,071,2135413,277324,269533,8205,277738,2156
2021-01-31,San Diego,073,3302833,249265,238039,11754,249793,2619
2021-01-31,San Francisco,075,870044,32081,31563,908,32471,323
2021-01-31,San Joaquin,077,732212,63040,61379,2564,63943,877
2021-01-31,San Luis Obispo,079,281455,18225,17615,493,18108,199
2021-01-31,San Mateo,081,765935,37273,35659,363,36022,219
2021-01-31,Santa Barbara,083,443738,30351,28570,983,29553,297
2021-01-31,Santa Clara,085,1922200,103627,101986,479,102465,1330
2021-01-31,Santa Cruz,087,273765,14533,13469,716,14185,149
2021-01-31,Shasta,089,179085,10442,10313,1104,11417,112
2021-01-31,Sierra,091,2930,48,43,13,56,0
2021-01-31,Siskiyou,093,43540,1339,1238,204,1442,4
2021-01-31,Solano,095,438530,28303,27678,328,28006,118
2021-01-31,Sonoma,097,501317,26214,25925,142,26067,243
2021-01-31,Stanislaus,099,539301,47322,45971,4919,50890,642
2021-01-31,Sutter,101,95872,8421,8289,80,8369,89
2021-01-31,Tehama,103,63373,4357,4256,473,4729,21
2021-01-31,Trinity,105,12862,437,260,60,320,3
2021-01-31,Tulare,107,460477,45905,44440,6978,51418,618
2021-01-31,Tuolumne,109,53932,3558,3519,29,3548,39
2021-01-31,Ventura,111,848112,72377,70635,2580,73215,502
2021-01-31,Yolo,113,214977,12167,11771,175,11946,151
2021-01-31,Yuba,115,75493,5182,5071,75,5146,33
2021-01-30,Alameda,001,1643700,75432,73622,1621,75243,850
2021-01-30,Alpine,003,1148,74,72,0,72,0
2021-01-30,Amador,005,37829,3290,3181,25,3206,32
2021-01-30,Butte,007,227075,10737,10177,1508,11685,139
2021-01-30,Calaveras,009,45235,1780,1763,11,1774,21
2021-01-30,Colusa,011,21464,1776,1748,213,1961,9
2021-01-30,Contra Costa,013,1133247,58679,56763,996,57759,531
2021-01-30,Del Norte,015,27424,891,865,4,869,2
2021-01-30,El Dorado,017,186661,8599,8299,564,8863,83
2021-01-30,Fresno,019,978130,91573,88476,7092,95568,964
2021-01-30,Glenn,021,27897,2122,2074,448,2522,14
2021-01-30,Humboldt,023,135768,2846,2742,18,2760,24
2021-01-30,Imperial,025,180216,26607,26160,2447,28607,530
2021-01-30,Inyo,027,18085,1103,1068,21,1089,27
2021-01-30,Kern,029,883053,88468,85572,8635,94207,848
2021-01-30,Kings,031,150075,21153,20605,892,21497,169
2021-01-30,Lake,033,64148,2902,2809,3,2812,33
2021-01-30,Lassen,035,31185,4949,4890,89,4979,1
2021-01-30,Los Angeles,037,10098052,1124045,1084763,36977,1121740,16484
2021-01-30,Madera,039,155013,14831,14443,727,15170,94
2021-01-30,Marin,041,260295,12449,12225,148,12373,185
2021-01-30,Mariposa,043,17540,355,344,4,348,4
2021-01-30,Mendocino,045,87422,3319,3153,59,3212,36
2021-01-30,Merced,047,269075,26423,26078,754,26832,335
2021-01-30,Modoc,049,8938,315,303,101,404,1
2021-01-30,Mono,051,14174,1133,1143,15,1158,3
2021-01-30,Monterey,053,433212,39842,38847,1443,40290,277
2021-01-30,Napa,055,140530,8562,8342,33,8375,52
2021-01-30,Nevada,057,99092,3675,3499,148,3647,20
2021-01-30,Orange,059,3164182,236278,231358,9583,240941,3013
2021-01-30,Placer,061,380077,19442,18430,997,19427,205
2021-01-30,Plumas,063,18699,619,554,10,564,2
2021-01-30,Riverside,065,2383286,272772,265137,12881,278018,3061
2021-01-30,Sacramento,067,1510023,88297,86388,1094,87482,1184
2021-01-30,San Benito,069,59416,5453,5401,72,5473,48
2021-01-30,San Bernardino,071,2135413,276908,268660,8187,276847,2122
2021-01-30,San Diego,073,3302833,248505,236765,11709,248474,2603
2021-01-30,San Francisco,075,870044,31980,31427,905,32332,316
2021-01-30,San Joaquin,077,732212,62908,61120,2555,63675,864
2021-01-30,San Luis Obispo,079,281455,18145,17522,491,18013,198
2021-01-30,San Mateo,081,765935,37134,35451,362,35813,219
2021-01-30,Santa Barbara,083,443738,30207,28342,980,29322,296
2021-01-30,Santa Clara,085,1922200,103281,101471,476,101947,1307
2021-01-30,Santa Cruz,087,273765,14493,13383,715,14098,149
2021-01-30,Shasta,089,179085,10423,10283,1101,11384,112
2021-01-30,Sierra,091,2930,48,43,13,56,0
2021-01-30,Siskiyou,093,43540,1336,1236,203,1439,4
2021-01-30,Solano,095,438530,28220,27511,326,27837,118
2021-01-30,Sonoma,097,501317,26165,25810,139,25949,243
2021-01-30,Stanislaus,099,539301,47193,45697,4896,50593,642
2021-01-30,Sutter,101,95872,8405,8226,80,8306,87
2021-01-30,Tehama,103,63373,4343,4229,472,4701,21
2021-01-30,Trinity,105,12862,437,259,60,319,3
2021-01-30,Tulare,107,460477,45770,44203,6940,51143,615
2021-01-30,Tuolumne,109,53932,3554,3508,29,3537,36
2021-01-30,Ventura,111,848112,72064,69931,2566,72497,493
2021-01-30,Yolo,113,214977,12153,11698,174,11872,151
2021-01-30,Yuba,115,75493,5172,5042,74,5116,33
2021-01-29,Alameda,001,1643700,75164,73210,1614,74824,841
2021-01-29,Alpine,003,1148,74,72,0,72,0
2021-01-29,Amador,005,37829,3278,3134,24,3158,32
2021-01-29,Butte,007,227075,10706,10122,1498,11620,138
2021-01-29,Calaveras,009,45235,1773,1757,11,1768,21
2021-01-29,Colusa,011,21464,1772,1734,212,1946,8
2021-01-29,Contra Costa,013,1133247,58507,56318,994,57312,529
2021-01-29,Del Norte,015,27424,890,865,4,869,2
2021-01-29,El Dorado,017,186661,8582,8231,563,8794,83
2021-01-29,Fresno,019,978130,91358,87936,7053,94989,962
2021-01-29,Glenn,021,27897,2117,2061,447,2508,14
2021-01-29,Humboldt,023,135768,2833,2707,18,2725,24
2021-01-29,Imperial,025,180216,26592,26045,2444,28489,521
2021-01-29,Inyo,027,18085,1091,1048,21,1069,27
2021-01-29,Kern,029,883053,88241,85044,8583,93627,836
2021-01-29,Kings,031,150075,21114,20466,887,21353,169
2021-01-29,Lake,033,64148,2893,2792,3,2795,32
2021-01-29,Lassen,035,31185,4946,4874,89,4963,1
2021-01-29,Los Angeles,037,10098052,1120577,1078329,36823,1115152,16190
2021-01-29,Madera,039,155013,14780,14377,727,15104,94
2021-01-29,Marin,041,260295,12406,12145,147,12292,185
2021-01-29,Mariposa,043,17540,354,342,4,346,4
2021-01-29,Mendocino,045,87422,3310,3131,58,3189,36
2021-01-29,Merced,047,269075,26348,25865,750,26615,334
2021-01-29,Modoc,049,8938,314,297,101,398,1
2021-01-29,Mono,051,14174,1131,1139,15,1154,3
2021-01-29,Monterey,053,433212,39722,38539,1435,39974,277
2021-01-29,Napa,055,140530,8530,8276,33,8309,52
2021-01-29,Nevada,057,99092,3666,3487,147,3634,20
2021-01-29,Orange,059,3164182,235600,229917,9545,239462,2967
2021-01-29,Placer,061,380077,19386,18367,993,19360,203
2021-01-29,Plumas,063,18699,618,548,10,558,2
2021-01-29,Riverside,065,2383286,271977,263504,12848,276352,3008
2021-01-29,Sacramento,067,1510023,88042,86320,1090,87410,1169
2021-01-29,San Benito,069,59416,5445,5386,72,5458,48
2021-01-29,San Bernardino,071,2135413,276391,267490,8146,275636,2095
2021-01-29,San Diego,073,3302833,247563,234637,11631,246268,2571
2021-01-29,San Francisco,075,870044,31839,31294,896,32190,307
2021-01-29,San Joaquin,077,732212,62763,60899,2540,63439,858
2021-01-29,San Luis Obispo,079,281455,18085,17440,486,17926,193
2021-01-29,San Mateo,081,765935,37000,35223,359,35582,218
2021-01-29,Santa Barbara,083,443738,30077,28105,974,29079,291
2021-01-29,Santa Clara,085,1922200,102918,101010,474,101484,1273
2021-01-29,Santa Cruz,087,273765,14440,13311,712,14023,148
2021-01-29,Shasta,089,179085,10406,10220,1097,11317,112
2021-01-29,Sierra,091,2930,48,43,13,56,0
2021-01-29,Siskiyou,093,43540,1335,1227,203,1430,4
2021-01-29,Solano,095,438530,28134,27352,323,27675,116
2021-01-29,Sonoma,097,501317,26104,25710,138,25848,243
2021-01-29,Stanislaus,099,539301,47045,45466,4877,50343,642
2021-01-29,Sutter,101,95872,8386,8181,80,8261,87
2021-01-29,Tehama,103,63373,4330,4191,470,4661,20
2021-01-29,Trinity,105,12862,437,260,60,320,3
2021-01-29,Tulare,107,460477,45663,43925,6901,50826,606
2021-01-29,Tuolumne,109,53932,3544,3483,29,3512,36
2021-01-29,Ventura,111,848112,71640,69511,2552,72063,484
2021-01-29,Yolo,113,214977,12115,11612,173,11785,151
2021-01-29,Yuba,115,75493,5156,5018,74,5092,32
2021-01-28,Alameda,001,1643700,74736,72758,1606,74364,833
2021-01-28,Alpine,003,1148,74,72,0,72,0
2021-01-28,Amador,005,37829,3241,3124,24,3148,31
2021-01-28,Butte,007,227075,10666,10037,1487,11524,138
2021-01-28,Calaveras,009,45235,1758,1747,10,1757,21
2021-01-28,Colusa,011,21464,1765,1731,208,1939,8
2021-01-28,Contra Costa,013,1133247,58264,55999,984,56983,525
2021-01-28,Del Norte,015,27424,889,862,4,866,2
2021-01-28,El Dorado,017,186661,8569,8198,558,8756,79
2021-01-28,Fresno,019,978130,91070,87401,7004,94405,949
2021-01-28,Glenn,021,27897,2112,2043,438,2481,14
2021-01-28,Humboldt,023,135768,2816,2686,18,2704,24
2021-01-28,Imperial,025,180216,26548,25984,2437,28421,517
2021-01-28,Inyo,027,18085,1086,1039,21,1060,27
2021-01-28,Kern,029,883053,87910,84708,8499,93207,817
2021-01-28,Kings,031,150075,21054,20328,883,21211,167
2021-01-28,Lake,033,64148,2878,2772,3,2775,32
2021-01-28,Lassen,035,31185,4940,4865,89,4954,1
2021-01-28,Los Angeles,037,10098052,1116686,1072412,36635,1109047,15967
2021-01-28,Madera,039,155013,14724,14301,723,15024,94
2021-01-28,Marin,041,260295,12353,12079,146,12225,183
2021-01-28,Mariposa,043,17540,354,334,4,338,4
2021-01-28,Mendocino,045,87422,3293,3110,58,3168,36
2021-01-28,Merced,047,269075,26223,25620,742,26362,328
2021-01-28,Modoc,049,8938,313,297,101,398,0
2021-01-28,Mono,051,14174,1129,1131,15,1146,3
2021-01-28,Monterey,053,433212,39521,38312,1417,39729,274
2021-01-28,Napa,055,140530,8483,8233,33,8266,50
2021-01-28,Nevada,057,99092,3651,3452,146,3598,19
2021-01-28,Orange,059,3164182,234619,228636,9515,238151,2860
2021-01-28,Placer,061,380077,19317,18246,990,19236,198
2021-01-28,Plumas,063,18699,617,547,10,557,2
2021-01-28,Riverside,065,2383286,271213,262342,12800,275142,2981
2021-01-28,Sacramento,067,1510023,87679,85698,1079,86777,1149
2021-01-28,San Benito,069,59416,5427,5344,71,5415,47
2021-01-28,San Bernardino,071,2135413,275697,266456,8124,274580,2057
2021-01-28,San Diego,073,3302833,246411,232967,11542,244509,2534
2021-01-28,San Francisco,075,870044,31702,31193,880,32073,290
2021-01-28,San Joaquin,077,732212,62497,60627,2525,63152,854
2021-01-28,San Luis Obispo,079,281455,17985,17279,484,17763,189
2021-01-28,San Mateo,081,765935,36831,34931,343,35274,218
2021-01-28,Santa Barbara,083,443738,29858,27674,961,28635,284
2021-01-28,Santa Clara,085,1922200,102450,100470,472,100942,1219
2021-01-28,Santa Cruz,087,273765,14351,13188,706,13894,145
2021-01-28,Shasta,089,179085,10372,10176,1089,11265,110
2021-01-28,Sierra,091,2930,48,43,13,56,0
2021-01-28,Siskiyou,093,43540,1328,1218,201,1419,4
2021-01-28,Solano,095,438530,27974,27163,322,27485,114
2021-01-28,Sonoma,097,501317,26012,25564,138,25702,236
2021-01-28,Stanislaus,099,539301,46828,45162,4854,50016,640
2021-01-28,Sutter,101,95872,8338,8136,80,8216,85
2021-01-28,Tehama,103,63373,4310,4163,467,4630,20
2021-01-28,Trinity,105,12862,435,260,60,320,3
2021-01-28,Tulare,107,460477,45506,43742,6821,50563,595
2021-01-28,Tuolumne,109,53932,3530,3472,29,3501,32
2021-01-28,Ventura,111,848112,71127,68896,2535,71431,475
2021-01-28,Yolo,113,214977,12073,11500,168,11668,151
2021-01-28,Yuba,115,75493,5140,4994,73,5067,32
2021-01-27,Alameda,001,1643700,74312,72188,1598,73786,815
2021-01-27,Alpine,003,1148,74,72,0,72,0
2021-01-27,Amador,005,37829,3225,3116,24,3140,31
2021-01-27,Butte,007,227075,10627,9988,1475,11463,138
2021-01-27,Calaveras,009,45235,1749,1737,10,1747,21
2021-01-27,Colusa,011,21464,1759,1724,206,1930,8
2021-01-27,Contra Costa,013,1133247,57966,55578,981,56559,507
2021-01-27,Del Norte,015,27424,888,859,4,863,2
2021-01-27,El Dorado,017,186661,8543,8141,557,8698,76
2021-01-27,Fresno,019,978130,90780,86886,6961,93847,938
2021-01-27,Glenn,021,27897,2108,2042,437,2479,14
2021-01-27,Humboldt,023,135768,2794,2630,18,2648,24
2021-01-27,Imperial,025,180216,26494,25861,2423,28284,504
2021-01-27,Inyo,027,18085,1082,1023,21,1044,27
2021-01-27,Kern,029,883053,87597,84244,8429,92673,809
2021-01-27,Kings,031,150075,20948,20211,875,21086,167
2021-01-27,Lake,033,64148,2858,2750,3,2753,32
2021-01-27,Lassen,035,31185,4934,4851,89,4940,1
2021-01-27,Los Angeles,037,10098052,1111915,1066569,36422,1102991,15757
2021-01-27,Madera,039,155013,14683,14194,718,14912,86
2021-01-27,Marin,041,260295,12316,12028,145,12173,180
2021-01-27,Mariposa,043,17540,354,333,4,337,4
2021-01-27,Mendocino,045,87422,3273,3095,58,3153,36
2021-01-27,Merced,047,269075,26064,25439,731,26170,315
2021-01-27,Modoc,049,8938,313,297,98,395,0
2021-01-27,Mono,051,14174,1127,1131,15,1146,3
2021-01-27,Monterey,053,433212,39317,38139,1398,39537,268
2021-01-27,Napa,055,140530,8411,8187,33,8220,46
2021-01-27,Nevada,057,99092,3629,3431,146,3577,18
2021-01-27,Orange,059,3164182,233498,227110,9461,236571,2832
2021-01-27,Placer,061,380077,19242,18106,979,19085,198
2021-01-27,Plumas,063,18699,617,544,10,554,2
2021-01-27,Riverside,065,2383286,270041,260796,12748,273544,2931
2021-01-27,Sacramento,067,1510023,87318,85428,1068,86496,1142
2021-01-27,San Benito,069,59416,5412,5284,71,5355,47
2021-01-27,San Bernardino,071,2135413,274847,265153,8093,273246,2019
2021-01-27,San Diego,073,3302833,245082,231478,11437,242915,2465
2021-01-27,San Francisco,075,870044,31559,31082,873,31955,287
2021-01-27,San Joaquin,077,732212,62227,60131,2502,62633,853
2021-01-27,San Luis Obispo,079,281455,17878,17119,480,17599,188
2021-01-27,San Mateo,081,765935,36676,34619,340,34959,216
2021-01-27,Santa Barbara,083,443738,29684,27435,955,28390,282
2021-01-27,Santa Clara,085,1922200,102046,99732,468,100200,1184
2021-01-27,Santa Cruz,087,273765,14281,13111,703,13814,143
2021-01-27,Shasta,089,179085,10338,10106,1083,11189,105
2021-01-27,Sierra,091,2930,48,44,13,57,0
2021-01-27,Siskiyou,093,43540,1322,1214,198,1412,4
2021-01-27,Solano,095,438530,27797,26982,315,27297,112
2021-01-27,Sonoma,097,501317,25914,25361,138,25499,237
2021-01-27,Stanislaus,099,539301,46642,44874,4826,49700,624
2021-01-27,Sutter,101,95872,8295,8093,79,8172,83
2021-01-27,Tehama,103,63373,4285,4133,463,4596,20
2021-01-27,Trinity,105,12862,435,260,60,320,3
2021-01-27,Tulare,107,460477,45318,43462,6749,50211,583
2021-01-27,Tuolumne,109,53932,3520,3464,29,3493,32
2021-01-27,Ventura,111,848112,70653,68291,2510,70801,468
2021-01-27,Yolo,113,214977,12026,11427,164,11591,151
2021-01-27,Yuba,115,75493,5124,4968,73,5041,32
2021-01-26,Alameda,001,1643700,73937,71851,1581,73432,789
2021-01-26,Alpine,003,1148,74,72,0,72,0
2021-01-26,Amador,005,37829,3214,3113,24,3137,31
2021-01-26,Butte,007,227075,10585,9943,1469,11412,136
2021-01-26,Calaveras,009,45235,1741,1723,10,1733,21
2021-01-26,Colusa,011,21464,1752,1719,203,1922,8
2021-01-26,Contra Costa,013,1133247,57685,55337,973,56310,491
2021-01-26,Del Norte,015,27424,887,856,4,860,2
2021-01-26,El Dorado,017,186661,8518,8115,554,8669,71
2021-01-26,Fresno,019,978130,90422,86673,6916,93589,923
2021-01-26,Glenn,021,27897,2098,2034,433,2467,13
2021-01-26,Humboldt,023,135768,2772,2612,17,2629,24
2021-01-26,Imperial,025,180216,26422,25812,2410,28222,498
2021-01-26,Inyo,027,18085,1075,1018,21,1039,27
2021-01-26,Kern,029,883053,87172,83868,8350,92218,790
2021-01-26,Kings,031,150075,20890,20156,870,21026,159
2021-01-26,Lake,033,64148,2849,2748,3,2751,32
2021-01-26,Lassen,035,31185,4928,4844,89,4933,1
2021-01-26,Los Angeles,037,10098052,1106655,1060492,36215,1096707,15458
2021-01-26,Madera,039,155013,14626,14130,712,14842,86
2021-01-26,Marin,041,260295,12271,11993,143,12136,179
2021-01-26,Mariposa,043,17540,352,332,4,336,3
2021-01-26,Mendocino,045,87422,3247,3076,57,3133,36
2021-01-26,Merced,047,269075,25924,25359,724,26083,309
2021-01-26,Modoc,049,8938,306,291,97,388,0
2021-01-26,Mono,051,14174,1126,1120,15,1135,3
2021-01-26,Monterey,053,433212,39123,37963,1377,39340,255
2021-01-26,Napa,055,140530,8354,8145,33,8178,43
2021-01-26,Nevada,057,99092,3622,3410,145,3555,18
2021-01-26,Orange,059,3164182,232373,225987,9416,235403,2760
2021-01-26,Placer,061,380077,19167,18016,977,18993,193
2021-01-26,Plumas,063,18699,615,536,10,546,2
2021-01-26,Riverside,065,2383286,268707,259399,12688,272087,2898
2021-01-26,Sacramento,067,1510023,86960,85062,1061,86123,1127
2021-01-26,San Benito,069,59416,5398,5251,70,5321,45
2021-01-26,San Bernardino,071,2135413,273849,263736,8049,271785,1970
2021-01-26,San Diego,073,3302833,243588,230063,11336,241399,2421
2021-01-26,San Francisco,075,870044,31427,30874,853,31727,286
2021-01-26,San Joaquin,077,732212,61974,59889,2486,62375,847
2021-01-26,San Luis Obispo,079,281455,17797,17016,477,17493,186
2021-01-26,San Mateo,081,765935,36481,34441,329,34770,213
2021-01-26,Santa Barbara,083,443738,29512,27321,943,28264,273
2021-01-26,Santa Clara,085,1922200,101567,99215,464,99679,1171
2021-01-26,Santa Cruz,087,273765,14216,13045,697,13742,134
2021-01-26,Shasta,089,179085,10303,10036,1075,11111,103
2021-01-26,Sierra,091,2930,48,43,13,56,0
2021-01-26,Siskiyou,093,43540,1308,1208,196,1404,4
2021-01-26,Solano,095,438530,27641,26858,309,27167,110
2021-01-26,Sonoma,097,501317,25791,25273,136,25409,236
2021-01-26,Stanislaus,099,539301,46457,44703,4785,49488,599
2021-01-26,Sutter,101,95872,8252,8067,79,8146,83
2021-01-26,Tehama,103,63373,4254,4115,463,4578,20
2021-01-26,Trinity,105,12862,435,260,60,320,3
2021-01-26,Tulare,107,460477,45115,43394,6680,50074,579
2021-01-26,Tuolumne,109,53932,3510,3451,29,3480,30
2021-01-26,Ventura,111,848112,70121,67526,2484,70010,448
2021-01-26,Yolo,113,214977,11981,11361,161,11522,148
2021-01-26,Yuba,115,75493,5099,4944,71,5015,31
2021-01-25,Alameda,001,1643700,73505,71255,1571,72826,780
2021-01-25,Alpine,003,1148,74,72,0,72,0
2021-01-25,Amador,005,37829,3174,3074,24,3098,30
2021-01-25,Butte,007,227075,10519,9865,1461,11326,133
2021-01-25,Calaveras,009,45235,1726,1713,10,1723,21
2021-01-25,Colusa,011,21464,1740,1709,199,1908,8
2021-01-25,Contra Costa,013,1133247,57328,54989,966,55955,488
2021-01-25,Del Norte,015,27424,886,855,4,859,2
2021-01-25,El Dorado,017,186661,8494,8060,554,8614,66
2021-01-25,Fresno,019,978130,90051,86336,6884,93220,913
2021-01-25,Glenn,021,27897,2087,2028,433,2461,13
2021-01-25,Humboldt,023,135768,2738,2587,17,2604,24
2021-01-25,Imperial,025,180216,26372,25745,2402,28147,491
2021-01-25,Inyo,027,18085,1069,1015,21,1036,27
2021-01-25,Kern,029,883053,86776,83401,8263,91664,787
2021-01-25,Kings,031,150075,20770,20067,866,20933,159
2021-01-25,Lake,033,64148,2830,2729,3,2732,32
2021-01-25,Lassen,035,31185,4902,4835,89,4924,1
2021-01-25,Los Angeles,037,10098052,1100723,1055181,35987,1091168,15163
2021-01-25,Madera,039,155013,14572,14068,707,14775,86
2021-01-25,Marin,041,260295,12219,11923,139,12062,177
2021-01-25,Mariposa,043,17540,349,331,4,335,3
2021-01-25,Mendocino,045,87422,3236,3054,57,3111,35
2021-01-25,Merced,047,269075,25785,25181,715,25896,305
2021-01-25,Modoc,049,8938,305,288,93,381,0
2021-01-25,Mono,051,14174,1123,1114,14,1128,3
2021-01-25,Monterey,053,433212,38868,37726,1357,39083,255
2021-01-25,Napa,055,140530,8320,8057,32,8089,43
2021-01-25,Nevada,057,99092,3608,3365,145,3510,18
2021-01-25,Orange,059,3164182,231169,225105,9375,234480,2696
2021-01-25,Placer,061,380077,19074,17936,962,18898,193
2021-01-25,Plumas,063,18699,612,533,10,543,2
2021-01-25,Riverside,065,2383286,267021,258082,12634,270716,2789
2021-01-25,Sacramento,067,1510023,86516,84653,1053,85706,1118
2021-01-25,San Benito,069,59416,5361,5238,69,5307,43
2021-01-25,San Bernardino,071,2135413,272898,263174,8013,271187,1947
2021-01-25,San Diego,073,3302833,241972,228630,11265,239895,2375
2021-01-25,San Francisco,075,870044,31278,30734,830,31564,288
2021-01-25,San Joaquin,077,732212,61679,59291,2461,61752,838
2021-01-25,San Luis Obispo,079,281455,17663,16868,472,17340,179
2021-01-25,San Mateo,081,765935,36246,34187,323,34510,213
2021-01-25,Santa Barbara,083,443738,29281,27065,933,27998,269
2021-01-25,Santa Clara,085,1922200,100996,98647,456,99103,1143
2021-01-25,Santa Cruz,087,273765,14129,12973,691,13664,133
2021-01-25,Shasta,089,179085,10262,9991,1064,11055,103
2021-01-25,Sierra,091,2930,48,42,13,55,0
2021-01-25,Siskiyou,093,43540,1300,1205,193,1398,4
2021-01-25,Solano,095,438530,27473,26648,308,26956,109
2021-01-25,Sonoma,097,501317,25680,25160,134,25294,233
2021-01-25,Stanislaus,099,539301,46211,44293,4741,49034,599
2021-01-25,Sutter,101,95872,8208,8023,79,8102,83
2021-01-25,Tehama,103,63373,4227,4082,459,4541,20
2021-01-25,Trinity,105,12862,435,262,60,322,3
2021-01-25,Tulare,107,460477,44900,43124,6574,49698,578
2021-01-25,Tuolumne,109,53932,3501,3422,29,3451,29
2021-01-25,Ventura,111,848112,69478,66910,2467,69377,439
2021-01-25,Yolo,113,214977,11894,11276,159,11435,140
2021-01-25,Yuba,115,75493,5075,4900,69,4969,31
2021-01-24,Alameda,001,1643700,72998,70823,1559,72382,780
2021-01-24,Alpine,003,1148,74,72,0,72,0
2021-01-24,Amador,005,37829,3141,3054,24,3078,30
2021-01-24,Butte,007,227075,10435,9820,1442,11262,133
2021-01-24,Calaveras,009,45235,1713,1704,10,1714,21
2021-01-24,Colusa,011,21464,1729,1689,193,1882,8
2021-01-24,Contra Costa,013,1133247,56938,54694,953,55647,488
2021-01-24,Del Norte,015,27424,882,855,4,859,2
2021-01-24,El Dorado,017,186661,8459,8003,550,8553,66
2021-01-24,Fresno,019,978130,89614,85808,6845,92653,911
2021-01-24,Glenn,021,27897,2081,2026,431,2457,13
2021-01-24,Humboldt,023,135768,2699,2562,17,2579,24
2021-01-24,Imperial,025,180216,26276,25707,2376,28083,488
2021-01-24,Inyo,027,18085,1053,1007,21,1028,27
2021-01-24,Kern,029,883053,86333,83125,8153,91278,785
2021-01-24,Kings,031,150075,20642,19988,850,20838,159
2021-01-24,Lake,033,64148,2812,2724,2,2726,32
2021-01-24,Lassen,035,31185,4891,4828,86,4914,1
2021-01-24,Los Angeles,037,10098052,1094352,1048757,35677,1084434,15119
2021-01-24,Madera,039,155013,14482,14000,701,14701,86
2021-01-24,Marin,041,260295,12152,11872,137,12009,177
2021-01-24,Mariposa,043,17540,345,322,4,326,3
2021-01-24,Mendocino,045,87422,3215,3037,56,3093,33
2021-01-24,Merced,047,269075,25572,25047,707,25754,305
2021-01-24,Modoc,049,8938,305,285,93,378,0
2021-01-24,Mono,051,14174,1116,1113,14,1127,3
2021-01-24,Monterey,053,433212,38590,37527,1324,38851,254
2021-01-24,Napa,055,140530,8278,8005,32,8037,43
2021-01-24,Nevada,057,99092,3566,3349,143,3492,18
2021-01-24,Orange,059,3164182,229738,223853,9305,233158,2632
2021-01-24,Placer,061,380077,18961,17839,942,18781,193
2021-01-24,Plumas,063,18699,609,532,10,542,2
2021-01-24,Riverside,065,2383286,265418,256767,12557,269324,2761
2021-01-24,Sacramento,067,1510023,85947,84110,1045,85155,1112
2021-01-24,San Benito,069,59416,5319,5223,66,5289,43
2021-01-24,San Bernardino,071,2135413,271575,262370,7958,270328,1935
2021-01-24,San Diego,073,3302833,240279,227193,11134,238327,2375
2021-01-24,San Francisco,075,870044,31091,30559,808,31367,275
2021-01-24,San Joaquin,077,732212,61251,59021,2445,61466,838
2021-01-24,San Luis Obispo,079,281455,17541,16758,470,17228,179
2021-01-24,San Mateo,081,765935,36002,33956,318,34274,213
2021-01-24,Santa Barbara,083,443738,28966,26735,923,27658,269
2021-01-24,Santa Clara,085,1922200,100349,98103,450,98553,1109
2021-01-24,Santa Cruz,087,273765,14043,12905,683,13588,133
2021-01-24,Shasta,089,179085,10191,9978,1055,11033,103
2021-01-24,Sierra,091,2930,47,42,13,55,0
2021-01-24,Siskiyou,093,43540,1293,1195,193,1388,4
2021-01-24,Solano,095,438530,27284,26515,304,26819,109
2021-01-24,Sonoma,097,501317,25496,25045,133,25178,233
2021-01-24,Stanislaus,099,539301,45900,44031,4681,48712,599
2021-01-24,Sutter,101,95872,8139,7980,79,8059,83
2021-01-24,Tehama,103,63373,4188,4062,451,4513,20
2021-01-24,Trinity,105,12862,435,262,60,322,3
2021-01-24,Tulare,107,460477,44681,43006,6481,49487,577
2021-01-24,Tuolumne,109,53932,3491,3416,29,3445,29
2021-01-24,Ventura,111,848112,68764,66347,2442,68789,439
2021-01-24,Yolo,113,214977,11809,11210,155,11365,140
2021-01-24,Yuba,115,75493,5035,4875,68,4943,31
2021-01-23,Alameda,001,1643700,72750,70080,1552,71632,780
2021-01-23,Alpine,003,1148,74,72,0,72,0
2021-01-23,Amador,005,37829,3138,3049,24,3073,30
2021-01-23,Butte,007,227075,10405,9757,1437,11194,133
2021-01-23,Calaveras,009,45235,1710,1695,10,1705,21
2021-01-23,Colusa,011,21464,1725,1672,192,1864,8
2021-01-23,Contra Costa,013,1133247,56725,54162,945,55107,487
2021-01-23,Del Norte,015,27424,881,855,4,859,2
2021-01-23,El Dorado,017,186661,8443,7984,548,8532,66
2021-01-23,Fresno,019,978130,89428,85274,6815,92089,910
2021-01-23,Glenn,021,27897,2078,2015,427,2442,13
2021-01-23,Humboldt,023,135768,2680,2493,16,2509,23
2021-01-23,Imperial,025,180216,26243,25581,2367,27948,487
2021-01-23,Inyo,027,18085,1044,987,21,1008,27
2021-01-23,Kern,029,883053,86087,82602,8081,90683,783
2021-01-23,Kings,031,150075,20598,19904,848,20752,159
2021-01-23,Lake,033,64148,2804,2673,2,2675,32
2021-01-23,Lassen,035,31185,4890,4816,83,4899,1
2021-01-23,Los Angeles,037,10098052,1091141,1040961,35519,1076480,15034
2021-01-23,Madera,039,155013,14446,13858,699,14557,86
2021-01-23,Marin,041,260295,12096,11796,135,11931,177
2021-01-23,Mariposa,043,17540,345,323,4,327,3
2021-01-23,Mendocino,045,87422,3201,2991,56,3047,32
2021-01-23,Merced,047,269075,25479,24787,694,25481,303
2021-01-23,Modoc,049,8938,305,285,93,378,0
2021-01-23,Mono,051,14174,1114,1111,14,1125,3
2021-01-23,Monterey,053,433212,38507,37165,1319,38484,253
2021-01-23,Napa,055,140530,8253,7893,32,7925,43
2021-01-23,Nevada,057,99092,3555,3332,142,3474,18
2021-01-23,Orange,059,3164182,228966,221722,9262,230984,2618
2021-01-23,Placer,061,380077,18912,17617,937,18554,193
2021-01-23,Plumas,063,18699,608,528,10,538,2
2021-01-23,Riverside,065,2383286,264540,253636,12505,266141,2733
2021-01-23,Sacramento,067,1510023,85719,83408,1042,84450,1108
2021-01-23,San Benito,069,59416,5295,5166,65,5231,43
2021-01-23,San Bernardino,071,2135413,271030,260381,7926,268307,1922
2021-01-23,San Diego,073,3302833,239218,225556,11062,236618,2344
2021-01-23,San Francisco,075,870044,30985,30308,779,31087,268
2021-01-23,San Joaquin,077,732212,61125,58164,2435,60599,836
2021-01-23,San Luis Obispo,079,281455,17478,16652,467,17119,176
2021-01-23,San Mateo,081,765935,35826,33696,307,34003,213
2021-01-23,Santa Barbara,083,443738,28784,26234,914,27148,264
2021-01-23,Santa Clara,085,1922200,99994,97189,449,97638,1086
2021-01-23,Santa Cruz,087,273765,13985,12771,680,13451,127
2021-01-23,Shasta,089,179085,10161,9951,1054,11005,103
2021-01-23,Sierra,091,2930,47,41,13,54,0
2021-01-23,Siskiyou,093,43540,1283,1190,192,1382,4
2021-01-23,Solano,095,438530,27191,26261,302,26563,107
2021-01-23,Sonoma,097,501317,25422,24790,133,24923,232
2021-01-23,Stanislaus,099,539301,45736,43723,4652,48375,599
2021-01-23,Sutter,101,95872,8121,7943,78,8021,80
2021-01-23,Tehama,103,63373,4169,4006,450,4456,20
2021-01-23,Trinity,105,12862,435,262,60,322,3
2021-01-23,Tulare,107,460477,44528,42661,6421,49082,575
2021-01-23,Tuolumne,109,53932,3484,3407,29,3436,29
2021-01-23,Ventura,111,848112,68316,65581,2419,68000,438
2021-01-23,Yolo,113,214977,11767,11087,151,11238,141
2021-01-23,Yuba,115,75493,5023,4831,67,4898,30
2021-01-22,Alameda,001,1643700,72429,69693,1546,71239,751
2021-01-22,Alpine,003,1148,74,71,0,71,0
2021-01-22,Amador,005,37829,3133,3042,24,3066,30
2021-01-22,Butte,007,227075,10356,9711,1424,11135,133
2021-01-22,Calaveras,009,45235,1703,1672,10,1682,21
2021-01-22,Colusa,011,21464,1723,1668,192,1860,7
2021-01-22,Contra Costa,013,1133247,56487,53887,939,54826,485
2021-01-22,Del Norte,015,27424,880,852,4,856,2
2021-01-22,El Dorado,017,186661,8410,7877,545,8422,64
2021-01-22,Fresno,019,978130,89087,84744,6787,91531,892
2021-01-22,Glenn,021,27897,2074,1985,422,2407,13
2021-01-22,Humboldt,023,135768,2656,2452,16,2468,23
2021-01-22,Imperial,025,180216,26208,25562,2352,27914,474
2021-01-22,Inyo,027,18085,1033,961,21,982,26
2021-01-22,Kern,029,883053,85787,82101,8008,90109,771
2021-01-22,Kings,031,150075,20522,19760,844,20604,159
2021-01-22,Lake,033,64148,2792,2681,2,2683,32
2021-01-22,Lassen,035,31185,4882,4765,82,4847,1
2021-01-22,Los Angeles,037,10098052,1086702,1031177,35327,1066504,14777
2021-01-22,Madera,039,155013,14385,13781,698,14479,86
2021-01-22,Marin,041,260295,12059,11769,133,11902,177
2021-01-22,Mariposa,043,17540,345,323,4,327,3
2021-01-22,Mendocino,045,87422,3176,2994,55,3049,32
2021-01-22,Merced,047,269075,25356,24616,686,25302,290
2021-01-22,Modoc,049,8938,305,285,93,378,0
2021-01-22,Mono,051,14174,1114,1108,14,1122,3
2021-01-22,Monterey,053,433212,38353,36909,1314,38223,253
2021-01-22,Napa,055,140530,8207,7828,32,7860,40
2021-01-22,Nevada,057,99092,3530,3296,141,3437,18
2021-01-22,Orange,059,3164182,228014,220384,9215,229599,2542
2021-01-22,Placer,061,380077,18857,17636,922,18558,193
2021-01-22,Plumas,063,18699,606,522,10,532,2
2021-01-22,Riverside,065,2383286,263413,252440,12439,264879,2710
2021-01-22,Sacramento,067,1510023,85393,82861,1034,83895,1094
2021-01-22,San Benito,069,59416,5270,5143,65,5208,43
2021-01-22,San Bernardino,071,2135413,270208,259121,7893,267014,1849
2021-01-22,San Diego,073,3302833,237978,222576,10997,233573,2301
2021-01-22,San Francisco,075,870044,30872,30027,761,30788,266
2021-01-22,San Joaquin,077,732212,60943,58485,2422,60907,812
2021-01-22,San Luis Obispo,079,281455,17389,16336,464,16800,172
2021-01-22,San Mateo,081,765935,35605,33401,304,33705,211
2021-01-22,Santa Barbara,083,443738,28584,25989,903,26892,256
2021-01-22,Santa Clara,085,1922200,99554,96435,446,96881,1062
2021-01-22,Santa Cruz,087,273765,13927,12687,676,13363,123
2021-01-22,Shasta,089,179085,10142,9866,1052,10918,103
2021-01-22,Sierra,091,2930,47,40,13,53,0
2021-01-22,Siskiyou,093,43540,1279,1182,190,1372,4
2021-01-22,Solano,095,438530,27102,26048,300,26348,107
2021-01-22,Sonoma,097,501317,25347,24659,133,24792,232
2021-01-22,Stanislaus,099,539301,45579,43489,4619,48108,599
2021-01-22,Sutter,101,95872,8096,7878,78,7956,80
2021-01-22,Tehama,103,63373,4150,3993,449,4442,19
2021-01-22,Trinity,105,12862,434,263,60,323,3
2021-01-22,Tulare,107,460477,44349,42307,6350,48657,573
2021-01-22,Tuolumne,109,53932,3455,3379,29,3408,29
2021-01-22,Ventura,111,848112,67809,64404,2402,66806,426
2021-01-22,Yolo,113,214977,11733,11014,143,11157,141
2021-01-22,Yuba,115,75493,4999,4789,65,4854,29
2021-01-21,Alameda,001,1643700,71997,69314,1529,70843,739
2021-01-21,Alpine,003,1148,74,71,0,71,0
2021-01-21,Amador,005,37829,3111,3038,24,3062,29
2021-01-21,Butte,007,227075,10286,9643,1417,11060,130
2021-01-21,Calaveras,009,45235,1694,1647,10,1657,21
2021-01-21,Colusa,011,21464,1716,1662,189,1851,7
2021-01-21,Contra Costa,013,1133247,56071,53595,925,54520,478
2021-01-21,Del Norte,015,27424,878,850,3,853,2
2021-01-21,El Dorado,017,186661,8361,7823,542,8365,58
2021-01-21,Fresno,019,978130,88682,84137,6747,90884,889
2021-01-21,Glenn,021,27897,2065,1964,418,2382,13
2021-01-21,Humboldt,023,135768,2633,2423,16,2439,23
2021-01-21,Imperial,025,180216,26116,25509,2338,27847,463
2021-01-21,Inyo,027,18085,1024,946,21,967,26
2021-01-21,Kern,029,883053,85374,81328,7890,89218,769
2021-01-21,Kings,031,150075,20451,19633,825,20458,158
2021-01-21,Lake,033,64148,2775,2669,2,2671,32
2021-01-21,Lassen,035,31185,4876,4763,82,4845,1
2021-01-21,Los Angeles,037,10098052,1080054,1023055,35006,1058061,14537
2021-01-21,Madera,039,155013,14317,13664,690,14354,86
2021-01-21,Marin,041,260295,12003,11732,131,11863,173
2021-01-21,Mariposa,043,17540,341,322,4,326,3
2021-01-21,Mendocino,045,87422,3153,2967,53,3020,32
2021-01-21,Merced,047,269075,25201,24426,680,25106,245
2021-01-21,Modoc,049,8938,302,284,92,376,0
2021-01-21,Mono,051,14174,1109,1104,14,1118,3
2021-01-21,Monterey,053,433212,38076,36149,1303,37452,253
2021-01-21,Napa,055,140530,8143,7774,32,7806,40
2021-01-21,Nevada,057,99092,3501,3274,140,3414,18
2021-01-21,Orange,059,3164182,226637,218867,9160,228027,2540
2021-01-21,Placer,061,380077,18782,17553,918,18471,190
2021-01-21,Plumas,063,18699,602,518,10,528,2
2021-01-21,Riverside,065,2383286,261701,251007,12362,263369,2676
2021-01-21,Sacramento,067,1510023,84914,82303,1014,83317,1084
2021-01-21,San Benito,069,59416,5236,5100,60,5160,43
2021-01-21,San Bernardino,071,2135413,268860,257754,7826,265580,1832
2021-01-21,San Diego,073,3302833,236202,219729,10891,230620,2222
2021-01-21,San Francisco,075,870044,30696,29801,727,30528,266
2021-01-21,San Joaquin,077,732212,60634,58270,2402,60672,806
2021-01-21,San Luis Obispo,079,281455,17303,16153,456,16609,169
2021-01-21,San Mateo,081,765935,35360,33156,290,33446,210
2021-01-21,Santa Barbara,083,443738,28300,25654,890,26544,253
2021-01-21,Santa Clara,085,1922200,98927,96028,439,96467,1062
2021-01-21,Santa Cruz,087,273765,13843,12548,666,13214,119
2021-01-21,Shasta,089,179085,10099,9795,1036,10831,98
2021-01-21,Sierra,091,2930,47,40,13,53,0
2021-01-21,Siskiyou,093,43540,1276,1178,187,1365,4
2021-01-21,Solano,095,438530,26922,25885,296,26181,106
2021-01-21,Sonoma,097,501317,25212,24440,131,24571,230
2021-01-21,Stanislaus,099,539301,45276,43223,4575,47798,599
2021-01-21,Sutter,101,95872,8062,7822,78,7900,80
2021-01-21,Tehama,103,63373,4114,3938,449,4387,19
2021-01-21,Trinity,105,12862,434,261,60,321,3
2021-01-21,Tulare,107,460477,44138,42082,6274,48356,569
2021-01-21,Tuolumne,109,53932,3445,3365,29,3394,29
2021-01-21,Ventura,111,848112,67117,63995,2381,66376,420
2021-01-21,Yolo,113,214977,11644,10940,135,11075,141
2021-01-21,Yuba,115,75493,4968,4757,64,4821,29
2021-01-20,Alameda,001,1643700,71512,68785,1514,70299,702
2021-01-20,Alpine,003,1148,74,71,0,71,0
2021-01-20,Amador,005,37829,3080,3036,24,3060,29
2021-01-20,Butte,007,227075,10230,9582,1407,10989,130
2021-01-20,Calaveras,009,45235,1674,1637,9,1646,21
2021-01-20,Colusa,011,21464,1700,1630,184,1814,7
2021-01-20,Contra Costa,013,1133247,55617,53108,919,54027,461
2021-01-20,Del Norte,015,27424,877,848,3,851,2
2021-01-20,El Dorado,017,186661,8313,7785,539,8324,53
2021-01-20,Fresno,019,978130,88262,83591,6694,90285,872
2021-01-20,Glenn,021,27897,2047,1955,415,2370,13
2021-01-20,Humboldt,023,135768,2590,2390,16,2406,22
2021-01-20,Imperial,025,180216,26044,25380,2303,27683,461
2021-01-20,Inyo,027,18085,1014,901,21,922,26
2021-01-20,Kern,029,883053,84923,80701,7783,88484,754
2021-01-20,Kings,031,150075,20361,19522,817,20339,146
2021-01-20,Lake,033,64148,2753,2646,2,2648,31
2021-01-20,Lassen,035,31185,4868,4758,80,4838,1
2021-01-20,Los Angeles,037,10098052,1072581,1015608,34716,1050324,14299
2021-01-20,Madera,039,155013,14253,13585,685,14270,86
2021-01-20,Marin,041,260295,11949,11684,129,11813,171
2021-01-20,Mariposa,043,17540,339,322,4,326,3
2021-01-20,Mendocino,045,87422,3138,2957,53,3010,32
2021-01-20,Merced,047,269075,25027,24220,659,24879,243
2021-01-20,Modoc,049,8938,301,282,92,374,0
2021-01-20,Mono,051,14174,1102,1105,13,1118,3
2021-01-20,Monterey,053,433212,37758,35960,1281,37241,249
2021-01-20,Napa,055,140530,8074,7731,31,7762,40
2021-01-20,Nevada,057,99092,3469,3238,140,3378,18
2021-01-20,Orange,059,3164182,225098,216893,9099,225992,2500
2021-01-20,Placer,061,380077,18687,17455,900,18355,186
2021-01-20,Plumas,063,18699,600,512,10,522,2
2021-01-20,Riverside,065,2383286,259693,248686,12277,260963,2615
2021-01-20,Sacramento,067,1510023,84351,81687,1003,82690,1072
2021-01-20,San Benito,069,59416,5206,5036,59,5095,35
2021-01-20,San Bernardino,071,2135413,267502,255921,7779,263700,1801
2021-01-20,San Diego,073,3302833,234347,218553,10789,229342,2174
2021-01-20,San Francisco,075,870044,30504,29665,707,30372,262
2021-01-20,San Joaquin,077,732212,60232,58025,2393,60418,783
2021-01-20,San Luis Obispo,079,281455,17122,15936,447,16383,164
2021-01-20,San Mateo,081,765935,35134,32929,289,33218,210
2021-01-20,Santa Barbara,083,443738,27985,25312,878,26190,248
2021-01-20,Santa Clara,085,1922200,98248,94995,437,95432,1040
2021-01-20,Santa Cruz,087,273765,13736,12460,653,13113,107
2021-01-20,Shasta,089,179085,10047,9697,1026,10723,98
2021-01-20,Sierra,091,2930,47,40,13,53,0
2021-01-20,Siskiyou,093,43540,1270,1163,186,1349,4
2021-01-20,Solano,095,438530,26729,25659,292,25951,106
2021-01-20,Sonoma,097,501317,25077,24262,129,24391,223
2021-01-20,Stanislaus,099,539301,44985,42955,4529,47484,585
2021-01-20,Sutter,101,95872,8010,7772,76,7848,80
2021-01-20,Tehama,103,63373,4089,3892,448,4340,19
2021-01-20,Trinity,105,12862,434,260,60,320,3
2021-01-20,Tulare,107,460477,43881,41799,6179,47978,559
2021-01-20,Tuolumne,109,53932,3431,3355,28,3383,29
2021-01-20,Ventura,111,848112,66161,63413,2352,65765,395
2021-01-20,Yolo,113,214977,11573,10852,132,10984,141
2021-01-20,Yuba,115,75493,4941,4729,64,4793,29
2021-01-19,Alameda,001,1643700,70854,68434,1504,69938,680
2021-01-19,Alpine,003,1148,74,71,0,71,0
2021-01-19,Amador,005,37829,3071,3024,24,3048,28
2021-01-19,Butte,007,227075,10164,9528,1393,10921,129
2021-01-19,Calaveras,009,45235,1658,1621,8,1629,21
2021-01-19,Colusa,011,21464,1678,1617,176,1793,7
2021-01-19,Contra Costa,013,1133247,55122,52730,906,53636,448
2021-01-19,Del Norte,015,27424,875,843,3,846,2
2021-01-19,El Dorado,017,186661,8253,7743,531,8274,47
2021-01-19,Fresno,019,978130,87742,83200,6641,89841,857
2021-01-19,Glenn,021,27897,2036,1948,409,2357,13
2021-01-19,Humboldt,023,135768,2566,2359,13,2372,22
2021-01-19,Imperial,025,180216,25962,25333,2285,27618,452
2021-01-19,Inyo,027,18085,1007,891,21,912,26
2021-01-19,Kern,029,883053,84336,80272,7676,87948,742
2021-01-19,Kings,031,150075,20222,19375,806,20181,143
2021-01-19,Lake,033,64148,2738,2625,2,2627,31
2021-01-19,Lassen,035,31185,4861,4753,80,4833,1
2021-01-19,Los Angeles,037,10098052,1063917,1010375,34444,1044819,14014
2021-01-19,Madera,039,155013,14136,13528,678,14206,86
2021-01-19,Marin,041,260295,11891,11654,125,11779,169
2021-01-19,Mariposa,043,17540,339,322,4,326,3
2021-01-19,Mendocino,045,87422,3121,2930,53,2983,32
2021-01-19,Merced,047,269075,24813,24108,653,24761,242
2021-01-19,Modoc,049,8938,300,281,92,373,0
2021-01-19,Mono,051,14174,1101,1106,13,1119,3
2021-01-19,Monterey,053,433212,37438,35840,1259,37099,248
2021-01-19,Napa,055,140530,8015,7672,31,7703,38
2021-01-19,Nevada,057,99092,3451,3216,138,3354,18
2021-01-19,Orange,059,3164182,223361,215244,9031,224275,2468
2021-01-19,Placer,061,380077,18590,17348,890,18238,182
2021-01-19,Plumas,063,18699,593,509,10,519,2
2021-01-19,Riverside,065,2383286,257638,246248,12198,258446,2585
2021-01-19,Sacramento,067,1510023,83813,81183,983,82166,1053
2021-01-19,San Benito,069,59416,5160,4988,58,5046,35
2021-01-19,San Bernardino,071,2135413,265758,253651,7721,261372,1777
2021-01-19,San Diego,073,3302833,231927,216833,10692,227525,2109
2021-01-19,San Francisco,075,870044,30285,29502,675,30177,261
2021-01-19,San Joaquin,077,732212,59848,57655,2380,60035,782
2021-01-19,San Luis Obispo,079,281455,16859,15855,444,16299,161
2021-01-19,San Mateo,081,765935,34848,32730,277,33007,208
2021-01-19,Santa Barbara,083,443738,27602,24991,862,25853,236
2021-01-19,Santa Clara,085,1922200,97470,94483,435,94918,1010
2021-01-19,Santa Cruz,087,273765,13619,12410,644,13054,106
2021-01-19,Shasta,089,179085,10011,9614,1016,10630,93
2021-01-19,Sierra,091,2930,47,40,11,51,0
2021-01-19,Siskiyou,093,43540,1262,1149,185,1334,4
2021-01-19,Solano,095,438530,26483,25520,291,25811,106
2021-01-19,Sonoma,097,501317,24898,24133,127,24260,223
2021-01-19,Stanislaus,099,539301,44634,42723,4472,47195,561
2021-01-19,Sutter,101,95872,7959,7709,70,7779,80
2021-01-19,Tehama,103,63373,4054,3876,446,4322,19
2021-01-19,Trinity,105,12862,433,260,60,320,3
2021-01-19,Tulare,107,460477,43603,41559,6082,47641,549
2021-01-19,Tuolumne,109,53932,3404,3328,28,3356,29
2021-01-19,Ventura,111,848112,65483,62656,2324,64980,383
2021-01-19,Yolo,113,214977,11488,10789,132,10921,134
2021-01-19,Yuba,115,75493,4908,4695,63,4758,29
2021-01-18,Alameda,001,1643700,70210,67938,1486,69424,680
2021-01-18,Alpine,003,1148,74,71,0,71,0
2021-01-18,Amador,005,37829,3057,3016,24,3040,28
2021-01-18,Butte,007,227075,10077,9474,1380,10854,129
2021-01-18,Calaveras,009,45235,1636,1617,7,1624,21
2021-01-18,Colusa,011,21464,1661,1608,171,1779,7
2021-01-18,Contra Costa,013,1133247,54606,52323,898,53221,448
2021-01-18,Del Norte,015,27424,874,840,3,843,2
2021-01-18,El Dorado,017,186661,8185,7707,529,8236,47
2021-01-18,Fresno,019,978130,87131,82485,6574,89059,857
2021-01-18,Glenn,021,27897,2019,1935,405,2340,13
2021-01-18,Humboldt,023,135768,2528,2343,13,2356,22
2021-01-18,Imperial,025,180216,25893,25317,2259,27576,452
2021-01-18,Inyo,027,18085,995,872,21,893,26
2021-01-18,Kern,029,883053,83696,79930,7584,87514,740
2021-01-18,Kings,031,150075,20053,19267,794,20061,141
2021-01-18,Lake,033,64148,2721,2591,2,2593,30
2021-01-18,Lassen,035,31185,4825,4749,79,4828,1
2021-01-18,Los Angeles,037,10098052,1054434,1002614,34151,1036765,13828
2021-01-18,Madera,039,155013,14022,13443,670,14113,85
2021-01-18,Marin,041,260295,11843,11607,123,11730,165
2021-01-18,Mariposa,043,17540,336,320,3,323,3
2021-01-18,Mendocino,045,87422,3098,2919,53,2972,31
2021-01-18,Merced,047,269075,24569,23927,636,24563,242
2021-01-18,Modoc,049,8938,297,281,89,370,0
2021-01-18,Mono,051,14174,1098,1101,13,1114,3
2021-01-18,Monterey,053,433212,36985,35549,1242,36791,247
2021-01-18,Napa,055,140530,7941,7601,31,7632,38
2021-01-18,Nevada,057,99092,3413,3199,137,3336,17
2021-01-18,Orange,059,3164182,221459,213866,8975,222841,2405
2021-01-18,Placer,061,380077,18475,17263,881,18144,182
2021-01-18,Plumas,063,18699,589,506,10,516,2
2021-01-18,Riverside,065,2383286,255362,244151,12107,256258,2568
2021-01-18,Sacramento,067,1510023,83133,80546,967,81513,1046
2021-01-18,San Benito,069,59416,5109,4963,56,5019,35
2021-01-18,San Bernardino,071,2135413,263982,252808,7662,260470,1775
2021-01-18,San Diego,073,3302833,229282,214335,10563,224898,2103
2021-01-18,San Francisco,075,870044,30079,29321,651,29972,259
2021-01-18,San Joaquin,077,732212,59330,57405,2358,59763,782
2021-01-18,San Luis Obispo,079,281455,16672,15742,434,16176,158
2021-01-18,San Mateo,081,765935,34533,32515,258,32773,208
2021-01-18,Santa Barbara,083,443738,27230,24638,848,25486,235
2021-01-18,Santa Clara,085,1922200,96577,93688,431,94119,992
2021-01-18,Santa Cruz,087,273765,13486,12298,631,12929,106
2021-01-18,Shasta,089,179085,9972,9600,1006,10606,92
2021-01-18,Sierra,091,2930,46,40,11,51,0
2021-01-18,Siskiyou,093,43540,1250,1144,183,1327,4
2021-01-18,Solano,095,438530,26204,25344,286,25630,105
2021-01-18,Sonoma,097,501317,24627,24068,126,24194,223
2021-01-18,Stanislaus,099,539301,44276,42413,4422,46835,562
2021-01-18,Sutter,101,95872,7901,7680,68,7748,78
2021-01-18,Tehama,103,63373,4010,3854,439,4293,19
2021-01-18,Trinity,105,12862,433,260,60,320,3
2021-01-18,Tulare,107,460477,43315,41196,5968,47164,549
2021-01-18,Tuolumne,109,53932,3381,3318,27,3345,28
2021-01-18,Ventura,111,848112,65053,61859,2301,64160,379
2021-01-18,Yolo,113,214977,11358,10620,129,10749,134
2021-01-18,Yuba,115,75493,4880,4671,61,4732,29
2021-01-17,Alameda,001,1643700,69634,67375,1467,68842,676
2021-01-17,Alpine,003,1148,74,71,0,71,0
2021-01-17,Amador,005,37829,3050,3001,24,3025,28
2021-01-17,Butte,007,227075,10005,9411,1358,10769,129
2021-01-17,Calaveras,009,45235,1623,1608,7,1615,21
2021-01-17,Colusa,011,21464,1647,1588,166,1754,7
2021-01-17,Contra Costa,013,1133247,54118,51932,891,52823,447
2021-01-17,Del Norte,015,27424,874,838,3,841,2
2021-01-17,El Dorado,017,186661,8129,7659,517,8176,47
2021-01-17,Fresno,019,978130,86578,82039,6497,88536,857
2021-01-17,Glenn,021,27897,2008,1924,400,2324,9
2021-01-17,Humboldt,023,135768,2490,2322,11,2333,22
2021-01-17,Imperial,025,180216,25823,25253,2216,27469,451
2021-01-17,Inyo,027,18085,989,864,21,885,26
2021-01-17,Kern,029,883053,83148,79489,7498,86987,738
2021-01-17,Kings,031,150075,19917,19201,780,19981,131
2021-01-17,Lake,033,64148,2705,2572,2,2574,30
2021-01-17,Lassen,035,31185,4817,4740,78,4818,1
2021-01-17,Los Angeles,037,10098052,1047805,993028,33746,1026774,13741
2021-01-17,Madera,039,155013,13930,13328,664,13992,85
2021-01-17,Marin,041,260295,11790,11552,121,11673,164
2021-01-17,Mariposa,043,17540,336,319,3,322,3
2021-01-17,Mendocino,045,87422,3070,2912,52,2964,31
2021-01-17,Merced,047,269075,24354,23800,619,24419,242
2021-01-17,Modoc,049,8938,296,279,89,368,0
2021-01-17,Mono,051,14174,1092,1091,12,1103,3
2021-01-17,Monterey,053,433212,36748,35340,1217,36557,244
2021-01-17,Napa,055,140530,7885,7521,31,7552,38
2021-01-17,Nevada,057,99092,3388,3176,135,3311,17
2021-01-17,Orange,059,3164182,219454,212389,8900,221289,2359
2021-01-17,Placer,061,380077,18365,17194,866,18060,181
2021-01-17,Plumas,063,18699,588,505,9,514,2
2021-01-17,Riverside,065,2383286,253270,242206,11988,254194,2534
2021-01-17,Sacramento,067,1510023,82528,80154,954,81108,1045
2021-01-17,San Benito,069,59416,5071,4941,56,4997,35
2021-01-17,San Bernardino,071,2135413,261855,251487,7573,259060,1775
2021-01-17,San Diego,073,3302833,227087,211785,10456,222241,2103
2021-01-17,San Francisco,075,870044,29894,29139,612,29751,255
2021-01-17,San Joaquin,077,732212,58970,57094,2343,59437,780
2021-01-17,San Luis Obispo,079,281455,16550,15658,425,16083,157
2021-01-17,San Mateo,081,765935,34280,32186,235,32421,208
2021-01-17,Santa Barbara,083,443738,26783,24401,832,25233,235
2021-01-17,Santa Clara,085,1922200,95827,92752,428,93180,976
2021-01-17,Santa Cruz,087,273765,13374,12196,628,12824,106
2021-01-17,Shasta,089,179085,9914,9588,998,10586,92
2021-01-17,Sierra,091,2930,46,38,10,48,0
2021-01-17,Siskiyou,093,43540,1243,1136,180,1316,4
2021-01-17,Solano,095,438530,25974,25216,284,25500,105
2021-01-17,Sonoma,097,501317,24457,23871,126,23997,223
2021-01-17,Stanislaus,099,539301,43957,42221,4363,46584,562
2021-01-17,Sutter,101,95872,7837,7604,66,7670,77
2021-01-17,Tehama,103,63373,3980,3837,434,4271,18
2021-01-17,Trinity,105,12862,433,261,60,321,3
2021-01-17,Tulare,107,460477,43023,41016,5852,46868,549
2021-01-17,Tuolumne,109,53932,3364,3287,27,3314,27
2021-01-17,Ventura,111,848112,64209,61257,2254,63511,376
2021-01-17,Yolo,113,214977,11258,10519,127,10646,134
2021-01-17,Yuba,115,75493,4830,4640,59,4699,28
2021-01-16,Alameda,001,1643700,69309,66583,1454,68037,673
2021-01-16,Alpine,003,1148,74,71,0,71,0
2021-01-16,Amador,005,37829,3047,2986,24,3010,28
2021-01-16,Butte,007,227075,9975,9359,1338,10697,129
2021-01-16,Calaveras,009,45235,1609,1596,7,1603,21
2021-01-16,Colusa,011,21464,1635,1578,166,1744,7
2021-01-16,Contra Costa,013,1133247,53855,51363,884,52247,443
2021-01-16,Del Norte,015,27424,869,833,3,836,2
2021-01-16,El Dorado,017,186661,8107,7575,516,8091,47
2021-01-16,Fresno,019,978130,86305,81294,6443,87737,846
2021-01-16,Glenn,021,27897,2004,1894,396,2290,9
2021-01-16,Humboldt,023,135768,2470,2294,9,2303,22
2021-01-16,Imperial,025,180216,25789,25140,2209,27349,451
2021-01-16,Inyo,027,18085,985,845,21,866,25
2021-01-16,Kern,029,883053,82781,78865,7445,86310,733
2021-01-16,Kings,031,150075,19861,19072,777,19849,131
2021-01-16,Lake,033,64148,2695,2504,2,2506,30
2021-01-16,Lassen,035,31185,4805,4719,78,4797,1
2021-01-16,Los Angeles,037,10098052,1043733,982684,33502,1016186,13654
2021-01-16,Madera,039,155013,13864,13193,660,13853,85
2021-01-16,Marin,041,260295,11748,11482,121,11603,164
2021-01-16,Mariposa,043,17540,335,317,3,320,3
2021-01-16,Mendocino,045,87422,3056,2890,49,2939,31
2021-01-16,Merced,047,269075,24267,23478,605,24083,242
2021-01-16,Modoc,049,8938,296,278,89,367,0
2021-01-16,Mono,051,14174,1090,1079,12,1091,3
2021-01-16,Monterey,053,433212,36640,34972,1198,36170,243
2021-01-16,Napa,055,140530,7846,7356,31,7387,39
2021-01-16,Nevada,057,99092,3355,3144,135,3279,17
2021-01-16,Orange,059,3164182,218415,210111,8843,218954,2312
2021-01-16,Placer,061,380077,18303,16995,864,17859,177
2021-01-16,Plumas,063,18699,586,502,9,511,2
2021-01-16,Riverside,065,2383286,251921,239412,11869,251281,2506
2021-01-16,Sacramento,067,1510023,82150,79122,937,80059,1033
2021-01-16,San Benito,069,59416,5038,4875,56,4931,35
2021-01-16,San Bernardino,071,2135413,261076,249401,7506,256907,1755
2021-01-16,San Diego,073,3302833,225790,209895,10361,220256,2065
2021-01-16,San Francisco,075,870044,29767,28853,581,29434,244
2021-01-16,San Joaquin,077,732212,58723,56642,2312,58954,776
2021-01-16,San Luis Obispo,079,281455,16450,15466,423,15889,152
2021-01-16,San Mateo,081,765935,34115,31805,229,32034,208
2021-01-16,Santa Barbara,083,443738,26588,24088,824,24912,229
2021-01-16,Santa Clara,085,1922200,95361,91584,421,92005,954
2021-01-16,Santa Cruz,087,273765,13315,12026,626,12652,106
2021-01-16,Shasta,089,179085,9881,9547,994,10541,92
2021-01-16,Sierra,091,2930,45,38,10,48,0
2021-01-16,Siskiyou,093,43540,1238,1124,180,1304,4
2021-01-16,Solano,095,438530,25866,24732,277,25009,103
2021-01-16,Sonoma,097,501317,24369,23607,125,23732,223
2021-01-16,Stanislaus,099,539301,43767,41809,4312,46121,562
2021-01-16,Sutter,101,95872,7805,7560,66,7626,76
2021-01-16,Tehama,103,63373,3966,3783,434,4217,18
2021-01-16,Trinity,105,12862,433,261,60,321,3
2021-01-16,Tulare,107,460477,42843,40655,5778,46433,542
2021-01-16,Tuolumne,109,53932,3357,3269,27,3296,27
2021-01-16,Ventura,111,848112,63657,60368,2224,62592,369
2021-01-16,Yolo,113,214977,11209,10406,126,10532,134
2021-01-16,Yuba,115,75493,4799,4602,59,4661,27
2021-01-15,Alameda,001,1643700,68869,65416,1444,66860,672
2021-01-15,Alpine,003,1148,74,71,0,71,0
2021-01-15,Amador,005,37829,3040,2953,24,2977,28
2021-01-15,Butte,007,227075,9937,9233,1321,10554,129
2021-01-15,Calaveras,009,45235,1602,1538,7,1545,21
2021-01-15,Colusa,011,21464,1624,1541,162,1703,7
2021-01-15,Contra Costa,013,1133247,53523,50408,877,51285,428
2021-01-15,Del Norte,015,27424,865,828,2,830,2
2021-01-15,El Dorado,017,186661,8058,7439,507,7946,47
2021-01-15,Fresno,019,978130,85767,79950,6410,86360,832
2021-01-15,Glenn,021,27897,1999,1824,394,2218,9
2021-01-15,Humboldt,023,135768,2443,2218,8,2226,22
2021-01-15,Imperial,025,180216,25755,24944,2203,27147,446
2021-01-15,Inyo,027,18085,967,814,21,835,25
2021-01-15,Kern,029,883053,82369,77873,7381,85254,719
2021-01-15,Kings,031,150075,19753,18661,770,19431,131
2021-01-15,Lake,033,64148,2669,2434,2,2436,28
2021-01-15,Lassen,035,31185,4794,4693,76,4769,1
2021-01-15,Los Angeles,037,10098052,1036695,968979,33210,1002189,13404
2021-01-15,Madera,039,155013,13779,12883,657,13540,85
2021-01-15,Marin,041,260295,11697,11310,121,11431,160
2021-01-15,Mariposa,043,17540,333,307,3,310,3
2021-01-15,Mendocino,045,87422,3045,2835,49,2884,31
2021-01-15,Merced,047,269075,24154,23060,601,23661,239
2021-01-15,Modoc,049,8938,296,278,87,365,0
2021-01-15,Mono,051,14174,1087,1057,12,1069,3
2021-01-15,Monterey,053,433212,36428,34460,1139,35599,243
2021-01-15,Napa,055,140530,7784,7231,31,7262,38
2021-01-15,Nevada,057,99092,3341,3099,132,3231,17
2021-01-15,Orange,059,3164182,217057,207129,8791,215920,2254
2021-01-15,Placer,061,380077,18201,16712,855,17567,173
2021-01-15,Plumas,063,18699,583,499,9,508,2
2021-01-15,Riverside,065,2383286,250087,235235,11790,247025,2458
2021-01-15,Sacramento,067,1510023,81732,80279,929,81208,1023
2021-01-15,San Benito,069,59416,4995,4766,54,4820,35
2021-01-15,San Bernardino,071,2135413,259915,246182,7448,253630,1726
2021-01-15,San Diego,073,3302833,224041,206868,10296,217164,2037
2021-01-15,San Francisco,075,870044,29593,28574,561,29135,242
2021-01-15,San Joaquin,077,732212,58488,55885,2298,58183,748
2021-01-15,San Luis Obispo,079,281455,16317,15129,418,15547,148
2021-01-15,San Mateo,081,765935,33870,31291,225,31516,208
2021-01-15,Santa Barbara,083,443738,26310,23487,814,24301,226
2021-01-15,Santa Clara,085,1922200,94710,90103,416,90519,942
2021-01-15,Santa Cruz,087,273765,13206,11776,612,12388,105
2021-01-15,Shasta,089,179085,9842,9459,986,10445,91
2021-01-15,Sierra,091,2930,44,36,9,45,0
2021-01-15,Siskiyou,093,43540,1234,1119,179,1298,4
2021-01-15,Solano,095,438530,25717,24222,274,24496,103
2021-01-15,Sonoma,097,501317,24238,23204,124,23328,222
2021-01-15,Stanislaus,099,539301,43524,41178,4276,45454,562
2021-01-15,Sutter,101,95872,7758,7484,65,7549,75
2021-01-15,Tehama,103,63373,3945,3714,433,4147,17
2021-01-15,Trinity,105,12862,433,262,60,322,3
2021-01-15,Tulare,107,460477,42599,39951,5693,45644,535
2021-01-15,Tuolumne,109,53932,3341,3231,27,3258,27
2021-01-15,Ventura,111,848112,62912,59061,2190,61251,353
2021-01-15,Yolo,113,214977,11154,10240,125,10365,134
2021-01-15,Yuba,115,75493,4778,4549,59,4608,27
2021-01-14,Alameda,001,1643700,68217,64364,1429,65793,686
2021-01-14,Alpine,003,1148,74,71,0,71,0
2021-01-14,Amador,005,37829,3034,2940,24,2964,28
2021-01-14,Butte,007,227075,9852,9127,1300,10427,129
2021-01-14,Calaveras,009,45235,1585,1513,7,1520,21
2021-01-14,Colusa,011,21464,1609,1535,159,1694,7
2021-01-14,Contra Costa,013,1133247,52968,49545,863,50408,415
2021-01-14,Del Norte,015,27424,859,821,2,823,2
2021-01-14,El Dorado,017,186661,7984,7321,499,7820,45
2021-01-14,Fresno,019,978130,85134,79033,6334,85367,814
2021-01-14,Glenn,021,27897,1986,1798,389,2187,9
2021-01-14,Humboldt,023,135768,2400,2169,8,2177,22
2021-01-14,Imperial,025,180216,25645,24882,2167,27049,447
2021-01-14,Inyo,027,18085,960,790,21,811,25
2021-01-14,Kern,029,883053,81701,77070,7280,84350,705
2021-01-14,Kings,031,150075,19623,18405,766,19171,108
2021-01-14,Lake,033,64148,2626,2378,2,2380,27
2021-01-14,Lassen,035,31185,4784,4673,74,4747,1
2021-01-14,Los Angeles,037,10098052,1026701,954652,32828,987480,13147
2021-01-14,Madera,039,155013,13666,12742,646,13388,85
2021-01-14,Marin,041,260295,11623,11155,120,11275,159
2021-01-14,Mariposa,043,17540,330,302,3,305,3
2021-01-14,Mendocino,045,87422,3031,2801,47,2848,31
2021-01-14,Merced,047,269075,23925,22780,592,23372,239
2021-01-14,Modoc,049,8938,296,273,87,360,0
2021-01-14,Mono,051,14174,1079,1020,12,1032,3
2021-01-14,Monterey,053,433212,36014,34105,1119,35224,242
2021-01-14,Napa,055,140530,7699,7117,31,7148,38
2021-01-14,Nevada,057,99092,3314,3075,130,3205,17
2021-01-14,Orange,059,3164182,215129,204442,8705,213147,2162
2021-01-14,Placer,061,380077,18040,16488,848,17336,169
2021-01-14,Plumas,063,18699,575,496,9,505,2
2021-01-14,Riverside,065,2383286,247489,231684,11692,243376,2357
2021-01-14,Sacramento,067,1510023,81094,79137,905,80042,1007
2021-01-14,San Benito,069,59416,4961,4678,53,4731,35
2021-01-14,San Bernardino,071,2135413,257947,243379,7376,250755,1750
2021-01-14,San Diego,073,3302833,221646,204173,10176,214349,2005
2021-01-14,San Francisco,075,870044,29349,28200,510,28710,238
2021-01-14,San Joaquin,077,732212,57974,55058,2284,57342,739
2021-01-14,San Luis Obispo,079,281455,16156,14851,408,15259,146
2021-01-14,San Mateo,081,765935,33502,30694,216,30910,208
2021-01-14,Santa Barbara,083,443738,25903,23126,788,23914,219
2021-01-14,Santa Clara,085,1922200,93771,88505,409,88914,910
2021-01-14,Santa Cruz,087,273765,13059,11583,596,12179,109
2021-01-14,Shasta,089,179085,9792,9334,970,10304,90
2021-01-14,Sierra,091,2930,44,35,8,43,0
2021-01-14,Siskiyou,093,43540,1222,1108,176,1284,3
2021-01-14,Solano,095,438530,25457,23782,270,24052,103
2021-01-14,Sonoma,097,501317,23995,22910,124,23034,202
2021-01-14,Stanislaus,099,539301,43199,40597,4238,44835,574
2021-01-14,Sutter,101,95872,7699,7416,62,7478,74
2021-01-14,Tehama,103,63373,3916,3664,429,4093,17
2021-01-14,Trinity,105,12862,433,261,59,320,3
2021-01-14,Tulare,107,460477,42215,39565,5584,45149,533
2021-01-14,Tuolumne,109,53932,3320,3215,27,3242,28
2021-01-14,Ventura,111,848112,62040,57941,2152,60093,347
2021-01-14,Yolo,113,214977,11044,10097,119,10216,135
2021-01-14,Yuba,115,75493,4746,4496,59,4555,27
2021-01-13,Alameda,001,1643700,67462,63568,1412,64980,690
2021-01-13,Alpine,003,1148,74,71,0,71,0
2021-01-13,Amador,005,37829,3020,2914,24,2938,26
2021-01-13,Butte,007,227075,9773,9013,1285,10298,126
2021-01-13,Calaveras,009,45235,1563,1493,7,1500,21
2021-01-13,Colusa,011,21464,1597,1524,154,1678,7
2021-01-13,Contra Costa,013,1133247,52388,48877,850,49727,403
2021-01-13,Del Norte,015,27424,855,820,2,822,2
2021-01-13,El Dorado,017,186661,7891,7247,491,7738,43
2021-01-13,Fresno,019,978130,84415,78278,6290,84568,804
2021-01-13,Glenn,021,27897,1971,1792,381,2173,9
2021-01-13,Humboldt,023,135768,2368,2114,8,2122,22
2021-01-13,Imperial,025,180216,25521,24717,2134,26851,463
2021-01-13,Inyo,027,18085,948,785,21,806,25
2021-01-13,Kern,029,883053,81039,76049,7190,83239,704
2021-01-13,Kings,031,150075,19456,18121,743,18864,108
2021-01-13,Lake,033,64148,2581,2305,2,2307,27
2021-01-13,Lassen,035,31185,4777,4663,73,4736,1
2021-01-13,Los Angeles,037,10098052,1015936,937985,32417,970402,12873
2021-01-13,Madera,039,155013,13540,12570,641,13211,85
2021-01-13,Marin,041,260295,11567,11039,120,11159,161
2021-01-13,Mariposa,043,17540,328,304,3,307,3
2021-01-13,Mendocino,045,87422,3011,2790,47,2837,31
2021-01-13,Merced,047,269075,23685,22497,577,23074,241
2021-01-13,Modoc,049,8938,295,274,84,358,0
2021-01-13,Mono,051,14174,1075,1017,12,1029,3
2021-01-13,Monterey,053,433212,35596,33748,1094,34842,241
2021-01-13,Napa,055,140530,7585,7028,31,7059,36
2021-01-13,Nevada,057,99092,3289,3037,126,3163,17
2021-01-13,Orange,059,3164182,213041,201158,8635,209793,2172
2021-01-13,Placer,061,380077,17913,16272,834,17106,172
2021-01-13,Plumas,063,18699,573,490,9,499,2
2021-01-13,Riverside,065,2383286,244400,228192,11576,239768,2278
2021-01-13,Sacramento,067,1510023,80434,78268,898,79166,996
2021-01-13,San Benito,069,59416,4906,4583,52,4635,35
2021-01-13,San Bernardino,071,2135413,255571,240191,7303,247494,1759
2021-01-13,San Diego,073,3302833,219032,201578,10074,211652,1952
2021-01-13,San Francisco,075,870044,29108,27863,488,28351,238
2021-01-13,San Joaquin,077,732212,57350,54373,2254,56627,738
2021-01-13,San Luis Obispo,079,281455,16002,14625,396,15021,140
2021-01-13,San Mateo,081,765935,33161,30195,214,30409,207
2021-01-13,Santa Barbara,083,443738,25471,22714,764,23478,216
2021-01-13,Santa Clara,085,1922200,92797,87187,406,87593,911
2021-01-13,Santa Cruz,087,273765,12886,11423,582,12005,110
2021-01-13,Shasta,089,179085,9728,9180,956,10136,93
2021-01-13,Sierra,091,2930,44,33,8,41,0
2021-01-13,Siskiyou,093,43540,1216,1102,172,1274,3
2021-01-13,Solano,095,438530,25172,23503,269,23772,105
2021-01-13,Sonoma,097,501317,23745,22610,123,22733,206
2021-01-13,Stanislaus,099,539301,42797,40167,4183,44350,574
2021-01-13,Sutter,101,95872,7653,7350,61,7411,73
2021-01-13,Tehama,103,63373,3866,3589,424,4013,17
2021-01-13,Trinity,105,12862,433,260,59,319,3
2021-01-13,Tulare,107,460477,41807,39129,5480,44609,522
2021-01-13,Tuolumne,109,53932,3306,3196,27,3223,28
2021-01-13,Ventura,111,848112,61027,56453,2113,58566,338
2021-01-13,Yolo,113,214977,10942,9933,115,10048,135
2021-01-13,Yuba,115,75493,4704,4448,56,4504,27
2021-01-12,Alameda,001,1643700,66641,62642,1392,64034,677
2021-01-12,Alpine,003,1148,74,71,0,71,0
2021-01-12,Amador,005,37829,3003,2897,24,2921,26
2021-01-12,Butte,007,227075,9687,8883,1267,10150,124
2021-01-12,Calaveras,009,45235,1526,1475,7,1482,21
2021-01-12,Colusa,011,21464,1585,1510,150,1660,7
2021-01-12,Contra Costa,013,1133247,51743,48242,836,49078,399
2021-01-12,Del Norte,015,27424,850,816,2,818,2
2021-01-12,El Dorado,017,186661,7808,7156,480,7636,41
2021-01-12,Fresno,019,978130,83543,77651,6222,83873,796
2021-01-12,Glenn,021,27897,1943,1781,375,2156,9
2021-01-12,Humboldt,023,135768,2314,2077,7,2084,22
2021-01-12,Imperial,025,180216,25431,24566,2093,26659,457
2021-01-12,Inyo,027,18085,931,773,21,794,25
2021-01-12,Kern,029,883053,80334,75320,7091,82411,689
2021-01-12,Kings,031,150075,19245,18072,732,18804,108
2021-01-12,Lake,033,64148,2535,2260,2,2262,27
2021-01-12,Lassen,035,31185,4755,4659,71,4730,1
2021-01-12,Los Angeles,037,10098052,1004307,926295,32000,958295,12610
2021-01-12,Madera,039,155013,13399,12485,632,13117,85
2021-01-12,Marin,041,260295,11458,10960,120,11080,157
2021-01-12,Mariposa,043,17540,326,302,3,305,3
2021-01-12,Mendocino,045,87422,2991,2762,43,2805,31
2021-01-12,Merced,047,269075,23434,22172,555,22727,239
2021-01-12,Modoc,049,8938,293,274,84,358,0
2021-01-12,Mono,051,14174,1065,1008,12,1020,3
2021-01-12,Monterey,053,433212,35096,33381,1073,34454,240
2021-01-12,Napa,055,140530,7502,6936,31,6967,36
2021-01-12,Nevada,057,99092,3261,3014,124,3138,17
2021-01-12,Orange,059,3164182,210746,198260,8548,206808,2142
2021-01-12,Placer,061,380077,17743,16087,828,16915,163
2021-01-12,Plumas,063,18699,567,483,9,492,2
2021-01-12,Riverside,065,2383286,241312,225580,11437,237017,2266
2021-01-12,Sacramento,067,1510023,79694,77201,890,78091,985
2021-01-12,San Benito,069,59416,4839,4515,52,4567,35
2021-01-12,San Bernardino,071,2135413,252999,237008,7233,244241,1739
2021-01-12,San Diego,073,3302833,216119,198317,9957,208274,1898
2021-01-12,San Francisco,075,870044,28830,27531,455,27986,238
2021-01-12,San Joaquin,077,732212,56708,53630,2227,55857,725
2021-01-12,San Luis Obispo,079,281455,15754,14367,387,14754,132
2021-01-12,San Mateo,081,765935,32770,29747,202,29949,206
2021-01-12,Santa Barbara,083,443738,25062,22182,736,22918,209
2021-01-12,Santa Clara,085,1922200,91725,86075,398,86473,904
2021-01-12,Santa Cruz,087,273765,12671,11267,566,11833,110
2021-01-12,Shasta,089,179085,9655,9086,943,10029,84
2021-01-12,Sierra,091,2930,42,33,7,40,0
2021-01-12,Siskiyou,093,43540,1206,1091,166,1257,3
2021-01-12,Solano,095,438530,24869,23160,264,23424,102
2021-01-12,Sonoma,097,501317,23439,22403,123,22526,205
2021-01-12,Stanislaus,099,539301,42347,39615,4148,43763,571
2021-01-12,Sutter,101,95872,7590,7276,60,7336,73
2021-01-12,Tehama,103,63373,3830,3567,420,3987,17
2021-01-12,Trinity,105,12862,433,258,59,317,3
2021-01-12,Tulare,107,460477,41348,38797,5364,44161,509
2021-01-12,Tuolumne,109,53932,3272,3178,27,3205,28
2021-01-12,Ventura,111,848112,60054,55342,2080,57422,324
2021-01-12,Yolo,113,214977,10807,9857,105,9962,133
2021-01-12,Yuba,115,75493,4662,4389,56,4445,27
2021-01-11,Alameda,001,1643700,65781,61949,1375,63324,652
2021-01-11,Alpine,003,1148,74,70,0,70,0
2021-01-11,Amador,005,37829,2989,2867,24,2891,24
2021-01-11,Butte,007,227075,9573,8757,1249,10006,119
2021-01-11,Calaveras,009,45235,1508,1460,7,1467,21
2021-01-11,Colusa,011,21464,1567,1494,146,1640,7
2021-01-11,Contra Costa,013,1133247,51064,47728,827,48555,398
2021-01-11,Del Norte,015,27424,846,810,2,812,2
2021-01-11,El Dorado,017,186661,7714,6987,472,7459,36
2021-01-11,Fresno,019,978130,82663,76581,6145,82726,775
2021-01-11,Glenn,021,27897,1914,1763,366,2129,9
2021-01-11,Humboldt,023,135768,2275,2069,7,2076,22
2021-01-11,Imperial,025,180216,25316,24418,2058,26476,453
2021-01-11,Inyo,027,18085,913,763,21,784,25
2021-01-11,Kern,029,883053,79478,74489,6989,81478,682
2021-01-11,Kings,031,150075,18982,17909,724,18633,108
2021-01-11,Lake,033,64148,2483,2205,2,2207,26
2021-01-11,Lassen,035,31185,4732,4647,70,4717,1
2021-01-11,Los Angeles,037,10098052,991121,914434,31526,945960,12304
2021-01-11,Madera,039,155013,13268,12366,621,12987,85
2021-01-11,Marin,041,260295,11362,10814,117,10931,156
2021-01-11,Mariposa,043,17540,319,296,3,299,3
2021-01-11,Mendocino,045,87422,2964,2728,43,2771,31
2021-01-11,Merced,047,269075,23111,21884,541,22425,238
2021-01-11,Modoc,049,8938,292,271,83,354,0
2021-01-11,Mono,051,14174,1059,1006,12,1018,3
2021-01-11,Monterey,053,433212,34556,32858,1008,33866,239
2021-01-11,Napa,055,140530,7400,6822,31,6853,36
2021-01-11,Nevada,057,99092,3234,2980,124,3104,17
2021-01-11,Orange,059,3164182,208164,196340,8447,204787,2113
2021-01-11,Placer,061,380077,17560,15919,818,16737,163
2021-01-11,Plumas,063,18699,563,477,9,486,2
2021-01-11,Riverside,065,2383286,237853,222907,11290,234197,2222
2021-01-11,Sacramento,067,1510023,78765,76009,874,76883,974
2021-01-11,San Benito,069,59416,4762,4482,45,4527,34
2021-01-11,San Bernardino,071,2135413,250162,235543,7134,242677,1739
2021-01-11,San Diego,073,3302833,212850,194793,9798,204591,1857
2021-01-11,San Francisco,075,870044,28557,27264,432,27696,238
2021-01-11,San Joaquin,077,732212,56097,53002,2197,55199,725
2021-01-11,San Luis Obispo,079,281455,15384,14213,379,14592,126
2021-01-11,San Mateo,081,765935,32325,29355,190,29545,206
2021-01-11,Santa Barbara,083,443738,24625,21740,719,22459,200
2021-01-11,Santa Clara,085,1922200,90523,84851,389,85240,877
2021-01-11,Santa Cruz,087,273765,12492,11093,541,11634,106
2021-01-11,Shasta,089,179085,9557,8977,930,9907,81
2021-01-11,Sierra,091,2930,41,33,7,40,0
2021-01-11,Siskiyou,093,43540,1197,1087,164,1251,3
2021-01-11,Solano,095,438530,24547,22893,259,23152,101
2021-01-11,Sonoma,097,501317,23193,22191,123,22314,205
2021-01-11,Stanislaus,099,539301,41855,39149,4097,43246,571
2021-01-11,Sutter,101,95872,7531,7204,59,7263,71
2021-01-11,Tehama,103,63373,3766,3524,398,3922,17
2021-01-11,Trinity,105,12862,433,256,59,315,2
2021-01-11,Tulare,107,460477,40933,38380,5283,43663,497
2021-01-11,Tuolumne,109,53932,3261,3165,27,3192,27
2021-01-11,Ventura,111,848112,58917,54202,2057,56259,320
2021-01-11,Yolo,113,214977,10597,9699,103,9802,129
2021-01-11,Yuba,115,75493,4624,4349,49,4398,27
2021-01-10,Alameda,001,1643700,64792,61111,1346,62457,650
2021-01-10,Alpine,003,1148,74,70,0,70,0
2021-01-10,Amador,005,37829,2965,2861,24,2885,24
2021-01-10,Butte,007,227075,9455,8665,1222,9887,119
2021-01-10,Calaveras,009,45235,1483,1449,7,1456,21
2021-01-10,Colusa,011,21464,1543,1478,145,1623,7
2021-01-10,Contra Costa,013,1133247,50277,47109,809,47918,398
2021-01-10,Del Norte,015,27424,843,809,2,811,2
2021-01-10,El Dorado,017,186661,7627,6904,454,7358,36
2021-01-10,Fresno,019,978130,81852,75621,6021,81642,775
2021-01-10,Glenn,021,27897,1890,1746,358,2104,9
2021-01-10,Humboldt,023,135768,2214,2049,7,2056,22
2021-01-10,Imperial,025,180216,25153,24233,2007,26240,453
2021-01-10,Inyo,027,18085,885,748,21,769,25
2021-01-10,Kern,029,883053,78653,73712,6855,80567,679
2021-01-10,Kings,031,150075,18763,17812,717,18529,108
2021-01-10,Lake,033,64148,2430,2174,2,2176,26
2021-01-10,Lassen,035,31185,4710,4642,70,4712,1
2021-01-10,Los Angeles,037,10098052,976555,901783,30890,932673,12170
2021-01-10,Madera,039,155013,13079,12179,606,12785,85
2021-01-10,Marin,041,260295,11241,10737,115,10852,155
2021-01-10,Mariposa,043,17540,319,291,3,294,3
2021-01-10,Mendocino,045,87422,2933,2706,40,2746,31
2021-01-10,Merced,047,269075,22837,21691,531,22222,238
2021-01-10,Modoc,049,8938,292,271,81,352,0
2021-01-10,Mono,051,14174,1041,965,12,977,3
2021-01-10,Monterey,053,433212,34116,32571,976,33547,237
2021-01-10,Napa,055,140530,7296,6687,29,6716,36
2021-01-10,Nevada,057,99092,3215,2959,120,3079,17
2021-01-10,Orange,059,3164182,205398,193766,8323,202089,2104
2021-01-10,Placer,061,380077,17376,15779,796,16575,163
2021-01-10,Plumas,063,18699,553,477,9,486,2
2021-01-10,Riverside,065,2383286,234520,219486,11100,230586,2216
2021-01-10,Sacramento,067,1510023,77803,75394,846,76240,965
2021-01-10,San Benito,069,59416,4665,4434,44,4478,34
2021-01-10,San Bernardino,071,2135413,246577,232171,7031,239202,1736
2021-01-10,San Diego,073,3302833,209185,191886,9633,201519,1857
2021-01-10,San Francisco,075,870044,28173,27054,401,27455,238
2021-01-10,San Joaquin,077,732212,55238,52535,2163,54698,725
2021-01-10,San Luis Obispo,079,281455,15054,13968,367,14335,122
2021-01-10,San Mateo,081,765935,31833,28972,176,29148,206
2021-01-10,Santa Barbara,083,443738,24078,21290,698,21988,200
2021-01-10,Santa Clara,085,1922200,89348,83779,380,84159,858
2021-01-10,Santa Cruz,087,273765,12279,10951,520,11471,106
2021-01-10,Shasta,089,179085,9445,8936,915,9851,81
2021-01-10,Sierra,091,2930,40,32,7,39,0
2021-01-10,Siskiyou,093,43540,1191,1075,161,1236,3
2021-01-10,Solano,095,438530,24146,22621,256,22877,101
2021-01-10,Sonoma,097,501317,22920,21925,122,22047,204
2021-01-10,Stanislaus,099,539301,41291,38809,4017,42826,571
2021-01-10,Sutter,101,95872,7470,7133,56,7189,71
2021-01-10,Tehama,103,63373,3693,3504,385,3889,17
2021-01-10,Trinity,105,12862,433,253,57,310,2
2021-01-10,Tulare,107,460477,40516,38012,5159,43171,497
2021-01-10,Tuolumne,109,53932,3227,3143,26,3169,27
2021-01-10,Ventura,111,848112,57648,53095,2013,55108,319
2021-01-10,Yolo,113,214977,10445,9610,102,9712,129
2021-01-10,Yuba,115,75493,4572,4300,46,4346,27
2021-01-09,Alameda,001,1643700,64267,60125,1330,61455,649
2021-01-09,Alpine,003,1148,74,70,0,70,0
2021-01-09,Amador,005,37829,2958,2809,24,2833,24
2021-01-09,Butte,007,227075,9374,8552,1198,9750,118
2021-01-09,Calaveras,009,45235,1473,1425,7,1432,21
2021-01-09,Colusa,011,21464,1537,1468,144,1612,7
2021-01-09,Contra Costa,013,1133247,49928,46406,794,47200,393
2021-01-09,Del Norte,015,27424,841,802,2,804,2
2021-01-09,El Dorado,017,186661,7595,6800,451,7251,36
2021-01-09,Fresno,019,978130,81442,74816,5981,80797,773
2021-01-09,Glenn,021,27897,1875,1707,353,2060,9
2021-01-09,Humboldt,023,135768,2196,2026,7,2033,22
2021-01-09,Imperial,025,180216,25085,24028,1993,26021,448
2021-01-09,Inyo,027,18085,875,734,21,755,25
2021-01-09,Kern,029,883053,78190,73015,6778,79793,677
2021-01-09,Kings,031,150075,18668,17679,713,18392,108
2021-01-09,Lake,033,64148,2395,2144,2,2146,26
2021-01-09,Lassen,035,31185,4698,4613,69,4682,1
2021-01-09,Los Angeles,037,10098052,971000,887949,30447,918396,12011
2021-01-09,Madera,039,155013,12988,12063,601,12664,85
2021-01-09,Marin,041,260295,11178,10634,114,10748,154
2021-01-09,Mariposa,043,17540,316,287,3,290,3
2021-01-09,Mendocino,045,87422,2915,2664,40,2704,31
2021-01-09,Merced,047,269075,22696,21357,521,21878,237
2021-01-09,Modoc,049,8938,292,271,80,351,0
2021-01-09,Mono,051,14174,1036,964,12,976,3
2021-01-09,Monterey,053,433212,33969,31948,967,32915,235
2021-01-09,Napa,055,140530,7226,6594,26,6620,36
2021-01-09,Nevada,057,99092,3193,2932,117,3049,17
2021-01-09,Orange,059,3164182,203895,191004,8229,199233,2034
2021-01-09,Placer,061,380077,17270,15609,794,16403,162
2021-01-09,Plumas,063,18699,551,477,9,486,2
2021-01-09,Riverside,065,2383286,232796,216076,10963,227039,2201
2021-01-09,Sacramento,067,1510023,77278,74482,841,75323,953
2021-01-09,San Benito,069,59416,4616,4335,44,4379,34
2021-01-09,San Bernardino,071,2135413,245390,228857,6962,235819,1714
2021-01-09,San Diego,073,3302833,207492,188598,9514,198112,1824
2021-01-09,San Francisco,075,870044,27998,26708,358,27066,235
2021-01-09,San Joaquin,077,732212,54889,51927,2143,54070,724
2021-01-09,San Luis Obispo,079,281455,14930,13647,355,14002,121
2021-01-09,San Mateo,081,765935,31536,28512,169,28681,205
2021-01-09,Santa Barbara,083,443738,23870,20971,689,21660,197
2021-01-09,Santa Clara,085,1922200,88506,82269,368,82637,808
2021-01-09,Santa Cruz,087,273765,12183,10717,515,11232,107
2021-01-09,Shasta,089,179085,9412,8893,911,9804,81
2021-01-09,Sierra,091,2930,38,32,7,39,0
2021-01-09,Siskiyou,093,43540,1187,1062,157,1219,3
2021-01-09,Solano,095,438530,23989,22226,255,22481,101
2021-01-09,Sonoma,097,501317,22799,21393,122,21515,202
2021-01-09,Stanislaus,099,539301,40995,38403,3979,42382,567
2021-01-09,Sutter,101,95872,7434,7072,55,7127,69
2021-01-09,Tehama,103,63373,3663,3451,373,3824,15
2021-01-09,Trinity,105,12862,433,252,57,309,2
2021-01-09,Tulare,107,460477,40261,37684,5091,42775,496
2021-01-09,Tuolumne,109,53932,3219,3117,25,3142,26
2021-01-09,Ventura,111,848112,56819,51988,1987,53975,306
2021-01-09,Yolo,113,214977,10374,9524,99,9623,129
2021-01-09,Yuba,115,75493,4544,4265,46,4311,27
2021-01-08,Alameda,001,1643700,63715,59172,1319,60491,646
2021-01-08,Alpine,003,1148,74,70,0,70,0
2021-01-08,Amador,005,37829,2951,2792,24,2816,24
2021-01-08,Butte,007,227075,9314,8430,1183,9613,115
2021-01-08,Calaveras,009,45235,1460,1385,7,1392,21
2021-01-08,Colusa,011,21464,1524,1448,143,1591,7
2021-01-08,Contra Costa,013,1133247,49403,45667,790,46457,381
2021-01-08,Del Norte,015,27424,839,795,2,797,2
2021-01-08,El Dorado,017,186661,7525,6690,439,7129,36
2021-01-08,Fresno,019,978130,80627,73689,5919,79608,771
2021-01-08,Glenn,021,27897,1859,1680,349,2029,9
2021-01-08,Humboldt,023,135768,2172,1988,7,1995,22
2021-01-08,Imperial,025,180216,25019,23751,1978,25729,446
2021-01-08,Inyo,027,18085,861,682,21,703,24
2021-01-08,Kern,029,883053,77628,71978,6705,78683,674
2021-01-08,Kings,031,150075,18540,17441,708,18149,108
2021-01-08,Lake,033,64148,2370,2098,2,2100,26
2021-01-08,Lassen,035,31185,4690,4598,67,4665,1
2021-01-08,Los Angeles,037,10098052,960218,871188,30013,901201,11796
2021-01-08,Madera,039,155013,12837,11846,592,12438,85
2021-01-08,Marin,041,260295,11084,10531,113,10644,153
2021-01-08,Mariposa,043,17540,315,273,3,276,3
2021-01-08,Mendocino,045,87422,2896,2634,37,2671,31
2021-01-08,Merced,047,269075,22501,20862,515,21377,236
2021-01-08,Modoc,049,8938,292,266,80,346,0
2021-01-08,Mono,051,14174,1026,951,12,963,3
2021-01-08,Monterey,053,433212,33710,31543,957,32500,224
2021-01-08,Napa,055,140530,7156,6544,26,6570,32
2021-01-08,Nevada,057,99092,3171,2888,117,3005,17
2021-01-08,Orange,059,3164182,201900,186608,8142,194750,1991
2021-01-08,Placer,061,380077,17142,15401,787,16188,161
2021-01-08,Plumas,063,18699,545,465,9,474,2
2021-01-08,Riverside,065,2383286,230432,212122,10831,222953,2184
2021-01-08,Sacramento,067,1510023,76697,73245,835,74080,939
2021-01-08,San Benito,069,59416,4579,4225,43,4268,33
2021-01-08,San Bernardino,071,2135413,243504,224267,6891,231158,1703
2021-01-08,San Diego,073,3302833,204957,185060,9420,194480,1771
2021-01-08,San Francisco,075,870044,27749,26378,334,26712,207
2021-01-08,San Joaquin,077,732212,54554,50990,2113,53103,710
2021-01-08,San Luis Obispo,079,281455,14796,13286,342,13628,119
2021-01-08,San Mateo,081,765935,31187,28072,166,28238,204
2021-01-08,Santa Barbara,083,443738,23592,20461,680,21141,189
2021-01-08,Santa Clara,085,1922200,87484,80561,365,80926,789
2021-01-08,Santa Cruz,087,273765,12043,10486,506,10992,106
2021-01-08,Shasta,089,179085,9362,8772,896,9668,81
2021-01-08,Sierra,091,2930,38,31,7,38,0
2021-01-08,Siskiyou,093,43540,1184,1027,156,1183,3
2021-01-08,Solano,095,438530,23818,21832,252,22084,100
2021-01-08,Sonoma,097,501317,22659,21178,122,21300,201
2021-01-08,Stanislaus,099,539301,40699,37858,3942,41800,566
2021-01-08,Sutter,101,95872,7384,6982,55,7037,68
2021-01-08,Tehama,103,63373,3640,3406,368,3774,15
2021-01-08,Trinity,105,12862,433,247,57,304,2
2021-01-08,Tulare,107,460477,39989,36946,4986,41932,491
2021-01-08,Tuolumne,109,53932,3210,3099,25,3124,19
2021-01-08,Ventura,111,848112,55953,50553,1963,52516,294
2021-01-08,Yolo,113,214977,10285,9391,95,9486,129
2021-01-08,Yuba,115,75493,4502,4195,45,4240,26
2021-01-07,Alameda,001,1643700,62841,57921,1291,59212,632
2021-01-07,Alpine,003,1148,72,70,0,70,0
2021-01-07,Amador,005,37829,2938,2740,23,2763,24
2021-01-07,Butte,007,227075,9217,8278,1156,9434,112
2021-01-07,Calaveras,009,45235,1443,1342,6,1348,21
2021-01-07,Colusa,011,21464,1512,1420,136,1556,7
2021-01-07,Contra Costa,013,1133247,48622,44756,773,45529,376
2021-01-07,Del Norte,015,27424,837,791,2,793,2
2021-01-07,El Dorado,017,186661,7424,6545,427,6972,36
2021-01-07,Fresno,019,978130,79670,72557,5819,78376,765
2021-01-07,Glenn,021,27897,1843,1639,340,1979,9
2021-01-07,Humboldt,023,135768,2145,1954,7,1961,22
2021-01-07,Imperial,025,180216,24826,23608,1925,25533,431
2021-01-07,Inyo,027,18085,848,656,21,677,20
2021-01-07,Kern,029,883053,76773,70953,6553,77506,660
2021-01-07,Kings,031,150075,18412,17238,699,17937,108
2021-01-07,Lake,033,64148,2315,2054,2,2056,26
2021-01-07,Lassen,035,31185,4685,4581,65,4646,1
2021-01-07,Los Angeles,037,10098052,945346,853187,29465,882652,11480
2021-01-07,Madera,039,155013,12680,11644,581,12225,76
2021-01-07,Marin,041,260295,10993,10364,111,10475,153
2021-01-07,Mariposa,043,17540,313,264,3,267,3
2021-01-07,Mendocino,045,87422,2841,2585,33,2618,30
2021-01-07,Merced,047,269075,22180,20510,500,21010,234
2021-01-07,Modoc,049,8938,292,265,80,345,0
2021-01-07,Mono,051,14174,1015,905,12,917,3
2021-01-07,Monterey,053,433212,33185,30903,933,31836,222
2021-01-07,Napa,055,140530,7046,6408,26,6434,32
2021-01-07,Nevada,057,99092,3137,2847,112,2959,17
2021-01-07,Orange,059,3164182,199060,181922,8042,189964,1974
2021-01-07,Placer,061,380077,16965,15155,758,15913,144
2021-01-07,Plumas,063,18699,543,454,9,463,2
2021-01-07,Riverside,065,2383286,227076,208177,10675,218852,2156
2021-01-07,Sacramento,067,1510023,75792,72342,814,73156,919
2021-01-07,San Benito,069,59416,4517,4112,39,4151,33
2021-01-07,San Bernardino,071,2135413,239966,219691,6810,226501,1666
2021-01-07,San Diego,073,3302833,201651,180510,9242,189752,1738
2021-01-07,San Francisco,075,870044,27416,25885,319,26204,202
2021-01-07,San Joaquin,077,732212,53870,50156,2082,52238,689
2021-01-07,San Luis Obispo,079,281455,14557,12810,329,13139,118
2021-01-07,San Mateo,081,765935,30677,27494,162,27656,201
2021-01-07,Santa Barbara,083,443738,23173,19931,667,20598,187
2021-01-07,Santa Clara,085,1922200,86267,78808,361,79169,775
2021-01-07,Santa Cruz,087,273765,11834,10228,499,10727,104
2021-01-07,Shasta,089,179085,9275,8612,888,9500,81
2021-01-07,Sierra,091,2930,38,31,7,38,0
2021-01-07,Siskiyou,093,43540,1179,1010,154,1164,3
2021-01-07,Solano,095,438530,23426,21384,248,21632,100
2021-01-07,Sonoma,097,501317,22396,20857,121,20978,200
2021-01-07,Stanislaus,099,539301,40271,37296,3889,41185,553
2021-01-07,Sutter,101,95872,7324,6890,54,6944,65
2021-01-07,Tehama,103,63373,3616,3330,361,3691,15
2021-01-07,Trinity,105,12862,433,247,57,304,2
2021-01-07,Tulare,107,460477,39588,36397,4849,41246,482
2021-01-07,Tuolumne,109,53932,3190,3068,24,3092,14
2021-01-07,Ventura,111,848112,54792,49083,1935,51018,288
2021-01-07,Yolo,113,214977,10147,9207,93,9300,128
2021-01-07,Yuba,115,75493,4460,4128,45,4173,25
2021-01-06,Alameda,001,1643700,61989,57081,1261,58342,616
2021-01-06,Alpine,003,1148,72,70,0,70,0
2021-01-06,Amador,005,37829,2917,2717,22,2739,24
2021-01-06,Butte,007,227075,9104,8147,1138,9285,110
2021-01-06,Calaveras,009,45235,1419,1321,6,1327,21
2021-01-06,Colusa,011,21464,1491,1385,131,1516,7
2021-01-06,Contra Costa,013,1133247,47817,44054,756,44810,358
2021-01-06,Del Norte,015,27424,831,780,2,782,2
2021-01-06,El Dorado,017,186661,7312,6397,414,6811,35
2021-01-06,Fresno,019,978130,78828,71404,5715,77119,752
2021-01-06,Glenn,021,27897,1818,1622,335,1957,9
2021-01-06,Humboldt,023,135768,2119,1912,7,1919,22
2021-01-06,Imperial,025,180216,24576,23400,1883,25283,431
2021-01-06,Inyo,027,18085,832,630,21,651,20
2021-01-06,Kern,029,883053,75829,69893,6422,76315,646
2021-01-06,Kings,031,150075,18215,17019,679,17698,108
2021-01-06,Lake,033,64148,2278,2033,2,2035,26
2021-01-06,Lassen,035,31185,4673,4560,61,4621,1
2021-01-06,Los Angeles,037,10098052,929424,835052,28765,863817,11285
2021-01-06,Madera,039,155013,12544,11407,575,11982,67
2021-01-06,Marin,041,260295,10865,10282,110,10392,153
2021-01-06,Mariposa,043,17540,310,259,3,262,3
2021-01-06,Mendocino,045,87422,2811,2561,33,2594,30
2021-01-06,Merced,047,269075,21842,20258,485,20743,232
2021-01-06,Modoc,049,8938,292,263,80,343,0
2021-01-06,Mono,051,14174,984,905,12,917,3
2021-01-06,Monterey,053,433212,32590,30387,900,31287,222
2021-01-06,Napa,055,140530,6916,6342,26,6368,32
2021-01-06,Nevada,057,99092,3117,2805,111,2916,15
2021-01-06,Orange,059,3164182,195608,177686,7899,185585,1935
2021-01-06,Placer,061,380077,16779,14940,740,15680,134
2021-01-06,Plumas,063,18699,535,445,9,454,2
2021-01-06,Riverside,065,2383286,223109,203714,10488,214202,2121
2021-01-06,Sacramento,067,1510023,74770,71572,797,72369,909
2021-01-06,San Benito,069,59416,4440,4031,38,4069,32
2021-01-06,San Bernardino,071,2135413,236246,215286,6702,221988,1634
2021-01-06,San Diego,073,3302833,198153,176660,9073,185733,1691
2021-01-06,San Francisco,075,870044,27045,25424,311,25735,199
2021-01-06,San Joaquin,077,732212,53112,49286,2039,51325,673
2021-01-06,San Luis Obispo,079,281455,14164,12305,322,12627,115
2021-01-06,San Mateo,081,765935,30253,27050,159,27209,200
2021-01-06,Santa Barbara,083,443738,22691,19453,657,20110,177
2021-01-06,Santa Clara,085,1922200,84859,77485,354,77839,746
2021-01-06,Santa Cruz,087,273765,11614,9954,481,10435,97
2021-01-06,Shasta,089,179085,9204,8482,881,9363,78
2021-01-06,Sierra,091,2930,37,31,7,38,0
2021-01-06,Siskiyou,093,43540,1167,998,150,1148,3
2021-01-06,Solano,095,438530,23040,21102,245,21347,99
2021-01-06,Sonoma,097,501317,22091,20558,121,20679,196
2021-01-06,Stanislaus,099,539301,39674,36751,3827,40578,553
2021-01-06,Sutter,101,95872,7242,6839,53,6892,59
2021-01-06,Tehama,103,63373,3588,3306,355,3661,15
2021-01-06,Trinity,105,12862,433,246,57,303,2
2021-01-06,Tulare,107,460477,39032,35882,4750,40632,465
2021-01-06,Tuolumne,109,53932,3170,3008,24,3032,14
2021-01-06,Ventura,111,848112,53547,47428,1911,49339,280
2021-01-06,Yolo,113,214977,9985,9083,90,9173,127
2021-01-06,Yuba,115,75493,4411,4097,45,4142,25
2021-01-05,Alameda,001,1643700,60867,56432,1226,57658,602
2021-01-05,Alpine,003,1148,72,70,0,70,0
2021-01-05,Amador,005,37829,2877,2695,22,2717,24
2021-01-05,Butte,007,227075,8964,8008,1112,9120,107
2021-01-05,Calaveras,009,45235,1373,1292,6,1298,21
2021-01-05,Colusa,011,21464,1466,1376,125,1501,7
2021-01-05,Contra Costa,013,1133247,46936,43442,745,44187,353
2021-01-05,Del Norte,015,27424,824,770,2,772,2
2021-01-05,El Dorado,017,186661,7194,6270,393,6663,32
2021-01-05,Fresno,019,978130,77605,70971,5622,76593,741
2021-01-05,Glenn,021,27897,1793,1608,323,1931,9
2021-01-05,Humboldt,023,135768,2083,1884,7,1891,22
2021-01-05,Imperial,025,180216,24403,23165,1837,25002,421
2021-01-05,Inyo,027,18085,818,627,21,648,20
2021-01-05,Kern,029,883053,74752,68257,6281,74538,624
2021-01-05,Kings,031,150075,18016,16860,656,17516,108
2021-01-05,Lake,033,64148,2231,2015,2,2017,25
2021-01-05,Lassen,035,31185,4659,4554,57,4611,1
2021-01-05,Los Angeles,037,10098052,910722,823783,28089,851872,11028
2021-01-05,Madera,039,155013,12368,11359,562,11921,67
2021-01-05,Marin,041,260295,10712,10214,108,10322,151
2021-01-05,Mariposa,043,17540,304,257,3,260,3
2021-01-05,Mendocino,045,87422,2775,2501,33,2534,30
2021-01-05,Merced,047,269075,21490,20051,473,20524,230
2021-01-05,Modoc,049,8938,292,254,80,334,0
2021-01-05,Mono,051,14174,978,896,12,908,3
2021-01-05,Monterey,053,433212,32019,30045,865,30910,213
2021-01-05,Napa,055,140530,6829,6264,26,6290,29
2021-01-05,Nevada,057,99092,3089,2781,109,2890,15
2021-01-05,Orange,059,3164182,191967,174869,7703,182572,1918
2021-01-05,Placer,061,380077,16555,14723,717,15440,133
2021-01-05,Plumas,063,18699,528,428,9,437,2
2021-01-05,Riverside,065,2383286,219052,200439,10314,210753,2069
2021-01-05,Sacramento,067,1510023,73843,70677,770,71447,888
2021-01-05,San Benito,069,59416,4338,3961,36,3997,28
2021-01-05,San Bernardino,071,2135413,232311,212522,6586,219108,1615
2021-01-05,San Diego,073,3302833,194013,172845,8860,181705,1654
2021-01-05,San Francisco,075,870044,26681,24989,293,25282,196
2021-01-05,San Joaquin,077,732212,52235,48969,1988,50957,663
2021-01-05,San Luis Obispo,079,281455,13764,12027,312,12339,106
2021-01-05,San Mateo,081,765935,29768,26486,157,26643,198
2021-01-05,Santa Barbara,083,443738,22257,19063,646,19709,172
2021-01-05,Santa Clara,085,1922200,83323,76355,341,76696,729
2021-01-05,Santa Cruz,087,273765,11341,9753,457,10210,93
2021-01-05,Shasta,089,179085,9097,8345,862,9207,73
2021-01-05,Sierra,091,2930,37,31,7,38,0
2021-01-05,Siskiyou,093,43540,1155,985,148,1133,3
2021-01-05,Solano,095,438530,22633,20860,240,21100,97
2021-01-05,Sonoma,097,501317,21726,20247,120,20367,194
2021-01-05,Stanislaus,099,539301,39130,36363,3779,40142,553
2021-01-05,Sutter,101,95872,7144,6769,52,6821,59
2021-01-05,Tehama,103,63373,3531,3255,350,3605,9
2021-01-05,Trinity,105,12862,433,246,57,303,2
2021-01-05,Tulare,107,460477,38410,35585,4603,40188,455
2021-01-05,Tuolumne,109,53932,3146,2996,19,3015,13
2021-01-05,Ventura,111,848112,52300,46456,1889,48345,264
2021-01-05,Yolo,113,214977,9809,8980,89,9069,127
2021-01-05,Yuba,115,75493,4352,4053,44,4097,21
2021-01-04,Alameda,001,1643700,59628,55899,1194,57093,583
2021-01-04,Alpine,003,1148,72,68,0,68,0
2021-01-04,Amador,005,37829,2837,2596,22,2618,24
2021-01-04,Butte,007,227075,8805,7893,1088,8981,105
2021-01-04,Calaveras,009,45235,1332,1276,5,1281,21
2021-01-04,Colusa,011,21464,1441,1368,111,1479,7
2021-01-04,Contra Costa,013,1133247,46087,43019,720,43739,353
2021-01-04,Del Norte,015,27424,815,770,2,772,2
2021-01-04,El Dorado,017,186661,7061,6152,377,6529,27
2021-01-04,Fresno,019,978130,76336,69871,5524,75395,726
2021-01-04,Glenn,021,27897,1762,1590,315,1905,9
2021-01-04,Humboldt,023,135768,2047,1845,7,1852,22
2021-01-04,Imperial,025,180216,24250,23035,1783,24818,420
2021-01-04,Inyo,027,18085,791,623,19,642,20
2021-01-04,Kern,029,883053,73666,67418,6080,73498,623
2021-01-04,Kings,031,150075,17739,16801,631,17432,108
2021-01-04,Lake,033,64148,2190,1984,2,1986,25
2021-01-04,Lassen,035,31185,4637,4550,56,4606,1
2021-01-04,Los Angeles,037,10098052,890645,813022,27211,840233,10790
2021-01-04,Madera,039,155013,12148,11204,540,11744,67
2021-01-04,Marin,041,260295,10576,10115,105,10220,151
2021-01-04,Mariposa,043,17540,298,253,3,256,3
2021-01-04,Mendocino,045,87422,2735,2460,29,2489,28
2021-01-04,Merced,047,269075,21075,19804,454,20258,230
2021-01-04,Modoc,049,8938,276,250,78,328,0
2021-01-04,Mono,051,14174,967,895,12,907,3
2021-01-04,Monterey,053,433212,31377,29659,842,30501,212
2021-01-04,Napa,055,140530,6688,6187,26,6213,29
2021-01-04,Nevada,057,99092,3051,2765,104,2869,15
2021-01-04,Orange,059,3164182,188082,172458,7574,180032,1918
2021-01-04,Placer,061,380077,16296,14622,704,15326,133
2021-01-04,Plumas,063,18699,518,419,9,428,1
2021-01-04,Riverside,065,2383286,214574,196809,10123,206932,2066
2021-01-04,Sacramento,067,1510023,72781,70164,758,70922,870
2021-01-04,San Benito,069,59416,4226,3914,36,3950,28
2021-01-04,San Bernardino,071,2135413,228083,210868,6431,217299,1615
2021-01-04,San Diego,073,3302833,189439,171031,8664,179695,1598
2021-01-04,San Francisco,075,870044,26298,24753,287,25040,191
2021-01-04,San Joaquin,077,732212,51336,48644,1946,50590,661
2021-01-04,San Luis Obispo,079,281455,13277,11945,304,12249,96
2021-01-04,San Mateo,081,765935,29205,26150,152,26302,198
2021-01-04,Santa Barbara,083,443738,21740,18735,615,19350,165
2021-01-04,Santa Clara,085,1922200,81576,75297,333,75630,727
2021-01-04,Santa Cruz,087,273765,11054,9680,440,10120,85
2021-01-04,Shasta,089,179085,8992,8224,845,9069,72
2021-01-04,Sierra,091,2930,36,30,7,37,0
2021-01-04,Siskiyou,093,43540,1138,980,145,1125,3
2021-01-04,Solano,095,438530,22130,20588,233,20821,97
2021-01-04,Sonoma,097,501317,21382,20210,118,20328,194
2021-01-04,Stanislaus,099,539301,38566,36141,3724,39865,553
2021-01-04,Sutter,101,95872,7046,6712,51,6763,56
2021-01-04,Tehama,103,63373,3457,3190,345,3535,9
2021-01-04,Trinity,105,12862,430,245,57,302,2
2021-01-04,Tulare,107,460477,37850,35060,4500,39560,455
2021-01-04,Tuolumne,109,53932,3121,2987,19,3006,13
2021-01-04,Ventura,111,848112,50799,45014,1869,46883,255
2021-01-04,Yolo,113,214977,9612,8834,83,8917,121
2021-01-04,Yuba,115,75493,4294,4023,44,4067,21
2021-01-03,Alameda,001,1643700,58375,55082,1165,56247,580
2021-01-03,Alpine,003,1148,70,68,0,68,0
2021-01-03,Amador,005,37829,2773,2565,22,2587,24
2021-01-03,Butte,007,227075,8613,7837,1035,8872,105
2021-01-03,Calaveras,009,45235,1295,1249,3,1252,21
2021-01-03,Colusa,011,21464,1412,1337,105,1442,7
2021-01-03,Contra Costa,013,1133247,45198,42432,696,43128,352
2021-01-03,Del Norte,015,27424,802,768,2,770,2
2021-01-03,El Dorado,017,186661,6933,6034,360,6394,27
2021-01-03,Fresno,019,978130,75185,69326,5403,74729,719
2021-01-03,Glenn,021,27897,1736,1581,305,1886,9
2021-01-03,Humboldt,023,135768,2010,1833,7,1840,21
2021-01-03,Imperial,025,180216,23992,22951,1705,24656,419
2021-01-03,Inyo,027,18085,774,615,19,634,20
2021-01-03,Kern,029,883053,72408,66895,5901,72796,609
2021-01-03,Kings,031,150075,17464,16593,600,17193,108
2021-01-03,Lake,033,64148,2137,1976,2,1978,24
2021-01-03,Lassen,035,31185,4604,4531,55,4586,1
2021-01-03,Los Angeles,037,10098052,868682,792168,26138,818306,10633
2021-01-03,Madera,039,155013,11926,11152,517,11669,67
2021-01-03,Marin,041,260295,10427,10034,100,10134,150
2021-01-03,Mariposa,043,17540,291,248,3,251,3
2021-01-03,Mendocino,045,87422,2695,2445,28,2473,24
2021-01-03,Merced,047,269075,20607,19600,428,20028,230
2021-01-03,Modoc,049,8938,272,245,77,322,0
2021-01-03,Mono,051,14174,942,893,12,905,3
2021-01-03,Monterey,053,433212,30783,29357,809,30166,191
2021-01-03,Napa,055,140530,6587,6094,26,6120,29
2021-01-03,Nevada,057,99092,2989,2742,101,2843,15
2021-01-03,Orange,059,3164182,183899,169881,7381,177262,1919
2021-01-03,Placer,061,380077,16048,14319,680,14999,133
2021-01-03,Plumas,063,18699,505,416,9,425,1
2021-01-03,Riverside,065,2383286,209775,195048,9876,204924,2005
2021-01-03,Sacramento,067,1510023,71574,68558,737,69295,859
2021-01-03,San Benito,069,59416,4129,3882,35,3917,28
2021-01-03,San Bernardino,071,2135413,222824,208294,6256,214550,1592
2021-01-03,San Diego,073,3302833,184182,168018,8437,176455,1592
2021-01-03,San Francisco,075,870044,25801,24588,270,24858,193
2021-01-03,San Joaquin,077,732212,50211,47899,1887,49786,661
2021-01-03,San Luis Obispo,079,281455,12807,11636,295,11931,95
2021-01-03,San Mateo,081,765935,28612,25770,145,25915,196
2021-01-03,Santa Barbara,083,443738,21022,18267,598,18865,164
2021-01-03,Santa Clara,085,1922200,80026,74534,327,74861,720
2021-01-03,Santa Cruz,087,273765,10750,9528,422,9950,84
2021-01-03,Shasta,089,179085,8865,8192,805,8997,72
2021-01-03,Sierra,091,2930,36,30,7,37,0
2021-01-03,Siskiyou,093,43540,1105,976,136,1112,3
2021-01-03,Solano,095,438530,21598,20105,227,20332,97
2021-01-03,Sonoma,097,501317,20990,19982,114,20096,193
2021-01-03,Stanislaus,099,539301,37877,35762,3642,39404,553
2021-01-03,Sutter,101,95872,6949,6664,50,6714,53
2021-01-03,Tehama,103,63373,3399,3176,337,3513,9
2021-01-03,Trinity,105,12862,426,243,55,298,2
2021-01-03,Tulare,107,460477,37288,34747,4349,39096,455
2021-01-03,Tuolumne,109,53932,3060,2978,16,2994,13
2021-01-03,Ventura,111,848112,48976,43748,1851,45599,254
2021-01-03,Yolo,113,214977,9454,8674,79,8753,121
2021-01-03,Yuba,115,75493,4240,3966,43,4009,20
2021-01-02,Alameda,001,1643700,57747,54518,1136,55654,581
2021-01-02,Alpine,003,1148,70,68,0,68,0
2021-01-02,Amador,005,37829,2754,2540,22,2562,24
2021-01-02,Butte,007,227075,8506,7750,1015,8765,105
2021-01-02,Calaveras,009,45235,1275,1230,3,1233,21
2021-01-02,Colusa,011,21464,1402,1332,104,1436,7
2021-01-02,Contra Costa,013,1133247,44676,41993,685,42678,352
2021-01-02,Del Norte,015,27424,800,764,2,766,2
2021-01-02,El Dorado,017,186661,6878,5959,356,6315,27
2021-01-02,Fresno,019,978130,74643,68740,5292,74032,717
2021-01-02,Glenn,021,27897,1721,1546,303,1849,9
2021-01-02,Humboldt,023,135768,1983,1815,7,1822,21
2021-01-02,Imperial,025,180216,23911,22867,1668,24535,420
2021-01-02,Inyo,027,18085,761,609,19,628,20
2021-01-02,Kern,029,883053,71689,66457,5789,72246,610
2021-01-02,Kings,031,150075,17370,16515,596,17111,108
2021-01-02,Lake,033,64148,2099,1925,1,1926,24
2021-01-02,Lassen,035,31185,4593,4457,54,4511,1
2021-01-02,Los Angeles,037,10098052,860338,791892,25435,817327,10633
2021-01-02,Madera,039,155013,11815,11039,506,11545,67
2021-01-02,Marin,041,260295,10381,9924,96,10020,151
2021-01-02,Mariposa,043,17540,284,243,3,246,3
2021-01-02,Mendocino,045,87422,2652,2428,27,2455,24
2021-01-02,Merced,047,269075,20465,19395,412,19807,230
2021-01-02,Modoc,049,8938,271,245,77,322,0
2021-01-02,Mono,051,14174,932,884,12,896,3
2021-01-02,Monterey,053,433212,30577,28991,798,29789,191
2021-01-02,Napa,055,140530,6528,5994,26,6020,29
2021-01-02,Nevada,057,99092,2960,2706,97,2803,15
2021-01-02,Orange,059,3164182,181696,168457,7232,175689,1918
2021-01-02,Placer,061,380077,15875,14182,671,14853,133
2021-01-02,Plumas,063,18699,502,413,9,422,1
2021-01-02,Riverside,065,2383286,207175,192069,9652,201721,2008
2021-01-02,Sacramento,067,1510023,70934,67810,720,68530,858
2021-01-02,San Benito,069,59416,4047,3829,35,3864,28
2021-01-02,San Bernardino,071,2135413,221205,206939,6130,213069,1597
2021-01-02,San Diego,073,3302833,181585,164498,8242,172740,1592
2021-01-02,San Francisco,075,870044,25542,24414,263,24677,194
2021-01-02,San Joaquin,077,732212,49833,47310,1857,49167,662
2021-01-02,San Luis Obispo,079,281455,12671,11467,289,11756,95
2021-01-02,San Mateo,081,765935,28276,25483,137,25620,196
2021-01-02,Santa Barbara,083,443738,20737,18135,595,18730,164
2021-01-02,Santa Clara,085,1922200,78863,73662,320,73982,720
2021-01-02,Santa Cruz,087,273765,10595,9340,413,9753,85
2021-01-02,Shasta,089,179085,8798,8154,794,8948,72
2021-01-02,Sierra,091,2930,36,28,7,35,0
2021-01-02,Siskiyou,093,43540,1094,949,134,1083,3
2021-01-02,Solano,095,438530,21402,19805,217,20022,97
2021-01-02,Sonoma,097,501317,20824,19761,114,19875,194
2021-01-02,Stanislaus,099,539301,37560,35431,3577,39008,553
2021-01-02,Sutter,101,95872,6896,6621,50,6671,53
2021-01-02,Tehama,103,63373,3374,3146,333,3479,9
2021-01-02,Trinity,105,12862,423,243,55,298,2
2021-01-02,Tulare,107,460477,36971,34479,4273,38752,455
2021-01-02,Tuolumne,109,53932,3046,2942,14,2956,13
2021-01-02,Ventura,111,848112,47824,43397,1816,45213,254
2021-01-02,Yolo,113,214977,9359,8571,77,8648,122
2021-01-02,Yuba,115,75493,4201,3930,42,3972,21
2021-01-01,Alameda,001,1643700,57087,53518,1117,54635,579
2021-01-01,Alpine,003,1148,70,68,0,68,0
2021-01-01,Amador,005,37829,2728,2513,20,2533,24
2021-01-01,Butte,007,227075,8405,7589,990,8579,105
2021-01-01,Calaveras,009,45235,1260,1186,3,1189,21
2021-01-01,Colusa,011,21464,1393,1314,102,1416,7
2021-01-01,Contra Costa,013,1133247,44193,41412,666,42078,351
2021-01-01,Del Norte,015,27424,794,758,2,760,2
2021-01-01,El Dorado,017,186661,6786,5832,348,6180,27
2021-01-01,Fresno,019,978130,73570,67484,5206,72690,717
2021-01-01,Glenn,021,27897,1705,1520,300,1820,9
2021-01-01,Humboldt,023,135768,1944,1783,7,1790,21
2021-01-01,Imperial,025,180216,23825,22715,1616,24331,418
2021-01-01,Inyo,027,18085,737,606,19,625,20
2021-01-01,Kern,029,883053,70863,65571,5680,71251,609
2021-01-01,Kings,031,150075,17187,16358,589,16947,108
2021-01-01,Lake,033,64148,2067,1888,1,1889,24
2021-01-01,Lassen,035,31185,4587,4377,54,4431,1
2021-01-01,Los Angeles,037,10098052,846176,775578,24731,800309,10515
2021-01-01,Madera,039,155013,11655,10752,497,11249,66
2021-01-01,Marin,041,260295,10275,9821,95,9916,148
2021-01-01,Mariposa,043,17540,276,236,3,239,3
2021-01-01,Mendocino,045,87422,2598,2400,27,2427,24
2021-01-01,Merced,047,269075,20281,19118,396,19514,229
2021-01-01,Modoc,049,8938,271,241,77,318,0
2021-01-01,Mono,051,14174,914,884,12,896,3
2021-01-01,Monterey,053,433212,30345,28465,790,29255,191
2021-01-01,Napa,055,140530,6442,5899,26,5925,28
2021-01-01,Nevada,057,99092,2936,2663,97,2760,15
2021-01-01,Orange,059,3164182,178902,165440,7086,172526,1893
2021-01-01,Placer,061,380077,15686,13987,654,14641,133
2021-01-01,Plumas,063,18699,497,412,9,421,1
2021-01-01,Riverside,065,2383286,204041,188674,9393,198067,1990
2021-01-01,Sacramento,067,1510023,70336,66956,702,67658,848
2021-01-01,San Benito,069,59416,4009,3773,35,3808,28
2021-01-01,San Bernardino,071,2135413,218397,203651,5997,209648,1590
2021-01-01,San Diego,073,3302833,178512,160071,8065,168136,1592
2021-01-01,San Francisco,075,870044,25265,24145,252,24397,187
2021-01-01,San Joaquin,077,732212,49546,46640,1811,48451,657
2021-01-01,San Luis Obispo,079,281455,12443,11160,281,11441,94
2021-01-01,San Mateo,081,765935,27828,25041,133,25174,194
2021-01-01,Santa Barbara,083,443738,20418,17759,584,18343,164
2021-01-01,Santa Clara,085,1922200,77602,71904,315,72219,680
2021-01-01,Santa Cruz,087,273765,10415,9146,403,9549,84
2021-01-01,Shasta,089,179085,8717,8102,777,8879,72
2021-01-01,Sierra,091,2930,36,26,7,33,0
2021-01-01,Siskiyou,093,43540,1080,944,129,1073,3
2021-01-01,Solano,095,438530,21190,19393,215,19608,97
2021-01-01,Sonoma,097,501317,20634,19513,114,19627,189
2021-01-01,Stanislaus,099,539301,37282,34978,3510,38488,553
2021-01-01,Sutter,101,95872,6839,6553,49,6602,52
2021-01-01,Tehama,103,63373,3316,3079,326,3405,9
2021-01-01,Trinity,105,12862,423,243,55,298,2
2021-01-01,Tulare,107,460477,36567,33994,4179,38173,454
2021-01-01,Tuolumne,109,53932,3030,2909,14,2923,13
2021-01-01,Ventura,111,848112,46331,42026,1788,43814,253
2021-01-01,Yolo,113,214977,9249,8461,74,8535,120
2021-01-01,Yuba,115,75493,4147,3845,41,3886,19
2020-12-31,Alameda,001,1643700,56546,52475,1082,53557,579
2020-12-31,Alpine,003,1148,70,66,0,66,0
2020-12-31,Amador,005,37829,2714,2493,20,2513,24
2020-12-31,Butte,007,227075,8331,7405,971,8376,105
2020-12-31,Calaveras,009,45235,1249,1161,3,1164,21
2020-12-31,Colusa,011,21464,1385,1301,99,1400,7
2020-12-31,Contra Costa,013,1133247,43816,40512,651,41163,336
2020-12-31,Del Norte,015,27424,793,748,2,750,2
2020-12-31,El Dorado,017,186661,6734,5662,339,6001,26
2020-12-31,Fresno,019,978130,73137,66442,5144,71586,711
2020-12-31,Glenn,021,27897,1685,1484,295,1779,9
2020-12-31,Humboldt,023,135768,1927,1713,7,1720,21
2020-12-31,Imperial,025,180216,23761,22494,1600,24094,417
2020-12-31,Inyo,027,18085,729,591,19,610,20
2020-12-31,Kern,029,883053,70394,64904,5588,70492,609
2020-12-31,Kings,031,150075,17112,16077,581,16658,108
2020-12-31,Lake,033,64148,2055,1848,1,1849,23
2020-12-31,Lassen,035,31185,4581,4340,53,4393,1
2020-12-31,Los Angeles,037,10098052,840865,755844,24262,780106,10320
2020-12-31,Madera,039,155013,11582,10609,488,11097,64
2020-12-31,Marin,041,260295,10232,9731,93,9824,148
2020-12-31,Mariposa,043,17540,274,217,3,220,3
2020-12-31,Mendocino,045,87422,2583,2367,23,2390,24
2020-12-31,Merced,047,269075,20191,18808,386,19194,226
2020-12-31,Modoc,049,8938,271,238,77,315,0
2020-12-31,Mono,051,14174,906,868,12,880,3
2020-12-31,Monterey,053,433212,30142,27720,778,28498,188
2020-12-31,Napa,055,140530,6379,5801,26,5827,28
2020-12-31,Nevada,057,99092,2913,2619,95,2714,15
2020-12-31,Orange,059,3164182,177021,161586,6953,168539,1866
2020-12-31,Placer,061,380077,15529,13708,651,14359,126
2020-12-31,Plumas,063,18699,492,401,8,409,1
2020-12-31,Riverside,065,2383286,202403,184193,9261,193454,1958
2020-12-31,Sacramento,067,1510023,69816,65817,691,66508,830
2020-12-31,San Benito,069,59416,3986,3673,35,3708,28
2020-12-31,San Bernardino,071,2135413,216815,199115,5928,205043,1586
2020-12-31,San Diego,073,3302833,176748,155593,7967,163560,1534
2020-12-31,San Francisco,075,870044,25038,23740,244,23984,183
2020-12-31,San Joaquin,077,732212,49235,45764,1773,47537,646
2020-12-31,San Luis Obispo,079,281455,12329,10846,281,11127,89
2020-12-31,San Mateo,081,765935,27499,24570,127,24697,192
2020-12-31,Santa Barbara,083,443738,20175,17434,577,18011,161
2020-12-31,Santa Clara,085,1922200,76820,70032,309,70341,665
2020-12-31,Santa Cruz,087,273765,10297,8909,391,9300,84
2020-12-31,Shasta,089,179085,8651,7996,767,8763,69
2020-12-31,Sierra,091,2930,36,26,7,33,0
2020-12-31,Siskiyou,093,43540,1064,940,126,1066,3
2020-12-31,Solano,095,438530,20961,18942,214,19156,97
2020-12-31,Sonoma,097,501317,20518,19129,113,19242,188
2020-12-31,Stanislaus,099,539301,36983,34398,3457,37855,552
2020-12-31,Sutter,101,95872,6808,6432,49,6481,51
2020-12-31,Tehama,103,63373,3284,3036,325,3361,9
2020-12-31,Trinity,105,12862,422,241,55,296,2
2020-12-31,Tulare,107,460477,36399,33412,4117,37529,446
2020-12-31,Tuolumne,109,53932,3021,2902,14,2916,12
2020-12-31,Ventura,111,848112,45821,40854,1771,42625,251
2020-12-31,Yolo,113,214977,9164,8295,73,8368,117
2020-12-31,Yuba,115,75493,4106,3799,40,3839,18
2020-12-30,Alameda,001,1643700,55782,50158,1031,51189,573
2020-12-30,Alpine,003,1148,70,66,0,66,0
2020-12-30,Amador,005,37829,2694,2418,19,2437,24
2020-12-30,Butte,007,227075,8170,7140,954,8094,103
2020-12-30,Calaveras,009,45235,1224,1135,3,1138,21
2020-12-30,Colusa,011,21464,1369,1289,93,1382,7
2020-12-30,Contra Costa,013,1133247,43233,39601,639,40240,337
2020-12-30,Del Norte,015,27424,788,726,2,728,2
2020-12-30,El Dorado,017,186661,6633,5595,329,5924,27
2020-12-30,Fresno,019,978130,72290,65566,4985,70551,711
2020-12-30,Glenn,021,27897,1656,1471,282,1753,9
2020-12-30,Humboldt,023,135768,1893,1654,7,1661,22
2020-12-30,Imperial,025,180216,23594,22098,1524,23622,412
2020-12-30,Inyo,027,18085,722,572,19,591,20
2020-12-30,Kern,029,883053,69666,63292,5444,68736,604
2020-12-30,Kings,031,150075,16993,15862,573,16435,108
2020-12-30,Lake,033,64148,2032,1731,1,1732,23
2020-12-30,Lassen,035,31185,4572,4300,53,4353,1
2020-12-30,Los Angeles,037,10098052,829989,741907,23561,765468,10046
2020-12-30,Madera,039,155013,11472,10249,477,10726,65
2020-12-30,Marin,041,260295,10142,9569,86,9655,148
2020-12-30,Mariposa,043,17540,270,214,3,217,3
2020-12-30,Mendocino,045,87422,2565,2291,20,2311,24
2020-12-30,Merced,047,269075,19900,18519,376,18895,225
2020-12-30,Modoc,049,8938,268,234,77,311,0
2020-12-30,Mono,051,14174,903,868,12,880,3
2020-12-30,Monterey,053,433212,29525,26977,757,27734,186
2020-12-30,Napa,055,140530,6273,5754,26,5780,28
2020-12-30,Nevada,057,99092,2878,2595,93,2688,15
2020-12-30,Orange,059,3164182,174364,153951,6763,160714,1863
2020-12-30,Placer,061,380077,15301,13540,639,14179,127
2020-12-30,Plumas,063,18699,487,397,8,405,1
2020-12-30,Riverside,065,2383286,199456,176402,9077,185479,1919
2020-12-30,Sacramento,067,1510023,68952,64119,673,64792,847
2020-12-30,San Benito,069,59416,3905,3464,31,3495,29
2020-12-30,San Bernardino,071,2135413,214247,192648,5842,198490,1591
2020-12-30,San Diego,073,3302833,173115,152510,7794,160304,1472
2020-12-30,San Francisco,075,870044,24745,23099,239,23338,182
2020-12-30,San Joaquin,077,732212,48545,44465,1731,46196,634
2020-12-30,San Luis Obispo,079,281455,12061,10542,273,10815,89
2020-12-30,San Mateo,081,765935,27069,24150,123,24273,190
2020-12-30,Santa Barbara,083,443738,19783,16895,554,17449,161
2020-12-30,Santa Clara,085,1922200,75559,67218,305,67523,661
2020-12-30,Santa Cruz,087,273765,10101,8787,382,9169,86
2020-12-30,Shasta,089,179085,8538,7818,753,8571,69
2020-12-30,Sierra,091,2930,36,25,7,32,0
2020-12-30,Siskiyou,093,43540,1057,913,117,1030,3
2020-12-30,Solano,095,438530,20569,18300,211,18511,96
2020-12-30,Sonoma,097,501317,20260,18947,113,19060,191
2020-12-30,Stanislaus,099,539301,36505,33730,3383,37113,526
2020-12-30,Sutter,101,95872,6745,6328,47,6375,51
2020-12-30,Tehama,103,63373,3240,2969,321,3290,9
2020-12-30,Trinity,105,12862,421,231,54,285,2
2020-12-30,Tulare,107,460477,35848,32413,4052,36465,430
2020-12-30,Tuolumne,109,53932,3010,2772,12,2784,12
2020-12-30,Ventura,111,848112,44533,39039,1747,40786,251
2020-12-30,Yolo,113,214977,9056,8067,71,8138,117
2020-12-30,Yuba,115,75493,4035,3612,40,3652,18
2020-12-29,Alameda,001,1643700,54721,50946,996,51942,552
2020-12-29,Alpine,003,1148,70,65,0,65,0
2020-12-29,Amador,005,37829,2642,2388,18,2406,23
2020-12-29,Butte,007,227075,7997,7178,932,8110,98
2020-12-29,Calaveras,009,45235,1179,1111,2,1113,21
2020-12-29,Colusa,011,21464,1348,1272,88,1360,7
2020-12-29,Contra Costa,013,1133247,42429,39225,608,39833,325
2020-12-29,Del Norte,015,27424,781,724,2,726,2
2020-12-29,El Dorado,017,186661,6504,5551,316,5867,22
2020-12-29,Fresno,019,978130,70913,65149,4829,69978,688
2020-12-29,Glenn,021,27897,1622,1454,275,1729,9
2020-12-29,Humboldt,023,135768,1847,1616,7,1623,19
2020-12-29,Imperial,025,180216,23384,22105,1435,23540,407
2020-12-29,Inyo,027,18085,705,571,19,590,19
2020-12-29,Kern,029,883053,68500,63096,5271,68367,589
2020-12-29,Kings,031,150075,16824,15777,561,16338,108
2020-12-29,Lake,033,64148,2000,1805,1,1806,22
2020-12-29,Lassen,035,31185,4557,4288,53,4341,1
2020-12-29,Los Angeles,037,10098052,809822,731907,22694,754601,9786
2020-12-29,Madera,039,155013,11159,10251,462,10713,64
2020-12-29,Marin,041,260295,9991,9595,83,9678,146
2020-12-29,Mariposa,043,17540,262,212,3,215,3
2020-12-29,Mendocino,045,87422,2522,2249,19,2268,24
2020-12-29,Merced,047,269075,19550,18464,360,18824,221
2020-12-29,Modoc,049,8938,265,232,77,309,0
2020-12-29,Mono,051,14174,894,868,12,880,3
2020-12-29,Monterey,053,433212,28885,26894,729,27623,185
2020-12-29,Napa,055,140530,6153,5663,26,5689,28
2020-12-29,Nevada,057,99092,2830,2550,92,2642,15
2020-12-29,Orange,059,3164182,170570,154411,6595,161006,1839
2020-12-29,Placer,061,380077,15090,13392,617,14009,126
2020-12-29,Plumas,063,18699,478,395,8,403,1
2020-12-29,Riverside,065,2383286,194857,177624,8822,186446,1904
2020-12-29,Sacramento,067,1510023,67906,65078,659,65737,820
2020-12-29,San Benito,069,59416,3786,3474,30,3504,25
2020-12-29,San Bernardino,071,2135413,209431,190476,5704,196180,1557
2020-12-29,San Diego,073,3302833,168892,150062,7564,157626,1435
2020-12-29,San Francisco,075,870044,24405,22996,231,23227,178
2020-12-29,San Joaquin,077,732212,47623,44699,1675,46374,622
2020-12-29,San Luis Obispo,079,281455,11766,10387,265,10652,80
2020-12-29,San Mateo,081,765935,26526,23773,111,23884,189
2020-12-29,Santa Barbara,083,443738,19322,16797,528,17325,155
2020-12-29,Santa Clara,085,1922200,74009,67581,302,67883,621
2020-12-29,Santa Cruz,087,273765,9831,8492,373,8865,84
2020-12-29,Shasta,089,179085,8433,7782,738,8520,65
2020-12-29,Sierra,091,2930,34,24,6,30,0
2020-12-29,Siskiyou,093,43540,1042,926,115,1041,3
2020-12-29,Solano,095,438530,20187,18412,206,18618,96
2020-12-29,Sonoma,097,501317,19924,18790,111,18901,187
2020-12-29,Stanislaus,099,539301,36003,33775,3320,37095,508
2020-12-29,Sutter,101,95872,6677,6302,47,6349,50
2020-12-29,Tehama,103,63373,3171,2962,307,3269,9
2020-12-29,Trinity,105,12862,420,241,54,295,2
2020-12-29,Tulare,107,460477,35188,32545,3918,36463,419
2020-12-29,Tuolumne,109,53932,2969,2797,12,2809,12
2020-12-29,Ventura,111,848112,43279,38669,1721,40390,235
2020-12-29,Yolo,113,214977,8927,8124,69,8193,111
2020-12-29,Yuba,115,75493,3953,3723,40,3763,18
2020-12-28,Alameda,001,1643700,53685,50405,975,51380,551
2020-12-28,Alpine,003,1148,69,65,0,65,0
2020-12-28,Amador,005,37829,2572,2255,18,2273,23
2020-12-28,Butte,007,227075,7830,7053,902,7955,86
2020-12-28,Calaveras,009,45235,1156,1102,2,1104,21
2020-12-28,Colusa,011,21464,1323,1255,74,1329,7
2020-12-28,Contra Costa,013,1133247,41495,38872,581,39453,324
2020-12-28,Del Norte,015,27424,771,718,2,720,2
2020-12-28,El Dorado,017,186661,6348,5441,304,5745,18
2020-12-28,Fresno,019,978130,69640,64274,4676,68950,679
2020-12-28,Glenn,021,27897,1588,1435,263,1698,9
2020-12-28,Humboldt,023,135768,1812,1579,7,1586,19
2020-12-28,Imperial,025,180216,23125,22003,1360,23363,405
2020-12-28,Inyo,027,18085,698,569,19,588,19
2020-12-28,Kern,029,883053,67432,62392,5069,67461,579
2020-12-28,Kings,031,150075,16607,15733,544,16277,108
2020-12-28,Lake,033,64148,1959,1785,1,1786,22
2020-12-28,Lassen,035,31185,4450,4284,52,4336,1
2020-12-28,Los Angeles,037,10098052,787502,720699,21875,742574,9544
2020-12-28,Madera,039,155013,10985,10123,439,10562,64
2020-12-28,Marin,041,260295,9883,9546,77,9623,145
2020-12-28,Mariposa,043,17540,238,211,3,214,3
2020-12-28,Mendocino,045,87422,2487,2214,19,2233,23
2020-12-28,Merced,047,269075,19230,18245,342,18587,213
2020-12-28,Modoc,049,8938,260,220,76,296,0
2020-12-28,Mono,051,14174,890,848,12,860,3
2020-12-28,Monterey,053,433212,28046,26529,718,27247,182
2020-12-28,Napa,055,140530,6044,5576,26,5602,26
2020-12-28,Nevada,057,99092,2782,2532,88,2620,15
2020-12-28,Orange,059,3164182,166462,152089,6416,158505,1839
2020-12-28,Placer,061,380077,14751,13234,590,13824,126
2020-12-28,Plumas,063,18699,474,391,8,399,0
2020-12-28,Riverside,065,2383286,189967,174029,8528,182557,1855
2020-12-28,Sacramento,067,1510023,66674,64322,634,64956,813
2020-12-28,San Benito,069,59416,3717,3429,29,3458,24
2020-12-28,San Bernardino,071,2135413,204336,188919,5587,194506,1552
2020-12-28,San Diego,073,3302833,164148,147528,7382,154910,1404
2020-12-28,San Francisco,075,870044,24045,22726,225,22951,178
2020-12-28,San Joaquin,077,732212,46689,44172,1643,45815,618
2020-12-28,San Luis Obispo,079,281455,11415,10260,261,10521,76
2020-12-28,San Mateo,081,765935,26052,23467,107,23574,189
2020-12-28,Santa Barbara,083,443738,18862,16579,516,17095,155
2020-12-28,Santa Clara,085,1922200,72524,66418,295,66713,619
2020-12-28,Santa Cruz,087,273765,9563,8310,363,8673,81
2020-12-28,Shasta,089,179085,8314,7688,725,8413,65
2020-12-28,Sierra,091,2930,31,24,6,30,0
2020-12-28,Siskiyou,093,43540,1026,915,109,1024,3
2020-12-28,Solano,095,438530,19615,18171,200,18371,96
2020-12-28,Sonoma,097,501317,19578,18667,109,18776,185
2020-12-28,Stanislaus,099,539301,35455,33473,3256,36729,507
2020-12-28,Sutter,101,95872,6594,6253,47,6300,49
2020-12-28,Tehama,103,63373,3118,2934,298,3232,9
2020-12-28,Trinity,105,12862,418,240,54,294,2
2020-12-28,Tulare,107,460477,34501,32010,3810,35820,404
2020-12-28,Tuolumne,109,53932,2952,2777,12,2789,12
2020-12-28,Ventura,111,848112,41610,37151,1674,38825,230
2020-12-28,Yolo,113,214977,8772,8031,68,8099,111
2020-12-28,Yuba,115,75493,3892,3679,39,3718,18
2020-12-27,Alameda,001,1643700,52442,49764,949,50713,551
2020-12-27,Alpine,003,1148,67,65,0,65,0
2020-12-27,Amador,005,37829,2451,2218,18,2236,23
2020-12-27,Butte,007,227075,7675,7016,866,7882,86
2020-12-27,Calaveras,009,45235,1109,1097,2,1099,21
2020-12-27,Colusa,011,21464,1298,1253,71,1324,7
2020-12-27,Contra Costa,013,1133247,40566,38428,552,38980,324
2020-12-27,Del Norte,015,27424,748,712,2,714,2
2020-12-27,El Dorado,017,186661,6134,5388,281,5669,18
2020-12-27,Fresno,019,978130,68393,63811,4467,68278,679
2020-12-27,Glenn,021,27897,1561,1434,249,1683,9
2020-12-27,Humboldt,023,135768,1768,1575,7,1582,17
2020-12-27,Imperial,025,180216,22829,21934,1246,23180,405
2020-12-27,Inyo,027,18085,676,565,18,583,18
2020-12-27,Kern,029,883053,66155,61914,4902,66816,568
2020-12-27,Kings,031,150075,16371,15593,510,16103,108
2020-12-27,Lake,033,64148,1903,1769,1,1770,22
2020-12-27,Lassen,035,31185,4373,4230,45,4275,1
2020-12-27,Los Angeles,037,10098052,766044,707260,20976,728236,9476
2020-12-27,Madera,039,155013,10727,10005,429,10434,64
2020-12-27,Marin,041,260295,9760,9477,71,9548,144
2020-12-27,Mariposa,043,17540,231,208,3,211,3
2020-12-27,Mendocino,045,87422,2440,2209,19,2228,23
2020-12-27,Merced,047,269075,18862,18075,326,18401,213
2020-12-27,Modoc,049,8938,251,221,72,293,0
2020-12-27,Mono,051,14174,871,849,12,861,3
2020-12-27,Monterey,053,433212,27497,26322,701,27023,181
2020-12-27,Napa,055,140530,5910,5496,26,5522,26
2020-12-27,Nevada,057,99092,2746,2519,88,2607,15
2020-12-27,Orange,059,3164182,162063,149276,6228,155504,1839
2020-12-27,Placer,061,380077,14453,13017,558,13575,126
2020-12-27,Plumas,063,18699,468,390,8,398,0
2020-12-27,Riverside,065,2383286,185055,171995,8220,180215,1836
2020-12-27,Sacramento,067,1510023,65468,63416,611,64027,811
2020-12-27,San Benito,069,59416,3631,3394,29,3423,24
2020-12-27,San Bernardino,071,2135413,199260,186776,5449,192225,1551
2020-12-27,San Diego,073,3302833,159741,145777,7195,152972,1402
2020-12-27,San Francisco,075,870044,23698,22514,216,22730,178
2020-12-27,San Joaquin,077,732212,45653,43529,1592,45121,618
2020-12-27,San Luis Obispo,079,281455,11008,10154,256,10410,76
2020-12-27,San Mateo,081,765935,25486,23136,103,23239,187
2020-12-27,Santa Barbara,083,443738,18342,16364,488,16852,155
2020-12-27,Santa Clara,085,1922200,70902,65288,290,65578,619
2020-12-27,Santa Cruz,087,273765,9297,8234,354,8588,81
2020-12-27,Shasta,089,179085,8190,7671,702,8373,65
2020-12-27,Sierra,091,2930,31,24,5,29,0
2020-12-27,Siskiyou,093,43540,1016,914,104,1018,3
2020-12-27,Solano,095,438530,19120,17840,194,18034,96
2020-12-27,Sonoma,097,501317,19289,18487,108,18595,185
2020-12-27,Stanislaus,099,539301,34852,33076,3161,36237,506
2020-12-27,Sutter,101,95872,6512,6218,45,6263,48
2020-12-27,Tehama,103,63373,3050,2922,281,3203,9
2020-12-27,Trinity,105,12862,411,240,52,292,2
2020-12-27,Tulare,107,460477,33904,31864,3691,35555,400
2020-12-27,Tuolumne,109,53932,2845,2750,10,2760,12
2020-12-27,Ventura,111,848112,40547,36661,1621,38282,230
2020-12-27,Yolo,113,214977,8581,7919,62,7981,111
2020-12-27,Yuba,115,75493,3828,3665,37,3702,18
2020-12-26,Alameda,001,1643700,51831,49084,936,50020,551
2020-12-26,Alpine,003,1148,67,65,0,65,0
2020-12-26,Amador,005,37829,2437,2189,18,2207,23
2020-12-26,Butte,007,227075,7580,6968,844,7812,86
2020-12-26,Calaveras,009,45235,1103,1084,2,1086,21
2020-12-26,Colusa,011,21464,1288,1240,71,1311,7
2020-12-26,Contra Costa,013,1133247,40102,38008,538,38546,324
2020-12-26,Del Norte,015,27424,742,709,2,711,2
2020-12-26,El Dorado,017,186661,6079,5279,277,5556,18
2020-12-26,Fresno,019,978130,67922,63080,4404,67484,679
2020-12-26,Glenn,021,27897,1540,1413,243,1656,9
2020-12-26,Humboldt,023,135768,1730,1545,7,1552,17
2020-12-26,Imperial,025,180216,22738,21734,1194,22928,405
2020-12-26,Inyo,027,18085,663,554,18,572,18
2020-12-26,Kern,029,883053,65484,61174,4748,65922,564
2020-12-26,Kings,031,150075,16253,15517,505,16022,108
2020-12-26,Lake,033,64148,1861,1710,1,1711,22
2020-12-26,Lassen,035,31185,4352,3981,45,4026,1
2020-12-26,Los Angeles,037,10098052,757517,694149,20466,714615,9424
2020-12-26,Madera,039,155013,10650,9908,417,10325,64
2020-12-26,Marin,041,260295,9725,9413,70,9483,143
2020-12-26,Mariposa,043,17540,230,206,3,209,3
2020-12-26,Mendocino,045,87422,2394,2194,19,2213,23
2020-12-26,Merced,047,269075,18704,17890,321,18211,213
2020-12-26,Modoc,049,8938,248,222,72,294,0
2020-12-26,Mono,051,14174,865,850,12,862,3
2020-12-26,Monterey,053,433212,27364,26010,692,26702,182
2020-12-26,Napa,055,140530,5852,5427,26,5453,26
2020-12-26,Nevada,057,99092,2718,2480,88,2568,15
2020-12-26,Orange,059,3164182,159858,147304,6135,153439,1838
2020-12-26,Placer,061,380077,14283,12816,543,13359,122
2020-12-26,Plumas,063,18699,465,381,8,389,0
2020-12-26,Riverside,065,2383286,182569,169360,8060,177420,1834
2020-12-26,Sacramento,067,1510023,64845,62435,601,63036,807
2020-12-26,San Benito,069,59416,3558,3330,29,3359,24
2020-12-26,San Bernardino,071,2135413,197594,185111,5366,190477,1551
2020-12-26,San Diego,073,3302833,157216,142644,7048,149692,1402
2020-12-26,San Francisco,075,870044,23463,22319,216,22535,177
2020-12-26,San Joaquin,077,732212,45266,42887,1543,44430,618
2020-12-26,San Luis Obispo,079,281455,10921,9945,251,10196,76
2020-12-26,San Mateo,081,765935,25147,22908,98,23006,187
2020-12-26,Santa Barbara,083,443738,18105,16159,482,16641,155
2020-12-26,Santa Clara,085,1922200,69832,64185,288,64473,618
2020-12-26,Santa Cruz,087,273765,9171,8113,345,8458,81
2020-12-26,Shasta,089,179085,8131,7641,689,8330,65
2020-12-26,Sierra,091,2930,31,24,5,29,0
2020-12-26,Siskiyou,093,43540,1009,909,100,1009,2
2020-12-26,Solano,095,438530,18875,17528,194,17722,96
2020-12-26,Sonoma,097,501317,19089,18261,106,18367,184
2020-12-26,Stanislaus,099,539301,34562,32678,3110,35788,505
2020-12-26,Sutter,101,95872,6453,6121,45,6166,48
2020-12-26,Tehama,103,63373,3023,2884,276,3160,9
2020-12-26,Trinity,105,12862,409,237,51,288,2
2020-12-26,Tulare,107,460477,33603,31665,3635,35300,398
2020-12-26,Tuolumne,109,53932,2834,2703,10,2713,12
2020-12-26,Ventura,111,848112,39582,36064,1590,37654,230
2020-12-26,Yolo,113,214977,8479,7785,60,7845,111
2020-12-26,Yuba,115,75493,3800,3599,37,3636,18
2020-12-25,Alameda,001,1643700,51267,48365,921,49286,542
2020-12-25,Alpine,003,1148,67,64,0,64,0
2020-12-25,Amador,005,37829,2394,2172,18,2190,23
2020-12-25,Butte,007,227075,7480,6873,826,7699,85
2020-12-25,Calaveras,009,45235,1100,1062,2,1064,21
2020-12-25,Colusa,011,21464,1276,1219,70,1289,7
2020-12-25,Contra Costa,013,1133247,39634,37480,512,37992,324
2020-12-25,Del Norte,015,27424,739,692,2,694,2
2020-12-25,El Dorado,017,186661,6014,5170,264,5434,16
2020-12-25,Fresno,019,978130,67058,62251,4321,66572,679
2020-12-25,Glenn,021,27897,1524,1390,236,1626,9
2020-12-25,Humboldt,023,135768,1690,1532,7,1539,16
2020-12-25,Imperial,025,180216,22644,21646,1183,22829,405
2020-12-25,Inyo,027,18085,654,546,18,564,18
2020-12-25,Kern,029,883053,64756,60417,4600,65017,562
2020-12-25,Kings,031,150075,16142,15460,501,15961,108
2020-12-25,Lake,033,64148,1842,1669,1,1670,20
2020-12-25,Lassen,035,31185,4337,3926,45,3971,1
2020-12-25,Los Angeles,037,10098052,743886,665600,19782,685382,9292
2020-12-25,Madera,039,155013,10481,9770,410,10180,64
2020-12-25,Marin,041,260295,9675,9375,67,9442,143
2020-12-25,Mariposa,043,17540,224,203,3,206,3
2020-12-25,Mendocino,045,87422,2352,2176,19,2195,23
2020-12-25,Merced,047,269075,18543,17726,314,18040,213
2020-12-25,Modoc,049,8938,247,221,72,293,0
2020-12-25,Mono,051,14174,863,843,12,855,3
2020-12-25,Monterey,053,433212,27090,25788,683,26471,182
2020-12-25,Napa,055,140530,5772,5351,26,5377,26
2020-12-25,Nevada,057,99092,2692,2458,86,2544,15
2020-12-25,Orange,059,3164182,157177,144542,5942,150484,1814
2020-12-25,Placer,061,380077,14098,12660,521,13181,122
2020-12-25,Plumas,063,18699,458,381,8,389,0
2020-12-25,Riverside,065,2383286,179284,166690,7743,174433,1825
2020-12-25,Sacramento,067,1510023,64154,61630,574,62204,796
2020-12-25,San Benito,069,59416,3518,3281,27,3308,24
2020-12-25,San Bernardino,071,2135413,194959,181812,5250,187062,1546
2020-12-25,San Diego,073,3302833,154736,139958,6870,146828,1402
2020-12-25,San Francisco,075,870044,23187,22130,211,22341,175
2020-12-25,San Joaquin,077,732212,44960,42089,1488,43577,614
2020-12-25,San Luis Obispo,079,281455,10738,9749,244,9993,76
2020-12-25,San Mateo,081,765935,24824,22568,96,22664,187
2020-12-25,Santa Barbara,083,443738,17880,15936,475,16411,155
2020-12-25,Santa Clara,085,1922200,68722,63173,279,63452,612
2020-12-25,Santa Cruz,087,273765,9028,8018,322,8340,81
2020-12-25,Shasta,089,179085,8058,7612,666,8278,65
2020-12-25,Sierra,091,2930,31,24,4,28,0
2020-12-25,Siskiyou,093,43540,1003,905,97,1002,2
2020-12-25,Solano,095,438530,18703,17280,192,17472,96
2020-12-25,Sonoma,097,501317,18913,18035,104,18139,184
2020-12-25,Stanislaus,099,539301,34269,32290,3063,35353,498
2020-12-25,Sutter,101,95872,6394,6051,44,6095,47
2020-12-25,Tehama,103,63373,2974,2839,263,3102,9
2020-12-25,Trinity,105,12862,405,236,51,287,2
2020-12-25,Tulare,107,460477,33216,31323,3568,34891,398
2020-12-25,Tuolumne,109,53932,2815,2674,10,2684,12
2020-12-25,Ventura,111,848112,38427,35514,1542,37056,230
2020-12-25,Yolo,113,214977,8382,7700,58,7758,111
2020-12-25,Yuba,115,75493,3764,3549,36,3585,17
2020-12-24,Alameda,001,1643700,50927,47527,902,48429,541
2020-12-24,Alpine,003,1148,67,64,0,64,0
2020-12-24,Amador,005,37829,2382,2145,18,2163,23
2020-12-24,Butte,007,227075,7441,6716,812,7528,84
2020-12-24,Calaveras,009,45235,1097,1032,2,1034,21
2020-12-24,Colusa,011,21464,1271,1188,69,1257,7
2020-12-24,Contra Costa,013,1133247,39389,36623,501,37124,311
2020-12-24,Del Norte,015,27424,739,678,2,680,2
2020-12-24,El Dorado,017,186661,5988,5042,256,5298,16
2020-12-24,Fresno,019,978130,66835,61435,4307,65742,663
2020-12-24,Glenn,021,27897,1513,1363,228,1591,9
2020-12-24,Humboldt,023,135768,1667,1516,7,1523,16
2020-12-24,Imperial,025,180216,22595,21545,1174,22719,402
2020-12-24,Inyo,027,18085,652,532,18,550,17
2020-12-24,Kern,029,883053,64469,59601,4587,64188,556
2020-12-24,Kings,031,150075,16102,15211,500,15711,108
2020-12-24,Lake,033,64148,1827,1629,1,1630,20
2020-12-24,Lassen,035,31185,4324,3894,45,3939,1
2020-12-24,Los Angeles,037,10098052,739733,664840,19521,684361,9288
2020-12-24,Madera,039,155013,10441,9547,403,9950,63
2020-12-24,Marin,041,260295,9641,9287,67,9354,143
2020-12-24,Mariposa,043,17540,220,197,3,200,3
2020-12-24,Mendocino,045,87422,2341,2150,19,2169,23
2020-12-24,Merced,047,269075,18472,17485,310,17795,212
2020-12-24,Modoc,049,8938,247,220,71,291,0
2020-12-24,Mono,051,14174,861,817,12,829,3
2020-12-24,Monterey,053,433212,26982,25131,676,25807,180
2020-12-24,Napa,055,140530,5717,5265,26,5291,26
2020-12-24,Nevada,057,99092,2668,2429,86,2515,15
2020-12-24,Orange,059,3164182,155698,141205,5891,147096,1775
2020-12-24,Placer,061,380077,14009,12457,514,12971,121
2020-12-24,Plumas,063,18699,455,376,8,384,0
2020-12-24,Riverside,065,2383286,178352,162435,7704,170139,1816
2020-12-24,Sacramento,067,1510023,63880,60596,572,61168,788
2020-12-24,San Benito,069,59416,3487,3183,27,3210,24
2020-12-24,San Bernardino,071,2135413,193926,176866,5216,182082,1533
2020-12-24,San Diego,073,3302833,153652,136952,6838,143790,1382
2020-12-24,San Francisco,075,870044,23019,21830,208,22038,175
2020-12-24,San Joaquin,077,732212,44796,41324,1470,42794,611
2020-12-24,San Luis Obispo,079,281455,10670,9504,242,9746,77
2020-12-24,San Mateo,081,765935,24627,22093,96,22189,186
2020-12-24,Santa Barbara,083,443738,17775,15644,467,16111,153
2020-12-24,Santa Clara,085,1922200,68116,61742,272,62014,591
2020-12-24,Santa Cruz,087,273765,8957,7856,310,8166,82
2020-12-24,Shasta,089,179085,8017,7540,649,8189,65
2020-12-24,Sierra,091,2930,28,23,2,25,0
2020-12-24,Siskiyou,093,43540,998,900,91,991,2
2020-12-24,Solano,095,438530,18562,16872,187,17059,96
2020-12-24,Sonoma,097,501317,18815,17710,104,17814,183
2020-12-24,Stanislaus,099,539301,34074,31848,3038,34886,498
2020-12-24,Sutter,101,95872,6353,5960,43,6003,47
2020-12-24,Tehama,103,63373,2958,2779,262,3041,9
2020-12-24,Trinity,105,12862,404,235,51,286,2
2020-12-24,Tulare,107,460477,33097,30827,3542,34369,390
2020-12-24,Tuolumne,109,53932,2806,2653,10,2663,12
2020-12-24,Ventura,111,848112,38147,34400,1535,35935,224
2020-12-24,Yolo,113,214977,8340,7566,58,7624,113
2020-12-24,Yuba,115,75493,3739,3483,36,3519,16
2020-12-23,Alameda,001,1643700,50355,46753,875,47628,537
2020-12-23,Alpine,003,1148,67,64,0,64,0
2020-12-23,Amador,005,37829,2313,2108,17,2125,23
2020-12-23,Butte,007,227075,7353,6588,786,7374,84
2020-12-23,Calaveras,009,45235,1089,1002,1,1003,21
2020-12-23,Colusa,011,21464,1260,1167,69,1236,7
2020-12-23,Contra Costa,013,1133247,38991,36190,488,36678,311
2020-12-23,Del Norte,015,27424,732,670,2,672,2
2020-12-23,El Dorado,017,186661,5913,4967,248,5215,14
2020-12-23,Fresno,019,978130,66227,60488,4241,64729,654
2020-12-23,Glenn,021,27897,1499,1349,224,1573,9
2020-12-23,Humboldt,023,135768,1642,1458,7,1465,16
2020-12-23,Imperial,025,180216,22500,21323,1144,22467,399
2020-12-23,Inyo,027,18085,640,517,18,535,17
2020-12-23,Kern,029,883053,63952,58656,4493,63149,549
2020-12-23,Kings,031,150075,16024,14923,497,15420,105
2020-12-23,Lake,033,64148,1813,1595,1,1596,20
2020-12-23,Lassen,035,31185,4314,3865,42,3907,1
2020-12-23,Los Angeles,037,10098052,730703,651958,18986,670944,9146
2020-12-23,Madera,039,155013,10282,9371,389,9760,63
2020-12-23,Marin,041,260295,9583,9199,64,9263,142
2020-12-23,Mariposa,043,17540,218,194,3,197,3
2020-12-23,Mendocino,045,87422,2329,2121,19,2140,23
2020-12-23,Merced,047,269075,18316,17250,303,17553,203
2020-12-23,Modoc,049,8938,243,197,70,267,0
2020-12-23,Mono,051,14174,859,814,12,826,3
2020-12-23,Monterey,053,433212,26684,24856,670,25526,176
2020-12-23,Napa,055,140530,5649,5172,26,5198,25
2020-12-23,Nevada,057,99092,2623,2406,85,2491,15
2020-12-23,Orange,059,3164182,153247,138050,5724,143774,1771
2020-12-23,Placer,061,380077,13801,12213,506,12719,111
2020-12-23,Plumas,063,18699,448,369,8,377,0
2020-12-23,Riverside,065,2383286,176085,158110,7545,165655,1790
2020-12-23,Sacramento,067,1510023,63232,59661,558,60219,779
2020-12-23,San Benito,069,59416,3433,3073,25,3098,24
2020-12-23,San Bernardino,071,2135413,191890,172888,5147,178035,1509
2020-12-23,San Diego,073,3302833,151226,134695,6702,141397,1350
2020-12-23,San Francisco,075,870044,22796,21498,205,21703,174
2020-12-23,San Joaquin,077,732212,44271,35664,1427,37091,602
2020-12-23,San Luis Obispo,079,281455,10528,9267,237,9504,74
2020-12-23,San Mateo,081,765935,24325,21780,94,21874,186
2020-12-23,Santa Barbara,083,443738,17567,15399,439,15838,152
2020-12-23,Santa Clara,085,1922200,67207,60455,267,60722,579
2020-12-23,Santa Cruz,087,273765,8797,7637,292,7929,75
2020-12-23,Shasta,089,179085,7944,7487,642,8129,66
2020-12-23,Sierra,091,2930,27,23,0,23,0
2020-12-23,Siskiyou,093,43540,977,891,90,981,2
2020-12-23,Solano,095,438530,18354,16626,182,16808,95
2020-12-23,Sonoma,097,501317,18611,17397,104,17501,182
2020-12-23,Stanislaus,099,539301,33731,31492,2985,34477,499
2020-12-23,Sutter,101,95872,6287,5871,43,5914,46
2020-12-23,Tehama,103,63373,2941,2737,258,2995,9
2020-12-23,Trinity,105,12862,404,234,50,284,2
2020-12-23,Tulare,107,460477,32805,30315,3502,33817,385
2020-12-23,Tuolumne,109,53932,2766,2540,10,2550,12
2020-12-23,Ventura,111,848112,37751,33377,1505,34882,216
2020-12-23,Yolo,113,214977,8262,7508,57,7565,112
2020-12-23,Yuba,115,75493,3687,3438,36,3474,14
2020-12-22,Alameda,001,1643700,49470,45751,845,46596,534
2020-12-22,Alpine,003,1148,67,64,0,64,0
2020-12-22,Amador,005,37829,2302,1839,17,1856,23
2020-12-22,Butte,007,227075,7225,6467,771,7238,85
2020-12-22,Calaveras,009,45235,1062,988,0,988,21
2020-12-22,Colusa,011,21464,1237,1150,65,1215,7
2020-12-22,Contra Costa,013,1133247,38365,35681,476,36157,301
2020-12-22,Del Norte,015,27424,725,666,2,668,2
2020-12-22,El Dorado,017,186661,5790,4885,236,5121,12
2020-12-22,Fresno,019,978130,65193,59640,4134,63774,640
2020-12-22,Glenn,021,27897,1476,1337,213,1550,9
2020-12-22,Humboldt,023,135768,1608,1440,7,1447,16
2020-12-22,Imperial,025,180216,22311,21128,1101,22229,398
2020-12-22,Inyo,027,18085,620,506,18,524,17
2020-12-22,Kern,029,883053,63000,57816,4355,62171,547
2020-12-22,Kings,031,150075,15884,14855,491,15346,102
2020-12-22,Lake,033,64148,1789,1569,1,1570,20
2020-12-22,Lassen,035,31185,4172,3848,40,3888,1
2020-12-22,Los Angeles,037,10098052,713468,635931,18293,654224,9013
2020-12-22,Madera,039,155013,10165,9187,373,9560,63
2020-12-22,Marin,041,260295,9519,9115,63,9178,142
2020-12-22,Mariposa,043,17540,215,194,3,197,3
2020-12-22,Mendocino,045,87422,2296,2092,19,2111,23
2020-12-22,Merced,047,269075,18070,17012,298,17310,201
2020-12-22,Modoc,049,8938,235,182,69,251,0
2020-12-22,Mono,051,14174,849,786,12,798,3
2020-12-22,Monterey,053,433212,26018,24152,649,24801,176
2020-12-22,Napa,055,140530,5562,5059,26,5085,23
2020-12-22,Nevada,057,99092,2595,2367,84,2451,14
2020-12-22,Orange,059,3164182,149906,134850,5552,140402,1774
2020-12-22,Placer,061,380077,13557,11943,486,12429,105
2020-12-22,Plumas,063,18699,442,360,8,368,0
2020-12-22,Riverside,065,2383286,172278,155059,7277,162336,1777
2020-12-22,Sacramento,067,1510023,62303,57966,539,58505,772
2020-12-22,San Benito,069,59416,3355,2998,25,3023,24
2020-12-22,San Bernardino,071,2135413,187312,169266,4999,174265,1500
2020-12-22,San Diego,073,3302833,147867,132097,6540,138637,1311
2020-12-22,San Francisco,075,870044,22527,21232,201,21433,174
2020-12-22,San Joaquin,077,732212,43514,39423,1379,40802,592
2020-12-22,San Luis Obispo,079,281455,10183,9174,232,9406,69
2020-12-22,San Mateo,081,765935,23998,21382,78,21460,186
2020-12-22,Santa Barbara,083,443738,17306,15189,429,15618,150
2020-12-22,Santa Clara,085,1922200,66040,59192,260,59452,569
2020-12-22,Santa Cruz,087,273765,8618,7471,266,7737,72
2020-12-22,Shasta,089,179085,7866,7371,625,7996,64
2020-12-22,Sierra,091,2930,27,23,0,23,0
2020-12-22,Siskiyou,093,43540,971,880,89,969,2
2020-12-22,Solano,095,438530,17951,16229,179,16408,95
2020-12-22,Sonoma,097,501317,18293,17216,104,17320,180
2020-12-22,Stanislaus,099,539301,33350,30914,2911,33825,499
2020-12-22,Sutter,101,95872,6226,5791,42,5833,46
2020-12-22,Tehama,103,63373,2891,2688,251,2939,9
2020-12-22,Trinity,105,12862,403,231,50,281,2
2020-12-22,Tulare,107,460477,32340,30025,3434,33459,377
2020-12-22,Tuolumne,109,53932,2711,2526,10,2536,12
2020-12-22,Ventura,111,848112,36986,32488,1462,33950,213
2020-12-22,Yolo,113,214977,8149,7388,56,7444,113
2020-12-22,Yuba,115,75493,3636,3379,36,3415,14
2020-12-21,Alameda,001,1643700,48569,44756,818,45574,518
2020-12-21,Alpine,003,1148,66,64,0,64,0
2020-12-21,Amador,005,37829,2225,1815,17,1832,23
2020-12-21,Butte,007,227075,7070,6335,747,7082,81
2020-12-21,Calaveras,009,45235,1032,963,0,963,21
2020-12-21,Colusa,011,21464,1210,1135,60,1195,7
2020-12-21,Contra Costa,013,1133247,37614,35207,439,35646,300
2020-12-21,Del Norte,015,27424,710,660,2,662,2
2020-12-21,El Dorado,017,186661,5643,4805,223,5028,10
2020-12-21,Fresno,019,978130,64039,58568,3989,62557,634
2020-12-21,Glenn,021,27897,1444,1323,205,1528,9
2020-12-21,Humboldt,023,135768,1584,1419,7,1426,16
2020-12-21,Imperial,025,180216,22042,20994,1057,22051,395
2020-12-21,Inyo,027,18085,599,482,18,500,17
2020-12-21,Kern,029,883053,62110,56836,4218,61054,541
2020-12-21,Kings,031,150075,15634,14760,476,15236,100
2020-12-21,Lake,033,64148,1734,1538,1,1539,20
2020-12-21,Lassen,035,31185,4012,3798,38,3836,1
2020-12-21,Los Angeles,037,10098052,694412,624129,17607,641736,8918
2020-12-21,Madera,039,155013,9971,9069,353,9422,63
2020-12-21,Marin,041,260295,9450,9035,63,9098,142
2020-12-21,Mariposa,043,17540,210,186,3,189,3
2020-12-21,Mendocino,045,87422,2265,2066,19,2085,23
2020-12-21,Merced,047,269075,17821,16710,282,16992,198
2020-12-21,Modoc,049,8938,221,181,68,249,0
2020-12-21,Mono,051,14174,838,781,12,793,3
2020-12-21,Monterey,053,433212,25486,23673,635,24308,174
2020-12-21,Napa,055,140530,5474,4952,26,4978,23
2020-12-21,Nevada,057,99092,2562,2337,84,2421,13
2020-12-21,Orange,059,3164182,146492,130444,5398,135842,1772
2020-12-21,Placer,061,380077,13324,11715,466,12181,105
2020-12-21,Plumas,063,18699,438,353,8,361,0
2020-12-21,Riverside,065,2383286,168059,151713,6950,158663,1743
2020-12-21,Sacramento,067,1510023,61281,57064,521,57585,759
2020-12-21,San Benito,069,59416,3287,2921,25,2946,22
2020-12-21,San Bernardino,071,2135413,182524,165086,4832,169918,1476
2020-12-21,San Diego,073,3302833,144416,129716,6376,136092,1284
2020-12-21,San Francisco,075,870044,22241,21086,199,21285,174
2020-12-21,San Joaquin,077,732212,42719,38811,1326,40137,586
2020-12-21,San Luis Obispo,079,281455,9995,9006,227,9233,64
2020-12-21,San Mateo,081,765935,23593,21035,75,21110,185
2020-12-21,Santa Barbara,083,443738,17035,14988,424,15412,149
2020-12-21,Santa Clara,085,1922200,64845,57699,248,57947,570
2020-12-21,Santa Cruz,087,273765,8406,7315,253,7568,69
2020-12-21,Shasta,089,179085,7801,7299,615,7914,64
2020-12-21,Sierra,091,2930,24,23,0,23,0
2020-12-21,Siskiyou,093,43540,963,878,88,966,2
2020-12-21,Solano,095,438530,17481,15878,174,16052,95
2020-12-21,Sonoma,097,501317,18019,17075,100,17175,176
2020-12-21,Stanislaus,099,539301,32892,30437,2837,33274,499
2020-12-21,Sutter,101,95872,6130,5708,42,5750,46
2020-12-21,Tehama,103,63373,2823,2656,243,2899,9
2020-12-21,Trinity,105,12862,401,226,49,275,2
2020-12-21,Tulare,107,460477,31840,29482,3345,32827,373
2020-12-21,Tuolumne,109,53932,2686,2423,8,2431,12
2020-12-21,Ventura,111,848112,35905,31759,1425,33184,212
2020-12-21,Yolo,113,214977,8004,7266,52,7318,109
2020-12-21,Yuba,115,75493,3577,3329,36,3365,14
2020-12-20,Alameda,001,1643700,47690,44004,795,44799,516
2020-12-20,Alpine,003,1148,66,64,0,64,0
2020-12-20,Amador,005,37829,2167,1771,17,1788,23
2020-12-20,Butte,007,227075,6925,6228,711,6939,81
2020-12-20,Calaveras,009,45235,1008,926,0,926,21
2020-12-20,Colusa,011,21464,1183,1121,52,1173,7
2020-12-20,Contra Costa,013,1133247,37028,34798,422,35220,301
2020-12-20,Del Norte,015,27424,688,652,2,654,2
2020-12-20,El Dorado,017,186661,5518,4697,214,4911,10
2020-12-20,Fresno,019,978130,63050,57616,3850,61466,634
2020-12-20,Glenn,021,27897,1435,1295,198,1493,9
2020-12-20,Humboldt,023,135768,1547,1386,6,1392,15
2020-12-20,Imperial,025,180216,21800,20882,952,21834,395
2020-12-20,Inyo,027,18085,584,476,18,494,17
2020-12-20,Kern,029,883053,61011,55983,4063,60046,540
2020-12-20,Kings,031,150075,15413,14629,459,15088,100
2020-12-20,Lake,033,64148,1688,1463,1,1464,20
2020-12-20,Lassen,035,31185,3958,3669,36,3705,1
2020-12-20,Los Angeles,037,10098052,676362,612975,16863,629838,8862
2020-12-20,Madera,039,155013,9761,8871,344,9215,63
2020-12-20,Marin,041,260295,9352,8948,59,9007,142
2020-12-20,Mariposa,043,17540,209,179,3,182,3
2020-12-20,Mendocino,045,87422,2240,2033,19,2052,23
2020-12-20,Merced,047,269075,17505,16435,275,16710,198
2020-12-20,Modoc,049,8938,221,181,66,247,0
2020-12-20,Mono,051,14174,822,774,12,786,3
2020-12-20,Monterey,053,433212,25009,23250,593,23843,173
2020-12-20,Napa,055,140530,5352,4865,24,4889,23
2020-12-20,Nevada,057,99092,2516,2289,78,2367,13
2020-12-20,Orange,059,3164182,142988,128780,5249,134029,1763
2020-12-20,Placer,061,380077,13099,11496,447,11943,105
2020-12-20,Plumas,063,18699,430,347,8,355,0
2020-12-20,Riverside,065,2383286,163856,148714,6656,155370,1742
2020-12-20,Sacramento,067,1510023,60281,56017,501,56518,755
2020-12-20,San Benito,069,59416,3215,2885,24,2909,21
2020-12-20,San Bernardino,071,2135413,177542,162810,4672,167482,1458
2020-12-20,San Diego,073,3302833,140698,126465,6206,132671,1280
2020-12-20,San Francisco,075,870044,21927,20937,195,21132,174
2020-12-20,San Joaquin,077,732212,41880,38268,1262,39530,587
2020-12-20,San Luis Obispo,079,281455,9702,8881,220,9101,63
2020-12-20,San Mateo,081,765935,23159,20764,71,20835,185
2020-12-20,Santa Barbara,083,443738,16719,14817,404,15221,148
2020-12-20,Santa Clara,085,1922200,63438,56860,242,57102,566
2020-12-20,Santa Cruz,087,273765,8198,7178,240,7418,69
2020-12-20,Shasta,089,179085,7686,7256,601,7857,64
2020-12-20,Sierra,091,2930,24,22,0,22,0
2020-12-20,Siskiyou,093,43540,953,870,87,957,2
2020-12-20,Solano,095,438530,17103,15533,163,15696,95
2020-12-20,Sonoma,097,501317,17744,16802,99,16901,175
2020-12-20,Stanislaus,099,539301,32369,29995,2735,32730,498
2020-12-20,Sutter,101,95872,6043,5601,42,5643,43
2020-12-20,Tehama,103,63373,2773,2602,224,2826,9
2020-12-20,Trinity,105,12862,393,221,48,269,2
2020-12-20,Tulare,107,460477,31323,29078,3247,32325,373
2020-12-20,Tuolumne,109,53932,2574,2152,7,2159,12
2020-12-20,Ventura,111,848112,35202,31335,1392,32727,210
2020-12-20,Yolo,113,214977,7853,7121,49,7170,109
2020-12-20,Yuba,115,75493,3530,3254,34,3288,12
2020-12-19,Alameda,001,1643700,47247,43109,788,43897,516
2020-12-19,Alpine,003,1148,66,64,0,64,0
2020-12-19,Amador,005,37829,2143,1754,17,1771,23
2020-12-19,Butte,007,227075,6825,6118,687,6805,81
2020-12-19,Calaveras,009,45235,991,900,0,900,21
2020-12-19,Colusa,011,21464,1175,1096,50,1146,7
2020-12-19,Contra Costa,013,1133247,36713,34321,408,34729,301
2020-12-19,Del Norte,015,27424,686,641,1,642,2
2020-12-19,El Dorado,017,186661,5451,4588,206,4794,10
2020-12-19,Fresno,019,978130,62727,55428,3781,59209,634
2020-12-19,Glenn,021,27897,1400,1286,197,1483,9
2020-12-19,Humboldt,023,135768,1530,1357,6,1363,15
2020-12-19,Imperial,025,180216,21710,20711,905,21616,395
2020-12-19,Inyo,027,18085,577,475,18,493,17
2020-12-19,Kern,029,883053,60525,55118,3955,59073,540
2020-12-19,Kings,031,150075,15334,14474,457,14931,100
2020-12-19,Lake,033,64148,1653,1438,1,1439,20
2020-12-19,Lassen,035,31185,3930,3595,36,3631,1
2020-12-19,Los Angeles,037,10098052,669295,599888,16326,616214,8804
2020-12-19,Madera,039,155013,9669,8717,332,9049,63
2020-12-19,Marin,041,260295,9313,8864,59,8923,142
2020-12-19,Mariposa,043,17540,207,177,3,180,3
2020-12-19,Mendocino,045,87422,2215,2008,19,2027,23
2020-12-19,Merced,047,269075,17366,16230,267,16497,198
2020-12-19,Modoc,049,8938,218,181,66,247,0
2020-12-19,Mono,051,14174,817,766,12,778,3
2020-12-19,Monterey,053,433212,24898,22799,587,23386,172
2020-12-19,Napa,055,140530,5290,4772,24,4796,23
2020-12-19,Nevada,057,99092,2494,2260,78,2338,13
2020-12-19,Orange,059,3164182,141067,125574,5095,130669,1733
2020-12-19,Placer,061,380077,12944,11246,441,11687,105
2020-12-19,Plumas,063,18699,427,343,8,351,0
2020-12-19,Riverside,065,2383286,161873,146703,6418,153121,1737
2020-12-19,Sacramento,067,1510023,59749,55169,487,55656,746
2020-12-19,San Benito,069,59416,3169,2820,23,2843,21
2020-12-19,San Bernardino,071,2135413,175976,159883,4565,164448,1433
2020-12-19,San Diego,073,3302833,138931,122972,6067,129039,1280
2020-12-19,San Francisco,075,870044,21776,20643,195,20838,174
2020-12-19,San Joaquin,077,732212,41477,37340,1212,38552,586
2020-12-19,San Luis Obispo,079,281455,9631,8788,217,9005,63
2020-12-19,San Mateo,081,765935,22949,20393,64,20457,182
2020-12-19,Santa Barbara,083,443738,16563,14667,397,15064,148
2020-12-19,Santa Clara,085,1922200,62627,55540,238,55778,558
2020-12-19,Santa Cruz,087,273765,8095,7054,234,7288,68
2020-12-19,Shasta,089,179085,7633,7221,589,7810,63
2020-12-19,Sierra,091,2930,24,23,0,23,0
2020-12-19,Siskiyou,093,43540,949,853,86,939,2
2020-12-19,Solano,095,438530,16937,15204,159,15363,95
2020-12-19,Sonoma,097,501317,17636,16553,99,16652,175
2020-12-19,Stanislaus,099,539301,32050,29555,2663,32218,498
2020-12-19,Sutter,101,95872,5986,5506,42,5548,41
2020-12-19,Tehama,103,63373,2722,2574,221,2795,9
2020-12-19,Trinity,105,12862,392,219,48,267,2
2020-12-19,Tulare,107,460477,31101,28734,3181,31915,375
2020-12-19,Tuolumne,109,53932,2561,2107,7,2114,12
2020-12-19,Ventura,111,848112,34921,30843,1362,32205,209
2020-12-19,Yolo,113,214977,7784,7025,48,7073,109
2020-12-19,Yuba,115,75493,3498,3168,34,3202,11
2020-12-18,Alameda,001,1643700,46710,42196,772,42968,515
2020-12-18,Alpine,003,1148,66,64,0,64,0
2020-12-18,Amador,005,37829,2126,1727,15,1742,20
2020-12-18,Butte,007,227075,6740,5891,661,6552,81
2020-12-18,Calaveras,009,45235,981,870,0,870,21
2020-12-18,Colusa,011,21464,1166,1068,50,1118,7
2020-12-18,Contra Costa,013,1133247,36428,33610,395,34005,300
2020-12-18,Del Norte,015,27424,681,627,0,627,2
2020-12-18,El Dorado,017,186661,5389,4494,197,4691,10
2020-12-18,Fresno,019,978130,61900,52643,3717,56360,613
2020-12-18,Glenn,021,27897,1383,1264,192,1456,9
2020-12-18,Humboldt,023,135768,1515,1331,6,1337,15
2020-12-18,Imperial,025,180216,21632,20430,858,21288,393
2020-12-18,Inyo,027,18085,557,454,18,472,17
2020-12-18,Kern,029,883053,59865,54220,3870,58090,533
2020-12-18,Kings,031,150075,15208,14284,451,14735,98
2020-12-18,Lake,033,64148,1642,1397,1,1398,20
2020-12-18,Lassen,035,31185,3922,3486,36,3522,1
2020-12-18,Los Angeles,037,10098052,657169,586413,15825,602238,8744
2020-12-18,Madera,039,155013,9567,8609,327,8936,63
2020-12-18,Marin,041,260295,9229,8799,59,8858,142
2020-12-18,Mariposa,043,17540,204,176,3,179,3
2020-12-18,Mendocino,045,87422,2197,1977,19,1996,24
2020-12-18,Merced,047,269075,17285,15956,264,16220,195
2020-12-18,Modoc,049,8938,218,179,66,245,0
2020-12-18,Mono,051,14174,810,731,12,743,3
2020-12-18,Monterey,053,433212,24606,22336,581,22917,165
2020-12-18,Napa,055,140530,5242,4688,24,4712,23
2020-12-18,Nevada,057,99092,2477,2220,77,2297,13
2020-12-18,Orange,059,3164182,138628,121681,4945,126626,1725
2020-12-18,Placer,061,380077,12773,10995,432,11427,104
2020-12-18,Plumas,063,18699,421,336,8,344,0
2020-12-18,Riverside,065,2383286,159031,142375,6148,148523,1733
2020-12-18,Sacramento,067,1510023,59123,53980,471,54451,736
2020-12-18,San Benito,069,59416,3120,2744,23,2767,21
2020-12-18,San Bernardino,071,2135413,173677,154272,4431,158703,1430
2020-12-18,San Diego,073,3302833,136753,120463,5929,126392,1253
2020-12-18,San Francisco,075,870044,21609,20315,189,20504,173
2020-12-18,San Joaquin,077,732212,41119,36484,1180,37664,559
2020-12-18,San Luis Obispo,079,281455,9532,8598,212,8810,62
2020-12-18,San Mateo,081,765935,22635,19971,60,20031,182
2020-12-18,Santa Barbara,083,443738,16423,14361,384,14745,148
2020-12-18,Santa Clara,085,1922200,61754,53992,229,54221,539
2020-12-18,Santa Cruz,087,273765,7980,6838,226,7064,68
2020-12-18,Shasta,089,179085,7597,7114,577,7691,62
2020-12-18,Sierra,091,2930,24,23,0,23,0
2020-12-18,Siskiyou,093,43540,947,840,86,926,2
2020-12-18,Solano,095,438530,16784,14667,155,14822,95
2020-12-18,Sonoma,097,501317,17516,16261,99,16360,173
2020-12-18,Stanislaus,099,539301,31777,28967,2627,31594,490
2020-12-18,Sutter,101,95872,5902,5399,42,5441,39
2020-12-18,Tehama,103,63373,2706,2523,211,2734,9
2020-12-18,Trinity,105,12862,391,215,48,263,2
2020-12-18,Tulare,107,460477,30823,28322,3102,31424,370
2020-12-18,Tuolumne,109,53932,2550,2067,7,2074,12
2020-12-18,Ventura,111,848112,34417,29907,1319,31226,209
2020-12-18,Yolo,113,214977,7716,6901,47,6948,109
2020-12-18,Yuba,115,75493,3440,3097,34,3131,11
2020-12-17,Alameda,001,1643700,45902,41548,739,42287,508
2020-12-17,Alpine,003,1148,66,64,0,64,0
2020-12-17,Amador,005,37829,2078,1703,13,1716,19
2020-12-17,Butte,007,227075,6614,5746,643,6389,78
2020-12-17,Calaveras,009,45235,958,848,0,848,21
2020-12-17,Colusa,011,21464,1155,1053,48,1101,7
2020-12-17,Contra Costa,013,1133247,35904,33006,362,33368,293
2020-12-17,Del Norte,015,27424,676,583,0,583,1
2020-12-17,El Dorado,017,186661,5244,4327,185,4512,9
2020-12-17,Fresno,019,978130,61038,49918,3591,53509,597
2020-12-17,Glenn,021,27897,1359,1244,185,1429,9
2020-12-17,Humboldt,023,135768,1482,1322,6,1328,14
2020-12-17,Imperial,025,180216,21467,20208,785,20993,391
2020-12-17,Inyo,027,18085,539,450,16,466,16
2020-12-17,Kern,029,883053,58910,53683,3736,57419,526
2020-12-17,Kings,031,150075,15109,14057,436,14493,98
2020-12-17,Lake,033,64148,1617,1374,1,1375,20
2020-12-17,Lassen,035,31185,3886,3417,36,3453,1
2020-12-17,Los Angeles,037,10098052,641534,571093,15270,586363,8657
2020-12-17,Madera,039,155013,9450,8465,323,8788,62
2020-12-17,Marin,041,260295,9171,8721,57,8778,142
2020-12-17,Mariposa,043,17540,200,172,3,175,3
2020-12-17,Mendocino,045,87422,2163,1942,19,1961,23
2020-12-17,Merced,047,269075,17022,15648,256,15904,192
2020-12-17,Modoc,049,8938,215,179,66,245,0
2020-12-17,Mono,051,14174,799,718,12,730,3
2020-12-17,Monterey,053,433212,24087,21951,566,22517,163
2020-12-17,Napa,055,140530,5130,4612,24,4636,23
2020-12-17,Nevada,057,99092,2436,2173,74,2247,13
2020-12-17,Orange,059,3164182,135242,118367,4809,123176,1725
2020-12-17,Placer,061,380077,12498,10756,418,11174,99
2020-12-17,Plumas,063,18699,412,324,8,332,0
2020-12-17,Riverside,065,2383286,155159,139325,5931,145256,1696
2020-12-17,Sacramento,067,1510023,58218,53189,448,53637,721
2020-12-17,San Benito,069,59416,3051,2645,22,2667,20
2020-12-17,San Bernardino,071,2135413,169747,149838,4313,154151,1425
2020-12-17,San Diego,073,3302833,133953,116852,5773,122625,1239
2020-12-17,San Francisco,075,870044,21322,19939,184,20123,170
2020-12-17,San Joaquin,077,732212,40390,35894,1143,37037,554
2020-12-17,San Luis Obispo,079,281455,9412,8365,210,8575,59
2020-12-17,San Mateo,081,765935,22263,19647,60,19707,181
2020-12-17,Santa Barbara,083,443738,16189,14207,377,14584,147
2020-12-17,Santa Clara,085,1922200,60586,52559,223,52782,527
2020-12-17,Santa Cruz,087,273765,7824,6687,211,6898,64
2020-12-17,Shasta,089,179085,7520,7000,558,7558,62
2020-12-17,Sierra,091,2930,23,23,0,23,0
2020-12-17,Siskiyou,093,43540,940,827,85,912,2
2020-12-17,Solano,095,438530,16478,14361,153,14514,96
2020-12-17,Sonoma,097,501317,17244,15993,98,16091,171
2020-12-17,Stanislaus,099,539301,31352,28582,2568,31150,489
2020-12-17,Sutter,101,95872,5803,5309,41,5350,39
2020-12-17,Tehama,103,63373,2658,2480,205,2685,9
2020-12-17,Trinity,105,12862,386,213,48,261,2
2020-12-17,Tulare,107,460477,30429,27852,3023,30875,358
2020-12-17,Tuolumne,109,53932,2239,1992,7,1999,11
2020-12-17,Ventura,111,848112,33807,29404,1282,30686,208
2020-12-17,Yolo,113,214977,7592,6800,46,6846,105
2020-12-17,Yuba,115,75493,3381,3035,32,3067,12
2020-12-16,Alameda,001,1643700,45046,40751,712,41463,497
2020-12-16,Alpine,003,1148,66,64,0,64,0
2020-12-16,Amador,005,37829,2031,1693,12,1705,19
2020-12-16,Butte,007,227075,6425,5659,613,6272,76
2020-12-16,Calaveras,009,45235,923,821,0,821,21
2020-12-16,Colusa,011,21464,1142,1038,43,1081,7
2020-12-16,Contra Costa,013,1133247,35346,32429,340,32769,293
2020-12-16,Del Norte,015,27424,674,575,0,575,1
2020-12-16,El Dorado,017,186661,5122,4237,175,4412,9
2020-12-16,Fresno,019,978130,60081,49173,3491,52664,584
2020-12-16,Glenn,021,27897,1341,1236,174,1410,9
2020-12-16,Humboldt,023,135768,1450,1308,5,1313,12
2020-12-16,Imperial,025,180216,21283,19980,718,20698,388
2020-12-16,Inyo,027,18085,526,444,16,460,16
2020-12-16,Kern,029,883053,58033,52896,3603,56499,522
2020-12-16,Kings,031,150075,14929,13734,419,14153,99
2020-12-16,Lake,033,64148,1577,1363,1,1364,20
2020-12-16,Lassen,035,31185,3853,3396,35,3431,1
2020-12-16,Los Angeles,037,10098052,625026,557907,14586,572493,8561
2020-12-16,Madera,039,155013,9325,8278,315,8593,62
2020-12-16,Marin,041,260295,9101,8641,57,8698,142
2020-12-16,Mariposa,043,17540,197,175,3,178,3
2020-12-16,Mendocino,045,87422,2128,1929,19,1948,23
2020-12-16,Merced,047,269075,16736,15443,252,15695,190
2020-12-16,Modoc,049,8938,212,178,66,244,0
2020-12-16,Mono,051,14174,781,702,12,714,3
2020-12-16,Monterey,053,433212,23530,21107,555,21662,163
2020-12-16,Napa,055,140530,5033,4544,24,4568,23
2020-12-16,Nevada,057,99092,2400,2149,72,2221,13
2020-12-16,Orange,059,3164182,131758,115260,4640,119900,1712
2020-12-16,Placer,061,380077,12260,10554,397,10951,96
2020-12-16,Plumas,063,18699,403,319,8,327,0
2020-12-16,Riverside,065,2383286,151038,135751,5682,141433,1664
2020-12-16,Sacramento,067,1510023,57246,52166,423,52589,715
2020-12-16,San Benito,069,59416,2960,2582,22,2604,20
2020-12-16,San Bernardino,071,2135413,165142,143565,4178,147743,1403
2020-12-16,San Diego,073,3302833,130849,114248,5619,119867,1217
2020-12-16,San Francisco,075,870044,21063,19624,184,19808,170
2020-12-16,San Joaquin,077,732212,39565,35010,1103,36113,547
2020-12-16,San Luis Obispo,079,281455,9217,8252,201,8453,58
2020-12-16,San Mateo,081,765935,21937,19292,56,19348,179
2020-12-16,Santa Barbara,083,443738,15946,13966,365,14331,144
2020-12-16,Santa Clara,085,1922200,59345,51502,220,51722,523
2020-12-16,Santa Cruz,087,273765,7640,6536,199,6735,63
2020-12-16,Shasta,089,179085,7447,6914,536,7450,62
2020-12-16,Sierra,091,2930,23,23,0,23,0
2020-12-16,Siskiyou,093,43540,932,818,85,903,2
2020-12-16,Solano,095,438530,16012,14157,149,14306,96
2020-12-16,Sonoma,097,501317,16988,15768,98,15866,170
2020-12-16,Stanislaus,099,539301,30848,28279,2495,30774,489
2020-12-16,Sutter,101,95872,5723,5223,41,5264,39
2020-12-16,Tehama,103,63373,2627,2441,179,2620,9
2020-12-16,Trinity,105,12862,380,212,48,260,2
2020-12-16,Tulare,107,460477,30007,27500,2923,30423,352
2020-12-16,Tuolumne,109,53932,2193,1941,7,1948,11
2020-12-16,Ventura,111,848112,33033,28566,1238,29804,203
2020-12-16,Yolo,113,214977,7463,6649,45,6694,103
2020-12-16,Yuba,115,75493,3294,2980,31,3011,11
2020-12-15,Alameda,001,1643700,44190,40026,689,40715,492
2020-12-15,Alpine,003,1148,66,64,0,64,0
2020-12-15,Amador,005,37829,1918,1669,10,1679,19
2020-12-15,Butte,007,227075,6287,5565,584,6149,75
2020-12-15,Calaveras,009,45235,891,799,0,799,21
2020-12-15,Colusa,011,21464,1129,1026,42,1068,7
2020-12-15,Contra Costa,013,1133247,34691,31423,326,31749,281
2020-12-15,Del Norte,015,27424,663,564,0,564,1
2020-12-15,El Dorado,017,186661,5014,4113,161,4274,9
2020-12-15,Fresno,019,978130,58707,47316,3355,50671,574
2020-12-15,Glenn,021,27897,1328,1207,157,1364,9
2020-12-15,Humboldt,023,135768,1430,1276,5,1281,12
2020-12-15,Imperial,025,180216,21064,19756,638,20394,380
2020-12-15,Inyo,027,18085,513,394,15,409,16
2020-12-15,Kern,029,883053,57021,52002,3500,55502,511
2020-12-15,Kings,031,150075,14765,13652,400,14052,97
2020-12-15,Lake,033,64148,1552,1341,1,1342,21
2020-12-15,Lassen,035,31185,3681,3378,34,3412,1
2020-12-15,Los Angeles,037,10098052,608672,536258,13950,550208,8429
2020-12-15,Madera,039,155013,9171,8118,308,8426,60
2020-12-15,Marin,041,260295,8995,8528,55,8583,141
2020-12-15,Mariposa,043,17540,193,171,3,174,3
2020-12-15,Mendocino,045,87422,2101,1883,19,1902,24
2020-12-15,Merced,047,269075,16441,15120,248,15368,190
2020-12-15,Modoc,049,8938,210,179,66,245,0
2020-12-15,Mono,051,14174,765,702,12,714,3
2020-12-15,Monterey,053,433212,22931,19905,493,20398,161
2020-12-15,Napa,055,140530,4929,4440,24,4464,23
2020-12-15,Nevada,057,99092,2367,2117,70,2187,11
2020-12-15,Orange,059,3164182,128097,112893,4486,117379,1689
2020-12-15,Placer,061,380077,12026,10301,375,10676,95
2020-12-15,Plumas,063,18699,398,313,8,321,0
2020-12-15,Riverside,065,2383286,146979,131822,5401,137223,1624
2020-12-15,Sacramento,067,1510023,56230,51076,410,51486,703
2020-12-15,San Benito,069,59416,2880,2520,21,2541,19
2020-12-15,San Bernardino,071,2135413,160685,137548,4024,141572,1351
2020-12-15,San Diego,073,3302833,127283,111441,5457,116898,1194
2020-12-15,San Francisco,075,870044,20754,19283,181,19464,171
2020-12-15,San Joaquin,077,732212,38642,33849,1066,34915,537
2020-12-15,San Luis Obispo,079,281455,9108,8074,198,8272,55
2020-12-15,San Mateo,081,765935,21527,18907,54,18961,178
2020-12-15,Santa Barbara,083,443738,15725,13782,357,14139,144
2020-12-15,Santa Clara,085,1922200,57908,50311,217,50528,505
2020-12-15,Santa Cruz,087,273765,7456,6361,184,6545,59
2020-12-15,Shasta,089,179085,7389,6794,511,7305,54
2020-12-15,Sierra,091,2930,23,23,0,23,0
2020-12-15,Siskiyou,093,43540,923,812,84,896,2
2020-12-15,Solano,095,438530,15662,13796,149,13945,95
2020-12-15,Sonoma,097,501317,16767,15406,98,15504,167
2020-12-15,Stanislaus,099,539301,30336,27823,2414,30237,485
2020-12-15,Sutter,101,95872,5625,5080,40,5120,36
2020-12-15,Tehama,103,63373,2590,2392,174,2566,9
2020-12-15,Trinity,105,12862,372,213,46,259,1
2020-12-15,Tulare,107,460477,29518,27026,2833,29859,342
2020-12-15,Tuolumne,109,53932,2162,1874,7,1881,8
2020-12-15,Ventura,111,848112,32411,27936,1190,29126,201
2020-12-15,Yolo,113,214977,7340,6531,43,6574,104
2020-12-15,Yuba,115,75493,3200,2891,30,2921,11
2020-12-14,Alameda,001,1643700,43296,39252,669,39921,487
2020-12-14,Alpine,003,1148,66,63,0,63,0
2020-12-14,Amador,005,37829,1846,1609,10,1619,19
2020-12-14,Butte,007,227075,6119,5202,567,5769,75
2020-12-14,Calaveras,009,45235,853,718,0,718,21
2020-12-14,Colusa,011,21464,1105,949,41,990,7
2020-12-14,Contra Costa,013,1133247,33993,30594,312,30906,281
2020-12-14,Del Norte,015,27424,657,560,0,560,1
2020-12-14,El Dorado,017,186661,4858,4018,145,4163,9
2020-12-14,Fresno,019,978130,57683,44726,3174,47900,560
2020-12-14,Glenn,021,27897,1302,1186,149,1335,9
2020-12-14,Humboldt,023,135768,1417,1256,5,1261,9
2020-12-14,Imperial,025,180216,20826,19608,559,20167,379
2020-12-14,Inyo,027,18085,499,382,15,397,16
2020-12-14,Kern,029,883053,55985,50538,3379,53917,510
2020-12-14,Kings,031,150075,14580,13491,372,13863,97
2020-12-14,Lake,033,64148,1503,1301,1,1302,21
2020-12-14,Lassen,035,31185,3582,2905,31,2936,1
2020-12-14,Los Angeles,037,10098052,591070,524668,13308,537976,8340
2020-12-14,Madera,039,155013,8904,8011,299,8310,60
2020-12-14,Marin,041,260295,8913,8475,53,8528,141
2020-12-14,Mariposa,043,17540,192,171,2,173,3
2020-12-14,Mendocino,045,87422,2080,1845,19,1864,24
2020-12-14,Merced,047,269075,16035,14572,234,14806,189
2020-12-14,Modoc,049,8938,204,180,64,244,0
2020-12-14,Mono,051,14174,757,685,12,697,3
2020-12-14,Monterey,053,433212,22411,19154,487,19641,155
2020-12-14,Napa,055,140530,4836,4289,24,4313,22
2020-12-14,Nevada,057,99092,2328,2070,67,2137,11
2020-12-14,Orange,059,3164182,124205,108602,4350,112952,1688
2020-12-14,Placer,061,380077,11745,9551,364,9915,95
2020-12-14,Plumas,063,18699,386,309,8,317,0
2020-12-14,Riverside,065,2383286,142854,123715,5139,128854,1588
2020-12-14,Sacramento,067,1510023,55122,50304,385,50689,691
2020-12-14,San Benito,069,59416,2814,2467,20,2487,19
2020-12-14,San Bernardino,071,2135413,156241,129151,3895,133046,1347
2020-12-14,San Diego,073,3302833,123547,109578,5272,114850,1162
2020-12-14,San Francisco,075,870044,20378,18904,179,19083,171
2020-12-14,San Joaquin,077,732212,37797,32522,1020,33542,534
2020-12-14,San Luis Obispo,079,281455,8860,7791,194,7985,52
2020-12-14,San Mateo,081,765935,21028,18361,51,18412,178
2020-12-14,Santa Barbara,083,443738,15454,13587,349,13936,144
2020-12-14,Santa Clara,085,1922200,56348,49180,205,49385,502
2020-12-14,Santa Cruz,087,273765,7270,6049,169,6218,54
2020-12-14,Shasta,089,179085,7300,6665,492,7157,54
2020-12-14,Sierra,091,2930,23,21,0,21,0
2020-12-14,Siskiyou,093,43540,900,764,78,842,2
2020-12-14,Solano,095,438530,15300,13352,148,13500,93
2020-12-14,Sonoma,097,501317,16460,14807,97,14904,167
2020-12-14,Stanislaus,099,539301,29803,27311,2366,29677,485
2020-12-14,Sutter,101,95872,5520,5001,33,5034,35
2020-12-14,Tehama,103,63373,2546,2344,171,2515,9
2020-12-14,Trinity,105,12862,368,205,44,249,1
2020-12-14,Tulare,107,460477,29045,25735,2742,28477,341
2020-12-14,Tuolumne,109,53932,2105,1647,7,1654,8
2020-12-14,Ventura,111,848112,31488,27436,1131,28567,202
2020-12-14,Yolo,113,214977,7180,6389,42,6431,95
2020-12-14,Yuba,115,75493,3138,2851,30,2881,11
2020-12-13,Alameda,001,1643700,42105,38064,642,38706,486
2020-12-13,Alpine,003,1148,66,63,0,63,0
2020-12-13,Amador,005,37829,1790,1457,9,1466,19
2020-12-13,Butte,007,227075,5970,5103,524,5627,75
2020-12-13,Calaveras,009,45235,817,710,0,710,21
2020-12-13,Colusa,011,21464,1089,945,37,982,7
2020-12-13,Contra Costa,013,1133247,33265,29667,306,29973,281
2020-12-13,Del Norte,015,27424,604,542,0,542,1
2020-12-13,El Dorado,017,186661,4757,3770,134,3904,9
2020-12-13,Fresno,019,978130,56578,44114,3013,47127,559
2020-12-13,Glenn,021,27897,1289,1171,138,1309,9
2020-12-13,Humboldt,023,135768,1394,1238,4,1242,9
2020-12-13,Imperial,025,180216,20533,19472,430,19902,379
2020-12-13,Inyo,027,18085,478,380,15,395,16
2020-12-13,Kern,029,883053,54959,49051,3223,52274,510
2020-12-13,Kings,031,150075,14300,13357,354,13711,97
2020-12-13,Lake,033,64148,1460,1271,1,1272,21
2020-12-13,Lassen,035,31185,3475,2867,26,2893,1
2020-12-13,Los Angeles,037,10098052,573484,517472,12598,530070,8294
2020-12-13,Madera,039,155013,8722,7909,285,8194,60
2020-12-13,Marin,041,260295,8793,8409,53,8462,141
2020-12-13,Mariposa,043,17540,188,167,2,169,3
2020-12-13,Mendocino,045,87422,2046,1793,19,1812,24
2020-12-13,Merced,047,269075,15685,14384,231,14615,189
2020-12-13,Modoc,049,8938,192,179,58,237,0
2020-12-13,Mono,051,14174,741,675,12,687,3
2020-12-13,Monterey,053,433212,21989,18913,471,19384,153
2020-12-13,Napa,055,140530,4730,4194,24,4218,22
2020-12-13,Nevada,057,99092,2280,2030,65,2095,11
2020-12-13,Orange,059,3164182,120271,104768,4175,108943,1688
2020-12-13,Placer,061,380077,11432,9405,346,9751,95
2020-12-13,Plumas,063,18699,380,291,8,299,0
2020-12-13,Riverside,065,2383286,138730,119691,4875,124566,1581
2020-12-13,Sacramento,067,1510023,53849,49480,355,49835,682
2020-12-13,San Benito,069,59416,2744,2408,19,2427,19
2020-12-13,San Bernardino,071,2135413,151345,126718,3732,130450,1333
2020-12-13,San Diego,073,3302833,119947,107372,5103,112475,1162
2020-12-13,San Francisco,075,870044,20034,18686,170,18856,167
2020-12-13,San Joaquin,077,732212,36993,32170,979,33149,534
2020-12-13,San Luis Obispo,079,281455,8668,7625,186,7811,52
2020-12-13,San Mateo,081,765935,20537,18090,45,18135,177
2020-12-13,Santa Barbara,083,443738,15184,13249,333,13582,144
2020-12-13,Santa Clara,085,1922200,54922,47920,196,48116,499
2020-12-13,Santa Cruz,087,273765,7021,5986,158,6144,54
2020-12-13,Shasta,089,179085,7226,6647,466,7113,54
2020-12-13,Sierra,091,2930,23,21,0,21,0
2020-12-13,Siskiyou,093,43540,888,762,73,835,2
2020-12-13,Solano,095,438530,14861,13276,145,13421,93
2020-12-13,Sonoma,097,501317,16145,14495,96,14591,167
2020-12-13,Stanislaus,099,539301,29240,26569,2300,28869,485
2020-12-13,Sutter,101,95872,5393,4798,29,4827,34
2020-12-13,Tehama,103,63373,2500,2325,156,2481,9
2020-12-13,Trinity,105,12862,362,204,43,247,1
2020-12-13,Tulare,107,460477,28554,25496,2655,28151,340
2020-12-13,Tuolumne,109,53932,2043,1611,7,1618,8
2020-12-13,Ventura,111,848112,30485,26588,1068,27656,202
2020-12-13,Yolo,113,214977,6996,6265,36,6301,95
2020-12-13,Yuba,115,75493,3073,2754,27,2781,11
2020-12-12,Alameda,001,1643700,41668,37027,622,37649,486
2020-12-12,Alpine,003,1148,66,63,0,63,0
2020-12-12,Amador,005,37829,1762,1236,8,1244,19
2020-12-12,Butte,007,227075,5897,4972,512,5484,73
2020-12-12,Calaveras,009,45235,807,708,0,708,21
2020-12-12,Colusa,011,21464,1069,945,35,980,7
2020-12-12,Contra Costa,013,1133247,32923,29506,296,29802,281
2020-12-12,Del Norte,015,27424,596,529,0,529,1
2020-12-12,El Dorado,017,186661,4682,3706,117,3823,9
2020-12-12,Fresno,019,978130,56225,43756,2952,46708,559
2020-12-12,Glenn,021,27897,1281,1143,134,1277,8
2020-12-12,Humboldt,023,135768,1375,1208,4,1212,9
2020-12-12,Imperial,025,180216,20450,18947,371,19318,379
2020-12-12,Inyo,027,18085,474,380,15,395,16
2020-12-12,Kern,029,883053,54439,48194,3134,51328,507
2020-12-12,Kings,031,150075,14211,13205,349,13554,96
2020-12-12,Lake,033,64148,1444,1232,1,1233,21
2020-12-12,Lassen,035,31185,3452,2866,23,2889,1
2020-12-12,Los Angeles,037,10098052,566694,504317,12086,516403,8269
2020-12-12,Madera,039,155013,8595,7765,282,8047,59
2020-12-12,Marin,041,260295,8739,8363,52,8415,141
2020-12-12,Mariposa,043,17540,187,164,2,166,3
2020-12-12,Mendocino,045,87422,2010,1771,19,1790,24
2020-12-12,Merced,047,269075,15594,14181,227,14408,188
2020-12-12,Modoc,049,8938,191,169,55,224,0
2020-12-12,Mono,051,14174,734,640,12,652,3
2020-12-12,Monterey,053,433212,21879,18596,442,19038,151
2020-12-12,Napa,055,140530,4685,4113,24,4137,22
2020-12-12,Nevada,057,99092,2262,1981,63,2044,10
2020-12-12,Orange,059,3164182,118390,100468,4026,104494,1674
2020-12-12,Placer,061,380077,11268,9390,341,9731,95
2020-12-12,Plumas,063,18699,374,291,8,299,0
2020-12-12,Riverside,065,2383286,136675,118335,4669,123004,1579
2020-12-12,Sacramento,067,1510023,53265,48319,342,48661,673
2020-12-12,San Benito,069,59416,2688,2355,19,2374,19
2020-12-12,San Bernardino,071,2135413,149715,125741,3629,129370,1321
2020-12-12,San Diego,073,3302833,118326,104958,5007,109965,1151
2020-12-12,San Francisco,075,870044,19844,18413,166,18579,167
2020-12-12,San Joaquin,077,732212,36666,32200,948,33148,534
2020-12-12,San Luis Obispo,079,281455,8572,7462,177,7639,50
2020-12-12,San Mateo,081,765935,20316,17574,44,17618,177
2020-12-12,Santa Barbara,083,443738,15032,13174,325,13499,144
2020-12-12,Santa Clara,085,1922200,53971,45892,193,46085,498
2020-12-12,Santa Cruz,087,273765,6923,5905,149,6054,54
2020-12-12,Shasta,089,179085,7191,6551,448,6999,54
2020-12-12,Sierra,091,2930,23,21,0,21,0
2020-12-12,Siskiyou,093,43540,886,762,70,832,2
2020-12-12,Solano,095,438530,14663,12748,138,12886,93
2020-12-12,Sonoma,097,501317,16025,14466,96,14562,166
2020-12-12,Stanislaus,099,539301,28939,26246,2246,28492,483
2020-12-12,Sutter,101,95872,5331,4717,29,4746,32
2020-12-12,Tehama,103,63373,2482,2252,151,2403,9
2020-12-12,Trinity,105,12862,360,204,41,245,1
2020-12-12,Tulare,107,460477,28296,25333,2597,27930,341
2020-12-12,Tuolumne,109,53932,2000,1536,7,1543,8
2020-12-12,Ventura,111,848112,30041,25955,1034,26989,202
2020-12-12,Yolo,113,214977,6914,6116,34,6150,95
2020-12-12,Yuba,115,75493,3046,2692,26,2718,10
2020-12-11,Alameda,001,1643700,41101,36281,610,36891,482
2020-12-11,Alpine,003,1148,66,63,0,63,0
2020-12-11,Amador,005,37829,1746,1213,8,1221,19
2020-12-11,Butte,007,227075,5824,4941,493,5434,73
2020-12-11,Calaveras,009,45235,791,697,0,697,21
2020-12-11,Colusa,011,21464,1059,923,33,956,7
2020-12-11,Contra Costa,013,1133247,32499,29036,292,29328,282
2020-12-11,Del Norte,015,27424,590,505,0,505,1
2020-12-11,El Dorado,017,186661,4601,3669,102,3771,9
2020-12-11,Fresno,019,978130,55212,43071,2884,45955,550
2020-12-11,Glenn,021,27897,1265,1135,129,1264,8
2020-12-11,Humboldt,023,135768,1357,1190,4,1194,9
2020-12-11,Imperial,025,180216,20360,18599,327,18926,377
2020-12-11,Inyo,027,18085,462,372,15,387,16
2020-12-11,Kern,029,883053,53761,47664,3071,50735,502
2020-12-11,Kings,031,150075,14067,13118,344,13462,94
2020-12-11,Lake,033,64148,1431,1205,1,1206,21
2020-12-11,Lassen,035,31185,3440,2790,22,2812,1
2020-12-11,Los Angeles,037,10098052,554900,493592,11673,505265,8198
2020-12-11,Madera,039,155013,8504,7648,272,7920,59
2020-12-11,Marin,041,260295,8646,8317,51,8368,141
2020-12-11,Mariposa,043,17540,186,164,2,166,3
2020-12-11,Mendocino,045,87422,1987,1769,19,1788,24
2020-12-11,Merced,047,269075,15473,14038,219,14257,186
2020-12-11,Modoc,049,8938,191,168,54,222,0
2020-12-11,Mono,051,14174,724,631,12,643,3
2020-12-11,Monterey,053,433212,21578,18421,437,18858,150
2020-12-11,Napa,055,140530,4629,4054,24,4078,22
2020-12-11,Nevada,057,99092,2245,1959,60,2019,10
2020-12-11,Orange,059,3164182,116082,98357,3923,102280,1656
2020-12-11,Placer,061,380077,11106,8904,325,9229,93
2020-12-11,Plumas,063,18699,366,286,8,294,0
2020-12-11,Riverside,065,2383286,133607,115329,4447,119776,1573
2020-12-11,Sacramento,067,1510023,52604,47468,332,47800,669
2020-12-11,San Benito,069,59416,2637,2319,19,2338,19
2020-12-11,San Bernardino,071,2135413,147025,123092,3513,126605,1313
2020-12-11,San Diego,073,3302833,116366,102468,4925,107393,1137
2020-12-11,San Francisco,075,870044,19614,18246,165,18411,165
2020-12-11,San Joaquin,077,732212,36321,32044,920,32964,534
2020-12-11,San Luis Obispo,079,281455,8411,7415,175,7590,49
2020-12-11,San Mateo,081,765935,20045,17240,33,17273,177
2020-12-11,Santa Barbara,083,443738,14888,12997,317,13314,144
2020-12-11,Santa Clara,085,1922200,52966,45101,184,45285,494
2020-12-11,Santa Cruz,087,273765,6810,5764,138,5902,50
2020-12-11,Shasta,089,179085,7146,6459,441,6900,54
2020-12-11,Sierra,091,2930,23,19,0,19,0
2020-12-11,Siskiyou,093,43540,879,753,67,820,2
2020-12-11,Solano,095,438530,14477,12554,134,12688,92
2020-12-11,Sonoma,097,501317,15859,14298,93,14391,166
2020-12-11,Stanislaus,099,539301,28672,25928,2205,28133,464
2020-12-11,Sutter,101,95872,5268,4600,28,4628,30
2020-12-11,Tehama,103,63373,2452,2232,147,2379,9
2020-12-11,Trinity,105,12862,357,204,41,245,1
2020-12-11,Tulare,107,460477,27937,24953,2549,27502,338
2020-12-11,Tuolumne,109,53932,1986,1510,7,1517,8
2020-12-11,Ventura,111,848112,29435,24999,1012,26011,202
2020-12-11,Yolo,113,214977,6809,6006,32,6038,95
2020-12-11,Yuba,115,75493,2986,2649,25,2674,10
2020-12-10,Alameda,001,1643700,40329,35686,588,36274,477
2020-12-10,Alpine,003,1148,66,63,0,63,0
2020-12-10,Amador,005,37829,1689,1191,8,1199,18
2020-12-10,Butte,007,227075,5708,4863,466,5329,72
2020-12-10,Calaveras,009,45235,773,684,0,684,21
2020-12-10,Colusa,011,21464,1036,909,28,937,7
2020-12-10,Contra Costa,013,1133247,31818,28413,286,28699,276
2020-12-10,Del Norte,015,27424,581,501,0,501,1
2020-12-10,El Dorado,017,186661,4483,3557,97,3654,9
2020-12-10,Fresno,019,978130,54230,42461,2740,45201,540
2020-12-10,Glenn,021,27897,1245,1126,120,1246,8
2020-12-10,Humboldt,023,135768,1337,1140,4,1144,9
2020-12-10,Imperial,025,180216,20144,18333,249,18582,370
2020-12-10,Inyo,027,18085,441,365,15,380,15
2020-12-10,Kern,029,883053,52777,47176,2904,50080,499
2020-12-10,Kings,031,150075,13915,12993,338,13331,92
2020-12-10,Lake,033,64148,1390,1167,1,1168,21
2020-12-10,Lassen,035,31185,3418,2764,18,2782,0
2020-12-10,Los Angeles,037,10098052,540951,480354,11144,491498,8149
2020-12-10,Madera,039,155013,8398,7445,257,7702,59
2020-12-10,Marin,041,260295,8599,8245,50,8295,140
2020-12-10,Mariposa,043,17540,185,160,2,162,3
2020-12-10,Mendocino,045,87422,1961,1748,16,1764,24
2020-12-10,Merced,047,269075,15228,13756,216,13972,186
2020-12-10,Modoc,049,8938,186,165,52,217,0
2020-12-10,Mono,051,14174,719,601,12,613,3
2020-12-10,Monterey,053,433212,21098,18266,427,18693,145
2020-12-10,Napa,055,140530,4543,3974,23,3997,22
2020-12-10,Nevada,057,99092,2208,1919,60,1979,10
2020-12-10,Orange,059,3164182,112978,95297,3759,99056,1651
2020-12-10,Placer,061,380077,10853,8906,307,9213,90
2020-12-10,Plumas,063,18699,355,281,8,289,0
2020-12-10,Riverside,065,2383286,129926,112794,4177,116971,1552
2020-12-10,Sacramento,067,1510023,51705,46471,311,46782,664
2020-12-10,San Benito,069,59416,2577,2268,18,2286,19
2020-12-10,San Bernardino,071,2135413,142794,120186,3339,123525,1306
2020-12-10,San Diego,073,3302833,113841,99601,4776,104377,1114
2020-12-10,San Francisco,075,870044,19302,17945,157,18102,164
2020-12-10,San Joaquin,077,732212,35687,31228,890,32118,534
2020-12-10,San Luis Obispo,079,281455,8249,7245,164,7409,49
2020-12-10,San Mateo,081,765935,19600,16701,23,16724,177
2020-12-10,Santa Barbara,083,443738,14710,12788,308,13096,143
2020-12-10,Santa Clara,085,1922200,51828,43939,169,44108,491
2020-12-10,Santa Cruz,087,273765,6644,5645,124,5769,48
2020-12-10,Shasta,089,179085,7078,6312,416,6728,53
2020-12-10,Sierra,091,2930,23,18,0,18,0
2020-12-10,Siskiyou,093,43540,869,712,66,778,2
2020-12-10,Solano,095,438530,14110,12017,128,12145,90
2020-12-10,Sonoma,097,501317,15604,14282,92,14374,167
2020-12-10,Stanislaus,099,539301,28208,25582,2134,27716,464
2020-12-10,Sutter,101,95872,5138,4528,26,4554,27
2020-12-10,Tehama,103,63373,2409,2190,137,2327,9
2020-12-10,Trinity,105,12862,353,202,40,242,1
2020-12-10,Tulare,107,460477,27483,24506,2483,26989,337
2020-12-10,Tuolumne,109,53932,1726,1451,7,1458,8
2020-12-10,Ventura,111,848112,28584,24075,968,25043,202
2020-12-10,Yolo,113,214977,6689,5896,31,5927,95
2020-12-10,Yuba,115,75493,2922,2604,24,2628,10
2020-12-09,Alameda,001,1643700,39486,35047,566,35613,470
2020-12-09,Alpine,003,1148,66,58,0,58,0
2020-12-09,Amador,005,37829,1646,1121,8,1129,19
2020-12-09,Butte,007,227075,5565,4733,445,5178,70
2020-12-09,Calaveras,009,45235,746,670,0,670,21
2020-12-09,Colusa,011,21464,1021,896,27,923,7
2020-12-09,Contra Costa,013,1133247,31112,28308,274,28582,273
2020-12-09,Del Norte,015,27424,568,481,0,481,2
2020-12-09,El Dorado,017,186661,4348,3449,89,3538,8
2020-12-09,Fresno,019,978130,53229,41954,2585,44539,533
2020-12-09,Glenn,021,27897,1231,1107,114,1221,8
2020-12-09,Humboldt,023,135768,1305,1086,4,1090,10
2020-12-09,Imperial,025,180216,19890,17757,212,17969,368
2020-12-09,Inyo,027,18085,428,356,15,371,15
2020-12-09,Kern,029,883053,51618,46379,2761,49140,494
2020-12-09,Kings,031,150075,13770,12716,330,13046,92
2020-12-09,Lake,033,64148,1363,1158,1,1159,20
2020-12-09,Lassen,035,31185,3349,2331,16,2347,0
2020-12-09,Los Angeles,037,10098052,527488,467971,10591,478562,8075
2020-12-09,Madera,039,155013,8285,7216,254,7470,59
2020-12-09,Marin,041,260295,8537,8182,49,8231,138
2020-12-09,Mariposa,043,17540,183,154,2,156,3
2020-12-09,Mendocino,045,87422,1935,1703,15,1718,24
2020-12-09,Merced,047,269075,14989,13588,209,13797,183
2020-12-09,Modoc,049,8938,181,146,43,189,0
2020-12-09,Mono,051,14174,707,601,12,613,3
2020-12-09,Monterey,053,433212,20701,17891,418,18309,143
2020-12-09,Napa,055,140530,4458,3858,22,3880,21
2020-12-09,Nevada,057,99092,2155,1864,60,1924,10
2020-12-09,Orange,059,3164182,109886,93763,3586,97349,1629
2020-12-09,Placer,061,380077,10592,8588,293,8881,85
2020-12-09,Plumas,063,18699,347,271,8,279,0
2020-12-09,Riverside,065,2383286,126234,110376,3972,114348,1543
2020-12-09,Sacramento,067,1510023,50643,45284,282,45566,659
2020-12-09,San Benito,069,59416,2504,2217,16,2233,19
2020-12-09,San Bernardino,071,2135413,138517,114516,3142,117658,1305
2020-12-09,San Diego,073,3302833,110861,97551,4637,102188,1103
2020-12-09,San Francisco,075,870044,19001,17628,156,17784,163
2020-12-09,San Joaquin,077,732212,34868,30539,865,31404,531
2020-12-09,San Luis Obispo,079,281455,8030,7105,156,7261,47
2020-12-09,San Mateo,081,765935,19149,16422,22,16444,175
2020-12-09,Santa Barbara,083,443738,14507,12630,298,12928,142
2020-12-09,Santa Clara,085,1922200,50681,42912,153,43065,489
2020-12-09,Santa Cruz,087,273765,6486,5527,109,5636,47
2020-12-09,Shasta,089,179085,7013,6105,401,6506,52
2020-12-09,Sierra,091,2930,23,18,0,18,0
2020-12-09,Siskiyou,093,43540,858,713,65,778,2
2020-12-09,Solano,095,438530,13762,11862,120,11982,90
2020-12-09,Sonoma,097,501317,15348,13994,89,14083,164
2020-12-09,Stanislaus,099,539301,27710,25157,2072,27229,463
2020-12-09,Sutter,101,95872,5020,4418,22,4440,24
2020-12-09,Tehama,103,63373,2373,2102,133,2235,9
2020-12-09,Trinity,105,12862,345,199,39,238,0
2020-12-09,Tulare,107,460477,26888,24124,2404,26528,334
2020-12-09,Tuolumne,109,53932,1692,1319,7,1326,8
2020-12-09,Ventura,111,848112,27721,23830,925,24755,201
2020-12-09,Yolo,113,214977,6565,5760,29,5789,95
2020-12-09,Yuba,115,75493,2854,2513,23,2536,10
2020-12-08,Alameda,001,1643700,38588,34373,550,34923,469
2020-12-08,Alpine,003,1148,65,53,0,53,0
2020-12-08,Amador,005,37829,1360,1043,8,1051,17
2020-12-08,Butte,007,227075,5406,4651,403,5054,70
2020-12-08,Calaveras,009,45235,721,657,0,657,21
2020-12-08,Colusa,011,21464,1005,875,26,901,6
2020-12-08,Contra Costa,013,1133247,30410,27926,257,28183,270
2020-12-08,Del Norte,015,27424,552,465,0,465,2
2020-12-08,El Dorado,017,186661,4224,3296,76,3372,8
2020-12-08,Fresno,019,978130,51967,41574,2422,43996,529
2020-12-08,Glenn,021,27897,1211,1094,106,1200,8
2020-12-08,Humboldt,023,135768,1279,1059,4,1063,10
2020-12-08,Imperial,025,180216,19373,17568,204,17772,363
2020-12-08,Inyo,027,18085,405,333,15,348,15
2020-12-08,Kern,029,883053,50325,45116,2605,47721,487
2020-12-08,Kings,031,150075,13616,12623,320,12943,90
2020-12-08,Lake,033,64148,1322,1127,1,1128,20
2020-12-08,Lassen,035,31185,3193,2165,16,2181,0
2020-12-08,Los Angeles,037,10098052,514817,459738,10106,469844,8004
2020-12-08,Madera,039,155013,8154,7082,240,7322,59
2020-12-08,Marin,041,260295,8457,8099,48,8147,137
2020-12-08,Mariposa,043,17540,179,150,2,152,2
2020-12-08,Mendocino,045,87422,1893,1666,15,1681,23
2020-12-08,Merced,047,269075,14679,13380,208,13588,181
2020-12-08,Modoc,049,8938,173,138,40,178,0
2020-12-08,Mono,051,14174,693,597,12,609,3
2020-12-08,Monterey,053,433212,20133,17752,411,18163,134
2020-12-08,Napa,055,140530,4370,3778,21,3799,22
2020-12-08,Nevada,057,99092,2101,1809,57,1866,11
2020-12-08,Orange,059,3164182,106658,91406,3421,94827,1629
2020-12-08,Placer,061,380077,10324,8224,288,8512,82
2020-12-08,Plumas,063,18699,337,258,8,266,0
2020-12-08,Riverside,065,2383286,122873,107620,3792,111412,1514
2020-12-08,Sacramento,067,1510023,49579,44635,266,44901,649
2020-12-08,San Benito,069,59416,2451,2180,16,2196,18
2020-12-08,San Bernardino,071,2135413,134167,110676,3016,113692,1301
2020-12-08,San Diego,073,3302833,107490,95447,4480,99927,1088
2020-12-08,San Francisco,075,870044,18690,17384,154,17538,162
2020-12-08,San Joaquin,077,732212,33975,30225,832,31057,530
2020-12-08,San Luis Obispo,079,281455,7901,6903,145,7048,45
2020-12-08,San Mateo,081,765935,18749,16305,22,16327,175
2020-12-08,Santa Barbara,083,443738,14323,12516,288,12804,141
2020-12-08,Santa Clara,085,1922200,49374,41309,144,41453,484
2020-12-08,Santa Cruz,087,273765,6308,5374,107,5481,45
2020-12-08,Shasta,089,179085,6904,5946,393,6339,50
2020-12-08,Sierra,091,2930,22,18,0,18,0
2020-12-08,Siskiyou,093,43540,844,704,63,767,2
2020-12-08,Solano,095,438530,13360,11669,118,11787,89
2020-12-08,Sonoma,097,501317,15089,13601,88,13689,164
2020-12-08,Stanislaus,099,539301,27220,24793,2007,26800,461
2020-12-08,Sutter,101,95872,4924,4342,21,4363,24
2020-12-08,Tehama,103,63373,2293,2057,125,2182,9
2020-12-08,Trinity,105,12862,336,198,38,236,0
2020-12-08,Tulare,107,460477,26284,23607,2339,25946,330
2020-12-08,Tuolumne,109,53932,1668,1264,7,1271,7
2020-12-08,Ventura,111,848112,27058,23665,882,24547,195
2020-12-08,Yolo,113,214977,6434,5560,29,5589,90
2020-12-08,Yuba,115,75493,2777,2477,23,2500,10
2020-12-07,Alameda,001,1643700,37721,33887,515,34402,466
2020-12-07,Alpine,003,1148,64,53,0,53,0
2020-12-07,Amador,005,37829,1285,993,7,1000,17
2020-12-07,Butte,007,227075,5270,4604,380,4984,67
2020-12-07,Calaveras,009,45235,689,606,0,606,21
2020-12-07,Colusa,011,21464,980,825,24,849,6
2020-12-07,Contra Costa,013,1133247,29796,27307,244,27551,270
2020-12-07,Del Norte,015,27424,540,424,0,424,2
2020-12-07,El Dorado,017,186661,4044,3275,69,3344,8
2020-12-07,Fresno,019,978130,50492,41098,2298,43396,526
2020-12-07,Glenn,021,27897,1192,1085,100,1185,8
2020-12-07,Humboldt,023,135768,1244,1023,4,1027,9
2020-12-07,Imperial,025,180216,18951,17234,192,17426,364
2020-12-07,Inyo,027,18085,390,333,14,347,15
2020-12-07,Kern,029,883053,49301,44409,2467,46876,486
2020-12-07,Kings,031,150075,13473,12412,310,12722,90
2020-12-07,Lake,033,64148,1293,1090,1,1091,20
2020-12-07,Lassen,035,31185,3096,2167,16,2183,0
2020-12-07,Los Angeles,037,10098052,501166,451052,9662,460714,7937
2020-12-07,Madera,039,155013,7889,6935,234,7169,59
2020-12-07,Marin,041,260295,8399,8049,47,8096,136
2020-12-07,Mariposa,043,17540,176,146,2,148,2
2020-12-07,Mendocino,045,87422,1857,1638,13,1651,23
2020-12-07,Merced,047,269075,14320,13250,198,13448,179
2020-12-07,Modoc,049,8938,166,128,37,165,0
2020-12-07,Mono,051,14174,680,590,12,602,3
2020-12-07,Monterey,053,433212,19652,17746,399,18145,132
2020-12-07,Napa,055,140530,4279,3684,21,3705,21
2020-12-07,Nevada,057,99092,2052,1777,56,1833,11
2020-12-07,Orange,059,3164182,103395,89793,3302,93095,1628
2020-12-07,Placer,061,380077,9997,7911,274,8185,82
2020-12-07,Plumas,063,18699,325,256,5,261,0
2020-12-07,Riverside,065,2383286,119673,102363,3611,105974,1491
2020-12-07,Sacramento,067,1510023,48483,43419,248,43667,638
2020-12-07,San Benito,069,59416,2400,2165,15,2180,18
2020-12-07,San Bernardino,071,2135413,130220,108161,2896,111057,1295
2020-12-07,San Diego,073,3302833,104701,94171,4299,98470,1062
2020-12-07,San Francisco,075,870044,18399,17220,146,17366,161
2020-12-07,San Joaquin,077,732212,33100,28188,805,28993,530
2020-12-07,San Luis Obispo,079,281455,7719,6782,138,6920,45
2020-12-07,San Mateo,081,765935,18308,16029,21,16050,175
2020-12-07,Santa Barbara,083,443738,14080,12362,277,12639,141
2020-12-07,Santa Clara,085,1922200,47987,40621,135,40756,484
2020-12-07,Santa Cruz,087,273765,6142,5152,101,5253,41
2020-12-07,Shasta,089,179085,6780,5742,378,6120,50
2020-12-07,Sierra,091,2930,20,18,0,18,0
2020-12-07,Siskiyou,093,43540,817,652,63,715,2
2020-12-07,Solano,095,438530,13020,11354,114,11468,89
2020-12-07,Sonoma,097,501317,14804,13376,88,13464,164
2020-12-07,Stanislaus,099,539301,26659,24479,1955,26434,454
2020-12-07,Sutter,101,95872,4783,4106,21,4127,24
2020-12-07,Tehama,103,63373,2239,2030,120,2150,9
2020-12-07,Trinity,105,12862,332,194,38,232,0
2020-12-07,Tulare,107,460477,25749,22760,2282,25042,328
2020-12-07,Tuolumne,109,53932,1582,1256,6,1262,7
2020-12-07,Ventura,111,848112,26471,23354,846,24200,191
2020-12-07,Yolo,113,214977,6270,5537,28,5565,90
2020-12-07,Yuba,115,75493,2709,2428,21,2449,10
2020-12-06,Alameda,001,1643700,36745,33477,495,33972,465
2020-12-06,Alpine,003,1148,60,53,0,53,0
2020-12-06,Amador,005,37829,1222,952,6,958,17
2020-12-06,Butte,007,227075,5117,4527,346,4873,67
2020-12-06,Calaveras,009,45235,670,606,0,606,21
2020-12-06,Colusa,011,21464,963,824,21,845,6
2020-12-06,Contra Costa,013,1133247,29190,26566,237,26803,270
2020-12-06,Del Norte,015,27424,486,414,0,414,2
2020-12-06,El Dorado,017,186661,3907,3086,64,3150,8
2020-12-06,Fresno,019,978130,49537,40869,2180,43049,526
2020-12-06,Glenn,021,27897,1182,1067,96,1163,8
2020-12-06,Humboldt,023,135768,1219,1004,4,1008,9
2020-12-06,Imperial,025,180216,18641,16922,183,17105,364
2020-12-06,Inyo,027,18085,377,333,14,347,15
2020-12-06,Kern,029,883053,48312,43899,2296,46195,486
2020-12-06,Kings,031,150075,13203,12056,293,12349,90
2020-12-06,Lake,033,64148,1255,1075,1,1076,20
2020-12-06,Lassen,035,31185,2992,2168,14,2182,0
2020-12-06,Los Angeles,037,10098052,487586,443230,9217,452447,7910
2020-12-06,Madera,039,155013,7718,6826,226,7052,59
2020-12-06,Marin,041,260295,8319,8013,45,8058,136
2020-12-06,Mariposa,043,17540,175,144,2,146,2
2020-12-06,Mendocino,045,87422,1817,1614,13,1627,23
2020-12-06,Merced,047,269075,13985,12928,189,13117,179
2020-12-06,Modoc,049,8938,153,125,29,154,0
2020-12-06,Mono,051,14174,658,586,10,596,3
2020-12-06,Monterey,053,433212,19033,17426,389,17815,130
2020-12-06,Napa,055,140530,4167,3644,21,3665,21
2020-12-06,Nevada,057,99092,1993,1710,53,1763,10
2020-12-06,Orange,059,3164182,100327,87737,3172,90909,1627
2020-12-06,Placer,061,380077,9715,7837,253,8090,82
2020-12-06,Plumas,063,18699,312,254,4,258,0
2020-12-06,Riverside,065,2383286,116588,100088,3388,103476,1482
2020-12-06,Sacramento,067,1510023,47242,42808,232,43040,638
2020-12-06,San Benito,069,59416,2363,2135,15,2150,18
2020-12-06,San Bernardino,071,2135413,126079,106927,2738,109665,1286
2020-12-06,San Diego,073,3302833,101669,92173,4145,96318,1062
2020-12-06,San Francisco,075,870044,18077,17107,138,17245,161
2020-12-06,San Joaquin,077,732212,32265,28188,776,28964,530
2020-12-06,San Luis Obispo,079,281455,7553,6723,134,6857,45
2020-12-06,San Mateo,081,765935,17803,15855,18,15873,175
2020-12-06,Santa Barbara,083,443738,13848,12252,268,12520,141
2020-12-06,Santa Clara,085,1922200,46611,39112,129,39241,482
2020-12-06,Santa Cruz,087,273765,5968,5069,95,5164,40
2020-12-06,Shasta,089,179085,6639,5743,356,6099,49
2020-12-06,Sierra,091,2930,20,17,0,17,0
2020-12-06,Siskiyou,093,43540,799,652,61,713,2
2020-12-06,Solano,095,438530,12733,11354,104,11458,88
2020-12-06,Sonoma,097,501317,14515,13238,87,13325,164
2020-12-06,Stanislaus,099,539301,26107,24036,1890,25926,454
2020-12-06,Sutter,101,95872,4667,4009,20,4029,21
2020-12-06,Tehama,103,63373,2180,1982,111,2093,9
2020-12-06,Trinity,105,12862,325,181,36,217,0
2020-12-06,Tulare,107,460477,25223,22756,2214,24970,327
2020-12-06,Tuolumne,109,53932,1480,1210,6,1216,7
2020-12-06,Ventura,111,848112,25929,23035,819,23854,191
2020-12-06,Yolo,113,214977,6109,5465,23,5488,90
2020-12-06,Yuba,115,75493,2665,2340,20,2360,10
2020-12-05,Alameda,001,1643700,36387,32781,484,33265,465
2020-12-05,Alpine,003,1148,59,53,0,53,0
2020-12-05,Amador,005,37829,1198,847,6,853,17
2020-12-05,Butte,007,227075,5049,4455,327,4782,66
2020-12-05,Calaveras,009,45235,659,606,0,606,21
2020-12-05,Colusa,011,21464,945,825,18,843,6
2020-12-05,Contra Costa,013,1133247,28898,26217,230,26447,270
2020-12-05,Del Norte,015,27424,480,408,0,408,2
2020-12-05,El Dorado,017,186661,3842,3061,59,3120,8
2020-12-05,Fresno,019,978130,49217,40568,2125,42693,525
2020-12-05,Glenn,021,27897,1169,1056,90,1146,8
2020-12-05,Humboldt,023,135768,1186,979,4,983,9
2020-12-05,Imperial,025,180216,18475,16544,181,16725,362
2020-12-05,Inyo,027,18085,372,332,14,346,15
2020-12-05,Kern,029,883053,47850,43332,2208,45540,484
2020-12-05,Kings,031,150075,13124,11898,290,12188,90
2020-12-05,Lake,033,64148,1230,1069,1,1070,20
2020-12-05,Lassen,035,31185,2801,2168,12,2180,0
2020-12-05,Los Angeles,037,10098052,481794,433120,8895,442015,7888
2020-12-05,Madera,039,155013,7625,6619,219,6838,59
2020-12-05,Marin,041,260295,8292,7961,45,8006,136
2020-12-05,Mariposa,043,17540,170,143,2,145,2
2020-12-05,Mendocino,045,87422,1778,1585,13,1598,23
2020-12-05,Merced,047,269075,13878,12747,178,12925,180
2020-12-05,Modoc,049,8938,153,118,28,146,0
2020-12-05,Mono,051,14174,653,554,10,564,3
2020-12-05,Monterey,053,433212,18887,17077,385,17462,127
2020-12-05,Napa,055,140530,4097,3565,21,3586,21
2020-12-05,Nevada,057,99092,1978,1642,51,1693,10
2020-12-05,Orange,059,3164182,98870,85735,3076,88811,1612
2020-12-05,Placer,061,380077,9595,7811,244,8055,78
2020-12-05,Plumas,063,18699,305,246,1,247,0
2020-12-05,Riverside,065,2383286,114976,98612,3210,101822,1477
2020-12-05,Sacramento,067,1510023,46574,41878,217,42095,625
2020-12-05,San Benito,069,59416,2319,2073,15,2088,18
2020-12-05,San Bernardino,071,2135413,124556,105382,2608,107990,1283
2020-12-05,San Diego,073,3302833,100318,90470,4064,94534,1055
2020-12-05,San Francisco,075,870044,17893,16786,134,16920,161
2020-12-05,San Joaquin,077,732212,32001,28105,743,28848,523
2020-12-05,San Luis Obispo,079,281455,7486,6623,131,6754,44
2020-12-05,San Mateo,081,765935,17545,15512,18,15530,175
2020-12-05,Santa Barbara,083,443738,13748,12107,262,12369,141
2020-12-05,Santa Clara,085,1922200,45873,38339,124,38463,474
2020-12-05,Santa Cruz,087,273765,5894,4997,93,5090,40
2020-12-05,Shasta,089,179085,6578,5653,345,5998,49
2020-12-05,Sierra,091,2930,20,17,0,17,0
2020-12-05,Siskiyou,093,43540,791,649,60,709,2
2020-12-05,Solano,095,438530,12564,11351,102,11453,87
2020-12-05,Sonoma,097,501317,14419,13137,87,13224,164
2020-12-05,Stanislaus,099,539301,25796,23662,1855,25517,454
2020-12-05,Sutter,101,95872,4600,3937,20,3957,20
2020-12-05,Tehama,103,63373,2164,1926,109,2035,9
2020-12-05,Trinity,105,12862,324,177,36,213,0
2020-12-05,Tulare,107,460477,25007,22660,2155,24815,324
2020-12-05,Tuolumne,109,53932,1421,1180,6,1186,7
2020-12-05,Ventura,111,848112,25558,22710,805,23515,191
2020-12-05,Yolo,113,214977,6032,5351,22,5373,90
2020-12-05,Yuba,115,75493,2628,2275,20,2295,10
2020-12-04,Alameda,001,1643700,35838,31871,471,32342,465
2020-12-04,Alpine,003,1148,59,53,0,53,0
2020-12-04,Amador,005,37829,1184,766,3,769,16
2020-12-04,Butte,007,227075,4977,4336,306,4642,65
2020-12-04,Calaveras,009,45235,654,585,0,585,21
2020-12-04,Colusa,011,21464,931,790,17,807,6
2020-12-04,Contra Costa,013,1133247,28554,25705,218,25923,264
2020-12-04,Del Norte,015,27424,469,401,0,401,2
2020-12-04,El Dorado,017,186661,3754,2933,56,2989,7
2020-12-04,Fresno,019,978130,48508,40108,2057,42165,522
2020-12-04,Glenn,021,27897,1163,1017,82,1099,8
2020-12-04,Humboldt,023,135768,1168,960,4,964,9
2020-12-04,Imperial,025,180216,18233,16484,181,16665,362
2020-12-04,Inyo,027,18085,364,324,14,338,15
2020-12-04,Kern,029,883053,47299,42497,2104,44601,485
2020-12-04,Kings,031,150075,13031,11767,284,12051,88
2020-12-04,Lake,033,64148,1202,1018,1,1019,20
2020-12-04,Lassen,035,31185,2794,2167,10,2177,0
2020-12-04,Los Angeles,037,10098052,473184,424164,8595,432759,7845
2020-12-04,Madera,039,155013,7534,6479,216,6695,58
2020-12-04,Marin,041,260295,8241,7896,43,7939,136
2020-12-04,Mariposa,043,17540,170,136,2,138,2
2020-12-04,Mendocino,045,87422,1759,1563,12,1575,23
2020-12-04,Merced,047,269075,13763,12474,170,12644,177
2020-12-04,Modoc,049,8938,153,115,28,143,0
2020-12-04,Mono,051,14174,648,549,10,559,3
2020-12-04,Monterey,053,433212,18682,16737,376,17113,127
2020-12-04,Napa,055,140530,4044,3432,21,3453,19
2020-12-04,Nevada,057,99092,1953,1560,48,1608,10
2020-12-04,Orange,059,3164182,96948,83738,3011,86749,1597
2020-12-04,Placer,061,380077,9469,7461,230,7691,76
2020-12-04,Plumas,063,18699,298,232,0,232,0
2020-12-04,Riverside,065,2383286,112779,95255,3053,98308,1475
2020-12-04,Sacramento,067,1510023,45809,41061,200,41261,618
2020-12-04,San Benito,069,59416,2286,2006,15,2021,17
2020-12-04,San Bernardino,071,2135413,122285,102418,2500,104918,1290
2020-12-04,San Diego,073,3302833,98835,88183,3977,92160,1047
2020-12-04,San Francisco,075,870044,17702,16499,134,16633,161
2020-12-04,San Joaquin,077,732212,31564,27806,706,28512,522
2020-12-04,San Luis Obispo,079,281455,7401,6473,128,6601,42
2020-12-04,San Mateo,081,765935,17257,15112,17,15129,173
2020-12-04,Santa Barbara,083,443738,13641,11947,255,12202,141
2020-12-04,Santa Clara,085,1922200,44953,37465,118,37583,468
2020-12-04,Santa Cruz,087,273765,5807,4985,91,5076,32
2020-12-04,Shasta,089,179085,6490,5439,335,5774,49
2020-12-04,Sierra,091,2930,19,17,0,17,0
2020-12-04,Siskiyou,093,43540,784,639,57,696,2
2020-12-04,Solano,095,438530,12418,11037,99,11136,87
2020-12-04,Sonoma,097,501317,14271,12962,86,13048,164
2020-12-04,Stanislaus,099,539301,25526,23206,1809,25015,448
2020-12-04,Sutter,101,95872,4527,3791,15,3806,20
2020-12-04,Tehama,103,63373,2124,1876,104,1980,9
2020-12-04,Trinity,105,12862,322,172,36,208,0
2020-12-04,Tulare,107,460477,24724,22273,2080,24353,322
2020-12-04,Tuolumne,109,53932,1390,1134,6,1140,7
2020-12-04,Ventura,111,848112,25181,22024,788,22812,189
2020-12-04,Yolo,113,214977,5958,5294,21,5315,87
2020-12-04,Yuba,115,75493,2585,2225,19,2244,10
2020-12-03,Alameda,001,1643700,35077,31184,452,31636,465
2020-12-03,Alpine,003,1148,58,53,0,53,0
2020-12-03,Amador,005,37829,1133,653,3,656,16
2020-12-03,Butte,007,227075,4881,4305,287,4592,65
2020-12-03,Calaveras,009,45235,635,572,0,572,21
2020-12-03,Colusa,011,21464,918,774,17,791,6
2020-12-03,Contra Costa,013,1133247,28053,25464,211,25675,265
2020-12-03,Del Norte,015,27424,465,388,0,388,2
2020-12-03,El Dorado,017,186661,3628,2740,54,2794,6
2020-12-03,Fresno,019,978130,47755,39680,1986,41666,516
2020-12-03,Glenn,021,27897,1145,997,74,1071,8
2020-12-03,Humboldt,023,135768,1138,923,4,927,9
2020-12-03,Imperial,025,180216,18027,16436,170,16606,359
2020-12-03,Inyo,027,18085,361,321,14,335,15
2020-12-03,Kern,029,883053,46452,42062,2003,44065,483
2020-12-03,Kings,031,150075,12931,11658,272,11930,87
2020-12-03,Lake,033,64148,1187,991,1,992,20
2020-12-03,Lassen,035,31185,2754,2128,9,2137,0
2020-12-03,Los Angeles,037,10098052,463092,415805,8230,424035,7787
2020-12-03,Madera,039,155013,7411,6398,211,6609,58
2020-12-03,Marin,041,260295,8181,7861,39,7900,136
2020-12-03,Mariposa,043,17540,166,132,2,134,2
2020-12-03,Mendocino,045,87422,1742,1547,9,1556,23
2020-12-03,Merced,047,269075,13518,12310,162,12472,177
2020-12-03,Modoc,049,8938,151,114,28,142,0
2020-12-03,Mono,051,14174,626,527,10,537,3
2020-12-03,Monterey,053,433212,18220,16218,365,16583,125
2020-12-03,Napa,055,140530,3931,3360,21,3381,19
2020-12-03,Nevada,057,99092,1875,1472,47,1519,10
2020-12-03,Orange,059,3164182,94412,82187,2941,85128,1591
2020-12-03,Placer,061,380077,9269,7270,214,7484,73
2020-12-03,Plumas,063,18699,284,223,0,223,0
2020-12-03,Riverside,065,2383286,110019,92489,2887,95376,1461
2020-12-03,Sacramento,067,1510023,44748,40280,185,40465,614
2020-12-03,San Benito,069,59416,2240,1967,15,1982,16
2020-12-03,San Bernardino,071,2135413,118962,100787,2415,103202,1283
2020-12-03,San Diego,073,3302833,97020,86144,3859,90003,1040
2020-12-03,San Francisco,075,870044,17480,16236,133,16369,161
2020-12-03,San Joaquin,077,732212,30842,27239,659,27898,522
2020-12-03,San Luis Obispo,079,281455,7233,6388,127,6515,42
2020-12-03,San Mateo,081,765935,16905,14909,17,14926,173
2020-12-03,Santa Barbara,083,443738,13513,11829,249,12078,141
2020-12-03,Santa Clara,085,1922200,43757,36621,112,36733,465
2020-12-03,Santa Cruz,087,273765,5664,4850,87,4937,28
2020-12-03,Shasta,089,179085,6381,5330,328,5658,48
2020-12-03,Sierra,091,2930,19,17,0,17,0
2020-12-03,Siskiyou,093,43540,769,629,54,683,2
2020-12-03,Solano,095,438530,12204,10857,96,10953,87
2020-12-03,Sonoma,097,501317,14028,12772,85,12857,164
2020-12-03,Stanislaus,099,539301,25117,22821,1760,24581,447
2020-12-03,Sutter,101,95872,4445,3727,14,3741,20
2020-12-03,Tehama,103,63373,2071,1832,95,1927,9
2020-12-03,Trinity,105,12862,319,166,36,202,0
2020-12-03,Tulare,107,460477,24325,21993,1987,23980,321
2020-12-03,Tuolumne,109,53932,1348,1105,6,1111,7
2020-12-03,Ventura,111,848112,24478,21555,774,22329,187
2020-12-03,Yolo,113,214977,5819,5069,21,5090,87
2020-12-03,Yuba,115,75493,2515,2182,18,2200,10
2020-12-02,Alameda,001,1643700,34451,30697,442,31139,463
2020-12-02,Alpine,003,1148,57,52,0,52,0
2020-12-02,Amador,005,37829,1061,585,3,588,16
2020-12-02,Butte,007,227075,4758,4243,277,4520,65
2020-12-02,Calaveras,009,45235,619,553,0,553,21
2020-12-02,Colusa,011,21464,902,756,16,772,6
2020-12-02,Contra Costa,013,1133247,27593,25147,199,25346,264
2020-12-02,Del Norte,015,27424,451,384,0,384,2
2020-12-02,El Dorado,017,186661,3526,2638,49,2687,5
2020-12-02,Fresno,019,978130,46998,39324,1884,41208,507
2020-12-02,Glenn,021,27897,1128,995,66,1061,7
2020-12-02,Humboldt,023,135768,1112,899,4,903,9
2020-12-02,Imperial,025,180216,17603,16360,162,16522,356
2020-12-02,Inyo,027,18085,354,314,14,328,15
2020-12-02,Kern,029,883053,45555,41660,1906,43566,479
2020-12-02,Kings,031,150075,12578,11531,258,11789,86
2020-12-02,Lake,033,64148,1157,971,1,972,20
2020-12-02,Lassen,035,31185,2695,2115,9,2124,0
2020-12-02,Los Angeles,037,10098052,453048,408289,7891,416180,7739
2020-12-02,Madera,039,155013,7287,6370,204,6574,57
2020-12-02,Marin,041,260295,8134,7819,37,7856,136
2020-12-02,Mariposa,043,17540,163,131,2,133,2
2020-12-02,Mendocino,045,87422,1709,1524,9,1533,23
2020-12-02,Merced,047,269075,13275,12168,155,12323,173
2020-12-02,Modoc,049,8938,148,113,28,141,0
2020-12-02,Mono,051,14174,617,520,10,530,3
2020-12-02,Monterey,053,433212,17742,16064,326,16390,121
2020-12-02,Napa,055,140530,3828,3298,20,3318,19
2020-12-02,Nevada,057,99092,1813,1430,46,1476,9
2020-12-02,Orange,059,3164182,92215,81046,2862,83908,1569
2020-12-02,Placer,061,380077,9035,6941,200,7141,73
2020-12-02,Plumas,063,18699,271,218,0,218,0
2020-12-02,Riverside,065,2383286,107300,90089,2705,92794,1451
2020-12-02,Sacramento,067,1510023,43708,39334,173,39507,597
2020-12-02,San Benito,069,59416,2175,1921,15,1936,16
2020-12-02,San Bernardino,071,2135413,115395,98567,2306,100873,1240
2020-12-02,San Diego,073,3302833,95104,84640,3744,88384,1035
2020-12-02,San Francisco,075,870044,17243,16058,131,16189,157
2020-12-02,San Joaquin,077,732212,30221,26740,635,27375,519
2020-12-02,San Luis Obispo,079,281455,7135,6324,124,6448,42
2020-12-02,San Mateo,081,765935,16542,14757,16,14773,170
2020-12-02,Santa Barbara,083,443738,13360,11705,237,11942,140
2020-12-02,Santa Clara,085,1922200,42643,35878,112,35990,458
2020-12-02,Santa Cruz,087,273765,5532,4766,84,4850,27
2020-12-02,Shasta,089,179085,6257,5188,311,5499,47
2020-12-02,Sierra,091,2930,19,17,0,17,0
2020-12-02,Siskiyou,093,43540,753,624,52,676,1
2020-12-02,Solano,095,438530,11958,10701,92,10793,87
2020-12-02,Sonoma,097,501317,13788,12635,84,12719,163
2020-12-02,Stanislaus,099,539301,24618,22615,1702,24317,448
2020-12-02,Sutter,101,95872,4284,3604,14,3618,18
2020-12-02,Tehama,103,63373,2027,1800,80,1880,9
2020-12-02,Trinity,105,12862,309,165,36,201,0
2020-12-02,Tulare,107,460477,23945,21789,1905,23694,321
2020-12-02,Tuolumne,109,53932,1307,1076,6,1082,7
2020-12-02,Ventura,111,848112,24067,21208,756,21964,186
2020-12-02,Yolo,113,214977,5708,5053,20,5073,87
2020-12-02,Yuba,115,75493,2438,2119,17,2136,10
2020-12-01,Alameda,001,1643700,33762,30252,432,30684,460
2020-12-01,Alpine,003,1148,57,41,0,41,0
2020-12-01,Amador,005,37829,914,575,2,577,16
2020-12-01,Butte,007,227075,4652,4177,263,4440,65
2020-12-01,Calaveras,009,45235,601,544,0,544,21
2020-12-01,Colusa,011,21464,885,747,16,763,6
2020-12-01,Contra Costa,013,1133247,27020,24788,191,24979,264
2020-12-01,Del Norte,015,27424,423,357,0,357,2
2020-12-01,El Dorado,017,186661,3381,2542,44,2586,4
2020-12-01,Fresno,019,978130,46096,39004,1805,40809,505
2020-12-01,Glenn,021,27897,1107,989,62,1051,7
2020-12-01,Humboldt,023,135768,1081,886,4,890,9
2020-12-01,Imperial,025,180216,17290,16278,159,16437,356
2020-12-01,Inyo,027,18085,347,304,13,317,15
2020-12-01,Kern,029,883053,44752,41345,1775,43120,478
2020-12-01,Kings,031,150075,12263,11415,243,11658,86
2020-12-01,Lake,033,64148,1139,969,1,970,19
2020-12-01,Lassen,035,31185,2529,2047,8,2055,0
2020-12-01,Los Angeles,037,10098052,442693,403266,7560,410826,7704
2020-12-01,Madera,039,155013,7170,6270,194,6464,57
2020-12-01,Marin,041,260295,8064,7787,36,7823,136
2020-12-01,Mariposa,043,17540,158,128,2,130,2
2020-12-01,Mendocino,045,87422,1675,1497,9,1506,23
2020-12-01,Merced,047,269075,13032,12032,146,12178,172
2020-12-01,Modoc,049,8938,143,113,24,137,0
2020-12-01,Mono,051,14174,604,520,10,530,3
2020-12-01,Monterey,053,433212,17235,15835,315,16150,121
2020-12-01,Napa,055,140530,3744,3124,19,3143,19
2020-12-01,Nevada,057,99092,1751,1411,45,1456,9
2020-12-01,Orange,059,3164182,90118,79468,2774,82242,1567
2020-12-01,Placer,061,380077,8711,6794,193,6987,72
2020-12-01,Plumas,063,18699,259,201,0,201,0
2020-12-01,Riverside,065,2383286,104490,88530,2542,91072,1448
2020-12-01,Sacramento,067,1510023,42660,38966,168,39134,589
2020-12-01,San Benito,069,59416,2120,1888,15,1903,15
2020-12-01,San Bernardino,071,2135413,111924,95854,2182,98036,1220
2020-12-01,San Diego,073,3302833,92847,83423,3634,87057,1019
2020-12-01,San Francisco,075,870044,16963,15797,127,15924,157
2020-12-01,San Joaquin,077,732212,29421,26432,613,27045,514
2020-12-01,San Luis Obispo,079,281455,6995,6264,119,6383,40
2020-12-01,San Mateo,081,765935,16217,14495,16,14511,170
2020-12-01,Santa Barbara,083,443738,13219,11611,227,11838,140
2020-12-01,Santa Clara,085,1922200,41386,35397,107,35504,452
2020-12-01,Santa Cruz,087,273765,5374,4638,76,4714,27
2020-12-01,Shasta,089,179085,6129,5077,291,5368,47
2020-12-01,Sierra,091,2930,19,17,0,17,0
2020-12-01,Siskiyou,093,43540,739,608,48,656,1
2020-12-01,Solano,095,438530,11698,10604,87,10691,87
2020-12-01,Sonoma,097,501317,13583,12491,81,12572,163
2020-12-01,Stanislaus,099,539301,24162,22351,1645,23996,447
2020-12-01,Sutter,101,95872,4143,3538,14,3552,17
2020-12-01,Tehama,103,63373,1965,1773,70,1843,9
2020-12-01,Trinity,105,12862,295,165,29,194,0
2020-12-01,Tulare,107,460477,23490,21645,1833,23478,319
2020-12-01,Tuolumne,109,53932,1271,1052,4,1056,7
2020-12-01,Ventura,111,848112,23454,20604,734,21338,186
2020-12-01,Yolo,113,214977,5568,4928,20,4948,86
2020-12-01,Yuba,115,75493,2372,2088,16,2104,10
2020-11-30,Alameda,001,1643700,32946,29972,414,30386,457
2020-11-30,Alpine,003,1148,55,41,0,41,0
2020-11-30,Amador,005,37829,873,559,2,561,16
2020-11-30,Butte,007,227075,4535,4148,247,4395,65
2020-11-30,Calaveras,009,45235,578,478,0,478,21
2020-11-30,Colusa,011,21464,858,737,12,749,6
2020-11-30,Contra Costa,013,1133247,26440,24365,187,24552,264
2020-11-30,Del Norte,015,27424,400,339,0,339,2
2020-11-30,El Dorado,017,186661,3207,2488,39,2527,4
2020-11-30,Fresno,019,978130,44985,38712,1690,40402,500
2020-11-30,Glenn,021,27897,1084,954,57,1011,5
2020-11-30,Humboldt,023,135768,1034,870,4,874,9
2020-11-30,Imperial,025,180216,17037,16212,136,16348,356
2020-11-30,Inyo,027,18085,342,304,12,316,15
2020-11-30,Kern,029,883053,43990,40941,1638,42579,473
2020-11-30,Kings,031,150075,12115,11346,227,11573,85
2020-11-30,Lake,033,64148,1108,939,1,940,18
2020-11-30,Lassen,035,31185,2436,1793,8,1801,0
2020-11-30,Los Angeles,037,10098052,432035,396202,7227,403429,7658
2020-11-30,Madera,039,155013,7004,6210,180,6390,57
2020-11-30,Marin,041,260295,8021,7764,35,7799,136
2020-11-30,Mariposa,043,17540,151,123,2,125,2
2020-11-30,Mendocino,045,87422,1647,1482,9,1491,23
2020-11-30,Merced,047,269075,12757,11913,135,12048,172
2020-11-30,Modoc,049,8938,133,113,24,137,0
2020-11-30,Mono,051,14174,582,519,10,529,3
2020-11-30,Monterey,053,433212,16806,15837,307,16144,119
2020-11-30,Napa,055,140530,3644,3091,19,3110,18
2020-11-30,Nevada,057,99092,1665,1347,42,1389,9
2020-11-30,Orange,059,3164182,88005,78711,2678,81389,1568
2020-11-30,Placer,061,380077,8418,6575,180,6755,72
2020-11-30,Plumas,063,18699,248,192,0,192,0
2020-11-30,Riverside,065,2383286,101494,87722,2396,90118,1446
2020-11-30,Sacramento,067,1510023,41581,37834,159,37993,586
2020-11-30,San Benito,069,59416,2073,1875,14,1889,15
2020-11-30,San Bernardino,071,2135413,108195,92704,2069,94773,1220
2020-11-30,San Diego,073,3302833,90485,82045,3507,85552,997
2020-11-30,San Francisco,075,870044,16663,15638,124,15762,157
2020-11-30,San Joaquin,077,732212,28714,25742,587,26329,509
2020-11-30,San Luis Obispo,079,281455,6860,6224,117,6341,36
2020-11-30,San Mateo,081,765935,15857,14276,16,14292,170
2020-11-30,Santa Barbara,083,443738,13041,11572,219,11791,140
2020-11-30,Santa Clara,085,1922200,40178,35019,106,35125,451
2020-11-30,Santa Cruz,087,273765,5236,4558,72,4630,26
2020-11-30,Shasta,089,179085,5985,4933,261,5194,44
2020-11-30,Sierra,091,2930,19,16,0,16,0
2020-11-30,Siskiyou,093,43540,730,605,44,649,1
2020-11-30,Solano,095,438530,11436,10392,82,10474,87
2020-11-30,Sonoma,097,501317,13338,12232,77,12309,163
2020-11-30,Stanislaus,099,539301,23701,22110,1600,23710,446
2020-11-30,Sutter,101,95872,3986,3430,13,3443,16
2020-11-30,Tehama,103,63373,1917,1724,64,1788,9
2020-11-30,Trinity,105,12862,289,162,29,191,0
2020-11-30,Tulare,107,460477,23103,20833,1737,22570,319
2020-11-30,Tuolumne,109,53932,1226,1027,4,1031,7
2020-11-30,Ventura,111,848112,22698,20308,718,21026,180
2020-11-30,Yolo,113,214977,5456,4894,20,4914,81
2020-11-30,Yuba,115,75493,2311,2028,14,2042,10
2020-11-29,Alameda,001,1643700,32161,29918,392,30310,457
2020-11-29,Alpine,003,1148,52,41,0,41,0
2020-11-29,Amador,005,37829,722,548,2,550,16
2020-11-29,Butte,007,227075,4434,4008,227,4235,65
2020-11-29,Calaveras,009,45235,546,478,0,478,21
2020-11-29,Colusa,011,21464,829,723,8,731,6
2020-11-29,Contra Costa,013,1133247,25936,24165,181,24346,264
2020-11-29,Del Norte,015,27424,394,339,0,339,2
2020-11-29,El Dorado,017,186661,3077,2447,38,2485,4
2020-11-29,Fresno,019,978130,44032,38568,1618,40186,500
2020-11-29,Glenn,021,27897,1061,951,55,1006,4
2020-11-29,Humboldt,023,135768,1005,856,4,860,9
2020-11-29,Imperial,025,180216,16808,16138,108,16246,356
2020-11-29,Inyo,027,18085,327,289,12,301,15
2020-11-29,Kern,029,883053,43228,40596,1489,42085,473
2020-11-29,Kings,031,150075,11965,11247,208,11455,85
2020-11-29,Lake,033,64148,1084,927,1,928,18
2020-11-29,Lassen,035,31185,2333,1793,8,1801,0
2020-11-29,Los Angeles,037,10098052,421645,391162,6927,398089,7642
2020-11-29,Madera,039,155013,6861,6184,174,6358,57
2020-11-29,Marin,041,260295,7955,7739,33,7772,135
2020-11-29,Mariposa,043,17540,147,123,2,125,2
2020-11-29,Mendocino,045,87422,1613,1473,9,1482,23
2020-11-29,Merced,047,269075,12518,11773,126,11899,172
2020-11-29,Modoc,049,8938,129,105,22,127,0
2020-11-29,Mono,051,14174,559,515,9,524,3
2020-11-29,Monterey,053,433212,16495,15621,300,15921,119
2020-11-29,Napa,055,140530,3539,3090,18,3108,18
2020-11-29,Nevada,057,99092,1584,1311,40,1351,9
2020-11-29,Orange,059,3164182,85985,78057,2630,80687,1567
2020-11-29,Placer,061,380077,8120,6535,168,6703,72
2020-11-29,Plumas,063,18699,243,191,0,191,0
2020-11-29,Riverside,065,2383286,99106,87383,2240,89623,1442
2020-11-29,Sacramento,067,1510023,40502,37415,150,37565,585
2020-11-29,San Benito,069,59416,2029,1860,14,1874,15
2020-11-29,San Bernardino,071,2135413,104848,92052,1951,94003,1223
2020-11-29,San Diego,073,3302833,88074,81086,3354,84440,997
2020-11-29,San Francisco,075,870044,16382,15571,116,15687,153
2020-11-29,San Joaquin,077,732212,27972,25740,581,26321,509
2020-11-29,San Luis Obispo,079,281455,6738,6145,117,6262,36
2020-11-29,San Mateo,081,765935,15523,14177,16,14193,169
2020-11-29,Santa Barbara,083,443738,12885,11520,215,11735,140
2020-11-29,Santa Clara,085,1922200,38972,34234,100,34334,451
2020-11-29,Santa Cruz,087,273765,5077,4490,70,4560,26
2020-11-29,Shasta,089,179085,5810,4935,232,5167,43
2020-11-29,Sierra,091,2930,19,16,0,16,0
2020-11-29,Siskiyou,093,43540,707,590,42,632,1
2020-11-29,Solano,095,438530,11204,10393,78,10471,87
2020-11-29,Sonoma,097,501317,13086,12052,73,12125,163
2020-11-29,Stanislaus,099,539301,23205,21701,1564,23265,446
2020-11-29,Sutter,101,95872,3868,3297,13,3310,16
2020-11-29,Tehama,103,63373,1866,1710,48,1758,9
2020-11-29,Trinity,105,12862,286,159,28,187,0
2020-11-29,Tulare,107,460477,22738,20793,1657,22450,319
2020-11-29,Tuolumne,109,53932,1190,988,4,992,7
2020-11-29,Ventura,111,848112,22013,19952,705,20657,179
2020-11-29,Yolo,113,214977,5318,4830,19,4849,80
2020-11-29,Yuba,115,75493,2255,1959,14,1973,10
2020-11-28,Alameda,001,1643700,31852,29368,387,29755,456
2020-11-28,Alpine,003,1148,52,41,0,41,0
2020-11-28,Amador,005,37829,645,536,2,538,16
2020-11-28,Butte,007,227075,4376,3894,223,4117,65
2020-11-28,Calaveras,009,45235,542,478,0,478,21
2020-11-28,Colusa,011,21464,820,711,6,717,6
2020-11-28,Contra Costa,013,1133247,25603,23798,177,23975,264
2020-11-28,Del Norte,015,27424,384,328,0,328,2
2020-11-28,El Dorado,017,186661,3009,2415,32,2447,4
2020-11-28,Fresno,019,978130,43684,38288,1579,39867,500
2020-11-28,Glenn,021,27897,1050,925,51,976,4
2020-11-28,Humboldt,023,135768,970,844,4,848,9
2020-11-28,Imperial,025,180216,16743,16019,106,16125,356
2020-11-28,Inyo,027,18085,319,289,12,301,15
2020-11-28,Kern,029,883053,42865,40255,1401,41656,473
2020-11-28,Kings,031,150075,11900,11070,201,11271,85
2020-11-28,Lake,033,64148,1069,920,1,921,18
2020-11-28,Lassen,035,31185,2266,1714,8,1722,0
2020-11-28,Los Angeles,037,10098052,416731,386194,6771,392965,7625
2020-11-28,Madera,039,155013,6759,6119,167,6286,57
2020-11-28,Marin,041,260295,7925,7696,29,7725,135
2020-11-28,Mariposa,043,17540,144,120,2,122,2
2020-11-28,Mendocino,045,87422,1582,1458,9,1467,22
2020-11-28,Merced,047,269075,12420,11688,120,11808,172
2020-11-28,Modoc,049,8938,126,103,22,125,0
2020-11-28,Mono,051,14174,553,505,9,514,3
2020-11-28,Monterey,053,433212,16329,15328,296,15624,118
2020-11-28,Napa,055,140530,3487,3033,18,3051,18
2020-11-28,Nevada,057,99092,1556,1272,38,1310,9
2020-11-28,Orange,059,3164182,84886,76882,2583,79465,1568
2020-11-28,Placer,061,380077,7961,6497,165,6662,70
2020-11-28,Plumas,063,18699,236,188,0,188,0
2020-11-28,Riverside,065,2383286,97697,86854,2138,88992,1440
2020-11-28,Sacramento,067,1510023,39923,36905,146,37051,580
2020-11-28,San Benito,069,59416,1982,1835,14,1849,15
2020-11-28,San Bernardino,071,2135413,103449,91183,1853,93036,1224
2020-11-28,San Diego,073,3302833,86820,80020,3270,83290,997
2020-11-28,San Francisco,075,870044,16205,15450,108,15558,153
2020-11-28,San Joaquin,077,732212,27775,25742,566,26308,509
2020-11-28,San Luis Obispo,079,281455,6668,6106,113,6219,36
2020-11-28,San Mateo,081,765935,15333,14040,16,14056,169
2020-11-28,Santa Barbara,083,443738,12783,11481,210,11691,140
2020-11-28,Santa Clara,085,1922200,38226,33701,98,33799,449
2020-11-28,Santa Cruz,087,273765,5000,4426,70,4496,26
2020-11-28,Shasta,089,179085,5732,4882,225,5107,43
2020-11-28,Sierra,091,2930,19,16,0,16,0
2020-11-28,Siskiyou,093,43540,697,558,39,597,1
2020-11-28,Solano,095,438530,11085,10252,76,10328,87
2020-11-28,Sonoma,097,501317,12983,12008,63,12071,162
2020-11-28,Stanislaus,099,539301,22966,21574,1528,23102,446
2020-11-28,Sutter,101,95872,3784,3244,13,3257,15
2020-11-28,Tehama,103,63373,1850,1678,44,1722,9
2020-11-28,Trinity,105,12862,283,157,26,183,0
2020-11-28,Tulare,107,460477,22547,20701,1610,22311,319
2020-11-28,Tuolumne,109,53932,1168,976,4,980,7
2020-11-28,Ventura,111,848112,21715,19510,695,20205,179
2020-11-28,Yolo,113,214977,5244,4739,17,4756,80
2020-11-28,Yuba,115,75493,2202,1912,14,1926,10
2020-11-27,Alameda,001,1643700,31413,29064,376,29440,450
2020-11-27,Alpine,003,1148,52,41,0,41,0
2020-11-27,Amador,005,37829,598,498,1,499,16
2020-11-27,Butte,007,227075,4335,3894,217,4111,65
2020-11-27,Calaveras,009,45235,533,478,0,478,21
2020-11-27,Colusa,011,21464,803,694,4,698,6
2020-11-27,Contra Costa,013,1133247,25343,23463,171,23634,264
2020-11-27,Del Norte,015,27424,378,307,0,307,2
2020-11-27,El Dorado,017,186661,2938,2238,29,2267,4
2020-11-27,Fresno,019,978130,43277,37994,1521,39515,500
2020-11-27,Glenn,021,27897,1037,891,46,937,4
2020-11-27,Humboldt,023,135768,951,795,3,798,9
2020-11-27,Imperial,025,180216,16675,15960,97,16057,356
2020-11-27,Inyo,027,18085,313,289,12,301,15
2020-11-27,Kern,029,883053,42441,39707,1330,41037,473
2020-11-27,Kings,031,150075,11814,10667,183,10850,85
2020-11-27,Lake,033,64148,1033,909,1,910,18
2020-11-27,Lassen,035,31185,2254,1714,8,1722,0
2020-11-27,Los Angeles,037,10098052,410225,382740,6615,389355,7606
2020-11-27,Madera,039,155013,6687,6050,161,6211,57
2020-11-27,Marin,041,260295,7882,7660,29,7689,135
2020-11-27,Mariposa,043,17540,142,118,2,120,2
2020-11-27,Mendocino,045,87422,1568,1387,8,1395,22
2020-11-27,Merced,047,269075,12314,11550,113,11663,172
2020-11-27,Modoc,049,8938,125,100,22,122,0
2020-11-27,Mono,051,14174,549,498,9,507,3
2020-11-27,Monterey,053,433212,16162,14753,296,15049,113
2020-11-27,Napa,055,140530,3447,2988,18,3006,18
2020-11-27,Nevada,057,99092,1526,1184,36,1220,9
2020-11-27,Orange,059,3164182,83597,75151,2544,77695,1568
2020-11-27,Placer,061,380077,7798,6283,155,6438,68
2020-11-27,Plumas,063,18699,233,188,0,188,0
2020-11-27,Riverside,065,2383286,96087,85769,1985,87754,1440
2020-11-27,Sacramento,067,1510023,39300,36579,142,36721,579
2020-11-27,San Benito,069,59416,1948,1805,13,1818,15
2020-11-27,San Bernardino,071,2135413,101938,90254,1771,92025,1224
2020-11-27,San Diego,073,3302833,85626,78161,3181,81342,996
2020-11-27,San Francisco,075,870044,16049,15377,106,15483,153
2020-11-27,San Joaquin,077,732212,27555,25741,545,26286,509
2020-11-27,San Luis Obispo,079,281455,6585,6039,110,6149,36
2020-11-27,San Mateo,081,765935,15131,13872,15,13887,169
2020-11-27,Santa Barbara,083,443738,12690,11340,207,11547,140
2020-11-27,Santa Clara,085,1922200,37551,32935,91,33026,449
2020-11-27,Santa Cruz,087,273765,4929,4358,68,4426,26
2020-11-27,Shasta,089,179085,5655,4710,212,4922,43
2020-11-27,Sierra,091,2930,18,16,0,16,0
2020-11-27,Siskiyou,093,43540,682,554,36,590,1
2020-11-27,Solano,095,438530,10966,10044,73,10117,87
2020-11-27,Sonoma,097,501317,12851,11924,61,11985,162
2020-11-27,Stanislaus,099,539301,22738,21185,1498,22683,446
2020-11-27,Sutter,101,95872,3717,3101,13,3114,15
2020-11-27,Tehama,103,63373,1822,1649,40,1689,9
2020-11-27,Trinity,105,12862,279,151,26,177,0
2020-11-27,Tulare,107,460477,22359,20634,1553,22187,319
2020-11-27,Tuolumne,109,53932,1136,881,4,885,7
2020-11-27,Ventura,111,848112,21391,19379,673,20052,179
2020-11-27,Yolo,113,214977,5195,4737,17,4754,79
2020-11-27,Yuba,115,75493,2173,1864,13,1877,10
2020-11-26,Alameda,001,1643700,31001,28797,357,29154,447
2020-11-26,Alpine,003,1148,52,41,0,41,0
2020-11-26,Amador,005,37829,590,488,1,489,16
2020-11-26,Butte,007,227075,4272,3894,211,4105,65
2020-11-26,Calaveras,009,45235,505,478,0,478,21
2020-11-26,Colusa,011,21464,789,694,4,698,6
2020-11-26,Contra Costa,013,1133247,25008,23468,165,23633,264
2020-11-26,Del Norte,015,27424,367,307,0,307,2
2020-11-26,El Dorado,017,186661,2857,2217,27,2244,4
2020-11-26,Fresno,019,978130,42871,37724,1475,39199,500
2020-11-26,Glenn,021,27897,1021,892,44,936,4
2020-11-26,Humboldt,023,135768,929,795,2,797,9
2020-11-26,Imperial,025,180216,16566,15722,93,15815,355
2020-11-26,Inyo,027,18085,312,289,12,301,15
2020-11-26,Kern,029,883053,41993,39123,1265,40388,471
2020-11-26,Kings,031,150075,11759,10475,171,10646,85
2020-11-26,Lake,033,64148,1020,890,1,891,18
2020-11-26,Lassen,035,31185,2239,1714,8,1722,0
2020-11-26,Los Angeles,037,10098052,405080,378340,6376,384716,7581
2020-11-26,Madera,039,155013,6612,6003,155,6158,57
2020-11-26,Marin,041,260295,7845,7610,29,7639,135
2020-11-26,Mariposa,043,17540,137,116,2,118,2
2020-11-26,Mendocino,045,87422,1554,1387,6,1393,22
2020-11-26,Merced,047,269075,12166,11440,111,11551,172
2020-11-26,Modoc,049,8938,123,100,22,122,0
2020-11-26,Mono,051,14174,541,485,9,494,2
2020-11-26,Monterey,053,433212,15926,14750,288,15038,113
2020-11-26,Napa,055,140530,3383,2988,18,3006,18
2020-11-26,Nevada,057,99092,1480,1184,36,1220,9
2020-11-26,Orange,059,3164182,82208,74264,2481,76745,1563
2020-11-26,Placer,061,380077,7634,6278,146,6424,68
2020-11-26,Plumas,063,18699,225,188,0,188,0
2020-11-26,Riverside,065,2383286,94484,85774,1862,87636,1440
2020-11-26,Sacramento,067,1510023,38658,35854,134,35988,580
2020-11-26,San Benito,069,59416,1921,1769,13,1782,15
2020-11-26,San Bernardino,071,2135413,100288,89727,1679,91406,1223
2020-11-26,San Diego,073,3302833,84016,76359,3077,79436,996
2020-11-26,San Francisco,075,870044,15912,15156,103,15259,153
2020-11-26,San Joaquin,077,732212,27300,25738,533,26271,509
2020-11-26,San Luis Obispo,079,281455,6492,5964,107,6071,36
2020-11-26,San Mateo,081,765935,14942,13715,14,13729,169
2020-11-26,Santa Barbara,083,443738,12609,11277,206,11483,139
2020-11-26,Santa Clara,085,1922200,36909,32411,83,32494,446
2020-11-26,Santa Cruz,087,273765,4798,4269,62,4331,26
2020-11-26,Shasta,089,179085,5573,4712,200,4912,43
2020-11-26,Sierra,091,2930,18,15,0,15,0
2020-11-26,Siskiyou,093,43540,672,526,35,561,1
2020-11-26,Solano,095,438530,10823,9941,71,10012,87
2020-11-26,Sonoma,097,501317,12703,11922,59,11981,162
2020-11-26,Stanislaus,099,539301,22507,21186,1457,22643,445
2020-11-26,Sutter,101,95872,3623,3101,12,3113,15
2020-11-26,Tehama,103,63373,1780,1612,37,1649,9
2020-11-26,Trinity,105,12862,275,139,26,165,0
2020-11-26,Tulare,107,460477,22120,20649,1489,22138,319
2020-11-26,Tuolumne,109,53932,1108,871,4,875,7
2020-11-26,Ventura,111,848112,20895,19058,659,19717,179
2020-11-26,Yolo,113,214977,5108,4566,17,4583,76
2020-11-26,Yuba,115,75493,2113,1865,11,1876,10
2020-11-25,Alameda,001,1643700,30785,28378,349,28727,447
2020-11-25,Alpine,003,1148,52,41,0,41,0
2020-11-25,Amador,005,37829,580,484,1,485,16
2020-11-25,Butte,007,227075,4241,3848,208,4056,64
2020-11-25,Calaveras,009,45235,502,475,0,475,21
2020-11-25,Colusa,011,21464,772,693,4,697,6
2020-11-25,Contra Costa,013,1133247,24853,23307,164,23471,263
2020-11-25,Del Norte,015,27424,366,304,0,304,2
2020-11-25,El Dorado,017,186661,2821,2154,27,2181,4
2020-11-25,Fresno,019,978130,42639,37349,1453,38802,494
2020-11-25,Glenn,021,27897,1004,891,42,933,4
2020-11-25,Humboldt,023,135768,921,777,2,779,9
2020-11-25,Imperial,025,180216,16496,15640,91,15731,355
2020-11-25,Inyo,027,18085,310,289,12,301,15
2020-11-25,Kern,029,883053,41837,38878,1246,40124,467
2020-11-25,Kings,031,150075,11724,10417,167,10584,85
2020-11-25,Lake,033,64148,1003,878,1,879,18
2020-11-25,Lassen,035,31185,2196,1701,8,1709,0
2020-11-25,Los Angeles,037,10098052,402053,373919,6272,380191,7545
2020-11-25,Madera,039,155013,6590,5989,152,6141,57
2020-11-25,Marin,041,260295,7818,7601,28,7629,135
2020-11-25,Mariposa,043,17540,136,114,2,116,2
2020-11-25,Mendocino,045,87422,1535,1373,6,1379,22
2020-11-25,Merced,047,269075,12108,11346,111,11457,172
2020-11-25,Modoc,049,8938,123,96,22,118,0
2020-11-25,Mono,051,14174,536,487,9,496,2
2020-11-25,Monterey,053,433212,15809,14695,286,14981,113
2020-11-25,Napa,055,140530,3350,2945,18,2963,17
2020-11-25,Nevada,057,99092,1462,1170,34,1204,9
2020-11-25,Orange,059,3164182,81455,73014,2461,75475,1551
2020-11-25,Placer,061,380077,7558,6221,145,6366,68
2020-11-25,Plumas,063,18699,220,183,0,183,0
2020-11-25,Riverside,065,2383286,93940,85077,1844,86921,1438
2020-11-25,Sacramento,067,1510023,38322,35687,131,35818,574
2020-11-25,San Benito,069,59416,1898,1764,13,1777,15
2020-11-25,San Bernardino,071,2135413,99448,88469,1651,90120,1225
2020-11-25,San Diego,073,3302833,83359,75307,3041,78348,988
2020-11-25,San Francisco,075,870044,15807,15053,101,15154,153
2020-11-25,San Joaquin,077,732212,27173,25556,521,26077,515
2020-11-25,San Luis Obispo,079,281455,6449,5913,106,6019,34
2020-11-25,San Mateo,081,765935,14827,13614,14,13628,170
2020-11-25,Santa Barbara,083,443738,12559,11183,206,11389,138
2020-11-25,Santa Clara,085,1922200,36462,32032,82,32114,442
2020-11-25,Santa Cruz,087,273765,4746,4202,61,4263,25
2020-11-25,Shasta,089,179085,5527,4588,193,4781,43
2020-11-25,Sierra,091,2930,18,15,0,15,0
2020-11-25,Siskiyou,093,43540,665,499,35,534,1
2020-11-25,Solano,095,438530,10718,9832,70,9902,87
2020-11-25,Sonoma,097,501317,12640,11775,58,11833,162
2020-11-25,Stanislaus,099,539301,22376,21022,1430,22452,445
2020-11-25,Sutter,101,95872,3579,3064,12,3076,14
2020-11-25,Tehama,103,63373,1768,1587,32,1619,9
2020-11-25,Trinity,105,12862,273,135,26,161,0
2020-11-25,Tulare,107,460477,22030,20528,1457,21985,318
2020-11-25,Tuolumne,109,53932,1091,842,4,846,7
2020-11-25,Ventura,111,848112,20800,18914,653,19567,179
2020-11-25,Yolo,113,214977,5072,4527,17,4544,76
2020-11-25,Yuba,115,75493,2087,1840,11,1851,10
2020-11-24,Alameda,001,1643700,30307,28030,338,28368,444
2020-11-24,Alpine,003,1148,52,41,0,41,0
2020-11-24,Amador,005,37829,555,470,1,471,16
2020-11-24,Butte,007,227075,4156,3798,200,3998,63
2020-11-24,Calaveras,009,45235,495,466,0,466,21
2020-11-24,Colusa,011,21464,754,682,4,686,6
2020-11-24,Contra Costa,013,1133247,24500,23072,158,23230,259
2020-11-24,Del Norte,015,27424,357,298,0,298,2
2020-11-24,El Dorado,017,186661,2716,2005,26,2031,4
2020-11-24,Fresno,019,978130,42236,37021,1376,38397,493
2020-11-24,Glenn,021,27897,986,883,38,921,4
2020-11-24,Humboldt,023,135768,902,774,2,776,9
2020-11-24,Imperial,025,180216,16393,15600,86,15686,355
2020-11-24,Inyo,027,18085,309,282,11,293,15
2020-11-24,Kern,029,883053,41363,38551,1168,39719,465
2020-11-24,Kings,031,150075,11457,10338,154,10492,85
2020-11-24,Lake,033,64148,987,872,1,873,18
2020-11-24,Lassen,035,31185,2173,1657,8,1665,0
2020-11-24,Los Angeles,037,10098052,395744,370008,6036,376044,7501
2020-11-24,Madera,039,155013,6504,5881,146,6027,57
2020-11-24,Marin,041,260295,7771,7591,28,7619,135
2020-11-24,Mariposa,043,17540,126,114,1,115,2
2020-11-24,Mendocino,045,87422,1513,1346,5,1351,22
2020-11-24,Merced,047,269075,11919,11268,106,11374,171
2020-11-24,Modoc,049,8938,119,91,22,113,0
2020-11-24,Mono,051,14174,532,483,9,492,2
2020-11-24,Monterey,053,433212,15551,14354,274,14628,113
2020-11-24,Napa,055,140530,3284,2904,18,2922,17
2020-11-24,Nevada,057,99092,1398,1156,32,1188,9
2020-11-24,Orange,059,3164182,80008,71975,2380,74355,1547
2020-11-24,Placer,061,380077,7376,6147,138,6285,67
2020-11-24,Plumas,063,18699,217,180,0,180,0
2020-11-24,Riverside,065,2383286,92181,83685,1716,85401,1420
2020-11-24,Sacramento,067,1510023,37642,35097,124,35221,568
2020-11-24,San Benito,069,59416,1866,1740,12,1752,15
2020-11-24,San Bernardino,071,2135413,97112,86645,1550,88195,1226
2020-11-24,San Diego,073,3302833,81949,74363,2970,77333,984
2020-11-24,San Francisco,075,870044,15612,14874,97,14971,153
2020-11-24,San Joaquin,077,732212,26857,25318,492,25810,517
2020-11-24,San Luis Obispo,079,281455,6386,5805,105,5910,34
2020-11-24,San Mateo,081,765935,14618,13558,13,13571,170
2020-11-24,Santa Barbara,083,443738,12452,11154,204,11358,138
2020-11-24,Santa Clara,085,1922200,35673,31564,78,31642,438
2020-11-24,Santa Cruz,087,273765,4633,4132,60,4192,25
2020-11-24,Shasta,089,179085,5427,4410,174,4584,43
2020-11-24,Sierra,091,2930,18,15,0,15,0
2020-11-24,Siskiyou,093,43540,647,473,32,505,1
2020-11-24,Solano,095,438530,10547,9716,69,9785,86
2020-11-24,Sonoma,097,501317,12460,11644,55,11699,162
2020-11-24,Stanislaus,099,539301,22134,20830,1387,22217,438
2020-11-24,Sutter,101,95872,3474,2974,12,2986,14
2020-11-24,Tehama,103,63373,1718,1565,27,1592,9
2020-11-24,Trinity,105,12862,266,129,25,154,0
2020-11-24,Tulare,107,460477,21781,20319,1392,21711,315
2020-11-24,Tuolumne,109,53932,1062,832,4,836,7
2020-11-24,Ventura,111,848112,20418,18637,643,19280,179
2020-11-24,Yolo,113,214977,4988,4420,17,4437,76
2020-11-24,Yuba,115,75493,2036,1804,9,1813,10
2020-11-23,Alameda,001,1643700,29893,27718,326,28044,444
2020-11-23,Alpine,003,1148,50,41,0,41,0
2020-11-23,Amador,005,37829,514,457,1,458,16
2020-11-23,Butte,007,227075,4092,3765,194,3959,61
2020-11-23,Calaveras,009,45235,478,434,0,434,21
2020-11-23,Colusa,011,21464,740,662,4,666,6
2020-11-23,Contra Costa,013,1133247,24228,22674,153,22827,260
2020-11-23,Del Norte,015,27424,335,296,0,296,2
2020-11-23,El Dorado,017,186661,2596,2005,25,2030,4
2020-11-23,Fresno,019,978130,41788,36688,1314,38002,488
2020-11-23,Glenn,021,27897,960,853,38,891,4
2020-11-23,Humboldt,023,135768,889,746,2,748,9
2020-11-23,Imperial,025,180216,16222,15104,81,15185,355
2020-11-23,Inyo,027,18085,301,279,11,290,15
2020-11-23,Kern,029,883053,40849,38245,1105,39350,463
2020-11-23,Kings,031,150075,11037,10204,147,10351,85
2020-11-23,Lake,033,64148,964,840,1,841,18
2020-11-23,Lassen,035,31185,2093,1271,7,1278,0
2020-11-23,Los Angeles,037,10098052,389656,366374,5784,372158,7447
2020-11-23,Madera,039,155013,6378,5787,141,5928,56
2020-11-23,Marin,041,260295,7729,7543,28,7571,135
2020-11-23,Mariposa,043,17540,125,97,1,98,2
2020-11-23,Mendocino,045,87422,1483,1330,5,1335,22
2020-11-23,Merced,047,269075,11731,11148,103,11251,169
2020-11-23,Modoc,049,8938,105,91,21,112,0
2020-11-23,Mono,051,14174,519,480,9,489,2
2020-11-23,Monterey,053,433212,15273,14265,268,14533,112
2020-11-23,Napa,055,140530,3218,2811,17,2828,17
2020-11-23,Nevada,057,99092,1309,1087,32,1119,9
2020-11-23,Orange,059,3164182,78601,71074,2334,73408,1546
2020-11-23,Placer,061,380077,7174,5999,137,6136,66
2020-11-23,Plumas,063,18699,213,172,0,172,0
2020-11-23,Riverside,065,2383286,90401,82175,1655,83830,1415
2020-11-23,Sacramento,067,1510023,37073,34141,117,34258,556
2020-11-23,San Benito,069,59416,1838,1729,11,1740,15
2020-11-23,San Bernardino,071,2135413,95005,84387,1487,85874,1224
2020-11-23,San Diego,073,3302833,80487,72817,2882,75699,968
2020-11-23,San Francisco,075,870044,15453,14646,95,14741,153
2020-11-23,San Joaquin,077,732212,26508,24622,488,25110,517
2020-11-23,San Luis Obispo,079,281455,6304,5772,103,5875,34
2020-11-23,San Mateo,081,765935,14426,13364,13,13377,170
2020-11-23,Santa Barbara,083,443738,12343,10944,200,11144,137
2020-11-23,Santa Clara,085,1922200,35022,31064,75,31139,435
2020-11-23,Santa Cruz,087,273765,4523,4003,56,4059,25
2020-11-23,Shasta,089,179085,5309,4100,162,4262,43
2020-11-23,Sierra,091,2930,17,15,0,15,0
2020-11-23,Siskiyou,093,43540,620,460,31,491,0
2020-11-23,Solano,095,438530,10390,9394,66,9460,86
2020-11-23,Sonoma,097,501317,12287,11507,51,11558,160
2020-11-23,Stanislaus,099,539301,21842,20487,1353,21840,436
2020-11-23,Sutter,101,95872,3336,2840,11,2851,14
2020-11-23,Tehama,103,63373,1670,1526,24,1550,9
2020-11-23,Trinity,105,12862,257,120,23,143,0
2020-11-23,Tulare,107,460477,21486,19818,1322,21140,315
2020-11-23,Tuolumne,109,53932,1022,774,4,778,7
2020-11-23,Ventura,111,848112,20042,18480,630,19110,179
2020-11-23,Yolo,113,214977,4908,4265,16,4281,75
2020-11-23,Yuba,115,75493,1969,1702,9,1711,10
2020-11-22,Alameda,001,1643700,29458,27472,315,27787,444
2020-11-22,Alpine,003,1148,47,41,0,41,0
2020-11-22,Amador,005,37829,502,450,1,451,16
2020-11-22,Butte,007,227075,4041,3712,187,3899,61
2020-11-22,Calaveras,009,45235,466,434,0,434,21
2020-11-22,Colusa,011,21464,722,642,3,645,6
2020-11-22,Contra Costa,013,1133247,23923,22407,148,22555,260
2020-11-22,Del Norte,015,27424,311,271,0,271,2
2020-11-22,El Dorado,017,186661,2486,1917,22,1939,4
2020-11-22,Fresno,019,978130,41306,36315,1257,37572,488
2020-11-22,Glenn,021,27897,938,832,34,866,4
2020-11-22,Humboldt,023,135768,873,729,2,731,9
2020-11-22,Imperial,025,180216,16017,15109,36,15145,355
2020-11-22,Inyo,027,18085,295,279,11,290,15
2020-11-22,Kern,029,883053,40270,37904,1070,38974,463
2020-11-22,Kings,031,150075,10936,10035,138,10173,85
2020-11-22,Lake,033,64148,942,834,1,835,18
2020-11-22,Lassen,035,31185,1928,1211,6,1217,0
2020-11-22,Los Angeles,037,10098052,383377,360341,5534,365875,7438
2020-11-22,Madera,039,155013,6298,5745,130,5875,56
2020-11-22,Marin,041,260295,7694,7506,27,7533,135
2020-11-22,Mariposa,043,17540,124,95,1,96,2
2020-11-22,Mendocino,045,87422,1459,1285,4,1289,22
2020-11-22,Merced,047,269075,11582,10939,103,11042,169
2020-11-22,Modoc,049,8938,104,87,19,106,0
2020-11-22,Mono,051,14174,504,481,9,490,2
2020-11-22,Monterey,053,433212,15032,13887,262,14149,111
2020-11-22,Napa,055,140530,3137,2778,17,2795,17
2020-11-22,Nevada,057,99092,1251,1052,32,1084,9
2020-11-22,Orange,059,3164182,77186,69913,2295,72208,1546
2020-11-22,Placer,061,380077,6947,5880,127,6007,66
2020-11-22,Plumas,063,18699,200,172,0,172,0
2020-11-22,Riverside,065,2383286,88811,81565,1594,83159,1409
2020-11-22,Sacramento,067,1510023,36341,33421,104,33525,555
2020-11-22,San Benito,069,59416,1809,1704,11,1715,15
2020-11-22,San Bernardino,071,2135413,92660,83505,1417,84922,1224
2020-11-22,San Diego,073,3302833,78749,71649,2807,74456,968
2020-11-22,San Francisco,075,870044,15282,14515,94,14609,153
2020-11-22,San Joaquin,077,732212,26209,24619,476,25095,517
2020-11-22,San Luis Obispo,079,281455,6202,5664,102,5766,34
2020-11-22,San Mateo,081,765935,14221,13228,13,13241,170
2020-11-22,Santa Barbara,083,443738,12206,10946,195,11141,137
2020-11-22,Santa Clara,085,1922200,34344,30633,73,30706,434
2020-11-22,Santa Cruz,087,273765,4441,3896,49,3945,25
2020-11-22,Shasta,089,179085,5151,4100,144,4244,43
2020-11-22,Sierra,091,2930,17,13,0,13,0
2020-11-22,Siskiyou,093,43540,588,411,31,442,0
2020-11-22,Solano,095,438530,10219,9363,62,9425,86
2020-11-22,Sonoma,097,501317,12129,11415,49,11464,159
2020-11-22,Stanislaus,099,539301,21514,20223,1323,21546,436
2020-11-22,Sutter,101,95872,3218,2677,11,2688,13
2020-11-22,Tehama,103,63373,1636,1457,19,1476,9
2020-11-22,Trinity,105,12862,251,114,23,137,0
2020-11-22,Tulare,107,460477,21235,19818,1250,21068,314
2020-11-22,Tuolumne,109,53932,996,689,4,693,7
2020-11-22,Ventura,111,848112,19681,18105,616,18721,179
2020-11-22,Yolo,113,214977,4807,4206,16,4222,75
2020-11-22,Yuba,115,75493,1916,1672,9,1681,10
2020-11-21,Alameda,001,1643700,29272,27424,313,27737,444
2020-11-21,Alpine,003,1148,47,41,0,41,0
2020-11-21,Amador,005,37829,488,450,1,451,16
2020-11-21,Butte,007,227075,3993,3664,184,3848,61
2020-11-21,Calaveras,009,45235,460,434,0,434,21
2020-11-21,Colusa,011,21464,713,642,3,645,6
2020-11-21,Contra Costa,013,1133247,23770,22338,146,22484,260
2020-11-21,Del Norte,015,27424,306,271,0,271,2
2020-11-21,El Dorado,017,186661,2437,1900,21,1921,4
2020-11-21,Fresno,019,978130,41050,35973,1224,37197,482
2020-11-21,Glenn,021,27897,933,829,32,861,4
2020-11-21,Humboldt,023,135768,863,728,2,730,9
2020-11-21,Imperial,025,180216,15940,15053,36,15089,355
2020-11-21,Inyo,027,18085,293,283,11,294,15
2020-11-21,Kern,029,883053,40014,37403,1035,38438,463
2020-11-21,Kings,031,150075,10888,10019,134,10153,85
2020-11-21,Lake,033,64148,929,832,1,833,18
2020-11-21,Lassen,035,31185,1860,1211,6,1217,0
2020-11-21,Los Angeles,037,10098052,380204,357754,5388,363142,7428
2020-11-21,Madera,039,155013,6261,5706,130,5836,56
2020-11-21,Marin,041,260295,7671,7488,26,7514,134
2020-11-21,Mariposa,043,17540,124,92,1,93,2
2020-11-21,Mendocino,045,87422,1428,1282,4,1286,22
2020-11-21,Merced,047,269075,11521,10849,102,10951,169
2020-11-21,Modoc,049,8938,100,87,18,105,0
2020-11-21,Mono,051,14174,499,469,9,478,2
2020-11-21,Monterey,053,433212,14934,13886,256,14142,110
2020-11-21,Napa,055,140530,3103,2757,17,2774,17
2020-11-21,Nevada,057,99092,1239,1018,31,1049,9
2020-11-21,Orange,059,3164182,76383,69021,2265,71286,1543
2020-11-21,Placer,061,380077,6836,5778,124,5902,65
2020-11-21,Plumas,063,18699,195,172,0,172,0
2020-11-21,Riverside,065,2383286,88037,80676,1547,82223,1407
2020-11-21,Sacramento,067,1510023,35946,33133,96,33229,548
2020-11-21,San Benito,069,59416,1790,1691,11,1702,15
2020-11-21,San Bernardino,071,2135413,91783,83206,1340,84546,1222
2020-11-21,San Diego,073,3302833,77970,70711,2752,73463,966
2020-11-21,San Francisco,075,870044,15179,14445,93,14538,153
2020-11-21,San Joaquin,077,732212,26076,24620,461,25081,517
2020-11-21,San Luis Obispo,079,281455,6149,5618,99,5717,34
2020-11-21,San Mateo,081,765935,14119,13138,13,13151,170
2020-11-21,Santa Barbara,083,443738,12155,10922,192,11114,137
2020-11-21,Santa Clara,085,1922200,33960,30377,70,30447,433
2020-11-21,Santa Cruz,087,273765,4384,3898,49,3947,25
2020-11-21,Shasta,089,179085,5078,4095,141,4236,42
2020-11-21,Sierra,091,2930,17,13,0,13,0
2020-11-21,Siskiyou,093,43540,572,403,31,434,0
2020-11-21,Solano,095,438530,10129,9290,59,9349,86
2020-11-21,Sonoma,097,501317,12054,11394,47,11441,158
2020-11-21,Stanislaus,099,539301,21371,20111,1298,21409,435
2020-11-21,Sutter,101,95872,3158,2615,10,2625,13
2020-11-21,Tehama,103,63373,1616,1435,18,1453,9
2020-11-21,Trinity,105,12862,248,110,22,132,0
2020-11-21,Tulare,107,460477,21109,19752,1216,20968,313
2020-11-21,Tuolumne,109,53932,977,690,4,694,7
2020-11-21,Ventura,111,848112,19517,18040,606,18646,177
2020-11-21,Yolo,113,214977,4732,4147,15,4162,75
2020-11-21,Yuba,115,75493,1884,1643,9,1652,10
2020-11-20,Alameda,001,1643700,29058,27221,305,27526,444
2020-11-20,Alpine,003,1148,47,20,0,20,0
2020-11-20,Amador,005,37829,484,446,1,447,16
2020-11-20,Butte,007,227075,3961,3618,180,3798,60
2020-11-20,Calaveras,009,45235,448,424,0,424,21
2020-11-20,Colusa,011,21464,705,631,2,633,6
2020-11-20,Contra Costa,013,1133247,23584,22116,142,22258,260
2020-11-20,Del Norte,015,27424,302,264,0,264,2
2020-11-20,El Dorado,017,186661,2341,1868,19,1887,4
2020-11-20,Fresno,019,978130,40756,35635,1194,36829,480
2020-11-20,Glenn,021,27897,921,826,30,856,4
2020-11-20,Humboldt,023,135768,854,714,1,715,9
2020-11-20,Imperial,025,180216,15878,14864,32,14896,353
2020-11-20,Inyo,027,18085,291,262,11,273,15
2020-11-20,Kern,029,883053,39721,37143,1009,38152,462
2020-11-20,Kings,031,150075,10840,9903,133,10036,85
2020-11-20,Lake,033,64148,920,820,1,821,18
2020-11-20,Lassen,035,31185,1775,1212,5,1217,0
2020-11-20,Los Angeles,037,10098052,376323,353554,5224,358778,7398
2020-11-20,Madera,039,155013,6168,5635,129,5764,54
2020-11-20,Marin,041,260295,7647,7467,25,7492,134
2020-11-20,Mariposa,043,17540,116,89,1,90,2
2020-11-20,Mendocino,045,87422,1408,1269,4,1273,22
2020-11-20,Merced,047,269075,11435,10729,102,10831,167
2020-11-20,Modoc,049,8938,100,83,18,101,0
2020-11-20,Mono,051,14174,497,469,9,478,2
2020-11-20,Monterey,053,433212,14809,13738,247,13985,110
2020-11-20,Napa,055,140530,3073,2718,17,2735,17
2020-11-20,Nevada,057,99092,1221,990,30,1020,9
2020-11-20,Orange,059,3164182,75547,68212,2227,70439,1532
2020-11-20,Placer,061,380077,6701,5687,109,5796,66
2020-11-20,Plumas,063,18699,193,163,0,163,0
2020-11-20,Riverside,065,2383286,87026,79613,1485,81098,1405
2020-11-20,Sacramento,067,1510023,35570,32832,87,32919,549
2020-11-20,San Benito,069,59416,1778,1668,11,1679,15
2020-11-20,San Bernardino,071,2135413,90417,81203,1259,82462,1220
2020-11-20,San Diego,073,3302833,76972,69233,2670,71903,960
2020-11-20,San Francisco,075,870044,15075,14327,92,14419,153
2020-11-20,San Joaquin,077,732212,25923,24460,448,24908,515
2020-11-20,San Luis Obispo,079,281455,6094,5524,96,5620,34
2020-11-20,San Mateo,081,765935,13986,12980,12,12992,169
2020-11-20,Santa Barbara,083,443738,12098,10825,186,11011,136
2020-11-20,Santa Clara,085,1922200,33538,30002,65,30067,431
2020-11-20,Santa Cruz,087,273765,4317,3815,49,3864,25
2020-11-20,Shasta,089,179085,5004,3861,136,3997,42
2020-11-20,Sierra,091,2930,17,12,0,12,0
2020-11-20,Siskiyou,093,43540,559,387,30,417,0
2020-11-20,Solano,095,438530,10037,9216,57,9273,85
2020-11-20,Sonoma,097,501317,11970,11316,46,11362,158
2020-11-20,Stanislaus,099,539301,21216,19889,1272,21161,433
2020-11-20,Sutter,101,95872,3108,2580,10,2590,13
2020-11-20,Tehama,103,63373,1601,1410,15,1425,9
2020-11-20,Trinity,105,12862,247,102,22,124,0
2020-11-20,Tulare,107,460477,20976,19568,1177,20745,311
2020-11-20,Tuolumne,109,53932,938,662,4,666,7
2020-11-20,Ventura,111,848112,19349,17741,578,18319,175
2020-11-20,Yolo,113,214977,4654,4081,14,4095,74
2020-11-20,Yuba,115,75493,1856,1611,9,1620,10
2020-11-19,Alameda,001,1643700,28712,26971,297,27268,441
2020-11-19,Alpine,003,1148,44,20,0,20,0
2020-11-19,Amador,005,37829,480,436,1,437,16
2020-11-19,Butte,007,227075,3912,3576,173,3749,60
2020-11-19,Calaveras,009,45235,438,417,0,417,21
2020-11-19,Colusa,011,21464,687,621,2,623,6
2020-11-19,Contra Costa,013,1133247,23311,21886,139,22025,259
2020-11-19,Del Norte,015,27424,294,251,0,251,2
2020-11-19,El Dorado,017,186661,2267,1825,18,1843,4
2020-11-19,Fresno,019,978130,40307,35278,1136,36414,478
2020-11-19,Glenn,021,27897,899,806,29,835,4
2020-11-19,Humboldt,023,135768,834,693,1,694,9
2020-11-19,Imperial,025,180216,15669,14507,32,14539,349
2020-11-19,Inyo,027,18085,289,262,11,273,15
2020-11-19,Kern,029,883053,39300,36779,967,37746,459
2020-11-19,Kings,031,150075,10692,9763,125,9888,85
2020-11-19,Lake,033,64148,906,809,1,810,18
2020-11-19,Lassen,035,31185,1658,1201,3,1204,0
2020-11-19,Los Angeles,037,10098052,371303,349493,5053,354546,7365
2020-11-19,Madera,039,155013,6096,5540,121,5661,54
2020-11-19,Marin,041,260295,7616,7451,25,7476,134
2020-11-19,Mariposa,043,17540,109,88,0,88,2
2020-11-19,Mendocino,045,87422,1387,1237,4,1241,23
2020-11-19,Merced,047,269075,11294,10634,96,10730,167
2020-11-19,Modoc,049,8938,97,82,18,100,0
2020-11-19,Mono,051,14174,489,468,9,477,2
2020-11-19,Monterey,053,433212,14594,13369,235,13604,108
2020-11-19,Napa,055,140530,3019,2641,17,2658,17
2020-11-19,Nevada,057,99092,1180,945,29,974,9
2020-11-19,Orange,059,3164182,74280,66998,2181,69179,1530
2020-11-19,Placer,061,380077,6511,5612,108,5720,65
2020-11-19,Plumas,063,18699,188,158,0,158,0
2020-11-19,Riverside,065,2383286,85544,78535,1415,79950,1402
2020-11-19,Sacramento,067,1510023,35057,32367,85,32452,546
2020-11-19,San Benito,069,59416,1755,1643,11,1654,15
2020-11-19,San Bernardino,071,2135413,88522,79244,1179,80423,1215
2020-11-19,San Diego,073,3302833,75722,68142,2566,70708,952
2020-11-19,San Francisco,075,870044,14918,14178,86,14264,153
2020-11-19,San Joaquin,077,732212,25603,24270,437,24707,516
2020-11-19,San Luis Obispo,079,281455,6017,5410,92,5502,34
2020-11-19,San Mateo,081,765935,13848,12714,12,12726,169
2020-11-19,Santa Barbara,083,443738,12017,10741,183,10924,136
2020-11-19,Santa Clara,085,1922200,32980,29630,64,29694,424
2020-11-19,Santa Cruz,087,273765,4226,3679,47,3726,25
2020-11-19,Shasta,089,179085,4866,3685,126,3811,42
2020-11-19,Sierra,091,2930,17,11,0,11,0
2020-11-19,Siskiyou,093,43540,534,360,29,389,0
2020-11-19,Solano,095,438530,9900,9093,53,9146,84
2020-11-19,Sonoma,097,501317,11800,11205,44,11249,156
2020-11-19,Stanislaus,099,539301,20975,19736,1230,20966,433
2020-11-19,Sutter,101,95872,3009,2509,10,2519,13
2020-11-19,Tehama,103,63373,1568,1373,12,1385,9
2020-11-19,Trinity,105,12862,241,97,22,119,0
2020-11-19,Tulare,107,460477,20754,19384,1112,20496,304
2020-11-19,Tuolumne,109,53932,905,602,4,606,7
2020-11-19,Ventura,111,848112,18996,17300,565,17865,174
2020-11-19,Yolo,113,214977,4559,3973,14,3987,72
2020-11-19,Yuba,115,75493,1816,1568,9,1577,10
2020-11-18,Alameda,001,1643700,28450,26610,292,26902,440
2020-11-18,Alpine,003,1148,43,16,0,16,0
2020-11-18,Amador,005,37829,475,430,1,431,16
2020-11-18,Butte,007,227075,3859,3537,160,3697,59
2020-11-18,Calaveras,009,45235,433,409,0,409,21
2020-11-18,Colusa,011,21464,674,611,2,613,6
2020-11-18,Contra Costa,013,1133247,23044,21685,135,21820,258
2020-11-18,Del Norte,015,27424,281,240,0,240,2
2020-11-18,El Dorado,017,186661,2179,1799,17,1816,4
2020-11-18,Fresno,019,978130,39865,34997,1085,36082,474
2020-11-18,Glenn,021,27897,883,803,27,830,4
2020-11-18,Humboldt,023,135768,820,690,1,691,9
2020-11-18,Imperial,025,180216,15447,14428,31,14459,348
2020-11-18,Inyo,027,18085,287,262,11,273,15
2020-11-18,Kern,029,883053,38911,36537,917,37454,456
2020-11-18,Kings,031,150075,10544,9696,122,9818,85
2020-11-18,Lake,033,64148,893,802,1,803,18
2020-11-18,Lassen,035,31185,1558,1124,3,1127,0
2020-11-18,Los Angeles,037,10098052,366438,344675,4866,349541,7338
2020-11-18,Madera,039,155013,6009,5519,109,5628,54
2020-11-18,Marin,041,260295,7592,7435,25,7460,134
2020-11-18,Mariposa,043,17540,106,88,0,88,2
2020-11-18,Mendocino,045,87422,1367,1237,4,1241,23
2020-11-18,Merced,047,269075,11178,10536,95,10631,166
2020-11-18,Modoc,049,8938,94,77,18,95,0
2020-11-18,Mono,051,14174,484,468,9,477,2
2020-11-18,Monterey,053,433212,14400,13340,221,13561,108
2020-11-18,Napa,055,140530,2972,2607,17,2624,17
2020-11-18,Nevada,057,99092,1140,933,27,960,9
2020-11-18,Orange,059,3164182,73183,66381,2156,68537,1521
2020-11-18,Placer,061,380077,6333,5543,103,5646,64
2020-11-18,Plumas,063,18699,183,143,0,143,0
2020-11-18,Riverside,065,2383286,84078,77739,1314,79053,1387
2020-11-18,Sacramento,067,1510023,34432,31816,77,31893,541
2020-11-18,San Benito,069,59416,1730,1632,10,1642,15
2020-11-18,San Bernardino,071,2135413,86762,77400,1099,78499,1206
2020-11-18,San Diego,073,3302833,74428,67243,2506,69749,945
2020-11-18,San Francisco,075,870044,14774,14057,84,14141,153
2020-11-18,San Joaquin,077,732212,25337,24146,422,24568,517
2020-11-18,San Luis Obispo,079,281455,5942,5322,91,5413,34
2020-11-18,San Mateo,081,765935,13694,12631,11,12642,169
2020-11-18,Santa Barbara,083,443738,11938,10684,176,10860,136
2020-11-18,Santa Clara,085,1922200,32515,29285,59,29344,421
2020-11-18,Santa Cruz,087,273765,4134,3618,45,3663,25
2020-11-18,Shasta,089,179085,4730,3547,122,3669,42
2020-11-18,Sierra,091,2930,17,11,0,11,0
2020-11-18,Siskiyou,093,43540,502,351,28,379,0
2020-11-18,Solano,095,438530,9768,8994,51,9045,84
2020-11-18,Sonoma,097,501317,11693,11129,41,11170,155
2020-11-18,Stanislaus,099,539301,20732,19609,1205,20814,431
2020-11-18,Sutter,101,95872,2891,2442,10,2452,13
2020-11-18,Tehama,103,63373,1529,1338,12,1350,8
2020-11-18,Trinity,105,12862,227,95,21,116,0
2020-11-18,Tulare,107,460477,20544,19286,1061,20347,306
2020-11-18,Tuolumne,109,53932,870,590,4,594,7
2020-11-18,Ventura,111,848112,18671,17169,550,17719,173
2020-11-18,Yolo,113,214977,4485,3929,14,3943,71
2020-11-18,Yuba,115,75493,1762,1540,9,1549,10
2020-11-17,Alameda,001,1643700,28126,26425,282,26707,439
2020-11-17,Alpine,003,1148,41,12,0,12,0
2020-11-17,Amador,005,37829,464,423,1,424,16
2020-11-17,Butte,007,227075,3816,3500,150,3650,59
2020-11-17,Calaveras,009,45235,418,405,0,405,21
2020-11-17,Colusa,011,21464,663,606,1,607,6
2020-11-17,Contra Costa,013,1133247,22771,21557,130,21687,256
2020-11-17,Del Norte,015,27424,275,233,0,233,2
2020-11-17,El Dorado,017,186661,2120,1758,17,1775,4
2020-11-17,Fresno,019,978130,39266,34765,1025,35790,472
2020-11-17,Glenn,021,27897,872,795,26,821,4
2020-11-17,Humboldt,023,135768,798,685,1,686,9
2020-11-17,Imperial,025,180216,15211,14204,30,14234,346
2020-11-17,Inyo,027,18085,286,263,11,274,15
2020-11-17,Kern,029,883053,38461,36164,864,37028,455
2020-11-17,Kings,031,150075,10471,9653,115,9768,85
2020-11-17,Lake,033,64148,873,792,1,793,18
2020-11-17,Lassen,035,31185,1479,1124,3,1127,0
2020-11-17,Los Angeles,037,10098052,361488,340933,4704,345637,7302
2020-11-17,Madera,039,155013,5920,5485,102,5587,54
2020-11-17,Marin,041,260295,7560,7404,24,7428,134
2020-11-17,Mariposa,043,17540,103,87,0,87,2
2020-11-17,Mendocino,045,87422,1346,1216,4,1220,23
2020-11-17,Merced,047,269075,11034,10457,88,10545,162
2020-11-17,Modoc,049,8938,88,71,17,88,0
2020-11-17,Mono,051,14174,479,459,9,468,2
2020-11-17,Monterey,053,433212,14172,13220,211,13431,108
2020-11-17,Napa,055,140530,2918,2568,17,2585,17
2020-11-17,Nevada,057,99092,1099,918,26,944,9
2020-11-17,Orange,059,3164182,72032,65757,2128,67885,1519
2020-11-17,Placer,061,380077,6171,5435,97,5532,63
2020-11-17,Plumas,063,18699,175,142,0,142,0
2020-11-17,Riverside,065,2383286,82692,77079,1224,78303,1379
2020-11-17,Sacramento,067,1510023,33832,31341,73,31414,538
2020-11-17,San Benito,069,59416,1714,1611,4,1615,15
2020-11-17,San Bernardino,071,2135413,84947,76134,1010,77144,1188
2020-11-17,San Diego,073,3302833,73174,66321,2451,68772,933
2020-11-17,San Francisco,075,870044,14608,13952,83,14035,153
2020-11-17,San Joaquin,077,732212,25065,23997,403,24400,516
2020-11-17,San Luis Obispo,079,281455,5846,5235,91,5326,34
2020-11-17,San Mateo,081,765935,13532,12491,10,12501,169
2020-11-17,Santa Barbara,083,443738,11849,10597,171,10768,136
2020-11-17,Santa Clara,085,1922200,31968,29013,58,29071,419
2020-11-17,Santa Cruz,087,273765,4050,3548,42,3590,25
2020-11-17,Shasta,089,179085,4568,3457,110,3567,40
2020-11-17,Sierra,091,2930,15,11,0,11,0
2020-11-17,Siskiyou,093,43540,454,333,27,360,0
2020-11-17,Solano,095,438530,9623,8905,50,8955,84
2020-11-17,Sonoma,097,501317,11559,11084,39,11123,155
2020-11-17,Stanislaus,099,539301,20509,19466,1177,20643,425
2020-11-17,Sutter,101,95872,2808,2370,9,2379,12
2020-11-17,Tehama,103,63373,1479,1290,12,1302,7
2020-11-17,Trinity,105,12862,210,83,21,104,0
2020-11-17,Tulare,107,460477,20314,19176,999,20175,305
2020-11-17,Tuolumne,109,53932,832,568,4,572,7
2020-11-17,Ventura,111,848112,18399,16797,532,17329,173
2020-11-17,Yolo,113,214977,4309,3887,13,3900,70
2020-11-17,Yuba,115,75493,1714,1519,9,1528,10
2020-11-16,Alameda,001,1643700,27779,26063,277,26340,436
2020-11-16,Alpine,003,1148,38,12,0,12,0
2020-11-16,Amador,005,37829,456,414,1,415,16
2020-11-16,Butte,007,227075,3777,3490,141,3631,58
2020-11-16,Calaveras,009,45235,410,402,0,402,21
2020-11-16,Colusa,011,21464,654,601,1,602,6
2020-11-16,Contra Costa,013,1133247,22505,21386,125,21511,256
2020-11-16,Del Norte,015,27424,268,225,0,225,2
2020-11-16,El Dorado,017,186661,2060,1694,15,1709,4
2020-11-16,Fresno,019,978130,38776,34593,971,35564,471
2020-11-16,Glenn,021,27897,860,786,25,811,4
2020-11-16,Humboldt,023,135768,781,660,1,661,9
2020-11-16,Imperial,025,180216,14963,14111,30,14141,346
2020-11-16,Inyo,027,18085,283,263,11,274,15
2020-11-16,Kern,029,883053,38067,36049,820,36869,455
2020-11-16,Kings,031,150075,10204,9569,111,9680,85
2020-11-16,Lake,033,64148,861,784,1,785,18
2020-11-16,Lassen,035,31185,1298,1124,3,1127,0
2020-11-16,Los Angeles,037,10098052,356745,338778,4529,343307,7277
2020-11-16,Madera,039,155013,5833,5433,96,5529,54
2020-11-16,Marin,041,260295,7531,7359,24,7383,134
2020-11-16,Mariposa,043,17540,100,86,0,86,2
2020-11-16,Mendocino,045,87422,1321,1209,4,1213,23
2020-11-16,Merced,047,269075,10896,10399,85,10484,162
2020-11-16,Modoc,049,8938,86,71,17,88,0
2020-11-16,Mono,051,14174,477,453,9,462,2
2020-11-16,Monterey,053,433212,13926,13089,199,13288,107
2020-11-16,Napa,055,140530,2842,2536,17,2553,17
2020-11-16,Nevada,057,99092,1056,889,24,913,9
2020-11-16,Orange,059,3164182,70935,65396,2114,67510,1519
2020-11-16,Placer,061,380077,6051,5387,88,5475,63
2020-11-16,Plumas,063,18699,168,127,0,127,0
2020-11-16,Riverside,065,2383286,81321,76449,1159,77608,1379
2020-11-16,Sacramento,067,1510023,33194,30954,67,31021,534
2020-11-16,San Benito,069,59416,1696,1603,3,1606,15
2020-11-16,San Bernardino,071,2135413,83120,74401,941,75342,1186
2020-11-16,San Diego,073,3302833,71864,65603,2379,67982,926
2020-11-16,San Francisco,075,870044,14449,13847,80,13927,153
2020-11-16,San Joaquin,077,732212,24777,23515,394,23909,513
2020-11-16,San Luis Obispo,079,281455,5742,5161,86,5247,34
2020-11-16,San Mateo,081,765935,13372,12398,10,12408,169
2020-11-16,Santa Barbara,083,443738,11784,10565,167,10732,135
2020-11-16,Santa Clara,085,1922200,31403,28673,57,28730,419
2020-11-16,Santa Cruz,087,273765,3977,3520,42,3562,25
2020-11-16,Shasta,089,179085,4418,3284,105,3389,37
2020-11-16,Sierra,091,2930,15,11,0,11,0
2020-11-16,Siskiyou,093,43540,427,294,27,321,0
2020-11-16,Solano,095,438530,9424,8827,50,8877,84
2020-11-16,Sonoma,097,501317,11468,10961,38,10999,155
2020-11-16,Stanislaus,099,539301,20272,19333,1150,20483,425
2020-11-16,Sutter,101,95872,2702,2322,9,2331,12
2020-11-16,Tehama,103,63373,1434,1261,8,1269,7
2020-11-16,Trinity,105,12862,198,67,21,88,0
2020-11-16,Tulare,107,460477,20135,18891,944,19835,305
2020-11-16,Tuolumne,109,53932,796,543,4,547,7
2020-11-16,Ventura,111,848112,18061,16691,524,17215,172
2020-11-16,Yolo,113,214977,4213,3858,13,3871,70
2020-11-16,Yuba,115,75493,1678,1500,8,1508,10
2020-11-15,Alameda,001,1643700,27460,25879,271,26150,436
2020-11-15,Alpine,003,1148,36,12,0,12,0
2020-11-15,Amador,005,37829,444,409,1,410,16
2020-11-15,Butte,007,227075,3723,3452,132,3584,58
2020-11-15,Calaveras,009,45235,397,386,0,386,21
2020-11-15,Colusa,011,21464,645,601,1,602,6
2020-11-15,Contra Costa,013,1133247,22205,21179,124,21303,256
2020-11-15,Del Norte,015,27424,252,224,0,224,2
2020-11-15,El Dorado,017,186661,1998,1683,14,1697,4
2020-11-15,Fresno,019,978130,38263,34297,933,35230,471
2020-11-15,Glenn,021,27897,848,783,24,807,4
2020-11-15,Humboldt,023,135768,753,653,1,654,9
2020-11-15,Imperial,025,180216,14726,13940,30,13970,346
2020-11-15,Inyo,027,18085,273,263,11,274,15
2020-11-15,Kern,029,883053,37663,35911,784,36695,455
2020-11-15,Kings,031,150075,10011,9533,107,9640,85
2020-11-15,Lake,033,64148,852,777,1,778,17
2020-11-15,Lassen,035,31185,1251,1124,3,1127,0
2020-11-15,Los Angeles,037,10098052,351706,336035,4355,340390,7271
2020-11-15,Madera,039,155013,5736,5391,90,5481,54
2020-11-15,Marin,041,260295,7505,7347,24,7371,133
2020-11-15,Mariposa,043,17540,97,86,0,86,2
2020-11-15,Mendocino,045,87422,1302,1197,4,1201,22
2020-11-15,Merced,047,269075,10763,10350,85,10435,162
2020-11-15,Modoc,049,8938,85,68,17,85,0
2020-11-15,Mono,051,14174,475,453,9,462,2
2020-11-15,Monterey,053,433212,13729,12999,186,13185,107
2020-11-15,Napa,055,140530,2783,2509,15,2524,17
2020-11-15,Nevada,057,99092,1001,859,24,883,9
2020-11-15,Orange,059,3164182,69893,65008,2098,67106,1519
2020-11-15,Placer,061,380077,5896,5330,80,5410,63
2020-11-15,Plumas,063,18699,162,127,0,127,0
2020-11-15,Riverside,065,2383286,79998,75531,1100,76631,1374
2020-11-15,Sacramento,067,1510023,32568,30601,63,30664,534
2020-11-15,San Benito,069,59416,1671,1589,2,1591,15
2020-11-15,San Bernardino,071,2135413,80968,73769,862,74631,1185
2020-11-15,San Diego,073,3302833,70363,64770,2322,67092,926
2020-11-15,San Francisco,075,870044,14272,13757,79,13836,153
2020-11-15,San Joaquin,077,732212,24569,23516,378,23894,513
2020-11-15,San Luis Obispo,079,281455,5617,5120,84,5204,34
2020-11-15,San Mateo,081,765935,13195,12348,10,12358,169
2020-11-15,Santa Barbara,083,443738,11689,10516,165,10681,135
2020-11-15,Santa Clara,085,1922200,30949,28289,56,28345,418
2020-11-15,Santa Cruz,087,273765,3839,3439,41,3480,25
2020-11-15,Shasta,089,179085,4243,3290,96,3386,37
2020-11-15,Sierra,091,2930,15,11,0,11,0
2020-11-15,Siskiyou,093,43540,408,294,27,321,0
2020-11-15,Solano,095,438530,9263,8713,47,8760,84
2020-11-15,Sonoma,097,501317,11348,10833,37,10870,154
2020-11-15,Stanislaus,099,539301,20000,19228,1124,20352,425
2020-11-15,Sutter,101,95872,2612,2230,9,2239,12
2020-11-15,Tehama,103,63373,1383,1222,7,1229,7
2020-11-15,Trinity,105,12862,188,67,19,86,0
2020-11-15,Tulare,107,460477,19918,18891,891,19782,305
2020-11-15,Tuolumne,109,53932,754,486,4,490,7
2020-11-15,Ventura,111,848112,17787,16564,516,17080,172
2020-11-15,Yolo,113,214977,4110,3819,12,3831,67
2020-11-15,Yuba,115,75493,1637,1470,7,1477,10
2020-11-14,Alameda,001,1643700,27193,25714,269,25983,435
2020-11-14,Alpine,003,1148,36,12,0,12,0
2020-11-14,Amador,005,37829,435,404,0,404,16
2020-11-14,Butte,007,227075,3687,3434,118,3552,58
2020-11-14,Calaveras,009,45235,396,386,0,386,21
2020-11-14,Colusa,011,21464,633,601,1,602,6
2020-11-14,Contra Costa,013,1133247,22066,20975,117,21092,256
2020-11-14,Del Norte,015,27424,246,219,0,219,2
2020-11-14,El Dorado,017,186661,1954,1648,14,1662,4
2020-11-14,Fresno,019,978130,38012,33969,896,34865,471
2020-11-14,Glenn,021,27897,839,772,21,793,3
2020-11-14,Humboldt,023,135768,738,643,1,644,9
2020-11-14,Imperial,025,180216,14633,13932,29,13961,346
2020-11-14,Inyo,027,18085,272,263,11,274,15
2020-11-14,Kern,029,883053,37453,35626,765,36391,454
2020-11-14,Kings,031,150075,9976,9490,104,9594,85
2020-11-14,Lake,033,64148,843,773,1,774,17
2020-11-14,Lassen,035,31185,1237,833,3,836,0
2020-11-14,Los Angeles,037,10098052,348999,333021,4247,337268,7269
2020-11-14,Madera,039,155013,5706,5371,88,5459,54
2020-11-14,Marin,041,260295,7489,7325,24,7349,133
2020-11-14,Mariposa,043,17540,96,86,0,86,2
2020-11-14,Mendocino,045,87422,1286,1181,4,1185,22
2020-11-14,Merced,047,269075,10707,10286,83,10369,161
2020-11-14,Modoc,049,8938,84,64,16,80,0
2020-11-14,Mono,051,14174,475,453,9,462,2
2020-11-14,Monterey,053,433212,13633,12854,176,13030,105
2020-11-14,Napa,055,140530,2749,2473,15,2488,17
2020-11-14,Nevada,057,99092,985,835,24,859,9
2020-11-14,Orange,059,3164182,69271,64340,2087,66427,1517
2020-11-14,Placer,061,380077,5820,5215,74,5289,63
2020-11-14,Plumas,063,18699,157,128,0,128,0
2020-11-14,Riverside,065,2383286,79257,74910,1058,75968,1373
2020-11-14,Sacramento,067,1510023,32242,30298,63,30361,532
2020-11-14,San Benito,069,59416,1656,1573,2,1575,15
2020-11-14,San Bernardino,071,2135413,80034,72868,830,73698,1184
2020-11-14,San Diego,073,3302833,69598,63715,2270,65985,926
2020-11-14,San Francisco,075,870044,14185,13661,78,13739,153
2020-11-14,San Joaquin,077,732212,24478,23516,370,23886,511
2020-11-14,San Luis Obispo,079,281455,5553,5073,79,5152,34
2020-11-14,San Mateo,081,765935,13087,12293,10,12303,169
2020-11-14,Santa Barbara,083,443738,11635,10482,163,10645,135
2020-11-14,Santa Clara,085,1922200,30665,27962,54,28016,416
2020-11-14,Santa Cruz,087,273765,3784,3402,41,3443,25
2020-11-14,Shasta,089,179085,4159,3195,94,3289,37
2020-11-14,Sierra,091,2930,15,11,0,11,0
2020-11-14,Siskiyou,093,43540,395,292,27,319,0
2020-11-14,Solano,095,438530,9183,8655,46,8701,84
2020-11-14,Sonoma,097,501317,11295,10769,37,10806,154
2020-11-14,Stanislaus,099,539301,19858,19068,1102,20170,424
2020-11-14,Sutter,101,95872,2567,2182,9,2191,12
2020-11-14,Tehama,103,63373,1362,1206,6,1212,7
2020-11-14,Trinity,105,12862,183,67,19,86,0
2020-11-14,Tulare,107,460477,19823,18853,863,19716,305
2020-11-14,Tuolumne,109,53932,726,448,4,452,7
2020-11-14,Ventura,111,848112,17641,16297,505,16802,172
2020-11-14,Yolo,113,214977,4067,3765,10,3775,65
2020-11-14,Yuba,115,75493,1608,1453,7,1460,10
2020-11-13,Alameda,001,1643700,26977,25515,264,25779,434
2020-11-13,Alpine,003,1148,36,12,0,12,0
2020-11-13,Amador,005,37829,432,397,0,397,16
2020-11-13,Butte,007,227075,3663,3402,109,3511,58
2020-11-13,Calaveras,009,45235,392,378,0,378,21
2020-11-13,Colusa,011,21464,625,598,1,599,6
2020-11-13,Contra Costa,013,1133247,21894,20799,117,20916,256
2020-11-13,Del Norte,015,27424,244,208,0,208,2
2020-11-13,El Dorado,017,186661,1909,1611,13,1624,4
2020-11-13,Fresno,019,978130,37764,33693,882,34575,470
2020-11-13,Glenn,021,27897,825,755,17,772,3
2020-11-13,Humboldt,023,135768,723,638,1,639,9
2020-11-13,Imperial,025,180216,14563,13790,28,13818,341
2020-11-13,Inyo,027,18085,271,262,11,273,15
2020-11-13,Kern,029,883053,37251,35431,748,36179,453
2020-11-13,Kings,031,150075,9917,9428,103,9531,85
2020-11-13,Lake,033,64148,837,770,1,771,17
2020-11-13,Lassen,035,31185,1228,832,3,835,0
2020-11-13,Los Angeles,037,10098052,345872,329364,4140,333504,7248
2020-11-13,Madera,039,155013,5666,5340,87,5427,54
2020-11-13,Marin,041,260295,7476,7307,23,7330,133
2020-11-13,Mariposa,043,17540,94,86,0,86,2
2020-11-13,Mendocino,045,87422,1274,1173,4,1177,22
2020-11-13,Merced,047,269075,10651,10185,80,10265,159
2020-11-13,Modoc,049,8938,84,63,14,77,0
2020-11-13,Mono,051,14174,475,448,8,456,2
2020-11-13,Monterey,053,433212,13438,12681,164,12845,104
2020-11-13,Napa,055,140530,2710,2440,15,2455,17
2020-11-13,Nevada,057,99092,966,798,24,822,9
2020-11-13,Orange,059,3164182,68671,63804,2067,65871,1514
2020-11-13,Placer,061,380077,5715,5122,68,5190,63
2020-11-13,Plumas,063,18699,151,125,0,125,0
2020-11-13,Riverside,065,2383286,78519,74138,1029,75167,1372
2020-11-13,Sacramento,067,1510023,31924,29787,58,29845,524
2020-11-13,San Benito,069,59416,1644,1553,1,1554,15
2020-11-13,San Bernardino,071,2135413,78987,71895,809,72704,1184
2020-11-13,San Diego,073,3302833,68751,62978,2232,65210,921
2020-11-13,San Francisco,075,870044,14092,13516,76,13592,146
2020-11-13,San Joaquin,077,732212,24383,23314,364,23678,510
2020-11-13,San Luis Obispo,079,281455,5487,4960,76,5036,34
2020-11-13,San Mateo,081,765935,12993,12182,10,12192,169
2020-11-13,Santa Barbara,083,443738,11583,10405,161,10566,134
2020-11-13,Santa Clara,085,1922200,30338,27609,52,27661,415
2020-11-13,Santa Cruz,087,273765,3711,3343,41,3384,25
2020-11-13,Shasta,089,179085,4074,2983,90,3073,37
2020-11-13,Sierra,091,2930,15,11,0,11,0
2020-11-13,Siskiyou,093,43540,390,280,26,306,0
2020-11-13,Solano,095,438530,9092,8525,46,8571,84
2020-11-13,Sonoma,097,501317,11234,10685,35,10720,151
2020-11-13,Stanislaus,099,539301,19733,18936,1074,20010,422
2020-11-13,Sutter,101,95872,2521,2121,8,2129,12
2020-11-13,Tehama,103,63373,1334,1167,6,1173,7
2020-11-13,Trinity,105,12862,181,64,19,83,0
2020-11-13,Tulare,107,460477,19700,18714,821,19535,305
2020-11-13,Tuolumne,109,53932,693,427,4,431,7
2020-11-13,Ventura,111,848112,17495,16172,491,16663,171
2020-11-13,Yolo,113,214977,4016,3716,10,3726,65
2020-11-13,Yuba,115,75493,1581,1435,7,1442,10
2020-11-12,Alameda,001,1643700,26710,25345,264,25609,432
2020-11-12,Alpine,003,1148,35,12,0,12,0
2020-11-12,Amador,005,37829,431,392,0,392,16
2020-11-12,Butte,007,227075,3614,3347,106,3453,58
2020-11-12,Calaveras,009,45235,387,373,0,373,21
2020-11-12,Colusa,011,21464,620,591,1,592,6
2020-11-12,Contra Costa,013,1133247,21687,20619,115,20734,255
2020-11-12,Del Norte,015,27424,237,203,0,203,2
2020-11-12,El Dorado,017,186661,1863,1573,9,1582,4
2020-11-12,Fresno,019,978130,37416,33459,839,34298,468
2020-11-12,Glenn,021,27897,806,727,17,744,3
2020-11-12,Humboldt,023,135768,710,625,1,626,9
2020-11-12,Imperial,025,180216,14398,13619,28,13647,341
2020-11-12,Inyo,027,18085,270,255,11,266,15
2020-11-12,Kern,029,883053,36986,35207,733,35940,451
2020-11-12,Kings,031,150075,9850,9335,102,9437,85
2020-11-12,Lake,033,64148,828,764,1,765,17
2020-11-12,Lassen,035,31185,1159,832,2,834,0
2020-11-12,Los Angeles,037,10098052,342132,327001,4038,331039,7223
2020-11-12,Madera,039,155013,5631,5273,82,5355,54
2020-11-12,Marin,041,260295,7447,7268,23,7291,133
2020-11-12,Mariposa,043,17540,92,84,0,84,2
2020-11-12,Mendocino,045,87422,1255,1142,4,1146,22
2020-11-12,Merced,047,269075,10537,10107,77,10184,158
2020-11-12,Modoc,049,8938,84,63,14,77,0
2020-11-12,Mono,051,14174,474,442,8,450,2
2020-11-12,Monterey,053,433212,13317,12489,150,12639,100
2020-11-12,Napa,055,140530,2648,2398,15,2413,16
2020-11-12,Nevada,057,99092,943,780,23,803,9
2020-11-12,Orange,059,3164182,67925,63232,2048,65280,1514
2020-11-12,Placer,061,380077,5605,5044,58,5102,62
2020-11-12,Plumas,063,18699,147,121,0,121,0
2020-11-12,Riverside,065,2383286,77589,73381,985,74366,1362
2020-11-12,Sacramento,067,1510023,31433,29459,51,29510,520
2020-11-12,San Benito,069,59416,1624,1525,1,1526,15
2020-11-12,San Bernardino,071,2135413,77622,70758,770,71528,1183
2020-11-12,San Diego,073,3302833,67771,62336,2181,64517,918
2020-11-12,San Francisco,075,870044,13993,13289,75,13364,146
2020-11-12,San Joaquin,077,732212,24189,23002,343,23345,509
2020-11-12,San Luis Obispo,079,281455,5423,4898,75,4973,33
2020-11-12,San Mateo,081,765935,12869,12086,9,12095,169
2020-11-12,Santa Barbara,083,443738,11520,10325,156,10481,134
2020-11-12,Santa Clara,085,1922200,29962,27261,51,27312,414
2020-11-12,Santa Cruz,087,273765,3628,3317,39,3356,25
2020-11-12,Shasta,089,179085,3936,2825,79,2904,37
2020-11-12,Sierra,091,2930,15,11,0,11,0
2020-11-12,Siskiyou,093,43540,373,275,21,296,0
2020-11-12,Solano,095,438530,8992,8417,45,8462,85
2020-11-12,Sonoma,097,501317,11132,10602,34,10636,151
2020-11-12,Stanislaus,099,539301,19565,18787,1045,19832,422
2020-11-12,Sutter,101,95872,2437,2075,7,2082,12
2020-11-12,Tehama,103,63373,1307,1117,6,1123,7
2020-11-12,Trinity,105,12862,173,62,18,80,0
2020-11-12,Tulare,107,460477,19588,18545,783,19328,305
2020-11-12,Tuolumne,109,53932,654,353,4,357,7
2020-11-12,Ventura,111,848112,17245,16013,485,16498,158
2020-11-12,Yolo,113,214977,3972,3646,10,3656,63
2020-11-12,Yuba,115,75493,1546,1410,7,1417,10
2020-11-11,Alameda,001,1643700,26468,25140,262,25402,429
2020-11-11,Alpine,003,1148,30,12,0,12,0
2020-11-11,Amador,005,37829,424,389,0,389,16
2020-11-11,Butte,007,227075,3588,3348,93,3441,58
2020-11-11,Calaveras,009,45235,377,373,0,373,21
2020-11-11,Colusa,011,21464,614,591,1,592,6
2020-11-11,Contra Costa,013,1133247,21468,20452,113,20565,255
2020-11-11,Del Norte,015,27424,230,203,0,203,2
2020-11-11,El Dorado,017,186661,1817,1564,8,1572,4
2020-11-11,Fresno,019,978130,37096,33287,804,34091,468
2020-11-11,Glenn,021,27897,790,722,16,738,3
2020-11-11,Humboldt,023,135768,696,623,1,624,9
2020-11-11,Imperial,025,180216,14227,13623,26,13649,340
2020-11-11,Inyo,027,18085,268,255,11,266,15
2020-11-11,Kern,029,883053,36712,35014,716,35730,449
2020-11-11,Kings,031,150075,9744,9263,99,9362,85
2020-11-11,Lake,033,64148,818,763,1,764,17
2020-11-11,Lassen,035,31185,1134,831,2,833,0
2020-11-11,Los Angeles,037,10098052,338769,324567,3950,328517,7220
2020-11-11,Madera,039,155013,5596,5248,80,5328,54
2020-11-11,Marin,041,260295,7424,7268,23,7291,133
2020-11-11,Mariposa,043,17540,92,84,0,84,2
2020-11-11,Mendocino,045,87422,1243,1142,4,1146,22
2020-11-11,Merced,047,269075,10466,10074,75,10149,157
2020-11-11,Modoc,049,8938,80,62,13,75,0
2020-11-11,Mono,051,14174,472,443,8,451,2
2020-11-11,Monterey,053,433212,13173,12417,146,12563,100
2020-11-11,Napa,055,140530,2599,2365,12,2377,15
2020-11-11,Nevada,057,99092,901,741,23,764,9
2020-11-11,Orange,059,3164182,67287,62929,2025,64954,1506
2020-11-11,Placer,061,380077,5521,4981,50,5031,60
2020-11-11,Plumas,063,18699,145,111,0,111,0
2020-11-11,Riverside,065,2383286,76684,72953,939,73892,1361
2020-11-11,Sacramento,067,1510023,30976,28968,49,29017,520
2020-11-11,San Benito,069,59416,1610,1512,1,1513,15
2020-11-11,San Bernardino,071,2135413,76335,70374,743,71117,1182
2020-11-11,San Diego,073,3302833,66836,61746,2120,63866,918
2020-11-11,San Francisco,075,870044,13884,13287,74,13361,146
2020-11-11,San Joaquin,077,732212,24030,23001,337,23338,509
2020-11-11,San Luis Obispo,079,281455,5348,4832,72,4904,33
2020-11-11,San Mateo,081,765935,12754,12008,9,12017,169
2020-11-11,Santa Barbara,083,443738,11455,10278,156,10434,134
2020-11-11,Santa Clara,085,1922200,29609,27075,50,27125,413
2020-11-11,Santa Cruz,087,273765,3560,3247,39,3286,25
2020-11-11,Shasta,089,179085,3813,2766,69,2835,36
2020-11-11,Sierra,091,2930,13,11,0,11,0
2020-11-11,Siskiyou,093,43540,342,261,18,279,0
2020-11-11,Solano,095,438530,8874,8353,43,8396,85
2020-11-11,Sonoma,097,501317,11058,10498,34,10532,150
2020-11-11,Stanislaus,099,539301,19427,18671,1014,19685,422
2020-11-11,Sutter,101,95872,2389,2049,6,2055,12
2020-11-11,Tehama,103,63373,1265,1105,5,1110,7
2020-11-11,Trinity,105,12862,162,62,18,80,0
2020-11-11,Tulare,107,460477,19457,18500,752,19252,305
2020-11-11,Tuolumne,109,53932,598,354,4,358,7
2020-11-11,Ventura,111,848112,17030,15801,471,16272,158
2020-11-11,Yolo,113,214977,3921,3606,10,3616,63
2020-11-11,Yuba,115,75493,1531,1400,7,1407,10
2020-11-10,Alameda,001,1643700,26238,25008,259,25267,424
2020-11-10,Alpine,003,1148,30,9,0,9,0
2020-11-10,Amador,005,37829,418,384,0,384,16
2020-11-10,Butte,007,227075,3552,3327,89,3416,58
2020-11-10,Calaveras,009,45235,372,367,0,367,21
2020-11-10,Colusa,011,21464,606,590,1,591,6
2020-11-10,Contra Costa,013,1133247,21261,20326,111,20437,255
2020-11-10,Del Norte,015,27424,224,196,0,196,2
2020-11-10,El Dorado,017,186661,1756,1551,8,1559,4
2020-11-10,Fresno,019,978130,36826,33024,766,33790,465
2020-11-10,Glenn,021,27897,782,719,12,731,3
2020-11-10,Humboldt,023,135768,679,610,1,611,9
2020-11-10,Imperial,025,180216,14097,13570,26,13596,338
2020-11-10,Inyo,027,18085,267,252,10,262,14
2020-11-10,Kern,029,883053,36435,34858,697,35555,448
2020-11-10,Kings,031,150075,9697,9236,92,9328,85
2020-11-10,Lake,033,64148,808,762,1,763,16
2020-11-10,Lassen,035,31185,1119,830,2,832,0
2020-11-10,Los Angeles,037,10098052,335519,322569,3835,326404,7205
2020-11-10,Madera,039,155013,5554,5229,74,5303,54
2020-11-10,Marin,041,260295,7405,7259,23,7282,133
2020-11-10,Mariposa,043,17540,90,84,0,84,2
2020-11-10,Mendocino,045,87422,1235,1137,4,1141,22
2020-11-10,Merced,047,269075,10404,9992,69,10061,157
2020-11-10,Modoc,049,8938,78,61,13,74,0
2020-11-10,Mono,051,14174,470,443,8,451,2
2020-11-10,Monterey,053,433212,13035,12335,138,12473,100
2020-11-10,Napa,055,140530,2561,2341,10,2351,15
2020-11-10,Nevada,057,99092,885,734,23,757,9
2020-11-10,Orange,059,3164182,66736,62597,2015,64612,1504
2020-11-10,Placer,061,380077,5441,4902,49,4951,60
2020-11-10,Plumas,063,18699,141,108,0,108,0
2020-11-10,Riverside,065,2383286,76043,72316,912,73228,1359
2020-11-10,Sacramento,067,1510023,30569,28677,46,28723,519
2020-11-10,San Benito,069,59416,1595,1508,1,1509,15
2020-11-10,San Bernardino,071,2135413,75164,69666,709,70375,1182
2020-11-10,San Diego,073,3302833,65945,61085,2083,63168,915
2020-11-10,San Francisco,075,870044,13767,13210,74,13284,146
2020-11-10,San Joaquin,077,732212,23865,22865,330,23195,508
2020-11-10,San Luis Obispo,079,281455,5284,4780,68,4848,33
2020-11-10,San Mateo,081,765935,12653,11939,9,11948,169
2020-11-10,Santa Barbara,083,443738,11388,10252,152,10404,134
2020-11-10,Santa Clara,085,1922200,29266,26917,49,26966,409
2020-11-10,Santa Cruz,087,273765,3496,3221,39,3260,25
2020-11-10,Shasta,089,179085,3671,2686,61,2747,36
2020-11-10,Sierra,091,2930,12,10,0,10,0
2020-11-10,Siskiyou,093,43540,326,263,17,280,0
2020-11-10,Solano,095,438530,8776,8299,43,8342,85
2020-11-10,Sonoma,097,501317,10971,10414,34,10448,150
2020-11-10,Stanislaus,099,539301,19293,18592,990,19582,420
2020-11-10,Sutter,101,95872,2294,2035,5,2040,12
2020-11-10,Tehama,103,63373,1239,1099,4,1103,7
2020-11-10,Trinity,105,12862,153,62,17,79,0
2020-11-10,Tulare,107,460477,19343,18430,728,19158,305
2020-11-10,Tuolumne,109,53932,550,353,4,357,7
2020-11-10,Ventura,111,848112,16847,15625,469,16094,158
2020-11-10,Yolo,113,214977,3860,3573,10,3583,63
2020-11-10,Yuba,115,75493,1508,1392,7,1399,10
2020-11-09,Alameda,001,1643700,25989,24899,255,25154,424
2020-11-09,Alpine,003,1148,28,6,0,6,0
2020-11-09,Amador,005,37829,409,380,0,380,16
2020-11-09,Butte,007,227075,3507,3301,80,3381,57
2020-11-09,Calaveras,009,45235,368,360,0,360,21
2020-11-09,Colusa,011,21464,600,583,1,584,6
2020-11-09,Contra Costa,013,1133247,21088,20193,109,20302,255
2020-11-09,Del Norte,015,27424,218,195,0,195,2
2020-11-09,El Dorado,017,186661,1715,1515,8,1523,4
2020-11-09,Fresno,019,978130,36515,32755,725,33480,465
2020-11-09,Glenn,021,27897,776,714,9,723,3
2020-11-09,Humboldt,023,135768,666,607,1,608,9
2020-11-09,Imperial,025,180216,13980,13508,25,13533,338
2020-11-09,Inyo,027,18085,267,252,10,262,14
2020-11-09,Kern,029,883053,36204,34764,661,35425,448
2020-11-09,Kings,031,150075,9627,9141,90,9231,84
2020-11-09,Lake,033,64148,799,755,1,756,16
2020-11-09,Lassen,035,31185,1023,799,2,801,0
2020-11-09,Los Angeles,037,10098052,332422,320370,3759,324129,7180
2020-11-09,Madera,039,155013,5508,5209,71,5280,54
2020-11-09,Marin,041,260295,7379,7237,22,7259,131
2020-11-09,Mariposa,043,17540,90,84,0,84,2
2020-11-09,Mendocino,045,87422,1223,1132,4,1136,22
2020-11-09,Merced,047,269075,10301,9922,66,9988,157
2020-11-09,Modoc,049,8938,74,54,12,66,0
2020-11-09,Mono,051,14174,467,352,8,360,2
2020-11-09,Monterey,053,433212,12888,12148,130,12278,98
2020-11-09,Napa,055,140530,2518,2309,10,2319,15
2020-11-09,Nevada,057,99092,848,729,22,751,9
2020-11-09,Orange,059,3164182,66095,62335,2003,64338,1501
2020-11-09,Placer,061,380077,5356,4843,37,4880,60
2020-11-09,Plumas,063,18699,134,102,0,102,0
2020-11-09,Riverside,065,2383286,75260,72059,879,72938,1346
2020-11-09,Sacramento,067,1510023,30097,28200,46,28246,516
2020-11-09,San Benito,069,59416,1586,1506,1,1507,15
2020-11-09,San Bernardino,071,2135413,74110,69015,667,69682,1182
2020-11-09,San Diego,073,3302833,65090,60572,2043,62615,908
2020-11-09,San Francisco,075,870044,13648,12984,71,13055,146
2020-11-09,San Joaquin,077,732212,23700,22512,325,22837,505
2020-11-09,San Luis Obispo,079,281455,5198,4746,66,4812,32
2020-11-09,San Mateo,081,765935,12546,11857,9,11866,169
2020-11-09,Santa Barbara,083,443738,11331,10214,146,10360,134
2020-11-09,Santa Clara,085,1922200,28871,26693,49,26742,409
2020-11-09,Santa Cruz,087,273765,3438,3194,39,3233,25
2020-11-09,Shasta,089,179085,3516,2581,52,2633,36
2020-11-09,Sierra,091,2930,10,10,0,10,0
2020-11-09,Siskiyou,093,43540,315,257,15,272,0
2020-11-09,Solano,095,438530,8660,8254,42,8296,85
2020-11-09,Sonoma,097,501317,10863,10310,34,10344,150
2020-11-09,Stanislaus,099,539301,19140,18482,973,19455,418
2020-11-09,Sutter,101,95872,2227,2010,4,2014,12
2020-11-09,Tehama,103,63373,1203,1071,3,1074,7
2020-11-09,Trinity,105,12862,146,46,17,63,0
2020-11-09,Tulare,107,460477,19223,18272,696,18968,304
2020-11-09,Tuolumne,109,53932,496,346,4,350,7
2020-11-09,Ventura,111,848112,16645,15568,466,16034,156
2020-11-09,Yolo,113,214977,3800,3522,9,3531,62
2020-11-09,Yuba,115,75493,1475,1380,7,1387,10
2020-11-08,Alameda,001,1643700,25761,24731,255,24986,424
2020-11-08,Alpine,003,1148,25,6,0,6,0
2020-11-08,Amador,005,37829,402,376,0,376,16
2020-11-08,Butte,007,227075,3469,3285,74,3359,57
2020-11-08,Calaveras,009,45235,366,360,0,360,21
2020-11-08,Colusa,011,21464,597,583,1,584,6
2020-11-08,Contra Costa,013,1133247,20918,20031,107,20138,254
2020-11-08,Del Norte,015,27424,210,195,0,195,2
2020-11-08,El Dorado,017,186661,1677,1502,8,1510,4
2020-11-08,Fresno,019,978130,36177,32619,686,33305,465
2020-11-08,Glenn,021,27897,770,707,8,715,3
2020-11-08,Humboldt,023,135768,650,605,1,606,9
2020-11-08,Imperial,025,180216,13864,13428,25,13453,338
2020-11-08,Inyo,027,18085,263,252,10,262,14
2020-11-08,Kern,029,883053,35985,34644,644,35288,448
2020-11-08,Kings,031,150075,9494,9026,87,9113,84
2020-11-08,Lake,033,64148,791,754,1,755,16
2020-11-08,Lassen,035,31185,875,799,2,801,0
2020-11-08,Los Angeles,037,10098052,329297,318960,3690,322650,7176
2020-11-08,Madera,039,155013,5439,5196,68,5264,54
2020-11-08,Marin,041,260295,7359,7227,22,7249,131
2020-11-08,Mariposa,043,17540,90,83,0,83,2
2020-11-08,Mendocino,045,87422,1214,1129,4,1133,22
2020-11-08,Merced,047,269075,10226,9885,64,9949,157
2020-11-08,Modoc,049,8938,70,54,12,66,0
2020-11-08,Mono,051,14174,461,352,8,360,2
2020-11-08,Monterey,053,433212,12743,12122,119,12241,98
2020-11-08,Napa,055,140530,2478,2274,10,2284,15
2020-11-08,Nevada,057,99092,832,715,22,737,9
2020-11-08,Orange,059,3164182,65506,62034,1990,64024,1501
2020-11-08,Placer,061,380077,5253,4800,32,4832,60
2020-11-08,Plumas,063,18699,129,102,0,102,0
2020-11-08,Riverside,065,2383286,74607,71442,837,72279,1345
2020-11-08,Sacramento,067,1510023,29537,28059,43,28102,515
2020-11-08,San Benito,069,59416,1571,1496,1,1497,15
2020-11-08,San Bernardino,071,2135413,72860,68412,626,69038,1182
2020-11-08,San Diego,073,3302833,64245,60199,1999,62198,908
2020-11-08,San Francisco,075,870044,13517,12985,66,13051,146
2020-11-08,San Joaquin,077,732212,23506,22514,321,22835,505
2020-11-08,San Luis Obispo,079,281455,5132,4698,61,4759,32
2020-11-08,San Mateo,081,765935,12427,11783,9,11792,169
2020-11-08,Santa Barbara,083,443738,11261,10180,144,10324,134
2020-11-08,Santa Clara,085,1922200,28497,26442,48,26490,410
2020-11-08,Santa Cruz,087,273765,3381,3134,39,3173,25
2020-11-08,Shasta,089,179085,3380,2582,46,2628,36
2020-11-08,Sierra,091,2930,10,7,0,7,0
2020-11-08,Siskiyou,093,43540,303,246,14,260,0
2020-11-08,Solano,095,438530,8539,8132,41,8173,85
2020-11-08,Sonoma,097,501317,10756,10229,34,10263,149
2020-11-08,Stanislaus,099,539301,18965,18413,951,19364,418
2020-11-08,Sutter,101,95872,2169,1980,4,1984,12
2020-11-08,Tehama,103,63373,1179,1054,3,1057,7
2020-11-08,Trinity,105,12862,143,46,16,62,0
2020-11-08,Tulare,107,460477,19080,18272,665,18937,304
2020-11-08,Tuolumne,109,53932,469,341,4,345,7
2020-11-08,Ventura,111,848112,16450,15504,458,15962,156
2020-11-08,Yolo,113,214977,3739,3492,9,3501,61
2020-11-08,Yuba,115,75493,1454,1369,7,1376,10
2020-11-07,Alameda,001,1643700,25651,24578,253,24831,424
2020-11-07,Alpine,003,1148,25,6,0,6,0
2020-11-07,Amador,005,37829,399,375,0,375,16
2020-11-07,Butte,007,227075,3457,3277,69,3346,57
2020-11-07,Calaveras,009,45235,364,360,0,360,21
2020-11-07,Colusa,011,21464,597,583,1,584,6
2020-11-07,Contra Costa,013,1133247,20817,19943,106,20049,254
2020-11-07,Del Norte,015,27424,206,194,0,194,2
2020-11-07,El Dorado,017,186661,1652,1495,7,1502,4
2020-11-07,Fresno,019,978130,36023,32497,664,33161,465
2020-11-07,Glenn,021,27897,762,707,8,715,3
2020-11-07,Humboldt,023,135768,639,590,1,591,9
2020-11-07,Imperial,025,180216,13806,13388,24,13412,338
2020-11-07,Inyo,027,18085,261,252,10,262,14
2020-11-07,Kern,029,883053,35830,34513,634,35147,448
2020-11-07,Kings,031,150075,9461,9005,81,9086,84
2020-11-07,Lake,033,64148,787,751,1,752,16
2020-11-07,Lassen,035,31185,859,799,2,801,0
2020-11-07,Los Angeles,037,10098052,327790,316756,3621,320377,7174
2020-11-07,Madera,039,155013,5417,5177,66,5243,54
2020-11-07,Marin,041,260295,7348,7215,22,7237,131
2020-11-07,Mariposa,043,17540,90,81,0,81,2
2020-11-07,Mendocino,045,87422,1204,1118,4,1122,22
2020-11-07,Merced,047,269075,10194,9855,60,9915,157
2020-11-07,Modoc,049,8938,70,51,12,63,0
2020-11-07,Mono,051,14174,458,352,8,360,2
2020-11-07,Monterey,053,433212,12674,12030,115,12145,98
2020-11-07,Napa,055,140530,2448,2260,9,2269,15
2020-11-07,Nevada,057,99092,815,710,22,732,9
2020-11-07,Orange,059,3164182,65219,62038,1984,64022,1505
2020-11-07,Placer,061,380077,5190,4745,32,4777,60
2020-11-07,Plumas,063,18699,127,94,0,94,0
2020-11-07,Riverside,065,2383286,74212,71153,809,71962,1345
2020-11-07,Sacramento,067,1510023,29286,27773,43,27816,515
2020-11-07,San Benito,069,59416,1559,1489,1,1490,15
2020-11-07,San Bernardino,071,2135413,72345,67935,615,68550,1182
2020-11-07,San Diego,073,3302833,63733,59682,1967,61649,909
2020-11-07,San Francisco,075,870044,13456,12980,65,13045,146
2020-11-07,San Joaquin,077,732212,23397,22517,315,22832,505
2020-11-07,San Luis Obispo,079,281455,5083,4668,58,4726,32
2020-11-07,San Mateo,081,765935,12364,11711,9,11720,169
2020-11-07,Santa Barbara,083,443738,11219,10157,142,10299,134
2020-11-07,Santa Clara,085,1922200,28292,26244,47,26291,410
2020-11-07,Santa Cruz,087,273765,3343,3130,39,3169,25
2020-11-07,Shasta,089,179085,3311,2547,44,2591,36
2020-11-07,Sierra,091,2930,10,7,0,7,0
2020-11-07,Siskiyou,093,43540,299,241,14,255,0
2020-11-07,Solano,095,438530,8487,8066,41,8107,85
2020-11-07,Sonoma,097,501317,10710,10200,34,10234,149
2020-11-07,Stanislaus,099,539301,18855,18386,935,19321,418
2020-11-07,Sutter,101,95872,2129,1973,4,1977,12
2020-11-07,Tehama,103,63373,1155,1043,3,1046,7
2020-11-07,Trinity,105,12862,143,42,15,57,0
2020-11-07,Tulare,107,460477,19024,18229,648,18877,304
2020-11-07,Tuolumne,109,53932,458,327,4,331,7
2020-11-07,Ventura,111,848112,16390,15364,453,15817,156
2020-11-07,Yolo,113,214977,3708,3486,9,3495,61
2020-11-07,Yuba,115,75493,1439,1349,7,1356,10
2020-11-06,Alameda,001,1643700,25519,24389,251,24640,420
2020-11-06,Alpine,003,1148,25,6,0,6,0
2020-11-06,Amador,005,37829,397,369,0,369,16
2020-11-06,Butte,007,227075,3432,3254,61,3315,57
2020-11-06,Calaveras,009,45235,363,359,0,359,21
2020-11-06,Colusa,011,21464,595,580,1,581,6
2020-11-06,Contra Costa,013,1133247,20668,19744,106,19850,252
2020-11-06,Del Norte,015,27424,203,194,0,194,2
2020-11-06,El Dorado,017,186661,1626,1475,7,1482,4
2020-11-06,Fresno,019,978130,35835,32278,647,32925,460
2020-11-06,Glenn,021,27897,756,707,7,714,3
2020-11-06,Humboldt,023,135768,636,587,1,588,9
2020-11-06,Imperial,025,180216,13753,13230,24,13254,338
2020-11-06,Inyo,027,18085,259,246,10,256,14
2020-11-06,Kern,029,883053,35665,34360,616,34976,443
2020-11-06,Kings,031,150075,9437,8883,79,8962,83
2020-11-06,Lake,033,64148,786,741,1,742,16
2020-11-06,Lassen,035,31185,851,794,2,796,0
2020-11-06,Los Angeles,037,10098052,325818,314356,3568,317924,7160
2020-11-06,Madera,039,155013,5401,5136,65,5201,54
2020-11-06,Marin,041,260295,7327,7184,22,7206,131
2020-11-06,Mariposa,043,17540,89,79,0,79,2
2020-11-06,Mendocino,045,87422,1199,1113,4,1117,22
2020-11-06,Merced,047,269075,10154,9778,57,9835,157
2020-11-06,Modoc,049,8938,70,48,12,60,0
2020-11-06,Mono,051,14174,452,308,8,316,1
2020-11-06,Monterey,053,433212,12557,11914,114,12028,96
2020-11-06,Napa,055,140530,2423,2189,9,2198,15
2020-11-06,Nevada,057,99092,802,692,21,713,9
2020-11-06,Orange,059,3164182,64916,61049,1974,63023,1494
2020-11-06,Placer,061,380077,5117,4680,32,4712,60
2020-11-06,Plumas,063,18699,122,90,0,90,0
2020-11-06,Riverside,065,2383286,73762,70409,768,71177,1341
2020-11-06,Sacramento,067,1510023,28994,27489,41,27530,514
2020-11-06,San Benito,069,59416,1550,1479,1,1480,15
2020-11-06,San Bernardino,071,2135413,71749,66740,594,67334,1179
2020-11-06,San Diego,073,3302833,63209,59143,1935,61078,907
2020-11-06,San Francisco,075,870044,13386,12825,64,12889,146
2020-11-06,San Joaquin,077,732212,23312,22424,305,22729,502
2020-11-06,San Luis Obispo,079,281455,5018,4531,52,4583,32
2020-11-06,San Mateo,081,765935,12289,11587,9,11596,168
2020-11-06,Santa Barbara,083,443738,11183,10118,137,10255,133
2020-11-06,Santa Clara,085,1922200,28050,25831,47,25878,402
2020-11-06,Santa Cruz,087,273765,3306,3063,39,3102,25
2020-11-06,Shasta,089,179085,3238,2475,43,2518,35
2020-11-06,Sierra,091,2930,9,7,0,7,0
2020-11-06,Siskiyou,093,43540,286,237,13,250,0
2020-11-06,Solano,095,438530,8422,7959,41,8000,85
2020-11-06,Sonoma,097,501317,10660,10142,34,10176,149
2020-11-06,Stanislaus,099,539301,18767,18250,926,19176,417
2020-11-06,Sutter,101,95872,2102,1937,2,1939,12
2020-11-06,Tehama,103,63373,1134,1024,3,1027,6
2020-11-06,Trinity,105,12862,140,41,15,56,0
2020-11-06,Tulare,107,460477,18960,18136,623,18759,300
2020-11-06,Tuolumne,109,53932,437,316,4,320,5
2020-11-06,Ventura,111,848112,16304,15222,450,15672,154
2020-11-06,Yolo,113,214977,3679,3420,9,3429,62
2020-11-06,Yuba,115,75493,1426,1335,7,1342,10
2020-11-05,Alameda,001,1643700,25341,24270,251,24521,420
2020-11-05,Alpine,003,1148,25,6,0,6,0
2020-11-05,Amador,005,37829,394,363,0,363,16
2020-11-05,Butte,007,227075,3409,3239,55,3294,57
2020-11-05,Calaveras,009,45235,356,333,0,333,19
2020-11-05,Colusa,011,21464,591,574,1,575,6
2020-11-05,Contra Costa,013,1133247,20486,19656,104,19760,252
2020-11-05,Del Norte,015,27424,201,192,0,192,2
2020-11-05,El Dorado,017,186661,1602,1466,7,1473,4
2020-11-05,Fresno,019,978130,35592,32056,622,32678,460
2020-11-05,Glenn,021,27897,736,702,7,709,3
2020-11-05,Humboldt,023,135768,625,581,1,582,9
2020-11-05,Imperial,025,180216,13661,13178,23,13201,337
2020-11-05,Inyo,027,18085,259,247,10,257,14
2020-11-05,Kern,029,883053,35463,34232,602,34834,443
2020-11-05,Kings,031,150075,9282,8846,76,8922,83
2020-11-05,Lake,033,64148,782,739,1,740,16
2020-11-05,Lassen,035,31185,820,782,2,784,0
2020-11-05,Los Angeles,037,10098052,323462,312381,3515,315896,7146
2020-11-05,Madera,039,155013,5362,5129,62,5191,54
2020-11-05,Marin,041,260295,7305,7171,22,7193,131
2020-11-05,Mariposa,043,17540,88,79,0,79,2
2020-11-05,Mendocino,045,87422,1187,1112,4,1116,22
2020-11-05,Merced,047,269075,10095,9753,52,9805,155
2020-11-05,Modoc,049,8938,69,47,11,58,0
2020-11-05,Mono,051,14174,450,307,8,315,1
2020-11-05,Monterey,053,433212,12449,11784,110,11894,96
2020-11-05,Napa,055,140530,2396,2158,9,2167,15
2020-11-05,Nevada,057,99092,780,687,20,707,9
2020-11-05,Orange,059,3164182,64469,60740,1964,62704,1484
2020-11-05,Placer,061,380077,5048,4627,27,4654,60
2020-11-05,Plumas,063,18699,114,90,0,90,0
2020-11-05,Riverside,065,2383286,73051,70094,710,70804,1338
2020-11-05,Sacramento,067,1510023,28613,27232,40,27272,512
2020-11-05,San Benito,069,59416,1535,1477,1,1478,15
2020-11-05,San Bernardino,071,2135413,70922,66407,581,66988,1174
2020-11-05,San Diego,073,3302833,62583,58659,1909,60568,904
2020-11-05,San Francisco,075,870044,13274,12726,63,12789,146
2020-11-05,San Joaquin,077,732212,23148,22318,301,22619,502
2020-11-05,San Luis Obispo,079,281455,4951,4459,50,4509,32
2020-11-05,San Mateo,081,765935,12195,11535,9,11544,168
2020-11-05,Santa Barbara,083,443738,11137,10080,134,10214,133
2020-11-05,Santa Clara,085,1922200,27782,25651,47,25698,402
2020-11-05,Santa Cruz,087,273765,3268,3023,39,3062,25
2020-11-05,Shasta,089,179085,3148,2401,42,2443,34
2020-11-05,Sierra,091,2930,9,6,0,6,0
2020-11-05,Siskiyou,093,43540,275,228,13,241,0
2020-11-05,Solano,095,438530,8339,7842,41,7883,85
2020-11-05,Sonoma,097,501317,10548,10064,33,10097,145
2020-11-05,Stanislaus,099,539301,18653,18194,913,19107,417
2020-11-05,Sutter,101,95872,2070,1925,2,1927,12
2020-11-05,Tehama,103,63373,1112,1015,2,1017,6
2020-11-05,Trinity,105,12862,124,41,14,55,0
2020-11-05,Tulare,107,460477,18873,18049,594,18643,301
2020-11-05,Tuolumne,109,53932,408,312,4,316,5
2020-11-05,Ventura,111,848112,16138,15113,439,15552,155
2020-11-05,Yolo,113,214977,3629,3391,9,3400,61
2020-11-05,Yuba,115,75493,1408,1322,7,1329,10
2020-11-04,Alameda,001,1643700,25163,24172,249,24421,418
2020-11-04,Alpine,003,1148,21,5,0,5,0
2020-11-04,Amador,005,37829,391,362,0,362,16
2020-11-04,Butte,007,227075,3383,3218,52,3270,57
2020-11-04,Calaveras,009,45235,353,290,0,290,19
2020-11-04,Colusa,011,21464,589,571,1,572,6
2020-11-04,Contra Costa,013,1133247,20319,19472,100,19572,251
2020-11-04,Del Norte,015,27424,197,188,0,188,2
2020-11-04,El Dorado,017,186661,1587,1448,4,1452,4
2020-11-04,Fresno,019,978130,35358,31952,592,32544,457
2020-11-04,Glenn,021,27897,732,701,6,707,3
2020-11-04,Humboldt,023,135768,616,571,1,572,9
2020-11-04,Imperial,025,180216,13563,13087,23,13110,335
2020-11-04,Inyo,027,18085,258,247,10,257,14
2020-11-04,Kern,029,883053,35308,34027,591,34618,439
2020-11-04,Kings,031,150075,9248,8817,74,8891,83
2020-11-04,Lake,033,64148,775,735,1,736,16
2020-11-04,Lassen,035,31185,815,781,2,783,0
2020-11-04,Los Angeles,037,10098052,321152,310456,3434,313890,7124
2020-11-04,Madera,039,155013,5342,5083,58,5141,54
2020-11-04,Marin,041,260295,7293,7157,22,7179,131
2020-11-04,Mariposa,043,17540,88,79,0,79,2
2020-11-04,Mendocino,045,87422,1169,1089,4,1093,22
2020-11-04,Merced,047,269075,10045,9717,50,9767,153
2020-11-04,Modoc,049,8938,59,47,11,58,0
2020-11-04,Mono,051,14174,447,237,7,244,1
2020-11-04,Monterey,053,433212,12244,11743,104,11847,96
2020-11-04,Napa,055,140530,2342,2133,9,2142,15
2020-11-04,Nevada,057,99092,761,675,20,695,9
2020-11-04,Orange,059,3164182,64034,60463,1941,62404,1483
2020-11-04,Placer,061,380077,4969,4526,24,4550,60
2020-11-04,Plumas,063,18699,112,88,0,88,0
2020-11-04,Riverside,065,2383286,72435,69562,650,70212,1335
2020-11-04,Sacramento,067,1510023,28262,27005,39,27044,510
2020-11-04,San Benito,069,59416,1520,1464,1,1465,15
2020-11-04,San Bernardino,071,2135413,70125,65891,558,66449,1169
2020-11-04,San Diego,073,3302833,61937,58126,1883,60009,904
2020-11-04,San Francisco,075,870044,13190,12649,60,12709,146
2020-11-04,San Joaquin,077,732212,23011,22197,288,22485,500
2020-11-04,San Luis Obispo,079,281455,4884,4389,48,4437,32
2020-11-04,San Mateo,081,765935,12100,11456,9,11465,168
2020-11-04,Santa Barbara,083,443738,11098,10026,133,10159,132
2020-11-04,Santa Clara,085,1922200,27520,25487,47,25534,393
2020-11-04,Santa Cruz,087,273765,3231,2997,39,3036,25
2020-11-04,Shasta,089,179085,3017,2321,37,2358,34
2020-11-04,Sierra,091,2930,9,6,0,6,0
2020-11-04,Siskiyou,093,43540,266,222,12,234,0
2020-11-04,Solano,095,438530,8240,7733,41,7774,85
2020-11-04,Sonoma,097,501317,10454,9965,33,9998,142
2020-11-04,Stanislaus,099,539301,18536,18114,898,19012,416
2020-11-04,Sutter,101,95872,2036,1916,2,1918,12
2020-11-04,Tehama,103,63373,1088,997,2,999,6
2020-11-04,Trinity,105,12862,120,37,14,51,0
2020-11-04,Tulare,107,460477,18764,17952,566,18518,298
2020-11-04,Tuolumne,109,53932,386,310,4,314,5
2020-11-04,Ventura,111,848112,15997,14936,436,15372,155
2020-11-04,Yolo,113,214977,3588,3361,9,3370,62
2020-11-04,Yuba,115,75493,1387,1312,7,1319,10
2020-11-03,Alameda,001,1643700,24979,24055,247,24302,418
2020-11-03,Alpine,003,1148,20,4,0,4,0
2020-11-03,Amador,005,37829,386,361,0,361,16
2020-11-03,Butte,007,227075,3359,3211,47,3258,57
2020-11-03,Calaveras,009,45235,349,287,0,287,19
2020-11-03,Colusa,011,21464,584,572,1,573,6
2020-11-03,Contra Costa,013,1133247,20164,19416,100,19516,250
2020-11-03,Del Norte,015,27424,196,187,0,187,2
2020-11-03,El Dorado,017,186661,1565,1445,3,1448,4
2020-11-03,Fresno,019,978130,35087,31856,569,32425,457
2020-11-03,Glenn,021,27897,726,698,6,704,3
2020-11-03,Humboldt,023,135768,610,570,1,571,8
2020-11-03,Imperial,025,180216,13474,13044,22,13066,335
2020-11-03,Inyo,027,18085,257,244,10,254,14
2020-11-03,Kern,029,883053,35117,33957,580,34537,439
2020-11-03,Kings,031,150075,9085,8783,69,8852,83
2020-11-03,Lake,033,64148,765,732,1,733,16
2020-11-03,Lassen,035,31185,806,782,2,784,0
2020-11-03,Los Angeles,037,10098052,318696,308812,3365,312177,7104
2020-11-03,Madera,039,155013,5305,5058,57,5115,54
2020-11-03,Marin,041,260295,7273,7147,21,7168,131
2020-11-03,Mariposa,043,17540,87,79,0,79,2
2020-11-03,Mendocino,045,87422,1154,1084,4,1088,22
2020-11-03,Merced,047,269075,9992,9713,49,9762,153
2020-11-03,Modoc,049,8938,57,47,9,56,0
2020-11-03,Mono,051,14174,443,210,7,217,1
2020-11-03,Monterey,053,433212,12175,11703,97,11800,94
2020-11-03,Napa,055,140530,2306,2130,9,2139,15
2020-11-03,Nevada,057,99092,741,670,19,689,9
2020-11-03,Orange,059,3164182,63606,60283,1930,62213,1477
2020-11-03,Placer,061,380077,4895,4514,24,4538,60
2020-11-03,Plumas,063,18699,109,86,0,86,0
2020-11-03,Riverside,065,2383286,71816,69300,625,69925,1325
2020-11-03,Sacramento,067,1510023,27882,26841,38,26879,510
2020-11-03,San Benito,069,59416,1510,1463,1,1464,15
2020-11-03,San Bernardino,071,2135413,69314,65320,550,65870,1159
2020-11-03,San Diego,073,3302833,61261,57722,1839,59561,901
2020-11-03,San Francisco,075,870044,13067,12585,60,12645,146
2020-11-03,San Joaquin,077,732212,22876,22109,282,22391,500
2020-11-03,San Luis Obispo,079,281455,4802,4371,46,4417,32
2020-11-03,San Mateo,081,765935,12005,11406,9,11415,162
2020-11-03,Santa Barbara,083,443738,11043,10008,128,10136,132
2020-11-03,Santa Clara,085,1922200,27248,25386,46,25432,393
2020-11-03,Santa Cruz,087,273765,3181,2980,38,3018,25
2020-11-03,Shasta,089,179085,2922,2288,30,2318,33
2020-11-03,Sierra,091,2930,7,6,0,6,0
2020-11-03,Siskiyou,093,43540,262,219,11,230,0
2020-11-03,Solano,095,438530,8157,7691,41,7732,85
2020-11-03,Sonoma,097,501317,10352,9906,33,9939,142
2020-11-03,Stanislaus,099,539301,18415,18080,887,18967,416
2020-11-03,Sutter,101,95872,2003,1914,2,1916,12
2020-11-03,Tehama,103,63373,1067,988,2,990,6
2020-11-03,Trinity,105,12862,113,36,13,49,0
2020-11-03,Tulare,107,460477,18658,17890,540,18430,297
2020-11-03,Tuolumne,109,53932,363,302,4,306,5
2020-11-03,Ventura,111,848112,15870,14816,429,15245,155
2020-11-03,Yolo,113,214977,3537,3343,9,3352,61
2020-11-03,Yuba,115,75493,1374,1295,7,1302,10
2020-11-02,Alameda,001,1643700,24783,23991,244,24235,419
2020-11-02,Alpine,003,1148,17,4,0,4,0
2020-11-02,Amador,005,37829,378,357,0,357,16
2020-11-02,Butte,007,227075,3339,3198,44,3242,57
2020-11-02,Calaveras,009,45235,349,282,0,282,18
2020-11-02,Colusa,011,21464,579,571,1,572,6
2020-11-02,Contra Costa,013,1133247,20010,19339,99,19438,250
2020-11-02,Del Norte,015,27424,193,175,0,175,2
2020-11-02,El Dorado,017,186661,1541,1405,3,1408,4
2020-11-02,Fresno,019,978130,34817,31738,552,32290,451
2020-11-02,Glenn,021,27897,720,692,5,697,3
2020-11-02,Humboldt,023,135768,601,569,1,570,8
2020-11-02,Imperial,025,180216,13394,13004,21,13025,334
2020-11-02,Inyo,027,18085,254,243,10,253,14
2020-11-02,Kern,029,883053,34959,33834,570,34404,437
2020-11-02,Kings,031,150075,9055,8654,66,8720,82
2020-11-02,Lake,033,64148,759,728,1,729,17
2020-11-02,Lassen,035,31185,798,782,2,784,0
2020-11-02,Los Angeles,037,10098052,316350,307620,3287,310907,7079
2020-11-02,Madera,039,155013,5275,5033,56,5089,54
2020-11-02,Marin,041,260295,7255,7132,20,7152,125
2020-11-02,Mariposa,043,17540,87,79,0,79,2
2020-11-02,Mendocino,045,87422,1140,1076,4,1080,21
2020-11-02,Merced,047,269075,9930,9664,43,9707,152
2020-11-02,Modoc,049,8938,54,45,5,50,0
2020-11-02,Mono,051,14174,441,211,7,218,1
2020-11-02,Monterey,053,433212,12068,11602,94,11696,93
2020-11-02,Napa,055,140530,2264,2081,9,2090,15
2020-11-02,Nevada,057,99092,725,656,19,675,9
2020-11-02,Orange,059,3164182,63200,59996,1914,61910,1474
2020-11-02,Placer,061,380077,4827,4461,22,4483,60
2020-11-02,Plumas,063,18699,101,86,0,86,0
2020-11-02,Riverside,065,2383286,71184,68833,585,69418,1321
2020-11-02,Sacramento,067,1510023,27540,26676,36,26712,508
2020-11-02,San Benito,069,59416,1498,1459,1,1460,15
2020-11-02,San Bernardino,071,2135413,68460,64629,539,65168,1157
2020-11-02,San Diego,073,3302833,60538,57429,1794,59223,891
2020-11-02,San Francisco,075,870044,12970,12436,59,12495,145
2020-11-02,San Joaquin,077,732212,22736,21919,274,22193,500
2020-11-02,San Luis Obispo,079,281455,4702,4303,43,4346,31
2020-11-02,San Mateo,081,765935,11896,11328,9,11337,161
2020-11-02,Santa Barbara,083,443738,11002,9985,123,10108,130
2020-11-02,Santa Clara,085,1922200,26958,25222,46,25268,387
2020-11-02,Santa Cruz,087,273765,3139,2943,38,2981,25
2020-11-02,Shasta,089,179085,2817,2174,26,2200,33
2020-11-02,Sierra,091,2930,7,6,0,6,0
2020-11-02,Siskiyou,093,43540,252,216,11,227,0
2020-11-02,Solano,095,438530,8039,7665,41,7706,84
2020-11-02,Sonoma,097,501317,10269,9796,32,9828,140
2020-11-02,Stanislaus,099,539301,18319,18005,878,18883,412
2020-11-02,Sutter,101,95872,1979,1895,2,1897,12
2020-11-02,Tehama,103,63373,1044,971,2,973,6
2020-11-02,Trinity,105,12862,107,30,13,43,0
2020-11-02,Tulare,107,460477,18564,17774,520,18294,299
2020-11-02,Tuolumne,109,53932,343,302,4,306,5
2020-11-02,Ventura,111,848112,15729,14767,414,15181,156
2020-11-02,Yolo,113,214977,3488,3318,9,3327,61
2020-11-02,Yuba,115,75493,1361,1280,7,1287,10
2020-11-01,Alameda,001,1643700,24620,23892,242,24134,419
2020-11-01,Alpine,003,1148,11,4,0,4,0
2020-11-01,Amador,005,37829,375,352,0,352,16
2020-11-01,Butte,007,227075,3315,3185,43,3228,57
2020-11-01,Calaveras,009,45235,348,282,0,282,18
2020-11-01,Colusa,011,21464,577,567,1,568,6
2020-11-01,Contra Costa,013,1133247,19836,19246,98,19344,250
2020-11-01,Del Norte,015,27424,189,175,0,175,2
2020-11-01,El Dorado,017,186661,1525,1394,3,1397,4
2020-11-01,Fresno,019,978130,34559,31613,532,32145,451
2020-11-01,Glenn,021,27897,711,688,3,691,3
2020-11-01,Humboldt,023,135768,593,568,1,569,8
2020-11-01,Imperial,025,180216,13303,12969,19,12988,334
2020-11-01,Inyo,027,18085,252,241,10,251,14
2020-11-01,Kern,029,883053,34778,33760,469,34229,437
2020-11-01,Kings,031,150075,9017,8641,65,8706,82
2020-11-01,Lake,033,64148,753,727,1,728,17
2020-11-01,Lassen,035,31185,798,782,2,784,0
2020-11-01,Los Angeles,037,10098052,313784,306217,3194,309411,7077
2020-11-01,Madera,039,155013,5227,5019,54,5073,54
2020-11-01,Marin,041,260295,7238,7124,20,7144,125
2020-11-01,Mariposa,043,17540,83,79,0,79,2
2020-11-01,Mendocino,045,87422,1127,1074,4,1078,21
2020-11-01,Merced,047,269075,9869,9626,43,9669,152
2020-11-01,Modoc,049,8938,53,45,5,50,0
2020-11-01,Mono,051,14174,412,211,6,217,1
2020-11-01,Monterey,053,433212,11960,11587,91,11678,93
2020-11-01,Napa,055,140530,2230,2067,9,2076,15
2020-11-01,Nevada,057,99092,709,646,18,664,9
2020-11-01,Orange,059,3164182,62798,59733,1887,61620,1475
2020-11-01,Placer,061,380077,4761,4422,21,4443,58
2020-11-01,Plumas,063,18699,96,86,0,86,0
2020-11-01,Riverside,065,2383286,70554,68493,550,69043,1319
2020-11-01,Sacramento,067,1510023,27218,26442,36,26478,508
2020-11-01,San Benito,069,59416,1483,1451,1,1452,15
2020-11-01,San Bernardino,071,2135413,67617,64339,518,64857,1157
2020-11-01,San Diego,073,3302833,59850,57122,1754,58876,891
2020-11-01,San Francisco,075,870044,12847,12436,54,12490,145
2020-11-01,San Joaquin,077,732212,22608,21919,268,22187,500
2020-11-01,San Luis Obispo,079,281455,4622,4303,42,4345,31
2020-11-01,San Mateo,081,765935,11816,11280,9,11289,160
2020-11-01,Santa Barbara,083,443738,10951,9969,107,10076,130
2020-11-01,Santa Clara,085,1922200,26678,25090,46,25136,386
2020-11-01,Santa Cruz,087,273765,3086,2921,38,2959,25
2020-11-01,Shasta,089,179085,2682,2172,25,2197,33
2020-11-01,Sierra,091,2930,7,6,0,6,0
2020-11-01,Siskiyou,093,43540,247,205,11,216,0
2020-11-01,Solano,095,438530,7949,7591,41,7632,84
2020-11-01,Sonoma,097,501317,10177,9688,32,9720,140
2020-11-01,Stanislaus,099,539301,18218,17961,858,18819,412
2020-11-01,Sutter,101,95872,1953,1888,1,1889,12
2020-11-01,Tehama,103,63373,1027,965,2,967,5
2020-11-01,Trinity,105,12862,105,30,12,42,0
2020-11-01,Tulare,107,460477,18452,17774,489,18263,299
2020-11-01,Tuolumne,109,53932,321,295,4,299,5
2020-11-01,Ventura,111,848112,15580,14686,382,15068,156
2020-11-01,Yolo,113,214977,3440,3303,9,3312,60
2020-11-01,Yuba,115,75493,1344,1273,7,1280,10
2020-10-31,Alameda,001,1643700,24505,23780,238,24018,416
2020-10-31,Alpine,003,1148,11,4,0,4,0
2020-10-31,Amador,005,37829,371,347,0,347,16
2020-10-31,Butte,007,227075,3302,3172,41,3213,57
2020-10-31,Calaveras,009,45235,348,280,0,280,18
2020-10-31,Colusa,011,21464,575,555,1,556,6
2020-10-31,Contra Costa,013,1133247,19730,19161,98,19259,249
2020-10-31,Del Norte,015,27424,188,175,0,175,2
2020-10-31,El Dorado,017,186661,1516,1390,3,1393,4
2020-10-31,Fresno,019,978130,34423,31558,529,32087,451
2020-10-31,Glenn,021,27897,709,678,3,681,3
2020-10-31,Humboldt,023,135768,590,561,1,562,8
2020-10-31,Imperial,025,180216,13261,12912,19,12931,334
2020-10-31,Inyo,027,18085,251,241,10,251,14
2020-10-31,Kern,029,883053,34675,33666,459,34125,437
2020-10-31,Kings,031,150075,8996,8612,64,8676,82
2020-10-31,Lake,033,64148,749,724,1,725,16
2020-10-31,Lassen,035,31185,793,782,2,784,0
2020-10-31,Los Angeles,037,10098052,312413,304704,3150,307854,7073
2020-10-31,Madera,039,155013,5209,5013,51,5064,54
2020-10-31,Marin,041,260295,7222,7112,20,7132,125
2020-10-31,Mariposa,043,17540,83,79,0,79,2
2020-10-31,Mendocino,045,87422,1119,1066,4,1070,21
2020-10-31,Merced,047,269075,9836,9597,42,9639,151
2020-10-31,Modoc,049,8938,52,34,4,38,0
2020-10-31,Mono,051,14174,263,194,5,199,1
2020-10-31,Monterey,053,433212,11892,11539,87,11626,93
2020-10-31,Napa,055,140530,2211,2040,9,2049,15
2020-10-31,Nevada,057,99092,691,644,18,662,9
2020-10-31,Orange,059,3164182,62539,59488,1869,61357,1473
2020-10-31,Placer,061,380077,4711,4374,20,4394,58
2020-10-31,Plumas,063,18699,95,85,0,85,0
2020-10-31,Riverside,065,2383286,70197,68178,527,68705,1319
2020-10-31,Sacramento,067,1510023,27019,26316,34,26350,507
2020-10-31,San Benito,069,59416,1476,1448,1,1449,15
2020-10-31,San Bernardino,071,2135413,67192,64016,508,64524,1157
2020-10-31,San Diego,073,3302833,59397,56769,1726,58495,891
2020-10-31,San Francisco,075,870044,12773,12438,53,12491,145
2020-10-31,San Joaquin,077,732212,22533,21918,259,22177,500
2020-10-31,San Luis Obispo,079,281455,4553,4285,39,4324,31
2020-10-31,San Mateo,081,765935,11764,11253,9,11262,160
2020-10-31,Santa Barbara,083,443738,10923,9957,99,10056,130
2020-10-31,Santa Clara,085,1922200,26510,24957,46,25003,379
2020-10-31,Santa Cruz,087,273765,3051,2895,37,2932,25
2020-10-31,Shasta,089,179085,2632,2122,24,2146,33
2020-10-31,Sierra,091,2930,7,6,0,6,0
2020-10-31,Siskiyou,093,43540,245,200,11,211,0
2020-10-31,Solano,095,438530,7885,7545,41,7586,84
2020-10-31,Sonoma,097,501317,10124,9648,32,9680,140
2020-10-31,Stanislaus,099,539301,18155,17920,842,18762,412
2020-10-31,Sutter,101,95872,1944,1876,1,1877,12
2020-10-31,Tehama,103,63373,1017,953,2,955,5
2020-10-31,Trinity,105,12862,102,30,12,42,0
2020-10-31,Tulare,107,460477,18403,17758,481,18239,299
2020-10-31,Tuolumne,109,53932,314,290,4,294,5
2020-10-31,Ventura,111,848112,15496,14635,364,14999,155
2020-10-31,Yolo,113,214977,3405,3290,9,3299,60
2020-10-31,Yuba,115,75493,1328,1260,6,1266,10
2020-10-30,Alameda,001,1643700,24425,23676,236,23912,401
2020-10-30,Alpine,003,1148,11,4,0,4,0
2020-10-30,Amador,005,37829,371,344,0,344,16
2020-10-30,Butte,007,227075,3297,3160,41,3201,57
2020-10-30,Calaveras,009,45235,347,279,0,279,18
2020-10-30,Colusa,011,21464,573,554,1,555,6
2020-10-30,Contra Costa,013,1133247,19658,19074,98,19172,249
2020-10-30,Del Norte,015,27424,187,175,0,175,2
2020-10-30,El Dorado,017,186661,1503,1386,3,1389,4
2020-10-30,Fresno,019,978130,34301,31409,520,31929,446
2020-10-30,Glenn,021,27897,703,674,2,676,3
2020-10-30,Humboldt,023,135768,589,561,1,562,7
2020-10-30,Imperial,025,180216,13220,12853,19,12872,334
2020-10-30,Inyo,027,18085,250,241,10,251,14
2020-10-30,Kern,029,883053,34582,33583,458,34041,437
2020-10-30,Kings,031,150075,8986,8564,62,8626,82
2020-10-30,Lake,033,64148,749,720,1,721,16
2020-10-30,Lassen,035,31185,787,777,2,779,0
2020-10-30,Los Angeles,037,10098052,310977,303425,3114,306539,7060
2020-10-30,Madera,039,155013,5197,4991,49,5040,54
2020-10-30,Marin,041,260295,7202,7097,20,7117,125
2020-10-30,Mariposa,043,17540,83,78,0,78,2
2020-10-30,Mendocino,045,87422,1117,1062,4,1066,21
2020-10-30,Merced,047,269075,9804,9539,42,9581,150
2020-10-30,Modoc,049,8938,51,34,3,37,0
2020-10-30,Mono,051,14174,262,193,5,198,1
2020-10-30,Monterey,053,433212,11829,11491,81,11572,92
2020-10-30,Napa,055,140530,2193,2028,9,2037,15
2020-10-30,Nevada,057,99092,685,634,18,652,9
2020-10-30,Orange,059,3164182,62297,59334,1857,61191,1469
2020-10-30,Placer,061,380077,4664,4335,20,4355,58
2020-10-30,Plumas,063,18699,92,80,0,80,0
2020-10-30,Riverside,065,2383286,69857,67752,507,68259,1317
2020-10-30,Sacramento,067,1510023,26871,26147,34,26181,505
2020-10-30,San Benito,069,59416,1470,1440,1,1441,15
2020-10-30,San Bernardino,071,2135413,66777,63512,505,64017,1156
2020-10-30,San Diego,073,3302833,58992,56387,1704,58091,888
2020-10-30,San Francisco,075,870044,12718,12384,53,12437,145
2020-10-30,San Joaquin,077,732212,22466,21849,252,22101,500
2020-10-30,San Luis Obispo,079,281455,4510,4256,39,4295,31
2020-10-30,San Mateo,081,765935,11705,11207,9,11216,159
2020-10-30,Santa Barbara,083,443738,10900,9937,99,10036,128
2020-10-30,Santa Clara,085,1922200,26361,24811,46,24857,378
2020-10-30,Santa Cruz,087,273765,3033,2874,37,2911,25
2020-10-30,Shasta,089,179085,2588,2048,23,2071,32
2020-10-30,Sierra,091,2930,7,6,0,6,0
2020-10-30,Siskiyou,093,43540,245,192,11,203,0
2020-10-30,Solano,095,438530,7824,7497,41,7538,84
2020-10-30,Sonoma,097,501317,10049,9602,32,9634,140
2020-10-30,Stanislaus,099,539301,18107,17861,826,18687,410
2020-10-30,Sutter,101,95872,1931,1860,1,1861,12
2020-10-30,Tehama,103,63373,1013,932,2,934,5
2020-10-30,Trinity,105,12862,102,29,12,41,0
2020-10-30,Tulare,107,460477,18358,17682,465,18147,299
2020-10-30,Tuolumne,109,53932,307,286,4,290,4
2020-10-30,Ventura,111,848112,15423,14578,351,14929,154
2020-10-30,Yolo,113,214977,3388,3263,9,3272,60
2020-10-30,Yuba,115,75493,1320,1256,6,1262,10
2020-10-29,Alameda,001,1643700,24262,23530,235,23765,401
2020-10-29,Alpine,003,1148,8,4,0,4,0
2020-10-29,Amador,005,37829,367,338,0,338,16
2020-10-29,Butte,007,227075,3279,3143,40,3183,57
2020-10-29,Calaveras,009,45235,345,278,0,278,13
2020-10-29,Colusa,011,21464,569,552,1,553,6
2020-10-29,Contra Costa,013,1133247,19559,18933,97,19030,249
2020-10-29,Del Norte,015,27424,185,174,0,174,2
2020-10-29,El Dorado,017,186661,1481,1370,3,1373,4
2020-10-29,Fresno,019,978130,34144,31321,513,31834,445
2020-10-29,Glenn,021,27897,701,673,2,675,3
2020-10-29,Humboldt,023,135768,584,559,1,560,7
2020-10-29,Imperial,025,180216,13176,12769,19,12788,334
2020-10-29,Inyo,027,18085,248,238,10,248,14
2020-10-29,Kern,029,883053,34480,33460,453,33913,437
2020-10-29,Kings,031,150075,8832,8502,61,8563,82
2020-10-29,Lake,033,64148,746,702,1,703,16
2020-10-29,Lassen,035,31185,786,772,2,774,0
2020-10-29,Los Angeles,037,10098052,309349,302246,3067,305313,7046
2020-10-29,Madera,039,155013,5167,4970,47,5017,53
2020-10-29,Marin,041,260295,7188,7083,20,7103,125
2020-10-29,Mariposa,043,17540,81,78,0,78,2
2020-10-29,Mendocino,045,87422,1111,1058,4,1062,21
2020-10-29,Merced,047,269075,9751,9496,42,9538,150
2020-10-29,Modoc,049,8938,49,31,3,34,0
2020-10-29,Mono,051,14174,255,176,5,181,1
2020-10-29,Monterey,053,433212,11748,11425,79,11504,92
2020-10-29,Napa,055,140530,2169,2009,9,2018,15
2020-10-29,Nevada,057,99092,678,632,18,650,9
2020-10-29,Orange,059,3164182,62029,59046,1837,60883,1464
2020-10-29,Placer,061,380077,4619,4270,18,4288,58
2020-10-29,Plumas,063,18699,90,69,0,69,0
2020-10-29,Riverside,065,2383286,69479,67268,479,67747,1304
2020-10-29,Sacramento,067,1510023,26659,25978,33,26011,507
2020-10-29,San Benito,069,59416,1465,1431,1,1432,15
2020-10-29,San Bernardino,071,2135413,66208,62968,495,63463,1150
2020-10-29,San Diego,073,3302833,58526,55916,1675,57591,885
2020-10-29,San Francisco,075,870044,12639,12312,53,12365,145
2020-10-29,San Joaquin,077,732212,22382,21736,240,21976,498
2020-10-29,San Luis Obispo,079,281455,4480,4223,37,4260,31
2020-10-29,San Mateo,081,765935,11659,11145,9,11154,157
2020-10-29,Santa Barbara,083,443738,10867,9902,97,9999,128
2020-10-29,Santa Clara,085,1922200,26209,24614,46,24660,377
2020-10-29,Santa Cruz,087,273765,3008,2850,37,2887,24
2020-10-29,Shasta,089,179085,2525,2008,23,2031,32
2020-10-29,Sierra,091,2930,6,6,0,6,0
2020-10-29,Siskiyou,093,43540,229,185,11,196,0
2020-10-29,Solano,095,438530,7762,7453,41,7494,78
2020-10-29,Sonoma,097,501317,9985,9533,32,9565,140
2020-10-29,Stanislaus,099,539301,18054,17790,804,18594,410
2020-10-29,Sutter,101,95872,1923,1852,1,1853,12
2020-10-29,Tehama,103,63373,995,925,2,927,5
2020-10-29,Trinity,105,12862,97,28,11,39,0
2020-10-29,Tulare,107,460477,18280,17627,446,18073,299
2020-10-29,Tuolumne,109,53932,302,279,4,283,4
2020-10-29,Ventura,111,848112,15332,14486,347,14833,154
2020-10-29,Yolo,113,214977,3359,3246,9,3255,60
2020-10-29,Yuba,115,75493,1309,1248,6,1254,10
2020-10-28,Alameda,001,1643700,24162,23468,234,23702,400
2020-10-28,Alpine,003,1148,7,4,0,4,0
2020-10-28,Amador,005,37829,364,337,0,337,16
2020-10-28,Butte,007,227075,3263,3134,37,3171,56
2020-10-28,Calaveras,009,45235,344,278,0,278,13
2020-10-28,Colusa,011,21464,566,551,1,552,6
2020-10-28,Contra Costa,013,1133247,19472,18828,96,18924,246
2020-10-28,Del Norte,015,27424,182,173,0,173,2
2020-10-28,El Dorado,017,186661,1469,1363,3,1366,4
2020-10-28,Fresno,019,978130,34023,31195,507,31702,444
2020-10-28,Glenn,021,27897,697,673,2,675,3
2020-10-28,Humboldt,023,135768,580,559,1,560,7
2020-10-28,Imperial,025,180216,13127,12730,19,12749,333
2020-10-28,Inyo,027,18085,248,238,10,248,14
2020-10-28,Kern,029,883053,34378,33424,434,33858,436
2020-10-28,Kings,031,150075,8810,8486,60,8546,82
2020-10-28,Lake,033,64148,743,700,1,701,15
2020-10-28,Lassen,035,31185,782,771,2,773,0
2020-10-28,Los Angeles,037,10098052,307890,300726,3025,303751,7031
2020-10-28,Madera,039,155013,5150,4954,46,5000,53
2020-10-28,Marin,041,260295,7177,7079,20,7099,126
2020-10-28,Mariposa,043,17540,81,78,0,78,2
2020-10-28,Mendocino,045,87422,1110,1037,4,1041,20
2020-10-28,Merced,047,269075,9725,9480,41,9521,150
2020-10-28,Modoc,049,8938,48,31,2,33,0
2020-10-28,Mono,051,14174,237,176,5,181,1
2020-10-28,Monterey,053,433212,11690,11330,77,11407,89
2020-10-28,Napa,055,140530,2143,1998,8,2006,15
2020-10-28,Nevada,057,99092,670,629,18,647,9
2020-10-28,Orange,059,3164182,61765,58801,1821,60622,1459
2020-10-28,Placer,061,380077,4563,4236,18,4254,57
2020-10-28,Plumas,063,18699,89,67,0,67,0
2020-10-28,Riverside,065,2383286,69079,67003,457,67460,1302
2020-10-28,Sacramento,067,1510023,26463,25838,32,25870,506
2020-10-28,San Benito,069,59416,1457,1429,1,1430,15
2020-10-28,San Bernardino,071,2135413,65748,62778,486,63264,1154
2020-10-28,San Diego,073,3302833,58143,55556,1647,57203,881
2020-10-28,San Francisco,075,870044,12581,12261,52,12313,145
2020-10-28,San Joaquin,077,732212,22298,21707,229,21936,498
2020-10-28,San Luis Obispo,079,281455,4439,4197,34,4231,31
2020-10-28,San Mateo,081,765935,11592,11101,9,11110,157
2020-10-28,Santa Barbara,083,443738,10843,9872,95,9967,127
2020-10-28,Santa Clara,085,1922200,26065,24503,46,24549,375
2020-10-28,Santa Cruz,087,273765,2977,2836,37,2873,24
2020-10-28,Shasta,089,179085,2445,1996,21,2017,31
2020-10-28,Sierra,091,2930,6,6,0,6,0
2020-10-28,Siskiyou,093,43540,226,182,10,192,0
2020-10-28,Solano,095,438530,7703,7362,41,7403,77
2020-10-28,Sonoma,097,501317,9895,9457,27,9484,140
2020-10-28,Stanislaus,099,539301,17989,17765,795,18560,409
2020-10-28,Sutter,101,95872,1914,1840,1,1841,12
2020-10-28,Tehama,103,63373,984,921,2,923,5
2020-10-28,Trinity,105,12862,90,28,10,38,0
2020-10-28,Tulare,107,460477,18223,17569,430,17999,297
2020-10-28,Tuolumne,109,53932,299,277,4,281,4
2020-10-28,Ventura,111,848112,15259,14409,338,14747,153
2020-10-28,Yolo,113,214977,3335,3230,9,3239,60
2020-10-28,Yuba,115,75493,1297,1245,6,1251,10
2020-10-27,Alameda,001,1643700,24049,23365,232,23597,400
2020-10-27,Alpine,003,1148,7,3,0,3,0
2020-10-27,Amador,005,37829,361,335,0,335,16
2020-10-27,Butte,007,227075,3247,3107,34,3141,56
2020-10-27,Calaveras,009,45235,342,277,0,277,13
2020-10-27,Colusa,011,21464,561,549,1,550,6
2020-10-27,Contra Costa,013,1133247,19367,18766,96,18862,246
2020-10-27,Del Norte,015,27424,179,173,0,173,2
2020-10-27,El Dorado,017,186661,1456,1351,3,1354,4
2020-10-27,Fresno,019,978130,33904,31096,502,31598,442
2020-10-27,Glenn,021,27897,695,667,1,668,3
2020-10-27,Humboldt,023,135768,577,559,1,560,7
2020-10-27,Imperial,025,180216,13078,12680,18,12698,333
2020-10-27,Inyo,027,18085,248,231,10,241,14
2020-10-27,Kern,029,883053,34261,33328,430,33758,436
2020-10-27,Kings,031,150075,8779,8411,60,8471,83
2020-10-27,Lake,033,64148,740,700,1,701,15
2020-10-27,Lassen,035,31185,780,764,2,766,0
2020-10-27,Los Angeles,037,10098052,306506,299438,2996,302434,7008
2020-10-27,Madera,039,155013,5120,4942,45,4987,53
2020-10-27,Marin,041,260295,7161,7070,20,7090,126
2020-10-27,Mariposa,043,17540,80,78,0,78,2
2020-10-27,Mendocino,045,87422,1104,1033,3,1036,20
2020-10-27,Merced,047,269075,9685,9449,41,9490,150
2020-10-27,Modoc,049,8938,46,31,2,33,0
2020-10-27,Mono,051,14174,223,169,5,174,1
2020-10-27,Monterey,053,433212,11634,11261,75,11336,88
2020-10-27,Napa,055,140530,2127,1979,8,1987,15
2020-10-27,Nevada,057,99092,664,622,18,640,8
2020-10-27,Orange,059,3164182,61494,58550,1805,60355,1448
2020-10-27,Placer,061,380077,4514,4197,16,4213,57
2020-10-27,Plumas,063,18699,86,63,0,63,0
2020-10-27,Riverside,065,2383286,68724,66699,414,67113,1299
2020-10-27,Sacramento,067,1510023,26276,25701,31,25732,501
2020-10-27,San Benito,069,59416,1452,1428,1,1429,15
2020-10-27,San Bernardino,071,2135413,65285,62357,473,62830,1154
2020-10-27,San Diego,073,3302833,57670,55226,1624,56850,877
2020-10-27,San Francisco,075,870044,12506,12218,51,12269,140
2020-10-27,San Joaquin,077,732212,22207,21637,220,21857,496
2020-10-27,San Luis Obispo,079,281455,4411,4148,30,4178,31
2020-10-27,San Mateo,081,765935,11543,11074,9,11083,156
2020-10-27,Santa Barbara,083,443738,10814,9874,94,9968,125
2020-10-27,Santa Clara,085,1922200,25923,24368,46,24414,367
2020-10-27,Santa Cruz,087,273765,2947,2815,36,2851,24
2020-10-27,Shasta,089,179085,2358,1962,21,1983,29
2020-10-27,Sierra,091,2930,6,6,0,6,0
2020-10-27,Siskiyou,093,43540,217,181,10,191,0
2020-10-27,Solano,095,438530,7634,7298,41,7339,77
2020-10-27,Sonoma,097,501317,9828,9389,27,9416,140
2020-10-27,Stanislaus,099,539301,17921,17720,788,18508,408
2020-10-27,Sutter,101,95872,1901,1832,1,1833,12
2020-10-27,Tehama,103,63373,970,913,2,915,5
2020-10-27,Trinity,105,12862,87,28,10,38,0
2020-10-27,Tulare,107,460477,18160,17520,407,17927,296
2020-10-27,Tuolumne,109,53932,295,275,4,279,4
2020-10-27,Ventura,111,848112,15176,14347,331,14678,153
2020-10-27,Yolo,113,214977,3321,3216,9,3225,58
2020-10-27,Yuba,115,75493,1284,1235,6,1241,10
2020-10-26,Alameda,001,1643700,23936,23284,231,23515,398
2020-10-26,Alpine,003,1148,5,3,0,3,0
2020-10-26,Amador,005,37829,357,331,0,331,16
2020-10-26,Butte,007,227075,3235,3095,32,3127,56
2020-10-26,Calaveras,009,45235,338,274,0,274,13
2020-10-26,Colusa,011,21464,559,548,1,549,6
2020-10-26,Contra Costa,013,1133247,19271,18718,95,18813,245
2020-10-26,Del Norte,015,27424,179,171,0,171,2
2020-10-26,El Dorado,017,186661,1442,1336,3,1339,4
2020-10-26,Fresno,019,978130,33789,30969,495,31464,441
2020-10-26,Glenn,021,27897,688,660,1,661,3
2020-10-26,Humboldt,023,135768,569,554,1,555,7
2020-10-26,Imperial,025,180216,13024,12654,15,12669,333
2020-10-26,Inyo,027,18085,248,226,10,236,14
2020-10-26,Kern,029,883053,34177,33233,425,33658,432
2020-10-26,Kings,031,150075,8757,8264,58,8322,82
2020-10-26,Lake,033,64148,738,697,1,698,15
2020-10-26,Lassen,035,31185,777,764,2,766,0
2020-10-26,Los Angeles,037,10098052,305078,297961,2954,300915,6979
2020-10-26,Madera,039,155013,5099,4922,44,4966,53
2020-10-26,Marin,041,260295,7155,7064,19,7083,104
2020-10-26,Mariposa,043,17540,80,77,0,77,2
2020-10-26,Mendocino,045,87422,1096,1026,3,1029,20
2020-10-26,Merced,047,269075,9638,9375,40,9415,150
2020-10-26,Modoc,049,8938,44,28,0,28,0
2020-10-26,Mono,051,14174,217,167,5,172,1
2020-10-26,Monterey,053,433212,11584,11207,71,11278,87
2020-10-26,Napa,055,140530,2095,1966,8,1974,14
2020-10-26,Nevada,057,99092,657,618,18,636,8
2020-10-26,Orange,059,3164182,61290,58377,1786,60163,1442
2020-10-26,Placer,061,380077,4472,4161,15,4176,57
2020-10-26,Plumas,063,18699,84,63,0,63,0
2020-10-26,Riverside,065,2383286,68270,66475,390,66865,1294
2020-10-26,Sacramento,067,1510023,26093,25555,29,25584,496
2020-10-26,San Benito,069,59416,1444,1424,1,1425,15
2020-10-26,San Bernardino,071,2135413,64814,61871,470,62341,1153
2020-10-26,San Diego,073,3302833,57277,54957,1586,56543,870
2020-10-26,San Francisco,075,870044,12446,12072,51,12123,138
2020-10-26,San Joaquin,077,732212,22124,21459,214,21673,495
2020-10-26,San Luis Obispo,079,281455,4386,4133,30,4163,31
2020-10-26,San Mateo,081,765935,11499,11037,9,11046,156
2020-10-26,Santa Barbara,083,443738,10791,9827,94,9921,122
2020-10-26,Santa Clara,085,1922200,25733,24258,45,24303,365
2020-10-26,Santa Cruz,087,273765,2921,2808,36,2844,24
2020-10-26,Shasta,089,179085,2305,1889,21,1910,29
2020-10-26,Sierra,091,2930,6,6,0,6,0
2020-10-26,Siskiyou,093,43540,209,179,10,189,0
2020-10-26,Solano,095,438530,7554,7271,41,7312,62
2020-10-26,Sonoma,097,501317,9748,9315,27,9342,140
2020-10-26,Stanislaus,099,539301,17871,17666,778,18444,400
2020-10-26,Sutter,101,95872,1893,1817,1,1818,12
2020-10-26,Tehama,103,63373,950,892,2,894,5
2020-10-26,Trinity,105,12862,86,26,10,36,0
2020-10-26,Tulare,107,460477,18083,17432,384,17816,296
2020-10-26,Tuolumne,109,53932,286,271,4,275,4
2020-10-26,Ventura,111,848112,15106,14330,328,14658,154
2020-10-26,Yolo,113,214977,3302,3206,9,3215,58
2020-10-26,Yuba,115,75493,1268,1226,6,1232,10
2020-10-25,Alameda,001,1643700,23830,23192,231,23423,398
2020-10-25,Alpine,003,1148,4,3,0,3,0
2020-10-25,Amador,005,37829,346,330,0,330,16
2020-10-25,Butte,007,227075,3216,3087,32,3119,56
2020-10-25,Calaveras,009,45235,337,274,0,274,13
2020-10-25,Colusa,011,21464,555,548,1,549,6
2020-10-25,Contra Costa,013,1133247,19170,18640,95,18735,245
2020-10-25,Del Norte,015,27424,175,171,0,171,2
2020-10-25,El Dorado,017,186661,1427,1328,3,1331,4
2020-10-25,Fresno,019,978130,33655,30858,482,31340,441
2020-10-25,Glenn,021,27897,685,652,1,653,3
2020-10-25,Humboldt,023,135768,566,554,1,555,7
2020-10-25,Imperial,025,180216,12974,12572,15,12587,333
2020-10-25,Inyo,027,18085,245,226,10,236,14
2020-10-25,Kern,029,883053,34070,33185,421,33606,432
2020-10-25,Kings,031,150075,8724,8246,56,8302,82
2020-10-25,Lake,033,64148,721,695,1,696,15
2020-10-25,Lassen,035,31185,774,764,2,766,0
2020-10-25,Los Angeles,037,10098052,303516,297110,2916,300026,6973
2020-10-25,Madera,039,155013,5069,4909,39,4948,53
2020-10-25,Marin,041,260295,7145,7052,19,7071,102
2020-10-25,Mariposa,043,17540,80,77,0,77,2
2020-10-25,Mendocino,045,87422,1089,1024,3,1027,20
2020-10-25,Merced,047,269075,9573,9352,38,9390,150
2020-10-25,Modoc,049,8938,39,28,0,28,0
2020-10-25,Mono,051,14174,209,167,5,172,1
2020-10-25,Monterey,053,433212,11501,11182,66,11248,87
2020-10-25,Napa,055,140530,2065,1962,8,1970,14
2020-10-25,Nevada,057,99092,649,616,18,634,8
2020-10-25,Orange,059,3164182,61001,58185,1777,59962,1443
2020-10-25,Placer,061,380077,4420,4140,15,4155,57
2020-10-25,Plumas,063,18699,84,63,0,63,0
2020-10-25,Riverside,065,2383286,67817,66192,375,66567,1289
2020-10-25,Sacramento,067,1510023,25877,25445,26,25471,496
2020-10-25,San Benito,069,59416,1437,1423,1,1424,15
2020-10-25,San Bernardino,071,2135413,64273,61551,458,62009,1153
2020-10-25,San Diego,073,3302833,56814,54599,1554,56153,870
2020-10-25,San Francisco,075,870044,12373,12072,51,12123,137
2020-10-25,San Joaquin,077,732212,22016,21459,206,21665,495
2020-10-25,San Luis Obispo,079,281455,4344,4126,28,4154,31
2020-10-25,San Mateo,081,765935,11454,10987,9,10996,156
2020-10-25,Santa Barbara,083,443738,10771,9814,94,9908,122
2020-10-25,Santa Clara,085,1922200,25545,24087,45,24132,365
2020-10-25,Santa Cruz,087,273765,2894,2789,36,2825,24
2020-10-25,Shasta,089,179085,2241,1889,21,1910,29
2020-10-25,Sierra,091,2930,6,6,0,6,0
2020-10-25,Siskiyou,093,43540,206,176,10,186,0
2020-10-25,Solano,095,438530,7476,7197,41,7238,60
2020-10-25,Sonoma,097,501317,9655,9235,26,9261,140
2020-10-25,Stanislaus,099,539301,17814,17641,768,18409,400
2020-10-25,Sutter,101,95872,1875,1811,1,1812,12
2020-10-25,Tehama,103,63373,933,880,2,882,5
2020-10-25,Trinity,105,12862,82,26,10,36,0
2020-10-25,Tulare,107,460477,18010,17431,374,17805,296
2020-10-25,Tuolumne,109,53932,281,271,4,275,4
2020-10-25,Ventura,111,848112,15013,14300,322,14622,154
2020-10-25,Yolo,113,214977,3281,3190,9,3199,58
2020-10-25,Yuba,115,75493,1260,1219,6,1225,10
2020-10-24,Alameda,001,1643700,23760,23099,228,23327,398
2020-10-24,Alpine,003,1148,4,3,0,3,0
2020-10-24,Amador,005,37829,345,328,0,328,16
2020-10-24,Butte,007,227075,3207,3078,32,3110,56
2020-10-24,Calaveras,009,45235,335,274,0,274,13
2020-10-24,Colusa,011,21464,550,548,1,549,6
2020-10-24,Contra Costa,013,1133247,19103,18567,95,18662,244
2020-10-24,Del Norte,015,27424,174,171,0,171,2
2020-10-24,El Dorado,017,186661,1411,1317,3,1320,4
2020-10-24,Fresno,019,978130,33594,30752,478,31230,441
2020-10-24,Glenn,021,27897,682,650,1,651,3
2020-10-24,Humboldt,023,135768,564,553,1,554,7
2020-10-24,Imperial,025,180216,12947,12469,15,12484,333
2020-10-24,Inyo,027,18085,245,226,10,236,14
2020-10-24,Kern,029,883053,34012,33105,415,33520,432
2020-10-24,Kings,031,150075,8714,8228,55,8283,82
2020-10-24,Lake,033,64148,716,696,1,697,15
2020-10-24,Lassen,035,31185,773,764,2,766,0
2020-10-24,Los Angeles,037,10098052,302696,296323,2894,299217,6969
2020-10-24,Madera,039,155013,5056,4898,38,4936,53
2020-10-24,Marin,041,260295,7136,7042,19,7061,102
2020-10-24,Mariposa,043,17540,80,77,0,77,2
2020-10-24,Mendocino,045,87422,1077,1022,3,1025,20
2020-10-24,Merced,047,269075,9549,9351,38,9389,150
2020-10-24,Modoc,049,8938,38,28,0,28,0
2020-10-24,Mono,051,14174,195,167,5,172,1
2020-10-24,Monterey,053,433212,11432,11153,65,11218,87
2020-10-24,Napa,055,140530,2048,1957,8,1965,14
2020-10-24,Nevada,057,99092,645,608,18,626,8
2020-10-24,Orange,059,3164182,60846,57928,1767,59695,1441
2020-10-24,Placer,061,380077,4389,4093,15,4108,57
2020-10-24,Plumas,063,18699,78,63,0,63,0
2020-10-24,Riverside,065,2383286,67607,65902,361,66263,1288
2020-10-24,Sacramento,067,1510023,25796,25372,26,25398,496
2020-10-24,San Benito,069,59416,1432,1417,1,1418,15
2020-10-24,San Bernardino,071,2135413,64033,61351,449,61800,1153
2020-10-24,San Diego,073,3302833,56536,54330,1542,55872,868
2020-10-24,San Francisco,075,870044,12315,12073,50,12123,137
2020-10-24,San Joaquin,077,732212,21964,21458,201,21659,495
2020-10-24,San Luis Obispo,079,281455,4319,4119,27,4146,31
2020-10-24,San Mateo,081,765935,11415,10942,9,10951,155
2020-10-24,Santa Barbara,083,443738,10754,9781,94,9875,122
2020-10-24,Santa Clara,085,1922200,25458,23978,45,24023,365
2020-10-24,Santa Cruz,087,273765,2875,2775,36,2811,24
2020-10-24,Shasta,089,179085,2196,1878,21,1899,29
2020-10-24,Sierra,091,2930,6,6,0,6,0
2020-10-24,Siskiyou,093,43540,205,174,10,184,0
2020-10-24,Solano,095,438530,7423,7189,41,7230,60
2020-10-24,Sonoma,097,501317,9621,9179,26,9205,140
2020-10-24,Stanislaus,099,539301,17770,17574,752,18326,400
2020-10-24,Sutter,101,95872,1866,1804,1,1805,12
2020-10-24,Tehama,103,63373,925,872,2,874,5
2020-10-24,Trinity,105,12862,82,25,10,35,0
2020-10-24,Tulare,107,460477,17987,17406,363,17769,295
2020-10-24,Tuolumne,109,53932,278,269,4,273,4
2020-10-24,Ventura,111,848112,14960,14240,321,14561,154
2020-10-24,Yolo,113,214977,3269,3164,9,3173,57
2020-10-24,Yuba,115,75493,1257,1210,6,1216,10
2020-10-23,Alameda,001,1643700,23688,23047,226,23273,393
2020-10-23,Alpine,003,1148,4,3,0,3,0
2020-10-23,Amador,005,37829,344,324,0,324,16
2020-10-23,Butte,007,227075,3198,3059,32,3091,55
2020-10-23,Calaveras,009,45235,334,273,0,273,13
2020-10-23,Colusa,011,21464,550,547,1,548,6
2020-10-23,Contra Costa,013,1133247,19033,18483,94,18577,244
2020-10-23,Del Norte,015,27424,174,171,0,171,2
2020-10-23,El Dorado,017,186661,1402,1310,3,1313,4
2020-10-23,Fresno,019,978130,33527,30590,474,31064,441
2020-10-23,Glenn,021,27897,679,644,1,645,3
2020-10-23,Humboldt,023,135768,562,553,1,554,7
2020-10-23,Imperial,025,180216,12916,12398,14,12412,333
2020-10-23,Inyo,027,18085,244,226,10,236,14
2020-10-23,Kern,029,883053,33944,33077,410,33487,431
2020-10-23,Kings,031,150075,8705,8218,55,8273,82
2020-10-23,Lake,033,64148,714,689,1,690,15
2020-10-23,Lassen,035,31185,772,764,2,766,0
2020-10-23,Los Angeles,037,10098052,301614,294287,2866,297153,6956
2020-10-23,Madera,039,155013,5051,4888,38,4926,53
2020-10-23,Marin,041,260295,7123,7029,19,7048,102
2020-10-23,Mariposa,043,17540,80,77,0,77,2
2020-10-23,Mendocino,045,87422,1074,1019,3,1022,20
2020-10-23,Merced,047,269075,9535,9327,38,9365,149
2020-10-23,Modoc,049,8938,38,28,0,28,0
2020-10-23,Mono,051,14174,194,159,5,164,1
2020-10-23,Monterey,053,433212,11385,11099,61,11160,86
2020-10-23,Napa,055,140530,2040,1942,8,1950,14
2020-10-23,Nevada,057,99092,642,604,18,622,8
2020-10-23,Orange,059,3164182,60675,57595,1752,59347,1430
2020-10-23,Placer,061,380077,4343,4073,15,4088,57
2020-10-23,Plumas,063,18699,75,63,0,63,0
2020-10-23,Riverside,065,2383286,67368,65512,353,65865,1279
2020-10-23,Sacramento,067,1510023,25690,25224,26,25250,496
2020-10-23,San Benito,069,59416,1430,1412,1,1413,15
2020-10-23,San Bernardino,071,2135413,63746,60854,435,61289,1150
2020-10-23,San Diego,073,3302833,56230,53944,1515,55459,867
2020-10-23,San Francisco,075,870044,12284,12015,50,12065,137
2020-10-23,San Joaquin,077,732212,21908,21361,195,21556,495
2020-10-23,San Luis Obispo,079,281455,4293,4102,27,4129,31
2020-10-23,San Mateo,081,765935,11366,10872,9,10881,155
2020-10-23,Santa Barbara,083,443738,10738,9751,94,9845,121
2020-10-23,Santa Clara,085,1922200,25356,23822,45,23867,364
2020-10-23,Santa Cruz,087,273765,2861,2757,36,2793,24
2020-10-23,Shasta,089,179085,2160,1846,20,1866,29
2020-10-23,Sierra,091,2930,6,6,0,6,0
2020-10-23,Siskiyou,093,43540,201,172,10,182,0
2020-10-23,Solano,095,438530,7392,7174,41,7215,59
2020-10-23,Sonoma,097,501317,9565,9112,26,9138,139
2020-10-23,Stanislaus,099,539301,17733,17496,745,18241,395
2020-10-23,Sutter,101,95872,1859,1797,1,1798,12
2020-10-23,Tehama,103,63373,916,862,2,864,5
2020-10-23,Trinity,105,12862,82,26,10,36,0
2020-10-23,Tulare,107,460477,17942,17334,351,17685,295
2020-10-23,Tuolumne,109,53932,276,254,4,258,4
2020-10-23,Ventura,111,848112,14931,14192,321,14513,155
2020-10-23,Yolo,113,214977,3257,3140,9,3149,57
2020-10-23,Yuba,115,75493,1253,1206,6,1212,10
2020-10-22,Alameda,001,1643700,23585,22915,226,23141,393
2020-10-22,Alpine,003,1148,4,3,0,3,0
2020-10-22,Amador,005,37829,340,317,0,317,16
2020-10-22,Butte,007,227075,3188,3046,30,3076,55
2020-10-22,Calaveras,009,45235,331,273,0,273,13
2020-10-22,Colusa,011,21464,550,547,1,548,6
2020-10-22,Contra Costa,013,1133247,18961,18393,94,18487,243
2020-10-22,Del Norte,015,27424,173,168,0,168,2
2020-10-22,El Dorado,017,186661,1392,1308,3,1311,4
2020-10-22,Fresno,019,978130,33415,30471,465,30936,438
2020-10-22,Glenn,021,27897,672,643,1,644,3
2020-10-22,Humboldt,023,135768,561,548,1,549,7
2020-10-22,Imperial,025,180216,12863,12311,14,12325,333
2020-10-22,Inyo,027,18085,241,220,10,230,14
2020-10-22,Kern,029,883053,33863,32991,407,33398,431
2020-10-22,Kings,031,150075,8454,8201,55,8256,82
2020-10-22,Lake,033,64148,710,678,1,679,15
2020-10-22,Lassen,035,31185,769,764,2,766,0
2020-10-22,Los Angeles,037,10098052,300239,291599,2807,294406,6935
2020-10-22,Madera,039,155013,5030,4847,38,4885,52
2020-10-22,Marin,041,260295,7116,7014,19,7033,102
2020-10-22,Mariposa,043,17540,80,77,0,77,2
2020-10-22,Mendocino,045,87422,1069,1016,3,1019,20
2020-10-22,Merced,047,269075,9507,9323,38,9361,149
2020-10-22,Modoc,049,8938,34,26,0,26,0
2020-10-22,Mono,051,14174,189,156,5,161,1
2020-10-22,Monterey,053,433212,11326,11059,58,11117,84
2020-10-22,Napa,055,140530,2025,1928,8,1936,14
2020-10-22,Nevada,057,99092,636,600,18,618,8
2020-10-22,Orange,059,3164182,60460,57418,1735,59153,1422
2020-10-22,Placer,061,380077,4294,4036,15,4051,57
2020-10-22,Plumas,063,18699,72,62,0,62,0
2020-10-22,Riverside,065,2383286,67034,65104,333,65437,1279
2020-10-22,Sacramento,067,1510023,25550,25054,26,25080,492
2020-10-22,San Benito,069,59416,1426,1403,1,1404,15
2020-10-22,San Bernardino,071,2135413,63344,60402,420,60822,1149
2020-10-22,San Diego,073,3302833,55843,53514,1496,55010,866
2020-10-22,San Francisco,075,870044,12226,11991,48,12039,137
2020-10-22,San Joaquin,077,732212,21835,21282,189,21471,495
2020-10-22,San Luis Obispo,079,281455,4277,4081,27,4108,31
2020-10-22,San Mateo,081,765935,11310,10796,9,10805,155
2020-10-22,Santa Barbara,083,443738,10704,9710,92,9802,120
2020-10-22,Santa Clara,085,1922200,25202,23621,45,23666,363
2020-10-22,Santa Cruz,087,273765,2843,2738,35,2773,24
2020-10-22,Shasta,089,179085,2114,1799,20,1819,29
2020-10-22,Sierra,091,2930,6,6,0,6,0
2020-10-22,Siskiyou,093,43540,201,169,10,179,0
2020-10-22,Solano,095,438530,7346,7116,41,7157,59
2020-10-22,Sonoma,097,501317,9499,9052,25,9077,139
2020-10-22,Stanislaus,099,539301,17679,17440,733,18173,395
2020-10-22,Sutter,101,95872,1845,1794,1,1795,12
2020-10-22,Tehama,103,63373,905,852,2,854,5
2020-10-22,Trinity,105,12862,81,26,10,36,0
2020-10-22,Tulare,107,460477,17876,17265,338,17603,293
2020-10-22,Tuolumne,109,53932,274,252,4,256,4
2020-10-22,Ventura,111,848112,14884,14124,319,14443,154
2020-10-22,Yolo,113,214977,3245,3116,9,3125,58
2020-10-22,Yuba,115,75493,1246,1199,5,1204,10
2020-10-21,Alameda,001,1643700,23497,22853,224,23077,392
2020-10-21,Alpine,003,1148,4,3,0,3,0
2020-10-21,Amador,005,37829,335,313,0,313,16
2020-10-21,Butte,007,227075,3176,3041,30,3071,55
2020-10-21,Calaveras,009,45235,330,272,0,272,13
2020-10-21,Colusa,011,21464,550,546,1,547,6
2020-10-21,Contra Costa,013,1133247,18887,18299,94,18393,243
2020-10-21,Del Norte,015,27424,173,169,0,169,2
2020-10-21,El Dorado,017,186661,1380,1305,2,1307,4
2020-10-21,Fresno,019,978130,33319,30328,461,30789,433
2020-10-21,Glenn,021,27897,667,640,1,641,3
2020-10-21,Humboldt,023,135768,560,548,1,549,7
2020-10-21,Imperial,025,180216,12806,12210,14,12224,331
2020-10-21,Inyo,027,18085,237,220,10,230,14
2020-10-21,Kern,029,883053,33788,32956,406,33362,430
2020-10-21,Kings,031,150075,8427,8186,55,8241,80
2020-10-21,Lake,033,64148,709,676,1,677,15
2020-10-21,Lassen,035,31185,768,764,2,766,0
2020-10-21,Los Angeles,037,10098052,298901,288096,2764,290860,6923
2020-10-21,Madera,039,155013,5005,4831,38,4869,52
2020-10-21,Marin,041,260295,7107,7002,19,7021,102
2020-10-21,Mariposa,043,17540,80,77,0,77,2
2020-10-21,Mendocino,045,87422,1067,1011,3,1014,21
2020-10-21,Merced,047,269075,9483,9319,36,9355,149
2020-10-21,Modoc,049,8938,33,26,0,26,0
2020-10-21,Mono,051,14174,187,156,5,161,1
2020-10-21,Monterey,053,433212,11288,11005,57,11062,83
2020-10-21,Napa,055,140530,2009,1918,8,1926,13
2020-10-21,Nevada,057,99092,630,597,18,615,8
2020-10-21,Orange,059,3164182,60247,57189,1726,58915,1409
2020-10-21,Placer,061,380077,4257,4007,15,4022,56
2020-10-21,Plumas,063,18699,69,58,0,58,0
2020-10-21,Riverside,065,2383286,66737,64778,309,65087,1278
2020-10-21,Sacramento,067,1510023,25355,24908,26,24934,490
2020-10-21,San Benito,069,59416,1425,1401,1,1402,14
2020-10-21,San Bernardino,071,2135413,62936,59948,413,60361,1141
2020-10-21,San Diego,073,3302833,55491,53279,1468,54747,863
2020-10-21,San Francisco,075,870044,12177,11976,47,12023,137
2020-10-21,San Joaquin,077,732212,21759,21201,183,21384,495
2020-10-21,San Luis Obispo,079,281455,4263,4055,25,4080,31
2020-10-21,San Mateo,081,765935,11261,10730,9,10739,155
2020-10-21,Santa Barbara,083,443738,10686,9681,91,9772,121
2020-10-21,Santa Clara,085,1922200,25076,23537,45,23582,361
2020-10-21,Santa Cruz,087,273765,2820,2729,35,2764,24
2020-10-21,Shasta,089,179085,2077,1777,20,1797,27
2020-10-21,Sierra,091,2930,6,6,0,6,0
2020-10-21,Siskiyou,093,43540,197,169,10,179,0
2020-10-21,Solano,095,438530,7300,7088,41,7129,59
2020-10-21,Sonoma,097,501317,9419,8987,25,9012,138
2020-10-21,Stanislaus,099,539301,17629,17419,725,18144,392
2020-10-21,Sutter,101,95872,1830,1786,1,1787,12
2020-10-21,Tehama,103,63373,889,824,2,826,5
2020-10-21,Trinity,105,12862,76,25,9,34,0
2020-10-21,Tulare,107,460477,17838,17204,324,17528,292
2020-10-21,Tuolumne,109,53932,273,251,4,255,4
2020-10-21,Ventura,111,848112,14821,14050,316,14366,153
2020-10-21,Yolo,113,214977,3226,3095,9,3104,58
2020-10-21,Yuba,115,75493,1237,1194,5,1199,10
2020-10-20,Alameda,001,1643700,23394,22750,220,22970,391
2020-10-20,Alpine,003,1148,4,3,0,3,0
2020-10-20,Amador,005,37829,334,313,0,313,16
2020-10-20,Butte,007,227075,3164,3027,30,3057,56
2020-10-20,Calaveras,009,45235,329,273,0,273,13
2020-10-20,Colusa,011,21464,547,546,1,547,6
2020-10-20,Contra Costa,013,1133247,18795,18246,94,18340,241
2020-10-20,Del Norte,015,27424,172,169,0,169,2
2020-10-20,El Dorado,017,186661,1374,1295,2,1297,4
2020-10-20,Fresno,019,978130,33216,30220,455,30675,431
2020-10-20,Glenn,021,27897,662,638,1,639,3
2020-10-20,Humboldt,023,135768,556,545,1,546,7
2020-10-20,Imperial,025,180216,12737,12114,14,12128,330
2020-10-20,Inyo,027,18085,237,218,10,228,14
2020-10-20,Kern,029,883053,33713,32889,393,33282,429
2020-10-20,Kings,031,150075,8409,8178,54,8232,80
2020-10-20,Lake,033,64148,707,675,1,676,15
2020-10-20,Lassen,035,31185,767,757,2,759,0
2020-10-20,Los Angeles,037,10098052,297410,287727,2713,290440,6891
2020-10-20,Madera,039,155013,4988,4823,38,4861,52
2020-10-20,Marin,041,260295,7092,6994,19,7013,101
2020-10-20,Mariposa,043,17540,79,77,0,77,2
2020-10-20,Mendocino,045,87422,1065,1004,3,1007,21
2020-10-20,Merced,047,269075,9461,9323,36,9359,149
2020-10-20,Modoc,049,8938,32,26,0,26,0
2020-10-20,Mono,051,14174,187,156,5,161,1
2020-10-20,Monterey,053,433212,11245,10942,54,10996,81
2020-10-20,Napa,055,140530,1990,1912,8,1920,13
2020-10-20,Nevada,057,99092,620,596,18,614,8
2020-10-20,Orange,059,3164182,59983,56914,1716,58630,1397
2020-10-20,Placer,061,380077,4219,3997,15,4012,56
2020-10-20,Plumas,063,18699,66,53,0,53,0
2020-10-20,Riverside,065,2383286,66355,64452,297,64749,1275
2020-10-20,Sacramento,067,1510023,25228,24767,25,24792,485
2020-10-20,San Benito,069,59416,1422,1398,1,1399,14
2020-10-20,San Bernardino,071,2135413,62554,59571,411,59982,1109
2020-10-20,San Diego,073,3302833,55155,53004,1448,54452,857
2020-10-20,San Francisco,075,870044,12130,12013,46,12059,126
2020-10-20,San Joaquin,077,732212,21680,21173,173,21346,490
2020-10-20,San Luis Obispo,079,281455,4245,4043,24,4067,31
2020-10-20,San Mateo,081,765935,11214,10659,9,10668,155
2020-10-20,Santa Barbara,083,443738,10657,9664,89,9753,121
2020-10-20,Santa Clara,085,1922200,24939,23406,45,23451,358
2020-10-20,Santa Cruz,087,273765,2797,2710,35,2745,23
2020-10-20,Shasta,089,179085,2054,1747,20,1767,20
2020-10-20,Sierra,091,2930,6,6,0,6,0
2020-10-20,Siskiyou,093,43540,189,168,10,178,0
2020-10-20,Solano,095,438530,7251,7044,41,7085,57
2020-10-20,Sonoma,097,501317,9356,8904,23,8927,135
2020-10-20,Stanislaus,099,539301,17575,17367,721,18088,393
2020-10-20,Sutter,101,95872,1821,1783,1,1784,12
2020-10-20,Tehama,103,63373,874,813,2,815,5
2020-10-20,Trinity,105,12862,75,25,9,34,0
2020-10-20,Tulare,107,460477,17771,17156,319,17475,289
2020-10-20,Tuolumne,109,53932,271,250,4,254,4
2020-10-20,Ventura,111,848112,14757,13980,314,14294,152
2020-10-20,Yolo,113,214977,3203,3083,9,3092,56
2020-10-20,Yuba,115,75493,1227,1191,5,1196,10
2020-10-19,Alameda,001,1643700,23283,22647,219,22866,392
2020-10-19,Alpine,003,1148,4,3,0,3,0
2020-10-19,Amador,005,37829,328,313,0,313,16
2020-10-19,Butte,007,227075,3153,3026,30,3056,55
2020-10-19,Calaveras,009,45235,328,268,0,268,13
2020-10-19,Colusa,011,21464,547,544,1,545,6
2020-10-19,Contra Costa,013,1133247,18697,18173,94,18267,239
2020-10-19,Del Norte,015,27424,169,167,0,167,2
2020-10-19,El Dorado,017,186661,1353,1287,2,1289,4
2020-10-19,Fresno,019,978130,33107,30152,449,30601,431
2020-10-19,Glenn,021,27897,657,635,0,635,3
2020-10-19,Humboldt,023,135768,556,543,1,544,7
2020-10-19,Imperial,025,180216,12683,12036,13,12049,330
2020-10-19,Inyo,027,18085,236,218,10,228,14
2020-10-19,Kern,029,883053,33637,32840,390,33230,428
2020-10-19,Kings,031,150075,8391,8173,54,8227,80
2020-10-19,Lake,033,64148,704,673,1,674,15
2020-10-19,Lassen,035,31185,766,757,2,759,0
2020-10-19,Los Angeles,037,10098052,295923,287119,2675,289794,6858
2020-10-19,Madera,039,155013,4973,4787,38,4825,52
2020-10-19,Marin,041,260295,7074,6981,19,7000,100
2020-10-19,Mariposa,043,17540,79,77,0,77,2
2020-10-19,Mendocino,045,87422,1060,1001,3,1004,21
2020-10-19,Merced,047,269075,9436,9305,31,9336,148
2020-10-19,Modoc,049,8938,31,26,0,26,0
2020-10-19,Mono,051,14174,182,156,5,161,1
2020-10-19,Monterey,053,433212,11184,10907,54,10961,80
2020-10-19,Napa,055,140530,1976,1892,8,1900,12
2020-10-19,Nevada,057,99092,617,590,18,608,8
2020-10-19,Orange,059,3164182,59697,56652,1701,58353,1396
2020-10-19,Placer,061,380077,4171,3962,15,3977,49
2020-10-19,Plumas,063,18699,64,52,0,52,0
2020-10-19,Riverside,065,2383286,65924,64016,281,64297,1272
2020-10-19,Sacramento,067,1510023,25089,24542,25,24567,483
2020-10-19,San Benito,069,59416,1415,1395,1,1396,14
2020-10-19,San Bernardino,071,2135413,62104,59265,400,59665,1100
2020-10-19,San Diego,073,3302833,54769,52739,1423,54162,853
2020-10-19,San Francisco,075,870044,12086,11879,46,11925,126
2020-10-19,San Joaquin,077,732212,21605,20930,165,21095,489
2020-10-19,San Luis Obispo,079,281455,4229,4016,24,4040,31
2020-10-19,San Mateo,081,765935,11168,10568,9,10577,154
2020-10-19,Santa Barbara,083,443738,10622,9632,89,9721,121
2020-10-19,Santa Clara,085,1922200,24788,23301,45,23346,352
2020-10-19,Santa Cruz,087,273765,2780,2705,35,2740,19
2020-10-19,Shasta,089,179085,2010,1709,19,1728,20
2020-10-19,Sierra,091,2930,6,6,0,6,0
2020-10-19,Siskiyou,093,43540,182,167,10,177,0
2020-10-19,Solano,095,438530,7210,7003,41,7044,57
2020-10-19,Sonoma,097,501317,9269,8830,23,8853,135
2020-10-19,Stanislaus,099,539301,17524,17342,711,18053,390
2020-10-19,Sutter,101,95872,1816,1773,1,1774,12
2020-10-19,Tehama,103,63373,871,793,2,795,5
2020-10-19,Trinity,105,12862,73,23,9,32,0
2020-10-19,Tulare,107,460477,17721,17047,312,17359,291
2020-10-19,Tuolumne,109,53932,269,247,4,251,4
2020-10-19,Ventura,111,848112,14691,13930,311,14241,152
2020-10-19,Yolo,113,214977,3190,3069,9,3078,56
2020-10-19,Yuba,115,75493,1220,1183,5,1188,10
2020-10-18,Alameda,001,1643700,23179,22546,218,22764,392
2020-10-18,Alpine,003,1148,4,3,0,3,0
2020-10-18,Amador,005,37829,316,313,0,313,16
2020-10-18,Butte,007,227075,3140,3019,30,3049,55
2020-10-18,Calaveras,009,45235,327,267,0,267,13
2020-10-18,Colusa,011,21464,545,544,1,545,6
2020-10-18,Contra Costa,013,1133247,18598,18120,94,18214,237
2020-10-18,Del Norte,015,27424,169,167,0,167,2
2020-10-18,El Dorado,017,186661,1344,1283,2,1285,4
2020-10-18,Fresno,019,978130,32979,30051,441,30492,430
2020-10-18,Glenn,021,27897,655,634,0,634,3
2020-10-18,Humboldt,023,135768,553,540,1,541,7
2020-10-18,Imperial,025,180216,12621,11987,12,11999,330
2020-10-18,Inyo,027,18085,233,215,10,225,14
2020-10-18,Kern,029,883053,33564,32799,383,33182,428
2020-10-18,Kings,031,150075,8376,8159,54,8213,80
2020-10-18,Lake,033,64148,697,670,1,671,15
2020-10-18,Lassen,035,31185,766,757,2,759,0
2020-10-18,Los Angeles,037,10098052,294217,286187,2631,288818,6857
2020-10-18,Madera,039,155013,4948,4770,37,4807,52
2020-10-18,Marin,041,260295,7053,6969,19,6988,99
2020-10-18,Mariposa,043,17540,79,77,0,77,2
2020-10-18,Mendocino,045,87422,1058,988,3,991,21
2020-10-18,Merced,047,269075,9401,9292,31,9323,148
2020-10-18,Modoc,049,8938,30,26,0,26,0
2020-10-18,Mono,051,14174,177,155,5,160,1
2020-10-18,Monterey,053,433212,11131,10872,53,10925,80
2020-10-18,Napa,055,140530,1963,1882,8,1890,12
2020-10-18,Nevada,057,99092,611,582,18,600,8
2020-10-18,Orange,059,3164182,59399,56394,1685,58079,1396
2020-10-18,Placer,061,380077,4123,3938,15,3953,49
2020-10-18,Plumas,063,18699,62,52,0,52,0
2020-10-18,Riverside,065,2383286,65612,63765,260,64025,1270
2020-10-18,Sacramento,067,1510023,24934,24425,25,24450,482
2020-10-18,San Benito,069,59416,1408,1395,1,1396,14
2020-10-18,San Bernardino,071,2135413,61604,58893,392,59285,1098
2020-10-18,San Diego,073,3302833,54380,52359,1402,53761,853
2020-10-18,San Francisco,075,870044,12047,11878,46,11924,126
2020-10-18,San Joaquin,077,732212,21522,20931,152,21083,489
2020-10-18,San Luis Obispo,079,281455,4198,4009,22,4031,31
2020-10-18,San Mateo,081,765935,11109,10503,9,10512,154
2020-10-18,Santa Barbara,083,443738,10583,9608,88,9696,121
2020-10-18,Santa Clara,085,1922200,24615,23169,45,23214,352
2020-10-18,Santa Cruz,087,273765,2766,2692,35,2727,19
2020-10-18,Shasta,089,179085,1985,1708,19,1727,20
2020-10-18,Sierra,091,2930,6,6,0,6,0
2020-10-18,Siskiyou,093,43540,182,167,10,177,0
2020-10-18,Solano,095,438530,7163,6962,41,7003,57
2020-10-18,Sonoma,097,501317,9192,8781,22,8803,134
2020-10-18,Stanislaus,099,539301,17468,17290,702,17992,390
2020-10-18,Sutter,101,95872,1807,1764,1,1765,12
2020-10-18,Tehama,103,63373,839,774,2,776,5
2020-10-18,Trinity,105,12862,73,20,9,29,0
2020-10-18,Tulare,107,460477,17627,17048,303,17351,290
2020-10-18,Tuolumne,109,53932,264,245,4,249,4
2020-10-18,Ventura,111,848112,14612,13901,310,14211,151
2020-10-18,Yolo,113,214977,3151,3059,9,3068,55
2020-10-18,Yuba,115,75493,1209,1176,5,1181,10
2020-10-17,Alameda,001,1643700,23133,22394,216,22610,398
2020-10-17,Alpine,003,1148,4,3,0,3,0
2020-10-17,Amador,005,37829,314,309,0,309,16
2020-10-17,Butte,007,227075,3132,3012,28,3040,55
2020-10-17,Calaveras,009,45235,327,267,0,267,13
2020-10-17,Colusa,011,21464,544,544,1,545,6
2020-10-17,Contra Costa,013,1133247,18545,18005,94,18099,237
2020-10-17,Del Norte,015,27424,169,167,0,167,2
2020-10-17,El Dorado,017,186661,1340,1277,2,1279,4
2020-10-17,Fresno,019,978130,32925,29911,439,30350,430
2020-10-17,Glenn,021,27897,652,633,0,633,3
2020-10-17,Humboldt,023,135768,550,535,1,536,7
2020-10-17,Imperial,025,180216,12593,11962,12,11974,330
2020-10-17,Inyo,027,18085,228,212,10,222,14
2020-10-17,Kern,029,883053,33513,32710,380,33090,428
2020-10-17,Kings,031,150075,8370,8151,53,8204,80
2020-10-17,Lake,033,64148,694,663,1,664,15
2020-10-17,Lassen,035,31185,766,757,2,759,0
2020-10-17,Los Angeles,037,10098052,293464,285858,2604,288462,6844
2020-10-17,Madera,039,155013,4942,4759,37,4796,53
2020-10-17,Marin,041,260295,7050,6958,19,6977,99
2020-10-17,Mariposa,043,17540,78,77,0,77,2
2020-10-17,Mendocino,045,87422,1051,977,3,980,21
2020-10-17,Merced,047,269075,9387,9275,31,9306,148
2020-10-17,Modoc,049,8938,30,26,0,26,0
2020-10-17,Mono,051,14174,176,155,5,160,1
2020-10-17,Monterey,053,433212,11091,10807,52,10859,80
2020-10-17,Napa,055,140530,1956,1866,8,1874,12
2020-10-17,Nevada,057,99092,610,580,18,598,8
2020-10-17,Orange,059,3164182,59257,56197,1678,57875,1396
2020-10-17,Placer,061,380077,4096,3898,15,3913,49
2020-10-17,Plumas,063,18699,62,52,0,52,0
2020-10-17,Riverside,065,2383286,65414,63171,250,63421,1270
2020-10-17,Sacramento,067,1510023,24850,24304,25,24329,482
2020-10-17,San Benito,069,59416,1404,1389,1,1390,14
2020-10-17,San Bernardino,071,2135413,61334,58415,385,58800,1097
2020-10-17,San Diego,073,3302833,54155,51986,1391,53377,853
2020-10-17,San Francisco,075,870044,12019,11877,45,11922,126
2020-10-17,San Joaquin,077,732212,21468,20932,146,21078,489
2020-10-17,San Luis Obispo,079,281455,4183,3979,22,4001,31
2020-10-17,San Mateo,081,765935,11081,10423,9,10432,153
2020-10-17,Santa Barbara,083,443738,10564,9588,86,9674,121
2020-10-17,Santa Clara,085,1922200,24526,22997,45,23042,349
2020-10-17,Santa Cruz,087,273765,2752,2680,35,2715,19
2020-10-17,Shasta,089,179085,1959,1679,19,1698,20
2020-10-17,Sierra,091,2930,6,6,0,6,0
2020-10-17,Siskiyou,093,43540,181,167,10,177,0
2020-10-17,Solano,095,438530,7137,6929,41,6970,57
2020-10-17,Sonoma,097,501317,9149,8725,22,8747,134
2020-10-17,Stanislaus,099,539301,17428,17232,693,17925,390
2020-10-17,Sutter,101,95872,1805,1762,1,1763,12
2020-10-17,Tehama,103,63373,823,764,2,766,5
2020-10-17,Trinity,105,12862,73,20,9,29,0
2020-10-17,Tulare,107,460477,17597,16995,294,17289,290
2020-10-17,Tuolumne,109,53932,264,241,4,245,4
2020-10-17,Ventura,111,848112,14567,13845,307,14152,151
2020-10-17,Yolo,113,214977,3136,3045,7,3052,55
2020-10-17,Yuba,115,75493,1204,1164,5,1169,10
2020-10-16,Alameda,001,1643700,23079,22315,216,22531,397
2020-10-16,Alpine,003,1148,4,3,0,3,0
2020-10-16,Amador,005,37829,314,309,0,309,16
2020-10-16,Butte,007,227075,3121,3004,28,3032,54
2020-10-16,Calaveras,009,45235,327,267,0,267,13
2020-10-16,Colusa,011,21464,543,544,1,545,6
2020-10-16,Contra Costa,013,1133247,18492,17956,94,18050,237
2020-10-16,Del Norte,015,27424,169,166,0,166,2
2020-10-16,El Dorado,017,186661,1334,1273,2,1275,4
2020-10-16,Fresno,019,978130,32849,29796,438,30234,427
2020-10-16,Glenn,021,27897,647,632,0,632,3
2020-10-16,Humboldt,023,135768,550,533,1,534,7
2020-10-16,Imperial,025,180216,12553,11885,12,11897,330
2020-10-16,Inyo,027,18085,224,212,10,222,14
2020-10-16,Kern,029,883053,33470,32660,378,33038,428
2020-10-16,Kings,031,150075,8361,8146,52,8198,80
2020-10-16,Lake,033,64148,692,644,1,645,14
2020-10-16,Lassen,035,31185,766,757,2,759,0
2020-10-16,Los Angeles,037,10098052,292402,284988,2583,287571,6835
2020-10-16,Madera,039,155013,4930,4736,36,4772,53
2020-10-16,Marin,041,260295,7040,6933,19,6952,99
2020-10-16,Mariposa,043,17540,78,76,0,76,2
2020-10-16,Mendocino,045,87422,1044,974,3,977,21
2020-10-16,Merced,047,269075,9370,9246,31,9277,148
2020-10-16,Modoc,049,8938,30,26,0,26,0
2020-10-16,Mono,051,14174,174,155,5,160,1
2020-10-16,Monterey,053,433212,11056,10727,52,10779,79
2020-10-16,Napa,055,140530,1947,1855,8,1863,12
2020-10-16,Nevada,057,99092,608,579,18,597,8
2020-10-16,Orange,059,3164182,59079,56091,1672,57763,1388
2020-10-16,Placer,061,380077,4076,3864,15,3879,49
2020-10-16,Plumas,063,18699,61,52,0,52,0
2020-10-16,Riverside,065,2383286,65189,62986,249,63235,1267
2020-10-16,Sacramento,067,1510023,24756,24144,25,24169,479
2020-10-16,San Benito,069,59416,1401,1388,1,1389,14
2020-10-16,San Bernardino,071,2135413,61064,58233,385,58618,1069
2020-10-16,San Diego,073,3302833,53913,51785,1377,53162,850
2020-10-16,San Francisco,075,870044,11997,11840,44,11884,126
2020-10-16,San Joaquin,077,732212,21423,20910,145,21055,489
2020-10-16,San Luis Obispo,079,281455,4169,3952,22,3974,32
2020-10-16,San Mateo,081,765935,11056,10405,9,10414,153
2020-10-16,Santa Barbara,083,443738,10546,9549,86,9635,119
2020-10-16,Santa Clara,085,1922200,24439,22920,45,22965,345
2020-10-16,Santa Cruz,087,273765,2739,2666,35,2701,20
2020-10-16,Shasta,089,179085,1937,1660,19,1679,20
2020-10-16,Sierra,091,2930,6,6,0,6,0
2020-10-16,Siskiyou,093,43540,179,167,10,177,0
2020-10-16,Solano,095,438530,7114,6879,41,6920,55
2020-10-16,Sonoma,097,501317,9093,8652,22,8674,133
2020-10-16,Stanislaus,099,539301,17395,17201,684,17885,366
2020-10-16,Sutter,101,95872,1797,1756,1,1757,12
2020-10-16,Tehama,103,63373,822,737,2,739,3
2020-10-16,Trinity,105,12862,73,20,9,29,0
2020-10-16,Tulare,107,460477,17565,16965,286,17251,290
2020-10-16,Tuolumne,109,53932,261,237,4,241,4
2020-10-16,Ventura,111,848112,14524,13805,302,14107,152
2020-10-16,Yolo,113,214977,3127,3030,7,3037,55
2020-10-16,Yuba,115,75493,1204,1155,5,1160,10
2020-10-15,Alameda,001,1643700,23011,22267,215,22482,390
2020-10-15,Alpine,003,1148,4,3,0,3,0
2020-10-15,Amador,005,37829,314,309,0,309,16
2020-10-15,Butte,007,227075,3109,3000,27,3027,54
2020-10-15,Calaveras,009,45235,326,267,0,267,13
2020-10-15,Colusa,011,21464,542,543,1,544,6
2020-10-15,Contra Costa,013,1133247,18425,17893,93,17986,237
2020-10-15,Del Norte,015,27424,169,164,0,164,2
2020-10-15,El Dorado,017,186661,1329,1265,2,1267,4
2020-10-15,Fresno,019,978130,32752,29727,435,30162,425
2020-10-15,Glenn,021,27897,642,632,0,632,3
2020-10-15,Humboldt,023,135768,546,531,1,532,7
2020-10-15,Imperial,025,180216,12512,11820,11,11831,330
2020-10-15,Inyo,027,18085,224,210,10,220,14
2020-10-15,Kern,029,883053,33389,32593,375,32968,427
2020-10-15,Kings,031,150075,8346,8134,52,8186,80
2020-10-15,Lake,033,64148,690,642,1,643,14
2020-10-15,Lassen,035,31185,765,752,2,754,0
2020-10-15,Los Angeles,037,10098052,291119,284019,2547,286566,6807
2020-10-15,Madera,039,155013,4918,4723,35,4758,50
2020-10-15,Marin,041,260295,7032,6912,19,6931,99
2020-10-15,Mariposa,043,17540,78,76,0,76,2
2020-10-15,Mendocino,045,87422,1038,963,3,966,21
2020-10-15,Merced,047,269075,9343,9213,31,9244,147
2020-10-15,Modoc,049,8938,30,26,0,26,0
2020-10-15,Mono,051,14174,174,155,5,160,1
2020-10-15,Monterey,053,433212,10989,10677,51,10728,79
2020-10-15,Napa,055,140530,1934,1842,8,1850,12
2020-10-15,Nevada,057,99092,604,575,18,593,8
2020-10-15,Orange,059,3164182,58862,55952,1660,57612,1379
2020-10-15,Placer,061,380077,4047,3848,15,3863,48
2020-10-15,Plumas,063,18699,58,52,0,52,0
2020-10-15,Riverside,065,2383286,64858,62819,246,63065,1266
2020-10-15,Sacramento,067,1510023,24640,24068,25,24093,474
2020-10-15,San Benito,069,59416,1398,1384,1,1385,14
2020-10-15,San Bernardino,071,2135413,60725,58068,382,58450,1067
2020-10-15,San Diego,073,3302833,53629,51472,1361,52833,847
2020-10-15,San Francisco,075,870044,11969,11808,41,11849,126
2020-10-15,San Joaquin,077,732212,21350,20880,139,21019,487
2020-10-15,San Luis Obispo,079,281455,4154,3934,22,3956,32
2020-10-15,San Mateo,081,765935,11016,10340,9,10349,152
2020-10-15,Santa Barbara,083,443738,10522,9526,85,9611,117
2020-10-15,Santa Clara,085,1922200,24323,22808,45,22853,343
2020-10-15,Santa Cruz,087,273765,2725,2656,35,2691,13
2020-10-15,Shasta,089,179085,1926,1635,19,1654,20
2020-10-15,Sierra,091,2930,6,6,0,6,0
2020-10-15,Siskiyou,093,43540,175,166,10,176,0
2020-10-15,Solano,095,438530,7075,6830,41,6871,55
2020-10-15,Sonoma,097,501317,9001,8571,22,8593,133
2020-10-15,Stanislaus,099,539301,17357,17151,670,17821,366
2020-10-15,Sutter,101,95872,1794,1752,1,1753,12
2020-10-15,Tehama,103,63373,795,726,2,728,3
2020-10-15,Trinity,105,12862,73,20,9,29,0
2020-10-15,Tulare,107,460477,17505,16918,270,17188,289
2020-10-15,Tuolumne,109,53932,259,236,4,240,4
2020-10-15,Ventura,111,848112,14468,13750,297,14047,152
2020-10-15,Yolo,113,214977,3107,3014,7,3021,55
2020-10-15,Yuba,115,75493,1197,1151,5,1156,10
2020-10-14,Alameda,001,1643700,22912,22227,214,22441,398
2020-10-14,Alpine,003,1148,4,3,0,3,0
2020-10-14,Amador,005,37829,312,308,0,308,16
2020-10-14,Butte,007,227075,3101,2995,27,3022,54
2020-10-14,Calaveras,009,45235,326,266,0,266,12
2020-10-14,Colusa,011,21464,542,543,1,544,6
2020-10-14,Contra Costa,013,1133247,18368,17820,91,17911,236
2020-10-14,Del Norte,015,27424,168,163,0,163,2
2020-10-14,El Dorado,017,186661,1323,1264,2,1266,4
2020-10-14,Fresno,019,978130,32637,29650,428,30078,424
2020-10-14,Glenn,021,27897,641,629,0,629,3
2020-10-14,Humboldt,023,135768,543,531,1,532,7
2020-10-14,Imperial,025,180216,12475,11765,10,11775,330
2020-10-14,Inyo,027,18085,223,209,9,218,14
2020-10-14,Kern,029,883053,33314,32528,373,32901,425
2020-10-14,Kings,031,150075,8328,8118,52,8170,80
2020-10-14,Lake,033,64148,689,642,1,643,14
2020-10-14,Lassen,035,31185,763,752,2,754,0
2020-10-14,Los Angeles,037,10098052,289806,282918,2503,285421,6786
2020-10-14,Madera,039,155013,4903,4713,34,4747,50
2020-10-14,Marin,041,260295,7026,6907,19,6926,99
2020-10-14,Mariposa,043,17540,77,76,0,76,2
2020-10-14,Mendocino,045,87422,1032,955,3,958,21
2020-10-14,Merced,047,269075,9318,9201,29,9230,147
2020-10-14,Modoc,049,8938,30,27,0,27,0
2020-10-14,Mono,051,14174,174,155,5,160,1
2020-10-14,Monterey,053,433212,10938,10616,51,10667,78
2020-10-14,Napa,055,140530,1917,1837,8,1845,12
2020-10-14,Nevada,057,99092,602,573,18,591,7
2020-10-14,Orange,059,3164182,58648,55756,1651,57407,1348
2020-10-14,Placer,061,380077,4024,3829,15,3844,48
2020-10-14,Plumas,063,18699,54,52,0,52,0
2020-10-14,Riverside,065,2383286,64575,62607,245,62852,1261
2020-10-14,Sacramento,067,1510023,24496,24013,25,24038,472
2020-10-14,San Benito,069,59416,1396,1381,0,1381,14
2020-10-14,San Bernardino,071,2135413,60398,57774,379,58153,1063
2020-10-14,San Diego,073,3302833,53310,51329,1337,52666,844
2020-10-14,San Francisco,075,870044,11937,11783,40,11823,123
2020-10-14,San Joaquin,077,732212,21271,20845,125,20970,487
2020-10-14,San Luis Obispo,079,281455,4131,3901,21,3922,32
2020-10-14,San Mateo,081,765935,10965,10309,9,10318,132
2020-10-14,Santa Barbara,083,443738,10487,9509,85,9594,117
2020-10-14,Santa Clara,085,1922200,24174,22735,45,22780,343
2020-10-14,Santa Cruz,087,273765,2715,2618,35,2653,13
2020-10-14,Shasta,089,179085,1888,1553,19,1572,20
2020-10-14,Sierra,091,2930,6,6,0,6,0
2020-10-14,Siskiyou,093,43540,175,166,10,176,0
2020-10-14,Solano,095,438530,7019,6786,41,6827,55
2020-10-14,Sonoma,097,501317,8948,8514,22,8536,133
2020-10-14,Stanislaus,099,539301,17312,17105,667,17772,365
2020-10-14,Sutter,101,95872,1785,1747,1,1748,12
2020-10-14,Tehama,103,63373,784,721,2,723,3
2020-10-14,Trinity,105,12862,72,20,9,29,0
2020-10-14,Tulare,107,460477,17443,16863,257,17120,287
2020-10-14,Tuolumne,109,53932,258,236,4,240,4
2020-10-14,Ventura,111,848112,14415,13697,293,13990,152
2020-10-14,Yolo,113,214977,3089,3007,7,3014,55
2020-10-14,Yuba,115,75493,1189,1147,5,1152,10
2020-10-13,Alameda,001,1643700,22808,22185,212,22397,389
2020-10-13,Alpine,003,1148,4,3,0,3,0
2020-10-13,Amador,005,37829,310,306,0,306,16
2020-10-13,Butte,007,227075,3092,2992,27,3019,54
2020-10-13,Calaveras,009,45235,322,262,0,262,12
2020-10-13,Colusa,011,21464,542,541,1,542,6
2020-10-13,Contra Costa,013,1133247,18310,17783,91,17874,234
2020-10-13,Del Norte,015,27424,168,163,0,163,2
2020-10-13,El Dorado,017,186661,1314,1262,2,1264,4
2020-10-13,Fresno,019,978130,32515,29579,424,30003,424
2020-10-13,Glenn,021,27897,640,629,0,629,3
2020-10-13,Humboldt,023,135768,541,523,1,524,7
2020-10-13,Imperial,025,180216,12440,11727,10,11737,327
2020-10-13,Inyo,027,18085,220,207,9,216,14
2020-10-13,Kern,029,883053,33239,32497,371,32868,419
2020-10-13,Kings,031,150075,8319,8111,52,8163,80
2020-10-13,Lake,033,64148,686,639,1,640,12
2020-10-13,Lassen,035,31185,761,752,2,754,0
2020-10-13,Los Angeles,037,10098052,288530,281716,2460,284176,6767
2020-10-13,Madera,039,155013,4885,4700,34,4734,50
2020-10-13,Marin,041,260295,7004,6900,18,6918,97
2020-10-13,Mariposa,043,17540,77,76,0,76,2
2020-10-13,Mendocino,045,87422,1023,950,3,953,21
2020-10-13,Merced,047,269075,9301,9181,29,9210,146
2020-10-13,Modoc,049,8938,29,28,0,28,0
2020-10-13,Mono,051,14174,174,155,4,159,1
2020-10-13,Monterey,053,433212,10877,10574,50,10624,78
2020-10-13,Napa,055,140530,1908,1825,8,1833,12
2020-10-13,Nevada,057,99092,596,572,18,590,7
2020-10-13,Orange,059,3164182,58434,55515,1638,57153,1326
2020-10-13,Placer,061,380077,3986,3825,15,3840,48
2020-10-13,Plumas,063,18699,52,51,0,51,0
2020-10-13,Riverside,065,2383286,64255,62279,243,62522,1254
2020-10-13,Sacramento,067,1510023,24419,23930,25,23955,466
2020-10-13,San Benito,069,59416,1388,1380,0,1380,14
2020-10-13,San Bernardino,071,2135413,60058,57411,377,57788,1061
2020-10-13,San Diego,073,3302833,53017,51026,1320,52346,840
2020-10-13,San Francisco,075,870044,11902,11659,40,11699,122
2020-10-13,San Joaquin,077,732212,21209,20822,121,20943,481
2020-10-13,San Luis Obispo,079,281455,4120,3892,20,3912,32
2020-10-13,San Mateo,081,765935,10922,10286,9,10295,130
2020-10-13,Santa Barbara,083,443738,10456,9489,85,9574,117
2020-10-13,Santa Clara,085,1922200,24047,22678,45,22723,343
2020-10-13,Santa Cruz,087,273765,2697,2603,35,2638,13
2020-10-13,Shasta,089,179085,1864,1606,19,1625,20
2020-10-13,Sierra,091,2930,6,6,0,6,0
2020-10-13,Siskiyou,093,43540,174,163,10,173,0
2020-10-13,Solano,095,438530,6984,6761,41,6802,55
2020-10-13,Sonoma,097,501317,8865,8456,22,8478,133
2020-10-13,Stanislaus,099,539301,17267,17082,662,17744,362
2020-10-13,Sutter,101,95872,1776,1748,1,1749,12
2020-10-13,Tehama,103,63373,776,717,2,719,3
2020-10-13,Trinity,105,12862,68,19,8,27,0
2020-10-13,Tulare,107,460477,17384,16822,249,17071,286
2020-10-13,Tuolumne,109,53932,256,235,4,239,4
2020-10-13,Ventura,111,848112,14361,13645,289,13934,151
2020-10-13,Yolo,113,214977,3081,2983,6,2989,55
2020-10-13,Yuba,115,75493,1184,1143,5,1148,10
2020-10-12,Alameda,001,1643700,22728,22126,211,22337,389
2020-10-12,Alpine,003,1148,4,3,0,3,0
2020-10-12,Amador,005,37829,309,305,0,305,16
2020-10-12,Butte,007,227075,3086,2975,27,3002,54
2020-10-12,Calaveras,009,45235,322,262,0,262,12
2020-10-12,Colusa,011,21464,542,541,1,542,6
2020-10-12,Contra Costa,013,1133247,18235,17728,91,17819,233
2020-10-12,Del Norte,015,27424,168,161,0,161,2
2020-10-12,El Dorado,017,186661,1311,1254,2,1256,4
2020-10-12,Fresno,019,978130,32382,29523,420,29943,421
2020-10-12,Glenn,021,27897,639,626,0,626,3
2020-10-12,Humboldt,023,135768,538,522,1,523,7
2020-10-12,Imperial,025,180216,12401,11689,10,11699,328
2020-10-12,Inyo,027,18085,217,201,9,210,14
2020-10-12,Kern,029,883053,33146,32425,368,32793,419
2020-10-12,Kings,031,150075,8313,8106,51,8157,80
2020-10-12,Lake,033,64148,680,633,1,634,12
2020-10-12,Lassen,035,31185,761,752,2,754,0
2020-10-12,Los Angeles,037,10098052,287313,280961,2433,283394,6747
2020-10-12,Madera,039,155013,4866,4689,34,4723,50
2020-10-12,Marin,041,260295,6987,6886,18,6904,97
2020-10-12,Mariposa,043,17540,77,76,0,76,2
2020-10-12,Mendocino,045,87422,1017,947,3,950,21
2020-10-12,Merced,047,269075,9280,9141,29,9170,146
2020-10-12,Modoc,049,8938,29,27,0,27,0
2020-10-12,Mono,051,14174,174,154,4,158,1
2020-10-12,Monterey,053,433212,10811,10473,50,10523,77
2020-10-12,Napa,055,140530,1900,1819,8,1827,11
2020-10-12,Nevada,057,99092,592,570,18,588,7
2020-10-12,Orange,059,3164182,58204,55373,1628,57001,1326
2020-10-12,Placer,061,380077,3954,3808,14,3822,48
2020-10-12,Plumas,063,18699,52,51,0,51,0
2020-10-12,Riverside,065,2383286,63943,62279,240,62519,1254
2020-10-12,Sacramento,067,1510023,24313,23807,25,23832,466
2020-10-12,San Benito,069,59416,1385,1376,0,1376,13
2020-10-12,San Bernardino,071,2135413,59684,57235,376,57611,1061
2020-10-12,San Diego,073,3302833,52727,50748,1293,52041,826
2020-10-12,San Francisco,075,870044,11870,11659,40,11699,122
2020-10-12,San Joaquin,077,732212,21146,20701,115,20816,480
2020-10-12,San Luis Obispo,079,281455,4096,3874,20,3894,32
2020-10-12,San Mateo,081,765935,10874,10262,9,10271,130
2020-10-12,Santa Barbara,083,443738,10419,9462,85,9547,117
2020-10-12,Santa Clara,085,1922200,23932,22578,45,22623,343
2020-10-12,Santa Cruz,087,273765,2680,2590,35,2625,13
2020-10-12,Shasta,089,179085,1839,1515,19,1534,20
2020-10-12,Sierra,091,2930,6,6,0,6,0
2020-10-12,Siskiyou,093,43540,173,162,10,172,0
2020-10-12,Solano,095,438530,6945,6742,41,6783,55
2020-10-12,Sonoma,097,501317,8794,8377,22,8399,133
2020-10-12,Stanislaus,099,539301,17218,17051,653,17704,361
2020-10-12,Sutter,101,95872,1768,1741,1,1742,12
2020-10-12,Tehama,103,63373,760,708,2,710,3
2020-10-12,Trinity,105,12862,67,19,8,27,0
2020-10-12,Tulare,107,460477,17332,16742,242,16984,286
2020-10-12,Tuolumne,109,53932,251,234,4,238,4
2020-10-12,Ventura,111,848112,14299,13617,285,13902,151
2020-10-12,Yolo,113,214977,3066,2964,6,2970,55
2020-10-12,Yuba,115,75493,1173,1141,5,1146,10
2020-10-11,Alameda,001,1643700,22638,22057,207,22264,392
2020-10-11,Alpine,003,1148,4,3,0,3,0
2020-10-11,Amador,005,37829,307,305,0,305,16
2020-10-11,Butte,007,227075,3078,2967,26,2993,54
2020-10-11,Calaveras,009,45235,320,262,0,262,12
2020-10-11,Colusa,011,21464,540,541,1,542,6
2020-10-11,Contra Costa,013,1133247,18151,17678,91,17769,233
2020-10-11,Del Norte,015,27424,166,161,0,161,2
2020-10-11,El Dorado,017,186661,1302,1242,2,1244,4
2020-10-11,Fresno,019,978130,32244,29419,412,29831,421
2020-10-11,Glenn,021,27897,637,625,0,625,3
2020-10-11,Humboldt,023,135768,537,521,1,522,7
2020-10-11,Imperial,025,180216,12341,11614,10,11624,328
2020-10-11,Inyo,027,18085,213,201,9,210,14
2020-10-11,Kern,029,883053,33059,32399,361,32760,418
2020-10-11,Kings,031,150075,8296,8094,50,8144,80
2020-10-11,Lake,033,64148,667,631,1,632,12
2020-10-11,Lassen,035,31185,760,752,2,754,0
2020-10-11,Los Angeles,037,10098052,285876,280190,2391,282581,6745
2020-10-11,Madera,039,155013,4838,4680,33,4713,50
2020-10-11,Marin,041,260295,6978,6870,18,6888,97
2020-10-11,Mariposa,043,17540,77,76,0,76,2
2020-10-11,Mendocino,045,87422,1010,944,3,947,21
2020-10-11,Merced,047,269075,9262,9124,29,9153,146
2020-10-11,Modoc,049,8938,29,27,0,27,0
2020-10-11,Mono,051,14174,174,154,4,158,1
2020-10-11,Monterey,053,433212,10760,10445,48,10493,77
2020-10-11,Napa,055,140530,1884,1811,8,1819,11
2020-10-11,Nevada,057,99092,590,569,18,587,7
2020-10-11,Orange,059,3164182,57974,55202,1622,56824,1326
2020-10-11,Placer,061,380077,3933,3787,14,3801,48
2020-10-11,Plumas,063,18699,52,51,0,51,0
2020-10-11,Riverside,065,2383286,63654,62112,236,62348,1254
2020-10-11,Sacramento,067,1510023,24171,23778,25,23803,466
2020-10-11,San Benito,069,59416,1384,1374,0,1374,13
2020-10-11,San Bernardino,071,2135413,59229,56997,374,57371,1061
2020-10-11,San Diego,073,3302833,52377,50553,1271,51824,826
2020-10-11,San Francisco,075,870044,11827,11659,40,11699,122
2020-10-11,San Joaquin,077,732212,21071,20700,105,20805,480
2020-10-11,San Luis Obispo,079,281455,4079,3874,19,3893,32
2020-10-11,San Mateo,081,765935,10843,10240,9,10249,130
2020-10-11,Santa Barbara,083,443738,10389,9440,84,9524,117
2020-10-11,Santa Clara,085,1922200,23789,22487,44,22531,336
2020-10-11,Santa Cruz,087,273765,2666,2578,35,2613,13
2020-10-11,Shasta,089,179085,1809,1515,18,1533,20
2020-10-11,Sierra,091,2930,6,6,0,6,0
2020-10-11,Siskiyou,093,43540,172,162,10,172,0
2020-10-11,Solano,095,438530,6891,6685,41,6726,53
2020-10-11,Sonoma,097,501317,8737,8319,22,8341,133
2020-10-11,Stanislaus,099,539301,17154,17007,637,17644,360
2020-10-11,Sutter,101,95872,1765,1742,1,1743,12
2020-10-11,Tehama,103,63373,736,702,2,704,3
2020-10-11,Trinity,105,12862,67,19,8,27,0
2020-10-11,Tulare,107,460477,17268,16741,234,16975,286
2020-10-11,Tuolumne,109,53932,247,234,4,238,4
2020-10-11,Ventura,111,848112,14238,13604,280,13884,151
2020-10-11,Yolo,113,214977,3036,2952,6,2958,55
2020-10-11,Yuba,115,75493,1161,1137,5,1142,10
2020-10-10,Alameda,001,1643700,22588,21979,206,22185,398
2020-10-10,Alpine,003,1148,4,3,0,3,0
2020-10-10,Amador,005,37829,306,304,0,304,16
2020-10-10,Butte,007,227075,3073,2962,25,2987,54
2020-10-10,Calaveras,009,45235,319,262,0,262,12
2020-10-10,Colusa,011,21464,540,541,1,542,6
2020-10-10,Contra Costa,013,1133247,18115,17566,90,17656,233
2020-10-10,Del Norte,015,27424,166,161,0,161,2
2020-10-10,El Dorado,017,186661,1300,1240,2,1242,4
2020-10-10,Fresno,019,978130,32180,29286,410,29696,421
2020-10-10,Glenn,021,27897,637,623,0,623,3
2020-10-10,Humboldt,023,135768,534,518,1,519,7
2020-10-10,Imperial,025,180216,12326,11591,10,11601,327
2020-10-10,Inyo,027,18085,210,201,9,210,14
2020-10-10,Kern,029,883053,33022,32338,361,32699,418
2020-10-10,Kings,031,150075,8292,8078,50,8128,80
2020-10-10,Lake,033,64148,666,630,1,631,11
2020-10-10,Lassen,035,31185,760,752,2,754,0
2020-10-10,Los Angeles,037,10098052,285156,279213,2357,281570,6743
2020-10-10,Madera,039,155013,4825,4662,33,4695,50
2020-10-10,Marin,041,260295,6969,6852,18,6870,97
2020-10-10,Mariposa,043,17540,77,76,0,76,2
2020-10-10,Mendocino,045,87422,1003,935,3,938,21
2020-10-10,Merced,047,269075,9256,9105,28,9133,146
2020-10-10,Modoc,049,8938,29,27,0,27,0
2020-10-10,Mono,051,14174,174,154,4,158,1
2020-10-10,Monterey,053,433212,10727,10410,48,10458,75
2020-10-10,Napa,055,140530,1877,1804,8,1812,11
2020-10-10,Nevada,057,99092,587,564,18,582,6
2020-10-10,Orange,059,3164182,57853,54965,1617,56582,1324
2020-10-10,Placer,061,380077,3916,3757,14,3771,48
2020-10-10,Plumas,063,18699,52,51,0,51,0
2020-10-10,Riverside,065,2383286,63450,61845,234,62079,1254
2020-10-10,Sacramento,067,1510023,24104,23689,25,23714,466
2020-10-10,San Benito,069,59416,1382,1370,0,1370,13
2020-10-10,San Bernardino,071,2135413,59067,56683,372,57055,1061
2020-10-10,San Diego,073,3302833,52147,50145,1253,51398,825
2020-10-10,San Francisco,075,870044,11806,11663,40,11703,122
2020-10-10,San Joaquin,077,732212,21043,20700,101,20801,481
2020-10-10,San Luis Obispo,079,281455,4059,3832,19,3851,32
2020-10-10,San Mateo,081,765935,10806,10218,9,10227,130
2020-10-10,Santa Barbara,083,443738,10378,9417,84,9501,116
2020-10-10,Santa Clara,085,1922200,23697,22354,44,22398,330
2020-10-10,Santa Cruz,087,273765,2652,2572,35,2607,13
2020-10-10,Shasta,089,179085,1792,1473,18,1491,20
2020-10-10,Sierra,091,2930,6,6,0,6,0
2020-10-10,Siskiyou,093,43540,172,161,10,171,0
2020-10-10,Solano,095,438530,6865,6655,41,6696,53
2020-10-10,Sonoma,097,501317,8717,8235,22,8257,133
2020-10-10,Stanislaus,099,539301,17119,16960,629,17589,360
2020-10-10,Sutter,101,95872,1762,1735,1,1736,12
2020-10-10,Tehama,103,63373,729,693,2,695,3
2020-10-10,Trinity,105,12862,67,19,8,27,0
2020-10-10,Tulare,107,460477,17233,16709,229,16938,286
2020-10-10,Tuolumne,109,53932,247,233,4,237,4
2020-10-10,Ventura,111,848112,14213,13520,280,13800,151
2020-10-10,Yolo,113,214977,3027,2939,6,2945,55
2020-10-10,Yuba,115,75493,1159,1134,5,1139,10
2020-10-09,Alameda,001,1643700,22540,21924,206,22130,399
2020-10-09,Alpine,003,1148,4,3,0,3,0
2020-10-09,Amador,005,37829,306,303,0,303,16
2020-10-09,Butte,007,227075,3070,2956,25,2981,51
2020-10-09,Calaveras,009,45235,317,262,0,262,11
2020-10-09,Colusa,011,21464,540,541,1,542,6
2020-10-09,Contra Costa,013,1133247,18065,17487,90,17577,229
2020-10-09,Del Norte,015,27424,165,161,0,161,2
2020-10-09,El Dorado,017,186661,1296,1234,2,1236,4
2020-10-09,Fresno,019,978130,32107,29208,408,29616,417
2020-10-09,Glenn,021,27897,632,617,0,617,3
2020-10-09,Humboldt,023,135768,532,516,1,517,7
2020-10-09,Imperial,025,180216,12299,11516,10,11526,330
2020-10-09,Inyo,027,18085,207,200,9,209,14
2020-10-09,Kern,029,883053,32979,32237,359,32596,417
2020-10-09,Kings,031,150075,8285,7993,48,8041,80
2020-10-09,Lake,033,64148,656,610,1,611,11
2020-10-09,Lassen,035,31185,760,751,2,753,0
2020-10-09,Los Angeles,037,10098052,284022,278039,2332,280371,6715
2020-10-09,Madera,039,155013,4815,4646,33,4679,50
2020-10-09,Marin,041,260295,6955,6838,18,6856,96
2020-10-09,Mariposa,043,17540,77,76,0,76,2
2020-10-09,Mendocino,045,87422,993,933,3,936,20
2020-10-09,Merced,047,269075,9242,9095,28,9123,145
2020-10-09,Modoc,049,8938,29,27,0,27,0
2020-10-09,Mono,051,14174,174,154,4,158,1
2020-10-09,Monterey,053,433212,10693,10369,48,10417,75
2020-10-09,Napa,055,140530,1867,1795,8,1803,11
2020-10-09,Nevada,057,99092,582,561,18,579,6
2020-10-09,Orange,059,3164182,57681,54746,1612,56358,1305
2020-10-09,Placer,061,380077,3902,3737,14,3751,48
2020-10-09,Plumas,063,18699,52,50,0,50,0
2020-10-09,Riverside,065,2383286,63214,61529,233,61762,1252
2020-10-09,Sacramento,067,1510023,24034,23606,25,23631,457
2020-10-09,San Benito,069,59416,1377,1367,0,1367,13
2020-10-09,San Bernardino,071,2135413,58827,56434,370,56804,1057
2020-10-09,San Diego,073,3302833,51871,49825,1242,51067,821
2020-10-09,San Francisco,075,870044,11776,11620,40,11660,120
2020-10-09,San Joaquin,077,732212,21013,20648,91,20739,481
2020-10-09,San Luis Obispo,079,281455,4040,3810,19,3829,32
2020-10-09,San Mateo,081,765935,10778,10140,9,10149,130
2020-10-09,Santa Barbara,083,443738,10350,9396,84,9480,116
2020-10-09,Santa Clara,085,1922200,23595,22251,43,22294,328
2020-10-09,Santa Cruz,087,273765,2643,2555,35,2590,13
2020-10-09,Shasta,089,179085,1765,1353,17,1370,20
2020-10-09,Sierra,091,2930,6,6,0,6,0
2020-10-09,Siskiyou,093,43540,170,156,10,166,0
2020-10-09,Solano,095,438530,6826,6614,41,6655,53
2020-10-09,Sonoma,097,501317,8663,8133,22,8155,133
2020-10-09,Stanislaus,099,539301,17096,16904,620,17524,362
2020-10-09,Sutter,101,95872,1758,1732,1,1733,12
2020-10-09,Tehama,103,63373,723,682,2,684,3
2020-10-09,Trinity,105,12862,67,25,8,33,0
2020-10-09,Tulare,107,460477,17193,16644,220,16864,286
2020-10-09,Tuolumne,109,53932,244,230,4,234,4
2020-10-09,Ventura,111,848112,14177,13469,277,13746,151
2020-10-09,Yolo,113,214977,3020,2928,6,2934,55
2020-10-09,Yuba,115,75493,1158,1129,5,1134,10
2020-10-08,Alameda,001,1643700,22459,21826,205,22031,395
2020-10-08,Alpine,003,1148,4,3,0,3,0
2020-10-08,Amador,005,37829,305,302,0,302,16
2020-10-08,Butte,007,227075,3060,2935,25,2960,51
2020-10-08,Calaveras,009,45235,316,262,0,262,11
2020-10-08,Colusa,011,21464,540,539,1,540,6
2020-10-08,Contra Costa,013,1133247,18005,17418,89,17507,228
2020-10-08,Del Norte,015,27424,165,151,0,151,2
2020-10-08,El Dorado,017,186661,1295,1230,2,1232,4
2020-10-08,Fresno,019,978130,32002,29111,407,29518,416
2020-10-08,Glenn,021,27897,629,616,0,616,3
2020-10-08,Humboldt,023,135768,528,515,1,516,7
2020-10-08,Imperial,025,180216,12260,11405,10,11415,330
2020-10-08,Inyo,027,18085,204,199,9,208,14
2020-10-08,Kern,029,883053,32921,32169,354,32523,411
2020-10-08,Kings,031,150075,8279,7968,48,8016,80
2020-10-08,Lake,033,64148,651,604,1,605,11
2020-10-08,Lassen,035,31185,755,751,2,753,0
2020-10-08,Los Angeles,037,10098052,282822,276763,2292,279055,6699
2020-10-08,Madera,039,155013,4796,4637,33,4670,50
2020-10-08,Marin,041,260295,6941,6810,18,6828,96
2020-10-08,Mariposa,043,17540,77,76,0,76,2
2020-10-08,Mendocino,045,87422,988,930,3,933,20
2020-10-08,Merced,047,269075,9222,9069,28,9097,144
2020-10-08,Modoc,049,8938,29,27,0,27,0
2020-10-08,Mono,051,14174,174,153,4,157,1
2020-10-08,Monterey,053,433212,10626,10343,48,10391,75
2020-10-08,Napa,055,140530,1852,1779,8,1787,11
2020-10-08,Nevada,057,99092,579,556,18,574,6
2020-10-08,Orange,059,3164182,57487,54523,1601,56124,1293
2020-10-08,Placer,061,380077,3884,3715,14,3729,48
2020-10-08,Plumas,063,18699,52,50,0,50,0
2020-10-08,Riverside,065,2383286,62945,61105,231,61336,1244
2020-10-08,Sacramento,067,1510023,23926,23482,25,23507,454
2020-10-08,San Benito,069,59416,1372,1367,0,1367,13
2020-10-08,San Bernardino,071,2135413,58462,56152,369,56521,1048
2020-10-08,San Diego,073,3302833,51591,49468,1210,50678,819
2020-10-08,San Francisco,075,870044,11738,11608,40,11648,115
2020-10-08,San Joaquin,077,732212,20962,20576,86,20662,478
2020-10-08,San Luis Obispo,079,281455,4024,3785,19,3804,32
2020-10-08,San Mateo,081,765935,10746,10044,9,10053,130
2020-10-08,Santa Barbara,083,443738,10321,9374,84,9458,116
2020-10-08,Santa Clara,085,1922200,23493,22095,43,22138,323
2020-10-08,Santa Cruz,087,273765,2631,2535,35,2570,13
2020-10-08,Shasta,089,179085,1731,1305,17,1322,20
2020-10-08,Sierra,091,2930,6,6,0,6,0
2020-10-08,Siskiyou,093,43540,170,156,10,166,0
2020-10-08,Solano,095,438530,6802,6556,41,6597,53
2020-10-08,Sonoma,097,501317,8597,8063,22,8085,132
2020-10-08,Stanislaus,099,539301,17050,16821,612,17433,360
2020-10-08,Sutter,101,95872,1758,1725,1,1726,12
2020-10-08,Tehama,103,63373,714,676,2,678,3
2020-10-08,Trinity,105,12862,66,25,8,33,0
2020-10-08,Tulare,107,460477,17132,16573,211,16784,283
2020-10-08,Tuolumne,109,53932,243,230,4,234,4
2020-10-08,Ventura,111,848112,14129,13399,275,13674,151
2020-10-08,Yolo,113,214977,3003,2914,6,2920,55
2020-10-08,Yuba,115,75493,1153,1126,5,1131,10
2020-10-07,Alameda,001,1643700,22382,21736,204,21940,395
2020-10-07,Alpine,003,1148,4,3,0,3,0
2020-10-07,Amador,005,37829,305,302,0,302,16
2020-10-07,Butte,007,227075,3048,2927,25,2952,47
2020-10-07,Calaveras,009,45235,314,262,0,262,11
2020-10-07,Colusa,011,21464,539,539,0,539,6
2020-10-07,Contra Costa,013,1133247,17935,17346,88,17434,225
2020-10-07,Del Norte,015,27424,164,149,0,149,2
2020-10-07,El Dorado,017,186661,1287,1219,2,1221,4
2020-10-07,Fresno,019,978130,31881,29069,402,29471,413
2020-10-07,Glenn,021,27897,629,615,0,615,3
2020-10-07,Humboldt,023,135768,525,512,1,513,7
2020-10-07,Imperial,025,180216,12223,11289,10,11299,330
2020-10-07,Inyo,027,18085,204,199,9,208,14
2020-10-07,Kern,029,883053,32848,32068,353,32421,410
2020-10-07,Kings,031,150075,8264,7948,48,7996,80
2020-10-07,Lake,033,64148,650,599,1,600,11
2020-10-07,Lassen,035,31185,755,751,2,753,0
2020-10-07,Los Angeles,037,10098052,281643,275559,2258,277817,6681
2020-10-07,Madera,039,155013,4776,4618,33,4651,50
2020-10-07,Marin,041,260295,6914,6790,18,6808,95
2020-10-07,Mariposa,043,17540,77,75,0,75,2
2020-10-07,Mendocino,045,87422,982,927,3,930,19
2020-10-07,Merced,047,269075,9185,9045,27,9072,144
2020-10-07,Modoc,049,8938,29,27,0,27,0
2020-10-07,Mono,051,14174,173,153,3,156,1
2020-10-07,Monterey,053,433212,10567,10272,48,10320,75
2020-10-07,Napa,055,140530,1839,1774,8,1782,11
2020-10-07,Nevada,057,99092,575,552,18,570,6
2020-10-07,Orange,059,3164182,57269,54332,1591,55923,1277
2020-10-07,Placer,061,380077,3868,3693,14,3707,48
2020-10-07,Plumas,063,18699,52,50,0,50,0
2020-10-07,Riverside,065,2383286,62598,60857,227,61084,1241
2020-10-07,Sacramento,067,1510023,23829,23380,25,23405,452
2020-10-07,San Benito,069,59416,1369,1363,0,1363,13
2020-10-07,San Bernardino,071,2135413,58114,55738,368,56106,1043
2020-10-07,San Diego,073,3302833,51275,49177,1186,50363,813
2020-10-07,San Francisco,075,870044,11703,11551,40,11591,115
2020-10-07,San Joaquin,077,732212,20909,20527,79,20606,478
2020-10-07,San Luis Obispo,079,281455,3994,3749,19,3768,32
2020-10-07,San Mateo,081,765935,10703,9980,9,9989,130
2020-10-07,Santa Barbara,083,443738,10293,9350,83,9433,116
2020-10-07,Santa Clara,085,1922200,23365,21993,43,22036,320
2020-10-07,Santa Cruz,087,273765,2619,2518,35,2553,14
2020-10-07,Shasta,089,179085,1688,1268,17,1285,20
2020-10-07,Sierra,091,2930,6,6,0,6,0
2020-10-07,Siskiyou,093,43540,168,154,10,164,0
2020-10-07,Solano,095,438530,6767,6526,41,6567,53
2020-10-07,Sonoma,097,501317,8521,7993,21,8014,130
2020-10-07,Stanislaus,099,539301,17015,16786,606,17392,357
2020-10-07,Sutter,101,95872,1754,1723,1,1724,12
2020-10-07,Tehama,103,63373,705,666,2,668,3
2020-10-07,Trinity,105,12862,62,25,7,32,0
2020-10-07,Tulare,107,460477,17089,16483,202,16685,282
2020-10-07,Tuolumne,109,53932,243,227,4,231,3
2020-10-07,Ventura,111,848112,14079,13333,269,13602,150
2020-10-07,Yolo,113,214977,2977,2904,6,2910,55
2020-10-07,Yuba,115,75493,1147,1120,5,1125,10
2020-10-06,Alameda,001,1643700,22291,21698,202,21900,385
2020-10-06,Alpine,003,1148,4,3,0,3,0
2020-10-06,Amador,005,37829,303,301,0,301,16
2020-10-06,Butte,007,227075,3041,2925,25,2950,47
2020-10-06,Calaveras,009,45235,314,261,0,261,11
2020-10-06,Colusa,011,21464,538,538,0,538,6
2020-10-06,Contra Costa,013,1133247,17856,17295,88,17383,219
2020-10-06,Del Norte,015,27424,164,144,0,144,2
2020-10-06,El Dorado,017,186661,1283,1211,2,1213,4
2020-10-06,Fresno,019,978130,31738,29022,399,29421,412
2020-10-06,Glenn,021,27897,626,604,0,604,3
2020-10-06,Humboldt,023,135768,522,508,1,509,7
2020-10-06,Imperial,025,180216,12185,11196,10,11206,327
2020-10-06,Inyo,027,18085,202,198,9,207,14
2020-10-06,Kern,029,883053,32771,32006,351,32357,407
2020-10-06,Kings,031,150075,8248,7943,48,7991,81
2020-10-06,Lake,033,64148,644,596,1,597,11
2020-10-06,Lassen,035,31185,755,743,2,745,0
2020-10-06,Los Angeles,037,10098052,280407,274115,2208,276323,6657
2020-10-06,Madera,039,155013,4764,4608,33,4641,50
2020-10-06,Marin,041,260295,6900,6766,18,6784,91
2020-10-06,Mariposa,043,17540,77,75,0,75,2
2020-10-06,Mendocino,045,87422,975,920,3,923,19
2020-10-06,Merced,047,269075,9149,9034,26,9060,143
2020-10-06,Modoc,049,8938,29,26,0,26,0
2020-10-06,Mono,051,14174,173,153,3,156,1
2020-10-06,Monterey,053,433212,10511,10235,46,10281,72
2020-10-06,Napa,055,140530,1833,1770,8,1778,11
2020-10-06,Nevada,057,99092,573,551,18,569,6
2020-10-06,Orange,059,3164182,57054,54203,1582,55785,1273
2020-10-06,Placer,061,380077,3846,3680,14,3694,48
2020-10-06,Plumas,063,18699,52,49,0,49,0
2020-10-06,Riverside,065,2383286,62333,60593,224,60817,1238
2020-10-06,Sacramento,067,1510023,23742,23322,25,23347,442
2020-10-06,San Benito,069,59416,1368,1358,0,1358,12
2020-10-06,San Bernardino,071,2135413,57799,55416,364,55780,1040
2020-10-06,San Diego,073,3302833,50938,48823,1169,49992,806
2020-10-06,San Francisco,075,870044,11677,11513,39,11552,115
2020-10-06,San Joaquin,077,732212,20869,20481,76,20557,477
2020-10-06,San Luis Obispo,079,281455,3959,3723,19,3742,32
2020-10-06,San Mateo,081,765935,10670,9934,9,9943,129
2020-10-06,Santa Barbara,083,443738,10264,9331,82,9413,116
2020-10-06,Santa Clara,085,1922200,23270,21914,43,21957,320
2020-10-06,Santa Cruz,087,273765,2597,2510,35,2545,12
2020-10-06,Shasta,089,179085,1648,1242,17,1259,18
2020-10-06,Sierra,091,2930,6,6,0,6,0
2020-10-06,Siskiyou,093,43540,168,154,10,164,0
2020-10-06,Solano,095,438530,6721,6506,41,6547,52
2020-10-06,Sonoma,097,501317,8429,7895,21,7916,130
2020-10-06,Stanislaus,099,539301,16970,16759,600,17359,354
2020-10-06,Sutter,101,95872,1752,1722,1,1723,12
2020-10-06,Tehama,103,63373,696,660,2,662,3
2020-10-06,Trinity,105,12862,62,25,7,32,0
2020-10-06,Tulare,107,460477,17047,16456,194,16650,280
2020-10-06,Tuolumne,109,53932,242,227,4,231,2
2020-10-06,Ventura,111,848112,14012,13242,264,13506,150
2020-10-06,Yolo,113,214977,2963,2899,6,2905,56
2020-10-06,Yuba,115,75493,1146,1114,5,1119,10
2020-10-05,Alameda,001,1643700,22203,21637,199,21836,383
2020-10-05,Alpine,003,1148,4,2,0,2,0
2020-10-05,Amador,005,37829,303,299,0,299,16
2020-10-05,Butte,007,227075,3031,2910,25,2935,46
2020-10-05,Calaveras,009,45235,314,259,0,259,11
2020-10-05,Colusa,011,21464,538,537,0,537,6
2020-10-05,Contra Costa,013,1133247,17779,17250,88,17338,216
2020-10-05,Del Norte,015,27424,161,142,0,142,2
2020-10-05,El Dorado,017,186661,1279,1202,2,1204,4
2020-10-05,Fresno,019,978130,31621,29136,399,29535,408
2020-10-05,Glenn,021,27897,624,603,0,603,3
2020-10-05,Humboldt,023,135768,521,506,1,507,6
2020-10-05,Imperial,025,180216,12146,11169,10,11179,327
2020-10-05,Inyo,027,18085,202,197,9,206,14
2020-10-05,Kern,029,883053,32691,31933,347,32280,404
2020-10-05,Kings,031,150075,8151,7932,48,7980,80
2020-10-05,Lake,033,64148,640,592,1,593,10
2020-10-05,Lassen,035,31185,754,743,2,745,0
2020-10-05,Los Angeles,037,10098052,279322,273200,2166,275366,6632
2020-10-05,Madera,039,155013,4756,4598,31,4629,50
2020-10-05,Marin,041,260295,6883,6751,18,6769,91
2020-10-05,Mariposa,043,17540,77,75,0,75,2
2020-10-05,Mendocino,045,87422,967,913,3,916,19
2020-10-05,Merced,047,269075,9130,9021,25,9046,143
2020-10-05,Modoc,049,8938,29,26,0,26,0
2020-10-05,Mono,051,14174,173,152,3,155,1
2020-10-05,Monterey,053,433212,10464,10187,46,10233,72
2020-10-05,Napa,055,140530,1823,1760,8,1768,11
2020-10-05,Nevada,057,99092,570,550,17,567,6
2020-10-05,Orange,059,3164182,56839,54103,1569,55672,1271
2020-10-05,Placer,061,380077,3820,3670,14,3684,46
2020-10-05,Plumas,063,18699,51,49,0,49,0
2020-10-05,Riverside,065,2383286,62014,60454,220,60674,1232
2020-10-05,Sacramento,067,1510023,23638,23207,25,23232,438
2020-10-05,San Benito,069,59416,1365,1356,0,1356,12
2020-10-05,San Bernardino,071,2135413,57491,55100,363,55463,1031
2020-10-05,San Diego,073,3302833,50602,48662,1145,49807,803
2020-10-05,San Francisco,075,870044,11638,11476,36,11512,110
2020-10-05,San Joaquin,077,732212,20798,20319,73,20392,476
2020-10-05,San Luis Obispo,079,281455,3932,3710,19,3729,32
2020-10-05,San Mateo,081,765935,10643,9896,9,9905,128
2020-10-05,Santa Barbara,083,443738,10242,9309,82,9391,116
2020-10-05,Santa Clara,085,1922200,23153,21861,43,21904,319
2020-10-05,Santa Cruz,087,273765,2585,2492,35,2527,9
2020-10-05,Shasta,089,179085,1615,1158,17,1175,18
2020-10-05,Sierra,091,2930,6,6,0,6,0
2020-10-05,Siskiyou,093,43540,168,153,10,163,0
2020-10-05,Solano,095,438530,6682,6475,41,6516,52
2020-10-05,Sonoma,097,501317,8337,7817,21,7838,130
2020-10-05,Stanislaus,099,539301,16935,16730,593,17323,351
2020-10-05,Sutter,101,95872,1744,1719,1,1720,12
2020-10-05,Tehama,103,63373,688,642,2,644,3
2020-10-05,Trinity,105,12862,60,22,6,28,0
2020-10-05,Tulare,107,460477,16988,16343,190,16533,278
2020-10-05,Tuolumne,109,53932,239,226,4,230,2
2020-10-05,Ventura,111,848112,13943,13224,244,13468,149
2020-10-05,Yolo,113,214977,2944,2889,6,2895,56
2020-10-05,Yuba,115,75493,1133,1108,5,1113,9
2020-10-04,Alameda,001,1643700,22107,21597,199,21796,383
2020-10-04,Alpine,003,1148,4,2,0,2,0
2020-10-04,Amador,005,37829,301,297,0,297,16
2020-10-04,Butte,007,227075,3017,2903,25,2928,46
2020-10-04,Calaveras,009,45235,314,259,0,259,11
2020-10-04,Colusa,011,21464,537,537,0,537,6
2020-10-04,Contra Costa,013,1133247,17714,17192,88,17280,214
2020-10-04,Del Norte,015,27424,157,142,0,142,2
2020-10-04,El Dorado,017,186661,1275,1196,2,1198,4
2020-10-04,Fresno,019,978130,31498,29065,399,29464,408
2020-10-04,Glenn,021,27897,622,601,0,601,3
2020-10-04,Humboldt,023,135768,520,506,1,507,6
2020-10-04,Imperial,025,180216,12106,11127,10,11137,327
2020-10-04,Inyo,027,18085,199,195,9,204,14
2020-10-04,Kern,029,883053,32617,31906,345,32251,404
2020-10-04,Kings,031,150075,8136,7919,48,7967,80
2020-10-04,Lake,033,64148,626,589,1,590,10
2020-10-04,Lassen,035,31185,754,743,2,745,0
2020-10-04,Los Angeles,037,10098052,277933,272822,2120,274942,6625
2020-10-04,Madera,039,155013,4740,4587,31,4618,50
2020-10-04,Marin,041,260295,6863,6741,18,6759,91
2020-10-04,Mariposa,043,17540,77,75,0,75,2
2020-10-04,Mendocino,045,87422,954,905,3,908,18
2020-10-04,Merced,047,269075,9105,9006,25,9031,140
2020-10-04,Modoc,049,8938,29,26,0,26,0
2020-10-04,Mono,051,14174,172,152,2,154,1
2020-10-04,Monterey,053,433212,10423,10141,45,10186,72
2020-10-04,Napa,055,140530,1811,1759,8,1767,11
2020-10-04,Nevada,057,99092,566,547,16,563,6
2020-10-04,Orange,059,3164182,56603,53966,1560,55526,1270
2020-10-04,Placer,061,380077,3799,3664,14,3678,46
2020-10-04,Plumas,063,18699,51,49,0,49,0
2020-10-04,Riverside,065,2383286,61728,60251,216,60467,1226
2020-10-04,Sacramento,067,1510023,23525,23162,25,23187,438
2020-10-04,San Benito,069,59416,1365,1355,0,1355,12
2020-10-04,San Bernardino,071,2135413,57045,55100,361,55461,1031
2020-10-04,San Diego,073,3302833,50235,48438,1120,49558,803
2020-10-04,San Francisco,075,870044,11606,11474,34,11508,110
2020-10-04,San Joaquin,077,732212,20721,20320,67,20387,476
2020-10-04,San Luis Obispo,079,281455,3907,3688,19,3707,31
2020-10-04,San Mateo,081,765935,10582,9858,9,9867,128
2020-10-04,Santa Barbara,083,443738,10216,9276,80,9356,116
2020-10-04,Santa Clara,085,1922200,23015,21780,43,21823,316
2020-10-04,Santa Cruz,087,273765,2569,2483,35,2518,9
2020-10-04,Shasta,089,179085,1517,1158,16,1174,18
2020-10-04,Sierra,091,2930,6,6,0,6,0
2020-10-04,Siskiyou,093,43540,168,153,10,163,0
2020-10-04,Solano,095,438530,6631,6445,41,6486,52
2020-10-04,Sonoma,097,501317,8249,7794,21,7815,129
2020-10-04,Stanislaus,099,539301,16885,16711,584,17295,351
2020-10-04,Sutter,101,95872,1740,1711,1,1712,11
2020-10-04,Tehama,103,63373,673,637,2,639,3
2020-10-04,Trinity,105,12862,59,21,6,27,0
2020-10-04,Tulare,107,460477,16911,16343,178,16521,278
2020-10-04,Tuolumne,109,53932,237,226,4,230,2
2020-10-04,Ventura,111,848112,13861,13197,227,13424,149
2020-10-04,Yolo,113,214977,2933,2875,6,2881,56
2020-10-04,Yuba,115,75493,1129,1103,5,1108,9
2020-10-03,Alameda,001,1643700,22061,21510,198,21708,386
2020-10-03,Alpine,003,1148,4,2,0,2,0
2020-10-03,Amador,005,37829,300,296,0,296,16
2020-10-03,Butte,007,227075,3011,2894,25,2919,46
2020-10-03,Calaveras,009,45235,314,259,0,259,11
2020-10-03,Colusa,011,21464,536,537,0,537,6
2020-10-03,Contra Costa,013,1133247,17664,17087,86,17173,213
2020-10-03,Del Norte,015,27424,153,142,0,142,2
2020-10-03,El Dorado,017,186661,1268,1188,2,1190,4
2020-10-03,Fresno,019,978130,31438,28975,398,29373,408
2020-10-03,Glenn,021,27897,620,601,0,601,3
2020-10-03,Humboldt,023,135768,519,504,1,505,6
2020-10-03,Imperial,025,180216,12083,11090,10,11100,327
2020-10-03,Inyo,027,18085,199,194,9,203,14
2020-10-03,Kern,029,883053,32566,31864,342,32206,403
2020-10-03,Kings,031,150075,8132,7887,48,7935,80
2020-10-03,Lake,033,64148,616,588,1,589,10
2020-10-03,Lassen,035,31185,754,743,2,745,0
2020-10-03,Los Angeles,037,10098052,277227,271869,2091,273960,6620
2020-10-03,Madera,039,155013,4723,4565,31,4596,50
2020-10-03,Marin,041,260295,6857,6728,18,6746,91
2020-10-03,Mariposa,043,17540,77,75,0,75,2
2020-10-03,Mendocino,045,87422,952,898,3,901,18
2020-10-03,Merced,047,269075,9092,8986,25,9011,139
2020-10-03,Modoc,049,8938,29,26,0,26,0
2020-10-03,Mono,051,14174,171,152,2,154,1
2020-10-03,Monterey,053,433212,10389,10092,42,10134,72
2020-10-03,Napa,055,140530,1807,1752,8,1760,11
2020-10-03,Nevada,057,99092,564,544,16,560,6
2020-10-03,Orange,059,3164182,56486,53573,1555,55128,1268
2020-10-03,Placer,061,380077,3788,3648,14,3662,47
2020-10-03,Plumas,063,18699,51,48,0,48,0
2020-10-03,Riverside,065,2383286,61575,59991,215,60206,1226
2020-10-03,Sacramento,067,1510023,23474,23076,25,23101,437
2020-10-03,San Benito,069,59416,1365,1351,0,1351,12
2020-10-03,San Bernardino,071,2135413,56872,55004,358,55362,1031
2020-10-03,San Diego,073,3302833,50004,48202,1103,49305,798
2020-10-03,San Francisco,075,870044,11581,11475,32,11507,110
2020-10-03,San Joaquin,077,732212,20695,20322,67,20389,476
2020-10-03,San Luis Obispo,079,281455,3883,3670,19,3689,31
2020-10-03,San Mateo,081,765935,10556,9822,8,9830,128
2020-10-03,Santa Barbara,083,443738,10203,9256,80,9336,116
2020-10-03,Santa Clara,085,1922200,22935,21672,43,21715,309
2020-10-03,Santa Cruz,087,273765,2561,2476,35,2511,9
2020-10-03,Shasta,089,179085,1489,1117,15,1132,18
2020-10-03,Sierra,091,2930,6,6,0,6,0
2020-10-03,Siskiyou,093,43540,168,152,10,162,0
2020-10-03,Solano,095,438530,6605,6419,41,6460,52
2020-10-03,Sonoma,097,501317,8206,7747,21,7768,129
2020-10-03,Stanislaus,099,539301,16852,16645,580,17225,351
2020-10-03,Sutter,101,95872,1736,1705,1,1706,11
2020-10-03,Tehama,103,63373,667,630,2,632,3
2020-10-03,Trinity,105,12862,59,15,6,21,0
2020-10-03,Tulare,107,460477,16867,16322,174,16496,278
2020-10-03,Tuolumne,109,53932,236,224,4,228,2
2020-10-03,Ventura,111,848112,13822,13150,223,13373,148
2020-10-03,Yolo,113,214977,2926,2863,6,2869,56
2020-10-03,Yuba,115,75493,1121,1097,5,1102,8
2020-10-02,Alameda,001,1643700,22006,21404,197,21601,382
2020-10-02,Alpine,003,1148,4,2,0,2,0
2020-10-02,Amador,005,37829,299,296,0,296,16
2020-10-02,Butte,007,227075,3001,2879,25,2904,46
2020-10-02,Calaveras,009,45235,313,259,0,259,11
2020-10-02,Colusa,011,21464,535,537,0,537,6
2020-10-02,Contra Costa,013,1133247,17621,17002,85,17087,213
2020-10-02,Del Norte,015,27424,152,141,0,141,2
2020-10-02,El Dorado,017,186661,1261,1168,2,1170,4
2020-10-02,Fresno,019,978130,31355,28855,398,29253,403
2020-10-02,Glenn,021,27897,615,594,0,594,3
2020-10-02,Humboldt,023,135768,518,503,1,504,6
2020-10-02,Imperial,025,180216,12061,11024,10,11034,327
2020-10-02,Inyo,027,18085,197,191,9,200,14
2020-10-02,Kern,029,883053,32514,31790,340,32130,399
2020-10-02,Kings,031,150075,8123,7716,48,7764,79
2020-10-02,Lake,033,64148,610,579,1,580,10
2020-10-02,Lassen,035,31185,754,742,2,744,0
2020-10-02,Los Angeles,037,10098052,276326,270935,2063,272998,6602
2020-10-02,Madera,039,155013,4714,4537,31,4568,49
2020-10-02,Marin,041,260295,6840,6717,18,6735,91
2020-10-02,Mariposa,043,17540,77,75,0,75,2
2020-10-02,Mendocino,045,87422,948,883,3,886,18
2020-10-02,Merced,047,269075,9082,8961,25,8986,139
2020-10-02,Modoc,049,8938,29,26,0,26,0
2020-10-02,Mono,051,14174,171,150,2,152,1
2020-10-02,Monterey,053,433212,10355,9997,42,10039,71
2020-10-02,Napa,055,140530,1801,1737,8,1745,11
2020-10-02,Nevada,057,99092,561,543,16,559,6
2020-10-02,Orange,059,3164182,56355,53299,1548,54847,1262
2020-10-02,Placer,061,380077,3768,3612,14,3626,46
2020-10-02,Plumas,063,18699,51,48,0,48,0
2020-10-02,Riverside,065,2383286,61354,59673,212,59885,1223
2020-10-02,Sacramento,067,1510023,23409,22818,25,22843,436
2020-10-02,San Benito,069,59416,1361,1347,0,1347,12
2020-10-02,San Bernardino,071,2135413,56685,54613,358,54971,1028
2020-10-02,San Diego,073,3302833,49751,47793,1088,48881,794
2020-10-02,San Francisco,075,870044,11558,11398,32,11430,110
2020-10-02,San Joaquin,077,732212,20661,20235,66,20301,474
2020-10-02,San Luis Obispo,079,281455,3860,3654,19,3673,31
2020-10-02,San Mateo,081,765935,10515,9745,8,9753,128
2020-10-02,Santa Barbara,083,443738,10181,9234,80,9314,116
2020-10-02,Santa Clara,085,1922200,22850,21545,42,21587,305
2020-10-02,Santa Cruz,087,273765,2544,2463,35,2498,9
2020-10-02,Shasta,089,179085,1454,1046,15,1061,18
2020-10-02,Sierra,091,2930,6,6,0,6,0
2020-10-02,Siskiyou,093,43540,168,151,10,161,0
2020-10-02,Solano,095,438530,6575,6385,41,6426,52
2020-10-02,Sonoma,097,501317,8149,7662,21,7683,125
2020-10-02,Stanislaus,099,539301,16811,16609,571,17180,349
2020-10-02,Sutter,101,95872,1735,1693,1,1694,11
2020-10-02,Tehama,103,63373,662,619,2,621,3
2020-10-02,Trinity,105,12862,59,15,6,21,0
2020-10-02,Tulare,107,460477,16826,16245,167,16412,278
2020-10-02,Tuolumne,109,53932,234,225,4,229,2
2020-10-02,Ventura,111,848112,13783,13120,219,13339,146
2020-10-02,Yolo,113,214977,2921,2845,6,2851,55
2020-10-02,Yuba,115,75493,1119,1090,5,1095,8
2020-10-01,Alameda,001,1643700,21945,21349,193,21542,383
2020-10-01,Alpine,003,1148,4,2,0,2,0
2020-10-01,Amador,005,37829,299,294,0,294,16
2020-10-01,Butte,007,227075,2993,2865,25,2890,45
2020-10-01,Calaveras,009,45235,313,257,0,257,11
2020-10-01,Colusa,011,21464,535,536,0,536,6
2020-10-01,Contra Costa,013,1133247,17559,16898,85,16983,211
2020-10-01,Del Norte,015,27424,147,140,0,140,2
2020-10-01,El Dorado,017,186661,1257,1162,1,1163,4
2020-10-01,Fresno,019,978130,31275,28796,396,29192,397
2020-10-01,Glenn,021,27897,611,593,0,593,3
2020-10-01,Humboldt,023,135768,518,499,1,500,6
2020-10-01,Imperial,025,180216,12018,10928,10,10938,325
2020-10-01,Inyo,027,18085,197,191,9,200,14
2020-10-01,Kern,029,883053,32451,31678,335,32013,399
2020-10-01,Kings,031,150075,8112,7688,45,7733,79
2020-10-01,Lake,033,64148,604,572,1,573,11
2020-10-01,Lassen,035,31185,751,742,2,744,0
2020-10-01,Los Angeles,037,10098052,275282,271513,2029,273542,6621
2020-10-01,Madera,039,155013,4691,4508,31,4539,48
2020-10-01,Marin,041,260295,6826,6710,18,6728,92
2020-10-01,Mariposa,043,17540,77,76,0,76,2
2020-10-01,Mendocino,045,87422,943,874,3,877,19
2020-10-01,Merced,047,269075,9054,8942,25,8967,138
2020-10-01,Modoc,049,8938,29,26,0,26,0
2020-10-01,Mono,051,14174,169,150,2,152,1
2020-10-01,Monterey,053,433212,10279,9958,42,10000,71
2020-10-01,Napa,055,140530,1793,1729,8,1737,11
2020-10-01,Nevada,057,99092,560,543,16,559,6
2020-10-01,Orange,059,3164182,56189,53088,1535,54623,1257
2020-10-01,Placer,061,380077,3741,3599,14,3613,45
2020-10-01,Plumas,063,18699,51,48,0,48,0
2020-10-01,Riverside,065,2383286,61102,59293,206,59499,1223
2020-10-01,Sacramento,067,1510023,23297,22714,24,22738,433
2020-10-01,San Benito,069,59416,1359,1346,0,1346,12
2020-10-01,San Bernardino,071,2135413,56391,54350,355,54705,1021
2020-10-01,San Diego,073,3302833,49469,47487,1068,48555,792
2020-10-01,San Francisco,075,870044,11527,11284,30,11314,110
2020-10-01,San Joaquin,077,732212,20614,20204,63,20267,471
2020-10-01,San Luis Obispo,079,281455,3833,3625,19,3644,31
2020-10-01,San Mateo,081,765935,10470,9681,8,9689,128
2020-10-01,Santa Barbara,083,443738,10139,9215,80,9295,118
2020-10-01,Santa Clara,085,1922200,22749,21398,42,21440,305
2020-10-01,Santa Cruz,087,273765,2529,2418,35,2453,10
2020-10-01,Shasta,089,179085,1403,991,15,1006,18
2020-10-01,Sierra,091,2930,6,6,0,6,0
2020-10-01,Siskiyou,093,43540,165,150,10,160,0
2020-10-01,Solano,095,438530,6537,6352,41,6393,52
2020-10-01,Sonoma,097,501317,8082,7569,21,7590,125
2020-10-01,Stanislaus,099,539301,16778,16555,565,17120,346
2020-10-01,Sutter,101,95872,1730,1684,1,1685,11
2020-10-01,Tehama,103,63373,652,606,2,608,3
2020-10-01,Trinity,105,12862,59,15,6,21,0
2020-10-01,Tulare,107,460477,16752,16182,164,16346,275
2020-10-01,Tuolumne,109,53932,234,223,4,227,2
2020-10-01,Ventura,111,848112,13731,13057,205,13262,146
2020-10-01,Yolo,113,214977,2903,2833,6,2839,55
2020-10-01,Yuba,115,75493,1115,1082,5,1087,8
2020-09-30,Alameda,001,1643700,21866,21271,190,21461,380
2020-09-30,Alpine,003,1148,4,2,0,2,0
2020-09-30,Amador,005,37829,299,294,0,294,16
2020-09-30,Butte,007,227075,2985,2858,25,2883,44
2020-09-30,Calaveras,009,45235,312,258,0,258,11
2020-09-30,Colusa,011,21464,534,534,0,534,6
2020-09-30,Contra Costa,013,1133247,17490,16819,85,16904,211
2020-09-30,Del Norte,015,27424,146,140,0,140,2
2020-09-30,El Dorado,017,186661,1245,1157,1,1158,4
2020-09-30,Fresno,019,978130,31184,28706,393,29099,395
2020-09-30,Glenn,021,27897,606,592,0,592,3
2020-09-30,Humboldt,023,135768,516,497,1,498,6
2020-09-30,Imperial,025,180216,11993,10868,10,10878,287
2020-09-30,Inyo,027,18085,196,189,9,198,14
2020-09-30,Kern,029,883053,32376,31601,334,31935,398
2020-09-30,Kings,031,150075,8083,7685,45,7730,79
2020-09-30,Lake,033,64148,598,567,1,568,10
2020-09-30,Lassen,035,31185,748,742,2,744,0
2020-09-30,Los Angeles,037,10098052,274043,270260,1996,272256,6568
2020-09-30,Madera,039,155013,4682,4477,31,4508,47
2020-09-30,Marin,041,260295,6802,6700,17,6717,91
2020-09-30,Mariposa,043,17540,77,76,0,76,2
2020-09-30,Mendocino,045,87422,937,867,3,870,17
2020-09-30,Merced,047,269075,9034,8926,25,8951,136
2020-09-30,Modoc,049,8938,29,26,0,26,0
2020-09-30,Mono,051,14174,169,150,2,152,1
2020-09-30,Monterey,053,433212,10229,9898,41,9939,70
2020-09-30,Napa,055,140530,1779,1728,8,1736,11
2020-09-30,Nevada,057,99092,558,540,16,556,6
2020-09-30,Orange,059,3164182,55998,52916,1519,54435,1251
2020-09-30,Placer,061,380077,3720,3585,14,3599,43
2020-09-30,Plumas,063,18699,51,48,0,48,0
2020-09-30,Riverside,065,2383286,60747,59074,202,59276,1220
2020-09-30,Sacramento,067,1510023,23193,22613,24,22637,429
2020-09-30,San Benito,069,59416,1356,1342,0,1342,12
2020-09-30,San Bernardino,071,2135413,56113,53988,353,54341,1018
2020-09-30,San Diego,073,3302833,49165,47182,1047,48229,783
2020-09-30,San Francisco,075,870044,11497,11247,30,11277,106
2020-09-30,San Joaquin,077,732212,20531,20150,61,20211,461
2020-09-30,San Luis Obispo,079,281455,3808,3597,19,3616,31
2020-09-30,San Mateo,081,765935,10428,9634,8,9642,128
2020-09-30,Santa Barbara,083,443738,10114,9186,80,9266,115
2020-09-30,Santa Clara,085,1922200,22644,21318,42,21360,302
2020-09-30,Santa Cruz,087,273765,2516,2405,35,2440,10
2020-09-30,Shasta,089,179085,1347,976,14,990,17
2020-09-30,Sierra,091,2930,6,6,0,6,0
2020-09-30,Siskiyou,093,43540,163,150,10,160,0
2020-09-30,Solano,095,438530,6495,6315,41,6356,51
2020-09-30,Sonoma,097,501317,7993,7494,21,7515,125
2020-09-30,Stanislaus,099,539301,16731,16531,559,17090,343
2020-09-30,Sutter,101,95872,1714,1680,1,1681,10
2020-09-30,Tehama,103,63373,646,594,2,596,3
2020-09-30,Trinity,105,12862,56,15,6,21,0
2020-09-30,Tulare,107,460477,16686,16117,157,16274,274
2020-09-30,Tuolumne,109,53932,232,224,4,228,2
2020-09-30,Ventura,111,848112,13696,12968,189,13157,145
2020-09-30,Yolo,113,214977,2890,2822,6,2828,55
2020-09-30,Yuba,115,75493,1112,1075,5,1080,8
2020-09-29,Alameda,001,1643700,21789,21241,186,21427,374
2020-09-29,Alpine,003,1148,4,2,0,2,0
2020-09-29,Amador,005,37829,297,294,0,294,16
2020-09-29,Butte,007,227075,2971,2848,25,2873,44
2020-09-29,Calaveras,009,45235,310,261,0,261,11
2020-09-29,Colusa,011,21464,534,534,0,534,6
2020-09-29,Contra Costa,013,1133247,17435,16716,83,16799,209
2020-09-29,Del Norte,015,27424,142,142,0,142,2
2020-09-29,El Dorado,017,186661,1236,1151,1,1152,4
2020-09-29,Fresno,019,978130,31089,28621,392,29013,394
2020-09-29,Glenn,021,27897,602,589,0,589,3
2020-09-29,Humboldt,023,135768,514,497,1,498,6
2020-09-29,Imperial,025,180216,11959,10811,10,10821,283
2020-09-29,Inyo,027,18085,195,188,9,197,14
2020-09-29,Kern,029,883053,32321,31534,333,31867,397
2020-09-29,Kings,031,150075,8027,7681,45,7726,78
2020-09-29,Lake,033,64148,596,566,1,567,11
2020-09-29,Lassen,035,31185,748,741,2,743,0
2020-09-29,Los Angeles,037,10098052,272823,269246,1967,271213,6545
2020-09-29,Madera,039,155013,4658,4453,31,4484,47
2020-09-29,Marin,041,260295,6781,6692,17,6709,91
2020-09-29,Mariposa,043,17540,77,74,0,74,2
2020-09-29,Mendocino,045,87422,927,854,3,857,17
2020-09-29,Merced,047,269075,9021,8892,23,8915,136
2020-09-29,Modoc,049,8938,29,26,0,26,0
2020-09-29,Mono,051,14174,169,149,2,151,1
2020-09-29,Monterey,053,433212,10174,9826,39,9865,70
2020-09-29,Napa,055,140530,1776,1727,8,1735,11
2020-09-29,Nevada,057,99092,553,539,16,555,6
2020-09-29,Orange,059,3164182,55811,52755,1508,54263,1231
2020-09-29,Placer,061,380077,3698,3570,14,3584,42
2020-09-29,Plumas,063,18699,51,48,0,48,0
2020-09-29,Riverside,065,2383286,60417,58863,194,59057,1208
2020-09-29,Sacramento,067,1510023,23071,22547,24,22571,425
2020-09-29,San Benito,069,59416,1351,1341,0,1341,12
2020-09-29,San Bernardino,071,2135413,55804,53753,352,54105,1012
2020-09-29,San Diego,073,3302833,48888,46987,1024,48011,781
2020-09-29,San Francisco,075,870044,11461,11142,30,11172,104
2020-09-29,San Joaquin,077,732212,20465,20094,59,20153,454
2020-09-29,San Luis Obispo,079,281455,3788,3581,19,3600,31
2020-09-29,San Mateo,081,765935,10381,9619,8,9627,127
2020-09-29,Santa Barbara,083,443738,10094,9149,79,9228,114
2020-09-29,Santa Clara,085,1922200,22508,21233,41,21274,302
2020-09-29,Santa Cruz,087,273765,2501,2383,34,2417,10
2020-09-29,Shasta,089,179085,1286,943,14,957,17
2020-09-29,Sierra,091,2930,6,6,0,6,0
2020-09-29,Siskiyou,093,43540,157,150,10,160,0
2020-09-29,Solano,095,438530,6461,6303,41,6344,51
2020-09-29,Sonoma,097,501317,7921,7426,21,7447,125
2020-09-29,Stanislaus,099,539301,16701,16505,553,17058,341
2020-09-29,Sutter,101,95872,1708,1677,1,1678,10
2020-09-29,Tehama,103,63373,628,585,2,587,2
2020-09-29,Trinity,105,12862,54,16,6,22,0
2020-09-29,Tulare,107,460477,16622,16055,149,16204,270
2020-09-29,Tuolumne,109,53932,232,224,4,228,2
2020-09-29,Ventura,111,848112,13639,12875,186,13061,145
2020-09-29,Yolo,113,214977,2877,2818,6,2824,55
2020-09-29,Yuba,115,75493,1110,1071,5,1076,8
2020-09-28,Alameda,001,1643700,21702,21133,186,21319,370
2020-09-28,Alpine,003,1148,4,2,0,2,0
2020-09-28,Amador,005,37829,295,294,0,294,16
2020-09-28,Butte,007,227075,2956,2837,25,2862,44
2020-09-28,Calaveras,009,45235,310,257,0,257,11
2020-09-28,Colusa,011,21464,533,531,0,531,6
2020-09-28,Contra Costa,013,1133247,17370,16653,83,16736,195
2020-09-28,Del Norte,015,27424,142,138,0,138,2
2020-09-28,El Dorado,017,186661,1229,1144,1,1145,4
2020-09-28,Fresno,019,978130,31007,28517,384,28901,389
2020-09-28,Glenn,021,27897,600,585,0,585,3
2020-09-28,Humboldt,023,135768,508,495,1,496,6
2020-09-28,Imperial,025,180216,11924,10777,10,10787,283
2020-09-28,Inyo,027,18085,194,188,9,197,14
2020-09-28,Kern,029,883053,32256,31481,329,31810,395
2020-09-28,Kings,031,150075,7886,7661,43,7704,78
2020-09-28,Lake,033,64148,592,559,1,560,10
2020-09-28,Lassen,035,31185,747,737,2,739,0
2020-09-28,Los Angeles,037,10098052,271709,268404,1937,270341,6508
2020-09-28,Madera,039,155013,4637,4438,31,4469,47
2020-09-28,Marin,041,260295,6765,6676,17,6693,91
2020-09-28,Mariposa,043,17540,77,74,0,74,2
2020-09-28,Mendocino,045,87422,912,850,3,853,17
2020-09-28,Merced,047,269075,8993,8869,23,8892,136
2020-09-28,Modoc,049,8938,29,26,0,26,0
2020-09-28,Mono,051,14174,169,148,2,150,1
2020-09-28,Monterey,053,433212,10109,9780,37,9817,69
2020-09-28,Napa,055,140530,1764,1705,8,1713,11
2020-09-28,Nevada,057,99092,545,538,16,554,6
2020-09-28,Orange,059,3164182,55605,52633,1499,54132,1196
2020-09-28,Placer,061,380077,3677,3572,14,3586,42
2020-09-28,Plumas,063,18699,50,48,0,48,0
2020-09-28,Riverside,065,2383286,60119,58570,185,58755,1198
2020-09-28,Sacramento,067,1510023,22924,22392,24,22416,423
2020-09-28,San Benito,069,59416,1348,1336,0,1336,11
2020-09-28,San Bernardino,071,2135413,55457,53501,352,53853,988
2020-09-28,San Diego,073,3302833,48570,46736,1004,47740,776
2020-09-28,San Francisco,075,870044,11427,11114,30,11144,100
2020-09-28,San Joaquin,077,732212,20416,19982,58,20040,448
2020-09-28,San Luis Obispo,079,281455,3767,3567,19,3586,31
2020-09-28,San Mateo,081,765935,10330,9582,8,9590,127
2020-09-28,Santa Barbara,083,443738,10076,9121,79,9200,114
2020-09-28,Santa Clara,085,1922200,22391,21180,41,21221,271
2020-09-28,Santa Cruz,087,273765,2491,2359,34,2393,9
2020-09-28,Shasta,089,179085,1232,883,11,894,17
2020-09-28,Sierra,091,2930,6,6,0,6,0
2020-09-28,Siskiyou,093,43540,157,149,10,159,0
2020-09-28,Solano,095,438530,6425,6254,41,6295,51
2020-09-28,Sonoma,097,501317,7845,7369,21,7390,125
2020-09-28,Stanislaus,099,539301,16661,16467,546,17013,336
2020-09-28,Sutter,101,95872,1701,1676,1,1677,10
2020-09-28,Tehama,103,63373,620,579,2,581,2
2020-09-28,Trinity,105,12862,54,16,6,22,0
2020-09-28,Tulare,107,460477,16569,15918,144,16062,270
2020-09-28,Tuolumne,109,53932,232,225,4,229,2
2020-09-28,Ventura,111,848112,13561,12812,179,12991,139
2020-09-28,Yolo,113,214977,2860,2809,6,2815,55
2020-09-28,Yuba,115,75493,1107,1062,5,1067,7
2020-09-27,Alameda,001,1643700,21621,21077,182,21259,370
2020-09-27,Alpine,003,1148,4,2,0,2,0
2020-09-27,Amador,005,37829,295,291,0,291,16
2020-09-27,Butte,007,227075,2944,2833,25,2858,44
2020-09-27,Calaveras,009,45235,309,257,0,257,11
2020-09-27,Colusa,011,21464,532,531,0,531,6
2020-09-27,Contra Costa,013,1133247,17268,16596,82,16678,195
2020-09-27,Del Norte,015,27424,142,138,0,138,2
2020-09-27,El Dorado,017,186661,1214,1130,1,1131,4
2020-09-27,Fresno,019,978130,30901,28441,384,28825,389
2020-09-27,Glenn,021,27897,596,576,0,576,3
2020-09-27,Humboldt,023,135768,506,492,1,493,6
2020-09-27,Imperial,025,180216,11890,10743,10,10753,283
2020-09-27,Inyo,027,18085,192,188,9,197,14
2020-09-27,Kern,029,883053,32137,31462,326,31788,395
2020-09-27,Kings,031,150075,7866,7641,43,7684,78
2020-09-27,Lake,033,64148,588,555,1,556,10
2020-09-27,Lassen,035,31185,747,737,2,739,0
2020-09-27,Los Angeles,037,10098052,270534,267754,1915,269669,6507
2020-09-27,Madera,039,155013,4608,4416,31,4447,47
2020-09-27,Marin,041,260295,6755,6663,17,6680,91
2020-09-27,Mariposa,043,17540,77,74,0,74,2
2020-09-27,Mendocino,045,87422,906,846,3,849,17
2020-09-27,Merced,047,269075,8959,8853,23,8876,136
2020-09-27,Modoc,049,8938,29,26,0,26,0
2020-09-27,Mono,051,14174,169,148,2,150,1
2020-09-27,Monterey,053,433212,10049,9724,36,9760,69
2020-09-27,Napa,055,140530,1759,1690,8,1698,11
2020-09-27,Nevada,057,99092,544,537,16,553,6
2020-09-27,Orange,059,3164182,55330,52458,1490,53948,1195
2020-09-27,Placer,061,380077,3664,3562,14,3576,42
2020-09-27,Plumas,063,18699,50,48,0,48,0
2020-09-27,Riverside,065,2383286,59823,58509,177,58686,1191
2020-09-27,Sacramento,067,1510023,22826,22356,24,22380,422
2020-09-27,San Benito,069,59416,1348,1331,0,1331,11
2020-09-27,San Bernardino,071,2135413,55021,53127,352,53479,988
2020-09-27,San Diego,073,3302833,48226,46612,987,47599,776
2020-09-27,San Francisco,075,870044,11375,11114,30,11144,100
2020-09-27,San Joaquin,077,732212,20356,19981,58,20039,448
2020-09-27,San Luis Obispo,079,281455,3746,3562,19,3581,31
2020-09-27,San Mateo,081,765935,10262,9566,8,9574,127
2020-09-27,Santa Barbara,083,443738,10055,9090,78,9168,114
2020-09-27,Santa Clara,085,1922200,22282,21091,41,21132,271
2020-09-27,Santa Cruz,087,273765,2469,2359,34,2393,9
2020-09-27,Shasta,089,179085,1189,883,10,893,17
2020-09-27,Sierra,091,2930,6,6,0,6,0
2020-09-27,Siskiyou,093,43540,156,149,10,159,0
2020-09-27,Solano,095,438530,6390,6211,41,6252,51
2020-09-27,Sonoma,097,501317,7764,7336,21,7357,124
2020-09-27,Stanislaus,099,539301,16610,16448,539,16987,336
2020-09-27,Sutter,101,95872,1694,1672,1,1673,10
2020-09-27,Tehama,103,63373,603,573,2,575,2
2020-09-27,Trinity,105,12862,54,16,6,22,0
2020-09-27,Tulare,107,460477,16491,15918,135,16053,270
2020-09-27,Tuolumne,109,53932,231,224,4,228,2
2020-09-27,Ventura,111,848112,13472,12775,170,12945,139
2020-09-27,Yolo,113,214977,2846,2796,6,2802,55
2020-09-27,Yuba,115,75493,1097,1059,5,1064,7
2020-09-26,Alameda,001,1643700,21563,21019,181,21200,370
2020-09-26,Alpine,003,1148,4,2,0,2,0
2020-09-26,Amador,005,37829,294,291,0,291,16
2020-09-26,Butte,007,227075,2936,2827,25,2852,44
2020-09-26,Calaveras,009,45235,309,257,0,257,11
2020-09-26,Colusa,011,21464,532,529,0,529,6
2020-09-26,Contra Costa,013,1133247,17226,16508,82,16590,194
2020-09-26,Del Norte,015,27424,142,138,0,138,2
2020-09-26,El Dorado,017,186661,1209,1127,1,1128,4
2020-09-26,Fresno,019,978130,30834,28336,384,28720,389
2020-09-26,Glenn,021,27897,596,576,0,576,3
2020-09-26,Humboldt,023,135768,506,491,1,492,6
2020-09-26,Imperial,025,180216,11873,10721,10,10731,283
2020-09-26,Inyo,027,18085,191,187,9,196,14
2020-09-26,Kern,029,883053,32086,31410,326,31736,394
2020-09-26,Kings,031,150075,7854,7537,43,7580,78
2020-09-26,Lake,033,64148,585,549,1,550,10
2020-09-26,Lassen,035,31185,747,737,2,739,0
2020-09-26,Los Angeles,037,10098052,269898,266931,1900,268831,6497
2020-09-26,Madera,039,155013,4592,4410,31,4441,47
2020-09-26,Marin,041,260295,6742,6641,17,6658,91
2020-09-26,Mariposa,043,17540,76,74,0,74,2
2020-09-26,Mendocino,045,87422,901,836,3,839,17
2020-09-26,Merced,047,269075,8947,8841,22,8863,136
2020-09-26,Modoc,049,8938,29,26,0,26,0
2020-09-26,Mono,051,14174,169,148,2,150,1
2020-09-26,Monterey,053,433212,10022,9651,36,9687,68
2020-09-26,Napa,055,140530,1757,1681,8,1689,11
2020-09-26,Nevada,057,99092,544,534,16,550,6
2020-09-26,Orange,059,3164182,55190,52203,1484,53687,1194
2020-09-26,Placer,061,380077,3651,3551,14,3565,42
2020-09-26,Plumas,063,18699,49,48,0,48,0
2020-09-26,Riverside,065,2383286,59688,58076,175,58251,1190
2020-09-26,Sacramento,067,1510023,22770,22269,24,22293,421
2020-09-26,San Benito,069,59416,1346,1325,0,1325,11
2020-09-26,San Bernardino,071,2135413,54887,53122,352,53474,988
2020-09-26,San Diego,073,3302833,48021,46333,973,47306,775
2020-09-26,San Francisco,075,870044,11347,11113,30,11143,100
2020-09-26,San Joaquin,077,732212,20321,19982,56,20038,449
2020-09-26,San Luis Obispo,079,281455,3729,3546,19,3565,31
2020-09-26,San Mateo,081,765935,10228,9509,8,9517,127
2020-09-26,Santa Barbara,083,443738,10044,9061,78,9139,114
2020-09-26,Santa Clara,085,1922200,22211,20967,40,21007,270
2020-09-26,Santa Cruz,087,273765,2461,2336,34,2370,9
2020-09-26,Shasta,089,179085,1139,856,9,865,17
2020-09-26,Sierra,091,2930,6,6,0,6,0
2020-09-26,Siskiyou,093,43540,155,149,10,159,0
2020-09-26,Solano,095,438530,6371,6209,41,6250,51
2020-09-26,Sonoma,097,501317,7739,7285,20,7305,124
2020-09-26,Stanislaus,099,539301,16585,16421,530,16951,336
2020-09-26,Sutter,101,95872,1689,1662,1,1663,10
2020-09-26,Tehama,103,63373,591,560,2,562,2
2020-09-26,Trinity,105,12862,52,16,6,22,0
2020-09-26,Tulare,107,460477,16465,15881,133,16014,270
2020-09-26,Tuolumne,109,53932,231,223,4,227,2
2020-09-26,Ventura,111,848112,13438,12729,169,12898,137
2020-09-26,Yolo,113,214977,2844,2789,6,2795,55
2020-09-26,Yuba,115,75493,1093,1056,5,1061,7
2020-09-25,Alameda,001,1643700,21509,20911,181,21092,367
2020-09-25,Alpine,003,1148,4,2,0,2,0
2020-09-25,Amador,005,37829,294,289,0,289,16
2020-09-25,Butte,007,227075,2931,2819,25,2844,43
2020-09-25,Calaveras,009,45235,309,257,0,257,11
2020-09-25,Colusa,011,21464,532,528,0,528,6
2020-09-25,Contra Costa,013,1133247,17167,16401,82,16483,194
2020-09-25,Del Norte,015,27424,142,138,0,138,2
2020-09-25,El Dorado,017,186661,1205,1104,1,1105,4
2020-09-25,Fresno,019,978130,30775,28199,383,28582,385
2020-09-25,Glenn,021,27897,594,570,0,570,3
2020-09-25,Humboldt,023,135768,505,489,1,490,5
2020-09-25,Imperial,025,180216,11855,10681,10,10691,283
2020-09-25,Inyo,027,18085,189,187,9,196,14
2020-09-25,Kern,029,883053,32033,31333,324,31657,393
2020-09-25,Kings,031,150075,7849,7450,43,7493,77
2020-09-25,Lake,033,64148,584,539,1,540,9
2020-09-25,Lassen,035,31185,747,737,2,739,0
2020-09-25,Los Angeles,037,10098052,269110,265713,1886,267599,6483
2020-09-25,Madera,039,155013,4573,4369,31,4400,48
2020-09-25,Marin,041,260295,6739,6622,17,6639,90
2020-09-25,Mariposa,043,17540,76,74,0,74,2
2020-09-25,Mendocino,045,87422,886,819,3,822,17
2020-09-25,Merced,047,269075,8931,8830,22,8852,135
2020-09-25,Modoc,049,8938,29,26,0,26,0
2020-09-25,Mono,051,14174,169,149,2,151,1
2020-09-25,Monterey,053,433212,9970,9581,36,9617,68
2020-09-25,Napa,055,140530,1755,1669,8,1677,11
2020-09-25,Nevada,057,99092,542,529,16,545,6
2020-09-25,Orange,059,3164182,55063,52031,1475,53506,1184
2020-09-25,Placer,061,380077,3640,3527,14,3541,41
2020-09-25,Plumas,063,18699,49,48,0,48,0
2020-09-25,Riverside,065,2383286,59512,57783,170,57953,1183
2020-09-25,Sacramento,067,1510023,22693,22132,24,22156,418
2020-09-25,San Benito,069,59416,1345,1318,0,1318,11
2020-09-25,San Bernardino,071,2135413,54733,52814,352,53166,987
2020-09-25,San Diego,073,3302833,47819,46003,957,46960,775
2020-09-25,San Francisco,075,870044,11313,11066,29,11095,100
2020-09-25,San Joaquin,077,732212,20269,19909,56,19965,449
2020-09-25,San Luis Obispo,079,281455,3717,3512,19,3531,31
2020-09-25,San Mateo,081,765935,10192,9447,8,9455,127
2020-09-25,Santa Barbara,083,443738,10020,9026,78,9104,114
2020-09-25,Santa Clara,085,1922200,22147,20812,39,20851,265
2020-09-25,Santa Cruz,087,273765,2449,2309,33,2342,9
2020-09-25,Shasta,089,179085,1105,806,9,815,16
2020-09-25,Sierra,091,2930,6,6,0,6,0
2020-09-25,Siskiyou,093,43540,155,149,10,159,0
2020-09-25,Solano,095,438530,6355,6179,41,6220,50
2020-09-25,Sonoma,097,501317,7699,7202,20,7222,124
2020-09-25,Stanislaus,099,539301,16567,16381,528,16909,326
2020-09-25,Sutter,101,95872,1686,1655,1,1656,10
2020-09-25,Tehama,103,63373,583,546,2,548,2
2020-09-25,Trinity,105,12862,52,15,6,21,0
2020-09-25,Tulare,107,460477,16425,15815,131,15946,267
2020-09-25,Tuolumne,109,53932,231,223,4,227,2
2020-09-25,Ventura,111,848112,13395,12664,166,12830,137
2020-09-25,Yolo,113,214977,2836,2784,6,2790,55
2020-09-25,Yuba,115,75493,1088,1049,5,1054,5
2020-09-24,Alameda,001,1643700,21434,20838,178,21016,364
2020-09-24,Alpine,003,1148,4,2,0,2,0
2020-09-24,Amador,005,37829,294,288,0,288,16
2020-09-24,Butte,007,227075,2920,2803,25,2828,43
2020-09-24,Calaveras,009,45235,309,258,0,258,11
2020-09-24,Colusa,011,21464,532,523,0,523,6
2020-09-24,Contra Costa,013,1133247,17085,16252,82,16334,192
2020-09-24,Del Norte,015,27424,138,137,0,137,2
2020-09-24,El Dorado,017,186661,1196,1093,1,1094,4
2020-09-24,Fresno,019,978130,30670,28106,379,28485,375
2020-09-24,Glenn,021,27897,590,567,0,567,3
2020-09-24,Humboldt,023,135768,502,482,1,483,5
2020-09-24,Imperial,025,180216,11831,10622,10,10632,283
2020-09-24,Inyo,027,18085,189,187,9,196,13
2020-09-24,Kern,029,883053,31970,31273,322,31595,388
2020-09-24,Kings,031,150075,7833,7428,43,7471,76
2020-09-24,Lake,033,64148,575,531,1,532,9
2020-09-24,Lassen,035,31185,746,737,2,739,0
2020-09-24,Los Angeles,037,10098052,268064,264374,1868,266242,6452
2020-09-24,Madera,039,155013,4554,4344,31,4375,48
2020-09-24,Marin,041,260295,6711,6588,17,6605,85
2020-09-24,Mariposa,043,17540,76,74,0,74,2
2020-09-24,Mendocino,045,87422,882,810,3,813,17
2020-09-24,Merced,047,269075,8902,8813,21,8834,135
2020-09-24,Modoc,049,8938,29,24,0,24,0
2020-09-24,Mono,051,14174,169,149,2,151,1
2020-09-24,Monterey,053,433212,9904,9544,33,9577,67
2020-09-24,Napa,055,140530,1743,1661,8,1669,11
2020-09-24,Nevada,057,99092,541,527,16,543,6
2020-09-24,Orange,059,3164182,54855,51749,1457,53206,1164
2020-09-24,Placer,061,380077,3625,3514,14,3528,41
2020-09-24,Plumas,063,18699,49,48,0,48,0
2020-09-24,Riverside,065,2383286,59243,57491,164,57655,1172
2020-09-24,Sacramento,067,1510023,22566,21985,23,22008,417
2020-09-24,San Benito,069,59416,1343,1308,0,1308,11
2020-09-24,San Bernardino,071,2135413,54397,52455,351,52806,988
2020-09-24,San Diego,073,3302833,47550,45598,942,46540,773
2020-09-24,San Francisco,075,870044,11266,10992,29,11021,99
2020-09-24,San Joaquin,077,732212,20231,19851,55,19906,444
2020-09-24,San Luis Obispo,079,281455,3701,3480,19,3499,31
2020-09-24,San Mateo,081,765935,10144,9376,8,9384,127
2020-09-24,Santa Barbara,083,443738,9969,8988,77,9065,114
2020-09-24,Santa Clara,085,1922200,22059,20689,39,20728,262
2020-09-24,Santa Cruz,087,273765,2429,2300,31,2331,9
2020-09-24,Shasta,089,179085,1068,773,6,779,14
2020-09-24,Sierra,091,2930,6,6,0,6,0
2020-09-24,Siskiyou,093,43540,155,149,10,159,0
2020-09-24,Solano,095,438530,6322,6137,41,6178,49
2020-09-24,Sonoma,097,501317,7618,7163,20,7183,122
2020-09-24,Stanislaus,099,539301,16530,16326,523,16849,326
2020-09-24,Sutter,101,95872,1683,1646,1,1647,10
2020-09-24,Tehama,103,63373,580,540,2,542,2
2020-09-24,Trinity,105,12862,52,15,6,21,0
2020-09-24,Tulare,107,460477,16360,15754,130,15884,267
2020-09-24,Tuolumne,109,53932,231,224,4,228,2
2020-09-24,Ventura,111,848112,13313,12617,165,12782,138
2020-09-24,Yolo,113,214977,2829,2776,6,2782,55
2020-09-24,Yuba,115,75493,1083,1042,5,1047,5
2020-09-23,Alameda,001,1643700,21366,20718,176,20894,361
2020-09-23,Alpine,003,1148,4,2,0,2,0
2020-09-23,Amador,005,37829,293,288,0,288,16
2020-09-23,Butte,007,227075,2912,2790,25,2815,43
2020-09-23,Calaveras,009,45235,308,258,0,258,11
2020-09-23,Colusa,011,21464,531,521,0,521,6
2020-09-23,Contra Costa,013,1133247,17021,16167,81,16248,192
2020-09-23,Del Norte,015,27424,136,137,0,137,2
2020-09-23,El Dorado,017,186661,1182,1088,1,1089,4
2020-09-23,Fresno,019,978130,30575,28019,377,28396,371
2020-09-23,Glenn,021,27897,583,561,0,561,3
2020-09-23,Humboldt,023,135768,498,477,1,478,5
2020-09-23,Imperial,025,180216,11805,10587,10,10597,284
2020-09-23,Inyo,027,18085,188,177,9,186,13
2020-09-23,Kern,029,883053,31926,31172,320,31492,387
2020-09-23,Kings,031,150075,7811,7406,43,7449,76
2020-09-23,Lake,033,64148,570,519,1,520,9
2020-09-23,Lassen,035,31185,746,736,2,738,0
2020-09-23,Los Angeles,037,10098052,267024,263318,1839,265157,6421
2020-09-23,Madera,039,155013,4539,4311,31,4342,48
2020-09-23,Marin,041,260295,6692,6567,17,6584,85
2020-09-23,Mariposa,043,17540,76,74,0,74,2
2020-09-23,Mendocino,045,87422,881,801,2,803,17
2020-09-23,Merced,047,269075,8881,8785,20,8805,134
2020-09-23,Modoc,049,8938,29,24,0,24,0
2020-09-23,Mono,051,14174,169,149,2,151,1
2020-09-23,Monterey,053,433212,9835,9452,32,9484,67
2020-09-23,Napa,055,140530,1734,1653,8,1661,11
2020-09-23,Nevada,057,99092,540,523,16,539,6
2020-09-23,Orange,059,3164182,54628,51658,1449,53107,1155
2020-09-23,Placer,061,380077,3613,3506,14,3520,41
2020-09-23,Plumas,063,18699,49,48,0,48,0
2020-09-23,Riverside,065,2383286,58939,57257,161,57418,1165
2020-09-23,Sacramento,067,1510023,22489,21821,23,21844,415
2020-09-23,San Benito,069,59416,1337,1305,0,1305,10
2020-09-23,San Bernardino,071,2135413,54102,52132,350,52482,973
2020-09-23,San Diego,073,3302833,47274,45427,923,46350,767
2020-09-23,San Francisco,075,870044,11217,10926,29,10955,95
2020-09-23,San Joaquin,077,732212,20178,19785,55,19840,439
2020-09-23,San Luis Obispo,079,281455,3683,3447,19,3466,31
2020-09-23,San Mateo,081,765935,10104,9351,8,9359,127
2020-09-23,Santa Barbara,083,443738,9941,8952,77,9029,112
2020-09-23,Santa Clara,085,1922200,21948,20575,36,20611,260
2020-09-23,Santa Cruz,087,273765,2410,2283,31,2314,9
2020-09-23,Shasta,089,179085,1029,756,5,761,14
2020-09-23,Sierra,091,2930,6,6,0,6,0
2020-09-23,Siskiyou,093,43540,155,149,10,159,0
2020-09-23,Solano,095,438530,6297,6123,41,6164,50
2020-09-23,Sonoma,097,501317,7542,7091,20,7111,122
2020-09-23,Stanislaus,099,539301,16500,16271,520,16791,317
2020-09-23,Sutter,101,95872,1679,1646,1,1647,10
2020-09-23,Tehama,103,63373,574,533,2,535,2
2020-09-23,Trinity,105,12862,51,15,6,21,0
2020-09-23,Tulare,107,460477,16295,15664,129,15793,266
2020-09-23,Tuolumne,109,53932,231,223,4,227,2
2020-09-23,Ventura,111,848112,13257,12591,163,12754,137
2020-09-23,Yolo,113,214977,2811,2766,6,2772,55
2020-09-23,Yuba,115,75493,1081,1038,5,1043,5
2020-09-22,Alameda,001,1643700,21286,20607,174,20781,355
2020-09-22,Alpine,003,1148,3,2,0,2,0
2020-09-22,Amador,005,37829,292,287,0,287,16
2020-09-22,Butte,007,227075,2907,2776,25,2801,43
2020-09-22,Calaveras,009,45235,308,258,0,258,11
2020-09-22,Colusa,011,21464,529,518,0,518,6
2020-09-22,Contra Costa,013,1133247,16931,16090,81,16171,190
2020-09-22,Del Norte,015,27424,136,137,0,137,2
2020-09-22,El Dorado,017,186661,1163,1076,1,1077,4
2020-09-22,Fresno,019,978130,30480,27944,374,28318,369
2020-09-22,Glenn,021,27897,580,560,0,560,3
2020-09-22,Humboldt,023,135768,497,476,1,477,5
2020-09-22,Imperial,025,180216,11776,10529,10,10539,284
2020-09-22,Inyo,027,18085,188,177,9,186,13
2020-09-22,Kern,029,883053,31858,31110,313,31423,383
2020-09-22,Kings,031,150075,7754,7395,42,7437,76
2020-09-22,Lake,033,64148,562,516,1,517,9
2020-09-22,Lassen,035,31185,745,736,2,738,0
2020-09-22,Los Angeles,037,10098052,265948,262117,1811,263928,6394
2020-09-22,Madera,039,155013,4523,4303,31,4334,47
2020-09-22,Marin,041,260295,6678,6561,17,6578,84
2020-09-22,Mariposa,043,17540,76,74,0,74,2
2020-09-22,Mendocino,045,87422,861,794,2,796,18
2020-09-22,Merced,047,269075,8851,8769,20,8789,132
2020-09-22,Modoc,049,8938,29,24,0,24,0
2020-09-22,Mono,051,14174,168,149,2,151,1
2020-09-22,Monterey,053,433212,9777,9393,32,9425,67
2020-09-22,Napa,055,140530,1717,1652,8,1660,11
2020-09-22,Nevada,057,99092,540,523,16,539,6
2020-09-22,Orange,059,3164182,54378,51528,1441,52969,1132
2020-09-22,Placer,061,380077,3601,3492,14,3506,40
2020-09-22,Plumas,063,18699,49,48,0,48,0
2020-09-22,Riverside,065,2383286,58452,57066,157,57223,1162
2020-09-22,Sacramento,067,1510023,22369,21745,23,21768,410
2020-09-22,San Benito,069,59416,1332,1305,0,1305,10
2020-09-22,San Bernardino,071,2135413,53828,51899,350,52249,971
2020-09-22,San Diego,073,3302833,46967,45149,904,46053,765
2020-09-22,San Francisco,075,870044,11173,10893,28,10921,95
2020-09-22,San Joaquin,077,732212,20131,19755,54,19809,426
2020-09-22,San Luis Obispo,079,281455,3666,3420,19,3439,31
2020-09-22,San Mateo,081,765935,10066,9291,8,9299,127
2020-09-22,Santa Barbara,083,443738,9911,8927,76,9003,111
2020-09-22,Santa Clara,085,1922200,21829,20514,36,20550,253
2020-09-22,Santa Cruz,087,273765,2387,2264,30,2294,8
2020-09-22,Shasta,089,179085,994,723,5,728,14
2020-09-22,Sierra,091,2930,6,6,0,6,0
2020-09-22,Siskiyou,093,43540,155,149,10,159,0
2020-09-22,Solano,095,438530,6266,6107,41,6148,48
2020-09-22,Sonoma,097,501317,7463,7068,19,7087,117
2020-09-22,Stanislaus,099,539301,16477,16231,513,16744,316
2020-09-22,Sutter,101,95872,1673,1638,1,1639,10
2020-09-22,Tehama,103,63373,566,529,2,531,2
2020-09-22,Trinity,105,12862,51,15,6,21,0
2020-09-22,Tulare,107,460477,16229,15616,125,15741,263
2020-09-22,Tuolumne,109,53932,230,224,4,228,1
2020-09-22,Ventura,111,848112,13205,12507,159,12666,136
2020-09-22,Yolo,113,214977,2804,2763,6,2769,54
2020-09-22,Yuba,115,75493,1072,1035,5,1040,5
2020-09-21,Alameda,001,1643700,21207,20501,173,20674,343
2020-09-21,Alpine,003,1148,3,2,0,2,0
2020-09-21,Amador,005,37829,290,286,0,286,16
2020-09-21,Butte,007,227075,2893,2769,25,2794,41
2020-09-21,Calaveras,009,45235,306,256,0,256,10
2020-09-21,Colusa,011,21464,528,517,0,517,6
2020-09-21,Contra Costa,013,1133247,16844,16008,81,16089,189
2020-09-21,Del Norte,015,27424,136,132,0,132,2
2020-09-21,El Dorado,017,186661,1154,1074,1,1075,4
2020-09-21,Fresno,019,978130,30378,27843,367,28210,362
2020-09-21,Glenn,021,27897,576,556,0,556,3
2020-09-21,Humboldt,023,135768,493,473,1,474,5
2020-09-21,Imperial,025,180216,11745,10521,10,10531,284
2020-09-21,Inyo,027,18085,187,177,9,186,12
2020-09-21,Kern,029,883053,31786,31031,311,31342,379
2020-09-21,Kings,031,150075,7641,7297,41,7338,76
2020-09-21,Lake,033,64148,557,508,1,509,8
2020-09-21,Lassen,035,31185,743,735,2,737,0
2020-09-21,Los Angeles,037,10098052,264862,261418,1766,263184,6360
2020-09-21,Madera,039,155013,4512,4275,30,4305,47
2020-09-21,Marin,041,260295,6667,6538,16,6554,84
2020-09-21,Mariposa,043,17540,75,74,0,74,2
2020-09-21,Mendocino,045,87422,846,778,1,779,18
2020-09-21,Merced,047,269075,8832,8749,18,8767,128
2020-09-21,Modoc,049,8938,29,22,0,22,0
2020-09-21,Mono,051,14174,168,147,2,149,1
2020-09-21,Monterey,053,433212,9713,9331,29,9360,66
2020-09-21,Napa,055,140530,1706,1641,8,1649,11
2020-09-21,Nevada,057,99092,538,515,16,531,6
2020-09-21,Orange,059,3164182,54156,51363,1434,52797,1110
2020-09-21,Placer,061,380077,3591,3473,14,3487,40
2020-09-21,Plumas,063,18699,49,47,0,47,0
2020-09-21,Riverside,065,2383286,58178,57001,150,57151,1153
2020-09-21,Sacramento,067,1510023,22188,21568,23,21591,404
2020-09-21,San Benito,069,59416,1330,1298,0,1298,10
2020-09-21,San Bernardino,071,2135413,53542,51654,349,52003,970
2020-09-21,San Diego,073,3302833,46683,44927,883,45810,760
2020-09-21,San Francisco,075,870044,11125,10743,28,10771,95
2020-09-21,San Joaquin,077,732212,20073,19579,54,19633,423
2020-09-21,San Luis Obispo,079,281455,3640,3406,19,3425,27
2020-09-21,San Mateo,081,765935,10014,9239,8,9247,127
2020-09-21,Santa Barbara,083,443738,9883,8911,76,8987,110
2020-09-21,Santa Clara,085,1922200,21728,20432,36,20468,252
2020-09-21,Santa Cruz,087,273765,2370,2257,28,2285,8
2020-09-21,Shasta,089,179085,944,696,5,701,14
2020-09-21,Sierra,091,2930,6,6,0,6,0
2020-09-21,Siskiyou,093,43540,155,146,10,156,0
2020-09-21,Solano,095,438530,6242,6019,41,6060,46
2020-09-21,Sonoma,097,501317,7387,7017,19,7036,117
2020-09-21,Stanislaus,099,539301,16447,16186,513,16699,310
2020-09-21,Sutter,101,95872,1666,1634,1,1635,10
2020-09-21,Tehama,103,63373,547,513,2,515,2
2020-09-21,Trinity,105,12862,51,15,6,21,0
2020-09-21,Tulare,107,460477,16155,15528,116,15644,260
2020-09-21,Tuolumne,109,53932,230,221,4,225,1
2020-09-21,Ventura,111,848112,13121,12477,153,12630,133
2020-09-21,Yolo,113,214977,2798,2752,6,2758,54
2020-09-21,Yuba,115,75493,1068,1033,5,1038,1
2020-09-20,Alameda,001,1643700,21107,20425,170,20595,343
2020-09-20,Alpine,003,1148,3,2,0,2,0
2020-09-20,Amador,005,37829,289,286,0,286,16
2020-09-20,Butte,007,227075,2881,2764,25,2789,39
2020-09-20,Calaveras,009,45235,302,256,0,256,10
2020-09-20,Colusa,011,21464,526,510,0,510,6
2020-09-20,Contra Costa,013,1133247,16710,15917,80,15997,189
2020-09-20,Del Norte,015,27424,134,132,0,132,2
2020-09-20,El Dorado,017,186661,1139,1073,1,1074,4
2020-09-20,Fresno,019,978130,30263,27769,361,28130,362
2020-09-20,Glenn,021,27897,572,550,0,550,3
2020-09-20,Humboldt,023,135768,493,472,1,473,5
2020-09-20,Imperial,025,180216,11718,10496,9,10505,284
2020-09-20,Inyo,027,18085,187,177,9,186,12
2020-09-20,Kern,029,883053,31703,30992,308,31300,379
2020-09-20,Kings,031,150075,7594,7159,40,7199,76
2020-09-20,Lake,033,64148,545,492,1,493,8
2020-09-20,Lassen,035,31185,743,735,2,737,0
2020-09-20,Los Angeles,037,10098052,263627,260770,1740,262510,6347
2020-09-20,Madera,039,155013,4492,4257,30,4287,47
2020-09-20,Marin,041,260295,6641,6533,16,6549,83
2020-09-20,Mariposa,043,17540,75,74,0,74,2
2020-09-20,Mendocino,045,87422,834,765,1,766,18
2020-09-20,Merced,047,269075,8805,8745,18,8763,128
2020-09-20,Modoc,049,8938,27,22,0,22,0
2020-09-20,Mono,051,14174,167,147,2,149,1
2020-09-20,Monterey,053,433212,9635,9312,29,9341,65
2020-09-20,Napa,055,140530,1697,1626,8,1634,11
2020-09-20,Nevada,057,99092,535,511,16,527,6
2020-09-20,Orange,059,3164182,53915,51233,1424,52657,1110
2020-09-20,Placer,061,380077,3576,3452,14,3466,40
2020-09-20,Plumas,063,18699,49,47,0,47,0
2020-09-20,Riverside,065,2383286,57977,56783,144,56927,1147
2020-09-20,Sacramento,067,1510023,22001,21394,22,21416,401
2020-09-20,San Benito,069,59416,1319,1291,0,1291,9
2020-09-20,San Bernardino,071,2135413,53221,51559,347,51906,970
2020-09-20,San Diego,073,3302833,46310,44579,854,45433,760
2020-09-20,San Francisco,075,870044,11071,10743,28,10771,95
2020-09-20,San Joaquin,077,732212,20008,19578,47,19625,423
2020-09-20,San Luis Obispo,079,281455,3612,3393,19,3412,27
2020-09-20,San Mateo,081,765935,9947,9198,8,9206,127
2020-09-20,Santa Barbara,083,443738,9848,8880,75,8955,110
2020-09-20,Santa Clara,085,1922200,21607,20330,35,20365,252
2020-09-20,Santa Cruz,087,273765,2350,2199,28,2227,8
2020-09-20,Shasta,089,179085,903,696,4,700,14
2020-09-20,Sierra,091,2930,6,6,0,6,0
2020-09-20,Siskiyou,093,43540,155,146,10,156,0
2020-09-20,Solano,095,438530,6198,6020,41,6061,46
2020-09-20,Sonoma,097,501317,7283,6954,19,6973,117
2020-09-20,Stanislaus,099,539301,16416,16159,506,16665,310
2020-09-20,Sutter,101,95872,1660,1624,1,1625,10
2020-09-20,Tehama,103,63373,534,509,2,511,2
2020-09-20,Trinity,105,12862,51,15,6,21,0
2020-09-20,Tulare,107,460477,16068,15528,110,15638,260
2020-09-20,Tuolumne,109,53932,230,221,4,225,1
2020-09-20,Ventura,111,848112,13055,12406,149,12555,133
2020-09-20,Yolo,113,214977,2790,2745,6,2751,54
2020-09-20,Yuba,115,75493,1061,1029,5,1034,1
2020-09-19,Alameda,001,1643700,21056,20349,167,20516,343
2020-09-19,Alpine,003,1148,3,2,0,2,0
2020-09-19,Amador,005,37829,289,285,0,285,16
2020-09-19,Butte,007,227075,2875,2748,25,2773,38
2020-09-19,Calaveras,009,45235,302,256,0,256,10
2020-09-19,Colusa,011,21464,526,507,0,507,6
2020-09-19,Contra Costa,013,1133247,16647,15783,80,15863,186
2020-09-19,Del Norte,015,27424,133,132,0,132,2
2020-09-19,El Dorado,017,186661,1133,1068,0,1068,4
2020-09-19,Fresno,019,978130,30190,27668,361,28029,362
2020-09-19,Glenn,021,27897,569,547,0,547,3
2020-09-19,Humboldt,023,135768,492,471,1,472,5
2020-09-19,Imperial,025,180216,11703,10496,9,10505,284
2020-09-19,Inyo,027,18085,187,177,9,186,12
2020-09-19,Kern,029,883053,31649,30886,305,31191,379
2020-09-19,Kings,031,150075,7588,7130,40,7170,76
2020-09-19,Lake,033,64148,545,465,1,466,8
2020-09-19,Lassen,035,31185,743,731,2,733,0
2020-09-19,Los Angeles,037,10098052,263002,259801,1726,261527,6325
2020-09-19,Madera,039,155013,4469,4237,30,4267,47
2020-09-19,Marin,041,260295,6634,6513,15,6528,81
2020-09-19,Mariposa,043,17540,75,74,0,74,2
2020-09-19,Mendocino,045,87422,831,750,1,751,18
2020-09-19,Merced,047,269075,8794,8717,17,8734,128
2020-09-19,Modoc,049,8938,27,22,0,22,0
2020-09-19,Mono,051,14174,167,147,2,149,1
2020-09-19,Monterey,053,433212,9593,9237,29,9266,65
2020-09-19,Napa,055,140530,1689,1614,8,1622,11
2020-09-19,Nevada,057,99092,533,505,16,521,6
2020-09-19,Orange,059,3164182,53786,50999,1417,52416,1105
2020-09-19,Placer,061,380077,3567,3412,14,3426,40
2020-09-19,Plumas,063,18699,49,47,0,47,0
2020-09-19,Riverside,065,2383286,57853,56562,143,56705,1147
2020-09-19,Sacramento,067,1510023,21947,21297,22,21319,396
2020-09-19,San Benito,069,59416,1315,1276,0,1276,9
2020-09-19,San Bernardino,071,2135413,53065,51353,344,51697,971
2020-09-19,San Diego,073,3302833,46082,44295,831,45126,773
2020-09-19,San Francisco,075,870044,11038,10741,28,10769,95
2020-09-19,San Joaquin,077,732212,19971,19580,47,19627,424
2020-09-19,San Luis Obispo,079,281455,3591,3369,19,3388,27
2020-09-19,San Mateo,081,765935,9916,9158,8,9166,127
2020-09-19,Santa Barbara,083,443738,9827,8862,75,8937,106
2020-09-19,Santa Clara,085,1922200,21518,20170,35,20205,251
2020-09-19,Santa Cruz,087,273765,2336,2198,27,2225,8
2020-09-19,Shasta,089,179085,876,687,4,691,14
2020-09-19,Sierra,091,2930,6,6,0,6,0
2020-09-19,Siskiyou,093,43540,155,146,10,156,0
2020-09-19,Solano,095,438530,6182,5998,41,6039,46
2020-09-19,Sonoma,097,501317,7250,6905,19,6924,117
2020-09-19,Stanislaus,099,539301,16376,16109,499,16608,313
2020-09-19,Sutter,101,95872,1659,1602,1,1603,10
2020-09-19,Tehama,103,63373,529,498,2,500,2
2020-09-19,Trinity,105,12862,51,15,6,21,0
2020-09-19,Tulare,107,460477,16019,15485,107,15592,260
2020-09-19,Tuolumne,109,53932,230,217,4,221,1
2020-09-19,Ventura,111,848112,13023,12328,149,12477,133
2020-09-19,Yolo,113,214977,2782,2739,6,2745,54
2020-09-19,Yuba,115,75493,1054,1023,5,1028,1
2020-09-18,Alameda,001,1643700,20991,20222,161,20383,341
2020-09-18,Alpine,003,1148,3,2,0,2,0
2020-09-18,Amador,005,37829,289,285,0,285,16
2020-09-18,Butte,007,227075,2873,2738,25,2763,37
2020-09-18,Calaveras,009,45235,302,255,0,255,9
2020-09-18,Colusa,011,21464,526,504,0,504,6
2020-09-18,Contra Costa,013,1133247,16562,15667,80,15747,185
2020-09-18,Del Norte,015,27424,133,131,0,131,2
2020-09-18,El Dorado,017,186661,1120,1063,0,1063,4
2020-09-18,Fresno,019,978130,30125,27560,361,27921,359
2020-09-18,Glenn,021,27897,566,541,0,541,3
2020-09-18,Humboldt,023,135768,489,470,1,471,5
2020-09-18,Imperial,025,180216,11688,10460,9,10469,283
2020-09-18,Inyo,027,18085,187,177,9,186,12
2020-09-18,Kern,029,883053,31591,30742,302,31044,373
2020-09-18,Kings,031,150075,7578,7062,40,7102,74
2020-09-18,Lake,033,64148,539,458,1,459,8
2020-09-18,Lassen,035,31185,742,731,2,733,0
2020-09-18,Los Angeles,037,10098052,262227,258488,1708,260196,6324
2020-09-18,Madera,039,155013,4457,4211,30,4241,45
2020-09-18,Marin,041,260295,6619,6475,15,6490,81
2020-09-18,Mariposa,043,17540,75,74,0,74,2
2020-09-18,Mendocino,045,87422,823,739,1,740,18
2020-09-18,Merced,047,269075,8782,8691,16,8707,127
2020-09-18,Modoc,049,8938,27,22,0,22,0
2020-09-18,Mono,051,14174,165,147,2,149,1
2020-09-18,Monterey,053,433212,9551,9183,29,9212,64
2020-09-18,Napa,055,140530,1683,1604,8,1612,11
2020-09-18,Nevada,057,99092,530,504,16,520,6
2020-09-18,Orange,059,3164182,53639,50733,1405,52138,1107
2020-09-18,Placer,061,380077,3556,3389,14,3403,40
2020-09-18,Plumas,063,18699,49,45,0,45,0
2020-09-18,Riverside,065,2383286,57733,56248,139,56387,1143
2020-09-18,Sacramento,067,1510023,21864,21105,22,21127,391
2020-09-18,San Benito,069,59416,1307,1257,0,1257,8
2020-09-18,San Bernardino,071,2135413,52921,51106,341,51447,970
2020-09-18,San Diego,073,3302833,45832,44009,826,44835,757
2020-09-18,San Francisco,075,870044,11000,10644,27,10671,95
2020-09-18,San Joaquin,077,732212,19927,19531,46,19577,423
2020-09-18,San Luis Obispo,079,281455,3567,3328,19,3347,27
2020-09-18,San Mateo,081,765935,9876,9062,8,9070,127
2020-09-18,Santa Barbara,083,443738,9805,8824,75,8899,107
2020-09-18,Santa Clara,085,1922200,21420,20058,35,20093,252
2020-09-18,Santa Cruz,087,273765,2315,2180,26,2206,8
2020-09-18,Shasta,089,179085,841,668,4,672,14
2020-09-18,Sierra,091,2930,6,6,0,6,0
2020-09-18,Siskiyou,093,43540,154,146,10,156,0
2020-09-18,Solano,095,438530,6166,5961,41,6002,46
2020-09-18,Sonoma,097,501317,7202,6856,19,6875,114
2020-09-18,Stanislaus,099,539301,16348,16042,493,16535,277
2020-09-18,Sutter,101,95872,1651,1586,1,1587,10
2020-09-18,Tehama,103,63373,529,490,2,492,2
2020-09-18,Trinity,105,12862,51,15,5,20,0
2020-09-18,Tulare,107,460477,15986,15435,103,15538,259
2020-09-18,Tuolumne,109,53932,229,216,4,220,1
2020-09-18,Ventura,111,848112,12962,12236,145,12381,133
2020-09-18,Yolo,113,214977,2776,2732,6,2738,54
2020-09-18,Yuba,115,75493,1050,1020,5,1025,1
2020-09-17,Alameda,001,1643700,20892,20146,161,20307,339
2020-09-17,Alpine,003,1148,3,2,0,2,0
2020-09-17,Amador,005,37829,287,284,0,284,16
2020-09-17,Butte,007,227075,2855,2720,25,2745,38
2020-09-17,Calaveras,009,45235,302,254,0,254,9
2020-09-17,Colusa,011,21464,524,499,0,499,6
2020-09-17,Contra Costa,013,1133247,16472,15576,80,15656,184
2020-09-17,Del Norte,015,27424,133,131,0,131,2
2020-09-17,El Dorado,017,186661,1111,1057,0,1057,4
2020-09-17,Fresno,019,978130,30015,27487,356,27843,355
2020-09-17,Glenn,021,27897,565,541,0,541,3
2020-09-17,Humboldt,023,135768,483,466,1,467,5
2020-09-17,Imperial,025,180216,11671,10436,9,10445,281
2020-09-17,Inyo,027,18085,187,176,9,185,12
2020-09-17,Kern,029,883053,31530,30627,295,30922,372
2020-09-17,Kings,031,150075,7507,7015,40,7055,72
2020-09-17,Lake,033,64148,529,433,1,434,8
2020-09-17,Lassen,035,31185,740,731,2,733,0
2020-09-17,Los Angeles,037,10098052,261282,257246,1694,258940,6318
2020-09-17,Madera,039,155013,4423,4152,30,4182,45
2020-09-17,Marin,041,260295,6598,6457,15,6472,81
2020-09-17,Mariposa,043,17540,75,74,0,74,2
2020-09-17,Mendocino,045,87422,812,737,1,738,18
2020-09-17,Merced,047,269075,8763,8671,16,8687,119
2020-09-17,Modoc,049,8938,27,22,0,22,0
2020-09-17,Mono,051,14174,165,147,2,149,1
2020-09-17,Monterey,053,433212,9489,9113,28,9141,62
2020-09-17,Napa,055,140530,1672,1592,8,1600,11
2020-09-17,Nevada,057,99092,528,494,15,509,6
2020-09-17,Orange,059,3164182,53459,50537,1392,51929,1098
2020-09-17,Placer,061,380077,3535,3368,14,3382,40
2020-09-17,Plumas,063,18699,49,45,0,45,0
2020-09-17,Riverside,065,2383286,57507,56007,138,56145,1134
2020-09-17,Sacramento,067,1510023,21629,20895,22,20917,385
2020-09-17,San Benito,069,59416,1304,1252,0,1252,8
2020-09-17,San Bernardino,071,2135413,52720,50770,341,51111,904
2020-09-17,San Diego,073,3302833,45552,43621,814,44435,754
2020-09-17,San Francisco,075,870044,10905,10564,27,10591,95
2020-09-17,San Joaquin,077,732212,19868,19439,46,19485,416
2020-09-17,San Luis Obispo,079,281455,3539,3299,19,3318,27
2020-09-17,San Mateo,081,765935,9834,8984,8,8992,127
2020-09-17,Santa Barbara,083,443738,9781,8779,75,8854,107
2020-09-17,Santa Clara,085,1922200,21303,19825,35,19860,254
2020-09-17,Santa Cruz,087,273765,2299,2155,26,2181,7
2020-09-17,Shasta,089,179085,802,660,4,664,12
2020-09-17,Sierra,091,2930,6,6,0,6,0
2020-09-17,Siskiyou,093,43540,154,146,10,156,0
2020-09-17,Solano,095,438530,6143,5915,41,5956,44
2020-09-17,Sonoma,097,501317,7138,6754,19,6773,114
2020-09-17,Stanislaus,099,539301,16315,15984,489,16473,277
2020-09-17,Sutter,101,95872,1646,1572,1,1573,10
2020-09-17,Tehama,103,63373,515,487,2,489,2
2020-09-17,Trinity,105,12862,51,15,5,20,0
2020-09-17,Tulare,107,460477,15933,15344,101,15445,258
2020-09-17,Tuolumne,109,53932,228,214,4,218,1
2020-09-17,Ventura,111,848112,12875,12167,141,12308,130
2020-09-17,Yolo,113,214977,2767,2724,6,2730,53
2020-09-17,Yuba,115,75493,1046,1015,5,1020,1
2020-09-16,Alameda,001,1643700,20794,20009,159,20168,333
2020-09-16,Alpine,003,1148,3,2,0,2,0
2020-09-16,Amador,005,37829,287,284,0,284,16
2020-09-16,Butte,007,227075,2845,2704,25,2729,38
2020-09-16,Calaveras,009,45235,302,254,0,254,9
2020-09-16,Colusa,011,21464,522,497,0,497,6
2020-09-16,Contra Costa,013,1133247,16386,15473,80,15553,183
2020-09-16,Del Norte,015,27424,133,131,0,131,2
2020-09-16,El Dorado,017,186661,1103,1049,0,1049,4
2020-09-16,Fresno,019,978130,29909,27381,354,27735,343
2020-09-16,Glenn,021,27897,563,539,0,539,3
2020-09-16,Humboldt,023,135768,482,455,1,456,4
2020-09-16,Imperial,025,180216,11648,10401,9,10410,277
2020-09-16,Inyo,027,18085,186,176,9,185,12
2020-09-16,Kern,029,883053,31470,30570,294,30864,371
2020-09-16,Kings,031,150075,7482,7002,38,7040,71
2020-09-16,Lake,033,64148,518,417,1,418,6
2020-09-16,Lassen,035,31185,739,730,2,732,0
2020-09-16,Los Angeles,037,10098052,260288,256101,1676,257777,6299
2020-09-16,Madera,039,155013,4400,4138,30,4168,45
2020-09-16,Marin,041,260295,6570,6430,15,6445,77
2020-09-16,Mariposa,043,17540,75,74,0,74,2
2020-09-16,Mendocino,045,87422,803,727,1,728,18
2020-09-16,Merced,047,269075,8742,8646,16,8662,118
2020-09-16,Modoc,049,8938,27,22,0,22,0
2020-09-16,Mono,051,14174,165,147,2,149,1
2020-09-16,Monterey,053,433212,9435,8997,28,9025,62
2020-09-16,Napa,055,140530,1658,1587,8,1595,11
2020-09-16,Nevada,057,99092,523,495,14,509,6
2020-09-16,Orange,059,3164182,53259,50414,1383,51797,1096
2020-09-16,Placer,061,380077,3517,3351,14,3365,39
2020-09-16,Plumas,063,18699,49,45,0,45,0
2020-09-16,Riverside,065,2383286,57311,55811,130,55941,1127
2020-09-16,Sacramento,067,1510023,21534,20610,22,20632,377
2020-09-16,San Benito,069,59416,1296,1244,0,1244,8
2020-09-16,San Bernardino,071,2135413,52494,50509,340,50849,907
2020-09-16,San Diego,073,3302833,45260,43447,793,44240,748
2020-09-16,San Francisco,075,870044,10858,10502,27,10529,90
2020-09-16,San Joaquin,077,732212,19814,19377,45,19422,409
2020-09-16,San Luis Obispo,079,281455,3509,3285,19,3304,28
2020-09-16,San Mateo,081,765935,9769,8944,8,8952,127
2020-09-16,Santa Barbara,083,443738,9749,8764,75,8839,107
2020-09-16,Santa Clara,085,1922200,21184,19684,35,19719,253
2020-09-16,Santa Cruz,087,273765,2258,2089,25,2114,7
2020-09-16,Shasta,089,179085,776,635,4,639,11
2020-09-16,Sierra,091,2930,6,6,0,6,0
2020-09-16,Siskiyou,093,43540,153,145,10,155,0
2020-09-16,Solano,095,438530,6113,5899,41,5940,44
2020-09-16,Sonoma,097,501317,7077,6731,19,6750,104
2020-09-16,Stanislaus,099,539301,16267,15897,481,16378,263
2020-09-16,Sutter,101,95872,1633,1567,1,1568,10
2020-09-16,Tehama,103,63373,507,485,2,487,2
2020-09-16,Trinity,105,12862,51,15,5,20,0
2020-09-16,Tulare,107,460477,15890,15314,94,15408,258
2020-09-16,Tuolumne,109,53932,227,210,4,214,1
2020-09-16,Ventura,111,848112,12804,12073,139,12212,130
2020-09-16,Yolo,113,214977,2760,2709,6,2715,53
2020-09-16,Yuba,115,75493,1044,1000,5,1005,1
2020-09-15,Alameda,001,1643700,20687,19931,156,20087,327
2020-09-15,Alpine,003,1148,3,2,0,2,0
2020-09-15,Amador,005,37829,286,282,0,282,16
2020-09-15,Butte,007,227075,2832,2695,23,2718,38
2020-09-15,Calaveras,009,45235,302,248,0,248,5
2020-09-15,Colusa,011,21464,516,497,0,497,6
2020-09-15,Contra Costa,013,1133247,16283,15423,79,15502,180
2020-09-15,Del Norte,015,27424,133,129,0,129,2
2020-09-15,El Dorado,017,186661,1098,1046,0,1046,4
2020-09-15,Fresno,019,978130,29802,27312,349,27661,343
2020-09-15,Glenn,021,27897,562,531,0,531,3
2020-09-15,Humboldt,023,135768,480,456,1,457,4
2020-09-15,Imperial,025,180216,11623,10376,9,10385,277
2020-09-15,Inyo,027,18085,186,176,9,185,12
2020-09-15,Kern,029,883053,31357,30429,291,30720,368
2020-09-15,Kings,031,150075,7324,6977,38,7015,70
2020-09-15,Lake,033,64148,504,416,0,416,4
2020-09-15,Lassen,035,31185,735,719,2,721,0
2020-09-15,Los Angeles,037,10098052,259175,255048,1654,256702,6269
2020-09-15,Madera,039,155013,4381,4122,30,4152,45
2020-09-15,Marin,041,260295,6539,6423,15,6438,77
2020-09-15,Mariposa,043,17540,75,74,0,74,2
2020-09-15,Mendocino,045,87422,785,724,1,725,18
2020-09-15,Merced,047,269075,8712,8633,16,8649,114
2020-09-15,Modoc,049,8938,26,21,0,21,0
2020-09-15,Mono,051,14174,165,147,2,149,1
2020-09-15,Monterey,053,433212,9386,8943,28,8971,62
2020-09-15,Napa,055,140530,1644,1580,8,1588,11
2020-09-15,Nevada,057,99092,518,494,14,508,6
2020-09-15,Orange,059,3164182,53077,50294,1368,51662,1088
2020-09-15,Placer,061,380077,3493,3331,14,3345,38
2020-09-15,Plumas,063,18699,49,44,0,44,0
2020-09-15,Riverside,065,2383286,57017,55569,120,55689,1118
2020-09-15,Sacramento,067,1510023,21391,20487,22,20509,372
2020-09-15,San Benito,069,59416,1289,1237,0,1237,7
2020-09-15,San Bernardino,071,2135413,52278,50333,339,50672,904
2020-09-15,San Diego,073,3302833,44941,43183,773,43956,742
2020-09-15,San Francisco,075,870044,10800,10414,27,10441,90
2020-09-15,San Joaquin,077,732212,19762,19313,45,19358,401
2020-09-15,San Luis Obispo,079,281455,3489,3262,19,3281,28
2020-09-15,San Mateo,081,765935,9699,8895,8,8903,127
2020-09-15,Santa Barbara,083,443738,9724,8724,74,8798,104
2020-09-15,Santa Clara,085,1922200,21048,19610,35,19645,252
2020-09-15,Santa Cruz,087,273765,2232,2079,24,2103,7
2020-09-15,Shasta,089,179085,764,627,4,631,11
2020-09-15,Sierra,091,2930,6,6,0,6,0
2020-09-15,Siskiyou,093,43540,153,143,10,153,0
2020-09-15,Solano,095,438530,6079,5878,41,5919,45
2020-09-15,Sonoma,097,501317,7038,6701,19,6720,104
2020-09-15,Stanislaus,099,539301,16219,15880,479,16359,260
2020-09-15,Sutter,101,95872,1621,1556,1,1557,10
2020-09-15,Tehama,103,63373,495,484,2,486,2
2020-09-15,Trinity,105,12862,51,15,5,20,0
2020-09-15,Tulare,107,460477,15813,15203,92,15295,254
2020-09-15,Tuolumne,109,53932,227,209,4,213,1
2020-09-15,Ventura,111,848112,12751,11932,138,12070,128
2020-09-15,Yolo,113,214977,2756,2708,6,2714,53
2020-09-15,Yuba,115,75493,1038,991,4,995,1
2020-09-14,Alameda,001,1643700,20560,19851,155,20006,306
2020-09-14,Alpine,003,1148,3,2,0,2,0
2020-09-14,Amador,005,37829,284,281,0,281,16
2020-09-14,Butte,007,227075,2815,2642,23,2665,37
2020-09-14,Calaveras,009,45235,302,244,0,244,3
2020-09-14,Colusa,011,21464,515,486,0,486,6
2020-09-14,Contra Costa,013,1133247,16159,15354,78,15432,174
2020-09-14,Del Norte,015,27424,130,116,0,116,2
2020-09-14,El Dorado,017,186661,1094,1039,0,1039,3
2020-09-14,Fresno,019,978130,29716,27232,346,27578,344
2020-09-14,Glenn,021,27897,554,521,0,521,3
2020-09-14,Humboldt,023,135768,477,437,1,438,4
2020-09-14,Imperial,025,180216,11603,10340,9,10349,273
2020-09-14,Inyo,027,18085,186,176,9,185,12
2020-09-14,Kern,029,883053,31269,30344,290,30634,368
2020-09-14,Kings,031,150075,7242,6950,38,6988,70
2020-09-14,Lake,033,64148,484,407,0,407,4
2020-09-14,Lassen,035,31185,735,719,2,721,0
2020-09-14,Los Angeles,037,10098052,258142,254622,1629,256251,6226
2020-09-14,Madera,039,155013,4367,4104,30,4134,45
2020-09-14,Marin,041,260295,6518,6409,15,6424,70
2020-09-14,Mariposa,043,17540,75,74,0,74,2
2020-09-14,Mendocino,045,87422,768,710,1,711,17
2020-09-14,Merced,047,269075,8693,8593,16,8609,112
2020-09-14,Modoc,049,8938,26,21,0,21,0
2020-09-14,Mono,051,14174,165,147,2,149,1
2020-09-14,Monterey,053,433212,9315,8845,27,8872,61
2020-09-14,Napa,055,140530,1627,1576,8,1584,11
2020-09-14,Nevada,057,99092,513,489,14,503,6
2020-09-14,Orange,059,3164182,52915,50149,1352,51501,1079
2020-09-14,Placer,061,380077,3472,3302,14,3316,38
2020-09-14,Plumas,063,18699,48,42,0,42,0
2020-09-14,Riverside,065,2383286,56798,55488,115,55603,1113
2020-09-14,Sacramento,067,1510023,21196,20377,21,20398,367
2020-09-14,San Benito,069,59416,1274,1233,0,1233,7
2020-09-14,San Bernardino,071,2135413,52054,50163,338,50501,895
2020-09-14,San Diego,073,3302833,44630,42889,753,43642,734
2020-09-14,San Francisco,075,870044,10733,10255,25,10280,90
2020-09-14,San Joaquin,077,732212,19688,19111,44,19155,397
2020-09-14,San Luis Obispo,079,281455,3464,3248,19,3267,25
2020-09-14,San Mateo,081,765935,9637,8847,8,8855,127
2020-09-14,Santa Barbara,083,443738,9698,8692,74,8766,104
2020-09-14,Santa Clara,085,1922200,20859,19545,35,19580,247
2020-09-14,Santa Cruz,087,273765,2211,2016,22,2038,7
2020-09-14,Shasta,089,179085,741,584,4,588,10
2020-09-14,Sierra,091,2930,6,6,0,6,0
2020-09-14,Siskiyou,093,43540,152,143,10,153,0
2020-09-14,Solano,095,438530,6044,5834,41,5875,44
2020-09-14,Sonoma,097,501317,6975,6630,19,6649,102
2020-09-14,Stanislaus,099,539301,16174,15812,476,16288,253
2020-09-14,Sutter,101,95872,1610,1549,1,1550,10
2020-09-14,Tehama,103,63373,493,475,2,477,1
2020-09-14,Trinity,105,12862,50,14,5,19,0
2020-09-14,Tulare,107,460477,15743,15096,86,15182,254
2020-09-14,Tuolumne,109,53932,226,208,4,212,1
2020-09-14,Ventura,111,848112,12649,11903,135,12038,125
2020-09-14,Yolo,113,214977,2745,2687,6,2693,53
2020-09-14,Yuba,115,75493,1030,977,4,981,1
2020-09-13,Alameda,001,1643700,20454,19815,152,19967,306
2020-09-13,Alpine,003,1148,3,2,0,2,0
2020-09-13,Amador,005,37829,281,279,0,279,16
2020-09-13,Butte,007,227075,2793,2640,23,2663,37
2020-09-13,Calaveras,009,45235,301,246,0,246,3
2020-09-13,Colusa,011,21464,511,486,0,486,6
2020-09-13,Contra Costa,013,1133247,16051,15284,77,15361,172
2020-09-13,Del Norte,015,27424,127,116,0,116,1
2020-09-13,El Dorado,017,186661,1089,1035,0,1035,2
2020-09-13,Fresno,019,978130,29609,27196,337,27533,345
2020-09-13,Glenn,021,27897,550,517,0,517,3
2020-09-13,Humboldt,023,135768,477,434,1,435,4
2020-09-13,Imperial,025,180216,11566,10304,8,10312,273
2020-09-13,Inyo,027,18085,186,176,9,185,12
2020-09-13,Kern,029,883053,31176,30277,283,30560,368
2020-09-13,Kings,031,150075,7223,6937,38,6975,70
2020-09-13,Lake,033,64148,465,397,0,397,4
2020-09-13,Lassen,035,31185,732,719,2,721,0
2020-09-13,Los Angeles,037,10098052,256994,253950,1613,255563,6203
2020-09-13,Madera,039,155013,4310,4090,30,4120,45
2020-09-13,Marin,041,260295,6497,6395,15,6410,70
2020-09-13,Mariposa,043,17540,75,74,0,74,2
2020-09-13,Mendocino,045,87422,761,707,1,708,17
2020-09-13,Merced,047,269075,8659,8575,16,8591,112
2020-09-13,Modoc,049,8938,26,21,0,21,0
2020-09-13,Mono,051,14174,165,147,2,149,1
2020-09-13,Monterey,053,433212,9233,8826,26,8852,61
2020-09-13,Napa,055,140530,1620,1563,8,1571,11
2020-09-13,Nevada,057,99092,505,486,14,500,6
2020-09-13,Orange,059,3164182,52699,50061,1345,51406,1075
2020-09-13,Placer,061,380077,3442,3291,14,3305,38
2020-09-13,Plumas,063,18699,48,42,0,42,0
2020-09-13,Riverside,065,2383286,56589,55235,104,55339,1108
2020-09-13,Sacramento,067,1510023,20850,20279,21,20300,367
2020-09-13,San Benito,069,59416,1266,1217,0,1217,7
2020-09-13,San Bernardino,071,2135413,51769,49968,336,50304,895
2020-09-13,San Diego,073,3302833,44304,42681,719,43400,734
2020-09-13,San Francisco,075,870044,10655,10254,25,10279,90
2020-09-13,San Joaquin,077,732212,19616,19110,43,19153,396
2020-09-13,San Luis Obispo,079,281455,3428,3240,19,3259,24
2020-09-13,San Mateo,081,765935,9576,8811,8,8819,127
2020-09-13,Santa Barbara,083,443738,9661,8690,74,8764,104
2020-09-13,Santa Clara,085,1922200,20724,19456,34,19490,245
2020-09-13,Santa Cruz,087,273765,2178,2016,20,2036,7
2020-09-13,Shasta,089,179085,729,583,4,587,10
2020-09-13,Sierra,091,2930,6,6,0,6,0
2020-09-13,Siskiyou,093,43540,152,143,9,152,0
2020-09-13,Solano,095,438530,5998,5810,41,5851,43
2020-09-13,Sonoma,097,501317,6910,6592,19,6611,95
2020-09-13,Stanislaus,099,539301,16111,15759,464,16223,253
2020-09-13,Sutter,101,95872,1597,1539,1,1540,10
2020-09-13,Tehama,103,63373,489,476,2,478,1
2020-09-13,Trinity,105,12862,50,14,5,19,0
2020-09-13,Tulare,107,460477,15672,15098,85,15183,254
2020-09-13,Tuolumne,109,53932,223,208,4,212,1
2020-09-13,Ventura,111,848112,12541,11855,134,11989,123
2020-09-13,Yolo,113,214977,2733,2675,6,2681,53
2020-09-13,Yuba,115,75493,1025,967,4,971,1
2020-09-12,Alameda,001,1643700,20395,19758,152,19910,307
2020-09-12,Alpine,003,1148,3,2,0,2,0
2020-09-12,Amador,005,37829,280,278,0,278,16
2020-09-12,Butte,007,227075,2786,2629,22,2651,37
2020-09-12,Calaveras,009,45235,299,246,0,246,3
2020-09-12,Colusa,011,21464,507,486,0,486,6
2020-09-12,Contra Costa,013,1133247,15976,15135,76,15211,174
2020-09-12,Del Norte,015,27424,126,116,0,116,1
2020-09-12,El Dorado,017,186661,1082,1034,0,1034,2
2020-09-12,Fresno,019,978130,29538,27076,337,27413,345
2020-09-12,Glenn,021,27897,549,517,0,517,3
2020-09-12,Humboldt,023,135768,476,430,1,431,4
2020-09-12,Imperial,025,180216,11554,10305,8,10313,273
2020-09-12,Inyo,027,18085,186,177,9,186,12
2020-09-12,Kern,029,883053,31110,30202,283,30485,368
2020-09-12,Kings,031,150075,7213,6895,38,6933,70
2020-09-12,Lake,033,64148,459,393,0,393,4
2020-09-12,Lassen,035,31185,732,719,2,721,0
2020-09-12,Los Angeles,037,10098052,256435,253156,1592,254748,6193
2020-09-12,Madera,039,155013,4299,4058,30,4088,43
2020-09-12,Marin,041,260295,6488,6393,15,6408,69
2020-09-12,Mariposa,043,17540,75,72,0,72,2
2020-09-12,Mendocino,045,87422,758,700,1,701,17
2020-09-12,Merced,047,269075,8650,8533,16,8549,112
2020-09-12,Modoc,049,8938,25,21,0,21,0
2020-09-12,Mono,051,14174,165,147,2,149,1
2020-09-12,Monterey,053,433212,9197,8743,26,8769,61
2020-09-12,Napa,055,140530,1617,1556,8,1564,11
2020-09-12,Nevada,057,99092,504,482,14,496,6
2020-09-12,Orange,059,3164182,52585,49895,1342,51237,1078
2020-09-12,Placer,061,380077,3425,3280,14,3294,38
2020-09-12,Plumas,063,18699,48,42,0,42,0
2020-09-12,Riverside,065,2383286,56461,55058,100,55158,1108
2020-09-12,Sacramento,067,1510023,20781,20184,21,20205,367
2020-09-12,San Benito,069,59416,1263,1208,0,1208,7
2020-09-12,San Bernardino,071,2135413,51678,49945,334,50279,896
2020-09-12,San Diego,073,3302833,44110,42416,710,43126,747
2020-09-12,San Francisco,075,870044,10610,10257,25,10282,90
2020-09-12,San Joaquin,077,732212,19588,19108,43,19151,396
2020-09-12,San Luis Obispo,079,281455,3402,3220,19,3239,24
2020-09-12,San Mateo,081,765935,9531,8759,8,8767,127
2020-09-12,Santa Barbara,083,443738,9646,8642,74,8716,104
2020-09-12,Santa Clara,085,1922200,20640,19330,34,19364,237
2020-09-12,Santa Cruz,087,273765,2166,2016,20,2036,7
2020-09-12,Shasta,089,179085,717,569,4,573,10
2020-09-12,Sierra,091,2930,6,6,0,6,0
2020-09-12,Siskiyou,093,43540,152,141,9,150,0
2020-09-12,Solano,095,438530,5974,5772,41,5813,43
2020-09-12,Sonoma,097,501317,6886,6531,19,6550,95
2020-09-12,Stanislaus,099,539301,16079,15675,461,16136,253
2020-09-12,Sutter,101,95872,1591,1529,1,1530,10
2020-09-12,Tehama,103,63373,486,471,2,473,1
2020-09-12,Trinity,105,12862,50,15,5,20,0
2020-09-12,Tulare,107,460477,15626,15018,84,15102,254
2020-09-12,Tuolumne,109,53932,223,208,4,212,1
2020-09-12,Ventura,111,848112,12490,11759,132,11891,123
2020-09-12,Yolo,113,214977,2726,2646,6,2652,53
2020-09-12,Yuba,115,75493,1021,963,4,967,1
2020-09-11,Alameda,001,1643700,20340,19625,151,19776,298
2020-09-11,Alpine,003,1148,3,2,0,2,0
2020-09-11,Amador,005,37829,280,277,0,277,16
2020-09-11,Butte,007,227075,2775,2605,22,2627,37
2020-09-11,Calaveras,009,45235,298,242,0,242,1
2020-09-11,Colusa,011,21464,506,484,0,484,6
2020-09-11,Contra Costa,013,1133247,15924,15001,73,15074,173
2020-09-11,Del Norte,015,27424,126,115,0,115,1
2020-09-11,El Dorado,017,186661,1079,1024,0,1024,2
2020-09-11,Fresno,019,978130,29458,26917,336,27253,344
2020-09-11,Glenn,021,27897,544,515,0,515,3
2020-09-11,Humboldt,023,135768,474,426,1,427,4
2020-09-11,Imperial,025,180216,11536,10286,8,10294,273
2020-09-11,Inyo,027,18085,186,176,9,185,12
2020-09-11,Kern,029,883053,31042,30059,282,30341,365
2020-09-11,Kings,031,150075,7196,6770,38,6808,70
2020-09-11,Lake,033,64148,452,382,0,382,4
2020-09-11,Lassen,035,31185,732,719,2,721,0
2020-09-11,Los Angeles,037,10098052,255754,252057,1581,253638,6172
2020-09-11,Madera,039,155013,4280,4018,30,4048,43
2020-09-11,Marin,041,260295,6485,6364,15,6379,69
2020-09-11,Mariposa,043,17540,75,72,0,72,2
2020-09-11,Mendocino,045,87422,747,700,1,701,17
2020-09-11,Merced,047,269075,8629,8489,16,8505,109
2020-09-11,Modoc,049,8938,25,21,0,21,0
2020-09-11,Mono,051,14174,165,145,2,147,1
2020-09-11,Monterey,053,433212,9149,8595,26,8621,61
2020-09-11,Napa,055,140530,1606,1543,8,1551,11
2020-09-11,Nevada,057,99092,497,483,14,497,6
2020-09-11,Orange,059,3164182,52456,49755,1330,51085,1068
2020-09-11,Placer,061,380077,3410,3254,14,3268,37
2020-09-11,Plumas,063,18699,48,42,0,42,0
2020-09-11,Riverside,065,2383286,56328,54717,97,54814,1099
2020-09-11,Sacramento,067,1510023,20696,20012,21,20033,358
2020-09-11,San Benito,069,59416,1253,1202,0,1202,7
2020-09-11,San Bernardino,071,2135413,51578,49682,334,50016,871
2020-09-11,San Diego,073,3302833,43890,41971,704,42675,730
2020-09-11,San Francisco,075,870044,10562,10133,24,10157,89
2020-09-11,San Joaquin,077,732212,19540,19019,43,19062,391
2020-09-11,San Luis Obispo,079,281455,3384,3190,19,3209,24
2020-09-11,San Mateo,081,765935,9489,8611,8,8619,127
2020-09-11,Santa Barbara,083,443738,9612,8592,73,8665,103
2020-09-11,Santa Clara,085,1922200,20551,19065,34,19099,234
2020-09-11,Santa Cruz,087,273765,2149,1997,20,2017,7
2020-09-11,Shasta,089,179085,707,568,4,572,10
2020-09-11,Sierra,091,2930,6,6,0,6,0
2020-09-11,Siskiyou,093,43540,151,139,9,148,0
2020-09-11,Solano,095,438530,5957,5742,41,5783,42
2020-09-11,Sonoma,097,501317,6841,6469,19,6488,91
2020-09-11,Stanislaus,099,539301,16041,15613,458,16071,253
2020-09-11,Sutter,101,95872,1581,1505,1,1506,11
2020-09-11,Tehama,103,63373,483,466,2,468,1
2020-09-11,Trinity,105,12862,50,16,5,21,0
2020-09-11,Tulare,107,460477,15595,14932,82,15014,251
2020-09-11,Tuolumne,109,53932,223,208,4,212,1
2020-09-11,Ventura,111,848112,12436,11700,130,11830,123
2020-09-11,Yolo,113,214977,2715,2632,6,2638,53
2020-09-11,Yuba,115,75493,1013,946,4,950,1
2020-09-10,Alameda,001,1643700,20266,19509,151,19660,292
2020-09-10,Alpine,003,1148,3,2,0,2,0
2020-09-10,Amador,005,37829,279,277,0,277,16
2020-09-10,Butte,007,227075,2758,2590,22,2612,37
2020-09-10,Calaveras,009,45235,298,244,0,244,1
2020-09-10,Colusa,011,21464,504,482,0,482,6
2020-09-10,Contra Costa,013,1133247,15854,14909,73,14982,172
2020-09-10,Del Norte,015,27424,125,112,0,112,1
2020-09-10,El Dorado,017,186661,1076,1020,0,1020,2
2020-09-10,Fresno,019,978130,29336,26783,336,27119,338
2020-09-10,Glenn,021,27897,534,511,0,511,3
2020-09-10,Humboldt,023,135768,463,422,1,423,4
2020-09-10,Imperial,025,180216,11520,10251,8,10259,270
2020-09-10,Inyo,027,18085,185,176,9,185,11
2020-09-10,Kern,029,883053,30960,29988,278,30266,363
2020-09-10,Kings,031,150075,7166,6739,38,6777,70
2020-09-10,Lake,033,64148,445,377,0,377,4
2020-09-10,Lassen,035,31185,731,716,2,718,0
2020-09-10,Los Angeles,037,10098052,254774,251003,1559,252562,6132
2020-09-10,Madera,039,155013,4262,3979,30,4009,43
2020-09-10,Marin,041,260295,6473,6344,15,6359,68
2020-09-10,Mariposa,043,17540,75,72,0,72,2
2020-09-10,Mendocino,045,87422,737,697,1,698,16
2020-09-10,Merced,047,269075,8583,8461,16,8477,109
2020-09-10,Modoc,049,8938,25,21,0,21,0
2020-09-10,Mono,051,14174,165,145,2,147,1
2020-09-10,Monterey,053,433212,9079,8570,26,8596,59
2020-09-10,Napa,055,140530,1600,1536,8,1544,11
2020-09-10,Nevada,057,99092,493,478,14,492,6
2020-09-10,Orange,059,3164182,52292,49617,1324,50941,1057
2020-09-10,Placer,061,380077,3391,3233,14,3247,37
2020-09-10,Plumas,063,18699,48,42,0,42,0
2020-09-10,Riverside,065,2383286,56010,54417,94,54511,1091
2020-09-10,Sacramento,067,1510023,20574,19618,20,19638,354
2020-09-10,San Benito,069,59416,1247,1201,0,1201,5
2020-09-10,San Bernardino,071,2135413,51389,49467,332,49799,867
2020-09-10,San Diego,073,3302833,43624,41610,677,42287,725
2020-09-10,San Francisco,075,870044,10485,10082,24,10106,89
2020-09-10,San Joaquin,077,732212,19487,18854,43,18897,389
2020-09-10,San Luis Obispo,079,281455,3371,3161,19,3180,24
2020-09-10,San Mateo,081,765935,9443,8529,8,8537,125
2020-09-10,Santa Barbara,083,443738,9568,8552,73,8625,100
2020-09-10,Santa Clara,085,1922200,20437,18870,34,18904,231
2020-09-10,Santa Cruz,087,273765,2134,1986,18,2004,7
2020-09-10,Shasta,089,179085,696,566,4,570,10
2020-09-10,Sierra,091,2930,6,6,0,6,0
2020-09-10,Siskiyou,093,43540,151,137,9,146,0
2020-09-10,Solano,095,438530,5917,5696,41,5737,42
2020-09-10,Sonoma,097,501317,6792,6424,19,6443,91
2020-09-10,Stanislaus,099,539301,15987,15509,453,15962,243
2020-09-10,Sutter,101,95872,1569,1494,1,1495,11
2020-09-10,Tehama,103,63373,476,466,2,468,1
2020-09-10,Trinity,105,12862,50,15,5,20,0
2020-09-10,Tulare,107,460477,15540,14860,79,14939,250
2020-09-10,Tuolumne,109,53932,222,205,4,209,1
2020-09-10,Ventura,111,848112,12342,11600,123,11723,122
2020-09-10,Yolo,113,214977,2710,2612,6,2618,53
2020-09-10,Yuba,115,75493,1007,941,4,945,1
2020-09-09,Alameda,001,1643700,20187,19399,150,19549,289
2020-09-09,Alpine,003,1148,3,2,0,2,0
2020-09-09,Amador,005,37829,278,276,0,276,16
2020-09-09,Butte,007,227075,2741,2561,22,2583,37
2020-09-09,Calaveras,009,45235,298,242,0,242,1
2020-09-09,Colusa,011,21464,499,479,0,479,6
2020-09-09,Contra Costa,013,1133247,15768,14816,73,14889,171
2020-09-09,Del Norte,015,27424,121,109,0,109,1
2020-09-09,El Dorado,017,186661,1073,1020,0,1020,2
2020-09-09,Fresno,019,978130,29233,26724,331,27055,329
2020-09-09,Glenn,021,27897,531,508,0,508,3
2020-09-09,Humboldt,023,135768,461,420,1,421,4
2020-09-09,Imperial,025,180216,11499,10233,8,10241,268
2020-09-09,Inyo,027,18085,184,173,9,182,2
2020-09-09,Kern,029,883053,30862,29925,275,30200,355
2020-09-09,Kings,031,150075,7148,6721,38,6759,72
2020-09-09,Lake,033,64148,437,371,0,371,4
2020-09-09,Lassen,035,31185,730,714,2,716,0
2020-09-09,Los Angeles,037,10098052,253893,249876,1540,251416,6091
2020-09-09,Madera,039,155013,4236,3926,30,3956,43
2020-09-09,Marin,041,260295,6454,6321,15,6336,68
2020-09-09,Mariposa,043,17540,74,72,0,72,2
2020-09-09,Mendocino,045,87422,729,695,1,696,16
2020-09-09,Merced,047,269075,8557,8441,16,8457,107
2020-09-09,Modoc,049,8938,24,20,0,20,0
2020-09-09,Mono,051,14174,165,145,2,147,1
2020-09-09,Monterey,053,433212,9007,8527,26,8553,59
2020-09-09,Napa,055,140530,1590,1531,8,1539,11
2020-09-09,Nevada,057,99092,489,476,14,490,6
2020-09-09,Orange,059,3164182,52113,49394,1316,50710,1054
2020-09-09,Placer,061,380077,3371,3222,14,3236,36
2020-09-09,Plumas,063,18699,46,42,0,42,0
2020-09-09,Riverside,065,2383286,55780,54320,91,54411,1081
2020-09-09,Sacramento,067,1510023,20468,19474,19,19493,347
2020-09-09,San Benito,069,59416,1243,1199,0,1199,5
2020-09-09,San Bernardino,071,2135413,51191,49264,331,49595,866
2020-09-09,San Diego,073,3302833,43335,41326,665,41991,721
2020-09-09,San Francisco,075,870044,10435,9996,23,10019,86
2020-09-09,San Joaquin,077,732212,19423,18799,42,18841,388
2020-09-09,San Luis Obispo,079,281455,3353,3131,19,3150,24
2020-09-09,San Mateo,081,765935,9382,8478,8,8486,125
2020-09-09,Santa Barbara,083,443738,9525,8528,73,8601,97
2020-09-09,Santa Clara,085,1922200,20305,18759,34,18793,228
2020-09-09,Santa Cruz,087,273765,2111,1967,18,1985,7
2020-09-09,Shasta,089,179085,684,562,4,566,10
2020-09-09,Sierra,091,2930,6,6,0,6,0
2020-09-09,Siskiyou,093,43540,149,137,9,146,0
2020-09-09,Solano,095,438530,5885,5680,41,5721,36
2020-09-09,Sonoma,097,501317,6725,6397,19,6416,92
2020-09-09,Stanislaus,099,539301,15948,15469,442,15911,243
2020-09-09,Sutter,101,95872,1561,1487,1,1488,11
2020-09-09,Tehama,103,63373,473,462,2,464,1
2020-09-09,Trinity,105,12862,50,14,5,19,0
2020-09-09,Tulare,107,460477,15491,14787,74,14861,249
2020-09-09,Tuolumne,109,53932,221,204,4,208,1
2020-09-09,Ventura,111,848112,12252,11497,120,11617,121
2020-09-09,Yolo,113,214977,2699,2604,6,2610,53
2020-09-09,Yuba,115,75493,1002,936,4,940,1
2020-09-08,Alameda,001,1643700,20079,19293,150,19443,288
2020-09-08,Alpine,003,1148,3,2,0,2,0
2020-09-08,Amador,005,37829,278,276,0,276,16
2020-09-08,Butte,007,227075,2723,2453,22,2475,36
2020-09-08,Calaveras,009,45235,296,233,0,233,1
2020-09-08,Colusa,011,21464,497,475,0,475,6
2020-09-08,Contra Costa,013,1133247,15640,14740,70,14810,171
2020-09-08,Del Norte,015,27424,121,109,0,109,2
2020-09-08,El Dorado,017,186661,1070,1011,0,1011,2
2020-09-08,Fresno,019,978130,29113,26640,326,26966,329
2020-09-08,Glenn,021,27897,527,492,0,492,3
2020-09-08,Humboldt,023,135768,459,420,1,421,4
2020-09-08,Imperial,025,180216,11483,10198,8,10206,267
2020-09-08,Inyo,027,18085,184,169,9,178,2
2020-09-08,Kern,029,883053,30776,29850,273,30123,351
2020-09-08,Kings,031,150075,7110,6658,38,6696,72
2020-09-08,Lake,033,64148,427,370,0,370,4
2020-09-08,Lassen,035,31185,730,710,2,712,0
2020-09-08,Los Angeles,037,10098052,252960,249217,1512,250729,6034
2020-09-08,Madera,039,155013,4212,3904,30,3934,43
2020-09-08,Marin,041,260295,6423,6313,15,6328,68
2020-09-08,Mariposa,043,17540,74,72,0,72,2
2020-09-08,Mendocino,045,87422,722,690,1,691,16
2020-09-08,Merced,047,269075,8534,8381,16,8397,104
2020-09-08,Modoc,049,8938,24,20,0,20,0
2020-09-08,Mono,051,14174,165,145,2,147,1
2020-09-08,Monterey,053,433212,8922,8491,26,8517,59
2020-09-08,Napa,055,140530,1586,1518,8,1526,11
2020-09-08,Nevada,057,99092,489,470,14,484,6
2020-09-08,Orange,059,3164182,51972,49214,1312,50526,1044
2020-09-08,Placer,061,380077,3357,3205,14,3219,36
2020-09-08,Plumas,063,18699,46,42,0,42,0
2020-09-08,Riverside,065,2383286,55567,54168,88,54256,1069
2020-09-08,Sacramento,067,1510023,20233,19411,18,19429,347
2020-09-08,San Benito,069,59416,1236,1188,0,1188,5
2020-09-08,San Bernardino,071,2135413,51002,49034,330,49364,856
2020-09-08,San Diego,073,3302833,43019,41079,653,41732,709
2020-09-08,San Francisco,075,870044,10362,9821,23,9844,86
2020-09-08,San Joaquin,077,732212,19345,18550,42,18592,388
2020-09-08,San Luis Obispo,079,281455,3339,3120,19,3139,23
2020-09-08,San Mateo,081,765935,9306,8460,8,8468,125
2020-09-08,Santa Barbara,083,443738,9491,8488,72,8560,96
2020-09-08,Santa Clara,085,1922200,20129,18645,34,18679,228
2020-09-08,Santa Cruz,087,273765,2083,1903,18,1921,7
2020-09-08,Shasta,089,179085,676,556,4,560,10
2020-09-08,Sierra,091,2930,6,6,0,6,0
2020-09-08,Siskiyou,093,43540,147,136,9,145,0
2020-09-08,Solano,095,438530,5848,5654,41,5695,36
2020-09-08,Sonoma,097,501317,6656,6356,19,6375,92
2020-09-08,Stanislaus,099,539301,15884,15415,430,15845,238
2020-09-08,Sutter,101,95872,1546,1473,1,1474,11
2020-09-08,Tehama,103,63373,469,458,2,460,1
2020-09-08,Trinity,105,12862,49,13,5,18,0
2020-09-08,Tulare,107,460477,15411,14635,73,14708,249
2020-09-08,Tuolumne,109,53932,220,197,4,201,1
2020-09-08,Ventura,111,848112,12183,11475,117,11592,118
2020-09-08,Yolo,113,214977,2689,2580,6,2586,53
2020-09-08,Yuba,115,75493,990,923,4,927,1
2020-09-07,Alameda,001,1643700,19957,19188,144,19332,281
2020-09-07,Alpine,003,1148,3,2,0,2,0
2020-09-07,Amador,005,37829,278,276,0,276,16
2020-09-07,Butte,007,227075,2690,2450,21,2471,30
2020-09-07,Calaveras,009,45235,286,234,0,234,1
2020-09-07,Colusa,011,21464,496,475,0,475,6
2020-09-07,Contra Costa,013,1133247,15527,14637,67,14704,172
2020-09-07,Del Norte,015,27424,121,109,0,109,2
2020-09-07,El Dorado,017,186661,1059,1011,0,1011,2
2020-09-07,Fresno,019,978130,29019,26565,323,26888,329
2020-09-07,Glenn,021,27897,522,488,0,488,3
2020-09-07,Humboldt,023,135768,450,416,1,417,4
2020-09-07,Imperial,025,180216,11452,10199,8,10207,267
2020-09-07,Inyo,027,18085,184,169,9,178,2
2020-09-07,Kern,029,883053,30655,29790,268,30058,348
2020-09-07,Kings,031,150075,6985,6630,38,6668,72
2020-09-07,Lake,033,64148,404,367,0,367,2
2020-09-07,Lassen,035,31185,730,709,2,711,0
2020-09-07,Los Angeles,037,10098052,251914,248804,1490,250294,6030
2020-09-07,Madera,039,155013,4181,3889,29,3918,43
2020-09-07,Marin,041,260295,6393,6296,15,6311,67
2020-09-07,Mariposa,043,17540,74,72,0,72,2
2020-09-07,Mendocino,045,87422,714,687,1,688,16
2020-09-07,Merced,047,269075,8487,8381,16,8397,104
2020-09-07,Modoc,049,8938,23,20,0,20,0
2020-09-07,Mono,051,14174,165,145,2,147,1
2020-09-07,Monterey,053,433212,8843,8463,26,8489,57
2020-09-07,Napa,055,140530,1574,1514,8,1522,11
2020-09-07,Nevada,057,99092,487,469,14,483,6
2020-09-07,Orange,059,3164182,51801,49132,1308,50440,1042
2020-09-07,Placer,061,380077,3326,3188,13,3201,36
2020-09-07,Plumas,063,18699,45,42,0,42,0
2020-09-07,Riverside,065,2383286,55291,54178,83,54261,1069
2020-09-07,Sacramento,067,1510023,19990,19292,17,19309,345
2020-09-07,San Benito,069,59416,1230,1180,0,1180,4
2020-09-07,San Bernardino,071,2135413,50774,49043,328,49371,821
2020-09-07,San Diego,073,3302833,42619,40868,626,41494,708
2020-09-07,San Francisco,075,870044,10311,9813,22,9835,85
2020-09-07,San Joaquin,077,732212,19264,18552,40,18592,386
2020-09-07,San Luis Obispo,079,281455,3302,3116,19,3135,23
2020-09-07,San Mateo,081,765935,9224,8409,8,8417,125
2020-09-07,Santa Barbara,083,443738,9449,8479,72,8551,95
2020-09-07,Santa Clara,085,1922200,19971,18596,33,18629,226
2020-09-07,Santa Cruz,087,273765,2055,1902,18,1920,7
2020-09-07,Shasta,089,179085,666,556,4,560,10
2020-09-07,Sierra,091,2930,6,6,0,6,0
2020-09-07,Siskiyou,093,43540,146,133,9,142,0
2020-09-07,Solano,095,438530,5783,5640,41,5681,36
2020-09-07,Sonoma,097,501317,6589,6268,19,6287,85
2020-09-07,Stanislaus,099,539301,15819,15343,417,15760,236
2020-09-07,Sutter,101,95872,1529,1468,1,1469,11
2020-09-07,Tehama,103,63373,466,453,2,455,1
2020-09-07,Trinity,105,12862,49,13,5,18,0
2020-09-07,Tulare,107,460477,15305,14637,71,14708,249
2020-09-07,Tuolumne,109,53932,219,196,4,200,1
2020-09-07,Ventura,111,848112,12088,11463,114,11577,118
2020-09-07,Yolo,113,214977,2672,2565,5,2570,53
2020-09-07,Yuba,115,75493,974,923,3,926,1
2020-09-06,Alameda,001,1643700,19899,19029,142,19171,281
2020-09-06,Alpine,003,1148,3,2,0,2,0
2020-09-06,Amador,005,37829,276,275,0,275,16
2020-09-06,Butte,007,227075,2681,2446,21,2467,30
2020-09-06,Calaveras,009,45235,286,235,0,235,1
2020-09-06,Colusa,011,21464,492,475,0,475,6
2020-09-06,Contra Costa,013,1133247,15447,14565,66,14631,171
2020-09-06,Del Norte,015,27424,121,109,0,109,2
2020-09-06,El Dorado,017,186661,1057,1008,0,1008,2
2020-09-06,Fresno,019,978130,28955,26471,321,26792,329
2020-09-06,Glenn,021,27897,516,474,0,474,3
2020-09-06,Humboldt,023,135768,447,404,1,405,4
2020-09-06,Imperial,025,180216,11435,10152,8,10160,267
2020-09-06,Inyo,027,18085,184,169,9,178,2
2020-09-06,Kern,029,883053,30599,29699,264,29963,348
2020-09-06,Kings,031,150075,6965,6561,37,6598,72
2020-09-06,Lake,033,64148,401,362,0,362,2
2020-09-06,Lassen,035,31185,730,709,2,711,0
2020-09-06,Los Angeles,037,10098052,251284,248316,1476,249792,6004
2020-09-06,Madera,039,155013,4137,3867,29,3896,42
2020-09-06,Marin,041,260295,6381,6276,15,6291,67
2020-09-06,Mariposa,043,17540,74,72,0,72,2
2020-09-06,Mendocino,045,87422,713,672,1,673,16
2020-09-06,Merced,047,269075,8467,8327,16,8343,104
2020-09-06,Modoc,049,8938,23,20,0,20,0
2020-09-06,Mono,051,14174,164,145,2,147,1
2020-09-06,Monterey,053,433212,8803,8403,25,8428,56
2020-09-06,Napa,055,140530,1570,1501,6,1507,11
2020-09-06,Nevada,057,99092,487,467,14,481,6
2020-09-06,Orange,059,3164182,51688,48931,1304,50235,1042
2020-09-06,Placer,061,380077,3309,3169,13,3182,36
2020-09-06,Plumas,063,18699,44,42,0,42,0
2020-09-06,Riverside,065,2383286,55175,53970,81,54051,1069
2020-09-06,Sacramento,067,1510023,19895,19128,17,19145,340
2020-09-06,San Benito,069,59416,1228,1178,0,1178,4
2020-09-06,San Bernardino,071,2135413,50665,48923,328,49251,823
2020-09-06,San Diego,073,3302833,42371,40652,620,41272,707
2020-09-06,San Francisco,075,870044,10237,9813,22,9835,85
2020-09-06,San Joaquin,077,732212,19215,18558,40,18598,386
2020-09-06,San Luis Obispo,079,281455,3291,3101,19,3120,23
2020-09-06,San Mateo,081,765935,9171,8387,8,8395,125
2020-09-06,Santa Barbara,083,443738,9418,8434,72,8506,95
2020-09-06,Santa Clara,085,1922200,19870,18495,33,18528,207
2020-09-06,Santa Cruz,087,273765,2048,1902,18,1920,7
2020-09-06,Shasta,089,179085,660,550,4,554,10
2020-09-06,Sierra,091,2930,6,6,0,6,0
2020-09-06,Siskiyou,093,43540,146,132,9,141,0
2020-09-06,Solano,095,438530,5757,5619,41,5660,37
2020-09-06,Sonoma,097,501317,6560,6212,19,6231,85
2020-09-06,Stanislaus,099,539301,15775,15288,413,15701,236
2020-09-06,Sutter,101,95872,1516,1451,1,1452,11
2020-09-06,Tehama,103,63373,465,455,2,457,1
2020-09-06,Trinity,105,12862,48,13,5,18,0
2020-09-06,Tulare,107,460477,15262,14636,70,14706,249
2020-09-06,Tuolumne,109,53932,216,194,4,198,1
2020-09-06,Ventura,111,848112,12043,11315,114,11429,118
2020-09-06,Yolo,113,214977,2658,2556,5,2561,53
2020-09-06,Yuba,115,75493,965,913,3,916,1
2020-09-05,Alameda,001,1643700,19852,18973,140,19113,279
2020-09-05,Alpine,003,1148,3,2,0,2,0
2020-09-05,Amador,005,37829,276,274,0,274,16
2020-09-05,Butte,007,227075,2665,2406,20,2426,30
2020-09-05,Calaveras,009,45235,286,237,0,237,1
2020-09-05,Colusa,011,21464,488,472,0,472,6
2020-09-05,Contra Costa,013,1133247,15370,14456,64,14520,173
2020-09-05,Del Norte,015,27424,121,109,0,109,2
2020-09-05,El Dorado,017,186661,1057,1007,0,1007,2
2020-09-05,Fresno,019,978130,28887,26325,321,26646,331
2020-09-05,Glenn,021,27897,515,474,0,474,3
2020-09-05,Humboldt,023,135768,445,402,1,403,4
2020-09-05,Imperial,025,180216,11418,10151,8,10159,268
2020-09-05,Inyo,027,18085,184,169,9,178,2
2020-09-05,Kern,029,883053,30539,29645,260,29905,347
2020-09-05,Kings,031,150075,6956,6518,37,6555,66
2020-09-05,Lake,033,64148,398,359,0,359,2
2020-09-05,Lassen,035,31185,730,709,2,711,0
2020-09-05,Los Angeles,037,10098052,250749,247572,1464,249036,6001
2020-09-05,Madera,039,155013,4096,3851,29,3880,42
2020-09-05,Marin,041,260295,6374,6259,15,6274,66
2020-09-05,Mariposa,043,17540,74,72,0,72,2
2020-09-05,Mendocino,045,87422,712,658,1,659,16
2020-09-05,Merced,047,269075,8435,8297,14,8311,104
2020-09-05,Modoc,049,8938,23,19,0,19,0
2020-09-05,Mono,051,14174,164,145,2,147,1
2020-09-05,Monterey,053,433212,8773,8301,25,8326,56
2020-09-05,Napa,055,140530,1564,1484,6,1490,11
2020-09-05,Nevada,057,99092,484,461,14,475,6
2020-09-05,Orange,059,3164182,51586,48726,1299,50025,1039
2020-09-05,Placer,061,380077,3299,3141,13,3154,35
2020-09-05,Plumas,063,18699,44,42,0,42,0
2020-09-05,Riverside,065,2383286,55070,53780,81,53861,1066
2020-09-05,Sacramento,067,1510023,19804,18955,17,18972,339
2020-09-05,San Benito,069,59416,1226,1153,0,1153,4
2020-09-05,San Bernardino,071,2135413,50590,48800,327,49127,825
2020-09-05,San Diego,073,3302833,42178,40344,608,40952,717
2020-09-05,San Francisco,075,870044,10204,9812,21,9833,85
2020-09-05,San Joaquin,077,732212,19187,18557,40,18597,386
2020-09-05,San Luis Obispo,079,281455,3281,3083,19,3102,23
2020-09-05,San Mateo,081,765935,9126,8352,8,8360,124
2020-09-05,Santa Barbara,083,443738,9401,8404,72,8476,96
2020-09-05,Santa Clara,085,1922200,19785,18311,33,18344,207
2020-09-05,Santa Cruz,087,273765,2040,1904,18,1922,7
2020-09-05,Shasta,089,179085,659,544,4,548,10
2020-09-05,Sierra,091,2930,6,6,0,6,0
2020-09-05,Siskiyou,093,43540,145,131,9,140,0
2020-09-05,Solano,095,438530,5745,5579,41,5620,37
2020-09-05,Sonoma,097,501317,6527,6149,19,6168,85
2020-09-05,Stanislaus,099,539301,15727,15198,409,15607,236
2020-09-05,Sutter,101,95872,1509,1445,1,1446,11
2020-09-05,Tehama,103,63373,464,447,2,449,1
2020-09-05,Trinity,105,12862,48,13,5,18,0
2020-09-05,Tulare,107,460477,15205,14576,68,14644,249
2020-09-05,Tuolumne,109,53932,216,194,4,198,1
2020-09-05,Ventura,111,848112,12000,11254,114,11368,118
2020-09-05,Yolo,113,214977,2648,2534,5,2539,53
2020-09-05,Yuba,115,75493,959,902,3,905,1
2020-09-04,Alameda,001,1643700,19784,18843,138,18981,276
2020-09-04,Alpine,003,1148,3,2,0,2,0
2020-09-04,Amador,005,37829,275,274,0,274,16
2020-09-04,Butte,007,227075,2642,2325,20,2345,28
2020-09-04,Calaveras,009,45235,284,237,0,237,1
2020-09-04,Colusa,011,21464,486,467,0,467,6
2020-09-04,Contra Costa,013,1133247,15290,14355,63,14418,164
2020-09-04,Del Norte,015,27424,121,109,0,109,2
2020-09-04,El Dorado,017,186661,1053,992,0,992,2
2020-09-04,Fresno,019,978130,28782,26147,320,26467,321
2020-09-04,Glenn,021,27897,507,463,0,463,3
2020-09-04,Humboldt,023,135768,440,390,1,391,4
2020-09-04,Imperial,025,180216,11409,10136,8,10144,267
2020-09-04,Inyo,027,18085,184,169,9,178,2
2020-09-04,Kern,029,883053,30471,29526,257,29783,345
2020-09-04,Kings,031,150075,6943,6259,37,6296,66
2020-09-04,Lake,033,64148,398,347,0,347,2
2020-09-04,Lassen,035,31185,730,708,2,710,0
2020-09-04,Los Angeles,037,10098052,250176,246396,1444,247840,5977
2020-09-04,Madera,039,155013,4083,3838,29,3867,42
2020-09-04,Marin,041,260295,6362,6251,15,6266,66
2020-09-04,Mariposa,043,17540,74,72,0,72,2
2020-09-04,Mendocino,045,87422,710,646,1,647,16
2020-09-04,Merced,047,269075,8415,8214,14,8228,104
2020-09-04,Modoc,049,8938,23,15,0,15,0
2020-09-04,Mono,051,14174,164,145,2,147,1
2020-09-04,Monterey,053,433212,8728,8208,25,8233,56
2020-09-04,Napa,055,140530,1555,1475,6,1481,11
2020-09-04,Nevada,057,99092,481,455,14,469,6
2020-09-04,Orange,059,3164182,51462,48488,1292,49780,1031
2020-09-04,Placer,061,380077,3287,3101,13,3114,35
2020-09-04,Plumas,063,18699,44,42,0,42,0
2020-09-04,Riverside,065,2383286,54957,53606,76,53682,1066
2020-09-04,Sacramento,067,1510023,19716,18765,17,18782,337
2020-09-04,San Benito,069,59416,1217,1137,0,1137,4
2020-09-04,San Bernardino,071,2135413,50497,48497,325,48822,800
2020-09-04,San Diego,073,3302833,41948,39901,599,40500,701
2020-09-04,San Francisco,075,870044,10164,9694,20,9714,85
2020-09-04,San Joaquin,077,732212,19133,18438,40,18478,376
2020-09-04,San Luis Obispo,079,281455,3266,3049,18,3067,21
2020-09-04,San Mateo,081,765935,9082,8275,8,8283,122
2020-09-04,Santa Barbara,083,443738,9370,8340,72,8412,96
2020-09-04,Santa Clara,085,1922200,19677,18074,33,18107,209
2020-09-04,Santa Cruz,087,273765,2023,1896,17,1913,7
2020-09-04,Shasta,089,179085,656,536,4,540,10
2020-09-04,Sierra,091,2930,6,6,0,6,0
2020-09-04,Siskiyou,093,43540,145,129,9,138,0
2020-09-04,Solano,095,438530,5732,5552,41,5593,37
2020-09-04,Sonoma,097,501317,6462,6050,19,6069,85
2020-09-04,Stanislaus,099,539301,15692,15074,400,15474,233
2020-09-04,Sutter,101,95872,1493,1425,1,1426,11
2020-09-04,Tehama,103,63373,460,442,2,444,1
2020-09-04,Trinity,105,12862,48,13,5,18,0
2020-09-04,Tulare,107,460477,15177,14501,64,14565,247
2020-09-04,Tuolumne,109,53932,216,193,4,197,1
2020-09-04,Ventura,111,848112,11958,11171,114,11285,114
2020-09-04,Yolo,113,214977,2634,2495,5,2500,53
2020-09-04,Yuba,115,75493,954,884,3,887,1
2020-09-03,Alameda,001,1643700,19681,18687,138,18825,275
2020-09-03,Alpine,003,1148,3,2,0,2,0
2020-09-03,Amador,005,37829,275,274,0,274,16
2020-09-03,Butte,007,227075,2597,2274,20,2294,27
2020-09-03,Calaveras,009,45235,283,238,0,238,1
2020-09-03,Colusa,011,21464,484,464,0,464,6
2020-09-03,Contra Costa,013,1133247,15183,14206,60,14266,159
2020-09-03,Del Norte,015,27424,118,109,0,109,2
2020-09-03,El Dorado,017,186661,1049,983,0,983,2
2020-09-03,Fresno,019,978130,28663,25978,315,26293,313
2020-09-03,Glenn,021,27897,503,460,0,460,3
2020-09-03,Humboldt,023,135768,435,390,1,391,4
2020-09-03,Imperial,025,180216,11389,10083,7,10090,255
2020-09-03,Inyo,027,18085,182,171,9,180,3
2020-09-03,Kern,029,883053,30379,29426,243,29669,340
2020-09-03,Kings,031,150075,6863,6200,37,6237,64
2020-09-03,Lake,033,64148,389,347,0,347,2
2020-09-03,Lassen,035,31185,730,707,2,709,0
2020-09-03,Los Angeles,037,10098052,249300,245026,1423,246449,5931
2020-09-03,Madera,039,155013,4064,3780,29,3809,43
2020-09-03,Marin,041,260295,6343,6175,15,6190,66
2020-09-03,Mariposa,043,17540,74,71,0,71,2
2020-09-03,Mendocino,045,87422,701,638,1,639,16
2020-09-03,Merced,047,269075,8373,8136,14,8150,105
2020-09-03,Modoc,049,8938,23,14,0,14,0
2020-09-03,Mono,051,14174,163,144,2,146,1
2020-09-03,Monterey,053,433212,8674,8128,25,8153,56
2020-09-03,Napa,055,140530,1548,1466,6,1472,10
2020-09-03,Nevada,057,99092,478,453,14,467,6
2020-09-03,Orange,059,3164182,51274,48226,1277,49503,1009
2020-09-03,Placer,061,380077,3269,3069,13,3082,34
2020-09-03,Plumas,063,18699,44,39,0,39,0
2020-09-03,Riverside,065,2383286,54777,53341,72,53413,1052
2020-09-03,Sacramento,067,1510023,19588,18553,16,18569,328
2020-09-03,San Benito,069,59416,1206,1121,0,1121,4
2020-09-03,San Bernardino,071,2135413,50332,48165,324,48489,800
2020-09-03,San Diego,073,3302833,41634,39448,583,40031,700
2020-09-03,San Francisco,075,870044,10098,9636,18,9654,84
2020-09-03,San Joaquin,077,732212,19056,18331,40,18371,371
2020-09-03,San Luis Obispo,079,281455,3249,3023,18,3041,21
2020-09-03,San Mateo,081,765935,9008,8211,8,8219,122
2020-09-03,Santa Barbara,083,443738,9323,8277,72,8349,96
2020-09-03,Santa Clara,085,1922200,19497,17879,33,17912,208
2020-09-03,Santa Cruz,087,273765,2008,1870,17,1887,7
2020-09-03,Shasta,089,179085,651,535,4,539,10
2020-09-03,Sierra,091,2930,6,6,0,6,0
2020-09-03,Siskiyou,093,43540,145,128,9,137,0
2020-09-03,Solano,095,438530,5712,5499,40,5539,36
2020-09-03,Sonoma,097,501317,6400,5997,19,6016,62
2020-09-03,Stanislaus,099,539301,15640,14985,396,15381,217
2020-09-03,Sutter,101,95872,1483,1412,1,1413,11
2020-09-03,Tehama,103,63373,456,436,2,438,1
2020-09-03,Trinity,105,12862,46,13,5,18,0
2020-09-03,Tulare,107,460477,15111,14408,63,14471,244
2020-09-03,Tuolumne,109,53932,216,193,4,197,1
2020-09-03,Ventura,111,848112,11840,11109,111,11220,112
2020-09-03,Yolo,113,214977,2618,2475,5,2480,53
2020-09-03,Yuba,115,75493,947,867,3,870,1
2020-09-02,Alameda,001,1643700,19561,18522,135,18657,260
2020-09-02,Alpine,003,1148,3,2,0,2,0
2020-09-02,Amador,005,37829,275,245,0,245,14
2020-09-02,Butte,007,227075,2551,2241,20,2261,27
2020-09-02,Calaveras,009,45235,282,235,0,235,1
2020-09-02,Colusa,011,21464,480,460,0,460,6
2020-09-02,Contra Costa,013,1133247,15094,14097,58,14155,159
2020-09-02,Del Norte,015,27424,117,109,0,109,2
2020-09-02,El Dorado,017,186661,1045,975,0,975,2
2020-09-02,Fresno,019,978130,28515,25785,312,26097,292
2020-09-02,Glenn,021,27897,498,457,0,457,3
2020-09-02,Humboldt,023,135768,432,381,1,382,4
2020-09-02,Imperial,025,180216,11373,9832,7,9839,255
2020-09-02,Inyo,027,18085,182,171,9,180,3
2020-09-02,Kern,029,883053,30287,29288,237,29525,335
2020-09-02,Kings,031,150075,6778,6142,37,6179,64
2020-09-02,Lake,033,64148,385,342,0,342,2
2020-09-02,Lassen,035,31185,728,706,2,708,0
2020-09-02,Los Angeles,037,10098052,248359,243999,1395,245394,5887
2020-09-02,Madera,039,155013,4044,3735,29,3764,41
2020-09-02,Marin,041,260295,6328,6131,15,6146,66
2020-09-02,Mariposa,043,17540,74,71,0,71,2
2020-09-02,Mendocino,045,87422,691,636,1,637,15
2020-09-02,Merced,047,269075,8342,8097,13,8110,103
2020-09-02,Modoc,049,8938,22,11,0,11,0
2020-09-02,Mono,051,14174,163,145,2,147,1
2020-09-02,Monterey,053,433212,8610,8070,25,8095,56
2020-09-02,Napa,055,140530,1536,1454,6,1460,10
2020-09-02,Nevada,057,99092,472,452,13,465,6
2020-09-02,Orange,059,3164182,51093,47871,1267,49138,994
2020-09-02,Placer,061,380077,3244,3047,12,3059,33
2020-09-02,Plumas,063,18699,44,39,0,39,0
2020-09-02,Riverside,065,2383286,54575,52923,69,52992,1032
2020-09-02,Sacramento,067,1510023,19355,18355,15,18370,316
2020-09-02,San Benito,069,59416,1193,1107,0,1107,4
2020-09-02,San Bernardino,071,2135413,50169,47766,321,48087,794
2020-09-02,San Diego,073,3302833,41314,39123,569,39692,695
2020-09-02,San Francisco,075,870044,10029,9587,18,9605,84
2020-09-02,San Joaquin,077,732212,18975,18194,39,18233,352
2020-09-02,San Luis Obispo,079,281455,3223,3002,17,3019,21
2020-09-02,San Mateo,081,765935,8951,8148,8,8156,122
2020-09-02,Santa Barbara,083,443738,9268,8206,71,8277,94
2020-09-02,Santa Clara,085,1922200,19343,17673,33,17706,206
2020-09-02,Santa Cruz,087,273765,1985,1850,17,1867,7
2020-09-02,Shasta,089,179085,650,531,4,535,10
2020-09-02,Sierra,091,2930,6,6,0,6,0
2020-09-02,Siskiyou,093,43540,144,127,9,136,0
2020-09-02,Solano,095,438530,5684,5463,40,5503,36
2020-09-02,Sonoma,097,501317,6338,5846,19,5865,62
2020-09-02,Stanislaus,099,539301,15570,14854,389,15243,220
2020-09-02,Sutter,101,95872,1468,1401,1,1402,10
2020-09-02,Tehama,103,63373,453,429,2,431,1
2020-09-02,Trinity,105,12862,46,13,5,18,0
2020-09-02,Tulare,107,460477,15044,14298,62,14360,244
2020-09-02,Tuolumne,109,53932,216,190,4,194,1
2020-09-02,Ventura,111,848112,11753,11031,110,11141,111
2020-09-02,Yolo,113,214977,2597,2449,5,2454,54
2020-09-02,Yuba,115,75493,940,856,3,859,1
2020-09-01,Alameda,001,1643700,19421,18382,132,18514,248
2020-09-01,Alpine,003,1148,3,2,0,2,0
2020-09-01,Amador,005,37829,274,244,0,244,13
2020-09-01,Butte,007,227075,2494,2146,20,2166,26
2020-09-01,Calaveras,009,45235,274,228,0,228,1
2020-09-01,Colusa,011,21464,476,454,0,454,6
2020-09-01,Contra Costa,013,1133247,15000,13998,56,14054,158
2020-09-01,Del Norte,015,27424,116,108,0,108,2
2020-09-01,El Dorado,017,186661,1037,972,0,972,2
2020-09-01,Fresno,019,978130,28368,25542,309,25851,290
2020-09-01,Glenn,021,27897,491,449,0,449,3
2020-09-01,Humboldt,023,135768,426,378,1,379,4
2020-09-01,Imperial,025,180216,11347,9782,7,9789,250
2020-09-01,Inyo,027,18085,182,171,9,180,3
2020-09-01,Kern,029,883053,30196,29162,232,29394,332
2020-09-01,Kings,031,150075,6747,6088,37,6125,62
2020-09-01,Lake,033,64148,382,341,0,341,2
2020-09-01,Lassen,035,31185,725,706,2,708,0
2020-09-01,Los Angeles,037,10098052,247251,242633,1371,244004,5832
2020-09-01,Madera,039,155013,4015,3703,28,3731,41
2020-09-01,Marin,041,260295,6313,6102,15,6117,67
2020-09-01,Mariposa,043,17540,73,72,0,72,2
2020-09-01,Mendocino,045,87422,676,626,1,627,15
2020-09-01,Merced,047,269075,8289,8046,12,8058,103
2020-09-01,Modoc,049,8938,20,10,0,10,0
2020-09-01,Mono,051,14174,163,145,2,147,1
2020-09-01,Monterey,053,433212,8503,7926,25,7951,56
2020-09-01,Napa,055,140530,1521,1446,6,1452,10
2020-09-01,Nevada,057,99092,466,450,13,463,6
2020-09-01,Orange,059,3164182,50928,47671,1248,48919,976
2020-09-01,Placer,061,380077,3222,3013,12,3025,33
2020-09-01,Plumas,063,18699,44,39,0,39,0
2020-09-01,Riverside,065,2383286,54356,52785,68,52853,1027
2020-09-01,Sacramento,067,1510023,19171,18217,14,18231,305
2020-09-01,San Benito,069,59416,1181,1089,0,1089,4
2020-09-01,San Bernardino,071,2135413,49962,47371,320,47691,786
2020-09-01,San Diego,073,3302833,40956,38873,531,39404,688
2020-09-01,San Francisco,075,870044,9960,9492,18,9510,83
2020-09-01,San Joaquin,077,732212,18893,17915,38,17953,341
2020-09-01,San Luis Obispo,079,281455,3197,2970,17,2987,21
2020-09-01,San Mateo,081,765935,8871,8132,8,8140,122
2020-09-01,Santa Barbara,083,443738,9218,8142,70,8212,93
2020-09-01,Santa Clara,085,1922200,19164,17319,33,17352,204
2020-09-01,Santa Cruz,087,273765,1961,1752,17,1769,7
2020-09-01,Shasta,089,179085,642,527,4,531,9
2020-09-01,Sierra,091,2930,6,6,0,6,0
2020-09-01,Siskiyou,093,43540,141,128,8,136,0
2020-09-01,Solano,095,438530,5658,5438,40,5478,34
2020-09-01,Sonoma,097,501317,6248,5733,19,5752,60
2020-09-01,Stanislaus,099,539301,15495,14784,379,15163,212
2020-09-01,Sutter,101,95872,1457,1389,1,1390,10
2020-09-01,Tehama,103,63373,449,422,2,424,1
2020-09-01,Trinity,105,12862,45,13,5,18,0
2020-09-01,Tulare,107,460477,14961,14156,62,14218,241
2020-09-01,Tuolumne,109,53932,210,183,4,187,1
2020-09-01,Ventura,111,848112,11675,10899,105,11004,108
2020-09-01,Yolo,113,214977,2581,2440,5,2445,51
2020-09-01,Yuba,115,75493,931,841,3,844,1
2020-08-31,Alameda,001,1643700,19277,18148,132,18280,248
2020-08-31,Alpine,003,1148,3,2,0,2,0
2020-08-31,Amador,005,37829,274,243,0,243,13
2020-08-31,Butte,007,227075,2430,2069,20,2089,26
2020-08-31,Calaveras,009,45235,269,212,0,212,1
2020-08-31,Colusa,011,21464,475,443,0,443,6
2020-08-31,Contra Costa,013,1133247,14873,13902,53,13955,153
2020-08-31,Del Norte,015,27424,116,108,0,108,2
2020-08-31,El Dorado,017,186661,1030,965,0,965,2
2020-08-31,Fresno,019,978130,28147,25185,303,25488,290
2020-08-31,Glenn,021,27897,479,437,0,437,3
2020-08-31,Humboldt,023,135768,424,374,1,375,4
2020-08-31,Imperial,025,180216,11316,9759,7,9766,250
2020-08-31,Inyo,027,18085,181,160,9,169,3
2020-08-31,Kern,029,883053,30098,29067,231,29298,318
2020-08-31,Kings,031,150075,6479,6037,37,6074,62
2020-08-31,Lake,033,64148,366,341,0,341,2
2020-08-31,Lassen,035,31185,722,706,2,708,0
2020-08-31,Los Angeles,037,10098052,246138,241793,1343,243136,5787
2020-08-31,Madera,039,155013,3992,3662,27,3689,35
2020-08-31,Marin,041,260295,6277,6074,15,6089,67
2020-08-31,Mariposa,043,17540,73,69,0,69,2
2020-08-31,Mendocino,045,87422,664,618,1,619,15
2020-08-31,Merced,047,269075,8227,7991,12,8003,79
2020-08-31,Modoc,049,8938,18,10,0,10,0
2020-08-31,Mono,051,14174,163,145,2,147,1
2020-08-31,Monterey,053,433212,8396,7839,25,7864,56
2020-08-31,Napa,055,140530,1513,1434,6,1440,10
2020-08-31,Nevada,057,99092,464,447,13,460,6
2020-08-31,Orange,059,3164182,50728,47392,1220,48612,965
2020-08-31,Placer,061,380077,3173,2989,12,3001,33
2020-08-31,Plumas,063,18699,43,39,0,39,0
2020-08-31,Riverside,065,2383286,54135,52508,66,52574,1020
2020-08-31,Sacramento,067,1510023,18934,17999,14,18013,303
2020-08-31,San Benito,069,59416,1165,1080,0,1080,4
2020-08-31,San Bernardino,071,2135413,49751,47370,319,47689,755
2020-08-31,San Diego,073,3302833,40589,38606,498,39104,682
2020-08-31,San Francisco,075,870044,9881,9293,15,9308,83
2020-08-31,San Joaquin,077,732212,18806,17807,37,17844,338
2020-08-31,San Luis Obispo,079,281455,3174,2951,16,2967,21
2020-08-31,San Mateo,081,765935,8801,8065,8,8073,122
2020-08-31,Santa Barbara,083,443738,9171,8124,70,8194,94
2020-08-31,Santa Clara,085,1922200,18975,17211,33,17244,202
2020-08-31,Santa Cruz,087,273765,1936,1742,17,1759,7
2020-08-31,Shasta,089,179085,637,528,4,532,9
2020-08-31,Sierra,091,2930,6,6,0,6,0
2020-08-31,Siskiyou,093,43540,140,127,8,135,0
2020-08-31,Solano,095,438530,5626,5302,39,5341,34
2020-08-31,Sonoma,097,501317,6173,5650,19,5669,60
2020-08-31,Stanislaus,099,539301,15420,14685,370,15055,213
2020-08-31,Sutter,101,95872,1442,1365,1,1366,10
2020-08-31,Tehama,103,63373,446,421,2,423,1
2020-08-31,Trinity,105,12862,45,13,5,18,0
2020-08-31,Tulare,107,460477,14874,13985,61,14046,237
2020-08-31,Tuolumne,109,53932,210,178,4,182,1
2020-08-31,Ventura,111,848112,11587,10866,104,10970,108
2020-08-31,Yolo,113,214977,2563,2423,5,2428,51
2020-08-31,Yuba,115,75493,917,830,3,833,1
2020-08-30,Alameda,001,1643700,19153,18099,130,18229,248
2020-08-30,Alpine,003,1148,3,2,0,2,0
2020-08-30,Amador,005,37829,273,240,0,240,13
2020-08-30,Butte,007,227075,2349,1988,20,2008,26
2020-08-30,Calaveras,009,45235,260,211,0,211,1
2020-08-30,Colusa,011,21464,474,440,0,440,6
2020-08-30,Contra Costa,013,1133247,14735,13780,53,13833,150
2020-08-30,Del Norte,015,27424,115,108,0,108,2
2020-08-30,El Dorado,017,186661,1020,962,0,962,2
2020-08-30,Fresno,019,978130,28022,24963,302,25265,291
2020-08-30,Glenn,021,27897,472,437,0,437,3
2020-08-30,Humboldt,023,135768,413,362,1,363,4
2020-08-30,Imperial,025,180216,11297,9703,7,9710,250
2020-08-30,Inyo,027,18085,181,160,8,168,3
2020-08-30,Kern,029,883053,30005,28987,231,29218,317
2020-08-30,Kings,031,150075,6433,6000,37,6037,62
2020-08-30,Lake,033,64148,361,334,0,334,2
2020-08-30,Lassen,035,31185,720,706,2,708,0
2020-08-30,Los Angeles,037,10098052,244983,240775,1310,242085,5772
2020-08-30,Madera,039,155013,3963,3626,27,3653,33
2020-08-30,Marin,041,260295,6247,6060,15,6075,66
2020-08-30,Mariposa,043,17540,73,69,0,69,2
2020-08-30,Mendocino,045,87422,658,611,1,612,13
2020-08-30,Merced,047,269075,8152,7960,12,7972,79
2020-08-30,Modoc,049,8938,13,10,0,10,0
2020-08-30,Mono,051,14174,163,145,2,147,1
2020-08-30,Monterey,053,433212,8312,7816,25,7841,54
2020-08-30,Napa,055,140530,1501,1423,6,1429,10
2020-08-30,Nevada,057,99092,461,445,13,458,6
2020-08-30,Orange,059,3164182,50532,47283,1206,48489,965
2020-08-30,Placer,061,380077,3140,2961,12,2973,32
2020-08-30,Plumas,063,18699,42,39,0,39,0
2020-08-30,Riverside,065,2383286,53956,52227,64,52291,1017
2020-08-30,Sacramento,067,1510023,18756,17751,14,17765,300
2020-08-30,San Benito,069,59416,1155,1071,0,1071,4
2020-08-30,San Bernardino,071,2135413,49494,47201,318,47519,755
2020-08-30,San Diego,073,3302833,40191,38302,477,38779,682
2020-08-30,San Francisco,075,870044,9783,9294,12,9306,83
2020-08-30,San Joaquin,077,732212,18689,17637,36,17673,338
2020-08-30,San Luis Obispo,079,281455,3149,2934,16,2950,21
2020-08-30,San Mateo,081,765935,8724,8013,7,8020,122
2020-08-30,Santa Barbara,083,443738,9111,8088,70,8158,93
2020-08-30,Santa Clara,085,1922200,18799,17045,33,17078,202
2020-08-30,Santa Cruz,087,273765,1910,1743,17,1760,7
2020-08-30,Shasta,089,179085,634,525,4,529,9
2020-08-30,Sierra,091,2930,6,6,0,6,0
2020-08-30,Siskiyou,093,43540,138,125,8,133,0
2020-08-30,Solano,095,438530,5582,5303,39,5342,34
2020-08-30,Sonoma,097,501317,6115,5590,19,5609,60
2020-08-30,Stanislaus,099,539301,15349,14580,361,14941,209
2020-08-30,Sutter,101,95872,1420,1351,1,1352,10
2020-08-30,Tehama,103,63373,437,419,2,421,1
2020-08-30,Trinity,105,12862,45,13,5,18,0
2020-08-30,Tulare,107,460477,14779,13985,60,14045,236
2020-08-30,Tuolumne,109,53932,206,178,4,182,1
2020-08-30,Ventura,111,848112,11474,10775,99,10874,108
2020-08-30,Yolo,113,214977,2535,2391,4,2395,51
2020-08-30,Yuba,115,75493,903,832,3,835,1
2020-08-29,Alameda,001,1643700,19086,17888,130,18018,250
2020-08-29,Alpine,003,1148,3,2,0,2,0
2020-08-29,Amador,005,37829,273,239,0,239,13
2020-08-29,Butte,007,227075,2318,1948,20,1968,26
2020-08-29,Calaveras,009,45235,256,211,0,211,1
2020-08-29,Colusa,011,21464,471,440,0,440,6
2020-08-29,Contra Costa,013,1133247,14662,13663,52,13715,159
2020-08-29,Del Norte,015,27424,115,108,0,108,1
2020-08-29,El Dorado,017,186661,1017,958,0,958,2
2020-08-29,Fresno,019,978130,27967,24821,302,25123,291
2020-08-29,Glenn,021,27897,466,437,0,437,3
2020-08-29,Humboldt,023,135768,410,363,1,364,4
2020-08-29,Imperial,025,180216,11282,9698,7,9705,250
2020-08-29,Inyo,027,18085,181,160,8,168,3
2020-08-29,Kern,029,883053,29964,28947,230,29177,317
2020-08-29,Kings,031,150075,6418,5906,37,5943,62
2020-08-29,Lake,033,64148,360,329,0,329,2
2020-08-29,Lassen,035,31185,720,706,2,708,0
2020-08-29,Los Angeles,037,10098052,244332,239815,1297,241112,5762
2020-08-29,Madera,039,155013,3954,3605,26,3631,33
2020-08-29,Marin,041,260295,6235,6007,15,6022,64
2020-08-29,Mariposa,043,17540,73,69,0,69,2
2020-08-29,Mendocino,045,87422,653,596,1,597,13
2020-08-29,Merced,047,269075,8122,7867,12,7879,79
2020-08-29,Modoc,049,8938,13,9,0,9,0
2020-08-29,Mono,051,14174,163,145,2,147,1
2020-08-29,Monterey,053,433212,8267,7680,25,7705,53
2020-08-29,Napa,055,140530,1498,1413,6,1419,10
2020-08-29,Nevada,057,99092,461,442,13,455,5
2020-08-29,Orange,059,3164182,50421,47007,1196,48203,960
2020-08-29,Placer,061,380077,3123,2935,12,2947,32
2020-08-29,Plumas,063,18699,41,39,0,39,0
2020-08-29,Riverside,065,2383286,53845,51918,62,51980,1016
2020-08-29,Sacramento,067,1510023,18684,17588,14,17602,291
2020-08-29,San Benito,069,59416,1146,1045,0,1045,4
2020-08-29,San Bernardino,071,2135413,49379,46849,318,47167,755
2020-08-29,San Diego,073,3302833,39925,38049,459,38508,694
2020-08-29,San Francisco,075,870044,9755,9291,11,9302,83
2020-08-29,San Joaquin,077,732212,18645,17493,36,17529,335
2020-08-29,San Luis Obispo,079,281455,3125,2917,16,2933,21
2020-08-29,San Mateo,081,765935,8682,7928,7,7935,122
2020-08-29,Santa Barbara,083,443738,9085,8052,69,8121,93
2020-08-29,Santa Clara,085,1922200,18702,16898,32,16930,202
2020-08-29,Santa Cruz,087,273765,1898,1746,17,1763,7
2020-08-29,Shasta,089,179085,626,522,4,526,9
2020-08-29,Sierra,091,2930,6,6,0,6,0
2020-08-29,Siskiyou,093,43540,138,121,8,129,0
2020-08-29,Solano,095,438530,5561,5303,39,5342,34
2020-08-29,Sonoma,097,501317,6081,5537,19,5556,60
2020-08-29,Stanislaus,099,539301,15300,14479,351,14830,208
2020-08-29,Sutter,101,95872,1415,1333,1,1334,9
2020-08-29,Tehama,103,63373,436,417,2,419,1
2020-08-29,Trinity,105,12862,44,11,5,16,0
2020-08-29,Tulare,107,460477,14741,13890,59,13949,236
2020-08-29,Tuolumne,109,53932,206,178,4,182,1
2020-08-29,Ventura,111,848112,11432,10705,99,10804,108
2020-08-29,Yolo,113,214977,2517,2357,4,2361,51
2020-08-29,Yuba,115,75493,894,822,3,825,1
2020-08-28,Alameda,001,1643700,19003,17729,129,17858,237
2020-08-28,Alpine,003,1148,3,2,0,2,0
2020-08-28,Amador,005,37829,273,234,0,234,13
2020-08-28,Butte,007,227075,2288,1886,20,1906,25
2020-08-28,Calaveras,009,45235,254,207,0,207,1
2020-08-28,Colusa,011,21464,470,441,0,441,6
2020-08-28,Contra Costa,013,1133247,14591,13522,51,13573,158
2020-08-28,Del Norte,015,27424,115,107,0,107,1
2020-08-28,El Dorado,017,186661,1011,949,0,949,2
2020-08-28,Fresno,019,978130,27832,24612,302,24914,282
2020-08-28,Glenn,021,27897,459,429,0,429,3
2020-08-28,Humboldt,023,135768,406,362,1,363,4
2020-08-28,Imperial,025,180216,11268,9656,7,9663,241
2020-08-28,Inyo,027,18085,180,160,8,168,2
2020-08-28,Kern,029,883053,29916,28744,230,28974,306
2020-08-28,Kings,031,150075,6411,5829,36,5865,62
2020-08-28,Lake,033,64148,355,320,0,320,2
2020-08-28,Lassen,035,31185,720,704,2,706,0
2020-08-28,Los Angeles,037,10098052,243523,238544,1273,239817,5740
2020-08-28,Madera,039,155013,3935,3552,26,3578,33
2020-08-28,Marin,041,260295,6213,5991,15,6006,63
2020-08-28,Mariposa,043,17540,73,67,0,67,2
2020-08-28,Mendocino,045,87422,648,588,1,589,11
2020-08-28,Merced,047,269075,8092,7803,12,7815,77
2020-08-28,Modoc,049,8938,13,6,0,6,0
2020-08-28,Mono,051,14174,163,145,2,147,1
2020-08-28,Monterey,053,433212,8210,7591,25,7616,53
2020-08-28,Napa,055,140530,1490,1403,5,1408,10
2020-08-28,Nevada,057,99092,460,438,13,451,5
2020-08-28,Orange,059,3164182,50321,46696,1181,47877,942
2020-08-28,Placer,061,380077,3112,2891,12,2903,32
2020-08-28,Plumas,063,18699,41,39,0,39,0
2020-08-28,Riverside,065,2383286,53714,51510,59,51569,1008
2020-08-28,Sacramento,067,1510023,18587,17119,14,17133,283
2020-08-28,San Benito,069,59416,1130,1016,0,1016,3
2020-08-28,San Bernardino,071,2135413,49261,46553,314,46867,754
2020-08-28,San Diego,073,3302833,39695,37786,444,38230,676
2020-08-28,San Francisco,075,870044,9701,9135,11,9146,83
2020-08-28,San Joaquin,077,732212,18592,17114,35,17149,314
2020-08-28,San Luis Obispo,079,281455,3108,2849,16,2865,20
2020-08-28,San Mateo,081,765935,8635,7783,7,7790,121
2020-08-28,Santa Barbara,083,443738,9051,8001,69,8070,92
2020-08-28,Santa Clara,085,1922200,18571,16696,32,16728,201
2020-08-28,Santa Cruz,087,273765,1886,1747,17,1764,7
2020-08-28,Shasta,089,179085,622,516,4,520,9
2020-08-28,Sierra,091,2930,6,6,0,6,0
2020-08-28,Siskiyou,093,43540,136,119,8,127,0
2020-08-28,Solano,095,438530,5542,5219,39,5258,34
2020-08-28,Sonoma,097,501317,6046,5425,18,5443,58
2020-08-28,Stanislaus,099,539301,15258,14176,347,14523,190
2020-08-28,Sutter,101,95872,1405,1308,1,1309,9
2020-08-28,Tehama,103,63373,431,410,2,412,1
2020-08-28,Trinity,105,12862,44,11,5,16,0
2020-08-28,Tulare,107,460477,14695,13776,59,13835,236
2020-08-28,Tuolumne,109,53932,206,176,4,180,1
2020-08-28,Ventura,111,848112,11396,10606,97,10703,103
2020-08-28,Yolo,113,214977,2508,2323,4,2327,51
2020-08-28,Yuba,115,75493,885,810,3,813,1
2020-08-27,Alameda,001,1643700,18858,17584,126,17710,234
2020-08-27,Alpine,003,1148,3,2,0,2,0
2020-08-27,Amador,005,37829,272,233,0,233,13
2020-08-27,Butte,007,227075,2222,1803,19,1822,25
2020-08-27,Calaveras,009,45235,248,204,0,204,1
2020-08-27,Colusa,011,21464,468,438,0,438,6
2020-08-27,Contra Costa,013,1133247,14490,13379,50,13429,158
2020-08-27,Del Norte,015,27424,115,107,0,107,1
2020-08-27,El Dorado,017,186661,1007,942,0,942,2
2020-08-27,Fresno,019,978130,27649,24367,297,24664,272
2020-08-27,Glenn,021,27897,451,429,0,429,3
2020-08-27,Humboldt,023,135768,398,358,1,359,4
2020-08-27,Imperial,025,180216,11241,9608,7,9615,235
2020-08-27,Inyo,027,18085,180,157,7,164,2
2020-08-27,Kern,029,883053,29844,28635,221,28856,294
2020-08-27,Kings,031,150075,6389,5759,36,5795,62
2020-08-27,Lake,033,64148,353,314,0,314,2
2020-08-27,Lassen,035,31185,720,703,2,705,0
2020-08-27,Los Angeles,037,10098052,242516,237103,1257,238360,5704
2020-08-27,Madera,039,155013,3909,3465,26,3491,33
2020-08-27,Marin,041,260295,6189,5929,15,5944,62
2020-08-27,Mariposa,043,17540,73,67,0,67,2
2020-08-27,Mendocino,045,87422,639,581,1,582,10
2020-08-27,Merced,047,269075,8048,7765,12,7777,75
2020-08-27,Modoc,049,8938,11,5,0,5,0
2020-08-27,Mono,051,14174,163,145,2,147,1
2020-08-27,Monterey,053,433212,8116,7501,25,7526,52
2020-08-27,Napa,055,140530,1484,1397,5,1402,10
2020-08-27,Nevada,057,99092,457,435,13,448,5
2020-08-27,Orange,059,3164182,50164,46449,1170,47619,935
2020-08-27,Placer,061,380077,3081,2869,12,2881,32
2020-08-27,Plumas,063,18699,40,39,0,39,0
2020-08-27,Riverside,065,2383286,53506,51306,56,51362,999
2020-08-27,Sacramento,067,1510023,18389,16875,14,16889,281
2020-08-27,San Benito,069,59416,1114,987,0,987,3
2020-08-27,San Bernardino,071,2135413,49035,46345,307,46652,751
2020-08-27,San Diego,073,3302833,39424,37501,424,37925,673
2020-08-27,San Francisco,075,870044,9635,9014,11,9025,83
2020-08-27,San Joaquin,077,732212,18512,16989,35,17024,314
2020-08-27,San Luis Obispo,079,281455,3083,2808,16,2824,20
2020-08-27,San Mateo,081,765935,8526,7728,7,7735,121
2020-08-27,Santa Barbara,083,443738,9013,7934,69,8003,92
2020-08-27,Santa Clara,085,1922200,18387,16495,32,16527,199
2020-08-27,Santa Cruz,087,273765,1869,1734,17,1751,7
2020-08-27,Shasta,089,179085,616,512,4,516,9
2020-08-27,Sierra,091,2930,6,6,0,6,0
2020-08-27,Siskiyou,093,43540,136,118,8,126,0
2020-08-27,Solano,095,438530,5504,5167,39,5206,34
2020-08-27,Sonoma,097,501317,5934,5357,18,5375,58
2020-08-27,Stanislaus,099,539301,15177,14080,344,14424,186
2020-08-27,Sutter,101,95872,1385,1296,1,1297,9
2020-08-27,Tehama,103,63373,427,398,2,400,1
2020-08-27,Trinity,105,12862,44,11,5,16,0
2020-08-27,Tulare,107,460477,14603,13666,58,13724,231
2020-08-27,Tuolumne,109,53932,201,174,4,178,1
2020-08-27,Ventura,111,848112,11333,10483,93,10576,102
2020-08-27,Yolo,113,214977,2484,2293,4,2297,51
2020-08-27,Yuba,115,75493,874,807,3,810,1
2020-08-26,Alameda,001,1643700,18696,17373,126,17499,233
2020-08-26,Alpine,003,1148,3,2,0,2,0
2020-08-26,Amador,005,37829,272,229,0,229,13
2020-08-26,Butte,007,227075,2155,1765,17,1782,25
2020-08-26,Calaveras,009,45235,240,201,0,201,1
2020-08-26,Colusa,011,21464,462,433,0,433,5
2020-08-26,Contra Costa,013,1133247,14353,13248,50,13298,157
2020-08-26,Del Norte,015,27424,114,86,0,86,1
2020-08-26,El Dorado,017,186661,1005,938,0,938,2
2020-08-26,Fresno,019,978130,27501,24071,295,24366,255
2020-08-26,Glenn,021,27897,449,429,0,429,3
2020-08-26,Humboldt,023,135768,386,357,1,358,4
2020-08-26,Imperial,025,180216,11219,9453,7,9460,227
2020-08-26,Inyo,027,18085,177,157,7,164,2
2020-08-26,Kern,029,883053,29705,28507,218,28725,286
2020-08-26,Kings,031,150075,6368,5720,36,5756,62
2020-08-26,Lake,033,64148,348,308,0,308,2
2020-08-26,Lassen,035,31185,720,702,2,704,0
2020-08-26,Los Angeles,037,10098052,241482,235499,1225,236724,5665
2020-08-26,Madera,039,155013,3880,3458,26,3484,32
2020-08-26,Marin,041,260295,6172,5887,15,5902,56
2020-08-26,Mariposa,043,17540,73,68,0,68,2
2020-08-26,Mendocino,045,87422,628,581,1,582,10
2020-08-26,Merced,047,269075,8015,7720,12,7732,74
2020-08-26,Modoc,049,8938,8,5,0,5,0
2020-08-26,Mono,051,14174,163,141,2,143,1
2020-08-26,Monterey,053,433212,8023,7439,25,7464,51
2020-08-26,Napa,055,140530,1471,1382,5,1387,10
2020-08-26,Nevada,057,99092,454,432,13,445,2
2020-08-26,Orange,059,3164182,49980,46157,1155,47312,905
2020-08-26,Placer,061,380077,3059,2846,10,2856,32
2020-08-26,Plumas,063,18699,39,39,0,39,0
2020-08-26,Riverside,065,2383286,53264,51138,56,51194,987
2020-08-26,Sacramento,067,1510023,18226,16708,14,16722,271
2020-08-26,San Benito,069,59416,1099,978,0,978,3
2020-08-26,San Bernardino,071,2135413,48826,45840,303,46143,743
2020-08-26,San Diego,073,3302833,39086,37224,397,37621,668
2020-08-26,San Francisco,075,870044,9559,8938,11,8949,81
2020-08-26,San Joaquin,077,732212,18423,16845,34,16879,309
2020-08-26,San Luis Obispo,079,281455,3055,2761,16,2777,20
2020-08-26,San Mateo,081,765935,8459,7655,7,7662,121
2020-08-26,Santa Barbara,083,443738,8979,7904,69,7973,90
2020-08-26,Santa Clara,085,1922200,18210,16283,32,16315,198
2020-08-26,Santa Cruz,087,273765,1858,1726,17,1743,7
2020-08-26,Shasta,089,179085,611,511,3,514,9
2020-08-26,Sierra,091,2930,6,6,0,6,0
2020-08-26,Siskiyou,093,43540,133,109,8,117,0
2020-08-26,Solano,095,438530,5480,5131,38,5169,34
2020-08-26,Sonoma,097,501317,5860,5283,18,5301,58
2020-08-26,Stanislaus,099,539301,15100,13964,338,14302,186
2020-08-26,Sutter,101,95872,1367,1275,1,1276,9
2020-08-26,Tehama,103,63373,424,396,2,398,1
2020-08-26,Trinity,105,12862,43,10,5,15,0
2020-08-26,Tulare,107,460477,14536,13568,58,13626,232
2020-08-26,Tuolumne,109,53932,200,172,4,176,1
2020-08-26,Ventura,111,848112,11261,10412,86,10498,100
2020-08-26,Yolo,113,214977,2462,2279,4,2283,49
2020-08-26,Yuba,115,75493,859,779,3,782,1
2020-08-25,Alameda,001,1643700,18539,17278,126,17404,232
2020-08-25,Alpine,003,1148,3,2,0,2,0
2020-08-25,Amador,005,37829,272,227,0,227,13
2020-08-25,Butte,007,227075,2088,1718,17,1735,24
2020-08-25,Calaveras,009,45235,238,196,0,196,1
2020-08-25,Colusa,011,21464,455,430,0,430,5
2020-08-25,Contra Costa,013,1133247,14215,13181,49,13230,156
2020-08-25,Del Norte,015,27424,113,83,0,83,1
2020-08-25,El Dorado,017,186661,1002,928,0,928,2
2020-08-25,Fresno,019,978130,27312,23932,294,24226,250
2020-08-25,Glenn,021,27897,446,429,0,429,3
2020-08-25,Humboldt,023,135768,381,342,1,343,4
2020-08-25,Imperial,025,180216,11191,9381,7,9388,217
2020-08-25,Inyo,027,18085,175,144,7,151,1
2020-08-25,Kern,029,883053,29568,28416,218,28634,285
2020-08-25,Kings,031,150075,6211,5702,36,5738,59
2020-08-25,Lake,033,64148,343,304,0,304,2
2020-08-25,Lassen,035,31185,719,692,2,694,0
2020-08-25,Los Angeles,037,10098052,240154,233961,1175,235136,5612
2020-08-25,Madera,039,155013,3865,3446,25,3471,32
2020-08-25,Marin,041,260295,6134,5860,15,5875,56
2020-08-25,Mariposa,043,17540,73,67,0,67,2
2020-08-25,Mendocino,045,87422,620,571,1,572,10
2020-08-25,Merced,047,269075,7948,7693,11,7704,69
2020-08-25,Modoc,049,8938,8,5,0,5,0
2020-08-25,Mono,051,14174,163,129,2,131,1
2020-08-25,Monterey,053,433212,7943,7333,25,7358,51
2020-08-25,Napa,055,140530,1464,1374,5,1379,10
2020-08-25,Nevada,057,99092,451,430,13,443,2
2020-08-25,Orange,059,3164182,49786,45737,1139,46876,902
2020-08-25,Placer,061,380077,3040,2829,7,2836,31
2020-08-25,Plumas,063,18699,39,39,0,39,0
2020-08-25,Riverside,065,2383286,53033,50889,56,50945,981
2020-08-25,Sacramento,067,1510023,18073,16601,14,16615,265
2020-08-25,San Benito,069,59416,1083,973,0,973,3
2020-08-25,San Bernardino,071,2135413,48591,45544,300,45844,727
2020-08-25,San Diego,073,3302833,38807,36996,375,37371,665
2020-08-25,San Francisco,075,870044,9481,8848,11,8859,81
2020-08-25,San Joaquin,077,732212,18296,16795,34,16829,306
2020-08-25,San Luis Obispo,079,281455,2997,2731,15,2746,20
2020-08-25,San Mateo,081,765935,8399,7636,7,7643,120
2020-08-25,Santa Barbara,083,443738,8927,7854,69,7923,90
2020-08-25,Santa Clara,085,1922200,18038,16199,32,16231,194
2020-08-25,Santa Cruz,087,273765,1839,1708,17,1725,7
2020-08-25,Shasta,089,179085,607,511,3,514,9
2020-08-25,Sierra,091,2930,6,6,0,6,0
2020-08-25,Siskiyou,093,43540,132,109,8,117,0
2020-08-25,Solano,095,438530,5419,5114,38,5152,34
2020-08-25,Sonoma,097,501317,5775,5148,18,5166,56
2020-08-25,Stanislaus,099,539301,14992,13886,327,14213,182
2020-08-25,Sutter,101,95872,1350,1259,1,1260,9
2020-08-25,Tehama,103,63373,421,394,2,396,1
2020-08-25,Trinity,105,12862,41,10,5,15,0
2020-08-25,Tulare,107,460477,14433,13514,57,13571,224
2020-08-25,Tuolumne,109,53932,198,172,4,176,1
2020-08-25,Ventura,111,848112,11176,10313,81,10394,99
2020-08-25,Yolo,113,214977,2449,2254,4,2258,50
2020-08-25,Yuba,115,75493,849,775,3,778,1
2020-08-24,Alameda,001,1643700,18345,16913,125,17038,231
2020-08-24,Alpine,003,1148,3,2,0,2,0
2020-08-24,Amador,005,37829,270,227,0,227,13
2020-08-24,Butte,007,227075,2004,1649,17,1666,23
2020-08-24,Calaveras,009,45235,228,187,0,187,1
2020-08-24,Colusa,011,21464,451,425,0,425,5
2020-08-24,Contra Costa,013,1133247,14100,12906,47,12953,153
2020-08-24,Del Norte,015,27424,113,80,0,80,1
2020-08-24,El Dorado,017,186661,994,908,0,908,2
2020-08-24,Fresno,019,978130,27125,23618,287,23905,235
2020-08-24,Glenn,021,27897,444,421,0,421,2
2020-08-24,Humboldt,023,135768,377,340,1,341,4
2020-08-24,Imperial,025,180216,11157,9323,7,9330,210
2020-08-24,Inyo,027,18085,171,144,7,151,2
2020-08-24,Kern,029,883053,29471,28157,212,28369,277
2020-08-24,Kings,031,150075,6123,5652,36,5688,60
2020-08-24,Lake,033,64148,329,302,0,302,2
2020-08-24,Lassen,035,31185,719,693,2,695,0
2020-08-24,Los Angeles,037,10098052,238788,233036,1156,234192,5562
2020-08-24,Madera,039,155013,3838,3418,25,3443,32
2020-08-24,Marin,041,260295,6071,5834,15,5849,56
2020-08-24,Mariposa,043,17540,71,66,0,66,2
2020-08-24,Mendocino,045,87422,605,550,1,551,10
2020-08-24,Merced,047,269075,7870,7605,11,7616,69
2020-08-24,Modoc,049,8938,8,5,0,5,0
2020-08-24,Mono,051,14174,163,129,2,131,1
2020-08-24,Monterey,053,433212,7834,7212,24,7236,50
2020-08-24,Napa,055,140530,1451,1358,5,1363,10
2020-08-24,Nevada,057,99092,446,423,13,436,2
2020-08-24,Orange,059,3164182,49593,45536,1129,46665,887
2020-08-24,Placer,061,380077,2994,2793,7,2800,31
2020-08-24,Plumas,063,18699,39,37,0,37,0
2020-08-24,Riverside,065,2383286,52756,50496,56,50552,975
2020-08-24,Sacramento,067,1510023,17876,16318,14,16332,249
2020-08-24,San Benito,069,59416,1062,961,0,961,3
2020-08-24,San Bernardino,071,2135413,48328,45199,298,45497,720
2020-08-24,San Diego,073,3302833,38519,36729,347,37076,660
2020-08-24,San Francisco,075,870044,9398,8621,11,8632,81
2020-08-24,San Joaquin,077,732212,18155,16565,33,16598,305
2020-08-24,San Luis Obispo,079,281455,2969,2705,15,2720,20
2020-08-24,San Mateo,081,765935,8332,7502,7,7509,120
2020-08-24,Santa Barbara,083,443738,8885,7784,69,7853,90
2020-08-24,Santa Clara,085,1922200,17834,16049,32,16081,192
2020-08-24,Santa Cruz,087,273765,1819,1627,16,1643,6
2020-08-24,Shasta,089,179085,605,505,3,508,9
2020-08-24,Sierra,091,2930,6,6,0,6,0
2020-08-24,Siskiyou,093,43540,128,107,8,115,0
2020-08-24,Solano,095,438530,5370,4979,36,5015,32
2020-08-24,Sonoma,097,501317,5673,5071,18,5089,56
2020-08-24,Stanislaus,099,539301,14893,13521,313,13834,171
2020-08-24,Sutter,101,95872,1331,1219,1,1220,9
2020-08-24,Tehama,103,63373,416,388,2,390,1
2020-08-24,Trinity,105,12862,41,10,5,15,0
2020-08-24,Tulare,107,460477,14326,13360,56,13416,223
2020-08-24,Tuolumne,109,53932,197,170,4,174,1
2020-08-24,Ventura,111,848112,11096,10261,77,10338,99
2020-08-24,Yolo,113,214977,2414,2239,4,2243,47
2020-08-24,Yuba,115,75493,832,750,3,753,1
2020-08-23,Alameda,001,1643700,18122,16786,124,16910,231
2020-08-23,Alpine,003,1148,3,2,0,2,0
2020-08-23,Amador,005,37829,267,227,0,227,13
2020-08-23,Butte,007,227075,1890,1637,17,1654,23
2020-08-23,Calaveras,009,45235,218,187,0,187,1
2020-08-23,Colusa,011,21464,444,424,0,424,5
2020-08-23,Contra Costa,013,1133247,13940,12642,47,12689,153
2020-08-23,Del Norte,015,27424,113,80,0,80,1
2020-08-23,El Dorado,017,186661,981,901,0,901,2
2020-08-23,Fresno,019,978130,26921,23414,283,23697,235
2020-08-23,Glenn,021,27897,437,421,0,421,2
2020-08-23,Humboldt,023,135768,375,341,1,342,4
2020-08-23,Imperial,025,180216,11129,9243,7,9250,210
2020-08-23,Inyo,027,18085,168,144,7,151,2
2020-08-23,Kern,029,883053,29322,28028,207,28235,277
2020-08-23,Kings,031,150075,6080,5628,36,5664,60
2020-08-23,Lake,033,64148,325,299,0,299,2
2020-08-23,Lassen,035,31185,718,693,2,695,0
2020-08-23,Los Angeles,037,10098052,237183,231833,1084,232917,5549
2020-08-23,Madera,039,155013,3806,3401,24,3425,32
2020-08-23,Marin,041,260295,6032,5807,14,5821,50
2020-08-23,Mariposa,043,17540,71,66,0,66,2
2020-08-23,Mendocino,045,87422,601,550,1,551,10
2020-08-23,Merced,047,269075,7801,7574,10,7584,69
2020-08-23,Modoc,049,8938,7,5,0,5,0
2020-08-23,Mono,051,14174,163,129,2,131,1
2020-08-23,Monterey,053,433212,7744,7173,24,7197,50
2020-08-23,Napa,055,140530,1439,1348,5,1353,10
2020-08-23,Nevada,057,99092,441,421,13,434,2
2020-08-23,Orange,059,3164182,49356,45267,1117,46384,887
2020-08-23,Placer,061,380077,2955,2772,7,2779,31
2020-08-23,Plumas,063,18699,39,37,0,37,0
2020-08-23,Riverside,065,2383286,52487,50293,54,50347,955
2020-08-23,Sacramento,067,1510023,17652,16084,13,16097,243
2020-08-23,San Benito,069,59416,1049,938,0,938,3
2020-08-23,San Bernardino,071,2135413,48059,45010,288,45298,719
2020-08-23,San Diego,073,3302833,38198,36542,320,36862,660
2020-08-23,San Francisco,075,870044,9303,8564,10,8574,80
2020-08-23,San Joaquin,077,732212,18022,16069,32,16101,305
2020-08-23,San Luis Obispo,079,281455,2927,2679,15,2694,20
2020-08-23,San Mateo,081,765935,8237,7450,7,7457,120
2020-08-23,Santa Barbara,083,443738,8817,7725,69,7794,90
2020-08-23,Santa Clara,085,1922200,17639,15912,30,15942,191
2020-08-23,Santa Cruz,087,273765,1793,1627,16,1643,6
2020-08-23,Shasta,089,179085,600,501,3,504,9
2020-08-23,Sierra,091,2930,6,6,0,6,0
2020-08-23,Siskiyou,093,43540,123,107,8,115,0
2020-08-23,Solano,095,438530,5312,4977,34,5011,32
2020-08-23,Sonoma,097,501317,5585,5018,18,5036,56
2020-08-23,Stanislaus,099,539301,14758,13483,290,13773,171
2020-08-23,Sutter,101,95872,1309,1203,1,1204,9
2020-08-23,Tehama,103,63373,406,381,2,383,1
2020-08-23,Trinity,105,12862,41,10,5,15,0
2020-08-23,Tulare,107,460477,14194,13303,53,13356,223
2020-08-23,Tuolumne,109,53932,194,164,4,168,1
2020-08-23,Ventura,111,848112,10995,10126,73,10199,99
2020-08-23,Yolo,113,214977,2386,2210,4,2214,47
2020-08-23,Yuba,115,75493,811,750,3,753,1
2020-08-22,Alameda,001,1643700,18028,16648,123,16771,231
2020-08-22,Alpine,003,1148,3,2,0,2,0
2020-08-22,Amador,005,37829,266,224,0,224,13
2020-08-22,Butte,007,227075,1839,1618,17,1635,22
2020-08-22,Calaveras,009,45235,215,187,0,187,1
2020-08-22,Colusa,011,21464,440,419,0,419,5
2020-08-22,Contra Costa,013,1133247,13853,12522,47,12569,153
2020-08-22,Del Norte,015,27424,112,80,0,80,1
2020-08-22,El Dorado,017,186661,979,900,0,900,2
2020-08-22,Fresno,019,978130,26824,23197,282,23479,235
2020-08-22,Glenn,021,27897,436,421,0,421,2
2020-08-22,Humboldt,023,135768,365,334,1,335,4
2020-08-22,Imperial,025,180216,11121,9244,7,9251,210
2020-08-22,Inyo,027,18085,168,144,7,151,1
2020-08-22,Kern,029,883053,29268,27807,207,28014,277
2020-08-22,Kings,031,150075,6071,5447,36,5483,60
2020-08-22,Lake,033,64148,323,291,0,291,2
2020-08-22,Lassen,035,31185,718,693,2,695,0
2020-08-22,Los Angeles,037,10098052,236525,230858,1066,231924,5540
2020-08-22,Madera,039,155013,3787,3330,24,3354,32
2020-08-22,Marin,041,260295,6020,5789,14,5803,49
2020-08-22,Mariposa,043,17540,71,66,0,66,2
2020-08-22,Mendocino,045,87422,598,529,1,530,10
2020-08-22,Merced,047,269075,7773,7493,10,7503,69
2020-08-22,Modoc,049,8938,7,5,0,5,0
2020-08-22,Mono,051,14174,163,129,2,131,1
2020-08-22,Monterey,053,433212,7696,7081,24,7105,50
2020-08-22,Napa,055,140530,1434,1328,5,1333,11
2020-08-22,Nevada,057,99092,441,411,13,424,2
2020-08-22,Orange,059,3164182,49214,45131,1111,46242,885
2020-08-22,Placer,061,380077,2941,2734,7,2741,30
2020-08-22,Plumas,063,18699,39,37,0,37,0
2020-08-22,Riverside,065,2383286,52338,49944,53,49997,953
2020-08-22,Sacramento,067,1510023,17540,15516,13,15529,239
2020-08-22,San Benito,069,59416,1033,912,0,912,3
2020-08-22,San Bernardino,071,2135413,47930,44803,284,45087,719
2020-08-22,San Diego,073,3302833,38016,36205,309,36514,673
2020-08-22,San Francisco,075,870044,9243,8568,10,8578,80
2020-08-22,San Joaquin,077,732212,17966,16068,32,16100,305
2020-08-22,San Luis Obispo,079,281455,2902,2660,15,2675,20
2020-08-22,San Mateo,081,765935,8190,7361,7,7368,120
2020-08-22,Santa Barbara,083,443738,8791,7685,69,7754,90
2020-08-22,Santa Clara,085,1922200,17531,15590,30,15620,190
2020-08-22,Santa Cruz,087,273765,1777,1628,15,1643,6
2020-08-22,Shasta,089,179085,598,493,3,496,9
2020-08-22,Sierra,091,2930,6,6,0,6,0
2020-08-22,Siskiyou,093,43540,123,106,8,114,0
2020-08-22,Solano,095,438530,5282,4944,33,4977,32
2020-08-22,Sonoma,097,501317,5539,4891,18,4909,57
2020-08-22,Stanislaus,099,539301,14708,13380,272,13652,170
2020-08-22,Sutter,101,95872,1302,1189,1,1190,8
2020-08-22,Tehama,103,63373,405,368,2,370,1
2020-08-22,Trinity,105,12862,41,8,5,13,0
2020-08-22,Tulare,107,460477,14127,13196,53,13249,222
2020-08-22,Tuolumne,109,53932,192,162,4,166,1
2020-08-22,Ventura,111,848112,10940,9959,71,10030,99
2020-08-22,Yolo,113,214977,2370,2188,4,2192,47
2020-08-22,Yuba,115,75493,799,738,3,741,1
2020-08-21,Alameda,001,1643700,17937,16413,123,16536,232
2020-08-21,Alpine,003,1148,3,2,0,2,0
2020-08-21,Amador,005,37829,265,223,0,223,11
2020-08-21,Butte,007,227075,1800,1582,17,1599,19
2020-08-21,Calaveras,009,45235,215,182,0,182,1
2020-08-21,Colusa,011,21464,438,418,0,418,5
2020-08-21,Contra Costa,013,1133247,13763,12333,46,12379,149
2020-08-21,Del Norte,015,27424,112,78,0,78,1
2020-08-21,El Dorado,017,186661,975,885,0,885,2
2020-08-21,Fresno,019,978130,26654,22840,281,23121,232
2020-08-21,Glenn,021,27897,432,418,0,418,2
2020-08-21,Humboldt,023,135768,362,331,1,332,4
2020-08-21,Imperial,025,180216,11105,9166,7,9173,204
2020-08-21,Inyo,027,18085,168,144,7,151,1
2020-08-21,Kern,029,883053,29209,27567,205,27772,269
2020-08-21,Kings,031,150075,6049,5391,36,5427,60
2020-08-21,Lake,033,64148,321,281,0,281,2
2020-08-21,Lassen,035,31185,718,693,2,695,0
2020-08-21,Los Angeles,037,10098052,235648,229235,1046,230281,5494
2020-08-21,Madera,039,155013,3757,3271,24,3295,31
2020-08-21,Marin,041,260295,6000,5762,14,5776,49
2020-08-21,Mariposa,043,17540,71,66,0,66,2
2020-08-21,Mendocino,045,87422,588,505,1,506,10
2020-08-21,Merced,047,269075,7744,7357,10,7367,69
2020-08-21,Modoc,049,8938,7,5,0,5,0
2020-08-21,Mono,051,14174,163,128,2,130,1
2020-08-21,Monterey,053,433212,7624,6974,24,6998,49
2020-08-21,Napa,055,140530,1425,1317,5,1322,10
2020-08-21,Nevada,057,99092,440,406,13,419,2
2020-08-21,Orange,059,3164182,49073,44625,1102,45727,875
2020-08-21,Placer,061,380077,2925,2698,6,2704,30
2020-08-21,Plumas,063,18699,39,36,0,36,0
2020-08-21,Riverside,065,2383286,52144,49409,53,49462,932
2020-08-21,Sacramento,067,1510023,17417,15247,13,15260,237
2020-08-21,San Benito,069,59416,1023,891,0,891,3
2020-08-21,San Bernardino,071,2135413,47810,44249,280,44529,668
2020-08-21,San Diego,073,3302833,37812,35914,292,36206,652
2020-08-21,San Francisco,075,870044,9193,8375,10,8385,80
2020-08-21,San Joaquin,077,732212,17883,15888,30,15918,301
2020-08-21,San Luis Obispo,079,281455,2879,2640,15,2655,19
2020-08-21,San Mateo,081,765935,8131,7253,7,7260,120
2020-08-21,Santa Barbara,083,443738,8750,7645,69,7714,86
2020-08-21,Santa Clara,085,1922200,17379,15399,30,15429,190
2020-08-21,Santa Cruz,087,273765,1765,1617,15,1632,6
2020-08-21,Shasta,089,179085,598,486,3,489,9
2020-08-21,Sierra,091,2930,6,6,0,6,0
2020-08-21,Siskiyou,093,43540,123,103,6,109,0
2020-08-21,Solano,095,438530,5259,4891,32,4923,32
2020-08-21,Sonoma,097,501317,5469,4816,18,4834,57
2020-08-21,Stanislaus,099,539301,14639,13282,257,13539,161
2020-08-21,Sutter,101,95872,1289,1173,1,1174,8
2020-08-21,Tehama,103,63373,403,357,2,359,1
2020-08-21,Trinity,105,12862,41,8,5,13,0
2020-08-21,Tulare,107,460477,14055,13002,52,13054,217
2020-08-21,Tuolumne,109,53932,184,161,4,165,1
2020-08-21,Ventura,111,848112,10875,9865,69,9934,98
2020-08-21,Yolo,113,214977,2355,2164,4,2168,46
2020-08-21,Yuba,115,75493,795,717,3,720,1
2020-08-20,Alameda,001,1643700,17779,16174,123,16297,229
2020-08-20,Alpine,003,1148,3,2,0,2,0
2020-08-20,Amador,005,37829,263,222,0,222,11
2020-08-20,Butte,007,227075,1749,1549,17,1566,18
2020-08-20,Calaveras,009,45235,212,179,0,179,1
2020-08-20,Colusa,011,21464,436,415,0,415,5
2020-08-20,Contra Costa,013,1133247,13635,12108,45,12153,144
2020-08-20,Del Norte,015,27424,112,78,0,78,1
2020-08-20,El Dorado,017,186661,971,881,0,881,2
2020-08-20,Fresno,019,978130,26472,22535,276,22811,228
2020-08-20,Glenn,021,27897,427,414,0,414,2
2020-08-20,Humboldt,023,135768,357,318,1,319,4
2020-08-20,Imperial,025,180216,11086,9086,7,9093,196
2020-08-20,Inyo,027,18085,167,144,7,151,1
2020-08-20,Kern,029,883053,29041,27337,194,27531,267
2020-08-20,Kings,031,150075,6009,5347,35,5382,59
2020-08-20,Lake,033,64148,316,280,0,280,2
2020-08-20,Lassen,035,31185,717,693,2,695,0
2020-08-20,Los Angeles,037,10098052,234414,227492,1027,228519,5445
2020-08-20,Madera,039,155013,3731,3197,24,3221,31
2020-08-20,Marin,041,260295,5982,5745,14,5759,47
2020-08-20,Mariposa,043,17540,71,67,0,67,2
2020-08-20,Mendocino,045,87422,577,497,1,498,10
2020-08-20,Merced,047,269075,7669,7173,10,7183,68
2020-08-20,Modoc,049,8938,7,5,0,5,0
2020-08-20,Mono,051,14174,163,128,2,130,1
2020-08-20,Monterey,053,433212,7553,6892,24,6916,47
2020-08-20,Napa,055,140530,1417,1306,5,1311,10
2020-08-20,Nevada,057,99092,439,401,13,414,2
2020-08-20,Orange,059,3164182,48846,44299,1091,45390,849
2020-08-20,Placer,061,380077,2909,2681,6,2687,30
2020-08-20,Plumas,063,18699,39,36,0,36,0
2020-08-20,Riverside,065,2383286,51924,48953,52,49005,927
2020-08-20,Sacramento,067,1510023,17175,14992,13,15005,231
2020-08-20,San Benito,069,59416,1010,866,0,866,3
2020-08-20,San Bernardino,071,2135413,47554,43627,276,43903,665
2020-08-20,San Diego,073,3302833,37592,35610,274,35884,644
2020-08-20,San Francisco,075,870044,9107,8262,10,8272,72
2020-08-20,San Joaquin,077,732212,17790,15778,30,15808,297
2020-08-20,San Luis Obispo,079,281455,2859,2590,15,2605,19
2020-08-20,San Mateo,081,765935,8065,7188,7,7195,120
2020-08-20,Santa Barbara,083,443738,8712,7571,69,7640,81
2020-08-20,Santa Clara,085,1922200,17207,15162,30,15192,190
2020-08-20,Santa Cruz,087,273765,1752,1581,15,1596,6
2020-08-20,Shasta,089,179085,597,478,3,481,9
2020-08-20,Sierra,091,2930,6,6,0,6,0
2020-08-20,Siskiyou,093,43540,122,102,1,103,0
2020-08-20,Solano,095,438530,5215,4843,32,4875,31
2020-08-20,Sonoma,097,501317,5397,4737,18,4755,54
2020-08-20,Stanislaus,099,539301,14543,13120,248,13368,161
2020-08-20,Sutter,101,95872,1265,1158,1,1159,8
2020-08-20,Tehama,103,63373,397,350,2,352,1
2020-08-20,Trinity,105,12862,41,8,5,13,0
2020-08-20,Tulare,107,460477,13947,12907,51,12958,217
2020-08-20,Tuolumne,109,53932,180,159,4,163,1
2020-08-20,Ventura,111,848112,10762,9744,68,9812,93
2020-08-20,Yolo,113,214977,2333,2150,4,2154,47
2020-08-20,Yuba,115,75493,778,709,3,712,1
2020-08-19,Alameda,001,1643700,17620,15874,122,15996,226
2020-08-19,Alpine,003,1148,3,2,0,2,0
2020-08-19,Amador,005,37829,262,219,0,219,9
2020-08-19,Butte,007,227075,1706,1517,17,1534,16
2020-08-19,Calaveras,009,45235,209,177,0,177,1
2020-08-19,Colusa,011,21464,435,415,0,415,5
2020-08-19,Contra Costa,013,1133247,13523,11895,43,11938,142
2020-08-19,Del Norte,015,27424,112,78,0,78,1
2020-08-19,El Dorado,017,186661,965,870,0,870,2
2020-08-19,Fresno,019,978130,26282,22167,268,22435,221
2020-08-19,Glenn,021,27897,425,414,0,414,2
2020-08-19,Humboldt,023,135768,354,316,1,317,4
2020-08-19,Imperial,025,180216,11058,9041,7,9048,192
2020-08-19,Inyo,027,18085,165,140,7,147,1
2020-08-19,Kern,029,883053,28924,27142,190,27332,263
2020-08-19,Kings,031,150075,5836,5301,33,5334,59
2020-08-19,Lake,033,64148,313,277,0,277,2
2020-08-19,Lassen,035,31185,709,693,2,695,0
2020-08-19,Los Angeles,037,10098052,233131,226006,987,226993,5399
2020-08-19,Madera,039,155013,3697,3158,22,3180,30
2020-08-19,Marin,041,260295,5958,5723,13,5736,46
2020-08-19,Mariposa,043,17540,71,64,0,64,2
2020-08-19,Mendocino,045,87422,561,495,1,496,8
2020-08-19,Merced,047,269075,7542,7082,7,7089,66
2020-08-19,Modoc,049,8938,7,5,0,5,0
2020-08-19,Mono,051,14174,163,128,2,130,1
2020-08-19,Monterey,053,433212,7451,6693,24,6717,45
2020-08-19,Napa,055,140530,1412,1293,5,1298,10
2020-08-19,Nevada,057,99092,432,398,13,411,2
2020-08-19,Orange,059,3164182,48641,43938,1088,45026,829
2020-08-19,Placer,061,380077,2887,2659,6,2665,28
2020-08-19,Plumas,063,18699,39,36,0,36,0
2020-08-19,Riverside,065,2383286,51675,48741,52,48793,922
2020-08-19,Sacramento,067,1510023,16994,14764,13,14777,229
2020-08-19,San Benito,069,59416,993,853,0,853,3
2020-08-19,San Bernardino,071,2135413,47255,43224,270,43494,661
2020-08-19,San Diego,073,3302833,37343,35378,259,35637,638
2020-08-19,San Francisco,075,870044,9042,8236,10,8246,72
2020-08-19,San Joaquin,077,732212,17664,15677,29,15706,296
2020-08-19,San Luis Obispo,079,281455,2820,2553,15,2568,19
2020-08-19,San Mateo,081,765935,7997,7146,7,7153,119
2020-08-19,Santa Barbara,083,443738,8663,7499,69,7568,80
2020-08-19,Santa Clara,085,1922200,17061,14994,30,15024,189
2020-08-19,Santa Cruz,087,273765,1726,1554,15,1569,6
2020-08-19,Shasta,089,179085,593,475,3,478,9
2020-08-19,Sierra,091,2930,6,6,0,6,0
2020-08-19,Siskiyou,093,43540,121,103,1,104,0
2020-08-19,Solano,095,438530,5174,4807,32,4839,31
2020-08-19,Sonoma,097,501317,5318,4614,18,4632,54
2020-08-19,Stanislaus,099,539301,14440,13084,226,13310,160
2020-08-19,Sutter,101,95872,1231,1146,1,1147,8
2020-08-19,Tehama,103,63373,391,342,2,344,1
2020-08-19,Trinity,105,12862,40,8,5,13,0
2020-08-19,Tulare,107,460477,13849,12756,51,12807,217
2020-08-19,Tuolumne,109,53932,177,159,4,163,1
2020-08-19,Ventura,111,848112,10670,9587,66,9653,91
2020-08-19,Yolo,113,214977,2310,2126,4,2130,47
2020-08-19,Yuba,115,75493,766,701,3,704,1
2020-08-18,Alameda,001,1643700,17443,15627,120,15747,223
2020-08-18,Alpine,003,1148,3,2,0,2,0
2020-08-18,Amador,005,37829,261,215,0,215,9
2020-08-18,Butte,007,227075,1673,1491,17,1508,16
2020-08-18,Calaveras,009,45235,205,174,0,174,1
2020-08-18,Colusa,011,21464,434,415,0,415,5
2020-08-18,Contra Costa,013,1133247,13403,11689,41,11730,141
2020-08-18,Del Norte,015,27424,111,78,0,78,0
2020-08-18,El Dorado,017,186661,960,866,0,866,2
2020-08-18,Fresno,019,978130,26061,21798,262,22060,212
2020-08-18,Glenn,021,27897,425,407,0,407,2
2020-08-18,Humboldt,023,135768,352,315,1,316,4
2020-08-18,Imperial,025,180216,11024,8968,7,8975,189
2020-08-18,Inyo,027,18085,164,140,7,147,1
2020-08-18,Kern,029,883053,28771,26978,186,27164,263
2020-08-18,Kings,031,150075,5801,5269,32,5301,58
2020-08-18,Lake,033,64148,310,274,0,274,2
2020-08-18,Lassen,035,31185,709,693,2,695,0
2020-08-18,Los Angeles,037,10098052,231850,224218,950,225168,5339
2020-08-18,Madera,039,155013,3669,3125,22,3147,28
2020-08-18,Marin,041,260295,5928,5708,13,5721,47
2020-08-18,Mariposa,043,17540,71,61,0,61,2
2020-08-18,Mendocino,045,87422,552,468,1,469,8
2020-08-18,Merced,047,269075,7494,6940,7,6947,66
2020-08-18,Modoc,049,8938,7,5,0,5,0
2020-08-18,Mono,051,14174,162,129,2,131,1
2020-08-18,Monterey,053,433212,7359,6691,23,6714,44
2020-08-18,Napa,055,140530,1409,1274,5,1279,10
2020-08-18,Nevada,057,99092,425,389,13,402,2
2020-08-18,Orange,059,3164182,48416,43659,1073,44732,809
2020-08-18,Placer,061,380077,2861,2644,5,2649,28
2020-08-18,Plumas,063,18699,39,34,0,34,0
2020-08-18,Riverside,065,2383286,51345,48447,51,48498,917
2020-08-18,Sacramento,067,1510023,16765,14610,12,14622,222
2020-08-18,San Benito,069,59416,973,836,0,836,3
2020-08-18,San Bernardino,071,2135413,46972,42827,264,43091,648
2020-08-18,San Diego,073,3302833,37050,35164,227,35391,633
2020-08-18,San Francisco,075,870044,8956,8016,10,8026,72
2020-08-18,San Joaquin,077,732212,17548,15509,28,15537,290
2020-08-18,San Luis Obispo,079,281455,2796,2535,14,2549,18
2020-08-18,San Mateo,081,765935,7935,7074,7,7081,119
2020-08-18,Santa Barbara,083,443738,8621,7472,69,7541,81
2020-08-18,Santa Clara,085,1922200,16888,14786,29,14815,184
2020-08-18,Santa Cruz,087,273765,1713,1509,15,1524,6
2020-08-18,Shasta,089,179085,589,468,3,471,9
2020-08-18,Sierra,091,2930,6,6,0,6,0
2020-08-18,Siskiyou,093,43540,120,103,1,104,0
2020-08-18,Solano,095,438530,5147,4700,32,4732,31
2020-08-18,Sonoma,097,501317,5249,4506,18,4524,48
2020-08-18,Stanislaus,099,539301,14342,12935,210,13145,149
2020-08-18,Sutter,101,95872,1212,1126,1,1127,8
2020-08-18,Tehama,103,63373,381,333,2,335,1
2020-08-18,Trinity,105,12862,38,8,5,13,0
2020-08-18,Tulare,107,460477,13718,12637,48,12685,212
2020-08-18,Tuolumne,109,53932,174,159,4,163,1
2020-08-18,Ventura,111,848112,10580,9536,61,9597,89
2020-08-18,Yolo,113,214977,2287,2102,4,2106,47
2020-08-18,Yuba,115,75493,758,679,3,682,1
2020-08-17,Alameda,001,1643700,17250,15454,118,15572,221
2020-08-17,Alpine,003,1148,3,2,0,2,0
2020-08-17,Amador,005,37829,261,215,0,215,9
2020-08-17,Butte,007,227075,1628,1463,17,1480,15
2020-08-17,Calaveras,009,45235,201,167,0,167,1
2020-08-17,Colusa,011,21464,431,408,0,408,5
2020-08-17,Contra Costa,013,1133247,13266,11442,41,11483,141
2020-08-17,Del Norte,015,27424,107,77,0,77,0
2020-08-17,El Dorado,017,186661,957,846,0,846,2
2020-08-17,Fresno,019,978130,25852,21316,254,21570,211
2020-08-17,Glenn,021,27897,424,402,0,402,2
2020-08-17,Humboldt,023,135768,348,302,1,303,4
2020-08-17,Imperial,025,180216,10983,8897,7,8904,188
2020-08-17,Inyo,027,18085,156,124,7,131,1
2020-08-17,Kern,029,883053,28623,26773,175,26948,249
2020-08-17,Kings,031,150075,5763,5249,32,5281,58
2020-08-17,Lake,033,64148,305,270,0,270,2
2020-08-17,Lassen,035,31185,709,666,2,668,0
2020-08-17,Los Angeles,037,10098052,230332,223418,901,224319,5282
2020-08-17,Madera,039,155013,3626,3050,21,3071,26
2020-08-17,Marin,041,260295,5905,5683,12,5695,46
2020-08-17,Mariposa,043,17540,71,61,0,61,2
2020-08-17,Mendocino,045,87422,534,454,1,455,8
2020-08-17,Merced,047,269075,7399,6814,7,6821,66
2020-08-17,Modoc,049,8938,7,5,0,5,0
2020-08-17,Mono,051,14174,162,126,2,128,1
2020-08-17,Monterey,053,433212,7259,6553,23,6576,44
2020-08-17,Napa,055,140530,1388,1255,5,1260,10
2020-08-17,Nevada,057,99092,420,383,13,396,2
2020-08-17,Orange,059,3164182,48206,43621,1060,44681,804
2020-08-17,Placer,061,380077,2836,2609,5,2614,28
2020-08-17,Plumas,063,18699,39,33,0,33,0
2020-08-17,Riverside,065,2383286,51014,48062,49,48111,916
2020-08-17,Sacramento,067,1510023,16545,14333,12,14345,219
2020-08-17,San Benito,069,59416,958,822,0,822,2
2020-08-17,San Bernardino,071,2135413,46627,42005,256,42261,604
2020-08-17,San Diego,073,3302833,36784,34962,213,35175,626
2020-08-17,San Francisco,075,870044,8885,7600,10,7610,72
2020-08-17,San Joaquin,077,732212,17385,15323,27,15350,280
2020-08-17,San Luis Obispo,079,281455,2763,2527,14,2541,18
2020-08-17,San Mateo,081,765935,7878,6987,6,6993,118
2020-08-17,Santa Barbara,083,443738,8579,7438,69,7507,80
2020-08-17,Santa Clara,085,1922200,16667,14546,29,14575,183
2020-08-17,Santa Cruz,087,273765,1697,1453,14,1467,6
2020-08-17,Shasta,089,179085,583,467,3,470,9
2020-08-17,Sierra,091,2930,6,6,0,6,0
2020-08-17,Siskiyou,093,43540,119,103,0,103,0
2020-08-17,Solano,095,438530,5090,4479,32,4511,31
2020-08-17,Sonoma,097,501317,5160,4402,16,4418,48
2020-08-17,Stanislaus,099,539301,14217,12745,203,12948,148
2020-08-17,Sutter,101,95872,1196,1071,1,1072,8
2020-08-17,Tehama,103,63373,372,324,2,326,1
2020-08-17,Trinity,105,12862,38,8,5,13,0
2020-08-17,Tulare,107,460477,13605,12487,47,12534,210
2020-08-17,Tuolumne,109,53932,171,157,4,161,1
2020-08-17,Ventura,111,848112,10457,9490,56,9546,89
2020-08-17,Yolo,113,214977,2260,2083,4,2087,47
2020-08-17,Yuba,115,75493,743,647,3,650,1
2020-08-16,Alameda,001,1643700,16959,15338,118,15456,221
2020-08-16,Alpine,003,1148,3,2,0,2,0
2020-08-16,Amador,005,37829,258,215,0,215,9
2020-08-16,Butte,007,227075,1590,1432,17,1449,15
2020-08-16,Calaveras,009,45235,194,167,0,167,1
2020-08-16,Colusa,011,21464,429,407,0,407,5
2020-08-16,Contra Costa,013,1133247,13080,11255,41,11296,140
2020-08-16,Del Norte,015,27424,103,77,0,77,0
2020-08-16,El Dorado,017,186661,945,843,0,843,2
2020-08-16,Fresno,019,978130,25631,21010,249,21259,211
2020-08-16,Glenn,021,27897,422,400,0,400,2
2020-08-16,Humboldt,023,135768,346,301,1,302,4
2020-08-16,Imperial,025,180216,10939,8883,7,8890,188
2020-08-16,Inyo,027,18085,149,125,6,131,1
2020-08-16,Kern,029,883053,28422,26520,167,26687,249
2020-08-16,Kings,031,150075,5732,5146,32,5178,58
2020-08-16,Lake,033,64148,301,269,0,269,2
2020-08-16,Lassen,035,31185,709,666,2,668,0
2020-08-16,Los Angeles,037,10098052,228765,222236,871,223107,5263
2020-08-16,Madera,039,155013,3581,3013,21,3034,26
2020-08-16,Marin,041,260295,5879,5664,12,5676,46
2020-08-16,Mariposa,043,17540,71,61,0,61,2
2020-08-16,Mendocino,045,87422,526,451,1,452,8
2020-08-16,Merced,047,269075,7317,6744,7,6751,66
2020-08-16,Modoc,049,8938,7,5,0,5,0
2020-08-16,Mono,051,14174,162,126,2,128,1
2020-08-16,Monterey,053,433212,7161,6516,22,6538,44
2020-08-16,Napa,055,140530,1370,1241,3,1244,10
2020-08-16,Nevada,057,99092,409,379,13,392,2
2020-08-16,Orange,059,3164182,47957,43303,1049,44352,803
2020-08-16,Placer,061,380077,2807,2583,4,2587,28
2020-08-16,Plumas,063,18699,39,33,0,33,0
2020-08-16,Riverside,065,2383286,50684,47669,48,47717,910
2020-08-16,Sacramento,067,1510023,16305,14210,12,14222,219
2020-08-16,San Benito,069,59416,929,815,0,815,2
2020-08-16,San Bernardino,071,2135413,46203,41724,248,41972,603
2020-08-16,San Diego,073,3302833,36520,34680,198,34878,626
2020-08-16,San Francisco,075,870044,8797,7602,10,7612,72
2020-08-16,San Joaquin,077,732212,17182,15288,27,15315,280
2020-08-16,San Luis Obispo,079,281455,2734,2494,14,2508,17
2020-08-16,San Mateo,081,765935,7803,6942,6,6948,118
2020-08-16,Santa Barbara,083,443738,8530,7368,69,7437,79
2020-08-16,Santa Clara,085,1922200,16469,14329,29,14358,183
2020-08-16,Santa Cruz,087,273765,1670,1449,13,1462,6
2020-08-16,Shasta,089,179085,576,465,3,468,9
2020-08-16,Sierra,091,2930,6,6,0,6,0
2020-08-16,Siskiyou,093,43540,118,102,0,102,0
2020-08-16,Solano,095,438530,5030,4479,32,4511,31
2020-08-16,Sonoma,097,501317,5056,4329,16,4345,46
2020-08-16,Stanislaus,099,539301,14060,12668,192,12860,148
2020-08-16,Sutter,101,95872,1178,1071,1,1072,8
2020-08-16,Tehama,103,63373,362,318,2,320,1
2020-08-16,Trinity,105,12862,35,8,5,13,0
2020-08-16,Tulare,107,460477,13473,12334,44,12378,211
2020-08-16,Tuolumne,109,53932,171,156,4,160,1
2020-08-16,Ventura,111,848112,10348,9408,51,9459,89
2020-08-16,Yolo,113,214977,2241,2057,4,2061,47
2020-08-16,Yuba,115,75493,734,647,2,649,1
2020-08-15,Alameda,001,1643700,16882,15165,118,15283,221
2020-08-15,Alpine,003,1148,3,2,0,2,0
2020-08-15,Amador,005,37829,258,210,0,210,9
2020-08-15,Butte,007,227075,1568,1409,17,1426,15
2020-08-15,Calaveras,009,45235,192,167,0,167,1
2020-08-15,Colusa,011,21464,428,401,0,401,5
2020-08-15,Contra Costa,013,1133247,12984,11106,41,11147,138
2020-08-15,Del Norte,015,27424,103,77,0,77,0
2020-08-15,El Dorado,017,186661,940,838,0,838,2
2020-08-15,Fresno,019,978130,25515,20603,247,20850,211
2020-08-15,Glenn,021,27897,422,398,0,398,2
2020-08-15,Humboldt,023,135768,345,301,1,302,4
2020-08-15,Imperial,025,180216,10919,8794,7,8801,188
2020-08-15,Inyo,027,18085,149,123,6,129,1
2020-08-15,Kern,029,883053,28334,26338,167,26505,249
2020-08-15,Kings,031,150075,5714,5039,32,5071,56
2020-08-15,Lake,033,64148,299,268,0,268,2
2020-08-15,Lassen,035,31185,709,666,2,668,0
2020-08-15,Los Angeles,037,10098052,228013,221043,862,221905,5252
2020-08-15,Madera,039,155013,3531,2950,21,2971,26
2020-08-15,Marin,041,260295,5872,5628,12,5640,46
2020-08-15,Mariposa,043,17540,71,61,0,61,2
2020-08-15,Mendocino,045,87422,522,444,1,445,8
2020-08-15,Merced,047,269075,7283,6656,7,6663,66
2020-08-15,Modoc,049,8938,7,5,0,5,0
2020-08-15,Mono,051,14174,162,126,2,128,1
2020-08-15,Monterey,053,433212,7116,6162,22,6184,44
2020-08-15,Napa,055,140530,1360,1232,3,1235,10
2020-08-15,Nevada,057,99092,409,376,13,389,2
2020-08-15,Orange,059,3164182,47844,42811,1038,43849,801
2020-08-15,Placer,061,380077,2786,2551,4,2555,27
2020-08-15,Plumas,063,18699,39,33,0,33,0
2020-08-15,Riverside,065,2383286,50533,46720,48,46768,910
2020-08-15,Sacramento,067,1510023,16195,14018,12,14030,219
2020-08-15,San Benito,069,59416,916,805,0,805,2
2020-08-15,San Bernardino,071,2135413,46051,41231,246,41477,602
2020-08-15,San Diego,073,3302833,36354,34346,184,34530,639
2020-08-15,San Francisco,075,870044,8733,7601,10,7611,69
2020-08-15,San Joaquin,077,732212,17109,15113,27,15140,280
2020-08-15,San Luis Obispo,079,281455,2717,2461,14,2475,17
2020-08-15,San Mateo,081,765935,7766,6860,6,6866,118
2020-08-15,Santa Barbara,083,443738,8502,7338,69,7407,79
2020-08-15,Santa Clara,085,1922200,16373,14105,29,14134,183
2020-08-15,Santa Cruz,087,273765,1649,1449,13,1462,6
2020-08-15,Shasta,089,179085,573,458,3,461,9
2020-08-15,Sierra,091,2930,6,6,0,6,0
2020-08-15,Siskiyou,093,43540,117,100,0,100,0
2020-08-15,Solano,095,438530,5008,4477,32,4509,31
2020-08-15,Sonoma,097,501317,5001,4134,16,4150,45
2020-08-15,Stanislaus,099,539301,13996,12541,191,12732,149
2020-08-15,Sutter,101,95872,1167,1046,1,1047,8
2020-08-15,Tehama,103,63373,361,312,2,314,1
2020-08-15,Trinity,105,12862,33,6,5,11,0
2020-08-15,Tulare,107,460477,13435,12262,44,12306,211
2020-08-15,Tuolumne,109,53932,171,155,4,159,1
2020-08-15,Ventura,111,848112,10289,9379,49,9428,89
2020-08-15,Yolo,113,214977,2229,2031,4,2035,46
2020-08-15,Yuba,115,75493,730,623,2,625,1
2020-08-14,Alameda,001,1643700,16743,14909,118,15027,221
2020-08-14,Alpine,003,1148,3,2,0,2,0
2020-08-14,Amador,005,37829,258,209,0,209,9
2020-08-14,Butte,007,227075,1559,1384,17,1401,15
2020-08-14,Calaveras,009,45235,188,165,0,165,1
2020-08-14,Colusa,011,21464,426,399,0,399,5
2020-08-14,Contra Costa,013,1133247,12872,10893,41,10934,137
2020-08-14,Del Norte,015,27424,103,76,0,76,0
2020-08-14,El Dorado,017,186661,932,827,0,827,2
2020-08-14,Fresno,019,978130,25381,19900,247,20147,208
2020-08-14,Glenn,021,27897,420,395,0,395,2
2020-08-14,Humboldt,023,135768,339,294,1,295,4
2020-08-14,Imperial,025,180216,10895,8756,7,8763,185
2020-08-14,Inyo,027,18085,148,115,6,121,1
2020-08-14,Kern,029,883053,28230,25893,166,26059,249
2020-08-14,Kings,031,150075,5700,4953,32,4985,56
2020-08-14,Lake,033,64148,290,267,0,267,2
2020-08-14,Lassen,035,31185,709,665,2,667,0
2020-08-14,Los Angeles,037,10098052,226847,219083,845,219928,5222
2020-08-14,Madera,039,155013,3501,2876,21,2897,26
2020-08-14,Marin,041,260295,5861,5601,12,5613,46
2020-08-14,Mariposa,043,17540,70,61,0,61,2
2020-08-14,Mendocino,045,87422,513,432,1,433,8
2020-08-14,Merced,047,269075,7253,6466,7,6473,67
2020-08-14,Modoc,049,8938,7,5,0,5,0
2020-08-14,Mono,051,14174,162,126,2,128,1
2020-08-14,Monterey,053,433212,7065,6121,22,6143,41
2020-08-14,Napa,055,140530,1350,1230,3,1233,10
2020-08-14,Nevada,057,99092,405,377,13,390,2
2020-08-14,Orange,059,3164182,47695,42399,1025,43424,798
2020-08-14,Placer,061,380077,2767,2546,4,2550,26
2020-08-14,Plumas,063,18699,38,33,0,33,0
2020-08-14,Riverside,065,2383286,50304,46456,48,46504,891
2020-08-14,Sacramento,067,1510023,16045,13645,12,13657,212
2020-08-14,San Benito,069,59416,899,783,0,783,2
2020-08-14,San Bernardino,071,2135413,45864,40442,243,40685,594
2020-08-14,San Diego,073,3302833,36160,34067,177,34244,622
2020-08-14,San Francisco,075,870044,8674,7467,10,7477,69
2020-08-14,San Joaquin,077,732212,17009,14925,27,14952,276
2020-08-14,San Luis Obispo,079,281455,2702,2422,14,2436,17
2020-08-14,San Mateo,081,765935,7707,6655,6,6661,118
2020-08-14,Santa Barbara,083,443738,8452,7302,69,7371,77
2020-08-14,Santa Clara,085,1922200,16207,13785,28,13813,183
2020-08-14,Santa Cruz,087,273765,1627,1418,12,1430,6
2020-08-14,Shasta,089,179085,568,446,3,449,9
2020-08-14,Sierra,091,2930,6,5,0,5,0
2020-08-14,Siskiyou,093,43540,117,98,0,98,0
2020-08-14,Solano,095,438530,4987,4421,32,4453,31
2020-08-14,Sonoma,097,501317,4942,4087,13,4100,45
2020-08-14,Stanislaus,099,539301,13919,12379,187,12566,140
2020-08-14,Sutter,101,95872,1159,1039,1,1040,8
2020-08-14,Tehama,103,63373,357,305,2,307,1
2020-08-14,Trinity,105,12862,33,6,5,11,0
2020-08-14,Tulare,107,460477,13358,12009,44,12053,211
2020-08-14,Tuolumne,109,53932,170,155,4,159,1
2020-08-14,Ventura,111,848112,10214,9313,49,9362,89
2020-08-14,Yolo,113,214977,2215,1991,4,1995,45
2020-08-14,Yuba,115,75493,714,606,2,608,1
2020-08-13,Alameda,001,1643700,16466,14385,118,14503,218
2020-08-13,Alpine,003,1148,3,2,0,2,0
2020-08-13,Amador,005,37829,258,198,0,198,8
2020-08-13,Butte,007,227075,1534,1345,17,1362,15
2020-08-13,Calaveras,009,45235,186,162,0,162,1
2020-08-13,Colusa,011,21464,426,395,0,395,5
2020-08-13,Contra Costa,013,1133247,12718,10545,40,10585,136
2020-08-13,Del Norte,015,27424,102,74,0,74,0
2020-08-13,El Dorado,017,186661,927,803,0,803,2
2020-08-13,Fresno,019,978130,25154,19157,241,19398,201
2020-08-13,Glenn,021,27897,416,392,0,392,1
2020-08-13,Humboldt,023,135768,331,281,1,282,4
2020-08-13,Imperial,025,180216,10864,8640,7,8647,170
2020-08-13,Inyo,027,18085,144,97,6,103,1
2020-08-13,Kern,029,883053,28063,25472,163,25635,242
2020-08-13,Kings,031,150075,5665,4824,32,4856,52
2020-08-13,Lake,033,64148,285,263,0,263,2
2020-08-13,Lassen,035,31185,709,652,2,654,0
2020-08-13,Los Angeles,037,10098052,225451,216497,823,217320,5179
2020-08-13,Madera,039,155013,3457,2675,20,2695,25
2020-08-13,Marin,041,260295,5845,5503,12,5515,44
2020-08-13,Mariposa,043,17540,69,61,0,61,2
2020-08-13,Mendocino,045,87422,508,401,1,402,8
2020-08-13,Merced,047,269075,7135,5945,7,5952,63
2020-08-13,Modoc,049,8938,7,5,0,5,0
2020-08-13,Mono,051,14174,162,124,2,126,1
2020-08-13,Monterey,053,433212,6982,5925,22,5947,38
2020-08-13,Napa,055,140530,1341,1179,3,1182,10
2020-08-13,Nevada,057,99092,401,362,13,375,1
2020-08-13,Orange,059,3164182,47456,42019,1013,43032,773
2020-08-13,Placer,061,380077,2744,2460,4,2464,26
2020-08-13,Plumas,063,18699,38,32,0,32,0
2020-08-13,Riverside,065,2383286,50009,45327,48,45375,885
2020-08-13,Sacramento,067,1510023,15843,13237,12,13249,197
2020-08-13,San Benito,069,59416,870,757,0,757,2
2020-08-13,San Bernardino,071,2135413,45469,39395,237,39632,591
2020-08-13,San Diego,073,3302833,35924,33661,159,33820,627
2020-08-13,San Francisco,075,870044,8580,7277,10,7287,69
2020-08-13,San Joaquin,077,732212,16854,14537,26,14563,261
2020-08-13,San Luis Obispo,079,281455,2681,2283,14,2297,16
2020-08-13,San Mateo,081,765935,7645,6503,6,6509,117
2020-08-13,Santa Barbara,083,443738,8407,7129,68,7197,74
2020-08-13,Santa Clara,085,1922200,15984,13257,28,13285,182
2020-08-13,Santa Cruz,087,273765,1602,1383,12,1395,6
2020-08-13,Shasta,089,179085,563,428,3,431,9
2020-08-13,Sierra,091,2930,6,5,0,5,0
2020-08-13,Siskiyou,093,43540,117,95,0,95,0
2020-08-13,Solano,095,438530,4950,4305,32,4337,31
2020-08-13,Sonoma,097,501317,4868,3902,13,3915,45
2020-08-13,Stanislaus,099,539301,13789,11953,171,12124,136
2020-08-13,Sutter,101,95872,1137,992,1,993,8
2020-08-13,Tehama,103,63373,348,302,2,304,1
2020-08-13,Trinity,105,12862,32,6,5,11,0
2020-08-13,Tulare,107,460477,13215,11692,41,11733,210
2020-08-13,Tuolumne,109,53932,169,152,4,156,1
2020-08-13,Ventura,111,848112,10125,9114,49,9163,90
2020-08-13,Yolo,113,214977,2188,1938,4,1942,44
2020-08-13,Yuba,115,75493,698,568,2,570,1
2020-08-12,Alameda,001,1643700,16253,14214,118,14332,215
2020-08-12,Alpine,003,1148,3,2,0,2,0
2020-08-12,Amador,005,37829,255,197,0,197,8
2020-08-12,Butte,007,227075,1506,1317,17,1334,15
2020-08-12,Calaveras,009,45235,183,157,0,157,1
2020-08-12,Colusa,011,21464,421,394,0,394,5
2020-08-12,Contra Costa,013,1133247,12573,10304,39,10343,134
2020-08-12,Del Norte,015,27424,101,74,0,74,0
2020-08-12,El Dorado,017,186661,909,794,0,794,2
2020-08-12,Fresno,019,978130,24924,18690,235,18925,194
2020-08-12,Glenn,021,27897,413,388,0,388,1
2020-08-12,Humboldt,023,135768,324,281,1,282,4
2020-08-12,Imperial,025,180216,10841,8566,7,8573,167
2020-08-12,Inyo,027,18085,127,97,6,103,1
2020-08-12,Kern,029,883053,27871,25191,161,25352,232
2020-08-12,Kings,031,150075,5626,4736,32,4768,50
2020-08-12,Lake,033,64148,283,253,0,253,2
2020-08-12,Lassen,035,31185,708,651,2,653,0
2020-08-12,Los Angeles,037,10098052,224002,214542,807,215349,5119
2020-08-12,Madera,039,155013,3423,2681,18,2699,23
2020-08-12,Marin,041,260295,5823,5423,12,5435,44
2020-08-12,Mariposa,043,17540,69,61,0,61,2
2020-08-12,Mendocino,045,87422,489,386,1,387,9
2020-08-12,Merced,047,269075,7073,5777,7,5784,66
2020-08-12,Modoc,049,8938,7,5,0,5,0
2020-08-12,Mono,051,14174,161,124,2,126,1
2020-08-12,Monterey,053,433212,6878,5919,22,5941,38
2020-08-12,Napa,055,140530,1331,1161,3,1164,10
2020-08-12,Nevada,057,99092,396,357,13,370,1
2020-08-12,Orange,059,3164182,47205,41576,989,42565,754
2020-08-12,Placer,061,380077,2712,2417,4,2421,25
2020-08-12,Plumas,063,18699,38,31,0,31,0
2020-08-12,Riverside,065,2383286,49661,44747,48,44795,867
2020-08-12,Sacramento,067,1510023,15631,12528,12,12540,189
2020-08-12,San Benito,069,59416,857,751,0,751,2
2020-08-12,San Bernardino,071,2135413,45126,38811,228,39039,589
2020-08-12,San Diego,073,3302833,35715,33395,139,33534,608
2020-08-12,San Francisco,075,870044,8496,7194,10,7204,66
2020-08-12,San Joaquin,077,732212,16708,14154,26,14180,253
2020-08-12,San Luis Obispo,079,281455,2656,2263,14,2277,15
2020-08-12,San Mateo,081,765935,7566,6427,6,6433,117
2020-08-12,Santa Barbara,083,443738,8347,7049,66,7115,74
2020-08-12,Santa Clara,085,1922200,15808,13002,28,13030,182
2020-08-12,Santa Cruz,087,273765,1573,1382,11,1393,6
2020-08-12,Shasta,089,179085,559,417,3,420,9
2020-08-12,Sierra,091,2930,5,4,0,4,0
2020-08-12,Siskiyou,093,43540,116,90,0,90,0
2020-08-12,Solano,095,438530,4905,4258,32,4290,31
2020-08-12,Sonoma,097,501317,4794,3847,13,3860,47
2020-08-12,Stanislaus,099,539301,13650,11682,163,11845,136
2020-08-12,Sutter,101,95872,1113,987,1,988,7
2020-08-12,Tehama,103,63373,338,289,2,291,1
2020-08-12,Trinity,105,12862,31,6,5,11,0
2020-08-12,Tulare,107,460477,13087,11460,41,11501,211
2020-08-12,Tuolumne,109,53932,168,150,4,154,1
2020-08-12,Ventura,111,848112,10038,9005,49,9054,87
2020-08-12,Yolo,113,214977,2164,1921,4,1925,44
2020-08-12,Yuba,115,75493,676,549,1,550,1
2020-08-11,Alameda,001,1643700,15994,13960,115,14075,204
2020-08-11,Alpine,003,1148,3,2,0,2,0
2020-08-11,Amador,005,37829,249,187,0,187,3
2020-08-11,Butte,007,227075,1479,1296,17,1313,15
2020-08-11,Calaveras,009,45235,181,161,0,161,1
2020-08-11,Colusa,011,21464,416,390,0,390,5
2020-08-11,Contra Costa,013,1133247,12384,10012,37,10049,131
2020-08-11,Del Norte,015,27424,100,73,0,73,0
2020-08-11,El Dorado,017,186661,902,786,0,786,2
2020-08-11,Fresno,019,978130,24601,18344,232,18576,187
2020-08-11,Glenn,021,27897,411,380,0,380,1
2020-08-11,Humboldt,023,135768,319,283,1,284,4
2020-08-11,Imperial,025,180216,10786,8518,7,8525,165
2020-08-11,Inyo,027,18085,122,97,6,103,1
2020-08-11,Kern,029,883053,27536,25042,159,25201,230
2020-08-11,Kings,031,150075,5435,4696,32,4728,50
2020-08-11,Lake,033,64148,280,243,0,243,2
2020-08-11,Lassen,035,31185,702,605,2,607,0
2020-08-11,Los Angeles,037,10098052,222498,212421,783,213204,5065
2020-08-11,Madera,039,155013,3369,2673,18,2691,22
2020-08-11,Marin,041,260295,5795,5287,11,5298,44
2020-08-11,Mariposa,043,17540,68,60,0,60,2
2020-08-11,Mendocino,045,87422,479,385,1,386,9
2020-08-11,Merced,047,269075,6978,5322,6,5328,65
2020-08-11,Modoc,049,8938,7,5,0,5,0
2020-08-11,Mono,051,14174,161,124,2,126,1
2020-08-11,Monterey,053,433212,6770,5624,22,5646,36
2020-08-11,Napa,055,140530,1320,1143,2,1145,11
2020-08-11,Nevada,057,99092,393,358,13,371,1
2020-08-11,Orange,059,3164182,46984,41205,966,42171,742
2020-08-11,Placer,061,380077,2680,2393,4,2397,24
2020-08-11,Plumas,063,18699,38,31,0,31,0
2020-08-11,Riverside,065,2383286,49302,44237,48,44285,836
2020-08-11,Sacramento,067,1510023,15340,12298,12,12310,182
2020-08-11,San Benito,069,59416,845,750,0,750,2
2020-08-11,San Bernardino,071,2135413,44785,38467,221,38688,584
2020-08-11,San Diego,073,3302833,35448,33159,120,33279,602
2020-08-11,San Francisco,075,870044,8400,6988,10,6998,66
2020-08-11,San Joaquin,077,732212,16531,13997,21,14018,251
2020-08-11,San Luis Obispo,079,281455,2599,2234,14,2248,15
2020-08-11,San Mateo,081,765935,7491,6339,6,6345,117
2020-08-11,Santa Barbara,083,443738,8297,6942,66,7008,70
2020-08-11,Santa Clara,085,1922200,15587,12920,28,12948,183
2020-08-11,Santa Cruz,087,273765,1550,1352,11,1363,4
2020-08-11,Shasta,089,179085,555,416,3,419,9
2020-08-11,Sierra,091,2930,5,4,0,4,0
2020-08-11,Siskiyou,093,43540,116,90,0,90,0
2020-08-11,Solano,095,438530,4857,4206,31,4237,31
2020-08-11,Sonoma,097,501317,4700,3752,13,3765,45
2020-08-11,Stanislaus,099,539301,13546,11592,151,11743,128
2020-08-11,Sutter,101,95872,1091,964,1,965,7
2020-08-11,Tehama,103,63373,334,289,2,291,1
2020-08-11,Trinity,105,12862,31,5,5,10,0
2020-08-11,Tulare,107,460477,12962,11392,40,11432,201
2020-08-11,Tuolumne,109,53932,163,146,4,150,1
2020-08-11,Ventura,111,848112,9970,8953,48,9001,88
2020-08-11,Yolo,113,214977,2142,1912,4,1916,44
2020-08-11,Yuba,115,75493,665,540,1,541,1
2020-08-10,Alameda,001,1643700,15752,13420,114,13534,203
2020-08-10,Alpine,003,1148,3,2,0,2,0
2020-08-10,Amador,005,37829,248,172,0,172,2
2020-08-10,Butte,007,227075,1455,1174,15,1189,15
2020-08-10,Calaveras,009,45235,171,121,0,121,1
2020-08-10,Colusa,011,21464,414,387,0,387,4
2020-08-10,Contra Costa,013,1133247,12231,9454,35,9489,130
2020-08-10,Del Norte,015,27424,98,69,0,69,0
2020-08-10,El Dorado,017,186661,890,771,0,771,2
2020-08-10,Fresno,019,978130,24319,17978,231,18209,183
2020-08-10,Glenn,021,27897,408,381,0,381,1
2020-08-10,Humboldt,023,135768,313,277,1,278,4
2020-08-10,Imperial,025,180216,10742,8465,7,8472,165
2020-08-10,Inyo,027,18085,122,97,6,103,1
2020-08-10,Kern,029,883053,27310,24499,158,24657,215
2020-08-10,Kings,031,150075,5329,4588,32,4620,50
2020-08-10,Lake,033,64148,273,239,0,239,2
2020-08-10,Lassen,035,31185,702,588,2,590,0
2020-08-10,Los Angeles,037,10098052,220915,211035,765,211800,5003
2020-08-10,Madera,039,155013,3336,2365,17,2382,22
2020-08-10,Marin,041,260295,5750,5242,10,5252,44
2020-08-10,Mariposa,043,17540,68,57,0,57,2
2020-08-10,Mendocino,045,87422,455,364,1,365,1
2020-08-10,Merced,047,269075,6897,4913,6,4919,51
2020-08-10,Modoc,049,8938,7,5,0,5,0
2020-08-10,Mono,051,14174,161,123,2,125,1
2020-08-10,Monterey,053,433212,6660,5358,22,5380,34
2020-08-10,Napa,055,140530,1302,1084,2,1086,8
2020-08-10,Nevada,057,99092,385,356,13,369,1
2020-08-10,Orange,059,3164182,46714,40445,948,41393,721
2020-08-10,Placer,061,380077,2641,2298,4,2302,21
2020-08-10,Plumas,063,18699,38,27,0,27,0
2020-08-10,Riverside,065,2383286,48916,43296,47,43343,830
2020-08-10,Sacramento,067,1510023,15029,12059,12,12071,168
2020-08-10,San Benito,069,59416,832,743,0,743,2
2020-08-10,San Bernardino,071,2135413,44408,37367,212,37579,579
2020-08-10,San Diego,073,3302833,35182,32977,104,33081,594
2020-08-10,San Francisco,075,870044,8310,6816,9,6825,66
2020-08-10,San Joaquin,077,732212,16349,13308,21,13329,240
2020-08-10,San Luis Obispo,079,281455,2500,2208,13,2221,15
2020-08-10,San Mateo,081,765935,7414,6222,6,6228,117
2020-08-10,Santa Barbara,083,443738,8242,6869,66,6935,66
2020-08-10,Santa Clara,085,1922200,15327,12615,27,12642,182
2020-08-10,Santa Cruz,087,273765,1530,1239,10,1249,4
2020-08-10,Shasta,089,179085,551,384,3,387,9
2020-08-10,Sierra,091,2930,5,3,0,3,0
2020-08-10,Siskiyou,093,43540,113,88,0,88,0
2020-08-10,Solano,095,438530,4797,4101,31,4132,31
2020-08-10,Sonoma,097,501317,4531,3640,9,3649,42
2020-08-10,Stanislaus,099,539301,13364,10855,134,10989,106
2020-08-10,Sutter,101,95872,1066,865,1,866,7
2020-08-10,Tehama,103,63373,327,282,2,284,1
2020-08-10,Trinity,105,12862,29,5,5,10,0
2020-08-10,Tulare,107,460477,12789,10750,38,10788,194
2020-08-10,Tuolumne,109,53932,163,143,3,146,1
2020-08-10,Ventura,111,848112,9886,8851,47,8898,85
2020-08-10,Yolo,113,214977,2119,1840,4,1844,45
2020-08-10,Yuba,115,75493,648,527,1,528,1
2020-08-09,Alameda,001,1643700,15472,13241,112,13353,203
2020-08-09,Alpine,003,1148,3,2,0,2,0
2020-08-09,Amador,005,37829,243,153,0,153,2
2020-08-09,Butte,007,227075,1411,1155,15,1170,15
2020-08-09,Calaveras,009,45235,166,122,0,122,1
2020-08-09,Colusa,011,21464,410,371,0,371,4
2020-08-09,Contra Costa,013,1133247,12003,9214,33,9247,130
2020-08-09,Del Norte,015,27424,98,69,0,69,0
2020-08-09,El Dorado,017,186661,882,748,0,748,2
2020-08-09,Fresno,019,978130,24011,17846,227,18073,183
2020-08-09,Glenn,021,27897,406,354,0,354,1
2020-08-09,Humboldt,023,135768,307,279,1,280,4
2020-08-09,Imperial,025,180216,10699,8310,6,8316,165
2020-08-09,Inyo,027,18085,117,86,5,91,1
2020-08-09,Kern,029,883053,27054,23680,158,23838,215
2020-08-09,Kings,031,150075,5286,4446,31,4477,50
2020-08-09,Lake,033,64148,266,225,0,225,2
2020-08-09,Lassen,035,31185,696,589,2,591,0
2020-08-09,Los Angeles,037,10098052,218848,208810,743,209553,4984
2020-08-09,Madera,039,155013,3277,2322,13,2335,22
2020-08-09,Marin,041,260295,5707,5204,10,5214,44
2020-08-09,Mariposa,043,17540,66,56,0,56,2
2020-08-09,Mendocino,045,87422,445,283,1,284,1
2020-08-09,Merced,047,269075,6799,4735,5,4740,51
2020-08-09,Modoc,049,8938,7,4,0,4,0
2020-08-09,Mono,051,14174,160,113,2,115,1
2020-08-09,Monterey,053,433212,6536,5199,22,5221,34
2020-08-09,Napa,055,140530,1283,1062,2,1064,8
2020-08-09,Nevada,057,99092,377,332,13,345,1
2020-08-09,Orange,059,3164182,46415,39244,933,40177,722
2020-08-09,Placer,061,380077,2612,2211,4,2215,20
2020-08-09,Plumas,063,18699,38,27,0,27,0
2020-08-09,Riverside,065,2383286,48570,41894,47,41941,828
2020-08-09,Sacramento,067,1510023,14749,11301,12,11313,167
2020-08-09,San Benito,069,59416,813,687,0,687,2
2020-08-09,San Bernardino,071,2135413,43933,36092,212,36304,579
2020-08-09,San Diego,073,3302833,34891,32749,93,32842,594
2020-08-09,San Francisco,075,870044,8195,6820,9,6829,66
2020-08-09,San Joaquin,077,732212,16144,12933,20,12953,240
2020-08-09,San Luis Obispo,079,281455,2464,2124,13,2137,15
2020-08-09,San Mateo,081,765935,7319,6094,6,6100,117
2020-08-09,Santa Barbara,083,443738,8155,6669,66,6735,66
2020-08-09,Santa Clara,085,1922200,15057,11878,27,11905,181
2020-08-09,Santa Cruz,087,273765,1506,1246,10,1256,4
2020-08-09,Shasta,089,179085,547,361,3,364,9
2020-08-09,Sierra,091,2930,5,3,0,3,0
2020-08-09,Siskiyou,093,43540,112,74,0,74,0
2020-08-09,Solano,095,438530,4744,3954,30,3984,31
2020-08-09,Sonoma,097,501317,4395,3531,7,3538,41
2020-08-09,Stanislaus,099,539301,13156,10264,121,10385,106
2020-08-09,Sutter,101,95872,1032,857,1,858,7
2020-08-09,Tehama,103,63373,319,265,2,267,1
2020-08-09,Trinity,105,12862,29,5,5,10,0
2020-08-09,Tulare,107,460477,12597,10630,35,10665,194
2020-08-09,Tuolumne,109,53932,160,143,3,146,1
2020-08-09,Ventura,111,848112,9738,8633,46,8679,85
2020-08-09,Yolo,113,214977,2088,1765,4,1769,44
2020-08-09,Yuba,115,75493,628,442,1,443,1
2020-08-08,Alameda,001,1643700,15362,13087,112,13199,204
2020-08-08,Alpine,003,1148,3,2,0,2,0
2020-08-08,Amador,005,37829,243,139,0,139,2
2020-08-08,Butte,007,227075,1393,1140,15,1155,15
2020-08-08,Calaveras,009,45235,165,122,0,122,1
2020-08-08,Colusa,011,21464,409,368,0,368,4
2020-08-08,Contra Costa,013,1133247,11894,9104,33,9137,129
2020-08-08,Del Norte,015,27424,97,69,0,69,0
2020-08-08,El Dorado,017,186661,875,734,0,734,2
2020-08-08,Fresno,019,978130,23874,17538,225,17763,183
2020-08-08,Glenn,021,27897,406,344,0,344,1
2020-08-08,Humboldt,023,135768,304,277,1,278,4
2020-08-08,Imperial,025,180216,10684,8213,6,8219,165
2020-08-08,Inyo,027,18085,113,86,5,91,1
2020-08-08,Kern,029,883053,26940,22803,158,22961,215
2020-08-08,Kings,031,150075,5272,4367,31,4398,49
2020-08-08,Lake,033,64148,264,221,0,221,2
2020-08-08,Lassen,035,31185,696,589,2,591,0
2020-08-08,Los Angeles,037,10098052,217961,206971,732,207703,4974
2020-08-08,Madera,039,155013,3246,2275,13,2288,22
2020-08-08,Marin,041,260295,5687,5118,10,5128,44
2020-08-08,Mariposa,043,17540,65,55,0,55,2
2020-08-08,Mendocino,045,87422,443,264,1,265,1
2020-08-08,Merced,047,269075,6759,4570,5,4575,51
2020-08-08,Modoc,049,8938,7,4,0,4,0
2020-08-08,Mono,051,14174,160,113,2,115,1
2020-08-08,Monterey,053,433212,6478,5101,22,5123,33
2020-08-08,Napa,055,140530,1275,1062,2,1064,8
2020-08-08,Nevada,057,99092,375,325,13,338,1
2020-08-08,Orange,059,3164182,46285,38688,924,39612,718
2020-08-08,Placer,061,380077,2595,2153,4,2157,20
2020-08-08,Plumas,063,18699,38,27,0,27,0
2020-08-08,Riverside,065,2383286,48366,41412,47,41459,823
2020-08-08,Sacramento,067,1510023,14620,11144,12,11156,166
2020-08-08,San Benito,069,59416,805,684,0,684,2
2020-08-08,San Bernardino,071,2135413,43737,35691,211,35902,531
2020-08-08,San Diego,073,3302833,34702,32332,84,32416,593
2020-08-08,San Francisco,075,870044,8129,6820,9,6829,66
2020-08-08,San Joaquin,077,732212,16063,12559,19,12578,240
2020-08-08,San Luis Obispo,079,281455,2441,2081,13,2094,15
2020-08-08,San Mateo,081,765935,7261,6021,6,6027,117
2020-08-08,Santa Barbara,083,443738,8117,6598,66,6664,66
2020-08-08,Santa Clara,085,1922200,14905,11615,27,11642,181
2020-08-08,Santa Cruz,087,273765,1492,1247,10,1257,4
2020-08-08,Shasta,089,179085,545,343,3,346,9
2020-08-08,Sierra,091,2930,5,3,0,3,0
2020-08-08,Siskiyou,093,43540,112,73,0,73,0
2020-08-08,Solano,095,438530,4723,3889,29,3918,31
2020-08-08,Sonoma,097,501317,4363,3399,7,3406,41
2020-08-08,Stanislaus,099,539301,13081,9963,115,10078,105
2020-08-08,Sutter,101,95872,1022,830,1,831,7
2020-08-08,Tehama,103,63373,318,251,2,253,1
2020-08-08,Trinity,105,12862,29,5,5,10,0
2020-08-08,Tulare,107,460477,12521,10505,35,10540,192
2020-08-08,Tuolumne,109,53932,160,143,3,146,1
2020-08-08,Ventura,111,848112,9683,8462,45,8507,85
2020-08-08,Yolo,113,214977,2075,1725,4,1729,44
2020-08-08,Yuba,115,75493,619,430,1,431,1
2020-08-07,Alameda,001,1643700,15252,12805,112,12917,204
2020-08-07,Alpine,003,1148,3,2,0,2,0
2020-08-07,Amador,005,37829,241,125,0,125,2
2020-08-07,Butte,007,227075,1375,1092,15,1107,13
2020-08-07,Calaveras,009,45235,165,119,0,119,1
2020-08-07,Colusa,011,21464,408,358,0,358,4
2020-08-07,Contra Costa,013,1133247,11745,8810,33,8843,126
2020-08-07,Del Norte,015,27424,97,69,0,69,0
2020-08-07,El Dorado,017,186661,870,724,0,724,2
2020-08-07,Fresno,019,978130,23714,17290,225,17515,171
2020-08-07,Glenn,021,27897,405,339,0,339,1
2020-08-07,Humboldt,023,135768,300,274,1,275,4
2020-08-07,Imperial,025,180216,10659,8085,6,8091,164
2020-08-07,Inyo,027,18085,112,81,5,86,1
2020-08-07,Kern,029,883053,26814,22143,155,22298,206
2020-08-07,Kings,031,150075,5255,4315,31,4346,48
2020-08-07,Lake,033,64148,262,215,0,215,1
2020-08-07,Lassen,035,31185,695,588,2,590,0
2020-08-07,Los Angeles,037,10098052,216504,204406,720,205126,4924
2020-08-07,Madera,039,155013,3214,2245,13,2258,20
2020-08-07,Marin,041,260295,5658,5094,10,5104,43
2020-08-07,Mariposa,043,17540,65,53,0,53,2
2020-08-07,Mendocino,045,87422,429,262,0,262,1
2020-08-07,Merced,047,269075,6716,4358,5,4363,30
2020-08-07,Modoc,049,8938,7,4,0,4,0
2020-08-07,Mono,051,14174,160,112,2,114,1
2020-08-07,Monterey,053,433212,6403,5041,22,5063,33
2020-08-07,Napa,055,140530,1270,1055,2,1057,8
2020-08-07,Nevada,057,99092,372,324,13,337,1
2020-08-07,Orange,059,3164182,46073,38459,907,39366,701
2020-08-07,Placer,061,380077,2578,2078,4,2082,20
2020-08-07,Plumas,063,18699,38,25,0,25,0
2020-08-07,Riverside,065,2383286,48103,40902,46,40948,810
2020-08-07,Sacramento,067,1510023,14474,10798,12,10810,160
2020-08-07,San Benito,069,59416,799,647,0,647,2
2020-08-07,San Bernardino,071,2135413,43490,35200,210,35410,524
2020-08-07,San Diego,073,3302833,34517,31781,81,31862,586
2020-08-07,San Francisco,075,870044,8051,6765,9,6774,66
2020-08-07,San Joaquin,077,732212,15978,12392,19,12411,223
2020-08-07,San Luis Obispo,079,281455,2410,2050,13,2063,14
2020-08-07,San Mateo,081,765935,7202,5948,6,5954,117
2020-08-07,Santa Barbara,083,443738,8066,6509,66,6575,66
2020-08-07,Santa Clara,085,1922200,14706,11409,27,11436,180
2020-08-07,Santa Cruz,087,273765,1474,1234,10,1244,5
2020-08-07,Shasta,089,179085,540,342,3,345,9
2020-08-07,Sierra,091,2930,5,3,0,3,0
2020-08-07,Siskiyou,093,43540,109,73,0,73,0
2020-08-07,Solano,095,438530,4691,3844,28,3872,31
2020-08-07,Sonoma,097,501317,4299,3329,7,3336,34
2020-08-07,Stanislaus,099,539301,12959,9665,105,9770,98
2020-08-07,Sutter,101,95872,1018,807,1,808,6
2020-08-07,Tehama,103,63373,314,246,2,248,1
2020-08-07,Trinity,105,12862,28,5,5,10,0
2020-08-07,Tulare,107,460477,12444,10292,35,10327,195
2020-08-07,Tuolumne,109,53932,159,136,3,139,1
2020-08-07,Ventura,111,848112,9623,8356,43,8399,84
2020-08-07,Yolo,113,214977,2048,1689,4,1693,37
2020-08-07,Yuba,115,75493,614,413,1,414,1
2020-08-06,Alameda,001,1643700,15030,12474,111,12585,200
2020-08-06,Alpine,003,1148,3,2,0,2,0
2020-08-06,Amador,005,37829,227,125,0,125,0
2020-08-06,Butte,007,227075,1356,1060,15,1075,13
2020-08-06,Calaveras,009,45235,163,117,0,117,1
2020-08-06,Colusa,011,21464,405,358,0,358,3
2020-08-06,Contra Costa,013,1133247,11551,8583,32,8615,124
2020-08-06,Del Norte,015,27424,97,69,0,69,0
2020-08-06,El Dorado,017,186661,859,703,0,703,1
2020-08-06,Fresno,019,978130,23417,17031,219,17250,161
2020-08-06,Glenn,021,27897,400,332,0,332,1
2020-08-06,Humboldt,023,135768,295,266,1,267,4
2020-08-06,Imperial,025,180216,10616,8064,6,8070,163
2020-08-06,Inyo,027,18085,104,83,5,88,1
2020-08-06,Kern,029,883053,26578,21843,154,21997,197
2020-08-06,Kings,031,150075,5193,4264,30,4294,47
2020-08-06,Lake,033,64148,259,209,0,209,1
2020-08-06,Lassen,035,31185,693,588,2,590,0
2020-08-06,Los Angeles,037,10098052,214425,201372,704,202076,4874
2020-08-06,Madera,039,155013,3166,2240,12,2252,19
2020-08-06,Marin,041,260295,5626,5058,10,5068,43
2020-08-06,Mariposa,043,17540,64,52,0,52,2
2020-08-06,Mendocino,045,87422,415,260,0,260,1
2020-08-06,Merced,047,269075,6615,4235,5,4240,30
2020-08-06,Modoc,049,8938,7,4,0,4,0
2020-08-06,Mono,051,14174,159,111,2,113,1
2020-08-06,Monterey,053,433212,6294,5001,21,5022,33
2020-08-06,Napa,055,140530,1256,1032,2,1034,8
2020-08-06,Nevada,057,99092,367,321,13,334,1
2020-08-06,Orange,059,3164182,45780,38399,902,39301,694
2020-08-06,Placer,061,380077,2552,2045,4,2049,20
2020-08-06,Plumas,063,18699,37,25,0,25,0
2020-08-06,Riverside,065,2383286,47708,40269,46,40315,781
2020-08-06,Sacramento,067,1510023,14245,10548,12,10560,153
2020-08-06,San Benito,069,59416,791,626,0,626,2
2020-08-06,San Bernardino,071,2135413,43086,34819,208,35027,516
2020-08-06,San Diego,073,3302833,34250,31129,74,31203,583
2020-08-06,San Francisco,075,870044,7958,6737,7,6744,60
2020-08-06,San Joaquin,077,732212,15819,12269,19,12288,203
2020-08-06,San Luis Obispo,079,281455,2386,2000,12,2012,13
2020-08-06,San Mateo,081,765935,7102,5885,6,5891,117
2020-08-06,Santa Barbara,083,443738,8006,6620,66,6686,65
2020-08-06,Santa Clara,085,1922200,14477,11280,27,11307,178
2020-08-06,Santa Cruz,087,273765,1453,1215,10,1225,4
2020-08-06,Shasta,089,179085,531,343,3,346,9
2020-08-06,Sierra,091,2930,5,3,0,3,0
2020-08-06,Siskiyou,093,43540,109,73,0,73,0
2020-08-06,Solano,095,438530,4648,3784,28,3812,29
2020-08-06,Sonoma,097,501317,4235,3259,7,3266,33
2020-08-06,Stanislaus,099,539301,12809,9566,89,9655,98
2020-08-06,Sutter,101,95872,987,797,1,798,6
2020-08-06,Tehama,103,63373,311,242,2,244,1
2020-08-06,Trinity,105,12862,25,5,5,10,0
2020-08-06,Tulare,107,460477,12285,10169,35,10204,195
2020-08-06,Tuolumne,109,53932,158,136,3,139,1
2020-08-06,Ventura,111,848112,9508,8245,40,8285,80
2020-08-06,Yolo,113,214977,2024,1662,4,1666,36
2020-08-06,Yuba,115,75493,605,407,0,407,1
2020-08-05,Alameda,001,1643700,14816,12140,111,12251,193
2020-08-05,Alpine,003,1148,3,2,0,2,0
2020-08-05,Amador,005,37829,217,123,0,123,0
2020-08-05,Butte,007,227075,1322,1038,14,1052,13
2020-08-05,Calaveras,009,45235,160,116,0,116,1
2020-08-05,Colusa,011,21464,401,354,0,354,3
2020-08-05,Contra Costa,013,1133247,11387,8362,32,8394,122
2020-08-05,Del Norte,015,27424,96,69,0,69,0
2020-08-05,El Dorado,017,186661,851,692,0,692,1
2020-08-05,Fresno,019,978130,23172,16625,214,16839,159
2020-08-05,Glenn,021,27897,397,330,0,330,1
2020-08-05,Humboldt,023,135768,293,249,1,250,4
2020-08-05,Imperial,025,180216,10581,8036,6,8042,163
2020-08-05,Inyo,027,18085,102,62,5,67,1
2020-08-05,Kern,029,883053,26390,21540,149,21689,194
2020-08-05,Kings,031,150075,5148,4192,28,4220,47
2020-08-05,Lake,033,64148,252,209,0,209,1
2020-08-05,Lassen,035,31185,646,557,2,559,0
2020-08-05,Los Angeles,037,10098052,212505,198355,684,199039,4832
2020-08-05,Madera,039,155013,3124,2172,12,2184,19
2020-08-05,Marin,041,260295,5594,5036,10,5046,43
2020-08-05,Mariposa,043,17540,64,52,0,52,2
2020-08-05,Mendocino,045,87422,403,248,0,248,1
2020-08-05,Merced,047,269075,6480,4119,5,4124,30
2020-08-05,Modoc,049,8938,7,3,0,3,0
2020-08-05,Mono,051,14174,159,104,2,106,1
2020-08-05,Monterey,053,433212,6179,4936,21,4957,32
2020-08-05,Napa,055,140530,1244,1020,2,1022,8
2020-08-05,Nevada,057,99092,358,327,13,340,2
2020-08-05,Orange,059,3164182,45471,37907,894,38801,663
2020-08-05,Placer,061,380077,2511,1989,4,1993,18
2020-08-05,Plumas,063,18699,36,25,0,25,0
2020-08-05,Riverside,065,2383286,47316,39454,44,39498,761
2020-08-05,Sacramento,067,1510023,14026,10261,11,10272,151
2020-08-05,San Benito,069,59416,782,613,0,613,2
2020-08-05,San Bernardino,071,2135413,42623,34442,203,34645,504
2020-08-05,San Diego,073,3302833,34026,30866,58,30924,578
2020-08-05,San Francisco,075,870044,7865,6701,7,6708,60
2020-08-05,San Joaquin,077,732212,15656,12148,19,12167,199
2020-08-05,San Luis Obispo,079,281455,2363,1928,12,1940,13
2020-08-05,San Mateo,081,765935,7006,5695,6,5701,116
2020-08-05,Santa Barbara,083,443738,7945,6597,66,6663,63
2020-08-05,Santa Clara,085,1922200,14243,11074,27,11101,176
2020-08-05,Santa Cruz,087,273765,1433,1192,8,1200,4
2020-08-05,Shasta,089,179085,525,338,3,341,9
2020-08-05,Sierra,091,2930,5,3,0,3,0
2020-08-05,Siskiyou,093,43540,105,72,0,72,0
2020-08-05,Solano,095,438530,4597,3750,27,3777,29
2020-08-05,Sonoma,097,501317,4153,3173,7,3180,33
2020-08-05,Stanislaus,099,539301,12650,9408,84,9492,97
2020-08-05,Sutter,101,95872,976,780,1,781,6
2020-08-05,Tehama,103,63373,308,231,2,233,1
2020-08-05,Trinity,105,12862,25,5,5,10,0
2020-08-05,Tulare,107,460477,12145,9924,35,9959,192
2020-08-05,Tuolumne,109,53932,158,137,3,140,0
2020-08-05,Ventura,111,848112,9392,8162,36,8198,75
2020-08-05,Yolo,113,214977,1996,1634,4,1638,36
2020-08-05,Yuba,115,75493,588,400,0,400,1
2020-08-04,Alameda,001,1643700,14599,11983,110,12093,192
2020-08-04,Alpine,003,1148,3,2,0,2,0
2020-08-04,Amador,005,37829,202,123,0,123,0
2020-08-04,Butte,007,227075,1298,1011,14,1025,10
2020-08-04,Calaveras,009,45235,156,116,0,116,1
2020-08-04,Colusa,011,21464,396,354,0,354,3
2020-08-04,Contra Costa,013,1133247,11219,8210,32,8242,122
2020-08-04,Del Norte,015,27424,94,69,0,69,0
2020-08-04,El Dorado,017,186661,841,668,0,668,1
2020-08-04,Fresno,019,978130,22888,16272,206,16478,154
2020-08-04,Glenn,021,27897,396,325,0,325,1
2020-08-04,Humboldt,023,135768,283,241,1,242,4
2020-08-04,Imperial,025,180216,10544,7974,6,7980,163
2020-08-04,Inyo,027,18085,88,59,5,64,1
2020-08-04,Kern,029,883053,26106,21403,149,21552,190
2020-08-04,Kings,031,150075,5083,4163,28,4191,47
2020-08-04,Lake,033,64148,252,206,0,206,1
2020-08-04,Lassen,035,31185,643,556,2,558,0
2020-08-04,Los Angeles,037,10098052,210549,196014,653,196667,4764
2020-08-04,Madera,039,155013,3081,2161,7,2168,19
2020-08-04,Marin,041,260295,5563,5020,9,5029,43
2020-08-04,Mariposa,043,17540,64,51,0,51,2
2020-08-04,Mendocino,045,87422,378,248,0,248,1
2020-08-04,Merced,047,269075,6366,4085,5,4090,30
2020-08-04,Modoc,049,8938,7,3,0,3,0
2020-08-04,Mono,051,14174,158,104,1,105,1
2020-08-04,Monterey,053,433212,6065,4892,21,4913,32
2020-08-04,Napa,055,140530,1231,994,0,994,8
2020-08-04,Nevada,057,99092,357,322,13,335,2
2020-08-04,Orange,059,3164182,45095,37844,888,38732,659
2020-08-04,Placer,061,380077,2474,1964,4,1968,17
2020-08-04,Plumas,063,18699,36,25,0,25,0
2020-08-04,Riverside,065,2383286,46931,38991,43,39034,743
2020-08-04,Sacramento,067,1510023,13808,10205,11,10216,146
2020-08-04,San Benito,069,59416,766,608,0,608,2
2020-08-04,San Bernardino,071,2135413,42074,34215,198,34413,495
2020-08-04,San Diego,073,3302833,33733,30518,46,30564,568
2020-08-04,San Francisco,075,870044,7777,6568,7,6575,60
2020-08-04,San Joaquin,077,732212,15527,12087,16,12103,189
2020-08-04,San Luis Obispo,079,281455,2333,1886,12,1898,13
2020-08-04,San Mateo,081,765935,6900,5690,6,5696,116
2020-08-04,Santa Barbara,083,443738,7885,6591,66,6657,61
2020-08-04,Santa Clara,085,1922200,13942,10986,26,11012,175
2020-08-04,Santa Cruz,087,273765,1414,1202,8,1210,4
2020-08-04,Shasta,089,179085,519,335,3,338,9
2020-08-04,Sierra,091,2930,5,1,0,1,0
2020-08-04,Siskiyou,093,43540,103,71,0,71,0
2020-08-04,Solano,095,438530,4526,3690,27,3717,29
2020-08-04,Sonoma,097,501317,4086,3108,7,3115,33
2020-08-04,Stanislaus,099,539301,12482,9359,76,9435,97
2020-08-04,Sutter,101,95872,962,761,1,762,6
2020-08-04,Tehama,103,63373,301,226,2,228,1
2020-08-04,Trinity,105,12862,25,5,5,10,0
2020-08-04,Tulare,107,460477,11965,9866,35,9901,192
2020-08-04,Tuolumne,109,53932,157,127,3,130,0
2020-08-04,Ventura,111,848112,9278,8134,34,8168,75
2020-08-04,Yolo,113,214977,1970,1626,4,1630,37
2020-08-04,Yuba,115,75493,573,398,0,398,1
2020-08-03,Alameda,001,1643700,14416,11817,106,11923,189
2020-08-03,Alpine,003,1148,3,2,0,2,0
2020-08-03,Amador,005,37829,198,119,0,119,0
2020-08-03,Butte,007,227075,1252,989,13,1002,9
2020-08-03,Calaveras,009,45235,153,117,0,117,1
2020-08-03,Colusa,011,21464,392,336,0,336,2
2020-08-03,Contra Costa,013,1133247,11022,8069,29,8098,120
2020-08-03,Del Norte,015,27424,90,68,0,68,0
2020-08-03,El Dorado,017,186661,830,645,0,645,1
2020-08-03,Fresno,019,978130,22594,15945,200,16145,151
2020-08-03,Glenn,021,27897,389,316,0,316,1
2020-08-03,Humboldt,023,135768,276,234,1,235,4
2020-08-03,Imperial,025,180216,10490,7953,6,7959,161
2020-08-03,Inyo,027,18085,85,57,5,62,1
2020-08-03,Kern,029,883053,25739,21285,142,21427,176
2020-08-03,Kings,031,150075,4971,4107,27,4134,47
2020-08-03,Lake,033,64148,245,201,0,201,1
2020-08-03,Lassen,035,31185,643,555,2,557,0
2020-08-03,Los Angeles,037,10098052,208507,194103,622,194725,4706
2020-08-03,Madera,039,155013,3032,2143,6,2149,18
2020-08-03,Marin,041,260295,5516,5001,9,5010,43
2020-08-03,Mariposa,043,17540,63,52,0,52,2
2020-08-03,Mendocino,045,87422,355,248,0,248,1
2020-08-03,Merced,047,269075,6244,4028,5,4033,29
2020-08-03,Modoc,049,8938,7,2,0,2,0
2020-08-03,Mono,051,14174,158,104,1,105,1
2020-08-03,Monterey,053,433212,5914,4806,18,4824,28
2020-08-03,Napa,055,140530,1216,973,0,973,8
2020-08-03,Nevada,057,99092,352,315,13,328,2
2020-08-03,Orange,059,3164182,44701,37705,878,38583,651
2020-08-03,Placer,061,380077,2419,1947,3,1950,16
2020-08-03,Plumas,063,18699,36,25,0,25,0
2020-08-03,Riverside,065,2383286,46463,38642,43,38685,740
2020-08-03,Sacramento,067,1510023,13613,10143,11,10154,142
2020-08-03,San Benito,069,59416,754,603,0,603,2
2020-08-03,San Bernardino,071,2135413,41547,33979,192,34171,444
2020-08-03,San Diego,073,3302833,33419,30228,36,30264,565
2020-08-03,San Francisco,075,870044,7683,6319,7,6326,60
2020-08-03,San Joaquin,077,732212,15330,12007,15,12022,189
2020-08-03,San Luis Obispo,079,281455,2291,1863,9,1872,14
2020-08-03,San Mateo,081,765935,6819,5661,6,5667,115
2020-08-03,Santa Barbara,083,443738,7840,6580,65,6645,59
2020-08-03,Santa Clara,085,1922200,13666,10747,26,10773,172
2020-08-03,Santa Cruz,087,273765,1394,1154,8,1162,4
2020-08-03,Shasta,089,179085,512,322,3,325,9
2020-08-03,Sierra,091,2930,5,1,0,1,0
2020-08-03,Siskiyou,093,43540,99,67,0,67,0
2020-08-03,Solano,095,438530,4457,3610,26,3636,29
2020-08-03,Sonoma,097,501317,3987,3079,6,3085,33
2020-08-03,Stanislaus,099,539301,12273,9308,68,9376,96
2020-08-03,Sutter,101,95872,938,713,1,714,6
2020-08-03,Tehama,103,63373,293,225,2,227,1
2020-08-03,Trinity,105,12862,25,5,5,10,0
2020-08-03,Tulare,107,460477,11781,9703,35,9738,188
2020-08-03,Tuolumne,109,53932,157,123,3,126,0
2020-08-03,Ventura,111,848112,9187,8084,31,8115,74
2020-08-03,Yolo,113,214977,1935,1598,3,1601,37
2020-08-03,Yuba,115,75493,549,393,0,393,1
2020-08-02,Alameda,001,1643700,14170,11696,94,11790,188
2020-08-02,Alpine,003,1148,3,2,0,2,0
2020-08-02,Amador,005,37829,193,117,0,117,0
2020-08-02,Butte,007,227075,1217,987,13,1000,9
2020-08-02,Calaveras,009,45235,150,116,0,116,1
2020-08-02,Colusa,011,21464,387,335,0,335,2
2020-08-02,Contra Costa,013,1133247,10783,7995,29,8024,118
2020-08-02,Del Norte,015,27424,89,68,0,68,0
2020-08-02,El Dorado,017,186661,820,643,0,643,1
2020-08-02,Fresno,019,978130,22319,15759,194,15953,151
2020-08-02,Glenn,021,27897,388,315,0,315,1
2020-08-02,Humboldt,023,135768,271,232,1,233,4
2020-08-02,Imperial,025,180216,10427,7919,6,7925,157
2020-08-02,Inyo,027,18085,84,45,5,50,1
2020-08-02,Kern,029,883053,25441,21162,140,21302,176
2020-08-02,Kings,031,150075,4909,3964,26,3990,47
2020-08-02,Lake,033,64148,240,201,0,201,1
2020-08-02,Lassen,035,31185,643,555,2,557,0
2020-08-02,Los Angeles,037,10098052,206413,192480,604,193084,4698
2020-08-02,Madera,039,155013,2966,2123,4,2127,18
2020-08-02,Marin,041,260295,5481,4985,9,4994,43
2020-08-02,Mariposa,043,17540,61,52,0,52,2
2020-08-02,Mendocino,045,87422,345,247,0,247,1
2020-08-02,Merced,047,269075,6103,4011,5,4016,29
2020-08-02,Modoc,049,8938,7,2,0,2,0
2020-08-02,Mono,051,14174,151,104,1,105,1
2020-08-02,Monterey,053,433212,5788,4698,18,4716,28
2020-08-02,Napa,055,140530,1201,956,0,956,8
2020-08-02,Nevada,057,99092,349,314,13,327,2
2020-08-02,Orange,059,3164182,44320,37266,867,38133,651
2020-08-02,Placer,061,380077,2380,1920,3,1923,15
2020-08-02,Plumas,063,18699,36,25,0,25,0
2020-08-02,Riverside,065,2383286,46030,38507,42,38549,735
2020-08-02,Sacramento,067,1510023,13334,10099,11,10110,142
2020-08-02,San Benito,069,59416,740,599,0,599,2
2020-08-02,San Bernardino,071,2135413,40946,33643,188,33831,443
2020-08-02,San Diego,073,3302833,33079,29885,27,29912,565
2020-08-02,San Francisco,075,870044,7565,6297,7,6304,60
2020-08-02,San Joaquin,077,732212,15044,11937,13,11950,189
2020-08-02,San Luis Obispo,079,281455,2228,1821,9,1830,14
2020-08-02,San Mateo,081,765935,6704,5618,6,5624,115
2020-08-02,Santa Barbara,083,443738,7749,6532,65,6597,59
2020-08-02,Santa Clara,085,1922200,13448,10577,26,10603,172
2020-08-02,Santa Cruz,087,273765,1374,1162,8,1170,4
2020-08-02,Shasta,089,179085,508,318,3,321,9
2020-08-02,Sierra,091,2930,4,1,0,1,0
2020-08-02,Siskiyou,093,43540,99,65,0,65,0
2020-08-02,Solano,095,438530,4398,3609,26,3635,29
2020-08-02,Sonoma,097,501317,3903,3005,6,3011,33
2020-08-02,Stanislaus,099,539301,12058,9277,63,9340,96
2020-08-02,Sutter,101,95872,903,714,1,715,6
2020-08-02,Tehama,103,63373,287,222,2,224,1
2020-08-02,Trinity,105,12862,25,5,5,10,0
2020-08-02,Tulare,107,460477,11572,9593,35,9628,188
2020-08-02,Tuolumne,109,53932,154,123,3,126,0
2020-08-02,Ventura,111,848112,9040,8014,31,8045,73
2020-08-02,Yolo,113,214977,1910,1588,3,1591,37
2020-08-02,Yuba,115,75493,529,393,0,393,1
2020-08-01,Alameda,001,1643700,14058,11590,94,11684,188
2020-08-01,Alpine,003,1148,3,2,0,2,0
2020-08-01,Amador,005,37829,189,109,0,109,0
2020-08-01,Butte,007,227075,1203,976,13,989,9
2020-08-01,Calaveras,009,45235,146,116,0,116,1
2020-08-01,Colusa,011,21464,386,327,0,327,2
2020-08-01,Contra Costa,013,1133247,10650,7867,28,7895,116
2020-08-01,Del Norte,015,27424,89,68,0,68,0
2020-08-01,El Dorado,017,186661,817,637,0,637,1
2020-08-01,Fresno,019,978130,22182,15448,194,15642,149
2020-08-01,Glenn,021,27897,387,311,0,311,1
2020-08-01,Humboldt,023,135768,270,232,1,233,4
2020-08-01,Imperial,025,180216,10391,7919,6,7925,156
2020-08-01,Inyo,027,18085,82,45,5,50,1
2020-08-01,Kern,029,883053,25281,20796,136,20932,176
2020-08-01,Kings,031,150075,4883,3948,26,3974,47
2020-08-01,Lake,033,64148,238,194,0,194,1
2020-08-01,Lassen,035,31185,642,555,2,557,0
2020-08-01,Los Angeles,037,10098052,205520,191023,577,191600,4674
2020-08-01,Madera,039,155013,2927,2103,4,2107,18
2020-08-01,Marin,041,260295,5466,4945,9,4954,43
2020-08-01,Mariposa,043,17540,61,50,0,50,2
2020-08-01,Mendocino,045,87422,338,243,0,243,1
2020-08-01,Merced,047,269075,6055,3972,5,3977,29
2020-08-01,Modoc,049,8938,7,2,0,2,0
2020-08-01,Mono,051,14174,150,104,1,105,1
2020-08-01,Monterey,053,433212,5721,4611,17,4628,28
2020-08-01,Napa,055,140530,1192,923,0,923,8
2020-08-01,Nevada,057,99092,345,305,13,318,2
2020-08-01,Orange,059,3164182,44093,36703,861,37564,648
2020-08-01,Placer,061,380077,2346,1891,3,1894,14
2020-08-01,Plumas,063,18699,35,25,0,25,0
2020-08-01,Riverside,065,2383286,45818,38216,40,38256,704
2020-08-01,Sacramento,067,1510023,13183,10044,11,10055,141
2020-08-01,San Benito,069,59416,729,579,0,579,2
2020-08-01,San Bernardino,071,2135413,40710,32947,187,33134,440
2020-08-01,San Diego,073,3302833,32862,29579,19,29598,565
2020-08-01,San Francisco,075,870044,7503,6296,7,6303,60
2020-08-01,San Joaquin,077,732212,14971,11807,12,11819,189
2020-08-01,San Luis Obispo,079,281455,2201,1798,9,1807,13
2020-08-01,San Mateo,081,765935,6650,5520,6,5526,115
2020-08-01,Santa Barbara,083,443738,7709,6465,65,6530,59
2020-08-01,Santa Clara,085,1922200,13297,10281,26,10307,171
2020-08-01,Santa Cruz,087,273765,1358,1164,8,1172,4
2020-08-01,Shasta,089,179085,503,312,3,315,9
2020-08-01,Sierra,091,2930,3,1,0,1,0
2020-08-01,Siskiyou,093,43540,99,64,0,64,0
2020-08-01,Solano,095,438530,4364,3591,25,3616,29
2020-08-01,Sonoma,097,501317,3857,2890,6,2896,29
2020-08-01,Stanislaus,099,539301,11940,9221,55,9276,96
2020-08-01,Sutter,101,95872,899,714,1,715,6
2020-08-01,Tehama,103,63373,284,220,2,222,1
2020-08-01,Trinity,105,12862,25,5,5,10,0
2020-08-01,Tulare,107,460477,11504,9520,35,9555,188
2020-08-01,Tuolumne,109,53932,154,123,3,126,0
2020-08-01,Ventura,111,848112,8994,7819,31,7850,73
2020-08-01,Yolo,113,214977,1900,1557,3,1560,37
2020-08-01,Yuba,115,75493,524,387,0,387,1
2020-07-31,Alameda,001,1643700,13927,11441,94,11535,187
2020-07-31,Alpine,003,1148,3,2,0,2,0
2020-07-31,Amador,005,37829,188,98,0,98,0
2020-07-31,Butte,007,227075,1180,925,13,938,7
2020-07-31,Calaveras,009,45235,146,112,0,112,1
2020-07-31,Colusa,011,21464,376,319,0,319,2
2020-07-31,Contra Costa,013,1133247,10502,7697,27,7724,113
2020-07-31,Del Norte,015,27424,88,68,0,68,0
2020-07-31,El Dorado,017,186661,806,616,0,616,1
2020-07-31,Fresno,019,978130,21963,15083,194,15277,133
2020-07-31,Glenn,021,27897,380,304,0,304,1
2020-07-31,Humboldt,023,135768,263,229,1,230,4
2020-07-31,Imperial,025,180216,10359,7886,6,7892,155
2020-07-31,Inyo,027,18085,72,45,5,50,1
2020-07-31,Kern,029,883053,25040,20061,131,20192,173
2020-07-31,Kings,031,150075,4855,3807,26,3833,45
2020-07-31,Lake,033,64148,237,191,0,191,1
2020-07-31,Lassen,035,31185,637,544,2,546,0
2020-07-31,Los Angeles,037,10098052,203912,188688,564,189252,4628
2020-07-31,Madera,039,155013,2880,2036,4,2040,19
2020-07-31,Marin,041,260295,5422,4885,6,4891,43
2020-07-31,Mariposa,043,17540,61,49,0,49,2
2020-07-31,Mendocino,045,87422,323,232,0,232,1
2020-07-31,Merced,047,269075,5972,3789,5,3794,30
2020-07-31,Modoc,049,8938,6,0,0,0,0
2020-07-31,Mono,051,14174,149,104,1,105,1
2020-07-31,Monterey,053,433212,5629,4493,17,4510,24
2020-07-31,Napa,055,140530,1180,897,0,897,7
2020-07-31,Nevada,057,99092,343,302,13,315,2
2020-07-31,Orange,059,3164182,43794,36196,846,37042,620
2020-07-31,Placer,061,380077,2321,1853,3,1856,14
2020-07-31,Plumas,063,18699,34,25,0,25,0
2020-07-31,Riverside,065,2383286,45428,37612,39,37651,694
2020-07-31,Sacramento,067,1510023,13005,9872,11,9883,132
2020-07-31,San Benito,069,59416,721,567,0,567,2
2020-07-31,San Bernardino,071,2135413,40380,32332,186,32518,434
2020-07-31,San Diego,073,3302833,32628,29050,11,29061,561
2020-07-31,San Francisco,075,870044,7404,6126,7,6133,60
2020-07-31,San Joaquin,077,732212,14831,11561,12,11573,177
2020-07-31,San Luis Obispo,079,281455,2132,1746,9,1755,12
2020-07-31,San Mateo,081,765935,6578,5416,6,5422,115
2020-07-31,Santa Barbara,083,443738,7642,6375,65,6440,58
2020-07-31,Santa Clara,085,1922200,13076,9863,26,9889,171
2020-07-31,Santa Cruz,087,273765,1335,1118,8,1126,4
2020-07-31,Shasta,089,179085,493,305,3,308,9
2020-07-31,Sierra,091,2930,3,1,0,1,0
2020-07-31,Siskiyou,093,43540,97,61,0,61,0
2020-07-31,Solano,095,438530,4317,3510,24,3534,29
2020-07-31,Sonoma,097,501317,3799,2745,6,2751,27
2020-07-31,Stanislaus,099,539301,11833,9061,50,9111,94
2020-07-31,Sutter,101,95872,894,714,1,715,6
2020-07-31,Tehama,103,63373,281,213,2,215,1
2020-07-31,Trinity,105,12862,25,5,5,10,0
2020-07-31,Tulare,107,460477,11383,9365,35,9400,184
2020-07-31,Tuolumne,109,53932,154,120,3,123,0
2020-07-31,Ventura,111,848112,8919,7521,31,7552,71
2020-07-31,Yolo,113,214977,1874,1522,3,1525,38
2020-07-31,Yuba,115,75493,515,369,0,369,1
2020-07-30,Alameda,001,1643700,13724,11303,54,11357,185
2020-07-30,Alpine,003,1148,3,2,0,2,0
2020-07-30,Amador,005,37829,170,97,0,97,0
2020-07-30,Butte,007,227075,1164,915,13,928,7
2020-07-30,Calaveras,009,45235,142,111,0,111,1
2020-07-30,Colusa,011,21464,373,315,0,315,2
2020-07-30,Contra Costa,013,1133247,10317,7615,26,7641,112
2020-07-30,Del Norte,015,27424,88,68,0,68,0
2020-07-30,El Dorado,017,186661,799,608,0,608,1
2020-07-30,Fresno,019,978130,21627,14793,188,14981,133
2020-07-30,Glenn,021,27897,373,297,0,297,1
2020-07-30,Humboldt,023,135768,261,228,1,229,4
2020-07-30,Imperial,025,180216,10300,7849,6,7855,151
2020-07-30,Inyo,027,18085,68,44,5,49,1
2020-07-30,Kern,029,883053,24747,19552,127,19679,171
2020-07-30,Kings,031,150075,4751,3785,26,3811,43
2020-07-30,Lake,033,64148,231,181,0,181,1
2020-07-30,Lassen,035,31185,634,544,2,546,0
2020-07-30,Los Angeles,037,10098052,201875,186177,533,186710,4564
2020-07-30,Madera,039,155013,2810,2007,4,2011,18
2020-07-30,Marin,041,260295,5380,4835,5,4840,39
2020-07-30,Mariposa,043,17540,61,49,0,49,1
2020-07-30,Mendocino,045,87422,316,232,0,232,1
2020-07-30,Merced,047,269075,5807,3695,5,3700,30
2020-07-30,Modoc,049,8938,6,0,0,0,0
2020-07-30,Mono,051,14174,148,104,1,105,1
2020-07-30,Monterey,053,433212,5517,4352,17,4369,24
2020-07-30,Napa,055,140530,1163,874,0,874,7
2020-07-30,Nevada,057,99092,338,292,13,305,2
2020-07-30,Orange,059,3164182,43379,36105,821,36926,607
2020-07-30,Placer,061,380077,2270,1821,3,1824,14
2020-07-30,Plumas,063,18699,33,25,0,25,0
2020-07-30,Riverside,065,2383286,44887,37308,39,37347,685
2020-07-30,Sacramento,067,1510023,12786,9704,11,9715,126
2020-07-30,San Benito,069,59416,708,558,0,558,2
2020-07-30,San Bernardino,071,2135413,39855,32010,186,32196,427
2020-07-30,San Diego,073,3302833,32281,28670,9,28679,558
2020-07-30,San Francisco,075,870044,7304,6107,7,6114,59
2020-07-30,San Joaquin,077,732212,14637,11435,12,11447,161
2020-07-30,San Luis Obispo,079,281455,2097,1703,9,1712,12
2020-07-30,San Mateo,081,765935,6483,5369,6,5375,115
2020-07-30,Santa Barbara,083,443738,7562,6273,65,6338,52
2020-07-30,Santa Clara,085,1922200,12839,9708,25,9733,170
2020-07-30,Santa Cruz,087,273765,1308,1087,8,1095,4
2020-07-30,Shasta,089,179085,489,306,3,309,8
2020-07-30,Sierra,091,2930,3,1,0,1,0
2020-07-30,Siskiyou,093,43540,96,60,0,60,0
2020-07-30,Solano,095,438530,4266,3463,24,3487,29
2020-07-30,Sonoma,097,501317,3727,2684,6,2690,25
2020-07-30,Stanislaus,099,539301,11620,8890,42,8932,94
2020-07-30,Sutter,101,95872,875,698,1,699,6
2020-07-30,Tehama,103,63373,278,208,2,210,1
2020-07-30,Trinity,105,12862,24,4,5,9,0
2020-07-30,Tulare,107,460477,11254,9167,35,9202,177
2020-07-30,Tuolumne,109,53932,153,119,3,122,0
2020-07-30,Ventura,111,848112,8807,7304,29,7333,69
2020-07-30,Yolo,113,214977,1854,1511,3,1514,37
2020-07-30,Yuba,115,75493,502,362,0,362,1
2020-07-29,Alameda,001,1643700,13505,11177,49,11226,180
2020-07-29,Alpine,003,1148,3,2,0,2,0
2020-07-29,Amador,005,37829,162,80,0,80,0
2020-07-29,Butte,007,227075,1138,889,11,900,7
2020-07-29,Calaveras,009,45235,136,107,0,107,1
2020-07-29,Colusa,011,21464,369,302,0,302,2
2020-07-29,Contra Costa,013,1133247,10114,7520,26,7546,108
2020-07-29,Del Norte,015,27424,88,68,0,68,0
2020-07-29,El Dorado,017,186661,789,588,0,588,1
2020-07-29,Fresno,019,978130,21335,14312,188,14500,125
2020-07-29,Glenn,021,27897,366,294,0,294,1
2020-07-29,Humboldt,023,135768,258,221,1,222,4
2020-07-29,Imperial,025,180216,10252,7825,6,7831,147
2020-07-29,Inyo,027,18085,63,44,5,49,1
2020-07-29,Kern,029,883053,24409,19073,124,19197,162
2020-07-29,Kings,031,150075,4703,3755,26,3781,43
2020-07-29,Lake,033,64148,229,179,0,179,1
2020-07-29,Lassen,035,31185,619,513,2,515,0
2020-07-29,Los Angeles,037,10098052,199839,183600,516,184116,4523
2020-07-29,Madera,039,155013,2756,1941,4,1945,18
2020-07-29,Marin,041,260295,5342,4747,5,4752,34
2020-07-29,Mariposa,043,17540,60,47,0,47,1
2020-07-29,Mendocino,045,87422,308,228,0,228,0
2020-07-29,Merced,047,269075,5667,3605,5,3610,25
2020-07-29,Modoc,049,8938,5,0,0,0,0
2020-07-29,Mono,051,14174,145,102,1,103,1
2020-07-29,Monterey,053,433212,5418,4252,17,4269,24
2020-07-29,Napa,055,140530,1135,866,0,866,7
2020-07-29,Nevada,057,99092,334,288,13,301,1
2020-07-29,Orange,059,3164182,42945,35339,809,36148,589
2020-07-29,Placer,061,380077,2238,1798,3,1801,14
2020-07-29,Plumas,063,18699,33,25,0,25,0
2020-07-29,Riverside,065,2383286,44296,36968,39,37007,678
2020-07-29,Sacramento,067,1510023,12540,9538,11,9549,122
2020-07-29,San Benito,069,59416,693,537,0,537,2
2020-07-29,San Bernardino,071,2135413,39366,31168,175,31343,417
2020-07-29,San Diego,073,3302833,31956,28289,8,28297,552
2020-07-29,San Francisco,075,870044,7210,6041,7,6048,56
2020-07-29,San Joaquin,077,732212,14389,11249,9,11258,154
2020-07-29,San Luis Obispo,079,281455,2077,1673,9,1682,11
2020-07-29,San Mateo,081,765935,6395,5305,6,5311,114
2020-07-29,Santa Barbara,083,443738,7492,6215,65,6280,31
2020-07-29,Santa Clara,085,1922200,12631,9567,25,9592,165
2020-07-29,Santa Cruz,087,273765,1284,1051,8,1059,4
2020-07-29,Shasta,089,179085,477,297,3,300,8
2020-07-29,Sierra,091,2930,2,1,0,1,0
2020-07-29,Siskiyou,093,43540,94,58,0,58,0
2020-07-29,Solano,095,438530,4212,3380,24,3404,29
2020-07-29,Sonoma,097,501317,3650,2598,6,2604,26
2020-07-29,Stanislaus,099,539301,11399,8745,36,8781,94
2020-07-29,Sutter,101,95872,847,678,1,679,6
2020-07-29,Tehama,103,63373,274,206,2,208,1
2020-07-29,Trinity,105,12862,24,4,5,9,0
2020-07-29,Tulare,107,460477,11083,9028,35,9063,156
2020-07-29,Tuolumne,109,53932,153,118,3,121,0
2020-07-29,Ventura,111,848112,8702,7161,29,7190,68
2020-07-29,Yolo,113,214977,1828,1488,3,1491,36
2020-07-29,Yuba,115,75493,486,350,0,350,1
2020-07-28,Alameda,001,1643700,13278,10875,48,10923,180
2020-07-28,Alpine,003,1148,3,2,0,2,0
2020-07-28,Amador,005,37829,152,77,0,77,0
2020-07-28,Butte,007,227075,1103,857,11,868,7
2020-07-28,Calaveras,009,45235,135,105,0,105,1
2020-07-28,Colusa,011,21464,363,290,0,290,2
2020-07-28,Contra Costa,013,1133247,9892,7426,26,7452,107
2020-07-28,Del Norte,015,27424,87,68,0,68,0
2020-07-28,El Dorado,017,186661,774,558,0,558,1
2020-07-28,Fresno,019,978130,20999,13933,182,14115,125
2020-07-28,Glenn,021,27897,364,289,0,289,1
2020-07-28,Humboldt,023,135768,257,218,1,219,4
2020-07-28,Imperial,025,180216,10216,7804,6,7810,145
2020-07-28,Inyo,027,18085,61,43,5,48,1
2020-07-28,Kern,029,883053,24046,18834,118,18952,155
2020-07-28,Kings,031,150075,4657,3721,26,3747,41
2020-07-28,Lake,033,64148,225,179,0,179,1
2020-07-28,Lassen,035,31185,613,508,2,510,0
2020-07-28,Los Angeles,037,10098052,197607,179107,493,179600,4435
2020-07-28,Madera,039,155013,2690,1889,4,1893,18
2020-07-28,Marin,041,260295,5273,4698,5,4703,23
2020-07-28,Mariposa,043,17540,58,45,0,45,1
2020-07-28,Mendocino,045,87422,297,222,0,222,0
2020-07-28,Merced,047,269075,5522,3446,5,3451,23
2020-07-28,Modoc,049,8938,4,0,0,0,0
2020-07-28,Mono,051,14174,144,102,1,103,1
2020-07-28,Monterey,053,433212,5297,4047,17,4064,22
2020-07-28,Napa,055,140530,1113,824,0,824,6
2020-07-28,Nevada,057,99092,329,278,13,291,1
2020-07-28,Orange,059,3164182,42487,34832,795,35627,582
2020-07-28,Placer,061,380077,2203,1759,3,1762,14
2020-07-28,Plumas,063,18699,33,22,0,22,0
2020-07-28,Riverside,065,2383286,43696,36458,39,36497,668
2020-07-28,Sacramento,067,1510023,12281,9429,10,9439,117
2020-07-28,San Benito,069,59416,683,503,0,503,2
2020-07-28,San Bernardino,071,2135413,38843,30493,171,30664,412
2020-07-28,San Diego,073,3302833,31606,28007,6,28013,547
2020-07-28,San Francisco,075,870044,7097,5888,7,5895,56
2020-07-28,San Joaquin,077,732212,14106,10958,7,10965,141
2020-07-28,San Luis Obispo,079,281455,2046,1636,9,1645,9
2020-07-28,San Mateo,081,765935,6321,5171,6,5177,114
2020-07-28,Santa Barbara,083,443738,7429,6110,63,6173,31
2020-07-28,Santa Clara,085,1922200,12396,9307,25,9332,165
2020-07-28,Santa Cruz,087,273765,1257,1018,8,1026,4
2020-07-28,Shasta,089,179085,465,275,3,278,8
2020-07-28,Sierra,091,2930,2,1,0,1,0
2020-07-28,Siskiyou,093,43540,90,57,0,57,0
2020-07-28,Solano,095,438530,4165,3292,23,3315,29
2020-07-28,Sonoma,097,501317,3577,2553,6,2559,20
2020-07-28,Stanislaus,099,539301,11177,8492,27,8519,92
2020-07-28,Sutter,101,95872,810,653,0,653,2
2020-07-28,Tehama,103,63373,269,199,2,201,1
2020-07-28,Trinity,105,12862,24,3,5,8,0
2020-07-28,Tulare,107,460477,10896,8787,35,8822,96
2020-07-28,Tuolumne,109,53932,152,116,3,119,0
2020-07-28,Ventura,111,848112,8576,7045,28,7073,68
2020-07-28,Yolo,113,214977,1800,1459,3,1462,36
2020-07-28,Yuba,115,75493,469,333,0,333,1
2020-07-27,Alameda,001,1643700,13050,10645,45,10690,176
2020-07-27,Alpine,003,1148,3,2,0,2,0
2020-07-27,Amador,005,37829,147,72,0,72,0
2020-07-27,Butte,007,227075,1076,843,11,854,7
2020-07-27,Calaveras,009,45235,131,103,0,103,1
2020-07-27,Colusa,011,21464,356,271,0,271,2
2020-07-27,Contra Costa,013,1133247,9670,7256,26,7282,104
2020-07-27,Del Norte,015,27424,86,67,0,67,0
2020-07-27,El Dorado,017,186661,762,548,0,548,1
2020-07-27,Fresno,019,978130,20652,13485,176,13661,117
2020-07-27,Glenn,021,27897,362,277,0,277,1
2020-07-27,Humboldt,023,135768,252,218,1,219,4
2020-07-27,Imperial,025,180216,10166,7789,6,7795,144
2020-07-27,Inyo,027,18085,61,43,5,48,1
2020-07-27,Kern,029,883053,23544,17994,112,18106,148
2020-07-27,Kings,031,150075,4408,3685,26,3711,39
2020-07-27,Lake,033,64148,221,176,0,176,1
2020-07-27,Lassen,035,31185,613,503,2,505,0
2020-07-27,Los Angeles,037,10098052,195160,176351,474,176825,4379
2020-07-27,Madera,039,155013,2625,1793,4,1797,17
2020-07-27,Marin,041,260295,5185,4669,5,4674,22
2020-07-27,Mariposa,043,17540,58,43,0,43,1
2020-07-27,Mendocino,045,87422,284,209,0,209,0
2020-07-27,Merced,047,269075,5382,3292,5,3297,23
2020-07-27,Modoc,049,8938,3,0,0,0,0
2020-07-27,Mono,051,14174,140,99,1,100,1
2020-07-27,Monterey,053,433212,5107,3960,17,3977,21
2020-07-27,Napa,055,140530,1098,769,0,769,6
2020-07-27,Nevada,057,99092,325,268,13,281,1
2020-07-27,Orange,059,3164182,42047,34649,779,35428,566
2020-07-27,Placer,061,380077,2153,1679,3,1682,12
2020-07-27,Plumas,063,18699,33,22,0,22,0
2020-07-27,Riverside,065,2383286,43018,35822,39,35861,667
2020-07-27,Sacramento,067,1510023,11989,9091,10,9101,114
2020-07-27,San Benito,069,59416,668,498,0,498,2
2020-07-27,San Bernardino,071,2135413,38251,29928,161,30089,401
2020-07-27,San Diego,073,3302833,31232,27509,5,27514,533
2020-07-27,San Francisco,075,870044,7010,5825,7,5832,55
2020-07-27,San Joaquin,077,732212,13815,10728,7,10735,129
2020-07-27,San Luis Obispo,079,281455,2001,1612,9,1621,9
2020-07-27,San Mateo,081,765935,6212,5108,6,5114,113
2020-07-27,Santa Barbara,083,443738,7347,6026,61,6087,30
2020-07-27,Santa Clara,085,1922200,12127,9157,24,9181,166
2020-07-27,Santa Cruz,087,273765,1235,984,8,992,4
2020-07-27,Shasta,089,179085,458,275,3,278,8
2020-07-27,Sierra,091,2930,2,1,0,1,0
2020-07-27,Siskiyou,093,43540,88,54,0,54,0
2020-07-27,Solano,095,438530,4098,3198,22,3220,29
2020-07-27,Sonoma,097,501317,3486,2504,6,2510,20
2020-07-27,Stanislaus,099,539301,10950,8288,19,8307,84
2020-07-27,Sutter,101,95872,784,620,0,620,2
2020-07-27,Tehama,103,63373,261,192,2,194,1
2020-07-27,Trinity,105,12862,24,3,5,8,0
2020-07-27,Tulare,107,460477,10678,8462,35,8497,172
2020-07-27,Tuolumne,109,53932,149,115,3,118,0
2020-07-27,Ventura,111,848112,8448,6998,27,7025,68
2020-07-27,Yolo,113,214977,1755,1439,3,1442,33
2020-07-27,Yuba,115,75493,449,328,0,328,1
2020-07-26,Alameda,001,1643700,12812,10489,44,10533,176
2020-07-26,Alpine,003,1148,3,2,0,2,0
2020-07-26,Amador,005,37829,141,67,0,67,0
2020-07-26,Butte,007,227075,1039,822,11,833,5
2020-07-26,Calaveras,009,45235,128,103,0,103,1
2020-07-26,Colusa,011,21464,347,270,0,270,2
2020-07-26,Contra Costa,013,1133247,9433,7095,26,7121,104
2020-07-26,Del Norte,015,27424,84,67,0,67,0
2020-07-26,El Dorado,017,186661,744,539,0,539,1
2020-07-26,Fresno,019,978130,20260,13209,168,13377,117
2020-07-26,Glenn,021,27897,354,265,0,265,1
2020-07-26,Humboldt,023,135768,246,214,1,215,4
2020-07-26,Imperial,025,180216,10093,7781,6,7787,144
2020-07-26,Inyo,027,18085,56,43,5,48,1
2020-07-26,Kern,029,883053,23020,17394,109,17503,148
2020-07-26,Kings,031,150075,4349,3591,26,3617,39
2020-07-26,Lake,033,64148,213,174,0,174,1
2020-07-26,Lassen,035,31185,572,503,2,505,0
2020-07-26,Los Angeles,037,10098052,192586,174322,456,174778,4364
2020-07-26,Madera,039,155013,2538,1744,4,1748,17
2020-07-26,Marin,041,260295,5139,4595,5,4600,22
2020-07-26,Mariposa,043,17540,56,43,0,43,1
2020-07-26,Mendocino,045,87422,275,206,0,206,0
2020-07-26,Merced,047,269075,5202,3251,4,3255,23
2020-07-26,Modoc,049,8938,3,0,0,0,0
2020-07-26,Mono,051,14174,136,82,1,83,1
2020-07-26,Monterey,053,433212,4941,3901,17,3918,21
2020-07-26,Napa,055,140530,1079,769,0,769,6
2020-07-26,Nevada,057,99092,322,261,13,274,1
2020-07-26,Orange,059,3164182,41521,34352,747,35099,564
2020-07-26,Placer,061,380077,2088,1628,3,1631,12
2020-07-26,Plumas,063,18699,33,22,0,22,0
2020-07-26,Riverside,065,2383286,42458,35636,39,35675,665
2020-07-26,Sacramento,067,1510023,11685,8972,10,8982,114
2020-07-26,San Benito,069,59416,656,495,0,495,2
2020-07-26,San Bernardino,071,2135413,37610,29545,152,29697,400
2020-07-26,San Diego,073,3302833,30836,26986,4,26990,533
2020-07-26,San Francisco,075,870044,6902,5823,7,5830,55
2020-07-26,San Joaquin,077,732212,13522,10637,7,10644,129
2020-07-26,San Luis Obispo,079,281455,1958,1565,9,1574,8
2020-07-26,San Mateo,081,765935,6106,5078,6,5084,113
2020-07-26,Santa Barbara,083,443738,7244,5939,61,6000,30
2020-07-26,Santa Clara,085,1922200,11898,8986,24,9010,166
2020-07-26,Santa Cruz,087,273765,1208,970,8,978,4
2020-07-26,Shasta,089,179085,451,265,3,268,8
2020-07-26,Sierra,091,2930,2,1,0,1,0
2020-07-26,Siskiyou,093,43540,86,54,0,54,0
2020-07-26,Solano,095,438530,4018,3197,20,3217,29
2020-07-26,Sonoma,097,501317,3397,2503,5,2508,20
2020-07-26,Stanislaus,099,539301,10689,8228,18,8246,84
2020-07-26,Sutter,101,95872,770,612,0,612,2
2020-07-26,Tehama,103,63373,254,175,2,177,1
2020-07-26,Trinity,105,12862,24,3,5,8,0
2020-07-26,Tulare,107,460477,10471,8392,35,8427,172
2020-07-26,Tuolumne,109,53932,144,113,3,116,0
2020-07-26,Ventura,111,848112,8241,6844,27,6871,67
2020-07-26,Yolo,113,214977,1724,1408,3,1411,33
2020-07-26,Yuba,115,75493,430,313,0,313,1
2020-07-25,Alameda,001,1643700,12715,10361,42,10403,176
2020-07-25,Alpine,003,1148,3,2,0,2,0
2020-07-25,Amador,005,37829,138,67,0,67,0
2020-07-25,Butte,007,227075,1030,810,11,821,5
2020-07-25,Calaveras,009,45235,124,103,0,103,1
2020-07-25,Colusa,011,21464,340,265,0,265,2
2020-07-25,Contra Costa,013,1133247,9288,6920,26,6946,104
2020-07-25,Del Norte,015,27424,84,67,0,67,0
2020-07-25,El Dorado,017,186661,733,528,0,528,1
2020-07-25,Fresno,019,978130,20074,12866,168,13034,117
2020-07-25,Glenn,021,27897,352,260,0,260,1
2020-07-25,Humboldt,023,135768,243,212,1,213,4
2020-07-25,Imperial,025,180216,10067,7727,6,7733,144
2020-07-25,Inyo,027,18085,55,43,5,48,1
2020-07-25,Kern,029,883053,22802,16910,108,17018,148
2020-07-25,Kings,031,150075,4332,3516,26,3542,39
2020-07-25,Lake,033,64148,211,173,0,173,1
2020-07-25,Lassen,035,31185,572,503,2,505,0
2020-07-25,Los Angeles,037,10098052,191454,172611,449,173060,4357
2020-07-25,Madera,039,155013,2506,1724,4,1728,17
2020-07-25,Marin,041,260295,5123,4562,5,4567,22
2020-07-25,Mariposa,043,17540,55,43,0,43,1
2020-07-25,Mendocino,045,87422,269,190,0,190,0
2020-07-25,Merced,047,269075,5123,3176,4,3180,23
2020-07-25,Modoc,049,8938,3,0,0,0,0
2020-07-25,Mono,051,14174,136,82,1,83,1
2020-07-25,Monterey,053,433212,4864,3805,17,3822,21
2020-07-25,Napa,055,140530,1066,746,0,746,6
2020-07-25,Nevada,057,99092,320,257,13,270,1
2020-07-25,Orange,059,3164182,41301,33978,726,34704,561
2020-07-25,Placer,061,380077,2072,1596,3,1599,12
2020-07-25,Plumas,063,18699,33,22,0,22,0
2020-07-25,Riverside,065,2383286,42190,34921,39,34960,655
2020-07-25,Sacramento,067,1510023,11539,8674,10,8684,113
2020-07-25,San Benito,069,59416,640,492,0,492,2
2020-07-25,San Bernardino,071,2135413,37331,29265,149,29414,394
2020-07-25,San Diego,073,3302833,30575,26703,3,26706,533
2020-07-25,San Francisco,075,870044,6844,5644,7,5651,55
2020-07-25,San Joaquin,077,732212,13396,10347,6,10353,129
2020-07-25,San Luis Obispo,079,281455,1938,1530,8,1538,8
2020-07-25,San Mateo,081,765935,6043,5023,6,5029,113
2020-07-25,Santa Barbara,083,443738,7208,5880,61,5941,30
2020-07-25,Santa Clara,085,1922200,11764,8767,24,8791,166
2020-07-25,Santa Cruz,087,273765,1191,939,8,947,4
2020-07-25,Shasta,089,179085,446,263,1,264,8
2020-07-25,Sierra,091,2930,2,1,0,1,0
2020-07-25,Siskiyou,093,43540,84,54,0,54,0
2020-07-25,Solano,095,438530,3978,3107,18,3125,29
2020-07-25,Sonoma,097,501317,3358,2412,5,2417,20
2020-07-25,Stanislaus,099,539301,10586,7994,15,8009,84
2020-07-25,Sutter,101,95872,751,603,0,603,2
2020-07-25,Tehama,103,63373,253,169,2,171,1
2020-07-25,Trinity,105,12862,24,3,5,8,0
2020-07-25,Tulare,107,460477,10371,8310,35,8345,172
2020-07-25,Tuolumne,109,53932,143,99,3,102,0
2020-07-25,Ventura,111,848112,8168,6662,27,6689,62
2020-07-25,Yolo,113,214977,1709,1357,3,1360,35
2020-07-25,Yuba,115,75493,424,312,0,312,1
2020-07-24,Alameda,001,1643700,12573,10216,39,10255,176
2020-07-24,Alpine,003,1148,3,2,0,2,0
2020-07-24,Amador,005,37829,136,66,0,66,0
2020-07-24,Butte,007,227075,1018,751,11,762,5
2020-07-24,Calaveras,009,45235,120,102,0,102,0
2020-07-24,Colusa,011,21464,337,255,0,255,2
2020-07-24,Contra Costa,013,1133247,9142,6814,26,6840,100
2020-07-24,Del Norte,015,27424,84,66,0,66,0
2020-07-24,El Dorado,017,186661,711,516,0,516,1
2020-07-24,Fresno,019,978130,19847,12564,168,12732,115
2020-07-24,Glenn,021,27897,349,251,0,251,1
2020-07-24,Humboldt,023,135768,240,210,1,211,4
2020-07-24,Imperial,025,180216,10045,7686,6,7692,141
2020-07-24,Inyo,027,18085,55,41,5,46,1
2020-07-24,Kern,029,883053,22561,16124,108,16232,143
2020-07-24,Kings,031,150075,4302,3471,26,3497,39
2020-07-24,Lake,033,64148,209,167,0,167,1
2020-07-24,Lassen,035,31185,572,503,2,505,0
2020-07-24,Los Angeles,037,10098052,189435,169078,438,169516,4302
2020-07-24,Madera,039,155013,2473,1679,4,1683,16
2020-07-24,Marin,041,260295,5096,4517,5,4522,22
2020-07-24,Mariposa,043,17540,55,41,0,41,1
2020-07-24,Mendocino,045,87422,262,188,0,188,0
2020-07-24,Merced,047,269075,5038,3100,4,3104,23
2020-07-24,Modoc,049,8938,3,0,0,0,0
2020-07-24,Mono,051,14174,135,82,1,83,1
2020-07-24,Monterey,053,433212,4792,3748,17,3765,21
2020-07-24,Napa,055,140530,1053,741,0,741,6
2020-07-24,Nevada,057,99092,317,255,13,268,1
2020-07-24,Orange,059,3164182,41013,33530,709,34239,557
2020-07-24,Placer,061,380077,2041,1551,3,1554,12
2020-07-24,Plumas,063,18699,33,22,0,22,0
2020-07-24,Riverside,065,2383286,41767,34513,38,34551,631
2020-07-24,Sacramento,067,1510023,11351,8570,10,8580,110
2020-07-24,San Benito,069,59416,633,485,0,485,2
2020-07-24,San Bernardino,071,2135413,36957,28990,143,29133,386
2020-07-24,San Diego,073,3302833,30275,26100,3,26103,524
2020-07-24,San Francisco,075,870044,6750,5611,7,5618,55
2020-07-24,San Joaquin,077,732212,13247,10190,6,10196,118
2020-07-24,San Luis Obispo,079,281455,1914,1476,8,1484,8
2020-07-24,San Mateo,081,765935,5980,4954,6,4960,112
2020-07-24,Santa Barbara,083,443738,7154,5776,59,5835,30
2020-07-24,Santa Clara,085,1922200,11600,8658,24,8682,165
2020-07-24,Santa Cruz,087,273765,1171,930,8,938,4
2020-07-24,Shasta,089,179085,438,262,1,263,8
2020-07-24,Sierra,091,2930,2,1,0,1,0
2020-07-24,Siskiyou,093,43540,84,53,0,53,0
2020-07-24,Solano,095,438530,3942,3062,15,3077,29
2020-07-24,Sonoma,097,501317,3305,2345,5,2350,20
2020-07-24,Stanislaus,099,539301,10414,7861,12,7873,82
2020-07-24,Sutter,101,95872,740,593,0,593,2
2020-07-24,Tehama,103,63373,245,170,2,172,1
2020-07-24,Trinity,105,12862,23,3,5,8,0
2020-07-24,Tulare,107,460477,10277,8167,33,8200,167
2020-07-24,Tuolumne,109,53932,137,99,3,102,0
2020-07-24,Ventura,111,848112,8083,6553,27,6580,60
2020-07-24,Yolo,113,214977,1695,1329,3,1332,35
2020-07-24,Yuba,115,75493,409,307,0,307,1
2020-07-23,Alameda,001,1643700,12333,9924,39,9963,171
2020-07-23,Alpine,003,1148,3,2,0,2,0
2020-07-23,Amador,005,37829,119,61,0,61,0
2020-07-23,Butte,007,227075,1003,726,11,737,5
2020-07-23,Calaveras,009,45235,113,102,0,102,0
2020-07-23,Colusa,011,21464,329,242,0,242,2
2020-07-23,Contra Costa,013,1133247,8942,6619,24,6643,98
2020-07-23,Del Norte,015,27424,84,66,0,66,0
2020-07-23,El Dorado,017,186661,700,491,0,491,1
2020-07-23,Fresno,019,978130,19491,12164,165,12329,112
2020-07-23,Glenn,021,27897,344,246,0,246,1
2020-07-23,Humboldt,023,135768,239,208,1,209,4
2020-07-23,Imperial,025,180216,9995,7604,6,7610,138
2020-07-23,Inyo,027,18085,53,38,5,43,1
2020-07-23,Kern,029,883053,22154,14491,104,14595,128
2020-07-23,Kings,031,150075,4190,3371,26,3397,39
2020-07-23,Lake,033,64148,200,160,0,160,1
2020-07-23,Lassen,035,31185,569,503,2,505,0
2020-07-23,Los Angeles,037,10098052,186885,167198,412,167610,4265
2020-07-23,Madera,039,155013,2407,1659,3,1662,13
2020-07-23,Marin,041,260295,5044,4423,5,4428,22
2020-07-23,Mariposa,043,17540,55,40,0,40,1
2020-07-23,Mendocino,045,87422,252,178,0,178,0
2020-07-23,Merced,047,269075,4882,2972,4,2976,22
2020-07-23,Modoc,049,8938,3,0,0,0,0
2020-07-23,Mono,051,14174,131,82,1,83,1
2020-07-23,Monterey,053,433212,4674,3655,17,3672,21
2020-07-23,Napa,055,140530,1029,713,0,713,5
2020-07-23,Nevada,057,99092,314,247,13,260,1
2020-07-23,Orange,059,3164182,40516,32863,679,33542,544
2020-07-23,Placer,061,380077,1998,1519,3,1522,12
2020-07-23,Plumas,063,18699,32,21,0,21,0
2020-07-23,Riverside,065,2383286,41161,33833,38,33871,630
2020-07-23,Sacramento,067,1510023,11120,8222,10,8232,108
2020-07-23,San Benito,069,59416,618,478,0,478,2
2020-07-23,San Bernardino,071,2135413,36437,28121,137,28258,369
2020-07-23,San Diego,073,3302833,29901,25109,3,25112,505
2020-07-23,San Francisco,075,870044,6648,5543,7,5550,55
2020-07-23,San Joaquin,077,732212,13028,9861,6,9867,111
2020-07-23,San Luis Obispo,079,281455,1886,1438,8,1446,7
2020-07-23,San Mateo,081,765935,5875,4895,6,4901,113
2020-07-23,Santa Barbara,083,443738,7075,5628,59,5687,30
2020-07-23,Santa Clara,085,1922200,11381,8458,24,8482,165
2020-07-23,Santa Cruz,087,273765,1135,887,8,895,3
2020-07-23,Shasta,089,179085,427,254,1,255,9
2020-07-23,Sierra,091,2930,2,1,0,1,0
2020-07-23,Siskiyou,093,43540,82,53,0,53,0
2020-07-23,Solano,095,438530,3878,2962,13,2975,29
2020-07-23,Sonoma,097,501317,3229,2289,5,2294,18
2020-07-23,Stanislaus,099,539301,10172,7603,12,7615,71
2020-07-23,Sutter,101,95872,707,570,0,570,2
2020-07-23,Tehama,103,63373,239,158,2,160,1
2020-07-23,Trinity,105,12862,22,3,5,8,0
2020-07-23,Tulare,107,460477,10088,7898,33,7931,168
2020-07-23,Tuolumne,109,53932,137,93,3,96,0
2020-07-23,Ventura,111,848112,7959,6303,27,6330,56
2020-07-23,Yolo,113,214977,1677,1279,3,1282,35
2020-07-23,Yuba,115,75493,389,297,0,297,1
2020-07-22,Alameda,001,1643700,12114,9678,38,9716,169
2020-07-22,Alpine,003,1148,3,2,0,2,0
2020-07-22,Amador,005,37829,117,58,0,58,0
2020-07-22,Butte,007,227075,967,694,11,705,5
2020-07-22,Calaveras,009,45235,113,98,0,98,0
2020-07-22,Colusa,011,21464,322,236,0,236,0
2020-07-22,Contra Costa,013,1133247,8716,6401,24,6425,98
2020-07-22,Del Norte,015,27424,84,66,0,66,0
2020-07-22,El Dorado,017,186661,687,466,0,466,1
2020-07-22,Fresno,019,978130,19129,11756,159,11915,110
2020-07-22,Glenn,021,27897,338,236,0,236,1
2020-07-22,Humboldt,023,135768,237,201,1,202,4
2020-07-22,Imperial,025,180216,9935,7533,6,7539,134
2020-07-22,Inyo,027,18085,49,38,5,43,1
2020-07-22,Kern,029,883053,21721,13513,97,13610,127
2020-07-22,Kings,031,150075,4134,3271,26,3297,38
2020-07-22,Lake,033,64148,197,160,0,160,1
2020-07-22,Lassen,035,31185,566,500,2,502,0
2020-07-22,Los Angeles,037,10098052,184230,165242,389,165631,4218
2020-07-22,Madera,039,155013,2332,1578,3,1581,10
2020-07-22,Marin,041,260295,4988,4373,5,4378,23
2020-07-22,Mariposa,043,17540,55,38,0,38,1
2020-07-22,Mendocino,045,87422,245,166,0,166,0
2020-07-22,Merced,047,269075,4755,2828,4,2832,15
2020-07-22,Modoc,049,8938,3,0,0,0,0
2020-07-22,Mono,051,14174,128,82,1,83,1
2020-07-22,Monterey,053,433212,4573,3533,17,3550,20
2020-07-22,Napa,055,140530,1007,687,0,687,5
2020-07-22,Nevada,057,99092,308,239,12,251,1
2020-07-22,Orange,059,3164182,40017,32047,670,32717,522
2020-07-22,Placer,061,380077,1942,1469,3,1472,12
2020-07-22,Plumas,063,18699,31,20,0,20,0
2020-07-22,Riverside,065,2383286,40526,33093,38,33131,612
2020-07-22,Sacramento,067,1510023,10856,8028,9,8037,106
2020-07-22,San Benito,069,59416,604,465,0,465,2
2020-07-22,San Bernardino,071,2135413,35915,26820,126,26946,348
2020-07-22,San Diego,073,3302833,29513,25109,2,25111,505
2020-07-22,San Francisco,075,870044,6544,5473,6,5479,53
2020-07-22,San Joaquin,077,732212,12752,9628,6,9634,102
2020-07-22,San Luis Obispo,079,281455,1840,1373,8,1381,7
2020-07-22,San Mateo,081,765935,5786,4796,6,4802,112
2020-07-22,Santa Barbara,083,443738,6983,5508,57,5565,29
2020-07-22,Santa Clara,085,1922200,11135,8266,24,8290,166
2020-07-22,Santa Cruz,087,273765,1112,866,8,874,3
2020-07-22,Shasta,089,179085,417,246,1,247,9
2020-07-22,Sierra,091,2930,1,1,0,1,0
2020-07-22,Siskiyou,093,43540,81,52,0,52,0
2020-07-22,Solano,095,438530,3817,2839,12,2851,29
2020-07-22,Sonoma,097,501317,3152,2255,5,2260,17
2020-07-22,Stanislaus,099,539301,10001,7401,12,7413,71
2020-07-22,Sutter,101,95872,683,551,0,551,2
2020-07-22,Tehama,103,63373,231,155,2,157,1
2020-07-22,Trinity,105,12862,21,3,5,8,0
2020-07-22,Tulare,107,460477,9855,7640,33,7673,167
2020-07-22,Tuolumne,109,53932,133,91,3,94,0
2020-07-22,Ventura,111,848112,7831,6223,25,6248,56
2020-07-22,Yolo,113,214977,1634,1233,3,1236,34
2020-07-22,Yuba,115,75493,374,288,0,288,1
2020-07-21,Alameda,001,1643700,11900,9390,38,9428,166
2020-07-21,Alpine,003,1148,3,2,0,2,0
2020-07-21,Amador,005,37829,112,55,0,55,0
2020-07-21,Butte,007,227075,922,659,10,669,5
2020-07-21,Calaveras,009,45235,107,96,0,96,0
2020-07-21,Colusa,011,21464,298,227,0,227,0
2020-07-21,Contra Costa,013,1133247,8474,6210,24,6234,98
2020-07-21,Del Norte,015,27424,84,66,0,66,0
2020-07-21,El Dorado,017,186661,679,440,0,440,1
2020-07-21,Fresno,019,978130,18730,11412,153,11565,107
2020-07-21,Glenn,021,27897,331,229,0,229,1
2020-07-21,Humboldt,023,135768,235,198,1,199,4
2020-07-21,Imperial,025,180216,9886,7458,6,7464,128
2020-07-21,Inyo,027,18085,48,38,4,42,1
2020-07-21,Kern,029,883053,21299,11998,91,12089,119
2020-07-21,Kings,031,150075,4069,3187,25,3212,38
2020-07-21,Lake,033,64148,197,157,0,157,1
2020-07-21,Lassen,035,31185,564,474,2,476,0
2020-07-21,Los Angeles,037,10098052,181227,162205,367,162572,4159
2020-07-21,Madera,039,155013,2267,1508,3,1511,10
2020-07-21,Marin,041,260295,4916,4318,5,4323,21
2020-07-21,Mariposa,043,17540,54,37,0,37,1
2020-07-21,Mendocino,045,87422,234,160,0,160,0
2020-07-21,Merced,047,269075,4576,2725,4,2729,15
2020-07-21,Modoc,049,8938,3,0,0,0,0
2020-07-21,Mono,051,14174,124,79,1,80,1
2020-07-21,Monterey,053,433212,4441,3404,16,3420,20
2020-07-21,Napa,055,140530,980,660,0,660,5
2020-07-21,Nevada,057,99092,306,228,10,238,1
2020-07-21,Orange,059,3164182,39520,31356,637,31993,515
2020-07-21,Placer,061,380077,1901,1413,3,1416,11
2020-07-21,Plumas,063,18699,31,19,0,19,0
2020-07-21,Riverside,065,2383286,39825,32231,38,32269,583
2020-07-21,Sacramento,067,1510023,10584,7789,8,7797,102
2020-07-21,San Benito,069,59416,593,444,0,444,2
2020-07-21,San Bernardino,071,2135413,35266,25323,119,25442,343
2020-07-21,San Diego,073,3302833,29064,24522,2,24524,487
2020-07-21,San Francisco,075,870044,6435,5377,6,5383,53
2020-07-21,San Joaquin,077,732212,12423,9150,6,9156,99
2020-07-21,San Luis Obispo,079,281455,1791,1338,8,1346,7
2020-07-21,San Mateo,081,765935,5694,4733,6,4739,111
2020-07-21,Santa Barbara,083,443738,6898,5422,56,5478,29
2020-07-21,Santa Clara,085,1922200,10872,7989,24,8013,164
2020-07-21,Santa Cruz,087,273765,1079,835,8,843,3
2020-07-21,Shasta,089,179085,409,241,1,242,9
2020-07-21,Sierra,091,2930,1,1,0,1,0
2020-07-21,Siskiyou,093,43540,81,48,0,48,0
2020-07-21,Solano,095,438530,3744,2727,12,2739,27
2020-07-21,Sonoma,097,501317,3095,2200,5,2205,17
2020-07-21,Stanislaus,099,539301,9738,6984,12,6996,69
2020-07-21,Sutter,101,95872,667,533,0,533,2
2020-07-21,Tehama,103,63373,221,150,2,152,1
2020-07-21,Trinity,105,12862,21,2,5,7,0
2020-07-21,Tulare,107,460477,9653,7447,33,7480,167
2020-07-21,Tuolumne,109,53932,131,75,3,78,0
2020-07-21,Ventura,111,848112,7699,6131,25,6156,55
2020-07-21,Yolo,113,214977,1581,1204,3,1207,34
2020-07-21,Yuba,115,75493,368,269,0,269,1
2020-07-20,Alameda,001,1643700,11646,9244,37,9281,162
2020-07-20,Alpine,003,1148,3,2,0,2,0
2020-07-20,Amador,005,37829,109,53,0,53,0
2020-07-20,Butte,007,227075,884,586,10,596,4
2020-07-20,Calaveras,009,45235,104,90,0,90,0
2020-07-20,Colusa,011,21464,287,217,0,217,0
2020-07-20,Contra Costa,013,1133247,8266,5823,24,5847,97
2020-07-20,Del Norte,015,27424,84,61,0,61,0
2020-07-20,El Dorado,017,186661,656,407,0,407,0
2020-07-20,Fresno,019,978130,18288,10891,151,11042,106
2020-07-20,Glenn,021,27897,323,225,0,225,1
2020-07-20,Humboldt,023,135768,228,194,1,195,4
2020-07-20,Imperial,025,180216,9846,7337,6,7343,124
2020-07-20,Inyo,027,18085,46,38,4,42,1
2020-07-20,Kern,029,883053,20789,10908,87,10995,118
2020-07-20,Kings,031,150075,4019,3093,25,3118,37
2020-07-20,Lake,033,64148,194,147,0,147,1
2020-07-20,Lassen,035,31185,562,474,2,476,0
2020-07-20,Los Angeles,037,10098052,178256,159202,340,159542,4108
2020-07-20,Madera,039,155013,2192,1433,3,1436,10
2020-07-20,Marin,041,260295,4835,4255,5,4260,21
2020-07-20,Mariposa,043,17540,53,36,0,36,1
2020-07-20,Mendocino,045,87422,221,153,0,153,0
2020-07-20,Merced,047,269075,4406,2584,4,2588,15
2020-07-20,Modoc,049,8938,3,0,0,0,0
2020-07-20,Mono,051,14174,118,78,1,79,1
2020-07-20,Monterey,053,433212,4335,3205,16,3221,19
2020-07-20,Napa,055,140530,943,632,0,632,5
2020-07-20,Nevada,057,99092,298,218,10,228,1
2020-07-20,Orange,059,3164182,38911,30337,607,30944,507
2020-07-20,Placer,061,380077,1849,1364,3,1367,11
2020-07-20,Plumas,063,18699,30,17,0,17,0
2020-07-20,Riverside,065,2383286,38995,31163,38,31201,581
2020-07-20,Sacramento,067,1510023,10256,7369,8,7377,99
2020-07-20,San Benito,069,59416,575,433,0,433,2
2020-07-20,San Bernardino,071,2135413,34456,24226,115,24341,338
2020-07-20,San Diego,073,3302833,28622,24137,2,24139,478
2020-07-20,San Francisco,075,870044,6314,5090,6,5096,53
2020-07-20,San Joaquin,077,732212,12067,8583,6,8589,97
2020-07-20,San Luis Obispo,079,281455,1751,1282,8,1290,6
2020-07-20,San Mateo,081,765935,5593,4609,6,4615,111
2020-07-20,Santa Barbara,083,443738,6769,5266,54,5320,29
2020-07-20,Santa Clara,085,1922200,10643,7711,23,7734,164
2020-07-20,Santa Cruz,087,273765,1047,758,8,766,3
2020-07-20,Shasta,089,179085,394,233,1,234,9
2020-07-20,Sierra,091,2930,1,1,0,1,0
2020-07-20,Siskiyou,093,43540,77,42,0,42,0
2020-07-20,Solano,095,438530,3661,2537,12,2549,26
2020-07-20,Sonoma,097,501317,2988,2148,5,2153,17
2020-07-20,Stanislaus,099,539301,9455,6835,12,6847,58
2020-07-20,Sutter,101,95872,634,507,0,507,2
2020-07-20,Tehama,103,63373,211,146,2,148,1
2020-07-20,Trinity,105,12862,21,2,5,7,0
2020-07-20,Tulare,107,460477,9419,6974,33,7007,166
2020-07-20,Tuolumne,109,53932,130,75,3,78,0
2020-07-20,Ventura,111,848112,7565,5912,25,5937,52
2020-07-20,Yolo,113,214977,1541,1155,3,1158,30
2020-07-20,Yuba,115,75493,348,258,0,258,1
2020-07-19,Alameda,001,1643700,11408,9227,31,9258,162
2020-07-19,Alpine,003,1148,3,2,0,2,0
2020-07-19,Amador,005,37829,102,51,0,51,0
2020-07-19,Butte,007,227075,859,555,10,565,4
2020-07-19,Calaveras,009,45235,102,89,0,89,0
2020-07-19,Colusa,011,21464,279,187,0,187,0
2020-07-19,Contra Costa,013,1133247,7975,5691,22,5713,95
2020-07-19,Del Norte,015,27424,83,61,0,61,0
2020-07-19,El Dorado,017,186661,638,385,0,385,0
2020-07-19,Fresno,019,978130,17764,10639,139,10778,106
2020-07-19,Glenn,021,27897,309,215,0,215,0
2020-07-19,Humboldt,023,135768,220,195,1,196,4
2020-07-19,Imperial,025,180216,9755,7280,6,7286,124
2020-07-19,Inyo,027,18085,42,38,3,41,1
2020-07-19,Kern,029,883053,20172,10094,80,10174,115
2020-07-19,Kings,031,150075,3933,3035,25,3060,37
2020-07-19,Lake,033,64148,189,144,0,144,1
2020-07-19,Lassen,035,31185,543,474,2,476,0
2020-07-19,Los Angeles,037,10098052,174812,156039,317,156356,4100
2020-07-19,Madera,039,155013,2115,1301,3,1304,10
2020-07-19,Marin,041,260295,4780,4172,5,4177,21
2020-07-19,Mariposa,043,17540,49,35,0,35,1
2020-07-19,Mendocino,045,87422,216,137,0,137,0
2020-07-19,Merced,047,269075,4199,2460,4,2464,15
2020-07-19,Modoc,049,8938,3,0,0,0,0
2020-07-19,Mono,051,14174,107,63,1,64,1
2020-07-19,Monterey,053,433212,4215,3079,16,3095,18
2020-07-19,Napa,055,140530,914,612,0,612,5
2020-07-19,Nevada,057,99092,292,210,10,220,1
2020-07-19,Orange,059,3164182,38346,29941,594,30535,505
2020-07-19,Placer,061,380077,1801,1246,3,1249,11
2020-07-19,Plumas,063,18699,30,17,0,17,0
2020-07-19,Riverside,065,2383286,38290,30340,38,30378,581
2020-07-19,Sacramento,067,1510023,9864,6985,8,6993,97
2020-07-19,San Benito,069,59416,559,412,0,412,2
2020-07-19,San Bernardino,071,2135413,33684,23928,103,24031,337
2020-07-19,San Diego,073,3302833,28121,23684,2,23686,478
2020-07-19,San Francisco,075,870044,6167,5094,6,5100,52
2020-07-19,San Joaquin,077,732212,11661,8308,6,8314,93
2020-07-19,San Luis Obispo,079,281455,1707,1262,7,1269,6
2020-07-19,San Mateo,081,765935,5486,4522,6,4528,110
2020-07-19,Santa Barbara,083,443738,6660,5145,51,5196,29
2020-07-19,Santa Clara,085,1922200,10399,7403,23,7426,164
2020-07-19,Santa Cruz,087,273765,1003,753,8,761,3
2020-07-19,Shasta,089,179085,381,218,1,219,9
2020-07-19,Sierra,091,2930,1,1,0,1,0
2020-07-19,Siskiyou,093,43540,75,42,0,42,0
2020-07-19,Solano,095,438530,3556,2551,12,2563,26
2020-07-19,Sonoma,097,501317,2887,2074,5,2079,17
2020-07-19,Stanislaus,099,539301,9159,6508,12,6520,58
2020-07-19,Sutter,101,95872,603,480,0,480,2
2020-07-19,Tehama,103,63373,207,138,2,140,1
2020-07-19,Trinity,105,12862,21,2,5,7,0
2020-07-19,Tulare,107,460477,9170,6856,33,6889,166
2020-07-19,Tuolumne,109,53932,125,75,3,78,0
2020-07-19,Ventura,111,848112,7375,5706,25,5731,52
2020-07-19,Yolo,113,214977,1502,1127,3,1130,30
2020-07-19,Yuba,115,75493,328,240,0,240,1
2020-07-18,Alameda,001,1643700,11272,9089,30,9119,162
2020-07-18,Alpine,003,1148,3,2,0,2,0
2020-07-18,Amador,005,37829,98,49,0,49,0
2020-07-18,Butte,007,227075,850,551,10,561,4
2020-07-18,Calaveras,009,45235,98,89,0,89,0
2020-07-18,Colusa,011,21464,274,182,0,182,0
2020-07-18,Contra Costa,013,1133247,7840,5617,22,5639,95
2020-07-18,Del Norte,015,27424,83,61,0,61,0
2020-07-18,El Dorado,017,186661,635,385,0,385,0
2020-07-18,Fresno,019,978130,17515,10381,137,10518,106
2020-07-18,Glenn,021,27897,303,212,0,212,0
2020-07-18,Humboldt,023,135768,217,189,1,190,4
2020-07-18,Imperial,025,180216,9724,7268,6,7274,124
2020-07-18,Inyo,027,18085,42,38,3,41,1
2020-07-18,Kern,029,883053,19869,9250,77,9327,114
2020-07-18,Kings,031,150075,3893,2996,24,3020,37
2020-07-18,Lake,033,64148,186,142,0,142,1
2020-07-18,Lassen,035,31185,542,474,2,476,0
2020-07-18,Los Angeles,037,10098052,173363,153265,306,153571,4088
2020-07-18,Madera,039,155013,2069,1260,3,1263,9
2020-07-18,Marin,041,260295,4751,4089,5,4094,21
2020-07-18,Mariposa,043,17540,49,35,0,35,1
2020-07-18,Mendocino,045,87422,209,137,0,137,0
2020-07-18,Merced,047,269075,4080,2424,4,2428,15
2020-07-18,Modoc,049,8938,3,0,0,0,0
2020-07-18,Mono,051,14174,105,54,1,55,1
2020-07-18,Monterey,053,433212,4147,3020,16,3036,17
2020-07-18,Napa,055,140530,903,609,0,609,5
2020-07-18,Nevada,057,99092,288,204,9,213,1
2020-07-18,Orange,059,3164182,38026,29603,573,30176,493
2020-07-18,Placer,061,380077,1778,1233,3,1236,11
2020-07-18,Plumas,063,18699,30,17,0,17,0
2020-07-18,Riverside,065,2383286,37937,30245,37,30282,581
2020-07-18,Sacramento,067,1510023,9619,6739,8,6747,95
2020-07-18,San Benito,069,59416,544,407,0,407,2
2020-07-18,San Bernardino,071,2135413,33223,23680,96,23776,336
2020-07-18,San Diego,073,3302833,27818,23116,2,23118,478
2020-07-18,San Francisco,075,870044,6065,5051,6,5057,52
2020-07-18,San Joaquin,077,732212,11448,8118,6,8124,93
2020-07-18,San Luis Obispo,079,281455,1674,1234,7,1241,6
2020-07-18,San Mateo,081,765935,5426,4488,6,4494,110
2020-07-18,Santa Barbara,083,443738,6600,5110,49,5159,29
2020-07-18,Santa Clara,085,1922200,10249,7255,22,7277,164
2020-07-18,Santa Cruz,087,273765,986,751,8,759,3
2020-07-18,Shasta,089,179085,372,216,1,217,9
2020-07-18,Sierra,091,2930,1,1,0,1,0
2020-07-18,Siskiyou,093,43540,71,42,0,42,0
2020-07-18,Solano,095,438530,3515,2503,12,2515,26
2020-07-18,Sonoma,097,501317,2836,2019,5,2024,15
2020-07-18,Stanislaus,099,539301,9024,6344,12,6356,58
2020-07-18,Sutter,101,95872,597,473,0,473,2
2020-07-18,Tehama,103,63373,202,136,2,138,1
2020-07-18,Trinity,105,12862,21,2,5,7,0
2020-07-18,Tulare,107,460477,9079,6810,32,6842,167
2020-07-18,Tuolumne,109,53932,122,75,3,78,0
2020-07-18,Ventura,111,848112,7293,5630,25,5655,52
2020-07-18,Yolo,113,214977,1474,1077,3,1080,30
2020-07-18,Yuba,115,75493,317,237,0,237,1
2020-07-17,Alameda,001,1643700,11131,8893,29,8922,160
2020-07-17,Alpine,003,1148,3,1,0,1,0
2020-07-17,Amador,005,37829,96,48,0,48,0
2020-07-17,Butte,007,227075,836,497,10,507,4
2020-07-17,Calaveras,009,45235,96,86,0,86,0
2020-07-17,Colusa,011,21464,272,146,0,146,0
2020-07-17,Contra Costa,013,1133247,7692,5483,22,5505,93
2020-07-17,Del Norte,015,27424,82,60,0,60,0
2020-07-17,El Dorado,017,186661,619,368,0,368,0
2020-07-17,Fresno,019,978130,17216,9954,137,10091,104
2020-07-17,Glenn,021,27897,296,203,0,203,0
2020-07-17,Humboldt,023,135768,216,185,1,186,4
2020-07-17,Imperial,025,180216,9702,7193,6,7199,120
2020-07-17,Inyo,027,18085,42,38,3,41,1
2020-07-17,Kern,029,883053,19549,8291,76,8367,113
2020-07-17,Kings,031,150075,3854,2978,24,3002,37
2020-07-17,Lake,033,64148,184,139,0,139,1
2020-07-17,Lassen,035,31185,523,391,2,393,0
2020-07-17,Los Angeles,037,10098052,170990,150481,294,150775,4052
2020-07-17,Madera,039,155013,2025,1214,3,1217,9
2020-07-17,Marin,041,260295,4714,3839,5,3844,21
2020-07-17,Mariposa,043,17540,47,35,0,35,1
2020-07-17,Mendocino,045,87422,201,126,0,126,0
2020-07-17,Merced,047,269075,4004,2328,4,2332,12
2020-07-17,Modoc,049,8938,2,0,0,0,0
2020-07-17,Mono,051,14174,100,54,1,55,1
2020-07-17,Monterey,053,433212,4018,2922,16,2938,18
2020-07-17,Napa,055,140530,889,598,0,598,5
2020-07-17,Nevada,057,99092,281,200,9,209,1
2020-07-17,Orange,059,3164182,37562,28962,540,29502,485
2020-07-17,Placer,061,380077,1749,1207,3,1210,11
2020-07-17,Plumas,063,18699,27,16,0,16,0
2020-07-17,Riverside,065,2383286,37339,29639,37,29676,580
2020-07-17,Sacramento,067,1510023,9375,6563,8,6571,95
2020-07-17,San Benito,069,59416,529,399,0,399,2
2020-07-17,San Bernardino,071,2135413,32703,23057,93,23150,322
2020-07-17,San Diego,073,3302833,27429,22491,2,22493,472
2020-07-17,San Francisco,075,870044,5971,4967,6,4973,52
2020-07-17,San Joaquin,077,732212,11204,7925,6,7931,86
2020-07-17,San Luis Obispo,079,281455,1638,1190,7,1197,6
2020-07-17,San Mateo,081,765935,5330,4407,6,4413,110
2020-07-17,Santa Barbara,083,443738,6526,5001,48,5049,29
2020-07-17,Santa Clara,085,1922200,10031,7080,22,7102,164
2020-07-17,Santa Cruz,087,273765,964,716,8,724,3
2020-07-17,Shasta,089,179085,360,213,1,214,8
2020-07-17,Sierra,091,2930,1,1,0,1,0
2020-07-17,Siskiyou,093,43540,70,40,0,40,0
2020-07-17,Solano,095,438530,3466,2452,12,2464,26
2020-07-17,Sonoma,097,501317,2788,1982,5,1987,15
2020-07-17,Stanislaus,099,539301,8850,6220,12,6232,56
2020-07-17,Sutter,101,95872,584,458,0,458,2
2020-07-17,Tehama,103,63373,198,128,2,130,1
2020-07-17,Trinity,105,12862,21,2,5,7,0
2020-07-17,Tulare,107,460477,8943,6671,32,6703,166
2020-07-17,Tuolumne,109,53932,121,73,3,76,0
2020-07-17,Ventura,111,848112,7209,5451,25,5476,51
2020-07-17,Yolo,113,214977,1450,1055,3,1058,30
2020-07-17,Yuba,115,75493,307,231,0,231,1
2020-07-16,Alameda,001,1643700,10897,8719,24,8743,153
2020-07-16,Alpine,003,1148,3,1,0,1,0
2020-07-16,Amador,005,37829,93,46,0,46,0
2020-07-16,Butte,007,227075,799,465,9,474,4
2020-07-16,Calaveras,009,45235,94,82,0,82,0
2020-07-16,Colusa,011,21464,263,140,0,140,0
2020-07-16,Contra Costa,013,1133247,7480,5338,16,5354,91
2020-07-16,Del Norte,015,27424,82,60,0,60,0
2020-07-16,El Dorado,017,186661,602,357,0,357,0
2020-07-16,Fresno,019,978130,16704,9481,128,9609,101
2020-07-16,Glenn,021,27897,287,190,0,190,0
2020-07-16,Humboldt,023,135768,214,184,1,185,4
2020-07-16,Imperial,025,180216,9607,7148,6,7154,113
2020-07-16,Inyo,027,18085,42,38,3,41,1
2020-07-16,Kern,029,883053,19027,7435,74,7509,112
2020-07-16,Kings,031,150075,3687,2937,24,2961,37
2020-07-16,Lake,033,64148,179,128,0,128,1
2020-07-16,Lassen,035,31185,522,355,2,357,0
2020-07-16,Los Angeles,037,10098052,167742,147759,271,148030,3994
2020-07-16,Madera,039,155013,1961,1192,3,1195,8
2020-07-16,Marin,041,260295,4642,3546,5,3551,21
2020-07-16,Mariposa,043,17540,45,34,0,34,1
2020-07-16,Mendocino,045,87422,196,121,0,121,0
2020-07-16,Merced,047,269075,3842,2228,4,2232,12
2020-07-16,Modoc,049,8938,1,0,0,0,0
2020-07-16,Mono,051,14174,97,53,1,54,1
2020-07-16,Monterey,053,433212,3914,2857,15,2872,18
2020-07-16,Napa,055,140530,860,581,0,581,5
2020-07-16,Nevada,057,99092,278,191,9,200,1
2020-07-16,Orange,059,3164182,36861,28525,504,29029,471
2020-07-16,Placer,061,380077,1701,1168,3,1171,11
2020-07-16,Plumas,063,18699,25,16,0,16,0
2020-07-16,Riverside,065,2383286,36594,28904,35,28939,577
2020-07-16,Sacramento,067,1510023,9062,6440,8,6448,91
2020-07-16,San Benito,069,59416,512,389,0,389,2
2020-07-16,San Bernardino,071,2135413,31841,22355,75,22430,321
2020-07-16,San Diego,073,3302833,26942,21857,2,21859,465
2020-07-16,San Francisco,075,870044,5830,4838,6,4844,52
2020-07-16,San Joaquin,077,732212,10841,7713,6,7719,82
2020-07-16,San Luis Obispo,079,281455,1594,1146,7,1153,6
2020-07-16,San Mateo,081,765935,5226,4336,6,4342,110
2020-07-16,Santa Barbara,083,443738,6426,4872,47,4919,28
2020-07-16,Santa Clara,085,1922200,9751,6990,20,7010,164
2020-07-16,Santa Cruz,087,273765,923,698,8,706,3
2020-07-16,Shasta,089,179085,345,208,1,209,7
2020-07-16,Sierra,091,2930,1,1,0,1,0
2020-07-16,Siskiyou,093,43540,67,39,0,39,0
2020-07-16,Solano,095,438530,3372,2372,12,2384,25
2020-07-16,Sonoma,097,501317,2698,1954,5,1959,14
2020-07-16,Stanislaus,099,539301,8568,6077,11,6088,56
2020-07-16,Sutter,101,95872,568,444,0,444,2
2020-07-16,Tehama,103,63373,188,126,2,128,1
2020-07-16,Trinity,105,12862,21,2,4,6,0
2020-07-16,Tulare,107,460477,8727,6467,31,6498,163
2020-07-16,Tuolumne,109,53932,116,71,3,74,0
2020-07-16,Ventura,111,848112,7047,5231,25,5256,50
2020-07-16,Yolo,113,214977,1408,1034,3,1037,29
2020-07-16,Yuba,115,75493,289,221,0,221,1
2020-07-15,Alameda,001,1643700,10692,8615,19,8634,153
2020-07-15,Alpine,003,1148,3,1,0,1,0
2020-07-15,Amador,005,37829,72,44,0,44,0
2020-07-15,Butte,007,227075,757,420,9,429,4
2020-07-15,Calaveras,009,45235,94,75,0,75,0
2020-07-15,Colusa,011,21464,258,135,0,135,0
2020-07-15,Contra Costa,013,1133247,7249,5246,16,5262,90
2020-07-15,Del Norte,015,27424,81,60,0,60,0
2020-07-15,El Dorado,017,186661,578,339,0,339,0
2020-07-15,Fresno,019,978130,16230,9124,121,9245,101
2020-07-15,Glenn,021,27897,278,184,0,184,0
2020-07-15,Humboldt,023,135768,212,181,1,182,4
2020-07-15,Imperial,025,180216,9540,7110,6,7116,110
2020-07-15,Inyo,027,18085,42,36,3,39,1
2020-07-15,Kern,029,883053,18407,7155,71,7226,108
2020-07-15,Kings,031,150075,3626,2906,24,2930,37
2020-07-15,Lake,033,64148,177,122,0,122,1
2020-07-15,Lassen,035,31185,518,319,2,321,0
2020-07-15,Los Angeles,037,10098052,164274,143343,256,143599,3946
2020-07-15,Madera,039,155013,1892,1147,3,1150,4
2020-07-15,Marin,041,260295,4587,3458,5,3463,21
2020-07-15,Mariposa,043,17540,45,34,0,34,1
2020-07-15,Mendocino,045,87422,193,119,0,119,0
2020-07-15,Merced,047,269075,3692,2156,4,2160,12
2020-07-15,Modoc,049,8938,1,0,0,0,0
2020-07-15,Mono,051,14174,95,52,1,53,1
2020-07-15,Monterey,053,433212,3802,2780,15,2795,18
2020-07-15,Napa,055,140530,834,573,0,573,5
2020-07-15,Nevada,057,99092,274,185,7,192,1
2020-07-15,Orange,059,3164182,36061,27718,470,28188,454
2020-07-15,Placer,061,380077,1643,1145,3,1148,11
2020-07-15,Plumas,063,18699,25,16,0,16,0
2020-07-15,Riverside,065,2383286,35812,28492,33,28525,568
2020-07-15,Sacramento,067,1510023,8681,6217,8,6225,91
2020-07-15,San Benito,069,59416,503,388,0,388,2
2020-07-15,San Bernardino,071,2135413,31051,21508,58,21566,317
2020-07-15,San Diego,073,3302833,26475,21448,2,21450,448
2020-07-15,San Francisco,075,870044,5716,4757,6,4763,50
2020-07-15,San Joaquin,077,732212,10409,7381,5,7386,75
2020-07-15,San Luis Obispo,079,281455,1551,1097,7,1104,6
2020-07-15,San Mateo,081,765935,5113,4258,6,4264,109
2020-07-15,Santa Barbara,083,443738,6309,4733,47,4780,28
2020-07-15,Santa Clara,085,1922200,9448,6900,20,6920,164
2020-07-15,Santa Cruz,087,273765,887,660,7,667,3
2020-07-15,Shasta,089,179085,336,193,1,194,7
2020-07-15,Sierra,091,2930,1,1,0,1,0
2020-07-15,Siskiyou,093,43540,66,38,0,38,0
2020-07-15,Solano,095,438530,3277,2343,12,2355,25
2020-07-15,Sonoma,097,501317,2600,1920,5,1925,14
2020-07-15,Stanislaus,099,539301,8271,5777,11,5788,56
2020-07-15,Sutter,101,95872,542,433,0,433,2
2020-07-15,Tehama,103,63373,180,126,2,128,1
2020-07-15,Trinity,105,12862,20,2,4,6,0
2020-07-15,Tulare,107,460477,8516,6320,30,6350,156
2020-07-15,Tuolumne,109,53932,109,68,3,71,0
2020-07-15,Ventura,111,848112,6870,5087,25,5112,50
2020-07-15,Yolo,113,214977,1375,1002,3,1005,27
2020-07-15,Yuba,115,75493,277,221,0,221,1
2020-07-14,Alameda,001,1643700,10350,8388,13,8401,151
2020-07-14,Alpine,003,1148,3,1,0,1,0
2020-07-14,Amador,005,37829,68,44,0,44,0
2020-07-14,Butte,007,227075,711,382,9,391,4
2020-07-14,Calaveras,009,45235,92,74,0,74,0
2020-07-14,Colusa,011,21464,248,128,0,128,0
2020-07-14,Contra Costa,013,1133247,7012,5110,14,5124,90
2020-07-14,Del Norte,015,27424,80,60,0,60,0
2020-07-14,El Dorado,017,186661,563,324,0,324,0
2020-07-14,Fresno,019,978130,15809,8941,117,9058,98
2020-07-14,Glenn,021,27897,268,177,0,177,0
2020-07-14,Humboldt,023,135768,209,175,1,176,4
2020-07-14,Imperial,025,180216,9412,7095,6,7101,109
2020-07-14,Inyo,027,18085,42,35,3,38,1
2020-07-14,Kern,029,883053,17648,6979,58,7037,107
2020-07-14,Kings,031,150075,3559,2867,23,2890,37
2020-07-14,Lake,033,64148,171,120,0,120,1
2020-07-14,Lassen,035,31185,501,263,2,265,0
2020-07-14,Los Angeles,037,10098052,161137,140632,227,140859,3900
2020-07-14,Madera,039,155013,1818,1118,3,1121,4
2020-07-14,Marin,041,260295,4473,3451,5,3456,21
2020-07-14,Mariposa,043,17540,41,32,0,32,1
2020-07-14,Mendocino,045,87422,185,110,0,110,0
2020-07-14,Merced,047,269075,3513,2084,4,2088,12
2020-07-14,Modoc,049,8938,1,0,0,0,0
2020-07-14,Mono,051,14174,85,48,1,49,1
2020-07-14,Monterey,053,433212,3688,2724,15,2739,18
2020-07-14,Napa,055,140530,778,557,0,557,4
2020-07-14,Nevada,057,99092,257,180,6,186,1
2020-07-14,Orange,059,3164182,35181,26915,423,27338,432
2020-07-14,Placer,061,380077,1585,1122,3,1125,11
2020-07-14,Plumas,063,18699,24,14,0,14,0
2020-07-14,Riverside,065,2383286,35055,27850,32,27882,547
2020-07-14,Sacramento,067,1510023,8327,5978,8,5986,87
2020-07-14,San Benito,069,59416,484,360,0,360,2
2020-07-14,San Bernardino,071,2135413,30200,20489,47,20536,316
2020-07-14,San Diego,073,3302833,25856,20887,2,20889,436
2020-07-14,San Francisco,075,870044,5566,4659,5,4664,50
2020-07-14,San Joaquin,077,732212,9981,7143,5,7148,75
2020-07-14,San Luis Obispo,079,281455,1513,1060,7,1067,5
2020-07-14,San Mateo,081,765935,5020,4173,6,4179,108
2020-07-14,Santa Barbara,083,443738,6185,4641,45,4686,28
2020-07-14,Santa Clara,085,1922200,9120,6686,17,6703,164
2020-07-14,Santa Cruz,087,273765,848,639,7,646,3
2020-07-14,Shasta,089,179085,327,190,1,191,7
2020-07-14,Sierra,091,2930,1,1,0,1,0
2020-07-14,Siskiyou,093,43540,65,38,0,38,0
2020-07-14,Solano,095,438530,3177,2266,10,2276,25
2020-07-14,Sonoma,097,501317,2508,1866,5,1871,14
2020-07-14,Stanislaus,099,539301,7897,5631,10,5641,53
2020-07-14,Sutter,101,95872,523,405,0,405,2
2020-07-14,Tehama,103,63373,168,123,2,125,1
2020-07-14,Trinity,105,12862,19,2,4,6,0
2020-07-14,Tulare,107,460477,8270,6199,30,6229,156
2020-07-14,Tuolumne,109,53932,104,68,3,71,0
2020-07-14,Ventura,111,848112,6709,4950,25,4975,50
2020-07-14,Yolo,113,214977,1327,966,3,969,27
2020-07-14,Yuba,115,75493,260,210,0,210,1
2020-07-13,Alameda,001,1643700,10042,8115,13,8128,148
2020-07-13,Alpine,003,1148,3,1,0,1,0
2020-07-13,Amador,005,37829,64,42,0,42,0
2020-07-13,Butte,007,227075,675,354,9,363,4
2020-07-13,Calaveras,009,45235,83,63,0,63,0
2020-07-13,Colusa,011,21464,242,116,0,116,0
2020-07-13,Contra Costa,013,1133247,6739,4882,12,4894,88
2020-07-13,Del Norte,015,27424,74,59,0,59,0
2020-07-13,El Dorado,017,186661,532,298,0,298,0
2020-07-13,Fresno,019,978130,15378,8666,112,8778,95
2020-07-13,Glenn,021,27897,261,168,0,168,0
2020-07-13,Humboldt,023,135768,204,174,1,175,4
2020-07-13,Imperial,025,180216,9327,7052,6,7058,109
2020-07-13,Inyo,027,18085,41,35,3,38,1
2020-07-13,Kern,029,883053,16963,6808,53,6861,107
2020-07-13,Kings,031,150075,3508,2824,23,2847,37
2020-07-13,Lake,033,64148,166,118,0,118,1
2020-07-13,Lassen,035,31185,496,237,2,239,0
2020-07-13,Los Angeles,037,10098052,157902,136368,213,136581,3829
2020-07-13,Madera,039,155013,1749,1059,3,1062,4
2020-07-13,Marin,041,260295,4370,3402,5,3407,21
2020-07-13,Mariposa,043,17540,40,31,0,31,1
2020-07-13,Mendocino,045,87422,181,87,0,87,0
2020-07-13,Merced,047,269075,3364,2007,4,2011,12
2020-07-13,Modoc,049,8938,1,0,0,0,0
2020-07-13,Mono,051,14174,81,47,0,47,1
2020-07-13,Monterey,053,433212,3565,2613,12,2625,18
2020-07-13,Napa,055,140530,742,534,0,534,4
2020-07-13,Nevada,057,99092,243,172,6,178,1
2020-07-13,Orange,059,3164182,34317,25978,393,26371,423
2020-07-13,Placer,061,380077,1540,1096,3,1099,11
2020-07-13,Plumas,063,18699,22,14,0,14,0
2020-07-13,Riverside,065,2383286,34131,27136,30,27166,545
2020-07-13,Sacramento,067,1510023,8030,5747,8,5755,85
2020-07-13,San Benito,069,59416,471,343,0,343,2
2020-07-13,San Bernardino,071,2135413,29322,19610,41,19651,313
2020-07-13,San Diego,073,3302833,25289,20348,2,20350,422
2020-07-13,San Francisco,075,870044,5438,4534,4,4538,50
2020-07-13,San Joaquin,077,732212,9563,6927,5,6932,71
2020-07-13,San Luis Obispo,079,281455,1482,989,7,996,5
2020-07-13,San Mateo,081,765935,4889,4057,6,4063,108
2020-07-13,Santa Barbara,083,443738,6071,4441,44,4485,28
2020-07-13,Santa Clara,085,1922200,8797,6488,16,6504,164
2020-07-13,Santa Cruz,087,273765,810,574,7,581,3
2020-07-13,Shasta,089,179085,316,185,1,186,6
2020-07-13,Sierra,091,2930,1,1,0,1,0
2020-07-13,Siskiyou,093,43540,61,37,0,37,0
2020-07-13,Solano,095,438530,3065,2046,10,2056,23
2020-07-13,Sonoma,097,501317,2397,1818,5,1823,14
2020-07-13,Stanislaus,099,539301,7594,5324,8,5332,53
2020-07-13,Sutter,101,95872,485,379,0,379,2
2020-07-13,Tehama,103,63373,155,112,2,114,1
2020-07-13,Trinity,105,12862,19,2,4,6,0
2020-07-13,Tulare,107,460477,8009,5930,28,5958,147
2020-07-13,Tuolumne,109,53932,96,56,3,59,0
2020-07-13,Ventura,111,848112,6519,4800,22,4822,50
2020-07-13,Yolo,113,214977,1282,941,3,944,27
2020-07-13,Yuba,115,75493,245,194,0,194,1
2020-07-12,Alameda,001,1643700,9771,8056,13,8069,148
2020-07-12,Alpine,003,1148,3,1,0,1,0
2020-07-12,Amador,005,37829,54,40,0,40,0
2020-07-12,Butte,007,227075,625,341,7,348,4
2020-07-12,Calaveras,009,45235,83,62,0,62,0
2020-07-12,Colusa,011,21464,208,116,0,116,0
2020-07-12,Contra Costa,013,1133247,6468,4708,10,4718,88
2020-07-12,Del Norte,015,27424,63,59,0,59,0
2020-07-12,El Dorado,017,186661,510,290,0,290,0
2020-07-12,Fresno,019,978130,14951,8407,107,8514,95
2020-07-12,Glenn,021,27897,248,166,0,166,0
2020-07-12,Humboldt,023,135768,200,174,1,175,4
2020-07-12,Imperial,025,180216,9208,6999,6,7005,109
2020-07-12,Inyo,027,18085,39,35,3,38,1
2020-07-12,Kern,029,883053,16219,6662,50,6712,105
2020-07-12,Kings,031,150075,3446,2779,23,2802,34
2020-07-12,Lake,033,64148,157,114,0,114,1
2020-07-12,Lassen,035,31185,489,237,2,239,0
2020-07-12,Los Angeles,037,10098052,154481,133830,184,134014,3816
2020-07-12,Madera,039,155013,1694,1025,3,1028,4
2020-07-12,Marin,041,260295,4293,3358,5,3363,21
2020-07-12,Mariposa,043,17540,39,31,0,31,1
2020-07-12,Mendocino,045,87422,162,88,0,88,0
2020-07-12,Merced,047,269075,3234,1908,4,1912,12
2020-07-12,Modoc,049,8938,1,0,0,0,0
2020-07-12,Mono,051,14174,71,45,0,45,1
2020-07-12,Monterey,053,433212,3450,2521,12,2533,18
2020-07-12,Napa,055,140530,710,519,0,519,4
2020-07-12,Nevada,057,99092,233,166,6,172,1
2020-07-12,Orange,059,3164182,33442,25399,384,25783,422
2020-07-12,Placer,061,380077,1484,1058,3,1061,11
2020-07-12,Plumas,063,18699,21,14,0,14,0
2020-07-12,Riverside,065,2383286,33372,26404,30,26434,542
2020-07-12,Sacramento,067,1510023,7718,5515,6,5521,85
2020-07-12,San Benito,069,59416,456,324,0,324,2
2020-07-12,San Bernardino,071,2135413,28409,19042,36,19078,312
2020-07-12,San Diego,073,3302833,24660,19929,2,19931,422
2020-07-12,San Francisco,075,870044,5288,4535,4,4539,50
2020-07-12,San Joaquin,077,732212,9201,6703,5,6708,71
2020-07-12,San Luis Obispo,079,281455,1435,972,7,979,5
2020-07-12,San Mateo,081,765935,4771,3988,6,3994,108
2020-07-12,Santa Barbara,083,443738,5941,4353,43,4396,28
2020-07-12,Santa Clara,085,1922200,8559,6252,15,6267,164
2020-07-12,Santa Cruz,087,273765,768,573,5,578,3
2020-07-12,Shasta,089,179085,310,173,1,174,6
2020-07-12,Sierra,091,2930,1,1,0,1,0
2020-07-12,Siskiyou,093,43540,59,36,0,36,0
2020-07-12,Solano,095,438530,2940,2037,10,2047,23
2020-07-12,Sonoma,097,501317,2302,1743,5,1748,13
2020-07-12,Stanislaus,099,539301,7290,5177,8,5185,53
2020-07-12,Sutter,101,95872,467,362,0,362,2
2020-07-12,Tehama,103,63373,148,111,2,113,1
2020-07-12,Trinity,105,12862,19,2,4,6,0
2020-07-12,Tulare,107,460477,7754,5864,27,5891,146
2020-07-12,Tuolumne,109,53932,88,52,3,55,0
2020-07-12,Ventura,111,848112,6303,4724,21,4745,50
2020-07-12,Yolo,113,214977,1241,889,3,892,27
2020-07-12,Yuba,115,75493,234,188,0,188,1
2020-07-11,Alameda,001,1643700,9669,7845,13,7858,148
2020-07-11,Alpine,003,1148,3,1,0,1,0
2020-07-11,Amador,005,37829,50,37,0,37,0
2020-07-11,Butte,007,227075,609,325,7,332,4
2020-07-11,Calaveras,009,45235,80,62,0,62,0
2020-07-11,Colusa,011,21464,203,110,0,110,0
2020-07-11,Contra Costa,013,1133247,6351,4650,10,4660,87
2020-07-11,Del Norte,015,27424,63,59,0,59,0
2020-07-11,El Dorado,017,186661,499,283,0,283,0
2020-07-11,Fresno,019,978130,14691,8086,105,8191,95
2020-07-11,Glenn,021,27897,240,161,0,161,0
2020-07-11,Humboldt,023,135768,199,174,1,175,4
2020-07-11,Imperial,025,180216,9169,6884,6,6890,109
2020-07-11,Inyo,027,18085,39,35,3,38,1
2020-07-11,Kern,029,883053,15862,6509,49,6558,103
2020-07-11,Kings,031,150075,3419,2753,23,2776,33
2020-07-11,Lake,033,64148,156,110,0,110,1
2020-07-11,Lassen,035,31185,488,237,2,239,0
2020-07-11,Los Angeles,037,10098052,152762,130479,174,130653,3802
2020-07-11,Madera,039,155013,1653,988,3,991,4
2020-07-11,Marin,041,260295,4265,3191,5,3196,21
2020-07-11,Mariposa,043,17540,39,31,0,31,1
2020-07-11,Mendocino,045,87422,158,88,0,88,0
2020-07-11,Merced,047,269075,3153,1851,4,1855,12
2020-07-11,Modoc,049,8938,1,0,0,0,0
2020-07-11,Mono,051,14174,68,45,0,45,1
2020-07-11,Monterey,053,433212,3361,2376,11,2387,18
2020-07-11,Napa,055,140530,698,509,0,509,4
2020-07-11,Nevada,057,99092,224,163,5,168,1
2020-07-11,Orange,059,3164182,33065,24430,370,24800,422
2020-07-11,Placer,061,380077,1449,1029,3,1032,11
2020-07-11,Plumas,063,18699,21,12,0,12,0
2020-07-11,Riverside,065,2383286,32981,25994,30,26024,538
2020-07-11,Sacramento,067,1510023,7544,5367,6,5373,84
2020-07-11,San Benito,069,59416,441,314,0,314,2
2020-07-11,San Bernardino,071,2135413,27972,18907,34,18941,310
2020-07-11,San Diego,073,3302833,24275,19371,2,19373,422
2020-07-11,San Francisco,075,870044,5192,4430,3,4433,50
2020-07-11,San Joaquin,077,732212,9023,6518,5,6523,72
2020-07-11,San Luis Obispo,079,281455,1387,930,7,937,4
2020-07-11,San Mateo,081,765935,4703,3956,6,3962,108
2020-07-11,Santa Barbara,083,443738,5872,4283,42,4325,28
2020-07-11,Santa Clara,085,1922200,8400,5959,15,5974,164
2020-07-11,Santa Cruz,087,273765,737,571,5,576,3
2020-07-11,Shasta,089,179085,303,168,1,169,6
2020-07-11,Sierra,091,2930,1,1,0,1,0
2020-07-11,Siskiyou,093,43540,59,36,0,36,0
2020-07-11,Solano,095,438530,2899,2034,10,2044,23
2020-07-11,Sonoma,097,501317,2265,1690,5,1695,13
2020-07-11,Stanislaus,099,539301,7149,4911,8,4919,51
2020-07-11,Sutter,101,95872,451,352,0,352,2
2020-07-11,Tehama,103,63373,146,111,2,113,1
2020-07-11,Trinity,105,12862,19,2,4,6,0
2020-07-11,Tulare,107,460477,7648,5780,27,5807,149
2020-07-11,Tuolumne,109,53932,86,50,3,53,0
2020-07-11,Ventura,111,848112,6207,4545,20,4565,49
2020-07-11,Yolo,113,214977,1211,833,3,836,27
2020-07-11,Yuba,115,75493,224,175,0,175,1
2020-07-10,Alameda,001,1643700,9512,7551,13,7564,147
2020-07-10,Alpine,003,1148,3,1,0,1,0
2020-07-10,Amador,005,37829,46,37,0,37,0
2020-07-10,Butte,007,227075,598,318,7,325,4
2020-07-10,Calaveras,009,45235,80,61,0,61,0
2020-07-10,Colusa,011,21464,197,103,0,103,0
2020-07-10,Contra Costa,013,1133247,6208,4482,10,4492,86
2020-07-10,Del Norte,015,27424,63,57,0,57,0
2020-07-10,El Dorado,017,186661,481,266,0,266,0
2020-07-10,Fresno,019,978130,14359,7760,102,7862,93
2020-07-10,Glenn,021,27897,235,157,0,157,0
2020-07-10,Humboldt,023,135768,198,168,1,169,4
2020-07-10,Imperial,025,180216,9124,6878,5,6883,98
2020-07-10,Inyo,027,18085,39,35,3,38,1
2020-07-10,Kern,029,883053,15429,6344,48,6392,102
2020-07-10,Kings,031,150075,3383,2707,23,2730,33
2020-07-10,Lake,033,64148,149,104,0,104,1
2020-07-10,Lassen,035,31185,487,235,2,237,0
2020-07-10,Los Angeles,037,10098052,150343,127503,168,127671,3750
2020-07-10,Madera,039,155013,1607,914,3,917,4
2020-07-10,Marin,041,260295,4202,3101,5,3106,21
2020-07-10,Mariposa,043,17540,38,31,0,31,1
2020-07-10,Mendocino,045,87422,150,88,0,88,0
2020-07-10,Merced,047,269075,3074,1802,4,1806,12
2020-07-10,Modoc,049,8938,1,0,0,0,0
2020-07-10,Mono,051,14174,67,45,0,45,1
2020-07-10,Monterey,053,433212,3282,2285,11,2296,18
2020-07-10,Napa,055,140530,687,496,0,496,4
2020-07-10,Nevada,057,99092,219,161,5,166,1
2020-07-10,Orange,059,3164182,32477,23692,367,24059,416
2020-07-10,Placer,061,380077,1409,1002,3,1005,11
2020-07-10,Plumas,063,18699,19,12,0,12,0
2020-07-10,Riverside,065,2383286,32464,25481,30,25511,533
2020-07-10,Sacramento,067,1510023,7289,5181,6,5187,81
2020-07-10,San Benito,069,59416,432,302,0,302,2
2020-07-10,San Bernardino,071,2135413,27446,18242,31,18273,308
2020-07-10,San Diego,073,3302833,23894,18862,2,18864,420
2020-07-10,San Francisco,075,870044,5101,4305,3,4308,50
2020-07-10,San Joaquin,077,732212,8790,6225,5,6230,67
2020-07-10,San Luis Obispo,079,281455,1349,891,7,898,4
2020-07-10,San Mateo,081,765935,4638,3844,6,3850,107
2020-07-10,Santa Barbara,083,443738,5775,4177,41,4218,28
2020-07-10,Santa Clara,085,1922200,8176,5819,15,5834,164
2020-07-10,Santa Cruz,087,273765,710,540,5,545,3
2020-07-10,Shasta,089,179085,299,158,1,159,6
2020-07-10,Sierra,091,2930,1,1,0,1,0
2020-07-10,Siskiyou,093,43540,59,31,0,31,0
2020-07-10,Solano,095,438530,2852,1950,10,1960,23
2020-07-10,Sonoma,097,501317,2218,1606,4,1610,13
2020-07-10,Stanislaus,099,539301,6979,4781,8,4789,46
2020-07-10,Sutter,101,95872,444,338,0,338,2
2020-07-10,Tehama,103,63373,145,107,2,109,1
2020-07-10,Trinity,105,12862,19,2,4,6,0
2020-07-10,Tulare,107,460477,7511,5677,27,5704,150
2020-07-10,Tuolumne,109,53932,85,49,3,52,0
2020-07-10,Ventura,111,848112,6093,4416,20,4436,48
2020-07-10,Yolo,113,214977,1187,794,3,797,27
2020-07-10,Yuba,115,75493,210,164,0,164,1
2020-07-09,Alameda,001,1643700,9276,7433,13,7446,146
2020-07-09,Alpine,003,1148,3,1,0,1,0
2020-07-09,Amador,005,37829,43,36,0,36,0
2020-07-09,Butte,007,227075,566,295,7,302,4
2020-07-09,Calaveras,009,45235,79,59,0,59,0
2020-07-09,Colusa,011,21464,189,97,0,97,0
2020-07-09,Contra Costa,013,1133247,5965,4388,10,4398,86
2020-07-09,Del Norte,015,27424,63,57,0,57,0
2020-07-09,El Dorado,017,186661,456,255,0,255,0
2020-07-09,Fresno,019,978130,13902,7385,99,7484,90
2020-07-09,Glenn,021,27897,225,150,0,150,0
2020-07-09,Humboldt,023,135768,195,166,1,167,4
2020-07-09,Imperial,025,180216,9029,6778,5,6783,87
2020-07-09,Inyo,027,18085,37,35,3,38,1
2020-07-09,Kern,029,883053,14784,6100,46,6146,95
2020-07-09,Kings,031,150075,3319,2686,22,2708,33
2020-07-09,Lake,033,64148,146,99,0,99,1
2020-07-09,Lassen,035,31185,431,221,2,223,0
2020-07-09,Los Angeles,037,10098052,147079,125062,144,125206,3698
2020-07-09,Madera,039,155013,1530,850,3,853,4
2020-07-09,Marin,041,260295,4051,2975,4,2979,20
2020-07-09,Mariposa,043,17540,38,32,0,32,1
2020-07-09,Mendocino,045,87422,146,88,0,88,0
2020-07-09,Merced,047,269075,2941,1728,4,1732,11
2020-07-09,Modoc,049,8938,1,0,0,0,0
2020-07-09,Mono,051,14174,63,45,0,45,1
2020-07-09,Monterey,053,433212,3157,2223,11,2234,17
2020-07-09,Napa,055,140530,670,468,0,468,4
2020-07-09,Nevada,057,99092,213,156,5,161,1
2020-07-09,Orange,059,3164182,31506,22960,349,23309,407
2020-07-09,Placer,061,380077,1366,982,3,985,11
2020-07-09,Plumas,063,18699,19,12,0,12,0
2020-07-09,Riverside,065,2383286,31570,24980,29,25009,529
2020-07-09,Sacramento,067,1510023,6962,4950,6,4956,81
2020-07-09,San Benito,069,59416,416,295,0,295,2
2020-07-09,San Bernardino,071,2135413,26574,17339,25,17364,307
2020-07-09,San Diego,073,3302833,23302,18404,2,18406,415
2020-07-09,San Francisco,075,870044,4969,4143,3,4146,50
2020-07-09,San Joaquin,077,732212,8431,6004,5,6009,66
2020-07-09,San Luis Obispo,079,281455,1309,869,7,876,3
2020-07-09,San Mateo,081,765935,4511,3792,6,3798,106
2020-07-09,Santa Barbara,083,443738,5641,4068,41,4109,28
2020-07-09,Santa Clara,085,1922200,7919,5638,15,5653,164
2020-07-09,Santa Cruz,087,273765,683,526,5,531,3
2020-07-09,Shasta,089,179085,293,155,1,156,5
2020-07-09,Sierra,091,2930,1,1,0,1,0
2020-07-09,Siskiyou,093,43540,55,31,0,31,0
2020-07-09,Solano,095,438530,2754,1892,10,1902,23
2020-07-09,Sonoma,097,501317,2132,1584,4,1588,13
2020-07-09,Stanislaus,099,539301,6663,4633,7,4640,46
2020-07-09,Sutter,101,95872,427,321,0,321,2
2020-07-09,Tehama,103,63373,140,102,2,104,1
2020-07-09,Trinity,105,12862,19,2,4,6,0
2020-07-09,Tulare,107,460477,7292,5501,26,5527,146
2020-07-09,Tuolumne,109,53932,84,47,3,50,0
2020-07-09,Ventura,111,848112,5925,4278,20,4298,47
2020-07-09,Yolo,113,214977,1140,764,3,767,27
2020-07-09,Yuba,115,75493,193,152,0,152,1
2020-07-08,Alameda,001,1643700,8984,7335,13,7348,142
2020-07-08,Alpine,003,1148,3,1,0,1,0
2020-07-08,Amador,005,37829,40,35,0,35,0
2020-07-08,Butte,007,227075,529,281,7,288,3
2020-07-08,Calaveras,009,45235,74,58,0,58,0
2020-07-08,Colusa,011,21464,176,90,0,90,0
2020-07-08,Contra Costa,013,1133247,5719,4268,8,4276,84
2020-07-08,Del Norte,015,27424,61,57,0,57,0
2020-07-08,El Dorado,017,186661,435,248,0,248,0
2020-07-08,Fresno,019,978130,13485,7102,91,7193,86
2020-07-08,Glenn,021,27897,214,146,0,146,0
2020-07-08,Humboldt,023,135768,192,162,1,163,4
2020-07-08,Imperial,025,180216,8942,6727,4,6731,76
2020-07-08,Inyo,027,18085,37,35,3,38,1
2020-07-08,Kern,029,883053,14206,5873,44,5917,91
2020-07-08,Kings,031,150075,3259,2629,20,2649,33
2020-07-08,Lake,033,64148,139,97,0,97,1
2020-07-08,Lassen,035,31185,335,221,2,223,0
2020-07-08,Los Angeles,037,10098052,143861,123462,117,123579,3650
2020-07-08,Madera,039,155013,1460,828,3,831,4
2020-07-08,Marin,041,260295,3952,2756,4,2760,17
2020-07-08,Mariposa,043,17540,38,31,0,31,1
2020-07-08,Mendocino,045,87422,133,84,0,84,0
2020-07-08,Merced,047,269075,2822,1578,4,1582,11
2020-07-08,Modoc,049,8938,1,0,0,0,0
2020-07-08,Mono,051,14174,60,45,0,45,1
2020-07-08,Monterey,053,433212,3039,2182,10,2192,17
2020-07-08,Napa,055,140530,647,468,0,468,4
2020-07-08,Nevada,057,99092,204,156,5,161,1
2020-07-08,Orange,059,3164182,30553,22088,344,22432,378
2020-07-08,Placer,061,380077,1320,948,3,951,11
2020-07-08,Plumas,063,18699,19,12,0,12,0
2020-07-08,Riverside,065,2383286,30606,24042,28,24070,508
2020-07-08,Sacramento,067,1510023,6674,4799,6,4805,80
2020-07-08,San Benito,069,59416,400,282,0,282,2
2020-07-08,San Bernardino,071,2135413,25720,16510,21,16531,296
2020-07-08,San Diego,073,3302833,22735,17844,2,17846,406
2020-07-08,San Francisco,075,870044,4880,4093,3,4096,50
2020-07-08,San Joaquin,077,732212,8088,5759,5,5764,61
2020-07-08,San Luis Obispo,079,281455,1258,825,7,832,2
2020-07-08,San Mateo,081,765935,4390,3733,6,3739,106
2020-07-08,Santa Barbara,083,443738,5522,3985,41,4026,28
2020-07-08,Santa Clara,085,1922200,7686,5510,15,5525,164
2020-07-08,Santa Cruz,087,273765,650,509,4,513,3
2020-07-08,Shasta,089,179085,284,148,1,149,6
2020-07-08,Sierra,091,2930,1,1,0,1,0
2020-07-08,Siskiyou,093,43540,55,31,0,31,0
2020-07-08,Solano,095,438530,2638,1821,10,1831,23
2020-07-08,Sonoma,097,501317,2057,1495,4,1499,9
2020-07-08,Stanislaus,099,539301,6363,4344,7,4351,46
2020-07-08,Sutter,101,95872,402,298,0,298,2
2020-07-08,Tehama,103,63373,134,100,2,102,1
2020-07-08,Trinity,105,12862,18,2,4,6,0
2020-07-08,Tulare,107,460477,7100,5307,21,5328,138
2020-07-08,Tuolumne,109,53932,80,42,3,45,0
2020-07-08,Ventura,111,848112,5760,4139,20,4159,47
2020-07-08,Yolo,113,214977,1097,727,3,730,26
2020-07-08,Yuba,115,75493,180,145,0,145,1
2020-07-07,Alameda,001,1643700,8665,7097,12,7109,141
2020-07-07,Alpine,003,1148,3,1,0,1,0
2020-07-07,Amador,005,37829,40,33,0,33,0
2020-07-07,Butte,007,227075,486,269,7,276,3
2020-07-07,Calaveras,009,45235,72,58,0,58,0
2020-07-07,Colusa,011,21464,143,84,0,84,0
2020-07-07,Contra Costa,013,1133247,5483,4131,7,4138,84
2020-07-07,Del Norte,015,27424,61,57,0,57,0
2020-07-07,El Dorado,017,186661,415,244,0,244,0
2020-07-07,Fresno,019,978130,13032,6738,90,6828,84
2020-07-07,Glenn,021,27897,205,145,0,145,0
2020-07-07,Humboldt,023,135768,189,150,1,151,4
2020-07-07,Imperial,025,180216,8843,6678,4,6682,51
2020-07-07,Inyo,027,18085,36,32,3,35,1
2020-07-07,Kern,029,883053,13507,5645,40,5685,88
2020-07-07,Kings,031,150075,3197,2623,17,2640,33
2020-07-07,Lake,033,64148,129,94,0,94,1
2020-07-07,Lassen,035,31185,264,219,2,221,0
2020-07-07,Los Angeles,037,10098052,140291,121026,109,121135,3588
2020-07-07,Madera,039,155013,1416,794,3,797,4
2020-07-07,Marin,041,260295,3863,2627,4,2631,17
2020-07-07,Mariposa,043,17540,38,31,0,31,1
2020-07-07,Mendocino,045,87422,125,82,0,82,0
2020-07-07,Merced,047,269075,2648,1531,4,1535,10
2020-07-07,Modoc,049,8938,1,0,0,0,0
2020-07-07,Mono,051,14174,59,42,0,42,1
2020-07-07,Monterey,053,433212,2896,2166,10,2176,17
2020-07-07,Napa,055,140530,628,459,0,459,4
2020-07-07,Nevada,057,99092,198,150,5,155,1
2020-07-07,Orange,059,3164182,29542,21741,330,22071,373
2020-07-07,Placer,061,380077,1279,930,3,933,11
2020-07-07,Plumas,063,18699,17,12,0,12,0
2020-07-07,Riverside,065,2383286,29591,23279,28,23307,499
2020-07-07,Sacramento,067,1510023,6330,4592,6,4598,76
2020-07-07,San Benito,069,59416,382,274,0,274,2
2020-07-07,San Bernardino,071,2135413,24849,16004,19,16023,277
2020-07-07,San Diego,073,3302833,22020,17580,2,17582,399
2020-07-07,San Francisco,075,870044,4787,4045,2,4047,50
2020-07-07,San Joaquin,077,732212,7746,5547,5,5552,59
2020-07-07,San Luis Obispo,079,281455,1197,795,7,802,2
2020-07-07,San Mateo,081,765935,4275,3691,6,3697,106
2020-07-07,Santa Barbara,083,443738,5393,3866,40,3906,27
2020-07-07,Santa Clara,085,1922200,7417,5438,15,5453,164
2020-07-07,Santa Cruz,087,273765,616,502,3,505,2
2020-07-07,Shasta,089,179085,271,144,1,145,6
2020-07-07,Sierra,091,2930,1,1,0,1,0
2020-07-07,Siskiyou,093,43540,54,30,0,30,0
2020-07-07,Solano,095,438530,2527,1776,9,1785,22
2020-07-07,Sonoma,097,501317,1986,1473,4,1477,8
2020-07-07,Stanislaus,099,539301,6024,4101,7,4108,46
2020-07-07,Sutter,101,95872,376,273,0,273,2
2020-07-07,Tehama,103,63373,125,95,2,97,1
2020-07-07,Trinity,105,12862,18,2,4,6,0
2020-07-07,Tulare,107,460477,6920,5189,19,5208,137
2020-07-07,Tuolumne,109,53932,74,40,2,42,0
2020-07-07,Ventura,111,848112,5591,3992,18,4010,46
2020-07-07,Yolo,113,214977,1029,706,3,709,26
2020-07-07,Yuba,115,75493,160,138,0,138,1
2020-07-06,Alameda,001,1643700,8427,6970,12,6982,141
2020-07-06,Alpine,003,1148,2,1,0,1,0
2020-07-06,Amador,005,37829,38,33,0,33,0
2020-07-06,Butte,007,227075,430,257,7,264,2
2020-07-06,Calaveras,009,45235,69,45,0,45,0
2020-07-06,Colusa,011,21464,134,80,0,80,0
2020-07-06,Contra Costa,013,1133247,5253,3901,6,3907,83
2020-07-06,Del Norte,015,27424,60,57,0,57,0
2020-07-06,El Dorado,017,186661,400,232,0,232,0
2020-07-06,Fresno,019,978130,12564,6364,84,6448,82
2020-07-06,Glenn,021,27897,197,129,0,129,0
2020-07-06,Humboldt,023,135768,187,148,1,149,3
2020-07-06,Imperial,025,180216,8724,6443,4,6447,47
2020-07-06,Inyo,027,18085,36,32,2,34,1
2020-07-06,Kern,029,883053,12701,5491,38,5529,82
2020-07-06,Kings,031,150075,3147,2583,12,2595,33
2020-07-06,Lake,033,64148,122,93,0,93,1
2020-07-06,Lassen,035,31185,262,219,2,221,0
2020-07-06,Los Angeles,037,10098052,136681,116707,95,116802,3541
2020-07-06,Madera,039,155013,1346,734,3,737,4
2020-07-06,Marin,041,260295,3623,2136,4,2140,17
2020-07-06,Mariposa,043,17540,36,31,0,31,1
2020-07-06,Mendocino,045,87422,108,72,0,72,0
2020-07-06,Merced,047,269075,2497,1396,4,1400,10
2020-07-06,Modoc,049,8938,1,0,0,0,0
2020-07-06,Mono,051,14174,58,40,0,40,1
2020-07-06,Monterey,053,433212,2806,2078,10,2088,15
2020-07-06,Napa,055,140530,610,454,0,454,4
2020-07-06,Nevada,057,99092,192,146,5,151,1
2020-07-06,Orange,059,3164182,28479,20167,293,20460,372
2020-07-06,Placer,061,380077,1217,904,3,907,11
2020-07-06,Plumas,063,18699,17,11,0,11,0
2020-07-06,Riverside,065,2383286,28539,22485,27,22512,477
2020-07-06,Sacramento,067,1510023,5980,4420,6,4426,71
2020-07-06,San Benito,069,59416,367,264,0,264,2
2020-07-06,San Bernardino,071,2135413,23993,15346,16,15362,272
2020-07-06,San Diego,073,3302833,21306,17002,2,17004,387
2020-07-06,San Francisco,075,870044,4666,3861,2,3863,50
2020-07-06,San Joaquin,077,732212,7376,5104,5,5109,57
2020-07-06,San Luis Obispo,079,281455,1139,751,7,758,2
2020-07-06,San Mateo,081,765935,4183,3650,5,3655,106
2020-07-06,Santa Barbara,083,443738,5256,3763,39,3802,27
2020-07-06,Santa Clara,085,1922200,7146,5369,15,5384,165
2020-07-06,Santa Cruz,087,273765,594,466,2,468,2
2020-07-06,Shasta,089,179085,261,143,1,144,6
2020-07-06,Sierra,091,2930,1,1,0,1,0
2020-07-06,Siskiyou,093,43540,50,30,0,30,0
2020-07-06,Solano,095,438530,2394,1668,9,1677,22
2020-07-06,Sonoma,097,501317,1922,1369,4,1373,8
2020-07-06,Stanislaus,099,539301,5622,3983,7,3990,46
2020-07-06,Sutter,101,95872,349,250,0,250,2
2020-07-06,Tehama,103,63373,122,95,2,97,1
2020-07-06,Trinity,105,12862,17,2,4,6,0
2020-07-06,Tulare,107,460477,6715,5039,17,5056,136
2020-07-06,Tuolumne,109,53932,71,30,2,32,0
2020-07-06,Ventura,111,848112,5398,3912,18,3930,44
2020-07-06,Yolo,113,214977,973,685,3,688,26
2020-07-06,Yuba,115,75493,146,124,0,124,1
2020-07-05,Alameda,001,1643700,8175,6861,12,6873,141
2020-07-05,Alpine,003,1148,2,1,0,1,0
2020-07-05,Amador,005,37829,36,31,0,31,0
2020-07-05,Butte,007,227075,395,248,7,255,2
2020-07-05,Calaveras,009,45235,66,45,0,45,0
2020-07-05,Colusa,011,21464,124,79,0,79,0
2020-07-05,Contra Costa,013,1133247,5013,3665,5,3670,80
2020-07-05,Del Norte,015,27424,60,57,0,57,0
2020-07-05,El Dorado,017,186661,382,227,0,227,0
2020-07-05,Fresno,019,978130,11996,6186,82,6268,82
2020-07-05,Glenn,021,27897,194,129,0,129,0
2020-07-05,Humboldt,023,135768,183,147,1,148,3
2020-07-05,Imperial,025,180216,8590,6441,4,6445,47
2020-07-05,Inyo,027,18085,35,32,2,34,1
2020-07-05,Kern,029,883053,11991,5351,38,5389,82
2020-07-05,Kings,031,150075,3064,2546,11,2557,31
2020-07-05,Lake,033,64148,122,92,0,92,1
2020-07-05,Lassen,035,31185,256,219,2,221,0
2020-07-05,Los Angeles,037,10098052,133461,115133,89,115222,3495
2020-07-05,Madera,039,155013,1267,564,3,567,4
2020-07-05,Marin,041,260295,3440,2080,4,2084,17
2020-07-05,Mariposa,043,17540,36,31,0,31,1
2020-07-05,Mendocino,045,87422,105,72,0,72,0
2020-07-05,Merced,047,269075,2352,1340,4,1344,10
2020-07-05,Modoc,049,8938,1,0,0,0,0
2020-07-05,Mono,051,14174,54,39,0,39,1
2020-07-05,Monterey,053,433212,2703,1994,10,2004,15
2020-07-05,Napa,055,140530,580,450,0,450,4
2020-07-05,Nevada,057,99092,186,141,5,146,1
2020-07-05,Orange,059,3164182,27539,19430,280,19710,372
2020-07-05,Placer,061,380077,1160,855,3,858,11
2020-07-05,Plumas,063,18699,16,11,0,11,0
2020-07-05,Riverside,065,2383286,27682,21511,27,21538,474
2020-07-05,Sacramento,067,1510023,5665,4265,5,4270,71
2020-07-05,San Benito,069,59416,348,258,0,258,2
2020-07-05,San Bernardino,071,2135413,23115,15026,16,15042,270
2020-07-05,San Diego,073,3302833,20618,16728,2,16730,387
2020-07-05,San Francisco,075,870044,4548,3861,2,3863,50
2020-07-05,San Joaquin,077,732212,7057,5015,5,5020,57
2020-07-05,San Luis Obispo,079,281455,1060,730,7,737,2
2020-07-05,San Mateo,081,765935,4072,3575,5,3580,106
2020-07-05,Santa Barbara,083,443738,5108,3671,36,3707,27
2020-07-05,Santa Clara,085,1922200,6855,5237,15,5252,162
2020-07-05,Santa Cruz,087,273765,576,467,0,467,2
2020-07-05,Shasta,089,179085,255,138,1,139,6
2020-07-05,Sierra,091,2930,1,1,0,1,0
2020-07-05,Siskiyou,093,43540,46,30,0,30,0
2020-07-05,Solano,095,438530,2274,1547,9,1556,22
2020-07-05,Sonoma,097,501317,1841,1369,4,1373,8
2020-07-05,Stanislaus,099,539301,5291,3777,6,3783,45
2020-07-05,Sutter,101,95872,321,241,0,241,2
2020-07-05,Tehama,103,63373,120,95,2,97,1
2020-07-05,Trinity,105,12862,17,2,4,6,0
2020-07-05,Tulare,107,460477,6456,4981,15,4996,135
2020-07-05,Tuolumne,109,53932,66,30,2,32,0
2020-07-05,Ventura,111,848112,5195,3866,18,3884,44
2020-07-05,Yolo,113,214977,933,644,3,647,26
2020-07-05,Yuba,115,75493,136,115,0,115,1
2020-07-04,Alameda,001,1643700,8063,6737,12,6749,141
2020-07-04,Alpine,003,1148,2,1,0,1,0
2020-07-04,Amador,005,37829,35,31,0,31,0
2020-07-04,Butte,007,227075,377,224,7,231,2
2020-07-04,Calaveras,009,45235,66,45,0,45,0
2020-07-04,Colusa,011,21464,123,76,0,76,0
2020-07-04,Contra Costa,013,1133247,4865,3583,5,3588,80
2020-07-04,Del Norte,015,27424,60,50,0,50,0
2020-07-04,El Dorado,017,186661,363,211,0,211,0
2020-07-04,Fresno,019,978130,11679,5999,80,6079,82
2020-07-04,Glenn,021,27897,187,128,0,128,0
2020-07-04,Humboldt,023,135768,176,144,1,145,3
2020-07-04,Imperial,025,180216,8542,6441,4,6445,47
2020-07-04,Inyo,027,18085,35,32,2,34,1
2020-07-04,Kern,029,883053,11687,5231,38,5269,81
2020-07-04,Kings,031,150075,3021,2509,11,2520,31
2020-07-04,Lake,033,64148,115,86,0,86,1
2020-07-04,Lassen,035,31185,256,219,2,221,0
2020-07-04,Los Angeles,037,10098052,131645,107256,78,107334,3462
2020-07-04,Madera,039,155013,1221,568,3,571,4
2020-07-04,Marin,041,260295,3411,1962,4,1966,17
2020-07-04,Mariposa,043,17540,36,28,0,28,1
2020-07-04,Mendocino,045,87422,105,72,0,72,0
2020-07-04,Merced,047,269075,2249,1252,3,1255,10
2020-07-04,Modoc,049,8938,1,0,0,0,0
2020-07-04,Mono,051,14174,54,37,0,37,1
2020-07-04,Monterey,053,433212,2623,1878,10,1888,15
2020-07-04,Napa,055,140530,571,426,0,426,4
2020-07-04,Nevada,057,99092,183,125,5,130,1
2020-07-04,Orange,059,3164182,27107,19247,267,19514,372
2020-07-04,Placer,061,380077,1125,796,3,799,11
2020-07-04,Plumas,063,18699,16,11,0,11,0
2020-07-04,Riverside,065,2383286,27315,21508,27,21535,474
2020-07-04,Sacramento,067,1510023,5494,4039,5,4044,71
2020-07-04,San Benito,069,59416,335,255,0,255,2
2020-07-04,San Bernardino,071,2135413,22688,14636,14,14650,270
2020-07-04,San Diego,073,3302833,20158,16166,2,16168,387
2020-07-04,San Francisco,075,870044,4456,3861,2,3863,50
2020-07-04,San Joaquin,077,732212,6844,4807,5,4812,57
2020-07-04,San Luis Obispo,079,281455,1020,699,7,706,2
2020-07-04,San Mateo,081,765935,4009,3532,5,3537,106
2020-07-04,Santa Barbara,083,443738,5032,3520,34,3554,27
2020-07-04,Santa Clara,085,1922200,6663,5045,14,5059,161
2020-07-04,Santa Cruz,087,273765,566,466,0,466,2
2020-07-04,Shasta,089,179085,252,135,1,136,6
2020-07-04,Sierra,091,2930,1,1,0,1,0
2020-07-04,Siskiyou,093,43540,39,30,0,30,0
2020-07-04,Solano,095,438530,2238,1548,9,1557,22
2020-07-04,Sonoma,097,501317,1815,1370,4,1374,8
2020-07-04,Stanislaus,099,539301,5133,3572,6,3578,44
2020-07-04,Sutter,101,95872,302,225,0,225,2
2020-07-04,Tehama,103,63373,117,92,2,94,1
2020-07-04,Trinity,105,12862,17,2,4,6,0
2020-07-04,Tulare,107,460477,6344,4802,14,4816,135
2020-07-04,Tuolumne,109,53932,62,30,2,32,0
2020-07-04,Ventura,111,848112,5071,3687,18,3705,44
2020-07-04,Yolo,113,214977,908,615,3,618,26
2020-07-04,Yuba,115,75493,129,102,0,102,1
2020-07-03,Alameda,001,1643700,7942,6486,12,6498,141
2020-07-03,Alpine,003,1148,2,1,0,1,0
2020-07-03,Amador,005,37829,35,25,0,25,0
2020-07-03,Butte,007,227075,365,212,7,219,2
2020-07-03,Calaveras,009,45235,66,44,0,44,0
2020-07-03,Colusa,011,21464,117,70,0,70,0
2020-07-03,Contra Costa,013,1133247,4731,3447,5,3452,78
2020-07-03,Del Norte,015,27424,60,50,0,50,0
2020-07-03,El Dorado,017,186661,351,201,0,201,0
2020-07-03,Fresno,019,978130,11374,5783,78,5861,81
2020-07-03,Glenn,021,27897,182,122,0,122,0
2020-07-03,Humboldt,023,135768,172,143,1,144,3
2020-07-03,Imperial,025,180216,8494,6345,4,6349,47
2020-07-03,Inyo,027,18085,35,32,2,34,1
2020-07-03,Kern,029,883053,11426,5213,38,5251,81
2020-07-03,Kings,031,150075,2985,2492,11,2503,31
2020-07-03,Lake,033,64148,108,83,0,83,0
2020-07-03,Lassen,035,31185,256,219,2,221,0
2020-07-03,Los Angeles,037,10098052,130128,107236,74,107310,3461
2020-07-03,Madera,039,155013,1176,565,3,568,4
2020-07-03,Marin,041,260295,3382,1776,4,1780,17
2020-07-03,Mariposa,043,17540,36,28,0,28,1
2020-07-03,Mendocino,045,87422,104,72,0,72,0
2020-07-03,Merced,047,269075,2183,1188,3,1191,10
2020-07-03,Modoc,049,8938,1,0,0,0,0
2020-07-03,Mono,051,14174,54,37,0,37,1
2020-07-03,Monterey,053,433212,2552,1804,10,1814,15
2020-07-03,Napa,055,140530,553,388,0,388,4
2020-07-03,Nevada,057,99092,182,125,5,130,1
2020-07-03,Orange,059,3164182,26716,18819,259,19078,366
2020-07-03,Placer,061,380077,1098,745,3,748,11
2020-07-03,Plumas,063,18699,16,11,0,11,0
2020-07-03,Riverside,065,2383286,27009,21171,27,21198,472
2020-07-03,Sacramento,067,1510023,5360,3711,5,3716,71
2020-07-03,San Benito,069,59416,328,243,0,243,2
2020-07-03,San Bernardino,071,2135413,22299,14040,14,14054,269
2020-07-03,San Diego,073,3302833,19702,15698,2,15700,387
2020-07-03,San Francisco,075,870044,4409,3781,2,3783,50
2020-07-03,San Joaquin,077,732212,6706,4416,4,4420,56
2020-07-03,San Luis Obispo,079,281455,985,676,7,683,2
2020-07-03,San Mateo,081,765935,3952,3439,5,3444,106
2020-07-03,Santa Barbara,083,443738,4945,3406,33,3439,27
2020-07-03,Santa Clara,085,1922200,6551,4820,14,4834,161
2020-07-03,Santa Cruz,087,273765,553,436,0,436,2
2020-07-03,Shasta,089,179085,244,113,1,114,6
2020-07-03,Sierra,091,2930,1,1,0,1,0
2020-07-03,Siskiyou,093,43540,36,30,0,30,0
2020-07-03,Solano,095,438530,2194,1496,8,1504,22
2020-07-03,Sonoma,097,501317,1767,1282,4,1286,8
2020-07-03,Stanislaus,099,539301,5008,3021,6,3027,43
2020-07-03,Sutter,101,95872,292,205,0,205,2
2020-07-03,Tehama,103,63373,115,89,2,91,1
2020-07-03,Trinity,105,12862,17,2,4,6,0
2020-07-03,Tulare,107,460477,6229,4656,14,4670,134
2020-07-03,Tuolumne,109,53932,60,27,2,29,0
2020-07-03,Ventura,111,848112,4975,3536,18,3554,44
2020-07-03,Yolo,113,214977,874,586,3,589,25
2020-07-03,Yuba,115,75493,124,96,0,96,1
2020-07-02,Alameda,001,1643700,7816,6386,12,6398,139
2020-07-02,Alpine,003,1148,2,1,0,1,0
2020-07-02,Amador,005,37829,34,23,0,23,0
2020-07-02,Butte,007,227075,348,199,7,206,2
2020-07-02,Calaveras,009,45235,62,42,0,42,0
2020-07-02,Colusa,011,21464,109,60,0,60,0
2020-07-02,Contra Costa,013,1133247,4548,3347,5,3352,77
2020-07-02,Del Norte,015,27424,59,50,0,50,0
2020-07-02,El Dorado,017,186661,340,193,0,193,0
2020-07-02,Fresno,019,978130,10915,5402,78,5480,78
2020-07-02,Glenn,021,27897,176,114,0,114,0
2020-07-02,Humboldt,023,135768,168,138,1,139,3
2020-07-02,Imperial,025,180216,8392,6236,4,6240,47
2020-07-02,Inyo,027,18085,35,29,2,31,1
2020-07-02,Kern,029,883053,10890,5036,36,5072,78
2020-07-02,Kings,031,150075,2934,2419,11,2430,31
2020-07-02,Lake,033,64148,104,81,0,81,0
2020-07-02,Lassen,035,31185,254,218,2,220,0
2020-07-02,Los Angeles,037,10098052,128110,107144,51,107195,3458
2020-07-02,Madera,039,155013,1108,548,3,551,4
2020-07-02,Marin,041,260295,3297,1706,4,1710,17
2020-07-02,Mariposa,043,17540,35,28,0,28,1
2020-07-02,Mendocino,045,87422,100,71,0,71,0
2020-07-02,Merced,047,269075,2086,1122,3,1125,10
2020-07-02,Modoc,049,8938,1,0,0,0,0
2020-07-02,Mono,051,14174,54,37,0,37,1
2020-07-02,Monterey,053,433212,2492,1796,10,1806,15
2020-07-02,Napa,055,140530,536,352,0,352,4
2020-07-02,Nevada,057,99092,176,118,4,122,1
2020-07-02,Orange,059,3164182,25951,17056,246,17302,360
2020-07-02,Placer,061,380077,1074,740,3,743,11
2020-07-02,Plumas,063,18699,15,8,0,8,0
2020-07-02,Riverside,065,2383286,26438,20253,27,20280,458
2020-07-02,Sacramento,067,1510023,5133,3587,5,3592,70
2020-07-02,San Benito,069,59416,320,236,0,236,2
2020-07-02,San Bernardino,071,2135413,21762,13185,14,13199,260
2020-07-02,San Diego,073,3302833,19240,15208,2,15210,377
2020-07-02,San Francisco,075,870044,4314,3676,2,3678,50
2020-07-02,San Joaquin,077,732212,6359,4243,4,4247,56
2020-07-02,San Luis Obispo,079,281455,940,659,7,666,2
2020-07-02,San Mateo,081,765935,3871,3390,5,3395,107
2020-07-02,Santa Barbara,083,443738,4845,3385,31,3416,27
2020-07-02,Santa Clara,085,1922200,6425,4722,14,4736,160
2020-07-02,Santa Cruz,087,273765,530,414,0,414,2
2020-07-02,Shasta,089,179085,241,110,1,111,5
2020-07-02,Sierra,091,2930,1,1,0,1,0
2020-07-02,Siskiyou,093,43540,36,30,0,30,0
2020-07-02,Solano,095,438530,2111,1429,8,1437,21
2020-07-02,Sonoma,097,501317,1709,1244,4,1248,6
2020-07-02,Stanislaus,099,539301,4836,2850,6,2856,41
2020-07-02,Sutter,101,95872,280,195,0,195,2
2020-07-02,Tehama,103,63373,113,86,2,88,1
2020-07-02,Trinity,105,12862,17,2,4,6,0
2020-07-02,Tulare,107,460477,6062,4559,13,4572,132
2020-07-02,Tuolumne,109,53932,57,23,2,25,0
2020-07-02,Ventura,111,848112,4819,3394,18,3412,42
2020-07-02,Yolo,113,214977,842,554,3,557,24
2020-07-02,Yuba,115,75493,114,93,0,93,1
2020-07-01,Alameda,001,1643700,7594,6125,12,6137,137
2020-07-01,Alpine,003,1148,2,1,0,1,0
2020-07-01,Amador,005,37829,33,22,0,22,0
2020-07-01,Butte,007,227075,323,185,7,192,2
2020-07-01,Calaveras,009,45235,60,37,0,37,0
2020-07-01,Colusa,011,21464,103,53,0,53,0
2020-07-01,Contra Costa,013,1133247,4336,3259,5,3264,76
2020-07-01,Del Norte,015,27424,59,50,0,50,0
2020-07-01,El Dorado,017,186661,313,183,0,183,0
2020-07-01,Fresno,019,978130,10479,5111,75,5186,76
2020-07-01,Glenn,021,27897,170,110,0,110,0
2020-07-01,Humboldt,023,135768,163,134,0,134,3
2020-07-01,Imperial,025,180216,8295,6150,4,6154,46
2020-07-01,Inyo,027,18085,34,30,2,32,1
2020-07-01,Kern,029,883053,10257,4853,34,4887,78
2020-07-01,Kings,031,150075,2866,2360,11,2371,30
2020-07-01,Lake,033,64148,103,75,0,75,0
2020-07-01,Lassen,035,31185,253,217,2,219,0
2020-07-01,Los Angeles,037,10098052,124905,105325,42,105367,3408
2020-07-01,Madera,039,155013,1067,519,3,522,4
2020-07-01,Marin,041,260295,3140,1636,4,1640,17
2020-07-01,Mariposa,043,17540,35,29,0,29,1
2020-07-01,Mendocino,045,87422,96,70,0,70,0
2020-07-01,Merced,047,269075,1986,1052,3,1055,10
2020-07-01,Modoc,049,8938,1,0,0,0,0
2020-07-01,Mono,051,14174,51,37,0,37,1
2020-07-01,Monterey,053,433212,2384,1703,9,1712,15
2020-07-01,Napa,055,140530,513,347,0,347,4
2020-07-01,Nevada,057,99092,166,115,4,119,1
2020-07-01,Orange,059,3164182,25065,15662,225,15887,343
2020-07-01,Placer,061,380077,1027,713,3,716,11
2020-07-01,Plumas,063,18699,13,8,0,8,0
2020-07-01,Riverside,065,2383286,25597,19537,26,19563,457
2020-07-01,Sacramento,067,1510023,4878,3425,5,3430,64
2020-07-01,San Benito,069,59416,311,219,0,219,2
2020-07-01,San Bernardino,071,2135413,20865,12712,11,12723,253
2020-07-01,San Diego,073,3302833,18681,14624,2,14626,372
2020-07-01,San Francisco,075,870044,4221,3626,2,3628,50
2020-07-01,San Joaquin,077,732212,6001,3990,4,3994,54
2020-07-01,San Luis Obispo,079,281455,913,613,7,620,1
2020-07-01,San Mateo,081,765935,3809,3326,5,3331,84
2020-07-01,Santa Barbara,083,443738,4725,3268,30,3298,27
2020-07-01,Santa Clara,085,1922200,6239,4547,13,4560,159
2020-07-01,Santa Cruz,087,273765,508,398,0,398,2
2020-07-01,Shasta,089,179085,236,104,1,105,5
2020-07-01,Sierra,091,2930,1,1,0,1,0
2020-07-01,Siskiyou,093,43540,36,28,0,28,0
2020-07-01,Solano,095,438530,2022,1350,8,1358,21
2020-07-01,Sonoma,097,501317,1613,1178,4,1182,6
2020-07-01,Stanislaus,099,539301,4557,2619,6,2625,41
2020-07-01,Sutter,101,95872,267,188,0,188,2
2020-07-01,Tehama,103,63373,106,80,2,82,1
2020-07-01,Trinity,105,12862,17,2,3,5,0
2020-07-01,Tulare,107,460477,5884,4359,13,4372,128
2020-07-01,Tuolumne,109,53932,54,17,2,19,0
2020-07-01,Ventura,111,848112,4676,3224,16,3240,41
2020-07-01,Yolo,113,214977,792,526,3,529,24
2020-07-01,Yuba,115,75493,109,57,0,57,1
2020-06-30,Alameda,001,1643700,7345,5959,10,5969,137
2020-06-30,Alpine,003,1148,2,1,0,1,0
2020-06-30,Amador,005,37829,33,21,0,21,0
2020-06-30,Butte,007,227075,306,163,7,170,2
2020-06-30,Calaveras,009,45235,55,31,0,31,0
2020-06-30,Colusa,011,21464,94,33,0,33,0
2020-06-30,Contra Costa,013,1133247,4130,3140,5,3145,75
2020-06-30,Del Norte,015,27424,59,48,0,48,0
2020-06-30,El Dorado,017,186661,300,175,0,175,0
2020-06-30,Fresno,019,978130,10030,4826,70,4896,75
2020-06-30,Glenn,021,27897,165,96,0,96,0
2020-06-30,Humboldt,023,135768,159,132,0,132,3
2020-06-30,Imperial,025,180216,8198,5968,4,5972,45
2020-06-30,Inyo,027,18085,34,30,2,32,1
2020-06-30,Kern,029,883053,9609,4721,30,4751,75
2020-06-30,Kings,031,150075,2817,2315,8,2323,30
2020-06-30,Lake,033,64148,95,56,0,56,0
2020-06-30,Lassen,035,31185,246,215,2,217,0
2020-06-30,Los Angeles,037,10098052,121318,103640,39,103679,3378
2020-06-30,Madera,039,155013,1010,475,3,478,4
2020-06-30,Marin,041,260295,3069,1614,4,1618,17
2020-06-30,Mariposa,043,17540,34,27,0,27,1
2020-06-30,Mendocino,045,87422,91,65,0,65,0
2020-06-30,Merced,047,269075,1849,970,3,973,10
2020-06-30,Modoc,049,8938,1,0,0,0,0
2020-06-30,Mono,051,14174,49,36,0,36,1
2020-06-30,Monterey,053,433212,2286,1657,9,1666,15
2020-06-30,Napa,055,140530,488,342,0,342,4
2020-06-30,Nevada,057,99092,158,113,4,117,1
2020-06-30,Orange,059,3164182,24134,14354,215,14569,335
2020-06-30,Placer,061,380077,1000,667,3,670,11
2020-06-30,Plumas,063,18699,12,8,0,8,0
2020-06-30,Riverside,065,2383286,24881,18656,25,18681,449
2020-06-30,Sacramento,067,1510023,4589,3246,5,3251,64
2020-06-30,San Benito,069,59416,300,200,0,200,2
2020-06-30,San Bernardino,071,2135413,19881,12375,11,12386,249
2020-06-30,San Diego,073,3302833,17977,14150,2,14152,365
2020-06-30,San Francisco,075,870044,4116,3555,1,3556,50
2020-06-30,San Joaquin,077,732212,5626,3744,4,3748,52
2020-06-30,San Luis Obispo,079,281455,876,583,7,590,1
2020-06-30,San Mateo,081,765935,3731,3268,5,3273,84
2020-06-30,Santa Barbara,083,443738,4608,3102,30,3132,25
2020-06-30,Santa Clara,085,1922200,6037,4346,13,4359,157
2020-06-30,Santa Cruz,087,273765,483,379,0,379,2
2020-06-30,Shasta,089,179085,220,100,1,101,5
2020-06-30,Sierra,091,2930,1,1,0,1,0
2020-06-30,Siskiyou,093,43540,35,26,0,26,0
2020-06-30,Solano,095,438530,1930,1256,8,1264,21
2020-06-30,Sonoma,097,501317,1548,1122,4,1126,6
2020-06-30,Stanislaus,099,539301,4259,2578,6,2584,41
2020-06-30,Sutter,101,95872,244,168,0,168,2
2020-06-30,Tehama,103,63373,104,75,2,77,1
2020-06-30,Trinity,105,12862,17,2,3,5,0
2020-06-30,Tulare,107,460477,5675,4207,13,4220,117
2020-06-30,Tuolumne,109,53932,50,16,2,18,0
2020-06-30,Ventura,111,848112,4542,3030,16,3046,40
2020-06-30,Yolo,113,214977,754,515,3,518,24
2020-06-30,Yuba,115,75493,105,55,0,55,1
2020-06-29,Alameda,001,1643700,7135,5766,10,5776,135
2020-06-29,Alpine,003,1148,2,1,0,1,0
2020-06-29,Amador,005,37829,30,20,0,20,0
2020-06-29,Butte,007,227075,285,157,7,164,2
2020-06-29,Calaveras,009,45235,53,30,0,30,0
2020-06-29,Colusa,011,21464,89,17,0,17,0
2020-06-29,Contra Costa,013,1133247,3967,2976,4,2980,75
2020-06-29,Del Norte,015,27424,59,47,0,47,0
2020-06-29,El Dorado,017,186661,286,163,0,163,0
2020-06-29,Fresno,019,978130,9682,4531,69,4600,74
2020-06-29,Glenn,021,27897,156,77,0,77,0
2020-06-29,Humboldt,023,135768,158,128,0,128,3
2020-06-29,Imperial,025,180216,8067,5512,4,5516,45
2020-06-29,Inyo,027,18085,33,29,0,29,1
2020-06-29,Kern,029,883053,8945,4613,28,4641,73
2020-06-29,Kings,031,150075,2752,2280,8,2288,20
2020-06-29,Lake,033,64148,88,53,0,53,0
2020-06-29,Lassen,035,31185,238,77,2,79,0
2020-06-29,Los Angeles,037,10098052,118272,100846,33,100879,3337
2020-06-29,Madera,039,155013,953,422,3,425,4
2020-06-29,Marin,041,260295,2993,1517,4,1521,17
2020-06-29,Mariposa,043,17540,32,25,0,25,1
2020-06-29,Mendocino,045,87422,88,63,0,63,0
2020-06-29,Merced,047,269075,1743,848,3,851,10
2020-06-29,Modoc,049,8938,1,0,0,0,0
2020-06-29,Mono,051,14174,47,35,0,35,1
2020-06-29,Monterey,053,433212,2214,1614,9,1623,14
2020-06-29,Napa,055,140530,467,317,0,317,4
2020-06-29,Nevada,057,99092,155,107,3,110,1
2020-06-29,Orange,059,3164182,23144,13682,199,13881,324
2020-06-29,Placer,061,380077,964,628,3,631,11
2020-06-29,Plumas,063,18699,12,6,0,6,0
2020-06-29,Riverside,065,2383286,23848,17683,25,17708,432
2020-06-29,Sacramento,067,1510023,4302,2985,5,2990,62
2020-06-29,San Benito,069,59416,285,193,0,193,2
2020-06-29,San Bernardino,071,2135413,18920,11643,11,11654,245
2020-06-29,San Diego,073,3302833,17401,13834,2,13836,361
2020-06-29,San Francisco,075,870044,4039,3389,1,3390,50
2020-06-29,San Joaquin,077,732212,5268,3202,4,3206,52
2020-06-29,San Luis Obispo,079,281455,842,544,7,551,1
2020-06-29,San Mateo,081,765935,3677,3170,5,3175,84
2020-06-29,Santa Barbara,083,443738,4498,2933,29,2962,25
2020-06-29,Santa Clara,085,1922200,5865,4231,13,4244,157
2020-06-29,Santa Cruz,087,273765,465,348,0,348,2
2020-06-29,Shasta,089,179085,212,94,1,95,5
2020-06-29,Sierra,091,2930,1,1,0,1,0
2020-06-29,Siskiyou,093,43540,35,25,0,25,0
2020-06-29,Solano,095,438530,1828,1077,8,1085,21
2020-06-29,Sonoma,097,501317,1476,1103,4,1107,5
2020-06-29,Stanislaus,099,539301,4053,2400,5,2405,36
2020-06-29,Sutter,101,95872,222,152,0,152,2
2020-06-29,Tehama,103,63373,100,63,2,65,1
2020-06-29,Trinity,105,12862,16,2,3,5,0
2020-06-29,Tulare,107,460477,5520,3906,12,3918,117
2020-06-29,Tuolumne,109,53932,46,16,2,18,0
2020-06-29,Ventura,111,848112,4395,2794,16,2810,40
2020-06-29,Yolo,113,214977,721,483,3,486,24
2020-06-29,Yuba,115,75493,92,55,0,55,1
2020-06-28,Alameda,001,1643700,6876,5698,10,5708,135
2020-06-28,Alpine,003,1148,2,1,0,1,0
2020-06-28,Amador,005,37829,28,20,0,20,0
2020-06-28,Butte,007,227075,265,150,7,157,2
2020-06-28,Calaveras,009,45235,48,30,0,30,0
2020-06-28,Colusa,011,21464,74,17,0,17,0
2020-06-28,Contra Costa,013,1133247,3777,2803,4,2807,73
2020-06-28,Del Norte,015,27424,58,47,0,47,0
2020-06-28,El Dorado,017,186661,274,162,0,162,0
2020-06-28,Fresno,019,978130,9321,4365,69,4434,74
2020-06-28,Glenn,021,27897,148,77,0,77,0
2020-06-28,Humboldt,023,135768,155,127,0,127,3
2020-06-28,Imperial,025,180216,7879,5513,4,5517,45
2020-06-28,Inyo,027,18085,33,29,0,29,1
2020-06-28,Kern,029,883053,8393,4541,26,4567,72
2020-06-28,Kings,031,150075,2693,2234,8,2242,18
2020-06-28,Lake,033,64148,84,53,0,53,0
2020-06-28,Lassen,035,31185,238,77,2,79,0
2020-06-28,Los Angeles,037,10098052,115067,98003,29,98032,3316
2020-06-28,Madera,039,155013,905,424,3,427,4
2020-06-28,Marin,041,260295,2647,1473,4,1477,17
2020-06-28,Mariposa,043,17540,32,24,0,24,1
2020-06-28,Mendocino,045,87422,86,63,0,63,0
2020-06-28,Merced,047,269075,1630,814,3,817,10
2020-06-28,Modoc,049,8938,1,0,0,0,0
2020-06-28,Mono,051,14174,47,35,0,35,1
2020-06-28,Monterey,053,433212,2132,1560,9,1569,13
2020-06-28,Napa,055,140530,433,307,0,307,4
2020-06-28,Nevada,057,99092,144,102,3,105,1
2020-06-28,Orange,059,3164182,22169,13213,180,13393,324
2020-06-28,Placer,061,380077,925,618,3,621,11
2020-06-28,Plumas,063,18699,11,6,0,6,0
2020-06-28,Riverside,065,2383286,23021,16848,24,16872,432
2020-06-28,Sacramento,067,1510023,4074,2803,5,2808,63
2020-06-28,San Benito,069,59416,274,190,0,190,2
2020-06-28,San Bernardino,071,2135413,18166,11344,10,11354,245
2020-06-28,San Diego,073,3302833,16856,13333,2,13335,361
2020-06-28,San Francisco,075,870044,3960,3388,1,3389,50
2020-06-28,San Joaquin,077,732212,4931,3201,4,3205,52
2020-06-28,San Luis Obispo,079,281455,803,531,6,537,1
2020-06-28,San Mateo,081,765935,3599,3124,5,3129,84
2020-06-28,Santa Barbara,083,443738,4353,2872,29,2901,25
2020-06-28,Santa Clara,085,1922200,5703,4131,13,4144,156
2020-06-28,Santa Cruz,087,273765,442,349,0,349,2
2020-06-28,Shasta,089,179085,199,89,0,89,5
2020-06-28,Sierra,091,2930,1,1,0,1,0
2020-06-28,Siskiyou,093,43540,35,25,0,25,0
2020-06-28,Solano,095,438530,1753,1077,8,1085,21
2020-06-28,Sonoma,097,501317,1422,1084,4,1088,5
2020-06-28,Stanislaus,099,539301,3847,2376,5,2381,36
2020-06-28,Sutter,101,95872,196,145,0,145,2
2020-06-28,Tehama,103,63373,93,63,2,65,1
2020-06-28,Trinity,105,12862,15,2,3,5,0
2020-06-28,Tulare,107,460477,5352,3812,12,3824,117
2020-06-28,Tuolumne,109,53932,41,14,2,16,0
2020-06-28,Ventura,111,848112,4237,2650,16,2666,40
2020-06-28,Yolo,113,214977,686,468,3,471,24
2020-06-28,Yuba,115,75493,88,39,0,39,1
2020-06-27,Alameda,001,1643700,6780,5581,10,5591,135
2020-06-27,Alpine,003,1148,2,1,0,1,0
2020-06-27,Amador,005,37829,26,20,0,20,0
2020-06-27,Butte,007,227075,257,137,7,144,2
2020-06-27,Calaveras,009,45235,46,30,0,30,0
2020-06-27,Colusa,011,21464,68,17,0,17,0
2020-06-27,Contra Costa,013,1133247,3682,2717,3,2720,72
2020-06-27,Del Norte,015,27424,58,47,0,47,0
2020-06-27,El Dorado,017,186661,268,159,0,159,0
2020-06-27,Fresno,019,978130,9075,4238,69,4307,74
2020-06-27,Glenn,021,27897,144,77,0,77,0
2020-06-27,Humboldt,023,135768,153,127,0,127,3
2020-06-27,Imperial,025,180216,7818,5513,4,5517,45
2020-06-27,Inyo,027,18085,33,29,0,29,1
2020-06-27,Kern,029,883053,8129,4411,25,4436,70
2020-06-27,Kings,031,150075,2667,2187,8,2195,18
2020-06-27,Lake,033,64148,81,42,0,42,0
2020-06-27,Lassen,035,31185,238,33,2,35,0
2020-06-27,Los Angeles,037,10098052,113326,95341,26,95367,3291
2020-06-27,Madera,039,155013,862,427,2,429,4
2020-06-27,Marin,041,260295,2602,1423,4,1427,17
2020-06-27,Mariposa,043,17540,31,22,0,22,1
2020-06-27,Mendocino,045,87422,86,63,0,63,0
2020-06-27,Merced,047,269075,1572,807,2,809,10
2020-06-27,Modoc,049,8938,1,0,0,0,0
2020-06-27,Mono,051,14174,46,35,0,35,1
2020-06-27,Monterey,053,433212,2068,1455,9,1464,12
2020-06-27,Napa,055,140530,423,282,0,282,3
2020-06-27,Nevada,057,99092,140,102,2,104,1
2020-06-27,Orange,059,3164182,21657,12951,175,13126,320
2020-06-27,Placer,061,380077,904,584,3,587,10
2020-06-27,Plumas,063,18699,11,6,0,6,0
2020-06-27,Riverside,065,2383286,22631,16209,24,16233,432
2020-06-27,Sacramento,067,1510023,3957,2685,5,2690,63
2020-06-27,San Benito,069,59416,267,182,0,182,2
2020-06-27,San Bernardino,071,2135413,17787,11238,10,11248,243
2020-06-27,San Diego,073,3302833,16491,12836,2,12838,360
2020-06-27,San Francisco,075,870044,3905,3332,1,3333,49
2020-06-27,San Joaquin,077,732212,4766,2995,4,2999,52
2020-06-27,San Luis Obispo,079,281455,779,505,6,511,1
2020-06-27,San Mateo,081,765935,3542,3083,5,3088,83
2020-06-27,Santa Barbara,083,443738,4281,2799,29,2828,25
2020-06-27,Santa Clara,085,1922200,5597,4006,13,4019,157
2020-06-27,Santa Cruz,087,273765,435,347,0,347,2
2020-06-27,Shasta,089,179085,194,87,0,87,5
2020-06-27,Sierra,091,2930,1,1,0,1,0
2020-06-27,Siskiyou,093,43540,35,25,0,25,0
2020-06-27,Solano,095,438530,1720,1076,8,1084,21
2020-06-27,Sonoma,097,501317,1391,1004,4,1008,5
2020-06-27,Stanislaus,099,539301,3747,2164,5,2169,36
2020-06-27,Sutter,101,95872,189,141,0,141,2
2020-06-27,Tehama,103,63373,90,63,2,65,1
2020-06-27,Trinity,105,12862,15,2,3,5,0
2020-06-27,Tulare,107,460477,5256,3810,12,3822,117
2020-06-27,Tuolumne,109,53932,40,13,2,15,0
2020-06-27,Ventura,111,848112,4138,2471,16,2487,40
2020-06-27,Yolo,113,214977,661,432,3,435,24
2020-06-27,Yuba,115,75493,80,39,0,39,1
2020-06-26,Alameda,001,1643700,6694,5502,9,5511,132
2020-06-26,Alpine,003,1148,2,1,0,1,0
2020-06-26,Amador,005,37829,25,20,0,20,0
2020-06-26,Butte,007,227075,242,135,7,142,2
2020-06-26,Calaveras,009,45235,44,30,0,30,0
2020-06-26,Colusa,011,21464,63,17,0,17,0
2020-06-26,Contra Costa,013,1133247,3569,2676,3,2679,72
2020-06-26,Del Norte,015,27424,57,47,0,47,0
2020-06-26,El Dorado,017,186661,260,159,0,159,0
2020-06-26,Fresno,019,978130,8849,4166,69,4235,74
2020-06-26,Glenn,021,27897,137,71,0,71,0
2020-06-26,Humboldt,023,135768,151,126,0,126,3
2020-06-26,Imperial,025,180216,7755,5400,4,5404,44
2020-06-26,Inyo,027,18085,32,29,0,29,1
2020-06-26,Kern,029,883053,7798,4366,25,4391,70
2020-06-26,Kings,031,150075,2635,2176,7,2183,18
2020-06-26,Lake,033,64148,80,42,0,42,0
2020-06-26,Lassen,035,31185,237,30,2,32,0
2020-06-26,Los Angeles,037,10098052,111160,93328,26,93354,3275
2020-06-26,Madera,039,155013,830,409,2,411,4
2020-06-26,Marin,041,260295,2566,1406,4,1410,17
2020-06-26,Mariposa,043,17540,30,21,0,21,1
2020-06-26,Mendocino,045,87422,83,63,0,63,0
2020-06-26,Merced,047,269075,1526,797,2,799,10
2020-06-26,Modoc,049,8938,1,0,0,0,0
2020-06-26,Mono,051,14174,45,35,0,35,1
2020-06-26,Monterey,053,433212,2016,1449,9,1458,12
2020-06-26,Napa,055,140530,413,277,0,277,3
2020-06-26,Nevada,057,99092,136,101,1,102,1
2020-06-26,Orange,059,3164182,20981,12659,173,12832,320
2020-06-26,Placer,061,380077,876,584,3,587,10
2020-06-26,Plumas,063,18699,11,6,0,6,0
2020-06-26,Riverside,065,2383286,22169,15858,24,15882,430
2020-06-26,Sacramento,067,1510023,3792,2687,5,2692,63
2020-06-26,San Benito,069,59416,263,176,0,176,2
2020-06-26,San Bernardino,071,2135413,17410,11111,10,11121,243
2020-06-26,San Diego,073,3302833,16126,12402,2,12404,358
2020-06-26,San Francisco,075,870044,3849,3330,1,3331,49
2020-06-26,San Joaquin,077,732212,4552,2943,4,2947,52
2020-06-26,San Luis Obispo,079,281455,764,498,6,504,1
2020-06-26,San Mateo,081,765935,3490,3055,5,3060,83
2020-06-26,Santa Barbara,083,443738,4191,2784,27,2811,25
2020-06-26,Santa Clara,085,1922200,5496,3968,13,3981,156
2020-06-26,Santa Cruz,087,273765,428,344,0,344,2
2020-06-26,Shasta,089,179085,187,86,0,86,5
2020-06-26,Sierra,091,2930,1,1,0,1,0
2020-06-26,Siskiyou,093,43540,34,24,0,24,0
2020-06-26,Solano,095,438530,1678,1068,8,1076,21
2020-06-26,Sonoma,097,501317,1359,977,4,981,5
2020-06-26,Stanislaus,099,539301,3634,2157,5,2162,36
2020-06-26,Sutter,101,95872,182,138,0,138,2
2020-06-26,Tehama,103,63373,87,63,2,65,1
2020-06-26,Trinity,105,12862,15,2,3,5,0
2020-06-26,Tulare,107,460477,5167,3720,12,3732,117
2020-06-26,Tuolumne,109,53932,38,10,2,12,0
2020-06-26,Ventura,111,848112,4052,2444,16,2460,40
2020-06-26,Yolo,113,214977,637,418,3,421,24
2020-06-26,Yuba,115,75493,74,38,0,38,1
2020-06-25,Alameda,001,1643700,6503,5398,9,5407,130
2020-06-25,Alpine,003,1148,2,1,0,1,0
2020-06-25,Amador,005,37829,24,18,0,18,0
2020-06-25,Butte,007,227075,237,127,7,134,1
2020-06-25,Calaveras,009,45235,39,26,0,26,0
2020-06-25,Colusa,011,21464,53,14,0,14,0
2020-06-25,Contra Costa,013,1133247,3384,2591,3,2594,71
2020-06-25,Del Norte,015,27424,55,47,0,47,0
2020-06-25,El Dorado,017,186661,252,150,0,150,0
2020-06-25,Fresno,019,978130,8536,3938,68,4006,71
2020-06-25,Glenn,021,27897,132,59,0,59,0
2020-06-25,Humboldt,023,135768,150,121,0,121,3
2020-06-25,Imperial,025,180216,7626,5192,4,5196,44
2020-06-25,Inyo,027,18085,29,27,0,27,1
2020-06-25,Kern,029,883053,7373,4236,22,4258,69
2020-06-25,Kings,031,150075,2583,2110,7,2117,17
2020-06-25,Lake,033,64148,79,42,0,42,0
2020-06-25,Lassen,035,31185,231,13,2,15,0
2020-06-25,Los Angeles,037,10098052,108392,91524,26,91550,3239
2020-06-25,Madera,039,155013,786,380,2,382,4
2020-06-25,Marin,041,260295,2464,1321,4,1325,17
2020-06-25,Mariposa,043,17540,29,20,0,20,1
2020-06-25,Mendocino,045,87422,80,61,0,61,0
2020-06-25,Merced,047,269075,1439,747,2,749,10
2020-06-25,Modoc,049,8938,1,0,0,0,0
2020-06-25,Mono,051,14174,44,35,0,35,1
2020-06-25,Monterey,053,433212,1928,1426,8,1434,12
2020-06-25,Napa,055,140530,395,260,0,260,3
2020-06-25,Nevada,057,99092,128,92,1,93,1
2020-06-25,Orange,059,3164182,20059,12221,171,12392,311
2020-06-25,Placer,061,380077,822,574,3,577,10
2020-06-25,Plumas,063,18699,10,6,0,6,0
2020-06-25,Riverside,065,2383286,21414,15224,24,15248,427
2020-06-25,Sacramento,067,1510023,3569,2519,5,2524,62
2020-06-25,San Benito,069,59416,255,174,0,174,2
2020-06-25,San Bernardino,071,2135413,16658,10590,10,10600,242
2020-06-25,San Diego,073,3302833,15587,11963,2,11965,352
2020-06-25,San Francisco,075,870044,3784,3252,1,3253,48
2020-06-25,San Joaquin,077,732212,4279,2803,4,2807,50
2020-06-25,San Luis Obispo,079,281455,732,473,6,479,1
2020-06-25,San Mateo,081,765935,3422,2996,5,3001,82
2020-06-25,Santa Barbara,083,443738,4084,2622,26,2648,25
2020-06-25,Santa Clara,085,1922200,5348,3871,13,3884,156
2020-06-25,Santa Cruz,087,273765,416,335,0,335,2
2020-06-25,Shasta,089,179085,177,84,0,84,5
2020-06-25,Sierra,091,2930,1,1,0,1,0
2020-06-25,Siskiyou,093,43540,33,24,0,24,0
2020-06-25,Solano,095,438530,1625,1034,8,1042,21
2020-06-25,Sonoma,097,501317,1312,953,3,956,5
2020-06-25,Stanislaus,099,539301,3422,2130,5,2135,36
2020-06-25,Sutter,101,95872,170,126,0,126,2
2020-06-25,Tehama,103,63373,83,59,2,61,1
2020-06-25,Trinity,105,12862,15,2,3,5,0
2020-06-25,Tulare,107,460477,5036,3656,12,3668,117
2020-06-25,Tuolumne,109,53932,37,10,2,12,0
2020-06-25,Ventura,111,848112,3870,2346,15,2361,40
2020-06-25,Yolo,113,214977,607,397,3,400,24
2020-06-25,Yuba,115,75493,63,38,0,38,1
2020-06-24,Alameda,001,1643700,6341,5242,9,5251,123
2020-06-24,Alpine,003,1148,2,1,0,1,0
2020-06-24,Amador,005,37829,22,16,0,16,0
2020-06-24,Butte,007,227075,221,119,7,126,1
2020-06-24,Calaveras,009,45235,37,26,0,26,0
2020-06-24,Colusa,011,21464,44,11,0,11,0
2020-06-24,Contra Costa,013,1133247,3229,2520,3,2523,66
2020-06-24,Del Norte,015,27424,49,47,0,47,0
2020-06-24,El Dorado,017,186661,236,149,0,149,0
2020-06-24,Fresno,019,978130,8205,3765,67,3832,71
2020-06-24,Glenn,021,27897,124,54,0,54,0
2020-06-24,Humboldt,023,135768,150,117,0,117,3
2020-06-24,Imperial,025,180216,7508,5138,4,5142,38
2020-06-24,Inyo,027,18085,29,28,0,28,1
2020-06-24,Kern,029,883053,6980,4155,20,4175,67
2020-06-24,Kings,031,150075,2520,2063,7,2070,16
2020-06-24,Lake,033,64148,66,40,0,40,0
2020-06-24,Lassen,035,31185,230,9,2,11,0
2020-06-24,Los Angeles,037,10098052,105633,89566,26,89592,3186
2020-06-24,Madera,039,155013,764,373,2,375,4
2020-06-24,Marin,041,260295,2236,1261,4,1265,17
2020-06-24,Mariposa,043,17540,28,19,0,19,1
2020-06-24,Mendocino,045,87422,80,60,0,60,0
2020-06-24,Merced,047,269075,1353,696,2,698,8
2020-06-24,Modoc,049,8938,1,0,0,0,0
2020-06-24,Mono,051,14174,42,35,0,35,1
2020-06-24,Monterey,053,433212,1851,1407,8,1415,12
2020-06-24,Napa,055,140530,377,258,0,258,3
2020-06-24,Nevada,057,99092,122,92,1,93,1
2020-06-24,Orange,059,3164182,19062,11804,153,11957,303
2020-06-24,Placer,061,380077,783,548,3,551,10
2020-06-24,Plumas,063,18699,10,6,0,6,0
2020-06-24,Riverside,065,2383286,20567,14946,24,14970,410
2020-06-24,Sacramento,067,1510023,3364,2446,4,2450,62
2020-06-24,San Benito,069,59416,251,171,0,171,2
2020-06-24,San Bernardino,071,2135413,15845,10211,9,10220,239
2020-06-24,San Diego,073,3302833,15084,11628,2,11630,347
2020-06-24,San Francisco,075,870044,3721,3216,1,3217,48
2020-06-24,San Joaquin,077,732212,4058,2680,4,2684,49
2020-06-24,San Luis Obispo,079,281455,700,461,5,466,1
2020-06-24,San Mateo,081,765935,3365,2964,5,2969,82
2020-06-24,Santa Barbara,083,443738,3963,2569,24,2593,22
2020-06-24,Santa Clara,085,1922200,5217,3812,13,3825,155
2020-06-24,Santa Cruz,087,273765,404,329,0,329,2
2020-06-24,Shasta,089,179085,169,83,0,83,5
2020-06-24,Sierra,091,2930,1,1,0,1,0
2020-06-24,Siskiyou,093,43540,32,24,0,24,0
2020-06-24,Solano,095,438530,1535,979,7,986,21
2020-06-24,Sonoma,097,501317,1263,933,3,936,4
2020-06-24,Stanislaus,099,539301,3243,2039,5,2044,36
2020-06-24,Sutter,101,95872,157,118,0,118,2
2020-06-24,Tehama,103,63373,81,55,2,57,1
2020-06-24,Trinity,105,12862,15,2,2,4,0
2020-06-24,Tulare,107,460477,4881,3541,10,3551,116
2020-06-24,Tuolumne,109,53932,32,9,2,11,0
2020-06-24,Ventura,111,848112,3529,2314,15,2329,42
2020-06-24,Yolo,113,214977,572,376,3,379,24
2020-06-24,Yuba,115,75493,57,37,0,37,1
2020-06-23,Alameda,001,1643700,6160,5159,9,5168,121
2020-06-23,Alpine,003,1148,2,1,0,1,0
2020-06-23,Amador,005,37829,21,13,0,13,0
2020-06-23,Butte,007,227075,203,111,7,118,1
2020-06-23,Calaveras,009,45235,37,26,0,26,0
2020-06-23,Colusa,011,21464,40,7,0,7,0
2020-06-23,Contra Costa,013,1133247,3103,2453,3,2456,60
2020-06-23,Del Norte,015,27424,48,46,0,46,0
2020-06-23,El Dorado,017,186661,227,142,0,142,0
2020-06-23,Fresno,019,978130,7553,3569,65,3634,67
2020-06-23,Glenn,021,27897,120,47,0,47,0
2020-06-23,Humboldt,023,135768,150,110,0,110,3
2020-06-23,Imperial,025,180216,7345,5025,4,5029,38
2020-06-23,Inyo,027,18085,29,26,0,26,1
2020-06-23,Kern,029,883053,6612,4087,17,4104,64
2020-06-23,Kings,031,150075,2455,1727,7,1734,16
2020-06-23,Lake,033,64148,60,40,0,40,0
2020-06-23,Lassen,035,31185,226,9,2,11,0
2020-06-23,Los Angeles,037,10098052,102694,88433,25,88458,3152
2020-06-23,Madera,039,155013,725,369,2,371,4
2020-06-23,Marin,041,260295,1968,1139,4,1143,17
2020-06-23,Mariposa,043,17540,26,18,0,18,1
2020-06-23,Mendocino,045,87422,79,61,0,61,0
2020-06-23,Merced,047,269075,1256,656,2,658,8
2020-06-23,Modoc,049,8938,1,0,0,0,0
2020-06-23,Mono,051,14174,42,35,0,35,1
2020-06-23,Monterey,053,433212,1781,1346,8,1354,12
2020-06-23,Napa,055,140530,362,230,0,230,3
2020-06-23,Nevada,057,99092,116,81,1,82,1
2020-06-23,Orange,059,3164182,18094,11071,150,11221,278
2020-06-23,Placer,061,380077,757,525,3,528,10
2020-06-23,Plumas,063,18699,9,6,0,6,0
2020-06-23,Riverside,065,2383286,19547,14469,24,14493,406
2020-06-23,Sacramento,067,1510023,3185,2374,4,2378,62
2020-06-23,San Benito,069,59416,237,167,0,167,2
2020-06-23,San Bernardino,071,2135413,15063,9771,9,9780,229
2020-06-23,San Diego,073,3302833,14564,11296,2,11298,341
2020-06-23,San Francisco,075,870044,3647,3177,1,3178,48
2020-06-23,San Joaquin,077,732212,3799,2502,4,2506,48
2020-06-23,San Luis Obispo,079,281455,669,445,5,450,1
2020-06-23,San Mateo,081,765935,3300,2907,5,2912,81
2020-06-23,Santa Barbara,083,443738,3866,2498,24,2522,22
2020-06-23,Santa Clara,085,1922200,5071,3700,13,3713,155
2020-06-23,Santa Cruz,087,273765,394,313,0,313,2
2020-06-23,Shasta,089,179085,160,81,0,81,5
2020-06-23,Sierra,091,2930,1,1,0,1,0
2020-06-23,Siskiyou,093,43540,30,24,0,24,0
2020-06-23,Solano,095,438530,1478,941,6,947,21
2020-06-23,Sonoma,097,501317,1210,912,3,915,4
2020-06-23,Stanislaus,099,539301,3067,1850,5,1855,35
2020-06-23,Sutter,101,95872,147,112,0,112,2
2020-06-23,Tehama,103,63373,79,50,2,52,1
2020-06-23,Trinity,105,12862,15,2,2,4,0
2020-06-23,Tulare,107,460477,4759,3456,10,3466,111
2020-06-23,Tuolumne,109,53932,27,9,1,10,0
2020-06-23,Ventura,111,848112,3369,2209,14,2223,40
2020-06-23,Yolo,113,214977,546,350,0,350,24
2020-06-23,Yuba,115,75493,54,35,0,35,1
2020-06-22,Alameda,001,1643700,6009,4944,9,4953,121
2020-06-22,Alpine,003,1148,2,1,0,1,0
2020-06-22,Amador,005,37829,18,12,0,12,0
2020-06-22,Butte,007,227075,184,104,7,111,1
2020-06-22,Calaveras,009,45235,35,20,0,20,0
2020-06-22,Colusa,011,21464,37,7,0,7,0
2020-06-22,Contra Costa,013,1133247,2961,2363,3,2366,60
2020-06-22,Del Norte,015,27424,48,46,0,46,0
2020-06-22,El Dorado,017,186661,218,137,0,137,0
2020-06-22,Fresno,019,978130,7020,3425,65,3490,67
2020-06-22,Glenn,021,27897,111,40,0,40,0
2020-06-22,Humboldt,023,135768,147,110,0,110,3
2020-06-22,Imperial,025,180216,7189,4700,4,4704,38
2020-06-22,Inyo,027,18085,29,26,0,26,1
2020-06-22,Kern,029,883053,6260,3982,15,3997,60
2020-06-22,Kings,031,150075,2406,1513,7,1520,13
2020-06-22,Lake,033,64148,54,37,0,37,0
2020-06-22,Lassen,035,31185,116,7,2,9,0
2020-06-22,Los Angeles,037,10098052,99797,85925,24,85949,3117
2020-06-22,Madera,039,155013,700,333,2,335,4
2020-06-22,Marin,041,260295,1711,1029,4,1033,17
2020-06-22,Mariposa,043,17540,25,18,0,18,1
2020-06-22,Mendocino,045,87422,74,48,0,48,0
2020-06-22,Merced,047,269075,1167,619,2,621,8
2020-06-22,Modoc,049,8938,1,0,0,0,0
2020-06-22,Mono,051,14174,42,34,0,34,1
2020-06-22,Monterey,053,433212,1720,1293,8,1301,12
2020-06-22,Napa,055,140530,338,222,0,222,3
2020-06-22,Nevada,057,99092,111,79,1,80,1
2020-06-22,Orange,059,3164182,17162,10711,147,10858,275
2020-06-22,Placer,061,380077,731,512,3,515,9
2020-06-22,Plumas,063,18699,7,6,0,6,0
2020-06-22,Riverside,065,2383286,18575,13948,24,13972,403
2020-06-22,Sacramento,067,1510023,2968,2243,4,2247,62
2020-06-22,San Benito,069,59416,228,164,0,164,2
2020-06-22,San Bernardino,071,2135413,14287,9133,9,9142,229
2020-06-22,San Diego,073,3302833,14072,11098,2,11100,338
2020-06-22,San Francisco,075,870044,3554,3000,1,3001,47
2020-06-22,San Joaquin,077,732212,3551,2332,4,2336,48
2020-06-22,San Luis Obispo,079,281455,636,422,5,427,1
2020-06-22,San Mateo,081,765935,3228,2813,4,2817,81
2020-06-22,Santa Barbara,083,443738,3774,2447,24,2471,21
2020-06-22,Santa Clara,085,1922200,4908,3580,13,3593,155
2020-06-22,Santa Cruz,087,273765,381,290,0,290,3
2020-06-22,Shasta,089,179085,157,77,0,77,5
2020-06-22,Sierra,091,2930,1,1,0,1,0
2020-06-22,Siskiyou,093,43540,30,23,0,23,0
2020-06-22,Solano,095,438530,1400,784,5,789,21
2020-06-22,Sonoma,097,501317,1165,860,1,861,4
2020-06-22,Stanislaus,099,539301,2882,1784,5,1789,35
2020-06-22,Sutter,101,95872,138,100,0,100,2
2020-06-22,Tehama,103,63373,75,38,2,40,1
2020-06-22,Trinity,105,12862,15,2,2,4,0
2020-06-22,Tulare,107,460477,4621,3185,10,3195,111
2020-06-22,Tuolumne,109,53932,18,8,1,9,0
2020-06-22,Ventura,111,848112,3220,2065,14,2079,39
2020-06-22,Yolo,113,214977,519,333,0,333,24
2020-06-22,Yuba,115,75493,49,36,0,36,1
2020-06-21,Alameda,001,1643700,5814,4835,9,4844,121
2020-06-21,Alpine,003,1148,2,1,0,1,0
2020-06-21,Amador,005,37829,13,12,0,12,0
2020-06-21,Butte,007,227075,170,97,7,104,1
2020-06-21,Calaveras,009,45235,35,20,0,20,0
2020-06-21,Colusa,011,21464,29,7,0,7,0
2020-06-21,Contra Costa,013,1133247,2835,2282,3,2285,60
2020-06-21,Del Norte,015,27424,47,46,0,46,0
2020-06-21,El Dorado,017,186661,209,132,0,132,0
2020-06-21,Fresno,019,978130,6448,3296,64,3360,67
2020-06-21,Glenn,021,27897,102,40,0,40,0
2020-06-21,Humboldt,023,135768,142,108,0,108,3
2020-06-21,Imperial,025,180216,7006,4701,4,4705,38
2020-06-21,Inyo,027,18085,27,26,0,26,1
2020-06-21,Kern,029,883053,5968,3918,14,3932,60
2020-06-21,Kings,031,150075,2342,1334,7,1341,11
2020-06-21,Lake,033,64148,49,36,0,36,0
2020-06-21,Lassen,035,31185,23,7,2,9,0
2020-06-21,Los Angeles,037,10098052,96916,83383,23,83406,3101
2020-06-21,Madera,039,155013,666,319,2,321,4
2020-06-21,Marin,041,260295,1554,907,4,911,17
2020-06-21,Mariposa,043,17540,22,18,0,18,1
2020-06-21,Mendocino,045,87422,71,48,0,48,0
2020-06-21,Merced,047,269075,1072,577,2,579,8
2020-06-21,Modoc,049,8938,1,0,0,0,0
2020-06-21,Mono,051,14174,42,34,0,34,1
2020-06-21,Monterey,053,433212,1647,1227,8,1235,12
2020-06-21,Napa,055,140530,323,218,0,218,3
2020-06-21,Nevada,057,99092,108,79,1,80,1
2020-06-21,Orange,059,3164182,16329,10563,143,10706,275
2020-06-21,Placer,061,380077,691,498,3,501,9
2020-06-21,Plumas,063,18699,7,6,0,6,0
2020-06-21,Riverside,065,2383286,17869,13528,23,13551,402
2020-06-21,Sacramento,067,1510023,2767,2156,4,2160,62
2020-06-21,San Benito,069,59416,214,151,0,151,2
2020-06-21,San Bernardino,071,2135413,13511,8925,8,8933,229
2020-06-21,San Diego,073,3302833,13526,10796,2,10798,338
2020-06-21,San Francisco,075,870044,3448,3000,1,3001,47
2020-06-21,San Joaquin,077,732212,3315,2188,4,2192,48
2020-06-21,San Luis Obispo,079,281455,611,418,5,423,1
2020-06-21,San Mateo,081,765935,3170,2781,4,2785,81
2020-06-21,Santa Barbara,083,443738,3667,2430,23,2453,21
2020-06-21,Santa Clara,085,1922200,4770,3514,13,3527,154
2020-06-21,Santa Cruz,087,273765,371,290,0,290,3
2020-06-21,Shasta,089,179085,147,75,0,75,5
2020-06-21,Sierra,091,2930,1,1,0,1,0
2020-06-21,Siskiyou,093,43540,30,23,0,23,0
2020-06-21,Solano,095,438530,1300,783,4,787,21
2020-06-21,Sonoma,097,501317,1115,836,1,837,4
2020-06-21,Stanislaus,099,539301,2696,1688,5,1693,35
2020-06-21,Sutter,101,95872,130,96,0,96,2
2020-06-21,Tehama,103,63373,64,35,2,37,1
2020-06-21,Trinity,105,12862,15,2,2,4,0
2020-06-21,Tulare,107,460477,4452,3173,10,3183,111
2020-06-21,Tuolumne,109,53932,16,8,1,9,0
2020-06-21,Ventura,111,848112,3042,2021,14,2035,39
2020-06-21,Yolo,113,214977,487,323,0,323,24
2020-06-21,Yuba,115,75493,45,35,0,35,1
2020-06-20,Alameda,001,1643700,5752,4758,9,4767,119
2020-06-20,Alpine,003,1148,2,1,0,1,0
2020-06-20,Amador,005,37829,13,12,0,12,0
2020-06-20,Butte,007,227075,163,94,7,101,1
2020-06-20,Calaveras,009,45235,35,20,0,20,0
2020-06-20,Colusa,011,21464,26,7,0,7,0
2020-06-20,Contra Costa,013,1133247,2776,2231,3,2234,54
2020-06-20,Del Norte,015,27424,47,46,0,46,0
2020-06-20,El Dorado,017,186661,204,130,0,130,0
2020-06-20,Fresno,019,978130,6322,3222,61,3283,67
2020-06-20,Glenn,021,27897,97,40,0,40,0
2020-06-20,Humboldt,023,135768,142,108,0,108,3
2020-06-20,Imperial,025,180216,6925,4616,4,4620,37
2020-06-20,Inyo,027,18085,27,26,0,26,1
2020-06-20,Kern,029,883053,5803,3836,14,3850,59
2020-06-20,Kings,031,150075,2318,1331,7,1338,9
2020-06-20,Lake,033,64148,49,37,0,37,0
2020-06-20,Lassen,035,31185,22,7,2,9,0
2020-06-20,Los Angeles,037,10098052,95343,81604,22,81626,3093
2020-06-20,Madera,039,155013,633,321,2,323,4
2020-06-20,Marin,041,260295,1534,879,4,883,17
2020-06-20,Mariposa,043,17540,22,18,0,18,1
2020-06-20,Mendocino,045,87422,70,48,0,48,0
2020-06-20,Merced,047,269075,1032,566,2,568,8
2020-06-20,Modoc,049,8938,1,0,0,0,0
2020-06-20,Mono,051,14174,42,34,0,34,1
2020-06-20,Monterey,053,433212,1611,1181,8,1189,12
2020-06-20,Napa,055,140530,314,212,0,212,3
2020-06-20,Nevada,057,99092,105,73,1,74,1
2020-06-20,Orange,059,3164182,15978,10284,139,10423,273
2020-06-20,Placer,061,380077,666,483,3,486,9
2020-06-20,Plumas,063,18699,6,6,0,6,0
2020-06-20,Riverside,065,2383286,17570,13021,23,13044,402
2020-06-20,Sacramento,067,1510023,2696,2069,4,2073,63
2020-06-20,San Benito,069,59416,210,139,0,139,2
2020-06-20,San Bernardino,071,2135413,13149,8718,8,8726,229
2020-06-20,San Diego,073,3302833,13203,10486,2,10488,338
2020-06-20,San Francisco,075,870044,3404,2999,1,3000,47
2020-06-20,San Joaquin,077,732212,3233,2046,4,2050,48
2020-06-20,San Luis Obispo,079,281455,598,405,5,410,1
2020-06-20,San Mateo,081,765935,3122,2755,4,2759,81
2020-06-20,Santa Barbara,083,443738,3611,2358,22,2380,21
2020-06-20,Santa Clara,085,1922200,4696,3435,13,3448,154
2020-06-20,Santa Cruz,087,273765,369,287,0,287,3
2020-06-20,Shasta,089,179085,141,66,0,66,5
2020-06-20,Sierra,091,2930,1,1,0,1,0
2020-06-20,Siskiyou,093,43540,29,22,0,22,0
2020-06-20,Solano,095,438530,1276,784,4,788,21
2020-06-20,Sonoma,097,501317,1079,806,1,807,4
2020-06-20,Stanislaus,099,539301,2588,1598,5,1603,35
2020-06-20,Sutter,101,95872,128,89,0,89,2
2020-06-20,Tehama,103,63373,62,35,2,37,1
2020-06-20,Trinity,105,12862,15,2,2,4,0
2020-06-20,Tulare,107,460477,4379,3172,10,3182,111
2020-06-20,Tuolumne,109,53932,13,8,1,9,0
2020-06-20,Ventura,111,848112,2977,1946,14,1960,37
2020-06-20,Yolo,113,214977,471,309,0,309,24
2020-06-20,Yuba,115,75493,43,34,0,34,1
2020-06-19,Alameda,001,1643700,5681,4646,9,4655,119
2020-06-19,Alpine,003,1148,2,1,0,1,0
2020-06-19,Amador,005,37829,13,12,0,12,0
2020-06-19,Butte,007,227075,158,91,7,98,1
2020-06-19,Calaveras,009,45235,34,20,0,20,0
2020-06-19,Colusa,011,21464,24,7,0,7,0
2020-06-19,Contra Costa,013,1133247,2696,2106,3,2109,54
2020-06-19,Del Norte,015,27424,47,46,0,46,0
2020-06-19,El Dorado,017,186661,195,124,0,124,0
2020-06-19,Fresno,019,978130,6160,3109,59,3168,61
2020-06-19,Glenn,021,27897,91,40,0,40,0
2020-06-19,Humboldt,023,135768,140,106,0,106,3
2020-06-19,Imperial,025,180216,6834,4504,4,4508,36
2020-06-19,Inyo,027,18085,27,26,0,26,1
2020-06-19,Kern,029,883053,5580,3742,13,3755,57
2020-06-19,Kings,031,150075,2297,1285,7,1292,9
2020-06-19,Lake,033,64148,46,36,0,36,0
2020-06-19,Lassen,035,31185,21,7,2,9,0
2020-06-19,Los Angeles,037,10098052,93363,79572,21,79593,3047
2020-06-19,Madera,039,155013,614,300,2,302,4
2020-06-19,Marin,041,260295,1505,829,4,833,17
2020-06-19,Mariposa,043,17540,21,18,0,18,1
2020-06-19,Mendocino,045,87422,69,48,0,48,0
2020-06-19,Merced,047,269075,987,529,2,531,8
2020-06-19,Modoc,049,8938,1,0,0,0,0
2020-06-19,Mono,051,14174,42,34,0,34,1
2020-06-19,Monterey,053,433212,1582,1159,8,1167,12
2020-06-19,Napa,055,140530,304,209,0,209,3
2020-06-19,Nevada,057,99092,102,71,1,72,1
2020-06-19,Orange,059,3164182,15445,9972,132,10104,260
2020-06-19,Placer,061,380077,648,464,3,467,9
2020-06-19,Plumas,063,18699,6,5,0,5,0
2020-06-19,Riverside,065,2383286,17165,12710,23,12733,398
2020-06-19,Sacramento,067,1510023,2613,1976,4,1980,64
2020-06-19,San Benito,069,59416,209,136,0,136,2
2020-06-19,San Bernardino,071,2135413,12743,8454,7,8461,226
2020-06-19,San Diego,073,3302833,12840,10352,2,10354,332
2020-06-19,San Francisco,075,870044,3349,2968,1,2969,47
2020-06-19,San Joaquin,077,732212,3110,1969,4,1973,48
2020-06-19,San Luis Obispo,079,281455,583,392,5,397,1
2020-06-19,San Mateo,081,765935,3083,2713,4,2717,81
2020-06-19,Santa Barbara,083,443738,3538,2284,20,2304,21
2020-06-19,Santa Clara,085,1922200,4622,3376,13,3389,154
2020-06-19,Santa Cruz,087,273765,359,283,0,283,3
2020-06-19,Shasta,089,179085,137,58,0,58,5
2020-06-19,Sierra,091,2930,1,1,0,1,0
2020-06-19,Siskiyou,093,43540,29,21,0,21,0
2020-06-19,Solano,095,438530,1238,755,4,759,21
2020-06-19,Sonoma,097,501317,1052,803,1,804,4
2020-06-19,Stanislaus,099,539301,2478,1549,5,1554,35
2020-06-19,Sutter,101,95872,127,89,0,89,2
2020-06-19,Tehama,103,63373,61,35,2,37,1
2020-06-19,Trinity,105,12862,15,2,2,4,0
2020-06-19,Tulare,107,460477,4308,3053,10,3063,107
2020-06-19,Tuolumne,109,53932,12,8,1,9,0
2020-06-19,Ventura,111,848112,2893,1865,14,1879,37
2020-06-19,Yolo,113,214977,452,303,0,303,24
2020-06-19,Yuba,115,75493,42,33,0,33,1
2020-06-18,Alameda,001,1643700,5551,4589,9,4598,118
2020-06-18,Alpine,003,1148,2,1,0,1,0
2020-06-18,Amador,005,37829,12,12,0,12,0
2020-06-18,Butte,007,227075,153,88,7,95,1
2020-06-18,Calaveras,009,45235,34,20,0,20,0
2020-06-18,Colusa,011,21464,20,7,0,7,0
2020-06-18,Contra Costa,013,1133247,2590,2072,3,2075,53
2020-06-18,Del Norte,015,27424,47,46,0,46,0
2020-06-18,El Dorado,017,186661,191,121,0,121,0
2020-06-18,Fresno,019,978130,5893,2947,58,3005,57
2020-06-18,Glenn,021,27897,82,35,0,35,0
2020-06-18,Humboldt,023,135768,139,106,0,106,3
2020-06-18,Imperial,025,180216,6685,4366,4,4370,36
2020-06-18,Inyo,027,18085,26,25,0,25,1
2020-06-18,Kern,029,883053,5362,3634,13,3647,57
2020-06-18,Kings,031,150075,2238,1141,7,1148,8
2020-06-18,Lake,033,64148,45,36,0,36,0
2020-06-18,Lassen,035,31185,20,5,2,7,0
2020-06-18,Los Angeles,037,10098052,91094,78244,21,78265,3009
2020-06-18,Madera,039,155013,579,288,2,290,4
2020-06-18,Marin,041,260295,1442,819,4,823,17
2020-06-18,Mariposa,043,17540,19,18,0,18,1
2020-06-18,Mendocino,045,87422,65,45,0,45,0
2020-06-18,Merced,047,269075,934,486,2,488,7
2020-06-18,Modoc,049,8938,1,0,0,0,0
2020-06-18,Mono,051,14174,42,34,0,34,1
2020-06-18,Monterey,053,433212,1514,1127,8,1135,12
2020-06-18,Napa,055,140530,289,205,0,205,3
2020-06-18,Nevada,057,99092,98,68,1,69,1
2020-06-18,Orange,059,3164182,14790,9597,113,9710,255
2020-06-18,Placer,061,380077,625,457,3,460,9
2020-06-18,Plumas,063,18699,6,5,0,5,0
2020-06-18,Riverside,065,2383286,16550,12410,23,12433,392
2020-06-18,Sacramento,067,1510023,2497,1938,4,1942,63
2020-06-18,San Benito,069,59416,203,134,0,134,2
2020-06-18,San Bernardino,071,2135413,12104,8141,7,8148,226
2020-06-18,San Diego,073,3302833,12418,10094,2,10096,331
2020-06-18,San Francisco,075,870044,3300,2951,1,2952,47
2020-06-18,San Joaquin,077,732212,2958,1908,4,1912,47
2020-06-18,San Luis Obispo,079,281455,564,378,5,383,1
2020-06-18,San Mateo,081,765935,3044,2674,4,2678,78
2020-06-18,Santa Barbara,083,443738,3464,2201,20,2221,19
2020-06-18,Santa Clara,085,1922200,4519,3338,13,3351,152
2020-06-18,Santa Cruz,087,273765,342,275,0,275,3
2020-06-18,Shasta,089,179085,126,51,0,51,4
2020-06-18,Sierra,091,2930,1,1,0,1,0
2020-06-18,Siskiyou,093,43540,29,18,0,18,0
2020-06-18,Solano,095,438530,1200,735,4,739,21
2020-06-18,Sonoma,097,501317,1010,789,1,790,4
2020-06-18,Stanislaus,099,539301,2344,1495,5,1500,35
2020-06-18,Sutter,101,95872,123,85,0,85,2
2020-06-18,Tehama,103,63373,56,31,2,33,1
2020-06-18,Trinity,105,12862,15,2,2,4,0
2020-06-18,Tulare,107,460477,4186,3005,10,3015,107
2020-06-18,Tuolumne,109,53932,11,8,1,9,0
2020-06-18,Ventura,111,848112,2767,1781,14,1795,37
2020-06-18,Yolo,113,214977,419,294,0,294,24
2020-06-18,Yuba,115,75493,41,32,0,32,1
2020-06-17,Alameda,001,1643700,5428,4485,9,4494,117
2020-06-17,Alpine,003,1148,2,1,0,1,0
2020-06-17,Amador,005,37829,11,10,0,10,0
2020-06-17,Butte,007,227075,144,81,7,88,1
2020-06-17,Calaveras,009,45235,34,20,0,20,0
2020-06-17,Colusa,011,21464,19,7,0,7,0
2020-06-17,Contra Costa,013,1133247,2493,2020,3,2023,45
2020-06-17,Del Norte,015,27424,47,45,0,45,0
2020-06-17,El Dorado,017,186661,184,116,0,116,0
2020-06-17,Fresno,019,978130,5667,2801,55,2856,56
2020-06-17,Glenn,021,27897,75,31,0,31,0
2020-06-17,Humboldt,023,135768,137,105,0,105,3
2020-06-17,Imperial,025,180216,6512,4108,4,4112,36
2020-06-17,Inyo,027,18085,25,25,0,25,1
2020-06-17,Kern,029,883053,5161,3547,13,3560,56
2020-06-17,Kings,031,150075,2208,1097,7,1104,7
2020-06-17,Lake,033,64148,44,32,0,32,0
2020-06-17,Lassen,035,31185,16,5,2,7,0
2020-06-17,Los Angeles,037,10098052,88787,77166,21,77187,2973
2020-06-17,Madera,039,155013,557,258,2,260,4
2020-06-17,Marin,041,260295,1250,771,3,774,17
2020-06-17,Mariposa,043,17540,18,18,0,18,1
2020-06-17,Mendocino,045,87422,63,42,0,42,0
2020-06-17,Merced,047,269075,862,460,2,462,7
2020-06-17,Modoc,049,8938,1,0,0,0,0
2020-06-17,Mono,051,14174,42,34,0,34,1
2020-06-17,Monterey,053,433212,1462,1077,8,1085,12
2020-06-17,Napa,055,140530,274,202,0,202,3
2020-06-17,Nevada,057,99092,94,57,1,58,1
2020-06-17,Orange,059,3164182,14184,9278,107,9385,230
2020-06-17,Placer,061,380077,605,427,3,430,9
2020-06-17,Plumas,063,18699,6,5,0,5,0
2020-06-17,Riverside,065,2383286,15914,11859,23,11882,370
2020-06-17,Sacramento,067,1510023,2390,1889,4,1893,63
2020-06-17,San Benito,069,59416,198,116,0,116,2
2020-06-17,San Bernardino,071,2135413,11552,7670,7,7677,225
2020-06-17,San Diego,073,3302833,12039,9856,2,9858,327
2020-06-17,San Francisco,075,870044,3261,2906,1,2907,46
2020-06-17,San Joaquin,077,732212,2785,1825,4,1829,46
2020-06-17,San Luis Obispo,079,281455,547,362,5,367,1
2020-06-17,San Mateo,081,765935,2997,2649,4,2653,78
2020-06-17,Santa Barbara,083,443738,3391,2147,18,2165,19
2020-06-17,Santa Clara,085,1922200,4426,3264,12,3276,148
2020-06-17,Santa Cruz,087,273765,336,265,0,265,2
2020-06-17,Shasta,089,179085,124,51,0,51,4
2020-06-17,Sierra,091,2930,1,1,0,1,0
2020-06-17,Siskiyou,093,43540,28,16,0,16,0
2020-06-17,Solano,095,438530,1150,722,4,726,21
2020-06-17,Sonoma,097,501317,985,748,1,749,4
2020-06-17,Stanislaus,099,539301,2221,1387,5,1392,35
2020-06-17,Sutter,101,95872,117,79,0,79,2
2020-06-17,Tehama,103,63373,41,24,2,26,1
2020-06-17,Trinity,105,12862,14,2,2,4,0
2020-06-17,Tulare,107,460477,4076,2882,10,2892,106
2020-06-17,Tuolumne,109,53932,11,7,1,8,0
2020-06-17,Ventura,111,848112,2667,1729,14,1743,37
2020-06-17,Yolo,113,214977,399,277,0,277,24
2020-06-17,Yuba,115,75493,40,30,0,30,1
2020-06-16,Alameda,001,1643700,5310,4428,9,4437,113
2020-06-16,Alpine,003,1148,2,1,0,1,0
2020-06-16,Amador,005,37829,11,10,0,10,0
2020-06-16,Butte,007,227075,140,79,7,86,1
2020-06-16,Calaveras,009,45235,31,19,0,19,0
2020-06-16,Colusa,011,21464,16,7,0,7,0
2020-06-16,Contra Costa,013,1133247,2402,1971,2,1973,45
2020-06-16,Del Norte,015,27424,47,45,0,45,0
2020-06-16,El Dorado,017,186661,178,115,0,115,0
2020-06-16,Fresno,019,978130,5429,2731,53,2784,50
2020-06-16,Glenn,021,27897,71,30,0,30,0
2020-06-16,Humboldt,023,135768,134,105,0,105,3
2020-06-16,Imperial,025,180216,6353,3939,4,3943,36
2020-06-16,Inyo,027,18085,25,24,0,24,1
2020-06-16,Kern,029,883053,4937,3496,13,3509,55
2020-06-16,Kings,031,150075,2162,1044,7,1051,6
2020-06-16,Lake,033,64148,44,31,0,31,0
2020-06-16,Lassen,035,31185,13,5,2,7,0
2020-06-16,Los Angeles,037,10098052,86465,75051,21,75072,2942
2020-06-16,Madera,039,155013,531,239,2,241,3
2020-06-16,Marin,041,260295,1197,725,3,728,17
2020-06-16,Mariposa,043,17540,18,17,0,17,1
2020-06-16,Mendocino,045,87422,62,35,0,35,0
2020-06-16,Merced,047,269075,814,436,2,438,7
2020-06-16,Modoc,049,8938,1,0,0,0,0
2020-06-16,Mono,051,14174,42,34,0,34,1
2020-06-16,Monterey,053,433212,1414,1019,8,1027,12
2020-06-16,Napa,055,140530,259,196,0,196,3
2020-06-16,Nevada,057,99092,91,53,1,54,1
2020-06-16,Orange,059,3164182,13600,9163,103,9266,223
2020-06-16,Placer,061,380077,573,392,3,395,9
2020-06-16,Plumas,063,18699,6,5,0,5,0
2020-06-16,Riverside,065,2383286,15239,11638,23,11661,364
2020-06-16,Sacramento,067,1510023,2281,1825,4,1829,60
2020-06-16,San Benito,069,59416,190,110,0,110,2
2020-06-16,San Bernardino,071,2135413,11009,7463,7,7470,225
2020-06-16,San Diego,073,3302833,11677,9732,1,9733,323
2020-06-16,San Francisco,075,870044,3210,2893,1,2894,46
2020-06-16,San Joaquin,077,732212,2632,1718,4,1722,47
2020-06-16,San Luis Obispo,079,281455,523,343,5,348,1
2020-06-16,San Mateo,081,765935,2943,2618,4,2622,77
2020-06-16,Santa Barbara,083,443738,3324,2090,18,2108,16
2020-06-16,Santa Clara,085,1922200,4315,3228,11,3239,148
2020-06-16,Santa Cruz,087,273765,320,257,0,257,2
2020-06-16,Shasta,089,179085,115,51,0,51,4
2020-06-16,Sierra,091,2930,1,1,0,1,0
2020-06-16,Siskiyou,093,43540,27,15,0,15,0
2020-06-16,Solano,095,438530,1060,694,4,698,19
2020-06-16,Sonoma,097,501317,953,739,1,740,4
2020-06-16,Stanislaus,099,539301,2068,1278,5,1283,36
2020-06-16,Sutter,101,95872,110,73,0,73,2
2020-06-16,Tehama,103,63373,37,24,2,26,1
2020-06-16,Trinity,105,12862,14,2,2,4,0
2020-06-16,Tulare,107,460477,3957,2802,10,2812,96
2020-06-16,Tuolumne,109,53932,11,7,1,8,0
2020-06-16,Ventura,111,848112,2566,1676,14,1690,37
2020-06-16,Yolo,113,214977,375,262,0,262,24
2020-06-16,Yuba,115,75493,39,29,0,29,1
2020-06-15,Alameda,001,1643700,5184,4323,9,4332,112
2020-06-15,Alpine,003,1148,2,1,0,1,0
2020-06-15,Amador,005,37829,11,10,0,10,0
2020-06-15,Butte,007,227075,132,78,7,85,1
2020-06-15,Calaveras,009,45235,31,18,0,18,0
2020-06-15,Colusa,011,21464,14,7,0,7,0
2020-06-15,Contra Costa,013,1133247,2325,1918,2,1920,43
2020-06-15,Del Norte,015,27424,47,45,0,45,0
2020-06-15,El Dorado,017,186661,168,114,0,114,0
2020-06-15,Fresno,019,978130,5216,2616,52,2668,48
2020-06-15,Glenn,021,27897,66,21,0,21,0
2020-06-15,Humboldt,023,135768,132,105,0,105,3
2020-06-15,Imperial,025,180216,6178,3726,4,3730,36
2020-06-15,Inyo,027,18085,25,23,0,23,1
2020-06-15,Kern,029,883053,4713,3417,13,3430,55
2020-06-15,Kings,031,150075,2085,1022,7,1029,6
2020-06-15,Lake,033,64148,44,31,0,31,0
2020-06-15,Lassen,035,31185,13,5,2,7,0
2020-06-15,Los Angeles,037,10098052,84276,73705,21,73726,2908
2020-06-15,Madera,039,155013,509,203,2,205,3
2020-06-15,Marin,041,260295,1030,708,3,711,17
2020-06-15,Mariposa,043,17540,18,17,0,17,1
2020-06-15,Mendocino,045,87422,53,33,0,33,0
2020-06-15,Merced,047,269075,768,414,2,416,7
2020-06-15,Modoc,049,8938,1,0,0,0,0
2020-06-15,Mono,051,14174,42,34,0,34,1
2020-06-15,Monterey,053,433212,1348,998,8,1006,12
2020-06-15,Napa,055,140530,251,187,0,187,3
2020-06-15,Nevada,057,99092,85,52,1,53,1
2020-06-15,Orange,059,3164182,13032,8944,95,9039,212
2020-06-15,Placer,061,380077,551,386,3,389,9
2020-06-15,Plumas,063,18699,6,4,0,4,0
2020-06-15,Riverside,065,2383286,14621,11376,22,11398,364
2020-06-15,Sacramento,067,1510023,2165,1791,4,1795,60
2020-06-15,San Benito,069,59416,184,108,0,108,2
2020-06-15,San Bernardino,071,2135413,10505,7189,7,7196,224
2020-06-15,San Diego,073,3302833,11337,9612,1,9613,320
2020-06-15,San Francisco,075,870044,3166,2833,1,2834,45
2020-06-15,San Joaquin,077,732212,2496,1667,4,1671,43
2020-06-15,San Luis Obispo,079,281455,508,332,5,337,1
2020-06-15,San Mateo,081,765935,2896,2591,4,2595,75
2020-06-15,Santa Barbara,083,443738,3253,2054,18,2072,16
2020-06-15,Santa Clara,085,1922200,4215,3204,11,3215,148
2020-06-15,Santa Cruz,087,273765,309,254,0,254,2
2020-06-15,Shasta,089,179085,109,50,0,50,4
2020-06-15,Sierra,091,2930,1,1,0,1,0
2020-06-15,Siskiyou,093,43540,26,14,0,14,0
2020-06-15,Solano,095,438530,1000,638,4,642,19
2020-06-15,Sonoma,097,501317,924,726,1,727,4
2020-06-15,Stanislaus,099,539301,1951,1253,5,1258,35
2020-06-15,Sutter,101,95872,100,71,0,71,2
2020-06-15,Tehama,103,63373,37,17,2,19,1
2020-06-15,Trinity,105,12862,13,2,2,4,0
2020-06-15,Tulare,107,460477,3843,2662,10,2672,96
2020-06-15,Tuolumne,109,53932,10,7,1,8,0
2020-06-15,Ventura,111,848112,2485,1656,14,1670,37
2020-06-15,Yolo,113,214977,355,255,0,255,24
2020-06-15,Yuba,115,75493,39,28,0,28,1
2020-06-14,Alameda,001,1643700,5039,4271,9,4280,112
2020-06-14,Alpine,003,1148,2,1,0,1,0
2020-06-14,Amador,005,37829,11,10,0,10,0
2020-06-14,Butte,007,227075,124,78,7,85,1
2020-06-14,Calaveras,009,45235,30,18,0,18,0
2020-06-14,Colusa,011,21464,13,7,0,7,0
2020-06-14,Contra Costa,013,1133247,2256,1893,2,1895,43
2020-06-14,Del Norte,015,27424,47,45,0,45,0
2020-06-14,El Dorado,017,186661,164,110,0,110,0
2020-06-14,Fresno,019,978130,5031,2585,51,2636,48
2020-06-14,Glenn,021,27897,51,21,0,21,0
2020-06-14,Humboldt,023,135768,128,105,0,105,3
2020-06-14,Imperial,025,180216,5947,3730,4,3734,36
2020-06-14,Inyo,027,18085,24,23,0,23,1
2020-06-14,Kern,029,883053,4502,3328,13,3341,55
2020-06-14,Kings,031,150075,2034,1022,6,1028,6
2020-06-14,Lake,033,64148,41,31,0,31,0
2020-06-14,Lassen,035,31185,13,5,2,7,0
2020-06-14,Los Angeles,037,10098052,81949,72932,21,72953,2887
2020-06-14,Madera,039,155013,490,203,2,205,3
2020-06-14,Marin,041,260295,865,689,2,691,17
2020-06-14,Mariposa,043,17540,18,16,0,16,1
2020-06-14,Mendocino,045,87422,50,33,0,33,0
2020-06-14,Merced,047,269075,717,403,2,405,7
2020-06-14,Modoc,049,8938,1,0,0,0,0
2020-06-14,Mono,051,14174,42,34,0,34,1
2020-06-14,Monterey,053,433212,1287,949,8,957,12
2020-06-14,Napa,055,140530,229,181,0,181,3
2020-06-14,Nevada,057,99092,81,52,1,53,1
2020-06-14,Orange,059,3164182,12606,8744,90,8834,211
2020-06-14,Placer,061,380077,525,369,3,372,9
2020-06-14,Plumas,063,18699,5,4,0,4,0
2020-06-14,Riverside,065,2383286,14179,11218,22,11240,364
2020-06-14,Sacramento,067,1510023,2078,1750,4,1754,60
2020-06-14,San Benito,069,59416,173,104,0,104,2
2020-06-14,San Bernardino,071,2135413,9964,7015,7,7022,224
2020-06-14,San Diego,073,3302833,10962,9442,1,9443,319
2020-06-14,San Francisco,075,870044,3126,2834,1,2835,45
2020-06-14,San Joaquin,077,732212,2345,1603,4,1607,43
2020-06-14,San Luis Obispo,079,281455,493,330,5,335,1
2020-06-14,San Mateo,081,765935,2838,2571,4,2575,75
2020-06-14,Santa Barbara,083,443738,3175,2049,18,2067,17
2020-06-14,Santa Clara,085,1922200,4120,3178,11,3189,148
2020-06-14,Santa Cruz,087,273765,295,254,0,254,2
2020-06-14,Shasta,089,179085,103,48,0,48,4
2020-06-14,Sierra,091,2930,1,1,0,1,0
2020-06-14,Siskiyou,093,43540,25,13,0,13,0
2020-06-14,Solano,095,438530,951,638,4,642,19
2020-06-14,Sonoma,097,501317,896,724,1,725,4
2020-06-14,Stanislaus,099,539301,1803,1159,5,1164,35
2020-06-14,Sutter,101,95872,95,63,0,63,2
2020-06-14,Tehama,103,63373,34,17,2,19,1
2020-06-14,Trinity,105,12862,13,2,2,4,0
2020-06-14,Tulare,107,460477,3709,2646,10,2656,96
2020-06-14,Tuolumne,109,53932,10,7,1,8,0
2020-06-14,Ventura,111,848112,2386,1610,13,1623,37
2020-06-14,Yolo,113,214977,339,254,0,254,24
2020-06-14,Yuba,115,75493,38,28,0,28,1
2020-06-13,Alameda,001,1643700,4976,4196,9,4205,112
2020-06-13,Alpine,003,1148,2,1,0,1,0
2020-06-13,Amador,005,37829,10,10,0,10,0
2020-06-13,Butte,007,227075,115,72,7,79,1
2020-06-13,Calaveras,009,45235,28,18,0,18,0
2020-06-13,Colusa,011,21464,12,7,0,7,0
2020-06-13,Contra Costa,013,1133247,2220,1868,2,1870,43
2020-06-13,Del Norte,015,27424,47,45,0,45,0
2020-06-13,El Dorado,017,186661,160,110,0,110,0
2020-06-13,Fresno,019,978130,4933,2499,51,2550,48
2020-06-13,Glenn,021,27897,49,21,0,21,0
2020-06-13,Humboldt,023,135768,127,104,0,104,3
2020-06-13,Imperial,025,180216,5874,3646,4,3650,36
2020-06-13,Inyo,027,18085,24,23,0,23,1
2020-06-13,Kern,029,883053,4393,3239,13,3252,55
2020-06-13,Kings,031,150075,2014,1023,6,1029,6
2020-06-13,Lake,033,64148,40,29,0,29,0
2020-06-13,Lassen,035,31185,13,5,2,7,0
2020-06-13,Los Angeles,037,10098052,80911,71938,21,71959,2874
2020-06-13,Madera,039,155013,486,203,2,205,3
2020-06-13,Marin,041,260295,834,677,2,679,17
2020-06-13,Mariposa,043,17540,18,16,0,16,1
2020-06-13,Mendocino,045,87422,50,33,0,33,0
2020-06-13,Merced,047,269075,699,376,2,378,7
2020-06-13,Modoc,049,8938,1,0,0,0,0
2020-06-13,Mono,051,14174,42,35,0,35,1
2020-06-13,Monterey,053,433212,1249,900,8,908,11
2020-06-13,Napa,055,140530,226,171,0,171,3
2020-06-13,Nevada,057,99092,79,52,1,53,1
2020-06-13,Orange,059,3164182,12361,8581,87,8668,211
2020-06-13,Placer,061,380077,508,346,3,349,9
2020-06-13,Plumas,063,18699,5,4,0,4,0
2020-06-13,Riverside,065,2383286,13900,10931,22,10953,364
2020-06-13,Sacramento,067,1510023,2024,1713,4,1717,60
2020-06-13,San Benito,069,59416,166,99,0,99,2
2020-06-13,San Bernardino,071,2135413,9739,6885,7,6892,224
2020-06-13,San Diego,073,3302833,10790,9316,1,9317,319
2020-06-13,San Francisco,075,870044,3106,2834,1,2835,44
2020-06-13,San Joaquin,077,732212,2264,1461,4,1465,43
2020-06-13,San Luis Obispo,079,281455,482,326,5,331,1
2020-06-13,San Mateo,081,765935,2815,2551,4,2555,75
2020-06-13,Santa Barbara,083,443738,3117,1999,18,2017,15
2020-06-13,Santa Clara,085,1922200,4077,3141,11,3152,148
2020-06-13,Santa Cruz,087,273765,289,254,0,254,2
2020-06-13,Shasta,089,179085,101,48,0,48,4
2020-06-13,Sierra,091,2930,1,1,0,1,0
2020-06-13,Siskiyou,093,43540,25,13,0,13,0
2020-06-13,Solano,095,438530,923,637,4,641,19
2020-06-13,Sonoma,097,501317,881,711,1,712,4
2020-06-13,Stanislaus,099,539301,1746,1122,5,1127,33
2020-06-13,Sutter,101,95872,94,62,0,62,2
2020-06-13,Tehama,103,63373,33,17,2,19,1
2020-06-13,Trinity,105,12862,13,2,2,4,0
2020-06-13,Tulare,107,460477,3677,2626,10,2636,96
2020-06-13,Tuolumne,109,53932,9,7,1,8,0
2020-06-13,Ventura,111,848112,2340,1567,13,1580,37
2020-06-13,Yolo,113,214977,318,251,0,251,24
2020-06-13,Yuba,115,75493,38,28,0,28,1
2020-06-12,Alameda,001,1643700,4903,4167,9,4176,109
2020-06-12,Alpine,003,1148,2,1,0,1,0
2020-06-12,Amador,005,37829,10,10,0,10,0
2020-06-12,Butte,007,227075,111,71,7,78,1
2020-06-12,Calaveras,009,45235,25,18,0,18,0
2020-06-12,Colusa,011,21464,12,7,0,7,0
2020-06-12,Contra Costa,013,1133247,2183,1827,2,1829,43
2020-06-12,Del Norte,015,27424,47,45,0,45,0
2020-06-12,El Dorado,017,186661,160,110,0,110,0
2020-06-12,Fresno,019,978130,4796,2428,51,2479,47
2020-06-12,Glenn,021,27897,46,21,0,21,0
2020-06-12,Humboldt,023,135768,125,105,0,105,3
2020-06-12,Imperial,025,180216,5790,3543,4,3547,36
2020-06-12,Inyo,027,18085,24,23,0,23,1
2020-06-12,Kern,029,883053,4276,3152,13,3165,54
2020-06-12,Kings,031,150075,2001,987,6,993,6
2020-06-12,Lake,033,64148,39,29,0,29,0
2020-06-12,Lassen,035,31185,13,5,2,7,0
2020-06-12,Los Angeles,037,10098052,79505,70385,21,70406,2814
2020-06-12,Madera,039,155013,461,187,2,189,3
2020-06-12,Marin,041,260295,831,649,2,651,17
2020-06-12,Mariposa,043,17540,18,16,0,16,1
2020-06-12,Mendocino,045,87422,50,33,0,33,0
2020-06-12,Merced,047,269075,665,372,2,374,7
2020-06-12,Modoc,049,8938,1,0,0,0,0
2020-06-12,Mono,051,14174,39,35,0,35,1
2020-06-12,Monterey,053,433212,1208,864,7,871,11
2020-06-12,Napa,055,140530,223,162,0,162,3
2020-06-12,Nevada,057,99092,73,52,1,53,1
2020-06-12,Orange,059,3164182,12055,8440,86,8526,203
2020-06-12,Placer,061,380077,491,333,3,336,9
2020-06-12,Plumas,063,18699,5,4,0,4,0
2020-06-12,Riverside,065,2383286,13563,10616,22,10638,364
2020-06-12,Sacramento,067,1510023,1969,1702,4,1706,60
2020-06-12,San Benito,069,59416,159,96,0,96,2
2020-06-12,San Bernardino,071,2135413,9471,6707,7,6714,223
2020-06-12,San Diego,073,3302833,10620,9132,1,9133,313
2020-06-12,San Francisco,075,870044,3072,2823,1,2824,44
2020-06-12,San Joaquin,077,732212,2184,1406,4,1410,43
2020-06-12,San Luis Obispo,079,281455,466,321,5,326,1
2020-06-12,San Mateo,081,765935,2780,2533,4,2537,75
2020-06-12,Santa Barbara,083,443738,3061,1969,18,1987,14
2020-06-12,Santa Clara,085,1922200,4033,3099,11,3110,149
2020-06-12,Santa Cruz,087,273765,281,251,0,251,2
2020-06-12,Shasta,089,179085,94,48,0,48,5
2020-06-12,Sierra,091,2930,1,1,0,1,0
2020-06-12,Siskiyou,093,43540,25,13,0,13,0
2020-06-12,Solano,095,438530,909,620,4,624,19
2020-06-12,Sonoma,097,501317,862,696,1,697,4
2020-06-12,Stanislaus,099,539301,1687,1092,5,1097,33
2020-06-12,Sutter,101,95872,93,56,0,56,2
2020-06-12,Tehama,103,63373,32,13,2,15,1
2020-06-12,Trinity,105,12862,13,2,2,4,0
2020-06-12,Tulare,107,460477,3623,2552,10,2562,95
2020-06-12,Tuolumne,109,53932,9,7,1,8,0
2020-06-12,Ventura,111,848112,2288,1534,13,1547,35
2020-06-12,Yolo,113,214977,306,243,0,243,24
2020-06-12,Yuba,115,75493,36,27,0,27,1
2020-06-11,Alameda,001,1643700,4773,4073,8,4081,108
2020-06-11,Alpine,003,1148,2,1,0,1,0
2020-06-11,Amador,005,37829,9,10,0,10,0
2020-06-11,Butte,007,227075,105,72,7,79,1
2020-06-11,Calaveras,009,45235,24,16,0,16,0
2020-06-11,Colusa,011,21464,12,7,0,7,0
2020-06-11,Contra Costa,013,1133247,2130,1797,2,1799,43
2020-06-11,Del Norte,015,27424,47,45,0,45,0
2020-06-11,El Dorado,017,186661,152,109,0,109,0
2020-06-11,Fresno,019,978130,4641,2338,51,2389,45
2020-06-11,Glenn,021,27897,42,21,0,21,0
2020-06-11,Humboldt,023,135768,121,113,0,113,3
2020-06-11,Imperial,025,180216,5634,3463,4,3467,36
2020-06-11,Inyo,027,18085,22,23,0,23,1
2020-06-11,Kern,029,883053,4124,3047,11,3058,54
2020-06-11,Kings,031,150075,1968,963,6,969,6
2020-06-11,Lake,033,64148,39,28,0,28,0
2020-06-11,Lassen,035,31185,13,5,2,7,0
2020-06-11,Los Angeles,037,10098052,77838,68807,20,68827,2800
2020-06-11,Madera,039,155013,443,178,2,180,3
2020-06-11,Marin,041,260295,783,637,2,639,17
2020-06-11,Mariposa,043,17540,18,16,0,16,1
2020-06-11,Mendocino,045,87422,41,35,0,35,0
2020-06-11,Merced,047,269075,625,370,2,372,7
2020-06-11,Modoc,049,8938,1,0,0,0,0
2020-06-11,Mono,051,14174,39,35,0,35,1
2020-06-11,Monterey,053,433212,1161,813,7,820,11
2020-06-11,Napa,055,140530,214,162,0,162,3
2020-06-11,Nevada,057,99092,67,50,1,51,1
2020-06-11,Orange,059,3164182,11746,8304,85,8389,188
2020-06-11,Placer,061,380077,472,321,3,324,9
2020-06-11,Plumas,063,18699,5,4,0,4,0
2020-06-11,Riverside,065,2383286,13210,10014,22,10036,361
2020-06-11,Sacramento,067,1510023,1921,1669,4,1673,60
2020-06-11,San Benito,069,59416,153,94,0,94,2
2020-06-11,San Bernardino,071,2135413,9174,6509,7,6516,221
2020-06-11,San Diego,073,3302833,10390,9000,0,9000,308
2020-06-11,San Francisco,075,870044,3043,2766,1,2767,44
2020-06-11,San Joaquin,077,732212,2072,1351,4,1355,43
2020-06-11,San Luis Obispo,079,281455,452,307,5,312,1
2020-06-11,San Mateo,081,765935,2742,2499,4,2503,74
2020-06-11,Santa Barbara,083,443738,2995,1895,18,1913,14
2020-06-11,Santa Clara,085,1922200,3966,3049,11,3060,149
2020-06-11,Santa Cruz,087,273765,277,247,0,247,2
2020-06-11,Shasta,089,179085,87,47,0,47,5
2020-06-11,Sierra,091,2930,1,1,0,1,0
2020-06-11,Siskiyou,093,43540,25,14,0,14,0
2020-06-11,Solano,095,438530,883,616,4,620,19
2020-06-11,Sonoma,097,501317,839,682,1,683,4
2020-06-11,Stanislaus,099,539301,1596,1062,5,1067,30
2020-06-11,Sutter,101,95872,90,56,0,56,2
2020-06-11,Tehama,103,63373,27,10,2,12,1
2020-06-11,Trinity,105,12862,11,2,2,4,0
2020-06-11,Tulare,107,460477,3524,2473,10,2483,95
2020-06-11,Tuolumne,109,53932,9,7,1,8,0
2020-06-11,Ventura,111,848112,2211,1491,12,1503,34
2020-06-11,Yolo,113,214977,298,230,0,230,24
2020-06-11,Yuba,115,75493,36,27,0,27,1
2020-06-10,Alameda,001,1643700,4673,4027,7,4034,107
2020-06-10,Alpine,003,1148,2,1,0,1,0
2020-06-10,Amador,005,37829,9,10,0,10,0
2020-06-10,Butte,007,227075,102,71,7,78,1
2020-06-10,Calaveras,009,45235,24,16,0,16,0
2020-06-10,Colusa,011,21464,11,7,0,7,0
2020-06-10,Contra Costa,013,1133247,2086,1778,2,1780,43
2020-06-10,Del Norte,015,27424,47,45,0,45,0
2020-06-10,El Dorado,017,186661,149,109,0,109,0
2020-06-10,Fresno,019,978130,4464,2324,51,2375,45
2020-06-10,Glenn,021,27897,39,21,0,21,0
2020-06-10,Humboldt,023,135768,117,112,0,112,3
2020-06-10,Imperial,025,180216,5486,3454,4,3458,36
2020-06-10,Inyo,027,18085,22,23,0,23,1
2020-06-10,Kern,029,883053,3999,3000,10,3010,54
2020-06-10,Kings,031,150075,1921,952,5,957,6
2020-06-10,Lake,033,64148,39,28,0,28,0
2020-06-10,Lassen,035,31185,13,5,2,7,0
2020-06-10,Los Angeles,037,10098052,76317,67018,20,67038,2752
2020-06-10,Madera,039,155013,429,176,1,177,3
2020-06-10,Marin,041,260295,752,633,2,635,17
2020-06-10,Mariposa,043,17540,17,16,0,16,1
2020-06-10,Mendocino,045,87422,40,35,0,35,0
2020-06-10,Merced,047,269075,592,370,2,372,7
2020-06-10,Modoc,049,8938,1,0,0,0,0
2020-06-10,Mono,051,14174,39,35,0,35,1
2020-06-10,Monterey,053,433212,1107,791,7,798,11
2020-06-10,Napa,055,140530,211,159,0,159,3
2020-06-10,Nevada,057,99092,65,50,1,51,1
2020-06-10,Orange,059,3164182,11470,8222,82,8304,184
2020-06-10,Placer,061,380077,447,309,3,312,9
2020-06-10,Plumas,063,18699,5,4,0,4,0
2020-06-10,Riverside,065,2383286,12887,9857,22,9879,361
2020-06-10,Sacramento,067,1510023,1882,1643,2,1645,59
2020-06-10,San Benito,069,59416,144,94,0,94,2
2020-06-10,San Bernardino,071,2135413,8882,6438,7,6445,219
2020-06-10,San Diego,073,3302833,10226,8839,0,8839,305
2020-06-10,San Francisco,075,870044,3018,2774,1,2775,44
2020-06-10,San Joaquin,077,732212,1943,1282,4,1286,41
2020-06-10,San Luis Obispo,079,281455,433,306,5,311,1
2020-06-10,San Mateo,081,765935,2702,2492,4,2496,74
2020-06-10,Santa Barbara,083,443738,2939,1878,18,1896,13
2020-06-10,Santa Clara,085,1922200,3915,3032,11,3043,149
2020-06-10,Santa Cruz,087,273765,273,242,0,242,2
2020-06-10,Shasta,089,179085,82,45,0,45,5
2020-06-10,Sierra,091,2930,1,1,0,1,0
2020-06-10,Siskiyou,093,43540,25,14,0,14,0
2020-06-10,Solano,095,438530,847,608,4,612,19
2020-06-10,Sonoma,097,501317,821,673,1,674,4
2020-06-10,Stanislaus,099,539301,1506,1030,5,1035,29
2020-06-10,Sutter,101,95872,89,56,0,56,2
2020-06-10,Tehama,103,63373,25,10,2,12,1
2020-06-10,Trinity,105,12862,11,2,2,4,0
2020-06-10,Tulare,107,460477,3431,2455,10,2465,95
2020-06-10,Tuolumne,109,53932,9,7,1,8,0
2020-06-10,Ventura,111,848112,2165,1446,11,1457,34
2020-06-10,Yolo,113,214977,290,226,0,226,24
2020-06-10,Yuba,115,75493,35,27,0,27,1
2020-06-09,Alameda,001,1643700,4563,3963,7,3970,103
2020-06-09,Alpine,003,1148,2,1,0,1,0
2020-06-09,Amador,005,37829,9,10,0,10,0
2020-06-09,Butte,007,227075,101,70,6,76,1
2020-06-09,Calaveras,009,45235,24,16,0,16,0
2020-06-09,Colusa,011,21464,10,7,0,7,0
2020-06-09,Contra Costa,013,1133247,2045,1744,2,1746,42
2020-06-09,Del Norte,015,27424,47,45,0,45,0
2020-06-09,El Dorado,017,186661,139,108,0,108,0
2020-06-09,Fresno,019,978130,4311,2278,51,2329,43
2020-06-09,Glenn,021,27897,38,19,0,19,0
2020-06-09,Humboldt,023,135768,115,113,0,113,2
2020-06-09,Imperial,025,180216,5334,3067,4,3071,36
2020-06-09,Inyo,027,18085,22,22,0,22,1
2020-06-09,Kern,029,883053,3871,2920,10,2930,51
2020-06-09,Kings,031,150075,1889,934,5,939,6
2020-06-09,Lake,033,64148,39,28,0,28,0
2020-06-09,Lassen,035,31185,13,5,2,7,0
2020-06-09,Los Angeles,037,10098052,74659,65827,20,65847,2692
2020-06-09,Madera,039,155013,414,172,1,173,3
2020-06-09,Marin,041,260295,716,616,2,618,17
2020-06-09,Mariposa,043,17540,17,16,0,16,1
2020-06-09,Mendocino,045,87422,36,35,0,35,0
2020-06-09,Merced,047,269075,563,349,1,350,7
2020-06-09,Modoc,049,8938,1,0,0,0,0
2020-06-09,Mono,051,14174,39,35,0,35,1
2020-06-09,Monterey,053,433212,1066,772,7,779,11
2020-06-09,Napa,055,140530,201,156,0,156,3
2020-06-09,Nevada,057,99092,57,50,1,51,1
2020-06-09,Orange,059,3164182,11229,7991,80,8071,174
2020-06-09,Placer,061,380077,434,301,3,304,9
2020-06-09,Plumas,063,18699,5,4,0,4,0
2020-06-09,Riverside,065,2383286,12509,9511,22,9533,354
2020-06-09,Sacramento,067,1510023,1828,1625,2,1627,59
2020-06-09,San Benito,069,59416,138,95,0,95,2
2020-06-09,San Bernardino,071,2135413,8558,6268,6,6274,217
2020-06-09,San Diego,073,3302833,10041,8731,0,8731,301
2020-06-09,San Francisco,075,870044,2993,2749,1,2750,44
2020-06-09,San Joaquin,077,732212,1837,1240,4,1244,41
2020-06-09,San Luis Obispo,079,281455,420,301,4,305,1
2020-06-09,San Mateo,081,765935,2671,2463,4,2467,74
2020-06-09,Santa Barbara,083,443738,2874,1854,18,1872,13
2020-06-09,Santa Clara,085,1922200,3847,3006,11,3017,147
2020-06-09,Santa Cruz,087,273765,267,237,0,237,2
2020-06-09,Shasta,089,179085,78,44,0,44,4
2020-06-09,Sierra,091,2930,1,1,0,1,0
2020-06-09,Siskiyou,093,43540,20,10,0,10,0
2020-06-09,Solano,095,438530,812,596,4,600,18
2020-06-09,Sonoma,097,501317,798,661,1,662,4
2020-06-09,Stanislaus,099,539301,1405,993,5,998,25
2020-06-09,Sutter,101,95872,86,56,0,56,2
2020-06-09,Tehama,103,63373,25,9,2,11,1
2020-06-09,Trinity,105,12862,10,2,2,4,0
2020-06-09,Tulare,107,460477,3365,2393,10,2403,91
2020-06-09,Tuolumne,109,53932,9,8,1,9,0
2020-06-09,Ventura,111,848112,2099,1407,11,1418,34
2020-06-09,Yolo,113,214977,279,226,0,226,24
2020-06-09,Yuba,115,75493,34,27,0,27,1
2020-06-08,Alameda,001,1643700,4483,3937,7,3944,103
2020-06-08,Alpine,003,1148,2,1,0,1,0
2020-06-08,Amador,005,37829,9,10,0,10,0
2020-06-08,Butte,007,227075,97,68,6,74,1
2020-06-08,Calaveras,009,45235,24,16,0,16,0
2020-06-08,Colusa,011,21464,9,7,0,7,0
2020-06-08,Contra Costa,013,1133247,2002,1714,2,1716,41
2020-06-08,Del Norte,015,27424,47,45,0,45,0
2020-06-08,El Dorado,017,186661,135,107,0,107,0
2020-06-08,Fresno,019,978130,4187,2194,50,2244,42
2020-06-08,Glenn,021,27897,36,17,0,17,0
2020-06-08,Humboldt,023,135768,115,112,0,112,2
2020-06-08,Imperial,025,180216,5182,3051,4,3055,21
2020-06-08,Inyo,027,18085,22,22,0,22,1
2020-06-08,Kern,029,883053,3740,2853,9,2862,49
2020-06-08,Kings,031,150075,1813,892,5,897,6
2020-06-08,Lake,033,64148,39,28,0,28,0
2020-06-08,Lassen,035,31185,13,4,2,6,0
2020-06-08,Los Angeles,037,10098052,73197,64634,20,64654,2640
2020-06-08,Madera,039,155013,384,154,1,155,3
2020-06-08,Marin,041,260295,675,596,2,598,17
2020-06-08,Mariposa,043,17540,16,16,0,16,1
2020-06-08,Mendocino,045,87422,34,32,0,32,0
2020-06-08,Merced,047,269075,529,331,1,332,7
2020-06-08,Modoc,049,8938,1,0,0,0,0
2020-06-08,Mono,051,14174,39,35,0,35,1
2020-06-08,Monterey,053,433212,1015,751,6,757,10
2020-06-08,Napa,055,140530,185,151,0,151,3
2020-06-08,Nevada,057,99092,56,50,1,51,1
2020-06-08,Orange,059,3164182,10978,7786,78,7864,160
2020-06-08,Placer,061,380077,417,290,3,293,9
2020-06-08,Plumas,063,18699,5,4,0,4,0
2020-06-08,Riverside,065,2383286,12140,9246,22,9268,347
2020-06-08,Sacramento,067,1510023,1778,1591,2,1593,59
2020-06-08,San Benito,069,59416,131,93,0,93,2
2020-06-08,San Bernardino,071,2135413,8237,6122,6,6128,214
2020-06-08,San Diego,073,3302833,9884,8621,0,8621,296
2020-06-08,San Francisco,075,870044,2966,2715,1,2716,43
2020-06-08,San Joaquin,077,732212,1730,1198,4,1202,40
2020-06-08,San Luis Obispo,079,281455,414,300,4,304,1
2020-06-08,San Mateo,081,765935,2640,2431,3,2434,74
2020-06-08,Santa Barbara,083,443738,2806,1824,16,1840,13
2020-06-08,Santa Clara,085,1922200,3801,2971,11,2982,146
2020-06-08,Santa Cruz,087,273765,266,234,0,234,2
2020-06-08,Shasta,089,179085,74,43,0,43,4
2020-06-08,Sierra,091,2930,1,1,0,1,0
2020-06-08,Siskiyou,093,43540,20,8,0,8,0
2020-06-08,Solano,095,438530,785,560,4,564,19
2020-06-08,Sonoma,097,501317,782,654,1,655,4
2020-06-08,Stanislaus,099,539301,1323,956,5,961,28
2020-06-08,Sutter,101,95872,79,55,0,55,2
2020-06-08,Tehama,103,63373,19,8,2,10,1
2020-06-08,Trinity,105,12862,10,2,2,4,0
2020-06-08,Tulare,107,460477,3282,2301,10,2311,91
2020-06-08,Tuolumne,109,53932,8,8,1,9,0
2020-06-08,Ventura,111,848112,2041,1382,11,1393,30
2020-06-08,Yolo,113,214977,268,228,0,228,24
2020-06-08,Yuba,115,75493,32,27,0,27,1
2020-06-07,Alameda,001,1643700,4370,3866,7,3873,102
2020-06-07,Alpine,003,1148,2,1,0,1,0
2020-06-07,Amador,005,37829,9,10,0,10,0
2020-06-07,Butte,007,227075,95,64,5,69,1
2020-06-07,Calaveras,009,45235,22,16,0,16,0
2020-06-07,Colusa,011,21464,9,7,0,7,0
2020-06-07,Contra Costa,013,1133247,1951,1653,1,1654,38
2020-06-07,Del Norte,015,27424,45,45,0,45,0
2020-06-07,El Dorado,017,186661,135,104,0,104,0
2020-06-07,Fresno,019,978130,4057,2144,50,2194,41
2020-06-07,Glenn,021,27897,29,16,0,16,0
2020-06-07,Humboldt,023,135768,115,112,0,112,2
2020-06-07,Imperial,025,180216,5031,3048,4,3052,19
2020-06-07,Inyo,027,18085,22,21,0,21,1
2020-06-07,Kern,029,883053,3609,2771,9,2780,46
2020-06-07,Kings,031,150075,1764,882,4,886,6
2020-06-07,Lake,033,64148,36,28,0,28,0
2020-06-07,Lassen,035,31185,12,4,2,6,0
2020-06-07,Los Angeles,037,10098052,71494,63750,20,63770,2629
2020-06-07,Madera,039,155013,367,149,1,150,3
2020-06-07,Marin,041,260295,661,584,2,586,17
2020-06-07,Mariposa,043,17540,16,16,0,16,1
2020-06-07,Mendocino,045,87422,34,32,0,32,0
2020-06-07,Merced,047,269075,496,318,1,319,7
2020-06-07,Modoc,049,8938,1,0,0,0,0
2020-06-07,Mono,051,14174,39,35,0,35,1
2020-06-07,Monterey,053,433212,968,732,6,738,10
2020-06-07,Napa,055,140530,177,142,0,142,3
2020-06-07,Nevada,057,99092,55,50,1,51,1
2020-06-07,Orange,059,3164182,10721,7643,76,7719,158
2020-06-07,Placer,061,380077,396,273,2,275,9
2020-06-07,Plumas,063,18699,5,4,0,4,0
2020-06-07,Riverside,065,2383286,11844,9105,22,9127,344
2020-06-07,Sacramento,067,1510023,1730,1568,2,1570,59
2020-06-07,San Benito,069,59416,128,92,0,92,2
2020-06-07,San Bernardino,071,2135413,7952,6033,6,6039,214
2020-06-07,San Diego,073,3302833,9705,8478,0,8478,296
2020-06-07,San Francisco,075,870044,2922,2674,0,2674,43
2020-06-07,San Joaquin,077,732212,1629,1126,4,1130,37
2020-06-07,San Luis Obispo,079,281455,404,296,4,300,1
2020-06-07,San Mateo,081,765935,2613,2399,3,2402,73
2020-06-07,Santa Barbara,083,443738,2737,1818,16,1834,13
2020-06-07,Santa Clara,085,1922200,3749,2947,11,2958,146
2020-06-07,Santa Cruz,087,273765,258,230,0,230,2
2020-06-07,Shasta,089,179085,73,41,0,41,4
2020-06-07,Sierra,091,2930,1,1,0,1,0
2020-06-07,Siskiyou,093,43540,20,8,0,8,0
2020-06-07,Solano,095,438530,762,560,4,564,19
2020-06-07,Sonoma,097,501317,751,639,1,640,4
2020-06-07,Stanislaus,099,539301,1243,905,5,910,28
2020-06-07,Sutter,101,95872,71,55,0,55,2
2020-06-07,Tehama,103,63373,16,8,2,10,1
2020-06-07,Trinity,105,12862,8,2,2,4,0
2020-06-07,Tulare,107,460477,3160,2219,10,2229,90
2020-06-07,Tuolumne,109,53932,8,4,1,5,0
2020-06-07,Ventura,111,848112,1975,1337,11,1348,30
2020-06-07,Yolo,113,214977,258,224,0,224,24
2020-06-07,Yuba,115,75493,32,27,0,27,1
2020-06-06,Alameda,001,1643700,4325,3801,7,3808,102
2020-06-06,Alpine,003,1148,2,1,0,1,0
2020-06-06,Amador,005,37829,9,10,0,10,0
2020-06-06,Butte,007,227075,94,63,5,68,1
2020-06-06,Calaveras,009,45235,20,16,0,16,0
2020-06-06,Colusa,011,21464,9,7,0,7,0
2020-06-06,Contra Costa,013,1133247,1930,1619,1,1620,37
2020-06-06,Del Norte,015,27424,45,45,0,45,0
2020-06-06,El Dorado,017,186661,130,104,0,104,0
2020-06-06,Fresno,019,978130,4002,2117,50,2167,41
2020-06-06,Glenn,021,27897,27,16,0,16,0
2020-06-06,Humboldt,023,135768,115,112,0,112,2
2020-06-06,Imperial,025,180216,4955,3047,4,3051,19
2020-06-06,Inyo,027,18085,22,21,0,21,1
2020-06-06,Kern,029,883053,3539,2695,9,2704,46
2020-06-06,Kings,031,150075,1745,882,4,886,6
2020-06-06,Lake,033,64148,36,28,0,28,0
2020-06-06,Lassen,035,31185,12,4,2,6,0
2020-06-06,Los Angeles,037,10098052,70747,62269,20,62289,2607
2020-06-06,Madera,039,155013,358,149,1,150,3
2020-06-06,Marin,041,260295,656,556,2,558,17
2020-06-06,Mariposa,043,17540,16,16,0,16,1
2020-06-06,Mendocino,045,87422,34,32,0,32,0
2020-06-06,Merced,047,269075,494,315,1,316,7
2020-06-06,Modoc,049,8938,1,0,0,0,0
2020-06-06,Mono,051,14174,39,35,0,35,1
2020-06-06,Monterey,053,433212,944,679,6,685,10
2020-06-06,Napa,055,140530,171,136,0,136,3
2020-06-06,Nevada,057,99092,54,50,1,51,1
2020-06-06,Orange,059,3164182,10562,7576,75,7651,157
2020-06-06,Placer,061,380077,384,270,2,272,9
2020-06-06,Plumas,063,18699,5,4,0,4,0
2020-06-06,Riverside,065,2383286,11666,8935,22,8957,345
2020-06-06,Sacramento,067,1510023,1707,1533,2,1535,59
2020-06-06,San Benito,069,59416,118,92,0,92,2
2020-06-06,San Bernardino,071,2135413,7804,5946,6,5952,214
2020-06-06,San Diego,073,3302833,9584,8347,0,8347,296
2020-06-06,San Francisco,075,870044,2907,2674,0,2674,43
2020-06-06,San Joaquin,077,732212,1589,1076,4,1080,37
2020-06-06,San Luis Obispo,079,281455,398,295,4,299,1
2020-06-06,San Mateo,081,765935,2598,2342,3,2345,72
2020-06-06,Santa Barbara,083,443738,2692,1815,16,1831,13
2020-06-06,Santa Clara,085,1922200,3708,2934,11,2945,144
2020-06-06,Santa Cruz,087,273765,256,226,0,226,2
2020-06-06,Shasta,089,179085,73,40,0,40,4
2020-06-06,Sierra,091,2930,1,1,0,1,0
2020-06-06,Siskiyou,093,43540,18,8,0,8,0
2020-06-06,Solano,095,438530,747,560,4,564,19
2020-06-06,Sonoma,097,501317,739,622,1,623,4
2020-06-06,Stanislaus,099,539301,1209,858,5,863,27
2020-06-06,Sutter,101,95872,71,51,0,51,2
2020-06-06,Tehama,103,63373,15,8,2,10,1
2020-06-06,Trinity,105,12862,8,2,1,3,0
2020-06-06,Tulare,107,460477,3127,2213,10,2223,90
2020-06-06,Tuolumne,109,53932,8,4,1,5,0
2020-06-06,Ventura,111,848112,1951,1303,11,1314,30
2020-06-06,Yolo,113,214977,256,223,0,223,24
2020-06-06,Yuba,115,75493,32,27,0,27,1
2020-06-05,Alameda,001,1643700,4274,3734,7,3741,102
2020-06-05,Alpine,003,1148,2,1,0,1,0
2020-06-05,Amador,005,37829,9,10,0,10,0
2020-06-05,Butte,007,227075,91,61,5,66,1
2020-06-05,Calaveras,009,45235,19,16,0,16,0
2020-06-05,Colusa,011,21464,9,7,0,7,0
2020-06-05,Contra Costa,013,1133247,1915,1575,1,1576,37
2020-06-05,Del Norte,015,27424,45,45,0,45,0
2020-06-05,El Dorado,017,186661,129,101,0,101,0
2020-06-05,Fresno,019,978130,3938,2051,49,2100,38
2020-06-05,Glenn,021,27897,25,16,0,16,0
2020-06-05,Humboldt,023,135768,114,111,0,111,2
2020-06-05,Imperial,025,180216,4849,2778,4,2782,19
2020-06-05,Inyo,027,18085,22,21,0,21,1
2020-06-05,Kern,029,883053,3450,2624,9,2633,46
2020-06-05,Kings,031,150075,1730,865,4,869,6
2020-06-05,Lake,033,64148,35,28,0,28,0
2020-06-05,Lassen,035,31185,11,4,2,6,0
2020-06-05,Los Angeles,037,10098052,69600,60955,20,60975,2553
2020-06-05,Madera,039,155013,336,144,1,145,3
2020-06-05,Marin,041,260295,647,546,2,548,17
2020-06-05,Mariposa,043,17540,16,16,0,16,1
2020-06-05,Mendocino,045,87422,34,32,0,32,0
2020-06-05,Merced,047,269075,492,309,1,310,7
2020-06-05,Modoc,049,8938,1,0,0,0,0
2020-06-05,Mono,051,14174,39,35,0,35,1
2020-06-05,Monterey,053,433212,912,649,6,655,10
2020-06-05,Napa,055,140530,168,123,0,123,3
2020-06-05,Nevada,057,99092,54,50,1,51,1
2020-06-05,Orange,059,3164182,10366,7391,73,7464,153
2020-06-05,Placer,061,380077,374,265,2,267,9
2020-06-05,Plumas,063,18699,5,4,0,4,0
2020-06-05,Riverside,065,2383286,11407,8700,22,8722,345
2020-06-05,Sacramento,067,1510023,1685,1514,2,1516,59
2020-06-05,San Benito,069,59416,116,92,0,92,2
2020-06-05,San Bernardino,071,2135413,7622,5869,5,5874,212
2020-06-05,San Diego,073,3302833,9469,8182,0,8182,294
2020-06-05,San Francisco,075,870044,2889,2675,0,2675,43
2020-06-05,San Joaquin,077,732212,1510,1046,4,1050,36
2020-06-05,San Luis Obispo,079,281455,391,293,4,297,1
2020-06-05,San Mateo,081,765935,2573,2331,3,2334,72
2020-06-05,Santa Barbara,083,443738,2652,1795,16,1811,13
2020-06-05,Santa Clara,085,1922200,3674,2902,11,2913,144
2020-06-05,Santa Cruz,087,273765,253,222,0,222,2
2020-06-05,Shasta,089,179085,72,40,0,40,4
2020-06-05,Sierra,091,2930,1,1,0,1,0
2020-06-05,Siskiyou,093,43540,16,8,0,8,0
2020-06-05,Solano,095,438530,740,558,4,562,19
2020-06-05,Sonoma,097,501317,718,618,1,619,4
2020-06-05,Stanislaus,099,539301,1176,842,5,847,27
2020-06-05,Sutter,101,95872,71,49,0,49,2
2020-06-05,Tehama,103,63373,15,7,2,9,1
2020-06-05,Trinity,105,12862,8,1,1,2,0
2020-06-05,Tulare,107,460477,3078,2180,10,2190,90
2020-06-05,Tuolumne,109,53932,8,4,1,5,0
2020-06-05,Ventura,111,848112,1918,1274,11,1285,30
2020-06-05,Yolo,113,214977,255,216,0,216,24
2020-06-05,Yuba,115,75493,32,27,0,27,1
2020-06-04,Alameda,001,1643700,4175,3643,7,3650,99
2020-06-04,Alpine,003,1148,2,1,0,1,0
2020-06-04,Amador,005,37829,9,10,0,10,0
2020-06-04,Butte,007,227075,87,57,4,61,1
2020-06-04,Calaveras,009,45235,19,15,0,15,0
2020-06-04,Colusa,011,21464,9,7,0,7,0
2020-06-04,Contra Costa,013,1133247,1857,1551,1,1552,37
2020-06-04,Del Norte,015,27424,45,45,0,45,0
2020-06-04,El Dorado,017,186661,127,101,0,101,0
2020-06-04,Fresno,019,978130,3832,2007,48,2055,35
2020-06-04,Glenn,021,27897,22,16,0,16,0
2020-06-04,Humboldt,023,135768,114,109,0,109,2
2020-06-04,Imperial,025,180216,4666,2631,4,2635,19
2020-06-04,Inyo,027,18085,22,20,0,20,1
2020-06-04,Kern,029,883053,3334,2530,9,2539,46
2020-06-04,Kings,031,150075,1660,842,4,846,6
2020-06-04,Lake,033,64148,34,27,0,27,0
2020-06-04,Lassen,035,31185,9,4,2,6,0
2020-06-04,Los Angeles,037,10098052,68131,59596,20,59616,2515
2020-06-04,Madera,039,155013,328,127,1,128,3
2020-06-04,Marin,041,260295,625,533,2,535,14
2020-06-04,Mariposa,043,17540,16,16,0,16,1
2020-06-04,Mendocino,045,87422,34,29,0,29,0
2020-06-04,Merced,047,269075,472,304,1,305,7
2020-06-04,Modoc,049,8938,1,0,0,0,0
2020-06-04,Mono,051,14174,39,35,0,35,1
2020-06-04,Monterey,053,433212,877,621,5,626,10
2020-06-04,Napa,055,140530,164,117,0,117,3
2020-06-04,Nevada,057,99092,53,49,1,50,1
2020-06-04,Orange,059,3164182,10112,7192,72,7264,148
2020-06-04,Placer,061,380077,358,256,2,258,9
2020-06-04,Plumas,063,18699,4,4,0,4,0
2020-06-04,Riverside,065,2383286,11129,8473,22,8495,341
2020-06-04,Sacramento,067,1510023,1658,1492,2,1494,58
2020-06-04,San Benito,069,59416,114,88,0,88,2
2020-06-04,San Bernardino,071,2135413,7354,5726,5,5731,207
2020-06-04,San Diego,073,3302833,9306,7942,0,7942,288
2020-06-04,San Francisco,075,870044,2856,2636,0,2636,43
2020-06-04,San Joaquin,077,732212,1448,1016,4,1020,36
2020-06-04,San Luis Obispo,079,281455,382,288,4,292,1
2020-06-04,San Mateo,081,765935,2547,2284,3,2287,72
2020-06-04,Santa Barbara,083,443738,2599,1750,15,1765,13
2020-06-04,Santa Clara,085,1922200,3640,2871,11,2882,144
2020-06-04,Santa Cruz,087,273765,247,218,0,218,2
2020-06-04,Shasta,089,179085,66,40,0,40,4
2020-06-04,Sierra,091,2930,1,1,0,1,0
2020-06-04,Siskiyou,093,43540,15,8,0,8,0
2020-06-04,Solano,095,438530,723,551,4,555,19
2020-06-04,Sonoma,097,501317,699,591,1,592,4
2020-06-04,Stanislaus,099,539301,1100,806,5,811,28
2020-06-04,Sutter,101,95872,66,46,0,46,2
2020-06-04,Tehama,103,63373,14,6,1,7,1
2020-06-04,Trinity,105,12862,8,1,1,2,0
2020-06-04,Tulare,107,460477,2961,2086,10,2096,90
2020-06-04,Tuolumne,109,53932,7,4,1,5,0
2020-06-04,Ventura,111,848112,1874,1236,10,1246,30
2020-06-04,Yolo,113,214977,250,216,0,216,24
2020-06-04,Yuba,115,75493,31,27,0,27,1
2020-06-03,Alameda,001,1643700,4116,3589,6,3595,99
2020-06-03,Alpine,003,1148,2,1,0,1,0
2020-06-03,Amador,005,37829,9,10,0,10,0
2020-06-03,Butte,007,227075,85,53,4,57,1
2020-06-03,Calaveras,009,45235,18,15,0,15,0
2020-06-03,Colusa,011,21464,9,7,0,7,0
2020-06-03,Contra Costa,013,1133247,1809,1511,1,1512,37
2020-06-03,Del Norte,015,27424,45,39,0,39,0
2020-06-03,El Dorado,017,186661,124,90,0,90,0
2020-06-03,Fresno,019,978130,3733,1943,48,1991,35
2020-06-03,Glenn,021,27897,22,16,0,16,0
2020-06-03,Humboldt,023,135768,114,103,0,103,2
2020-06-03,Imperial,025,180216,4493,2540,4,2544,19
2020-06-03,Inyo,027,18085,22,20,0,20,1
2020-06-03,Kern,029,883053,3238,2452,8,2460,44
2020-06-03,Kings,031,150075,1595,744,4,748,6
2020-06-03,Lake,033,64148,32,26,0,26,0
2020-06-03,Lassen,035,31185,9,4,2,6,0
2020-06-03,Los Angeles,037,10098052,66525,58166,20,58186,2472
2020-06-03,Madera,039,155013,320,117,1,118,3
2020-06-03,Marin,041,260295,607,527,2,529,14
2020-06-03,Mariposa,043,17540,16,16,0,16,1
2020-06-03,Mendocino,045,87422,33,29,0,29,0
2020-06-03,Merced,047,269075,458,299,1,300,7
2020-06-03,Modoc,049,8938,1,0,0,0,0
2020-06-03,Mono,051,14174,39,35,0,35,1
2020-06-03,Monterey,053,433212,849,592,5,597,10
2020-06-03,Napa,055,140530,163,116,0,116,3
2020-06-03,Nevada,057,99092,52,43,1,44,1
2020-06-03,Orange,059,3164182,9885,6939,71,7010,145
2020-06-03,Placer,061,380077,338,243,2,245,9
2020-06-03,Plumas,063,18699,4,4,0,4,0
2020-06-03,Riverside,065,2383286,10854,8208,22,8230,335
2020-06-03,Sacramento,067,1510023,1628,1457,2,1459,58
2020-06-03,San Benito,069,59416,108,88,0,88,2
2020-06-03,San Bernardino,071,2135413,7131,5565,5,5570,203
2020-06-03,San Diego,073,3302833,9158,7800,0,7800,283
2020-06-03,San Francisco,075,870044,2825,2608,0,2608,43
2020-06-03,San Joaquin,077,732212,1384,1004,4,1008,35
2020-06-03,San Luis Obispo,079,281455,377,279,4,283,1
2020-06-03,San Mateo,081,765935,2519,2243,3,2246,71
2020-06-03,Santa Barbara,083,443738,2547,1722,14,1736,12
2020-06-03,Santa Clara,085,1922200,3598,2836,11,2847,144
2020-06-03,Santa Cruz,087,273765,241,217,0,217,2
2020-06-03,Shasta,089,179085,63,40,0,40,4
2020-06-03,Sierra,091,2930,1,1,0,1,0
2020-06-03,Siskiyou,093,43540,14,8,0,8,0
2020-06-03,Solano,095,438530,698,543,2,545,18
2020-06-03,Sonoma,097,501317,687,578,1,579,4
2020-06-03,Stanislaus,099,539301,1060,780,5,785,27
2020-06-03,Sutter,101,95872,58,45,0,45,2
2020-06-03,Tehama,103,63373,14,6,1,7,1
2020-06-03,Trinity,105,12862,8,1,1,2,0
2020-06-03,Tulare,107,460477,2892,2041,10,2051,88
2020-06-03,Tuolumne,109,53932,5,4,1,5,0
2020-06-03,Ventura,111,848112,1807,1202,10,1212,30
2020-06-03,Yolo,113,214977,246,213,0,213,24
2020-06-03,Yuba,115,75493,31,27,0,27,1
2020-06-02,Alameda,001,1643700,4040,3517,6,3523,99
2020-06-02,Alpine,003,1148,2,1,0,1,0
2020-06-02,Amador,005,37829,9,10,0,10,0
2020-06-02,Butte,007,227075,81,51,3,54,1
2020-06-02,Calaveras,009,45235,18,15,0,15,0
2020-06-02,Colusa,011,21464,9,7,0,7,0
2020-06-02,Contra Costa,013,1133247,1777,1505,1,1506,37
2020-06-02,Del Norte,015,27424,45,39,0,39,0
2020-06-02,El Dorado,017,186661,123,88,0,88,0
2020-06-02,Fresno,019,978130,3620,1917,48,1965,34
2020-06-02,Glenn,021,27897,21,16,0,16,0
2020-06-02,Humboldt,023,135768,114,101,0,101,2
2020-06-02,Imperial,025,180216,4300,2459,4,2463,19
2020-06-02,Inyo,027,18085,20,20,0,20,1
2020-06-02,Kern,029,883053,3139,2406,6,2412,41
2020-06-02,Kings,031,150075,1567,720,4,724,5
2020-06-02,Lake,033,64148,32,25,0,25,0
2020-06-02,Lassen,035,31185,8,4,2,6,0
2020-06-02,Los Angeles,037,10098052,65122,57144,20,57164,2430
2020-06-02,Madera,039,155013,299,110,1,111,2
2020-06-02,Marin,041,260295,580,509,2,511,14
2020-06-02,Mariposa,043,17540,16,16,0,16,1
2020-06-02,Mendocino,045,87422,33,29,0,29,0
2020-06-02,Merced,047,269075,442,297,1,298,6
2020-06-02,Modoc,049,8938,1,0,0,0,0
2020-06-02,Mono,051,14174,39,35,0,35,1
2020-06-02,Monterey,053,433212,819,582,5,587,10
2020-06-02,Napa,055,140530,154,116,0,116,3
2020-06-02,Nevada,057,99092,51,41,1,42,1
2020-06-02,Orange,059,3164182,9684,6790,70,6860,142
2020-06-02,Placer,061,380077,324,226,2,228,9
2020-06-02,Plumas,063,18699,4,4,0,4,0
2020-06-02,Riverside,065,2383286,10558,8091,21,8112,330
2020-06-02,Sacramento,067,1510023,1599,1428,2,1430,58
2020-06-02,San Benito,069,59416,107,86,0,86,2
2020-06-02,San Bernardino,071,2135413,6923,5438,5,5443,202
2020-06-02,San Diego,073,3302833,9012,7676,0,7676,276
2020-06-02,San Francisco,075,870044,2790,2554,0,2554,43
2020-06-02,San Joaquin,077,732212,1318,985,4,989,35
2020-06-02,San Luis Obispo,079,281455,372,275,4,279,1
2020-06-02,San Mateo,081,765935,2484,2203,3,2206,71
2020-06-02,Santa Barbara,083,443738,2496,1703,14,1717,12
2020-06-02,Santa Clara,085,1922200,3548,2819,11,2830,144
2020-06-02,Santa Cruz,087,273765,236,215,0,215,2
2020-06-02,Shasta,089,179085,62,38,0,38,4
2020-06-02,Sierra,091,2930,1,1,0,1,0
2020-06-02,Siskiyou,093,43540,13,8,0,8,0
2020-06-02,Solano,095,438530,683,537,1,538,18
2020-06-02,Sonoma,097,501317,676,571,1,572,4
2020-06-02,Stanislaus,099,539301,1001,772,5,777,27
2020-06-02,Sutter,101,95872,55,43,0,43,2
2020-06-02,Tehama,103,63373,14,6,1,7,1
2020-06-02,Trinity,105,12862,8,1,1,2,0
2020-06-02,Tulare,107,460477,2812,2012,10,2022,86
2020-06-02,Tuolumne,109,53932,5,4,1,5,0
2020-06-02,Ventura,111,848112,1754,1178,10,1188,30
2020-06-02,Yolo,113,214977,244,213,0,213,24
2020-06-02,Yuba,115,75493,31,27,0,27,1
2020-06-01,Alameda,001,1643700,3975,3460,6,3466,98
2020-06-01,Alpine,003,1148,2,1,0,1,0
2020-06-01,Amador,005,37829,9,10,0,10,0
2020-06-01,Butte,007,227075,80,50,2,52,1
2020-06-01,Calaveras,009,45235,18,15,0,15,0
2020-06-01,Colusa,011,21464,9,7,0,7,0
2020-06-01,Contra Costa,013,1133247,1741,1486,1,1487,37
2020-06-01,Del Norte,015,27424,45,38,0,38,0
2020-06-01,El Dorado,017,186661,121,88,0,88,0
2020-06-01,Fresno,019,978130,3525,1854,46,1900,33
2020-06-01,Glenn,021,27897,21,16,0,16,0
2020-06-01,Humboldt,023,135768,114,98,0,98,2
2020-06-01,Imperial,025,180216,4078,2366,4,2370,14
2020-06-01,Inyo,027,18085,20,20,0,20,1
2020-06-01,Kern,029,883053,3056,2366,6,2372,38
2020-06-01,Kings,031,150075,1299,703,4,707,4
2020-06-01,Lake,033,64148,32,22,0,22,0
2020-06-01,Lassen,035,31185,8,4,2,6,0
2020-06-01,Los Angeles,037,10098052,63656,55899,20,55919,2367
2020-06-01,Madera,039,155013,287,103,1,104,2
2020-06-01,Marin,041,260295,539,495,2,497,14
2020-06-01,Mariposa,043,17540,16,16,0,16,1
2020-06-01,Mendocino,045,87422,33,28,0,28,0
2020-06-01,Merced,047,269075,423,289,1,290,6
2020-06-01,Modoc,049,8938,1,0,0,0,0
2020-06-01,Mono,051,14174,39,35,0,35,1
2020-06-01,Monterey,053,433212,794,554,5,559,10
2020-06-01,Napa,055,140530,151,114,0,114,3
2020-06-01,Nevada,057,99092,51,41,1,42,1
2020-06-01,Orange,059,3164182,9487,6640,69,6709,135
2020-06-01,Placer,061,380077,312,218,2,220,9
2020-06-01,Plumas,063,18699,4,4,0,4,0
2020-06-01,Riverside,065,2383286,10106,7921,20,7941,322
2020-06-01,Sacramento,067,1510023,1560,1415,2,1417,58
2020-06-01,San Benito,069,59416,104,86,0,86,2
2020-06-01,San Bernardino,071,2135413,6717,5310,5,5315,202
2020-06-01,San Diego,073,3302833,8832,7556,0,7556,269
2020-06-01,San Francisco,075,870044,2753,2546,0,2546,43
2020-06-01,San Joaquin,077,732212,1253,957,4,961,35
2020-06-01,San Luis Obispo,079,281455,368,275,4,279,1
2020-06-01,San Mateo,081,765935,2454,2190,3,2193,71
2020-06-01,Santa Barbara,083,443738,2444,1671,13,1684,10
2020-06-01,Santa Clara,085,1922200,3510,2797,10,2807,142
2020-06-01,Santa Cruz,087,273765,232,215,0,215,2
2020-06-01,Shasta,089,179085,62,38,0,38,4
2020-06-01,Sierra,091,2930,1,1,0,1,0
2020-06-01,Siskiyou,093,43540,13,7,0,7,0
2020-06-01,Solano,095,438530,659,529,1,530,17
2020-06-01,Sonoma,097,501317,660,565,1,566,4
2020-06-01,Stanislaus,099,539301,964,758,5,763,27
2020-06-01,Sutter,101,95872,50,43,0,43,2
2020-06-01,Tehama,103,63373,11,5,1,6,1
2020-06-01,Trinity,105,12862,7,1,1,2,0
2020-06-01,Tulare,107,460477,2697,1976,10,1986,84
2020-06-01,Tuolumne,109,53932,4,4,1,5,0
2020-06-01,Ventura,111,848112,1702,1163,10,1173,29
2020-06-01,Yolo,113,214977,241,212,0,212,24
2020-06-01,Yuba,115,75493,30,26,0,26,1
2020-05-31,Alameda,001,1643700,3869,3362,6,3368,98
2020-05-31,Alpine,003,1148,2,1,0,1,0
2020-05-31,Amador,005,37829,9,10,0,10,0
2020-05-31,Butte,007,227075,78,51,2,53,0
2020-05-31,Calaveras,009,45235,15,15,0,15,0
2020-05-31,Colusa,011,21464,9,5,0,5,0
2020-05-31,Contra Costa,013,1133247,1707,1458,1,1459,37
2020-05-31,Del Norte,015,27424,45,37,0,37,0
2020-05-31,El Dorado,017,186661,117,88,0,88,0
2020-05-31,Fresno,019,978130,3360,1780,43,1823,31
2020-05-31,Glenn,021,27897,20,16,0,16,0
2020-05-31,Humboldt,023,135768,112,98,0,98,2
2020-05-31,Imperial,025,180216,3811,2197,4,2201,14
2020-05-31,Inyo,027,18085,20,20,0,20,1
2020-05-31,Kern,029,883053,2921,2300,6,2306,38
2020-05-31,Kings,031,150075,1262,703,4,707,3
2020-05-31,Lake,033,64148,32,19,0,19,0
2020-05-31,Lassen,035,31185,8,4,2,6,0
2020-05-31,Los Angeles,037,10098052,62366,54925,20,54945,2344
2020-05-31,Madera,039,155013,269,101,1,102,2
2020-05-31,Marin,041,260295,529,486,2,488,14
2020-05-31,Mariposa,043,17540,16,16,0,16,1
2020-05-31,Mendocino,045,87422,33,24,0,24,0
2020-05-31,Merced,047,269075,396,288,0,288,6
2020-05-31,Modoc,049,8938,0,0,0,0,0
2020-05-31,Mono,051,14174,39,34,0,34,1
2020-05-31,Monterey,053,433212,720,545,5,550,10
2020-05-31,Napa,055,140530,149,114,0,114,3
2020-05-31,Nevada,057,99092,50,41,1,42,1
2020-05-31,Orange,059,3164182,9277,6532,68,6600,135
2020-05-31,Placer,061,380077,290,215,2,217,9
2020-05-31,Plumas,063,18699,4,4,0,4,0
2020-05-31,Riverside,065,2383286,9850,7704,20,7724,321
2020-05-31,Sacramento,067,1510023,1529,1398,2,1400,57
2020-05-31,San Benito,069,59416,98,85,0,85,2
2020-05-31,San Bernardino,071,2135413,6449,5185,5,5190,198
2020-05-31,San Diego,073,3302833,8638,7483,0,7483,269
2020-05-31,San Francisco,075,870044,2717,2501,0,2501,43
2020-05-31,San Joaquin,077,732212,1188,888,4,892,34
2020-05-31,San Luis Obispo,079,281455,358,271,4,275,1
2020-05-31,San Mateo,081,765935,2408,2169,3,2172,71
2020-05-31,Santa Barbara,083,443738,2375,1662,12,1674,9
2020-05-31,Santa Clara,085,1922200,3466,2785,10,2795,142
2020-05-31,Santa Cruz,087,273765,229,210,0,210,2
2020-05-31,Shasta,089,179085,60,38,0,38,4
2020-05-31,Sierra,091,2930,1,1,0,1,0
2020-05-31,Siskiyou,093,43540,12,7,0,7,0
2020-05-31,Solano,095,438530,633,512,1,513,6
2020-05-31,Sonoma,097,501317,640,555,1,556,4
2020-05-31,Stanislaus,099,539301,910,738,5,743,27
2020-05-31,Sutter,101,95872,48,42,0,42,2
2020-05-31,Tehama,103,63373,10,4,1,5,1
2020-05-31,Trinity,105,12862,7,1,1,2,0
2020-05-31,Tulare,107,460477,2624,1884,10,1894,82
2020-05-31,Tuolumne,109,53932,4,4,1,5,0
2020-05-31,Ventura,111,848112,1641,1151,10,1161,30
2020-05-31,Yolo,113,214977,235,211,0,211,24
2020-05-31,Yuba,115,75493,30,26,0,26,1
2020-05-30,Alameda,001,1643700,3843,3304,6,3310,96
2020-05-30,Alpine,003,1148,2,1,0,1,0
2020-05-30,Amador,005,37829,9,10,0,10,0
2020-05-30,Butte,007,227075,77,44,2,46,0
2020-05-30,Calaveras,009,45235,14,15,0,15,0
2020-05-30,Colusa,011,21464,8,5,0,5,0
2020-05-30,Contra Costa,013,1133247,1692,1429,1,1430,37
2020-05-30,Del Norte,015,27424,45,37,0,37,0
2020-05-30,El Dorado,017,186661,116,86,0,86,0
2020-05-30,Fresno,019,978130,3299,1744,42,1786,31
2020-05-30,Glenn,021,27897,19,16,0,16,0
2020-05-30,Humboldt,023,135768,111,98,0,98,2
2020-05-30,Imperial,025,180216,3721,2091,4,2095,14
2020-05-30,Inyo,027,18085,20,20,0,20,1
2020-05-30,Kern,029,883053,2852,2217,6,2223,38
2020-05-30,Kings,031,150075,1248,703,4,707,3
2020-05-30,Lake,033,64148,31,18,0,18,0
2020-05-30,Lassen,035,31185,8,4,2,6,0
2020-05-30,Los Angeles,037,10098052,61830,53627,20,53647,2319
2020-05-30,Madera,039,155013,264,101,1,102,2
2020-05-30,Marin,041,260295,529,462,2,464,14
2020-05-30,Mariposa,043,17540,16,16,0,16,1
2020-05-30,Mendocino,045,87422,33,24,0,24,0
2020-05-30,Merced,047,269075,395,285,0,285,6
2020-05-30,Modoc,049,8938,0,0,0,0,0
2020-05-30,Mono,051,14174,39,34,0,34,1
2020-05-30,Monterey,053,433212,704,520,5,525,10
2020-05-30,Napa,055,140530,147,113,0,113,3
2020-05-30,Nevada,057,99092,50,41,1,42,1
2020-05-30,Orange,059,3164182,9121,6354,68,6422,134
2020-05-30,Placer,061,380077,282,199,1,200,9
2020-05-30,Plumas,063,18699,4,4,0,4,0
2020-05-30,Riverside,065,2383286,9706,7492,20,7512,316
2020-05-30,Sacramento,067,1510023,1518,1384,2,1386,57
2020-05-30,San Benito,069,59416,97,85,0,85,2
2020-05-30,San Bernardino,071,2135413,6340,5122,5,5127,198
2020-05-30,San Diego,073,3302833,8545,7387,0,7387,269
2020-05-30,San Francisco,075,870044,2692,2496,0,2496,41
2020-05-30,San Joaquin,077,732212,1150,888,4,892,34
2020-05-30,San Luis Obispo,079,281455,353,270,4,274,1
2020-05-30,San Mateo,081,765935,2384,2129,3,2132,71
2020-05-30,Santa Barbara,083,443738,2341,1660,12,1672,9
2020-05-30,Santa Clara,085,1922200,3450,2741,10,2751,141
2020-05-30,Santa Cruz,087,273765,229,206,0,206,2
2020-05-30,Shasta,089,179085,60,36,0,36,4
2020-05-30,Sierra,091,2930,1,1,0,1,0
2020-05-30,Siskiyou,093,43540,11,7,0,7,0
2020-05-30,Solano,095,438530,626,512,1,513,6
2020-05-30,Sonoma,097,501317,630,551,1,552,4
2020-05-30,Stanislaus,099,539301,893,712,5,717,27
2020-05-30,Sutter,101,95872,47,40,0,40,2
2020-05-30,Tehama,103,63373,10,4,1,5,1
2020-05-30,Trinity,105,12862,7,1,1,2,0
2020-05-30,Tulare,107,460477,2587,1879,10,1889,81
2020-05-30,Tuolumne,109,53932,4,4,1,5,0
2020-05-30,Ventura,111,848112,1624,1116,10,1126,30
2020-05-30,Yolo,113,214977,231,210,0,210,24
2020-05-30,Yuba,115,75493,30,25,0,25,1
2020-05-29,Alameda,001,1643700,3808,3209,6,3215,96
2020-05-29,Alpine,003,1148,2,1,0,1,0
2020-05-29,Amador,005,37829,9,10,0,10,0
2020-05-29,Butte,007,227075,72,41,2,43,0
2020-05-29,Calaveras,009,45235,14,15,0,15,0
2020-05-29,Colusa,011,21464,8,5,0,5,0
2020-05-29,Contra Costa,013,1133247,1676,1411,1,1412,37
2020-05-29,Del Norte,015,27424,45,37,0,37,0
2020-05-29,El Dorado,017,186661,115,85,0,85,0
2020-05-29,Fresno,019,978130,3249,1687,42,1729,31
2020-05-29,Glenn,021,27897,19,14,0,14,0
2020-05-29,Humboldt,023,135768,110,98,0,98,2
2020-05-29,Imperial,025,180216,3603,1607,4,1611,14
2020-05-29,Inyo,027,18085,20,20,0,20,1
2020-05-29,Kern,029,883053,2794,2128,6,2134,36
2020-05-29,Kings,031,150075,1237,693,4,697,3
2020-05-29,Lake,033,64148,30,17,0,17,0
2020-05-29,Lassen,035,31185,8,0,2,2,0
2020-05-29,Los Angeles,037,10098052,60875,51578,20,51598,2273
2020-05-29,Madera,039,155013,249,98,1,99,2
2020-05-29,Marin,041,260295,521,448,2,450,14
2020-05-29,Mariposa,043,17540,16,16,0,16,1
2020-05-29,Mendocino,045,87422,31,25,0,25,0
2020-05-29,Merced,047,269075,390,285,0,285,7
2020-05-29,Modoc,049,8938,0,0,0,0,0
2020-05-29,Mono,051,14174,38,34,0,34,1
2020-05-29,Monterey,053,433212,674,479,4,483,10
2020-05-29,Napa,055,140530,144,113,0,113,3
2020-05-29,Nevada,057,99092,50,41,1,42,1
2020-05-29,Orange,059,3164182,8936,6176,66,6242,133
2020-05-29,Placer,061,380077,260,199,1,200,9
2020-05-29,Plumas,063,18699,4,4,0,4,0
2020-05-29,Riverside,065,2383286,9520,7376,20,7396,313
2020-05-29,Sacramento,067,1510023,1495,1360,2,1362,57
2020-05-29,San Benito,069,59416,97,84,0,84,2
2020-05-29,San Bernardino,071,2135413,6232,4983,5,4988,196
2020-05-29,San Diego,073,3302833,8422,7242,0,7242,266
2020-05-29,San Francisco,075,870044,2668,2453,0,2453,41
2020-05-29,San Joaquin,077,732212,1113,855,4,859,34
2020-05-29,San Luis Obispo,079,281455,349,270,4,274,1
2020-05-29,San Mateo,081,765935,2368,2103,3,2106,71
2020-05-29,Santa Barbara,083,443738,2302,1656,12,1668,9
2020-05-29,Santa Clara,085,1922200,3422,2707,10,2717,141
2020-05-29,Santa Cruz,087,273765,226,203,0,203,2
2020-05-29,Shasta,089,179085,60,36,0,36,4
2020-05-29,Sierra,091,2930,1,1,0,1,0
2020-05-29,Siskiyou,093,43540,11,7,0,7,0
2020-05-29,Solano,095,438530,618,498,1,499,6
2020-05-29,Sonoma,097,501317,619,537,1,538,4
2020-05-29,Stanislaus,099,539301,863,698,5,703,27
2020-05-29,Sutter,101,95872,45,40,0,40,2
2020-05-29,Tehama,103,63373,9,4,1,5,1
2020-05-29,Trinity,105,12862,7,1,1,2,0
2020-05-29,Tulare,107,460477,2549,1852,10,1862,80
2020-05-29,Tuolumne,109,53932,4,4,1,5,0
2020-05-29,Ventura,111,848112,1600,1093,10,1103,29
2020-05-29,Yolo,113,214977,227,211,0,211,24
2020-05-29,Yuba,115,75493,29,25,0,25,1
2020-05-28,Alameda,001,1643700,3708,3083,6,3089,94
2020-05-28,Alpine,003,1148,2,1,0,1,0
2020-05-28,Amador,005,37829,9,10,0,10,0
2020-05-28,Butte,007,227075,71,40,2,42,0
2020-05-28,Calaveras,009,45235,13,15,0,15,0
2020-05-28,Colusa,011,21464,8,5,0,5,0
2020-05-28,Contra Costa,013,1133247,1637,1392,1,1393,37
2020-05-28,Del Norte,015,27424,45,37,0,37,0
2020-05-28,El Dorado,017,186661,112,82,0,82,0
2020-05-28,Fresno,019,978130,3168,1653,41,1694,31
2020-05-28,Glenn,021,27897,18,14,0,14,0
2020-05-28,Humboldt,023,135768,109,97,0,97,2
2020-05-28,Imperial,025,180216,3408,1430,4,1434,14
2020-05-28,Inyo,027,18085,20,20,0,20,1
2020-05-28,Kern,029,883053,2716,2069,6,2075,36
2020-05-28,Kings,031,150075,900,626,4,630,3
2020-05-28,Lake,033,64148,29,17,0,17,0
2020-05-28,Lassen,035,31185,8,0,2,2,0
2020-05-28,Los Angeles,037,10098052,59296,49861,20,49881,2222
2020-05-28,Madera,039,155013,231,93,1,94,2
2020-05-28,Marin,041,260295,496,443,2,445,14
2020-05-28,Mariposa,043,17540,16,16,0,16,1
2020-05-28,Mendocino,045,87422,29,24,0,24,0
2020-05-28,Merced,047,269075,381,283,0,283,7
2020-05-28,Modoc,049,8938,0,0,0,0,0
2020-05-28,Mono,051,14174,38,34,0,34,1
2020-05-28,Monterey,053,433212,642,471,4,475,10
2020-05-28,Napa,055,140530,141,113,0,113,3
2020-05-28,Nevada,057,99092,45,41,1,42,1
2020-05-28,Orange,059,3164182,8740,6045,66,6111,130
2020-05-28,Placer,061,380077,253,196,1,197,9
2020-05-28,Plumas,063,18699,4,4,0,4,0
2020-05-28,Riverside,065,2383286,9118,7240,19,7259,304
2020-05-28,Sacramento,067,1510023,1475,1339,2,1341,57
2020-05-28,San Benito,069,59416,96,82,0,82,2
2020-05-28,San Bernardino,071,2135413,6067,4831,5,4836,191
2020-05-28,San Diego,073,3302833,8265,7102,0,7102,260
2020-05-28,San Francisco,075,870044,2634,2417,0,2417,40
2020-05-28,San Joaquin,077,732212,1078,840,4,844,34
2020-05-28,San Luis Obispo,079,281455,346,267,4,271,1
2020-05-28,San Mateo,081,765935,2341,2070,3,2073,71
2020-05-28,Santa Barbara,083,443738,2237,1642,11,1653,9
2020-05-28,Santa Clara,085,1922200,3382,2698,10,2708,140
2020-05-28,Santa Cruz,087,273765,225,201,0,201,2
2020-05-28,Shasta,089,179085,58,36,0,36,4
2020-05-28,Sierra,091,2930,1,1,0,1,0
2020-05-28,Siskiyou,093,43540,9,6,0,6,0
2020-05-28,Solano,095,438530,601,489,1,490,6
2020-05-28,Sonoma,097,501317,597,529,1,530,4
2020-05-28,Stanislaus,099,539301,822,684,5,689,27
2020-05-28,Sutter,101,95872,45,40,0,40,2
2020-05-28,Tehama,103,63373,9,4,1,5,1
2020-05-28,Trinity,105,12862,6,1,1,2,0
2020-05-28,Tulare,107,460477,2513,1832,10,1842,79
2020-05-28,Tuolumne,109,53932,4,4,1,5,0
2020-05-28,Ventura,111,848112,1567,1083,10,1093,29
2020-05-28,Yolo,113,214977,224,206,0,206,22
2020-05-28,Yuba,115,75493,28,24,0,24,1
2020-05-27,Alameda,001,1643700,3624,3037,6,3043,94
2020-05-27,Alpine,003,1148,2,1,0,1,0
2020-05-27,Amador,005,37829,9,10,0,10,0
2020-05-27,Butte,007,227075,68,40,1,41,0
2020-05-27,Calaveras,009,45235,12,15,0,15,0
2020-05-27,Colusa,011,21464,8,5,0,5,0
2020-05-27,Contra Costa,013,1133247,1597,1373,1,1374,37
2020-05-27,Del Norte,015,27424,45,34,0,34,0
2020-05-27,El Dorado,017,186661,111,82,0,82,0
2020-05-27,Fresno,019,978130,3080,1620,41,1661,27
2020-05-27,Glenn,021,27897,18,14,0,14,0
2020-05-27,Humboldt,023,135768,109,86,0,86,2
2020-05-27,Imperial,025,180216,3228,1369,4,1373,14
2020-05-27,Inyo,027,18085,20,20,0,20,1
2020-05-27,Kern,029,883053,2651,1999,6,2005,37
2020-05-27,Kings,031,150075,873,586,4,590,3
2020-05-27,Lake,033,64148,29,13,0,13,0
2020-05-27,Lassen,035,31185,8,0,2,2,0
2020-05-27,Los Angeles,037,10098052,57919,48711,20,48731,2177
2020-05-27,Madera,039,155013,222,91,1,92,2
2020-05-27,Marin,041,260295,467,439,2,441,14
2020-05-27,Mariposa,043,17540,16,16,0,16,1
2020-05-27,Mendocino,045,87422,28,21,0,21,0
2020-05-27,Merced,047,269075,377,278,0,278,7
2020-05-27,Modoc,049,8938,0,0,0,0,0
2020-05-27,Mono,051,14174,38,34,0,34,1
2020-05-27,Monterey,053,433212,602,443,4,447,8
2020-05-27,Napa,055,140530,136,112,0,112,3
2020-05-27,Nevada,057,99092,44,41,1,42,1
2020-05-27,Orange,059,3164182,8585,5849,66,5915,121
2020-05-27,Placer,061,380077,234,196,0,196,9
2020-05-27,Plumas,063,18699,4,4,0,4,0
2020-05-27,Riverside,065,2383286,8739,7156,19,7175,299
2020-05-27,Sacramento,067,1510023,1447,1318,2,1320,50
2020-05-27,San Benito,069,59416,93,74,0,74,2
2020-05-27,San Bernardino,071,2135413,5883,4708,5,4713,183
2020-05-27,San Diego,073,3302833,8115,6985,0,6985,255
2020-05-27,San Francisco,075,870044,2605,2394,0,2394,40
2020-05-27,San Joaquin,077,732212,1037,825,4,829,34
2020-05-27,San Luis Obispo,079,281455,341,266,4,270,1
2020-05-27,San Mateo,081,765935,2301,2045,3,2048,71
2020-05-27,Santa Barbara,083,443738,2209,1629,11,1640,9
2020-05-27,Santa Clara,085,1922200,3349,2680,10,2690,140
2020-05-27,Santa Cruz,087,273765,221,202,0,202,2
2020-05-27,Shasta,089,179085,55,36,0,36,4
2020-05-27,Sierra,091,2930,1,1,0,1,0
2020-05-27,Siskiyou,093,43540,9,6,0,6,0
2020-05-27,Solano,095,438530,581,477,1,478,5
2020-05-27,Sonoma,097,501317,583,521,1,522,4
2020-05-27,Stanislaus,099,539301,797,675,5,680,27
2020-05-27,Sutter,101,95872,44,40,0,40,2
2020-05-27,Tehama,103,63373,9,3,1,4,1
2020-05-27,Trinity,105,12862,6,1,1,2,0
2020-05-27,Tulare,107,460477,2461,1817,10,1827,77
2020-05-27,Tuolumne,109,53932,4,4,1,5,0
2020-05-27,Ventura,111,848112,1542,1065,10,1075,28
2020-05-27,Yolo,113,214977,223,204,0,204,22
2020-05-27,Yuba,115,75493,28,24,0,24,1
2020-05-26,Alameda,001,1643700,3529,2956,6,2962,92
2020-05-26,Alpine,003,1148,2,1,0,1,0
2020-05-26,Amador,005,37829,9,10,0,10,0
2020-05-26,Butte,007,227075,66,37,1,38,0
2020-05-26,Calaveras,009,45235,12,13,0,13,0
2020-05-26,Colusa,011,21464,8,4,0,4,0
2020-05-26,Contra Costa,013,1133247,1562,1352,1,1353,37
2020-05-26,Del Norte,015,27424,44,30,0,30,0
2020-05-26,El Dorado,017,186661,107,79,0,79,0
2020-05-26,Fresno,019,978130,2992,1496,41,1537,22
2020-05-26,Glenn,021,27897,16,12,0,12,0
2020-05-26,Humboldt,023,135768,107,81,0,81,2
2020-05-26,Imperial,025,180216,3012,1369,4,1373,14
2020-05-26,Inyo,027,18085,20,20,0,20,1
2020-05-26,Kern,029,883053,2573,1890,6,1896,31
2020-05-26,Kings,031,150075,805,449,3,452,2
2020-05-26,Lake,033,64148,27,12,0,12,0
2020-05-26,Lassen,035,31185,7,0,2,2,0
2020-05-26,Los Angeles,037,10098052,56452,47760,20,47780,2121
2020-05-26,Madera,039,155013,206,83,1,84,2
2020-05-26,Marin,041,260295,455,424,2,426,14
2020-05-26,Mariposa,043,17540,16,16,0,16,1
2020-05-26,Mendocino,045,87422,26,20,0,20,0
2020-05-26,Merced,047,269075,363,266,0,266,7
2020-05-26,Modoc,049,8938,0,1,0,1,0
2020-05-26,Mono,051,14174,37,34,0,34,1
2020-05-26,Monterey,053,433212,574,424,3,427,8
2020-05-26,Napa,055,140530,131,109,0,109,3
2020-05-26,Nevada,057,99092,43,41,1,42,1
2020-05-26,Orange,059,3164182,8315,5651,65,5716,115
2020-05-26,Placer,061,380077,229,188,0,188,9
2020-05-26,Plumas,063,18699,4,4,0,4,0
2020-05-26,Riverside,065,2383286,8292,6917,19,6936,284
2020-05-26,Sacramento,067,1510023,1421,1298,2,1300,50
2020-05-26,San Benito,069,59416,88,69,0,69,2
2020-05-26,San Bernardino,071,2135413,5715,4430,5,4435,175
2020-05-26,San Diego,073,3302833,7972,6884,0,6884,249
2020-05-26,San Francisco,075,870044,2572,2363,0,2363,40
2020-05-26,San Joaquin,077,732212,990,760,4,764,33
2020-05-26,San Luis Obispo,079,281455,339,260,4,264,1
2020-05-26,San Mateo,081,765935,2263,1967,2,1969,71
2020-05-26,Santa Barbara,083,443738,2177,1590,10,1600,9
2020-05-26,Santa Clara,085,1922200,3316,2659,10,2669,139
2020-05-26,Santa Cruz,087,273765,219,197,0,197,2
2020-05-26,Shasta,089,179085,55,36,0,36,4
2020-05-26,Sierra,091,2930,1,1,0,1,0
2020-05-26,Siskiyou,093,43540,8,6,0,6,0
2020-05-26,Solano,095,438530,563,470,1,471,5
2020-05-26,Sonoma,097,501317,575,509,0,509,4
2020-05-26,Stanislaus,099,539301,776,663,5,668,27
2020-05-26,Sutter,101,95872,43,39,0,39,2
2020-05-26,Tehama,103,63373,8,2,1,3,1
2020-05-26,Trinity,105,12862,6,1,1,2,0
2020-05-26,Tulare,107,460477,2405,1768,10,1778,76
2020-05-26,Tuolumne,109,53932,4,2,1,3,0
2020-05-26,Ventura,111,848112,1505,1033,7,1040,27
2020-05-26,Yolo,113,214977,217,198,0,198,22
2020-05-26,Yuba,115,75493,27,24,0,24,1
2020-05-25,Alameda,001,1643700,3436,2900,5,2905,92
2020-05-25,Alpine,003,1148,2,1,0,1,0
2020-05-25,Amador,005,37829,9,10,0,10,0
2020-05-25,Butte,007,227075,63,37,1,38,0
2020-05-25,Calaveras,009,45235,12,13,0,13,0
2020-05-25,Colusa,011,21464,7,4,0,4,0
2020-05-25,Contra Costa,013,1133247,1529,1348,1,1349,37
2020-05-25,Del Norte,015,27424,44,20,0,20,0
2020-05-25,El Dorado,017,186661,99,78,0,78,0
2020-05-25,Fresno,019,978130,2888,1496,39,1535,22
2020-05-25,Glenn,021,27897,16,12,0,12,0
2020-05-25,Humboldt,023,135768,106,81,0,81,2
2020-05-25,Imperial,025,180216,2801,1369,4,1373,14
2020-05-25,Inyo,027,18085,19,20,0,20,1
2020-05-25,Kern,029,883053,2502,1890,6,1896,31
2020-05-25,Kings,031,150075,775,447,3,450,2
2020-05-25,Lake,033,64148,25,13,0,13,0
2020-05-25,Lassen,035,31185,7,0,2,2,0
2020-05-25,Los Angeles,037,10098052,54638,45952,20,45972,2094
2020-05-25,Madera,039,155013,193,83,1,84,2
2020-05-25,Marin,041,260295,437,415,2,417,14
2020-05-25,Mariposa,043,17540,16,15,0,15,1
2020-05-25,Mendocino,045,87422,23,19,0,19,0
2020-05-25,Merced,047,269075,356,262,0,262,6
2020-05-25,Modoc,049,8938,0,1,0,1,0
2020-05-25,Mono,051,14174,37,34,0,34,1
2020-05-25,Monterey,053,433212,544,418,3,421,8
2020-05-25,Napa,055,140530,131,107,0,107,3
2020-05-25,Nevada,057,99092,43,41,1,42,1
2020-05-25,Orange,059,3164182,8093,5601,64,5665,115
2020-05-25,Placer,061,380077,225,186,0,186,9
2020-05-25,Plumas,063,18699,4,4,0,4,0
2020-05-25,Riverside,065,2383286,8061,6900,19,6919,284
2020-05-25,Sacramento,067,1510023,1401,1290,1,1291,50
2020-05-25,San Benito,069,59416,87,70,0,70,2
2020-05-25,San Bernardino,071,2135413,5525,4393,4,4397,175
2020-05-25,San Diego,073,3302833,7796,6799,0,6799,249
2020-05-25,San Francisco,075,870044,2535,2358,0,2358,40
2020-05-25,San Joaquin,077,732212,964,760,4,764,33
2020-05-25,San Luis Obispo,079,281455,337,260,4,264,1
2020-05-25,San Mateo,081,765935,2227,1938,2,1940,71
2020-05-25,Santa Barbara,083,443738,2152,1590,10,1600,9
2020-05-25,Santa Clara,085,1922200,3284,2647,10,2657,139
2020-05-25,Santa Cruz,087,273765,217,191,0,191,2
2020-05-25,Shasta,089,179085,54,36,0,36,4
2020-05-25,Sierra,091,2930,1,1,0,1,0
2020-05-25,Siskiyou,093,43540,8,6,0,6,0
2020-05-25,Solano,095,438530,549,437,1,438,5
2020-05-25,Sonoma,097,501317,563,496,0,496,4
2020-05-25,Stanislaus,099,539301,746,651,5,656,27
2020-05-25,Sutter,101,95872,43,38,0,38,2
2020-05-25,Tehama,103,63373,7,2,1,3,1
2020-05-25,Trinity,105,12862,6,1,1,2,0
2020-05-25,Tulare,107,460477,2341,1747,10,1757,76
2020-05-25,Tuolumne,109,53932,4,2,1,3,0
2020-05-25,Ventura,111,848112,1464,1020,7,1027,27
2020-05-25,Yolo,113,214977,215,197,0,197,22
2020-05-25,Yuba,115,75493,26,24,0,24,1
2020-05-24,Alameda,001,1643700,3363,2830,5,2835,92
2020-05-24,Alpine,003,1148,2,1,0,1,0
2020-05-24,Amador,005,37829,9,9,0,9,0
2020-05-24,Butte,007,227075,61,35,1,36,0
2020-05-24,Calaveras,009,45235,12,13,0,13,0
2020-05-24,Colusa,011,21464,7,4,0,4,0
2020-05-24,Contra Costa,013,1133247,1501,1325,1,1326,37
2020-05-24,Del Norte,015,27424,43,16,0,16,0
2020-05-24,El Dorado,017,186661,98,76,0,76,0
2020-05-24,Fresno,019,978130,2821,1455,38,1493,22
2020-05-24,Glenn,021,27897,15,12,0,12,0
2020-05-24,Humboldt,023,135768,106,81,0,81,2
2020-05-24,Imperial,025,180216,2675,1369,4,1373,14
2020-05-24,Inyo,027,18085,19,20,0,20,1
2020-05-24,Kern,029,883053,2429,1861,5,1866,31
2020-05-24,Kings,031,150075,764,446,3,449,2
2020-05-24,Lake,033,64148,24,12,0,12,0
2020-05-24,Lassen,035,31185,6,0,2,2,0
2020-05-24,Los Angeles,037,10098052,53624,44954,20,44974,2085
2020-05-24,Madera,039,155013,187,83,1,84,2
2020-05-24,Marin,041,260295,435,401,2,403,14
2020-05-24,Mariposa,043,17540,16,15,0,15,1
2020-05-24,Mendocino,045,87422,22,19,0,19,0
2020-05-24,Merced,047,269075,355,258,0,258,6
2020-05-24,Modoc,049,8938,0,0,0,0,0
2020-05-24,Mono,051,14174,37,34,0,34,1
2020-05-24,Monterey,053,433212,516,405,3,408,8
2020-05-24,Napa,055,140530,129,104,0,104,3
2020-05-24,Nevada,057,99092,43,41,1,42,1
2020-05-24,Orange,059,3164182,7939,5439,63,5502,113
2020-05-24,Placer,061,380077,217,184,0,184,9
2020-05-24,Plumas,063,18699,4,4,0,4,0
2020-05-24,Riverside,065,2383286,7920,6571,19,6590,284
2020-05-24,Sacramento,067,1510023,1385,1283,1,1284,50
2020-05-24,San Benito,069,59416,86,67,0,67,2
2020-05-24,San Bernardino,071,2135413,5417,4262,4,4266,175
2020-05-24,San Diego,073,3302833,7653,6703,0,6703,249
2020-05-24,San Francisco,075,870044,2511,2318,0,2318,40
2020-05-24,San Joaquin,077,732212,945,760,4,764,33
2020-05-24,San Luis Obispo,079,281455,335,257,4,261,1
2020-05-24,San Mateo,081,765935,2192,1925,2,1927,71
2020-05-24,Santa Barbara,083,443738,2128,1573,10,1583,9
2020-05-24,Santa Clara,085,1922200,3264,2623,10,2633,139
2020-05-24,Santa Cruz,087,273765,214,185,0,185,2
2020-05-24,Shasta,089,179085,53,36,0,36,4
2020-05-24,Sierra,091,2930,1,1,0,1,0
2020-05-24,Siskiyou,093,43540,7,6,0,6,0
2020-05-24,Solano,095,438530,541,436,0,436,5
2020-05-24,Sonoma,097,501317,552,485,0,485,4
2020-05-24,Stanislaus,099,539301,726,634,5,639,27
2020-05-24,Sutter,101,95872,43,38,0,38,2
2020-05-24,Tehama,103,63373,5,2,1,3,1
2020-05-24,Trinity,105,12862,6,1,1,2,0
2020-05-24,Tulare,107,460477,2295,1684,10,1694,74
2020-05-24,Tuolumne,109,53932,4,2,0,2,0
2020-05-24,Ventura,111,848112,1452,982,7,989,27
2020-05-24,Yolo,113,214977,213,192,0,192,22
2020-05-24,Yuba,115,75493,26,24,0,24,1
2020-05-23,Alameda,001,1643700,3322,2783,5,2788,91
2020-05-23,Alpine,003,1148,2,1,0,1,0
2020-05-23,Amador,005,37829,9,9,0,9,0
2020-05-23,Butte,007,227075,60,34,1,35,0
2020-05-23,Calaveras,009,45235,12,13,0,13,0
2020-05-23,Colusa,011,21464,7,4,0,4,0
2020-05-23,Contra Costa,013,1133247,1490,1302,1,1303,36
2020-05-23,Del Norte,015,27424,43,10,0,10,0
2020-05-23,El Dorado,017,186661,98,74,0,74,0
2020-05-23,Fresno,019,978130,2801,1447,38,1485,21
2020-05-23,Glenn,021,27897,15,12,0,12,0
2020-05-23,Humboldt,023,135768,104,80,0,80,2
2020-05-23,Imperial,025,180216,2587,1283,4,1287,14
2020-05-23,Inyo,027,18085,19,20,0,20,1
2020-05-23,Kern,029,883053,2386,1806,5,1811,31
2020-05-23,Kings,031,150075,760,444,3,447,2
2020-05-23,Lake,033,64148,23,10,0,10,0
2020-05-23,Lassen,035,31185,6,0,2,2,0
2020-05-23,Los Angeles,037,10098052,53083,44029,20,44049,2069
2020-05-23,Madera,039,155013,183,83,1,84,2
2020-05-23,Marin,041,260295,435,393,1,394,14
2020-05-23,Mariposa,043,17540,16,15,0,15,1
2020-05-23,Mendocino,045,87422,22,13,0,13,0
2020-05-23,Merced,047,269075,352,247,0,247,6
2020-05-23,Modoc,049,8938,0,0,0,0,0
2020-05-23,Mono,051,14174,36,34,0,34,1
2020-05-23,Monterey,053,433212,502,397,3,400,8
2020-05-23,Napa,055,140530,125,101,0,101,3
2020-05-23,Nevada,057,99092,43,41,1,42,1
2020-05-23,Orange,059,3164182,7779,5313,62,5375,113
2020-05-23,Placer,061,380077,211,184,0,184,9
2020-05-23,Plumas,063,18699,4,4,0,4,0
2020-05-23,Riverside,065,2383286,7829,6460,19,6479,284
2020-05-23,Sacramento,067,1510023,1369,1275,1,1276,50
2020-05-23,San Benito,069,59416,81,67,0,67,2
2020-05-23,San Bernardino,071,2135413,5324,4172,4,4176,175
2020-05-23,San Diego,073,3302833,7562,6561,0,6561,249
2020-05-23,San Francisco,075,870044,2492,2312,0,2312,40
2020-05-23,San Joaquin,077,732212,930,759,4,763,33
2020-05-23,San Luis Obispo,079,281455,332,256,4,260,1
2020-05-23,San Mateo,081,765935,2164,1862,2,1864,71
2020-05-23,Santa Barbara,083,443738,2114,1566,10,1576,9
2020-05-23,Santa Clara,085,1922200,3251,2593,9,2602,139
2020-05-23,Santa Cruz,087,273765,212,177,0,177,2
2020-05-23,Shasta,089,179085,53,35,0,35,4
2020-05-23,Sierra,091,2930,1,1,0,1,0
2020-05-23,Siskiyou,093,43540,7,6,0,6,0
2020-05-23,Solano,095,438530,536,435,0,435,5
2020-05-23,Sonoma,097,501317,538,462,0,462,4
2020-05-23,Stanislaus,099,539301,718,625,5,630,27
2020-05-23,Sutter,101,95872,42,38,0,38,2
2020-05-23,Tehama,103,63373,5,2,1,3,1
2020-05-23,Trinity,105,12862,6,1,1,2,0
2020-05-23,Tulare,107,460477,2274,1682,10,1692,73
2020-05-23,Tuolumne,109,53932,4,2,0,2,0
2020-05-23,Ventura,111,848112,1432,961,7,968,27
2020-05-23,Yolo,113,214977,212,188,0,188,22
2020-05-23,Yuba,115,75493,26,24,0,24,1
2020-05-22,Alameda,001,1643700,3268,2722,5,2727,91
2020-05-22,Alpine,003,1148,2,1,0,1,0
2020-05-22,Amador,005,37829,9,9,0,9,0
2020-05-22,Butte,007,227075,58,34,1,35,0
2020-05-22,Calaveras,009,45235,12,13,0,13,0
2020-05-22,Colusa,011,21464,7,4,0,4,0
2020-05-22,Contra Costa,013,1133247,1478,1272,1,1273,36
2020-05-22,Del Norte,015,27424,41,9,0,9,0
2020-05-22,El Dorado,017,186661,95,74,0,74,0
2020-05-22,Fresno,019,978130,2742,1399,37,1436,20
2020-05-22,Glenn,021,27897,15,12,0,12,0
2020-05-22,Humboldt,023,135768,104,80,0,80,2
2020-05-22,Imperial,025,180216,2486,1214,4,1218,14
2020-05-22,Inyo,027,18085,19,20,0,20,1
2020-05-22,Kern,029,883053,2337,1749,5,1754,28
2020-05-22,Kings,031,150075,757,428,3,431,2
2020-05-22,Lake,033,64148,22,10,0,10,0
2020-05-22,Lassen,035,31185,4,0,2,2,0
2020-05-22,Los Angeles,037,10098052,52291,43025,20,43045,2027
2020-05-22,Madera,039,155013,179,82,1,83,2
2020-05-22,Marin,041,260295,431,372,1,373,14
2020-05-22,Mariposa,043,17540,16,15,0,15,1
2020-05-22,Mendocino,045,87422,21,13,0,13,0
2020-05-22,Merced,047,269075,352,233,0,233,6
2020-05-22,Modoc,049,8938,0,0,0,0,0
2020-05-22,Mono,051,14174,36,34,0,34,1
2020-05-22,Monterey,053,433212,491,372,3,375,8
2020-05-22,Napa,055,140530,123,97,0,97,3
2020-05-22,Nevada,057,99092,42,41,1,42,1
2020-05-22,Orange,059,3164182,7582,5144,60,5204,113
2020-05-22,Placer,061,380077,211,181,0,181,9
2020-05-22,Plumas,063,18699,4,4,0,4,0
2020-05-22,Riverside,065,2383286,7714,6351,19,6370,283
2020-05-22,Sacramento,067,1510023,1353,1262,1,1263,50
2020-05-22,San Benito,069,59416,80,64,0,64,2
2020-05-22,San Bernardino,071,2135413,5249,4107,4,4111,173
2020-05-22,San Diego,073,3302833,7476,6436,0,6436,242
2020-05-22,San Francisco,075,870044,2474,2251,0,2251,40
2020-05-22,San Joaquin,077,732212,917,747,4,751,33
2020-05-22,San Luis Obispo,079,281455,332,254,4,258,1
2020-05-22,San Mateo,081,765935,2145,1847,2,1849,71
2020-05-22,Santa Barbara,083,443738,2094,1554,10,1564,9
2020-05-22,Santa Clara,085,1922200,3231,2537,9,2546,139
2020-05-22,Santa Cruz,087,273765,209,171,0,171,2
2020-05-22,Shasta,089,179085,53,34,0,34,4
2020-05-22,Sierra,091,2930,1,0,0,0,0
2020-05-22,Siskiyou,093,43540,7,6,0,6,0
2020-05-22,Solano,095,438530,533,431,0,431,4
2020-05-22,Sonoma,097,501317,534,444,0,444,4
2020-05-22,Stanislaus,099,539301,708,616,5,621,27
2020-05-22,Sutter,101,95872,42,38,0,38,2
2020-05-22,Tehama,103,63373,5,2,0,2,1
2020-05-22,Trinity,105,12862,6,1,1,2,0
2020-05-22,Tulare,107,460477,2244,1662,10,1672,73
2020-05-22,Tuolumne,109,53932,4,2,0,2,0
2020-05-22,Ventura,111,848112,1414,937,7,944,27
2020-05-22,Yolo,113,214977,210,187,0,187,22
2020-05-22,Yuba,115,75493,26,24,0,24,1
2020-05-21,Alameda,001,1643700,3203,2606,5,2611,89
2020-05-21,Alpine,003,1148,2,1,0,1,0
2020-05-21,Amador,005,37829,9,9,0,9,0
2020-05-21,Butte,007,227075,57,31,1,32,0
2020-05-21,Calaveras,009,45235,11,13,0,13,0
2020-05-21,Colusa,011,21464,7,4,0,4,0
2020-05-21,Contra Costa,013,1133247,1442,1243,1,1244,36
2020-05-21,Del Norte,015,27424,38,9,0,9,0
2020-05-21,El Dorado,017,186661,93,67,0,67,0
2020-05-21,Fresno,019,978130,2651,1362,37,1399,20
2020-05-21,Glenn,021,27897,14,12,0,12,0
2020-05-21,Humboldt,023,135768,103,79,0,79,0
2020-05-21,Imperial,025,180216,2327,1096,4,1100,14
2020-05-21,Inyo,027,18085,19,20,0,20,1
2020-05-21,Kern,029,883053,2261,1684,4,1688,27
2020-05-21,Kings,031,150075,736,417,2,419,2
2020-05-21,Lake,033,64148,17,10,0,10,0
2020-05-21,Lassen,035,31185,4,0,2,2,0
2020-05-21,Los Angeles,037,10098052,51257,42063,20,42083,1996
2020-05-21,Madera,039,155013,176,82,1,83,2
2020-05-21,Marin,041,260295,420,359,1,360,14
2020-05-21,Mariposa,043,17540,16,15,0,15,1
2020-05-21,Mendocino,045,87422,21,12,0,12,0
2020-05-21,Merced,047,269075,341,226,0,226,6
2020-05-21,Modoc,049,8938,0,0,0,0,0
2020-05-21,Mono,051,14174,36,33,0,33,1
2020-05-21,Monterey,053,433212,480,363,3,366,8
2020-05-21,Napa,055,140530,121,96,0,96,3
2020-05-21,Nevada,057,99092,42,41,1,42,1
2020-05-21,Orange,059,3164182,7379,4975,59,5034,106
2020-05-21,Placer,061,380077,204,176,0,176,8
2020-05-21,Plumas,063,18699,4,4,0,4,0
2020-05-21,Riverside,065,2383286,7527,6245,19,6264,279
2020-05-21,Sacramento,067,1510023,1340,1258,1,1259,56
2020-05-21,San Benito,069,59416,77,61,0,61,2
2020-05-21,San Bernardino,071,2135413,5102,3950,4,3954,167
2020-05-21,San Diego,073,3302833,7340,6317,0,6317,241
2020-05-21,San Francisco,075,870044,2450,2248,0,2248,37
2020-05-21,San Joaquin,077,732212,881,730,4,734,33
2020-05-21,San Luis Obispo,079,281455,332,251,3,254,1
2020-05-21,San Mateo,081,765935,2108,1791,2,1793,74
2020-05-21,Santa Barbara,083,443738,2070,1541,10,1551,10
2020-05-21,Santa Clara,085,1922200,3209,2520,9,2529,138
2020-05-21,Santa Cruz,087,273765,201,164,0,164,3
2020-05-21,Shasta,089,179085,51,34,0,34,4
2020-05-21,Sierra,091,2930,1,0,0,0,0
2020-05-21,Siskiyou,093,43540,7,6,0,6,0
2020-05-21,Solano,095,438530,524,424,0,424,4
2020-05-21,Sonoma,097,501317,516,427,0,427,4
2020-05-21,Stanislaus,099,539301,697,602,5,607,27
2020-05-21,Sutter,101,95872,41,38,0,38,2
2020-05-21,Tehama,103,63373,4,2,0,2,1
2020-05-21,Trinity,105,12862,5,1,1,2,0
2020-05-21,Tulare,107,460477,2194,1606,8,1614,73
2020-05-21,Tuolumne,109,53932,2,2,0,2,0
2020-05-21,Ventura,111,848112,1365,907,7,914,30
2020-05-21,Yolo,113,214977,207,185,0,185,22
2020-05-21,Yuba,115,75493,26,24,0,24,1
2020-05-20,Alameda,001,1643700,3129,2554,5,2559,89
2020-05-20,Alpine,003,1148,2,1,0,1,0
2020-05-20,Amador,005,37829,9,9,0,9,0
2020-05-20,Butte,007,227075,54,30,1,31,0
2020-05-20,Calaveras,009,45235,11,13,0,13,0
2020-05-20,Colusa,011,21464,7,3,0,3,0
2020-05-20,Contra Costa,013,1133247,1412,1223,1,1224,33
2020-05-20,Del Norte,015,27424,31,9,0,9,0
2020-05-20,El Dorado,017,186661,92,67,0,67,0
2020-05-20,Fresno,019,978130,2578,1329,36,1365,17
2020-05-20,Glenn,021,27897,13,12,0,12,0
2020-05-20,Humboldt,023,135768,100,73,0,73,0
2020-05-20,Imperial,025,180216,2214,1047,4,1051,14
2020-05-20,Inyo,027,18085,19,20,0,20,1
2020-05-20,Kern,029,883053,2198,1639,3,1642,27
2020-05-20,Kings,031,150075,592,403,2,405,2
2020-05-20,Lake,033,64148,17,9,0,9,0
2020-05-20,Lassen,035,31185,3,0,2,2,0
2020-05-20,Los Angeles,037,10098052,50261,40932,20,40952,1955
2020-05-20,Madera,039,155013,174,82,1,83,2
2020-05-20,Marin,041,260295,393,348,1,349,14
2020-05-20,Mariposa,043,17540,16,15,0,15,1
2020-05-20,Mendocino,045,87422,21,12,0,12,0
2020-05-20,Merced,047,269075,334,225,0,225,6
2020-05-20,Modoc,049,8938,0,0,0,0,0
2020-05-20,Mono,051,14174,36,33,0,33,1
2020-05-20,Monterey,053,433212,466,356,3,359,8
2020-05-20,Napa,055,140530,114,93,0,93,3
2020-05-20,Nevada,057,99092,42,41,1,42,1
2020-05-20,Orange,059,3164182,7171,4866,57,4923,96
2020-05-20,Placer,061,380077,202,176,0,176,8
2020-05-20,Plumas,063,18699,4,4,0,4,0
2020-05-20,Riverside,065,2383286,7384,6090,19,6109,265
2020-05-20,Sacramento,067,1510023,1330,1244,1,1245,56
2020-05-20,San Benito,069,59416,76,61,0,61,2
2020-05-20,San Bernardino,071,2135413,4975,3771,4,3775,161
2020-05-20,San Diego,073,3302833,7223,6142,0,6142,230
2020-05-20,San Francisco,075,870044,2427,2199,0,2199,37
2020-05-20,San Joaquin,077,732212,844,713,4,717,33
2020-05-20,San Luis Obispo,079,281455,326,249,3,252,1
2020-05-20,San Mateo,081,765935,2055,1739,2,1741,74
2020-05-20,Santa Barbara,083,443738,2045,1524,10,1534,10
2020-05-20,Santa Clara,085,1922200,3188,2508,8,2516,138
2020-05-20,Santa Cruz,087,273765,198,163,0,163,3
2020-05-20,Shasta,089,179085,51,34,0,34,4
2020-05-20,Sierra,091,2930,1,0,0,0,0
2020-05-20,Siskiyou,093,43540,7,6,0,6,0
2020-05-20,Solano,095,438530,519,418,0,418,4
2020-05-20,Sonoma,097,501317,507,411,0,411,4
2020-05-20,Stanislaus,099,539301,681,584,4,588,25
2020-05-20,Sutter,101,95872,41,38,0,38,2
2020-05-20,Tehama,103,63373,4,2,0,2,1
2020-05-20,Trinity,105,12862,4,1,1,2,0
2020-05-20,Tulare,107,460477,2153,1585,8,1593,71
2020-05-20,Tuolumne,109,53932,2,2,0,2,0
2020-05-20,Ventura,111,848112,1329,879,7,886,29
2020-05-20,Yolo,113,214977,204,184,0,184,22
2020-05-20,Yuba,115,75493,26,23,0,23,1
2020-05-19,Alameda,001,1643700,3052,2493,3,2496,88
2020-05-19,Alpine,003,1148,2,1,0,1,0
2020-05-19,Amador,005,37829,9,9,0,9,0
2020-05-19,Butte,007,227075,52,25,1,26,0
2020-05-19,Calaveras,009,45235,11,13,0,13,0
2020-05-19,Colusa,011,21464,5,3,0,3,0
2020-05-19,Contra Costa,013,1133247,1389,1205,1,1206,33
2020-05-19,Del Norte,015,27424,28,8,0,8,0
2020-05-19,El Dorado,017,186661,89,67,0,67,0
2020-05-19,Fresno,019,978130,2464,1288,35,1323,15
2020-05-19,Glenn,021,27897,13,12,0,12,0
2020-05-19,Humboldt,023,135768,100,72,0,72,0
2020-05-19,Imperial,025,180216,2052,1012,4,1016,14
2020-05-19,Inyo,027,18085,19,20,0,20,1
2020-05-19,Kern,029,883053,2100,1601,3,1604,26
2020-05-19,Kings,031,150075,581,393,2,395,2
2020-05-19,Lake,033,64148,14,11,0,11,0
2020-05-19,Lassen,035,31185,3,0,2,2,0
2020-05-19,Los Angeles,037,10098052,49055,39670,20,39690,1906
2020-05-19,Madera,039,155013,170,80,1,81,2
2020-05-19,Marin,041,260295,369,340,1,341,14
2020-05-19,Mariposa,043,17540,16,15,0,15,1
2020-05-19,Mendocino,045,87422,21,12,0,12,0
2020-05-19,Merced,047,269075,326,222,0,222,5
2020-05-19,Modoc,049,8938,0,0,0,0,0
2020-05-19,Mono,051,14174,36,33,0,33,1
2020-05-19,Monterey,053,433212,454,350,3,353,8
2020-05-19,Napa,055,140530,113,93,0,93,3
2020-05-19,Nevada,057,99092,42,41,1,42,1
2020-05-19,Orange,059,3164182,6977,4746,55,4801,90
2020-05-19,Placer,061,380077,200,177,0,177,8
2020-05-19,Plumas,063,18699,4,5,0,5,0
2020-05-19,Riverside,065,2383286,7224,5963,18,5981,265
2020-05-19,Sacramento,067,1510023,1316,1239,1,1240,57
2020-05-19,San Benito,069,59416,74,59,0,59,2
2020-05-19,San Bernardino,071,2135413,4825,3656,4,3660,158
2020-05-19,San Diego,073,3302833,7079,6028,0,6028,222
2020-05-19,San Francisco,075,870044,2393,2186,0,2186,37
2020-05-19,San Joaquin,077,732212,822,705,4,709,33
2020-05-19,San Luis Obispo,079,281455,325,245,3,248,1
2020-05-19,San Mateo,081,765935,2014,1704,2,1706,71
2020-05-19,Santa Barbara,083,443738,2024,1521,10,1531,10
2020-05-19,Santa Clara,085,1922200,3138,2480,8,2488,138
2020-05-19,Santa Cruz,087,273765,187,161,0,161,3
2020-05-19,Shasta,089,179085,51,34,0,34,4
2020-05-19,Sierra,091,2930,0,0,0,0,0
2020-05-19,Siskiyou,093,43540,7,6,0,6,0
2020-05-19,Solano,095,438530,505,415,0,415,4
2020-05-19,Sonoma,097,501317,496,389,0,389,4
2020-05-19,Stanislaus,099,539301,667,582,4,586,25
2020-05-19,Sutter,101,95872,41,38,0,38,2
2020-05-19,Tehama,103,63373,4,2,0,2,1
2020-05-19,Trinity,105,12862,3,1,0,1,0
2020-05-19,Tulare,107,460477,2105,1551,8,1559,68
2020-05-19,Tuolumne,109,53932,2,2,0,2,0
2020-05-19,Ventura,111,848112,1288,861,6,867,28
2020-05-19,Yolo,113,214977,202,183,0,183,22
2020-05-19,Yuba,115,75493,26,23,0,23,1
2020-05-18,Alameda,001,1643700,2980,2442,3,2445,84
2020-05-18,Alpine,003,1148,1,1,0,1,0
2020-05-18,Amador,005,37829,9,8,0,8,0
2020-05-18,Butte,007,227075,50,24,1,25,0
2020-05-18,Calaveras,009,45235,11,13,0,13,0
2020-05-18,Colusa,011,21464,5,3,0,3,0
2020-05-18,Contra Costa,013,1133247,1358,1173,1,1174,33
2020-05-18,Del Norte,015,27424,23,8,0,8,0
2020-05-18,El Dorado,017,186661,87,67,0,67,0
2020-05-18,Fresno,019,978130,2385,1244,34,1278,14
2020-05-18,Glenn,021,27897,13,11,0,11,0
2020-05-18,Humboldt,023,135768,100,70,0,70,0
2020-05-18,Imperial,025,180216,1899,767,4,771,14
2020-05-18,Inyo,027,18085,19,20,0,20,1
2020-05-18,Kern,029,883053,2051,1566,3,1569,26
2020-05-18,Kings,031,150075,550,381,2,383,2
2020-05-18,Lake,033,64148,13,9,0,9,0
2020-05-18,Lassen,035,31185,3,0,2,2,0
2020-05-18,Los Angeles,037,10098052,48034,38477,20,38497,1825
2020-05-18,Madera,039,155013,164,74,1,75,2
2020-05-18,Marin,041,260295,356,329,1,330,14
2020-05-18,Mariposa,043,17540,16,15,0,15,1
2020-05-18,Mendocino,045,87422,16,12,0,12,0
2020-05-18,Merced,047,269075,316,217,0,217,5
2020-05-18,Modoc,049,8938,0,0,0,0,0
2020-05-18,Mono,051,14174,36,33,0,33,1
2020-05-18,Monterey,053,433212,443,345,3,348,8
2020-05-18,Napa,055,140530,109,92,0,92,3
2020-05-18,Nevada,057,99092,42,41,1,42,1
2020-05-18,Orange,059,3164182,6788,4558,52,4610,88
2020-05-18,Placer,061,380077,198,176,0,176,8
2020-05-18,Plumas,063,18699,4,5,0,5,0
2020-05-18,Riverside,065,2383286,7024,5873,18,5891,253
2020-05-18,Sacramento,067,1510023,1310,1233,0,1233,57
2020-05-18,San Benito,069,59416,72,59,0,59,2
2020-05-18,San Bernardino,071,2135413,4678,3558,4,3562,156
2020-05-18,San Diego,073,3302833,6946,5948,0,5948,211
2020-05-18,San Francisco,075,870044,2370,2183,0,2183,36
2020-05-18,San Joaquin,077,732212,810,697,4,701,33
2020-05-18,San Luis Obispo,079,281455,321,243,3,246,1
2020-05-18,San Mateo,081,765935,1976,1701,2,1703,68
2020-05-18,Santa Barbara,083,443738,1999,1501,10,1511,10
2020-05-18,Santa Clara,085,1922200,3105,2468,8,2476,137
2020-05-18,Santa Cruz,087,273765,185,160,0,160,3
2020-05-18,Shasta,089,179085,50,34,0,34,4
2020-05-18,Sierra,091,2930,0,0,0,0,0
2020-05-18,Siskiyou,093,43540,7,6,0,6,0
2020-05-18,Solano,095,438530,495,398,0,398,4
2020-05-18,Sonoma,097,501317,478,387,0,387,4
2020-05-18,Stanislaus,099,539301,655,572,4,576,25
2020-05-18,Sutter,101,95872,41,38,0,38,2
2020-05-18,Tehama,103,63373,4,2,0,2,1
2020-05-18,Trinity,105,12862,3,1,0,1,0
2020-05-18,Tulare,107,460477,2060,1491,8,1499,63
2020-05-18,Tuolumne,109,53932,2,2,0,2,0
2020-05-18,Ventura,111,848112,1266,850,5,855,27
2020-05-18,Yolo,113,214977,197,183,0,183,22
2020-05-18,Yuba,115,75493,26,23,0,23,1
2020-05-17,Alameda,001,1643700,2885,2389,3,2392,83
2020-05-17,Alpine,003,1148,1,1,0,1,0
2020-05-17,Amador,005,37829,9,8,0,8,0
2020-05-17,Butte,007,227075,49,23,1,24,0
2020-05-17,Calaveras,009,45235,11,13,0,13,0
2020-05-17,Colusa,011,21464,3,3,0,3,0
2020-05-17,Contra Costa,013,1133247,1319,1155,1,1156,33
2020-05-17,Del Norte,015,27424,23,7,0,7,0
2020-05-17,El Dorado,017,186661,87,65,0,65,0
2020-05-17,Fresno,019,978130,2281,1213,31,1244,14
2020-05-17,Glenn,021,27897,13,9,0,9,0
2020-05-17,Humboldt,023,135768,93,70,0,70,0
2020-05-17,Imperial,025,180216,1751,715,4,719,14
2020-05-17,Inyo,027,18085,19,20,0,20,1
2020-05-17,Kern,029,883053,1973,1546,3,1549,26
2020-05-17,Kings,031,150075,503,356,2,358,2
2020-05-17,Lake,033,64148,13,7,0,7,0
2020-05-17,Lassen,035,31185,3,0,2,2,0
2020-05-17,Los Angeles,037,10098052,46796,37996,20,38016,1807
2020-05-17,Madera,039,155013,162,69,1,70,2
2020-05-17,Marin,041,260295,345,315,1,316,14
2020-05-17,Mariposa,043,17540,15,15,0,15,1
2020-05-17,Mendocino,045,87422,15,10,0,10,0
2020-05-17,Merced,047,269075,305,214,0,214,5
2020-05-17,Modoc,049,8938,0,0,0,0,0
2020-05-17,Mono,051,14174,36,32,0,32,1
2020-05-17,Monterey,053,433212,423,342,3,345,8
2020-05-17,Napa,055,140530,105,89,0,89,3
2020-05-17,Nevada,057,99092,42,41,1,42,1
2020-05-17,Orange,059,3164182,6608,4466,51,4517,88
2020-05-17,Placer,061,380077,193,175,0,175,8
2020-05-17,Plumas,063,18699,4,4,0,4,0
2020-05-17,Riverside,065,2383286,6851,5776,18,5794,245
2020-05-17,Sacramento,067,1510023,1299,1224,0,1224,56
2020-05-17,San Benito,069,59416,71,59,0,59,2
2020-05-17,San Bernardino,071,2135413,4528,3467,4,3471,155
2020-05-17,San Diego,073,3302833,6814,5838,0,5838,209
2020-05-17,San Francisco,075,870044,2343,2132,0,2132,36
2020-05-17,San Joaquin,077,732212,780,688,4,692,32
2020-05-17,San Luis Obispo,079,281455,319,242,3,245,1
2020-05-17,San Mateo,081,765935,1939,1680,2,1682,68
2020-05-17,Santa Barbara,083,443738,1967,1457,10,1467,10
2020-05-17,Santa Clara,085,1922200,3067,2453,8,2461,135
2020-05-17,Santa Cruz,087,273765,174,155,0,155,3
2020-05-17,Shasta,089,179085,49,34,0,34,4
2020-05-17,Sierra,091,2930,0,0,0,0,0
2020-05-17,Siskiyou,093,43540,7,6,0,6,0
2020-05-17,Solano,095,438530,483,392,0,392,4
2020-05-17,Sonoma,097,501317,457,376,0,376,4
2020-05-17,Stanislaus,099,539301,644,566,4,570,25
2020-05-17,Sutter,101,95872,40,38,0,38,2
2020-05-17,Tehama,103,63373,3,2,0,2,1
2020-05-17,Trinity,105,12862,2,1,0,1,0
2020-05-17,Tulare,107,460477,1984,1430,7,1437,63
2020-05-17,Tuolumne,109,53932,2,2,0,2,0
2020-05-17,Ventura,111,848112,1221,838,5,843,27
2020-05-17,Yolo,113,214977,195,182,0,182,22
2020-05-17,Yuba,115,75493,26,21,0,21,1
2020-05-16,Alameda,001,1643700,2835,2327,3,2330,83
2020-05-16,Alpine,003,1148,1,1,0,1,0
2020-05-16,Amador,005,37829,9,8,0,8,0
2020-05-16,Butte,007,227075,44,22,1,23,0
2020-05-16,Calaveras,009,45235,11,13,0,13,0
2020-05-16,Colusa,011,21464,3,3,0,3,0
2020-05-16,Contra Costa,013,1133247,1301,1136,1,1137,33
2020-05-16,Del Norte,015,27424,19,4,0,4,0
2020-05-16,El Dorado,017,186661,87,65,0,65,0
2020-05-16,Fresno,019,978130,2225,1177,31,1208,14
2020-05-16,Glenn,021,27897,13,9,0,9,0
2020-05-16,Humboldt,023,135768,91,69,0,69,0
2020-05-16,Imperial,025,180216,1687,712,4,716,14
2020-05-16,Inyo,027,18085,19,20,0,20,1
2020-05-16,Kern,029,883053,1937,1509,3,1512,26
2020-05-16,Kings,031,150075,493,356,2,358,2
2020-05-16,Lake,033,64148,13,7,0,7,0
2020-05-16,Lassen,035,31185,2,0,2,2,0
2020-05-16,Los Angeles,037,10098052,46219,37352,20,37372,1778
2020-05-16,Madera,039,155013,160,70,1,71,2
2020-05-16,Marin,041,260295,341,297,1,298,14
2020-05-16,Mariposa,043,17540,15,15,0,15,1
2020-05-16,Mendocino,045,87422,15,10,0,10,0
2020-05-16,Merced,047,269075,303,201,0,201,5
2020-05-16,Modoc,049,8938,0,0,0,0,0
2020-05-16,Mono,051,14174,36,32,0,32,1
2020-05-16,Monterey,053,433212,408,329,3,332,8
2020-05-16,Napa,055,140530,105,86,0,86,3
2020-05-16,Nevada,057,99092,42,41,1,42,1
2020-05-16,Orange,059,3164182,6532,4396,51,4447,87
2020-05-16,Placer,061,380077,191,174,0,174,8
2020-05-16,Plumas,063,18699,4,4,0,4,0
2020-05-16,Riverside,065,2383286,6766,5633,18,5651,243
2020-05-16,Sacramento,067,1510023,1292,1209,0,1209,55
2020-05-16,San Benito,069,59416,66,58,0,58,2
2020-05-16,San Bernardino,071,2135413,4456,3362,4,3366,155
2020-05-16,San Diego,073,3302833,6728,5664,0,5664,209
2020-05-16,San Francisco,075,870044,2320,2094,0,2094,36
2020-05-16,San Joaquin,077,732212,772,668,4,672,32
2020-05-16,San Luis Obispo,079,281455,318,240,3,243,1
2020-05-16,San Mateo,081,765935,1924,1652,2,1654,68
2020-05-16,Santa Barbara,083,443738,1950,1422,9,1431,10
2020-05-16,Santa Clara,085,1922200,3049,2420,8,2428,135
2020-05-16,Santa Cruz,087,273765,171,154,0,154,3
2020-05-16,Shasta,089,179085,49,33,0,33,4
2020-05-16,Sierra,091,2930,0,0,0,0,0
2020-05-16,Siskiyou,093,43540,7,6,0,6,0
2020-05-16,Solano,095,438530,478,392,0,392,4
2020-05-16,Sonoma,097,501317,444,356,0,356,4
2020-05-16,Stanislaus,099,539301,635,546,4,550,24
2020-05-16,Sutter,101,95872,40,35,0,35,2
2020-05-16,Tehama,103,63373,3,2,0,2,1
2020-05-16,Trinity,105,12862,2,1,0,1,0
2020-05-16,Tulare,107,460477,1966,1426,7,1433,63
2020-05-16,Tuolumne,109,53932,2,2,0,2,0
2020-05-16,Ventura,111,848112,1195,813,5,818,25
2020-05-16,Yolo,113,214977,194,181,0,181,22
2020-05-16,Yuba,115,75493,26,21,0,21,1
2020-05-15,Alameda,001,1643700,2801,2289,3,2292,83
2020-05-15,Alpine,003,1148,1,1,0,1,0
2020-05-15,Amador,005,37829,9,8,0,8,0
2020-05-15,Butte,007,227075,42,22,1,23,0
2020-05-15,Calaveras,009,45235,11,13,0,13,0
2020-05-15,Colusa,011,21464,3,3,0,3,0
2020-05-15,Contra Costa,013,1133247,1283,1106,1,1107,33
2020-05-15,Del Norte,015,27424,14,4,0,4,0
2020-05-15,El Dorado,017,186661,87,64,0,64,0
2020-05-15,Fresno,019,978130,2157,1126,31,1157,14
2020-05-15,Glenn,021,27897,13,9,0,9,0
2020-05-15,Humboldt,023,135768,90,60,0,60,0
2020-05-15,Imperial,025,180216,1603,680,0,680,14
2020-05-15,Inyo,027,18085,19,20,0,20,1
2020-05-15,Kern,029,883053,1881,1472,3,1475,25
2020-05-15,Kings,031,150075,490,347,2,349,2
2020-05-15,Lake,033,64148,13,7,0,7,0
2020-05-15,Lassen,035,31185,2,0,2,2,0
2020-05-15,Los Angeles,037,10098052,45434,36317,20,36337,1734
2020-05-15,Madera,039,155013,159,71,1,72,2
2020-05-15,Marin,041,260295,333,295,1,296,14
2020-05-15,Mariposa,043,17540,15,15,0,15,1
2020-05-15,Mendocino,045,87422,15,10,0,10,0
2020-05-15,Merced,047,269075,300,191,0,191,5
2020-05-15,Modoc,049,8938,0,0,0,0,0
2020-05-15,Mono,051,14174,36,31,0,31,1
2020-05-15,Monterey,053,433212,402,321,3,324,8
2020-05-15,Napa,055,140530,105,83,0,83,3
2020-05-15,Nevada,057,99092,42,41,1,42,1
2020-05-15,Orange,059,3164182,6360,4281,51,4332,87
2020-05-15,Placer,061,380077,189,174,0,174,8
2020-05-15,Plumas,063,18699,4,4,0,4,0
2020-05-15,Riverside,065,2383286,6652,5496,18,5514,233
2020-05-15,Sacramento,067,1510023,1282,1203,0,1203,55
2020-05-15,San Benito,069,59416,63,57,0,57,2
2020-05-15,San Bernardino,071,2135413,4378,3225,4,3229,153
2020-05-15,San Diego,073,3302833,6621,5525,0,5525,208
2020-05-15,San Francisco,075,870044,2304,2062,0,2062,36
2020-05-15,San Joaquin,077,732212,766,656,4,660,32
2020-05-15,San Luis Obispo,079,281455,316,237,3,240,1
2020-05-15,San Mateo,081,765935,1902,1612,2,1614,68
2020-05-15,Santa Barbara,083,443738,1933,1409,8,1417,10
2020-05-15,Santa Clara,085,1922200,3007,2395,8,2403,135
2020-05-15,Santa Cruz,087,273765,170,146,0,146,3
2020-05-15,Shasta,089,179085,48,33,0,33,4
2020-05-15,Sierra,091,2930,0,0,0,0,0
2020-05-15,Siskiyou,093,43540,6,5,0,5,0
2020-05-15,Solano,095,438530,474,388,0,388,4
2020-05-15,Sonoma,097,501317,436,349,0,349,4
2020-05-15,Stanislaus,099,539301,628,540,4,544,23
2020-05-15,Sutter,101,95872,39,35,0,35,2
2020-05-15,Tehama,103,63373,3,1,0,1,1
2020-05-15,Trinity,105,12862,2,1,0,1,0
2020-05-15,Tulare,107,460477,1938,1356,7,1363,61
2020-05-15,Tuolumne,109,53932,2,2,0,2,0
2020-05-15,Ventura,111,848112,1178,789,4,793,25
2020-05-15,Yolo,113,214977,193,182,0,182,22
2020-05-15,Yuba,115,75493,26,21,0,21,1
2020-05-14,Alameda,001,1643700,2708,2255,3,2258,80
2020-05-14,Alpine,003,1148,1,1,0,1,0
2020-05-14,Amador,005,37829,9,8,0,8,0
2020-05-14,Butte,007,227075,40,22,1,23,0
2020-05-14,Calaveras,009,45235,11,13,0,13,0
2020-05-14,Colusa,011,21464,3,3,0,3,0
2020-05-14,Contra Costa,013,1133247,1257,1090,1,1091,32
2020-05-14,Del Norte,015,27424,14,4,0,4,0
2020-05-14,El Dorado,017,186661,78,59,0,59,0
2020-05-14,Fresno,019,978130,2096,1038,27,1065,12
2020-05-14,Glenn,021,27897,12,8,0,8,0
2020-05-14,Humboldt,023,135768,88,59,0,59,0
2020-05-14,Imperial,025,180216,1486,652,0,652,13
2020-05-14,Inyo,027,18085,19,20,0,20,1
2020-05-14,Kern,029,883053,1839,1430,3,1433,21
2020-05-14,Kings,031,150075,474,342,2,344,1
2020-05-14,Lake,033,64148,13,7,0,7,0
2020-05-14,Lassen,035,31185,2,0,2,2,0
2020-05-14,Los Angeles,037,10098052,44259,35427,20,35447,1693
2020-05-14,Madera,039,155013,150,69,1,70,2
2020-05-14,Marin,041,260295,315,283,1,284,14
2020-05-14,Mariposa,043,17540,15,15,0,15,0
2020-05-14,Mendocino,045,87422,14,10,0,10,0
2020-05-14,Merced,047,269075,290,182,0,182,3
2020-05-14,Modoc,049,8938,0,0,0,0,0
2020-05-14,Mono,051,14174,36,31,0,31,1
2020-05-14,Monterey,053,433212,392,317,3,320,7
2020-05-14,Napa,055,140530,103,83,0,83,3
2020-05-14,Nevada,057,99092,41,41,1,42,1
2020-05-14,Orange,059,3164182,6184,4163,49,4212,83
2020-05-14,Placer,061,380077,189,172,0,172,8
2020-05-14,Plumas,063,18699,4,4,0,4,0
2020-05-14,Riverside,065,2383286,6468,5339,18,5357,224
2020-05-14,Sacramento,067,1510023,1270,1181,0,1181,55
2020-05-14,San Benito,069,59416,61,56,0,56,2
2020-05-14,San Bernardino,071,2135413,4200,3149,4,3153,149
2020-05-14,San Diego,073,3302833,6486,5393,0,5393,200
2020-05-14,San Francisco,075,870044,2271,2029,0,2029,36
2020-05-14,San Joaquin,077,732212,751,643,4,647,31
2020-05-14,San Luis Obispo,079,281455,313,236,3,239,1
2020-05-14,San Mateo,081,765935,1870,1588,2,1590,67
2020-05-14,Santa Barbara,083,443738,1906,1395,8,1403,11
2020-05-14,Santa Clara,085,1922200,2984,2380,8,2388,134
2020-05-14,Santa Cruz,087,273765,168,145,0,145,3
2020-05-14,Shasta,089,179085,48,33,0,33,4
2020-05-14,Sierra,091,2930,0,0,0,0,0
2020-05-14,Siskiyou,093,43540,6,5,0,5,0
2020-05-14,Solano,095,438530,465,372,0,372,4
2020-05-14,Sonoma,097,501317,419,333,0,333,4
2020-05-14,Stanislaus,099,539301,609,533,4,537,23
2020-05-14,Sutter,101,95872,39,34,0,34,2
2020-05-14,Tehama,103,63373,3,1,0,1,1
2020-05-14,Trinity,105,12862,2,1,0,1,0
2020-05-14,Tulare,107,460477,1900,1317,7,1324,55
2020-05-14,Tuolumne,109,53932,2,2,0,2,0
2020-05-14,Ventura,111,848112,1148,760,4,764,25
2020-05-14,Yolo,113,214977,193,180,0,180,22
2020-05-14,Yuba,115,75493,26,21,0,21,1
2020-05-13,Alameda,001,1643700,2650,2181,3,2184,78
2020-05-13,Alpine,003,1148,1,1,0,1,0
2020-05-13,Amador,005,37829,9,8,0,8,0
2020-05-13,Butte,007,227075,40,21,1,22,0
2020-05-13,Calaveras,009,45235,11,13,0,13,0
2020-05-13,Colusa,011,21464,3,3,0,3,0
2020-05-13,Contra Costa,013,1133247,1235,1082,1,1083,32
2020-05-13,Del Norte,015,27424,13,4,0,4,0
2020-05-13,El Dorado,017,186661,77,58,0,58,0
2020-05-13,Fresno,019,978130,2003,993,27,1020,10
2020-05-13,Glenn,021,27897,11,6,0,6,0
2020-05-13,Humboldt,023,135768,82,58,0,58,0
2020-05-13,Imperial,025,180216,1416,610,0,610,11
2020-05-13,Inyo,027,18085,19,20,0,20,1
2020-05-13,Kern,029,883053,1793,1390,3,1393,19
2020-05-13,Kings,031,150075,460,314,2,316,1
2020-05-13,Lake,033,64148,13,7,0,7,0
2020-05-13,Lassen,035,31185,2,0,2,2,0
2020-05-13,Los Angeles,037,10098052,42953,34574,20,34594,1643
2020-05-13,Madera,039,155013,141,69,1,70,2
2020-05-13,Marin,041,260295,302,278,1,279,14
2020-05-13,Mariposa,043,17540,15,15,0,15,0
2020-05-13,Mendocino,045,87422,14,10,0,10,0
2020-05-13,Merced,047,269075,287,176,0,176,3
2020-05-13,Modoc,049,8938,0,0,0,0,0
2020-05-13,Mono,051,14174,35,31,0,31,1
2020-05-13,Monterey,053,433212,382,309,3,312,6
2020-05-13,Napa,055,140530,103,81,0,81,3
2020-05-13,Nevada,057,99092,41,41,1,42,1
2020-05-13,Orange,059,3164182,5939,4025,47,4072,79
2020-05-13,Placer,061,380077,188,170,0,170,8
2020-05-13,Plumas,063,18699,4,4,0,4,0
2020-05-13,Riverside,065,2383286,6345,5204,18,5222,216
2020-05-13,Sacramento,067,1510023,1255,1173,0,1173,53
2020-05-13,San Benito,069,59416,61,55,0,55,2
2020-05-13,San Bernardino,071,2135413,3944,3064,3,3067,140
2020-05-13,San Diego,073,3302833,6350,5280,0,5280,194
2020-05-13,San Francisco,075,870044,2243,2004,0,2004,35
2020-05-13,San Joaquin,077,732212,730,639,3,642,31
2020-05-13,San Luis Obispo,079,281455,311,231,3,234,1
2020-05-13,San Mateo,081,765935,1838,1550,2,1552,66
2020-05-13,Santa Barbara,083,443738,1877,1382,8,1390,10
2020-05-13,Santa Clara,085,1922200,2964,2370,8,2378,132
2020-05-13,Santa Cruz,087,273765,164,142,0,142,2
2020-05-13,Shasta,089,179085,48,32,0,32,4
2020-05-13,Sierra,091,2930,0,0,0,0,0
2020-05-13,Siskiyou,093,43540,6,5,0,5,0
2020-05-13,Solano,095,438530,452,368,0,368,4
2020-05-13,Sonoma,097,501317,409,330,0,330,4
2020-05-13,Stanislaus,099,539301,600,521,4,525,15
2020-05-13,Sutter,101,95872,39,33,0,33,2
2020-05-13,Tehama,103,63373,3,1,0,1,1
2020-05-13,Trinity,105,12862,2,2,0,2,0
2020-05-13,Tulare,107,460477,1867,1283,7,1290,54
2020-05-13,Tuolumne,109,53932,2,2,0,2,0
2020-05-13,Ventura,111,848112,1117,742,4,746,25
2020-05-13,Yolo,113,214977,191,178,0,178,22
2020-05-13,Yuba,115,75493,24,19,0,19,1
2020-05-12,Alameda,001,1643700,2585,2146,3,2149,74
2020-05-12,Alpine,003,1148,1,1,0,1,0
2020-05-12,Amador,005,37829,9,8,0,8,0
2020-05-12,Butte,007,227075,38,20,1,21,0
2020-05-12,Calaveras,009,45235,10,13,0,13,0
2020-05-12,Colusa,011,21464,3,3,0,3,0
2020-05-12,Contra Costa,013,1133247,1204,1067,1,1068,32
2020-05-12,Del Norte,015,27424,10,3,0,3,0
2020-05-12,El Dorado,017,186661,74,56,0,56,0
2020-05-12,Fresno,019,978130,1919,978,26,1004,9
2020-05-12,Glenn,021,27897,10,6,0,6,0
2020-05-12,Humboldt,023,135768,79,58,0,58,0
2020-05-12,Imperial,025,180216,1285,602,0,602,9
2020-05-12,Inyo,027,18085,19,20,0,20,1
2020-05-12,Kern,029,883053,1752,1363,3,1366,18
2020-05-12,Kings,031,150075,439,302,2,304,1
2020-05-12,Lake,033,64148,13,7,0,7,0
2020-05-12,Lassen,035,31185,2,0,2,2,0
2020-05-12,Los Angeles,037,10098052,41958,33281,19,33300,1601
2020-05-12,Madera,039,155013,136,69,1,70,2
2020-05-12,Marin,041,260295,297,274,1,275,14
2020-05-12,Mariposa,043,17540,15,15,0,15,0
2020-05-12,Mendocino,045,87422,14,10,0,10,0
2020-05-12,Merced,047,269075,276,175,0,175,3
2020-05-12,Modoc,049,8938,0,0,0,0,0
2020-05-12,Mono,051,14174,35,31,0,31,1
2020-05-12,Monterey,053,433212,375,298,3,301,6
2020-05-12,Napa,055,140530,101,80,0,80,3
2020-05-12,Nevada,057,99092,41,41,1,42,1
2020-05-12,Orange,059,3164182,5756,3843,45,3888,78
2020-05-12,Placer,061,380077,187,170,0,170,8
2020-05-12,Plumas,063,18699,4,4,0,4,0
2020-05-12,Riverside,065,2383286,6223,5134,18,5152,210
2020-05-12,Sacramento,067,1510023,1235,1166,0,1166,52
2020-05-12,San Benito,069,59416,61,55,0,55,2
2020-05-12,San Bernardino,071,2135413,3793,2997,3,3000,131
2020-05-12,San Diego,073,3302833,6206,3,0,3,0
2020-05-12,San Francisco,075,870044,2208,1981,0,1981,35
2020-05-12,San Joaquin,077,732212,715,625,3,628,30
2020-05-12,San Luis Obispo,079,281455,308,226,3,229,1
2020-05-12,San Mateo,081,765935,1812,1533,2,1535,66
2020-05-12,Santa Barbara,083,443738,1825,1377,8,1385,10
2020-05-12,Santa Clara,085,1922200,2934,2362,8,2370,131
2020-05-12,Santa Cruz,087,273765,162,141,0,141,2
2020-05-12,Shasta,089,179085,47,33,0,33,4
2020-05-12,Sierra,091,2930,0,0,0,0,0
2020-05-12,Siskiyou,093,43540,6,5,0,5,0
2020-05-12,Solano,095,438530,444,361,0,361,4
2020-05-12,Sonoma,097,501317,386,308,0,308,4
2020-05-12,Stanislaus,099,539301,593,515,4,519,15
2020-05-12,Sutter,101,95872,39,33,0,33,2
2020-05-12,Tehama,103,63373,3,1,0,1,1
2020-05-12,Trinity,105,12862,2,1,0,1,0
2020-05-12,Tulare,107,460477,1835,1261,7,1268,52
2020-05-12,Tuolumne,109,53932,2,2,0,2,0
2020-05-12,Ventura,111,848112,1061,718,4,722,20
2020-05-12,Yolo,113,214977,190,176,0,176,22
2020-05-12,Yuba,115,75493,24,19,0,19,1
2020-05-11,Alameda,001,1643700,2535,2103,3,2106,71
2020-05-11,Alpine,003,1148,1,1,0,1,0
2020-05-11,Amador,005,37829,9,8,0,8,0
2020-05-11,Butte,007,227075,37,19,1,20,0
2020-05-11,Calaveras,009,45235,10,13,0,13,0
2020-05-11,Colusa,011,21464,3,3,0,3,0
2020-05-11,Contra Costa,013,1133247,1190,1052,1,1053,32
2020-05-11,Del Norte,015,27424,8,3,0,3,0
2020-05-11,El Dorado,017,186661,74,55,0,55,0
2020-05-11,Fresno,019,978130,1828,937,25,962,8
2020-05-11,Glenn,021,27897,10,6,0,6,0
2020-05-11,Humboldt,023,135768,76,56,0,56,0
2020-05-11,Imperial,025,180216,1179,562,0,562,9
2020-05-11,Inyo,027,18085,19,20,0,20,1
2020-05-11,Kern,029,883053,1700,1331,3,1334,17
2020-05-11,Kings,031,150075,416,289,1,290,1
2020-05-11,Lake,033,64148,12,7,0,7,0
2020-05-11,Lassen,035,31185,2,0,2,2,0
2020-05-11,Los Angeles,037,10098052,40779,32279,19,32298,1553
2020-05-11,Madera,039,155013,127,68,1,69,2
2020-05-11,Marin,041,260295,288,271,1,272,14
2020-05-11,Mariposa,043,17540,15,15,0,15,0
2020-05-11,Mendocino,045,87422,14,10,0,10,0
2020-05-11,Merced,047,269075,261,158,0,158,3
2020-05-11,Modoc,049,8938,0,0,0,0,0
2020-05-11,Mono,051,14174,35,30,0,30,1
2020-05-11,Monterey,053,433212,372,286,3,289,6
2020-05-11,Napa,055,140530,95,79,0,79,2
2020-05-11,Nevada,057,99092,41,41,1,42,1
2020-05-11,Orange,059,3164182,5541,3699,38,3737,77
2020-05-11,Placer,061,380077,187,170,0,170,8
2020-05-11,Plumas,063,18699,4,4,0,4,0
2020-05-11,Riverside,065,2383286,6065,5082,17,5099,203
2020-05-11,Sacramento,067,1510023,1220,1160,0,1160,52
2020-05-11,San Benito,069,59416,59,52,0,52,2
2020-05-11,San Bernardino,071,2135413,3683,2945,3,2948,124
2020-05-11,San Diego,073,3302833,6053,5067,0,5067,175
2020-05-11,San Francisco,075,870044,2161,1974,0,1974,35
2020-05-11,San Joaquin,077,732212,705,620,3,623,30
2020-05-11,San Luis Obispo,079,281455,306,224,3,227,1
2020-05-11,San Mateo,081,765935,1786,1499,2,1501,66
2020-05-11,Santa Barbara,083,443738,1784,1372,8,1380,10
2020-05-11,Santa Clara,085,1922200,2917,2340,8,2348,129
2020-05-11,Santa Cruz,087,273765,159,140,0,140,2
2020-05-11,Shasta,089,179085,47,31,0,31,4
2020-05-11,Sierra,091,2930,0,0,0,0,0
2020-05-11,Siskiyou,093,43540,6,5,0,5,0
2020-05-11,Solano,095,438530,439,354,0,354,4
2020-05-11,Sonoma,097,501317,376,303,0,303,3
2020-05-11,Stanislaus,099,539301,583,507,4,511,14
2020-05-11,Sutter,101,95872,38,32,0,32,2
2020-05-11,Tehama,103,63373,3,1,0,1,1
2020-05-11,Trinity,105,12862,2,1,0,1,0
2020-05-11,Tulare,107,460477,1786,1203,7,1210,49
2020-05-11,Tuolumne,109,53932,2,2,0,2,0
2020-05-11,Ventura,111,848112,1000,698,3,701,19
2020-05-11,Yolo,113,214977,190,174,0,174,20
2020-05-11,Yuba,115,75493,24,18,0,18,1
2020-05-10,Alameda,001,1643700,2458,2047,3,2050,71
2020-05-10,Alpine,003,1148,1,1,0,1,0
2020-05-10,Amador,005,37829,9,8,0,8,0
2020-05-10,Butte,007,227075,32,18,1,19,0
2020-05-10,Calaveras,009,45235,10,13,0,13,0
2020-05-10,Colusa,011,21464,3,3,0,3,0
2020-05-10,Contra Costa,013,1133247,1176,1046,0,1046,31
2020-05-10,Del Norte,015,27424,7,3,0,3,0
2020-05-10,El Dorado,017,186661,74,55,0,55,0
2020-05-10,Fresno,019,978130,1743,894,25,919,8
2020-05-10,Glenn,021,27897,10,6,0,6,0
2020-05-10,Humboldt,023,135768,72,56,0,56,0
2020-05-10,Imperial,025,180216,1083,509,0,509,7
2020-05-10,Inyo,027,18085,19,20,0,20,1
2020-05-10,Kern,029,883053,1649,1300,2,1302,16
2020-05-10,Kings,031,150075,403,266,1,267,1
2020-05-10,Lake,033,64148,12,7,0,7,0
2020-05-10,Lassen,035,31185,2,0,2,2,0
2020-05-10,Los Angeles,037,10098052,39520,31711,19,31730,1514
2020-05-10,Madera,039,155013,125,65,1,66,2
2020-05-10,Marin,041,260295,280,267,1,268,14
2020-05-10,Mariposa,043,17540,15,15,0,15,0
2020-05-10,Mendocino,045,87422,13,10,0,10,0
2020-05-10,Merced,047,269075,246,154,0,154,3
2020-05-10,Modoc,049,8938,0,0,0,0,0
2020-05-10,Mono,051,14174,35,27,0,27,1
2020-05-10,Monterey,053,433212,358,282,3,285,6
2020-05-10,Napa,055,140530,89,79,0,79,2
2020-05-10,Nevada,057,99092,41,41,1,42,1
2020-05-10,Orange,059,3164182,5398,3627,38,3665,76
2020-05-10,Placer,061,380077,186,168,0,168,8
2020-05-10,Plumas,063,18699,4,4,0,4,0
2020-05-10,Riverside,065,2383286,5943,4951,17,4968,193
2020-05-10,Sacramento,067,1510023,1204,1152,0,1152,52
2020-05-10,San Benito,069,59416,59,52,0,52,2
2020-05-10,San Bernardino,071,2135413,3585,2910,3,2913,121
2020-05-10,San Diego,073,3302833,5901,4928,0,4928,175
2020-05-10,San Francisco,075,870044,2143,1953,0,1953,35
2020-05-10,San Joaquin,077,732212,690,611,3,614,29
2020-05-10,San Luis Obispo,079,281455,303,218,3,221,1
2020-05-10,San Mateo,081,765935,1764,1463,2,1465,65
2020-05-10,Santa Barbara,083,443738,1756,1323,8,1331,10
2020-05-10,Santa Clara,085,1922200,2890,2331,8,2339,129
2020-05-10,Santa Cruz,087,273765,158,139,0,139,2
2020-05-10,Shasta,089,179085,47,31,0,31,4
2020-05-10,Sierra,091,2930,0,0,0,0,0
2020-05-10,Siskiyou,093,43540,5,5,0,5,0
2020-05-10,Solano,095,438530,429,322,0,322,4
2020-05-10,Sonoma,097,501317,366,290,0,290,3
2020-05-10,Stanislaus,099,539301,576,498,4,502,14
2020-05-10,Sutter,101,95872,35,31,0,31,2
2020-05-10,Tehama,103,63373,3,1,0,1,1
2020-05-10,Trinity,105,12862,2,1,0,1,0
2020-05-10,Tulare,107,460477,1716,1143,7,1150,47
2020-05-10,Tuolumne,109,53932,2,2,0,2,0
2020-05-10,Ventura,111,848112,942,690,1,691,19
2020-05-10,Yolo,113,214977,190,173,0,173,20
2020-05-10,Yuba,115,75493,23,17,0,17,1
2020-05-09,Alameda,001,1643700,2415,2011,3,2014,71
2020-05-09,Alpine,003,1148,1,1,0,1,0
2020-05-09,Amador,005,37829,8,8,0,8,0
2020-05-09,Butte,007,227075,31,18,1,19,0
2020-05-09,Calaveras,009,45235,10,13,0,13,0
2020-05-09,Colusa,011,21464,3,3,0,3,0
2020-05-09,Contra Costa,013,1133247,1162,1039,0,1039,31
2020-05-09,Del Norte,015,27424,7,3,0,3,0
2020-05-09,El Dorado,017,186661,71,54,0,54,0
2020-05-09,Fresno,019,978130,1705,861,24,885,8
2020-05-09,Glenn,021,27897,9,6,0,6,0
2020-05-09,Humboldt,023,135768,70,55,0,55,0
2020-05-09,Imperial,025,180216,1027,474,0,474,7
2020-05-09,Inyo,027,18085,19,20,0,20,1
2020-05-09,Kern,029,883053,1613,1262,1,1263,15
2020-05-09,Kings,031,150075,398,264,1,265,1
2020-05-09,Lake,033,64148,12,7,0,7,0
2020-05-09,Lassen,035,31185,2,0,2,2,0
2020-05-09,Los Angeles,037,10098052,38898,31268,19,31287,1499
2020-05-09,Madera,039,155013,124,61,1,62,2
2020-05-09,Marin,041,260295,279,261,1,262,14
2020-05-09,Mariposa,043,17540,15,15,0,15,0
2020-05-09,Mendocino,045,87422,13,10,0,10,0
2020-05-09,Merced,047,269075,242,153,0,153,3
2020-05-09,Modoc,049,8938,0,0,0,0,0
2020-05-09,Mono,051,14174,35,27,0,27,1
2020-05-09,Monterey,053,433212,351,273,3,276,6
2020-05-09,Napa,055,140530,88,78,0,78,2
2020-05-09,Nevada,057,99092,41,41,1,42,1
2020-05-09,Orange,059,3164182,5316,3506,37,3543,75
2020-05-09,Placer,061,380077,185,168,0,168,8
2020-05-09,Plumas,063,18699,4,4,0,4,0
2020-05-09,Riverside,065,2383286,5848,4871,17,4888,183
2020-05-09,Sacramento,067,1510023,1200,1150,0,1150,52
2020-05-09,San Benito,069,59416,58,52,0,52,2
2020-05-09,San Bernardino,071,2135413,3529,2825,3,2828,121
2020-05-09,San Diego,073,3302833,5789,4778,0,4778,175
2020-05-09,San Francisco,075,870044,2128,1944,0,1944,34
2020-05-09,San Joaquin,077,732212,681,605,3,608,28
2020-05-09,San Luis Obispo,079,281455,299,213,3,216,1
2020-05-09,San Mateo,081,765935,1745,1453,2,1455,65
2020-05-09,Santa Barbara,083,443738,1738,1245,8,1253,10
2020-05-09,Santa Clara,085,1922200,2876,2317,8,2325,128
2020-05-09,Santa Cruz,087,273765,157,138,0,138,2
2020-05-09,Shasta,089,179085,47,31,0,31,4
2020-05-09,Sierra,091,2930,0,0,0,0,0
2020-05-09,Siskiyou,093,43540,5,5,0,5,0
2020-05-09,Solano,095,438530,423,321,0,321,4
2020-05-09,Sonoma,097,501317,362,288,0,288,3
2020-05-09,Stanislaus,099,539301,568,491,4,495,12
2020-05-09,Sutter,101,95872,35,31,0,31,2
2020-05-09,Tehama,103,63373,2,1,0,1,1
2020-05-09,Trinity,105,12862,2,1,0,1,0
2020-05-09,Tulare,107,460477,1688,1083,7,1090,47
2020-05-09,Tuolumne,109,53932,2,2,0,2,0
2020-05-09,Ventura,111,848112,921,679,1,680,19
2020-05-09,Yolo,113,214977,190,172,0,172,18
2020-05-09,Yuba,115,75493,23,17,0,17,1
2020-05-08,Alameda,001,1643700,2372,1955,3,1958,70
2020-05-08,Alpine,003,1148,1,1,0,1,0
2020-05-08,Amador,005,37829,8,8,0,8,0
2020-05-08,Butte,007,227075,31,18,1,19,0
2020-05-08,Calaveras,009,45235,10,13,0,13,0
2020-05-08,Colusa,011,21464,3,3,0,3,0
2020-05-08,Contra Costa,013,1133247,1150,1024,0,1024,29
2020-05-08,Del Norte,015,27424,7,3,0,3,0
2020-05-08,El Dorado,017,186661,70,54,0,54,0
2020-05-08,Fresno,019,978130,1661,838,22,860,8
2020-05-08,Glenn,021,27897,8,6,0,6,0
2020-05-08,Humboldt,023,135768,67,54,0,54,0
2020-05-08,Imperial,025,180216,981,467,0,467,7
2020-05-08,Inyo,027,18085,19,20,0,20,1
2020-05-08,Kern,029,883053,1582,1214,1,1215,13
2020-05-08,Kings,031,150075,389,236,1,237,1
2020-05-08,Lake,033,64148,12,7,0,7,0
2020-05-08,Lassen,035,31185,2,0,2,2,0
2020-05-08,Los Angeles,037,10098052,38166,30357,19,30376,1447
2020-05-08,Madera,039,155013,121,57,1,58,2
2020-05-08,Marin,041,260295,279,257,1,258,14
2020-05-08,Mariposa,043,17540,15,15,0,15,0
2020-05-08,Mendocino,045,87422,13,10,0,10,0
2020-05-08,Merced,047,269075,241,151,0,151,3
2020-05-08,Modoc,049,8938,0,0,0,0,0
2020-05-08,Mono,051,14174,32,27,0,27,1
2020-05-08,Monterey,053,433212,343,265,3,268,6
2020-05-08,Napa,055,140530,87,78,0,78,2
2020-05-08,Nevada,057,99092,41,41,1,42,1
2020-05-08,Orange,059,3164182,5170,3395,37,3432,72
2020-05-08,Placer,061,380077,183,166,0,166,8
2020-05-08,Plumas,063,18699,4,4,0,4,0
2020-05-08,Riverside,065,2383286,5748,4672,16,4688,181
2020-05-08,Sacramento,067,1510023,1195,1145,0,1145,51
2020-05-08,San Benito,069,59416,58,51,0,51,2
2020-05-08,San Bernardino,071,2135413,3481,2631,3,2634,119
2020-05-08,San Diego,073,3302833,5682,4664,0,4664,169
2020-05-08,San Francisco,075,870044,2110,1890,0,1890,33
2020-05-08,San Joaquin,077,732212,674,595,3,598,28
2020-05-08,San Luis Obispo,079,281455,296,210,3,213,1
2020-05-08,San Mateo,081,765935,1660,1423,2,1425,62
2020-05-08,Santa Barbara,083,443738,1719,1054,6,1060,8
2020-05-08,Santa Clara,085,1922200,2853,2285,8,2293,128
2020-05-08,Santa Cruz,087,273765,153,137,0,137,2
2020-05-08,Shasta,089,179085,47,31,0,31,4
2020-05-08,Sierra,091,2930,0,0,0,0,0
2020-05-08,Siskiyou,093,43540,5,5,0,5,0
2020-05-08,Solano,095,438530,418,314,0,314,4
2020-05-08,Sonoma,097,501317,357,285,0,285,3
2020-05-08,Stanislaus,099,539301,554,487,4,491,12
2020-05-08,Sutter,101,95872,35,30,0,30,2
2020-05-08,Tehama,103,63373,2,1,0,1,1
2020-05-08,Trinity,105,12862,2,0,0,0,0
2020-05-08,Tulare,107,460477,1643,1050,6,1056,43
2020-05-08,Tuolumne,109,53932,2,2,0,2,0
2020-05-08,Ventura,111,848112,903,665,1,666,19
2020-05-08,Yolo,113,214977,189,172,0,172,18
2020-05-08,Yuba,115,75493,22,16,0,16,1
2020-05-07,Alameda,001,1643700,2312,1914,3,1917,68
2020-05-07,Alpine,003,1148,1,1,0,1,0
2020-05-07,Amador,005,37829,8,8,0,8,0
2020-05-07,Butte,007,227075,31,19,1,20,0
2020-05-07,Calaveras,009,45235,10,13,0,13,0
2020-05-07,Colusa,011,21464,3,3,0,3,0
2020-05-07,Contra Costa,013,1133247,1136,1005,0,1005,29
2020-05-07,Del Norte,015,27424,6,3,0,3,0
2020-05-07,El Dorado,017,186661,69,54,0,54,0
2020-05-07,Fresno,019,978130,1577,812,21,833,8
2020-05-07,Glenn,021,27897,8,5,0,5,0
2020-05-07,Humboldt,023,135768,66,54,0,54,0
2020-05-07,Imperial,025,180216,918,442,0,442,6
2020-05-07,Inyo,027,18085,19,20,0,20,1
2020-05-07,Kern,029,883053,1538,1176,1,1177,13
2020-05-07,Kings,031,150075,366,219,1,220,1
2020-05-07,Lake,033,64148,11,7,0,7,0
2020-05-07,Lassen,035,31185,2,0,2,2,0
2020-05-07,Los Angeles,037,10098052,37044,29544,19,29563,1399
2020-05-07,Madera,039,155013,117,54,1,55,2
2020-05-07,Marin,041,260295,272,252,1,253,14
2020-05-07,Mariposa,043,17540,15,15,0,15,0
2020-05-07,Mendocino,045,87422,13,10,0,10,0
2020-05-07,Merced,047,269075,233,146,0,146,3
2020-05-07,Modoc,049,8938,0,0,0,0,0
2020-05-07,Mono,051,14174,32,26,0,26,1
2020-05-07,Monterey,053,433212,335,249,3,252,6
2020-05-07,Napa,055,140530,87,78,0,78,2
2020-05-07,Nevada,057,99092,41,41,1,42,1
2020-05-07,Orange,059,3164182,4985,3283,36,3319,69
2020-05-07,Placer,061,380077,183,165,0,165,8
2020-05-07,Plumas,063,18699,4,4,0,4,0
2020-05-07,Riverside,065,2383286,5632,4608,16,4624,170
2020-05-07,Sacramento,067,1510023,1189,1139,0,1139,50
2020-05-07,San Benito,069,59416,58,50,0,50,2
2020-05-07,San Bernardino,071,2135413,3389,2522,3,2525,115
2020-05-07,San Diego,073,3302833,5525,4431,0,4431,165
2020-05-07,San Francisco,075,870044,2079,1852,0,1852,33
2020-05-07,San Joaquin,077,732212,661,583,3,586,28
2020-05-07,San Luis Obispo,079,281455,285,209,3,212,1
2020-05-07,San Mateo,081,765935,1638,1398,2,1400,58
2020-05-07,Santa Barbara,083,443738,1684,720,5,725,8
2020-05-07,Santa Clara,085,1922200,2815,2281,8,2289,127
2020-05-07,Santa Cruz,087,273765,150,136,0,136,2
2020-05-07,Shasta,089,179085,46,31,0,31,4
2020-05-07,Sierra,091,2930,0,0,0,0,0
2020-05-07,Siskiyou,093,43540,5,5,0,5,0
2020-05-07,Solano,095,438530,412,307,0,307,4
2020-05-07,Sonoma,097,501317,345,282,0,282,3
2020-05-07,Stanislaus,099,539301,545,466,4,470,10
2020-05-07,Sutter,101,95872,35,29,0,29,2
2020-05-07,Tehama,103,63373,2,1,0,1,1
2020-05-07,Trinity,105,12862,2,0,0,0,0
2020-05-07,Tulare,107,460477,1575,1001,6,1007,41
2020-05-07,Tuolumne,109,53932,2,2,0,2,0
2020-05-07,Ventura,111,848112,879,647,0,647,19
2020-05-07,Yolo,113,214977,188,172,0,172,18
2020-05-07,Yuba,115,75493,22,16,0,16,1
2020-05-06,Alameda,001,1643700,2274,1864,3,1867,67
2020-05-06,Alpine,003,1148,1,1,0,1,0
2020-05-06,Amador,005,37829,8,8,0,8,0
2020-05-06,Butte,007,227075,30,19,1,20,0
2020-05-06,Calaveras,009,45235,10,13,0,13,0
2020-05-06,Colusa,011,21464,3,3,0,3,0
2020-05-06,Contra Costa,013,1133247,1115,990,0,990,29
2020-05-06,Del Norte,015,27424,6,3,0,3,0
2020-05-06,El Dorado,017,186661,67,53,0,53,0
2020-05-06,Fresno,019,978130,1515,773,19,792,8
2020-05-06,Glenn,021,27897,8,3,0,3,0
2020-05-06,Humboldt,023,135768,65,54,0,54,0
2020-05-06,Imperial,025,180216,850,399,0,399,6
2020-05-06,Inyo,027,18085,19,20,0,20,1
2020-05-06,Kern,029,883053,1483,1112,1,1113,12
2020-05-06,Kings,031,150075,348,208,1,209,1
2020-05-06,Lake,033,64148,11,7,0,7,0
2020-05-06,Lassen,035,31185,2,0,2,2,0
2020-05-06,Los Angeles,037,10098052,36039,28687,19,28706,1347
2020-05-06,Madera,039,155013,115,55,1,56,2
2020-05-06,Marin,041,260295,265,244,1,245,14
2020-05-06,Mariposa,043,17540,15,14,0,14,0
2020-05-06,Mendocino,045,87422,13,10,0,10,0
2020-05-06,Merced,047,269075,226,140,0,140,3
2020-05-06,Modoc,049,8938,0,0,0,0,0
2020-05-06,Mono,051,14174,32,26,0,26,1
2020-05-06,Monterey,053,433212,327,246,3,249,6
2020-05-06,Napa,055,140530,86,78,0,78,2
2020-05-06,Nevada,057,99092,41,41,1,42,1
2020-05-06,Orange,059,3164182,4801,3156,35,3191,66
2020-05-06,Placer,061,380077,180,164,0,164,8
2020-05-06,Plumas,063,18699,4,4,0,4,0
2020-05-06,Riverside,065,2383286,5488,4535,16,4551,163
2020-05-06,Sacramento,067,1510023,1183,1135,0,1135,49
2020-05-06,San Benito,069,59416,57,50,0,50,2
2020-05-06,San Bernardino,071,2135413,3267,2426,2,2428,110
2020-05-06,San Diego,073,3302833,5392,4321,0,4321,158
2020-05-06,San Francisco,075,870044,2054,1804,0,1804,32
2020-05-06,San Joaquin,077,732212,648,581,3,584,28
2020-05-06,San Luis Obispo,079,281455,282,207,3,210,1
2020-05-06,San Mateo,081,765935,1607,1348,2,1350,57
2020-05-06,Santa Barbara,083,443738,1633,565,4,569,8
2020-05-06,Santa Clara,085,1922200,2799,2270,7,2277,127
2020-05-06,Santa Cruz,087,273765,146,135,0,135,2
2020-05-06,Shasta,089,179085,45,31,0,31,4
2020-05-06,Sierra,091,2930,0,0,0,0,0
2020-05-06,Siskiyou,093,43540,5,5,0,5,0
2020-05-06,Solano,095,438530,402,300,0,300,4
2020-05-06,Sonoma,097,501317,329,269,0,269,3
2020-05-06,Stanislaus,099,539301,529,434,4,438,9
2020-05-06,Sutter,101,95872,35,29,0,29,2
2020-05-06,Tehama,103,63373,2,1,0,1,1
2020-05-06,Trinity,105,12862,2,0,0,0,0
2020-05-06,Tulare,107,460477,1527,963,6,969,40
2020-05-06,Tuolumne,109,53932,2,2,0,2,0
2020-05-06,Ventura,111,848112,852,619,0,619,19
2020-05-06,Yolo,113,214977,187,172,0,172,18
2020-05-06,Yuba,115,75493,22,15,0,15,1
2020-05-05,Alameda,001,1643700,2231,1819,3,1822,67
2020-05-05,Alpine,003,1148,1,1,0,1,0
2020-05-05,Amador,005,37829,8,8,0,8,0
2020-05-05,Butte,007,227075,29,19,1,20,0
2020-05-05,Calaveras,009,45235,10,13,0,13,0
2020-05-05,Colusa,011,21464,3,3,0,3,0
2020-05-05,Contra Costa,013,1133247,1097,976,0,976,29
2020-05-05,Del Norte,015,27424,6,3,0,3,0
2020-05-05,El Dorado,017,186661,65,54,0,54,0
2020-05-05,Fresno,019,978130,1442,726,17,743,8
2020-05-05,Glenn,021,27897,8,3,0,3,0
2020-05-05,Humboldt,023,135768,62,54,0,54,0
2020-05-05,Imperial,025,180216,795,389,0,389,6
2020-05-05,Inyo,027,18085,19,20,0,20,1
2020-05-05,Kern,029,883053,1431,1084,1,1085,11
2020-05-05,Kings,031,150075,330,187,1,188,1
2020-05-05,Lake,033,64148,10,7,0,7,0
2020-05-05,Lassen,035,31185,2,0,2,2,0
2020-05-05,Los Angeles,037,10098052,34969,27867,19,27886,1289
2020-05-05,Madera,039,155013,112,53,1,54,2
2020-05-05,Marin,041,260295,259,244,1,245,14
2020-05-05,Mariposa,043,17540,15,14,0,14,0
2020-05-05,Mendocino,045,87422,13,10,0,10,0
2020-05-05,Merced,047,269075,221,141,0,141,3
2020-05-05,Modoc,049,8938,0,0,0,0,0
2020-05-05,Mono,051,14174,32,25,0,25,1
2020-05-05,Monterey,053,433212,313,240,3,243,6
2020-05-05,Napa,055,140530,86,74,0,74,2
2020-05-05,Nevada,057,99092,41,41,1,42,1
2020-05-05,Orange,059,3164182,4677,3041,35,3076,63
2020-05-05,Placer,061,380077,180,162,0,162,8
2020-05-05,Plumas,063,18699,4,4,0,4,0
2020-05-05,Riverside,065,2383286,5378,4309,16,4325,161
2020-05-05,Sacramento,067,1510023,1176,1125,0,1125,48
2020-05-05,San Benito,069,59416,56,50,0,50,2
2020-05-05,San Bernardino,071,2135413,3174,2345,2,2347,104
2020-05-05,San Diego,073,3302833,5249,4162,0,4162,150
2020-05-05,San Francisco,075,870044,2019,1779,0,1779,31
2020-05-05,San Joaquin,077,732212,639,577,3,580,26
2020-05-05,San Luis Obispo,079,281455,281,203,3,206,1
2020-05-05,San Mateo,081,765935,1575,1335,2,1337,56
2020-05-05,Santa Barbara,083,443738,1398,541,4,545,7
2020-05-05,Santa Clara,085,1922200,2753,2249,6,2255,124
2020-05-05,Santa Cruz,087,273765,143,134,0,134,2
2020-05-05,Shasta,089,179085,44,31,0,31,4
2020-05-05,Sierra,091,2930,0,0,0,0,0
2020-05-05,Siskiyou,093,43540,5,5,0,5,0
2020-05-05,Solano,095,438530,386,299,0,299,4
2020-05-05,Sonoma,097,501317,326,263,0,263,3
2020-05-05,Stanislaus,099,539301,517,430,4,434,9
2020-05-05,Sutter,101,95872,35,29,0,29,2
2020-05-05,Tehama,103,63373,2,1,0,1,1
2020-05-05,Trinity,105,12862,2,0,0,0,0
2020-05-05,Tulare,107,460477,1431,869,6,875,40
2020-05-05,Tuolumne,109,53932,2,2,0,2,0
2020-05-05,Ventura,111,848112,828,607,0,607,19
2020-05-05,Yolo,113,214977,185,171,0,171,18
2020-05-05,Yuba,115,75493,22,15,0,15,1
2020-05-04,Alameda,001,1643700,2172,1762,3,1765,65
2020-05-04,Alpine,003,1148,1,1,0,1,0
2020-05-04,Amador,005,37829,7,8,0,8,0
2020-05-04,Butte,007,227075,28,16,1,17,0
2020-05-04,Calaveras,009,45235,10,13,0,13,0
2020-05-04,Colusa,011,21464,3,3,0,3,0
2020-05-04,Contra Costa,013,1133247,1079,949,0,949,28
2020-05-04,Del Norte,015,27424,5,3,0,3,0
2020-05-04,El Dorado,017,186661,64,51,0,51,0
2020-05-04,Fresno,019,978130,1371,680,16,696,8
2020-05-04,Glenn,021,27897,8,4,0,4,0
2020-05-04,Humboldt,023,135768,60,54,0,54,0
2020-05-04,Imperial,025,180216,743,351,0,351,6
2020-05-04,Inyo,027,18085,19,20,0,20,1
2020-05-04,Kern,029,883053,1389,1047,1,1048,8
2020-05-04,Kings,031,150075,313,153,1,154,1
2020-05-04,Lake,033,64148,9,7,0,7,0
2020-05-04,Lassen,035,31185,1,0,2,2,0
2020-05-04,Los Angeles,037,10098052,33668,26243,18,26261,1235
2020-05-04,Madera,039,155013,110,52,1,53,2
2020-05-04,Marin,041,260295,254,244,1,245,13
2020-05-04,Mariposa,043,17540,15,13,0,13,0
2020-05-04,Mendocino,045,87422,13,10,0,10,0
2020-05-04,Merced,047,269075,221,138,0,138,3
2020-05-04,Modoc,049,8938,0,0,0,0,0
2020-05-04,Mono,051,14174,32,25,0,25,1
2020-05-04,Monterey,053,433212,302,237,3,240,6
2020-05-04,Napa,055,140530,86,72,0,72,2
2020-05-04,Nevada,057,99092,41,41,1,42,1
2020-05-04,Orange,059,3164182,4539,2931,32,2963,57
2020-05-04,Placer,061,380077,178,162,0,162,8
2020-05-04,Plumas,063,18699,4,4,0,4,0
2020-05-04,Riverside,065,2383286,5284,4221,16,4237,147
2020-05-04,Sacramento,067,1510023,1166,1119,0,1119,44
2020-05-04,San Benito,069,59416,54,49,0,49,2
2020-05-04,San Bernardino,071,2135413,3033,2184,2,2186,99
2020-05-04,San Diego,073,3302833,5108,4022,0,4022,144
2020-05-04,San Francisco,075,870044,1981,1760,0,1760,31
2020-05-04,San Joaquin,077,732212,625,574,3,577,26
2020-05-04,San Luis Obispo,079,281455,278,202,3,205,1
2020-05-04,San Mateo,081,765935,1550,1313,2,1315,53
2020-05-04,Santa Barbara,083,443738,1134,524,4,528,7
2020-05-04,Santa Clara,085,1922200,2738,2238,6,2244,119
2020-05-04,Santa Cruz,087,273765,142,133,0,133,2
2020-05-04,Shasta,089,179085,42,31,0,31,4
2020-05-04,Sierra,091,2930,0,0,0,0,0
2020-05-04,Siskiyou,093,43540,5,5,0,5,0
2020-05-04,Solano,095,438530,372,293,0,293,4
2020-05-04,Sonoma,097,501317,312,256,0,256,4
2020-05-04,Stanislaus,099,539301,511,422,4,426,8
2020-05-04,Sutter,101,95872,32,28,0,28,2
2020-05-04,Tehama,103,63373,2,1,0,1,1
2020-05-04,Trinity,105,12862,1,0,0,0,0
2020-05-04,Tulare,107,460477,1353,760,6,766,40
2020-05-04,Tuolumne,109,53932,2,3,0,3,0
2020-05-04,Ventura,111,848112,807,590,0,590,19
2020-05-04,Yolo,113,214977,184,171,0,171,18
2020-05-04,Yuba,115,75493,19,16,0,16,1
2020-05-03,Alameda,001,1643700,2115,1731,3,1734,64
2020-05-03,Alpine,003,1148,1,1,0,1,0
2020-05-03,Amador,005,37829,7,8,0,8,0
2020-05-03,Butte,007,227075,28,17,1,18,0
2020-05-03,Calaveras,009,45235,10,13,0,13,0
2020-05-03,Colusa,011,21464,3,3,0,3,0
2020-05-03,Contra Costa,013,1133247,1063,945,0,945,28
2020-05-03,Del Norte,015,27424,5,3,0,3,0
2020-05-03,El Dorado,017,186661,62,49,0,49,0
2020-05-03,Fresno,019,978130,1279,646,14,660,8
2020-05-03,Glenn,021,27897,7,5,0,5,0
2020-05-03,Humboldt,023,135768,59,54,0,54,0
2020-05-03,Imperial,025,180216,687,351,0,351,6
2020-05-03,Inyo,027,18085,19,20,0,20,1
2020-05-03,Kern,029,883053,1334,1025,1,1026,8
2020-05-03,Kings,031,150075,293,137,1,138,1
2020-05-03,Lake,033,64148,9,7,0,7,0
2020-05-03,Lassen,035,31185,1,0,2,2,0
2020-05-03,Los Angeles,037,10098052,32684,25708,18,25726,1210
2020-05-03,Madera,039,155013,103,46,1,47,2
2020-05-03,Marin,041,260295,249,243,1,244,13
2020-05-03,Mariposa,043,17540,15,13,0,13,0
2020-05-03,Mendocino,045,87422,13,10,0,10,0
2020-05-03,Merced,047,269075,213,134,0,134,3
2020-05-03,Modoc,049,8938,0,0,0,0,0
2020-05-03,Mono,051,14174,32,25,0,25,1
2020-05-03,Monterey,053,433212,293,235,3,238,6
2020-05-03,Napa,055,140530,86,72,0,72,2
2020-05-03,Nevada,057,99092,41,41,1,42,1
2020-05-03,Orange,059,3164182,4365,2859,31,2890,55
2020-05-03,Placer,061,380077,178,161,0,161,8
2020-05-03,Plumas,063,18699,4,4,0,4,0
2020-05-03,Riverside,065,2383286,5179,4034,16,4050,139
2020-05-03,Sacramento,067,1510023,1157,1109,0,1109,43
2020-05-03,San Benito,069,59416,54,49,0,49,2
2020-05-03,San Bernardino,071,2135413,2972,2123,2,2125,99
2020-05-03,San Diego,073,3302833,4970,3929,0,3929,142
2020-05-03,San Francisco,075,870044,1952,1692,0,1692,30
2020-05-03,San Joaquin,077,732212,618,570,3,573,26
2020-05-03,San Luis Obispo,079,281455,275,200,3,203,1
2020-05-03,San Mateo,081,765935,1522,1277,2,1279,53
2020-05-03,Santa Barbara,083,443738,755,512,4,516,7
2020-05-03,Santa Clara,085,1922200,2702,2235,6,2241,116
2020-05-03,Santa Cruz,087,273765,142,133,0,133,2
2020-05-03,Shasta,089,179085,40,31,0,31,4
2020-05-03,Sierra,091,2930,0,0,0,0,0
2020-05-03,Siskiyou,093,43540,5,5,0,5,0
2020-05-03,Solano,095,438530,362,266,0,266,4
2020-05-03,Sonoma,097,501317,303,254,0,254,4
2020-05-03,Stanislaus,099,539301,483,411,4,415,8
2020-05-03,Sutter,101,95872,30,28,0,28,2
2020-05-03,Tehama,103,63373,2,1,0,1,1
2020-05-03,Trinity,105,12862,1,0,0,0,0
2020-05-03,Tulare,107,460477,1274,736,6,742,40
2020-05-03,Tuolumne,109,53932,2,3,0,3,0
2020-05-03,Ventura,111,848112,774,583,0,583,19
2020-05-03,Yolo,113,214977,183,171,0,171,18
2020-05-03,Yuba,115,75493,19,16,0,16,1
2020-05-02,Alameda,001,1643700,2078,1678,3,1681,63
2020-05-02,Alpine,003,1148,1,1,0,1,0
2020-05-02,Amador,005,37829,7,8,0,8,0
2020-05-02,Butte,007,227075,28,17,1,18,0
2020-05-02,Calaveras,009,45235,10,13,0,13,0
2020-05-02,Colusa,011,21464,3,3,0,3,0
2020-05-02,Contra Costa,013,1133247,1046,929,0,929,28
2020-05-02,Del Norte,015,27424,5,3,0,3,0
2020-05-02,El Dorado,017,186661,62,47,0,47,0
2020-05-02,Fresno,019,978130,1253,629,13,642,8
2020-05-02,Glenn,021,27897,7,5,0,5,0
2020-05-02,Humboldt,023,135768,59,54,0,54,0
2020-05-02,Imperial,025,180216,660,345,0,345,6
2020-05-02,Inyo,027,18085,19,20,0,20,1
2020-05-02,Kern,029,883053,1308,1007,1,1008,8
2020-05-02,Kings,031,150075,290,120,1,121,1
2020-05-02,Lake,033,64148,9,7,0,7,0
2020-05-02,Lassen,035,31185,1,0,2,2,0
2020-05-02,Los Angeles,037,10098052,32155,24955,18,24973,1192
2020-05-02,Madera,039,155013,103,46,1,47,2
2020-05-02,Marin,041,260295,248,243,1,244,13
2020-05-02,Mariposa,043,17540,15,13,0,13,0
2020-05-02,Mendocino,045,87422,13,10,0,10,0
2020-05-02,Merced,047,269075,210,131,0,131,3
2020-05-02,Modoc,049,8938,0,0,0,0,0
2020-05-02,Mono,051,14174,32,25,0,25,1
2020-05-02,Monterey,053,433212,287,225,3,228,5
2020-05-02,Napa,055,140530,86,71,0,71,2
2020-05-02,Nevada,057,99092,41,41,1,42,1
2020-05-02,Orange,059,3164182,4251,2774,31,2805,52
2020-05-02,Placer,061,380077,176,150,0,150,8
2020-05-02,Plumas,063,18699,4,4,0,4,0
2020-05-02,Riverside,065,2383286,5113,3997,16,4013,137
2020-05-02,Sacramento,067,1510023,1154,1097,0,1097,43
2020-05-02,San Benito,069,59416,54,49,0,49,2
2020-05-02,San Bernardino,071,2135413,2933,2124,2,2126,99
2020-05-02,San Diego,073,3302833,4868,3844,0,3844,138
2020-05-02,San Francisco,075,870044,1929,1632,0,1632,29
2020-05-02,San Joaquin,077,732212,610,559,3,562,25
2020-05-02,San Luis Obispo,079,281455,269,193,3,196,1
2020-05-02,San Mateo,081,765935,1506,1272,2,1274,52
2020-05-02,Santa Barbara,083,443738,741,506,4,510,7
2020-05-02,Santa Clara,085,1922200,2692,2203,6,2209,115
2020-05-02,Santa Cruz,087,273765,141,131,0,131,2
2020-05-02,Shasta,089,179085,40,31,0,31,4
2020-05-02,Sierra,091,2930,0,0,0,0,0
2020-05-02,Siskiyou,093,43540,5,5,0,5,0
2020-05-02,Solano,095,438530,355,267,0,267,4
2020-05-02,Sonoma,097,501317,300,250,0,250,3
2020-05-02,Stanislaus,099,539301,475,388,4,392,8
2020-05-02,Sutter,101,95872,30,28,0,28,2
2020-05-02,Tehama,103,63373,2,1,0,1,1
2020-05-02,Trinity,105,12862,1,0,0,0,0
2020-05-02,Tulare,107,460477,1231,711,6,717,35
2020-05-02,Tuolumne,109,53932,2,3,0,3,0
2020-05-02,Ventura,111,848112,760,564,0,564,19
2020-05-02,Yolo,113,214977,183,169,0,169,17
2020-05-02,Yuba,115,75493,19,16,0,16,1
2020-05-01,Alameda,001,1643700,2040,1630,3,1633,63
2020-05-01,Alpine,003,1148,1,1,0,1,0
2020-05-01,Amador,005,37829,7,8,0,8,0
2020-05-01,Butte,007,227075,28,17,1,18,0
2020-05-01,Calaveras,009,45235,10,13,0,13,0
2020-05-01,Colusa,011,21464,3,3,0,3,0
2020-05-01,Contra Costa,013,1133247,1032,915,0,915,28
2020-05-01,Del Norte,015,27424,5,3,0,3,0
2020-05-01,El Dorado,017,186661,62,47,0,47,0
2020-05-01,Fresno,019,978130,1222,617,13,630,7
2020-05-01,Glenn,021,27897,7,4,0,4,0
2020-05-01,Humboldt,023,135768,59,54,0,54,0
2020-05-01,Imperial,025,180216,623,337,0,337,6
2020-05-01,Inyo,027,18085,19,20,0,20,1
2020-05-01,Kern,029,883053,1281,972,1,973,8
2020-05-01,Kings,031,150075,273,112,1,113,1
2020-05-01,Lake,033,64148,9,6,0,6,0
2020-05-01,Lassen,035,31185,1,0,2,2,0
2020-05-01,Los Angeles,037,10098052,31400,24306,18,24324,1155
2020-05-01,Madera,039,155013,99,46,1,47,2
2020-05-01,Marin,041,260295,248,242,1,243,13
2020-05-01,Mariposa,043,17540,15,10,0,10,0
2020-05-01,Mendocino,045,87422,13,11,0,11,0
2020-05-01,Merced,047,269075,207,131,0,131,3
2020-05-01,Modoc,049,8938,0,0,0,0,0
2020-05-01,Mono,051,14174,32,25,0,25,1
2020-05-01,Monterey,053,433212,283,222,3,225,5
2020-05-01,Napa,055,140530,86,69,0,69,2
2020-05-01,Nevada,057,99092,41,41,1,42,1
2020-05-01,Orange,059,3164182,4174,2660,29,2689,51
2020-05-01,Placer,061,380077,175,149,0,149,8
2020-05-01,Plumas,063,18699,4,4,0,4,0
2020-05-01,Riverside,065,2383286,5049,3893,16,3909,132
2020-05-01,Sacramento,067,1510023,1149,1081,0,1081,43
2020-05-01,San Benito,069,59416,54,49,0,49,2
2020-05-01,San Bernardino,071,2135413,2878,2084,2,2086,98
2020-05-01,San Diego,073,3302833,4777,3713,0,3713,134
2020-05-01,San Francisco,075,870044,1885,1552,0,1552,29
2020-05-01,San Joaquin,077,732212,606,554,3,557,25
2020-05-01,San Luis Obispo,079,281455,266,186,3,189,1
2020-05-01,San Mateo,081,765935,1484,1222,2,1224,52
2020-05-01,Santa Barbara,083,443738,724,499,3,502,7
2020-05-01,Santa Clara,085,1922200,2680,2176,6,2182,112
2020-05-01,Santa Cruz,087,273765,141,127,0,127,2
2020-05-01,Shasta,089,179085,40,31,0,31,4
2020-05-01,Sierra,091,2930,0,0,0,0,0
2020-05-01,Siskiyou,093,43540,5,5,0,5,0
2020-05-01,Solano,095,438530,347,266,0,266,4
2020-05-01,Sonoma,097,501317,297,242,0,242,3
2020-05-01,Stanislaus,099,539301,470,384,4,388,8
2020-05-01,Sutter,101,95872,30,28,0,28,2
2020-05-01,Tehama,103,63373,2,1,0,1,1
2020-05-01,Trinity,105,12862,1,0,0,0,0
2020-05-01,Tulare,107,460477,1187,685,6,691,32
2020-05-01,Tuolumne,109,53932,2,3,0,3,0
2020-05-01,Ventura,111,848112,747,556,0,556,18
2020-05-01,Yolo,113,214977,183,165,0,165,18
2020-05-01,Yuba,115,75493,19,16,0,16,1
2020-04-30,Alameda,001,1643700,1980,1599,3,1602,60
2020-04-30,Alpine,003,1148,1,1,0,1,0
2020-04-30,Amador,005,37829,7,8,0,8,0
2020-04-30,Butte,007,227075,28,16,1,17,0
2020-04-30,Calaveras,009,45235,10,13,0,13,0
2020-04-30,Colusa,011,21464,3,3,0,3,0
2020-04-30,Contra Costa,013,1133247,1010,900,0,900,25
2020-04-30,Del Norte,015,27424,4,3,0,3,0
2020-04-30,El Dorado,017,186661,62,44,0,44,0
2020-04-30,Fresno,019,978130,1158,562,10,572,7
2020-04-30,Glenn,021,27897,7,4,0,4,0
2020-04-30,Humboldt,023,135768,59,54,0,54,0
2020-04-30,Imperial,025,180216,577,322,0,322,6
2020-04-30,Inyo,027,18085,19,20,0,20,1
2020-04-30,Kern,029,883053,1249,941,1,942,8
2020-04-30,Kings,031,150075,261,87,1,88,1
2020-04-30,Lake,033,64148,9,6,0,6,0
2020-04-30,Lassen,035,31185,1,0,2,2,0
2020-04-30,Los Angeles,037,10098052,30393,23284,18,23302,1099
2020-04-30,Madera,039,155013,88,46,1,47,2
2020-04-30,Marin,041,260295,248,240,1,241,13
2020-04-30,Mariposa,043,17540,15,3,0,3,0
2020-04-30,Mendocino,045,87422,13,11,0,11,0
2020-04-30,Merced,047,269075,200,122,0,122,3
2020-04-30,Modoc,049,8938,0,0,0,0,0
2020-04-30,Mono,051,14174,31,25,0,25,1
2020-04-30,Monterey,053,433212,273,213,3,216,5
2020-04-30,Napa,055,140530,84,69,0,69,2
2020-04-30,Nevada,057,99092,41,41,1,42,1
2020-04-30,Orange,059,3164182,3951,2591,26,2617,46
2020-04-30,Placer,061,380077,174,148,0,148,8
2020-04-30,Plumas,063,18699,4,4,0,4,0
2020-04-30,Riverside,065,2383286,4949,3820,15,3835,124
2020-04-30,Sacramento,067,1510023,1143,1071,0,1071,43
2020-04-30,San Benito,069,59416,54,48,0,48,2
2020-04-30,San Bernardino,071,2135413,2676,2020,2,2022,96
2020-04-30,San Diego,073,3302833,4606,3566,0,3566,124
2020-04-30,San Francisco,075,870044,1851,1518,0,1518,26
2020-04-30,San Joaquin,077,732212,598,548,3,551,25
2020-04-30,San Luis Obispo,079,281455,263,182,3,185,1
2020-04-30,San Mateo,081,765935,1454,1194,2,1196,52
2020-04-30,Santa Barbara,083,443738,698,490,3,493,7
2020-04-30,Santa Clara,085,1922200,2641,2172,6,2178,111
2020-04-30,Santa Cruz,087,273765,140,126,0,126,2
2020-04-30,Shasta,089,179085,39,31,0,31,4
2020-04-30,Sierra,091,2930,0,0,0,0,0
2020-04-30,Siskiyou,093,43540,5,5,0,5,0
2020-04-30,Solano,095,438530,337,262,0,262,4
2020-04-30,Sonoma,097,501317,288,233,0,233,3
2020-04-30,Stanislaus,099,539301,463,378,4,382,7
2020-04-30,Sutter,101,95872,30,28,0,28,2
2020-04-30,Tehama,103,63373,1,1,0,1,1
2020-04-30,Trinity,105,12862,1,0,0,0,0
2020-04-30,Tulare,107,460477,1123,637,6,643,31
2020-04-30,Tuolumne,109,53932,2,3,0,3,0
2020-04-30,Ventura,111,848112,719,547,0,547,18
2020-04-30,Yolo,113,214977,182,164,0,164,16
2020-04-30,Yuba,115,75493,19,15,0,15,1
2020-04-29,Alameda,001,1643700,1922,1564,2,1566,60
2020-04-29,Alpine,003,1148,1,1,0,1,0
2020-04-29,Amador,005,37829,7,8,0,8,0
2020-04-29,Butte,007,227075,28,16,1,17,0
2020-04-29,Calaveras,009,45235,10,13,0,13,0
2020-04-29,Colusa,011,21464,3,3,0,3,0
2020-04-29,Contra Costa,013,1133247,991,885,0,885,25
2020-04-29,Del Norte,015,27424,4,3,0,3,0
2020-04-29,El Dorado,017,186661,60,44,0,44,0
2020-04-29,Fresno,019,978130,1106,544,10,554,7
2020-04-29,Glenn,021,27897,7,4,0,4,0
2020-04-29,Humboldt,023,135768,59,53,0,53,0
2020-04-29,Imperial,025,180216,547,300,0,300,6
2020-04-29,Inyo,027,18085,19,20,0,20,1
2020-04-29,Kern,029,883053,1206,910,1,911,6
2020-04-29,Kings,031,150075,242,80,1,81,1
2020-04-29,Lake,033,64148,9,6,0,6,0
2020-04-29,Lassen,035,31185,1,0,2,2,0
2020-04-29,Los Angeles,037,10098052,29414,22560,18,22578,1043
2020-04-29,Madera,039,155013,86,45,1,46,2
2020-04-29,Marin,041,260295,245,234,1,235,13
2020-04-29,Mariposa,043,17540,15,1,0,1,0
2020-04-29,Mendocino,045,87422,13,11,0,11,0
2020-04-29,Merced,047,269075,193,116,0,116,3
2020-04-29,Modoc,049,8938,0,0,0,0,0
2020-04-29,Mono,051,14174,31,25,0,25,1
2020-04-29,Monterey,053,433212,265,204,3,207,5
2020-04-29,Napa,055,140530,82,68,0,68,2
2020-04-29,Nevada,057,99092,41,41,1,42,1
2020-04-29,Orange,059,3164182,3816,2421,25,2446,43
2020-04-29,Placer,061,380077,172,145,0,145,8
2020-04-29,Plumas,063,18699,4,4,0,4,0
2020-04-29,Riverside,065,2383286,4873,3700,15,3715,116
2020-04-29,Sacramento,067,1510023,1121,1055,0,1055,41
2020-04-29,San Benito,069,59416,54,48,0,48,2
2020-04-29,San Bernardino,071,2135413,2589,1975,1,1976,91
2020-04-29,San Diego,073,3302833,4464,3434,0,3434,120
2020-04-29,San Francisco,075,870044,1822,1489,0,1489,23
2020-04-29,San Joaquin,077,732212,590,540,3,543,25
2020-04-29,San Luis Obispo,079,281455,261,181,3,184,1
2020-04-29,San Mateo,081,765935,1428,1170,2,1172,50
2020-04-29,Santa Barbara,083,443738,680,477,3,480,7
2020-04-29,Santa Clara,085,1922200,2615,2147,6,2153,108
2020-04-29,Santa Cruz,087,273765,139,124,0,124,2
2020-04-29,Shasta,089,179085,38,31,0,31,4
2020-04-29,Sierra,091,2930,0,0,0,0,0
2020-04-29,Siskiyou,093,43540,5,5,0,5,0
2020-04-29,Solano,095,438530,313,252,0,252,3
2020-04-29,Sonoma,097,501317,280,230,0,230,2
2020-04-29,Stanislaus,099,539301,450,374,4,378,5
2020-04-29,Sutter,101,95872,30,28,0,28,2
2020-04-29,Tehama,103,63373,1,1,0,1,1
2020-04-29,Trinity,105,12862,1,0,0,0,0
2020-04-29,Tulare,107,460477,1050,615,5,620,30
2020-04-29,Tuolumne,109,53932,2,4,0,4,0
2020-04-29,Ventura,111,848112,695,530,0,530,18
2020-04-29,Yolo,113,214977,179,161,0,161,11
2020-04-29,Yuba,115,75493,19,15,0,15,1
2020-04-28,Alameda,001,1643700,1865,1525,2,1527,55
2020-04-28,Alpine,003,1148,1,1,0,1,0
2020-04-28,Amador,005,37829,7,8,0,8,0
2020-04-28,Butte,007,227075,28,16,1,17,0
2020-04-28,Calaveras,009,45235,10,13,0,13,0
2020-04-28,Colusa,011,21464,3,3,0,3,0
2020-04-28,Contra Costa,013,1133247,984,866,0,866,25
2020-04-28,Del Norte,015,27424,4,3,0,3,0
2020-04-28,El Dorado,017,186661,59,43,0,43,0
2020-04-28,Fresno,019,978130,1055,525,8,533,7
2020-04-28,Glenn,021,27897,5,4,0,4,0
2020-04-28,Humboldt,023,135768,58,53,0,53,0
2020-04-28,Imperial,025,180216,513,295,0,295,6
2020-04-28,Inyo,027,18085,19,20,0,20,1
2020-04-28,Kern,029,883053,1163,882,1,883,5
2020-04-28,Kings,031,150075,229,57,1,58,1
2020-04-28,Lake,033,64148,9,6,0,6,0
2020-04-28,Lassen,035,31185,1,0,2,2,0
2020-04-28,Los Angeles,037,10098052,28348,21029,18,21047,984
2020-04-28,Madera,039,155013,86,44,1,45,2
2020-04-28,Marin,041,260295,244,228,1,229,12
2020-04-28,Mariposa,043,17540,15,0,0,0,0
2020-04-28,Mendocino,045,87422,13,10,0,10,0
2020-04-28,Merced,047,269075,186,108,0,108,3
2020-04-28,Modoc,049,8938,0,0,0,0,0
2020-04-28,Mono,051,14174,31,25,0,25,1
2020-04-28,Monterey,053,433212,259,191,3,194,5
2020-04-28,Napa,055,140530,81,67,0,67,2
2020-04-28,Nevada,057,99092,41,41,1,42,1
2020-04-28,Orange,059,3164182,3651,2324,24,2348,42
2020-04-28,Placer,061,380077,162,143,0,143,8
2020-04-28,Plumas,063,18699,4,4,0,4,0
2020-04-28,Riverside,065,2383286,4778,3504,15,3519,113
2020-04-28,Sacramento,067,1510023,1106,1044,0,1044,41
2020-04-28,San Benito,069,59416,52,46,0,46,2
2020-04-28,San Bernardino,071,2135413,2512,1891,1,1892,89
2020-04-28,San Diego,073,3302833,4334,3316,0,3316,118
2020-04-28,San Francisco,075,870044,1787,1471,0,1471,23
2020-04-28,San Joaquin,077,732212,584,532,3,535,25
2020-04-28,San Luis Obispo,079,281455,254,172,3,175,1
2020-04-28,San Mateo,081,765935,1415,1129,2,1131,48
2020-04-28,Santa Barbara,083,443738,673,469,3,472,7
2020-04-28,Santa Clara,085,1922200,2581,2130,6,2136,106
2020-04-28,Santa Cruz,087,273765,139,123,0,123,2
2020-04-28,Shasta,089,179085,38,29,0,29,4
2020-04-28,Sierra,091,2930,0,0,0,0,0
2020-04-28,Siskiyou,093,43540,5,5,0,5,0
2020-04-28,Solano,095,438530,294,246,0,246,3
2020-04-28,Sonoma,097,501317,277,226,0,226,1
2020-04-28,Stanislaus,099,539301,434,330,4,334,5
2020-04-28,Sutter,101,95872,30,25,0,25,2
2020-04-28,Tehama,103,63373,1,1,0,1,1
2020-04-28,Trinity,105,12862,1,0,0,0,0
2020-04-28,Tulare,107,460477,954,579,5,584,30
2020-04-28,Tuolumne,109,53932,2,4,0,4,0
2020-04-28,Ventura,111,848112,675,517,0,517,17
2020-04-28,Yolo,113,214977,179,160,0,160,10
2020-04-28,Yuba,115,75493,19,15,0,15,1
2020-04-27,Alameda,001,1643700,1805,1494,2,1496,53
2020-04-27,Alpine,003,1148,1,1,0,1,0
2020-04-27,Amador,005,37829,7,8,0,8,0
2020-04-27,Butte,007,227075,27,16,1,17,0
2020-04-27,Calaveras,009,45235,10,13,0,13,0
2020-04-27,Colusa,011,21464,3,3,0,3,0
2020-04-27,Contra Costa,013,1133247,972,843,0,843,25
2020-04-27,Del Norte,015,27424,4,3,0,3,0
2020-04-27,El Dorado,017,186661,58,43,0,43,0
2020-04-27,Fresno,019,978130,950,504,7,511,7
2020-04-27,Glenn,021,27897,5,4,0,4,0
2020-04-27,Humboldt,023,135768,58,52,0,52,0
2020-04-27,Imperial,025,180216,483,290,0,290,6
2020-04-27,Inyo,027,18085,19,20,0,20,1
2020-04-27,Kern,029,883053,1124,865,1,866,4
2020-04-27,Kings,031,150075,206,48,1,49,1
2020-04-27,Lake,033,64148,8,6,0,6,0
2020-04-27,Lassen,035,31185,1,0,2,2,0
2020-04-27,Los Angeles,037,10098052,27331,20456,18,20474,931
2020-04-27,Madera,039,155013,84,42,1,43,2
2020-04-27,Marin,041,260295,239,227,1,228,12
2020-04-27,Mariposa,043,17540,14,0,0,0,0
2020-04-27,Mendocino,045,87422,13,10,0,10,0
2020-04-27,Merced,047,269075,183,108,0,108,3
2020-04-27,Modoc,049,8938,0,0,0,0,0
2020-04-27,Mono,051,14174,31,23,0,23,1
2020-04-27,Monterey,053,433212,252,185,3,188,4
2020-04-27,Napa,055,140530,77,64,0,64,2
2020-04-27,Nevada,057,99092,41,39,1,40,1
2020-04-27,Orange,059,3164182,3481,2198,24,2222,42
2020-04-27,Placer,061,380077,162,142,0,142,8
2020-04-27,Plumas,063,18699,4,4,0,4,0
2020-04-27,Riverside,065,2383286,4655,3381,15,3396,100
2020-04-27,Sacramento,067,1510023,1091,1035,0,1035,41
2020-04-27,San Benito,069,59416,50,45,0,45,2
2020-04-27,San Bernardino,071,2135413,2398,1742,1,1743,82
2020-04-27,San Diego,073,3302833,4208,3143,0,3143,113
2020-04-27,San Francisco,075,870044,1733,1453,0,1453,23
2020-04-27,San Joaquin,077,732212,578,522,3,525,25
2020-04-27,San Luis Obispo,079,281455,246,166,3,169,1
2020-04-27,San Mateo,081,765935,1393,1092,2,1094,46
2020-04-27,Santa Barbara,083,443738,657,466,3,469,7
2020-04-27,Santa Clara,085,1922200,2556,2104,5,2109,105
2020-04-27,Santa Cruz,087,273765,139,123,0,123,2
2020-04-27,Shasta,089,179085,38,29,0,29,4
2020-04-27,Sierra,091,2930,0,0,0,0,0
2020-04-27,Siskiyou,093,43540,5,5,0,5,0
2020-04-27,Solano,095,438530,294,222,0,222,3
2020-04-27,Sonoma,097,501317,268,220,0,220,1
2020-04-27,Stanislaus,099,539301,418,316,4,320,5
2020-04-27,Sutter,101,95872,29,26,0,26,2
2020-04-27,Tehama,103,63373,1,1,0,1,1
2020-04-27,Trinity,105,12862,1,0,0,0,0
2020-04-27,Tulare,107,460477,883,535,5,540,28
2020-04-27,Tuolumne,109,53932,2,3,0,3,0
2020-04-27,Ventura,111,848112,656,513,0,513,17
2020-04-27,Yolo,113,214977,176,160,0,160,9
2020-04-27,Yuba,115,75493,19,15,0,15,1
2020-04-26,Alameda,001,1643700,1744,1449,2,1451,52
2020-04-26,Alpine,003,1148,1,1,0,1,0
2020-04-26,Amador,005,37829,7,8,0,8,0
2020-04-26,Butte,007,227075,27,16,1,17,0
2020-04-26,Calaveras,009,45235,10,13,0,13,0
2020-04-26,Colusa,011,21464,3,3,0,3,0
2020-04-26,Contra Costa,013,1133247,956,830,0,830,25
2020-04-26,Del Norte,015,27424,3,3,0,3,0
2020-04-26,El Dorado,017,186661,56,41,0,41,0
2020-04-26,Fresno,019,978130,857,476,7,483,7
2020-04-26,Glenn,021,27897,5,4,0,4,0
2020-04-26,Humboldt,023,135768,58,53,0,53,0
2020-04-26,Imperial,025,180216,449,272,0,272,6
2020-04-26,Inyo,027,18085,19,20,0,20,1
2020-04-26,Kern,029,883053,1074,831,1,832,4
2020-04-26,Kings,031,150075,181,33,1,34,1
2020-04-26,Lake,033,64148,8,6,0,6,0
2020-04-26,Lassen,035,31185,1,0,2,2,0
2020-04-26,Los Angeles,037,10098052,26182,19570,18,19588,901
2020-04-26,Madera,039,155013,82,39,1,40,2
2020-04-26,Marin,041,260295,233,225,1,226,12
2020-04-26,Mariposa,043,17540,14,0,0,0,0
2020-04-26,Mendocino,045,87422,13,5,0,5,0
2020-04-26,Merced,047,269075,166,104,0,104,3
2020-04-26,Modoc,049,8938,0,0,0,0,0
2020-04-26,Mono,051,14174,31,23,0,23,1
2020-04-26,Monterey,053,433212,245,182,3,185,4
2020-04-26,Napa,055,140530,76,62,0,62,2
2020-04-26,Nevada,057,99092,41,37,1,38,1
2020-04-26,Orange,059,3164182,3315,2124,24,2148,40
2020-04-26,Placer,061,380077,161,141,0,141,8
2020-04-26,Plumas,063,18699,4,4,0,4,0
2020-04-26,Riverside,065,2383286,4512,3301,15,3316,95
2020-04-26,Sacramento,067,1510023,1082,1027,0,1027,41
2020-04-26,San Benito,069,59416,50,45,0,45,2
2020-04-26,San Bernardino,071,2135413,2300,1681,1,1682,82
2020-04-26,San Diego,073,3302833,4066,3045,0,3045,111
2020-04-26,San Francisco,075,870044,1694,1403,0,1403,23
2020-04-26,San Joaquin,077,732212,570,514,3,517,25
2020-04-26,San Luis Obispo,079,281455,243,165,3,168,1
2020-04-26,San Mateo,081,765935,1367,1070,2,1072,46
2020-04-26,Santa Barbara,083,443738,644,464,3,467,7
2020-04-26,Santa Clara,085,1922200,2533,2097,4,2101,102
2020-04-26,Santa Cruz,087,273765,139,116,0,116,2
2020-04-26,Shasta,089,179085,35,29,0,29,4
2020-04-26,Sierra,091,2930,0,0,0,0,0
2020-04-26,Siskiyou,093,43540,5,5,0,5,0
2020-04-26,Solano,095,438530,285,205,0,205,3
2020-04-26,Sonoma,097,501317,257,216,0,216,1
2020-04-26,Stanislaus,099,539301,403,294,4,298,4
2020-04-26,Sutter,101,95872,29,26,0,26,2
2020-04-26,Tehama,103,63373,1,1,0,1,1
2020-04-26,Trinity,105,12862,1,0,0,0,0
2020-04-26,Tulare,107,460477,824,497,5,502,28
2020-04-26,Tuolumne,109,53932,2,3,0,3,0
2020-04-26,Ventura,111,848112,638,509,0,509,17
2020-04-26,Yolo,113,214977,175,158,0,158,8
2020-04-26,Yuba,115,75493,18,15,0,15,1
2020-04-25,Alameda,001,1643700,1719,1396,2,1398,52
2020-04-25,Alpine,003,1148,1,1,0,1,0
2020-04-25,Amador,005,37829,7,8,0,8,0
2020-04-25,Butte,007,227075,26,16,1,17,0
2020-04-25,Calaveras,009,45235,10,12,0,12,0
2020-04-25,Colusa,011,21464,3,3,0,3,0
2020-04-25,Contra Costa,013,1133247,942,821,0,821,24
2020-04-25,Del Norte,015,27424,2,2,0,2,0
2020-04-25,El Dorado,017,186661,55,41,0,41,0
2020-04-25,Fresno,019,978130,826,459,6,465,7
2020-04-25,Glenn,021,27897,5,4,0,4,0
2020-04-25,Humboldt,023,135768,58,53,0,53,0
2020-04-25,Imperial,025,180216,432,232,0,232,6
2020-04-25,Inyo,027,18085,19,20,0,20,1
2020-04-25,Kern,029,883053,1043,802,1,803,4
2020-04-25,Kings,031,150075,169,33,1,34,1
2020-04-25,Lake,033,64148,6,6,0,6,0
2020-04-25,Lassen,035,31185,1,0,2,2,0
2020-04-25,Los Angeles,037,10098052,25548,19144,18,19162,881
2020-04-25,Madera,039,155013,79,39,1,40,2
2020-04-25,Marin,041,260295,233,215,1,216,12
2020-04-25,Mariposa,043,17540,14,0,0,0,0
2020-04-25,Mendocino,045,87422,12,5,0,5,0
2020-04-25,Merced,047,269075,166,103,0,103,3
2020-04-25,Modoc,049,8938,0,0,0,0,0
2020-04-25,Mono,051,14174,31,23,0,23,1
2020-04-25,Monterey,053,433212,243,173,3,176,4
2020-04-25,Napa,055,140530,76,60,0,60,2
2020-04-25,Nevada,057,99092,41,37,1,38,1
2020-04-25,Orange,059,3164182,3206,2047,24,2071,40
2020-04-25,Placer,061,380077,161,137,0,137,8
2020-04-25,Plumas,063,18699,4,4,0,4,0
2020-04-25,Riverside,065,2383286,4422,3037,15,3052,93
2020-04-25,Sacramento,067,1510023,1080,1015,0,1015,41
2020-04-25,San Benito,069,59416,50,45,0,45,2
2020-04-25,San Bernardino,071,2135413,2255,1675,1,1676,82
2020-04-25,San Diego,073,3302833,3966,2945,0,2945,111
2020-04-25,San Francisco,075,870044,1669,1341,0,1341,22
2020-04-25,San Joaquin,077,732212,563,497,3,500,24
2020-04-25,San Luis Obispo,079,281455,242,159,3,162,1
2020-04-25,San Mateo,081,765935,1349,1054,2,1056,46
2020-04-25,Santa Barbara,083,443738,636,457,3,460,7
2020-04-25,Santa Clara,085,1922200,2513,2045,3,2048,99
2020-04-25,Santa Cruz,087,273765,139,112,0,112,2
2020-04-25,Shasta,089,179085,35,29,0,29,4
2020-04-25,Sierra,091,2930,0,0,0,0,0
2020-04-25,Siskiyou,093,43540,5,5,0,5,0
2020-04-25,Solano,095,438530,281,203,0,203,3
2020-04-25,Sonoma,097,501317,253,199,0,199,1
2020-04-25,Stanislaus,099,539301,395,276,4,280,4
2020-04-25,Sutter,101,95872,29,24,0,24,2
2020-04-25,Tehama,103,63373,1,1,0,1,1
2020-04-25,Trinity,105,12862,0,0,0,0,0
2020-04-25,Tulare,107,460477,791,478,5,483,28
2020-04-25,Tuolumne,109,53932,2,2,0,2,0
2020-04-25,Ventura,111,848112,624,494,0,494,16
2020-04-25,Yolo,113,214977,175,157,0,157,8
2020-04-25,Yuba,115,75493,17,15,0,15,1
2020-04-24,Alameda,001,1643700,1688,1385,2,1387,50
2020-04-24,Alpine,003,1148,1,1,0,1,0
2020-04-24,Amador,005,37829,7,8,0,8,0
2020-04-24,Butte,007,227075,25,15,1,16,0
2020-04-24,Calaveras,009,45235,10,12,0,12,0
2020-04-24,Colusa,011,21464,3,3,0,3,0
2020-04-24,Contra Costa,013,1133247,933,806,0,806,23
2020-04-24,Del Norte,015,27424,2,2,0,2,0
2020-04-24,El Dorado,017,186661,54,41,0,41,0
2020-04-24,Fresno,019,978130,803,449,6,455,7
2020-04-24,Glenn,021,27897,5,4,0,4,0
2020-04-24,Humboldt,023,135768,58,53,0,53,0
2020-04-24,Imperial,025,180216,416,232,0,232,6
2020-04-24,Inyo,027,18085,19,20,0,20,0
2020-04-24,Kern,029,883053,1019,770,1,771,4
2020-04-24,Kings,031,150075,140,30,1,31,1
2020-04-24,Lake,033,64148,6,6,0,6,0
2020-04-24,Lassen,035,31185,1,0,2,2,0
2020-04-24,Los Angeles,037,10098052,24616,18553,18,18571,836
2020-04-24,Madera,039,155013,79,39,1,40,2
2020-04-24,Marin,041,260295,233,211,1,212,11
2020-04-24,Mariposa,043,17540,8,0,0,0,0
2020-04-24,Mendocino,045,87422,12,5,0,5,0
2020-04-24,Merced,047,269075,163,102,0,102,3
2020-04-24,Modoc,049,8938,0,0,0,0,0
2020-04-24,Mono,051,14174,30,23,0,23,1
2020-04-24,Monterey,053,433212,236,167,3,170,4
2020-04-24,Napa,055,140530,75,59,0,59,2
2020-04-24,Nevada,057,99092,41,36,1,37,1
2020-04-24,Orange,059,3164182,3098,1945,24,1969,39
2020-04-24,Placer,061,380077,159,137,0,137,8
2020-04-24,Plumas,063,18699,4,4,0,4,0
2020-04-24,Riverside,065,2383286,4341,3044,15,3059,87
2020-04-24,Sacramento,067,1510023,1074,1009,0,1009,41
2020-04-24,San Benito,069,59416,50,45,0,45,2
2020-04-24,San Bernardino,071,2135413,2220,1667,1,1668,80
2020-04-24,San Diego,073,3302833,3855,2828,0,2828,102
2020-04-24,San Francisco,075,870044,1611,1345,0,1345,22
2020-04-24,San Joaquin,077,732212,556,484,3,487,24
2020-04-24,San Luis Obispo,079,281455,239,151,3,154,1
2020-04-24,San Mateo,081,765935,1326,1004,2,1006,43
2020-04-24,Santa Barbara,083,443738,629,450,3,453,6
2020-04-24,Santa Clara,085,1922200,2470,2026,3,2029,98
2020-04-24,Santa Cruz,087,273765,135,111,0,111,2
2020-04-24,Shasta,089,179085,35,28,0,28,4
2020-04-24,Sierra,091,2930,0,0,0,0,0
2020-04-24,Siskiyou,093,43540,5,5,0,5,0
2020-04-24,Solano,095,438530,279,203,0,203,3
2020-04-24,Sonoma,097,501317,249,199,0,199,1
2020-04-24,Stanislaus,099,539301,392,273,4,277,4
2020-04-24,Sutter,101,95872,28,24,0,24,2
2020-04-24,Tehama,103,63373,1,1,0,1,1
2020-04-24,Trinity,105,12862,0,0,0,0,0
2020-04-24,Tulare,107,460477,763,459,5,464,27
2020-04-24,Tuolumne,109,53932,2,2,0,2,0
2020-04-24,Ventura,111,848112,614,489,0,489,16
2020-04-24,Yolo,113,214977,174,155,0,155,8
2020-04-24,Yuba,115,75493,16,15,0,15,1
2020-04-23,Alameda,001,1643700,1650,1336,2,1338,46
2020-04-23,Alpine,003,1148,1,1,0,1,0
2020-04-23,Amador,005,37829,7,8,0,8,0
2020-04-23,Butte,007,227075,25,15,1,16,0
2020-04-23,Calaveras,009,45235,10,12,0,12,0
2020-04-23,Colusa,011,21464,3,3,0,3,0
2020-04-23,Contra Costa,013,1133247,912,786,0,786,23
2020-04-23,Del Norte,015,27424,2,2,0,2,0
2020-04-23,El Dorado,017,186661,53,39,0,39,0
2020-04-23,Fresno,019,978130,765,426,6,432,7
2020-04-23,Glenn,021,27897,5,3,0,3,0
2020-04-23,Humboldt,023,135768,58,53,0,53,0
2020-04-23,Imperial,025,180216,396,181,0,181,4
2020-04-23,Inyo,027,18085,19,19,0,19,0
2020-04-23,Kern,029,883053,971,732,1,733,4
2020-04-23,Kings,031,150075,125,28,1,29,1
2020-04-23,Lake,033,64148,6,6,0,6,0
2020-04-23,Lassen,035,31185,1,0,2,2,0
2020-04-23,Los Angeles,037,10098052,23556,17548,17,17565,784
2020-04-23,Madera,039,155013,77,37,1,38,2
2020-04-23,Marin,041,260295,220,209,1,210,11
2020-04-23,Mariposa,043,17540,7,0,0,0,0
2020-04-23,Mendocino,045,87422,10,5,0,5,0
2020-04-23,Merced,047,269075,159,98,0,98,3
2020-04-23,Modoc,049,8938,0,0,0,0,0
2020-04-23,Mono,051,14174,30,23,0,23,1
2020-04-23,Monterey,053,433212,232,161,3,164,4
2020-04-23,Napa,055,140530,68,59,0,59,2
2020-04-23,Nevada,057,99092,41,36,1,37,1
2020-04-23,Orange,059,3164182,2920,1841,23,1864,37
2020-04-23,Placer,061,380077,156,136,0,136,8
2020-04-23,Plumas,063,18699,4,4,0,4,0
2020-04-23,Riverside,065,2383286,4227,2935,14,2949,78
2020-04-23,Sacramento,067,1510023,1062,978,0,978,41
2020-04-23,San Benito,069,59416,47,43,0,43,2
2020-04-23,San Bernardino,071,2135413,2155,1604,1,1605,79
2020-04-23,San Diego,073,3302833,3694,2645,0,2645,100
2020-04-23,San Francisco,075,870044,1586,1312,0,1312,21
2020-04-23,San Joaquin,077,732212,546,479,3,482,20
2020-04-23,San Luis Obispo,079,281455,235,146,3,149,1
2020-04-23,San Mateo,081,765935,1286,970,2,972,42
2020-04-23,Santa Barbara,083,443738,619,445,3,448,6
2020-04-23,Santa Clara,085,1922200,2435,1996,3,1999,95
2020-04-23,Santa Cruz,087,273765,134,110,0,110,2
2020-04-23,Shasta,089,179085,35,27,0,27,3
2020-04-23,Sierra,091,2930,0,0,0,0,0
2020-04-23,Siskiyou,093,43540,5,5,0,5,0
2020-04-23,Solano,095,438530,265,196,0,196,3
2020-04-23,Sonoma,097,501317,237,187,0,187,1
2020-04-23,Stanislaus,099,539301,388,254,4,258,4
2020-04-23,Sutter,101,95872,28,24,0,24,2
2020-04-23,Tehama,103,63373,1,1,0,1,1
2020-04-23,Trinity,105,12862,0,0,0,0,0
2020-04-23,Tulare,107,460477,734,440,5,445,25
2020-04-23,Tuolumne,109,53932,2,2,0,2,0
2020-04-23,Ventura,111,848112,600,479,0,479,16
2020-04-23,Yolo,113,214977,171,151,0,151,8
2020-04-23,Yuba,115,75493,16,15,0,15,1
2020-04-22,Alameda,001,1643700,1601,1275,2,1277,46
2020-04-22,Alpine,003,1148,1,1,0,1,0
2020-04-22,Amador,005,37829,7,7,0,7,0
2020-04-22,Butte,007,227075,24,15,1,16,0
2020-04-22,Calaveras,009,45235,10,12,0,12,0
2020-04-22,Colusa,011,21464,3,3,0,3,0
2020-04-22,Contra Costa,013,1133247,897,772,0,772,22
2020-04-22,Del Norte,015,27424,2,2,0,2,0
2020-04-22,El Dorado,017,186661,53,39,0,39,0
2020-04-22,Fresno,019,978130,726,388,6,394,7
2020-04-22,Glenn,021,27897,5,3,0,3,0
2020-04-22,Humboldt,023,135768,58,53,0,53,0
2020-04-22,Imperial,025,180216,385,170,0,170,3
2020-04-22,Inyo,027,18085,19,18,0,18,0
2020-04-22,Kern,029,883053,949,713,1,714,4
2020-04-22,Kings,031,150075,104,28,1,29,1
2020-04-22,Lake,033,64148,6,6,0,6,0
2020-04-22,Lassen,035,31185,1,0,2,2,0
2020-04-22,Los Angeles,037,10098052,22530,16400,17,16417,715
2020-04-22,Madera,039,155013,75,37,1,38,2
2020-04-22,Marin,041,260295,218,202,1,203,11
2020-04-22,Mariposa,043,17540,6,0,0,0,0
2020-04-22,Mendocino,045,87422,7,5,0,5,0
2020-04-22,Merced,047,269075,147,92,0,92,3
2020-04-22,Modoc,049,8938,0,0,0,0,0
2020-04-22,Mono,051,14174,29,23,0,23,1
2020-04-22,Monterey,053,433212,225,154,3,157,4
2020-04-22,Napa,055,140530,67,58,0,58,2
2020-04-22,Nevada,057,99092,41,36,1,37,1
2020-04-22,Orange,059,3164182,2826,1785,23,1808,36
2020-04-22,Placer,061,380077,154,133,0,133,8
2020-04-22,Plumas,063,18699,4,4,0,4,0
2020-04-22,Riverside,065,2383286,4123,2822,14,2836,76
2020-04-22,Sacramento,067,1510023,1057,959,0,959,36
2020-04-22,San Benito,069,59416,46,43,0,43,2
2020-04-22,San Bernardino,071,2135413,2092,1564,1,1565,74
2020-04-22,San Diego,073,3302833,3566,2493,0,2493,96
2020-04-22,San Francisco,075,870044,1549,1255,0,1255,21
2020-04-22,San Joaquin,077,732212,535,462,3,465,20
2020-04-22,San Luis Obispo,079,281455,226,142,3,145,1
2020-04-22,San Mateo,081,765935,1263,945,2,947,40
2020-04-22,Santa Barbara,083,443738,611,437,3,440,6
2020-04-22,Santa Clara,085,1922200,2420,1969,3,1972,95
2020-04-22,Santa Cruz,087,273765,130,106,0,106,2
2020-04-22,Shasta,089,179085,34,26,0,26,3
2020-04-22,Sierra,091,2930,0,0,0,0,0
2020-04-22,Siskiyou,093,43540,5,5,0,5,0
2020-04-22,Solano,095,438530,246,195,0,195,3
2020-04-22,Sonoma,097,501317,234,185,0,185,1
2020-04-22,Stanislaus,099,539301,331,247,4,251,4
2020-04-22,Sutter,101,95872,28,22,0,22,2
2020-04-22,Tehama,103,63373,1,1,0,1,1
2020-04-22,Trinity,105,12862,0,0,0,0,0
2020-04-22,Tulare,107,460477,700,425,5,430,23
2020-04-22,Tuolumne,109,53932,2,2,0,2,0
2020-04-22,Ventura,111,848112,590,465,0,465,15
2020-04-22,Yolo,113,214977,171,147,0,147,8
2020-04-22,Yuba,115,75493,16,15,0,15,1
2020-04-21,Alameda,001,1643700,1571,1234,2,1236,46
2020-04-21,Alpine,003,1148,1,1,0,1,0
2020-04-21,Amador,005,37829,7,7,0,7,0
2020-04-21,Butte,007,227075,23,15,1,16,0
2020-04-21,Calaveras,009,45235,9,12,0,12,0
2020-04-21,Colusa,011,21464,3,3,0,3,0
2020-04-21,Contra Costa,013,1133247,883,766,0,766,22
2020-04-21,Del Norte,015,27424,2,2,0,2,0
2020-04-21,El Dorado,017,186661,52,36,0,36,0
2020-04-21,Fresno,019,978130,692,372,6,378,7
2020-04-21,Glenn,021,27897,5,3,0,3,0
2020-04-21,Humboldt,023,135768,57,53,0,53,0
2020-04-21,Imperial,025,180216,365,165,0,165,2
2020-04-21,Inyo,027,18085,19,18,0,18,0
2020-04-21,Kern,029,883053,907,676,1,677,4
2020-04-21,Kings,031,150075,90,28,1,29,1
2020-04-21,Lake,033,64148,6,6,0,6,0
2020-04-21,Lassen,035,31185,1,0,2,2,0
2020-04-21,Los Angeles,037,10098052,21670,15096,17,15113,650
2020-04-21,Madera,039,155013,75,37,1,38,2
2020-04-21,Marin,041,260295,212,202,1,203,10
2020-04-21,Mariposa,043,17540,5,0,0,0,0
2020-04-21,Mendocino,045,87422,7,5,0,5,0
2020-04-21,Merced,047,269075,143,89,0,89,3
2020-04-21,Modoc,049,8938,0,0,0,0,0
2020-04-21,Mono,051,14174,29,23,0,23,1
2020-04-21,Monterey,053,433212,222,151,3,154,4
2020-04-21,Napa,055,140530,66,58,0,58,2
2020-04-21,Nevada,057,99092,41,36,1,37,1
2020-04-21,Orange,059,3164182,2703,1717,22,1739,36
2020-04-21,Placer,061,380077,152,133,0,133,8
2020-04-21,Plumas,063,18699,4,4,0,4,0
2020-04-21,Riverside,065,2383286,3992,2631,14,2645,68
2020-04-21,Sacramento,067,1510023,1047,941,0,941,33
2020-04-21,San Benito,069,59416,45,43,0,43,2
2020-04-21,San Bernardino,071,2135413,2031,1499,1,1500,71
2020-04-21,San Diego,073,3302833,3410,2436,0,2436,87
2020-04-21,San Francisco,075,870044,1519,1232,0,1232,20
2020-04-21,San Joaquin,077,732212,525,447,3,450,20
2020-04-21,San Luis Obispo,079,281455,218,134,3,137,1
2020-04-21,San Mateo,081,765935,1217,933,2,935,34
2020-04-21,Santa Barbara,083,443738,599,414,2,416,5
2020-04-21,Santa Clara,085,1922200,2372,1943,3,1946,91
2020-04-21,Santa Cruz,087,273765,128,104,0,104,2
2020-04-21,Shasta,089,179085,33,26,0,26,3
2020-04-21,Sierra,091,2930,0,0,0,0,0
2020-04-21,Siskiyou,093,43540,5,5,0,5,0
2020-04-21,Solano,095,438530,238,193,0,193,3
2020-04-21,Sonoma,097,501317,224,182,0,182,1
2020-04-21,Stanislaus,099,539301,312,235,4,239,4
2020-04-21,Sutter,101,95872,28,22,0,22,2
2020-04-21,Tehama,103,63373,1,1,0,1,1
2020-04-21,Trinity,105,12862,0,0,0,0,0
2020-04-21,Tulare,107,460477,663,410,5,415,23
2020-04-21,Tuolumne,109,53932,2,2,0,2,0
2020-04-21,Ventura,111,848112,578,455,0,455,14
2020-04-21,Yolo,113,214977,169,143,0,143,8
2020-04-21,Yuba,115,75493,16,15,0,15,1
2020-04-20,Alameda,001,1643700,1538,1181,2,1183,42
2020-04-20,Alpine,003,1148,1,1,0,1,0
2020-04-20,Amador,005,37829,7,7,0,7,0
2020-04-20,Butte,007,227075,23,15,1,16,0
2020-04-20,Calaveras,009,45235,9,12,0,12,0
2020-04-20,Colusa,011,21464,3,3,0,3,0
2020-04-20,Contra Costa,013,1133247,873,753,0,753,22
2020-04-20,Del Norte,015,27424,2,2,0,2,0
2020-04-20,El Dorado,017,186661,52,36,0,36,0
2020-04-20,Fresno,019,978130,674,356,6,362,7
2020-04-20,Glenn,021,27897,4,3,0,3,0
2020-04-20,Humboldt,023,135768,57,53,0,53,0
2020-04-20,Imperial,025,180216,345,149,0,149,2
2020-04-20,Inyo,027,18085,19,17,0,17,0
2020-04-20,Kern,029,883053,875,651,1,652,3
2020-04-20,Kings,031,150075,79,19,1,20,1
2020-04-20,Lake,033,64148,6,6,0,6,0
2020-04-20,Lassen,035,31185,1,0,2,2,0
2020-04-20,Los Angeles,037,10098052,20755,13787,17,13804,608
2020-04-20,Madera,039,155013,74,35,1,36,2
2020-04-20,Marin,041,260295,208,200,1,201,10
2020-04-20,Mariposa,043,17540,5,0,0,0,0
2020-04-20,Mendocino,045,87422,7,5,0,5,0
2020-04-20,Merced,047,269075,136,88,0,88,3
2020-04-20,Modoc,049,8938,0,0,0,0,0
2020-04-20,Mono,051,14174,29,23,0,23,1
2020-04-20,Monterey,053,433212,213,147,3,150,4
2020-04-20,Napa,055,140530,66,55,0,55,2
2020-04-20,Nevada,057,99092,41,34,1,35,1
2020-04-20,Orange,059,3164182,2619,1679,22,1701,33
2020-04-20,Placer,061,380077,151,132,0,132,8
2020-04-20,Plumas,063,18699,4,4,0,4,0
2020-04-20,Riverside,065,2383286,3867,2477,14,2491,61
2020-04-20,Sacramento,067,1510023,1037,924,0,924,32
2020-04-20,San Benito,069,59416,45,43,0,43,2
2020-04-20,San Bernardino,071,2135413,1944,1344,1,1345,63
2020-04-20,San Diego,073,3302833,3268,2327,0,2327,72
2020-04-20,San Francisco,075,870044,1487,1223,0,1223,19
2020-04-20,San Joaquin,077,732212,521,422,3,425,17
2020-04-20,San Luis Obispo,079,281455,204,132,3,135,1
2020-04-20,San Mateo,081,765935,1194,890,2,892,31
2020-04-20,Santa Barbara,083,443738,587,388,2,390,4
2020-04-20,Santa Clara,085,1922200,2343,1920,3,1923,84
2020-04-20,Santa Cruz,087,273765,126,102,0,102,2
2020-04-20,Shasta,089,179085,33,26,0,26,3
2020-04-20,Sierra,091,2930,0,0,0,0,0
2020-04-20,Siskiyou,093,43540,5,5,0,5,0
2020-04-20,Solano,095,438530,235,185,0,185,2
2020-04-20,Sonoma,097,501317,216,178,0,178,1
2020-04-20,Stanislaus,099,539301,298,228,4,232,3
2020-04-20,Sutter,101,95872,27,22,0,22,2
2020-04-20,Tehama,103,63373,1,1,0,1,1
2020-04-20,Trinity,105,12862,0,0,0,0,0
2020-04-20,Tulare,107,460477,653,401,5,406,20
2020-04-20,Tuolumne,109,53932,2,2,0,2,0
2020-04-20,Ventura,111,848112,564,426,0,426,13
2020-04-20,Yolo,113,214977,168,125,0,125,5
2020-04-20,Yuba,115,75493,16,15,0,15,1
2020-04-19,Alameda,001,1643700,1488,1134,2,1136,41
2020-04-19,Alpine,003,1148,1,1,0,1,0
2020-04-19,Amador,005,37829,6,7,0,7,0
2020-04-19,Butte,007,227075,22,15,1,16,0
2020-04-19,Calaveras,009,45235,9,12,0,12,0
2020-04-19,Colusa,011,21464,3,3,0,3,0
2020-04-19,Contra Costa,013,1133247,859,731,0,731,20
2020-04-19,Del Norte,015,27424,2,2,0,2,0
2020-04-19,El Dorado,017,186661,52,36,0,36,0
2020-04-19,Fresno,019,978130,638,326,6,332,7
2020-04-19,Glenn,021,27897,4,3,0,3,0
2020-04-19,Humboldt,023,135768,57,53,0,53,0
2020-04-19,Imperial,025,180216,319,144,0,144,2
2020-04-19,Inyo,027,18085,19,17,0,17,0
2020-04-19,Kern,029,883053,850,629,1,630,3
2020-04-19,Kings,031,150075,69,17,1,18,1
2020-04-19,Lake,033,64148,6,6,0,6,0
2020-04-19,Lassen,035,31185,1,0,2,2,0
2020-04-19,Los Angeles,037,10098052,19760,12299,17,12316,589
2020-04-19,Madera,039,155013,72,34,1,35,2
2020-04-19,Marin,041,260295,207,194,1,195,10
2020-04-19,Mariposa,043,17540,2,0,0,0,0
2020-04-19,Mendocino,045,87422,7,4,0,4,0
2020-04-19,Merced,047,269075,131,85,0,85,3
2020-04-19,Modoc,049,8938,0,0,0,0,0
2020-04-19,Mono,051,14174,29,23,0,23,1
2020-04-19,Monterey,053,433212,204,140,3,143,4
2020-04-19,Napa,055,140530,64,49,0,49,2
2020-04-19,Nevada,057,99092,40,34,1,35,1
2020-04-19,Orange,059,3164182,2522,1591,20,1611,32
2020-04-19,Placer,061,380077,150,131,0,131,8
2020-04-19,Plumas,063,18699,4,4,0,4,0
2020-04-19,Riverside,065,2383286,3724,2316,14,2330,56
2020-04-19,Sacramento,067,1510023,1010,912,0,912,32
2020-04-19,San Benito,069,59416,43,40,0,40,2
2020-04-19,San Bernardino,071,2135413,1881,1262,1,1263,58
2020-04-19,San Diego,073,3302833,3101,2270,0,2270,71
2020-04-19,San Francisco,075,870044,1454,1153,0,1153,19
2020-04-19,San Joaquin,077,732212,503,404,3,407,17
2020-04-19,San Luis Obispo,079,281455,199,132,3,135,1
2020-04-19,San Mateo,081,765935,1158,845,2,847,31
2020-04-19,Santa Barbara,083,443738,575,377,2,379,3
2020-04-19,Santa Clara,085,1922200,2297,1878,3,1881,81
2020-04-19,Santa Cruz,087,273765,123,98,0,98,2
2020-04-19,Shasta,089,179085,31,26,0,26,3
2020-04-19,Sierra,091,2930,0,0,0,0,0
2020-04-19,Siskiyou,093,43540,5,5,0,5,0
2020-04-19,Solano,095,438530,227,174,0,174,2
2020-04-19,Sonoma,097,501317,210,172,0,172,1
2020-04-19,Stanislaus,099,539301,290,221,4,225,3
2020-04-19,Sutter,101,95872,26,21,0,21,2
2020-04-19,Tehama,103,63373,1,1,0,1,1
2020-04-19,Trinity,105,12862,0,0,0,0,0
2020-04-19,Tulare,107,460477,607,391,5,396,17
2020-04-19,Tuolumne,109,53932,2,2,0,2,0
2020-04-19,Ventura,111,848112,556,418,0,418,13
2020-04-19,Yolo,113,214977,168,120,0,120,5
2020-04-19,Yuba,115,75493,16,15,0,15,1
2020-04-18,Alameda,001,1643700,1463,1085,2,1087,40
2020-04-18,Alpine,003,1148,1,1,0,1,0
2020-04-18,Amador,005,37829,6,7,0,7,0
2020-04-18,Butte,007,227075,21,15,1,16,0
2020-04-18,Calaveras,009,45235,9,12,0,12,0
2020-04-18,Colusa,011,21464,3,3,0,3,0
2020-04-18,Contra Costa,013,1133247,847,721,0,721,17
2020-04-18,Del Norte,015,27424,2,2,0,2,0
2020-04-18,El Dorado,017,186661,52,36,0,36,0
2020-04-18,Fresno,019,978130,618,319,6,325,7
2020-04-18,Glenn,021,27897,4,3,0,3,0
2020-04-18,Humboldt,023,135768,57,52,0,52,0
2020-04-18,Imperial,025,180216,310,137,0,137,2
2020-04-18,Inyo,027,18085,19,17,0,17,0
2020-04-18,Kern,029,883053,828,626,1,627,3
2020-04-18,Kings,031,150075,68,17,1,18,1
2020-04-18,Lake,033,64148,6,6,0,6,0
2020-04-18,Lassen,035,31185,1,0,2,2,0
2020-04-18,Los Angeles,037,10098052,19235,11984,16,12000,566
2020-04-18,Madera,039,155013,71,34,1,35,2
2020-04-18,Marin,041,260295,205,193,1,194,10
2020-04-18,Mariposa,043,17540,2,0,0,0,0
2020-04-18,Mendocino,045,87422,7,4,0,4,0
2020-04-18,Merced,047,269075,129,82,0,82,3
2020-04-18,Modoc,049,8938,0,0,0,0,0
2020-04-18,Mono,051,14174,29,22,0,22,1
2020-04-18,Monterey,053,433212,200,135,3,138,3
2020-04-18,Napa,055,140530,64,49,0,49,2
2020-04-18,Nevada,057,99092,39,34,1,35,1
2020-04-18,Orange,059,3164182,2458,1569,19,1588,32
2020-04-18,Placer,061,380077,148,130,0,130,8
2020-04-18,Plumas,063,18699,4,4,0,4,0
2020-04-18,Riverside,065,2383286,3649,2257,14,2271,56
2020-04-18,Sacramento,067,1510023,998,901,0,901,32
2020-04-18,San Benito,069,59416,43,40,0,40,2
2020-04-18,San Bernardino,071,2135413,1836,1255,1,1256,58
2020-04-18,San Diego,073,3302833,2999,2215,0,2215,71
2020-04-18,San Francisco,075,870044,1415,1144,0,1144,19
2020-04-18,San Joaquin,077,732212,494,392,3,395,17
2020-04-18,San Luis Obispo,079,281455,195,129,3,132,1
2020-04-18,San Mateo,081,765935,1136,821,2,823,31
2020-04-18,Santa Barbara,083,443738,569,372,2,374,3
2020-04-18,Santa Clara,085,1922200,2264,1862,3,1865,79
2020-04-18,Santa Cruz,087,273765,121,96,0,96,2
2020-04-18,Shasta,089,179085,31,26,0,26,3
2020-04-18,Sierra,091,2930,0,0,0,0,0
2020-04-18,Siskiyou,093,43540,5,5,0,5,0
2020-04-18,Solano,095,438530,224,175,0,175,2
2020-04-18,Sonoma,097,501317,206,168,0,168,1
2020-04-18,Stanislaus,099,539301,282,216,4,220,3
2020-04-18,Sutter,101,95872,26,21,0,21,2
2020-04-18,Tehama,103,63373,1,1,0,1,1
2020-04-18,Trinity,105,12862,0,0,0,0,0
2020-04-18,Tulare,107,460477,597,385,5,390,17
2020-04-18,Tuolumne,109,53932,2,2,0,2,0
2020-04-18,Ventura,111,848112,548,416,0,416,13
2020-04-18,Yolo,113,214977,166,118,0,118,5
2020-04-18,Yuba,115,75493,16,14,0,14,1
2020-04-17,Alameda,001,1643700,1407,1043,1,1044,40
2020-04-17,Alpine,003,1148,1,1,0,1,0
2020-04-17,Amador,005,37829,6,7,0,7,0
2020-04-17,Butte,007,227075,21,15,1,16,0
2020-04-17,Calaveras,009,45235,9,11,0,11,0
2020-04-17,Colusa,011,21464,3,3,0,3,0
2020-04-17,Contra Costa,013,1133247,836,687,0,687,15
2020-04-17,Del Norte,015,27424,2,2,0,2,0
2020-04-17,El Dorado,017,186661,52,35,0,35,0
2020-04-17,Fresno,019,978130,596,315,6,321,7
2020-04-17,Glenn,021,27897,4,3,0,3,0
2020-04-17,Humboldt,023,135768,56,52,0,52,0
2020-04-17,Imperial,025,180216,301,135,0,135,2
2020-04-17,Inyo,027,18085,19,17,0,17,0
2020-04-17,Kern,029,883053,808,612,1,613,3
2020-04-17,Kings,031,150075,66,15,1,16,1
2020-04-17,Lake,033,64148,6,6,0,6,0
2020-04-17,Lassen,035,31185,1,0,2,2,0
2020-04-17,Los Angeles,037,10098052,18592,11354,16,11370,489
2020-04-17,Madera,039,155013,71,34,1,35,2
2020-04-17,Marin,041,260295,202,189,1,190,10
2020-04-17,Mariposa,043,17540,1,0,0,0,0
2020-04-17,Mendocino,045,87422,7,4,0,4,0
2020-04-17,Merced,047,269075,128,80,0,80,3
2020-04-17,Modoc,049,8938,0,0,0,0,0
2020-04-17,Mono,051,14174,29,22,0,22,1
2020-04-17,Monterey,053,433212,195,119,3,122,3
2020-04-17,Napa,055,140530,62,46,0,46,2
2020-04-17,Nevada,057,99092,38,34,1,35,1
2020-04-17,Orange,059,3164182,2407,1496,19,1515,31
2020-04-17,Placer,061,380077,148,130,0,130,8
2020-04-17,Plumas,063,18699,4,4,0,4,0
2020-04-17,Riverside,065,2383286,3522,2080,14,2094,50
2020-04-17,Sacramento,067,1510023,991,882,0,882,32
2020-04-17,San Benito,069,59416,43,38,0,38,2
2020-04-17,San Bernardino,071,2135413,1797,1229,1,1230,57
2020-04-17,San Diego,073,3302833,2909,2160,0,2160,70
2020-04-17,San Francisco,075,870044,1389,1090,0,1090,19
2020-04-17,San Joaquin,077,732212,483,356,3,359,17
2020-04-17,San Luis Obispo,079,281455,188,116,3,119,1
2020-04-17,San Mateo,081,765935,1120,768,2,770,31
2020-04-17,Santa Barbara,083,443738,564,349,2,351,3
2020-04-17,Santa Clara,085,1922200,2229,1834,3,1837,74
2020-04-17,Santa Cruz,087,273765,120,94,0,94,2
2020-04-17,Shasta,089,179085,31,26,0,26,3
2020-04-17,Sierra,091,2930,0,0,0,0,0
2020-04-17,Siskiyou,093,43540,5,5,0,5,0
2020-04-17,Solano,095,438530,223,173,0,173,2
2020-04-17,Sonoma,097,501317,203,167,0,167,1
2020-04-17,Stanislaus,099,539301,280,201,4,205,3
2020-04-17,Sutter,101,95872,26,20,0,20,2
2020-04-17,Tehama,103,63373,1,1,0,1,1
2020-04-17,Trinity,105,12862,0,0,0,0,0
2020-04-17,Tulare,107,460477,590,370,5,375,17
2020-04-17,Tuolumne,109,53932,2,2,0,2,0
2020-04-17,Ventura,111,848112,543,398,0,398,13
2020-04-17,Yolo,113,214977,165,117,0,117,5
2020-04-17,Yuba,115,75493,16,14,0,14,1
2020-04-16,Alameda,001,1643700,1373,981,1,982,39
2020-04-16,Alpine,003,1148,1,1,0,1,0
2020-04-16,Amador,005,37829,6,7,0,7,0
2020-04-16,Butte,007,227075,20,15,1,16,0
2020-04-16,Calaveras,009,45235,9,10,0,10,0
2020-04-16,Colusa,011,21464,3,3,0,3,0
2020-04-16,Contra Costa,013,1133247,822,675,0,675,14
2020-04-16,Del Norte,015,27424,2,2,0,2,0
2020-04-16,El Dorado,017,186661,51,34,0,34,0
2020-04-16,Fresno,019,978130,566,289,6,295,7
2020-04-16,Glenn,021,27897,4,3,0,3,0
2020-04-16,Humboldt,023,135768,56,47,0,47,0
2020-04-16,Imperial,025,180216,287,132,0,132,2
2020-04-16,Inyo,027,18085,17,17,0,17,0
2020-04-16,Kern,029,883053,781,587,1,588,3
2020-04-16,Kings,031,150075,62,12,1,13,1
2020-04-16,Lake,033,64148,6,6,0,6,0
2020-04-16,Lassen,035,31185,1,0,2,2,0
2020-04-16,Los Angeles,037,10098052,17708,10786,16,10802,447
2020-04-16,Madera,039,155013,69,34,1,35,2
2020-04-16,Marin,041,260295,198,170,1,171,10
2020-04-16,Mariposa,043,17540,1,1,0,1,0
2020-04-16,Mendocino,045,87422,7,4,0,4,0
2020-04-16,Merced,047,269075,122,76,0,76,3
2020-04-16,Modoc,049,8938,0,0,0,0,0
2020-04-16,Mono,051,14174,29,22,0,22,1
2020-04-16,Monterey,053,433212,192,116,3,119,3
2020-04-16,Napa,055,140530,59,44,0,44,2
2020-04-16,Nevada,057,99092,38,34,1,35,1
2020-04-16,Orange,059,3164182,2342,1439,18,1457,28
2020-04-16,Placer,061,380077,146,129,0,129,7
2020-04-16,Plumas,063,18699,4,4,0,4,0
2020-04-16,Riverside,065,2383286,3402,1913,14,1927,45
2020-04-16,Sacramento,067,1510023,983,865,0,865,32
2020-04-16,San Benito,069,59416,43,36,0,36,2
2020-04-16,San Bernardino,071,2135413,1714,1143,0,1143,54
2020-04-16,San Diego,073,3302833,2801,2089,0,2089,63
2020-04-16,San Francisco,075,870044,1345,1039,0,1039,16
2020-04-16,San Joaquin,077,732212,468,345,3,348,17
2020-04-16,San Luis Obispo,079,281455,184,113,3,116,1
2020-04-16,San Mateo,081,765935,1091,745,2,747,29
2020-04-16,Santa Barbara,083,443738,551,331,2,333,3
2020-04-16,Santa Clara,085,1922200,2192,1789,3,1792,70
2020-04-16,Santa Cruz,087,273765,118,90,0,90,2
2020-04-16,Shasta,089,179085,31,25,0,25,3
2020-04-16,Sierra,091,2930,0,0,0,0,0
2020-04-16,Siskiyou,093,43540,5,5,0,5,0
2020-04-16,Solano,095,438530,220,162,0,162,2
2020-04-16,Sonoma,097,501317,198,145,0,145,1
2020-04-16,Stanislaus,099,539301,277,185,4,189,3
2020-04-16,Sutter,101,95872,25,21,0,21,2
2020-04-16,Tehama,103,63373,1,1,0,1,1
2020-04-16,Trinity,105,12862,0,0,0,0,0
2020-04-16,Tulare,107,460477,573,305,5,310,16
2020-04-16,Tuolumne,109,53932,2,1,0,1,0
2020-04-16,Ventura,111,848112,531,384,0,384,13
2020-04-16,Yolo,113,214977,163,98,0,98,4
2020-04-16,Yuba,115,75493,15,14,0,14,1
2020-04-15,Alameda,001,1643700,1323,915,1,916,38
2020-04-15,Alpine,003,1148,1,1,0,1,0
2020-04-15,Amador,005,37829,6,7,0,7,0
2020-04-15,Butte,007,227075,20,14,1,15,0
2020-04-15,Calaveras,009,45235,8,9,0,9,0
2020-04-15,Colusa,011,21464,3,3,0,3,0
2020-04-15,Contra Costa,013,1133247,800,645,0,645,14
2020-04-15,Del Norte,015,27424,2,2,0,2,0
2020-04-15,El Dorado,017,186661,49,33,0,33,0
2020-04-15,Fresno,019,978130,541,264,6,270,7
2020-04-15,Glenn,021,27897,4,3,0,3,0
2020-04-15,Humboldt,023,135768,56,47,0,47,0
2020-04-15,Imperial,025,180216,260,115,0,115,2
2020-04-15,Inyo,027,18085,17,12,0,12,0
2020-04-15,Kern,029,883053,759,500,1,501,3
2020-04-15,Kings,031,150075,58,12,1,13,1
2020-04-15,Lake,033,64148,6,4,0,4,0
2020-04-15,Lassen,035,31185,1,0,2,2,0
2020-04-15,Los Angeles,037,10098052,16888,10416,16,10432,394
2020-04-15,Madera,039,155013,69,30,1,31,2
2020-04-15,Marin,041,260295,195,162,1,163,10
2020-04-15,Mariposa,043,17540,0,0,0,0,0
2020-04-15,Mendocino,045,87422,6,4,0,4,0
2020-04-15,Merced,047,269075,120,74,0,74,3
2020-04-15,Modoc,049,8938,0,0,0,0,0
2020-04-15,Mono,051,14174,29,22,0,22,1
2020-04-15,Monterey,053,433212,184,106,3,109,3
2020-04-15,Napa,055,140530,56,34,0,34,2
2020-04-15,Nevada,057,99092,37,34,1,35,1
2020-04-15,Orange,059,3164182,2239,1377,18,1395,24
2020-04-15,Placer,061,380077,145,123,0,123,6
2020-04-15,Plumas,063,18699,4,4,0,4,0
2020-04-15,Riverside,065,2383286,3207,1723,14,1737,42
2020-04-15,Sacramento,067,1510023,974,839,0,839,32
2020-04-15,San Benito,069,59416,43,34,0,34,2
2020-04-15,San Bernardino,071,2135413,1644,1063,0,1063,45
2020-04-15,San Diego,073,3302833,2713,2014,0,2014,60
2020-04-15,San Francisco,075,870044,1309,1006,0,1006,16
2020-04-15,San Joaquin,077,732212,460,329,3,332,17
2020-04-15,San Luis Obispo,079,281455,176,112,3,115,1
2020-04-15,San Mateo,081,765935,1042,707,2,709,28
2020-04-15,Santa Barbara,083,443738,530,317,2,319,2
2020-04-15,Santa Clara,085,1922200,2153,1692,3,1695,69
2020-04-15,Santa Cruz,087,273765,114,92,0,92,2
2020-04-15,Shasta,089,179085,31,25,0,25,3
2020-04-15,Sierra,091,2930,0,0,0,0,0
2020-04-15,Siskiyou,093,43540,5,5,0,5,0
2020-04-15,Solano,095,438530,215,153,0,153,2
2020-04-15,Sonoma,097,501317,196,140,0,140,1
2020-04-15,Stanislaus,099,539301,270,174,4,178,3
2020-04-15,Sutter,101,95872,25,19,0,19,2
2020-04-15,Tehama,103,63373,1,1,0,1,1
2020-04-15,Trinity,105,12862,0,0,0,0,0
2020-04-15,Tulare,107,460477,555,289,5,294,14
2020-04-15,Tuolumne,109,53932,2,1,0,1,0
2020-04-15,Ventura,111,848112,516,365,0,365,13
2020-04-15,Yolo,113,214977,159,93,0,93,3
2020-04-15,Yuba,115,75493,15,15,0,15,1
2020-04-14,Alameda,001,1643700,1278,843,1,844,30
2020-04-14,Alpine,003,1148,1,1,0,1,0
2020-04-14,Amador,005,37829,6,6,0,6,0
2020-04-14,Butte,007,227075,20,13,1,14,0
2020-04-14,Calaveras,009,45235,8,5,0,5,0
2020-04-14,Colusa,011,21464,3,3,0,3,0
2020-04-14,Contra Costa,013,1133247,788,617,0,617,12
2020-04-14,Del Norte,015,27424,2,2,0,2,0
2020-04-14,El Dorado,017,186661,49,30,0,30,0
2020-04-14,Fresno,019,978130,518,244,6,250,6
2020-04-14,Glenn,021,27897,4,3,0,3,0
2020-04-14,Humboldt,023,135768,56,44,0,44,0
2020-04-14,Imperial,025,180216,240,86,0,86,2
2020-04-14,Inyo,027,18085,17,12,0,12,0
2020-04-14,Kern,029,883053,736,453,1,454,3
2020-04-14,Kings,031,150075,57,12,1,13,1
2020-04-14,Lake,033,64148,6,3,0,3,0
2020-04-14,Lassen,035,31185,1,0,2,2,0
2020-04-14,Los Angeles,037,10098052,15994,9948,15,9963,357
2020-04-14,Madera,039,155013,68,29,1,30,2
2020-04-14,Marin,041,260295,191,147,1,148,9
2020-04-14,Mariposa,043,17540,0,0,0,0,0
2020-04-14,Mendocino,045,87422,6,4,0,4,0
2020-04-14,Merced,047,269075,113,61,0,61,3
2020-04-14,Modoc,049,8938,0,0,0,0,0
2020-04-14,Mono,051,14174,29,22,0,22,1
2020-04-14,Monterey,053,433212,179,98,3,101,3
2020-04-14,Napa,055,140530,56,33,0,33,2
2020-04-14,Nevada,057,99092,37,34,1,35,1
2020-04-14,Orange,059,3164182,2137,1362,18,1380,24
2020-04-14,Placer,061,380077,144,117,0,117,5
2020-04-14,Plumas,063,18699,4,3,0,3,0
2020-04-14,Riverside,065,2383286,3072,1467,14,1481,40
2020-04-14,Sacramento,067,1510023,965,737,0,737,29
2020-04-14,San Benito,069,59416,40,34,0,34,2
2020-04-14,San Bernardino,071,2135413,1589,933,0,933,37
2020-04-14,San Diego,073,3302833,2618,1932,0,1932,53
2020-04-14,San Francisco,075,870044,1255,968,0,968,14
2020-04-14,San Joaquin,077,732212,450,280,3,283,17
2020-04-14,San Luis Obispo,079,281455,173,109,3,112,1
2020-04-14,San Mateo,081,765935,1008,681,2,683,28
2020-04-14,Santa Barbara,083,443738,505,292,2,294,2
2020-04-14,Santa Clara,085,1922200,2120,1561,3,1564,63
2020-04-14,Santa Cruz,087,273765,106,84,0,84,2
2020-04-14,Shasta,089,179085,31,24,0,24,3
2020-04-14,Sierra,091,2930,0,0,0,0,0
2020-04-14,Siskiyou,093,43540,5,5,0,5,0
2020-04-14,Solano,095,438530,212,140,0,140,2
2020-04-14,Sonoma,097,501317,192,133,0,133,1
2020-04-14,Stanislaus,099,539301,257,136,4,140,3
2020-04-14,Sutter,101,95872,24,19,0,19,2
2020-04-14,Tehama,103,63373,1,1,0,1,1
2020-04-14,Trinity,105,12862,0,0,0,0,0
2020-04-14,Tulare,107,460477,531,228,5,233,12
2020-04-14,Tuolumne,109,53932,2,0,0,0,0
2020-04-14,Ventura,111,848112,503,328,0,328,11
2020-04-14,Yolo,113,214977,155,81,0,81,3
2020-04-14,Yuba,115,75493,14,14,0,14,1
2020-04-13,Alameda,001,1643700,1239,821,1,822,23
2020-04-13,Alpine,003,1148,1,1,0,1,0
2020-04-13,Amador,005,37829,6,6,0,6,0
2020-04-13,Butte,007,227075,20,13,1,14,0
2020-04-13,Calaveras,009,45235,7,5,0,5,0
2020-04-13,Colusa,011,21464,3,3,0,3,0
2020-04-13,Contra Costa,013,1133247,772,569,0,569,12
2020-04-13,Del Norte,015,27424,2,2,0,2,0
2020-04-13,El Dorado,017,186661,47,29,0,29,0
2020-04-13,Fresno,019,978130,496,205,5,210,4
2020-04-13,Glenn,021,27897,4,3,0,3,0
2020-04-13,Humboldt,023,135768,56,44,0,44,0
2020-04-13,Imperial,025,180216,222,82,0,82,2
2020-04-13,Inyo,027,18085,17,12,0,12,0
2020-04-13,Kern,029,883053,711,346,1,347,3
2020-04-13,Kings,031,150075,53,9,1,10,0
2020-04-13,Lake,033,64148,6,3,0,3,0
2020-04-13,Lassen,035,31185,1,0,2,2,0
2020-04-13,Los Angeles,037,10098052,15280,9367,15,9382,317
2020-04-13,Madera,039,155013,66,29,1,30,2
2020-04-13,Marin,041,260295,187,144,1,145,6
2020-04-13,Mariposa,043,17540,0,0,0,0,0
2020-04-13,Mendocino,045,87422,6,4,0,4,0
2020-04-13,Merced,047,269075,112,60,0,60,3
2020-04-13,Modoc,049,8938,0,0,0,0,0
2020-04-13,Mono,051,14174,29,21,0,21,1
2020-04-13,Monterey,053,433212,172,86,3,89,3
2020-04-13,Napa,055,140530,55,30,0,30,2
2020-04-13,Nevada,057,99092,37,24,1,25,1
2020-04-13,Orange,059,3164182,2064,1313,18,1331,21
2020-04-13,Placer,061,380077,143,116,0,116,5
2020-04-13,Plumas,063,18699,4,3,0,3,0
2020-04-13,Riverside,065,2383286,2931,1460,13,1473,35
2020-04-13,Sacramento,067,1510023,953,723,0,723,25
2020-04-13,San Benito,069,59416,39,33,0,33,2
2020-04-13,San Bernardino,071,2135413,1514,920,0,920,30
2020-04-13,San Diego,073,3302833,2535,1849,0,1849,47
2020-04-13,San Francisco,075,870044,1217,948,0,948,12
2020-04-13,San Joaquin,077,732212,436,255,3,258,16
2020-04-13,San Luis Obispo,079,281455,168,106,3,109,1
2020-04-13,San Mateo,081,765935,968,679,2,681,25
2020-04-13,Santa Barbara,083,443738,484,271,1,272,2
2020-04-13,Santa Clara,085,1922200,2074,1540,3,1543,58
2020-04-13,Santa Cruz,087,273765,100,82,0,82,1
2020-04-13,Shasta,089,179085,30,24,0,24,3
2020-04-13,Sierra,091,2930,0,0,0,0,0
2020-04-13,Siskiyou,093,43540,5,5,0,5,0
2020-04-13,Solano,095,438530,209,136,0,136,2
2020-04-13,Sonoma,097,501317,185,133,0,133,1
2020-04-13,Stanislaus,099,539301,251,130,4,134,1
2020-04-13,Sutter,101,95872,24,18,0,18,2
2020-04-13,Tehama,103,63373,1,1,0,1,0
2020-04-13,Trinity,105,12862,0,0,0,0,0
2020-04-13,Tulare,107,460477,495,185,5,190,11
2020-04-13,Tuolumne,109,53932,2,0,0,0,0
2020-04-13,Ventura,111,848112,482,309,0,309,9
2020-04-13,Yolo,113,214977,149,81,0,81,3
2020-04-13,Yuba,115,75493,14,13,0,13,1
2020-04-12,Alameda,001,1643700,1196,774,1,775,23
2020-04-12,Alpine,003,1148,1,1,0,1,0
2020-04-12,Amador,005,37829,6,6,0,6,0
2020-04-12,Butte,007,227075,20,13,1,14,0
2020-04-12,Calaveras,009,45235,7,5,0,5,0
2020-04-12,Colusa,011,21464,3,3,0,3,0
2020-04-12,Contra Costa,013,1133247,760,553,0,553,12
2020-04-12,Del Norte,015,27424,2,2,0,2,0
2020-04-12,El Dorado,017,186661,47,28,0,28,0
2020-04-12,Fresno,019,978130,467,205,5,210,4
2020-04-12,Glenn,021,27897,4,3,0,3,0
2020-04-12,Humboldt,023,135768,56,43,0,43,0
2020-04-12,Imperial,025,180216,199,78,0,78,2
2020-04-12,Inyo,027,18085,15,12,0,12,0
2020-04-12,Kern,029,883053,679,319,0,319,3
2020-04-12,Kings,031,150075,51,9,1,10,0
2020-04-12,Lake,033,64148,6,3,0,3,0
2020-04-12,Lassen,035,31185,1,0,2,2,0
2020-04-12,Los Angeles,037,10098052,14567,9133,15,9148,294
2020-04-12,Madera,039,155013,65,29,1,30,2
2020-04-12,Marin,041,260295,176,138,1,139,6
2020-04-12,Mariposa,043,17540,0,0,0,0,0
2020-04-12,Mendocino,045,87422,6,4,0,4,0
2020-04-12,Merced,047,269075,106,58,0,58,3
2020-04-12,Modoc,049,8938,0,0,0,0,0
2020-04-12,Mono,051,14174,29,20,0,20,1
2020-04-12,Monterey,053,433212,158,85,3,88,3
2020-04-12,Napa,055,140530,53,29,0,29,2
2020-04-12,Nevada,057,99092,37,24,1,25,1
2020-04-12,Orange,059,3164182,2004,1283,17,1300,21
2020-04-12,Placer,061,380077,142,114,0,114,4
2020-04-12,Plumas,063,18699,4,3,0,3,0
2020-04-12,Riverside,065,2383286,2749,1330,13,1343,34
2020-04-12,Sacramento,067,1510023,916,689,0,689,25
2020-04-12,San Benito,069,59416,37,33,0,33,2
2020-04-12,San Bernardino,071,2135413,1438,827,0,827,30
2020-04-12,San Diego,073,3302833,2445,1806,0,1806,45
2020-04-12,San Francisco,075,870044,1190,886,0,886,11
2020-04-12,San Joaquin,077,732212,418,246,3,249,15
2020-04-12,San Luis Obispo,079,281455,165,102,2,104,1
2020-04-12,San Mateo,081,765935,942,664,2,666,25
2020-04-12,Santa Barbara,083,443738,457,261,1,262,2
2020-04-12,Santa Clara,085,1922200,2047,1461,3,1464,53
2020-04-12,Santa Cruz,087,273765,98,80,0,80,1
2020-04-12,Shasta,089,179085,30,24,0,24,3
2020-04-12,Sierra,091,2930,0,0,0,0,0
2020-04-12,Siskiyou,093,43540,5,5,0,5,0
2020-04-12,Solano,095,438530,203,136,0,136,2
2020-04-12,Sonoma,097,501317,182,131,0,131,1
2020-04-12,Stanislaus,099,539301,243,117,4,121,1
2020-04-12,Sutter,101,95872,23,18,0,18,2
2020-04-12,Tehama,103,63373,1,1,0,1,0
2020-04-12,Trinity,105,12862,0,0,0,0,0
2020-04-12,Tulare,107,460477,483,166,5,171,11
2020-04-12,Tuolumne,109,53932,2,0,0,0,0
2020-04-12,Ventura,111,848112,473,306,0,306,9
2020-04-12,Yolo,113,214977,136,67,0,67,3
2020-04-12,Yuba,115,75493,14,13,0,13,1
2020-04-11,Alameda,001,1643700,1155,751,1,752,23
2020-04-11,Alpine,003,1148,1,1,0,1,0
2020-04-11,Amador,005,37829,6,6,0,6,0
2020-04-11,Butte,007,227075,20,13,1,14,0
2020-04-11,Calaveras,009,45235,7,5,0,5,0
2020-04-11,Colusa,011,21464,3,3,0,3,0
2020-04-11,Contra Costa,013,1133247,751,550,0,550,12
2020-04-11,Del Norte,015,27424,2,2,0,2,0
2020-04-11,El Dorado,017,186661,46,29,0,29,0
2020-04-11,Fresno,019,978130,457,201,5,206,4
2020-04-11,Glenn,021,27897,4,3,0,3,0
2020-04-11,Humboldt,023,135768,56,38,0,38,0
2020-04-11,Imperial,025,180216,189,78,0,78,2
2020-04-11,Inyo,027,18085,15,12,0,12,0
2020-04-11,Kern,029,883053,651,304,0,304,3
2020-04-11,Kings,031,150075,48,9,1,10,0
2020-04-11,Lake,033,64148,6,3,0,3,0
2020-04-11,Lassen,035,31185,1,0,2,2,0
2020-04-11,Los Angeles,037,10098052,14097,8823,15,8838,262
2020-04-11,Madera,039,155013,64,29,1,30,2
2020-04-11,Marin,041,260295,173,136,1,137,6
2020-04-11,Mariposa,043,17540,0,0,0,0,0
2020-04-11,Mendocino,045,87422,6,4,0,4,0
2020-04-11,Merced,047,269075,103,59,0,59,3
2020-04-11,Modoc,049,8938,0,0,0,0,0
2020-04-11,Mono,051,14174,29,20,0,20,1
2020-04-11,Monterey,053,433212,152,78,3,81,3
2020-04-11,Napa,055,140530,53,29,0,29,2
2020-04-11,Nevada,057,99092,37,24,1,25,1
2020-04-11,Orange,059,3164182,1942,1267,17,1284,21
2020-04-11,Placer,061,380077,142,113,0,113,4
2020-04-11,Plumas,063,18699,4,3,0,3,0
2020-04-11,Riverside,065,2383286,2670,1260,13,1273,33
2020-04-11,Sacramento,067,1510023,905,685,0,685,25
2020-04-11,San Benito,069,59416,37,33,0,33,2
2020-04-11,San Bernardino,071,2135413,1402,826,0,826,28
2020-04-11,San Diego,073,3302833,2379,1763,0,1763,45
2020-04-11,San Francisco,075,870044,1168,860,0,860,11
2020-04-11,San Joaquin,077,732212,413,244,3,247,15
2020-04-11,San Luis Obispo,079,281455,165,100,1,101,1
2020-04-11,San Mateo,081,765935,930,662,2,664,25
2020-04-11,Santa Barbara,083,443738,449,258,1,259,2
2020-04-11,Santa Clara,085,1922200,1988,1441,3,1444,51
2020-04-11,Santa Cruz,087,273765,98,79,0,79,1
2020-04-11,Shasta,089,179085,30,24,0,24,3
2020-04-11,Sierra,091,2930,0,0,0,0,0
2020-04-11,Siskiyou,093,43540,5,5,0,5,0
2020-04-11,Solano,095,438530,199,138,0,138,2
2020-04-11,Sonoma,097,501317,180,131,0,131,1
2020-04-11,Stanislaus,099,539301,236,119,3,122,1
2020-04-11,Sutter,101,95872,23,18,0,18,2
2020-04-11,Tehama,103,63373,1,1,0,1,0
2020-04-11,Trinity,105,12862,0,0,0,0,0
2020-04-11,Tulare,107,460477,461,168,5,173,10
2020-04-11,Tuolumne,109,53932,2,0,0,0,0
2020-04-11,Ventura,111,848112,463,304,0,304,9
2020-04-11,Yolo,113,214977,133,67,0,67,3
2020-04-11,Yuba,115,75493,14,13,0,13,1
2020-04-10,Alameda,001,1643700,1114,706,1,707,21
2020-04-10,Alpine,003,1148,1,1,0,1,0
2020-04-10,Amador,005,37829,6,5,0,5,0
2020-04-10,Butte,007,227075,20,13,1,14,0
2020-04-10,Calaveras,009,45235,7,5,0,5,0
2020-04-10,Colusa,011,21464,3,3,0,3,0
2020-04-10,Contra Costa,013,1133247,738,537,0,537,10
2020-04-10,Del Norte,015,27424,2,2,0,2,0
2020-04-10,El Dorado,017,186661,46,26,0,26,0
2020-04-10,Fresno,019,978130,450,186,4,190,3
2020-04-10,Glenn,021,27897,4,3,0,3,0
2020-04-10,Humboldt,023,135768,56,36,0,36,0
2020-04-10,Imperial,025,180216,182,70,0,70,2
2020-04-10,Inyo,027,18085,13,11,0,11,0
2020-04-10,Kern,029,883053,627,272,0,272,3
2020-04-10,Kings,031,150075,45,7,1,8,0
2020-04-10,Lake,033,64148,6,3,0,3,0
2020-04-10,Lassen,035,31185,1,0,2,2,0
2020-04-10,Los Angeles,037,10098052,13584,8384,14,8398,239
2020-04-10,Madera,039,155013,63,29,1,30,2
2020-04-10,Marin,041,260295,168,128,1,129,6
2020-04-10,Mariposa,043,17540,0,0,0,0,0
2020-04-10,Mendocino,045,87422,6,4,0,4,0
2020-04-10,Merced,047,269075,100,56,0,56,3
2020-04-10,Modoc,049,8938,0,0,0,0,0
2020-04-10,Mono,051,14174,29,20,0,20,1
2020-04-10,Monterey,053,433212,141,78,3,81,3
2020-04-10,Napa,055,140530,50,28,0,28,2
2020-04-10,Nevada,057,99092,37,23,1,24,1
2020-04-10,Orange,059,3164182,1895,1167,17,1184,21
2020-04-10,Placer,061,380077,141,112,0,112,4
2020-04-10,Plumas,063,18699,4,3,0,3,0
2020-04-10,Riverside,065,2383286,2604,1162,13,1175,30
2020-04-10,Sacramento,067,1510023,896,642,0,642,24
2020-04-10,San Benito,069,59416,37,32,0,32,2
2020-04-10,San Bernardino,071,2135413,1354,779,0,779,27
2020-04-10,San Diego,073,3302833,2319,1695,0,1695,44
2020-04-10,San Francisco,075,870044,1137,797,0,797,10
2020-04-10,San Joaquin,077,732212,401,234,3,237,14
2020-04-10,San Luis Obispo,079,281455,165,97,1,98,1
2020-04-10,San Mateo,081,765935,914,642,2,644,24
2020-04-10,Santa Barbara,083,443738,437,254,1,255,2
2020-04-10,Santa Clara,085,1922200,1936,1351,3,1354,50
2020-04-10,Santa Cruz,087,273765,97,75,0,75,1
2020-04-10,Shasta,089,179085,30,24,0,24,3
2020-04-10,Sierra,091,2930,0,0,0,0,0
2020-04-10,Siskiyou,093,43540,5,5,0,5,0
2020-04-10,Solano,095,438530,196,129,0,129,2
2020-04-10,Sonoma,097,501317,179,129,0,129,1
2020-04-10,Stanislaus,099,539301,229,101,3,104,0
2020-04-10,Sutter,101,95872,23,18,0,18,2
2020-04-10,Tehama,103,63373,1,1,0,1,0
2020-04-10,Trinity,105,12862,0,0,0,0,0
2020-04-10,Tulare,107,460477,419,163,5,168,10
2020-04-10,Tuolumne,109,53932,2,0,0,0,0
2020-04-10,Ventura,111,848112,454,290,0,290,9
2020-04-10,Yolo,113,214977,131,62,0,62,3
2020-04-10,Yuba,115,75493,14,13,0,13,1
2020-04-09,Alameda,001,1643700,1064,641,1,642,17
2020-04-09,Alpine,003,1148,1,1,0,1,0
2020-04-09,Amador,005,37829,6,2,0,2,0
2020-04-09,Butte,007,227075,19,12,1,13,0
2020-04-09,Calaveras,009,45235,7,5,0,5,0
2020-04-09,Colusa,011,21464,3,3,0,3,0
2020-04-09,Contra Costa,013,1133247,695,505,0,505,7
2020-04-09,Del Norte,015,27424,2,2,0,2,0
2020-04-09,El Dorado,017,186661,45,25,0,25,0
2020-04-09,Fresno,019,978130,425,165,4,169,3
2020-04-09,Glenn,021,27897,4,2,0,2,0
2020-04-09,Humboldt,023,135768,56,36,0,36,0
2020-04-09,Imperial,025,180216,161,67,0,67,2
2020-04-09,Inyo,027,18085,12,11,0,11,0
2020-04-09,Kern,029,883053,591,241,0,241,2
2020-04-09,Kings,031,150075,42,5,1,6,0
2020-04-09,Lake,033,64148,5,1,0,1,0
2020-04-09,Lassen,035,31185,1,0,2,2,0
2020-04-09,Los Angeles,037,10098052,12957,7919,14,7933,220
2020-04-09,Madera,039,155013,63,28,1,29,2
2020-04-09,Marin,041,260295,166,126,1,127,7
2020-04-09,Mariposa,043,17540,0,0,0,0,0
2020-04-09,Mendocino,045,87422,6,4,0,4,0
2020-04-09,Merced,047,269075,97,41,0,41,3
2020-04-09,Modoc,049,8938,0,0,0,0,0
2020-04-09,Mono,051,14174,29,19,0,19,1
2020-04-09,Monterey,053,433212,123,70,3,73,3
2020-04-09,Napa,055,140530,46,27,0,27,2
2020-04-09,Nevada,057,99092,36,23,1,24,1
2020-04-09,Orange,059,3164182,1821,1105,16,1121,19
2020-04-09,Placer,061,380077,140,107,0,107,4
2020-04-09,Plumas,063,18699,4,3,0,3,0
2020-04-09,Riverside,065,2383286,2461,1083,13,1096,29
2020-04-09,Sacramento,067,1510023,873,601,0,601,21
2020-04-09,San Benito,069,59416,37,32,0,32,2
2020-04-09,San Bernardino,071,2135413,1285,717,0,717,27
2020-04-09,San Diego,073,3302833,2223,1630,0,1630,40
2020-04-09,San Francisco,075,870044,1117,748,0,748,8
2020-04-09,San Joaquin,077,732212,380,223,3,226,14
2020-04-09,San Luis Obispo,079,281455,157,93,1,94,1
2020-04-09,San Mateo,081,765935,898,630,2,632,23
2020-04-09,Santa Barbara,083,443738,426,232,1,233,2
2020-04-09,Santa Clara,085,1922200,1866,1301,3,1304,49
2020-04-09,Santa Cruz,087,273765,97,73,0,73,1
2020-04-09,Shasta,089,179085,30,22,0,22,3
2020-04-09,Sierra,091,2930,0,0,0,0,0
2020-04-09,Siskiyou,093,43540,5,4,0,4,0
2020-04-09,Solano,095,438530,187,118,0,118,2
2020-04-09,Sonoma,097,501317,175,113,0,113,1
2020-04-09,Stanislaus,099,539301,217,93,3,96,0
2020-04-09,Sutter,101,95872,23,17,0,17,2
2020-04-09,Tehama,103,63373,1,1,0,1,0
2020-04-09,Trinity,105,12862,0,0,0,0,0
2020-04-09,Tulare,107,460477,391,147,5,152,9
2020-04-09,Tuolumne,109,53932,2,0,0,0,0
2020-04-09,Ventura,111,848112,435,273,0,273,9
2020-04-09,Yolo,113,214977,122,59,0,59,3
2020-04-09,Yuba,115,75493,14,13,0,13,0
2020-04-08,Alameda,001,1643700,1023,594,1,595,15
2020-04-08,Alpine,003,1148,1,1,0,1,0
2020-04-08,Amador,005,37829,6,2,0,2,0
2020-04-08,Butte,007,227075,18,11,1,12,0
2020-04-08,Calaveras,009,45235,7,5,0,5,0
2020-04-08,Colusa,011,21464,3,3,0,3,0
2020-04-08,Contra Costa,013,1133247,682,481,0,481,7
2020-04-08,Del Norte,015,27424,2,2,0,2,0
2020-04-08,El Dorado,017,186661,45,25,0,25,0
2020-04-08,Fresno,019,978130,405,151,4,155,3
2020-04-08,Glenn,021,27897,4,2,0,2,0
2020-04-08,Humboldt,023,135768,56,40,0,40,0
2020-04-08,Imperial,025,180216,150,59,0,59,2
2020-04-08,Inyo,027,18085,12,11,0,11,0
2020-04-08,Kern,029,883053,550,198,0,198,2
2020-04-08,Kings,031,150075,42,5,1,6,0
2020-04-08,Lake,033,64148,5,1,0,1,0
2020-04-08,Lassen,035,31185,1,0,2,2,0
2020-04-08,Los Angeles,037,10098052,12356,7505,14,7519,196
2020-04-08,Madera,039,155013,62,28,1,29,2
2020-04-08,Marin,041,260295,160,125,1,126,7
2020-04-08,Mariposa,043,17540,0,0,0,0,0
2020-04-08,Mendocino,045,87422,6,4,0,4,0
2020-04-08,Merced,047,269075,82,35,0,35,1
2020-04-08,Modoc,049,8938,0,0,0,0,0
2020-04-08,Mono,051,14174,29,19,0,19,1
2020-04-08,Monterey,053,433212,114,68,3,71,3
2020-04-08,Napa,055,140530,44,21,0,21,2
2020-04-08,Nevada,057,99092,36,21,1,22,1
2020-04-08,Orange,059,3164182,1759,1034,16,1050,19
2020-04-08,Placer,061,380077,140,102,0,102,4
2020-04-08,Plumas,063,18699,4,3,0,3,0
2020-04-08,Riverside,065,2383286,2304,974,13,987,28
2020-04-08,Sacramento,067,1510023,839,565,0,565,21
2020-04-08,San Benito,069,59416,37,31,0,31,2
2020-04-08,San Bernardino,071,2135413,1228,635,0,635,22
2020-04-08,San Diego,073,3302833,2149,1532,0,1532,36
2020-04-08,San Francisco,075,870044,1049,687,0,687,7
2020-04-08,San Joaquin,077,732212,363,211,3,214,12
2020-04-08,San Luis Obispo,079,281455,155,90,1,91,1
2020-04-08,San Mateo,081,765935,883,608,2,610,22
2020-04-08,Santa Barbara,083,443738,404,221,1,222,2
2020-04-08,Santa Clara,085,1922200,1821,1257,3,1260,47
2020-04-08,Santa Cruz,087,273765,96,69,0,69,1
2020-04-08,Shasta,089,179085,30,18,0,18,3
2020-04-08,Sierra,091,2930,0,0,0,0,0
2020-04-08,Siskiyou,093,43540,5,4,0,4,0
2020-04-08,Solano,095,438530,174,111,0,111,2
2020-04-08,Sonoma,097,501317,170,107,0,107,1
2020-04-08,Stanislaus,099,539301,201,86,3,89,0
2020-04-08,Sutter,101,95872,22,17,0,17,2
2020-04-08,Tehama,103,63373,1,1,0,1,0
2020-04-08,Trinity,105,12862,0,0,0,0,0
2020-04-08,Tulare,107,460477,360,145,5,150,6
2020-04-08,Tuolumne,109,53932,2,0,0,0,0
2020-04-08,Ventura,111,848112,426,263,0,263,7
2020-04-08,Yolo,113,214977,105,56,0,56,3
2020-04-08,Yuba,115,75493,14,10,0,10,0
2020-04-07,Alameda,001,1643700,988,560,1,561,14
2020-04-07,Alpine,003,1148,1,1,0,1,0
2020-04-07,Amador,005,37829,6,2,0,2,0
2020-04-07,Butte,007,227075,17,11,1,12,0
2020-04-07,Calaveras,009,45235,6,5,0,5,0
2020-04-07,Colusa,011,21464,3,2,0,2,0
2020-04-07,Contra Costa,013,1133247,662,471,0,471,7
2020-04-07,Del Norte,015,27424,2,2,0,2,0
2020-04-07,El Dorado,017,186661,44,22,0,22,0
2020-04-07,Fresno,019,978130,389,138,4,142,3
2020-04-07,Glenn,021,27897,4,2,0,2,0
2020-04-07,Humboldt,023,135768,55,40,0,40,0
2020-04-07,Imperial,025,180216,132,53,0,53,2
2020-04-07,Inyo,027,18085,12,11,0,11,0
2020-04-07,Kern,029,883053,507,134,0,134,2
2020-04-07,Kings,031,150075,39,5,1,6,0
2020-04-07,Lake,033,64148,4,1,0,1,0
2020-04-07,Lassen,035,31185,1,0,2,2,0
2020-04-07,Los Angeles,037,10098052,11706,6885,14,6899,170
2020-04-07,Madera,039,155013,60,28,0,28,2
2020-04-07,Marin,041,260295,158,122,1,123,7
2020-04-07,Mariposa,043,17540,0,0,0,0,0
2020-04-07,Mendocino,045,87422,6,4,0,4,0
2020-04-07,Merced,047,269075,67,27,0,27,1
2020-04-07,Modoc,049,8938,0,0,0,0,0
2020-04-07,Mono,051,14174,28,18,0,18,1
2020-04-07,Monterey,053,433212,106,63,3,66,2
2020-04-07,Napa,055,140530,42,18,0,18,2
2020-04-07,Nevada,057,99092,36,20,1,21,1
2020-04-07,Orange,059,3164182,1712,971,15,986,19
2020-04-07,Placer,061,380077,135,94,0,94,3
2020-04-07,Plumas,063,18699,4,3,0,3,0
2020-04-07,Riverside,065,2383286,2147,905,13,918,25
2020-04-07,Sacramento,067,1510023,809,513,0,513,18
2020-04-07,San Benito,069,59416,37,26,0,26,2
2020-04-07,San Bernardino,071,2135413,1161,554,0,554,19
2020-04-07,San Diego,073,3302833,2072,1456,0,1456,31
2020-04-07,San Francisco,075,870044,989,636,0,636,6
2020-04-07,San Joaquin,077,732212,345,198,3,201,12
2020-04-07,San Luis Obispo,079,281455,148,87,1,88,1
2020-04-07,San Mateo,081,765935,862,573,2,575,22
2020-04-07,Santa Barbara,083,443738,385,209,1,210,2
2020-04-07,Santa Clara,085,1922200,1752,1193,2,1195,46
2020-04-07,Santa Cruz,087,273765,96,67,0,67,1
2020-04-07,Shasta,089,179085,29,16,0,16,3
2020-04-07,Sierra,091,2930,0,0,0,0,0
2020-04-07,Siskiyou,093,43540,5,4,0,4,0
2020-04-07,Solano,095,438530,169,99,0,99,1
2020-04-07,Sonoma,097,501317,167,102,0,102,1
2020-04-07,Stanislaus,099,539301,184,83,3,86,0
2020-04-07,Sutter,101,95872,22,16,0,16,2
2020-04-07,Tehama,103,63373,1,1,0,1,0
2020-04-07,Trinity,105,12862,0,0,0,0,0
2020-04-07,Tulare,107,460477,331,144,5,149,5
2020-04-07,Tuolumne,109,53932,2,1,0,1,0
2020-04-07,Ventura,111,848112,409,247,0,247,6
2020-04-07,Yolo,113,214977,98,51,0,51,2
2020-04-07,Yuba,115,75493,14,10,0,10,0
2020-04-06,Alameda,001,1643700,958,527,1,528,13
2020-04-06,Alpine,003,1148,1,1,0,1,0
2020-04-06,Amador,005,37829,5,2,0,2,0
2020-04-06,Butte,007,227075,16,11,1,12,0
2020-04-06,Calaveras,009,45235,6,4,0,4,0
2020-04-06,Colusa,011,21464,3,1,0,1,0
2020-04-06,Contra Costa,013,1133247,637,447,0,447,7
2020-04-06,Del Norte,015,27424,2,2,0,2,0
2020-04-06,El Dorado,017,186661,42,23,0,23,0
2020-04-06,Fresno,019,978130,367,122,4,126,1
2020-04-06,Glenn,021,27897,4,2,0,2,0
2020-04-06,Humboldt,023,135768,54,37,0,37,0
2020-04-06,Imperial,025,180216,125,47,0,47,1
2020-04-06,Inyo,027,18085,11,11,0,11,0
2020-04-06,Kern,029,883053,470,117,0,117,2
2020-04-06,Kings,031,150075,39,3,1,4,0
2020-04-06,Lake,033,64148,4,1,0,1,0
2020-04-06,Lassen,035,31185,1,0,2,2,0
2020-04-06,Los Angeles,037,10098052,10973,6346,14,6360,145
2020-04-06,Madera,039,155013,58,29,0,29,2
2020-04-06,Marin,041,260295,155,119,1,120,7
2020-04-06,Mariposa,043,17540,0,0,0,0,0
2020-04-06,Mendocino,045,87422,6,4,0,4,0
2020-04-06,Merced,047,269075,60,25,0,25,1
2020-04-06,Modoc,049,8938,0,0,0,0,0
2020-04-06,Mono,051,14174,28,18,0,18,1
2020-04-06,Monterey,053,433212,101,62,3,65,2
2020-04-06,Napa,055,140530,42,18,0,18,2
2020-04-06,Nevada,057,99092,36,19,1,20,1
2020-04-06,Orange,059,3164182,1668,910,14,924,17
2020-04-06,Placer,061,380077,135,90,0,90,3
2020-04-06,Plumas,063,18699,4,2,0,2,0
2020-04-06,Riverside,065,2383286,2021,854,13,867,17
2020-04-06,Sacramento,067,1510023,779,448,0,448,15
2020-04-06,San Benito,069,59416,35,25,0,25,1
2020-04-06,San Bernardino,071,2135413,1102,550,0,550,13
2020-04-06,San Diego,073,3302833,1990,1406,0,1406,19
2020-04-06,San Francisco,075,870044,949,586,0,586,6
2020-04-06,San Joaquin,077,732212,330,191,3,194,10
2020-04-06,San Luis Obispo,079,281455,146,85,1,86,1
2020-04-06,San Mateo,081,765935,844,569,2,571,20
2020-04-06,Santa Barbara,083,443738,373,189,1,190,2
2020-04-06,Santa Clara,085,1922200,1699,1128,2,1130,43
2020-04-06,Santa Cruz,087,273765,94,65,0,65,1
2020-04-06,Shasta,089,179085,29,16,0,16,3
2020-04-06,Sierra,091,2930,0,0,0,0,0
2020-04-06,Siskiyou,093,43540,4,4,0,4,0
2020-04-06,Solano,095,438530,162,95,0,95,1
2020-04-06,Sonoma,097,501317,166,102,0,102,1
2020-04-06,Stanislaus,099,539301,168,72,3,75,0
2020-04-06,Sutter,101,95872,22,14,0,14,2
2020-04-06,Tehama,103,63373,1,1,0,1,0
2020-04-06,Trinity,105,12862,0,0,0,0,0
2020-04-06,Tulare,107,460477,315,126,5,131,5
2020-04-06,Tuolumne,109,53932,2,1,0,1,0
2020-04-06,Ventura,111,848112,391,234,0,234,6
2020-04-06,Yolo,113,214977,94,43,0,43,1
2020-04-06,Yuba,115,75493,14,8,0,8,0
2020-04-05,Alameda,001,1643700,916,475,1,476,12
2020-04-05,Alpine,003,1148,1,1,0,1,0
2020-04-05,Amador,005,37829,5,2,0,2,0
2020-04-05,Butte,007,227075,16,10,1,11,0
2020-04-05,Calaveras,009,45235,6,3,0,3,0
2020-04-05,Colusa,011,21464,3,1,0,1,0
2020-04-05,Contra Costa,013,1133247,620,415,0,415,6
2020-04-05,Del Norte,015,27424,2,1,0,1,0
2020-04-05,El Dorado,017,186661,40,19,0,19,0
2020-04-05,Fresno,019,978130,333,102,4,106,1
2020-04-05,Glenn,021,27897,4,2,0,2,0
2020-04-05,Humboldt,023,135768,54,29,0,29,0
2020-04-05,Imperial,025,180216,117,42,0,42,1
2020-04-05,Inyo,027,18085,11,10,0,10,0
2020-04-05,Kern,029,883053,415,109,0,109,2
2020-04-05,Kings,031,150075,38,4,1,5,0
2020-04-05,Lake,033,64148,4,0,0,0,0
2020-04-05,Lassen,035,31185,1,0,2,2,0
2020-04-05,Los Angeles,037,10098052,10402,5892,14,5906,130
2020-04-05,Madera,039,155013,57,27,0,27,2
2020-04-05,Marin,041,260295,155,113,1,114,6
2020-04-05,Mariposa,043,17540,0,0,0,0,0
2020-04-05,Mendocino,045,87422,6,4,0,4,0
2020-04-05,Merced,047,269075,53,16,0,16,0
2020-04-05,Modoc,049,8938,0,0,0,0,0
2020-04-05,Mono,051,14174,28,18,0,18,1
2020-04-05,Monterey,053,433212,94,61,3,64,2
2020-04-05,Napa,055,140530,40,15,0,15,2
2020-04-05,Nevada,057,99092,36,19,1,20,1
2020-04-05,Orange,059,3164182,1610,820,14,834,15
2020-04-05,Placer,061,380077,132,86,0,86,3
2020-04-05,Plumas,063,18699,3,2,0,2,0
2020-04-05,Riverside,065,2383286,1892,669,13,682,17
2020-04-05,Sacramento,067,1510023,748,393,0,393,11
2020-04-05,San Benito,069,59416,35,22,0,22,1
2020-04-05,San Bernardino,071,2135413,1028,375,0,375,13
2020-04-05,San Diego,073,3302833,1908,1328,0,1328,19
2020-04-05,San Francisco,075,870044,902,559,0,559,6
2020-04-05,San Joaquin,077,732212,315,179,3,182,10
2020-04-05,San Luis Obispo,079,281455,144,83,1,84,1
2020-04-05,San Mateo,081,765935,824,528,2,530,19
2020-04-05,Santa Barbara,083,443738,351,171,1,172,1
2020-04-05,Santa Clara,085,1922200,1651,1052,2,1054,42
2020-04-05,Santa Cruz,087,273765,94,59,0,59,1
2020-04-05,Shasta,089,179085,28,11,0,11,2
2020-04-05,Sierra,091,2930,0,0,0,0,0
2020-04-05,Siskiyou,093,43540,4,3,0,3,0
2020-04-05,Solano,095,438530,158,78,0,78,1
2020-04-05,Sonoma,097,501317,164,88,0,88,1
2020-04-05,Stanislaus,099,539301,154,51,3,54,0
2020-04-05,Sutter,101,95872,22,14,0,14,1
2020-04-05,Tehama,103,63373,1,1,0,1,0
2020-04-05,Trinity,105,12862,0,0,0,0,0
2020-04-05,Tulare,107,460477,278,81,5,86,4
2020-04-05,Tuolumne,109,53932,2,1,0,1,0
2020-04-05,Ventura,111,848112,377,196,0,196,6
2020-04-05,Yolo,113,214977,76,37,0,37,2
2020-04-05,Yuba,115,75493,14,7,0,7,0
2020-04-04,Alameda,001,1643700,893,468,1,469,12
2020-04-04,Alpine,003,1148,1,1,0,1,0
2020-04-04,Amador,005,37829,4,2,0,2,0
2020-04-04,Butte,007,227075,16,10,1,11,0
2020-04-04,Calaveras,009,45235,6,3,0,3,0
2020-04-04,Colusa,011,21464,3,1,0,1,0
2020-04-04,Contra Costa,013,1133247,612,382,0,382,5
2020-04-04,Del Norte,015,27424,2,1,0,1,0
2020-04-04,El Dorado,017,186661,40,19,0,19,0
2020-04-04,Fresno,019,978130,323,102,4,106,1
2020-04-04,Glenn,021,27897,4,2,0,2,0
2020-04-04,Humboldt,023,135768,54,29,0,29,0
2020-04-04,Imperial,025,180216,116,42,0,42,1
2020-04-04,Inyo,027,18085,11,10,0,10,0
2020-04-04,Kern,029,883053,385,103,0,103,2
2020-04-04,Kings,031,150075,38,3,1,4,0
2020-04-04,Lake,033,64148,4,0,0,0,0
2020-04-04,Lassen,035,31185,1,0,2,2,0
2020-04-04,Los Angeles,037,10098052,9785,5275,14,5289,117
2020-04-04,Madera,039,155013,55,27,0,27,2
2020-04-04,Marin,041,260295,153,111,0,111,6
2020-04-04,Mariposa,043,17540,0,0,0,0,0
2020-04-04,Mendocino,045,87422,6,4,0,4,0
2020-04-04,Merced,047,269075,49,11,0,11,0
2020-04-04,Modoc,049,8938,0,0,0,0,0
2020-04-04,Mono,051,14174,28,18,0,18,1
2020-04-04,Monterey,053,433212,90,61,2,63,2
2020-04-04,Napa,055,140530,40,15,0,15,2
2020-04-04,Nevada,057,99092,36,19,1,20,1
2020-04-04,Orange,059,3164182,1568,781,13,794,15
2020-04-04,Placer,061,380077,131,87,0,87,2
2020-04-04,Plumas,063,18699,3,2,0,2,0
2020-04-04,Riverside,065,2383286,1791,652,13,665,15
2020-04-04,Sacramento,067,1510023,730,393,0,393,11
2020-04-04,San Benito,069,59416,35,22,0,22,1
2020-04-04,San Bernardino,071,2135413,980,373,0,373,13
2020-04-04,San Diego,073,3302833,1860,1211,0,1211,18
2020-04-04,San Francisco,075,870044,864,537,0,537,6
2020-04-04,San Joaquin,077,732212,292,171,3,174,10
2020-04-04,San Luis Obispo,079,281455,144,82,1,83,0
2020-04-04,San Mateo,081,765935,813,520,2,522,17
2020-04-04,Santa Barbara,083,443738,342,167,1,168,1
2020-04-04,Santa Clara,085,1922200,1599,1045,2,1047,39
2020-04-04,Santa Cruz,087,273765,94,56,0,56,1
2020-04-04,Shasta,089,179085,27,11,0,11,2
2020-04-04,Sierra,091,2930,0,0,0,0,0
2020-04-04,Siskiyou,093,43540,4,3,0,3,0
2020-04-04,Solano,095,438530,153,79,0,79,1
2020-04-04,Sonoma,097,501317,161,88,0,88,1
2020-04-04,Stanislaus,099,539301,143,51,3,54,0
2020-04-04,Sutter,101,95872,22,14,0,14,1
2020-04-04,Tehama,103,63373,1,1,0,1,0
2020-04-04,Trinity,105,12862,0,0,0,0,0
2020-04-04,Tulare,107,460477,264,79,5,84,4
2020-04-04,Tuolumne,109,53932,2,1,0,1,0
2020-04-04,Ventura,111,848112,364,194,0,194,6
2020-04-04,Yolo,113,214977,74,40,0,40,2
2020-04-04,Yuba,115,75493,13,7,0,7,0
2020-04-03,Alameda,001,1643700,857,395,1,396,11
2020-04-03,Alpine,003,1148,1,1,0,1,0
2020-04-03,Amador,005,37829,4,2,0,2,0
2020-04-03,Butte,007,227075,16,8,1,9,0
2020-04-03,Calaveras,009,45235,6,3,0,3,0
2020-04-03,Colusa,011,21464,3,1,0,1,0
2020-04-03,Contra Costa,013,1133247,589,327,0,327,5
2020-04-03,Del Norte,015,27424,2,1,0,1,0
2020-04-03,El Dorado,017,186661,38,16,0,16,0
2020-04-03,Fresno,019,978130,311,98,4,102,1
2020-04-03,Glenn,021,27897,4,2,0,2,0
2020-04-03,Humboldt,023,135768,54,34,0,34,0
2020-04-03,Imperial,025,180216,107,35,0,35,0
2020-04-03,Inyo,027,18085,11,10,0,10,0
2020-04-03,Kern,029,883053,359,87,0,87,1
2020-04-03,Kings,031,150075,36,3,1,4,0
2020-04-03,Lake,033,64148,3,0,0,0,0
2020-04-03,Lassen,035,31185,1,0,2,2,0
2020-04-03,Los Angeles,037,10098052,9169,4566,14,4580,91
2020-04-03,Madera,039,155013,54,28,0,28,2
2020-04-03,Marin,041,260295,151,106,0,106,6
2020-04-03,Mariposa,043,17540,0,0,0,0,0
2020-04-03,Mendocino,045,87422,6,4,0,4,0
2020-04-03,Merced,047,269075,46,9,0,9,0
2020-04-03,Modoc,049,8938,0,0,0,0,0
2020-04-03,Mono,051,14174,28,18,0,18,1
2020-04-03,Monterey,053,433212,87,58,2,60,2
2020-04-03,Napa,055,140530,39,13,0,13,1
2020-04-03,Nevada,057,99092,36,19,1,20,1
2020-04-03,Orange,059,3164182,1529,713,13,726,13
2020-04-03,Placer,061,380077,127,76,0,76,2
2020-04-03,Plumas,063,18699,3,2,0,2,0
2020-04-03,Riverside,065,2383286,1711,540,13,553,14
2020-04-03,Sacramento,067,1510023,709,363,0,363,11
2020-04-03,San Benito,069,59416,35,22,0,22,1
2020-04-03,San Bernardino,071,2135413,935,356,0,356,11
2020-04-03,San Diego,073,3302833,1800,1114,0,1114,17
2020-04-03,San Francisco,075,870044,839,506,0,506,6
2020-04-03,San Joaquin,077,732212,280,162,3,165,10
2020-04-03,San Luis Obispo,079,281455,144,82,1,83,0
2020-04-03,San Mateo,081,765935,796,474,2,476,13
2020-04-03,Santa Barbara,083,443738,330,154,1,155,1
2020-04-03,Santa Clara,085,1922200,1563,983,2,985,39
2020-04-03,Santa Cruz,087,273765,94,52,0,52,1
2020-04-03,Shasta,089,179085,27,10,0,10,1
2020-04-03,Sierra,091,2930,0,0,0,0,0
2020-04-03,Siskiyou,093,43540,4,3,0,3,0
2020-04-03,Solano,095,438530,145,72,0,72,1
2020-04-03,Sonoma,097,501317,161,84,0,84,1
2020-04-03,Stanislaus,099,539301,137,48,3,51,0
2020-04-03,Sutter,101,95872,22,12,0,12,1
2020-04-03,Tehama,103,63373,1,1,0,1,0
2020-04-03,Trinity,105,12862,0,0,0,0,0
2020-04-03,Tulare,107,460477,250,73,5,78,3
2020-04-03,Tuolumne,109,53932,2,1,0,1,0
2020-04-03,Ventura,111,848112,354,186,0,186,6
2020-04-03,Yolo,113,214977,73,33,0,33,1
2020-04-03,Yuba,115,75493,13,6,0,6,0
2020-04-02,Alameda,001,1643700,806,345,1,346,10
2020-04-02,Alpine,003,1148,1,1,0,1,0
2020-04-02,Amador,005,37829,4,2,0,2,0
2020-04-02,Butte,007,227075,16,7,0,7,0
2020-04-02,Calaveras,009,45235,4,3,0,3,0
2020-04-02,Colusa,011,21464,3,1,0,1,0
2020-04-02,Contra Costa,013,1133247,559,297,0,297,3
2020-04-02,Del Norte,015,27424,2,0,0,0,0
2020-04-02,El Dorado,017,186661,36,16,0,16,0
2020-04-02,Fresno,019,978130,295,92,4,96,0
2020-04-02,Glenn,021,27897,3,2,0,2,0
2020-04-02,Humboldt,023,135768,50,23,0,23,0
2020-04-02,Imperial,025,180216,103,24,0,24,0
2020-04-02,Inyo,027,18085,10,8,0,8,0
2020-04-02,Kern,029,883053,332,74,0,74,0
2020-04-02,Kings,031,150075,36,3,1,4,0
2020-04-02,Lake,033,64148,3,0,0,0,0
2020-04-02,Lassen,035,31185,1,0,2,2,0
2020-04-02,Los Angeles,037,10098052,8337,4040,14,4054,79
2020-04-02,Madera,039,155013,52,25,0,25,1
2020-04-02,Marin,041,260295,145,102,0,102,1
2020-04-02,Mariposa,043,17540,0,0,0,0,0
2020-04-02,Mendocino,045,87422,6,4,0,4,0
2020-04-02,Merced,047,269075,41,9,0,9,0
2020-04-02,Modoc,049,8938,0,0,0,0,0
2020-04-02,Mono,051,14174,28,16,0,16,1
2020-04-02,Monterey,053,433212,85,50,2,52,2
2020-04-02,Napa,055,140530,39,13,0,13,0
2020-04-02,Nevada,057,99092,35,17,1,18,0
2020-04-02,Orange,059,3164182,1477,640,13,653,12
2020-04-02,Placer,061,380077,126,72,0,72,2
2020-04-02,Plumas,063,18699,3,1,0,1,0
2020-04-02,Riverside,065,2383286,1594,438,13,451,13
2020-04-02,Sacramento,067,1510023,691,322,0,322,9
2020-04-02,San Benito,069,59416,33,18,0,18,1
2020-04-02,San Bernardino,071,2135413,880,335,0,335,8
2020-04-02,San Diego,073,3302833,1733,968,0,968,16
2020-04-02,San Francisco,075,870044,812,473,0,473,6
2020-04-02,San Joaquin,077,732212,261,148,3,151,9
2020-04-02,San Luis Obispo,079,281455,139,79,1,80,0
2020-04-02,San Mateo,081,765935,775,423,2,425,13
2020-04-02,Santa Barbara,083,443738,317,125,1,126,1
2020-04-02,Santa Clara,085,1922200,1512,908,2,910,38
2020-04-02,Santa Cruz,087,273765,92,49,0,49,1
2020-04-02,Shasta,089,179085,26,7,0,7,1
2020-04-02,Sierra,091,2930,0,0,0,0,0
2020-04-02,Siskiyou,093,43540,4,3,0,3,0
2020-04-02,Solano,095,438530,135,65,0,65,0
2020-04-02,Sonoma,097,501317,157,76,0,76,1
2020-04-02,Stanislaus,099,539301,126,40,3,43,0
2020-04-02,Sutter,101,95872,21,10,0,10,1
2020-04-02,Tehama,103,63373,1,1,0,1,0
2020-04-02,Trinity,105,12862,0,0,0,0,0
2020-04-02,Tulare,107,460477,216,64,5,69,1
2020-04-02,Tuolumne,109,53932,2,1,0,1,0
2020-04-02,Ventura,111,848112,336,178,0,178,5
2020-04-02,Yolo,113,214977,71,29,0,29,1
2020-04-02,Yuba,115,75493,10,5,0,5,0
2020-04-01,Alameda,001,1643700,779,287,1,288,8
2020-04-01,Alpine,003,1148,1,1,0,1,0
2020-04-01,Amador,005,37829,4,1,0,1,0
2020-04-01,Butte,007,227075,16,6,0,6,0
2020-04-01,Calaveras,009,45235,3,3,0,3,0
2020-04-01,Colusa,011,21464,3,1,0,1,0
2020-04-01,Contra Costa,013,1133247,515,267,0,267,3
2020-04-01,Del Norte,015,27424,2,0,0,0,0
2020-04-01,El Dorado,017,186661,35,14,0,14,0
2020-04-01,Fresno,019,978130,273,75,3,78,0
2020-04-01,Glenn,021,27897,3,2,0,2,0
2020-04-01,Humboldt,023,135768,50,19,0,19,0
2020-04-01,Imperial,025,180216,96,25,0,25,0
2020-04-01,Inyo,027,18085,10,8,0,8,0
2020-04-01,Kern,029,883053,305,53,0,53,0
2020-04-01,Kings,031,150075,34,3,1,4,0
2020-04-01,Lake,033,64148,3,0,0,0,0
2020-04-01,Lassen,035,31185,1,0,2,2,0
2020-04-01,Los Angeles,037,10098052,7688,3502,14,3516,66
2020-04-01,Madera,039,155013,50,17,0,17,1
2020-04-01,Marin,041,260295,141,87,0,87,1
2020-04-01,Mariposa,043,17540,0,0,0,0,0
2020-04-01,Mendocino,045,87422,6,4,0,4,0
2020-04-01,Merced,047,269075,38,7,0,7,0
2020-04-01,Modoc,049,8938,0,0,0,0,0
2020-04-01,Mono,051,14174,28,12,0,12,1
2020-04-01,Monterey,053,433212,84,47,2,49,2
2020-04-01,Napa,055,140530,36,11,0,11,0
2020-04-01,Nevada,057,99092,35,15,1,16,0
2020-04-01,Orange,059,3164182,1425,579,13,592,11
2020-04-01,Placer,061,380077,125,52,0,52,2
2020-04-01,Plumas,063,18699,3,1,0,1,0
2020-04-01,Riverside,065,2383286,1426,306,12,318,11
2020-04-01,Sacramento,067,1510023,658,299,0,299,8
2020-04-01,San Benito,069,59416,30,14,0,14,1
2020-04-01,San Bernardino,071,2135413,831,245,0,245,5
2020-04-01,San Diego,073,3302833,1663,851,0,851,11
2020-04-01,San Francisco,075,870044,784,432,0,432,6
2020-04-01,San Joaquin,077,732212,250,132,3,135,8
2020-04-01,San Luis Obispo,079,281455,133,69,1,70,0
2020-04-01,San Mateo,081,765935,757,354,2,356,13
2020-04-01,Santa Barbara,083,443738,297,103,1,104,0
2020-04-01,Santa Clara,085,1922200,1470,805,2,807,33
2020-04-01,Santa Cruz,087,273765,87,44,0,44,1
2020-04-01,Shasta,089,179085,25,5,0,5,1
2020-04-01,Sierra,091,2930,0,0,0,0,0
2020-04-01,Siskiyou,093,43540,4,3,0,3,0
2020-04-01,Solano,095,438530,130,57,0,57,0
2020-04-01,Sonoma,097,501317,153,60,0,60,1
2020-04-01,Stanislaus,099,539301,115,29,3,32,0
2020-04-01,Sutter,101,95872,21,9,0,9,1
2020-04-01,Tehama,103,63373,1,0,0,0,0
2020-04-01,Trinity,105,12862,0,0,0,0,0
2020-04-01,Tulare,107,460477,178,43,5,48,1
2020-04-01,Tuolumne,109,53932,2,1,0,1,0
2020-04-01,Ventura,111,848112,323,154,0,154,5
2020-04-01,Yolo,113,214977,66,22,0,22,1
2020-04-01,Yuba,115,75493,9,5,0,5,0
2020-03-31,Alameda,001,1643700,711,269,1,270,7
2020-03-31,Alpine,003,1148,1,1,0,1,0
2020-03-31,Amador,005,37829,4,1,0,1,0
2020-03-31,Butte,007,227075,16,6,0,6,0
2020-03-31,Calaveras,009,45235,3,3,0,3,0
2020-03-31,Colusa,011,21464,3,1,0,1,0
2020-03-31,Contra Costa,013,1133247,490,246,0,246,3
2020-03-31,Del Norte,015,27424,1,0,0,0,0
2020-03-31,El Dorado,017,186661,31,14,0,14,0
2020-03-31,Fresno,019,978130,248,59,3,62,0
2020-03-31,Glenn,021,27897,3,2,0,2,0
2020-03-31,Humboldt,023,135768,50,18,0,18,0
2020-03-31,Imperial,025,180216,91,17,0,17,0
2020-03-31,Inyo,027,18085,10,8,0,8,0
2020-03-31,Kern,029,883053,281,47,0,47,0
2020-03-31,Kings,031,150075,32,2,1,3,0
2020-03-31,Lake,033,64148,1,0,0,0,0
2020-03-31,Lassen,035,31185,1,0,2,2,0
2020-03-31,Los Angeles,037,10098052,7023,3001,14,3015,53
2020-03-31,Madera,039,155013,49,17,0,17,1
2020-03-31,Marin,041,260295,132,85,0,85,1
2020-03-31,Mariposa,043,17540,0,0,0,0,0
2020-03-31,Mendocino,045,87422,6,4,0,4,0
2020-03-31,Merced,047,269075,33,6,0,6,0
2020-03-31,Modoc,049,8938,0,0,0,0,0
2020-03-31,Mono,051,14174,26,12,0,12,0
2020-03-31,Monterey,053,433212,82,43,2,45,2
2020-03-31,Napa,055,140530,35,9,0,9,0
2020-03-31,Nevada,057,99092,35,15,1,16,0
2020-03-31,Orange,059,3164182,1355,506,13,519,7
2020-03-31,Placer,061,380077,118,49,0,49,2
2020-03-31,Plumas,063,18699,1,0,0,0,0
2020-03-31,Riverside,065,2383286,1280,284,12,296,8
2020-03-31,Sacramento,067,1510023,606,271,0,271,8
2020-03-31,San Benito,069,59416,30,14,0,14,1
2020-03-31,San Bernardino,071,2135413,746,193,0,193,5
2020-03-31,San Diego,073,3302833,1581,736,0,736,9
2020-03-31,San Francisco,075,870044,749,404,0,404,5
2020-03-31,San Joaquin,077,732212,234,122,3,125,7
2020-03-31,San Luis Obispo,079,281455,129,67,1,68,0
2020-03-31,San Mateo,081,765935,738,297,2,299,12
2020-03-31,Santa Barbara,083,443738,278,89,1,90,0
2020-03-31,Santa Clara,085,1922200,1421,777,2,779,30
2020-03-31,Santa Cruz,087,273765,80,40,0,40,1
2020-03-31,Shasta,089,179085,22,5,0,5,1
2020-03-31,Sierra,091,2930,0,0,0,0,0
2020-03-31,Siskiyou,093,43540,4,3,0,3,0
2020-03-31,Solano,095,438530,116,56,0,56,0
2020-03-31,Sonoma,097,501317,148,58,0,58,1
2020-03-31,Stanislaus,099,539301,100,28,3,31,0
2020-03-31,Sutter,101,95872,21,8,0,8,0
2020-03-31,Tehama,103,63373,1,0,0,0,0
2020-03-31,Trinity,105,12862,0,0,0,0,0
2020-03-31,Tulare,107,460477,155,42,4,46,1
2020-03-31,Tuolumne,109,53932,2,1,0,1,0
2020-03-31,Ventura,111,848112,312,143,0,143,4
2020-03-31,Yolo,113,214977,59,21,0,21,1
2020-03-31,Yuba,115,75493,9,5,0,5,0
2020-03-30,Alameda,001,1643700,671,250,1,251,7
2020-03-30,Alpine,003,1148,1,1,0,1,0
2020-03-30,Amador,005,37829,4,1,0,1,0
2020-03-30,Butte,007,227075,14,5,0,5,0
2020-03-30,Calaveras,009,45235,3,3,0,3,0
2020-03-30,Colusa,011,21464,3,1,0,1,0
2020-03-30,Contra Costa,013,1133247,464,212,0,212,3
2020-03-30,Del Norte,015,27424,0,0,0,0,0
2020-03-30,El Dorado,017,186661,31,11,0,11,0
2020-03-30,Fresno,019,978130,223,46,3,49,0
2020-03-30,Glenn,021,27897,3,2,0,2,0
2020-03-30,Humboldt,023,135768,48,11,0,11,0
2020-03-30,Imperial,025,180216,88,9,0,9,0
2020-03-30,Inyo,027,18085,10,5,0,5,0
2020-03-30,Kern,029,883053,248,30,0,30,0
2020-03-30,Kings,031,150075,32,1,1,2,0
2020-03-30,Lake,033,64148,1,0,0,0,0
2020-03-30,Lassen,035,31185,1,0,1,1,0
2020-03-30,Los Angeles,037,10098052,6368,2467,14,2481,44
2020-03-30,Madera,039,155013,48,14,0,14,1
2020-03-30,Marin,041,260295,125,78,0,78,0
2020-03-30,Mariposa,043,17540,0,0,0,0,0
2020-03-30,Mendocino,045,87422,5,2,0,2,0
2020-03-30,Merced,047,269075,29,6,0,6,0
2020-03-30,Modoc,049,8938,0,0,0,0,0
2020-03-30,Mono,051,14174,26,11,0,11,0
2020-03-30,Monterey,053,433212,77,41,2,43,1
2020-03-30,Napa,055,140530,34,9,0,9,0
2020-03-30,Nevada,057,99092,34,14,1,15,0
2020-03-30,Orange,059,3164182,1289,418,13,431,5
2020-03-30,Placer,061,380077,115,44,0,44,2
2020-03-30,Plumas,063,18699,1,0,0,0,0
2020-03-30,Riverside,065,2383286,1200,204,12,216,7
2020-03-30,Sacramento,067,1510023,582,238,0,238,8
2020-03-30,San Benito,069,59416,30,11,0,11,1
2020-03-30,San Bernardino,071,2135413,702,145,0,145,4
2020-03-30,San Diego,073,3302833,1511,605,0,605,7
2020-03-30,San Francisco,075,870044,709,368,0,368,5
2020-03-30,San Joaquin,077,732212,227,112,3,115,5
2020-03-30,San Luis Obispo,079,281455,126,62,1,63,0
2020-03-30,San Mateo,081,765935,714,257,2,259,11
2020-03-30,Santa Barbara,083,443738,268,79,1,80,0
2020-03-30,Santa Clara,085,1922200,1390,745,2,747,31
2020-03-30,Santa Cruz,087,273765,77,36,0,36,1
2020-03-30,Shasta,089,179085,21,4,0,4,1
2020-03-30,Sierra,091,2930,0,0,0,0,0
2020-03-30,Siskiyou,093,43540,4,2,0,2,0
2020-03-30,Solano,095,438530,110,50,0,50,0
2020-03-30,Sonoma,097,501317,145,57,0,57,1
2020-03-30,Stanislaus,099,539301,93,28,3,31,0
2020-03-30,Sutter,101,95872,20,6,0,6,0
2020-03-30,Tehama,103,63373,1,0,0,0,0
2020-03-30,Trinity,105,12862,0,0,0,0,0
2020-03-30,Tulare,107,460477,143,40,3,43,1
2020-03-30,Tuolumne,109,53932,2,1,0,1,0
2020-03-30,Ventura,111,848112,301,118,0,118,2
2020-03-30,Yolo,113,214977,56,17,0,17,1
2020-03-30,Yuba,115,75493,8,5,0,5,0
2020-03-29,Alameda,001,1643700,637,207,1,208,6
2020-03-29,Alpine,003,1148,1,0,0,0,0
2020-03-29,Amador,005,37829,4,1,0,1,0
2020-03-29,Butte,007,227075,14,4,0,4,0
2020-03-29,Calaveras,009,45235,3,2,0,2,0
2020-03-29,Colusa,011,21464,3,1,0,1,0
2020-03-29,Contra Costa,013,1133247,434,187,0,187,3
2020-03-29,Del Norte,015,27424,0,0,0,0,0
2020-03-29,El Dorado,017,186661,30,9,0,9,0
2020-03-29,Fresno,019,978130,199,31,3,34,0
2020-03-29,Glenn,021,27897,2,1,0,1,0
2020-03-29,Humboldt,023,135768,45,9,0,9,0
2020-03-29,Imperial,025,180216,82,9,0,9,0
2020-03-29,Inyo,027,18085,9,0,0,0,0
2020-03-29,Kern,029,883053,230,20,0,20,0
2020-03-29,Kings,031,150075,29,1,1,2,0
2020-03-29,Lake,033,64148,0,0,0,0,0
2020-03-29,Lassen,035,31185,1,0,1,1,0
2020-03-29,Los Angeles,037,10098052,5723,2119,14,2133,37
2020-03-29,Madera,039,155013,43,11,0,11,1
2020-03-29,Marin,041,260295,120,60,0,60,0
2020-03-29,Mariposa,043,17540,0,0,0,0,0
2020-03-29,Mendocino,045,87422,5,2,0,2,0
2020-03-29,Merced,047,269075,28,4,0,4,0
2020-03-29,Modoc,049,8938,0,0,0,0,0
2020-03-29,Mono,051,14174,26,8,0,8,0
2020-03-29,Monterey,053,433212,72,36,2,38,1
2020-03-29,Napa,055,140530,32,5,0,5,0
2020-03-29,Nevada,057,99092,32,13,1,14,0
2020-03-29,Orange,059,3164182,1216,343,13,356,2
2020-03-29,Placer,061,380077,114,35,0,35,2
2020-03-29,Plumas,063,18699,1,0,0,0,0
2020-03-29,Riverside,065,2383286,1076,122,12,134,7
2020-03-29,Sacramento,067,1510023,542,217,0,217,7
2020-03-29,San Benito,069,59416,29,10,0,10,1
2020-03-29,San Bernardino,071,2135413,650,94,0,94,2
2020-03-29,San Diego,073,3302833,1439,521,0,521,7
2020-03-29,San Francisco,075,870044,665,333,0,333,5
2020-03-29,San Joaquin,077,732212,218,86,3,89,4
2020-03-29,San Luis Obispo,079,281455,119,55,0,55,0
2020-03-29,San Mateo,081,765935,689,234,2,236,12
2020-03-29,Santa Barbara,083,443738,257,52,1,53,0
2020-03-29,Santa Clara,085,1922200,1333,591,2,593,30
2020-03-29,Santa Cruz,087,273765,77,33,0,33,1
2020-03-29,Shasta,089,179085,20,4,0,4,1
2020-03-29,Sierra,091,2930,0,0,0,0,0
2020-03-29,Siskiyou,093,43540,4,2,0,2,0
2020-03-29,Solano,095,438530,102,48,0,48,0
2020-03-29,Sonoma,097,501317,143,35,0,35,1
2020-03-29,Stanislaus,099,539301,88,19,3,22,0
2020-03-29,Sutter,101,95872,17,6,0,6,0
2020-03-29,Tehama,103,63373,1,0,0,0,0
2020-03-29,Trinity,105,12862,0,0,0,0,0
2020-03-29,Tulare,107,460477,118,24,3,27,1
2020-03-29,Tuolumne,109,53932,1,1,0,1,0
2020-03-29,Ventura,111,848112,274,92,0,92,2
2020-03-29,Yolo,113,214977,51,13,0,13,1
2020-03-29,Yuba,115,75493,8,3,0,3,0
2020-03-28,Alameda,001,1643700,610,410,1,411,12
2020-03-28,Alpine,003,1148,1,0,0,0,0
2020-03-28,Amador,005,37829,4,2,0,2,0
2020-03-28,Butte,007,227075,14,8,0,8,0
2020-03-28,Calaveras,009,45235,3,4,0,4,0
2020-03-28,Colusa,011,21464,3,2,0,2,0
2020-03-28,Contra Costa,013,1133247,411,350,0,350,4
2020-03-28,Del Norte,015,27424,0,0,0,0,0
2020-03-28,El Dorado,017,186661,29,18,0,18,0
2020-03-28,Fresno,019,978130,189,62,3,65,0
2020-03-28,Glenn,021,27897,2,2,0,2,0
2020-03-28,Humboldt,023,135768,45,18,0,18,0
2020-03-28,Imperial,025,180216,77,18,0,18,0
2020-03-28,Inyo,027,18085,9,0,0,0,0
2020-03-28,Kern,029,883053,213,40,0,40,0
2020-03-28,Kings,031,150075,28,2,1,3,0
2020-03-28,Lake,033,64148,0,0,0,0,0
2020-03-28,Lassen,035,31185,1,0,1,1,0
2020-03-28,Los Angeles,037,10098052,5336,3600,13,3613,64
2020-03-28,Madera,039,155013,43,22,0,22,2
2020-03-28,Marin,041,260295,115,116,0,116,0
2020-03-28,Mariposa,043,17540,0,0,0,0,0
2020-03-28,Mendocino,045,87422,5,4,0,4,0
2020-03-28,Merced,047,269075,27,8,0,8,0
2020-03-28,Modoc,049,8938,0,0,0,0,0
2020-03-28,Mono,051,14174,24,12,0,12,0
2020-03-28,Monterey,053,433212,71,64,2,66,2
2020-03-28,Napa,055,140530,27,10,0,10,0
2020-03-28,Nevada,057,99092,32,22,1,23,0
2020-03-28,Orange,059,3164182,1180,656,13,669,4
2020-03-28,Placer,061,380077,109,70,0,70,2
2020-03-28,Plumas,063,18699,1,0,0,0,0
2020-03-28,Riverside,065,2383286,1008,242,12,254,14
2020-03-28,Sacramento,067,1510023,524,406,0,406,14
2020-03-28,San Benito,069,59416,29,20,0,20,2
2020-03-28,San Bernardino,071,2135413,602,162,0,162,4
2020-03-28,San Diego,073,3302833,1380,980,0,980,14
2020-03-28,San Francisco,075,870044,641,600,0,600,6
2020-03-28,San Joaquin,077,732212,210,166,3,169,8
2020-03-28,San Luis Obispo,079,281455,117,104,0,104,0
2020-03-28,San Mateo,081,765935,669,462,2,464,17
2020-03-28,Santa Barbara,083,443738,245,98,1,99,0
2020-03-28,Santa Clara,085,1922200,1314,1174,2,1176,54
2020-03-28,Santa Cruz,087,273765,76,62,0,62,0
2020-03-28,Shasta,089,179085,20,8,0,8,2
2020-03-28,Sierra,091,2930,0,0,0,0,0
2020-03-28,Siskiyou,093,43540,4,4,0,4,0
2020-03-28,Solano,095,438530,98,96,0,96,0
2020-03-28,Sonoma,097,501317,141,70,0,70,2
2020-03-28,Stanislaus,099,539301,83,34,3,37,0
2020-03-28,Sutter,101,95872,17,6,0,6,0
2020-03-28,Tehama,103,63373,1,0,0,0,0
2020-03-28,Trinity,105,12862,0,0,0,0,0
2020-03-28,Tulare,107,460477,111,46,3,49,0
2020-03-28,Tuolumne,109,53932,1,2,0,2,0
2020-03-28,Ventura,111,848112,270,178,0,178,4
2020-03-28,Yolo,113,214977,50,26,0,26,2
2020-03-28,Yuba,115,75493,8,6,0,6,0
2020-03-27,Alameda,001,1643700,592,185,1,186,4
2020-03-27,Alpine,003,1148,1,0,0,0,0
2020-03-27,Amador,005,37829,3,1,0,1,0
2020-03-27,Butte,007,227075,12,4,0,4,0
2020-03-27,Calaveras,009,45235,3,2,0,2,0
2020-03-27,Colusa,011,21464,3,0,0,0,0
2020-03-27,Contra Costa,013,1133247,390,161,0,161,2
2020-03-27,Del Norte,015,27424,0,0,0,0,0
2020-03-27,El Dorado,017,186661,27,9,0,9,0
2020-03-27,Fresno,019,978130,177,29,2,31,0
2020-03-27,Glenn,021,27897,2,0,0,0,0
2020-03-27,Humboldt,023,135768,41,9,0,9,0
2020-03-27,Imperial,025,180216,72,9,0,9,0
2020-03-27,Inyo,027,18085,9,0,0,0,0
2020-03-27,Kern,029,883053,200,20,0,20,0
2020-03-27,Kings,031,150075,27,0,1,1,0
2020-03-27,Lake,033,64148,0,0,0,0,0
2020-03-27,Lassen,035,31185,1,0,1,1,0
2020-03-27,Los Angeles,037,10098052,4924,1474,13,1487,26
2020-03-27,Madera,039,155013,41,10,0,10,1
2020-03-27,Marin,041,260295,110,58,0,58,0
2020-03-27,Mariposa,043,17540,0,0,0,0,0
2020-03-27,Mendocino,045,87422,5,2,0,2,0
2020-03-27,Merced,047,269075,26,3,0,3,0
2020-03-27,Modoc,049,8938,0,0,0,0,0
2020-03-27,Mono,051,14174,24,6,0,6,0
2020-03-27,Monterey,053,433212,68,26,2,28,1
2020-03-27,Napa,055,140530,27,5,0,5,0
2020-03-27,Nevada,057,99092,32,6,1,7,0
2020-03-27,Orange,059,3164182,1129,299,13,312,2
2020-03-27,Placer,061,380077,106,33,0,33,1
2020-03-27,Plumas,063,18699,0,0,0,0,0
2020-03-27,Riverside,065,2383286,952,121,12,133,7
2020-03-27,Sacramento,067,1510023,501,163,0,163,6
2020-03-27,San Benito,069,59416,28,9,0,9,1
2020-03-27,San Bernardino,071,2135413,512,77,0,77,2
2020-03-27,San Diego,073,3302833,1323,419,0,419,5
2020-03-27,San Francisco,075,870044,616,285,0,285,2
2020-03-27,San Joaquin,077,732212,199,73,3,76,3
2020-03-27,San Luis Obispo,079,281455,115,46,0,46,0
2020-03-27,San Mateo,081,765935,643,213,2,215,7
2020-03-27,Santa Barbara,083,443738,229,37,1,38,0
2020-03-27,Santa Clara,085,1922200,1276,557,2,559,25
2020-03-27,Santa Cruz,087,273765,75,31,0,31,0
2020-03-27,Shasta,089,179085,17,3,0,3,1
2020-03-27,Sierra,091,2930,0,0,0,0,0
2020-03-27,Siskiyou,093,43540,4,2,0,2,0
2020-03-27,Solano,095,438530,92,48,0,48,0
2020-03-27,Sonoma,097,501317,133,35,0,35,1
2020-03-27,Stanislaus,099,539301,81,16,3,19,0
2020-03-27,Sutter,101,95872,16,2,0,2,0
2020-03-27,Tehama,103,63373,1,0,0,0,0
2020-03-27,Trinity,105,12862,0,0,0,0,0
2020-03-27,Tulare,107,460477,103,15,3,18,0
2020-03-27,Tuolumne,109,53932,1,1,0,1,0
2020-03-27,Ventura,111,848112,261,80,0,80,2
2020-03-27,Yolo,113,214977,49,13,0,13,1
2020-03-27,Yuba,115,75493,7,3,0,3,0
2020-03-26,Alameda,001,1643700,552,172,1,173,4
2020-03-26,Alpine,003,1148,1,0,0,0,0
2020-03-26,Amador,005,37829,3,1,0,1,0
2020-03-26,Butte,007,227075,12,4,0,4,0
2020-03-26,Calaveras,009,45235,3,2,0,2,0
2020-03-26,Colusa,011,21464,3,0,0,0,0
2020-03-26,Contra Costa,013,1133247,380,147,0,147,2
2020-03-26,Del Norte,015,27424,0,0,0,0,0
2020-03-26,El Dorado,017,186661,25,7,0,7,0
2020-03-26,Fresno,019,978130,168,25,2,27,0
2020-03-26,Glenn,021,27897,2,0,0,0,0
2020-03-26,Humboldt,023,135768,37,8,0,8,0
2020-03-26,Imperial,025,180216,68,8,0,8,0
2020-03-26,Inyo,027,18085,8,0,0,0,0
2020-03-26,Kern,029,883053,184,20,0,20,0
2020-03-26,Kings,031,150075,27,0,1,1,0
2020-03-26,Lake,033,64148,0,0,0,0,0
2020-03-26,Lassen,035,31185,1,0,1,1,0
2020-03-26,Los Angeles,037,10098052,4521,1075,13,1088,19
2020-03-26,Madera,039,155013,39,8,0,8,0
2020-03-26,Marin,041,260295,101,56,0,56,0
2020-03-26,Mariposa,043,17540,0,0,0,0,0
2020-03-26,Mendocino,045,87422,4,1,0,1,0
2020-03-26,Merced,047,269075,23,1,0,1,0
2020-03-26,Modoc,049,8938,0,0,0,0,0
2020-03-26,Mono,051,14174,23,5,0,5,0
2020-03-26,Monterey,053,433212,65,25,2,27,1
2020-03-26,Napa,055,140530,26,5,0,5,0
2020-03-26,Nevada,057,99092,32,7,1,8,0
2020-03-26,Orange,059,3164182,1067,279,13,292,1
2020-03-26,Placer,061,380077,103,34,0,34,1
2020-03-26,Plumas,063,18699,0,0,0,0,0
2020-03-26,Riverside,065,2383286,881,118,12,130,7
2020-03-26,Sacramento,067,1510023,468,147,0,147,5
2020-03-26,San Benito,069,59416,28,8,0,8,1
2020-03-26,San Bernardino,071,2135413,446,57,0,57,1
2020-03-26,San Diego,073,3302833,1256,299,0,299,2
2020-03-26,San Francisco,075,870044,589,261,0,261,1
2020-03-26,San Joaquin,077,732212,188,69,3,72,3
2020-03-26,San Luis Obispo,079,281455,110,38,0,38,0
2020-03-26,San Mateo,081,765935,609,122,2,124,5
2020-03-26,Santa Barbara,083,443738,213,33,1,34,0
2020-03-26,Santa Clara,085,1922200,1232,487,2,489,20
2020-03-26,Santa Cruz,087,273765,71,30,0,30,0
2020-03-26,Shasta,089,179085,17,3,0,3,1
2020-03-26,Sierra,091,2930,0,0,0,0,0
2020-03-26,Siskiyou,093,43540,4,2,0,2,0
2020-03-26,Solano,095,438530,84,41,0,41,0
2020-03-26,Sonoma,097,501317,128,33,0,33,1
2020-03-26,Stanislaus,099,539301,79,15,3,18,0
2020-03-26,Sutter,101,95872,12,2,0,2,0
2020-03-26,Tehama,103,63373,1,0,0,0,0
2020-03-26,Trinity,105,12862,0,0,0,0,0
2020-03-26,Tulare,107,460477,94,15,3,18,0
2020-03-26,Tuolumne,109,53932,1,0,0,0,0
2020-03-26,Ventura,111,848112,245,70,0,70,1
2020-03-26,Yolo,113,214977,45,13,0,13,1
2020-03-26,Yuba,115,75493,7,3,0,3,0
2020-03-25,Alameda,001,1643700,531,134,1,135,3
2020-03-25,Alpine,003,1148,1,0,0,0,0
2020-03-25,Amador,005,37829,3,1,0,1,0
2020-03-25,Butte,007,227075,12,4,0,4,0
2020-03-25,Calaveras,009,45235,3,2,0,2,0
2020-03-25,Colusa,011,21464,2,0,0,0,0
2020-03-25,Contra Costa,013,1133247,366,131,0,131,1
2020-03-25,Del Norte,015,27424,0,0,0,0,0
2020-03-25,El Dorado,017,186661,25,5,0,5,0
2020-03-25,Fresno,019,978130,151,21,2,23,0
2020-03-25,Glenn,021,27897,2,0,0,0,0
2020-03-25,Humboldt,023,135768,34,3,0,3,0
2020-03-25,Imperial,025,180216,60,8,0,8,0
2020-03-25,Inyo,027,18085,5,0,0,0,0
2020-03-25,Kern,029,883053,164,13,0,13,0
2020-03-25,Kings,031,150075,25,0,1,1,0
2020-03-25,Lake,033,64148,0,0,0,0,0
2020-03-25,Lassen,035,31185,1,0,1,1,0
2020-03-25,Los Angeles,037,10098052,4126,725,13,738,10
2020-03-25,Madera,039,155013,37,6,0,6,0
2020-03-25,Marin,041,260295,95,47,0,47,0
2020-03-25,Mariposa,043,17540,0,0,0,0,0
2020-03-25,Mendocino,045,87422,3,1,0,1,0
2020-03-25,Merced,047,269075,19,0,0,0,0
2020-03-25,Modoc,049,8938,0,0,0,0,0
2020-03-25,Mono,051,14174,22,4,0,4,0
2020-03-25,Monterey,053,433212,62,23,2,25,1
2020-03-25,Napa,055,140530,26,5,0,5,0
2020-03-25,Nevada,057,99092,31,5,1,6,0
2020-03-25,Orange,059,3164182,1008,214,13,227,1
2020-03-25,Placer,061,380077,97,30,0,30,1
2020-03-25,Plumas,063,18699,0,1,0,1,0
2020-03-25,Riverside,065,2383286,810,87,12,99,5
2020-03-25,Sacramento,067,1510023,442,114,0,114,5
2020-03-25,San Benito,069,59416,27,4,0,4,1
2020-03-25,San Bernardino,071,2135413,407,46,0,46,1
2020-03-25,San Diego,073,3302833,1194,238,0,238,2
2020-03-25,San Francisco,075,870044,548,212,0,212,1
2020-03-25,San Joaquin,077,732212,175,64,3,67,2
2020-03-25,San Luis Obispo,079,281455,105,35,0,35,0
2020-03-25,San Mateo,081,765935,574,111,2,113,5
2020-03-25,Santa Barbara,083,443738,202,25,1,26,0
2020-03-25,Santa Clara,085,1922200,1188,452,2,454,20
2020-03-25,Santa Cruz,087,273765,68,26,0,26,0
2020-03-25,Shasta,089,179085,16,3,0,3,1
2020-03-25,Sierra,091,2930,0,0,0,0,0
2020-03-25,Siskiyou,093,43540,4,2,0,2,0
2020-03-25,Solano,095,438530,79,39,0,39,0
2020-03-25,Sonoma,097,501317,123,31,0,31,1
2020-03-25,Stanislaus,099,539301,72,14,3,17,0
2020-03-25,Sutter,101,95872,9,1,0,1,0
2020-03-25,Tehama,103,63373,1,0,0,0,0
2020-03-25,Trinity,105,12862,0,0,0,0,0
2020-03-25,Tulare,107,460477,84,11,3,14,0
2020-03-25,Tuolumne,109,53932,1,0,0,0,0
2020-03-25,Ventura,111,848112,229,53,0,53,1
2020-03-25,Yolo,113,214977,43,9,0,9,1
2020-03-25,Yuba,115,75493,7,2,0,2,0
2020-03-24,Alameda,001,1643700,499,96,1,97,2
2020-03-24,Alpine,003,1148,1,0,0,0,0
2020-03-24,Amador,005,37829,1,1,0,1,0
2020-03-24,Butte,007,227075,11,3,0,3,0
2020-03-24,Calaveras,009,45235,2,2,0,2,0
2020-03-24,Colusa,011,21464,2,0,0,0,0
2020-03-24,Contra Costa,013,1133247,352,108,0,108,1
2020-03-24,Del Norte,015,27424,0,0,0,0,0
2020-03-24,El Dorado,017,186661,25,3,0,3,0
2020-03-24,Fresno,019,978130,132,18,2,20,0
2020-03-24,Glenn,021,27897,2,0,0,0,0
2020-03-24,Humboldt,023,135768,32,2,0,2,0
2020-03-24,Imperial,025,180216,57,3,0,3,0
2020-03-24,Inyo,027,18085,5,0,0,0,0
2020-03-24,Kern,029,883053,144,5,0,5,0
2020-03-24,Kings,031,150075,24,0,1,1,0
2020-03-24,Lake,033,64148,0,0,0,0,0
2020-03-24,Lassen,035,31185,1,0,1,1,0
2020-03-24,Los Angeles,037,10098052,3674,633,13,646,7
2020-03-24,Madera,039,155013,36,6,0,6,0
2020-03-24,Marin,041,260295,84,44,0,44,0
2020-03-24,Mariposa,043,17540,0,0,0,0,0
2020-03-24,Mendocino,045,87422,3,1,0,1,0
2020-03-24,Merced,047,269075,17,0,0,0,0
2020-03-24,Modoc,049,8938,0,0,0,0,0
2020-03-24,Mono,051,14174,21,1,0,1,0
2020-03-24,Monterey,053,433212,58,23,2,25,1
2020-03-24,Napa,055,140530,23,2,0,2,0
2020-03-24,Nevada,057,99092,30,4,1,5,0
2020-03-24,Orange,059,3164182,945,166,13,179,0
2020-03-24,Placer,061,380077,90,22,0,22,1
2020-03-24,Plumas,063,18699,0,1,0,1,0
2020-03-24,Riverside,065,2383286,743,56,12,68,5
2020-03-24,Sacramento,067,1510023,423,93,0,93,4
2020-03-24,San Benito,069,59416,26,4,0,4,1
2020-03-24,San Bernardino,071,2135413,363,27,0,27,0
2020-03-24,San Diego,073,3302833,1127,231,0,231,2
2020-03-24,San Francisco,075,870044,516,181,0,181,1
2020-03-24,San Joaquin,077,732212,164,52,3,55,2
2020-03-24,San Luis Obispo,079,281455,102,32,0,32,0
2020-03-24,San Mateo,081,765935,533,100,2,102,2
2020-03-24,Santa Barbara,083,443738,196,20,1,21,0
2020-03-24,Santa Clara,085,1922200,1119,389,2,391,17
2020-03-24,Santa Cruz,087,273765,63,22,0,22,0
2020-03-24,Shasta,089,179085,15,3,0,3,0
2020-03-24,Sierra,091,2930,0,0,0,0,0
2020-03-24,Siskiyou,093,43540,4,2,0,2,0
2020-03-24,Solano,095,438530,77,34,0,34,0
2020-03-24,Sonoma,097,501317,116,27,0,27,1
2020-03-24,Stanislaus,099,539301,63,13,3,16,0
2020-03-24,Sutter,101,95872,9,0,0,0,0
2020-03-24,Tehama,103,63373,1,0,0,0,0
2020-03-24,Trinity,105,12862,0,0,0,0,0
2020-03-24,Tulare,107,460477,74,10,3,13,0
2020-03-24,Tuolumne,109,53932,1,0,0,0,0
2020-03-24,Ventura,111,848112,213,44,0,44,1
2020-03-24,Yolo,113,214977,39,8,0,8,0
2020-03-24,Yuba,115,75493,7,2,0,2,0
2020-03-23,Alameda,001,1643700,468,88,1,89,1
2020-03-23,Alpine,003,1148,1,0,0,0,0
2020-03-23,Amador,005,37829,1,1,0,1,0
2020-03-23,Butte,007,227075,11,2,0,2,0
2020-03-23,Calaveras,009,45235,2,2,0,2,0
2020-03-23,Colusa,011,21464,1,0,0,0,0
2020-03-23,Contra Costa,013,1133247,332,91,0,91,2
2020-03-23,Del Norte,015,27424,0,0,0,0,0
2020-03-23,El Dorado,017,186661,24,3,0,3,0
2020-03-23,Fresno,019,978130,122,10,2,12,0
2020-03-23,Glenn,021,27897,2,0,0,0,0
2020-03-23,Humboldt,023,135768,30,2,0,2,0
2020-03-23,Imperial,025,180216,53,2,0,2,0
2020-03-23,Inyo,027,18085,3,0,0,0,0
2020-03-23,Kern,029,883053,130,5,0,5,0
2020-03-23,Kings,031,150075,24,0,1,1,0
2020-03-23,Lake,033,64148,0,0,0,0,0
2020-03-23,Lassen,035,31185,1,0,1,1,0
2020-03-23,Los Angeles,037,10098052,3370,389,13,402,4
2020-03-23,Madera,039,155013,36,4,0,4,0
2020-03-23,Marin,041,260295,79,30,0,30,0
2020-03-23,Mariposa,043,17540,0,0,0,0,0
2020-03-23,Mendocino,045,87422,3,1,0,1,0
2020-03-23,Merced,047,269075,11,0,0,0,0
2020-03-23,Modoc,049,8938,0,0,0,0,0
2020-03-23,Mono,051,14174,19,1,0,1,0
2020-03-23,Monterey,053,433212,53,14,2,16,1
2020-03-23,Napa,055,140530,21,1,0,1,0
2020-03-23,Nevada,057,99092,27,2,1,3,0
2020-03-23,Orange,059,3164182,890,138,12,150,0
2020-03-23,Placer,061,380077,87,19,0,19,1
2020-03-23,Plumas,063,18699,0,0,0,0,0
2020-03-23,Riverside,065,2383286,700,39,12,51,5
2020-03-23,Sacramento,067,1510023,390,87,0,87,4
2020-03-23,San Benito,069,59416,25,4,0,4,1
2020-03-23,San Bernardino,071,2135413,333,17,0,17,0
2020-03-23,San Diego,073,3302833,1068,178,0,178,1
2020-03-23,San Francisco,075,870044,487,152,0,152,0
2020-03-23,San Joaquin,077,732212,153,37,3,40,2
2020-03-23,San Luis Obispo,079,281455,96,23,0,23,0
2020-03-23,San Mateo,081,765935,495,88,2,90,1
2020-03-23,Santa Barbara,083,443738,175,18,1,19,0
2020-03-23,Santa Clara,085,1922200,1071,336,2,338,13
2020-03-23,Santa Cruz,087,273765,61,21,0,21,0
2020-03-23,Shasta,089,179085,13,2,0,2,0
2020-03-23,Sierra,091,2930,0,0,0,0,0
2020-03-23,Siskiyou,093,43540,4,2,0,2,0
2020-03-23,Solano,095,438530,73,33,0,33,0
2020-03-23,Sonoma,097,501317,104,19,0,19,1
2020-03-23,Stanislaus,099,539301,55,10,3,13,0
2020-03-23,Sutter,101,95872,9,0,0,0,0
2020-03-23,Tehama,103,63373,1,0,0,0,0
2020-03-23,Trinity,105,12862,0,0,0,0,0
2020-03-23,Tulare,107,460477,65,9,3,12,0
2020-03-23,Tuolumne,109,53932,1,0,0,0,0
2020-03-23,Ventura,111,848112,196,30,0,30,0
2020-03-23,Yolo,113,214977,38,8,0,8,0
2020-03-23,Yuba,115,75493,7,2,0,2,0
2020-03-22,Alameda,001,1643700,429,72,1,73,1
2020-03-22,Alpine,003,1148,1,0,0,0,0
2020-03-22,Amador,005,37829,1,1,0,1,0
2020-03-22,Butte,007,227075,8,1,0,1,0
2020-03-22,Calaveras,009,45235,2,2,0,2,0
2020-03-22,Colusa,011,21464,1,0,0,0,0
2020-03-22,Contra Costa,013,1133247,305,79,0,79,1
2020-03-22,Del Norte,015,27424,0,0,0,0,0
2020-03-22,El Dorado,017,186661,22,1,0,1,0
2020-03-22,Fresno,019,978130,102,8,2,10,0
2020-03-22,Glenn,021,27897,2,0,0,0,0
2020-03-22,Humboldt,023,135768,27,1,0,1,0
2020-03-22,Imperial,025,180216,51,2,0,2,0
2020-03-22,Inyo,027,18085,1,0,0,0,0
2020-03-22,Kern,029,883053,114,3,0,3,0
2020-03-22,Kings,031,150075,21,0,1,1,0
2020-03-22,Lake,033,64148,0,0,0,0,0
2020-03-22,Lassen,035,31185,1,0,1,1,0
2020-03-22,Los Angeles,037,10098052,3049,384,13,397,3
2020-03-22,Madera,039,155013,33,4,0,4,0
2020-03-22,Marin,041,260295,69,30,0,30,0
2020-03-22,Mariposa,043,17540,0,0,0,0,0
2020-03-22,Mendocino,045,87422,3,1,0,1,0
2020-03-22,Merced,047,269075,7,0,0,0,0
2020-03-22,Modoc,049,8938,0,0,0,0,0
2020-03-22,Mono,051,14174,14,1,0,1,0
2020-03-22,Monterey,053,433212,50,14,2,16,1
2020-03-22,Napa,055,140530,17,1,0,1,0
2020-03-22,Nevada,057,99092,23,2,1,3,0
2020-03-22,Orange,059,3164182,817,102,9,111,0
2020-03-22,Placer,061,380077,84,18,0,18,1
2020-03-22,Plumas,063,18699,0,0,0,0,0
2020-03-22,Riverside,065,2383286,611,26,8,34,5
2020-03-22,Sacramento,067,1510023,358,82,0,82,4
2020-03-22,San Benito,069,59416,20,4,0,4,1
2020-03-22,San Bernardino,071,2135413,290,16,0,16,0
2020-03-22,San Diego,073,3302833,980,161,0,161,0
2020-03-22,San Francisco,075,870044,450,134,0,134,0
2020-03-22,San Joaquin,077,732212,139,30,3,33,2
2020-03-22,San Luis Obispo,079,281455,90,19,0,19,0
2020-03-22,San Mateo,081,765935,462,82,2,84,1
2020-03-22,Santa Barbara,083,443738,157,16,1,17,0
2020-03-22,Santa Clara,085,1922200,1007,284,2,286,13
2020-03-22,Santa Cruz,087,273765,60,19,0,19,0
2020-03-22,Shasta,089,179085,13,1,0,1,0
2020-03-22,Sierra,091,2930,0,0,0,0,0
2020-03-22,Siskiyou,093,43540,4,2,0,2,0
2020-03-22,Solano,095,438530,64,30,0,30,0
2020-03-22,Sonoma,097,501317,99,18,0,18,1
2020-03-22,Stanislaus,099,539301,49,8,3,11,0
2020-03-22,Sutter,101,95872,8,0,0,0,0
2020-03-22,Tehama,103,63373,0,0,0,0,0
2020-03-22,Trinity,105,12862,0,0,0,0,0
2020-03-22,Tulare,107,460477,59,5,3,8,0
2020-03-22,Tuolumne,109,53932,1,0,0,0,0
2020-03-22,Ventura,111,848112,174,26,0,26,0
2020-03-22,Yolo,113,214977,32,6,0,6,0
2020-03-22,Yuba,115,75493,7,2,0,2,0
2020-03-21,Alameda,001,1643700,405,62,1,63,0
2020-03-21,Alpine,003,1148,1,0,0,0,0
2020-03-21,Amador,005,37829,1,1,0,1,0
2020-03-21,Butte,007,227075,7,1,0,1,0
2020-03-21,Calaveras,009,45235,2,2,0,2,0
2020-03-21,Colusa,011,21464,1,0,0,0,0
2020-03-21,Contra Costa,013,1133247,294,62,0,62,1
2020-03-21,Del Norte,015,27424,0,0,0,0,0
2020-03-21,El Dorado,017,186661,19,1,0,1,0
2020-03-21,Fresno,019,978130,98,8,2,10,0
2020-03-21,Glenn,021,27897,2,0,0,0,0
2020-03-21,Humboldt,023,135768,25,1,0,1,0
2020-03-21,Imperial,025,180216,47,2,0,2,0
2020-03-21,Inyo,027,18085,1,0,0,0,0
2020-03-21,Kern,029,883053,108,3,0,3,0
2020-03-21,Kings,031,150075,21,0,1,1,0
2020-03-21,Lake,033,64148,0,0,0,0,0
2020-03-21,Lassen,035,31185,1,0,1,1,0
2020-03-21,Los Angeles,037,10098052,2776,322,13,335,2
2020-03-21,Madera,039,155013,33,4,0,4,0
2020-03-21,Marin,041,260295,64,30,0,30,0
2020-03-21,Mariposa,043,17540,0,0,0,0,0
2020-03-21,Mendocino,045,87422,3,1,0,1,0
2020-03-21,Merced,047,269075,6,0,0,0,0
2020-03-21,Modoc,049,8938,0,0,0,0,0
2020-03-21,Mono,051,14174,14,1,0,1,0
2020-03-21,Monterey,053,433212,47,8,2,10,1
2020-03-21,Napa,055,140530,17,0,0,0,0
2020-03-21,Nevada,057,99092,23,2,1,3,0
2020-03-21,Orange,059,3164182,768,85,9,94,0
2020-03-21,Placer,061,380077,75,11,0,11,1
2020-03-21,Plumas,063,18699,0,0,0,0,0
2020-03-21,Riverside,065,2383286,565,20,8,28,3
2020-03-21,Sacramento,067,1510023,331,66,0,66,3
2020-03-21,San Benito,069,59416,18,4,0,4,1
2020-03-21,San Bernardino,071,2135413,270,13,0,13,0
2020-03-21,San Diego,073,3302833,903,121,0,121,0
2020-03-21,San Francisco,075,870044,414,106,0,106,0
2020-03-21,San Joaquin,077,732212,130,26,3,29,2
2020-03-21,San Luis Obispo,079,281455,85,16,0,16,0
2020-03-21,San Mateo,081,765935,424,78,2,80,1
2020-03-21,Santa Barbara,083,443738,142,8,1,9,0
2020-03-21,Santa Clara,085,1922200,946,269,2,271,10
2020-03-21,Santa Cruz,087,273765,58,17,0,17,0
2020-03-21,Shasta,089,179085,12,1,0,1,0
2020-03-21,Sierra,091,2930,0,0,0,0,0
2020-03-21,Siskiyou,093,43540,4,0,0,0,0
2020-03-21,Solano,095,438530,62,30,0,30,0
2020-03-21,Sonoma,097,501317,98,15,0,15,1
2020-03-21,Stanislaus,099,539301,43,7,3,10,0
2020-03-21,Sutter,101,95872,7,0,0,0,0
2020-03-21,Tehama,103,63373,0,0,0,0,0
2020-03-21,Trinity,105,12862,0,0,0,0,0
2020-03-21,Tulare,107,460477,52,5,3,8,0
2020-03-21,Tuolumne,109,53932,1,0,0,0,0
2020-03-21,Ventura,111,848112,166,22,0,22,0
2020-03-21,Yolo,113,214977,32,6,0,6,0
2020-03-21,Yuba,115,75493,7,1,0,1,0
2020-03-20,Alameda,001,1643700,384,42,1,43,0
2020-03-20,Alpine,003,1148,1,0,0,0,0
2020-03-20,Amador,005,37829,0,0,0,0,0
2020-03-20,Butte,007,227075,7,0,0,0,0
2020-03-20,Calaveras,009,45235,2,2,0,2,0
2020-03-20,Colusa,011,21464,1,0,0,0,0
2020-03-20,Contra Costa,013,1133247,264,52,0,52,1
2020-03-20,Del Norte,015,27424,0,0,0,0,0
2020-03-20,El Dorado,017,186661,18,1,0,1,0
2020-03-20,Fresno,019,978130,95,7,2,9,0
2020-03-20,Glenn,021,27897,1,0,0,0,0
2020-03-20,Humboldt,023,135768,25,1,0,1,0
2020-03-20,Imperial,025,180216,46,2,0,2,0
2020-03-20,Inyo,027,18085,0,0,0,0,0
2020-03-20,Kern,029,883053,93,3,0,3,0
2020-03-20,Kings,031,150075,20,0,1,1,0
2020-03-20,Lake,033,64148,0,0,0,0,0
2020-03-20,Lassen,035,31185,1,0,1,1,0
2020-03-20,Los Angeles,037,10098052,2551,267,12,279,1
2020-03-20,Madera,039,155013,32,4,0,4,0
2020-03-20,Marin,041,260295,61,30,0,30,0
2020-03-20,Mariposa,043,17540,0,0,0,0,0
2020-03-20,Mendocino,045,87422,3,1,0,1,0
2020-03-20,Merced,047,269075,6,0,0,0,0
2020-03-20,Modoc,049,8938,0,0,0,0,0
2020-03-20,Mono,051,14174,14,0,0,0,0
2020-03-20,Monterey,053,433212,46,4,2,6,0
2020-03-20,Napa,055,140530,16,0,0,0,0
2020-03-20,Nevada,057,99092,20,2,1,3,0
2020-03-20,Orange,059,3164182,721,71,9,80,2
2020-03-20,Placer,061,380077,69,9,0,9,1
2020-03-20,Plumas,063,18699,0,0,0,0,0
2020-03-20,Riverside,065,2383286,506,19,8,27,3
2020-03-20,Sacramento,067,1510023,310,56,0,56,4
2020-03-20,San Benito,069,59416,18,4,0,4,1
2020-03-20,San Bernardino,071,2135413,243,9,0,9,0
2020-03-20,San Diego,073,3302833,851,98,0,98,0
2020-03-20,San Francisco,075,870044,382,87,0,87,0
2020-03-20,San Joaquin,077,732212,115,18,3,21,2
2020-03-20,San Luis Obispo,079,281455,81,11,0,11,0
2020-03-20,San Mateo,081,765935,394,71,2,73,1
2020-03-20,Santa Barbara,083,443738,124,7,1,8,0
2020-03-20,Santa Clara,085,1922200,908,246,2,248,8
2020-03-20,Santa Cruz,087,273765,56,13,0,13,0
2020-03-20,Shasta,089,179085,11,1,0,1,0
2020-03-20,Sierra,091,2930,0,0,0,0,0
2020-03-20,Siskiyou,093,43540,4,0,0,0,0
2020-03-20,Solano,095,438530,58,29,0,29,0
2020-03-20,Sonoma,097,501317,90,7,0,7,0
2020-03-20,Stanislaus,099,539301,37,7,3,10,0
2020-03-20,Sutter,101,95872,7,0,0,0,0
2020-03-20,Tehama,103,63373,0,0,0,0,0
2020-03-20,Trinity,105,12862,0,0,0,0,0
2020-03-20,Tulare,107,460477,48,4,3,7,0
2020-03-20,Tuolumne,109,53932,1,0,0,0,0
2020-03-20,Ventura,111,848112,156,18,0,18,0
2020-03-20,Yolo,113,214977,30,5,0,5,0
2020-03-20,Yuba,115,75493,6,0,0,0,0
2020-03-19,Alameda,001,1643700,348,36,1,37,0
2020-03-19,Alpine,003,1148,1,0,0,0,0
2020-03-19,Amador,005,37829,0,0,0,0,0
2020-03-19,Butte,007,227075,5,0,0,0,0
2020-03-19,Calaveras,009,45235,2,2,0,2,0
2020-03-19,Colusa,011,21464,0,0,0,0,0
2020-03-19,Contra Costa,013,1133247,248,46,0,46,0
2020-03-19,Del Norte,015,27424,0,0,0,0,0
2020-03-19,El Dorado,017,186661,17,0,0,0,0
2020-03-19,Fresno,019,978130,86,6,2,8,0
2020-03-19,Glenn,021,27897,1,0,0,0,0
2020-03-19,Humboldt,023,135768,23,1,0,1,0
2020-03-19,Imperial,025,180216,39,2,0,2,0
2020-03-19,Inyo,027,18085,0,0,0,0,0
2020-03-19,Kern,029,883053,81,3,0,3,0
2020-03-19,Kings,031,150075,16,0,1,1,0
2020-03-19,Lake,033,64148,0,0,0,0,0
2020-03-19,Lassen,035,31185,0,0,1,1,0
2020-03-19,Los Angeles,037,10098052,2264,233,12,245,0
2020-03-19,Madera,039,155013,31,3,0,3,0
2020-03-19,Marin,041,260295,58,19,0,19,0
2020-03-19,Mariposa,043,17540,0,0,0,0,0
2020-03-19,Mendocino,045,87422,2,1,0,1,0
2020-03-19,Merced,047,269075,5,0,0,0,0
2020-03-19,Modoc,049,8938,0,0,0,0,0
2020-03-19,Mono,051,14174,12,0,0,0,0
2020-03-19,Monterey,053,433212,38,3,2,5,0
2020-03-19,Napa,055,140530,14,0,0,0,0
2020-03-19,Nevada,057,99092,18,2,1,3,0
2020-03-19,Orange,059,3164182,638,59,9,68,0
2020-03-19,Placer,061,380077,61,8,0,8,1
2020-03-19,Plumas,063,18699,0,0,0,0,0
2020-03-19,Riverside,065,2383286,395,14,6,20,3
2020-03-19,Sacramento,067,1510023,277,52,0,52,3
2020-03-19,San Benito,069,59416,15,3,0,3,0
2020-03-19,San Bernardino,071,2135413,213,7,0,7,0
2020-03-19,San Diego,073,3302833,768,68,0,68,0
2020-03-19,San Francisco,075,870044,346,80,0,80,0
2020-03-19,San Joaquin,077,732212,102,15,3,18,2
2020-03-19,San Luis Obispo,079,281455,78,6,0,6,0
2020-03-19,San Mateo,081,765935,359,58,2,60,1
2020-03-19,Santa Barbara,083,443738,107,5,0,5,0
2020-03-19,Santa Clara,085,1922200,841,183,2,185,8
2020-03-19,Santa Cruz,087,273765,53,13,0,13,0
2020-03-19,Shasta,089,179085,10,1,0,1,0
2020-03-19,Sierra,091,2930,0,0,0,0,0
2020-03-19,Siskiyou,093,43540,3,0,0,0,0
2020-03-19,Solano,095,438530,54,26,0,26,0
2020-03-19,Sonoma,097,501317,87,8,0,8,0
2020-03-19,Stanislaus,099,539301,36,7,3,10,0
2020-03-19,Sutter,101,95872,7,0,0,0,0
2020-03-19,Tehama,103,63373,0,0,0,0,0
2020-03-19,Trinity,105,12862,0,0,0,0,0
2020-03-19,Tulare,107,460477,42,3,3,6,0
2020-03-19,Tuolumne,109,53932,1,0,0,0,0
2020-03-19,Ventura,111,848112,134,15,0,15,0
2020-03-19,Yolo,113,214977,26,5,0,5,0
2020-03-19,Yuba,115,75493,5,0,0,0,0
2020-03-18,Alameda,001,1643700,320,29,1,30,0
2020-03-18,Alpine,003,1148,1,0,0,0,0
2020-03-18,Amador,005,37829,0,0,0,0,0
2020-03-18,Butte,007,227075,4,0,0,0,0
2020-03-18,Calaveras,009,45235,2,2,0,2,0
2020-03-18,Colusa,011,21464,0,0,0,0,0
2020-03-18,Contra Costa,013,1133247,227,44,0,44,0
2020-03-18,Del Norte,015,27424,0,0,0,0,0
2020-03-18,El Dorado,017,186661,16,0,0,0,0
2020-03-18,Fresno,019,978130,77,3,1,4,0
2020-03-18,Glenn,021,27897,1,0,0,0,0
2020-03-18,Humboldt,023,135768,19,1,0,1,0
2020-03-18,Imperial,025,180216,33,2,0,2,0
2020-03-18,Inyo,027,18085,0,0,0,0,0
2020-03-18,Kern,029,883053,66,1,0,1,0
2020-03-18,Kings,031,150075,14,0,1,1,0
2020-03-18,Lake,033,64148,0,0,0,0,0
2020-03-18,Lassen,035,31185,0,0,1,1,0
2020-03-18,Los Angeles,037,10098052,2025,47,12,59,0
2020-03-18,Madera,039,155013,30,2,0,2,0
2020-03-18,Marin,041,260295,53,10,0,10,0
2020-03-18,Mariposa,043,17540,0,0,0,0,0
2020-03-18,Mendocino,045,87422,2,0,0,0,0
2020-03-18,Merced,047,269075,5,0,0,0,0
2020-03-18,Modoc,049,8938,0,0,0,0,0
2020-03-18,Mono,051,14174,11,0,0,0,0
2020-03-18,Monterey,053,433212,30,1,1,2,0
2020-03-18,Napa,055,140530,11,0,0,0,0
2020-03-18,Nevada,057,99092,16,2,1,3,0
2020-03-18,Orange,059,3164182,581,38,9,47,0
2020-03-18,Placer,061,380077,54,8,0,8,1
2020-03-18,Plumas,063,18699,0,0,0,0,0
2020-03-18,Riverside,065,2383286,333,11,5,16,2
2020-03-18,Sacramento,067,1510023,254,46,0,46,3
2020-03-18,San Benito,069,59416,14,3,0,3,0
2020-03-18,San Bernardino,071,2135413,191,3,0,3,0
2020-03-18,San Diego,073,3302833,683,40,0,40,0
2020-03-18,San Francisco,075,870044,327,65,0,65,0
2020-03-18,San Joaquin,077,732212,90,14,3,17,2
2020-03-18,San Luis Obispo,079,281455,71,5,0,5,0
2020-03-18,San Mateo,081,765935,337,57,2,59,1
2020-03-18,Santa Barbara,083,443738,92,2,0,2,0
2020-03-18,Santa Clara,085,1922200,791,151,2,153,6
2020-03-18,Santa Cruz,087,273765,51,11,0,11,0
2020-03-18,Shasta,089,179085,9,1,0,1,0
2020-03-18,Sierra,091,2930,0,0,0,0,0
2020-03-18,Siskiyou,093,43540,3,0,0,0,0
2020-03-18,Solano,095,438530,50,26,0,26,0
2020-03-18,Sonoma,097,501317,78,6,0,6,0
2020-03-18,Stanislaus,099,539301,32,5,2,7,0
2020-03-18,Sutter,101,95872,5,0,0,0,0
2020-03-18,Tehama,103,63373,0,0,0,0,0
2020-03-18,Trinity,105,12862,0,0,0,0,0
2020-03-18,Tulare,107,460477,32,3,3,6,0
2020-03-18,Tuolumne,109,53932,1,0,0,0,0
2020-03-18,Ventura,111,848112,115,11,0,11,0
2020-03-18,Yolo,113,214977,23,4,0,4,0
2020-03-18,Yuba,115,75493,4,0,0,0,0
2020-03-17,Alameda,001,1643700,288,19,0,19,0
2020-03-17,Alpine,003,1148,0,0,0,0,0
2020-03-17,Amador,005,37829,0,0,0,0,0
2020-03-17,Butte,007,227075,4,0,0,0,0
2020-03-17,Calaveras,009,45235,2,2,0,2,0
2020-03-17,Colusa,011,21464,0,0,0,0,0
2020-03-17,Contra Costa,013,1133247,205,37,0,37,0
2020-03-17,Del Norte,015,27424,0,0,0,0,0
2020-03-17,El Dorado,017,186661,15,0,0,0,0
2020-03-17,Fresno,019,978130,67,2,1,3,0
2020-03-17,Glenn,021,27897,1,0,0,0,0
2020-03-17,Humboldt,023,135768,17,1,0,1,0
2020-03-17,Imperial,025,180216,27,2,0,2,0
2020-03-17,Inyo,027,18085,0,0,0,0,0
2020-03-17,Kern,029,883053,52,0,0,0,0
2020-03-17,Kings,031,150075,11,0,1,1,0
2020-03-17,Lake,033,64148,0,0,0,0,0
2020-03-17,Lassen,035,31185,0,0,1,1,0
2020-03-17,Los Angeles,037,10098052,1824,41,12,53,0
2020-03-17,Madera,039,155013,23,2,0,2,0
2020-03-17,Marin,041,260295,46,4,0,4,0
2020-03-17,Mariposa,043,17540,0,0,0,0,0
2020-03-17,Mendocino,045,87422,2,0,0,0,0
2020-03-17,Merced,047,269075,5,0,0,0,0
2020-03-17,Modoc,049,8938,0,0,0,0,0
2020-03-17,Mono,051,14174,9,0,0,0,0
2020-03-17,Monterey,053,433212,28,0,1,1,0
2020-03-17,Napa,055,140530,8,0,0,0,0
2020-03-17,Nevada,057,99092,15,1,1,2,0
2020-03-17,Orange,059,3164182,503,24,8,32,0
2020-03-17,Placer,061,380077,44,7,0,7,1
2020-03-17,Plumas,063,18699,0,0,0,0,0
2020-03-17,Riverside,065,2383286,271,11,5,16,0
2020-03-17,Sacramento,067,1510023,234,36,0,36,1
2020-03-17,San Benito,069,59416,12,2,0,2,0
2020-03-17,San Bernardino,071,2135413,163,2,0,2,0
2020-03-17,San Diego,073,3302833,616,17,0,17,0
2020-03-17,San Francisco,075,870044,300,46,0,46,0
2020-03-17,San Joaquin,077,732212,84,11,3,14,0
2020-03-17,San Luis Obispo,079,281455,63,1,0,1,0
2020-03-17,San Mateo,081,765935,305,46,2,48,1
2020-03-17,Santa Barbara,083,443738,78,0,0,0,0
2020-03-17,Santa Clara,085,1922200,733,121,2,123,4
2020-03-17,Santa Cruz,087,273765,48,10,0,10,0
2020-03-17,Shasta,089,179085,5,1,0,1,0
2020-03-17,Sierra,091,2930,0,0,0,0,0
2020-03-17,Siskiyou,093,43540,3,0,0,0,0
2020-03-17,Solano,095,438530,47,27,0,27,0
2020-03-17,Sonoma,097,501317,70,4,0,4,0
2020-03-17,Stanislaus,099,539301,29,4,2,6,0
2020-03-17,Sutter,101,95872,5,0,0,0,0
2020-03-17,Tehama,103,63373,0,0,0,0,0
2020-03-17,Trinity,105,12862,0,0,0,0,0
2020-03-17,Tulare,107,460477,27,2,3,5,0
2020-03-17,Tuolumne,109,53932,1,0,0,0,0
2020-03-17,Ventura,111,848112,98,7,0,7,0
2020-03-17,Yolo,113,214977,19,2,0,2,0
2020-03-17,Yuba,115,75493,4,0,0,0,0
2020-03-16,Alameda,001,1643700,260,17,0,17,0
2020-03-16,Alpine,003,1148,0,0,0,0,0
2020-03-16,Amador,005,37829,0,0,0,0,0
2020-03-16,Butte,007,227075,3,0,0,0,0
2020-03-16,Calaveras,009,45235,2,2,0,2,0
2020-03-16,Colusa,011,21464,0,0,0,0,0
2020-03-16,Contra Costa,013,1133247,183,36,0,36,0
2020-03-16,Del Norte,015,27424,0,0,0,0,0
2020-03-16,El Dorado,017,186661,14,0,0,0,0
2020-03-16,Fresno,019,978130,52,2,1,3,0
2020-03-16,Glenn,021,27897,0,0,0,0,0
2020-03-16,Humboldt,023,135768,13,1,0,1,0
2020-03-16,Imperial,025,180216,22,2,0,2,0
2020-03-16,Inyo,027,18085,0,0,0,0,0
2020-03-16,Kern,029,883053,43,0,0,0,0
2020-03-16,Kings,031,150075,10,0,1,1,0
2020-03-16,Lake,033,64148,0,0,0,0,0
2020-03-16,Lassen,035,31185,0,0,0,0,0
2020-03-16,Los Angeles,037,10098052,1589,43,12,55,0
2020-03-16,Madera,039,155013,22,2,0,2,0
2020-03-16,Marin,041,260295,43,4,0,4,0
2020-03-16,Mariposa,043,17540,0,0,0,0,0
2020-03-16,Mendocino,045,87422,2,0,0,0,0
2020-03-16,Merced,047,269075,5,0,0,0,0
2020-03-16,Modoc,049,8938,0,0,0,0,0
2020-03-16,Mono,051,14174,7,0,0,0,0
2020-03-16,Monterey,053,433212,27,0,1,1,0
2020-03-16,Napa,055,140530,7,0,0,0,0
2020-03-16,Nevada,057,99092,11,1,1,2,0
2020-03-16,Orange,059,3164182,420,18,8,26,0
2020-03-16,Placer,061,380077,36,7,0,7,1
2020-03-16,Plumas,063,18699,0,0,0,0,0
2020-03-16,Riverside,065,2383286,235,10,5,15,0
2020-03-16,Sacramento,067,1510023,207,34,0,34,1
2020-03-16,San Benito,069,59416,8,2,0,2,0
2020-03-16,San Bernardino,071,2135413,143,1,0,1,0
2020-03-16,San Diego,073,3302833,525,17,0,17,0
2020-03-16,San Francisco,075,870044,262,40,0,40,0
2020-03-16,San Joaquin,077,732212,74,9,3,12,0
2020-03-16,San Luis Obispo,079,281455,56,1,0,1,0
2020-03-16,San Mateo,081,765935,269,42,2,44,1
2020-03-16,Santa Barbara,083,443738,66,0,0,0,0
2020-03-16,Santa Clara,085,1922200,657,115,1,116,2
2020-03-16,Santa Cruz,087,273765,44,9,0,9,0
2020-03-16,Shasta,089,179085,5,1,0,1,0
2020-03-16,Sierra,091,2930,0,0,0,0,0
2020-03-16,Siskiyou,093,43540,2,0,0,0,0
2020-03-16,Solano,095,438530,43,27,0,27,0
2020-03-16,Sonoma,097,501317,63,4,0,4,0
2020-03-16,Stanislaus,099,539301,26,2,2,4,0
2020-03-16,Sutter,101,95872,3,0,0,0,0
2020-03-16,Tehama,103,63373,0,0,0,0,0
2020-03-16,Trinity,105,12862,0,0,0,0,0
2020-03-16,Tulare,107,460477,23,2,3,5,0
2020-03-16,Tuolumne,109,53932,1,0,0,0,0
2020-03-16,Ventura,111,848112,88,7,0,7,0
2020-03-16,Yolo,113,214977,18,2,0,2,0
2020-03-16,Yuba,115,75493,3,0,0,0,0
2020-03-15,Alameda,001,1643700,214,17,0,17,0
2020-03-15,Alpine,003,1148,0,0,0,0,0
2020-03-15,Amador,005,37829,0,0,0,0,0
2020-03-15,Butte,007,227075,3,0,0,0,0
2020-03-15,Calaveras,009,45235,2,2,0,2,0
2020-03-15,Colusa,011,21464,0,0,0,0,0
2020-03-15,Contra Costa,013,1133247,160,34,0,34,0
2020-03-15,Del Norte,015,27424,0,0,0,0,0
2020-03-15,El Dorado,017,186661,13,0,0,0,0
2020-03-15,Fresno,019,978130,32,1,1,2,0
2020-03-15,Glenn,021,27897,0,0,0,0,0
2020-03-15,Humboldt,023,135768,11,1,0,1,0
2020-03-15,Imperial,025,180216,17,2,0,2,0
2020-03-15,Inyo,027,18085,0,0,0,0,0
2020-03-15,Kern,029,883053,37,0,0,0,0
2020-03-15,Kings,031,150075,10,0,1,1,0
2020-03-15,Lake,033,64148,0,0,0,0,0
2020-03-15,Lassen,035,31185,0,0,0,0,0
2020-03-15,Los Angeles,037,10098052,1349,41,12,53,0
2020-03-15,Madera,039,155013,21,2,0,2,0
2020-03-15,Marin,041,260295,37,3,0,3,0
2020-03-15,Mariposa,043,17540,0,0,0,0,0
2020-03-15,Mendocino,045,87422,2,0,0,0,0
2020-03-15,Merced,047,269075,3,0,0,0,0
2020-03-15,Modoc,049,8938,0,0,0,0,0
2020-03-15,Mono,051,14174,6,0,0,0,0
2020-03-15,Monterey,053,433212,20,0,0,0,0
2020-03-15,Napa,055,140530,7,0,0,0,0
2020-03-15,Nevada,057,99092,11,0,1,1,0
2020-03-15,Orange,059,3164182,348,16,2,18,0
2020-03-15,Placer,061,380077,31,7,0,7,1
2020-03-15,Plumas,063,18699,0,0,0,0,0
2020-03-15,Riverside,065,2383286,183,10,5,15,0
2020-03-15,Sacramento,067,1510023,171,30,0,30,1
2020-03-15,San Benito,069,59416,8,2,0,2,0
2020-03-15,San Bernardino,071,2135413,121,0,0,0,0
2020-03-15,San Diego,073,3302833,438,16,0,16,0
2020-03-15,San Francisco,075,870044,206,31,0,31,0
2020-03-15,San Joaquin,077,732212,63,6,3,9,0
2020-03-15,San Luis Obispo,079,281455,46,1,0,1,0
2020-03-15,San Mateo,081,765935,236,29,1,30,1
2020-03-15,Santa Barbara,083,443738,56,0,0,0,0
2020-03-15,Santa Clara,085,1922200,585,79,1,80,2
2020-03-15,Santa Cruz,087,273765,38,8,0,8,0
2020-03-15,Shasta,089,179085,5,1,0,1,0
2020-03-15,Sierra,091,2930,0,0,0,0,0
2020-03-15,Siskiyou,093,43540,2,0,0,0,0
2020-03-15,Solano,095,438530,42,26,0,26,0
2020-03-15,Sonoma,097,501317,54,4,0,4,0
2020-03-15,Stanislaus,099,539301,26,2,2,4,0
2020-03-15,Sutter,101,95872,2,0,0,0,0
2020-03-15,Tehama,103,63373,0,0,0,0,0
2020-03-15,Trinity,105,12862,0,0,0,0,0
2020-03-15,Tulare,107,460477,17,2,3,5,0
2020-03-15,Tuolumne,109,53932,1,0,0,0,0
2020-03-15,Ventura,111,848112,77,5,0,5,0
2020-03-15,Yolo,113,214977,15,2,0,2,0
2020-03-15,Yuba,115,75493,2,0,0,0,0
2020-03-14,Alameda,001,1643700,195,11,0,11,0
2020-03-14,Alpine,003,1148,0,0,0,0,0
2020-03-14,Amador,005,37829,0,0,0,0,0
2020-03-14,Butte,007,227075,2,0,0,0,0
2020-03-14,Calaveras,009,45235,2,2,0,2,0
2020-03-14,Colusa,011,21464,0,0,0,0,0
2020-03-14,Contra Costa,013,1133247,138,30,0,30,0
2020-03-14,Del Norte,015,27424,0,0,0,0,0
2020-03-14,El Dorado,017,186661,11,0,0,0,0
2020-03-14,Fresno,019,978130,24,1,1,2,0
2020-03-14,Glenn,021,27897,0,0,0,0,0
2020-03-14,Humboldt,023,135768,7,1,0,1,0
2020-03-14,Imperial,025,180216,13,2,0,2,0
2020-03-14,Inyo,027,18085,0,0,0,0,0
2020-03-14,Kern,029,883053,32,0,0,0,0
2020-03-14,Kings,031,150075,10,0,1,1,0
2020-03-14,Lake,033,64148,0,0,0,0,0
2020-03-14,Lassen,035,31185,0,0,0,0,0
2020-03-14,Los Angeles,037,10098052,1171,35,12,47,0
2020-03-14,Madera,039,155013,20,2,0,2,0
2020-03-14,Marin,041,260295,36,3,0,3,0
2020-03-14,Mariposa,043,17540,0,0,0,0,0
2020-03-14,Mendocino,045,87422,2,0,0,0,0
2020-03-14,Merced,047,269075,3,0,0,0,0
2020-03-14,Modoc,049,8938,0,0,0,0,0
2020-03-14,Mono,051,14174,5,0,0,0,0
2020-03-14,Monterey,053,433212,14,0,0,0,0
2020-03-14,Napa,055,140530,5,0,0,0,0
2020-03-14,Nevada,057,99092,8,0,1,1,0
2020-03-14,Orange,059,3164182,309,14,0,14,0
2020-03-14,Placer,061,380077,28,6,0,6,1
2020-03-14,Plumas,063,18699,0,0,0,0,0
2020-03-14,Riverside,065,2383286,163,10,5,15,0
2020-03-14,Sacramento,067,1510023,150,31,0,31,1
2020-03-14,San Benito,069,59416,8,2,0,2,0
2020-03-14,San Bernardino,071,2135413,102,0,0,0,0
2020-03-14,San Diego,073,3302833,363,10,0,10,0
2020-03-14,San Francisco,075,870044,185,29,0,29,0
2020-03-14,San Joaquin,077,732212,54,6,3,9,0
2020-03-14,San Luis Obispo,079,281455,41,0,0,0,0
2020-03-14,San Mateo,081,765935,213,27,1,28,0
2020-03-14,Santa Barbara,083,443738,44,0,0,0,0
2020-03-14,Santa Clara,085,1922200,529,62,1,63,2
2020-03-14,Santa Cruz,087,273765,33,8,0,8,0
2020-03-14,Shasta,089,179085,5,1,0,1,0
2020-03-14,Sierra,091,2930,0,0,0,0,0
2020-03-14,Siskiyou,093,43540,1,0,0,0,0
2020-03-14,Solano,095,438530,40,26,0,26,0
2020-03-14,Sonoma,097,501317,41,2,0,2,0
2020-03-14,Stanislaus,099,539301,22,2,2,4,0
2020-03-14,Sutter,101,95872,2,0,0,0,0
2020-03-14,Tehama,103,63373,0,0,0,0,0
2020-03-14,Trinity,105,12862,0,0,0,0,0
2020-03-14,Tulare,107,460477,15,2,2,4,0
2020-03-14,Tuolumne,109,53932,1,0,0,0,0
2020-03-14,Ventura,111,848112,68,5,0,5,0
2020-03-14,Yolo,113,214977,15,2,0,2,0
2020-03-14,Yuba,115,75493,1,0,0,0,0
2020-03-13,Alameda,001,1643700,176,12,0,12,0
2020-03-13,Alpine,003,1148,0,0,0,0,0
2020-03-13,Amador,005,37829,0,0,0,0,0
2020-03-13,Butte,007,227075,0,0,0,0,0
2020-03-13,Calaveras,009,45235,2,2,0,2,0
2020-03-13,Colusa,011,21464,0,0,0,0,0
2020-03-13,Contra Costa,013,1133247,125,22,0,22,0
2020-03-13,Del Norte,015,27424,0,0,0,0,0
2020-03-13,El Dorado,017,186661,10,0,0,0,0
2020-03-13,Fresno,019,978130,19,1,1,2,0
2020-03-13,Glenn,021,27897,0,0,0,0,0
2020-03-13,Humboldt,023,135768,7,1,0,1,0
2020-03-13,Imperial,025,180216,12,2,0,2,0
2020-03-13,Inyo,027,18085,0,0,0,0,0
2020-03-13,Kern,029,883053,27,0,0,0,0
2020-03-13,Kings,031,150075,9,0,1,1,0
2020-03-13,Lake,033,64148,0,0,0,0,0
2020-03-13,Lassen,035,31185,0,0,0,0,0
2020-03-13,Los Angeles,037,10098052,1018,30,11,41,0
2020-03-13,Madera,039,155013,19,1,0,1,0
2020-03-13,Marin,041,260295,34,3,0,3,0
2020-03-13,Mariposa,043,17540,0,0,0,0,0
2020-03-13,Mendocino,045,87422,2,0,0,0,0
2020-03-13,Merced,047,269075,2,0,0,0,0
2020-03-13,Modoc,049,8938,0,0,0,0,0
2020-03-13,Mono,051,14174,3,0,0,0,0
2020-03-13,Monterey,053,433212,9,0,0,0,0
2020-03-13,Napa,055,140530,3,0,0,0,0
2020-03-13,Nevada,057,99092,7,0,1,1,0
2020-03-13,Orange,059,3164182,270,10,0,10,0
2020-03-13,Placer,061,380077,27,6,0,6,1
2020-03-13,Plumas,063,18699,0,0,0,0,0
2020-03-13,Riverside,065,2383286,133,5,4,9,0
2020-03-13,Sacramento,067,1510023,129,18,0,18,1
2020-03-13,San Benito,069,59416,6,2,0,2,0
2020-03-13,San Bernardino,071,2135413,95,0,0,0,0
2020-03-13,San Diego,073,3302833,313,8,0,8,0
2020-03-13,San Francisco,075,870044,171,28,0,28,0
2020-03-13,San Joaquin,077,732212,50,6,3,9,0
2020-03-13,San Luis Obispo,079,281455,33,0,0,0,0
2020-03-13,San Mateo,081,765935,192,24,1,25,0
2020-03-13,Santa Barbara,083,443738,40,0,0,0,0
2020-03-13,Santa Clara,085,1922200,467,59,1,60,1
2020-03-13,Santa Cruz,087,273765,32,7,0,7,0
2020-03-13,Shasta,089,179085,3,1,0,1,0
2020-03-13,Sierra,091,2930,0,0,0,0,0
2020-03-13,Siskiyou,093,43540,0,0,0,0,0
2020-03-13,Solano,095,438530,39,26,0,26,0
2020-03-13,Sonoma,097,501317,40,2,0,2,0
2020-03-13,Stanislaus,099,539301,17,2,2,4,0
2020-03-13,Sutter,101,95872,2,0,0,0,0
2020-03-13,Tehama,103,63373,0,0,0,0,0
2020-03-13,Trinity,105,12862,0,0,0,0,0
2020-03-13,Tulare,107,460477,12,2,2,4,0
2020-03-13,Tuolumne,109,53932,1,0,0,0,0
2020-03-13,Ventura,111,848112,54,5,0,5,0
2020-03-13,Yolo,113,214977,15,1,0,1,0
2020-03-13,Yuba,115,75493,1,0,0,0,0
2020-03-12,Alameda,001,1643700,151,9,0,9,0
2020-03-12,Alpine,003,1148,0,0,0,0,0
2020-03-12,Amador,005,37829,0,0,0,0,0
2020-03-12,Butte,007,227075,0,0,0,0,0
2020-03-12,Calaveras,009,45235,2,2,0,2,0
2020-03-12,Colusa,011,21464,0,0,0,0,0
2020-03-12,Contra Costa,013,1133247,108,18,0,18,0
2020-03-12,Del Norte,015,27424,0,0,0,0,0
2020-03-12,El Dorado,017,186661,8,0,0,0,0
2020-03-12,Fresno,019,978130,11,1,1,2,0
2020-03-12,Glenn,021,27897,0,0,0,0,0
2020-03-12,Humboldt,023,135768,6,1,0,1,0
2020-03-12,Imperial,025,180216,11,2,0,2,0
2020-03-12,Inyo,027,18085,0,0,0,0,0
2020-03-12,Kern,029,883053,18,0,0,0,0
2020-03-12,Kings,031,150075,6,0,1,1,0
2020-03-12,Lake,033,64148,0,0,0,0,0
2020-03-12,Lassen,035,31185,0,0,0,0,0
2020-03-12,Los Angeles,037,10098052,859,30,11,41,0
2020-03-12,Madera,039,155013,16,1,0,1,0
2020-03-12,Marin,041,260295,24,1,0,1,0
2020-03-12,Mariposa,043,17540,0,0,0,0,0
2020-03-12,Mendocino,045,87422,2,0,0,0,0
2020-03-12,Merced,047,269075,2,0,0,0,0
2020-03-12,Modoc,049,8938,0,0,0,0,0
2020-03-12,Mono,051,14174,3,0,0,0,0
2020-03-12,Monterey,053,433212,7,0,0,0,0
2020-03-12,Napa,055,140530,3,0,0,0,0
2020-03-12,Nevada,057,99092,4,0,1,1,0
2020-03-12,Orange,059,3164182,233,7,0,7,0
2020-03-12,Placer,061,380077,23,6,0,6,1
2020-03-12,Plumas,063,18699,0,0,0,0,0
2020-03-12,Riverside,065,2383286,107,5,2,7,0
2020-03-12,Sacramento,067,1510023,105,17,0,17,1
2020-03-12,San Benito,069,59416,5,2,0,2,0
2020-03-12,San Bernardino,071,2135413,79,0,0,0,0
2020-03-12,San Diego,073,3302833,258,9,0,9,0
2020-03-12,San Francisco,075,870044,147,20,0,20,0
2020-03-12,San Joaquin,077,732212,44,3,3,6,1
2020-03-12,San Luis Obispo,079,281455,26,0,0,0,0
2020-03-12,San Mateo,081,765935,158,21,1,22,0
2020-03-12,Santa Barbara,083,443738,27,0,0,0,0
2020-03-12,Santa Clara,085,1922200,409,51,1,52,1
2020-03-12,Santa Cruz,087,273765,29,5,0,5,0
2020-03-12,Shasta,089,179085,2,1,0,1,0
2020-03-12,Sierra,091,2930,0,0,0,0,0
2020-03-12,Siskiyou,093,43540,0,0,0,0,0
2020-03-12,Solano,095,438530,34,26,0,26,0
2020-03-12,Sonoma,097,501317,34,2,0,2,0
2020-03-12,Stanislaus,099,539301,15,2,2,4,0
2020-03-12,Sutter,101,95872,0,0,0,0,0
2020-03-12,Tehama,103,63373,0,0,0,0,0
2020-03-12,Trinity,105,12862,0,0,0,0,0
2020-03-12,Tulare,107,460477,12,1,1,2,0
2020-03-12,Tuolumne,109,53932,1,0,0,0,0
2020-03-12,Ventura,111,848112,45,3,0,3,0
2020-03-12,Yolo,113,214977,14,1,0,1,0
2020-03-12,Yuba,115,75493,1,0,0,0,0
2020-03-11,Alameda,001,1643700,120,5,0,5,0
2020-03-11,Alpine,003,1148,0,0,0,0,0
2020-03-11,Amador,005,37829,0,0,0,0,0
2020-03-11,Butte,007,227075,0,0,0,0,0
2020-03-11,Calaveras,009,45235,2,2,0,2,0
2020-03-11,Colusa,011,21464,0,0,0,0,0
2020-03-11,Contra Costa,013,1133247,93,16,0,16,0
2020-03-11,Del Norte,015,27424,0,0,0,0,0
2020-03-11,El Dorado,017,186661,7,0,0,0,0
2020-03-11,Fresno,019,978130,8,1,1,2,0
2020-03-11,Glenn,021,27897,0,0,0,0,0
2020-03-11,Humboldt,023,135768,6,1,0,1,0
2020-03-11,Imperial,025,180216,9,0,0,0,0
2020-03-11,Inyo,027,18085,0,0,0,0,0
2020-03-11,Kern,029,883053,16,0,0,0,0
2020-03-11,Kings,031,150075,4,0,1,1,0
2020-03-11,Lake,033,64148,0,0,0,0,0
2020-03-11,Lassen,035,31185,0,0,0,0,0
2020-03-11,Los Angeles,037,10098052,691,21,11,32,0
2020-03-11,Madera,039,155013,13,1,0,1,0
2020-03-11,Marin,041,260295,17,1,0,1,0
2020-03-11,Mariposa,043,17540,0,0,0,0,0
2020-03-11,Mendocino,045,87422,1,0,0,0,0
2020-03-11,Merced,047,269075,2,0,0,0,0
2020-03-11,Modoc,049,8938,0,0,0,0,0
2020-03-11,Mono,051,14174,3,0,0,0,0
2020-03-11,Monterey,053,433212,6,0,0,0,0
2020-03-11,Napa,055,140530,2,0,0,0,0
2020-03-11,Nevada,057,99092,4,0,1,1,0
2020-03-11,Orange,059,3164182,204,6,0,6,0
2020-03-11,Placer,061,380077,18,6,0,6,1
2020-03-11,Plumas,063,18699,0,0,0,0,0
2020-03-11,Riverside,065,2383286,81,4,1,5,0
2020-03-11,Sacramento,067,1510023,87,9,0,9,1
2020-03-11,San Benito,069,59416,5,2,0,2,0
2020-03-11,San Bernardino,071,2135413,72,0,0,0,0
2020-03-11,San Diego,073,3302833,208,4,0,4,0
2020-03-11,San Francisco,075,870044,124,17,0,17,0
2020-03-11,San Joaquin,077,732212,33,1,3,4,0
2020-03-11,San Luis Obispo,079,281455,23,0,0,0,0
2020-03-11,San Mateo,081,765935,140,16,0,16,0
2020-03-11,Santa Barbara,083,443738,17,0,0,0,0
2020-03-11,Santa Clara,085,1922200,369,48,1,49,1
2020-03-11,Santa Cruz,087,273765,26,2,0,2,0
2020-03-11,Shasta,089,179085,2,1,0,1,0
2020-03-11,Sierra,091,2930,0,0,0,0,0
2020-03-11,Siskiyou,093,43540,0,0,0,0,0
2020-03-11,Solano,095,438530,29,26,0,26,0
2020-03-11,Sonoma,097,501317,30,2,0,2,0
2020-03-11,Stanislaus,099,539301,15,2,2,4,0
2020-03-11,Sutter,101,95872,0,0,0,0,0
2020-03-11,Tehama,103,63373,0,0,0,0,0
2020-03-11,Trinity,105,12862,0,0,0,0,0
2020-03-11,Tulare,107,460477,10,0,1,1,0
2020-03-11,Tuolumne,109,53932,1,0,0,0,0
2020-03-11,Ventura,111,848112,37,3,0,3,0
2020-03-11,Yolo,113,214977,10,1,0,1,0
2020-03-11,Yuba,115,75493,1,0,0,0,0
2020-03-10,Alameda,001,1643700,98,4,0,4,0
2020-03-10,Alpine,003,1148,0,0,0,0,0
2020-03-10,Amador,005,37829,0,0,0,0,0
2020-03-10,Butte,007,227075,0,0,0,0,0
2020-03-10,Calaveras,009,45235,2,2,0,2,0
2020-03-10,Colusa,011,21464,0,0,0,0,0
2020-03-10,Contra Costa,013,1133247,84,11,0,11,0
2020-03-10,Del Norte,015,27424,0,0,0,0,0
2020-03-10,El Dorado,017,186661,6,0,0,0,0
2020-03-10,Fresno,019,978130,6,1,1,2,0
2020-03-10,Glenn,021,27897,0,0,0,0,0
2020-03-10,Humboldt,023,135768,6,1,0,1,0
2020-03-10,Imperial,025,180216,8,0,0,0,0
2020-03-10,Inyo,027,18085,0,0,0,0,0
2020-03-10,Kern,029,883053,11,0,0,0,0
2020-03-10,Kings,031,150075,4,0,1,1,0
2020-03-10,Lake,033,64148,0,0,0,0,0
2020-03-10,Lassen,035,31185,0,0,0,0,0
2020-03-10,Los Angeles,037,10098052,555,20,11,31,0
2020-03-10,Madera,039,155013,8,1,0,1,0
2020-03-10,Marin,041,260295,16,1,0,1,0
2020-03-10,Mariposa,043,17540,0,0,0,0,0
2020-03-10,Mendocino,045,87422,0,0,0,0,0
2020-03-10,Merced,047,269075,2,0,0,0,0
2020-03-10,Modoc,049,8938,0,0,0,0,0
2020-03-10,Mono,051,14174,3,0,0,0,0
2020-03-10,Monterey,053,433212,4,0,0,0,0
2020-03-10,Napa,055,140530,2,0,0,0,0
2020-03-10,Nevada,057,99092,3,0,1,1,0
2020-03-10,Orange,059,3164182,183,5,0,5,1
2020-03-10,Placer,061,380077,14,7,0,7,1
2020-03-10,Plumas,063,18699,0,0,0,0,0
2020-03-10,Riverside,065,2383286,59,4,1,5,0
2020-03-10,Sacramento,067,1510023,78,8,0,8,0
2020-03-10,San Benito,069,59416,5,2,0,2,0
2020-03-10,San Bernardino,071,2135413,64,0,0,0,0
2020-03-10,San Diego,073,3302833,165,3,0,3,0
2020-03-10,San Francisco,075,870044,92,16,0,16,0
2020-03-10,San Joaquin,077,732212,30,1,3,4,0
2020-03-10,San Luis Obispo,079,281455,15,0,0,0,0
2020-03-10,San Mateo,081,765935,124,11,0,11,0
2020-03-10,Santa Barbara,083,443738,11,0,0,0,0
2020-03-10,Santa Clara,085,1922200,321,45,1,46,1
2020-03-10,Santa Cruz,087,273765,22,2,0,2,0
2020-03-10,Shasta,089,179085,2,1,0,1,0
2020-03-10,Sierra,091,2930,0,0,0,0,0
2020-03-10,Siskiyou,093,43540,0,0,0,0,0
2020-03-10,Solano,095,438530,27,26,0,26,0
2020-03-10,Sonoma,097,501317,27,2,0,2,0
2020-03-10,Stanislaus,099,539301,11,0,2,2,0
2020-03-10,Sutter,101,95872,0,0,0,0,0
2020-03-10,Tehama,103,63373,0,0,0,0,0
2020-03-10,Trinity,105,12862,0,0,0,0,0
2020-03-10,Tulare,107,460477,9,0,1,1,0
2020-03-10,Tuolumne,109,53932,1,0,0,0,0
2020-03-10,Ventura,111,848112,29,1,0,1,0
2020-03-10,Yolo,113,214977,7,2,0,2,0
2020-03-10,Yuba,115,75493,1,0,0,0,0
2020-03-09,Alameda,001,1643700,70,4,0,4,0
2020-03-09,Alpine,003,1148,0,0,0,0,0
2020-03-09,Amador,005,37829,0,0,0,0,0
2020-03-09,Butte,007,227075,0,0,0,0,0
2020-03-09,Calaveras,009,45235,2,0,0,0,0
2020-03-09,Colusa,011,21464,0,0,0,0,0
2020-03-09,Contra Costa,013,1133247,72,9,0,9,0
2020-03-09,Del Norte,015,27424,0,0,0,0,0
2020-03-09,El Dorado,017,186661,4,0,0,0,0
2020-03-09,Fresno,019,978130,6,1,1,2,0
2020-03-09,Glenn,021,27897,0,0,0,0,0
2020-03-09,Humboldt,023,135768,5,1,0,1,0
2020-03-09,Imperial,025,180216,8,0,0,0,0
2020-03-09,Inyo,027,18085,0,0,0,0,0
2020-03-09,Kern,029,883053,8,0,0,0,0
2020-03-09,Kings,031,150075,3,0,1,1,0
2020-03-09,Lake,033,64148,0,0,0,0,0
2020-03-09,Lassen,035,31185,0,0,0,0,0
2020-03-09,Los Angeles,037,10098052,453,17,10,27,0
2020-03-09,Madera,039,155013,8,1,0,1,0
2020-03-09,Marin,041,260295,15,1,0,1,0
2020-03-09,Mariposa,043,17540,0,0,0,0,0
2020-03-09,Mendocino,045,87422,0,0,0,0,0
2020-03-09,Merced,047,269075,2,0,0,0,0
2020-03-09,Modoc,049,8938,0,0,0,0,0
2020-03-09,Mono,051,14174,3,0,0,0,0
2020-03-09,Monterey,053,433212,2,0,0,0,0
2020-03-09,Napa,055,140530,2,0,0,0,0
2020-03-09,Nevada,057,99092,2,0,1,1,0
2020-03-09,Orange,059,3164182,155,4,0,4,0
2020-03-09,Placer,061,380077,12,7,0,7,1
2020-03-09,Plumas,063,18699,0,0,0,0,0
2020-03-09,Riverside,065,2383286,49,4,1,5,0
2020-03-09,Sacramento,067,1510023,74,8,0,8,0
2020-03-09,San Benito,069,59416,3,2,0,2,0
2020-03-09,San Bernardino,071,2135413,53,0,0,0,0
2020-03-09,San Diego,073,3302833,126,2,0,2,0
2020-03-09,San Francisco,075,870044,72,14,0,14,0
2020-03-09,San Joaquin,077,732212,21,0,3,3,0
2020-03-09,San Luis Obispo,079,281455,15,0,0,0,0
2020-03-09,San Mateo,081,765935,110,6,0,6,0
2020-03-09,Santa Barbara,083,443738,9,0,0,0,0
2020-03-09,Santa Clara,085,1922200,277,42,1,43,1
2020-03-09,Santa Cruz,087,273765,19,2,0,2,0
2020-03-09,Shasta,089,179085,2,1,0,1,0
2020-03-09,Sierra,091,2930,0,0,0,0,0
2020-03-09,Siskiyou,093,43540,0,0,0,0,0
2020-03-09,Solano,095,438530,25,26,0,26,0
2020-03-09,Sonoma,097,501317,22,2,0,2,0
2020-03-09,Stanislaus,099,539301,11,0,2,2,0
2020-03-09,Sutter,101,95872,0,0,0,0,0
2020-03-09,Tehama,103,63373,0,0,0,0,0
2020-03-09,Trinity,105,12862,0,0,0,0,0
2020-03-09,Tulare,107,460477,9,0,1,1,0
2020-03-09,Tuolumne,109,53932,1,0,0,0,0
2020-03-09,Ventura,111,848112,25,1,0,1,0
2020-03-09,Yolo,113,214977,6,2,0,2,0
2020-03-09,Yuba,115,75493,0,0,0,0,0
2020-03-08,Alameda,001,1643700,45,4,0,4,0
2020-03-08,Alpine,003,1148,0,0,0,0,0
2020-03-08,Amador,005,37829,0,0,0,0,0
2020-03-08,Butte,007,227075,0,0,0,0,0
2020-03-08,Calaveras,009,45235,2,0,0,0,0
2020-03-08,Colusa,011,21464,0,0,0,0,0
2020-03-08,Contra Costa,013,1133247,58,9,0,9,0
2020-03-08,Del Norte,015,27424,0,0,0,0,0
2020-03-08,El Dorado,017,186661,4,0,0,0,0
2020-03-08,Fresno,019,978130,4,1,1,2,0
2020-03-08,Glenn,021,27897,0,0,0,0,0
2020-03-08,Humboldt,023,135768,5,1,0,1,0
2020-03-08,Imperial,025,180216,8,0,0,0,0
2020-03-08,Inyo,027,18085,0,0,0,0,0
2020-03-08,Kern,029,883053,8,0,0,0,0
2020-03-08,Kings,031,150075,2,0,1,1,0
2020-03-08,Lake,033,64148,0,0,0,0,0
2020-03-08,Lassen,035,31185,0,0,0,0,0
2020-03-08,Los Angeles,037,10098052,360,14,10,24,0
2020-03-08,Madera,039,155013,8,1,0,1,0
2020-03-08,Marin,041,260295,13,1,0,1,0
2020-03-08,Mariposa,043,17540,0,0,0,0,0
2020-03-08,Mendocino,045,87422,0,0,0,0,0
2020-03-08,Merced,047,269075,2,0,0,0,0
2020-03-08,Modoc,049,8938,0,0,0,0,0
2020-03-08,Mono,051,14174,3,0,0,0,0
2020-03-08,Monterey,053,433212,2,0,0,0,0
2020-03-08,Napa,055,140530,2,0,0,0,0
2020-03-08,Nevada,057,99092,1,0,1,1,0
2020-03-08,Orange,059,3164182,129,4,0,4,0
2020-03-08,Placer,061,380077,11,7,0,7,1
2020-03-08,Plumas,063,18699,0,0,0,0,0
2020-03-08,Riverside,065,2383286,41,1,1,2,0
2020-03-08,Sacramento,067,1510023,64,5,0,5,0
2020-03-08,San Benito,069,59416,3,2,0,2,0
2020-03-08,San Bernardino,071,2135413,42,0,0,0,0
2020-03-08,San Diego,073,3302833,92,2,0,2,0
2020-03-08,San Francisco,075,870044,53,9,0,9,0
2020-03-08,San Joaquin,077,732212,18,0,3,3,0
2020-03-08,San Luis Obispo,079,281455,9,0,0,0,0
2020-03-08,San Mateo,081,765935,97,4,0,4,0
2020-03-08,Santa Barbara,083,443738,6,0,0,0,0
2020-03-08,Santa Clara,085,1922200,235,36,1,37,0
2020-03-08,Santa Cruz,087,273765,17,1,0,1,0
2020-03-08,Shasta,089,179085,2,0,0,0,0
2020-03-08,Sierra,091,2930,0,0,0,0,0
2020-03-08,Siskiyou,093,43540,0,0,0,0,0
2020-03-08,Solano,095,438530,24,26,0,26,0
2020-03-08,Sonoma,097,501317,17,2,0,2,0
2020-03-08,Stanislaus,099,539301,10,0,2,2,0
2020-03-08,Sutter,101,95872,0,0,0,0,0
2020-03-08,Tehama,103,63373,0,0,0,0,0
2020-03-08,Trinity,105,12862,0,0,0,0,0
2020-03-08,Tulare,107,460477,9,0,0,0,0
2020-03-08,Tuolumne,109,53932,1,0,0,0,0
2020-03-08,Ventura,111,848112,21,1,0,1,0
2020-03-08,Yolo,113,214977,3,2,0,2,0
2020-03-08,Yuba,115,75493,0,0,0,0,0
2020-03-07,Alameda,001,1643700,40,3,0,3,0
2020-03-07,Alpine,003,1148,0,0,0,0,0
2020-03-07,Amador,005,37829,0,0,0,0,0
2020-03-07,Butte,007,227075,0,0,0,0,0
2020-03-07,Calaveras,009,45235,2,0,0,0,0
2020-03-07,Colusa,011,21464,0,0,0,0,0
2020-03-07,Contra Costa,013,1133247,55,4,0,4,0
2020-03-07,Del Norte,015,27424,0,0,0,0,0
2020-03-07,El Dorado,017,186661,3,0,0,0,0
2020-03-07,Fresno,019,978130,3,1,1,2,0
2020-03-07,Glenn,021,27897,0,0,0,0,0
2020-03-07,Humboldt,023,135768,5,1,0,1,0
2020-03-07,Imperial,025,180216,7,0,0,0,0
2020-03-07,Inyo,027,18085,0,0,0,0,0
2020-03-07,Kern,029,883053,7,0,0,0,0
2020-03-07,Kings,031,150075,2,0,1,1,0
2020-03-07,Lake,033,64148,0,0,0,0,0
2020-03-07,Lassen,035,31185,0,0,0,0,0
2020-03-07,Los Angeles,037,10098052,310,14,10,24,0
2020-03-07,Madera,039,155013,7,1,0,1,0
2020-03-07,Marin,041,260295,11,0,0,0,0
2020-03-07,Mariposa,043,17540,0,0,0,0,0
2020-03-07,Mendocino,045,87422,0,0,0,0,0
2020-03-07,Merced,047,269075,2,0,0,0,0
2020-03-07,Modoc,049,8938,0,0,0,0,0
2020-03-07,Mono,051,14174,3,0,0,0,0
2020-03-07,Monterey,053,433212,2,0,0,0,0
2020-03-07,Napa,055,140530,1,0,0,0,0
2020-03-07,Nevada,057,99092,1,0,1,1,0
2020-03-07,Orange,059,3164182,121,4,0,4,0
2020-03-07,Placer,061,380077,11,6,0,6,1
2020-03-07,Plumas,063,18699,0,0,0,0,0
2020-03-07,Riverside,065,2383286,31,0,1,1,0
2020-03-07,Sacramento,067,1510023,51,4,0,4,0
2020-03-07,San Benito,069,59416,3,2,0,2,0
2020-03-07,San Bernardino,071,2135413,40,0,0,0,0
2020-03-07,San Diego,073,3302833,74,2,0,2,0
2020-03-07,San Francisco,075,870044,47,9,0,9,0
2020-03-07,San Joaquin,077,732212,16,0,3,3,0
2020-03-07,San Luis Obispo,079,281455,6,0,0,0,0
2020-03-07,San Mateo,081,765935,87,1,0,1,0
2020-03-07,Santa Barbara,083,443738,5,0,0,0,0
2020-03-07,Santa Clara,085,1922200,205,31,1,32,0
2020-03-07,Santa Cruz,087,273765,17,1,0,1,0
2020-03-07,Shasta,089,179085,2,0,0,0,0
2020-03-07,Sierra,091,2930,0,0,0,0,0
2020-03-07,Siskiyou,093,43540,0,0,0,0,0
2020-03-07,Solano,095,438530,23,25,0,25,0
2020-03-07,Sonoma,097,501317,13,2,0,2,0
2020-03-07,Stanislaus,099,539301,9,0,2,2,0
2020-03-07,Sutter,101,95872,0,0,0,0,0
2020-03-07,Tehama,103,63373,0,0,0,0,0
2020-03-07,Trinity,105,12862,0,0,0,0,0
2020-03-07,Tulare,107,460477,6,0,0,0,0
2020-03-07,Tuolumne,109,53932,1,0,0,0,0
2020-03-07,Ventura,111,848112,18,1,0,1,0
2020-03-07,Yolo,113,214977,3,2,0,2,0
2020-03-07,Yuba,115,75493,0,0,0,0,0
2020-03-06,Alameda,001,1643700,38,3,0,3,0
2020-03-06,Alpine,003,1148,0,0,0,0,0
2020-03-06,Amador,005,37829,0,0,0,0,0
2020-03-06,Butte,007,227075,0,0,0,0,0
2020-03-06,Calaveras,009,45235,2,0,0,0,0
2020-03-06,Colusa,011,21464,0,0,0,0,0
2020-03-06,Contra Costa,013,1133247,46,4,0,4,0
2020-03-06,Del Norte,015,27424,0,0,0,0,0
2020-03-06,El Dorado,017,186661,3,0,0,0,0
2020-03-06,Fresno,019,978130,2,0,1,1,0
2020-03-06,Glenn,021,27897,0,0,0,0,0
2020-03-06,Humboldt,023,135768,4,1,0,1,0
2020-03-06,Imperial,025,180216,6,0,0,0,0
2020-03-06,Inyo,027,18085,0,0,0,0,0
2020-03-06,Kern,029,883053,6,0,0,0,0
2020-03-06,Kings,031,150075,2,0,1,1,0
2020-03-06,Lake,033,64148,0,0,0,0,0
2020-03-06,Lassen,035,31185,0,0,0,0,0
2020-03-06,Los Angeles,037,10098052,267,13,10,23,0
2020-03-06,Madera,039,155013,6,0,0,0,0
2020-03-06,Marin,041,260295,10,0,0,0,0
2020-03-06,Mariposa,043,17540,0,0,0,0,0
2020-03-06,Mendocino,045,87422,0,0,0,0,0
2020-03-06,Merced,047,269075,2,0,0,0,0
2020-03-06,Modoc,049,8938,0,0,0,0,0
2020-03-06,Mono,051,14174,1,0,0,0,0
2020-03-06,Monterey,053,433212,2,0,0,0,0
2020-03-06,Napa,055,140530,1,0,0,0,0
2020-03-06,Nevada,057,99092,1,0,1,1,0
2020-03-06,Orange,059,3164182,95,4,0,4,0
2020-03-06,Placer,061,380077,10,5,0,5,1
2020-03-06,Plumas,063,18699,0,0,0,0,0
2020-03-06,Riverside,065,2383286,30,0,1,1,0
2020-03-06,Sacramento,067,1510023,42,2,0,2,0
2020-03-06,San Benito,069,59416,3,2,0,2,0
2020-03-06,San Bernardino,071,2135413,38,0,0,0,0
2020-03-06,San Diego,073,3302833,61,2,0,2,0
2020-03-06,San Francisco,075,870044,41,2,0,2,0
2020-03-06,San Joaquin,077,732212,13,0,3,3,0
2020-03-06,San Luis Obispo,079,281455,4,0,0,0,0
2020-03-06,San Mateo,081,765935,79,1,0,1,0
2020-03-06,Santa Barbara,083,443738,3,0,0,0,0
2020-03-06,Santa Clara,085,1922200,187,20,1,21,0
2020-03-06,Santa Cruz,087,273765,15,0,0,0,0
2020-03-06,Shasta,089,179085,2,0,0,0,0
2020-03-06,Sierra,091,2930,0,0,0,0,0
2020-03-06,Siskiyou,093,43540,0,0,0,0,0
2020-03-06,Solano,095,438530,22,25,0,25,0
2020-03-06,Sonoma,097,501317,13,2,0,2,0
2020-03-06,Stanislaus,099,539301,5,0,2,2,0
2020-03-06,Sutter,101,95872,0,0,0,0,0
2020-03-06,Tehama,103,63373,0,0,0,0,0
2020-03-06,Trinity,105,12862,0,0,0,0,0
2020-03-06,Tulare,107,460477,6,0,0,0,0
2020-03-06,Tuolumne,109,53932,1,0,0,0,0
2020-03-06,Ventura,111,848112,15,1,0,1,0
2020-03-06,Yolo,113,214977,3,1,0,1,0
2020-03-06,Yuba,115,75493,0,0,0,0,0
2020-03-05,Alameda,001,1643700,33,2,0,2,0
2020-03-05,Alpine,003,1148,0,0,0,0,0
2020-03-05,Amador,005,37829,0,0,0,0,0
2020-03-05,Butte,007,227075,0,0,0,0,0
2020-03-05,Calaveras,009,45235,2,0,0,0,0
2020-03-05,Colusa,011,21464,0,0,0,0,0
2020-03-05,Contra Costa,013,1133247,39,1,0,1,0
2020-03-05,Del Norte,015,27424,0,0,0,0,0
2020-03-05,El Dorado,017,186661,1,0,0,0,0
2020-03-05,Fresno,019,978130,2,0,1,1,0
2020-03-05,Glenn,021,27897,0,0,0,0,0
2020-03-05,Humboldt,023,135768,4,1,0,1,0
2020-03-05,Imperial,025,180216,5,0,0,0,0
2020-03-05,Inyo,027,18085,0,0,0,0,0
2020-03-05,Kern,029,883053,6,0,0,0,0
2020-03-05,Kings,031,150075,2,0,1,1,0
2020-03-05,Lake,033,64148,0,0,0,0,0
2020-03-05,Lassen,035,31185,0,0,0,0,0
2020-03-05,Los Angeles,037,10098052,220,11,10,21,0
2020-03-05,Madera,039,155013,5,0,0,0,0
2020-03-05,Marin,041,260295,10,0,0,0,0
2020-03-05,Mariposa,043,17540,0,0,0,0,0
2020-03-05,Mendocino,045,87422,0,0,0,0,0
2020-03-05,Merced,047,269075,2,0,0,0,0
2020-03-05,Modoc,049,8938,0,0,0,0,0
2020-03-05,Mono,051,14174,1,0,0,0,0
2020-03-05,Monterey,053,433212,2,0,0,0,0
2020-03-05,Napa,055,140530,1,0,0,0,0
2020-03-05,Nevada,057,99092,0,0,1,1,0
2020-03-05,Orange,059,3164182,80,3,0,3,0
2020-03-05,Placer,061,380077,10,2,0,2,1
2020-03-05,Plumas,063,18699,0,0,0,0,0
2020-03-05,Riverside,065,2383286,27,0,1,1,0
2020-03-05,Sacramento,067,1510023,36,2,0,2,0
2020-03-05,San Benito,069,59416,1,2,0,2,0
2020-03-05,San Bernardino,071,2135413,33,0,0,0,0
2020-03-05,San Diego,073,3302833,54,2,0,2,0
2020-03-05,San Francisco,075,870044,31,2,0,2,0
2020-03-05,San Joaquin,077,732212,10,0,3,3,0
2020-03-05,San Luis Obispo,079,281455,4,0,0,0,0
2020-03-05,San Mateo,081,765935,65,1,0,1,0
2020-03-05,Santa Barbara,083,443738,2,0,0,0,0
2020-03-05,Santa Clara,085,1922200,163,14,1,15,0
2020-03-05,Santa Cruz,087,273765,13,0,0,0,0
2020-03-05,Shasta,089,179085,2,0,0,0,0
2020-03-05,Sierra,091,2930,0,0,0,0,0
2020-03-05,Siskiyou,093,43540,0,0,0,0,0
2020-03-05,Solano,095,438530,22,24,0,24,0
2020-03-05,Sonoma,097,501317,12,2,0,2,0
2020-03-05,Stanislaus,099,539301,4,0,2,2,0
2020-03-05,Sutter,101,95872,0,0,0,0,0
2020-03-05,Tehama,103,63373,0,0,0,0,0
2020-03-05,Trinity,105,12862,0,0,0,0,0
2020-03-05,Tulare,107,460477,6,0,0,0,0
2020-03-05,Tuolumne,109,53932,1,0,0,0,0
2020-03-05,Ventura,111,848112,13,0,0,0,0
2020-03-05,Yolo,113,214977,3,0,0,0,0
2020-03-05,Yuba,115,75493,0,0,0,0,0
2020-03-04,Alameda,001,1643700,29,2,0,2,0
2020-03-04,Alpine,003,1148,0,0,0,0,0
2020-03-04,Amador,005,37829,0,0,0,0,0
2020-03-04,Butte,007,227075,0,0,0,0,0
2020-03-04,Calaveras,009,45235,0,0,0,0,0
2020-03-04,Colusa,011,21464,0,0,0,0,0
2020-03-04,Contra Costa,013,1133247,34,1,0,1,0
2020-03-04,Del Norte,015,27424,0,0,0,0,0
2020-03-04,El Dorado,017,186661,1,0,0,0,0
2020-03-04,Fresno,019,978130,2,0,1,1,0
2020-03-04,Glenn,021,27897,0,0,0,0,0
2020-03-04,Humboldt,023,135768,1,1,0,1,0
2020-03-04,Imperial,025,180216,5,0,0,0,0
2020-03-04,Inyo,027,18085,0,0,0,0,0
2020-03-04,Kern,029,883053,6,0,0,0,0
2020-03-04,Kings,031,150075,2,0,1,1,0
2020-03-04,Lake,033,64148,0,0,0,0,0
2020-03-04,Lassen,035,31185,0,0,0,0,0
2020-03-04,Los Angeles,037,10098052,185,7,10,17,0
2020-03-04,Madera,039,155013,5,0,0,0,0
2020-03-04,Marin,041,260295,10,0,0,0,0
2020-03-04,Mariposa,043,17540,0,0,0,0,0
2020-03-04,Mendocino,045,87422,0,0,0,0,0
2020-03-04,Merced,047,269075,2,0,0,0,0
2020-03-04,Modoc,049,8938,0,0,0,0,0
2020-03-04,Mono,051,14174,1,0,0,0,0
2020-03-04,Monterey,053,433212,2,0,0,0,0
2020-03-04,Napa,055,140530,1,0,0,0,0
2020-03-04,Nevada,057,99092,0,0,1,1,0
2020-03-04,Orange,059,3164182,77,3,0,3,0
2020-03-04,Placer,061,380077,9,2,0,2,1
2020-03-04,Plumas,063,18699,0,0,0,0,0
2020-03-04,Riverside,065,2383286,23,0,1,1,0
2020-03-04,Sacramento,067,1510023,31,1,0,1,0
2020-03-04,San Benito,069,59416,1,2,0,2,0
2020-03-04,San Bernardino,071,2135413,30,0,0,0,0
2020-03-04,San Diego,073,3302833,41,2,0,2,0
2020-03-04,San Francisco,075,870044,26,0,0,0,0
2020-03-04,San Joaquin,077,732212,9,0,3,3,0
2020-03-04,San Luis Obispo,079,281455,4,0,0,0,0
2020-03-04,San Mateo,081,765935,60,1,0,1,0
2020-03-04,Santa Barbara,083,443738,2,0,0,0,0
2020-03-04,Santa Clara,085,1922200,146,12,1,13,0
2020-03-04,Santa Cruz,087,273765,13,0,0,0,0
2020-03-04,Shasta,089,179085,2,0,0,0,0
2020-03-04,Sierra,091,2930,0,0,0,0,0
2020-03-04,Siskiyou,093,43540,0,0,0,0,0
2020-03-04,Solano,095,438530,21,24,0,24,0
2020-03-04,Sonoma,097,501317,11,2,0,2,0
2020-03-04,Stanislaus,099,539301,4,0,2,2,0
2020-03-04,Sutter,101,95872,0,0,0,0,0
2020-03-04,Tehama,103,63373,0,0,0,0,0
2020-03-04,Trinity,105,12862,0,0,0,0,0
2020-03-04,Tulare,107,460477,6,0,0,0,0
2020-03-04,Tuolumne,109,53932,0,0,0,0,0
2020-03-04,Ventura,111,848112,12,0,0,0,0
2020-03-04,Yolo,113,214977,3,0,0,0,0
2020-03-04,Yuba,115,75493,0,0,0,0,0
2020-03-03,Alameda,001,1643700,24,2,0,2,0
2020-03-03,Alpine,003,1148,0,0,0,0,0
2020-03-03,Amador,005,37829,0,0,0,0,0
2020-03-03,Butte,007,227075,0,0,0,0,0
2020-03-03,Calaveras,009,45235,0,0,0,0,0
2020-03-03,Colusa,011,21464,0,0,0,0,0
2020-03-03,Contra Costa,013,1133247,30,0,0,0,0
2020-03-03,Del Norte,015,27424,0,0,0,0,0
2020-03-03,El Dorado,017,186661,1,0,0,0,0
2020-03-03,Fresno,019,978130,1,0,1,1,0
2020-03-03,Glenn,021,27897,0,0,0,0,0
2020-03-03,Humboldt,023,135768,1,1,0,1,0
2020-03-03,Imperial,025,180216,5,0,0,0,0
2020-03-03,Inyo,027,18085,0,0,0,0,0
2020-03-03,Kern,029,883053,4,0,0,0,0
2020-03-03,Kings,031,150075,2,0,1,1,0
2020-03-03,Lake,033,64148,0,0,0,0,0
2020-03-03,Lassen,035,31185,0,0,0,0,0
2020-03-03,Los Angeles,037,10098052,166,5,10,15,0
2020-03-03,Madera,039,155013,4,0,0,0,0
2020-03-03,Marin,041,260295,6,0,0,0,0
2020-03-03,Mariposa,043,17540,0,0,0,0,0
2020-03-03,Mendocino,045,87422,0,0,0,0,0
2020-03-03,Merced,047,269075,2,0,0,0,0
2020-03-03,Modoc,049,8938,0,0,0,0,0
2020-03-03,Mono,051,14174,1,0,0,0,0
2020-03-03,Monterey,053,433212,1,0,0,0,0
2020-03-03,Napa,055,140530,1,0,0,0,0
2020-03-03,Nevada,057,99092,0,0,1,1,0
2020-03-03,Orange,059,3164182,69,1,0,1,0
2020-03-03,Placer,061,380077,8,2,0,2,0
2020-03-03,Plumas,063,18699,0,0,0,0,0
2020-03-03,Riverside,065,2383286,20,0,1,1,0
2020-03-03,Sacramento,067,1510023,30,1,0,1,0
2020-03-03,San Benito,069,59416,1,2,0,2,0
2020-03-03,San Bernardino,071,2135413,27,0,0,0,0
2020-03-03,San Diego,073,3302833,34,2,0,2,0
2020-03-03,San Francisco,075,870044,24,0,0,0,0
2020-03-03,San Joaquin,077,732212,8,0,3,3,0
2020-03-03,San Luis Obispo,079,281455,2,0,0,0,0
2020-03-03,San Mateo,081,765935,53,1,0,1,0
2020-03-03,Santa Barbara,083,443738,1,0,0,0,0
2020-03-03,Santa Clara,085,1922200,131,11,1,12,0
2020-03-03,Santa Cruz,087,273765,10,0,0,0,0
2020-03-03,Shasta,089,179085,2,0,0,0,0
2020-03-03,Sierra,091,2930,0,0,0,0,0
2020-03-03,Siskiyou,093,43540,0,0,0,0,0
2020-03-03,Solano,095,438530,20,24,0,24,0
2020-03-03,Sonoma,097,501317,11,1,0,1,0
2020-03-03,Stanislaus,099,539301,4,0,2,2,0
2020-03-03,Sutter,101,95872,0,0,0,0,0
2020-03-03,Tehama,103,63373,0,0,0,0,0
2020-03-03,Trinity,105,12862,0,0,0,0,0
2020-03-03,Tulare,107,460477,6,0,0,0,0
2020-03-03,Tuolumne,109,53932,0,0,0,0,0
2020-03-03,Ventura,111,848112,11,0,0,0,0
2020-03-03,Yolo,113,214977,2,0,0,0,0
2020-03-03,Yuba,115,75493,0,0,0,0,0
2020-03-02,Alameda,001,1643700,21,1,0,1,0
2020-03-02,Alpine,003,1148,0,0,0,0,0
2020-03-02,Amador,005,37829,0,0,0,0,0
2020-03-02,Butte,007,227075,0,0,0,0,0
2020-03-02,Calaveras,009,45235,0,0,0,0,0
2020-03-02,Colusa,011,21464,0,0,0,0,0
2020-03-02,Contra Costa,013,1133247,27,0,0,0,0
2020-03-02,Del Norte,015,27424,0,0,0,0,0
2020-03-02,El Dorado,017,186661,1,0,0,0,0
2020-03-02,Fresno,019,978130,1,0,1,1,0
2020-03-02,Glenn,021,27897,0,0,0,0,0
2020-03-02,Humboldt,023,135768,1,1,0,1,0
2020-03-02,Imperial,025,180216,5,0,0,0,0
2020-03-02,Inyo,027,18085,0,0,0,0,0
2020-03-02,Kern,029,883053,4,0,0,0,0
2020-03-02,Kings,031,150075,2,0,1,1,0
2020-03-02,Lake,033,64148,0,0,0,0,0
2020-03-02,Lassen,035,31185,0,0,0,0,0
2020-03-02,Los Angeles,037,10098052,151,1,10,11,0
2020-03-02,Madera,039,155013,4,0,0,0,0
2020-03-02,Marin,041,260295,6,0,0,0,0
2020-03-02,Mariposa,043,17540,0,0,0,0,0
2020-03-02,Mendocino,045,87422,0,0,0,0,0
2020-03-02,Merced,047,269075,1,0,0,0,0
2020-03-02,Modoc,049,8938,0,0,0,0,0
2020-03-02,Mono,051,14174,1,0,0,0,0
2020-03-02,Monterey,053,433212,1,0,0,0,0
2020-03-02,Napa,055,140530,1,0,0,0,0
2020-03-02,Nevada,057,99092,0,0,1,1,0
2020-03-02,Orange,059,3164182,64,1,0,1,0
2020-03-02,Placer,061,380077,8,1,0,1,0
2020-03-02,Plumas,063,18699,0,0,0,0,0
2020-03-02,Riverside,065,2383286,19,0,1,1,0
2020-03-02,Sacramento,067,1510023,25,1,0,1,0
2020-03-02,San Benito,069,59416,1,2,0,2,0
2020-03-02,San Bernardino,071,2135413,27,0,0,0,0
2020-03-02,San Diego,073,3302833,28,2,0,2,0
2020-03-02,San Francisco,075,870044,17,0,0,0,0
2020-03-02,San Joaquin,077,732212,7,0,3,3,0
2020-03-02,San Luis Obispo,079,281455,2,0,0,0,0
2020-03-02,San Mateo,081,765935,44,1,0,1,0
2020-03-02,Santa Barbara,083,443738,1,0,0,0,0
2020-03-02,Santa Clara,085,1922200,109,7,1,8,0
2020-03-02,Santa Cruz,087,273765,9,0,0,0,0
2020-03-02,Shasta,089,179085,2,0,0,0,0
2020-03-02,Sierra,091,2930,0,0,0,0,0
2020-03-02,Siskiyou,093,43540,0,0,0,0,0
2020-03-02,Solano,095,438530,19,24,0,24,0
2020-03-02,Sonoma,097,501317,10,1,0,1,0
2020-03-02,Stanislaus,099,539301,2,0,2,2,0
2020-03-02,Sutter,101,95872,0,0,0,0,0
2020-03-02,Tehama,103,63373,0,0,0,0,0
2020-03-02,Trinity,105,12862,0,0,0,0,0
2020-03-02,Tulare,107,460477,6,0,0,0,0
2020-03-02,Tuolumne,109,53932,0,0,0,0,0
2020-03-02,Ventura,111,848112,10,0,0,0,0
2020-03-02,Yolo,113,214977,2,0,0,0,0
2020-03-02,Yuba,115,75493,0,0,0,0,0
2020-03-01,Alameda,001,1643700,20,1,0,1,0
2020-03-01,Alpine,003,1148,0,0,0,0,0
2020-03-01,Amador,005,37829,0,0,0,0,0
2020-03-01,Butte,007,227075,0,0,0,0,0
2020-03-01,Calaveras,009,45235,0,0,0,0,0
2020-03-01,Colusa,011,21464,0,0,0,0,0
2020-03-01,Contra Costa,013,1133247,24,0,0,0,0
2020-03-01,Del Norte,015,27424,0,0,0,0,0
2020-03-01,El Dorado,017,186661,1,0,0,0,0
2020-03-01,Fresno,019,978130,0,0,1,1,0
2020-03-01,Glenn,021,27897,0,0,0,0,0
2020-03-01,Humboldt,023,135768,1,1,0,1,0
2020-03-01,Imperial,025,180216,5,0,0,0,0
2020-03-01,Inyo,027,18085,0,0,0,0,0
2020-03-01,Kern,029,883053,2,0,0,0,0
2020-03-01,Kings,031,150075,2,0,1,1,0
2020-03-01,Lake,033,64148,0,0,0,0,0
2020-03-01,Lassen,035,31185,0,0,0,0,0
2020-03-01,Los Angeles,037,10098052,132,1,10,11,0
2020-03-01,Madera,039,155013,2,0,0,0,0
2020-03-01,Marin,041,260295,5,0,0,0,0
2020-03-01,Mariposa,043,17540,0,0,0,0,0
2020-03-01,Mendocino,045,87422,0,0,0,0,0
2020-03-01,Merced,047,269075,1,0,0,0,0
2020-03-01,Modoc,049,8938,0,0,0,0,0
2020-03-01,Mono,051,14174,1,0,0,0,0
2020-03-01,Monterey,053,433212,0,0,0,0,0
2020-03-01,Napa,055,140530,1,0,0,0,0
2020-03-01,Nevada,057,99092,0,0,1,1,0
2020-03-01,Orange,059,3164182,61,1,0,1,0
2020-03-01,Placer,061,380077,8,0,0,0,0
2020-03-01,Plumas,063,18699,0,0,0,0,0
2020-03-01,Riverside,065,2383286,18,0,1,1,0
2020-03-01,Sacramento,067,1510023,21,1,0,1,0
2020-03-01,San Benito,069,59416,0,2,0,2,0
2020-03-01,San Bernardino,071,2135413,25,0,0,0,0
2020-03-01,San Diego,073,3302833,21,2,0,2,0
2020-03-01,San Francisco,075,870044,13,0,0,0,0
2020-03-01,San Joaquin,077,732212,7,0,3,3,0
2020-03-01,San Luis Obispo,079,281455,2,0,0,0,0
2020-03-01,San Mateo,081,765935,36,0,0,0,0
2020-03-01,Santa Barbara,083,443738,1,0,0,0,0
2020-03-01,Santa Clara,085,1922200,96,6,1,7,0
2020-03-01,Santa Cruz,087,273765,8,0,0,0,0
2020-03-01,Shasta,089,179085,2,0,0,0,0
2020-03-01,Sierra,091,2930,0,0,0,0,0
2020-03-01,Siskiyou,093,43540,0,0,0,0,0
2020-03-01,Solano,095,438530,19,24,0,24,0
2020-03-01,Sonoma,097,501317,9,0,0,0,0
2020-03-01,Stanislaus,099,539301,2,0,2,2,0
2020-03-01,Sutter,101,95872,0,0,0,0,0
2020-03-01,Tehama,103,63373,0,0,0,0,0
2020-03-01,Trinity,105,12862,0,0,0,0,0
2020-03-01,Tulare,107,460477,6,0,0,0,0
2020-03-01,Tuolumne,109,53932,0,0,0,0,0
2020-03-01,Ventura,111,848112,8,0,0,0,0
2020-03-01,Yolo,113,214977,2,0,0,0,0
2020-03-01,Yuba,115,75493,0,0,0,0,0
2020-02-29,Alameda,001,1643700,16,0,0,0,0
2020-02-29,Alpine,003,1148,0,0,0,0,0
2020-02-29,Amador,005,37829,0,0,0,0,0
2020-02-29,Butte,007,227075,0,0,0,0,0
2020-02-29,Calaveras,009,45235,0,0,0,0,0
2020-02-29,Colusa,011,21464,0,0,0,0,0
2020-02-29,Contra Costa,013,1133247,20,0,0,0,0
2020-02-29,Del Norte,015,27424,0,0,0,0,0
2020-02-29,El Dorado,017,186661,1,0,0,0,0
2020-02-29,Fresno,019,978130,0,0,0,0,0
2020-02-29,Glenn,021,27897,0,0,0,0,0
2020-02-29,Humboldt,023,135768,1,1,0,1,0
2020-02-29,Imperial,025,180216,3,0,0,0,0
2020-02-29,Inyo,027,18085,0,0,0,0,0
2020-02-29,Kern,029,883053,2,0,0,0,0
2020-02-29,Kings,031,150075,2,0,1,1,0
2020-02-29,Lake,033,64148,0,0,0,0,0
2020-02-29,Lassen,035,31185,0,0,0,0,0
2020-02-29,Los Angeles,037,10098052,104,1,10,11,0
2020-02-29,Madera,039,155013,2,0,0,0,0
2020-02-29,Marin,041,260295,4,0,0,0,0
2020-02-29,Mariposa,043,17540,0,0,0,0,0
2020-02-29,Mendocino,045,87422,0,0,0,0,0
2020-02-29,Merced,047,269075,1,0,0,0,0
2020-02-29,Modoc,049,8938,0,0,0,0,0
2020-02-29,Mono,051,14174,1,0,0,0,0
2020-02-29,Monterey,053,433212,0,0,0,0,0
2020-02-29,Napa,055,140530,1,0,0,0,0
2020-02-29,Nevada,057,99092,0,0,1,1,0
2020-02-29,Orange,059,3164182,56,1,0,1,0
2020-02-29,Placer,061,380077,7,0,0,0,0
2020-02-29,Plumas,063,18699,0,0,0,0,0
2020-02-29,Riverside,065,2383286,15,0,1,1,0
2020-02-29,Sacramento,067,1510023,16,1,0,1,0
2020-02-29,San Benito,069,59416,0,2,0,2,0
2020-02-29,San Bernardino,071,2135413,23,0,0,0,0
2020-02-29,San Diego,073,3302833,16,2,0,2,0
2020-02-29,San Francisco,075,870044,12,0,0,0,0
2020-02-29,San Joaquin,077,732212,6,0,3,3,0
2020-02-29,San Luis Obispo,079,281455,2,0,0,0,0
2020-02-29,San Mateo,081,765935,29,0,0,0,0
2020-02-29,Santa Barbara,083,443738,0,0,0,0,0
2020-02-29,Santa Clara,085,1922200,74,3,1,4,0
2020-02-29,Santa Cruz,087,273765,8,0,0,0,0
2020-02-29,Shasta,089,179085,2,0,0,0,0
2020-02-29,Sierra,091,2930,0,0,0,0,0
2020-02-29,Siskiyou,093,43540,0,0,0,0,0
2020-02-29,Solano,095,438530,18,23,0,23,0
2020-02-29,Sonoma,097,501317,6,0,0,0,0
2020-02-29,Stanislaus,099,539301,2,0,2,2,0
2020-02-29,Sutter,101,95872,0,0,0,0,0
2020-02-29,Tehama,103,63373,0,0,0,0,0
2020-02-29,Trinity,105,12862,0,0,0,0,0
2020-02-29,Tulare,107,460477,4,0,0,0,0
2020-02-29,Tuolumne,109,53932,0,0,0,0,0
2020-02-29,Ventura,111,848112,6,0,0,0,0
2020-02-29,Yolo,113,214977,2,0,0,0,0
2020-02-29,Yuba,115,75493,0,0,0,0,0
2020-02-28,Alameda,001,1643700,14,0,0,0,0
2020-02-28,Alpine,003,1148,0,0,0,0,0
2020-02-28,Amador,005,37829,0,0,0,0,0
2020-02-28,Butte,007,227075,0,0,0,0,0
2020-02-28,Calaveras,009,45235,0,0,0,0,0
2020-02-28,Colusa,011,21464,0,0,0,0,0
2020-02-28,Contra Costa,013,1133247,20,0,0,0,0
2020-02-28,Del Norte,015,27424,0,0,0,0,0
2020-02-28,El Dorado,017,186661,0,0,0,0,0
2020-02-28,Fresno,019,978130,0,0,0,0,0
2020-02-28,Glenn,021,27897,0,0,0,0,0
2020-02-28,Humboldt,023,135768,1,1,0,1,0
2020-02-28,Imperial,025,180216,3,0,0,0,0
2020-02-28,Inyo,027,18085,0,0,0,0,0
2020-02-28,Kern,029,883053,2,0,0,0,0
2020-02-28,Kings,031,150075,2,0,1,1,0
2020-02-28,Lake,033,64148,0,0,0,0,0
2020-02-28,Lassen,035,31185,0,0,0,0,0
2020-02-28,Los Angeles,037,10098052,96,1,10,11,0
2020-02-28,Madera,039,155013,2,0,0,0,0
2020-02-28,Marin,041,260295,2,0,0,0,0
2020-02-28,Mariposa,043,17540,0,0,0,0,0
2020-02-28,Mendocino,045,87422,0,0,0,0,0
2020-02-28,Merced,047,269075,1,0,0,0,0
2020-02-28,Modoc,049,8938,0,0,0,0,0
2020-02-28,Mono,051,14174,0,0,0,0,0
2020-02-28,Monterey,053,433212,0,0,0,0,0
2020-02-28,Napa,055,140530,1,0,0,0,0
2020-02-28,Nevada,057,99092,0,0,1,1,0
2020-02-28,Orange,059,3164182,54,1,0,1,0
2020-02-28,Placer,061,380077,7,0,0,0,0
2020-02-28,Plumas,063,18699,0,0,0,0,0
2020-02-28,Riverside,065,2383286,13,0,1,1,0
2020-02-28,Sacramento,067,1510023,10,1,0,1,0
2020-02-28,San Benito,069,59416,0,2,0,2,0
2020-02-28,San Bernardino,071,2135413,23,0,0,0,0
2020-02-28,San Diego,073,3302833,13,2,0,2,0
2020-02-28,San Francisco,075,870044,10,0,0,0,0
2020-02-28,San Joaquin,077,732212,6,0,3,3,0
2020-02-28,San Luis Obispo,079,281455,2,0,0,0,0
2020-02-28,San Mateo,081,765935,24,0,0,0,0
2020-02-28,Santa Barbara,083,443738,0,0,0,0,0
2020-02-28,Santa Clara,085,1922200,69,3,1,4,0
2020-02-28,Santa Cruz,087,273765,8,0,0,0,0
2020-02-28,Shasta,089,179085,2,0,0,0,0
2020-02-28,Sierra,091,2930,0,0,0,0,0
2020-02-28,Siskiyou,093,43540,0,0,0,0,0
2020-02-28,Solano,095,438530,17,23,0,23,0
2020-02-28,Sonoma,097,501317,6,0,0,0,0
2020-02-28,Stanislaus,099,539301,2,0,2,2,0
2020-02-28,Sutter,101,95872,0,0,0,0,0
2020-02-28,Tehama,103,63373,0,0,0,0,0
2020-02-28,Trinity,105,12862,0,0,0,0,0
2020-02-28,Tulare,107,460477,3,0,0,0,0
2020-02-28,Tuolumne,109,53932,0,0,0,0,0
2020-02-28,Ventura,111,848112,6,0,0,0,0
2020-02-28,Yolo,113,214977,2,0,0,0,0
2020-02-28,Yuba,115,75493,0,0,0,0,0
2020-02-27,Alameda,001,1643700,13,0,0,0,0
2020-02-27,Alpine,003,1148,0,0,0,0,0
2020-02-27,Amador,005,37829,0,0,0,0,0
2020-02-27,Butte,007,227075,0,0,0,0,0
2020-02-27,Calaveras,009,45235,0,0,0,0,0
2020-02-27,Colusa,011,21464,0,0,0,0,0
2020-02-27,Contra Costa,013,1133247,14,0,0,0,0
2020-02-27,Del Norte,015,27424,0,0,0,0,0
2020-02-27,El Dorado,017,186661,0,0,0,0,0
2020-02-27,Fresno,019,978130,0,0,0,0,0
2020-02-27,Glenn,021,27897,0,0,0,0,0
2020-02-27,Humboldt,023,135768,1,1,0,1,0
2020-02-27,Imperial,025,180216,3,0,0,0,0
2020-02-27,Inyo,027,18085,0,0,0,0,0
2020-02-27,Kern,029,883053,2,0,0,0,0
2020-02-27,Kings,031,150075,2,0,1,1,0
2020-02-27,Lake,033,64148,0,0,0,0,0
2020-02-27,Lassen,035,31185,0,0,0,0,0
2020-02-27,Los Angeles,037,10098052,89,1,10,11,0
2020-02-27,Madera,039,155013,2,0,0,0,0
2020-02-27,Marin,041,260295,1,0,0,0,0
2020-02-27,Mariposa,043,17540,0,0,0,0,0
2020-02-27,Mendocino,045,87422,0,0,0,0,0
2020-02-27,Merced,047,269075,1,0,0,0,0
2020-02-27,Modoc,049,8938,0,0,0,0,0
2020-02-27,Mono,051,14174,0,0,0,0,0
2020-02-27,Monterey,053,433212,0,0,0,0,0
2020-02-27,Napa,055,140530,1,0,0,0,0
2020-02-27,Nevada,057,99092,0,0,1,1,0
2020-02-27,Orange,059,3164182,48,1,0,1,0
2020-02-27,Placer,061,380077,6,0,0,0,0
2020-02-27,Plumas,063,18699,0,0,0,0,0
2020-02-27,Riverside,065,2383286,12,0,1,1,0
2020-02-27,Sacramento,067,1510023,10,1,0,1,0
2020-02-27,San Benito,069,59416,0,2,0,2,0
2020-02-27,San Bernardino,071,2135413,23,0,0,0,0
2020-02-27,San Diego,073,3302833,12,2,0,2,0
2020-02-27,San Francisco,075,870044,9,0,0,0,0
2020-02-27,San Joaquin,077,732212,5,0,3,3,0
2020-02-27,San Luis Obispo,079,281455,2,0,0,0,0
2020-02-27,San Mateo,081,765935,20,0,0,0,0
2020-02-27,Santa Barbara,083,443738,0,0,0,0,0
2020-02-27,Santa Clara,085,1922200,58,2,1,3,0
2020-02-27,Santa Cruz,087,273765,6,0,0,0,0
2020-02-27,Shasta,089,179085,0,0,0,0,0
2020-02-27,Sierra,091,2930,0,0,0,0,0
2020-02-27,Siskiyou,093,43540,0,0,0,0,0
2020-02-27,Solano,095,438530,17,23,0,23,0
2020-02-27,Sonoma,097,501317,5,0,0,0,0
2020-02-27,Stanislaus,099,539301,2,0,2,2,0
2020-02-27,Sutter,101,95872,0,0,0,0,0
2020-02-27,Tehama,103,63373,0,0,0,0,0
2020-02-27,Trinity,105,12862,0,0,0,0,0
2020-02-27,Tulare,107,460477,3,0,0,0,0
2020-02-27,Tuolumne,109,53932,0,0,0,0,0
2020-02-27,Ventura,111,848112,4,0,0,0,0
2020-02-27,Yolo,113,214977,2,0,0,0,0
2020-02-27,Yuba,115,75493,0,0,0,0,0
2020-02-26,Alameda,001,1643700,13,0,0,0,0
2020-02-26,Alpine,003,1148,0,0,0,0,0
2020-02-26,Amador,005,37829,0,0,0,0,0
2020-02-26,Butte,007,227075,0,0,0,0,0
2020-02-26,Calaveras,009,45235,0,0,0,0,0
2020-02-26,Colusa,011,21464,0,0,0,0,0
2020-02-26,Contra Costa,013,1133247,13,0,0,0,0
2020-02-26,Del Norte,015,27424,0,0,0,0,0
2020-02-26,El Dorado,017,186661,0,0,0,0,0
2020-02-26,Fresno,019,978130,0,0,0,0,0
2020-02-26,Glenn,021,27897,0,0,0,0,0
2020-02-26,Humboldt,023,135768,1,1,0,1,0
2020-02-26,Imperial,025,180216,3,0,0,0,0
2020-02-26,Inyo,027,18085,0,0,0,0,0
2020-02-26,Kern,029,883053,2,0,0,0,0
2020-02-26,Kings,031,150075,2,0,1,1,0
2020-02-26,Lake,033,64148,0,0,0,0,0
2020-02-26,Lassen,035,31185,0,0,0,0,0
2020-02-26,Los Angeles,037,10098052,83,1,10,11,0
2020-02-26,Madera,039,155013,2,0,0,0,0
2020-02-26,Marin,041,260295,1,0,0,0,0
2020-02-26,Mariposa,043,17540,0,0,0,0,0
2020-02-26,Mendocino,045,87422,0,0,0,0,0
2020-02-26,Merced,047,269075,1,0,0,0,0
2020-02-26,Modoc,049,8938,0,0,0,0,0
2020-02-26,Mono,051,14174,0,0,0,0,0
2020-02-26,Monterey,053,433212,0,0,0,0,0
2020-02-26,Napa,055,140530,0,0,0,0,0
2020-02-26,Nevada,057,99092,0,0,1,1,0
2020-02-26,Orange,059,3164182,47,1,0,1,0
2020-02-26,Placer,061,380077,5,0,0,0,0
2020-02-26,Plumas,063,18699,0,0,0,0,0
2020-02-26,Riverside,065,2383286,10,0,1,1,0
2020-02-26,Sacramento,067,1510023,10,1,0,1,0
2020-02-26,San Benito,069,59416,0,2,0,2,0
2020-02-26,San Bernardino,071,2135413,21,0,0,0,0
2020-02-26,San Diego,073,3302833,11,2,0,2,0
2020-02-26,San Francisco,075,870044,9,0,0,0,0
2020-02-26,San Joaquin,077,732212,5,0,3,3,0
2020-02-26,San Luis Obispo,079,281455,2,0,0,0,0
2020-02-26,San Mateo,081,765935,18,0,0,0,0
2020-02-26,Santa Barbara,083,443738,0,0,0,0,0
2020-02-26,Santa Clara,085,1922200,49,2,1,3,0
2020-02-26,Santa Cruz,087,273765,6,0,0,0,0
2020-02-26,Shasta,089,179085,0,0,0,0,0
2020-02-26,Sierra,091,2930,0,0,0,0,0
2020-02-26,Siskiyou,093,43540,0,0,0,0,0
2020-02-26,Solano,095,438530,17,23,0,23,0
2020-02-26,Sonoma,097,501317,5,0,0,0,0
2020-02-26,Stanislaus,099,539301,2,0,2,2,0
2020-02-26,Sutter,101,95872,0,0,0,0,0
2020-02-26,Tehama,103,63373,0,0,0,0,0
2020-02-26,Trinity,105,12862,0,0,0,0,0
2020-02-26,Tulare,107,460477,3,0,0,0,0
2020-02-26,Tuolumne,109,53932,0,0,0,0,0
2020-02-26,Ventura,111,848112,4,0,0,0,0
2020-02-26,Yolo,113,214977,2,0,0,0,0
2020-02-26,Yuba,115,75493,0,0,0,0,0
2020-02-25,Alameda,001,1643700,13,0,0,0,0
2020-02-25,Alpine,003,1148,0,0,0,0,0
2020-02-25,Amador,005,37829,0,0,0,0,0
2020-02-25,Butte,007,227075,0,0,0,0,0
2020-02-25,Calaveras,009,45235,0,0,0,0,0
2020-02-25,Colusa,011,21464,0,0,0,0,0
2020-02-25,Contra Costa,013,1133247,11,0,0,0,0
2020-02-25,Del Norte,015,27424,0,0,0,0,0
2020-02-25,El Dorado,017,186661,0,0,0,0,0
2020-02-25,Fresno,019,978130,0,0,0,0,0
2020-02-25,Glenn,021,27897,0,0,0,0,0
2020-02-25,Humboldt,023,135768,1,1,0,1,0
2020-02-25,Imperial,025,180216,3,0,0,0,0
2020-02-25,Inyo,027,18085,0,0,0,0,0
2020-02-25,Kern,029,883053,2,0,0,0,0
2020-02-25,Kings,031,150075,2,0,1,1,0
2020-02-25,Lake,033,64148,0,0,0,0,0
2020-02-25,Lassen,035,31185,0,0,0,0,0
2020-02-25,Los Angeles,037,10098052,71,1,10,11,0
2020-02-25,Madera,039,155013,2,0,0,0,0
2020-02-25,Marin,041,260295,1,0,0,0,0
2020-02-25,Mariposa,043,17540,0,0,0,0,0
2020-02-25,Mendocino,045,87422,0,0,0,0,0
2020-02-25,Merced,047,269075,0,0,0,0,0
2020-02-25,Modoc,049,8938,0,0,0,0,0
2020-02-25,Mono,051,14174,0,0,0,0,0
2020-02-25,Monterey,053,433212,0,0,0,0,0
2020-02-25,Napa,055,140530,0,0,0,0,0
2020-02-25,Nevada,057,99092,0,0,1,1,0
2020-02-25,Orange,059,3164182,46,1,0,1,0
2020-02-25,Placer,061,380077,5,0,0,0,0
2020-02-25,Plumas,063,18699,0,0,0,0,0
2020-02-25,Riverside,065,2383286,10,0,1,1,0
2020-02-25,Sacramento,067,1510023,8,1,0,1,0
2020-02-25,San Benito,069,59416,0,2,0,2,0
2020-02-25,San Bernardino,071,2135413,19,0,0,0,0
2020-02-25,San Diego,073,3302833,7,2,0,2,0
2020-02-25,San Francisco,075,870044,7,0,0,0,0
2020-02-25,San Joaquin,077,732212,5,0,2,2,0
2020-02-25,San Luis Obispo,079,281455,2,0,0,0,0
2020-02-25,San Mateo,081,765935,17,0,0,0,0
2020-02-25,Santa Barbara,083,443738,0,0,0,0,0
2020-02-25,Santa Clara,085,1922200,40,2,1,3,0
2020-02-25,Santa Cruz,087,273765,5,0,0,0,0
2020-02-25,Shasta,089,179085,0,0,0,0,0
2020-02-25,Sierra,091,2930,0,0,0,0,0
2020-02-25,Siskiyou,093,43540,0,0,0,0,0
2020-02-25,Solano,095,438530,16,21,0,21,0
2020-02-25,Sonoma,097,501317,5,0,0,0,0
2020-02-25,Stanislaus,099,539301,2,0,2,2,0
2020-02-25,Sutter,101,95872,0,0,0,0,0
2020-02-25,Tehama,103,63373,0,0,0,0,0
2020-02-25,Trinity,105,12862,0,0,0,0,0
2020-02-25,Tulare,107,460477,3,0,0,0,0
2020-02-25,Tuolumne,109,53932,0,0,0,0,0
2020-02-25,Ventura,111,848112,4,0,0,0,0
2020-02-25,Yolo,113,214977,2,0,0,0,0
2020-02-25,Yuba,115,75493,0,0,0,0,0
2020-02-24,Alameda,001,1643700,13,0,0,0,0
2020-02-24,Alpine,003,1148,0,0,0,0,0
2020-02-24,Amador,005,37829,0,0,0,0,0
2020-02-24,Butte,007,227075,0,0,0,0,0
2020-02-24,Calaveras,009,45235,0,0,0,0,0
2020-02-24,Colusa,011,21464,0,0,0,0,0
2020-02-24,Contra Costa,013,1133247,9,0,0,0,0
2020-02-24,Del Norte,015,27424,0,0,0,0,0
2020-02-24,El Dorado,017,186661,0,0,0,0,0
2020-02-24,Fresno,019,978130,0,0,0,0,0
2020-02-24,Glenn,021,27897,0,0,0,0,0
2020-02-24,Humboldt,023,135768,1,1,0,1,0
2020-02-24,Imperial,025,180216,3,0,0,0,0
2020-02-24,Inyo,027,18085,0,0,0,0,0
2020-02-24,Kern,029,883053,2,0,0,0,0
2020-02-24,Kings,031,150075,2,0,1,1,0
2020-02-24,Lake,033,64148,0,0,0,0,0
2020-02-24,Lassen,035,31185,0,0,0,0,0
2020-02-24,Los Angeles,037,10098052,66,1,10,11,0
2020-02-24,Madera,039,155013,1,0,0,0,0
2020-02-24,Marin,041,260295,1,0,0,0,0
2020-02-24,Mariposa,043,17540,0,0,0,0,0
2020-02-24,Mendocino,045,87422,0,0,0,0,0
2020-02-24,Merced,047,269075,0,0,0,0,0
2020-02-24,Modoc,049,8938,0,0,0,0,0
2020-02-24,Mono,051,14174,0,0,0,0,0
2020-02-24,Monterey,053,433212,0,0,0,0,0
2020-02-24,Napa,055,140530,0,0,0,0,0
2020-02-24,Nevada,057,99092,0,0,1,1,0
2020-02-24,Orange,059,3164182,44,1,0,1,0
2020-02-24,Placer,061,380077,3,0,0,0,0
2020-02-24,Plumas,063,18699,0,0,0,0,0
2020-02-24,Riverside,065,2383286,9,0,1,1,0
2020-02-24,Sacramento,067,1510023,7,1,0,1,0
2020-02-24,San Benito,069,59416,0,2,0,2,0
2020-02-24,San Bernardino,071,2135413,19,0,0,0,0
2020-02-24,San Diego,073,3302833,7,2,0,2,0
2020-02-24,San Francisco,075,870044,6,0,0,0,0
2020-02-24,San Joaquin,077,732212,5,0,1,1,0
2020-02-24,San Luis Obispo,079,281455,2,0,0,0,0
2020-02-24,San Mateo,081,765935,13,0,0,0,0
2020-02-24,Santa Barbara,083,443738,0,0,0,0,0
2020-02-24,Santa Clara,085,1922200,38,2,1,3,0
2020-02-24,Santa Cruz,087,273765,5,0,0,0,0
2020-02-24,Shasta,089,179085,0,0,0,0,0
2020-02-24,Sierra,091,2930,0,0,0,0,0
2020-02-24,Siskiyou,093,43540,0,0,0,0,0
2020-02-24,Solano,095,438530,13,15,0,15,0
2020-02-24,Sonoma,097,501317,5,0,0,0,0
2020-02-24,Stanislaus,099,539301,2,0,2,2,0
2020-02-24,Sutter,101,95872,0,0,0,0,0
2020-02-24,Tehama,103,63373,0,0,0,0,0
2020-02-24,Trinity,105,12862,0,0,0,0,0
2020-02-24,Tulare,107,460477,3,0,0,0,0
2020-02-24,Tuolumne,109,53932,0,0,0,0,0
2020-02-24,Ventura,111,848112,4,0,0,0,0
2020-02-24,Yolo,113,214977,2,0,0,0,0
2020-02-24,Yuba,115,75493,0,0,0,0,0
2020-02-23,Alameda,001,1643700,11,0,0,0,0
2020-02-23,Alpine,003,1148,0,0,0,0,0
2020-02-23,Amador,005,37829,0,0,0,0,0
2020-02-23,Butte,007,227075,0,0,0,0,0
2020-02-23,Calaveras,009,45235,0,0,0,0,0
2020-02-23,Colusa,011,21464,0,0,0,0,0
2020-02-23,Contra Costa,013,1133247,6,0,0,0,0
2020-02-23,Del Norte,015,27424,0,0,0,0,0
2020-02-23,El Dorado,017,186661,0,0,0,0,0
2020-02-23,Fresno,019,978130,0,0,0,0,0
2020-02-23,Glenn,021,27897,0,0,0,0,0
2020-02-23,Humboldt,023,135768,1,1,0,1,0
2020-02-23,Imperial,025,180216,3,0,0,0,0
2020-02-23,Inyo,027,18085,0,0,0,0,0
2020-02-23,Kern,029,883053,2,0,0,0,0
2020-02-23,Kings,031,150075,2,0,1,1,0
2020-02-23,Lake,033,64148,0,0,0,0,0
2020-02-23,Lassen,035,31185,0,0,0,0,0
2020-02-23,Los Angeles,037,10098052,58,1,10,11,0
2020-02-23,Madera,039,155013,1,0,0,0,0
2020-02-23,Marin,041,260295,1,0,0,0,0
2020-02-23,Mariposa,043,17540,0,0,0,0,0
2020-02-23,Mendocino,045,87422,0,0,0,0,0
2020-02-23,Merced,047,269075,0,0,0,0,0
2020-02-23,Modoc,049,8938,0,0,0,0,0
2020-02-23,Mono,051,14174,0,0,0,0,0
2020-02-23,Monterey,053,433212,0,0,0,0,0
2020-02-23,Napa,055,140530,0,0,0,0,0
2020-02-23,Nevada,057,99092,0,0,1,1,0
2020-02-23,Orange,059,3164182,44,1,0,1,0
2020-02-23,Placer,061,380077,3,0,0,0,0
2020-02-23,Plumas,063,18699,0,0,0,0,0
2020-02-23,Riverside,065,2383286,9,0,0,0,0
2020-02-23,Sacramento,067,1510023,6,1,0,1,0
2020-02-23,San Benito,069,59416,0,2,0,2,0
2020-02-23,San Bernardino,071,2135413,18,0,0,0,0
2020-02-23,San Diego,073,3302833,6,2,0,2,0
2020-02-23,San Francisco,075,870044,5,0,0,0,0
2020-02-23,San Joaquin,077,732212,4,0,1,1,0
2020-02-23,San Luis Obispo,079,281455,2,0,0,0,0
2020-02-23,San Mateo,081,765935,10,0,0,0,0
2020-02-23,Santa Barbara,083,443738,0,0,0,0,0
2020-02-23,Santa Clara,085,1922200,26,2,1,3,0
2020-02-23,Santa Cruz,087,273765,2,0,0,0,0
2020-02-23,Shasta,089,179085,0,0,0,0,0
2020-02-23,Sierra,091,2930,0,0,0,0,0
2020-02-23,Siskiyou,093,43540,0,0,0,0,0
2020-02-23,Solano,095,438530,11,15,0,15,0
2020-02-23,Sonoma,097,501317,5,0,0,0,0
2020-02-23,Stanislaus,099,539301,2,0,2,2,0
2020-02-23,Sutter,101,95872,0,0,0,0,0
2020-02-23,Tehama,103,63373,0,0,0,0,0
2020-02-23,Trinity,105,12862,0,0,0,0,0
2020-02-23,Tulare,107,460477,2,0,0,0,0
2020-02-23,Tuolumne,109,53932,0,0,0,0,0
2020-02-23,Ventura,111,848112,4,0,0,0,0
2020-02-23,Yolo,113,214977,2,0,0,0,0
2020-02-23,Yuba,115,75493,0,0,0,0,0
2020-02-22,Alameda,001,1643700,10,0,0,0,0
2020-02-22,Alpine,003,1148,0,0,0,0,0
2020-02-22,Amador,005,37829,0,0,0,0,0
2020-02-22,Butte,007,227075,0,0,0,0,0
2020-02-22,Calaveras,009,45235,0,0,0,0,0
2020-02-22,Colusa,011,21464,0,0,0,0,0
2020-02-22,Contra Costa,013,1133247,5,0,0,0,0
2020-02-22,Del Norte,015,27424,0,0,0,0,0
2020-02-22,El Dorado,017,186661,0,0,0,0,0
2020-02-22,Fresno,019,978130,0,0,0,0,0
2020-02-22,Glenn,021,27897,0,0,0,0,0
2020-02-22,Humboldt,023,135768,1,1,0,1,0
2020-02-22,Imperial,025,180216,2,0,0,0,0
2020-02-22,Inyo,027,18085,0,0,0,0,0
2020-02-22,Kern,029,883053,2,0,0,0,0
2020-02-22,Kings,031,150075,2,0,1,1,0
2020-02-22,Lake,033,64148,0,0,0,0,0
2020-02-22,Lassen,035,31185,0,0,0,0,0
2020-02-22,Los Angeles,037,10098052,56,1,10,11,0
2020-02-22,Madera,039,155013,0,0,0,0,0
2020-02-22,Marin,041,260295,1,0,0,0,0
2020-02-22,Mariposa,043,17540,0,0,0,0,0
2020-02-22,Mendocino,045,87422,0,0,0,0,0
2020-02-22,Merced,047,269075,0,0,0,0,0
2020-02-22,Modoc,049,8938,0,0,0,0,0
2020-02-22,Mono,051,14174,0,0,0,0,0
2020-02-22,Monterey,053,433212,0,0,0,0,0
2020-02-22,Napa,055,140530,0,0,0,0,0
2020-02-22,Nevada,057,99092,0,0,1,1,0
2020-02-22,Orange,059,3164182,43,1,0,1,0
2020-02-22,Placer,061,380077,3,0,0,0,0
2020-02-22,Plumas,063,18699,0,0,0,0,0
2020-02-22,Riverside,065,2383286,9,0,0,0,0
2020-02-22,Sacramento,067,1510023,6,1,0,1,0
2020-02-22,San Benito,069,59416,0,2,0,2,0
2020-02-22,San Bernardino,071,2135413,16,0,0,0,0
2020-02-22,San Diego,073,3302833,5,2,0,2,0
2020-02-22,San Francisco,075,870044,3,0,0,0,0
2020-02-22,San Joaquin,077,732212,4,0,1,1,0
2020-02-22,San Luis Obispo,079,281455,2,0,0,0,0
2020-02-22,San Mateo,081,765935,8,0,0,0,0
2020-02-22,Santa Barbara,083,443738,0,0,0,0,0
2020-02-22,Santa Clara,085,1922200,23,2,1,3,0
2020-02-22,Santa Cruz,087,273765,2,0,0,0,0
2020-02-22,Shasta,089,179085,0,0,0,0,0
2020-02-22,Sierra,091,2930,0,0,0,0,0
2020-02-22,Siskiyou,093,43540,0,0,0,0,0
2020-02-22,Solano,095,438530,11,11,0,11,0
2020-02-22,Sonoma,097,501317,4,0,0,0,0
2020-02-22,Stanislaus,099,539301,2,0,2,2,0
2020-02-22,Sutter,101,95872,0,0,0,0,0
2020-02-22,Tehama,103,63373,0,0,0,0,0
2020-02-22,Trinity,105,12862,0,0,0,0,0
2020-02-22,Tulare,107,460477,2,0,0,0,0
2020-02-22,Tuolumne,109,53932,0,0,0,0,0
2020-02-22,Ventura,111,848112,4,0,0,0,0
2020-02-22,Yolo,113,214977,1,0,0,0,0
2020-02-22,Yuba,115,75493,0,0,0,0,0
2020-02-21,Alameda,001,1643700,9,0,0,0,0
2020-02-21,Alpine,003,1148,0,0,0,0,0
2020-02-21,Amador,005,37829,0,0,0,0,0
2020-02-21,Butte,007,227075,0,0,0,0,0
2020-02-21,Calaveras,009,45235,0,0,0,0,0
2020-02-21,Colusa,011,21464,0,0,0,0,0
2020-02-21,Contra Costa,013,1133247,4,0,0,0,0
2020-02-21,Del Norte,015,27424,0,0,0,0,0
2020-02-21,El Dorado,017,186661,0,0,0,0,0
2020-02-21,Fresno,019,978130,0,0,0,0,0
2020-02-21,Glenn,021,27897,0,0,0,0,0
2020-02-21,Humboldt,023,135768,1,1,0,1,0
2020-02-21,Imperial,025,180216,2,0,0,0,0
2020-02-21,Inyo,027,18085,0,0,0,0,0
2020-02-21,Kern,029,883053,2,0,0,0,0
2020-02-21,Kings,031,150075,2,0,1,1,0
2020-02-21,Lake,033,64148,0,0,0,0,0
2020-02-21,Lassen,035,31185,0,0,0,0,0
2020-02-21,Los Angeles,037,10098052,52,1,10,11,0
2020-02-21,Madera,039,155013,0,0,0,0,0
2020-02-21,Marin,041,260295,1,0,0,0,0
2020-02-21,Mariposa,043,17540,0,0,0,0,0
2020-02-21,Mendocino,045,87422,0,0,0,0,0
2020-02-21,Merced,047,269075,0,0,0,0,0
2020-02-21,Modoc,049,8938,0,0,0,0,0
2020-02-21,Mono,051,14174,0,0,0,0,0
2020-02-21,Monterey,053,433212,0,0,0,0,0
2020-02-21,Napa,055,140530,0,0,0,0,0
2020-02-21,Nevada,057,99092,0,0,1,1,0
2020-02-21,Orange,059,3164182,41,1,0,1,0
2020-02-21,Placer,061,380077,2,0,0,0,0
2020-02-21,Plumas,063,18699,0,0,0,0,0
2020-02-21,Riverside,065,2383286,9,0,0,0,0
2020-02-21,Sacramento,067,1510023,5,1,0,1,0
2020-02-21,San Benito,069,59416,0,2,0,2,0
2020-02-21,San Bernardino,071,2135413,15,0,0,0,0
2020-02-21,San Diego,073,3302833,5,2,0,2,0
2020-02-21,San Francisco,075,870044,3,0,0,0,0
2020-02-21,San Joaquin,077,732212,2,0,1,1,0
2020-02-21,San Luis Obispo,079,281455,2,0,0,0,0
2020-02-21,San Mateo,081,765935,8,0,0,0,0
2020-02-21,Santa Barbara,083,443738,0,0,0,0,0
2020-02-21,Santa Clara,085,1922200,21,2,1,3,0
2020-02-21,Santa Cruz,087,273765,2,0,0,0,0
2020-02-21,Shasta,089,179085,0,0,0,0,0
2020-02-21,Sierra,091,2930,0,0,0,0,0
2020-02-21,Siskiyou,093,43540,0,0,0,0,0
2020-02-21,Solano,095,438530,10,11,0,11,0
2020-02-21,Sonoma,097,501317,3,0,0,0,0
2020-02-21,Stanislaus,099,539301,2,0,2,2,0
2020-02-21,Sutter,101,95872,0,0,0,0,0
2020-02-21,Tehama,103,63373,0,0,0,0,0
2020-02-21,Trinity,105,12862,0,0,0,0,0
2020-02-21,Tulare,107,460477,2,0,0,0,0
2020-02-21,Tuolumne,109,53932,0,0,0,0,0
2020-02-21,Ventura,111,848112,4,0,0,0,0
2020-02-21,Yolo,113,214977,1,0,0,0,0
2020-02-21,Yuba,115,75493,0,0,0,0,0
2020-02-20,Alameda,001,1643700,7,0,0,0,0
2020-02-20,Alpine,003,1148,0,0,0,0,0
2020-02-20,Amador,005,37829,0,0,0,0,0
2020-02-20,Butte,007,227075,0,0,0,0,0
2020-02-20,Calaveras,009,45235,0,0,0,0,0
2020-02-20,Colusa,011,21464,0,0,0,0,0
2020-02-20,Contra Costa,013,1133247,3,0,0,0,0
2020-02-20,Del Norte,015,27424,0,0,0,0,0
2020-02-20,El Dorado,017,186661,0,0,0,0,0
2020-02-20,Fresno,019,978130,0,0,0,0,0
2020-02-20,Glenn,021,27897,0,0,0,0,0
2020-02-20,Humboldt,023,135768,1,1,0,1,0
2020-02-20,Imperial,025,180216,2,0,0,0,0
2020-02-20,Inyo,027,18085,0,0,0,0,0
2020-02-20,Kern,029,883053,2,0,0,0,0
2020-02-20,Kings,031,150075,2,0,1,1,0
2020-02-20,Lake,033,64148,0,0,0,0,0
2020-02-20,Lassen,035,31185,0,0,0,0,0
2020-02-20,Los Angeles,037,10098052,51,1,9,10,0
2020-02-20,Madera,039,155013,0,0,0,0,0
2020-02-20,Marin,041,260295,0,0,0,0,0
2020-02-20,Mariposa,043,17540,0,0,0,0,0
2020-02-20,Mendocino,045,87422,0,0,0,0,0
2020-02-20,Merced,047,269075,0,0,0,0,0
2020-02-20,Modoc,049,8938,0,0,0,0,0
2020-02-20,Mono,051,14174,0,0,0,0,0
2020-02-20,Monterey,053,433212,0,0,0,0,0
2020-02-20,Napa,055,140530,0,0,0,0,0
2020-02-20,Nevada,057,99092,0,0,1,1,0
2020-02-20,Orange,059,3164182,41,1,0,1,0
2020-02-20,Placer,061,380077,2,0,0,0,0
2020-02-20,Plumas,063,18699,0,0,0,0,0
2020-02-20,Riverside,065,2383286,7,0,0,0,0
2020-02-20,Sacramento,067,1510023,2,1,0,1,0
2020-02-20,San Benito,069,59416,0,2,0,2,0
2020-02-20,San Bernardino,071,2135413,14,0,0,0,0
2020-02-20,San Diego,073,3302833,5,2,0,2,0
2020-02-20,San Francisco,075,870044,3,0,0,0,0
2020-02-20,San Joaquin,077,732212,2,0,1,1,0
2020-02-20,San Luis Obispo,079,281455,2,0,0,0,0
2020-02-20,San Mateo,081,765935,7,0,0,0,0
2020-02-20,Santa Barbara,083,443738,0,0,0,0,0
2020-02-20,Santa Clara,085,1922200,17,2,1,3,0
2020-02-20,Santa Cruz,087,273765,2,0,0,0,0
2020-02-20,Shasta,089,179085,0,0,0,0,0
2020-02-20,Sierra,091,2930,0,0,0,0,0
2020-02-20,Siskiyou,093,43540,0,0,0,0,0
2020-02-20,Solano,095,438530,8,7,0,7,0
2020-02-20,Sonoma,097,501317,2,0,0,0,0
2020-02-20,Stanislaus,099,539301,2,0,2,2,0
2020-02-20,Sutter,101,95872,0,0,0,0,0
2020-02-20,Tehama,103,63373,0,0,0,0,0
2020-02-20,Trinity,105,12862,0,0,0,0,0
2020-02-20,Tulare,107,460477,2,0,0,0,0
2020-02-20,Tuolumne,109,53932,0,0,0,0,0
2020-02-20,Ventura,111,848112,4,0,0,0,0
2020-02-20,Yolo,113,214977,1,0,0,0,0
2020-02-20,Yuba,115,75493,0,0,0,0,0
2020-02-19,Alameda,001,1643700,6,0,0,0,0
2020-02-19,Alpine,003,1148,0,0,0,0,0
2020-02-19,Amador,005,37829,0,0,0,0,0
2020-02-19,Butte,007,227075,0,0,0,0,0
2020-02-19,Calaveras,009,45235,0,0,0,0,0
2020-02-19,Colusa,011,21464,0,0,0,0,0
2020-02-19,Contra Costa,013,1133247,3,0,0,0,0
2020-02-19,Del Norte,015,27424,0,0,0,0,0
2020-02-19,El Dorado,017,186661,0,0,0,0,0
2020-02-19,Fresno,019,978130,0,0,0,0,0
2020-02-19,Glenn,021,27897,0,0,0,0,0
2020-02-19,Humboldt,023,135768,1,0,0,0,0
2020-02-19,Imperial,025,180216,2,0,0,0,0
2020-02-19,Inyo,027,18085,0,0,0,0,0
2020-02-19,Kern,029,883053,2,0,0,0,0
2020-02-19,Kings,031,150075,2,0,1,1,0
2020-02-19,Lake,033,64148,0,0,0,0,0
2020-02-19,Lassen,035,31185,0,0,0,0,0
2020-02-19,Los Angeles,037,10098052,48,1,9,10,0
2020-02-19,Madera,039,155013,0,0,0,0,0
2020-02-19,Marin,041,260295,0,0,0,0,0
2020-02-19,Mariposa,043,17540,0,0,0,0,0
2020-02-19,Mendocino,045,87422,0,0,0,0,0
2020-02-19,Merced,047,269075,0,0,0,0,0
2020-02-19,Modoc,049,8938,0,0,0,0,0
2020-02-19,Mono,051,14174,0,0,0,0,0
2020-02-19,Monterey,053,433212,0,0,0,0,0
2020-02-19,Napa,055,140530,0,0,0,0,0
2020-02-19,Nevada,057,99092,0,0,1,1,0
2020-02-19,Orange,059,3164182,40,1,0,1,0
2020-02-19,Placer,061,380077,2,0,0,0,0
2020-02-19,Plumas,063,18699,0,0,0,0,0
2020-02-19,Riverside,065,2383286,5,0,0,0,0
2020-02-19,Sacramento,067,1510023,2,0,0,0,0
2020-02-19,San Benito,069,59416,0,2,0,2,0
2020-02-19,San Bernardino,071,2135413,13,0,0,0,0
2020-02-19,San Diego,073,3302833,4,2,0,2,0
2020-02-19,San Francisco,075,870044,2,0,0,0,0
2020-02-19,San Joaquin,077,732212,2,0,1,1,0
2020-02-19,San Luis Obispo,079,281455,2,0,0,0,0
2020-02-19,San Mateo,081,765935,6,0,0,0,0
2020-02-19,Santa Barbara,083,443738,0,0,0,0,0
2020-02-19,Santa Clara,085,1922200,15,2,1,3,0
2020-02-19,Santa Cruz,087,273765,0,0,0,0,0
2020-02-19,Shasta,089,179085,0,0,0,0,0
2020-02-19,Sierra,091,2930,0,0,0,0,0
2020-02-19,Siskiyou,093,43540,0,0,0,0,0
2020-02-19,Solano,095,438530,5,7,0,7,0
2020-02-19,Sonoma,097,501317,2,0,0,0,0
2020-02-19,Stanislaus,099,539301,1,0,2,2,0
2020-02-19,Sutter,101,95872,0,0,0,0,0
2020-02-19,Tehama,103,63373,0,0,0,0,0
2020-02-19,Trinity,105,12862,0,0,0,0,0
2020-02-19,Tulare,107,460477,2,0,0,0,0
2020-02-19,Tuolumne,109,53932,0,0,0,0,0
2020-02-19,Ventura,111,848112,2,0,0,0,0
2020-02-19,Yolo,113,214977,1,0,0,0,0
2020-02-19,Yuba,115,75493,0,0,0,0,0
2020-02-18,Alameda,001,1643700,6,0,0,0,0
2020-02-18,Alpine,003,1148,0,0,0,0,0
2020-02-18,Amador,005,37829,0,0,0,0,0
2020-02-18,Butte,007,227075,0,0,0,0,0
2020-02-18,Calaveras,009,45235,0,0,0,0,0
2020-02-18,Colusa,011,21464,0,0,0,0,0
2020-02-18,Contra Costa,013,1133247,3,0,0,0,0
2020-02-18,Del Norte,015,27424,0,0,0,0,0
2020-02-18,El Dorado,017,186661,0,0,0,0,0
2020-02-18,Fresno,019,978130,0,0,0,0,0
2020-02-18,Glenn,021,27897,0,0,0,0,0
2020-02-18,Humboldt,023,135768,1,0,0,0,0
2020-02-18,Imperial,025,180216,1,0,0,0,0
2020-02-18,Inyo,027,18085,0,0,0,0,0
2020-02-18,Kern,029,883053,2,0,0,0,0
2020-02-18,Kings,031,150075,2,0,1,1,0
2020-02-18,Lake,033,64148,0,0,0,0,0
2020-02-18,Lassen,035,31185,0,0,0,0,0
2020-02-18,Los Angeles,037,10098052,45,1,8,9,0
2020-02-18,Madera,039,155013,0,0,0,0,0
2020-02-18,Marin,041,260295,0,0,0,0,0
2020-02-18,Mariposa,043,17540,0,0,0,0,0
2020-02-18,Mendocino,045,87422,0,0,0,0,0
2020-02-18,Merced,047,269075,0,0,0,0,0
2020-02-18,Modoc,049,8938,0,0,0,0,0
2020-02-18,Mono,051,14174,0,0,0,0,0
2020-02-18,Monterey,053,433212,0,0,0,0,0
2020-02-18,Napa,055,140530,0,0,0,0,0
2020-02-18,Nevada,057,99092,0,0,1,1,0
2020-02-18,Orange,059,3164182,39,1,0,1,0
2020-02-18,Placer,061,380077,0,0,0,0,0
2020-02-18,Plumas,063,18699,0,0,0,0,0
2020-02-18,Riverside,065,2383286,5,0,0,0,0
2020-02-18,Sacramento,067,1510023,2,0,0,0,0
2020-02-18,San Benito,069,59416,0,2,0,2,0
2020-02-18,San Bernardino,071,2135413,13,0,0,0,0
2020-02-18,San Diego,073,3302833,4,2,0,2,0
2020-02-18,San Francisco,075,870044,2,0,0,0,0
2020-02-18,San Joaquin,077,732212,1,0,1,1,0
2020-02-18,San Luis Obispo,079,281455,2,0,0,0,0
2020-02-18,San Mateo,081,765935,5,0,0,0,0
2020-02-18,Santa Barbara,083,443738,0,0,0,0,0
2020-02-18,Santa Clara,085,1922200,14,2,1,3,0
2020-02-18,Santa Cruz,087,273765,0,0,0,0,0
2020-02-18,Shasta,089,179085,0,0,0,0,0
2020-02-18,Sierra,091,2930,0,0,0,0,0
2020-02-18,Siskiyou,093,43540,0,0,0,0,0
2020-02-18,Solano,095,438530,5,7,0,7,0
2020-02-18,Sonoma,097,501317,1,0,0,0,0
2020-02-18,Stanislaus,099,539301,1,0,2,2,0
2020-02-18,Sutter,101,95872,0,0,0,0,0
2020-02-18,Tehama,103,63373,0,0,0,0,0
2020-02-18,Trinity,105,12862,0,0,0,0,0
2020-02-18,Tulare,107,460477,2,0,0,0,0
2020-02-18,Tuolumne,109,53932,0,0,0,0,0
2020-02-18,Ventura,111,848112,2,0,0,0,0
2020-02-18,Yolo,113,214977,1,0,0,0,0
2020-02-18,Yuba,115,75493,0,0,0,0,0
2020-02-17,Alameda,001,1643700,6,0,0,0,0
2020-02-17,Alpine,003,1148,0,0,0,0,0
2020-02-17,Amador,005,37829,0,0,0,0,0
2020-02-17,Butte,007,227075,0,0,0,0,0
2020-02-17,Calaveras,009,45235,0,0,0,0,0
2020-02-17,Colusa,011,21464,0,0,0,0,0
2020-02-17,Contra Costa,013,1133247,3,0,0,0,0
2020-02-17,Del Norte,015,27424,0,0,0,0,0
2020-02-17,El Dorado,017,186661,0,0,0,0,0
2020-02-17,Fresno,019,978130,0,0,0,0,0
2020-02-17,Glenn,021,27897,0,0,0,0,0
2020-02-17,Humboldt,023,135768,1,0,0,0,0
2020-02-17,Imperial,025,180216,1,0,0,0,0
2020-02-17,Inyo,027,18085,0,0,0,0,0
2020-02-17,Kern,029,883053,2,0,0,0,0
2020-02-17,Kings,031,150075,2,0,0,0,0
2020-02-17,Lake,033,64148,0,0,0,0,0
2020-02-17,Lassen,035,31185,0,0,0,0,0
2020-02-17,Los Angeles,037,10098052,42,1,7,8,0
2020-02-17,Madera,039,155013,0,0,0,0,0
2020-02-17,Marin,041,260295,0,0,0,0,0
2020-02-17,Mariposa,043,17540,0,0,0,0,0
2020-02-17,Mendocino,045,87422,0,0,0,0,0
2020-02-17,Merced,047,269075,0,0,0,0,0
2020-02-17,Modoc,049,8938,0,0,0,0,0
2020-02-17,Mono,051,14174,0,0,0,0,0
2020-02-17,Monterey,053,433212,0,0,0,0,0
2020-02-17,Napa,055,140530,0,0,0,0,0
2020-02-17,Nevada,057,99092,0,0,1,1,0
2020-02-17,Orange,059,3164182,39,1,0,1,0
2020-02-17,Placer,061,380077,0,0,0,0,0
2020-02-17,Plumas,063,18699,0,0,0,0,0
2020-02-17,Riverside,065,2383286,5,0,0,0,0
2020-02-17,Sacramento,067,1510023,2,0,0,0,0
2020-02-17,San Benito,069,59416,0,2,0,2,0
2020-02-17,San Bernardino,071,2135413,11,0,0,0,0
2020-02-17,San Diego,073,3302833,4,2,0,2,0
2020-02-17,San Francisco,075,870044,2,0,0,0,0
2020-02-17,San Joaquin,077,732212,1,0,1,1,0
2020-02-17,San Luis Obispo,079,281455,1,0,0,0,0
2020-02-17,San Mateo,081,765935,5,0,0,0,0
2020-02-17,Santa Barbara,083,443738,0,0,0,0,0
2020-02-17,Santa Clara,085,1922200,12,2,1,3,0
2020-02-17,Santa Cruz,087,273765,0,0,0,0,0
2020-02-17,Shasta,089,179085,0,0,0,0,0
2020-02-17,Sierra,091,2930,0,0,0,0,0
2020-02-17,Siskiyou,093,43540,0,0,0,0,0
2020-02-17,Solano,095,438530,3,5,0,5,0
2020-02-17,Sonoma,097,501317,1,0,0,0,0
2020-02-17,Stanislaus,099,539301,1,0,2,2,0
2020-02-17,Sutter,101,95872,0,0,0,0,0
2020-02-17,Tehama,103,63373,0,0,0,0,0
2020-02-17,Trinity,105,12862,0,0,0,0,0
2020-02-17,Tulare,107,460477,2,0,0,0,0
2020-02-17,Tuolumne,109,53932,0,0,0,0,0
2020-02-17,Ventura,111,848112,2,0,0,0,0
2020-02-17,Yolo,113,214977,1,0,0,0,0
2020-02-17,Yuba,115,75493,0,0,0,0,0
2020-02-16,Alameda,001,1643700,5,0,0,0,0
2020-02-16,Alpine,003,1148,0,0,0,0,0
2020-02-16,Amador,005,37829,0,0,0,0,0
2020-02-16,Butte,007,227075,0,0,0,0,0
2020-02-16,Calaveras,009,45235,0,0,0,0,0
2020-02-16,Colusa,011,21464,0,0,0,0,0
2020-02-16,Contra Costa,013,1133247,3,0,0,0,0
2020-02-16,Del Norte,015,27424,0,0,0,0,0
2020-02-16,El Dorado,017,186661,0,0,0,0,0
2020-02-16,Fresno,019,978130,0,0,0,0,0
2020-02-16,Glenn,021,27897,0,0,0,0,0
2020-02-16,Humboldt,023,135768,1,0,0,0,0
2020-02-16,Imperial,025,180216,1,0,0,0,0
2020-02-16,Inyo,027,18085,0,0,0,0,0
2020-02-16,Kern,029,883053,2,0,0,0,0
2020-02-16,Kings,031,150075,2,0,0,0,0
2020-02-16,Lake,033,64148,0,0,0,0,0
2020-02-16,Lassen,035,31185,0,0,0,0,0
2020-02-16,Los Angeles,037,10098052,36,1,7,8,0
2020-02-16,Madera,039,155013,0,0,0,0,0
2020-02-16,Marin,041,260295,0,0,0,0,0
2020-02-16,Mariposa,043,17540,0,0,0,0,0
2020-02-16,Mendocino,045,87422,0,0,0,0,0
2020-02-16,Merced,047,269075,0,0,0,0,0
2020-02-16,Modoc,049,8938,0,0,0,0,0
2020-02-16,Mono,051,14174,0,0,0,0,0
2020-02-16,Monterey,053,433212,0,0,0,0,0
2020-02-16,Napa,055,140530,0,0,0,0,0
2020-02-16,Nevada,057,99092,0,0,0,0,0
2020-02-16,Orange,059,3164182,38,1,0,1,0
2020-02-16,Placer,061,380077,0,0,0,0,0
2020-02-16,Plumas,063,18699,0,0,0,0,0
2020-02-16,Riverside,065,2383286,5,0,0,0,0
2020-02-16,Sacramento,067,1510023,2,0,0,0,0
2020-02-16,San Benito,069,59416,0,2,0,2,0
2020-02-16,San Bernardino,071,2135413,10,0,0,0,0
2020-02-16,San Diego,073,3302833,4,2,0,2,0
2020-02-16,San Francisco,075,870044,2,0,0,0,0
2020-02-16,San Joaquin,077,732212,1,0,1,1,0
2020-02-16,San Luis Obispo,079,281455,1,0,0,0,0
2020-02-16,San Mateo,081,765935,4,0,0,0,0
2020-02-16,Santa Barbara,083,443738,0,0,0,0,0
2020-02-16,Santa Clara,085,1922200,10,2,1,3,0
2020-02-16,Santa Cruz,087,273765,0,0,0,0,0
2020-02-16,Shasta,089,179085,0,0,0,0,0
2020-02-16,Sierra,091,2930,0,0,0,0,0
2020-02-16,Siskiyou,093,43540,0,0,0,0,0
2020-02-16,Solano,095,438530,1,0,0,0,0
2020-02-16,Sonoma,097,501317,1,0,0,0,0
2020-02-16,Stanislaus,099,539301,1,0,2,2,0
2020-02-16,Sutter,101,95872,0,0,0,0,0
2020-02-16,Tehama,103,63373,0,0,0,0,0
2020-02-16,Trinity,105,12862,0,0,0,0,0
2020-02-16,Tulare,107,460477,2,0,0,0,0
2020-02-16,Tuolumne,109,53932,0,0,0,0,0
2020-02-16,Ventura,111,848112,2,0,0,0,0
2020-02-16,Yolo,113,214977,1,0,0,0,0
2020-02-16,Yuba,115,75493,0,0,0,0,0
2020-02-15,Alameda,001,1643700,5,0,0,0,0
2020-02-15,Alpine,003,1148,0,0,0,0,0
2020-02-15,Amador,005,37829,0,0,0,0,0
2020-02-15,Butte,007,227075,0,0,0,0,0
2020-02-15,Calaveras,009,45235,0,0,0,0,0
2020-02-15,Colusa,011,21464,0,0,0,0,0
2020-02-15,Contra Costa,013,1133247,3,0,0,0,0
2020-02-15,Del Norte,015,27424,0,0,0,0,0
2020-02-15,El Dorado,017,186661,0,0,0,0,0
2020-02-15,Fresno,019,978130,0,0,0,0,0
2020-02-15,Glenn,021,27897,0,0,0,0,0
2020-02-15,Humboldt,023,135768,1,0,0,0,0
2020-02-15,Imperial,025,180216,1,0,0,0,0
2020-02-15,Inyo,027,18085,0,0,0,0,0
2020-02-15,Kern,029,883053,2,0,0,0,0
2020-02-15,Kings,031,150075,2,0,0,0,0
2020-02-15,Lake,033,64148,0,0,0,0,0
2020-02-15,Lassen,035,31185,0,0,0,0,0
2020-02-15,Los Angeles,037,10098052,33,1,7,8,0
2020-02-15,Madera,039,155013,0,0,0,0,0
2020-02-15,Marin,041,260295,0,0,0,0,0
2020-02-15,Mariposa,043,17540,0,0,0,0,0
2020-02-15,Mendocino,045,87422,0,0,0,0,0
2020-02-15,Merced,047,269075,0,0,0,0,0
2020-02-15,Modoc,049,8938,0,0,0,0,0
2020-02-15,Mono,051,14174,0,0,0,0,0
2020-02-15,Monterey,053,433212,0,0,0,0,0
2020-02-15,Napa,055,140530,0,0,0,0,0
2020-02-15,Nevada,057,99092,0,0,0,0,0
2020-02-15,Orange,059,3164182,37,1,0,1,0
2020-02-15,Placer,061,380077,0,0,0,0,0
2020-02-15,Plumas,063,18699,0,0,0,0,0
2020-02-15,Riverside,065,2383286,4,0,0,0,0
2020-02-15,Sacramento,067,1510023,2,0,0,0,0
2020-02-15,San Benito,069,59416,0,2,0,2,0
2020-02-15,San Bernardino,071,2135413,9,0,0,0,0
2020-02-15,San Diego,073,3302833,4,2,0,2,0
2020-02-15,San Francisco,075,870044,2,0,0,0,0
2020-02-15,San Joaquin,077,732212,1,0,1,1,0
2020-02-15,San Luis Obispo,079,281455,1,0,0,0,0
2020-02-15,San Mateo,081,765935,4,0,0,0,0
2020-02-15,Santa Barbara,083,443738,0,0,0,0,0
2020-02-15,Santa Clara,085,1922200,10,2,1,3,0
2020-02-15,Santa Cruz,087,273765,0,0,0,0,0
2020-02-15,Shasta,089,179085,0,0,0,0,0
2020-02-15,Sierra,091,2930,0,0,0,0,0
2020-02-15,Siskiyou,093,43540,0,0,0,0,0
2020-02-15,Solano,095,438530,1,0,0,0,0
2020-02-15,Sonoma,097,501317,0,0,0,0,0
2020-02-15,Stanislaus,099,539301,1,0,2,2,0
2020-02-15,Sutter,101,95872,0,0,0,0,0
2020-02-15,Tehama,103,63373,0,0,0,0,0
2020-02-15,Trinity,105,12862,0,0,0,0,0
2020-02-15,Tulare,107,460477,2,0,0,0,0
2020-02-15,Tuolumne,109,53932,0,0,0,0,0
2020-02-15,Ventura,111,848112,2,0,0,0,0
2020-02-15,Yolo,113,214977,1,0,0,0,0
2020-02-15,Yuba,115,75493,0,0,0,0,0
2020-02-14,Alameda,001,1643700,4,0,0,0,0
2020-02-14,Alpine,003,1148,0,0,0,0,0
2020-02-14,Amador,005,37829,0,0,0,0,0
2020-02-14,Butte,007,227075,0,0,0,0,0
2020-02-14,Calaveras,009,45235,0,0,0,0,0
2020-02-14,Colusa,011,21464,0,0,0,0,0
2020-02-14,Contra Costa,013,1133247,3,0,0,0,0
2020-02-14,Del Norte,015,27424,0,0,0,0,0
2020-02-14,El Dorado,017,186661,0,0,0,0,0
2020-02-14,Fresno,019,978130,0,0,0,0,0
2020-02-14,Glenn,021,27897,0,0,0,0,0
2020-02-14,Humboldt,023,135768,1,0,0,0,0
2020-02-14,Imperial,025,180216,1,0,0,0,0
2020-02-14,Inyo,027,18085,0,0,0,0,0
2020-02-14,Kern,029,883053,2,0,0,0,0
2020-02-14,Kings,031,150075,1,0,0,0,0
2020-02-14,Lake,033,64148,0,0,0,0,0
2020-02-14,Lassen,035,31185,0,0,0,0,0
2020-02-14,Los Angeles,037,10098052,28,1,7,8,0
2020-02-14,Madera,039,155013,0,0,0,0,0
2020-02-14,Marin,041,260295,0,0,0,0,0
2020-02-14,Mariposa,043,17540,0,0,0,0,0
2020-02-14,Mendocino,045,87422,0,0,0,0,0
2020-02-14,Merced,047,269075,0,0,0,0,0
2020-02-14,Modoc,049,8938,0,0,0,0,0
2020-02-14,Mono,051,14174,0,0,0,0,0
2020-02-14,Monterey,053,433212,0,0,0,0,0
2020-02-14,Napa,055,140530,0,0,0,0,0
2020-02-14,Nevada,057,99092,0,0,0,0,0
2020-02-14,Orange,059,3164182,37,1,0,1,0
2020-02-14,Placer,061,380077,0,0,0,0,0
2020-02-14,Plumas,063,18699,0,0,0,0,0
2020-02-14,Riverside,065,2383286,4,0,0,0,0
2020-02-14,Sacramento,067,1510023,1,0,0,0,0
2020-02-14,San Benito,069,59416,0,2,0,2,0
2020-02-14,San Bernardino,071,2135413,9,0,0,0,0
2020-02-14,San Diego,073,3302833,3,2,0,2,0
2020-02-14,San Francisco,075,870044,2,0,0,0,0
2020-02-14,San Joaquin,077,732212,1,0,1,1,0
2020-02-14,San Luis Obispo,079,281455,0,0,0,0,0
2020-02-14,San Mateo,081,765935,3,0,0,0,0
2020-02-14,Santa Barbara,083,443738,0,0,0,0,0
2020-02-14,Santa Clara,085,1922200,8,2,1,3,0
2020-02-14,Santa Cruz,087,273765,0,0,0,0,0
2020-02-14,Shasta,089,179085,0,0,0,0,0
2020-02-14,Sierra,091,2930,0,0,0,0,0
2020-02-14,Siskiyou,093,43540,0,0,0,0,0
2020-02-14,Solano,095,438530,1,0,0,0,0
2020-02-14,Sonoma,097,501317,0,0,0,0,0
2020-02-14,Stanislaus,099,539301,1,0,2,2,0
2020-02-14,Sutter,101,95872,0,0,0,0,0
2020-02-14,Tehama,103,63373,0,0,0,0,0
2020-02-14,Trinity,105,12862,0,0,0,0,0
2020-02-14,Tulare,107,460477,2,0,0,0,0
2020-02-14,Tuolumne,109,53932,0,0,0,0,0
2020-02-14,Ventura,111,848112,2,0,0,0,0
2020-02-14,Yolo,113,214977,1,0,0,0,0
2020-02-14,Yuba,115,75493,0,0,0,0,0
2020-02-13,Alameda,001,1643700,4,0,0,0,0
2020-02-13,Alpine,003,1148,0,0,0,0,0
2020-02-13,Amador,005,37829,0,0,0,0,0
2020-02-13,Butte,007,227075,0,0,0,0,0
2020-02-13,Calaveras,009,45235,0,0,0,0,0
2020-02-13,Colusa,011,21464,0,0,0,0,0
2020-02-13,Contra Costa,013,1133247,3,0,0,0,0
2020-02-13,Del Norte,015,27424,0,0,0,0,0
2020-02-13,El Dorado,017,186661,0,0,0,0,0
2020-02-13,Fresno,019,978130,0,0,0,0,0
2020-02-13,Glenn,021,27897,0,0,0,0,0
2020-02-13,Humboldt,023,135768,1,0,0,0,0
2020-02-13,Imperial,025,180216,1,0,0,0,0
2020-02-13,Inyo,027,18085,0,0,0,0,0
2020-02-13,Kern,029,883053,2,0,0,0,0
2020-02-13,Kings,031,150075,1,0,0,0,0
2020-02-13,Lake,033,64148,0,0,0,0,0
2020-02-13,Lassen,035,31185,0,0,0,0,0
2020-02-13,Los Angeles,037,10098052,24,1,6,7,0
2020-02-13,Madera,039,155013,0,0,0,0,0
2020-02-13,Marin,041,260295,0,0,0,0,0
2020-02-13,Mariposa,043,17540,0,0,0,0,0
2020-02-13,Mendocino,045,87422,0,0,0,0,0
2020-02-13,Merced,047,269075,0,0,0,0,0
2020-02-13,Modoc,049,8938,0,0,0,0,0
2020-02-13,Mono,051,14174,0,0,0,0,0
2020-02-13,Monterey,053,433212,0,0,0,0,0
2020-02-13,Napa,055,140530,0,0,0,0,0
2020-02-13,Nevada,057,99092,0,0,0,0,0
2020-02-13,Orange,059,3164182,36,1,0,1,0
2020-02-13,Placer,061,380077,0,0,0,0,0
2020-02-13,Plumas,063,18699,0,0,0,0,0
2020-02-13,Riverside,065,2383286,4,0,0,0,0
2020-02-13,Sacramento,067,1510023,1,0,0,0,0
2020-02-13,San Benito,069,59416,0,2,0,2,0
2020-02-13,San Bernardino,071,2135413,8,0,0,0,0
2020-02-13,San Diego,073,3302833,2,2,0,2,0
2020-02-13,San Francisco,075,870044,2,0,0,0,0
2020-02-13,San Joaquin,077,732212,1,0,1,1,0
2020-02-13,San Luis Obispo,079,281455,0,0,0,0,0
2020-02-13,San Mateo,081,765935,2,0,0,0,0
2020-02-13,Santa Barbara,083,443738,0,0,0,0,0
2020-02-13,Santa Clara,085,1922200,7,2,0,2,0
2020-02-13,Santa Cruz,087,273765,0,0,0,0,0
2020-02-13,Shasta,089,179085,0,0,0,0,0
2020-02-13,Sierra,091,2930,0,0,0,0,0
2020-02-13,Siskiyou,093,43540,0,0,0,0,0
2020-02-13,Solano,095,438530,0,0,0,0,0
2020-02-13,Sonoma,097,501317,0,0,0,0,0
2020-02-13,Stanislaus,099,539301,1,0,1,1,0
2020-02-13,Sutter,101,95872,0,0,0,0,0
2020-02-13,Tehama,103,63373,0,0,0,0,0
2020-02-13,Trinity,105,12862,0,0,0,0,0
2020-02-13,Tulare,107,460477,2,0,0,0,0
2020-02-13,Tuolumne,109,53932,0,0,0,0,0
2020-02-13,Ventura,111,848112,2,0,0,0,0
2020-02-13,Yolo,113,214977,1,0,0,0,0
2020-02-13,Yuba,115,75493,0,0,0,0,0
2020-02-12,Alameda,001,1643700,4,0,0,0,0
2020-02-12,Alpine,003,1148,0,0,0,0,0
2020-02-12,Amador,005,37829,0,0,0,0,0
2020-02-12,Butte,007,227075,0,0,0,0,0
2020-02-12,Calaveras,009,45235,0,0,0,0,0
2020-02-12,Colusa,011,21464,0,0,0,0,0
2020-02-12,Contra Costa,013,1133247,3,0,0,0,0
2020-02-12,Del Norte,015,27424,0,0,0,0,0
2020-02-12,El Dorado,017,186661,0,0,0,0,0
2020-02-12,Fresno,019,978130,0,0,0,0,0
2020-02-12,Glenn,021,27897,0,0,0,0,0
2020-02-12,Humboldt,023,135768,1,0,0,0,0
2020-02-12,Imperial,025,180216,1,0,0,0,0
2020-02-12,Inyo,027,18085,0,0,0,0,0
2020-02-12,Kern,029,883053,2,0,0,0,0
2020-02-12,Kings,031,150075,1,0,0,0,0
2020-02-12,Lake,033,64148,0,0,0,0,0
2020-02-12,Lassen,035,31185,0,0,0,0,0
2020-02-12,Los Angeles,037,10098052,23,1,6,7,0
2020-02-12,Madera,039,155013,0,0,0,0,0
2020-02-12,Marin,041,260295,0,0,0,0,0
2020-02-12,Mariposa,043,17540,0,0,0,0,0
2020-02-12,Mendocino,045,87422,0,0,0,0,0
2020-02-12,Merced,047,269075,0,0,0,0,0
2020-02-12,Modoc,049,8938,0,0,0,0,0
2020-02-12,Mono,051,14174,0,0,0,0,0
2020-02-12,Monterey,053,433212,0,0,0,0,0
2020-02-12,Napa,055,140530,0,0,0,0,0
2020-02-12,Nevada,057,99092,0,0,0,0,0
2020-02-12,Orange,059,3164182,36,1,0,1,0
2020-02-12,Placer,061,380077,0,0,0,0,0
2020-02-12,Plumas,063,18699,0,0,0,0,0
2020-02-12,Riverside,065,2383286,4,0,0,0,0
2020-02-12,Sacramento,067,1510023,1,0,0,0,0
2020-02-12,San Benito,069,59416,0,2,0,2,0
2020-02-12,San Bernardino,071,2135413,8,0,0,0,0
2020-02-12,San Diego,073,3302833,2,2,0,2,0
2020-02-12,San Francisco,075,870044,2,0,0,0,0
2020-02-12,San Joaquin,077,732212,1,0,1,1,0
2020-02-12,San Luis Obispo,079,281455,0,0,0,0,0
2020-02-12,San Mateo,081,765935,2,0,0,0,0
2020-02-12,Santa Barbara,083,443738,0,0,0,0,0
2020-02-12,Santa Clara,085,1922200,6,2,0,2,0
2020-02-12,Santa Cruz,087,273765,0,0,0,0,0
2020-02-12,Shasta,089,179085,0,0,0,0,0
2020-02-12,Sierra,091,2930,0,0,0,0,0
2020-02-12,Siskiyou,093,43540,0,0,0,0,0
2020-02-12,Solano,095,438530,0,0,0,0,0
2020-02-12,Sonoma,097,501317,0,0,0,0,0
2020-02-12,Stanislaus,099,539301,1,0,1,1,0
2020-02-12,Sutter,101,95872,0,0,0,0,0
2020-02-12,Tehama,103,63373,0,0,0,0,0
2020-02-12,Trinity,105,12862,0,0,0,0,0
2020-02-12,Tulare,107,460477,2,0,0,0,0
2020-02-12,Tuolumne,109,53932,0,0,0,0,0
2020-02-12,Ventura,111,848112,2,0,0,0,0
2020-02-12,Yolo,113,214977,1,0,0,0,0
2020-02-12,Yuba,115,75493,0,0,0,0,0
2020-02-11,Alameda,001,1643700,4,0,0,0,0
2020-02-11,Alpine,003,1148,0,0,0,0,0
2020-02-11,Amador,005,37829,0,0,0,0,0
2020-02-11,Butte,007,227075,0,0,0,0,0
2020-02-11,Calaveras,009,45235,0,0,0,0,0
2020-02-11,Colusa,011,21464,0,0,0,0,0
2020-02-11,Contra Costa,013,1133247,3,0,0,0,0
2020-02-11,Del Norte,015,27424,0,0,0,0,0
2020-02-11,El Dorado,017,186661,0,0,0,0,0
2020-02-11,Fresno,019,978130,0,0,0,0,0
2020-02-11,Glenn,021,27897,0,0,0,0,0
2020-02-11,Humboldt,023,135768,1,0,0,0,0
2020-02-11,Imperial,025,180216,1,0,0,0,0
2020-02-11,Inyo,027,18085,0,0,0,0,0
2020-02-11,Kern,029,883053,2,0,0,0,0
2020-02-11,Kings,031,150075,1,0,0,0,0
2020-02-11,Lake,033,64148,0,0,0,0,0
2020-02-11,Lassen,035,31185,0,0,0,0,0
2020-02-11,Los Angeles,037,10098052,23,1,6,7,0
2020-02-11,Madera,039,155013,0,0,0,0,0
2020-02-11,Marin,041,260295,0,0,0,0,0
2020-02-11,Mariposa,043,17540,0,0,0,0,0
2020-02-11,Mendocino,045,87422,0,0,0,0,0
2020-02-11,Merced,047,269075,0,0,0,0,0
2020-02-11,Modoc,049,8938,0,0,0,0,0
2020-02-11,Mono,051,14174,0,0,0,0,0
2020-02-11,Monterey,053,433212,0,0,0,0,0
2020-02-11,Napa,055,140530,0,0,0,0,0
2020-02-11,Nevada,057,99092,0,0,0,0,0
2020-02-11,Orange,059,3164182,35,1,0,1,0
2020-02-11,Placer,061,380077,0,0,0,0,0
2020-02-11,Plumas,063,18699,0,0,0,0,0
2020-02-11,Riverside,065,2383286,4,0,0,0,0
2020-02-11,Sacramento,067,1510023,1,0,0,0,0
2020-02-11,San Benito,069,59416,0,2,0,2,0
2020-02-11,San Bernardino,071,2135413,8,0,0,0,0
2020-02-11,San Diego,073,3302833,2,1,0,1,0
2020-02-11,San Francisco,075,870044,2,0,0,0,0
2020-02-11,San Joaquin,077,732212,0,0,1,1,0
2020-02-11,San Luis Obispo,079,281455,0,0,0,0,0
2020-02-11,San Mateo,081,765935,2,0,0,0,0
2020-02-11,Santa Barbara,083,443738,0,0,0,0,0
2020-02-11,Santa Clara,085,1922200,5,2,0,2,0
2020-02-11,Santa Cruz,087,273765,0,0,0,0,0
2020-02-11,Shasta,089,179085,0,0,0,0,0
2020-02-11,Sierra,091,2930,0,0,0,0,0
2020-02-11,Siskiyou,093,43540,0,0,0,0,0
2020-02-11,Solano,095,438530,0,0,0,0,0
2020-02-11,Sonoma,097,501317,0,0,0,0,0
2020-02-11,Stanislaus,099,539301,1,0,1,1,0
2020-02-11,Sutter,101,95872,0,0,0,0,0
2020-02-11,Tehama,103,63373,0,0,0,0,0
2020-02-11,Trinity,105,12862,0,0,0,0,0
2020-02-11,Tulare,107,460477,2,0,0,0,0
2020-02-11,Tuolumne,109,53932,0,0,0,0,0
2020-02-11,Ventura,111,848112,2,0,0,0,0
2020-02-11,Yolo,113,214977,1,0,0,0,0
2020-02-11,Yuba,115,75493,0,0,0,0,0
2020-02-10,Alameda,001,1643700,4,0,0,0,0
2020-02-10,Alpine,003,1148,0,0,0,0,0
2020-02-10,Amador,005,37829,0,0,0,0,0
2020-02-10,Butte,007,227075,0,0,0,0,0
2020-02-10,Calaveras,009,45235,0,0,0,0,0
2020-02-10,Colusa,011,21464,0,0,0,0,0
2020-02-10,Contra Costa,013,1133247,3,0,0,0,0
2020-02-10,Del Norte,015,27424,0,0,0,0,0
2020-02-10,El Dorado,017,186661,0,0,0,0,0
2020-02-10,Fresno,019,978130,0,0,0,0,0
2020-02-10,Glenn,021,27897,0,0,0,0,0
2020-02-10,Humboldt,023,135768,0,0,0,0,0
2020-02-10,Imperial,025,180216,1,0,0,0,0
2020-02-10,Inyo,027,18085,0,0,0,0,0
2020-02-10,Kern,029,883053,2,0,0,0,0
2020-02-10,Kings,031,150075,1,0,0,0,0
2020-02-10,Lake,033,64148,0,0,0,0,0
2020-02-10,Lassen,035,31185,0,0,0,0,0
2020-02-10,Los Angeles,037,10098052,21,1,6,7,0
2020-02-10,Madera,039,155013,0,0,0,0,0
2020-02-10,Marin,041,260295,0,0,0,0,0
2020-02-10,Mariposa,043,17540,0,0,0,0,0
2020-02-10,Mendocino,045,87422,0,0,0,0,0
2020-02-10,Merced,047,269075,0,0,0,0,0
2020-02-10,Modoc,049,8938,0,0,0,0,0
2020-02-10,Mono,051,14174,0,0,0,0,0
2020-02-10,Monterey,053,433212,0,0,0,0,0
2020-02-10,Napa,055,140530,0,0,0,0,0
2020-02-10,Nevada,057,99092,0,0,0,0,0
2020-02-10,Orange,059,3164182,35,1,0,1,0
2020-02-10,Placer,061,380077,0,0,0,0,0
2020-02-10,Plumas,063,18699,0,0,0,0,0
2020-02-10,Riverside,065,2383286,4,0,0,0,0
2020-02-10,Sacramento,067,1510023,1,0,0,0,0
2020-02-10,San Benito,069,59416,0,2,0,2,0
2020-02-10,San Bernardino,071,2135413,7,0,0,0,0
2020-02-10,San Diego,073,3302833,2,0,0,0,0
2020-02-10,San Francisco,075,870044,2,0,0,0,0
2020-02-10,San Joaquin,077,732212,0,0,1,1,0
2020-02-10,San Luis Obispo,079,281455,0,0,0,0,0
2020-02-10,San Mateo,081,765935,2,0,0,0,0
2020-02-10,Santa Barbara,083,443738,0,0,0,0,0
2020-02-10,Santa Clara,085,1922200,5,2,0,2,0
2020-02-10,Santa Cruz,087,273765,0,0,0,0,0
2020-02-10,Shasta,089,179085,0,0,0,0,0
2020-02-10,Sierra,091,2930,0,0,0,0,0
2020-02-10,Siskiyou,093,43540,0,0,0,0,0
2020-02-10,Solano,095,438530,0,0,0,0,0
2020-02-10,Sonoma,097,501317,0,0,0,0,0
2020-02-10,Stanislaus,099,539301,1,0,0,0,0
2020-02-10,Sutter,101,95872,0,0,0,0,0
2020-02-10,Tehama,103,63373,0,0,0,0,0
2020-02-10,Trinity,105,12862,0,0,0,0,0
2020-02-10,Tulare,107,460477,2,0,0,0,0
2020-02-10,Tuolumne,109,53932,0,0,0,0,0
2020-02-10,Ventura,111,848112,2,0,0,0,0
2020-02-10,Yolo,113,214977,1,0,0,0,0
2020-02-10,Yuba,115,75493,0,0,0,0,0
2020-02-09,Alameda,001,1643700,4,0,0,0,0
2020-02-09,Alpine,003,1148,0,0,0,0,0
2020-02-09,Amador,005,37829,0,0,0,0,0
2020-02-09,Butte,007,227075,0,0,0,0,0
2020-02-09,Calaveras,009,45235,0,0,0,0,0
2020-02-09,Colusa,011,21464,0,0,0,0,0
2020-02-09,Contra Costa,013,1133247,3,0,0,0,0
2020-02-09,Del Norte,015,27424,0,0,0,0,0
2020-02-09,El Dorado,017,186661,0,0,0,0,0
2020-02-09,Fresno,019,978130,0,0,0,0,0
2020-02-09,Glenn,021,27897,0,0,0,0,0
2020-02-09,Humboldt,023,135768,0,0,0,0,0
2020-02-09,Imperial,025,180216,1,0,0,0,0
2020-02-09,Inyo,027,18085,0,0,0,0,0
2020-02-09,Kern,029,883053,2,0,0,0,0
2020-02-09,Kings,031,150075,1,0,0,0,0
2020-02-09,Lake,033,64148,0,0,0,0,0
2020-02-09,Lassen,035,31185,0,0,0,0,0
2020-02-09,Los Angeles,037,10098052,20,1,6,7,0
2020-02-09,Madera,039,155013,0,0,0,0,0
2020-02-09,Marin,041,260295,0,0,0,0,0
2020-02-09,Mariposa,043,17540,0,0,0,0,0
2020-02-09,Mendocino,045,87422,0,0,0,0,0
2020-02-09,Merced,047,269075,0,0,0,0,0
2020-02-09,Modoc,049,8938,0,0,0,0,0
2020-02-09,Mono,051,14174,0,0,0,0,0
2020-02-09,Monterey,053,433212,0,0,0,0,0
2020-02-09,Napa,055,140530,0,0,0,0,0
2020-02-09,Nevada,057,99092,0,0,0,0,0
2020-02-09,Orange,059,3164182,35,1,0,1,0
2020-02-09,Placer,061,380077,0,0,0,0,0
2020-02-09,Plumas,063,18699,0,0,0,0,0
2020-02-09,Riverside,065,2383286,4,0,0,0,0
2020-02-09,Sacramento,067,1510023,0,0,0,0,0
2020-02-09,San Benito,069,59416,0,2,0,2,0
2020-02-09,San Bernardino,071,2135413,7,0,0,0,0
2020-02-09,San Diego,073,3302833,2,0,0,0,0
2020-02-09,San Francisco,075,870044,1,0,0,0,0
2020-02-09,San Joaquin,077,732212,0,0,1,1,0
2020-02-09,San Luis Obispo,079,281455,0,0,0,0,0
2020-02-09,San Mateo,081,765935,2,0,0,0,0
2020-02-09,Santa Barbara,083,443738,0,0,0,0,0
2020-02-09,Santa Clara,085,1922200,4,2,0,2,0
2020-02-09,Santa Cruz,087,273765,0,0,0,0,0
2020-02-09,Shasta,089,179085,0,0,0,0,0
2020-02-09,Sierra,091,2930,0,0,0,0,0
2020-02-09,Siskiyou,093,43540,0,0,0,0,0
2020-02-09,Solano,095,438530,0,0,0,0,0
2020-02-09,Sonoma,097,501317,0,0,0,0,0
2020-02-09,Stanislaus,099,539301,0,0,0,0,0
2020-02-09,Sutter,101,95872,0,0,0,0,0
2020-02-09,Tehama,103,63373,0,0,0,0,0
2020-02-09,Trinity,105,12862,0,0,0,0,0
2020-02-09,Tulare,107,460477,2,0,0,0,0
2020-02-09,Tuolumne,109,53932,0,0,0,0,0
2020-02-09,Ventura,111,848112,1,0,0,0,0
2020-02-09,Yolo,113,214977,1,0,0,0,0
2020-02-09,Yuba,115,75493,0,0,0,0,0
2020-02-08,Alameda,001,1643700,3,0,0,0,0
2020-02-08,Alpine,003,1148,0,0,0,0,0
2020-02-08,Amador,005,37829,0,0,0,0,0
2020-02-08,Butte,007,227075,0,0,0,0,0
2020-02-08,Calaveras,009,45235,0,0,0,0,0
2020-02-08,Colusa,011,21464,0,0,0,0,0
2020-02-08,Contra Costa,013,1133247,2,0,0,0,0
2020-02-08,Del Norte,015,27424,0,0,0,0,0
2020-02-08,El Dorado,017,186661,0,0,0,0,0
2020-02-08,Fresno,019,978130,0,0,0,0,0
2020-02-08,Glenn,021,27897,0,0,0,0,0
2020-02-08,Humboldt,023,135768,0,0,0,0,0
2020-02-08,Imperial,025,180216,1,0,0,0,0
2020-02-08,Inyo,027,18085,0,0,0,0,0
2020-02-08,Kern,029,883053,2,0,0,0,0
2020-02-08,Kings,031,150075,1,0,0,0,0
2020-02-08,Lake,033,64148,0,0,0,0,0
2020-02-08,Lassen,035,31185,0,0,0,0,0
2020-02-08,Los Angeles,037,10098052,17,1,3,4,0
2020-02-08,Madera,039,155013,0,0,0,0,0
2020-02-08,Marin,041,260295,0,0,0,0,0
2020-02-08,Mariposa,043,17540,0,0,0,0,0
2020-02-08,Mendocino,045,87422,0,0,0,0,0
2020-02-08,Merced,047,269075,0,0,0,0,0
2020-02-08,Modoc,049,8938,0,0,0,0,0
2020-02-08,Mono,051,14174,0,0,0,0,0
2020-02-08,Monterey,053,433212,0,0,0,0,0
2020-02-08,Napa,055,140530,0,0,0,0,0
2020-02-08,Nevada,057,99092,0,0,0,0,0
2020-02-08,Orange,059,3164182,35,1,0,1,0
2020-02-08,Placer,061,380077,0,0,0,0,0
2020-02-08,Plumas,063,18699,0,0,0,0,0
2020-02-08,Riverside,065,2383286,4,0,0,0,0
2020-02-08,Sacramento,067,1510023,0,0,0,0,0
2020-02-08,San Benito,069,59416,0,2,0,2,0
2020-02-08,San Bernardino,071,2135413,7,0,0,0,0
2020-02-08,San Diego,073,3302833,1,0,0,0,0
2020-02-08,San Francisco,075,870044,1,0,0,0,0
2020-02-08,San Joaquin,077,732212,0,0,1,1,0
2020-02-08,San Luis Obispo,079,281455,0,0,0,0,0
2020-02-08,San Mateo,081,765935,2,0,0,0,0
2020-02-08,Santa Barbara,083,443738,0,0,0,0,0
2020-02-08,Santa Clara,085,1922200,4,2,0,2,0
2020-02-08,Santa Cruz,087,273765,0,0,0,0,0
2020-02-08,Shasta,089,179085,0,0,0,0,0
2020-02-08,Sierra,091,2930,0,0,0,0,0
2020-02-08,Siskiyou,093,43540,0,0,0,0,0
2020-02-08,Solano,095,438530,0,0,0,0,0
2020-02-08,Sonoma,097,501317,0,0,0,0,0
2020-02-08,Stanislaus,099,539301,0,0,0,0,0
2020-02-08,Sutter,101,95872,0,0,0,0,0
2020-02-08,Tehama,103,63373,0,0,0,0,0
2020-02-08,Trinity,105,12862,0,0,0,0,0
2020-02-08,Tulare,107,460477,2,0,0,0,0
2020-02-08,Tuolumne,109,53932,0,0,0,0,0
2020-02-08,Ventura,111,848112,1,0,0,0,0
2020-02-08,Yolo,113,214977,1,0,0,0,0
2020-02-08,Yuba,115,75493,0,0,0,0,0
2020-02-07,Alameda,001,1643700,3,0,0,0,0
2020-02-07,Alpine,003,1148,0,0,0,0,0
2020-02-07,Amador,005,37829,0,0,0,0,0
2020-02-07,Butte,007,227075,0,0,0,0,0
2020-02-07,Calaveras,009,45235,0,0,0,0,0
2020-02-07,Colusa,011,21464,0,0,0,0,0
2020-02-07,Contra Costa,013,1133247,2,0,0,0,0
2020-02-07,Del Norte,015,27424,0,0,0,0,0
2020-02-07,El Dorado,017,186661,0,0,0,0,0
2020-02-07,Fresno,019,978130,0,0,0,0,0
2020-02-07,Glenn,021,27897,0,0,0,0,0
2020-02-07,Humboldt,023,135768,0,0,0,0,0
2020-02-07,Imperial,025,180216,1,0,0,0,0
2020-02-07,Inyo,027,18085,0,0,0,0,0
2020-02-07,Kern,029,883053,2,0,0,0,0
2020-02-07,Kings,031,150075,1,0,0,0,0
2020-02-07,Lake,033,64148,0,0,0,0,0
2020-02-07,Lassen,035,31185,0,0,0,0,0
2020-02-07,Los Angeles,037,10098052,16,1,2,3,0
2020-02-07,Madera,039,155013,0,0,0,0,0
2020-02-07,Marin,041,260295,0,0,0,0,0
2020-02-07,Mariposa,043,17540,0,0,0,0,0
2020-02-07,Mendocino,045,87422,0,0,0,0,0
2020-02-07,Merced,047,269075,0,0,0,0,0
2020-02-07,Modoc,049,8938,0,0,0,0,0
2020-02-07,Mono,051,14174,0,0,0,0,0
2020-02-07,Monterey,053,433212,0,0,0,0,0
2020-02-07,Napa,055,140530,0,0,0,0,0
2020-02-07,Nevada,057,99092,0,0,0,0,0
2020-02-07,Orange,059,3164182,33,1,0,1,0
2020-02-07,Placer,061,380077,0,0,0,0,0
2020-02-07,Plumas,063,18699,0,0,0,0,0
2020-02-07,Riverside,065,2383286,4,0,0,0,0
2020-02-07,Sacramento,067,1510023,0,0,0,0,0
2020-02-07,San Benito,069,59416,0,2,0,2,0
2020-02-07,San Bernardino,071,2135413,4,0,0,0,0
2020-02-07,San Diego,073,3302833,1,0,0,0,0
2020-02-07,San Francisco,075,870044,1,0,0,0,0
2020-02-07,San Joaquin,077,732212,0,0,1,1,0
2020-02-07,San Luis Obispo,079,281455,0,0,0,0,0
2020-02-07,San Mateo,081,765935,1,0,0,0,0
2020-02-07,Santa Barbara,083,443738,0,0,0,0,0
2020-02-07,Santa Clara,085,1922200,4,2,0,2,0
2020-02-07,Santa Cruz,087,273765,0,0,0,0,0
2020-02-07,Shasta,089,179085,0,0,0,0,0
2020-02-07,Sierra,091,2930,0,0,0,0,0
2020-02-07,Siskiyou,093,43540,0,0,0,0,0
2020-02-07,Solano,095,438530,0,0,0,0,0
2020-02-07,Sonoma,097,501317,0,0,0,0,0
2020-02-07,Stanislaus,099,539301,0,0,0,0,0
2020-02-07,Sutter,101,95872,0,0,0,0,0
2020-02-07,Tehama,103,63373,0,0,0,0,0
2020-02-07,Trinity,105,12862,0,0,0,0,0
2020-02-07,Tulare,107,460477,2,0,0,0,0
2020-02-07,Tuolumne,109,53932,0,0,0,0,0
2020-02-07,Ventura,111,848112,1,0,0,0,0
2020-02-07,Yolo,113,214977,1,0,0,0,0
2020-02-07,Yuba,115,75493,0,0,0,0,0
2020-02-06,Alameda,001,1643700,3,0,0,0,0
2020-02-06,Alpine,003,1148,0,0,0,0,0
2020-02-06,Amador,005,37829,0,0,0,0,0
2020-02-06,Butte,007,227075,0,0,0,0,0
2020-02-06,Calaveras,009,45235,0,0,0,0,0
2020-02-06,Colusa,011,21464,0,0,0,0,0
2020-02-06,Contra Costa,013,1133247,2,0,0,0,0
2020-02-06,Del Norte,015,27424,0,0,0,0,0
2020-02-06,El Dorado,017,186661,0,0,0,0,0
2020-02-06,Fresno,019,978130,0,0,0,0,0
2020-02-06,Glenn,021,27897,0,0,0,0,0
2020-02-06,Humboldt,023,135768,0,0,0,0,0
2020-02-06,Imperial,025,180216,1,0,0,0,0
2020-02-06,Inyo,027,18085,0,0,0,0,0
2020-02-06,Kern,029,883053,2,0,0,0,0
2020-02-06,Kings,031,150075,0,0,0,0,0
2020-02-06,Lake,033,64148,0,0,0,0,0
2020-02-06,Lassen,035,31185,0,0,0,0,0
2020-02-06,Los Angeles,037,10098052,15,1,2,3,0
2020-02-06,Madera,039,155013,0,0,0,0,0
2020-02-06,Marin,041,260295,0,0,0,0,0
2020-02-06,Mariposa,043,17540,0,0,0,0,0
2020-02-06,Mendocino,045,87422,0,0,0,0,0
2020-02-06,Merced,047,269075,0,0,0,0,0
2020-02-06,Modoc,049,8938,0,0,0,0,0
2020-02-06,Mono,051,14174,0,0,0,0,0
2020-02-06,Monterey,053,433212,0,0,0,0,0
2020-02-06,Napa,055,140530,0,0,0,0,0
2020-02-06,Nevada,057,99092,0,0,0,0,0
2020-02-06,Orange,059,3164182,3,1,0,1,0
2020-02-06,Placer,061,380077,0,0,0,0,0
2020-02-06,Plumas,063,18699,0,0,0,0,0
2020-02-06,Riverside,065,2383286,4,0,0,0,0
2020-02-06,Sacramento,067,1510023,0,0,0,0,0
2020-02-06,San Benito,069,59416,0,2,0,2,0
2020-02-06,San Bernardino,071,2135413,4,0,0,0,0
2020-02-06,San Diego,073,3302833,1,0,0,0,0
2020-02-06,San Francisco,075,870044,1,0,0,0,0
2020-02-06,San Joaquin,077,732212,0,0,1,1,0
2020-02-06,San Luis Obispo,079,281455,0,0,0,0,0
2020-02-06,San Mateo,081,765935,1,0,0,0,0
2020-02-06,Santa Barbara,083,443738,0,0,0,0,0
2020-02-06,Santa Clara,085,1922200,4,2,0,2,0
2020-02-06,Santa Cruz,087,273765,0,0,0,0,0
2020-02-06,Shasta,089,179085,0,0,0,0,0
2020-02-06,Sierra,091,2930,0,0,0,0,0
2020-02-06,Siskiyou,093,43540,0,0,0,0,0
2020-02-06,Solano,095,438530,0,0,0,0,0
2020-02-06,Sonoma,097,501317,0,0,0,0,0
2020-02-06,Stanislaus,099,539301,0,0,0,0,0
2020-02-06,Sutter,101,95872,0,0,0,0,0
2020-02-06,Tehama,103,63373,0,0,0,0,0
2020-02-06,Trinity,105,12862,0,0,0,0,0
2020-02-06,Tulare,107,460477,2,0,0,0,0
2020-02-06,Tuolumne,109,53932,0,0,0,0,0
2020-02-06,Ventura,111,848112,1,0,0,0,0
2020-02-06,Yolo,113,214977,1,0,0,0,0
2020-02-06,Yuba,115,75493,0,0,0,0,0
2020-02-05,Alameda,001,1643700,3,0,0,0,0
2020-02-05,Alpine,003,1148,0,0,0,0,0
2020-02-05,Amador,005,37829,0,0,0,0,0
2020-02-05,Butte,007,227075,0,0,0,0,0
2020-02-05,Calaveras,009,45235,0,0,0,0,0
2020-02-05,Colusa,011,21464,0,0,0,0,0
2020-02-05,Contra Costa,013,1133247,2,0,0,0,0
2020-02-05,Del Norte,015,27424,0,0,0,0,0
2020-02-05,El Dorado,017,186661,0,0,0,0,0
2020-02-05,Fresno,019,978130,0,0,0,0,0
2020-02-05,Glenn,021,27897,0,0,0,0,0
2020-02-05,Humboldt,023,135768,0,0,0,0,0
2020-02-05,Imperial,025,180216,1,0,0,0,0
2020-02-05,Inyo,027,18085,0,0,0,0,0
2020-02-05,Kern,029,883053,1,0,0,0,0
2020-02-05,Kings,031,150075,0,0,0,0,0
2020-02-05,Lake,033,64148,0,0,0,0,0
2020-02-05,Lassen,035,31185,0,0,0,0,0
2020-02-05,Los Angeles,037,10098052,15,1,1,2,0
2020-02-05,Madera,039,155013,0,0,0,0,0
2020-02-05,Marin,041,260295,0,0,0,0,0
2020-02-05,Mariposa,043,17540,0,0,0,0,0
2020-02-05,Mendocino,045,87422,0,0,0,0,0
2020-02-05,Merced,047,269075,0,0,0,0,0
2020-02-05,Modoc,049,8938,0,0,0,0,0
2020-02-05,Mono,051,14174,0,0,0,0,0
2020-02-05,Monterey,053,433212,0,0,0,0,0
2020-02-05,Napa,055,140530,0,0,0,0,0
2020-02-05,Nevada,057,99092,0,0,0,0,0
2020-02-05,Orange,059,3164182,1,1,0,1,0
2020-02-05,Placer,061,380077,0,0,0,0,0
2020-02-05,Plumas,063,18699,0,0,0,0,0
2020-02-05,Riverside,065,2383286,4,0,0,0,0
2020-02-05,Sacramento,067,1510023,0,0,0,0,0
2020-02-05,San Benito,069,59416,0,2,0,2,0
2020-02-05,San Bernardino,071,2135413,4,0,0,0,0
2020-02-05,San Diego,073,3302833,0,0,0,0,0
2020-02-05,San Francisco,075,870044,1,0,0,0,0
2020-02-05,San Joaquin,077,732212,0,0,1,1,0
2020-02-05,San Luis Obispo,079,281455,0,0,0,0,0
2020-02-05,San Mateo,081,765935,1,0,0,0,0
2020-02-05,Santa Barbara,083,443738,0,0,0,0,0
2020-02-05,Santa Clara,085,1922200,2,2,0,2,0
2020-02-05,Santa Cruz,087,273765,0,0,0,0,0
2020-02-05,Shasta,089,179085,0,0,0,0,0
2020-02-05,Sierra,091,2930,0,0,0,0,0
2020-02-05,Siskiyou,093,43540,0,0,0,0,0
2020-02-05,Solano,095,438530,0,0,0,0,0
2020-02-05,Sonoma,097,501317,0,0,0,0,0
2020-02-05,Stanislaus,099,539301,0,0,0,0,0
2020-02-05,Sutter,101,95872,0,0,0,0,0
2020-02-05,Tehama,103,63373,0,0,0,0,0
2020-02-05,Trinity,105,12862,0,0,0,0,0
2020-02-05,Tulare,107,460477,2,0,0,0,0
2020-02-05,Tuolumne,109,53932,0,0,0,0,0
2020-02-05,Ventura,111,848112,0,0,0,0,0
2020-02-05,Yolo,113,214977,1,0,0,0,0
2020-02-05,Yuba,115,75493,0,0,0,0,0
2020-02-04,Alameda,001,1643700,3,0,0,0,0
2020-02-04,Alpine,003,1148,0,0,0,0,0
2020-02-04,Amador,005,37829,0,0,0,0,0
2020-02-04,Butte,007,227075,0,0,0,0,0
2020-02-04,Calaveras,009,45235,0,0,0,0,0
2020-02-04,Colusa,011,21464,0,0,0,0,0
2020-02-04,Contra Costa,013,1133247,2,0,0,0,0
2020-02-04,Del Norte,015,27424,0,0,0,0,0
2020-02-04,El Dorado,017,186661,0,0,0,0,0
2020-02-04,Fresno,019,978130,0,0,0,0,0
2020-02-04,Glenn,021,27897,0,0,0,0,0
2020-02-04,Humboldt,023,135768,0,0,0,0,0
2020-02-04,Imperial,025,180216,1,0,0,0,0
2020-02-04,Inyo,027,18085,0,0,0,0,0
2020-02-04,Kern,029,883053,0,0,0,0,0
2020-02-04,Kings,031,150075,0,0,0,0,0
2020-02-04,Lake,033,64148,0,0,0,0,0
2020-02-04,Lassen,035,31185,0,0,0,0,0
2020-02-04,Los Angeles,037,10098052,15,1,1,2,0
2020-02-04,Madera,039,155013,0,0,0,0,0
2020-02-04,Marin,041,260295,0,0,0,0,0
2020-02-04,Mariposa,043,17540,0,0,0,0,0
2020-02-04,Mendocino,045,87422,0,0,0,0,0
2020-02-04,Merced,047,269075,0,0,0,0,0
2020-02-04,Modoc,049,8938,0,0,0,0,0
2020-02-04,Mono,051,14174,0,0,0,0,0
2020-02-04,Monterey,053,433212,0,0,0,0,0
2020-02-04,Napa,055,140530,0,0,0,0,0
2020-02-04,Nevada,057,99092,0,0,0,0,0
2020-02-04,Orange,059,3164182,1,1,0,1,0
2020-02-04,Placer,061,380077,0,0,0,0,0
2020-02-04,Plumas,063,18699,0,0,0,0,0
2020-02-04,Riverside,065,2383286,4,0,0,0,0
2020-02-04,Sacramento,067,1510023,0,0,0,0,0
2020-02-04,San Benito,069,59416,0,2,0,2,0
2020-02-04,San Bernardino,071,2135413,3,0,0,0,0
2020-02-04,San Diego,073,3302833,0,0,0,0,0
2020-02-04,San Francisco,075,870044,1,0,0,0,0
2020-02-04,San Joaquin,077,732212,0,0,1,1,0
2020-02-04,San Luis Obispo,079,281455,0,0,0,0,0
2020-02-04,San Mateo,081,765935,0,0,0,0,0
2020-02-04,Santa Barbara,083,443738,0,0,0,0,0
2020-02-04,Santa Clara,085,1922200,2,2,0,2,0
2020-02-04,Santa Cruz,087,273765,0,0,0,0,0
2020-02-04,Shasta,089,179085,0,0,0,0,0
2020-02-04,Sierra,091,2930,0,0,0,0,0
2020-02-04,Siskiyou,093,43540,0,0,0,0,0
2020-02-04,Solano,095,438530,0,0,0,0,0
2020-02-04,Sonoma,097,501317,0,0,0,0,0
2020-02-04,Stanislaus,099,539301,0,0,0,0,0
2020-02-04,Sutter,101,95872,0,0,0,0,0
2020-02-04,Tehama,103,63373,0,0,0,0,0
2020-02-04,Trinity,105,12862,0,0,0,0,0
2020-02-04,Tulare,107,460477,2,0,0,0,0
2020-02-04,Tuolumne,109,53932,0,0,0,0,0
2020-02-04,Ventura,111,848112,0,0,0,0,0
2020-02-04,Yolo,113,214977,1,0,0,0,0
2020-02-04,Yuba,115,75493,0,0,0,0,0
2020-02-03,Alameda,001,1643700,3,0,0,0,0
2020-02-03,Alpine,003,1148,0,0,0,0,0
2020-02-03,Amador,005,37829,0,0,0,0,0
2020-02-03,Butte,007,227075,0,0,0,0,0
2020-02-03,Calaveras,009,45235,0,0,0,0,0
2020-02-03,Colusa,011,21464,0,0,0,0,0
2020-02-03,Contra Costa,013,1133247,2,0,0,0,0
2020-02-03,Del Norte,015,27424,0,0,0,0,0
2020-02-03,El Dorado,017,186661,0,0,0,0,0
2020-02-03,Fresno,019,978130,0,0,0,0,0
2020-02-03,Glenn,021,27897,0,0,0,0,0
2020-02-03,Humboldt,023,135768,0,0,0,0,0
2020-02-03,Imperial,025,180216,1,0,0,0,0
2020-02-03,Inyo,027,18085,0,0,0,0,0
2020-02-03,Kern,029,883053,0,0,0,0,0
2020-02-03,Kings,031,150075,0,0,0,0,0
2020-02-03,Lake,033,64148,0,0,0,0,0
2020-02-03,Lassen,035,31185,0,0,0,0,0
2020-02-03,Los Angeles,037,10098052,15,1,0,1,0
2020-02-03,Madera,039,155013,0,0,0,0,0
2020-02-03,Marin,041,260295,0,0,0,0,0
2020-02-03,Mariposa,043,17540,0,0,0,0,0
2020-02-03,Mendocino,045,87422,0,0,0,0,0
2020-02-03,Merced,047,269075,0,0,0,0,0
2020-02-03,Modoc,049,8938,0,0,0,0,0
2020-02-03,Mono,051,14174,0,0,0,0,0
2020-02-03,Monterey,053,433212,0,0,0,0,0
2020-02-03,Napa,055,140530,0,0,0,0,0
2020-02-03,Nevada,057,99092,0,0,0,0,0
2020-02-03,Orange,059,3164182,1,1,0,1,0
2020-02-03,Placer,061,380077,0,0,0,0,0
2020-02-03,Plumas,063,18699,0,0,0,0,0
2020-02-03,Riverside,065,2383286,4,0,0,0,0
2020-02-03,Sacramento,067,1510023,0,0,0,0,0
2020-02-03,San Benito,069,59416,0,2,0,2,0
2020-02-03,San Bernardino,071,2135413,3,0,0,0,0
2020-02-03,San Diego,073,3302833,0,0,0,0,0
2020-02-03,San Francisco,075,870044,1,0,0,0,0
2020-02-03,San Joaquin,077,732212,0,0,1,1,0
2020-02-03,San Luis Obispo,079,281455,0,0,0,0,0
2020-02-03,San Mateo,081,765935,0,0,0,0,0
2020-02-03,Santa Barbara,083,443738,0,0,0,0,0
2020-02-03,Santa Clara,085,1922200,2,2,0,2,0
2020-02-03,Santa Cruz,087,273765,0,0,0,0,0
2020-02-03,Shasta,089,179085,0,0,0,0,0
2020-02-03,Sierra,091,2930,0,0,0,0,0
2020-02-03,Siskiyou,093,43540,0,0,0,0,0
2020-02-03,Solano,095,438530,0,0,0,0,0
2020-02-03,Sonoma,097,501317,0,0,0,0,0
2020-02-03,Stanislaus,099,539301,0,0,0,0,0
2020-02-03,Sutter,101,95872,0,0,0,0,0
2020-02-03,Tehama,103,63373,0,0,0,0,0
2020-02-03,Trinity,105,12862,0,0,0,0,0
2020-02-03,Tulare,107,460477,2,0,0,0,0
2020-02-03,Tuolumne,109,53932,0,0,0,0,0
2020-02-03,Ventura,111,848112,0,0,0,0,0
2020-02-03,Yolo,113,214977,1,0,0,0,0
2020-02-03,Yuba,115,75493,0,0,0,0,0
2020-02-02,Alameda,001,1643700,3,0,0,0,0
2020-02-02,Alpine,003,1148,0,0,0,0,0
2020-02-02,Amador,005,37829,0,0,0,0,0
2020-02-02,Butte,007,227075,0,0,0,0,0
2020-02-02,Calaveras,009,45235,0,0,0,0,0
2020-02-02,Colusa,011,21464,0,0,0,0,0
2020-02-02,Contra Costa,013,1133247,1,0,0,0,0
2020-02-02,Del Norte,015,27424,0,0,0,0,0
2020-02-02,El Dorado,017,186661,0,0,0,0,0
2020-02-02,Fresno,019,978130,0,0,0,0,0
2020-02-02,Glenn,021,27897,0,0,0,0,0
2020-02-02,Humboldt,023,135768,0,0,0,0,0
2020-02-02,Imperial,025,180216,1,0,0,0,0
2020-02-02,Inyo,027,18085,0,0,0,0,0
2020-02-02,Kern,029,883053,0,0,0,0,0
2020-02-02,Kings,031,150075,0,0,0,0,0
2020-02-02,Lake,033,64148,0,0,0,0,0
2020-02-02,Lassen,035,31185,0,0,0,0,0
2020-02-02,Los Angeles,037,10098052,13,1,0,1,0
2020-02-02,Madera,039,155013,0,0,0,0,0
2020-02-02,Marin,041,260295,0,0,0,0,0
2020-02-02,Mariposa,043,17540,0,0,0,0,0
2020-02-02,Mendocino,045,87422,0,0,0,0,0
2020-02-02,Merced,047,269075,0,0,0,0,0
2020-02-02,Modoc,049,8938,0,0,0,0,0
2020-02-02,Mono,051,14174,0,0,0,0,0
2020-02-02,Monterey,053,433212,0,0,0,0,0
2020-02-02,Napa,055,140530,0,0,0,0,0
2020-02-02,Nevada,057,99092,0,0,0,0,0
2020-02-02,Orange,059,3164182,1,1,0,1,0
2020-02-02,Placer,061,380077,0,0,0,0,0
2020-02-02,Plumas,063,18699,0,0,0,0,0
2020-02-02,Riverside,065,2383286,3,0,0,0,0
2020-02-02,Sacramento,067,1510023,0,0,0,0,0
2020-02-02,San Benito,069,59416,0,2,0,2,0
2020-02-02,San Bernardino,071,2135413,2,0,0,0,0
2020-02-02,San Diego,073,3302833,0,0,0,0,0
2020-02-02,San Francisco,075,870044,1,0,0,0,0
2020-02-02,San Joaquin,077,732212,0,0,1,1,0
2020-02-02,San Luis Obispo,079,281455,0,0,0,0,0
2020-02-02,San Mateo,081,765935,0,0,0,0,0
2020-02-02,Santa Barbara,083,443738,0,0,0,0,0
2020-02-02,Santa Clara,085,1922200,2,2,0,2,0
2020-02-02,Santa Cruz,087,273765,0,0,0,0,0
2020-02-02,Shasta,089,179085,0,0,0,0,0
2020-02-02,Sierra,091,2930,0,0,0,0,0
2020-02-02,Siskiyou,093,43540,0,0,0,0,0
2020-02-02,Solano,095,438530,0,0,0,0,0
2020-02-02,Sonoma,097,501317,0,0,0,0,0
2020-02-02,Stanislaus,099,539301,0,0,0,0,0
2020-02-02,Sutter,101,95872,0,0,0,0,0
2020-02-02,Tehama,103,63373,0,0,0,0,0
2020-02-02,Trinity,105,12862,0,0,0,0,0
2020-02-02,Tulare,107,460477,2,0,0,0,0
2020-02-02,Tuolumne,109,53932,0,0,0,0,0
2020-02-02,Ventura,111,848112,0,0,0,0,0
2020-02-02,Yolo,113,214977,1,0,0,0,0
2020-02-02,Yuba,115,75493,0,0,0,0,0
2020-02-01,Alameda,001,1643700,3,0,0,0,0
2020-02-01,Alpine,003,1148,0,0,0,0,0
2020-02-01,Amador,005,37829,0,0,0,0,0
2020-02-01,Butte,007,227075,0,0,0,0,0
2020-02-01,Calaveras,009,45235,0,0,0,0,0
2020-02-01,Colusa,011,21464,0,0,0,0,0
2020-02-01,Contra Costa,013,1133247,0,0,0,0,0
2020-02-01,Del Norte,015,27424,0,0,0,0,0
2020-02-01,El Dorado,017,186661,0,0,0,0,0
2020-02-01,Fresno,019,978130,0,0,0,0,0
2020-02-01,Glenn,021,27897,0,0,0,0,0
2020-02-01,Humboldt,023,135768,0,0,0,0,0
2020-02-01,Imperial,025,180216,0,0,0,0,0
2020-02-01,Inyo,027,18085,0,0,0,0,0
2020-02-01,Kern,029,883053,0,0,0,0,0
2020-02-01,Kings,031,150075,0,0,0,0,0
2020-02-01,Lake,033,64148,0,0,0,0,0
2020-02-01,Lassen,035,31185,0,0,0,0,0
2020-02-01,Los Angeles,037,10098052,12,1,0,1,0
2020-02-01,Madera,039,155013,0,0,0,0,0
2020-02-01,Marin,041,260295,0,0,0,0,0
2020-02-01,Mariposa,043,17540,0,0,0,0,0
2020-02-01,Mendocino,045,87422,0,0,0,0,0
2020-02-01,Merced,047,269075,0,0,0,0,0
2020-02-01,Modoc,049,8938,0,0,0,0,0
2020-02-01,Mono,051,14174,0,0,0,0,0
2020-02-01,Monterey,053,433212,0,0,0,0,0
2020-02-01,Napa,055,140530,0,0,0,0,0
2020-02-01,Nevada,057,99092,0,0,0,0,0
2020-02-01,Orange,059,3164182,1,1,0,1,0
2020-02-01,Placer,061,380077,0,0,0,0,0
2020-02-01,Plumas,063,18699,0,0,0,0,0
2020-02-01,Riverside,065,2383286,2,0,0,0,0
2020-02-01,Sacramento,067,1510023,0,0,0,0,0
2020-02-01,San Benito,069,59416,0,0,0,0,0
2020-02-01,San Bernardino,071,2135413,1,0,0,0,0
2020-02-01,San Diego,073,3302833,0,0,0,0,0
2020-02-01,San Francisco,075,870044,1,0,0,0,0
2020-02-01,San Joaquin,077,732212,0,0,1,1,0
2020-02-01,San Luis Obispo,079,281455,0,0,0,0,0
2020-02-01,San Mateo,081,765935,0,0,0,0,0
2020-02-01,Santa Barbara,083,443738,0,0,0,0,0
2020-02-01,Santa Clara,085,1922200,2,1,0,1,0
2020-02-01,Santa Cruz,087,273765,0,0,0,0,0
2020-02-01,Shasta,089,179085,0,0,0,0,0
2020-02-01,Sierra,091,2930,0,0,0,0,0
2020-02-01,Siskiyou,093,43540,0,0,0,0,0
2020-02-01,Solano,095,438530,0,0,0,0,0
2020-02-01,Sonoma,097,501317,0,0,0,0,0
2020-02-01,Stanislaus,099,539301,0,0,0,0,0
2020-02-01,Sutter,101,95872,0,0,0,0,0
2020-02-01,Tehama,103,63373,0,0,0,0,0
2020-02-01,Trinity,105,12862,0,0,0,0,0
2020-02-01,Tulare,107,460477,1,0,0,0,0
2020-02-01,Tuolumne,109,53932,0,0,0,0,0
2020-02-01,Ventura,111,848112,0,0,0,0,0
2020-02-01,Yolo,113,214977,0,0,0,0,0
2020-02-01,Yuba,115,75493,0,0,0,0,0
